,0,1,2,3,4,5,6,7,8,9,10,11,12,13,14,15,16,17,18,19,20,21,22,23,24,25,26,27,28,29,30,31,32,33,34,35,36,37,38,39,40,41,42,43,44,45,46,47,48,49,50,51,52,53,54,55,56,57,58,59,60,61,62,63,64,65,66,67,68,69,70,71,72,73,74,75,76,77,78,79,80,81,82,83,84,85,86,87,88,89,90,91,92,93,94,95,96,97,98,99,100,101,102,103,104,105,106,107,108,109,110,111,112,113,114,115,116,117,118,119,120,121,122,123,124,125,126,127,128,129,130,131,132,133,134,135,136,137,138,139,140,141,142,143,144,145,146,147,148,149,150,151,152,153,154,155,156,157,158,159,160,161,162,163,164,165,166,167,168,169,170,171,172,173,174,175,176,177,178,179,180,181,182,183,184,185,186,187,188,189,190,191,192,193,194,195,196,197,198,199,200,201,202,203,204,205,206,207,208,209,210,211,212,213,214,215,216,217,218,219,220,221,222,223,224,225,226,227,228,229,230,231,232,233,234,235,236,237,238,239,240,241,242,243,244,245,246,247,248,249,250,251,252,253,254,255,256,257,258,259,260,261,262,263,264,265,266,267,268,269,270,271,272,273,274,275,276,277,278,279,280,281,282,283,284,285,286,287,288,289,290,291,292,293,294,295,296,297,298,299,300,301,302,303,304,305,306,307,308,309,310,311,312,313,314,315,316,317,318,319,320,321,322,323,324,325,326,327,328,329,330,331,332,333,334,335,336,337,338,339,340,341,342,343,344,345,346,347,348,349,350,351,352,353,354,355,356,357,358,359,360,361,362,363,364,365,366,367,368,369,370,371,372,373,374,375,376,377,378,379,380,381,382,383,384,385,386,387,388,389,390,391,392,393,394,395,396,397,398,399,400,401,402,403,404,405,406,407,408,409,410,411,412,413,414,415,416,417,418,419,420,421,422,423,424,425,426,427,428,429,430,431,432,433,434,435,436,437,438,439,440,441,442,443,444,445,446,447,448,449,450,451,452,453,454,455,456,457,458,459,460,461,462,463,464,465,466,467,468,469,470,471,472,473,474,475,476,477,478,479,480,481,482,483,484,485,486,487,488,489,490,491,492,493,494,495,496,497,498,499,500,501,502,503,504,505,506,507,508,509,510,511,512,513,514,515,516,517,518,519,520,521,522,523,524,525,526,527,528,529,530,531,532,533,534,535,536,537,538,539,540,541,542,543,544,545,546,547,548,549,550,551,552,553,554,555,556,557,558,559,560,561,562,563,564,565,566,567,568,569,570,571,572,573,574,575,576,577,578,579,580,581,582,583,584,585,586,587,588,589,590,591,592,593,594,595,596,597,598,599,600,601,602,603,604,605,606,607,608,609,610,611,612,613,614,615,616,617,618,619,620,621,622,623,624,625,626,627,628,629,630,631,632,633,634,635,636,637,638,639,640,641,642,643,644,645,646,647,648,649,650,651,652,653,654,655,656,657,658,659,660,661,662,663,664,665,666,667,668,669,670,671,672,673,674,675,676,677,678,679,680,681,682,683,684,685,686,687,688,689,690,691,692,693,694,695,696,697,698,699,700,701,702,703,704,705,706,707,708,709,710,711,712,713,714,715,716,717,718,719,720,721,722,723,724,725,726,727,728,729,730,731,732,733,734,735,736,737,738,739,740,741,742,743,744,745,746,747,748,749,750,751,752,753,754,755,756,757,758,759,760,761,762,763,764,765,766,767,768,769,770,771,772,773,774,775,776,777,778,779,780,781,782,783,784,785,786,787,788,789,790,791,792,793,794,795,796,797,798,799,800,801,802,803,804,805,806,807,808,809,810,811,812,813,814,815,816,817,818,819,820,821,822,823,824,825,826,827,828,829,830,831,832,833,834,835,836,837,838,839,840,841,842,843,844,845,846,847,848,849,850,851,852,853,854,855,856,857,858,859,860,861,862,863,864,865,866,867,868,869,870,871,872,873,874,875,876,877,878,879,880,881,882,883,884,885,886,887,888,889,890,891,892,893,894,895,896,897,898,899,900,901,902,903,904,905,906,907,908,909,910,911,912,913,914,915,916,917,918,919,920,921,922,923,924,925,926,927,928,929,930,931,932,933,934,935,936,937,938,939,940,941,942,943,944,945,946,947,948,949,950,951,952,953,954,955,956,957,958,959,960,961,962,963,964,965,966,967,968,969,970,971,972,973,974,975,976,977,978,979,980,981,982,983,984,985,986,987,988,989,990,991,992,993,994,995,996,997,998,999,1000,1001,1002,1003,1004,1005,1006,1007,1008,1009,1010,1011,1012,1013,1014,1015,1016,1017,1018,1019,1020,1021,1022,1023,1024,1025,1026,1027,1028,1029,1030,1031,1032,1033,1034,1035,1036,1037,1038,1039,1040,1041,1042,1043,1044,1045,1046,1047,1048,1049,1050,1051,1052,1053,1054,1055,1056,1057,1058,1059,1060,1061,1062,1063,1064,1065,1066,1067,1068,1069,1070,1071,1072,1073,1074,1075,1076,1077,1078,1079,1080,1081,1082,1083,1084,1085,1086,1087,1088,1089,1090,1091,1092,1093,1094,1095,1096,1097,1098,1099,1100,1101,1102,1103,1104,1105,1106,1107,1108,1109,1110,1111,1112,1113,1114,1115,1116,1117,1118,1119,1120,1121,1122,1123,1124,1125,1126,1127,1128,1129,1130,1131,1132,1133,1134,1135,1136,1137,1138,1139,1140,1141,1142,1143,1144,1145,1146,1147,1148,1149,1150,1151,1152,1153,1154,1155,1156,1157,1158,1159,1160,1161,1162,1163,1164,1165,1166,1167,1168,1169,1170,1171,1172,1173,1174,1175,1176,1177,1178,1179,1180,1181,1182,1183,1184,1185,1186,1187,1188,1189,1190,1191,1192,1193,1194,1195,1196,1197,1198,1199,1200,1201,1202,1203,1204,1205,1206,1207,1208,1209,1210,1211,1212,1213,1214,1215,1216,1217,1218,1219,1220,1221,1222,1223,1224,1225,1226,1227,1228,1229,1230,1231,1232,1233,1234,1235,1236,1237,1238,1239,1240,1241,1242,1243,1244,1245,1246,1247,1248,1249,1250,1251,1252,1253,1254,1255,1256,1257,1258,1259,1260,1261,1262,1263,1264,1265,1266,1267,1268,1269,1270,1271,1272,1273,1274,1275,1276,1277,1278,1279,1280,1281,1282,1283,1284,1285,1286,1287,1288,1289,1290,1291,1292,1293,1294,1295,1296,1297,1298,1299,1300,1301,1302,1303,1304,1305,1306,1307,1308,1309,1310,1311,1312,1313,1314,1315,1316,1317,1318,1319,1320,1321,1322,1323,1324,1325,1326,1327,1328,1329,1330,1331,1332,1333,1334,1335,1336,1337,1338,1339,1340,1341,1342,1343,1344,1345,1346,1347,1348,1349,1350,1351,1352,1353,1354,1355,1356,1357,1358,1359,1360,1361,1362,1363,1364,1365,1366,1367,1368,1369,1370,1371,1372,1373,1374,1375,1376,1377,1378,1379,1380,1381,1382,1383,1384,1385,1386,1387,1388,1389,1390,1391,1392,1393,1394,1395,1396,1397,1398,1399,1400,1401,1402,1403,1404,1405,1406,1407,1408,1409,1410,1411,1412,1413,1414,1415,1416,1417,1418,1419,1420,1421,1422,1423,1424,1425,1426,1427,1428,1429,1430,1431,1432,1433,1434,1435,1436,1437,1438,1439,1440,1441,1442,1443,1444,1445,1446,1447,1448,1449,1450,1451,1452,1453,1454,1455,1456,1457,1458,1459,1460,1461,1462,1463,1464,1465,1466,1467,1468,1469,1470,1471,1472,1473,1474,1475,1476,1477,1478,1479,1480,1481,1482,1483,1484,1485,1486,1487,1488,1489,1490,1491,1492,1493,1494,1495,1496,1497,1498,1499,1500,1501,1502,1503,1504,1505,1506,1507,1508,1509,1510,1511,1512,1513,1514,1515,1516,1517,1518,1519,1520,1521,1522,1523,1524,1525,1526,1527,1528,1529,1530,1531,1532,1533,1534,1535,1536,1537,1538,1539,1540,1541,1542,1543,1544,1545,1546,1547,1548,1549,1550,1551,1552,1553,1554,1555,1556,1557,1558,1559,1560,1561,1562,1563,1564,1565,1566,1567,1568,1569,1570,1571,1572,1573,1574,1575,1576,1577,1578,1579,1580,1581,1582,1583,1584,1585,1586,1587,1588,1589,1590,1591,1592,1593,1594,1595,1596,1597,1598,1599,1600,1601,1602,1603,1604,1605,1606,1607,1608,1609,1610,1611,1612,1613,1614,1615,1616,1617,1618,1619,1620,1621,1622,1623,1624,1625,1626,1627,1628,1629,1630,1631,1632,1633,1634,1635,1636,1637,1638,1639,1640,1641,1642,1643,1644,1645,1646,1647,1648,1649,1650,1651,1652,1653,1654,1655,1656,1657,1658,1659,1660,1661,1662,1663,1664,1665,1666,1667,1668,1669,1670,1671,1672,1673,1674,1675,1676,1677,1678,1679,1680,1681,1682,1683,1684,1685,1686,1687,1688,1689,1690,1691,1692,1693,1694,1695,1696,1697,1698,1699,1700,1701,1702,1703,1704,1705,1706,1707,1708,1709,1710,1711,1712,1713,1714,1715,1716,1717,1718,1719,1720,1721,1722,1723,1724,1725,1726,1727,1728,1729,1730,1731,1732,1733,1734,1735,1736,1737,1738,1739,1740,1741,1742,1743,1744,1745,1746,1747,1748,1749,1750,1751,1752,1753,1754,1755,1756,1757,1758,1759,1760,1761,1762,1763,1764,1765,1766,1767,1768,1769,1770,1771,1772,1773,1774,1775,1776,1777,1778,1779,1780,1781,1782,1783,1784,1785,1786,1787,1788,1789,1790,1791,1792,1793,1794,1795,1796,1797,1798,1799,1800,1801,1802,1803,1804,1805,1806,1807,1808,1809,1810,1811,1812,1813,1814,1815,1816,1817,1818,1819,1820,1821,1822,1823,1824,1825,1826,1827,1828,1829,1830,1831,1832,1833,1834,1835,1836,1837,1838,1839,1840,1841,1842,1843,1844,1845,1846,1847,1848,1849,1850,1851,1852,1853,1854,1855,1856,1857,1858,1859,1860,1861,1862,1863,1864,1865,1866,1867,1868,1869,1870,1871,1872,1873,1874,1875,1876,1877,1878,1879,1880,1881,1882,1883,1884,1885,1886,1887,1888,1889,1890,1891,1892,1893,1894,1895,1896,1897,1898,1899,1900,1901,1902,1903,1904,1905,1906,1907,1908,1909,1910,1911,1912,1913,1914,1915,1916,1917,1918,1919,1920,1921,1922,1923,1924,1925,1926,1927,1928,1929,1930,1931,1932,1933,1934,1935,1936,1937,1938,1939,1940,1941,1942,1943,1944,1945,1946,1947,1948,1949,1950,1951,1952,1953,1954,1955,1956,1957,1958,1959,1960,1961,1962,1963,1964,1965,1966,1967,1968,1969,1970,1971,1972,1973,1974,1975,1976,1977,1978,1979,1980,1981,1982,1983,1984,1985,1986,1987,1988,1989,1990,1991,1992,1993,1994,1995,1996,1997,1998,1999,2000,2001,2002
0,0.0900302333467875,0.09003023334678747,0.0900302333467875,0.09003023334678747,0.0900302333467875,0.09003023334678747,0.0900302333467875,0.09003023334678747,0.0900302333467875,0.09003023334678747,0.0900302333467875,0.09003023334678747,0.0900302333467875,0.09003023334678747,0.0900302333467875,0.09003023334678747,0.0900302333467875,0.09003023334678747,0.09003023334678747,0.09003023334678747,0.09003023334678747,0.09003023334678747,0.09003023334678747,0.09003023334678747,0.09003023334678747,0.09003023334678747,0.09003023334678747,0.09003023334678747,0.09003023334678747,0.09003023334678747,0.09003023334678747,0.09003023334678747,0.09003023334678747,0.09003023334678747,0.09003023334678747,0.09003023334678747,0.09003023334678747,0.09003023334678747,0.09003023334678747,0.09003023334678747,0.09003023334678747,0.09003023334678747,0.09003023334678747,0.09003023334678747,0.09003023334678747,0.09003023334678747,0.09003023334678747,0.09003023334678747,0.09003023334678747,0.09003023334678747,0.09003023334678747,0.09003023334678747,0.09003023334678747,0.09003023334678747,0.09003023334678747,0.09003023334678747,0.09003023334678747,0.09003023334678747,0.09003023334678747,0.09003023334678747,0.09003023334678747,0.09003023334678747,0.09003023334678747,0.09003023334678747,0.09003023334678747,0.09003023334678747,0.09003023334678747,0.09003023334678747,0.09003023334678747,0.09003023334678747,0.09003023334678747,0.09003023334678747,0.09003023334678747,0.09003023334678747,0.09003023334678747,0.09003023334678747,0.09003023334678747,0.09003023334678747,0.09003023334678747,0.09003023334678747,0.09003023334678747,0.09003023334678747,0.09003023334678747,0.09003023334678747,0.09003023334678747,0.09003023334678747,0.09003023334678747,0.09003023334678747,0.09003023334678747,0.09003023334678747,0.09003023334678747,0.09003023334678747,0.09003023334678747,0.09003023334678747,0.09003023334678747,0.09003023334678747,0.09003023334678747,0.09003023334678747,0.09003023334678747,0.09003023334678747,0.09003023334678747,0.09003023334678747,0.09003023334678747,0.09003023334678747,0.09003023334678747,0.09003023334678747,0.09003023334678747,0.09003023334678747,0.09003023334678747,0.09003023334678747,0.09003023334678747,0.09003023334678747,0.09003023334678747,0.09003023334678747,0.09003023334678747,0.09003023334678747,0.09003023334678747,0.09003023334678747,0.09003023334678747,0.09003023334678747,0.09003023334678747,0.09003023334678747,0.09003023334678747,0.09003023334678747,0.09003023334678747,0.09003023334678747,0.09003023334678747,0.09003023334678747,0.09003023334678747,0.09003023334678747,0.09003023334678747,0.09003023334678747,0.09003023334678747,0.09003023334678747,0.09003023334678747,0.09003023334678747,0.09003023334678747,0.09003023334678747,0.09003023334678747,0.09003023334678747,0.09003023334678747,0.09003023334678747,0.09003023334678747,0.09003023334678747,0.09003023334678747,0.09003023334678747,0.09003023334678747,0.09003023334678747,0.09003023334678747,0.09003023334678747,0.09003023334678747,0.09003023334678747,0.09003023334678747,0.09003023334678747,0.09003023334678747,0.09003023334678747,0.09003023334678747,0.09003023334678747,0.09003023334678747,0.09003023334678747,0.09003023334678747,0.09003023334678747,0.09003023334678747,0.09003023334678747,0.09003023334678747,0.09003023334678747,0.09003023334678747,0.09003023334678747,0.09003023334678747,0.09003023334678747,0.09003023334678747,0.09003023334678747,0.09003023334678747,0.09003023334678747,0.09003023334678747,0.09003023334678747,0.09003023334678747,0.09003023334678747,0.09003023334678747,0.09003023334678747,0.09003023334678747,0.09003023334678747,0.09003023334678747,0.09003023334678747,0.09003023334678747,0.09003023334678747,0.09003023334678747,0.09003023334678747,0.09003023334678747,0.09003023334678747,0.09003023334678747,0.09003023334678747,0.09003023334678747,0.09003023334678747,0.09003023334678747,0.09003023334678747,0.09003023334678747,0.09003023334678747,0.09003023334678747,0.09003023334678747,0.09003023334678747,0.09003023334678747,0.09003023334678747,0.09003023334678747,0.09003023334678747,0.09003023334678747,0.09003023334678747,0.09003023334678747,0.09003023334678747,0.09003023334678747,0.09003023334678747,0.09003023334678747,0.09003023334678747,0.09003023334678747,0.09003023334678747,0.09003023334678747,0.09003023334678747,0.09003023334678747,0.09003023334678747,0.09003023334678747,0.09003023334678747,0.09003023334678747,0.09003023334678747,0.09003023334678747,0.09003023334678747,0.09003023334678747,0.09003023334678747,0.09003023334678747,0.09003023334678747,0.09003023334678747,0.09003023334678747,0.09003023334678747,0.09003023334678747,0.09003023334678747,0.09003023334678747,0.09003023334678747,0.09003023334678747,0.09003023334678747,0.09003023334678747,0.09003023334678747,0.09003023334678747,0.09003023334678747,0.09003023334678747,0.09003023334678747,0.09003023334678747,0.09003023334678747,0.09003023334678747,0.09003023334678747,0.09003023334678747,0.09003023334678747,0.09003023334678747,0.09003023334678747,0.09003023334678747,0.09003023334678747,0.09003023334678747,0.09003023334678747,0.09003023334678747,0.09003023334678747,0.09003023334678747,0.09003023334678747,0.09003023334678747,0.09003023334678747,0.09003023334678747,0.09003023334678747,0.09003023334678747,0.09003023334678747,0.09003023334678747,0.09003023334678747,0.09003023334678747,0.09003023334678747,0.09003023334678747,0.09003023334678747,0.09003023334678747,0.09003023334678747,0.09003023334678747,0.09003023334678747,0.09003023334678747,0.09003023334678747,0.09003023334678747,0.09003023334678747,0.09003023334678747,0.09003023334678747,0.09003023334678747,0.09003023334678747,0.09003023334678747,0.09003023334678747,0.09003023334678747,0.09003023334678747,0.09003023334678747,0.09003023334678747,0.09003023334678747,0.09003023334678747,0.09003023334678747,0.09003023334678747,0.09003023334678747,0.09003023334678747,0.09003023334678747,0.09003023334678747,0.09003023334678747,0.09003023334678747,0.09003023334678747,0.09003023334678747,0.09003023334678747,0.09003023334678747,0.09003023334678747,0.09003023334678747,0.09003023334678747,0.09003023334678747,0.09003023334678747,0.09003023334678747,0.09003023334678747,0.09003023334678747,0.09003023334678747,0.09003023334678747,0.09003023334678747,0.09003023334678747,0.09003023334678747,0.09003023334678747,0.09003023334678747,0.09003023334678747,0.09003023334678747,0.09003023334678747,0.09003023334678747,0.09003023334678747,0.09003023334678747,0.09003023334678747,0.09003023334678747,0.09003023334678747,0.09003023334678747,0.09003023334678747,0.09003023334678747,0.09003023334678747,0.09003023334678747,0.09003023334678747,0.09003023334678747,0.09003023334678747,0.09003023334678747,0.09003023334678747,0.09003023334678747,0.09003023334678747,0.09003023334678747,0.09003023334678747,0.09003023334678747,0.09003023334678747,0.09003023334678747,0.09003023334678747,0.09003023334678747,0.09003023334678747,0.09003023334678747,0.09003023334678747,0.09003023334678747,0.09003023334678747,0.09003023334678747,0.09003023334678747,0.09003023334678747,0.09003023334678747,0.09003023334678747,0.09003023334678747,0.09003023334678747,0.09003023334678747,0.09003023334678747,0.09003023334678747,0.09003023334678747,0.09003023334678747,0.09003023334678747,0.09003023334678747,0.09003023334678747,0.09003023334678747,0.09003023334678747,0.09003023334678747,0.09003023334678747,0.09003023334678747,0.09003023334678747,0.09003023334678747,0.09003023334678747,0.09003023334678747,0.09003023334678747,0.09003023334678747,0.09003023334678747,0.09003023334678747,0.09003023334678747,0.09003023334678747,0.09003023334678747,0.09003023334678747,0.09003023334678747,0.09003023334678747,0.09003023334678747,0.09003023334678747,0.09003023334678747,0.09003023334678747,0.09003023334678747,0.09003023334678747,0.09003023334678747,0.09003023334678747,0.09003023334678747,0.09003023334678747,0.09003023334678747,0.09003023334678747,0.09003023334678747,0.09003023334678747,0.09003023334678747,0.09003023334678747,0.09003023334678747,0.09003023334678747,0.09003023334678747,0.09003023334678747,0.09003023334678747,0.09003023334678747,0.09003023334678747,0.09003023334678747,0.09003023334678747,0.09003023334678747,0.09003023334678747,0.09003023334678747,0.09003023334678747,0.09003023334678747,0.09003023334678747,0.09003023334678747,0.09003023334678747,0.09003023334678747,0.09003023334678747,0.09003023334678747,0.09003023334678747,0.09003023334678747,0.09003023334678747,0.09003023334678747,0.09003023334678747,0.09003023334678747,0.09003023334678747,0.09003023334678747,0.09003023334678747,0.09003023334678747,0.09003023334678747,0.09003023334678747,0.09003023334678747,0.09003023334678747,0.09003023334678747,0.09003023334678747,0.09003023334678747,0.09003023334678747,0.09003023334678747,0.09003023334678747,0.09003023334678747,0.09003023334678747,0.09003023334678747,0.09003023334678747,0.09003023334678747,0.09003023334678747,0.09003023334678747,0.09003023334678747,0.09003023334678747,0.09003023334678747,0.09003023334678747,0.09003023334678747,0.09003023334678747,0.09003023334678747,0.09003023334678747,0.09003023334678747,0.09003023334678747,0.09003023334678747,0.09003023334678747,0.09003023334678747,0.09003023334678747,0.09003023334678747,0.09003023334678747,0.09003023334678747,0.09003023334678747,0.09003023334678747,0.09003023334678747,0.09003023334678747,0.09003023334678747,0.09003023334678747,0.09003023334678747,0.09003023334678747,0.09003023334678747,0.09003023334678747,0.09003023334678747,0.09003023334678747,0.09003023334678747,0.09003023334678747,0.09003023334678747,0.09003023334678747,0.09003023334678747,0.09003023334678747,0.09003023334678747,0.09003023334678747,0.09003023334678747,0.09003023334678747,0.09003023334678747,0.09003023334678747,0.09003023334678747,0.09003023334678747,0.09003023334678747,0.09003023334678747,0.09003023334678747,0.09003023334678747,0.09003023334678747,0.09003023334678747,0.09003023334678747,0.09003023334678747,0.09003023334678747,0.09003023334678747,0.09003023334678747,0.09003023334678747,0.09003023334678747,0.09003023334678747,0.09003023334678747,0.09003023334678747,0.09003023334678747,0.09003023334678747,0.09003023334678747,0.09003023334678747,0.09003023334678747,0.09003023334678747,0.09003023334678747,0.09003023334678747,0.09003023334678747,0.09003023334678747,0.09003023334678747,0.09003023334678747,0.09003023334678747,0.09003023334678747,0.09003023334678747,0.09003023334678747,0.09003023334678747,0.09003023334678747,0.09003023334678747,0.09003023334678747,0.09003023334678747,0.09003023334678747,0.09003023334678747,0.09003023334678747,0.09003023334678747,0.09003023334678747,0.09003023334678747,0.09003023334678747,0.09003023334678747,0.09003023334678747,0.09003023334678747,0.09003023334678747,0.09003023334678747,0.09003023334678747,0.09003023334678747,0.09003023334678747,0.09003023334678747,0.09003023334678747,0.09003023334678747,0.09003023334678747,0.09003023334678747,0.09003023334678747,0.09003023334678747,0.09003023334678747,0.09003023334678747,0.09003023334678747,0.09003023334678747,0.09003023334678747,0.09003023334678747,0.09003023334678747,0.09003023334678747,0.09003023334678747,0.09003023334678747,0.09003023334678747,0.09003023334678747,0.09003023334678747,0.09003023334678747,0.09003023334678747,0.09003023334678747,0.09003023334678747,0.09003023334678747,0.09003023334678747,0.09003023334678747,0.09003023334678747,0.09003023334678747,0.09003023334678747,0.09003023334678747,0.09003023334678747,0.09003023334678747,0.09003023334678747,0.09003023334678747,0.09003023334678747,0.09003023334678747,0.09003023334678747,0.09003023334678747,0.09003023334678747,0.09003023334678747,0.09003023334678747,0.09003023334678747,0.09003023334678747,0.09003023334678747,0.09003023334678747,0.09003023334678747,0.09003023334678747,0.09003023334678747,0.09003023334678747,0.09003023334678747,0.09003023334678747,0.09003023334678747,0.09003023334678747,0.09003023334678747,0.09003023334678747,0.09003023334678747,0.09003023334678747,0.09003023334678747,0.09003023334678747,0.09003023334678747,0.09003023334678747,0.09003023334678747,0.09003023334678747,0.09003023334678747,0.09003023334678747,0.09003023334678747,0.09003023334678747,0.09003023334678747,0.09003023334678747,0.09003023334678747,0.09003023334678747,0.09003023334678747,0.09003023334678747,0.09003023334678747,0.09003023334678747,0.09003023334678747,0.09003023334678747,0.09003023334678747,0.09003023334678747,0.09003023334678747,0.09003023334678747,0.09003023334678747,0.09003023334678747,0.09003023334678747,0.09003023334678747,0.09003023334678747,0.09003023334678747,0.09003023334678747,0.09003023334678747,0.09003023334678747,0.09003023334678747,0.09003023334678747,0.09003023334678747,0.09003023334678747,0.09003023334678747,0.09003023334678747,0.09003023334678747,0.09003023334678747,0.09003023334678747,0.09003023334678747,0.09003023334678747,0.09003023334678747,0.09003023334678747,0.09003023334678747,0.09003023334678747,0.09003023334678747,0.09003023334678747,0.09003023334678747,0.09003023334678747,0.09003023334678747,0.09003023334678747,0.09003023334678747,0.09003023334678747,0.09003023334678747,0.09003023334678747,0.09003023334678747,0.09003023334678747,0.09003023334678747,0.09003023334678747,0.09003023334678747,0.09003023334678747,0.09003023334678747,0.09003023334678747,0.09003023334678747,0.09003023334678747,0.09003023334678747,0.09003023334678747,0.09003023334678747,0.09003023334678747,0.09003023334678747,0.09003023334678747,0.09003023334678747,0.09003023334678747,0.09003023334678747,0.09003023334678747,0.09003023334678747,0.09003023334678747,0.09003023334678747,0.09003023334678747,0.09003023334678747,0.09003023334678747,0.09003023334678747,0.09003023334678747,0.09003023334678747,0.09003023334678747,0.09003023334678747,0.09003023334678747,0.09003023334678747,0.09003023334678747,0.09003023334678747,0.09003023334678747,0.09003023334678747,0.09003023334678747,0.09003023334678747,0.09003023334678747,0.09003023334678747,0.09003023334678747,0.09003023334678747,0.09003023334678747,0.09003023334678747,0.09003023334678747,0.09003023334678747,0.09003023334678747,0.09003023334678747,0.09003023334678747,0.09003023334678747,0.09003023334678747,0.09003023334678747,0.09003023334678747,0.09003023334678747,0.09003023334678747,0.09003023334678747,0.09003023334678747,0.09003023334678747,0.09003023334678747,0.09003023334678747,0.09003023334678747,0.09003023334678747,0.09003023334678747,0.09003023334678747,0.09003023334678747,0.09003023334678747,0.09003023334678747,0.09003023334678747,0.09003023334678747,0.09003023334678747,0.09003023334678747,0.09003023334678747,0.09003023334678747,0.09003023334678747,0.09003023334678747,0.09003023334678747,0.09003023334678747,0.09003023334678747,0.09003023334678747,0.09003023334678747,0.09003023334678747,0.09003023334678747,0.09003023334678747,0.09003023334678747,0.09003023334678747,0.09003023334678747,0.09003023334678747,0.09003023334678747,0.09003023334678747,0.09003023334678747,0.09003023334678747,0.09003023334678747,0.09003023334678747,0.09003023334678747,0.09003023334678747,0.09003023334678747,0.09003023334678747,0.09003023334678747,0.09003023334678747,0.09003023334678747,0.09003023334678747,0.09003023334678747,0.09003023334678747,0.09003023334678747,0.09003023334678747,0.09003023334678747,0.09003023334678747,0.09003023334678747,0.09003023334678747,0.09003023334678747,0.09003023334678747,0.09003023334678747,0.09003023334678747,0.09003023334678747,0.09003023334678747,0.09003023334678747,0.09003023334678747,0.09003023334678747,0.09003023334678747,0.09003023334678747,0.09003023334678747,0.09003023334678747,0.09003023334678747,0.09003023334678747,0.09003023334678747,0.09003023334678747,0.09003023334678747,0.09003023334678747,0.09003023334678747,0.09003023334678747,0.09003023334678747,0.09003023334678747,0.09003023334678747,0.09003023334678747,0.09003023334678747,0.09003023334678747,0.09003023334678747,0.09003023334678747,0.09003023334678747,0.09003023334678747,0.09003023334678747,0.09003023334678747,0.09003023334678747,0.09003023334678747,0.09003023334678747,0.09003023334678747,0.09003023334678747,0.09003023334678747,0.09003023334678747,0.09003023334678747,0.09003023334678747,0.09003023334678747,0.09003023334678747,0.09003023334678747,0.09003023334678747,0.09003023334678747,0.09003023334678747,0.09003023334678747,0.09003023334678747,0.09003023334678747,0.09003023334678747,0.09003023334678747,0.09003023334678747,0.09003023334678747,0.09003023334678747,0.09003023334678747,0.09003023334678747,0.09003023334678747,0.09003023334678747,0.09003023334678747,0.09003023334678747,0.09003023334678747,0.09003023334678747,0.09003023334678747,0.09003023334678747,0.09003023334678747,0.09003023334678747,0.09003023334678747,0.09003023334678747,0.09003023334678747,0.09003023334678747,0.09003023334678747,0.09003023334678747,0.09003023334678747,0.09003023334678747,0.09003023334678747,0.09003023334678747,0.09003023334678747,0.09003023334678747,0.09003023334678747,0.09003023334678747,0.09003023334678747,0.09003023334678747,0.09003023334678747,0.09003023334678747,0.09003023334678747,0.09003023334678747,0.09003023334678747,0.09003023334678747,0.09003023334678747,0.09003023334678747,0.09003023334678747,0.09003023334678747,0.09003023334678747,0.09003023334678747,0.09003023334678747,0.09003023334678747,0.09003023334678747,0.09003023334678747,0.09003023334678747,0.09003023334678747,0.09003023334678747,0.09003023334678747,0.09003023334678747,0.09003023334678747,0.09003023334678747,0.09003023334678747,0.09003023334678747,0.09003023334678747,0.09003023334678747,0.09003023334678747,0.09003023334678747,0.09003023334678747,0.09003023334678747,0.09003023334678747,0.09003023334678747,0.09003023334678747,0.09003023334678747,0.09003023334678747,0.09003023334678747,0.09003023334678747,0.09003023334678747,0.09003023334678747,0.09003023334678747,0.09003023334678747,0.09003023334678747,0.09003023334678747,0.09003023334678747,0.09003023334678747,0.09003023334678747,0.09003023334678747,0.09003023334678747,0.09003023334678747,0.09003023334678747,0.09003023334678747,0.09003023334678747,0.09003023334678747,0.09003023334678747,0.09003023334678747,0.09003023334678747,0.09003023334678747,0.09003023334678747,0.09003023334678747,0.09003023334678747,0.09003023334678747,0.09003023334678747,0.09003023334678747,0.09003023334678747,0.09003023334678747,0.09003023334678747,0.09003023334678747,0.09003023334678747,0.09003023334678747,0.09003023334678747,0.09003023334678747,0.09003023334678747,0.09003023334678747,0.09003023334678747,0.09003023334678747,0.09003023334678747,0.09003023334678747,0.09003023334678747,0.09003023334678747,0.09003023334678747,0.09003023334678747,0.09003023334678747,0.09003023334678747,0.09003023334678747,0.09003023334678747,0.09003023334678747,0.09003023334678747,0.09003023334678747,0.09003023334678747,0.09003023334678747,0.09003023334678747,0.09003023334678747,0.09003023334678747,0.09003023334678747,0.09003023334678747,0.09003023334678747,0.09003023334678747,0.09003023334678747,0.09003023334678747,0.09003023334678747,0.09003023334678747,0.09003023334678747,0.09003023334678747,0.09003023334678747,0.09003023334678747,0.09003023334678747,0.09003023334678747,0.09003023334678747,0.09003023334678747,0.09003023334678747,0.09003023334678747,0.09003023334678747,0.09003023334678747,0.09003023334678747,0.09003023334678747,0.09003023334678747,0.09003023334678747,0.09003023334678747,0.09003023334678747,0.09003023334678747,0.09003023334678747,0.09003023334678747,0.09003023334678747,0.09003023334678747,0.09003023334678747,0.09003023334678747,0.09003023334678747,0.09003023334678747,0.09003023334678747,0.09003023334678747,0.09003023334678747,0.09003023334678747,0.09003023334678747,0.09003023334678747,0.09003023334678747,0.09003023334678747,0.09003023334678747,0.09003023334678747,0.09003023334678747,0.09003023334678747,0.09003023334678747,0.09003023334678747,0.09003023334678747,0.09003023334678747,0.09003023334678747,0.09003023334678747,0.0900302333467875,0.09003023334678749,0.09003023334678749,0.09003023334678749,0.09003023334678747,0.09003023334678747,0.09003023334678749,0.09003023334678749,0.09003023334678747,0.09003023334678746,0.09003023334678747,0.09003023334678746,0.09003023334678747,0.09003023334678749,0.09003023334678749,0.09003023334678747,0.09003023334678747,0.09003023334678749,0.09003023334678747,0.09003023334678747,0.09003023334678752,0.09003023334678747,0.09003023334678747,0.09003023334678747,0.09003023334678747,0.09003023334678747,0.09003023334678749,0.09003023334678746,0.09003023334678749,0.09003023334678749,0.09003023334678749,0.0900302333467875,0.09003023334678749,0.09003023334678749,0.09003023334678746,0.09003023334678747,0.09003023334678747,0.09003023334678747,0.09003023334678749,0.09003023334678749,0.09003023334678749,0.0900302333467875,0.09003023334678747,0.09003023334678747,0.09003023334678747,0.09003023334678749,0.0900302333467875,0.09003023334678749,0.09003023334678749,0.09003023334678747,0.09003023334678749,0.09003023334678749,0.0900302333467875,0.09003023334678749,0.09003023334678747,0.09003023334678749,0.09003023334678752,0.09003023334678747,0.0900302333467875,0.09003023334678747,0.09003023334678749,0.09003023334678747,0.0900302333467875,0.09003023334678749,0.09003023334678749,0.09003023334678747,0.09003023334678749,0.09003023334678747,0.09003023334678747,0.09003023334678749,0.09003023334678747,0.09003023334678747,0.09003023334678747,0.0900302333467875,0.09003023334678749,0.09003023334678749,0.0900302333467875,0.09003023334678749,0.09003023334678749,0.09003023334678752,0.09003023334678749,0.09003023334678747,0.09003023334678746,0.09003023334678749,0.09003023334678747,0.0900302333467875,0.09003023334678747,0.09003023334678749,0.09003023334678749,0.0900302333467875,0.0900302333467875,0.0900302333467875,0.09003023334678749,0.09003023334678749,0.09003023334678749,0.09003023334678747,0.09003023334678747,0.09003023334678749,0.0900302333467875,0.09003023334678747,0.09003023334678749,0.09003023334678749,0.09003023334678746,0.09003023334678747,0.09003023334678747,0.09003023334678749,0.09003023334678747,0.09003023334678749,0.09003023334678749,0.09003023334678747,0.09003023334678747,0.09003023334678749,0.09003023334678749,0.09003023334678747,0.09003023334678749,0.09003023334678749,0.09003023334678746,0.09003023334678747,0.09003023334678747,0.09003023334678747,0.09003023334678747,0.09003023334678749,0.09003023334678747,0.09003023334678747,0.09003023334678749,0.09003023334678747,0.09003023334678749,0.09003023334678746,0.09003023334678747,0.09003023334678747,0.09003023334678747,0.09003023334678746,0.09003023334678747,0.09003023334678747,0.09003023334678747,0.09003023334678749,0.09003023334678749,0.09003023334678749,0.0900302333467875,0.09003023334678749,0.09003023334678747,0.09003023334678747,0.09003023334678749,0.09003023334678747,0.09003023334678746,0.09003023334678747,0.09003023334678747,0.09003023334678749,0.09003023334678747,0.09003023334678749,0.09003023334678747,0.09003023334678749,0.09003023334678749,0.09003023334678747,0.09003023334678749,0.09003023334678746,0.09003023334678747,0.09003023334678747,0.09003023334678747,0.09003023334678749,0.09003023334678747,0.09003023334678749,0.09003023334678747,0.09003023334678749,0.09003023334678747,0.09003023334678747,0.0900302333467875,0.09003023334678749,0.09003023334678749,0.09003023334678747,0.09003023334678747,0.09003023334678747,0.09003023334678749,0.09003023334678749,0.09003023334678749,0.09003023334678749,0.0900302333467875,0.09003023334678752,0.09003023334678747,0.0900302333467875,0.0900302333467875,0.09003023334678747,0.09003023334678749,0.0900302333467875,0.09003023334678749,0.0900302333467875,0.09003023334678749,0.09003023334678749,0.09003023334678752,0.09003023334678747,0.09003023334678752,0.09003023334678747,0.09003023334678746,0.09003023334678747,0.0900302333467875,0.09003023334678747,0.09003023334678749,0.0900302333467875,0.09003023334678749,0.0900302333467875,0.09003023334678752,0.09003023334678749,0.09003023334678749,0.09003023334678747,0.09003023334678749,0.09003023334678747,0.0900302333467875,0.0900302333467875,0.09003023334678749,0.09003023334678749,0.09003023334678747,0.09003023334678749,0.09003023334678749,0.09003023334678749,0.09003023334678752,0.09003023334678749,0.09003023334678749,0.09003023334678747,0.09003023334678749,0.0900302333467875,0.09003023334678749,0.09003023334678749,0.09003023334678749,0.0900302333467875,0.0900302333467875,0.09003023334678752,0.0900302333467875,0.09003023334678752,0.0900302333467875,0.09003023334678749,0.09003023334678752,0.0900302333467875,0.09003023334678749,0.0900302333467875,0.0900302333467875,0.0900302333467875,0.09003023334678749,0.09003023334678747,0.09003023334678746,0.09003023334678747,0.0900302333467875,0.09003023334678747,0.09003023334678749,0.09003023334678749,0.09003023334678749,0.09003023334678749,0.09003023334678749,0.09003023334678749,0.09003023334678746,0.09003023334678747,0.09003023334678749,0.09003023334678746,0.09003023334678746,0.09003023334678747,0.09003023334678747,0.09003023334678747,0.09003023334678749,0.09003023334678747,0.09003023334678747,0.09003023334678747,0.09003023334678747,0.09003023334678747,0.09003023334678747,0.09003023334678749,0.09003023334678746,0.09003023334678747,0.09003023334678747,0.09003023334678747,0.09003023334678747,0.09003023334678746,0.0900302333467875,0.09003023334678749,0.09003023334678747,0.09003023334678749,0.09003023334678747,0.09003023334678747,0.09003023334678746,0.09003023334678747,0.09003023334678747,0.09003023334678747,0.09003023334678747,0.09003023334678749,0.09003023334678746,0.09003023334678749,0.09003023334678747,0.09003023334678747,0.09003023334678747,0.09003023334678749,0.09003023334678747,0.09003023334678747,0.09003023334678749,0.09003023334678749,0.0900302333467875,0.0900302333467875,0.09003023334678749,0.0900302333467875,0.09003023334678747,0.09003023334678749,0.09003023334678747,0.09003023334678747,0.09003023334678747,0.09003023334678747,0.09003023334678749,0.09003023334678749,0.0900302333467875,0.09003023334678749,0.09003023334678749,0.0900302333467875,0.09003023334678749,0.09003023334678752,0.09003023334678747,0.09003023334678749,0.09003023334678753,0.0900302333467875,0.09003023334678747,0.0900302333467875,0.09003023334678747,0.09003023334678749,0.0900302333467875,0.09003023334678749,0.09003023334678749,0.0900302333467875,0.09003023334678752,0.09003023334678752,0.09003023334678747,0.09003023334678749,0.09003023334678747,0.09003023334678747,0.09003023334678747,0.09003023334678749,0.09003023334678749,0.09003023334678747,0.0900302333467875,0.09003023334678749,0.09003023334678747,0.09003023334678749,0.09003023334678749,0.09003023334678747,0.09003023334678747,0.09003023334678747,0.09003023334678747,0.09003023334678747,0.09003023334678749,0.09003023334678749,0.09003023334678747,0.09003023334678749,0.09003023334678749,0.09003023334678747,0.09003023334678749,0.09003023334678749,0.09003023334678747,0.09003023334678747,0.09003023334678747,0.09003023334678746,0.09003023334678747,0.09003023334678749,0.09003023334678747,0.09003023334678747,0.09003023334678746,0.09003023334678749,0.09003023334678747,0.09003023334678747,0.09003023334678747,0.09003023334678747,0.09003023334678747,0.09003023334678749,0.09003023334678749,0.09003023334678747,0.09003023334678747,0.09003023334678747,0.09003023334678749,0.09003023334678749,0.09003023334678747,0.09003023334678747,0.09003023334678746,0.09003023334678747,0.09003023334678747,0.09003023334678749,0.09003023334678749,0.09003023334678749,0.09003023334678749,0.09003023334678749,0.09003023334678749,0.09003023334678747,0.09003023334678747,0.09003023334678747,0.0900302333467875,0.09003023334678747,0.09003023334678747,0.09003023334678749,0.09003023334678749,0.0900302333467875,0.09003023334678747,0.09003023334678749,0.0900302333467875,0.0900302333467875,0.09003023334678749,0.0900302333467875,0.09003023334678752,0.0900302333467875,0.0900302333467875,0.0900302333467875,0.0900302333467875,0.09003023334678749,0.09003023334678747,0.0900302333467875,0.09003023334678747,0.0900302333467875,0.09003023334678749,0.0900302333467875,0.09003023334678749,0.09003023334678749,0.09003023334678749,0.09003023334678749,0.09003023334678749,0.09003023334678749,0.0900302333467875,0.0900302333467875,0.09003023334678747,0.09003023334678752,0.0900302333467875,0.09003023334678747,0.0900302333467875,0.09003023334678749,0.09003023334678747,0.0900302333467875,0.09003023334678749,0.0900302333467875,0.09003023334678749,0.09003023334678747,0.09003023334678747,0.09003023334678746,0.09003023334678747,0.09003023334678746,0.09003023334678747,0.09003023334678746,0.09003023334678747,0.09003023334678749,0.09003023334678749,0.09003023334678749,0.09003023334678747,0.09003023334678747,0.09003023334678747,0.09003023334678747,0.09003023334678746,0.09003023334678746,0.09003023334678747,0.09003023334678747,0.09003023334678747,0.09003023334678747,0.09003023334678749,0.09003023334678747,0.0900302333467875,0.09003023334678749,0.09003023334678749,0.09003023334678749,0.09003023334678747,0.09003023334678747,0.09003023334678746,0.09003023334678745,0.09003023334678747,0.09003023334678747,0.09003023334678747,0.09003023334678747,0.09003023334678747,0.09003023334678747,0.09003023334678746,0.09003023334678747,0.09003023334678749,0.09003023334678747,0.09003023334678747,0.09003023334678749,0.09003023334678747,0.09003023334678747,0.09003023334678749,0.09003023334678749,0.09003023334678749,0.09003023334678747,0.0900302333467875,0.09003023334678746,0.09003023334678745,0.09003023334678747,0.09003023334678747,0.09003023334678747,0.09003023334678749,0.09003023334678749,0.09003023334678747,0.09003023334678749,0.09003023334678747,0.09003023334678745,0.09003023334678747,0.09003023334678745,0.09003023334678745,0.09003023334678746,0.09003023334678747,0.09003023334678746,0.09003023334678747,0.09003023334678747,0.09003023334678749,0.09003023334678749,0.09003023334678745,0.09003023334678749,0.09003023334678749,0.09003023334678747,0.09003023334678746,0.09003023334678749,0.09003023334678746,0.09003023334678747,0.09003023334678747,0.09003023334678747,0.09003023334678749,0.09003023334678746,0.09003023334678747,0.09003023334678749,0.09003023334678749,0.09003023334678749,0.09003023334678747,0.09003023334678747,0.09003023334678747,0.09003023334678747,0.09003023334678747,0.09003023334678747,0.09003023334678747,0.09003023334678747,0.09003023334678746,0.09003023334678747,0.09003023334678747,0.09003023334678745,0.09003023334678747,0.09003023334678747,0.09003023334678747,0.09003023334678746,0.09003023334678746,0.09003023334678747,0.09003023334678747,0.09003023334678749,0.09003023334678747,0.09003023334678747,0.09003023334678746,0.09003023334678745,0.09003023334678747,0.09003023334678747,0.09003023334678747,0.09003023334678747,0.09003023334678747,0.09003023334678747,0.09003023334678747,0.09003023334678745,0.09003023334678747,0.09003023334678747,0.09003023334678745,0.09003023334678747,0.09003023334678746,0.09003023334678747,0.09003023334678746,0.09003023334678747,0.09003023334678747,0.09003023334678747,0.09003023334678749,0.09003023334678747,0.09003023334678746,0.09003023334678747,0.09003023334678745,0.09003023334678747,0.09003023334678747,0.09003023334678747,0.09003023334678745,0.09003023334678746,0.09003023334678747,0.09003023334678746,0.09003023334678747,0.09003023334678746,0.09003023334678745,0.09003023334678749,0.09003023334678745,0.09003023334678745,0.09003023334678745,0.09003023334678747,0.09003023334678749,0.09003023334678746,0.09003023334678749,0.09003023334678747,0.09003023334678747,0.09003023334678746,0.09003023334678747,0.09003023334678746,0.09003023334678745,0.09003023334678745,0.09003023334678745,0.09003023334678745,0.09003023334678746,0.09003023334678746,0.09003023334678746,0.09003023334678745,0.09003023334678745,0.09003023334678745,0.09003023334678743,0.09003023334678743,0.09003023334678746,0.09003023334678745,0.09003023334678745,0.09003023334678746,0.09003023334678747,0.09003023334678747,0.09003023334678745,0.09003023334678746,0.09003023334678745,0.09003023334678745,0.09003023334678749,0.09003023334678745,0.09003023334678745,0.09003023334678746,0.09003023334678747,0.09003023334678746,0.09003023334678746,0.09003023334678746,0.09003023334678746,0.09003023334678746,0.09003023334678747,0.09003023334678747,0.09003023334678749,0.09003023334678747,0.09003023334678749,0.09003023334678747,0.09003023334678747,0.09003023334678747,0.09003023334678747,0.09003023334678746,0.09003023334678747,0.09003023334678747,0.09003023334678747,0.09003023334678749,0.09003023334678749,0.09003023334678749,0.09003023334678747,0.09003023334678749,0.09003023334678747,0.09003023334678747,0.09003023334678749,0.09003023334678747,0.09003023334678747,0.09003023334678747,0.09003023334678745,0.09003023334678747,0.09003023334678747,0.09003023334678746,0.09003023334678749,0.09003023334678747,0.09003023334678749,0.09003023334678747,0.09003023334678747,0.09003023334678749,0.09003023334678745,0.09003023334678747,0.09003023334678747,0.09003023334678749,0.09003023334678747,0.09003023334678747,0.09003023334678749,0.09003023334678747,0.09003023334678749,0.09003023334678747,0.09003023334678745,0.09003023334678747,0.09003023334678747,0.09003023334678749,0.09003023334678747,0.09003023334678749,0.09003023334678749,0.09003023334678747,0.09003023334678749,0.09003023334678747,0.09003023334678745,0.09003023334678747,0.09003023334678746,0.09003023334678746,0.09003023334678746,0.09003023334678747,0.09003023334678746,0.09003023334678745,0.09003023334678746,0.09003023334678743,0.09003023334678745,0.09003023334678747,0.09003023334678745,0.09003023334678747,0.09003023334678746,0.09003023334678745,0.09003023334678747,0.09003023334678747,0.09003023334678747,0.09003023334678749,0.09003023334678749,0.09003023334678745,0.09003023334678749,0.09003023334678747,0.09003023334678745,0.09003023334678746,0.09003023334678747,0.09003023334678747,0.09003023334678746,0.09003023334678745,0.09003023334678747,0.09003023334678749,0.09003023334678747,0.09003023334678747,0.09003023334678747,0.09003023334678747,0.09003023334678749,0.09003023334678749,0.09003023334678747,0.09003023334678747,0.09003023334678747,0.09003023334678747,0.09003023334678747,0.09003023334678747,0.09003023334678747,0.09003023334678749,0.09003023334678746,0.09003023334678747,0.09003023334678747,0.09003023334678746,0.09003023334678749,0.09003023334678747,0.09003023334678747,0.09003023334678746,0.09003023334678749,0.09003023334678747,0.09003023334678749,0.09003023334678749,0.09003023334678747,0.09003023334678749,0.09003023334678747,0.09003023334678749,0.09003023334678746,0.09003023334678747,0.09003023334678747,0.09003023334678747,0.09003023334678747,0.09003023334678747,0.09003023334678749,0.09003023334678749,0.09003023334678747,0.09003023334678749,0.09003023334678747,0.09003023334678749,0.09003023334678747,0.09003023334678747,0.09003023334678747,0.09003023334678745,0.09003023334678747,0.09003023334678747,0.09003023334678747,0.09003023334678749,0.09003023334678747,0.09003023334678747,0.09003023334678749,0.09003023334678747,0.09003023334678745,0.09003023334678746,0.09003023334678747,0.09003023334678745,0.09003023334678747,0.09003023334678747,0.09003023334678747,0.09003023334678746,0.09003023334678746,0.09003023334678746,0.09003023334678747,0.09003023334678745,0.09003023334678747,0.09003023334678747,0.09003023334678746,0.09003023334678747,0.09003023334678747,0.09003023334678747,0.09003023334678747,0.09003023334678747,0.09003023334678745,0.09003023334678747,0.09003023334678747,0.09003023334678747,0.09003023334678747,0.09003023334678749,0.09003023334678749,0.09003023334678749,0.09003023334678747,0.09003023334678747,0.09003023334678749,0.0900302333467875,0.09003023334678749,0.09003023334678749,0.09003023334678747,0.09003023334678747,0.09003023334678747,0.09003023334678747,0.09003023334678747,0.09003023334678747,0.09003023334678747,0.09003023334678749,0.09003023334678747,0.09003023334678749,0.09003023334678749,0.09003023334678749,0.09003023334678749,0.09003023334678749,0.09003023334678747,0.09003023334678747,0.09003023334678749,0.09003023334678747,0.09003023334678746,0.09003023334678747,0.09003023334678749,0.09003023334678749,0.09003023334678747,0.09003023334678749,0.09003023334678749,0.09003023334678749,0.09003023334678749,0.09003023334678749,0.09003023334678747,0.09003023334678747,0.09003023334678747,0.09003023334678747,0.09003023334678749,0.09003023334678746,0.09003023334678747,0.09003023334678747,0.09003023334678747,0.09003023334678746,0.09003023334678747,0.09003023334678747,0.09003023334678745,0.09003023334678747,0.09003023334678747,0.09003023334678745,0.09003023334678747,0.09003023334678745,0.09003023334678746,0.09003023334678749,0.09003023334678746,0.09003023334678746,0.09003023334678747,0.09003023334678747,0.09003023334678747,0.09003023334678747,0.09003023334678747,0.09003023334678747,0.09003023334678749,0.09003023334678747,0.09003023334678747,0.09003023334678749,0.09003023334678747,0.09003023334678747,0.09003023334678747,0.09003023334678746,0.09003023334678747,0.09003023334678747,0.09003023334678747,0.09003023334678747,0.09003023334678746,0.09003023334678747,0.09003023334678749,0.09003023334678747,0.09003023334678747,0.09003023334678747,0.09003023334678746,0.09003023334678746,0.09003023334678746,0.09003023334678746,0.09003023334678745,0.09003023334678747,0.09003023334678749,0.09003023334678745,0.09003023334678749,0.09003023334678747,0.09003023334678747,0.09003023334678745,0.09003023334678747,0.09003023334678749,0.09003023334678746,0.09003023334678747,0.09003023334678747,0.09003023334678747,0.09003023334678746,0.09003023334678747,0.09003023334678747,0.09003023334678745,0.09003023334678749,0.09003023334678749,0.09003023334678745,0.09003023334678747,0.09003023334678747,0.09003023334678746,0.09003023334678745,0.09003023334678746,0.09003023334678747,0.09003023334678745,0.09003023334678747,0.09003023334678749,0.09003023334678746,0.09003023334678746,0.09003023334678747,0.09003023334678745,0.09003023334678746,0.09003023334678746,0.09003023334678746,0.09003023334678746,0.09003023334678747,0.09003023334678745,0.09003023334678749,0.09003023334678745,0.09003023334678745,0.09003023334678747,0.09003023334678745,0.09003023334678746,0.09003023334678746,0.09003023334678747,0.09003023334678747,0.09003023334678747,0.09003023334678747,0.09003023334678747,0.09003023334678749,0.09003023334678747,0.09003023334678747,0.09003023334678747,0.09003023334678749,0.09003023334678747,0.09003023334678746,0.09003023334678747,0.09003023334678747,0.09003023334678746,0.09003023334678747,0.09003023334678749,0.09003023334678746,0.09003023334678745,0.0900302333467875,0.09003023334678747,0.09003023334678745,0.09003023334678749,0.09003023334678745,0.09003023334678745,0.09003023334678745,0.09003023334678747,0.09003023334678747,0.09003023334678747,0.09003023334678747,0.09003023334678749,0.09003023334678747,0.09003023334678747,0.09003023334678747,0.09003023334678747,0.09003023334678747,0.09003023334678746,0.09003023334678747,0.09003023334678747,0.09003023334678747,0.09003023334678749,0.09003023334678747,0.09003023334678745,0.09003023334678747,0.09003023334678747,0.09003023334678746,0.09003023334678746,0.09003023334678747,0.09003023334678747,0.09003023334678747,0.09003023334678749,0.09003023334678747,0.09003023334678745,0.09003023334678747,0.09003023334678747,0.09003023334678749,0.09003023334678747,0.09003023334678747,0.09003023334678747,0.09003023334678747,0.09003023334678747,0.09003023334678746,0.09003023334678747,0.09003023334678747,0.09003023334678749,0.09003023334678747,0.09003023334678747,0.09003023334678749,0.09003023334678749,0.09003023334678749,0.09003023334678747,0.09003023334678749,0.09003023334678747,0.09003023334678747,0.09003023334678747,0.09003023334678747,0.09003023334678747,0.09003023334678747,0.0900302333467875,0.0900302333467875,0.09003023334678749,0.09003023334678749,0.0900302333467875,0.09003023334678749,0.09003023334678749
1,0.0,0.0,0.0,0.0,0.0,0.0,0.0,0.0,0.0,0.0,0.0,0.0,0.0,0.0,0.0,0.0,0.0,0.0,0.0,0.0,0.0,0.0,0.0,0.0,0.0,0.0,0.0,0.0,0.0,0.0,0.0,0.0,0.0,0.0,0.0,0.0,0.0,0.0,0.0,0.0,0.0,0.0,0.0,0.0,0.0,0.0,0.0,0.0,0.0,0.0,0.0,0.0,0.0,0.0,0.0,0.0,0.0,0.0,0.0,0.0,0.0,0.0,0.0,0.0,0.0,0.0,0.0,0.0,0.0,0.0,0.0,0.0,0.0,0.0,0.0,0.0,0.0,0.0,0.0,0.0,0.0,0.0,0.0,0.0,0.0,0.0,0.0,0.0,0.0,0.0,0.0,0.0,0.0,0.0,0.0,0.0,0.0,0.0,0.0,0.0,0.0,0.0,0.0,0.0,0.0,0.0,0.0,0.0,0.0,0.0,0.0,0.0,0.0,0.0,0.0,0.0,0.0,0.0,0.0,0.0,0.0,0.0,0.0,0.0,0.0,0.0,0.0,0.0,0.0,0.0,0.0,0.0,0.0,0.0,0.0,0.0,0.0,0.0,0.0,0.0,0.0,0.0,0.0,0.0,0.0,0.0,0.0,0.0,0.0,0.0,0.0,0.0,0.0,0.0,0.0,0.0,0.0,0.0,0.0,0.0,0.0,0.0,0.0,0.0,0.0,0.0,0.0,0.0,0.0,0.0,0.0,0.0,0.0,0.0,0.0,0.0,0.0,0.0,0.0,0.0,0.0,0.0,0.0,0.0,0.0,0.0,0.0,0.0,0.0,0.0,0.0,0.0,0.0,0.0,0.0,0.0,0.0,0.0,0.0,0.0,0.0,0.0,0.0,0.0,0.0,0.0,0.0,0.0,0.0,0.0,0.0,0.0,0.0,0.0,0.0,0.0,0.0,0.0,0.0,0.0,0.0,0.0,0.0,0.0,0.0,0.0,0.0,0.0,0.0,0.0,0.0,0.0,0.0,0.0,0.0,0.0,0.0,0.0,0.0,0.0,0.0,0.0,0.0,0.0,0.0,0.0,0.0,0.0,0.0,0.0,0.0,0.0,0.0,0.0,0.0,0.0,0.0,0.0,0.0,0.0,0.0,0.0,0.0,0.0,0.0,0.0,0.0,0.0,0.0,0.0,0.0,0.0,0.0,0.0,0.0,0.0,0.0,0.0,0.0,0.0,0.0,0.0,0.0,0.0,0.0,0.0,0.0,0.0,0.0,0.0,0.0,0.0,0.0,0.0,0.0,0.0,0.0,0.0,0.0,0.0,0.0,0.0,0.0,0.0,0.0,0.0,0.0,0.0,0.0,0.0,0.0,0.0,0.0,0.0,0.0,0.0,0.0,0.0,0.0,0.0,0.0,0.0,0.0,0.0,0.0,0.0,0.0,0.0,0.0,0.0,0.0,0.0,0.0,0.0,0.0,0.0,0.0,0.0,0.0,0.0,0.0,0.0,0.0,0.0,0.0,0.0,0.0,0.0,0.0,0.0,0.0,0.0,0.0,0.0,0.0,0.0,0.0,0.0,0.0,0.0,0.0,0.0,0.0,0.0,0.0,0.0,0.0,0.0,0.0,0.0,0.0,0.0,0.0,0.0,0.0,0.0,0.0,0.0,0.0,0.0,0.0,0.0,0.0,0.0,0.0,0.0,0.0,0.0,0.0,0.0,0.0,0.0,0.0,0.0,0.0,0.0,0.0,0.0,0.0,0.0,0.0,0.0,0.0,0.0,0.0,0.0,0.0,0.0,0.0,0.0,0.0,0.0,0.0,0.0,0.0,0.0,0.0,0.0,0.0,0.0,0.0,0.0,0.0,0.0,0.0,0.0,0.0,0.0,0.0,0.0,0.0,0.0,0.0,0.0,0.0,0.0,0.0,0.0,0.0,0.0,0.0,0.0,0.0,0.0,0.0,0.0,0.0,0.0,0.0,0.0,0.0,0.0,0.0,0.0,0.0,0.0,0.0,0.0,0.0,0.0,0.0,0.0,0.0,0.0,0.0,0.0,0.0,0.0,0.0,0.0,0.0,0.0,0.0,0.0,0.0,0.0,0.0,0.0,0.0,0.0,0.0,0.0,0.0,0.0,0.0,0.0,0.0,0.0,0.0,0.0,0.0,0.0,0.0,0.0,0.0,0.0,0.0,0.0,0.0,0.0,0.0,0.0,0.0,0.0,0.0,0.0,0.0,0.0,0.0,0.0,0.0,0.0,0.0,0.0,0.0,0.0,0.0,0.0,0.0,0.0,0.0,0.0,0.0,0.0,0.0,0.0,0.0,0.0,0.0,0.0,0.0,0.0,0.0,0.0,0.0,0.0,0.0,0.0,0.0,0.0,0.0,0.0,0.0,0.0,0.0,0.0,0.0,0.0,0.0,0.0,0.0,0.0,0.0,0.0,0.0,0.0,0.0,0.0,0.0,0.0,0.0,0.0,0.0,0.0,0.0,0.0,0.0,0.0,0.0,0.0,0.0,0.0,0.0,0.0,0.0,0.0,0.0,0.0,0.0,0.0,0.0,0.0,0.0,0.0,0.0,0.0,0.0,0.0,0.0,0.0,0.0,0.0,0.0,0.0,0.0,0.0,0.0,0.0,0.0,0.0,0.0,0.0,0.0,0.0,0.0,0.0,0.0,0.0,0.0,0.0,0.0,0.0,0.0,0.0,0.0,0.0,0.0,0.0,0.0,0.0,0.0,0.0,0.0,0.0,0.0,0.0,0.0,0.0,0.0,0.0,0.0,0.0,0.0,0.0,0.0,0.0,0.0,0.0,0.0,0.0,0.0,0.0,0.0,0.0,0.0,0.0,0.0,0.0,0.0,0.0,0.0,0.0,0.0,0.0,0.0,0.0,0.0,0.0,0.0,0.0,0.0,0.0,0.0,0.0,0.0,0.0,0.0,0.0,0.0,0.0,0.0,0.0,0.0,0.0,0.0,0.0,0.0,0.0,0.0,0.0,0.0,0.0,0.0,0.0,0.0,0.0,0.0,0.0,0.0,0.0,0.0,0.0,0.0,0.0,0.0,0.0,0.0,0.0,0.0,0.0,0.0,0.0,0.0,0.0,0.0,0.0,0.0,0.0,0.0,0.0,0.0,0.0,0.0,0.0,0.0,0.0,0.0,0.0,0.0,0.0,0.0,0.0,0.0,0.0,0.0,0.0,0.0,0.0,0.0,0.0,0.0,0.0,0.0,0.0,0.0,0.0,0.0,0.0,0.0,0.0,0.0,0.0,0.0,0.0,0.0,0.0,0.0,0.0,0.0,0.0,0.0,0.0,0.0,0.0,0.0,0.0,0.0,0.0,0.0,0.0,0.0,0.0,0.0,0.0,0.0,0.0,0.0,0.0,0.0,0.0,0.0,0.0,0.0,0.0,0.0,0.0,0.0,0.0,0.0,0.0,0.0,0.0,0.0,0.0,0.0,0.0,0.0,0.0,0.0,0.0,0.0,0.0,0.0,0.0,0.0,0.0,0.0,0.0,0.0,0.0,0.0,0.0,0.0,0.0,0.0,0.0,0.0,0.0,0.0,0.0,0.0,0.0,0.0,0.0,0.0,0.0,0.0,0.0,0.0,0.0,0.0,0.0,0.0,0.0,0.0,0.0,0.0,0.0,0.0,0.0,0.0,0.0,0.0,0.0,0.0,0.0,0.0,0.0,0.0,0.0,0.0,0.0,0.0,0.0,0.0,0.0,0.0,0.0,0.0,0.0,0.0,0.0,0.0,0.0,0.0,0.0,0.0,0.0,0.0,0.0,0.0,0.0,0.0,0.0,0.0,0.0,0.0,0.0,0.0,0.0,0.0,0.0,0.0,0.0,0.0,0.0,0.0,0.0,0.0,0.0,0.0,0.0,0.0,0.0,0.0,0.0,0.0,0.0,0.0,0.0,0.0,0.0,0.0,0.0,0.0,0.0,0.0,0.0,0.0,0.0,0.0,0.0,0.0,0.0,0.0,0.0,0.0,0.0,0.0,0.0,0.0,0.0,0.0,0.0,0.0,0.0,0.0,0.0,0.0,0.0,0.0,0.0,0.0,0.0,0.0,0.0,0.0,0.0,0.0,0.0,0.0,0.0,0.0,0.0,0.0,0.0,0.0,0.0,0.0,0.0,0.0,0.0,0.0,0.0,0.0,0.0,0.0,0.0,0.0,0.0,0.0,0.0,0.0,0.0,0.0,0.0,0.0,0.0,0.0,0.0,0.0,0.0,0.0,0.0,0.0,0.0,0.0,0.0,0.0,0.0,0.0,0.0,0.0,0.0,0.0,0.0,0.0,0.0,0.0,0.0,0.0,0.0,0.0,0.0,0.0,0.0,0.0,0.0,0.0,0.0,0.0,0.0,0.0,0.0,0.0,0.0,0.0,0.0,0.0,0.0,0.0,0.0,0.0,0.0,0.0,0.0,0.0,0.0,0.0,0.0,0.0,0.0,0.0,0.0,0.0,0.0,0.0,0.0,0.0,0.0,0.0,0.0,0.0,0.0,0.0,0.0,0.0,0.0,0.0,0.0,0.0,0.0,0.0,0.0,0.0,0.0,0.0,0.0,0.0,0.0,0.0,0.0,0.0,0.0,0.0,0.0,0.0,0.0,0.0,0.0,0.0,0.0,0.0,0.0,0.0,0.0,0.0,0.0,0.0,0.0,0.0,0.0,0.0,0.0,0.0,0.0,0.0,0.0,0.0,0.0,0.0,0.0,0.0,0.0,0.0,0.0,0.0,0.0,0.0,0.0,0.0,0.0,0.0,0.0,0.0,0.0,0.0,0.0,0.0,0.0,0.0,0.0,0.0,0.0,0.0,0.0,0.0,0.0,0.0,0.0,0.0,0.0,0.0,0.0,0.0,0.0,0.0,0.0,-9.428717518923178e-50,-1.5441420868347977e-78,-1.2635161914136195e-50,9.538912487152868e-82,9.538912487152868e-82,9.538912487152868e-82,9.538912487152864e-82,9.538912487152866e-82,9.538912487152868e-82,9.538912487152863e-82,9.538912487152869e-82,-2.9042375734406775e-49,-3.1920273753037085e-48,4.724734054972151e-50,4.724734054972152e-50,8.069010604187365e-52,1.9750961204356264e-49,1.975096120435627e-49,-4.7828312241575984e-48,1.5128017079100833e-77,1.8543885625524884e-49,-1.0596665265043243e-49,1.7310475574513523e-78,2.3951090631983713e-50,2.3951090631983704e-50,2.3951090631983704e-50,-4.63628454310762e-50,6.493538525990171e-80,1.598872803756859e-50,1.598872803756859e-50,1.5988728037568587e-50,1.5988728037568596e-50,1.5988728037568592e-50,1.598872803756859e-50,1.453215950824177e-48,-5.782452439181925e-49,-4.816334532821393e-78,-1.3350899343094642e-108,-2.975954859617574e-138,-1.97383793604912e-49,-3.324363270947457e-50,-5.56964818189229e-48,1.1405964861182259e-49,1.1405964861182257e-49,1.737947517626249e-49,1.737947517626249e-49,2.0086391916751904e-49,2.008639191675191e-49,1.1077292958387063e-48,1.1077292958387065e-48,1.1077292958387065e-48,1.1077292958387065e-48,1.1563711193986284e-48,1.1513334931093817e-48,1.1953446621867659e-48,1.1181800756057618e-48,-4.241796457646894e-48,-1.18403149455847e-51,7.257650686190959e-81,-9.754901909871552e-50,-7.217425413231761e-79,6.18629993383394e-52,6.186299933833937e-52,6.186299933833937e-52,6.186299933833937e-52,1.6434171771602508e-48,1.500528688844158e-48,1.500528688844158e-48,1.500528688844158e-48,1.5005286888441586e-48,1.500528688844159e-48,1.5028268745027477e-48,1.5028268745027477e-48,1.5028268745027477e-48,1.4012012849236553e-48,1.4012012849236556e-48,1.926658801318368e-48,1.9466942538778326e-48,1.9466942538778323e-48,1.946694253877832e-48,1.946694253877832e-48,1.871674663854346e-48,1.8716746638543452e-48,1.8558059493853303e-48,1.8558059493853297e-48,1.8385450457672444e-48,1.838545045767245e-48,1.8385450457672456e-48,1.8385450457672453e-48,1.3031223067382452e-48,1.3031223067382453e-48,1.387572921579755e-48,1.4611672912500954e-48,1.3526773590915845e-48,2.7710890375567805e-48,2.7710890375567805e-48,5.2732961462933435e-48,5.273296146293344e-48,5.2733102003399945e-48,5.231205702916505e-48,5.0820005321440053e-48,4.946981744158736e-48,4.946981744158736e-48,4.946981744158736e-48,4.839309633397734e-48,4.8393096333977345e-48,4.839309633397736e-48,4.833895138875391e-48,4.83389513887539e-48,4.8338951388753903e-48,5.033626084341875e-48,5.033626084341876e-48,4.691593548775219e-48,4.712509534383791e-48,5.04682179014069e-48,5.217595879778294e-48,5.217595879778295e-48,5.217595879778295e-48,5.217595879778296e-48,2.1367100553829675e-47,2.158971899061291e-47,2.1689865672330688e-47,2.1602174580207242e-47,2.1602174580207245e-47,2.198344580559464e-47,2.2703751296708953e-47,2.3124346516039433e-47,2.3124346516039433e-47,2.3124346516039442e-47,2.312434651603944e-47,2.208866466542697e-47,2.2174584969408114e-47,2.222217992369336e-47,2.2222179923693363e-47,2.231960698991987e-47,2.231960698991987e-47,2.231960698991987e-47,2.2319606989919865e-47,2.1798935464577995e-47,2.1798935464577992e-47,2.1733872679890977e-47,2.1736174396387149e-47,2.1736174396387156e-47,2.1681443331280783e-47,2.1624894669348053e-47,2.4409605341672557e-47,2.4409605341672567e-47,2.9368555658640604e-47,2.93685556586406e-47,2.9368555658640614e-47,2.93685556586406e-47,2.9321811045699647e-47,2.919875600104812e-47,2.919868283455712e-47,2.919868283455712e-47,2.925793249832746e-47,2.9329750211423393e-47,2.935125985924486e-47,2.9360143611743627e-47,2.9022654630681157e-47,2.901022228708363e-47,2.883467507905223e-47,2.874202083055136e-47,3.4728660716226696e-47,3.472866071622669e-47,3.468836568240398e-47,3.4554454350705605e-47,3.45544543507056e-47,3.458267006764058e-47,3.4573168580596815e-47,2.5759748379502473e-47,2.5766794673112236e-47,2.5791967769239674e-47,2.6026981707808373e-47,2.4955061490433886e-47,2.4955061490433876e-47,2.4971210425064224e-47,2.4971210425064215e-47,2.321317337547909e-47,2.3354136712219693e-47,2.33541367122197e-47,1.7611060539122064e-47,1.7585006451282887e-47,1.767344366130899e-47,1.7855707754518445e-47,1.790252480837411e-47,1.7905509378648588e-47,1.7905509378648586e-47,1.7905509378648586e-47,1.7905509378648569e-47,1.7905509378648574e-47,1.8017401393138009e-47,1.802467028332276e-47,1.802467028332276e-47,1.8024670283322758e-47,1.7171512070921064e-47,1.7089327015516395e-47,1.855804695058499e-47,2.1896396679208867e-47,2.4356848760264367e-47,2.437802107843319e-47,2.60138885548034e-47,2.6013888554803407e-47,2.60138885548034e-47,2.6762887840355417e-47,2.6775813152609176e-47,2.677581315260917e-47,2.6687671121392415e-47,2.681180665561665e-47,2.694091538477655e-47,2.6941332113452456e-47,2.7350587016847863e-47,2.7356735338955877e-47,2.894520448103221e-47,2.8923126813549353e-47,2.890133782928847e-47,2.887144096398012e-47,2.8872084522862457e-47,2.8901560252006194e-47,2.9029402787215567e-47,2.9029402787215567e-47,2.9046606685978644e-47,2.9070095249911375e-47,2.90056186436274e-47,2.9037342837705003e-47,2.904509434622027e-47,2.9045094346220264e-47,2.904892996754693e-47,2.9048929967546933e-47,2.9043081174203355e-47,2.904308117420335e-47,2.90420884525703e-47,2.90420884525703e-47,2.660193801969613e-47,2.660193801969613e-47,2.6565591853571543e-47,2.644419137426349e-47,2.6372072699547113e-47,2.637207269954713e-47,2.729230273224159e-47,2.729212964056749e-47,2.723842311641891e-47,2.723842311641891e-47,2.7239301782332435e-47,2.719897829420024e-47,3.581601080284722e-47,3.5812267301631153e-47,3.581591172128591e-47,4.588209366984434e-47,4.352641241595483e-47,9.154160882235293e-48,8.996785299690337e-48,8.996460343350964e-48,8.996014638862081e-48,8.99601463886208e-48,9.006745921701094e-48,1.1316466605773397e-47,1.28704564402706e-47,1.6574709869153814e-47,1.657405207231334e-47,1.670380170574062e-47,1.670380170574062e-47,1.559781827307111e-47,1.5496845331967537e-47,1.5685277363813916e-47,1.5556668527334773e-47,1.5556668527334773e-47,1.5569419395245924e-47,1.4384759720013336e-47,1.4669504998354264e-47,3.9996690667671266e-48,3.9999547305152364e-48,4.088414888735195e-48,2.2551151164396466e-49,3.156473249404665e-49,2.1993314121073467e-48,2.20780769413721e-48,2.4318929226531e-48,2.3629912488533114e-48,-4.365787731791136e-48,-2.967285237537806e-50,1.3320412411402347e-79,5.6673379363358506e-52,-1.0104833052822059e-49,7.247003784246551e-53,-4.276111229807489e-49,-1.1080687706897843e-48,-3.170188409461901e-79,4.541324017956359e-48,4.541324017956358e-48,4.399987468868617e-48,4.3619857666188844e-48,4.3619857666188826e-48,-5.795496477089468e-48,3.7039478101087824e-49,6.972401940527131e-49,6.972401940527128e-49,8.293818846684326e-49,8.214168234972525e-49,3.932982364600156e-49,3.429650190365882e-49,3.5132113503389125e-49,-1.0592982796189915e-48,3.344882071103841e-50,-1.2289567135124927e-48,-1.724781302548471e-48,3.803624982344194e-48,3.8159019891786864e-48,1.7863197406035493e-48,1.783706396286892e-48,1.6790499398739803e-48,3.481523657482741e-49,3.758808962392754e-49,3.805237205693518e-49,3.805237205693518e-49,-3.99152923216277e-49,2.467238756381734e-79,4.7311920497739616e-51,-6.857444141975008e-50,2.1580997682604876e-48,2.3252292875608437e-48,2.479625862510451e-48,2.5049986055146913e-48,2.504998605514691e-48,2.5049986055146907e-48,2.5430007968910203e-48,9.700184781191069e-48,1.117455793818573e-47,1.1174557938185728e-47,1.1261385884920275e-47,1.1328766914021244e-47,1.1328766914021244e-47,1.1328738911602327e-47,1.1358545851450986e-47,1.1367421990181279e-47,1.1431645069823557e-47,1.1431645069823557e-47,1.1364362832408223e-47,9.395097291743551e-48,9.378883014116998e-48,9.975210521049921e-48,1.013078952808154e-47,1.0130789528081536e-47,1.0130789528081537e-47,1.0150712890155709e-47,1.0143879321037675e-47,1.0125776980623366e-47,1.012277821385955e-47,1.011346049575159e-47,1.0113460495751587e-47,1.0113460495751589e-47,1.0105183156176381e-47,1.0105183156176381e-47,1.0117552616566179e-47,9.719188719191857e-48,9.790557363396306e-48,9.594535171201143e-48,9.602850132880556e-48,9.62707104109045e-48,9.627071041090447e-48,9.793299524988542e-48,9.767459832827215e-48,9.754579487841669e-48,1.2189854856465823e-47,1.2143284199704264e-47,1.209798892636457e-47,1.2100205375418568e-47,1.2137521207916858e-47,1.2133394902288512e-47,1.2414877872291264e-47,1.2448234523486466e-47,1.247065466973101e-47,1.2485954602129448e-47,1.246021062882611e-47,1.248337257890329e-47,1.248337257890329e-47,1.130701258637312e-47,1.134303678593217e-47,1.1343001471119297e-47,1.1362079597518311e-47,1.1368754429937846e-47,1.137104636634158e-47,1.129058629075581e-47,1.1288501933732792e-47,1.1288628418839375e-47,1.1276895280626481e-47,1.1298031327616447e-47,1.129803132761645e-47,1.1317514695528308e-47,1.165293331528188e-47,1.165293331528188e-47,1.1644958686689394e-47,1.9194066715253676e-47,1.9081278604409856e-47,1.9074675674609127e-47,1.9083251281551736e-47,1.9083251281551734e-47,1.908325128155173e-47,1.9083251281551736e-47,1.907175118548967e-47,1.910025832408314e-47,1.889934432243917e-47,1.892538173289703e-47,1.892538173289703e-47,1.9066780488622063e-47,1.9043702044334755e-47,1.9042772454250025e-47,1.906700322339397e-47,1.906700322339397e-47,1.9050668718591975e-47,1.905066871859197e-47,1.9050668718591975e-47,1.8935595958758965e-47,1.8350917696853855e-47,1.8350917696853855e-47,1.839550653508588e-47,1.8389715407570854e-47,1.8389715407570851e-47,1.8390717024816883e-47,1.8405303609053457e-47,1.9407556741425525e-47,1.971740943997239e-47,1.9776422899499301e-47,1.9776182622234303e-47,1.9761611403963719e-47,2.0449264432815004e-47,2.044926443281501e-47,2.0449264432815004e-47,2.045023234303546e-47,2.0450232343035456e-47,2.0453419509641573e-47,2.0453419509641573e-47,2.0453419509641563e-47,1.165217479851906e-47,1.1638912312635538e-47,1.159731105928818e-47,1.1672913548950123e-47,1.1682163785782874e-47,1.1791388518454843e-47,1.1881189763890438e-47,1.1893925453480287e-47,1.2068356714193495e-47,1.2067812676033065e-47,1.2029687612181418e-47,1.202968761218142e-47,1.203312742133012e-47,1.2002310193925314e-47,1.204083655163802e-47,1.6227585274955216e-47,1.594927069157298e-47,1.5949270691572979e-47,1.5949270691572986e-47,1.5932453850864202e-47,1.59324538508642e-47,1.616440395330309e-47,1.6164403953303086e-47,1.625739806949929e-47,1.6254649789239484e-47,1.6239000794870853e-47,1.6100502087587561e-47,1.6115945339604512e-47,1.6115945339604512e-47,1.4974534571744349e-47,1.497453457174435e-47,1.4974534571744349e-47,2.567473450113053e-48,2.5674734501130543e-48,2.627221795564998e-48,2.635013105014496e-48,2.6353157604315402e-48,2.738477273132895e-48,2.739387303673049e-48,2.912630886655156e-48,2.927086293374239e-48,3.0069066000075285e-48,3.006906600007528e-48,2.983302854817057e-48,2.5539102656446576e-48,2.492966078918919e-48,2.4891417569372794e-48,2.28944428797081e-48,2.020243834731522e-48,2.0200873783757645e-48,2.0150508428777818e-48,2.015557599409666e-48,2.1343110869369242e-48,2.1286989833642454e-48,2.1286989833642454e-48,3.748536929878665e-48,3.65135962526771e-48,3.666797488904106e-48,3.6875538354237657e-48,3.6400036640475866e-48,3.703277455365898e-48,3.8479453891143266e-48,3.899126000383469e-48,3.899095432777453e-48,3.8970282061970747e-48,4.197813402009572e-48,4.1360428584706484e-48,4.1360428584706484e-48,3.983259258537137e-48,3.9745296209139104e-48,3.974529620913911e-48,3.984416766865324e-48,3.8843720299989484e-48,3.895236788124289e-48,3.883336714167386e-48,3.883687569020367e-48,3.891711129101243e-48,3.929680883318483e-48,6.492607753384253e-48,6.510073741351765e-48,6.441891131720874e-48,5.1433043969064204e-48,5.987109062835002e-48,6.740904130107555e-48,6.740904130107555e-48,6.377201133561685e-48,6.37641477346148e-48,5.2498172341373206e-48,5.253253573617266e-48,5.258894065445176e-48,5.053133306699859e-48,5.053133306699861e-48,5.062611699546461e-48,5.0636371223738174e-48,5.058566442431195e-48,5.1034210921536003e-48,5.1034210921536003e-48,5.1089709073423536e-48,5.098604173014861e-48,5.120963249775356e-48,5.140858460167815e-48,3.484956600171024e-48,3.481113184283949e-48,3.4811131842839493e-48,3.476722070488512e-48,3.4767220704885115e-48,3.475077080874738e-48,3.568905632624649e-48,3.605309882071193e-48,3.579646938572192e-48,3.5796469385721925e-48,3.587140680972322e-48,1.0321403976238302e-48,1.0321403976238305e-48,1.0202507573812198e-48,1.0163904138810717e-48,1.0488603881039949e-48,1.0538216723596833e-48,1.0600046430370492e-48,9.398038369907057e-49,9.398038369907057e-49,9.398038369907055e-49,-4.60351642110878e-48,-4.070501172775718e-50,1.0279359284709584e-48,2.354758572034652e-48,2.4478493030945408e-48,2.447849303094541e-48,2.4591219139590658e-48,2.4591219139590655e-48,2.414641515454085e-48,2.412568671152631e-48,5.983703218552982e-48,5.986298407526957e-48,5.98651568164607e-48,5.98651568164607e-48,5.98651568164607e-48,5.950025813858836e-48,-7.68257706113984e-49,-1.362442600718614e-50,-3.1121494543395435e-50,9.594659785926406e-52,4.671689765682594e-50,1.9098744938996354e-50,-3.1374111119113196e-50,-3.910415037513094e-51,-1.7471146191519698e-80,-7.310569563337938e-50,4.278137049667427e-51,4.2781370496674266e-51,1.6750126640193747e-51,2.483226376823085e-48,2.4680721608656914e-48,2.5546382472881652e-48,3.6670091551835025e-48,3.667009155183502e-48,3.667009155183501e-48,3.665213637010799e-48,3.6652136370107994e-48,3.710083821205333e-48,3.4415168885672767e-48,3.336456205342886e-48,2.921774785790907e-48,6.896060651834632e-48,6.9029890975652e-48,6.9029890975652e-48,6.901794434109656e-48,6.895505345644053e-48,6.949371508722723e-48,6.949371508722723e-48,7.228839711671888e-48,7.218694291996301e-48,7.176162462611336e-48,7.177568293787839e-48,7.196109284731797e-48,7.149562366492765e-48,7.149681554558811e-48,7.184369858242616e-48,8.539698115696519e-48,8.5413681981383e-48,8.520362803730587e-48,8.56438069681826e-48,8.47728648879363e-48,8.477257705542996e-48,8.459900389300423e-48,8.459900389300422e-48,1.6878443638908455e-47,1.6742896676634283e-47,1.6386108558148115e-47,1.6386108558148113e-47,1.6386108558148113e-47,1.6386108558148113e-47,1.6375385902520528e-47,1.7165226429487892e-47,1.706669523038714e-47,1.7088408685151814e-47,1.704980160357253e-47,1.6942395413257727e-47,1.695854816397385e-47,1.6958548163973847e-47,1.7243871557264286e-47,1.7214142574171857e-47,1.7588959142354166e-47,1.7588970354470502e-47,1.7554307803345392e-47,1.7554307803345397e-47,1.756473030985312e-47,1.7568039757090702e-47,1.7568039757090705e-47,1.7487607736408406e-47,1.3153004356467116e-47,1.3217248125206936e-47,1.3217248125206934e-47,1.3214513580194575e-47,1.3214513580194573e-47,1.3187270935265602e-47,1.31965754739689e-47,1.3186729754194922e-47,1.3186729754194918e-47,1.3187551421610744e-47,1.317206776901604e-47,1.3172067769016035e-47,1.316933160460054e-47,1.303270382006681e-47,1.3028879774686245e-47,1.3027891369670218e-47,1.3007968282220424e-47,1.3007968282220424e-47,1.3007968282220424e-47,1.304505627691955e-47,1.307306973302999e-47,1.3073069733029993e-47,1.3068903351762817e-47,1.306890335176282e-47,1.3029152732281558e-47,1.3029723077943373e-47,1.2991946846372274e-47,1.422370160890355e-47,1.412019077125133e-47,1.4120190771251336e-47,1.4120190771251336e-47,1.4485148440422053e-47,1.4491086548041099e-47,1.4499785268003442e-47,1.3537824913347903e-47,1.3537824913347906e-47,1.3505750927529698e-47,1.3505750927529696e-47,1.3609455625698697e-47,1.36094556256987e-47,1.3609455625698697e-47,1.3574349391964192e-47,1.3627112612007672e-47,1.362597361578066e-47,1.357607680887169e-47,1.3550045814989954e-47,1.4955635700834253e-47,1.4965117693279281e-47,1.496511769327928e-47,1.4954788542673599e-47,1.4954788542673594e-47,1.5055598238215533e-47,1.5062999867612203e-47,1.5062999867612203e-47,1.50629998676122e-47,1.50180049551644e-47,1.5022523924901205e-47,1.5029100677379296e-47,1.5029100677379298e-47,1.4994978055579928e-47,1.4884310461345744e-47,1.4773775011879427e-47,1.4914261945750676e-47,1.4914261945750676e-47,1.4783031711428747e-47,1.4782860967287973e-47,1.476083841023656e-47,1.4763125082459244e-47,1.4443811077143316e-47,1.442021212990016e-47,1.4420212129900157e-47,1.4433059064352264e-47,1.437919335981607e-47,1.4381027284824237e-47,1.4398720990303759e-47,1.4465383993290466e-47,1.3945442519846605e-47,1.399178731165261e-47,1.3991884204002195e-47,1.3921444965069954e-47,1.4070808492651084e-47,1.4080425013876686e-47,1.4078150333482924e-47,1.407815033348293e-47,1.4073557713409962e-47,1.3943007023087673e-47,1.396812593227072e-47,1.396047528716464e-47,1.3965208635475602e-47,1.3966363473560033e-47,1.4063416128594168e-47,1.3842219822759759e-47,1.3836313840393503e-47,1.3827424244057405e-47,1.38354753654285e-47,1.5714529395254811e-47,1.5714529395254811e-47,1.5724752919732207e-47,1.5679994512162143e-47,1.567999451216214e-47,1.5698911189249878e-47,1.5713990333538787e-47,1.571497225618957e-47,1.5714972256189572e-47,1.5718530252170325e-47,1.5735573895943537e-47,1.5845147523677796e-47,1.581276508982205e-47,1.584691604111147e-47,1.450157116638799e-47,1.4450187895826756e-47,1.2630860736713353e-47,1.2630860736713358e-47,9.107249854007122e-48,9.10724985400712e-48,9.107249854007121e-48,8.984989302532152e-48,8.976566370113998e-48,8.976566370114001e-48,8.984794678636734e-48,8.983634027278633e-48,9.140568091446705e-48,1.097288417616524e-47,1.0994822476057705e-47,1.0995068366321036e-47,1.1017818983135327e-47,1.1053858194300895e-47,1.1061638640482333e-47,1.0899948575113355e-47,1.089994857511336e-47,1.0899948575113356e-47,9.543537809450994e-48,9.54353780945099e-48,9.454056616995595e-48,9.987907007388398e-48,1.0057731766773376e-47,9.909129579585182e-48,7.854709447479384e-48,7.850635136844384e-48,7.858478226235559e-48,7.858478226235557e-48,7.858478226235558e-48,7.858478226235558e-48,7.858478226235558e-48,7.857474350652884e-48,7.844368359464846e-48,7.811386074087499e-48,6.820069101757257e-48,6.821643682323363e-48,6.819801869576245e-48,8.857465723431621e-48,8.940056107488391e-48,8.939366175792022e-48,8.946358827818829e-48,6.701505702380892e-48,6.706348412367347e-48,6.707567413059726e-48,6.707567413059726e-48,6.707567413059727e-48,6.707567413059726e-48,6.706224772015353e-48,6.31358926714356e-48,6.31358926714356e-48,6.313589267143562e-48,6.306618619764806e-48,6.267392616428506e-48,6.289363121268465e-48,6.287423586210124e-48,6.286313036958644e-48,6.247627564666918e-48,6.246211116629842e-48,6.268881919745355e-48,6.250959817758026e-48,6.250959817758024e-48,6.068009625065994e-48,6.068429070318915e-48,5.475975251075479e-48,5.4654638198518675e-48,5.451182513749098e-48,5.4476732125564186e-48,7.507776270798671e-48,7.347515696426078e-48,7.323030313858526e-48,7.304966167800721e-48,1.1877897907652999e-48,1.1877897907652999e-48,1.1875526845881866e-48,1.0895644337420918e-48,1.1381747418090955e-48,1.1635870302355789e-48,1.1635870302355786e-48,1.1416401616744912e-48,1.1355126461717965e-48,1.1355126461717965e-48,1.137581330418644e-48,1.0899047451216963e-48,1.0801321706905334e-48,1.0801321706905334e-48,7.45804715510908e-49,7.703449254068833e-49,7.703449254068835e-49,-2.7189418375064284e-48,-4.607452886005189e-50,-6.6871440684393385e-49,-2.5132065181779886e-50,-1.7308070777304355e-48,-1.515147957373047e-50,-4.046852225847944e-80,6.786646020840279e-51,-1.239854440406085e-51,1.8889596318525576e-50,3.0095971839307505e-50,3.00959718393075e-50,2.645082546726123e-50,-1.0186614255349686e-50,6.855950583485271e-50,2.123528458201218e-51,1.4118073124284911e-50,1.3479578997375333e-50,-1.676518795991076e-51,-3.362653094484105e-49,1.4004845340395997e-50,1.0609184216885464e-50,1.3418041391016146e-49,1.3145557793916304e-49,9.48730613605536e-50,9.48730613605536e-50,9.834526893667296e-50,-1.2664259581806743e-50,-1.3742095025809977e-79,-1.148340399898029e-49,-8.436672492003164e-51,7.784249591847836e-51,5.483690855070151e-51,8.439064845867381e-51,2.7353661321644723e-50,1.8548397196504855e-50,1.328163834706529e-50,1.3281638347065292e-50,1.1305723060461137e-50,1.1505593525841556e-50,1.1505593525841554e-50,-2.701621863303858e-50,-2.0283164727938028e-51,2.185919125953317e-49,2.1861276695474536e-49,-1.9663227560698064e-49,1.4145363099003063e-78,-5.0960285191367906e-51,-1.6146940826170308e-65,2.9011977327016224e-34,2.9011977327016224e-34
2,0.0,0.0,0.0,0.0,0.0,0.0,0.0,0.0,0.0,0.0,0.0,0.0,0.0,0.0,0.0,0.0,0.0,0.0,0.0,0.0,0.0,0.0,0.0,0.0,0.0,0.0,0.0,0.0,0.0,0.0,0.0,0.0,0.0,0.0,0.0,0.0,0.0,0.0,0.0,0.0,0.0,0.0,0.0,0.0,0.0,0.0,0.0,0.0,0.0,0.0,0.0,0.0,0.0,0.0,0.0,0.0,0.0,0.0,0.0,0.0,0.0,0.0,0.0,0.0,0.0,0.0,0.0,0.0,0.0,0.0,0.0,0.0,0.0,0.0,0.0,0.0,0.0,0.0,0.0,0.0,0.0,0.0,0.0,0.0,0.0,0.0,0.0,0.0,0.0,0.0,0.0,0.0,0.0,0.0,0.0,0.0,0.0,0.0,0.0,0.0,0.0,0.0,0.0,0.0,0.0,0.0,0.0,0.0,0.0,0.0,0.0,0.0,0.0,0.0,0.0,0.0,0.0,0.0,0.0,0.0,0.0,0.0,0.0,0.0,0.0,0.0,0.0,0.0,0.0,0.0,0.0,0.0,0.0,0.0,0.0,0.0,0.0,0.0,0.0,0.0,0.0,0.0,0.0,0.0,0.0,0.0,0.0,0.0,0.0,0.0,0.0,0.0,0.0,0.0,0.0,0.0,0.0,0.0,0.0,0.0,0.0,0.0,0.0,0.0,0.0,0.0,0.0,0.0,0.0,0.0,0.0,0.0,0.0,0.0,0.0,0.0,0.0,0.0,0.0,0.0,0.0,0.0,0.0,0.0,0.0,0.0,0.0,0.0,0.0,0.0,0.0,0.0,0.0,0.0,0.0,0.0,0.0,0.0,0.0,0.0,0.0,0.0,0.0,0.0,0.0,0.0,0.0,0.0,0.0,0.0,0.0,0.0,0.0,0.0,0.0,0.0,0.0,0.0,0.0,0.0,0.0,0.0,0.0,0.0,0.0,0.0,0.0,0.0,0.0,0.0,0.0,0.0,0.0,0.0,0.0,0.0,0.0,0.0,0.0,0.0,0.0,0.0,0.0,0.0,0.0,0.0,0.0,0.0,0.0,0.0,0.0,0.0,0.0,0.0,0.0,0.0,0.0,0.0,0.0,0.0,0.0,0.0,0.0,0.0,0.0,0.0,0.0,0.0,0.0,0.0,0.0,0.0,0.0,0.0,0.0,0.0,0.0,0.0,0.0,0.0,0.0,0.0,0.0,0.0,0.0,0.0,0.0,0.0,0.0,0.0,0.0,0.0,0.0,0.0,0.0,0.0,0.0,0.0,0.0,0.0,0.0,0.0,0.0,0.0,0.0,0.0,0.0,0.0,0.0,0.0,0.0,0.0,0.0,0.0,0.0,0.0,0.0,0.0,0.0,0.0,0.0,0.0,0.0,0.0,0.0,0.0,0.0,0.0,0.0,0.0,0.0,0.0,0.0,0.0,0.0,0.0,0.0,0.0,0.0,0.0,0.0,0.0,0.0,0.0,0.0,0.0,0.0,0.0,0.0,0.0,0.0,0.0,0.0,0.0,0.0,0.0,0.0,0.0,0.0,0.0,0.0,0.0,0.0,0.0,0.0,0.0,0.0,0.0,0.0,0.0,0.0,0.0,0.0,0.0,0.0,0.0,0.0,0.0,0.0,0.0,0.0,0.0,0.0,0.0,0.0,0.0,0.0,0.0,0.0,0.0,0.0,0.0,0.0,0.0,0.0,0.0,0.0,0.0,0.0,0.0,0.0,0.0,0.0,0.0,0.0,0.0,0.0,0.0,0.0,0.0,0.0,0.0,0.0,0.0,0.0,0.0,0.0,0.0,0.0,0.0,0.0,0.0,0.0,0.0,0.0,0.0,0.0,0.0,0.0,0.0,0.0,0.0,0.0,0.0,0.0,0.0,0.0,0.0,0.0,0.0,0.0,0.0,0.0,0.0,0.0,0.0,0.0,0.0,0.0,0.0,0.0,0.0,0.0,0.0,0.0,0.0,0.0,0.0,0.0,0.0,0.0,0.0,0.0,0.0,0.0,0.0,0.0,0.0,0.0,0.0,0.0,0.0,0.0,0.0,0.0,0.0,0.0,0.0,0.0,0.0,0.0,0.0,0.0,0.0,0.0,0.0,0.0,0.0,0.0,0.0,0.0,0.0,0.0,0.0,0.0,0.0,0.0,0.0,0.0,0.0,0.0,0.0,0.0,0.0,0.0,0.0,0.0,0.0,0.0,0.0,0.0,0.0,0.0,0.0,0.0,0.0,0.0,0.0,0.0,0.0,0.0,0.0,0.0,0.0,0.0,0.0,0.0,0.0,0.0,0.0,0.0,0.0,0.0,0.0,0.0,0.0,0.0,0.0,0.0,0.0,0.0,0.0,0.0,0.0,0.0,0.0,0.0,0.0,0.0,0.0,0.0,0.0,0.0,0.0,0.0,0.0,0.0,0.0,0.0,0.0,0.0,0.0,0.0,0.0,0.0,0.0,0.0,0.0,0.0,0.0,0.0,0.0,0.0,0.0,0.0,0.0,0.0,0.0,0.0,0.0,0.0,0.0,0.0,0.0,0.0,0.0,0.0,0.0,0.0,0.0,0.0,0.0,0.0,0.0,0.0,0.0,0.0,0.0,0.0,0.0,0.0,0.0,0.0,0.0,0.0,0.0,0.0,0.0,0.0,0.0,0.0,0.0,0.0,0.0,0.0,0.0,0.0,0.0,0.0,0.0,0.0,0.0,0.0,0.0,0.0,0.0,0.0,0.0,0.0,0.0,0.0,0.0,0.0,0.0,0.0,0.0,0.0,0.0,0.0,0.0,0.0,0.0,0.0,0.0,0.0,0.0,0.0,0.0,0.0,0.0,0.0,0.0,0.0,0.0,0.0,0.0,0.0,0.0,0.0,0.0,0.0,0.0,0.0,0.0,0.0,0.0,0.0,0.0,0.0,0.0,0.0,0.0,0.0,0.0,0.0,0.0,0.0,0.0,0.0,0.0,0.0,0.0,0.0,0.0,0.0,0.0,0.0,0.0,0.0,0.0,0.0,0.0,0.0,0.0,0.0,0.0,0.0,0.0,0.0,0.0,0.0,0.0,0.0,0.0,0.0,0.0,0.0,0.0,0.0,0.0,0.0,0.0,0.0,0.0,0.0,0.0,0.0,0.0,0.0,0.0,0.0,0.0,0.0,0.0,0.0,0.0,0.0,0.0,0.0,0.0,0.0,0.0,0.0,0.0,0.0,0.0,0.0,0.0,0.0,0.0,0.0,0.0,0.0,0.0,0.0,0.0,0.0,0.0,0.0,0.0,0.0,0.0,0.0,0.0,0.0,0.0,0.0,0.0,0.0,0.0,0.0,0.0,0.0,0.0,0.0,0.0,0.0,0.0,0.0,0.0,0.0,0.0,0.0,0.0,0.0,0.0,0.0,0.0,0.0,0.0,0.0,0.0,0.0,0.0,0.0,0.0,0.0,0.0,0.0,0.0,0.0,0.0,0.0,0.0,0.0,0.0,0.0,0.0,0.0,0.0,0.0,0.0,0.0,0.0,0.0,0.0,0.0,0.0,0.0,0.0,0.0,0.0,0.0,0.0,0.0,0.0,0.0,0.0,0.0,0.0,0.0,0.0,0.0,0.0,0.0,0.0,0.0,0.0,0.0,0.0,0.0,0.0,0.0,0.0,0.0,0.0,0.0,0.0,0.0,0.0,0.0,0.0,0.0,0.0,0.0,0.0,0.0,0.0,0.0,0.0,0.0,0.0,0.0,0.0,0.0,0.0,0.0,0.0,0.0,0.0,0.0,0.0,0.0,0.0,0.0,0.0,0.0,0.0,0.0,0.0,0.0,0.0,0.0,0.0,0.0,0.0,0.0,0.0,0.0,0.0,0.0,0.0,0.0,0.0,0.0,0.0,0.0,0.0,0.0,0.0,0.0,0.0,0.0,0.0,0.0,0.0,0.0,0.0,0.0,0.0,0.0,0.0,0.0,0.0,0.0,0.0,0.0,0.0,0.0,0.0,0.0,0.0,0.0,0.0,0.0,0.0,0.0,0.0,0.0,0.0,0.0,0.0,0.0,0.0,0.0,0.0,0.0,0.0,0.0,0.0,0.0,0.0,0.0,0.0,0.0,0.0,0.0,0.0,0.0,0.0,0.0,0.0,0.0,0.0,0.0,0.0,0.0,0.0,0.0,0.0,0.0,0.0,0.0,0.0,0.0,0.0,0.0,0.0,0.0,0.0,0.0,0.0,0.0,0.0,0.0,0.0,0.0,0.0,0.0,0.0,0.0,0.0,0.0,0.0,0.0,0.0,0.0,0.0,0.0,0.0,0.0,0.0,0.0,0.0,0.0,0.0,0.0,0.0,0.0,0.0,0.0,0.0,0.0,0.0,0.0,0.0,0.0,0.0,0.0,0.0,0.0,0.0,0.0,0.0,0.0,0.0,0.0,0.0,0.0,0.0,0.0,0.0,0.0,0.0,0.0,0.0,0.0,0.0,0.0,0.0,0.0,0.0,0.0,0.0,0.0,0.0,0.0,0.0,0.0,0.0,0.0,0.0,0.0,0.0,0.0,0.0,0.0,0.0,0.0,0.0,0.0,0.0,0.0,0.0,0.0,0.0,0.0,0.0,0.0,0.0,0.0,0.0,0.0,0.0,0.0,0.0,0.0,0.0,0.0,0.0,0.0,0.0,0.0,0.0,0.0,0.0,0.0,0.0,0.0,0.0,0.0,0.0,0.0,0.0,0.0,0.0,0.0,0.0,0.0,0.0,0.0,0.0,0.0,0.0,0.0,0.0,0.0,0.0,0.0,0.0,0.0,0.0,0.0,0.0,0.0,0.0,0.0,0.0,0.0,0.0,0.0,0.0,0.0,0.0,0.0,0.0,0.0,0.0,0.0,0.0,3.348792516663254e-63,3.3487925166632534e-63,3.3487925166632534e-63,3.348792516663254e-63,3.348792516663253e-63,3.348792516663254e-63,3.348792516663254e-63,3.348792516663253e-63,3.348792516663254e-63,3.348792516663256e-63,3.3487923992000655e-63,3.3487923992039086e-63,3.3487923992039097e-63,-7.473276071258649e-50,-3.457233112245662e-78,8.71681183043936e-108,-7.845394417278438e-76,2.4925461804535066e-105,-9.118445098338016e-76,1.8294342763219875e-105,1.8294342763219875e-105,1.829434276321988e-105,1.8294342763219875e-105,1.829434276321988e-105,1.829434276321988e-105,1.829434276321987e-105,-2.6612086519482554e-61,-1.9588557110072716e-90,2.9533191589854925e-119,2.953319158985493e-119,2.9533191589854914e-119,2.953319158985491e-119,-3.626157951918888e-76,3.980164010280954e-61,3.980164010280953e-61,3.980164010280952e-61,3.980164010280954e-61,3.980164010280954e-61,3.601086056270835e-61,3.3451174183763683e-60,3.3451174183763694e-60,3.345117418376368e-60,3.345117418376369e-60,3.3451174183763694e-60,3.345117418376369e-60,3.3451174183763694e-60,3.3451174183763683e-60,3.345117418376369e-60,3.34511741837637e-60,3.3451174183763694e-60,3.3451174183763694e-60,3.389028212252618e-60,3.397791400197629e-60,-1.1871164562126798e-51,-7.874413934272148e-78,-2.5069215861794703e-107,1.536616040724582e-136,2.732358777492651e-62,2.7323587774926503e-62,2.7323587774926516e-62,2.7323587774926503e-62,2.73235877749265e-62,2.7323587774926503e-62,2.769409416101966e-61,2.769409416101966e-61,2.769409416101966e-61,2.7694094161019658e-61,2.7694094161019665e-61,2.7694094161019665e-61,2.7694094161019658e-61,2.769409416101966e-61,2.7694094161019668e-61,8.554557334040324e-50,8.554557334040324e-50,8.554557334040324e-50,8.554557334040324e-50,8.554557334040324e-50,8.554557334040322e-50,8.554557334040324e-50,8.554557334040326e-50,8.554557334040324e-50,8.554557334040326e-50,8.554557334040324e-50,8.554557334047533e-50,8.554557334047535e-50,8.554557334047537e-50,8.554557334047535e-50,8.554557333945834e-50,8.554557333945836e-50,8.554557333949514e-50,8.554557333949514e-50,8.554557333949516e-50,8.554557334120199e-50,8.554557334120199e-50,8.554557334120199e-50,8.5545573341202e-50,8.5545573341202e-50,8.554557334120203e-50,8.554557334120203e-50,8.5545573341202e-50,8.5545573341202e-50,8.5545573341202e-50,3.495163472694148e-50,3.4951634726941487e-50,3.495163472694149e-50,3.49516347269415e-50,3.4951634726941487e-50,3.495163472694149e-50,3.495163472694149e-50,3.4951634726941496e-50,3.49516347269415e-50,3.49516347269415e-50,3.495163472694149e-50,3.4951634726941496e-50,3.49516347269415e-50,3.4951634726941496e-50,3.49516347269415e-50,3.495163472694149e-50,3.4951634726941496e-50,3.4951634726941487e-50,3.4951634726941477e-50,3.4951634726941496e-50,3.495163472694149e-50,3.495163472694149e-50,3.49516347269415e-50,3.4951634726941496e-50,3.4951634726941496e-50,3.495163472694149e-50,3.4951634726941496e-50,3.495163472694148e-50,3.49516347269415e-50,3.495163472694151e-50,3.495163472694149e-50,3.49516347269415e-50,3.49516347269415e-50,3.4951634726941496e-50,3.49516347269415e-50,3.495163472694149e-50,3.49516347269415e-50,3.495163472694148e-50,3.4951634726941487e-50,3.49516347269415e-50,3.495163472694148e-50,3.495163472774228e-50,3.495163472774229e-50,3.495163472774228e-50,3.4951634727742277e-50,3.495163472774229e-50,3.495163472774228e-50,3.4951634727742277e-50,3.495163472774228e-50,3.495163472774228e-50,3.4951634727742286e-50,3.4951634727742286e-50,3.495163472774229e-50,3.495163472774228e-50,3.495163472774229e-50,3.4951634727742277e-50,3.4951634727742286e-50,3.4951634727742286e-50,1.7412273283844656e-49,1.7412273283844663e-49,1.741227328384466e-49,1.741227328384466e-49,1.741227328386718e-49,1.741227328386718e-49,1.7412273283867175e-49,1.7412273283866586e-49,1.741227328386659e-49,1.741227328386659e-49,1.7412273283866586e-49,1.741227328386659e-49,1.7412273283866594e-49,1.741227328386659e-49,1.5476863694636887e-49,1.5476863694636885e-49,1.547686369463688e-49,1.547686369463688e-49,1.5476863694636887e-49,1.5476863694636881e-49,1.5476863694636885e-49,2.3570114569435445e-49,2.357011456943545e-49,2.3570114569435457e-49,2.357011456943808e-49,2.3570114569438074e-49,2.357011456943808e-49,2.3570114569438066e-49,2.3570114569438074e-49,2.3570114569438074e-49,2.3570114569438074e-49,2.3570114569438066e-49,2.3570114569438074e-49,2.3570114569438074e-49,2.3570114569256237e-49,-5.223863195396595e-49,-6.339516754144644e-78,-5.990441412561374e-81,4.6422980545752835e-110,-2.6998967625681567e-62,-3.4073322298717875e-91,-2.478407382966804e-121,-1.9550761507292065e-150,4.031267906758093e-62,4.031267906758092e-62,4.031267906758092e-62,4.031267906758092e-62,4.031267906759508e-62,4.031527836520624e-62,-4.870683946991776e-61,6.314380321264677e-63,6.314380321264356e-63,1.6939738699838412e-50,1.693973869983841e-50,1.6939738699838414e-50,1.1411142051957788e-50,1.1411142051957788e-50,1.1411142051957788e-50,1.1411142051957788e-50,-1.4753886890280743e-51,-5.894402651461629e-76,-4.493998232425197e-50,7.352615285988962e-72,7.352615286261739e-72,7.352615286261738e-72,7.352615008510392e-72,7.352615008510394e-72,-2.5176605046878478e-62,-7.319990570347848e-91,6.354536869428134e-121,6.354536869428135e-121,5.2227638400747204e-61,5.222763840074722e-61,7.357310862617967e-50,7.357310862600273e-50,7.35731086259506e-50,7.357310862595063e-50,7.357310862595061e-50,7.357310862595061e-50,1.225020484156791e-49,1.225020484156791e-49,1.225020484156795e-49,1.225020484156493e-49,1.225020484156493e-49,1.2250204841563237e-49,1.2250204841560468e-49,1.2250204842159842e-49,1.225020484215984e-49,1.225020484215984e-49,1.2250204842159838e-49,1.2250204842159845e-49,1.2250204842159722e-49,1.2250204842159716e-49,1.225020484215881e-49,1.225020484215881e-49,1.225020484188098e-49,1.2250204841880982e-49,1.2250204841880983e-49,-2.4785448638864534e-50,-2.1732564554830565e-79,1.3276618408248343e-61,1.3276618408537468e-61,1.3276618414970123e-61,1.327661841497054e-61,1.3276618414970538e-61,1.3276618414984775e-61,-3.7914059281623434e-62,8.505285282148718e-92,8.505285282148723e-92,2.0651283882181633e-54,2.0651283882181633e-54,2.065132167548205e-54,2.065132167548205e-54,-4.0955198156753444e-49,-1.3622758207278488e-78,-1.3710120748014352e-108,-5.168930740949048e-78,-1.63570775467656e-107,-5.319730993286787e-81,2.388170853366202e-110,-3.09467532251507e-80,-1.4140129289392213e-50,-1.2881460937177075e-80,4.863098231039033e-61,4.863098231039034e-61,4.8630982310390344e-61,4.863098231039036e-61,4.863098231039035e-61,-8.575155296337763e-50,1.527300904495586e-50,1.5273009044955857e-50,1.5273009044955857e-50,1.527300904317441e-50,1.5273009038631951e-50,1.5273009038631947e-50,1.5273009038667496e-50,1.52730090386675e-50,1.5273009038326804e-50,1.5273009038328563e-50,1.5273009038311329e-50,1.5273009038311333e-50,1.5273009038315623e-50,1.5273009038315628e-50,1.5273009037986433e-50,1.5273009038530987e-50,1.5273009038530987e-50,1.5273009038530992e-50,1.5273009038530994e-50,1.5273009038530994e-50,1.5273009038437223e-50,1.527300903843631e-50,1.5273009038410159e-50,1.5273009038410151e-50,7.005616932666588e-48,7.005616932666585e-48,6.996362957715905e-48,6.996362957715909e-48,6.996362957715905e-48,6.996362957715963e-48,6.996362957715962e-48,6.996362957715962e-48,6.996362957715963e-48,6.996362957715962e-48,6.996362957715962e-48,6.996362957715962e-48,6.99636295771638e-48,6.996362957716378e-48,6.996362957716378e-48,6.99636295771638e-48,6.99636295771638e-48,6.996362957716378e-48,6.996362957716391e-48,6.9990568985391e-48,6.999056898539163e-48,6.999056898539163e-48,6.999056898539161e-48,6.999056898539163e-48,6.980409387874372e-48,6.980409387874182e-48,6.980409387874184e-48,6.980409387874182e-48,6.980409387874182e-48,6.980409387874166e-48,6.980409387874069e-48,6.980409387874082e-48,6.980409387874082e-48,6.980409387874083e-48,6.980409387874082e-48,6.980409387874083e-48,6.980409387874087e-48,6.980409387874084e-48,6.980409387874087e-48,6.980409387873699e-48,6.980409387873637e-48,6.980409387873637e-48,6.980409387873332e-48,6.980409387873332e-48,6.98040938787333e-48,6.980409387873332e-48,6.980409387873362e-48,6.980409387873413e-48,6.980409387873412e-48,6.980409387873415e-48,6.980409387873413e-48,6.980409387873413e-48,6.980409387873415e-48,6.980409387873407e-48,6.980409387873409e-48,6.980409387873407e-48,6.98040938787337e-48,6.980409387873365e-48,6.980409387873364e-48,6.980409387873364e-48,6.980409387873365e-48,6.980409387873364e-48,6.980409387873365e-48,6.980409387873364e-48,6.980409387873653e-48,6.980409387873653e-48,6.980409387873652e-48,6.980409387873649e-48,6.980409387873653e-48,6.980409387873652e-48,6.980409387873652e-48,6.98040938787369e-48,6.98040938787369e-48,6.980409387873689e-48,6.98040938787369e-48,6.980409387873692e-48,6.98040938787369e-48,1.679657681781789e-48,1.679657681781789e-48,1.6796576817817894e-48,1.679657681781789e-48,1.6796576817817888e-48,1.6796576817817885e-48,1.679657681781789e-48,1.6796576817817787e-48,1.6796576817817787e-48,1.6796576817817787e-48,1.6796576817817784e-48,1.6796576817817787e-48,1.6796576817817784e-48,1.671311722762695e-48,1.8533195698720323e-48,1.853319569872057e-48,1.8533195698720572e-48,1.8533195698720566e-48,1.8533195698720566e-48,1.8533195698720566e-48,1.8533195698720566e-48,1.8533195698720563e-48,1.8533195698720566e-48,1.8533195698720566e-48,1.8533195698720566e-48,1.8533195698720563e-48,1.853319569872057e-48,1.853319569872057e-48,1.8533195698720563e-48,1.8533195698720572e-48,1.853319569872057e-48,1.853319569872057e-48,1.8533195698720572e-48,1.853319569872057e-48,1.8533195698720572e-48,1.853319569872057e-48,1.853319569872073e-48,1.8533195698720724e-48,1.8533195698720794e-48,1.8533195698720794e-48,1.8533195698720794e-48,1.85331956987208e-48,1.8533195698720797e-48,1.8533195698721575e-48,1.8533195698721693e-48,1.8533195698721693e-48,1.8533195698721693e-48,1.853319569872201e-48,1.853319569872363e-48,1.8533195698723635e-48,1.853319569872363e-48,1.8533195698723626e-48,1.8533195698723635e-48,1.853319569872363e-48,1.8533195698723805e-48,1.8533195698723802e-48,1.8533195698723808e-48,1.8533195698723805e-48,1.8533195698723802e-48,1.8533195698723802e-48,1.8533195698723796e-48,1.8533195698723793e-48,1.85331956987238e-48,1.8533195698723793e-48,1.85331956987238e-48,1.8533195698723766e-48,1.853319569872376e-48,1.853319569872486e-48,1.846219007864282e-48,1.8462190078642823e-48,1.8462190078642817e-48,1.8462190078642823e-48,1.8462190078642817e-48,1.8462190078642817e-48,1.8462190078642826e-48,1.846219007864205e-48,1.8462190078642172e-48,1.8462190078642112e-48,1.8462190078642112e-48,1.846219007864212e-48,1.8462190078642118e-48,1.8462190078642163e-48,1.8462190078639562e-48,1.846219007863956e-48,1.846219007863956e-48,1.846219007863956e-48,1.8462190078639073e-48,1.8631288126772242e-48,1.8631288126767015e-48,1.863128812676702e-48,1.8610310080547568e-48,1.8610310080547575e-48,1.8583455353053803e-48,1.8583455353053806e-48,1.8583455353053736e-48,1.858345535305374e-48,1.858345535305374e-48,1.8583455353053937e-48,1.858345535305393e-48,1.8583455353053937e-48,1.8583455353053937e-48,1.8583455353053745e-48,1.8583455353051634e-48,1.8583455353051637e-48,1.8583455353051703e-48,1.8583455353051697e-48,1.936863507308674e-48,1.9368635073086733e-48,1.9368635073086733e-48,1.936863507308674e-48,1.9368635073086736e-48,1.9368635073086733e-48,1.9368635073086736e-48,1.936863507308674e-48,1.9368635073086736e-48,1.9358300494979715e-48,1.9358300494979715e-48,1.935830049497971e-48,1.9358300494979706e-48,1.9358300494979706e-48,1.9358300494979706e-48,1.935830049497971e-48,1.9358300494979706e-48,1.935830049497971e-48,1.9358300494979706e-48,1.935830049497971e-48,1.935830049497388e-48,1.9358300494973884e-48,1.9358300494973887e-48,1.931411934469594e-48,1.931411934469593e-48,1.9314119344695928e-48,1.9314119344695934e-48,1.9314119344695928e-48,1.931411934469595e-48,1.931411934469595e-48,1.9314119344695955e-48,1.931411934469595e-48,1.915359225388192e-48,1.915359225388193e-48,1.9153592253881923e-48,1.9153592253881923e-48,1.9153592253881923e-48,1.915359225388192e-48,1.9153592253881926e-48,1.9153592253881926e-48,1.9153592253881923e-48,1.9153592253881926e-48,1.860282948190895e-48,1.8602829481908827e-48,1.8602829481908778e-48,1.8602829481908778e-48,1.860282948190878e-48,2.897905702267999e-48,2.8979057022679994e-48,2.8979057022679994e-48,2.897905702268e-48,2.897905702267999e-48,2.897905702268e-48,2.897905702268e-48,2.8979057022679994e-48,2.897905702267999e-48,2.897905702267999e-48,2.8979057022677247e-48,2.897905702267725e-48,2.897905702267836e-48,2.8979057022678365e-48,2.897905702267901e-48,2.8979057022679015e-48,2.897905702267901e-48,2.897905702267901e-48,2.897905702267902e-48,2.8979057022679015e-48,2.897905702267901e-48,2.8979057022679015e-48,2.8979057022679015e-48,2.897905702267902e-48,2.897905702267902e-48,2.8979057022679033e-48,2.8979057022679015e-48,2.8979057022679046e-48,2.897905702267805e-48,2.897905702267805e-48,2.8979057022678055e-48,2.897905702267748e-48,2.897905702267869e-48,2.8979057022678693e-48,2.897905702267869e-48,2.897905702267869e-48,2.8979057022678693e-48,2.897905702267869e-48,2.897905702267868e-48,2.897905702269557e-48,2.8979057022695496e-48,2.8979057022695265e-48,2.897905702269286e-48,2.8979057022692847e-48,2.897905702269284e-48,2.897905702269284e-48,2.8979057022692847e-48,2.897905702269271e-48,2.8979057022699033e-48,2.897905702269903e-48,2.897905702269904e-48,2.8979057022656955e-48,2.897905702265694e-48,2.897905702265695e-48,2.897905702265695e-48,2.8979057022656937e-48,2.8979057022656937e-48,2.8979057022656937e-48,3.70484998201481e-48,3.704849982014917e-48,3.704849982014916e-48,3.7048499820149157e-48,3.704849982014917e-48,3.704849982014917e-48,3.7048499820149157e-48,3.709679144150556e-48,3.709679144151134e-48,3.7096791441511326e-48,3.70967914415114e-48,3.709679144151139e-48,3.709679144151982e-48,3.7096791441519804e-48,3.7246284405656726e-48,3.724628440565672e-48,3.724628440565673e-48,3.724628440565672e-48,3.724628440565673e-48,3.724628440565673e-48,3.7246284405656726e-48,3.724628440565673e-48,3.724628440565673e-48,3.4462120937409485e-48,3.446212093740948e-48,3.4462120937409485e-48,3.4462120937409485e-48,3.4462120937409485e-48,3.446212093740945e-48,3.446212093740944e-48,3.446212093740503e-48,3.446212093740503e-48,3.446212093740804e-48,3.446212093740804e-48,3.446212093740804e-48,3.4462120937408044e-48,3.4462120937408044e-48,3.4462120937408044e-48,3.4462120937408044e-48,3.482291336475452e-48,3.482291336475454e-48,3.482291336476752e-48,3.4822913364767503e-48,3.4822913364767515e-48,3.482291336476751e-48,3.482291336476751e-48,3.4822913364767546e-48,3.482291336476751e-48,3.4822913364767503e-48,3.482291336476751e-48,3.482291336476751e-48,3.48229133647675e-48,3.4822913364767515e-48,3.482291336476751e-48,3.48229133647675e-48,3.482291336476756e-48,3.482618652186463e-48,3.482618652186463e-48,3.482618652186463e-48,3.482618652186556e-48,3.453776166899448e-48,3.453776166899448e-48,3.4537761668994474e-48,3.4537761668994474e-48,3.4537761668994474e-48,3.479491410398696e-48,3.4794914103986674e-48,3.4794914103986674e-48,3.479491410398666e-48,3.479491410398667e-48,3.479491410398667e-48,3.4794914103986674e-48,3.479491410398688e-48,3.4794914103986886e-48,3.4794914103989275e-48,3.479491410398927e-48,3.4794914103989475e-48,3.479491410398947e-48,3.4794914103989013e-48,3.479491410398904e-48,3.4794914103989026e-48,3.490014179297722e-48,3.490014179297703e-48,3.4900141792977036e-48,3.490014179297767e-48,3.49001417929773e-48,3.49001417929773e-48,3.490014179297713e-48,3.490014179297712e-48,3.472476437520753e-48,3.472476437520752e-48,3.472476437520756e-48,3.4724764375207565e-48,3.4724764375207565e-48,3.4724764375207565e-48,3.472476437520757e-48,3.472476437520756e-48,3.472476437520756e-48,3.472476437520757e-48,3.472476437520738e-48,3.472476437520737e-48,3.4724764375207765e-48,3.3946438257468034e-48,3.3946438257468034e-48,3.3946438257471085e-48,3.3946438257471085e-48,3.394643825747108e-48,3.3946438257471085e-48,4.2590136645265055e-48,4.259013664526507e-48,4.2590136645265055e-48,4.2590136645265244e-48,4.259013664526538e-48,4.259013664526526e-48,4.2590136645265274e-48,4.259013664526527e-48,4.2590136645281087e-48,4.2590136645281087e-48,4.259013664528107e-48,4.259013664528106e-48,4.259013664528106e-48,4.259013664528107e-48,4.2590136645281056e-48,4.259013664528108e-48,4.259013664528114e-48,4.259013664528113e-48,4.259013664528114e-48,4.2590136645281196e-48,4.2590136645281227e-48,4.259013664528123e-48,4.259013664528024e-48,4.259013664527941e-48,4.2590136645279385e-48,4.2590136645279385e-48,4.259013664527938e-48,4.259013664532222e-48,4.259013664532221e-48,4.259013664532216e-48,4.259013664532216e-48,4.259013664532215e-48,4.259013664532216e-48,4.259013664532212e-48,4.2590136645322114e-48,4.259013664532211e-48,4.2590136645322187e-48,4.259013664532223e-48,4.259013664532191e-48,4.259013664532188e-48,4.2235716867017514e-48,4.2235716867017526e-48,4.2235716867017514e-48,4.22357168670309e-48,4.223571686703091e-48,4.2235716867030896e-48,4.22357168670309e-48,4.22357168670309e-48,4.223571686703091e-48,4.2235716867030975e-48,4.2235716867030975e-48,4.2235716867031115e-48,4.223571686703184e-48,4.2235716867031856e-48,4.2235716867031856e-48,4.2235716867031856e-48,4.223571686703185e-48,4.2235716867028556e-48,4.223571686702857e-48,4.211332789343738e-48,4.2717196662357866e-48,4.2717196662357884e-48,4.271719666235786e-48,4.2717196662357866e-48,4.271719666235786e-48,4.271719666235772e-48,4.271719666235771e-48,4.271719666235773e-48,4.2717196662355076e-48,4.271719666235506e-48,4.271719666235508e-48,4.2717196662355076e-48,4.271719666235506e-48,4.2717196662355076e-48,4.2717196662355076e-48,4.271719666235507e-48,4.2717196662354876e-48,4.2717196662354876e-48,4.271719666235488e-48,4.271719666235487e-48,4.257505533660488e-48,4.257505533660489e-48,4.257505533656645e-48,4.257505533656646e-48,4.257505533656647e-48,4.2575055336566446e-48,5.2963888435967503e-48,5.296388843596751e-48,5.2963888435967564e-48,5.296388843596756e-48,5.2963888435967564e-48,5.2963888435967564e-48,5.296388843596758e-48,5.296388843596756e-48,5.296388843596755e-48,5.2963888435967564e-48,5.296388843596755e-48,5.2963888435967224e-48,5.296388843596722e-48,5.296388843596723e-48,5.296388843596723e-48,5.296388843596721e-48,5.296388843596721e-48,5.2963888435967205e-48,5.2963888435967224e-48,5.296388843596721e-48,5.296388843596721e-48,5.296388843596721e-48,5.296388843598381e-48,5.2963888435983796e-48,5.296388843598378e-48,5.2963888435983784e-48,5.2963888435983796e-48,5.2963888435984294e-48,5.296388843598455e-48,5.302982836304785e-48,5.3029828363047845e-48,5.302982836304783e-48,5.302982836304786e-48,5.302982836304784e-48,5.302982836304783e-48,5.3029828363047905e-48,5.3029828363047893e-48,5.302982836304788e-48,5.302982836304789e-48,5.3029828363047893e-48,5.3029828363047893e-48,5.30298283630479e-48,5.3029828363047893e-48,5.30298283630479e-48,5.3029828363047905e-48,5.30298283630479e-48,5.30298283630479e-48,5.3029828363047893e-48,5.316003343624477e-48,5.316003343624476e-48,5.316003343624477e-48,5.316003343624477e-48,5.316003343624478e-48,5.3160033436244775e-48,5.316003343624477e-48,5.316003343624427e-48,5.316003343624428e-48,5.316003343624428e-48,5.3160033436244277e-48,5.316003343624427e-48,5.316003343624459e-48,5.316003343624458e-48,5.316003343624459e-48,5.3160033436244587e-48,5.316003343624458e-48,5.316003343624457e-48,5.3160033436244574e-48,5.3160033436244574e-48,5.3160033436244605e-48,5.31600334362446e-48,5.316003343624459e-48,5.3160033436244757e-48,5.316003343624475e-48,5.3160033436244757e-48,5.316003343624475e-48,5.316003343624475e-48,5.316003343624475e-48,5.3160033436244824e-48,5.316003343624482e-48,5.316003343624482e-48,5.3160033436244824e-48,5.303939336971243e-48,5.3039393369712434e-48,5.2652206443541e-48,5.265220644354102e-48,5.265220644354101e-48,5.265220644354102e-48,5.2652206443541015e-48,5.265220644354103e-48,5.2652206443541045e-48,5.2652206443540176e-48,5.2652206443540207e-48,5.26522064435402e-48,5.265220644354019e-48,5.265220644354019e-48,5.26522064435402e-48,5.265220644354019e-48,5.265220644354019e-48
3,0.09572834938139431,0.09572834938139428,0.09572834938139431,0.09572834938139428,0.09572834938139431,0.09572834938139428,0.09572834938139431,0.09572834938139428,0.09572834938139431,0.09572834938139428,0.09572834938139431,0.09572834938139428,0.09572834938139431,0.09572834938139428,0.09572834938139431,0.09572834938139428,0.09572834938139431,0.09572834938139428,0.09572834938139431,0.09572834938139431,0.09572834938139431,0.09572834938139431,0.09572834938139431,0.09572834938139431,0.09572834938139431,0.09572834938139431,0.09572834938139431,0.09572834938139431,0.09572834938139431,0.09572834938139431,0.09572834938139431,0.09572834938139431,0.09572834938139431,0.09572834938139431,0.09572834938139431,0.09572834938139431,0.09572834938139431,0.09572834938139431,0.09572834938139431,0.09572834938139431,0.09572834938139431,0.09572834938139431,0.09572834938139431,0.09572834938139431,0.09572834938139431,0.09572834938139431,0.09572834938139431,0.09572834938139431,0.09572834938139431,0.09572834938139431,0.09572834938139431,0.09572834938139431,0.09572834938139431,0.09572834938139431,0.09572834938139431,0.09572834938139431,0.09572834938139431,0.09572834938139431,0.09572834938139431,0.09572834938139431,0.09572834938139431,0.09572834938139431,0.09572834938139431,0.09572834938139431,0.09572834938139431,0.09572834938139431,0.09572834938139431,0.09572834938139431,0.09572834938139431,0.09572834938139431,0.09572834938139431,0.09572834938139431,0.09572834938139431,0.09572834938139431,0.09572834938139431,0.09572834938139431,0.09572834938139431,0.09572834938139431,0.09572834938139431,0.09572834938139431,0.09572834938139431,0.09572834938139431,0.09572834938139431,0.09572834938139431,0.09572834938139431,0.09572834938139431,0.09572834938139431,0.09572834938139431,0.09572834938139431,0.09572834938139431,0.09572834938139431,0.09572834938139431,0.09572834938139431,0.09572834938139431,0.09572834938139431,0.09572834938139431,0.09572834938139431,0.09572834938139431,0.09572834938139431,0.09572834938139431,0.09572834938139431,0.09572834938139431,0.09572834938139431,0.09572834938139431,0.09572834938139431,0.09572834938139431,0.09572834938139431,0.09572834938139431,0.09572834938139431,0.09572834938139431,0.09572834938139431,0.09572834938139431,0.09572834938139431,0.09572834938139431,0.09572834938139431,0.09572834938139431,0.09572834938139431,0.09572834938139431,0.09572834938139431,0.09572834938139431,0.09572834938139431,0.09572834938139431,0.09572834938139431,0.09572834938139431,0.09572834938139431,0.09572834938139431,0.09572834938139431,0.09572834938139431,0.09572834938139431,0.09572834938139431,0.09572834938139431,0.09572834938139431,0.09572834938139431,0.09572834938139431,0.09572834938139431,0.09572834938139431,0.09572834938139431,0.09572834938139431,0.09572834938139431,0.09572834938139431,0.09572834938139431,0.09572834938139431,0.09572834938139431,0.09572834938139431,0.09572834938139431,0.09572834938139431,0.09572834938139431,0.09572834938139431,0.09572834938139431,0.09572834938139431,0.09572834938139431,0.09572834938139431,0.09572834938139431,0.09572834938139431,0.09572834938139431,0.09572834938139431,0.09572834938139431,0.09572834938139431,0.09572834938139431,0.09572834938139431,0.09572834938139431,0.09572834938139431,0.09572834938139431,0.09572834938139431,0.09572834938139431,0.09572834938139431,0.09572834938139431,0.09572834938139431,0.09572834938139431,0.09572834938139431,0.09572834938139431,0.09572834938139431,0.09572834938139431,0.09572834938139431,0.09572834938139431,0.09572834938139431,0.09572834938139431,0.09572834938139431,0.09572834938139431,0.09572834938139431,0.09572834938139431,0.09572834938139431,0.09572834938139431,0.09572834938139431,0.09572834938139431,0.09572834938139431,0.09572834938139431,0.09572834938139431,0.09572834938139431,0.09572834938139431,0.09572834938139431,0.09572834938139431,0.09572834938139431,0.09572834938139431,0.09572834938139431,0.09572834938139431,0.09572834938139431,0.09572834938139431,0.09572834938139431,0.09572834938139431,0.09572834938139431,0.09572834938139431,0.09572834938139431,0.09572834938139431,0.09572834938139431,0.09572834938139431,0.09572834938139431,0.09572834938139431,0.09572834938139431,0.09572834938139431,0.09572834938139431,0.09572834938139431,0.09572834938139431,0.09572834938139431,0.09572834938139431,0.09572834938139431,0.09572834938139431,0.09572834938139431,0.09572834938139431,0.09572834938139431,0.09572834938139431,0.09572834938139431,0.09572834938139431,0.09572834938139431,0.09572834938139431,0.09572834938139431,0.09572834938139431,0.09572834938139431,0.09572834938139431,0.09572834938139431,0.09572834938139431,0.09572834938139431,0.09572834938139431,0.09572834938139431,0.09572834938139431,0.09572834938139431,0.09572834938139431,0.09572834938139431,0.09572834938139431,0.09572834938139431,0.09572834938139431,0.09572834938139431,0.09572834938139431,0.09572834938139431,0.09572834938139431,0.09572834938139431,0.09572834938139431,0.09572834938139431,0.09572834938139431,0.09572834938139431,0.09572834938139431,0.09572834938139431,0.09572834938139431,0.09572834938139431,0.09572834938139431,0.09572834938139431,0.09572834938139431,0.09572834938139431,0.09572834938139431,0.09572834938139431,0.09572834938139431,0.09572834938139431,0.09572834938139431,0.09572834938139431,0.09572834938139431,0.09572834938139431,0.09572834938139431,0.09572834938139431,0.09572834938139431,0.09572834938139431,0.09572834938139431,0.09572834938139431,0.09572834938139431,0.09572834938139431,0.09572834938139431,0.09572834938139431,0.09572834938139431,0.09572834938139431,0.09572834938139431,0.09572834938139431,0.09572834938139431,0.09572834938139431,0.09572834938139431,0.09572834938139431,0.09572834938139431,0.09572834938139431,0.09572834938139431,0.09572834938139431,0.09572834938139431,0.09572834938139431,0.09572834938139431,0.09572834938139431,0.09572834938139431,0.09572834938139431,0.09572834938139431,0.09572834938139431,0.09572834938139431,0.09572834938139431,0.09572834938139431,0.09572834938139431,0.09572834938139431,0.09572834938139431,0.09572834938139431,0.09572834938139431,0.09572834938139431,0.09572834938139431,0.09572834938139431,0.09572834938139431,0.09572834938139431,0.09572834938139431,0.09572834938139431,0.09572834938139431,0.09572834938139431,0.09572834938139431,0.09572834938139431,0.09572834938139431,0.09572834938139431,0.09572834938139431,0.09572834938139431,0.09572834938139431,0.09572834938139431,0.09572834938139431,0.09572834938139431,0.09572834938139431,0.09572834938139431,0.09572834938139431,0.09572834938139431,0.09572834938139431,0.09572834938139431,0.09572834938139431,0.09572834938139431,0.09572834938139431,0.09572834938139431,0.09572834938139431,0.09572834938139431,0.09572834938139431,0.09572834938139431,0.09572834938139431,0.09572834938139431,0.09572834938139431,0.09572834938139431,0.09572834938139431,0.09572834938139431,0.09572834938139431,0.09572834938139431,0.09572834938139431,0.09572834938139431,0.09572834938139431,0.09572834938139431,0.09572834938139431,0.09572834938139431,0.09572834938139431,0.09572834938139431,0.09572834938139431,0.09572834938139431,0.09572834938139431,0.09572834938139431,0.09572834938139431,0.09572834938139431,0.09572834938139431,0.09572834938139431,0.09572834938139431,0.09572834938139431,0.09572834938139431,0.09572834938139431,0.09572834938139431,0.09572834938139431,0.09572834938139431,0.09572834938139431,0.09572834938139431,0.09572834938139431,0.09572834938139431,0.09572834938139431,0.09572834938139431,0.09572834938139431,0.09572834938139431,0.09572834938139431,0.09572834938139431,0.09572834938139431,0.09572834938139431,0.09572834938139431,0.09572834938139431,0.09572834938139431,0.09572834938139431,0.09572834938139431,0.09572834938139431,0.09572834938139431,0.09572834938139431,0.09572834938139431,0.09572834938139431,0.09572834938139431,0.09572834938139431,0.09572834938139431,0.09572834938139431,0.09572834938139431,0.09572834938139431,0.09572834938139431,0.09572834938139431,0.09572834938139431,0.09572834938139431,0.09572834938139431,0.09572834938139431,0.09572834938139431,0.09572834938139431,0.09572834938139431,0.09572834938139431,0.09572834938139431,0.09572834938139431,0.09572834938139431,0.09572834938139431,0.09572834938139431,0.09572834938139431,0.09572834938139431,0.09572834938139431,0.09572834938139431,0.09572834938139431,0.09572834938139431,0.09572834938139431,0.09572834938139431,0.09572834938139431,0.09572834938139431,0.09572834938139431,0.09572834938139431,0.09572834938139431,0.09572834938139431,0.09572834938139431,0.09572834938139431,0.09572834938139431,0.09572834938139431,0.09572834938139431,0.09572834938139431,0.09572834938139431,0.09572834938139431,0.09572834938139431,0.09572834938139431,0.09572834938139431,0.09572834938139431,0.09572834938139431,0.09572834938139431,0.09572834938139431,0.09572834938139431,0.09572834938139431,0.09572834938139431,0.09572834938139431,0.09572834938139431,0.09572834938139431,0.09572834938139431,0.09572834938139431,0.09572834938139431,0.09572834938139431,0.09572834938139431,0.09572834938139431,0.09572834938139431,0.09572834938139431,0.09572834938139431,0.09572834938139431,0.09572834938139431,0.09572834938139431,0.09572834938139431,0.09572834938139431,0.09572834938139431,0.09572834938139431,0.09572834938139431,0.09572834938139431,0.09572834938139431,0.09572834938139431,0.09572834938139431,0.09572834938139431,0.09572834938139431,0.09572834938139431,0.09572834938139431,0.09572834938139431,0.09572834938139431,0.09572834938139431,0.09572834938139431,0.09572834938139431,0.09572834938139431,0.09572834938139431,0.09572834938139431,0.09572834938139431,0.09572834938139431,0.09572834938139431,0.09572834938139431,0.09572834938139431,0.09572834938139431,0.09572834938139431,0.09572834938139431,0.09572834938139431,0.09572834938139431,0.09572834938139431,0.09572834938139431,0.09572834938139431,0.09572834938139431,0.09572834938139431,0.09572834938139431,0.09572834938139431,0.09572834938139431,0.09572834938139431,0.09572834938139431,0.09572834938139431,0.09572834938139431,0.09572834938139431,0.09572834938139431,0.09572834938139431,0.09572834938139431,0.09572834938139431,0.09572834938139431,0.09572834938139431,0.09572834938139431,0.09572834938139431,0.09572834938139431,0.09572834938139431,0.09572834938139431,0.09572834938139431,0.09572834938139431,0.09572834938139431,0.09572834938139431,0.09572834938139431,0.09572834938139431,0.09572834938139431,0.09572834938139431,0.09572834938139431,0.09572834938139431,0.09572834938139431,0.09572834938139431,0.09572834938139431,0.09572834938139431,0.09572834938139431,0.09572834938139431,0.09572834938139431,0.09572834938139431,0.09572834938139431,0.09572834938139431,0.09572834938139431,0.09572834938139431,0.09572834938139431,0.09572834938139431,0.09572834938139431,0.09572834938139431,0.09572834938139431,0.09572834938139431,0.09572834938139431,0.09572834938139431,0.09572834938139431,0.09572834938139431,0.09572834938139431,0.09572834938139431,0.09572834938139431,0.09572834938139431,0.09572834938139431,0.09572834938139431,0.09572834938139431,0.09572834938139431,0.09572834938139431,0.09572834938139431,0.09572834938139431,0.09572834938139431,0.09572834938139431,0.09572834938139431,0.09572834938139431,0.09572834938139431,0.09572834938139431,0.09572834938139431,0.09572834938139431,0.09572834938139431,0.09572834938139431,0.09572834938139431,0.09572834938139431,0.09572834938139431,0.09572834938139431,0.09572834938139431,0.09572834938139431,0.09572834938139431,0.09572834938139431,0.09572834938139431,0.09572834938139431,0.09572834938139431,0.09572834938139431,0.09572834938139431,0.09572834938139431,0.09572834938139431,0.09572834938139431,0.09572834938139431,0.09572834938139431,0.09572834938139431,0.09572834938139431,0.09572834938139431,0.09572834938139431,0.09572834938139431,0.09572834938139431,0.09572834938139431,0.09572834938139431,0.09572834938139431,0.09572834938139431,0.09572834938139431,0.09572834938139431,0.09572834938139431,0.09572834938139431,0.09572834938139431,0.09572834938139431,0.09572834938139431,0.09572834938139431,0.09572834938139431,0.09572834938139431,0.09572834938139431,0.09572834938139431,0.09572834938139431,0.09572834938139431,0.09572834938139431,0.09572834938139431,0.09572834938139431,0.09572834938139431,0.09572834938139431,0.09572834938139431,0.09572834938139431,0.09572834938139431,0.09572834938139431,0.09572834938139431,0.09572834938139431,0.09572834938139431,0.09572834938139431,0.09572834938139431,0.09572834938139431,0.09572834938139431,0.09572834938139431,0.09572834938139431,0.09572834938139431,0.09572834938139431,0.09572834938139431,0.09572834938139431,0.09572834938139431,0.09572834938139431,0.09572834938139431,0.09572834938139431,0.09572834938139431,0.09572834938139431,0.09572834938139431,0.09572834938139431,0.09572834938139431,0.09572834938139431,0.09572834938139431,0.09572834938139431,0.09572834938139431,0.09572834938139431,0.09572834938139431,0.09572834938139431,0.09572834938139431,0.09572834938139431,0.09572834938139431,0.09572834938139431,0.09572834938139431,0.09572834938139431,0.09572834938139431,0.09572834938139431,0.09572834938139431,0.09572834938139431,0.09572834938139431,0.09572834938139431,0.09572834938139431,0.09572834938139431,0.09572834938139431,0.09572834938139431,0.09572834938139431,0.09572834938139431,0.09572834938139431,0.09572834938139431,0.09572834938139431,0.09572834938139431,0.09572834938139431,0.09572834938139431,0.09572834938139431,0.09572834938139431,0.09572834938139431,0.09572834938139431,0.09572834938139431,0.09572834938139431,0.09572834938139431,0.09572834938139431,0.09572834938139431,0.09572834938139431,0.09572834938139431,0.09572834938139431,0.09572834938139431,0.09572834938139431,0.09572834938139431,0.09572834938139431,0.09572834938139431,0.09572834938139431,0.09572834938139431,0.09572834938139431,0.09572834938139431,0.09572834938139431,0.09572834938139431,0.09572834938139431,0.09572834938139431,0.09572834938139431,0.09572834938139431,0.09572834938139431,0.09572834938139431,0.09572834938139431,0.09572834938139431,0.09572834938139431,0.09572834938139431,0.09572834938139431,0.09572834938139431,0.09572834938139431,0.09572834938139431,0.09572834938139431,0.09572834938139431,0.09572834938139431,0.09572834938139431,0.09572834938139431,0.09572834938139431,0.09572834938139431,0.09572834938139431,0.09572834938139431,0.09572834938139431,0.09572834938139431,0.09572834938139431,0.09572834938139431,0.09572834938139431,0.09572834938139431,0.09572834938139431,0.09572834938139431,0.09572834938139431,0.09572834938139431,0.09572834938139431,0.09572834938139431,0.09572834938139431,0.09572834938139431,0.09572834938139431,0.09572834938139431,0.09572834938139431,0.09572834938139431,0.09572834938139431,0.09572834938139431,0.09572834938139431,0.09572834938139431,0.09572834938139431,0.09572834938139431,0.09572834938139431,0.09572834938139431,0.09572834938139431,0.09572834938139431,0.09572834938139431,0.09572834938139431,0.09572834938139431,0.09572834938139431,0.09572834938139431,0.09572834938139431,0.09572834938139431,0.09572834938139431,0.09572834938139431,0.09572834938139431,0.09572834938139431,0.09572834938139431,0.09572834938139431,0.09572834938139431,0.09572834938139431,0.09572834938139431,0.09572834938139431,0.09572834938139431,0.09572834938139431,0.09572834938139431,0.09572834938139431,0.09572834938139431,0.09572834938139431,0.09572834938139431,0.09572834938139431,0.09572834938139431,0.09572834938139431,0.09572834938139431,0.09572834938139431,0.09572834938139431,0.09572834938139431,0.09572834938139431,0.09572834938139431,0.09572834938139431,0.09572834938139431,0.09572834938139431,0.09572834938139431,0.09572834938139431,0.09572834938139431,0.09572834938139431,0.09572834938139431,0.09572834938139431,0.09572834938139431,0.09572834938139431,0.09572834938139431,0.09572834938139431,0.09572834938139431,0.09572834938139431,0.09572834938139431,0.09572834938139431,0.09572834938139431,0.09572834938139431,0.09572834938139431,0.09572834938139431,0.09572834938139431,0.09572834938139431,0.09572834938139431,0.09572834938139431,0.09572834938139431,0.09572834938139431,0.09572834938139431,0.09572834938139431,0.09572834938139431,0.09572834938139431,0.09572834938139431,0.09572834938139431,0.09572834938139431,0.09572834938139431,0.09572834938139431,0.09572834938139431,0.09572834938139431,0.09572834938139431,0.09572834938139431,0.09572834938139431,0.09572834938139431,0.09572834938139431,0.09572834938139431,0.09572834938139431,0.09572834938139431,0.09572834938139431,0.09572834938139431,0.09572834938139431,0.09572834938139431,0.09572834938139431,0.09572834938139431,0.09572834938139431,0.09572834938139431,0.09572834938139431,0.09572834938139431,0.09572834938139431,0.09572834938139431,0.09572834938139431,0.09572834938139431,0.09572834938139431,0.09572834938139431,0.09572834938139431,0.09572834938139431,0.09572834938139431,0.09572834938139431,0.09572834938139431,0.09572834938139431,0.09572834938139431,0.09572834938139431,0.09572834938139431,0.09572834938139431,0.09572834938139431,0.09572834938139431,0.09572834938139431,0.09572834938139431,0.09572834938139431,0.09572834938139431,0.09572834938139431,0.09572834938139431,0.09572834938139431,0.09572834938139431,0.09572834938139431,0.09572834938139431,0.09572834938139431,0.09572834938139431,0.09572834938139431,0.09572834938139431,0.09572834938139431,0.09572834938139431,0.09572834938139431,0.09572834938139431,0.09572834938139431,0.09572834938139431,0.09572834938139431,0.09572834938139431,0.09572834938139431,0.09572834938139431,0.09572834938139431,0.09572834938139431,0.09572834938139431,0.09572834938139431,0.09572834938139431,0.09572834938139431,0.09572834938139431,0.09572834938139431,0.09572834938139431,0.09572834938139431,0.09572834938139431,0.09572834938139431,0.09572834938139431,0.09572834938139431,0.09572834938139431,0.09572834938139431,0.09572834938139431,0.09572834938139431,0.09572834938139431,0.09572834938139431,0.09572834938139431,0.09572834938139431,0.09572834938139431,0.09572834938139431,0.09572834938139431,0.09572834938139431,0.09572834938139431,0.09572834938139431,0.09572834938139431,0.09572834938139431,0.09572834938139431,0.09572834938139431,0.09572834938139431,0.09572834938139431,0.09572834938139431,0.09572834938139431,0.09572834938139431,0.09572834938139431,0.09572834938139431,0.09572834938139431,0.09572834938139431,0.09572834938139431,0.09572834938139431,0.09572834938139431,0.09572834938139431,0.09572834938139431,0.09572834938139431,0.09572834938139431,0.09572834938139431,0.09572834938139431,0.09572834938139431,0.09572834938139431,0.09572834938139431,0.09572834938139431,0.09572834938139431,0.09572834938139431,0.09572834938139431,0.09572834938139431,0.09572834938139431,0.09572834938139431,0.09572834938139431,0.09572834938139431,0.09572834938139431,0.09572834938139431,0.09572834938139431,0.09572834938139431,0.09572834938139431,0.09572834938139431,0.09572834938139431,0.09572834938139431,0.09572834938139431,0.09572834938139431,0.09572834938139431,0.09572834938139431,0.09572834938139431,0.09572834938139431,0.09572834938139431,0.09572834938139431,0.09572834938139431,0.09572834938139431,0.09572834938139431,0.09572834938139431,0.09572834938139431,0.09572834938139431,0.09572834938139431,0.09572834938139431,0.09572834938139431,0.09572834938139431,0.09572834938139431,0.09572834938139431,0.09572834938139431,0.09572834938139431,0.09572834938139431,0.09572834938139431,0.09572834938139431,0.09572834938139431,0.09572834938139431,0.09572834938139431,0.09572834938139431,0.09572834938139431,0.09572834938139431,0.09572834938139431,0.09572834938139431,0.09572834938139431,0.09572834938139431,0.09572834938139431,0.09572834938139431,0.09572834938139431,0.09572834938139431,0.09572834938139431,0.09572834938139431,0.09572834938139431,0.09572834938139431,0.09572834938139431,0.09572834938139431,0.09572834938139431,0.09572834938139431,0.09572834938139431,0.09572834938139431,0.09572834938139431,0.09572834938139431,0.09572834938139431,0.09572834938139431,0.09572834938139431,0.09572834938139431,0.09572834938137664,0.095728349381359,0.09572834938134137,0.09572834938132373,0.0957283493813061,0.09572834938128845,0.09572834938127078,0.09572834938125316,0.09572834938123552,0.09572834938121787,0.0957283493812002,0.09572834938118262,0.09572834938116496,0.0957283493811473,0.09572834938112966,0.09572834938111201,0.09572834938109433,0.09572834938107667,0.09572834938105905,0.09572834938104138,0.09572834938102373,0.09572834938100612,0.09572834938098845,0.0957283493809708,0.09572834938095315,0.0957283493809355,0.09572834938091787,0.0957283493809002,0.09572834938088254,0.09572834938086489,0.09572834938084726,0.09572834938082962,0.09572834938081201,0.09572834938079434,0.0957283493807767,0.09572834938075903,0.09572834938074137,0.09572834938072372,0.09572834938070607,0.09572834938068843,0.09572834938067078,0.09572834938065314,0.09572834938063553,0.09572834938061783,0.0957283493806002,0.09572834938058253,0.09572834938056489,0.09572834938054728,0.09572834938052963,0.09572834938051196,0.09572834938049431,0.09572834938047667,0.09572834938045904,0.0957283493804414,0.09572834938042374,0.09572834938040607,0.09572834938038843,0.09572834938037081,0.09572834938035314,0.09572834938033552,0.09572834938031785,0.09572834938030023,0.09572834938028257,0.09572834938026495,0.0957283493802473,0.09572834938022964,0.09572834938021198,0.09572834938019438,0.09572834938017673,0.09572834938015906,0.09572834938014142,0.09572834938012377,0.0957283493801061,0.09572834938008846,0.09572834938007084,0.09572834938005319,0.09572834938003552,0.09572834938001791,0.09572834938000023,0.09572834937998259,0.09572834937996498,0.09572834937994733,0.09572834937992966,0.09572834937991198,0.09572834937989438,0.09572834937987672,0.09572834937985908,0.09572834937984141,0.09572834937982377,0.09572834937980614,0.0957283493797885,0.09572834937977086,0.0957283493797532,0.09572834937973553,0.09572834937971791,0.09572834937970028,0.09572834937968264,0.09572834937966497,0.09572834937964733,0.09572834937962969,0.09572834937961204,0.09572834937959442,0.09572834937957676,0.0957283493795591,0.09572834937954143,0.09572834937952382,0.09572834937950617,0.0957283493794885,0.09572834937947086,0.09572834937945324,0.09572834937943558,0.09572834937941792,0.09572834937940027,0.09572834937938265,0.09572834937936499,0.09572834937934736,0.09572834937932971,0.09572834937931204,0.0957283493792944,0.09572834937927674,0.09572834937925909,0.09572834937924146,0.09572834937922384,0.09572834937920616,0.0957283493791885,0.09572834937917091,0.09572834937915323,0.09572834937913562,0.09572834937911792,0.09572834937910028,0.09572834937908267,0.09572834937906502,0.09572834937904733,0.09572834937902969,0.09572834937901203,0.09572834937899438,0.09572834937897678,0.0957283493789591,0.09572834937894145,0.09572834937892385,0.09572834937890617,0.09572834937888851,0.09572834937887087,0.09572834937885324,0.09572834937883556,0.0957283493788179,0.0957283493788003,0.09572834937878265,0.095728349378765,0.09572834937874734,0.09572834937872972,0.09572834937871202,0.09572834937869439,0.09572834937867677,0.0957283493786591,0.09572834937864146,0.0957283493786238,0.09572834937860616,0.09572834937858851,0.09572834937857087,0.09572834937855322,0.09572834937853553,0.09572834937851792,0.09572834937850026,0.09572834937848262,0.09572834937846494,0.09572834937844732,0.0957283493784297,0.09572834937841201,0.09572834937839442,0.09572834937837674,0.09572834937835906,0.09572834937834143,0.09572834937832378,0.09572834937830613,0.09572834937828846,0.09572834937827084,0.09572834937825318,0.09572834937823553,0.09572834937821789,0.09572834937820025,0.09572834937818259,0.09572834937816495,0.09572834937814732,0.09572834937812968,0.09572834937811202,0.0957283493780944,0.09572834937807674,0.09572834937805907,0.09572834937804146,0.09572834937802378,0.09572834937800617,0.09572834937798849,0.09572834937797081,0.09572834937795317,0.09572834937793559,0.0957283493779179,0.09572834937790026,0.0957283493778826,0.09572834937786495,0.0957283493778473,0.09572834937782967,0.095728349377812,0.09572834937779436,0.09572834937777672,0.09572834937775909,0.09572834937774141,0.09572834937772379,0.09572834937770616,0.09572834937768851,0.09572834937767087,0.09572834937765322,0.09572834937763558,0.09572834937761793,0.09572834937760026,0.09572834937758265,0.09572834937756497,0.09572834937754733,0.09572834937752969,0.09572834937751204,0.09572834937749441,0.09572834937747673,0.0957283493774591,0.09572834937744144,0.0957283493774238,0.09572834937740615,0.09572834937738851,0.09572834937737083,0.09572834937735324,0.09572834937733558,0.0957283493773179,0.09572834937730029,0.09572834937728263,0.09572834937726497,0.09572834937724732,0.0957283493772297,0.09572834937721206,0.09572834937719439,0.09572834937717678,0.09572834937715911,0.09572834937714149,0.09572834937712389,0.09572834937710618,0.09572834937708855,0.09572834937707092,0.09572834937705327,0.09572834937703564,0.09572834937701796,0.09572834937700035,0.09572834937698267,0.09572834937696503,0.09572834937694742,0.09572834937692974,0.09572834937691208,0.09572834937689448,0.09572834937687683,0.09572834937685916,0.09572834937684155,0.09572834937682388,0.09572834937680623,0.09572834937678856,0.09572834937677094,0.09572834937675331,0.09572834937673565,0.09572834937671804,0.09572834937670036,0.09572834937668274,0.09572834937666509,0.09572834937664745,0.09572834937662979,0.09572834937661213,0.09572834937659457,0.09572834937657689,0.09572834937655923,0.09572834937654164,0.09572834937652396,0.0957283493765063,0.09572834937648865,0.095728349376471,0.09572834937645336,0.09572834937643568,0.09572834937641805,0.09572834937640042,0.09572834937638275,0.09572834937636515,0.09572834937634747,0.0957283493763298,0.09572834937631217,0.09572834937629453,0.09572834937627685,0.09572834937625922,0.09572834937624157,0.09572834937622392,0.09572834937620626,0.09572834937618863,0.09572834937617095,0.09572834937615331,0.09572834937613565,0.09572834937611804,0.09572834937610036,0.09572834937608275,0.09572834937606507,0.09572834937604743,0.09572834937602977,0.09572834937601214,0.09572834937599452,0.09572834937597682,0.09572834937595918,0.09572834937594157,0.0957283493759239,0.09572834937590628,0.09572834937588859,0.09572834937587095,0.09572834937585335,0.09572834937583567,0.095728349375818,0.09572834937580037,0.09572834937578271,0.09572834937576508,0.09572834937574745,0.09572834937572978,0.09572834937571213,0.0957283493756945,0.09572834937567688,0.09572834937565923,0.09572834937564156,0.09572834937562393,0.09572834937560629,0.09572834937558862,0.09572834937557097,0.09572834937555333,0.09572834937553568,0.09572834937551804,0.09572834937550041,0.09572834937548276,0.09572834937546508,0.09572834937544747,0.0957283493754298,0.09572834937541215,0.0957283493753945,0.09572834937537686,0.09572834937535922,0.09572834937534157,0.09572834937532394,0.09572834937530629,0.09572834937528861,0.09572834937527101,0.09572834937525336,0.09572834937523568,0.09572834937521807,0.09572834937520044,0.09572834937518279,0.09572834937516513,0.09572834937514749,0.09572834937512982,0.0957283493751122,0.09572834937509457,0.09572834937507689,0.09572834937505924,0.09572834937504161,0.095728349375024,0.09572834937500634,0.09572834937498866,0.09572834937497103,0.09572834937495335,0.0957283493749357,0.0957283493749181,0.09572834937490045,0.09572834937488278,0.09572834937486514,0.09572834937484749,0.09572834937482984,0.09572834937481219,0.09572834937479453,0.0957283493747769,0.09572834937475924,0.0957283493747416,0.09572834937472394,0.09572834937470633,0.09572834937468867,0.09572834937467102,0.09572834937465337,0.09572834937463573,0.09572834937461806,0.09572834937460041,0.09572834937458276,0.09572834937456512,0.0957283493745475,0.09572834937452979,0.09572834937451218,0.09572834937449452,0.09572834937447688,0.09572834937445926,0.09572834937444157,0.09572834937442391,0.09572834937440632,0.09572834937438866,0.09572834937437098,0.09572834937435333,0.09572834937433573,0.09572834937431808,0.09572834937430041,0.09572834937428278,0.09572834937426512,0.09572834937424746,0.09572834937422982,0.0957283493742122,0.09572834937419451,0.09572834937417687,0.09572834937415924,0.09572834937414161,0.09572834937412394,0.09572834937410633,0.09572834937408868,0.095728349374071,0.09572834937405336,0.09572834937403571,0.09572834937401807,0.09572834937400042,0.09572834937398275,0.09572834937396514,0.09572834937394747,0.09572834937392984,0.09572834937391221,0.09572834937389456,0.0957283493738769,0.09572834937385931,0.09572834937384161,0.09572834937382402,0.09572834937380637,0.0957283493737887,0.09572834937377106,0.09572834937375344,0.0957283493737358,0.09572834937371812,0.0957283493737005,0.09572834937368283,0.09572834937366516,0.09572834937364758,0.0957283493736299,0.09572834937361226,0.0957283493735946,0.09572834937357695,0.09572834937355931,0.09572834937354165,0.09572834937352402,0.09572834937350637,0.09572834937348874,0.09572834937347109,0.09572834937345345,0.09572834937343577,0.09572834937341816,0.09572834937340054,0.09572834937338288,0.0957283493733652,0.09572834937334758,0.09572834937332994,0.09572834937331229,0.09572834937329468,0.095728349373277,0.09572834937325932,0.09572834937324172,0.09572834937322404,0.0957283493732064,0.09572834937318876,0.09572834937317111,0.09572834937315346,0.0957283493731358,0.09572834937311818,0.09572834937310055,0.09572834937308286,0.09572834937306524,0.0957283493730476,0.09572834937302992,0.09572834937301228,0.09572834937299465,0.09572834937297699,0.09572834937295935,0.0957283493729417,0.09572834937292408,0.09572834937290639,0.09572834937288874,0.09572834937287111,0.09572834937285347,0.09572834937283581,0.09572834937281818,0.09572834937280054,0.09572834937278286,0.09572834937276525,0.0957283493727476,0.09572834937272993,0.09572834937271235,0.09572834937269468,0.09572834937267703,0.09572834937265941,0.09572834937264176,0.09572834937262407,0.09572834937260645,0.0957283493725888,0.09572834937257116,0.09572834937255349,0.09572834937253583,0.0957283493725182,0.09572834937250055,0.09572834937248292,0.09572834937246524,0.09572834937244765,0.09572834937242998,0.09572834937241236,0.09572834937239469,0.09572834937237705,0.09572834937235941,0.09572834937234173,0.09572834937232409,0.09572834937230647,0.0957283493722888,0.09572834937227116,0.09572834937225351,0.09572834937223587,0.0957283493722182,0.09572834937220058,0.09572834937218294,0.09572834937216529,0.09572834937214765,0.09572834937213001,0.09572834937211235,0.09572834937209472,0.0957283493720771,0.09572834937205942,0.09572834937204179,0.09572834937202415,0.0957283493720065,0.09572834937198883,0.09572834937197121,0.09572834937195356,0.09572834937193589,0.09572834937191828,0.09572834937190063,0.09572834937188297,0.0957283493718653,0.09572834937184765,0.09572834937183004,0.09572834937181238,0.09572834937179474,0.09572834937177709,0.09572834937175945,0.09572834937174177,0.09572834937172417,0.0957283493717065,0.09572834937168884,0.0957283493716712,0.09572834937165352,0.0957283493716359,0.09572834937161825,0.09572834937160062,0.09572834937158296,0.09572834937156535,0.09572834937154767,0.09572834937153,0.0957283493715124,0.09572834937149474,0.0957283493714771,0.09572834937145948,0.09572834937144181,0.0957283493714242,0.09572834937140653,0.09572834937138891,0.09572834937137123,0.09572834937135359,0.09572834937133594,0.0957283493713183,0.09572834937130069,0.09572834937128302,0.09572834937126537,0.09572834937124777,0.09572834937123008,0.09572834937121244,0.09572834937119479,0.09572834937117712,0.09572834937115951,0.09572834937114184,0.09572834937112425,0.09572834937110657,0.09572834937108893,0.09572834937107126,0.09572834937105364,0.095728349371036,0.09572834937101833,0.09572834937100069,0.09572834937098307,0.09572834937096539,0.09572834937094778,0.09572834937093012,0.0957283493709125,0.09572834937089483,0.0957283493708772,0.09572834937085956,0.09572834937084188,0.09572834937082421,0.09572834937080661,0.09572834937078893,0.09572834937077128,0.09572834937075365,0.095728349370736,0.09572834937071834,0.09572834937070067,0.09572834937068304,0.09572834937066538,0.09572834937064774,0.09572834937063014,0.09572834937061245,0.0957283493705948,0.09572834937057717,0.09572834937055952,0.09572834937054185,0.09572834937052423,0.09572834937050659,0.09572834937048891,0.09572834937047126,0.09572834937045364,0.09572834937043598,0.09572834937041833,0.09572834937040067,0.09572834937038302,0.09572834937036538,0.09572834937034777,0.09572834937033013,0.09572834937031247,0.0957283493702948,0.0957283493702772,0.09572834937025955,0.09572834937024188,0.09572834937022429,0.09572834937020662,0.09572834937018895,0.0957283493701713,0.09572834937015369,0.09572834937013604,0.09572834937011838,0.09572834937010075,0.0957283493700831,0.09572834937006545,0.09572834937004782,0.09572834937003015,0.09572834937001252,0.09572834936999489,0.09572834936997722,0.09572834936995958,0.09572834936994193,0.0957283493699243,0.09572834936990664,0.09572834936988898,0.09572834936987137,0.09572834936985367,0.09572834936983604,0.0957283493698184,0.09572834936980076,0.0957283493697831,0.09572834936976546,0.09572834936974783,0.09572834936973015,0.09572834936971256,0.09572834936969488,0.0957283493696772,0.09572834936965956,0.09572834936964193,0.0957283493696243,0.09572834936960664,0.09572834936958904,0.09572834936957139,0.09572834936955374,0.09572834936953613,0.09572834936951848,0.09572834936950081,0.0957283493694832,0.09572834936946555,0.09572834936944791,0.09572834936943025,0.09572834936941264,0.09572834936939496,0.09572834936937731,0.09572834936935971,0.095728349369342,0.09572834936932438,0.09572834936930676,0.09572834936928908,0.09572834936927144,0.0957283493692538,0.09572834936923613,0.09572834936921852,0.09572834936920084,0.09572834936918319,0.09572834936916556,0.09572834936914791,0.09572834936913026,0.09572834936911263,0.09572834936909497,0.09572834936907731,0.09572834936905969,0.09572834936904205,0.09572834936902438,0.09572834936900675,0.09572834936898907,0.09572834936897144,0.09572834936895382,0.09572834936893614,0.09572834936891848,0.09572834936890087,0.09572834936888322,0.0957283493688656,0.09572834936884793,0.09572834936883029,0.09572834936881264,0.09572834936879497,0.09572834936877735,0.09572834936875971,0.09572834936874204,0.0957283493687244,0.09572834936870676,0.0957283493686891,0.09572834936867143,0.09572834936865382,0.09572834936863617,0.09572834936861854,0.09572834936860086,0.09572834936858324,0.09572834936856556,0.09572834936854796,0.09572834936853027,0.09572834936851263,0.09572834936849497,0.09572834936847734,0.0957283493684597,0.09572834936844205,0.09572834936842442,0.09572834936840673,0.09572834936838909,0.09572834936837145,0.09572834936835381,0.09572834936833619,0.09572834936831852,0.09572834936830088,0.09572834936828326,0.0957283493682656,0.09572834936824799,0.0957283493682303,0.09572834936821266,0.095728349368195,0.09572834936817737,0.09572834936815974,0.09572834936814206,0.09572834936812445,0.09572834936810681,0.09572834936808916,0.09572834936807154,0.09572834936805388,0.09572834936803623,0.09572834936801862,0.09572834936800095,0.0957283493679833,0.09572834936796568,0.09572834936794805,0.09572834936793037,0.09572834936791277,0.09572834936789514,0.09572834936787745,0.09572834936785979,0.09572834936784216,0.09572834936782451,0.09572834936780686,0.0957283493677892,0.09572834936777158,0.09572834936775394,0.09572834936773629,0.09572834936771864,0.095728349367701,0.09572834936768335,0.0957283493676657,0.09572834936764803,0.09572834936763035,0.09572834936761274,0.09572834936759508,0.09572834936757742,0.0957283493675598,0.09572834936754215,0.09572834936752449,0.09572834936750685,0.09572834936748918,0.09572834936747152,0.09572834936745389,0.0957283493674363,0.09572834936741863,0.095728349367401,0.09572834936738334,0.09572834936736568,0.09572834936734803,0.09572834936733039,0.09572834936731274,0.0957283493672951,0.09572834936727746,0.09572834936725982,0.09572834936724214,0.09572834936722449,0.09572834936720685,0.09572834936718921,0.09572834936717156,0.09572834936715392,0.09572834936713627,0.0957283493671186,0.09572834936710099,0.09572834936708335,0.09572834936706567,0.09572834936704804,0.0957283493670304,0.09572834936701274,0.09572834936699506,0.09572834936697742,0.09572834936695977,0.09572834936694216,0.09572834936692452,0.0957283493669069,0.09572834936688922,0.0957283493668716,0.09572834936685397,0.0957283493668363,0.09572834936681868,0.09572834936680102,0.09572834936678339,0.09572834936676572,0.0957283493667481,0.09572834936673044,0.0957283493667128,0.09572834936669519,0.0957283493666775,0.09572834936665986,0.09572834936664221,0.09572834936662455,0.09572834936660693,0.09572834936658925,0.09572834936657162,0.095728349366554,0.09572834936653632,0.0957283493665187,0.09572834936650104,0.09572834936648339,0.09572834936646575,0.09572834936644813,0.09572834936643046,0.09572834936641281,0.09572834936639518,0.09572834936637753,0.09572834936635988,0.09572834936634225,0.0957283493663246,0.09572834936630692,0.0957283493662893,0.09572834936627164,0.09572834936625402,0.09572834936623636,0.09572834936621873,0.09572834936620107,0.09572834936618341,0.09572834936616578,0.09572834936614817,0.09572834936613049,0.09572834936611285,0.09572834936609519,0.09572834936607755,0.09572834936605992,0.09572834936604228,0.0957283493660246,0.09572834936600692,0.09572834936598934,0.0957283493659717,0.09572834936595404,0.09572834936593641,0.09572834936591873,0.09572834936590108,0.09572834936588341,0.09572834936586577,0.09572834936584816,0.0957283493658305,0.09572834936581287,0.09572834936579519,0.09572834936577755,0.0957283493657599,0.09572834936574229,0.09572834936572462,0.09572834936570696,0.09572834936568933,0.09572834936567168,0.09572834936565403,0.09572834936563639,0.09572834936561875,0.09572834936560108,0.09572834936558344,0.09572834936556579,0.09572834936554814,0.09572834936553049,0.09572834936551285,0.09572834936549524,0.09572834936547756,0.0957283493654599,0.09572834936544228,0.09572834936542463,0.09572834936540699,0.09572834936538933,0.0957283493653717,0.09572834936535406,0.0957283493653364,0.09572834936531874,0.09572834936530115,0.09572834936528346,0.0957283493652658,0.09572834936524818,0.0957283493652305,0.09572834936521286,0.0957283493651952,0.09572834936517759,0.09572834936515993,0.09572834936514227,0.09572834936512463,0.09572834936510696,0.09572834936508934,0.09572834936507169,0.09572834936505403,0.09572834936503637,0.09572834936501878,0.09572834936500113,0.09572834936498345,0.09572834936496583,0.09572834936494821,0.0957283493649305,0.09572834936491288,0.09572834936489526,0.09572834936487758,0.09572834936485991,0.09572834936484233,0.09572834936482466,0.09572834936480698,0.09572834936478938,0.0957283493647717,0.09572834936475405,0.0957283493647364,0.0957283493647188,0.09572834936470115,0.09572834936468348,0.09572834936466587,0.0957283493646482,0.09572834936463057,0.0957283493646129,0.09572834936459526,0.09572834936457761,0.09572834936455994,0.09572834936454229,0.09572834936452468,0.095728349364507,0.09572834936448942,0.09572834936447176,0.0957283493644541,0.09572834936443643,0.09572834936441879,0.09572834936440114,0.09572834936438347,0.09572834936436583,0.0957283493643482,0.09572834936433053,0.0957283493643129,0.09572834936429528,0.09572834936427761,0.09572834936425993,0.09572834936424231,0.09572834936422467,0.09572834936420704,0.09572834936418939,0.09572834936417172,0.09572834936415409,0.09572834936413645,0.09572834936411878,0.09572834936410113,0.09572834936408349,0.09572834936406587,0.09572834936404821,0.09572834936403057,0.09572834936401291,0.09572834936399525,0.09572834936397762,0.09572834936395998,0.0957283493639423,0.09572834936392466,0.09572834936390702,0.09572834936388937,0.09572834936387171,0.0957283493638541,0.09572834936383644,0.09572834936381876,0.09572834936380116,0.09572834936378352,0.09572834936376583,0.09572834936374817,0.0957283493637482,0.09572834936374817,0.09572834936374817
4,0.023932087345348577,0.02393208734534857,0.023932087345348577,0.02393208734534857,0.023932087345348577,0.02393208734534857,0.023932087345348577,0.02393208734534857,0.023932087345348577,0.02393208734534857,0.023932087345348577,0.02393208734534857,0.023932087345348577,0.02393208734534857,0.023932087345348577,0.02393208734534857,0.023932087345348577,0.02393208734534857,0.023932087345348577,0.023932087345348577,0.023932087345348577,0.023932087345348577,0.023932087345348577,0.023932087345348577,0.023932087345348577,0.023932087345348577,0.023932087345348577,0.023932087345348577,0.023932087345348577,0.023932087345348577,0.023932087345348577,0.023932087345348577,0.023932087345348577,0.023932087345348577,0.023932087345348577,0.023932087345348577,0.023932087345348577,0.023932087345348577,0.023932087345348577,0.023932087345348577,0.023932087345348577,0.023932087345348577,0.023932087345348577,0.023932087345348577,0.023932087345348577,0.023932087345348577,0.023932087345348577,0.023932087345348577,0.023932087345348577,0.023932087345348577,0.023932087345348577,0.023932087345348577,0.023932087345348577,0.023932087345348577,0.023932087345348577,0.023932087345348577,0.023932087345348577,0.023932087345348577,0.023932087345348577,0.023932087345348577,0.023932087345348577,0.023932087345348577,0.023932087345348577,0.023932087345348577,0.023932087345348577,0.023932087345348577,0.023932087345348577,0.023932087345348577,0.023932087345348577,0.023932087345348577,0.023932087345348577,0.023932087345348577,0.023932087345348577,0.023932087345348577,0.023932087345348577,0.023932087345348577,0.023932087345348577,0.023932087345348577,0.023932087345348577,0.023932087345348577,0.023932087345348577,0.023932087345348577,0.023932087345348577,0.023932087345348577,0.023932087345348577,0.023932087345348577,0.023932087345348577,0.023932087345348577,0.023932087345348577,0.023932087345348577,0.023932087345348577,0.023932087345348577,0.023932087345348577,0.023932087345348577,0.023932087345348577,0.023932087345348577,0.023932087345348577,0.023932087345348577,0.023932087345348577,0.023932087345348577,0.023932087345348577,0.023932087345348577,0.023932087345348577,0.023932087345348577,0.023932087345348577,0.023932087345348577,0.023932087345348577,0.023932087345348577,0.023932087345348577,0.023932087345348577,0.023932087345348577,0.023932087345348577,0.023932087345348577,0.023932087345348577,0.023932087345348577,0.023932087345348577,0.023932087345348577,0.023932087345348577,0.023932087345348577,0.023932087345348577,0.023932087345348577,0.023932087345348577,0.023932087345348577,0.023932087345348577,0.023932087345348577,0.023932087345348577,0.023932087345348577,0.023932087345348577,0.023932087345348577,0.023932087345348577,0.023932087345348577,0.023932087345348577,0.023932087345348577,0.023932087345348577,0.023932087345348577,0.023932087345348577,0.023932087345348577,0.023932087345348577,0.023932087345348577,0.023932087345348577,0.023932087345348577,0.023932087345348577,0.023932087345348577,0.023932087345348577,0.023932087345348577,0.023932087345348577,0.023932087345348577,0.023932087345348577,0.023932087345348577,0.023932087345348577,0.023932087345348577,0.023932087345348577,0.023932087345348577,0.023932087345348577,0.023932087345348577,0.023932087345348577,0.023932087345348577,0.023932087345348577,0.023932087345348577,0.023932087345348577,0.023932087345348577,0.023932087345348577,0.023932087345348577,0.023932087345348577,0.023932087345348577,0.023932087345348577,0.023932087345348577,0.023932087345348577,0.023932087345348577,0.023932087345348577,0.023932087345348577,0.023932087345348577,0.023932087345348577,0.023932087345348577,0.023932087345348577,0.023932087345348577,0.023932087345348577,0.023932087345348577,0.023932087345348577,0.023932087345348577,0.023932087345348577,0.023932087345348577,0.023932087345348577,0.023932087345348577,0.023932087345348577,0.023932087345348577,0.023932087345348577,0.023932087345348577,0.023932087345348577,0.023932087345348577,0.023932087345348577,0.023932087345348577,0.023932087345348577,0.023932087345348577,0.023932087345348577,0.023932087345348577,0.023932087345348577,0.023932087345348577,0.023932087345348577,0.023932087345348577,0.023932087345348577,0.023932087345348577,0.023932087345348577,0.023932087345348577,0.023932087345348577,0.023932087345348577,0.023932087345348577,0.023932087345348577,0.023932087345348577,0.023932087345348577,0.023932087345348577,0.023932087345348577,0.023932087345348577,0.023932087345348577,0.023932087345348577,0.023932087345348577,0.023932087345348577,0.023932087345348577,0.023932087345348577,0.023932087345348577,0.023932087345348577,0.023932087345348577,0.023932087345348577,0.023932087345348577,0.023932087345348577,0.023932087345348577,0.023932087345348577,0.023932087345348577,0.023932087345348577,0.023932087345348577,0.023932087345348577,0.023932087345348577,0.023932087345348577,0.023932087345348577,0.023932087345348577,0.023932087345348577,0.023932087345348577,0.023932087345348577,0.023932087345348577,0.023932087345348577,0.023932087345348577,0.023932087345348577,0.023932087345348577,0.023932087345348577,0.023932087345348577,0.023932087345348577,0.023932087345348577,0.023932087345348577,0.023932087345348577,0.023932087345348577,0.023932087345348577,0.023932087345348577,0.023932087345348577,0.023932087345348577,0.023932087345348577,0.023932087345348577,0.023932087345348577,0.023932087345348577,0.023932087345348577,0.023932087345348577,0.023932087345348577,0.023932087345348577,0.023932087345348577,0.023932087345348577,0.023932087345348577,0.023932087345348577,0.023932087345348577,0.023932087345348577,0.023932087345348577,0.023932087345348577,0.023932087345348577,0.023932087345348577,0.023932087345348577,0.023932087345348577,0.023932087345348577,0.023932087345348577,0.023932087345348577,0.023932087345348577,0.023932087345348577,0.023932087345348577,0.023932087345348577,0.023932087345348577,0.023932087345348577,0.023932087345348577,0.023932087345348577,0.023932087345348577,0.023932087345348577,0.023932087345348577,0.023932087345348577,0.023932087345348577,0.023932087345348577,0.023932087345348577,0.023932087345348577,0.023932087345348577,0.023932087345348577,0.023932087345348577,0.023932087345348577,0.023932087345348577,0.023932087345348577,0.023932087345348577,0.023932087345348577,0.023932087345348577,0.023932087345348577,0.023932087345348577,0.023932087345348577,0.023932087345348577,0.023932087345348577,0.023932087345348577,0.023932087345348577,0.023932087345348577,0.023932087345348577,0.023932087345348577,0.023932087345348577,0.023932087345348577,0.023932087345348577,0.023932087345348577,0.023932087345348577,0.023932087345348577,0.023932087345348577,0.023932087345348577,0.023932087345348577,0.023932087345348577,0.023932087345348577,0.023932087345348577,0.023932087345348577,0.023932087345348577,0.023932087345348577,0.023932087345348577,0.023932087345348577,0.023932087345348577,0.023932087345348577,0.023932087345348577,0.023932087345348577,0.023932087345348577,0.023932087345348577,0.023932087345348577,0.023932087345348577,0.023932087345348577,0.023932087345348577,0.023932087345348577,0.023932087345348577,0.023932087345348577,0.023932087345348577,0.023932087345348577,0.023932087345348577,0.023932087345348577,0.023932087345348577,0.023932087345348577,0.023932087345348577,0.023932087345348577,0.023932087345348577,0.023932087345348577,0.023932087345348577,0.023932087345348577,0.023932087345348577,0.023932087345348577,0.023932087345348577,0.023932087345348577,0.023932087345348577,0.023932087345348577,0.023932087345348577,0.023932087345348577,0.023932087345348577,0.023932087345348577,0.023932087345348577,0.023932087345348577,0.023932087345348577,0.023932087345348577,0.023932087345348577,0.023932087345348577,0.023932087345348577,0.023932087345348577,0.023932087345348577,0.023932087345348577,0.023932087345348577,0.023932087345348577,0.023932087345348577,0.023932087345348577,0.023932087345348577,0.023932087345348577,0.023932087345348577,0.023932087345348577,0.023932087345348577,0.023932087345348577,0.023932087345348577,0.023932087345348577,0.023932087345348577,0.023932087345348577,0.023932087345348577,0.023932087345348577,0.023932087345348577,0.023932087345348577,0.023932087345348577,0.023932087345348577,0.023932087345348577,0.023932087345348577,0.023932087345348577,0.023932087345348577,0.023932087345348577,0.023932087345348577,0.023932087345348577,0.023932087345348577,0.023932087345348577,0.023932087345348577,0.023932087345348577,0.023932087345348577,0.023932087345348577,0.023932087345348577,0.023932087345348577,0.023932087345348577,0.023932087345348577,0.023932087345348577,0.023932087345348577,0.023932087345348577,0.023932087345348577,0.023932087345348577,0.023932087345348577,0.023932087345348577,0.023932087345348577,0.023932087345348577,0.023932087345348577,0.023932087345348577,0.023932087345348577,0.023932087345348577,0.023932087345348577,0.023932087345348577,0.023932087345348577,0.023932087345348577,0.023932087345348577,0.023932087345348577,0.023932087345348577,0.023932087345348577,0.023932087345348577,0.023932087345348577,0.023932087345348577,0.023932087345348577,0.023932087345348577,0.023932087345348577,0.023932087345348577,0.023932087345348577,0.023932087345348577,0.023932087345348577,0.023932087345348577,0.023932087345348577,0.023932087345348577,0.023932087345348577,0.023932087345348577,0.023932087345348577,0.023932087345348577,0.023932087345348577,0.023932087345348577,0.023932087345348577,0.023932087345348577,0.023932087345348577,0.023932087345348577,0.023932087345348577,0.023932087345348577,0.023932087345348577,0.023932087345348577,0.023932087345348577,0.023932087345348577,0.023932087345348577,0.023932087345348577,0.023932087345348577,0.023932087345348577,0.023932087345348577,0.023932087345348577,0.023932087345348577,0.023932087345348577,0.023932087345348577,0.023932087345348577,0.023932087345348577,0.023932087345348577,0.023932087345348577,0.023932087345348577,0.023932087345348577,0.023932087345348577,0.023932087345348577,0.023932087345348577,0.023932087345348577,0.023932087345348577,0.023932087345348577,0.023932087345348577,0.023932087345348577,0.023932087345348577,0.023932087345348577,0.023932087345348577,0.023932087345348577,0.023932087345348577,0.023932087345348577,0.023932087345348577,0.023932087345348577,0.023932087345348577,0.023932087345348577,0.023932087345348577,0.023932087345348577,0.023932087345348577,0.023932087345348577,0.023932087345348577,0.023932087345348577,0.023932087345348577,0.023932087345348577,0.023932087345348577,0.023932087345348577,0.023932087345348577,0.023932087345348577,0.023932087345348577,0.023932087345348577,0.023932087345348577,0.023932087345348577,0.023932087345348577,0.023932087345348577,0.023932087345348577,0.023932087345348577,0.023932087345348577,0.023932087345348577,0.023932087345348577,0.023932087345348577,0.023932087345348577,0.023932087345348577,0.023932087345348577,0.023932087345348577,0.023932087345348577,0.023932087345348577,0.023932087345348577,0.023932087345348577,0.023932087345348577,0.023932087345348577,0.023932087345348577,0.023932087345348577,0.023932087345348577,0.023932087345348577,0.023932087345348577,0.023932087345348577,0.023932087345348577,0.023932087345348577,0.023932087345348577,0.023932087345348577,0.023932087345348577,0.023932087345348577,0.023932087345348577,0.023932087345348577,0.023932087345348577,0.023932087345348577,0.023932087345348577,0.023932087345348577,0.023932087345348577,0.023932087345348577,0.023932087345348577,0.023932087345348577,0.023932087345348577,0.023932087345348577,0.023932087345348577,0.023932087345348577,0.023932087345348577,0.023932087345348577,0.023932087345348577,0.023932087345348577,0.023932087345348577,0.023932087345348577,0.023932087345348577,0.023932087345348577,0.023932087345348577,0.023932087345348577,0.023932087345348577,0.023932087345348577,0.023932087345348577,0.023932087345348577,0.023932087345348577,0.023932087345348577,0.023932087345348577,0.023932087345348577,0.023932087345348577,0.023932087345348577,0.023932087345348577,0.023932087345348577,0.023932087345348577,0.023932087345348577,0.023932087345348577,0.023932087345348577,0.023932087345348577,0.023932087345348577,0.023932087345348577,0.023932087345348577,0.023932087345348577,0.023932087345348577,0.023932087345348577,0.023932087345348577,0.023932087345348577,0.023932087345348577,0.023932087345348577,0.023932087345348577,0.023932087345348577,0.023932087345348577,0.023932087345348577,0.023932087345348577,0.023932087345348577,0.023932087345348577,0.023932087345348577,0.023932087345348577,0.023932087345348577,0.023932087345348577,0.023932087345348577,0.023932087345348577,0.023932087345348577,0.023932087345348577,0.023932087345348577,0.023932087345348577,0.023932087345348577,0.023932087345348577,0.023932087345348577,0.023932087345348577,0.023932087345348577,0.023932087345348577,0.023932087345348577,0.023932087345348577,0.023932087345348577,0.023932087345348577,0.023932087345348577,0.023932087345348577,0.023932087345348577,0.023932087345348577,0.023932087345348577,0.023932087345348577,0.023932087345348577,0.023932087345348577,0.023932087345348577,0.023932087345348577,0.023932087345348577,0.023932087345348577,0.023932087345348577,0.023932087345348577,0.023932087345348577,0.023932087345348577,0.023932087345348577,0.023932087345348577,0.023932087345348577,0.023932087345348577,0.023932087345348577,0.023932087345348577,0.023932087345348577,0.023932087345348577,0.023932087345348577,0.023932087345348577,0.023932087345348577,0.023932087345348577,0.023932087345348577,0.023932087345348577,0.023932087345348577,0.023932087345348577,0.023932087345348577,0.023932087345348577,0.023932087345348577,0.023932087345348577,0.023932087345348577,0.023932087345348577,0.023932087345348577,0.023932087345348577,0.023932087345348577,0.023932087345348577,0.023932087345348577,0.023932087345348577,0.023932087345348577,0.023932087345348577,0.023932087345348577,0.023932087345348577,0.023932087345348577,0.023932087345348577,0.023932087345348577,0.023932087345348577,0.023932087345348577,0.023932087345348577,0.023932087345348577,0.023932087345348577,0.023932087345348577,0.023932087345348577,0.023932087345348577,0.023932087345348577,0.023932087345348577,0.023932087345348577,0.023932087345348577,0.023932087345348577,0.023932087345348577,0.023932087345348577,0.023932087345348577,0.023932087345348577,0.023932087345348577,0.023932087345348577,0.023932087345348577,0.023932087345348577,0.023932087345348577,0.023932087345348577,0.023932087345348577,0.023932087345348577,0.023932087345348577,0.023932087345348577,0.023932087345348577,0.023932087345348577,0.023932087345348577,0.023932087345348577,0.023932087345348577,0.023932087345348577,0.023932087345348577,0.023932087345348577,0.023932087345348577,0.023932087345348577,0.023932087345348577,0.023932087345348577,0.023932087345348577,0.023932087345348577,0.023932087345348577,0.023932087345348577,0.023932087345348577,0.023932087345348577,0.023932087345348577,0.023932087345348577,0.023932087345348577,0.023932087345348577,0.023932087345348577,0.023932087345348577,0.023932087345348577,0.023932087345348577,0.023932087345348577,0.023932087345348577,0.023932087345348577,0.023932087345348577,0.023932087345348577,0.023932087345348577,0.023932087345348577,0.023932087345348577,0.023932087345348577,0.023932087345348577,0.023932087345348577,0.023932087345348577,0.023932087345348577,0.023932087345348577,0.023932087345348577,0.023932087345348577,0.023932087345348577,0.023932087345348577,0.023932087345348577,0.023932087345348577,0.023932087345348577,0.023932087345348577,0.023932087345348577,0.023932087345348577,0.023932087345348577,0.023932087345348577,0.023932087345348577,0.023932087345348577,0.023932087345348577,0.023932087345348577,0.023932087345348577,0.023932087345348577,0.023932087345348577,0.023932087345348577,0.023932087345348577,0.023932087345348577,0.023932087345348577,0.023932087345348577,0.023932087345348577,0.023932087345348577,0.023932087345348577,0.023932087345348577,0.023932087345348577,0.023932087345348577,0.023932087345348577,0.023932087345348577,0.023932087345348577,0.023932087345348577,0.023932087345348577,0.023932087345348577,0.023932087345348577,0.023932087345348577,0.023932087345348577,0.023932087345348577,0.023932087345348577,0.023932087345348577,0.023932087345348577,0.023932087345348577,0.023932087345348577,0.023932087345348577,0.023932087345348577,0.023932087345348577,0.023932087345348577,0.023932087345348577,0.023932087345348577,0.023932087345348577,0.023932087345348577,0.023932087345348577,0.023932087345348577,0.023932087345348577,0.023932087345348577,0.023932087345348577,0.023932087345348577,0.023932087345348577,0.023932087345348577,0.023932087345348577,0.023932087345348577,0.023932087345348577,0.023932087345348577,0.023932087345348577,0.023932087345348577,0.023932087345348577,0.023932087345348577,0.023932087345348577,0.023932087345348577,0.023932087345348577,0.023932087345348577,0.023932087345348577,0.023932087345348577,0.023932087345348577,0.023932087345348577,0.023932087345348577,0.023932087345348577,0.023932087345348577,0.023932087345348577,0.023932087345348577,0.023932087345348577,0.023932087345348577,0.023932087345348577,0.023932087345348577,0.023932087345348577,0.023932087345348577,0.023932087345348577,0.023932087345348577,0.023932087345348577,0.023932087345348577,0.023932087345348577,0.023932087345348577,0.023932087345348577,0.023932087345348577,0.023932087345348577,0.023932087345348577,0.023932087345348577,0.023932087345348577,0.023932087345348577,0.023932087345348577,0.023932087345348577,0.023932087345348577,0.023932087345348577,0.023932087345348577,0.023932087345348577,0.023932087345348577,0.023932087345348577,0.023932087345348577,0.023932087345348577,0.023932087345348577,0.023932087345348577,0.023932087345348577,0.023932087345348577,0.023932087345348577,0.023932087345348577,0.023932087345348577,0.023932087345348577,0.023932087345348577,0.023932087345348577,0.023932087345348577,0.023932087345348577,0.023932087345348577,0.023932087345348577,0.023932087345348577,0.023932087345348577,0.023932087345348577,0.023932087345348577,0.023932087345348577,0.023932087345348577,0.023932087345348577,0.023932087345348577,0.023932087345348577,0.023932087345348577,0.023932087345348577,0.023932087345348577,0.023932087345348577,0.023932087345348577,0.023932087345348577,0.023932087345348577,0.023932087345348577,0.023932087345348577,0.023932087345348577,0.023932087345348577,0.023932087345348577,0.023932087345348577,0.023932087345348577,0.023932087345348577,0.023932087345348577,0.023932087345348577,0.023932087345348577,0.023932087345348577,0.023932087345348577,0.023932087345348577,0.023932087345348577,0.023932087345348577,0.023932087345348577,0.023932087345348577,0.023932087345348577,0.023932087345348577,0.023932087345348577,0.023932087345348577,0.023932087345348577,0.023932087345348577,0.023932087345348577,0.023932087345348577,0.023932087345348577,0.023932087345348577,0.023932087345348577,0.023932087345348577,0.023932087345348577,0.023932087345348577,0.023932087345348577,0.023932087345348577,0.023932087345348577,0.023932087345348577,0.023932087345348577,0.023932087345348577,0.023932087345348577,0.023932087345348577,0.023932087345348577,0.023932087345348577,0.023932087345348577,0.023932087345348577,0.023932087345348577,0.023932087345348577,0.023932087345348577,0.023932087345348577,0.023932087345348577,0.023932087345348577,0.023932087345348577,0.023932087345348577,0.023932087345348577,0.023932087345348577,0.023932087345348577,0.023932087345348577,0.023932087345348577,0.023932087345348577,0.023932087345348577,0.023932087345348577,0.023932087345348577,0.023932087345348577,0.023932087345348577,0.023932087345348577,0.023932087345348577,0.023932087345348577,0.023932087345348577,0.023932087345348577,0.023932087345348577,0.023932087345348577,0.023932087345348577,0.023932087345348577,0.023932087345348577,0.023932087345348577,0.023932087345348577,0.023932087345348577,0.023932087345348577,0.023932087345348577,0.023932087345348577,0.023932087345348577,0.023932087345348577,0.023932087345348577,0.023932087345348577,0.023932087345348577,0.023932087345348577,0.023932087345348577,0.023932087345348577,0.023932087345348577,0.023932087345348577,0.023932087345348577,0.023932087345348577,0.023932087345348577,0.023932087345348577,0.023932087345348577,0.023932087345348577,0.023932087345348577,0.023932087345348577,0.023932087345348577,0.023932087345348577,0.023932087345348577,0.023932087345348577,0.023932087345348577,0.023932087345348577,0.023932087345348577,0.023932087345348577,0.023932087345348577,0.023932087345348577,0.023932087345348577,0.023932087345348577,0.023932087345348577,0.023932087345348577,0.023932087345348577,0.023932087345348577,0.023932087345348577,0.023932087345348577,0.023932087345348577,0.023932087345348577,0.023932087345348577,0.023932087345348577,0.023932087345348577,0.023932087345348577,0.023932087345348577,0.023932087345348577,0.023932087345332993,0.023932087345317283,0.023932087345301556,0.023932087345285822,0.023932087345270112,0.023932087345254385,0.023932087345238665,0.02393208734522295,0.02393208734520723,0.023932087345191505,0.023932087345175775,0.02393208734516006,0.02393208734514433,0.023932087345128607,0.023932087345112887,0.023932087345097164,0.02393208734508144,0.02393208734506572,0.023932087345050004,0.023932087345034273,0.023932087345018553,0.023932087345002843,0.023932087344987113,0.023932087344971396,0.023932087344955673,0.023932087344939953,0.023932087344924236,0.023932087344908506,0.023932087344892775,0.02393208734487705,0.02393208734486133,0.023932087344845608,0.02393208734482989,0.023932087344814168,0.023932087344798448,0.02393208734478272,0.023932087344766997,0.02393208734475128,0.023932087344735554,0.023932087344719837,0.02393208734470412,0.023932087344688397,0.023932087344672684,0.023932087344656957,0.023932087344641233,0.02393208734462551,0.023932087344609783,0.023932087344594066,0.023932087344578336,0.023932087344562616,0.023932087344546896,0.023932087344531176,0.023932087344515452,0.02393208734449974,0.02393208734448401,0.02393208734446828,0.02393208734445256,0.023932087344436845,0.023932087344421118,0.023932087344405398,0.023932087344389674,0.023932087344373954,0.02393208734435822,0.023932087344342507,0.023932087344326777,0.02393208734431106,0.02393208734429533,0.023932087344279613,0.02393208734426389,0.023932087344248166,0.023932087344232442,0.023932087344216712,0.023932087344200985,0.02393208734418526,0.023932087344169548,0.023932087344153825,0.02393208734413809,0.023932087344122378,0.02393208734410665,0.023932087344090937,0.02393208734407521,0.02393208734405948,0.02393208734404376,0.023932087344028033,0.02393208734401232,0.023932087343996596,0.023932087343980883,0.023932087343965153,0.023932087343949426,0.023932087343933706,0.02393208734391799,0.023932087343902265,0.023932087343886542,0.023932087343870815,0.023932087343855095,0.02393208734383937,0.023932087343823648,0.023932087343807917,0.023932087343792204,0.023932087343776488,0.023932087343760757,0.02393208734374504,0.02393208734372932,0.023932087343713594,0.02393208734369787,0.023932087343682157,0.023932087343666433,0.023932087343650706,0.02393208734363499,0.02393208734361927,0.023932087343603546,0.023932087343587826,0.023932087343572106,0.023932087343556386,0.023932087343540655,0.02393208734352494,0.023932087343509222,0.023932087343493492,0.023932087343477775,0.02393208734346205,0.023932087343446325,0.023932087343430608,0.02393208734341489,0.023932087343399158,0.023932087343383437,0.023932087343367724,0.023932087343351997,0.02393208734333628,0.02393208734332055,0.023932087343304837,0.023932087343289117,0.02393208734327339,0.02393208734325766,0.02393208734324194,0.02393208734322622,0.023932087343210496,0.023932087343194786,0.023932087343179056,0.02393208734316333,0.02393208734314762,0.023932087343131885,0.02393208734311616,0.023932087343100435,0.02393208734308472,0.023932087343068995,0.02393208734305327,0.023932087343037554,0.023932087343021834,0.023932087343006114,0.023932087342990387,0.02393208734297467,0.023932087342958944,0.023932087342943227,0.023932087342927507,0.02393208734291178,0.023932087342896067,0.023932087342880336,0.02393208734286462,0.023932087342848896,0.023932087342833176,0.023932087342817456,0.02393208734280173,0.02393208734278601,0.023932087342770286,0.023932087342754566,0.023932087342738842,0.023932087342723115,0.023932087342707395,0.023932087342691668,0.02393208734267595,0.02393208734266022,0.023932087342644497,0.02393208734262878,0.02393208734261306,0.02393208734259734,0.023932087342581607,0.02393208734256589,0.02393208734255017,0.023932087342534453,0.023932087342518726,0.02393208734250301,0.02393208734248729,0.023932087342471566,0.023932087342455846,0.023932087342440123,0.0239320873424244,0.02393208734240868,0.023932087342392955,0.023932087342377235,0.02393208734236152,0.023932087342345792,0.02393208734233008,0.023932087342314345,0.02393208734229861,0.023932087342282898,0.02393208734226718,0.023932087342251454,0.023932087342235734,0.02393208734222002,0.023932087342204287,0.02393208734218857,0.02393208734217285,0.02393208734215712,0.023932087342141393,0.023932087342125673,0.02393208734210996,0.023932087342094233,0.02393208734207852,0.0239320873420628,0.023932087342047072,0.023932087342031342,0.023932087342015625,0.023932087341999905,0.023932087341984185,0.023932087341968458,0.023932087341952745,0.023932087341937018,0.023932087341921298,0.02393208734190557,0.023932087341889847,0.023932087341874124,0.023932087341858397,0.02393208734184268,0.023932087341826957,0.023932087341811237,0.023932087341795513,0.023932087341779797,0.023932087341764066,0.023932087341748346,0.023932087341732623,0.023932087341716896,0.023932087341701186,0.02393208734168546,0.023932087341669732,0.023932087341654012,0.02393208734163829,0.02393208734162256,0.023932087341606838,0.023932087341591114,0.023932087341575387,0.023932087341559674,0.023932087341543958,0.023932087341528227,0.023932087341512507,0.023932087341496783,0.02393208734148106,0.02393208734146534,0.02393208734144962,0.023932087341433903,0.023932087341418173,0.023932087341402456,0.023932087341386743,0.023932087341371013,0.02393208734135529,0.023932087341339572,0.023932087341323842,0.02393208734130811,0.023932087341292402,0.023932087341276675,0.02393208734126095,0.023932087341245235,0.023932087341229508,0.02393208734121378,0.023932087341198054,0.02393208734118233,0.023932087341166603,0.023932087341150883,0.02393208734113516,0.023932087341119433,0.02393208734110371,0.023932087341087982,0.023932087341072265,0.023932087341056545,0.02393208734104082,0.0239320873410251,0.02393208734100937,0.02393208734099365,0.023932087340977928,0.02393208734096221,0.023932087340946488,0.02393208734093076,0.02393208734091504,0.023932087340899324,0.023932087340883593,0.02393208734086788,0.02393208734085216,0.02393208734083643,0.023932087340820713,0.023932087340804993,0.023932087340789266,0.02393208734077355,0.02393208734075783,0.023932087340742102,0.023932087340726386,0.023932087340710666,0.02393208734069494,0.023932087340679226,0.02393208734066349,0.023932087340647775,0.02393208734063205,0.023932087340616328,0.0239320873406006,0.023932087340584884,0.023932087340569168,0.02393208734055344,0.023932087340537717,0.023932087340521987,0.023932087340506267,0.023932087340490554,0.023932087340474823,0.023932087340459107,0.023932087340443376,0.02393208734042766,0.023932087340411946,0.023932087340396216,0.02393208734038049,0.023932087340364776,0.023932087340349052,0.023932087340333332,0.023932087340317616,0.02393208734030188,0.02393208734028616,0.02393208734027044,0.02393208734025472,0.023932087340238998,0.023932087340223274,0.02393208734020756,0.023932087340191838,0.023932087340176114,0.023932087340160394,0.023932087340144674,0.02393208734012895,0.023932087340113227,0.02393208734009751,0.023932087340081787,0.02393208734006606,0.023932087340050343,0.023932087340034627,0.023932087340018903,0.02393208734000318,0.023932087339987456,0.023932087339971736,0.02393208733995601,0.02393208733994029,0.02393208733992457,0.02393208733990884,0.02393208733989313,0.023932087339877405,0.02393208733986168,0.023932087339845958,0.02393208733983024,0.023932087339814515,0.02393208733979879,0.023932087339783064,0.023932087339767344,0.02393208733975162,0.023932087339735904,0.023932087339720173,0.023932087339704453,0.023932087339688726,0.023932087339673013,0.02393208733965729,0.023932087339641566,0.023932087339625846,0.02393208733961012,0.0239320873395944,0.023932087339578675,0.02393208733956296,0.02393208733954723,0.023932087339531512,0.02393208733951579,0.023932087339500068,0.023932087339484348,0.023932087339468625,0.023932087339452904,0.023932087339437174,0.023932087339421454,0.02393208733940573,0.02393208733939002,0.02393208733937429,0.023932087339358574,0.023932087339342857,0.023932087339327134,0.02393208733931141,0.02393208733929568,0.02393208733927996,0.02393208733926424,0.02393208733924852,0.023932087339232782,0.023932087339217065,0.023932087339201345,0.023932087339185625,0.023932087339169905,0.02393208733915417,0.02393208733913845,0.02393208733912273,0.023932087339107014,0.023932087339091287,0.023932087339075564,0.023932087339059847,0.023932087339044124,0.023932087339028397,0.02393208733901268,0.023932087338996957,0.023932087338981233,0.02393208733896551,0.023932087338949797,0.02393208733893407,0.023932087338918353,0.023932087338902626,0.02393208733888691,0.02393208733887119,0.023932087338855466,0.023932087338839742,0.02393208733882402,0.0239320873388083,0.02393208733879258,0.023932087338776865,0.02393208733876113,0.0239320873387454,0.023932087338729688,0.023932087338713964,0.023932087338698234,0.023932087338682517,0.02393208733866679,0.02393208733865107,0.023932087338635354,0.02393208733861962,0.023932087338603903,0.02393208733858818,0.023932087338572453,0.02393208733855673,0.02393208733854101,0.023932087338525285,0.023932087338509565,0.023932087338493842,0.023932087338478118,0.023932087338462398,0.02393208733844668,0.023932087338430958,0.023932087338415238,0.02393208733839951,0.023932087338383794,0.02393208733836807,0.023932087338352347,0.023932087338336624,0.023932087338320904,0.023932087338305184,0.023932087338289457,0.023932087338273744,0.023932087338258013,0.023932087338242286,0.023932087338226566,0.023932087338210846,0.023932087338195122,0.023932087338179402,0.023932087338163682,0.023932087338147952,0.023932087338132235,0.023932087338116508,0.02393208733810078,0.023932087338085065,0.02393208733806934,0.02393208733805362,0.0239320873380379,0.023932087338022174,0.023932087338006457,0.023932087337990734,0.023932087337975017,0.023932087337959297,0.02393208733794356,0.023932087337927843,0.023932087337912127,0.023932087337896403,0.02393208733788068,0.023932087337864956,0.023932087337849236,0.023932087337833516,0.02393208733781779,0.023932087337802072,0.023932087337786342,0.023932087337770618,0.0239320873377549,0.02393208733773919,0.023932087337723455,0.02393208733770774,0.023932087337692018,0.023932087337676287,0.02393208733766057,0.02393208733764484,0.023932087337629117,0.023932087337613397,0.02393208733759767,0.02393208733758195,0.023932087337566233,0.023932087337550513,0.023932087337534783,0.02393208733751906,0.023932087337503342,0.023932087337487622,0.0239320873374719,0.023932087337456172,0.02393208733744046,0.023932087337424735,0.02393208733740901,0.02393208733739328,0.023932087337377568,0.02393208733736184,0.02393208733734612,0.023932087337330397,0.023932087337314674,0.023932087337298957,0.023932087337283227,0.023932087337267503,0.02393208733725179,0.023932087337236067,0.023932087337220343,0.02393208733720462,0.0239320873371889,0.02393208733717318,0.023932087337157452,0.023932087337141732,0.023932087337126005,0.023932087337110285,0.023932087337094565,0.02393208733707884,0.02393208733706312,0.023932087337047405,0.023932087337031675,0.023932087337015955,0.02393208733700023,0.023932087336984504,0.02393208733696878,0.02393208733695306,0.023932087336937344,0.02393208733692162,0.023932087336905904,0.02393208733689018,0.02393208733687446,0.023932087336858733,0.023932087336843003,0.023932087336827293,0.023932087336811573,0.02393208733679585,0.02393208733678013,0.02393208733676441,0.023932087336748686,0.023932087336732966,0.023932087336717228,0.02393208733670151,0.023932087336685788,0.023932087336670065,0.02393208733665435,0.023932087336638624,0.023932087336622908,0.023932087336607184,0.02393208733659147,0.02393208733657574,0.023932087336560014,0.023932087336544297,0.02393208733652857,0.02393208733651285,0.023932087336497126,0.0239320873364814,0.023932087336465683,0.023932087336449966,0.023932087336434236,0.0239320873364185,0.023932087336402782,0.023932087336387065,0.023932087336371338,0.023932087336355625,0.023932087336339898,0.023932087336324175,0.023932087336308458,0.023932087336292727,0.02393208733627701,0.023932087336261287,0.02393208733624556,0.02393208733622985,0.02393208733621412,0.023932087336198407,0.02393208733618268,0.02393208733616695,0.023932087336151226,0.023932087336135506,0.023932087336119783,0.02393208733610406,0.02393208733608834,0.02393208733607262,0.023932087336056895,0.02393208733604118,0.02393208733602545,0.02393208733600973,0.02393208733599401,0.023932087335978288,0.023932087335962568,0.023932087335946844,0.023932087335931117,0.023932087335915408,0.02393208733589968,0.023932087335883957,0.023932087335868244,0.023932087335852517,0.023932087335836797,0.02393208733582107,0.02393208733580535,0.023932087335789623,0.023932087335773903,0.023932087335758186,0.02393208733574246,0.023932087335726732,0.023932087335711016,0.023932087335695292,0.02393208733567957,0.02393208733566385,0.02393208733564813,0.0239320873356324,0.02393208733561667,0.023932087335600954,0.02393208733558523,0.02393208733556951,0.023932087335553787,0.02393208733553807,0.023932087335522344,0.02393208733550662,0.023932087335490897,0.023932087335475177,0.02393208733545945,0.023932087335443733,0.023932087335428003,0.023932087335412276,0.023932087335396562,0.023932087335380835,0.023932087335365115,0.02393208733534939,0.023932087335333672,0.023932087335317945,0.023932087335302228,0.02393208733528651,0.02393208733527078,0.02393208733525506,0.023932087335239337,0.023932087335223607,0.023932087335207887,0.023932087335192167,0.023932087335176443,0.023932087335160723,0.023932087335144996,0.023932087335129283,0.023932087335113556,0.02393208733509783,0.023932087335082106,0.02393208733506637,0.023932087335050655,0.023932087335034925,0.02393208733501921,0.023932087335003484,0.023932087334987768,0.02393208733497205,0.023932087334956328,0.023932087334940604,0.02393208733492488,0.023932087334909147,0.02393208733489343,0.02393208733487771,0.023932087334861993,0.023932087334846273,0.02393208733483055,0.023932087334814823,0.023932087334799092,0.023932087334783376,0.02393208733476765,0.02393208733475192,0.023932087334736205,0.02393208733472048,0.02393208733470476,0.023932087334689035,0.023932087334673318,0.023932087334657588,0.02393208733464186,0.023932087334626144,0.02393208733461041,0.023932087334594693,0.023932087334578973,0.02393208733456325,0.023932087334547533,0.023932087334531806,0.02393208733451608,0.02393208733450037,0.023932087334484646,0.02393208733446892,0.023932087334453206,0.02393208733443748,0.02393208733442175,0.023932087334406042,0.02393208733439031,0.023932087334374585,0.02393208733435886,0.02393208733434314,0.023932087334327414,0.02393208733431169,0.023932087334295964,0.02393208733428025,0.023932087334264527,0.023932087334248797,0.02393208733423308,0.02393208733421736,0.023932087334201633,0.023932087334185916,0.023932087334170193,0.02393208733415447,0.023932087334138753,0.023932087334123026,0.023932087334107302,0.023932087334091585,0.023932087334075862,0.02393208733406014,0.023932087334044425,0.023932087334028695,0.02393208733401297,0.023932087333997255,0.023932087333981524,0.023932087333965808,0.023932087333950077,0.023932087333934357,0.02393208733391863,0.023932087333902917,0.02393208733388719,0.023932087333871477,0.023932087333855746,0.023932087333840023,0.02393208733382431,0.02393208733380858,0.023932087333792863,0.023932087333777132,0.023932087333761416,0.023932087333745695,0.023932087333729972,0.02393208733371425,0.02393208733369852,0.023932087333682798,0.023932087333667078,0.023932087333651354,0.023932087333635638,0.02393208733361991,0.023932087333604198,0.023932087333588474,0.023932087333572747,0.023932087333557023,0.023932087333541293,0.023932087333525583,0.023932087333509863,0.023932087333494133,0.02393208733347842,0.02393208733346269,0.02393208733344696,0.02393208733343124,0.02393208733341551,0.023932087333399788,0.02393208733338407,0.02393208733336835,0.023932087333352624,0.02393208733333691,0.023932087333321188,0.023932087333305454,0.023932087333289727,0.02393208733327401,0.023932087333258287,0.023932087333242567,0.023932087333226843,0.023932087333211127,0.023932087333195406,0.023932087333179683,0.023932087333163952,0.023932087333148232,0.023932087333132505,0.023932087333116782,0.023932087333101062,0.02393208733308533,0.023932087333069618,0.023932087333053898,0.02393208733303817,0.02393208733302245,0.02393208733300673,0.02393208733299101,0.023932087332975284,0.02393208733295956,0.023932087332943837,0.02393208733292812,0.023932087332912407,0.023932087332896677,0.023932087332880957,0.02393208733286523,0.02393208733284951,0.02393208733283379,0.023932087332818066,0.02393208733280235,0.023932087332786626,0.0239320873327709,0.023932087332755182,0.023932087332739455,0.02393208733272373,0.02393208733270801,0.02393208733269229,0.02393208733267657,0.02393208733266085,0.023932087332645128,0.023932087332629397,0.023932087332613684,0.023932087332597964,0.023932087332582234,0.023932087332566517,0.023932087332550797,0.023932087332535074,0.023932087332519354,0.023932087332503627,0.023932087332487903,0.023932087332472186,0.023932087332456466,0.02393208733244075,0.02393208733242502,0.023932087332409303,0.023932087332393583,0.023932087332377856,0.023932087332362142,0.02393208733234641,0.02393208733233069,0.023932087332314972,0.02393208733229925,0.02393208733228352,0.0239320873322678,0.02393208733225208,0.023932087332236354,0.023932087332220634,0.023932087332204907,0.02393208733218918,0.023932087332173467,0.02393208733215774,0.023932087332142023,0.02393208733212631,0.02393208733211058,0.023932087332094856,0.023932087332079133,0.023932087332063406,0.023932087332047682,0.02393208733203196,0.023932087332016235,0.023932087332000515,0.023932087331984795,0.02393208733196907,0.02393208733195335,0.023932087331937628,0.023932087331921908,0.023932087331906184,0.023932087331890464,0.02393208733187474,0.023932087331859024,0.0239320873318433,0.02393208733182758,0.02393208733181186,0.02393208733179613,0.02393208733178041,0.023932087331764697,0.02393208733174897,0.02393208733173325,0.02393208733171753,0.023932087331701806,0.023932087331686083,0.023932087331670363,0.023932087331654636,0.023932087331638912,0.023932087331623202,0.02393208733160748,0.023932087331591752,0.023932087331576035,0.023932087331560308,0.02393208733154459,0.023932087331528858,0.023932087331513148,0.02393208733149743,0.0239320873314817,0.023932087331465984,0.023932087331450254,0.023932087331434534,0.02393208733141881,0.023932087331403094,0.02393208733138737,0.02393208733137164,0.02393208733135593,0.02393208733134021,0.02393208733132448,0.023932087331308763,0.023932087331293046,0.023932087331277323,0.023932087331261592,0.023932087331245872,0.023932087331230156,0.023932087331214432,0.023932087331198715,0.023932087331183,0.02393208733116727,0.023932087331151552,0.02393208733113583,0.023932087331120094,0.02393208733110437,0.023932087331088647,0.02393208733107293,0.023932087331057207,0.02393208733104149,0.023932087331025764,0.02393208733101005,0.023932087330994316,0.023932087330978593,0.02393208733096288,0.023932087330947153,0.023932087330931436,0.023932087330915716,0.023932087330899993,0.02393208733088428,0.023932087330868552,0.023932087330852825,0.0239320873308371,0.02393208733082139,0.023932087330805662,0.02393208733078994,0.02393208733077422,0.023932087330758505,0.02393208733074278,0.023932087330727055,0.023932087330711328,0.023932087330695608,0.023932087330679877,0.02393208733066416,0.023932087330648444,0.023932087330632717,0.023932087330616993,0.023932087330601284,0.023932087330585553,0.023932087330569823,0.023932087330554113,0.023932087330538383,0.02393208733052266,0.02393208733050694,0.023932087330491222,0.023932087330475492,0.023932087330459775,0.02393208733044404,0.023932087330428318,0.0239320873304126,0.023932087330396874,0.023932087330381154,0.02393208733036543,0.023932087330349714,0.02393208733033399,0.02393208733031827,0.023932087330302543,0.02393208733028683,0.023932087330271107,0.023932087330255383,0.02393208733023966,0.023932087330223943,0.023932087330208223,0.0239320873301925,0.023932087330176773,0.023932087330161046,0.023932087330145322,0.023932087330129605,0.02393208733011389,0.023932087330098162,0.023932087330082435,0.023932087330066715,0.02393208733005099,0.02393208733003527,0.02393208733001955,0.023932087330003828,0.023932087329988107,0.02393208732997239,0.023932087329956667,0.023932087329940944,0.023932087329925224,0.023932087329909504,0.023932087329893777,0.023932087329878053,0.023932087329862326,0.023932087329846613,0.023932087329830893,0.023932087329815173,0.02393208732979945,0.023932087329783733,0.023932087329768006,0.023932087329752275,0.02393208732973656,0.023932087329720842,0.023932087329705115,0.023932087329689395,0.023932087329673682,0.02393208732965796,0.023932087329642235,0.023932087329626504,0.02393208732962637,0.02393208732962636,0.02393208732962636
5,0.0,0.0,0.0,0.0,0.0,0.0,0.0,0.0,0.0,0.0,0.0,0.0,0.0,0.0,0.0,0.0,0.0,0.0,0.0,0.0,0.0,0.0,0.0,0.0,0.0,0.0,0.0,0.0,0.0,0.0,0.0,0.0,0.0,0.0,0.0,0.0,0.0,0.0,0.0,0.0,0.0,0.0,0.0,0.0,0.0,0.0,0.0,0.0,0.0,0.0,0.0,0.0,0.0,0.0,0.0,0.0,0.0,0.0,0.0,0.0,0.0,0.0,0.0,0.0,0.0,0.0,0.0,0.0,0.0,0.0,0.0,0.0,0.0,0.0,0.0,0.0,0.0,0.0,0.0,0.0,0.0,0.0,0.0,0.0,0.0,0.0,0.0,0.0,0.0,0.0,0.0,0.0,0.0,0.0,0.0,0.0,0.0,0.0,0.0,0.0,0.0,0.0,0.0,0.0,0.0,0.0,0.0,0.0,0.0,0.0,0.0,0.0,0.0,0.0,0.0,0.0,0.0,0.0,0.0,0.0,0.0,0.0,0.0,0.0,0.0,0.0,0.0,0.0,0.0,0.0,0.0,0.0,0.0,0.0,0.0,0.0,0.0,0.0,0.0,0.0,0.0,0.0,0.0,0.0,0.0,0.0,0.0,0.0,0.0,0.0,0.0,0.0,0.0,0.0,0.0,0.0,0.0,0.0,0.0,0.0,0.0,0.0,0.0,0.0,0.0,0.0,0.0,0.0,0.0,0.0,0.0,0.0,0.0,0.0,0.0,0.0,0.0,0.0,0.0,0.0,0.0,0.0,0.0,0.0,0.0,0.0,0.0,0.0,0.0,0.0,0.0,0.0,0.0,0.0,0.0,0.0,0.0,0.0,0.0,0.0,0.0,0.0,0.0,0.0,0.0,0.0,0.0,0.0,0.0,0.0,0.0,0.0,0.0,0.0,0.0,0.0,0.0,0.0,0.0,0.0,0.0,0.0,0.0,0.0,0.0,0.0,0.0,0.0,0.0,0.0,0.0,0.0,0.0,0.0,0.0,0.0,0.0,0.0,0.0,0.0,0.0,0.0,0.0,0.0,0.0,0.0,0.0,0.0,0.0,0.0,0.0,0.0,0.0,0.0,0.0,0.0,0.0,0.0,0.0,0.0,0.0,0.0,0.0,0.0,0.0,0.0,0.0,0.0,0.0,0.0,0.0,0.0,0.0,0.0,0.0,0.0,0.0,0.0,0.0,0.0,0.0,0.0,0.0,0.0,0.0,0.0,0.0,0.0,0.0,0.0,0.0,0.0,0.0,0.0,0.0,0.0,0.0,0.0,0.0,0.0,0.0,0.0,0.0,0.0,0.0,0.0,0.0,0.0,0.0,0.0,0.0,0.0,0.0,0.0,0.0,0.0,0.0,0.0,0.0,0.0,0.0,0.0,0.0,0.0,0.0,0.0,0.0,0.0,0.0,0.0,0.0,0.0,0.0,0.0,0.0,0.0,0.0,0.0,0.0,0.0,0.0,0.0,0.0,0.0,0.0,0.0,0.0,0.0,0.0,0.0,0.0,0.0,0.0,0.0,0.0,0.0,0.0,0.0,0.0,0.0,0.0,0.0,0.0,0.0,0.0,0.0,0.0,0.0,0.0,0.0,0.0,0.0,0.0,0.0,0.0,0.0,0.0,0.0,0.0,0.0,0.0,0.0,0.0,0.0,0.0,0.0,0.0,0.0,0.0,0.0,0.0,0.0,0.0,0.0,0.0,0.0,0.0,0.0,0.0,0.0,0.0,0.0,0.0,0.0,0.0,0.0,0.0,0.0,0.0,0.0,0.0,0.0,0.0,0.0,0.0,0.0,0.0,0.0,0.0,0.0,0.0,0.0,0.0,0.0,0.0,0.0,0.0,0.0,0.0,0.0,0.0,0.0,0.0,0.0,0.0,0.0,0.0,0.0,0.0,0.0,0.0,0.0,0.0,0.0,0.0,0.0,0.0,0.0,0.0,0.0,0.0,0.0,0.0,0.0,0.0,0.0,0.0,0.0,0.0,0.0,0.0,0.0,0.0,0.0,0.0,0.0,0.0,0.0,0.0,0.0,0.0,0.0,0.0,0.0,0.0,0.0,0.0,0.0,0.0,0.0,0.0,0.0,0.0,0.0,0.0,0.0,0.0,0.0,0.0,0.0,0.0,0.0,0.0,0.0,0.0,0.0,0.0,0.0,0.0,0.0,0.0,0.0,0.0,0.0,0.0,0.0,0.0,0.0,0.0,0.0,0.0,0.0,0.0,0.0,0.0,0.0,0.0,0.0,0.0,0.0,0.0,0.0,0.0,0.0,0.0,0.0,0.0,0.0,0.0,0.0,0.0,0.0,0.0,0.0,0.0,0.0,0.0,0.0,0.0,0.0,0.0,0.0,0.0,0.0,0.0,0.0,0.0,0.0,0.0,0.0,0.0,0.0,0.0,0.0,0.0,0.0,0.0,0.0,0.0,0.0,0.0,0.0,0.0,0.0,0.0,0.0,0.0,0.0,0.0,0.0,0.0,0.0,0.0,0.0,0.0,0.0,0.0,0.0,0.0,0.0,0.0,0.0,0.0,0.0,0.0,0.0,0.0,0.0,0.0,0.0,0.0,0.0,0.0,0.0,0.0,0.0,0.0,0.0,0.0,0.0,0.0,0.0,0.0,0.0,0.0,0.0,0.0,0.0,0.0,0.0,0.0,0.0,0.0,0.0,0.0,0.0,0.0,0.0,0.0,0.0,0.0,0.0,0.0,0.0,0.0,0.0,0.0,0.0,0.0,0.0,0.0,0.0,0.0,0.0,0.0,0.0,0.0,0.0,0.0,0.0,0.0,0.0,0.0,0.0,0.0,0.0,0.0,0.0,0.0,0.0,0.0,0.0,0.0,0.0,0.0,0.0,0.0,0.0,0.0,0.0,0.0,0.0,0.0,0.0,0.0,0.0,0.0,0.0,0.0,0.0,0.0,0.0,0.0,0.0,0.0,0.0,0.0,0.0,0.0,0.0,0.0,0.0,0.0,0.0,0.0,0.0,0.0,0.0,0.0,0.0,0.0,0.0,0.0,0.0,0.0,0.0,0.0,0.0,0.0,0.0,0.0,0.0,0.0,0.0,0.0,0.0,0.0,0.0,0.0,0.0,0.0,0.0,0.0,0.0,0.0,0.0,0.0,0.0,0.0,0.0,0.0,0.0,0.0,0.0,0.0,0.0,0.0,0.0,0.0,0.0,0.0,0.0,0.0,0.0,0.0,0.0,0.0,0.0,0.0,0.0,0.0,0.0,0.0,0.0,0.0,0.0,0.0,0.0,0.0,0.0,0.0,0.0,0.0,0.0,0.0,0.0,0.0,0.0,0.0,0.0,0.0,0.0,0.0,0.0,0.0,0.0,0.0,0.0,0.0,0.0,0.0,0.0,0.0,0.0,0.0,0.0,0.0,0.0,0.0,0.0,0.0,0.0,0.0,0.0,0.0,0.0,0.0,0.0,0.0,0.0,0.0,0.0,0.0,0.0,0.0,0.0,0.0,0.0,0.0,0.0,0.0,0.0,0.0,0.0,0.0,0.0,0.0,0.0,0.0,0.0,0.0,0.0,0.0,0.0,0.0,0.0,0.0,0.0,0.0,0.0,0.0,0.0,0.0,0.0,0.0,0.0,0.0,0.0,0.0,0.0,0.0,0.0,0.0,0.0,0.0,0.0,0.0,0.0,0.0,0.0,0.0,0.0,0.0,0.0,0.0,0.0,0.0,0.0,0.0,0.0,0.0,0.0,0.0,0.0,0.0,0.0,0.0,0.0,0.0,0.0,0.0,0.0,0.0,0.0,0.0,0.0,0.0,0.0,0.0,0.0,0.0,0.0,0.0,0.0,0.0,0.0,0.0,0.0,0.0,0.0,0.0,0.0,0.0,0.0,0.0,0.0,0.0,0.0,0.0,0.0,0.0,0.0,0.0,0.0,0.0,0.0,0.0,0.0,0.0,0.0,0.0,0.0,0.0,0.0,0.0,0.0,0.0,0.0,0.0,0.0,0.0,0.0,0.0,0.0,0.0,0.0,0.0,0.0,0.0,0.0,0.0,0.0,0.0,0.0,0.0,0.0,0.0,0.0,0.0,0.0,0.0,0.0,0.0,0.0,0.0,0.0,0.0,0.0,0.0,0.0,0.0,0.0,0.0,0.0,0.0,0.0,0.0,0.0,0.0,0.0,0.0,0.0,0.0,0.0,0.0,0.0,0.0,0.0,0.0,0.0,0.0,0.0,0.0,0.0,0.0,0.0,0.0,0.0,0.0,0.0,0.0,0.0,0.0,0.0,0.0,0.0,0.0,0.0,0.0,0.0,0.0,0.0,0.0,0.0,0.0,0.0,0.0,0.0,0.0,0.0,0.0,0.0,0.0,0.0,0.0,0.0,0.0,0.0,0.0,0.0,1.5303770721921946e-18,3.060781437831159e-18,4.59121316077106e-18,6.121672241025902e-18,7.652158678595189e-18,9.182672473477942e-18,1.0713213625673184e-17,1.2243782135179942e-17,1.3774378001997089e-17,1.5305001226123654e-17,1.683565180755848e-17,1.836632974630068e-17,1.989703504234923e-17,2.1427767695702927e-17,2.29585277063609e-17,2.4489315074322183e-17,2.6020129799585678e-17,2.7550971882150352e-17,2.908184132201519e-17,3.0612738119179106e-17,3.214366227364119e-17,3.3674613785400326e-17,3.520559265445554e-17,3.673659888080578e-17,3.826763246445009e-17,3.9798693405387434e-17,4.1329781703616684e-17,4.286089735913694e-17,4.439204037194717e-17,4.592321074204634e-17,4.745440846943339e-17,4.898563355410732e-17,5.051688599606707e-17,5.204816579531164e-17,5.3579472951840023e-17,5.511080746565117e-17,5.664216933674409e-17,5.817355856511773e-17,5.97049751507711e-17,6.123641909370315e-17,6.276789039391278e-17,6.429938905139908e-17,6.5830915066161e-17,6.736246843819754e-17,6.889404916750761e-17,7.042565725409021e-17,7.195729269794434e-17,7.348895549906902e-17,7.502064565746318e-17,7.655236317312582e-17,7.808410804605592e-17,7.96158802762524e-17,8.114767986371427e-17,8.267950680844041e-17,8.421136111042987e-17,8.574324276968166e-17,8.727515178619478e-17,8.880708815996827e-17,9.03390518910009e-17,9.18710429792918e-17,9.340306142483992e-17,9.493510722764423e-17,9.646718038770367e-17,9.799928090501728e-17,9.953140877958393e-17,1.010635640114027e-16,1.0259574660047253e-16,1.0412795654679246e-16,1.0566019385036139e-16,1.0719245851117826e-16,1.0872475052924219e-16,1.10257069904552e-16,1.1178941663710674e-16,1.1332179072690545e-16,1.14854192173947e-16,1.1638662097823031e-16,1.179190771397545e-16,1.194515606585186e-16,1.2098407153452135e-16,1.2251660976776197e-16,1.2404917535823935e-16,1.255817683059525e-16,1.2711438861090026e-16,1.286470362730817e-16,1.3017971129249582e-16,1.3171241366914152e-16,1.3324514340301786e-16,1.3477790049412379e-16,1.3631068494245843e-16,1.3784349674802049e-16,1.393763359108091e-16,1.4090920243082319e-16,1.4244209630806176e-16,1.4397501754252373e-16,1.4550796613420815e-16,1.4704094208311393e-16,1.4857394538924011e-16,1.501069760525856e-16,1.5164003407314953e-16,1.5317311945093073e-16,1.5470623218592816e-16,1.5623937227814095e-16,1.57772539727568e-16,1.593057345342082e-16,1.6083895669806065e-16,1.6237220621912422e-16,1.6390548309739796e-16,1.6543878733288078e-16,1.669721189255718e-16,1.6850547787546986e-16,1.7003886418257398e-16,1.7157227784688312e-16,1.7310571886839636e-16,1.7463918724711253e-16,1.7617268298303067e-16,1.7770620607614972e-16,1.7923975652646865e-16,1.8077333433398638e-16,1.8230693949870222e-16,1.838405720206149e-16,1.853742318997235e-16,1.8690791913602683e-16,1.8844163372952407e-16,1.89975375680214e-16,1.915091449880957e-16,1.9304294165316814e-16,1.945767656754302e-16,1.96110617054881e-16,1.9764449579151931e-16,1.9917840188534431e-16,2.007123353363551e-16,2.0224629614455038e-16,2.0378028430992916e-16,2.0531429983249053e-16,2.0684834271223344e-16,2.0838241294915677e-16,2.0991651054325977e-16,2.11450635494541e-16,2.1298478780299979e-16,2.1451896746863503e-16,2.1605317449144546e-16,2.175874088714303e-16,2.1912167060858858e-16,2.2065595970291918e-16,2.22190276154421e-16,2.2372461996309306e-16,2.2525899112893447e-16,2.2679338965194403e-16,2.2832781553212075e-16,2.298622687694636e-16,2.3139674936397164e-16,2.3293125731564364e-16,2.3446579262447906e-16,2.3600035529047636e-16,2.375349453136347e-16,2.3906956269395322e-16,2.4060420743143077e-16,2.4213887952606625e-16,2.4367357897785875e-16,2.4520830578680716e-16,2.4674305995291046e-16,2.482778414761676e-16,2.498126503565777e-16,2.513474865941396e-16,2.528823501888523e-16,2.544172411407147e-16,2.5595215944972604e-16,2.574871051158852e-16,2.590220781391909e-16,2.605570785196424e-16,2.620921062572385e-16,2.6362716135197834e-16,2.651622438038609e-16,2.6669735361288504e-16,2.6823249077904986e-16,2.6976765530235423e-16,2.713028471827973e-16,2.728380664203778e-16,2.743733130150948e-16,2.7590858696694725e-16,2.774438882759343e-16,2.789792169420548e-16,2.805145729653076e-16,2.8204995634569206e-16,2.8358536708320685e-16,2.85120805177851e-16,2.8665627062962345e-16,2.881917634385232e-16,2.897272836045492e-16,2.912628311277006e-16,2.9279840600797603e-16,2.9433400824537486e-16,2.958696378398957e-16,2.9740529479153773e-16,2.989409791003001e-16,3.0047669076618166e-16,3.0201242978918117e-16,3.035481961692978e-16,3.0508398990653052e-16,3.0661981100087824e-16,3.0815565945234e-16,3.096915352609149e-16,3.112274384266015e-16,3.127633689493991e-16,3.1429932682930663e-16,3.1583531206632325e-16,3.1737132466044757e-16,3.1890736461167865e-16,3.204434319200157e-16,3.219795265854575e-16,3.235156486080032e-16,3.2505179798765157e-16,3.265879747244016e-16,3.2812417881825243e-16,3.296604102692029e-16,3.3119666907725224e-16,3.32732955242399e-16,3.342692687646426e-16,3.358056096439817e-16,3.3734197788041556e-16,3.3887837347394295e-16,3.4041479642456276e-16,3.4195124673227414e-16,3.43487724397076e-16,3.4502422941896737e-16,3.4656076179794714e-16,3.480973215340144e-16,3.496339086271679e-16,3.511705230774069e-16,3.5270716488473005e-16,3.542438340491366e-16,3.5578053057062563e-16,3.573172544491958e-16,3.5885400568484617e-16,3.6039078427757596e-16,3.6192759022738377e-16,3.6346442353426896e-16,3.650012841982301e-16,3.665381722192667e-16,3.68075087597377e-16,3.696120303325608e-16,3.7114900042481655e-16,3.7268599787414315e-16,3.7422302268054e-16,3.7576007484400567e-16,3.772971543645394e-16,3.788342612421402e-16,3.8037139547680686e-16,3.819085570685385e-16,3.834457460173337e-16,3.8498296232319207e-16,3.865202059861122e-16,3.8805747700609315e-16,3.895947753831338e-16,3.9113210111723335e-16,3.9266945420839053e-16,3.9420683465660444e-16,3.9574424246187447e-16,3.972816776241988e-16,3.9881914014357697e-16,4.003566300200077e-16,4.0189414725349004e-16,4.0343169184402303e-16,4.049692637916055e-16,4.065068630962366e-16,4.0804448975791496e-16,4.0958214377663993e-16,4.1111982515241044e-16,4.126575338852254e-16,4.141952699750837e-16,4.157330334219845e-16,4.1727082422592686e-16,4.1880864238690934e-16,4.2034648790493123e-16,4.218843607799915e-16,4.234222610120889e-16,4.2496018860122263e-16,4.264981435473917e-16,4.280361258505951e-16,4.295741355108316e-16,4.311121725281003e-16,4.326502369024001e-16,4.341883286337301e-16,4.3572644772208903e-16,4.372645941674764e-16,4.3880276796989066e-16,4.40340969129331e-16,4.418791976457963e-16,4.434174535192858e-16,4.44955736749798e-16,4.464940473373323e-16,4.480323852818876e-16,4.495707505834625e-16,4.511091432420563e-16,4.526475632576681e-16,4.541860106302965e-16,4.557244853599411e-16,4.572629874466e-16,4.58801516890273e-16,4.603400736909588e-16,4.618786578486563e-16,4.634172693633643e-16,4.649559082350823e-16,4.664945744638089e-16,4.680332680495429e-16,4.695719889922838e-16,4.7111073729203e-16,4.726495129487809e-16,4.741883159625356e-16,4.757271463332924e-16,4.772660040610511e-16,4.7880488914581e-16,4.803438015875685e-16,4.818827413863255e-16,4.834217085420796e-16,4.849607030548301e-16,4.864997249245763e-16,4.880387741513166e-16,4.895778507350503e-16,4.911169546757763e-16,4.926560859734933e-16,4.941952446282008e-16,4.957344306398975e-16,4.972736440085825e-16,4.988128847342546e-16,5.003521528169129e-16,5.018914482565564e-16,5.034307710531838e-16,5.049701212067943e-16,5.06509498717387e-16,5.080489035849608e-16,5.095883358095145e-16,5.111277953910471e-16,5.126672823295579e-16,5.142067966250455e-16,5.157463382775088e-16,5.172859072869474e-16,5.188255036533597e-16,5.203651273767448e-16,5.2190477845710185e-16,5.234444568944295e-16,5.249841626887271e-16,5.265238958399934e-16,5.280636563482276e-16,5.296034442134284e-16,5.311432594355949e-16,5.326831020147263e-16,5.342229719508212e-16,5.357628692438786e-16,5.373027938938979e-16,5.388427459008778e-16,5.403827252648168e-16,5.419227319857146e-16,5.4346276606357e-16,5.450028274983818e-16,5.465429162901493e-16,5.480830324388713e-16,5.496231759445465e-16,5.511633468071742e-16,5.527035450267533e-16,5.542437706032829e-16,5.557840235367615e-16,5.573243038271884e-16,5.588646114745628e-16,5.604049464788835e-16,5.619453088401495e-16,5.634856985583596e-16,5.650261156335129e-16,5.665665600656082e-16,5.681070318546449e-16,5.696475310006216e-16,5.711880575035375e-16,5.727286113633915e-16,5.742691925801824e-16,5.758098011539095e-16,5.773504370845713e-16,5.788911003721674e-16,5.804317910166963e-16,5.819725090181573e-16,5.835132543765491e-16,5.85054027091871e-16,5.865948271641215e-16,5.881356545933e-16,5.896765093794054e-16,5.912173915224365e-16,5.927583010223924e-16,5.942992378792722e-16,5.95840202093075e-16,5.973811936637987e-16,5.989222125914439e-16,6.004632588760086e-16,6.020043325174919e-16,6.035454335158929e-16,6.050865618712102e-16,6.066277175834432e-16,6.081689006525907e-16,6.097101110786518e-16,6.112513488616253e-16,6.127926140015104e-16,6.1433390649830615e-16,6.15875226352011e-16,6.174165735626244e-16,6.189579481301453e-16,6.204993500545726e-16,6.220407793359049e-16,6.235822359741419e-16,6.251237199692825e-16,6.266652313213248e-16,6.282067700302688e-16,6.297483360961128e-16,6.312899295188562e-16,6.328315502984979e-16,6.343731984350366e-16,6.359148739284715e-16,6.374565767788015e-16,6.389983069860256e-16,6.405400645501427e-16,6.420818494711522e-16,6.436236617490525e-16,6.451655013838425e-16,6.467073683755222e-16,6.482492627240894e-16,6.497911844295435e-16,6.513331334918837e-16,6.528751099111087e-16,6.544171136872175e-16,6.559591448202095e-16,6.575012033100831e-16,6.590432891568373e-16,6.605854023604716e-16,6.621275429209844e-16,6.636697108383751e-16,6.652119061126423e-16,6.667541287437857e-16,6.682963787318034e-16,6.698386560766949e-16,6.713809607784587e-16,6.729232928370944e-16,6.744656522526006e-16,6.760080390249763e-16,6.775504531542205e-16,6.790928946403322e-16,6.806353634833104e-16,6.82177859683154e-16,6.837203832398621e-16,6.852629341534335e-16,6.868055124238676e-16,6.883481180511629e-16,6.898907510353186e-16,6.914334113763338e-16,6.92976099074207e-16,6.945188141289377e-16,6.960615565405248e-16,6.97604326308967e-16,6.991471234342635e-16,7.006899479164131e-16,7.02232799755415e-16,7.03775678951268e-16,7.053185855039711e-16,7.068615194135232e-16,7.084044806799233e-16,7.099474693031708e-16,7.114904852832638e-16,7.130335286202021e-16,7.145765993139844e-16,7.161196973646095e-16,7.176628227720767e-16,7.192059755363844e-16,7.207491556575324e-16,7.222923631355189e-16,7.238355979703431e-16,7.253788601620043e-16,7.269221497105014e-16,7.284654666158332e-16,7.300088108779988e-16,7.315521824969969e-16,7.330955814728269e-16,7.346390078054877e-16,7.361824614949777e-16,7.377259425412969e-16,7.392694509444432e-16,7.40812986704416e-16,7.423565498212151e-16,7.439001402948386e-16,7.454437581252851e-16,7.469874033125546e-16,7.48531075856645e-16,7.500747757575562e-16,7.516185030152871e-16,7.531622576298361e-16,7.547060396012021e-16,7.562498489293851e-16,7.57793685614383e-16,7.593375496561954e-16,7.608814410548211e-16,7.624253598102591e-16,7.639693059225083e-16,7.655132793915676e-16,7.670572802174364e-16,7.686013084001127e-16,7.701453639395968e-16,7.716894468358865e-16,7.732335570889819e-16,7.747776946988813e-16,7.763218596655835e-16,7.778660519890878e-16,7.794102716693933e-16,7.809545187064984e-16,7.824987931004027e-16,7.84043094851105e-16,7.855874239586039e-16,7.871317804228991e-16,7.886761642439887e-16,7.902205754218727e-16,7.917650139565494e-16,7.933094798480177e-16,7.948539730962767e-16,7.963984937013257e-16,7.979430416631634e-16,7.994876169817888e-16,8.010322196572011e-16,8.025768496893987e-16,8.041215070783812e-16,8.056661918241474e-16,8.072109039266962e-16,8.087556433860264e-16,8.103004102021372e-16,8.118452043750279e-16,8.133900259046965e-16,8.149348747911432e-16,8.16479751034366e-16,8.180246546343645e-16,8.195695855911374e-16,8.211145439046835e-16,8.226595295750024e-16,8.24204542602092e-16,8.257495829859525e-16,8.272946507265819e-16,8.288397458239796e-16,8.303848682781445e-16,8.31930018089076e-16,8.334751952567727e-16,8.350203997812334e-16,8.365656316624576e-16,8.381108909004438e-16,8.396561774951909e-16,8.412014914466981e-16,8.427468327549646e-16,8.442922014199887e-16,8.458375974417702e-16,8.473830208203078e-16,8.489284715555997e-16,8.504739496476464e-16,8.520194550964457e-16,8.535649879019971e-16,8.55110548064299e-16,8.566561355833514e-16,8.582017504591521e-16,8.597473926917004e-16,8.612930622809962e-16,8.628387592270374e-16,8.643844835298235e-16,8.659302351893533e-16,8.674760142056257e-16,8.690218205786402e-16,8.705676543083952e-16,8.721135153948894e-16,8.736594038381224e-16,8.752053196380932e-16,8.767512627948007e-16,8.782972333082435e-16,8.798432311784213e-16,8.813892564053322e-16,8.829353089889754e-16,8.844813889293508e-16,8.860274962264557e-16,8.875736308802905e-16,8.891197928908535e-16,8.906659822581438e-16,8.922121989821611e-16,8.93758443062903e-16,8.953047145003697e-16,8.96851013294559e-16,8.98397339445471e-16,8.99943692953104e-16,9.01490073817458e-16,9.030364820385306e-16,9.045829176163214e-16,9.061293805508291e-16,9.076758708420533e-16,9.092223884899922e-16,9.10768933494646e-16,9.123155058560123e-16,9.138621055740908e-16,9.154087326488802e-16,9.169553870803799e-16,9.185020688685885e-16,9.200487780135047e-16,9.21595514515128e-16,9.23142278373458e-16,9.246890695884917e-16,9.262358881602298e-16,9.277827340886708e-16,9.293296073738135e-16,9.308765080156572e-16,9.324234360142e-16,9.33970391369442e-16,9.355173740813815e-16,9.37064384150018e-16,9.386114215753503e-16,9.401584863573765e-16,9.41705578496097e-16,9.432526979915102e-16,9.447998448436144e-16,9.463470190524095e-16,9.478942206178938e-16,9.494414495400667e-16,9.509887058189273e-16,9.525359894544743e-16,9.540833004467068e-16,9.556306387956236e-16,9.57178004501224e-16,9.587253975635062e-16,9.6027281798247e-16,9.618202657581145e-16,9.633677408904381e-16,9.649152433794399e-16,9.66462773225119e-16,9.680103304274737e-16,9.695579149865047e-16,9.71105526902209e-16,9.726531661745868e-16,9.74200832803637e-16,9.757485267893576e-16,9.77296248131749e-16,9.788439968308091e-16,9.803917728865377e-16,9.819395762989329e-16,9.83487407067994e-16,9.850352651937206e-16,9.865831506761106e-16,9.88131063515164e-16,9.89679003710879e-16,9.912269712632547e-16,9.92774966172291e-16,9.943229884379858e-16,9.958710380603383e-16,9.974191150393477e-16,9.989672193750126e-16,1.0005153510673327e-15,1.002063510116306e-15,1.0036116965219326e-15,1.0051599102842108e-15,1.0067081514031389e-15,1.0082564198787174e-15,1.0098047157109444e-15,1.011353038899819e-15,1.01290138944534e-15,1.0144497673475067e-15,1.0159981726063182e-15,1.0175466052217724e-15,1.0190950651938697e-15,1.020643552522608e-15,1.0221920672079867e-15,1.0237406092500053e-15,1.0252891786486622e-15,1.0268377754039567e-15,1.028386399515887e-15,1.029935050984453e-15,1.0314837298096533e-15,1.033032435991486e-15,1.0345811695299522e-15,1.0361299304250487e-15,1.0376787186767757e-15,1.0392275342851323e-15,1.0407763772501165e-15,1.0423252475717282e-15,1.0438741452499655e-15,1.0454230702848285e-15,1.0469720226763151e-15,1.0485210024244247e-15,1.0500700095291565e-15,1.051619043990509e-15,1.053168105808482e-15,1.0547171949830738e-15,1.056266311514283e-15,1.05781545540211e-15,1.0593646266465524e-15,1.0609138252476093e-15,1.0624630512052808e-15,1.0640123045195645e-15,1.0655615851904602e-15,1.0671108932179669e-15,1.068660228602083e-15,1.0702095913428077e-15,1.0717589814401406e-15,1.0733083988940799e-15,1.0748578437046248e-15,1.0764073158717747e-15,1.077956815395528e-15,1.079506342275884e-15,1.0810558965128412e-15,1.0826054781063992e-15,1.0841550870565572e-15,1.0857047233633134e-15,1.0872543870266672e-15,1.0888040780466172e-15,1.090353796423163e-15,1.0919035421563028e-15,1.0934533152460363e-15,1.095003115692362e-15,1.0965529434952789e-15,1.0981027986547864e-15,1.099652681170883e-15,1.1012025910435679e-15,1.10275252827284e-15,1.1043024928586986e-15,1.1058524848011421e-15,1.1074025041001702e-15,1.1089525507557808e-15,1.1105026247679736e-15,1.112052726136748e-15,1.113602854862102e-15,1.1151530109440358e-15,1.116703194382547e-15,1.1182534051776357e-15,1.1198036433292998e-15,1.1213539088375394e-15,1.1229042017023526e-15,1.124454521923739e-15,1.1260048695016973e-15,1.1275552444362262e-15,1.1291056467273255e-15,1.130656076374993e-15,1.132206533379229e-15,1.133757017740031e-15,1.1353075294573995e-15,1.1368580685313325e-15,1.1384086349618293e-15,1.139959228748889e-15,1.14150984989251e-15,1.1430604983926918e-15,1.1446111742494332e-15,1.146161877462733e-15,1.1477126080325908e-15,1.1492633659590048e-15,1.1508141512419748e-15,1.152364963881499e-15,1.153915803877577e-15,1.1554666712302071e-15,1.1570175659393884e-15,1.1585684880051211e-15,1.1601194374274028e-15,1.1616704142062327e-15,1.1632214183416102e-15,1.1647724498335337e-15,1.1663235086820025e-15,1.1678745948870161e-15,1.1694257084485722e-15,1.1709768493666708e-15,1.1725280176413107e-15,1.1740792132724911e-15,1.17563043626021e-15,1.1771816866044678e-15,1.178732964305262e-15,1.1802842693625926e-15,1.181835601776458e-15,1.183386961546858e-15,1.184938348673791e-15,1.186489763157256e-15,1.1880412049972515e-15,1.1895926741937774e-15,1.1911441707468325e-15,1.1926956946564148e-15,1.1942472459225246e-15,1.1957988245451602e-15,1.1973504305243203e-15,1.1989020638600045e-15,1.2004537245522115e-15,1.2020054126009403e-15,1.2035571280061903e-15,1.2051088707679596e-15,1.2066606408862474e-15,1.2082124383610534e-15,1.2097642631923757e-15,1.2113161153802138e-15,1.2128679949245668e-15,1.2144199018254328e-15,1.2159718360828118e-15,1.2175237976967025e-15,1.2190757866671037e-15,1.220627802994014e-15,1.2221798466774333e-15,1.2237319177173595e-15,1.2252840161137926e-15,1.226836141866731e-15,1.2283882949761738e-15,1.22994047544212e-15,1.2314926832645687e-15,1.233044918443518e-15,1.2345971809789682e-15,1.2361494708709171e-15,1.237701788119365e-15,1.2392541327243099e-15,1.2408065046857511e-15,1.2423589040036875e-15,1.243911330678118e-15,1.2454637847090415e-15,1.2470162660964577e-15,1.2485687748403648e-15,1.2501213109407618e-15,1.2516738743976475e-15,1.253226465211022e-15,1.2547790833808835e-15,1.256331728907231e-15,1.2578844017900629e-15,1.2594371020293791e-15,1.2609898296251785e-15,1.2625425845774598e-15,1.2640953668862217e-15,1.2656481765514639e-15,1.2672010135731841e-15,1.2687538779513825e-15,1.270306769686058e-15,1.2718596887772088e-15,1.273412635224835e-15,1.2749656090289338e-15,1.2765186101895062e-15,1.2780716387065501e-15,1.2796246945800641e-15,1.2811777778100482e-15,1.282730888396501e-15,1.2842840263394212e-15,1.2858371916388078e-15,1.2873903842946607e-15,1.2889436043069775e-15,1.2904968516757578e-15,1.2920501264010005e-15,1.2936034284827045e-15,1.2951567579208692e-15,1.2967101147154939e-15,1.2982634988665756e-15,1.2998169103741154e-15,1.3013703492381115e-15,1.3029238154585632e-15,1.3044773090354688e-15,1.3060308299688283e-15,1.3075843782586395e-15,1.309137953904902e-15,1.3106915569076149e-15,1.3122451872667769e-15,1.3137988449823867e-15,1.315352530054444e-15,1.316906242482947e-15,1.3184599822678954e-15,1.3200137494092874e-15,1.3215675439071229e-15,1.3231213657614003e-15,1.3246752149721186e-15,1.3262290915392767e-15,1.3277829954628743e-15,1.3293369267429089e-15,1.3308908853793808e-15,1.3324448713722893e-15,1.333998884721632e-15,1.3355529254274086e-15,1.337106993489618e-15,1.3386610889082589e-15,1.3402152116833311e-15,1.341769361814833e-15,1.3433235393027632e-15,1.3448777441471215e-15,1.3464319763479068e-15,1.3479862359051172e-15,1.349540522818752e-15,1.3510948370888111e-15,1.3526491787152922e-15,1.3542035476981947e-15,1.3557579440375177e-15,1.357312367733261e-15,1.3588668187854225e-15,1.3604212971940007e-15,1.361975802958996e-15,1.3635303360804066e-15,1.3650848965582316e-15,1.3666394843924694e-15,1.3681940995831204e-15,1.3697487421301825e-15,1.3713034120336542e-15,1.3728581092935361e-15,1.3744128339098262e-15,1.3759675858825222e-15,1.3775223652116253e-15,1.3790771718971336e-15,1.380632005939046e-15,1.3821868673373614e-15,1.3837417560920793e-15,1.3852966722031978e-15,1.386851615670717e-15,1.3884065864946349e-15,1.3899615846749514e-15,1.3915166102116638e-15,1.3930716631047728e-15,1.3946267433542767e-15,1.3961818509601745e-15,1.3977369859224654e-15,1.3992921482411481e-15,1.4008473379162215e-15,1.4024025549476847e-15,1.4039577993355372e-15,1.405513071079777e-15,1.4070683701804045e-15,1.408623696637416e-15,1.4101790504508132e-15,1.4117344316205942e-15,1.4132898401467573e-15,1.4148452760293027e-15,1.4164007392682285e-15,1.4179562298635341e-15,1.419511747815219e-15,1.4210672931232803e-15,1.4226228657877183e-15,1.4241784658085318e-15,1.4257340931857203e-15,1.4272897479192818e-15,1.4288454300092156e-15,1.4304011394555214e-15,1.4319568762581977e-15,1.433512640417243e-15,1.435068431932656e-15,1.4366242508044372e-15,1.4381800970325847e-15,1.439735970617097e-15,1.4412918715579741e-15,1.4428477998552144e-15,1.4444037555088165e-15,1.4459597385187797e-15,1.447515748885104e-15,1.4490717866077863e-15,1.4506278516868267e-15,1.4521839441222257e-15,1.4537400639139792e-15,1.4552962110620881e-15,1.4568523855665512e-15,1.4584085874273682e-15,1.4599648166445362e-15,1.4615210732180554e-15,1.4630773571479245e-15,1.464633668434142e-15,1.4661900070767083e-15,1.4677463730756205e-15,1.4693027664308794e-15,1.4708591871424825e-15,1.4724156352104302e-15,1.4739721106347202e-15,1.4755286134153522e-15,1.4770851435523245e-15,1.478641701045637e-15,1.4801982858952877e-15,1.4817548981012763e-15,1.483311537663601e-15,1.484868204582262e-15,1.4864248988572574e-15,1.487981620488586e-15,1.489538369476248e-15,1.4910951458202414e-15,1.4926519495205644e-15,1.494208780577218e-15,1.4957656389901995e-15,1.4973225247595082e-15,1.498879437885143e-15,1.5004363783671041e-15,1.5019933462053889e-15,1.5035503413999982e-15,1.505107363950929e-15,1.5066644138581807e-15,1.5082214911217535e-15,1.5097785957416453e-15,1.5113357277178552e-15,1.5128928870503821e-15,1.5144500737392255e-15,1.516007287784384e-15,1.5175645291858568e-15,1.5191217979436425e-15,1.5206790940577404e-15,1.52223641752815e-15,1.5237937683548692e-15,1.5253511465378974e-15,1.5269085520772331e-15,1.528465984972877e-15,1.530023445224826e-15,1.5315809328330805e-15,1.5331384477976382e-15,1.5346959901184997e-15,1.5362535597956626e-15,1.5378111568291257e-15,1.5393687812188901e-15,1.5409264329649523e-15,1.5424841120673118e-15,1.5440418185259684e-15,1.5440418185259684e-15,1.544041818525968e-15,1.544041818525968e-15
6,2.7995460585236574e-41,1.0416413320821922e-40,2.4207746860244195e-40,4.5081676171274945e-40,7.364563187444914e-40,1.103059002833877e-39,1.553342295917106e-39,2.0891238094800354e-39,2.7116192687948003e-39,3.421641822296603e-39,4.219735351397657e-39,5.106263635916612e-39,6.081469993153188e-39,7.145517168002114e-39,8.298514013803541e-39,9.540533338061873e-39,1.0871623838710471e-38,1.229181808778625e-38,1.3801137871379546e-38,1.539959776130682e-38,1.708720750405427e-38,1.8863973618644113e-38,2.0729900465381112e-38,2.2684990960693069e-38,2.4729247055258137e-38,2.6862670053804404e-38,2.908526082901057e-38,3.139701996457542e-38,3.379794785091176e-38,3.6288044749148455e-38,3.8867310833945655e-38,4.153574622212576e-38,4.42933509918257e-38,4.714012519531028e-38,5.007606886753525e-38,5.310118203188156e-38,5.621546470398867e-38,5.941891689431525e-38,6.271153860985817e-38,6.609332985529701e-38,6.956429063376162e-38,7.312442094734566e-38,7.677372079744921e-38,8.0512190185009e-38,8.433982911065124e-38,8.825663757479492e-38,9.226261557772049e-38,9.635776311961499e-38,1.0054208020060488e-37,1.0481556682077278e-37,1.0917822298017538e-37,1.1363004867884996e-37,1.181710439168217e-37,1.2280120869410737e-37,1.2752054301071816e-37,1.323290468666616e-37,1.3722672026194275e-37,1.4221356319656502e-37,1.472895756705305e-37,1.52454757683841e-37,1.5770910923649714e-37,1.6305263032849988e-37,1.6848532095984922e-37,1.740071811305462e-37,1.7961821084059082e-37,1.8531841008998253e-37,1.91107778878722e-37,1.969863172068093e-37,2.029540250742457e-37,2.0901090248102875e-37,2.151569494271595e-37,2.21392165912638e-37,2.277165519374644e-37,2.341301075016385e-37,2.4063283260515903e-37,2.4722472724802906e-37,2.5390579143024705e-37,2.606760251518128e-37,2.6753542841272747e-37,2.74484001212989e-37,2.8152174355259943e-37,2.8864865543155854e-37,2.9586473684986363e-37,3.031699878075166e-37,3.1056440830451473e-37,3.1804799834086315e-37,3.256207579165592e-37,3.3328268703160382e-37,3.4103378568599515e-37,3.48874053879735e-37,3.5680349161282277e-37,3.6482209888525846e-37,3.729298756970422e-37,3.811268220481735e-37,3.894129379386503e-37,3.977882233684774e-37,4.062526783376524e-37,4.148063028461753e-37,4.23449096894046e-37,4.321810604812644e-37,4.41002193607831e-37,4.499124962737451e-37,4.589119684790055e-37,4.6800061022361535e-37,4.771784215075731e-37,4.864454023308778e-37,4.958015526935311e-37,5.052468725955326e-37,5.147813620368819e-37,5.2440502101757884e-37,5.341178495376241e-37,5.439198475970168e-37,5.538110151957575e-37,5.6379135233384585e-37,5.738608590112823e-37,5.840195352280666e-37,5.942673809841987e-37,6.046043962796787e-37,6.150305811145067e-37,6.255459354886822e-37,6.361504594022055e-37,6.468441528550768e-37,6.576270158472958e-37,6.684990483788629e-37,6.7946025044977795e-37,6.905106220600411e-37,7.016501632096517e-37,7.128788738986105e-37,7.241967541269166e-37,7.356038038945709e-37,7.471000232015732e-37,7.586854120479231e-37,7.703599704336192e-37,7.821236983586644e-37,7.939765958230579e-37,8.059186628267992e-37,8.179498993698888e-37,8.300703054523215e-37,8.422798810741065e-37,8.545786262352394e-37,8.669665409357202e-37,8.794436251755444e-37,8.920098789547208e-37,9.046653022732451e-37,9.174098951311163e-37,9.302436575283359e-37,9.431665894649037e-37,9.561786909408223e-37,9.69279961956086e-37,9.824704025106972e-37,9.957500126046565e-37,1.0091187922379632e-36,1.0225767414106181e-36,1.0361238601226208e-36,1.0497601483739712e-36,1.0634856061646695e-36,1.0773002334947138e-36,1.0912040303641147e-36,1.105196996772857e-36,1.1192791327209473e-36,1.1334504382083845e-36,1.1477109132351697e-36,1.1620605578013028e-36,1.1764993719067863e-36,1.1910273555516157e-36,1.2056445087357922e-36,1.2203508314593169e-36,1.2351463237221895e-36,1.2500309855244101e-36,1.2650048168659806e-36,1.2800678177468987e-36,1.295219988167167e-36,1.3104613281267734e-36,1.3257918376257331e-36,1.3412115166640412e-36,1.3567203652416969e-36,1.3723183833586985e-36,1.3880055710150503e-36,1.4037819282107482e-36,1.4196474549457954e-36,1.4356021512201895e-36,1.4516460170339326e-36,1.4677790523870232e-36,1.4840012572794618e-36,1.5003126317112478e-36,1.5167131756823834e-36,1.5332028891928658e-36,1.5497817722426953e-36,1.5664498248318732e-36,1.583207046960399e-36,1.6000534386282718e-36,1.6169889998354935e-36,1.6340137305820626e-36,1.6511276308679798e-36,1.6683307006932448e-36,1.6856229400578566e-36,1.7030043489618176e-36,1.720474927405126e-36,1.7380346753877825e-36,1.7556835929097858e-36,1.773421679971138e-36,1.7912489365718374e-36,1.809165362711885e-36,1.8271709583912812e-36,1.8452657236100244e-36,1.863449658368116e-36,1.8817227626655553e-36,1.9000850365023462e-36,1.9185364798784823e-36,1.937077092793965e-36,1.9557068752487958e-36,1.9744258272429746e-36,1.9932339487765004e-36,2.0121312398493745e-36,2.0311177004615963e-36,2.050193330613167e-36,2.069358130304088e-36,2.0886120995343534e-36,2.107955238303967e-36,2.1273875466129284e-36,2.1469090244612377e-36,2.1665196718488946e-36,2.1862194887758994e-36,2.206008475242251e-36,2.2258866312479517e-36,2.245853956793e-36,2.265910451877397e-36,2.286056116501135e-36,2.3062909506642337e-36,2.3266149543666733e-36,2.3470281276084614e-36,2.367530470389605e-36,2.388121982710091e-36,2.4088026645699218e-36,2.429572515969101e-36,2.4504315369076277e-36,2.4713797273855036e-36,2.492417087402727e-36,2.5135436169592973e-36,2.534759316055215e-36,2.5560641846904818e-36,2.5774582228650956e-36,2.5989414305790574e-36,2.6205138078323668e-36,2.642175354625024e-36,2.66392607095703e-36,2.6857659568283846e-36,2.7076950122390868e-36,2.7297132371891357e-36,2.7518206316785325e-36,2.774017195707278e-36,2.7963029292753697e-36,2.8186778323828098e-36,2.8411419050295984e-36,2.863695147215735e-36,2.886337558941219e-36,2.9090691402060492e-36,2.9318898910102272e-36,2.954799811353755e-36,2.9777989012366307e-36,3.000887160658854e-36,3.0240645896204244e-36,3.047331188121345e-36,3.070686956161612e-36,3.094131893741227e-36,3.11766600086019e-36,3.1412892775185e-36,3.165001723716158e-36,3.188803339453165e-36,3.2126941247295186e-36,3.236674079545221e-36,3.260743203900271e-36,3.284901497794669e-36,3.3091489612284146e-36,3.333485594201508e-36,3.35791139671395e-36,3.382426368765738e-36,3.4070305103568746e-36,3.43172382148736e-36,3.456506302157194e-36,3.481377952366375e-36,3.506338772114904e-36,3.531388761402781e-36,3.556527920230005e-36,3.581756248596578e-36,3.6070737465025045e-36,3.632480413947776e-36,3.657976250932391e-36,3.683561257456355e-36,3.709235433519666e-36,3.734998779122324e-36,3.7608512942643304e-36,3.786792978945686e-36,3.812823833166389e-36,3.838943856926439e-36,3.865153050225838e-36,3.8914514130645844e-36,3.917838945442678e-36,3.944315647360119e-36,3.970881518816909e-36,3.997536559813047e-36,4.024280770348529e-36,4.0511141504233623e-36,4.0780367000375434e-36,4.105048419191072e-36,4.1321493078839495e-36,4.159339366116175e-36,4.186618593887747e-36,4.2139869911986674e-36,4.2414445580489365e-36,4.268991294438552e-36,4.2966272003675174e-36,4.324352275835828e-36,4.352166520843487e-36,4.3800699353904955e-36,4.408062519476852e-36,4.436144273102557e-36,4.4643151962676084e-36,4.492575288972008e-36,4.5209245512157565e-36,4.5493629829988533e-36,4.5778905843212966e-36,4.606507355183087e-36,4.635213295584226e-36,4.664008405524712e-36,4.692892685004545e-36,4.721866134023728e-36,4.750928752582259e-36,4.780080540680138e-36,4.809321498317365e-36,4.838651625493939e-36,4.868070922209862e-36,4.8975793884651316e-36,4.927177024259749e-36,4.9568638295937155e-36,4.9866398044670284e-36,5.016504948879685e-36,5.0464592628316944e-36,5.076502746323051e-36,5.1066353993537534e-36,5.136857221923806e-36,5.167168214033213e-36,5.197568375681962e-36,5.2280577068700585e-36,5.2586362075975015e-36,5.289303877864293e-36,5.320060717670433e-36,5.35090672701592e-36,5.381841905900754e-36,5.412866254324937e-36,5.443979772288467e-36,5.475182459791355e-36,5.5064743168335804e-36,5.537855343415141e-36,5.569325539536063e-36,5.6008849051963325e-36,5.6325334403959544e-36,5.6642711451349213e-36,5.6960980194132354e-36,5.7280140632308967e-36,5.760019276587905e-36,5.792113659484262e-36,5.824297211919968e-36,5.8565699338950255e-36,5.888931825409424e-36,5.921382886463174e-36,5.953923117056269e-36,5.986552517188714e-36,6.019271086860508e-36,6.052078826071649e-36,6.084975734822138e-36,6.117961813111973e-36,6.151037060941156e-36,6.184201478309688e-36,6.217455065217557e-36,6.250797821664786e-36,6.284229747651357e-36,6.317750843177281e-36,6.351361108242551e-36,6.385060542847171e-36,6.418849146991136e-36,6.452726920674453e-36,6.486693863897115e-36,6.520749976659135e-36,6.554895258960493e-36,6.5891297108012e-36,6.623453332181252e-36,6.657866123100654e-36,6.692368083559404e-36,6.7269592135575e-36,6.761639513094947e-36,6.79640898217174e-36,6.831267620787881e-36,6.866215428943367e-36,6.901252406638205e-36,6.936378553872389e-36,6.971593870645922e-36,7.006898356958802e-36,7.04229201281103e-36,7.077774838202604e-36,7.113346833133529e-36,7.149007997603802e-36,7.184758331613436e-36,7.220597835162402e-36,7.256526508250719e-36,7.292544350878381e-36,7.328651363045384e-36,7.364847544751741e-36,7.401132895997449e-36,7.437507416782502e-36,7.473971107106903e-36,7.510523966970662e-36,7.54716599637376e-36,7.583897195316207e-36,7.620717563797996e-36,7.657627101819137e-36,7.694625809379627e-36,7.731713686479464e-36,7.768890733118648e-36,7.806156949297181e-36,7.843512335015062e-36,7.880956890272305e-36,7.918490615068869e-36,7.956113509404792e-36,7.993825573280065e-36,8.031626806694685e-36,8.069517209648652e-36,8.107496782141968e-36,8.145565524174632e-36,8.183723435746622e-36,8.221970516857983e-36,8.26030676750869e-36,8.298732187698744e-36,8.337246777428147e-36,8.375850536696897e-36,8.414543465505003e-36,8.45332556385245e-36,8.492196831739242e-36,8.531157269165385e-36,8.570206876130879e-36,8.609345652635718e-36,8.648573598679903e-36,8.687890714263437e-36,8.727296999386318e-36,8.766792454048549e-36,8.806377078250128e-36,8.84605087199105e-36,8.885813835271326e-36,8.925665968090948e-36,8.965607270449917e-36,9.005637742348231e-36,9.045757383785893e-36,9.085966194762906e-36,9.126264175279265e-36,9.166651325334972e-36,9.207127644930032e-36,9.247693134064424e-36,9.288347792738175e-36,9.329091620951273e-36,9.369924618703723e-36,9.410846785995515e-36,9.451858122826659e-36,9.492958629197151e-36,9.53414830510699e-36,9.575427150556173e-36,9.616795165544709e-36,9.658252350072592e-36,9.699798704139822e-36,9.7414342277464e-36,9.783158920892326e-36,9.824972783577601e-36,9.866875815802221e-36,9.908868017566195e-36,9.950949388869511e-36,9.993119929712174e-36,1.0035379640094187e-35,1.0077728520015567e-35,1.0120166569476274e-35,1.0162693788476329e-35,1.0205310177015736e-35,1.0248015735094486e-35,1.0290810462712584e-35,1.0333694359870033e-35,1.037666742656683e-35,1.0419729662802972e-35,1.0462881068578465e-35,1.05061216438933e-35,1.0549451388747489e-35,1.0592870303141033e-35,1.0636378387073917e-35,1.0679975640546148e-35,1.0723662063557728e-35,1.0767437656108655e-35,1.0811302418198929e-35,1.085525634982854e-35,1.089929945099751e-35,1.0943431721705808e-35,1.0987653161953472e-35,1.1031963771740485e-35,1.1076363551066847e-35,1.1120852499932558e-35,1.1165430618337596e-35,1.1210097906282002e-35,1.1254854363765756e-35,1.1299699990788856e-35,1.1344634787351303e-35,1.1389658753453102e-35,1.1434771889094245e-35,1.1479974194274737e-35,1.152526566899458e-35,1.1570646313253766e-35,1.1616116127052287e-35,1.1661675110390169e-35,1.17073232632674e-35,1.175306058568398e-35,1.1798887077639904e-35,1.184480273913518e-35,1.1890807570169802e-35,1.1936901570743773e-35,1.1983084740857089e-35,1.2029357080509757e-35,1.207571858970177e-35,1.2122169268433134e-35,1.2168709116703843e-35,1.22153381345139e-35,1.226205632186331e-35,1.2308863678752065e-35,1.2355760205180165e-35,1.2402745901147617e-35,1.2449820766654411e-35,1.249698480170056e-35,1.2544238006286051e-35,1.2591580380410892e-35,1.263901192407508e-35,1.2686532637278622e-35,1.2734142520021505e-35,1.2781841572303734e-35,1.2829629794125316e-35,1.287750718548624e-35,1.2925473746386515e-35,1.2973529476826138e-35,1.3021674376805111e-35,1.3069908446323425e-35,1.3118231685381093e-35,1.3166644093978107e-35,1.3215145672114482e-35,1.326373641979019e-35,1.3312416337005251e-35,1.3361185423759656e-35,1.341004368005341e-35,1.3458991105886513e-35,1.350802770125896e-35,1.3557153466170757e-35,1.3606368400621904e-35,1.36556725046124e-35,1.370506577814224e-35,1.3754548221211427e-35,1.3804119833819963e-35,1.3853780615967852e-35,1.3903530567655084e-35,1.3953369688881663e-35,1.4003297979647592e-35,1.405331543995287e-35,1.4103422069797493e-35,1.4153617869181468e-35,1.4203902838104802e-35,1.425427697656746e-35,1.4304740284569477e-35,1.4355292762110838e-35,1.440593440919155e-35,1.445666522581161e-35,1.4507485211971018e-35,1.4558394367669775e-35,1.4609392692907878e-35,1.4660480187685334e-35,1.4711656852002137e-35,1.4762922685858285e-35,1.4814277689253779e-35,1.4865721862188618e-35,1.4917255204662806e-35,1.496887771667634e-35,1.5020589398229226e-35,1.5072390249321464e-35,1.5124280269953046e-35,1.5176259460123977e-35,1.5228327819834256e-35,1.528048534908388e-35,1.5332732047872854e-35,1.5385067916201172e-35,1.543749295406884e-35,1.5490007161475856e-35,1.554261053842222e-35,1.5595303084907933e-35,1.5648084800932994e-35,1.57009556864974e-35,1.5753915741601156e-35,1.580696496624426e-35,1.586010336042671e-35,1.5913330924148538e-35,1.596664765740968e-35,1.6020053560210177e-35,1.6073548632550012e-35,1.6127132874429207e-35,1.618080628584775e-35,1.6234568866805636e-35,1.6288420617302863e-35,1.6342361537339454e-35,1.6396391626915385e-35,1.645051088603066e-35,1.6504719314685286e-35,1.655901691287926e-35,1.6613403680612583e-35,1.6667879617885254e-35,1.6722444724697269e-35,1.677709900104863e-35,1.6831842446939343e-35,1.688667506236939e-35,1.6941596847338808e-35,1.6996607801847562e-35,1.7051707925895667e-35,1.7106897219483118e-35,1.716217568260991e-35,1.7217543315276057e-35,1.727300011748155e-35,1.7328546089226392e-35,1.7384181230510583e-35,1.7439905541334122e-35,1.749571902169701e-35,1.7551621671599245e-35,1.7607613491040826e-35,1.7663694480021756e-35,1.7719864638542046e-35,1.7776123966601673e-35,1.783247246420065e-35,1.7888910131338975e-35,1.7945436968016644e-35,1.800205297423366e-35,1.8058758149990032e-35,1.8115552495285741e-35,1.81724360101208e-35,1.8229408694495212e-35,1.828647054840897e-35,1.8343621571862073e-35,1.8400861764854528e-35,1.845819112738633e-35,1.8515609659457482e-35,1.8573117361067977e-35,1.8630714232217825e-35,1.8688400272907017e-35,1.8746175483135576e-35,1.8804039862903464e-35,1.88619934122107e-35,1.8920036131057276e-35,1.8978168019443213e-35,1.9036389077368492e-35,1.9094699304833118e-35,1.915309870183709e-35,1.9211587268380414e-35,1.9270165004463085e-35,1.9328831910085102e-35,1.9387587985246477e-35,1.944643322994719e-35,1.9505367644187242e-35,1.9564391227966655e-35,1.9623503981285417e-35,1.9682705904143524e-35,1.9741996996540977e-35,1.980137725847778e-35,1.9860846689953932e-35,1.9920405290969425e-35,1.998005306152427e-35,2.0039790001618462e-35,2.0099616111251995e-35,2.0159531390424874e-35,2.0219535839137118e-35,2.0279629457388696e-35,2.033981224517963e-35,2.040008420250991e-35,2.0460445329379536e-35,2.0520895625788514e-35,2.0581435091736835e-35,2.0642063727224515e-35,2.0702781532251527e-35,2.076358850681789e-35,2.0824484650923605e-35,2.0885469964568666e-35,2.0946544447753077e-35,2.100770810047683e-35,2.1068960922739933e-35,2.1130302914542387e-35,2.1191734075884184e-35,2.1253254406765333e-35,2.1314863907185854e-35,2.1376562577145697e-35,2.143835041664489e-35,2.150022742568343e-35,2.1562193604261316e-35,2.1624248952378555e-35,2.1686393470035145e-35,2.1748627157231076e-35,2.181095001396635e-35,2.1873362040240978e-35,2.1935863236054957e-35,2.199845360140828e-35,2.2061133136300952e-35,2.212390184073297e-35,2.2186759714704296e-35,2.2249706758215014e-35,2.2312742971265084e-35,2.237586835385449e-35,2.243908290598324e-35,2.2502386627651343e-35,2.25657795188588e-35,2.2629261579605603e-35,2.2692832809891747e-35,2.2756493209717245e-35,2.2820242779082092e-35,2.2884081517986287e-35,2.2948009426429828e-35,2.3012026504412722e-35,2.307613275193496e-35,2.3140328168996546e-35,2.3204612755597478e-35,2.326898651173776e-35,2.333344943741739e-35,2.3398001532636365e-35,2.3462642797394683e-35,2.352737323169235e-35,2.3592192835529393e-35,2.3657101608905754e-35,2.372209955182147e-35,2.378718666427654e-35,2.3852362946270953e-35,2.3917628397804715e-35,2.3982983018877818e-35,2.404842680949028e-35,2.4113959769642085e-35,2.4179581899333236e-35,2.4245293198563735e-35,2.4311093667333583e-35,2.437698330564277e-35,2.4442962113491313e-35,2.45090300908792e-35,2.457518723780645e-35,2.464143355427303e-35,2.4707769040278966e-35,2.477419369582425e-35,2.484070752090887e-35,2.4907310515532856e-35,2.4974002679696183e-35,2.5040784013398853e-35,2.5107654516640877e-35,2.5174614189422244e-35,2.5241663031742965e-35,2.530880104360303e-35,2.5376028225002446e-35,2.54433445759412e-35,2.5510750096419284e-35,2.557824478643674e-35,2.564582864599355e-35,2.57135016750897e-35,2.57812638737252e-35,2.584911524190004e-35,2.591705577961424e-35,2.5985085486867785e-35,2.605320436366067e-35,2.6121412409992916e-35,2.6189709625864505e-35,2.625809601127543e-35,2.632657156622571e-35,2.6395136290715345e-35,2.646379018474433e-35,2.6532533248312653e-35,2.660136548142033e-35,2.6670286884067355e-35,2.6739297456253725e-35,2.680839719797944e-35,2.68775861092445e-35,2.694686419004891e-35,2.701623144039267e-35,2.7085687860275785e-35,2.7155233449698247e-35,2.7224868208660057e-35,2.7294592137161204e-35,2.73644052352017e-35,2.7434307502781545e-35,2.7504298939900744e-35,2.7574379546559296e-35,2.7644549322757186e-35,2.771480826849442e-35,2.7785156383771007e-35,2.7855593668586963e-35,2.792612012294225e-35,2.7996735746836885e-35,2.806744054027087e-35,2.8138234503244195e-35,2.820911763575687e-35,2.8280089937808894e-35,2.8351151409400263e-35,2.8422302050530986e-35,2.849354186120105e-35,2.8564870841410467e-35,2.863628899115923e-35,2.870779631044734e-35,2.877939279927479e-35,2.88510784576416e-35,2.8922853285547757e-35,2.8994717282993257e-35,2.90666704499781e-35,2.913871278650229e-35,2.921084429256584e-35,2.9283064968168736e-35,2.935537481331098e-35,2.942777382799257e-35,2.9500262012213503e-35,2.9572839365973786e-35,2.9645505889273427e-35,2.9718261582112417e-35,2.9791106444490734e-35,2.986404047640841e-35,2.993706367786543e-35,3.0010176048861803e-35,3.008337758939752e-35,3.0156668299472595e-35,3.023004817908701e-35,3.030351722824077e-35,3.0377075446933874e-35,3.045072283516634e-35,3.052445939293815e-35,3.0598285120249306e-35,3.0672200017099804e-35,3.074620408348965e-35,3.0820297319418847e-35,3.089447972488737e-35,3.0968751299895256e-35,3.1043112044442497e-35,3.1117561958529076e-35,3.1192101042155014e-35,3.12667292953203e-35,3.134144671802493e-35,3.141625331026891e-35,3.1491149072052244e-35,3.156613400337491e-35,3.164120810423693e-35,3.171637137463831e-35,3.179162381457903e-35,3.1866965424059123e-35,3.194239620307854e-35,3.20179161516373e-35,3.2093525269735414e-35,3.2169223557372887e-35,3.22450110145497e-35,3.232088764126586e-35,3.2396853437521365e-35,3.2472908403316216e-35,3.2549052538650415e-35,3.2625285843523963e-35,3.270160831793686e-35,3.2778019961889147e-35,3.2854520775380734e-35,3.293111075841167e-35,3.300778991098195e-35,3.308455823309159e-35,3.3161415724740565e-35,3.323836238592892e-35,3.33153982166566e-35,3.3392523216923627e-35,3.346973738672999e-35,3.3547040726075716e-35,3.3624433234960777e-35,3.37019149133852e-35,3.3779485761348957e-35,3.3857145778852074e-35,3.3934894965894525e-35,3.401273332247633e-35,3.4090660848597486e-35,3.4168677544257987e-35,3.4246783409457836e-35,3.432497844419704e-35,3.440326264847558e-35,3.448163602229347e-35,3.4560098565650713e-35,3.4638650278547304e-35,3.4717291160983244e-35,3.479602121295853e-35,3.487484043447316e-35,3.4953748825527145e-35,3.503274638612045e-35,3.5111833116253134e-35,3.519100901592517e-35,3.5270274085136544e-35,3.534962832388726e-35,3.542907173217734e-35,3.550860431000675e-35,3.558822605737552e-35,3.5667936974283625e-35,3.574773706073109e-35,3.5827626316717897e-35,3.5907604742244053e-35,3.598767233730956e-35,3.6067829101914406e-35,3.6148075036058597e-35,3.6228410139742147e-35,3.630883441296508e-35,3.638934785572732e-35,3.646995046802891e-35,3.6550642249869853e-35,3.663142320125015e-35,3.671229332216975e-35,3.679325261262874e-35,3.687430107262706e-35,3.6955438702164746e-35,3.7036665501241775e-35,3.711798146985815e-35,3.7199386608013874e-35,3.7280880915708943e-35,3.7362464392943366e-35,3.7444137039717143e-35,3.7525898856030247e-35,3.7607749841882715e-35,3.7689689997274527e-35,3.777171932220569e-35,3.78538378166762e-35,3.793604548068605e-35,3.801834231423525e-35,3.8100728317323806e-35,3.81832034899517e-35,3.8265767832118954e-35,3.8348421343825543e-35,3.8431164025071474e-35,3.851399587585677e-35,3.859691689618141e-35,3.867992708604539e-35,3.876302644544873e-35,3.884621497439141e-35,3.8929492672873435e-35,3.9012859540894806e-35,3.9096315578455526e-35,3.91798607855556e-35,3.926349516219502e-35,3.934721870837378e-35,3.943103142409188e-35,3.951493330934934e-35,3.9598924364146154e-35,3.968300458848229e-35,3.9767173982357787e-35,3.985143254577264e-35,3.993578027872684e-35,4.002021718122039e-35,4.0104743253253273e-35,4.018935849482552e-35,4.0274062905937115e-35,4.035885648658805e-35,4.0443739236778334e-35,4.0528711156507956e-35,4.061377224577695e-35,4.069892250458528e-35,4.0784161932932954e-35,4.086949053081998e-35,4.095490829824636e-35,4.1040415235212073e-35,4.112601134171715e-35,4.1211696617761565e-35,4.129747106334533e-35,4.1383334678468445e-35,4.1469287463130905e-35,4.1555329417332714e-35,4.164146054107387e-35,4.1727680834354376e-35,4.181399029717423e-35,4.190038892953343e-35,4.198687673143198e-35,4.207345370286987e-35,4.2160119843847114e-35,4.224687515436371e-35,4.2333719634419644e-35,4.242065328401493e-35,4.2507676103149574e-35,4.259478809182356e-35,4.2681989250036897e-35,4.2769279577789573e-35,4.285665907508159e-35,4.294412774191298e-35,4.3031685578283714e-35,4.311933258419378e-35,4.32070687596432e-35,4.329489410463196e-35,4.3382808619160064e-35,4.3470812303227533e-35,4.3558905156834345e-35,4.3647087179980506e-35,4.3735358372666015e-35,4.382371873489088e-35,4.391216826665508e-35,4.400070696795863e-35,4.408933483880154e-35,4.417805187918379e-35,4.4266858089105383e-35,4.435575346856632e-35,4.444473801756657e-35,1.8621230794839612e-14,3.724246058386699e-14,5.5863690034920897e-14,7.448491914850161e-14,9.310614792462985e-14,1.11727376363307e-13,1.3034860446453357e-13,1.489698322283098e-13,1.6759105965463514e-13,1.8621228674350943e-13,2.048335134949319e-13,2.2345473990890353e-13,2.4207596598542447e-13,2.606971917244932e-13,2.7931841712611123e-13,2.9793964219027895e-13,3.1656086691699534e-13,3.351820913062607e-13,3.5380331535807503e-13,3.7242453907243777e-13,3.9104576244935e-13,4.0966698548881065e-13,4.282882081908205e-13,4.469094305553791e-13,4.65530652582487e-13,4.841518742721445e-13,5.027730956243503e-13,5.213943166391053e-13,5.4001553731641e-13,5.586367576562643e-13,5.772579776586673e-13,5.958791973236197e-13,6.145004166511212e-13,6.331216356411718e-13,6.517428542937716e-13,6.703640726089205e-13,6.889852905866188e-13,7.076065082268666e-13,7.262277255296634e-13,7.448489424950092e-13,7.634701591229035e-13,7.820913754133476e-13,8.007125913663408e-13,8.193338069818837e-13,8.379550222599749e-13,8.565762372006159e-13,8.751974518038058e-13,8.938186660695456e-13,9.124398799978352e-13,9.31061093588674e-13,9.496823068420626e-13,9.68303519758e-13,9.86924732336487e-13,1.0055459445775227e-12,1.0241671564811076e-12,1.0427883680472417e-12,1.0614095792759258e-12,1.0800307901671605e-12,1.0986520007209434e-12,1.117273210937276e-12,1.135894420816158e-12,1.1545156303575904e-12,1.1731368395615718e-12,1.191758048428103e-12,1.2103792569571826e-12,1.2290004651488126e-12,1.247621673002992e-12,1.266242880519721e-12,1.2848640876989995e-12,1.3034852945408275e-12,1.3221065010452054e-12,1.340727707212133e-12,1.3593489130416095e-12,1.3779701185336362e-12,1.3965913236882125e-12,1.4152125285053376e-12,1.4338337329850124e-12,1.452454937127238e-12,1.471076140932012e-12,1.4896973443993373e-12,1.5083185475292117e-12,1.5269397503216368e-12,1.54556095277661e-12,1.5641821548941336e-12,1.5828033566742071e-12,1.6014245581168292e-12,1.6200457592220017e-12,1.638666959989724e-12,1.6572881604199977e-12,1.6759093605128203e-12,1.694530560268193e-12,1.7131517596861154e-12,1.7317729587665883e-12,1.7503941575096092e-12,1.7690153559151817e-12,1.7876365539833029e-12,1.8062577517139741e-12,1.824878949107195e-12,1.843500146162967e-12,1.862121342881289e-12,1.8807425392621594e-12,1.899363735305582e-12,1.9179849310115536e-12,1.9366061263800753e-12,1.955227321411147e-12,1.9738485161047684e-12,1.99246971046094e-12,2.011090904479661e-12,2.0297120981609338e-12,2.0483332915047557e-12,2.066954484511127e-12,2.085575677180049e-12,2.1041968695115214e-12,2.1228180615055436e-12,2.141439253162116e-12,2.160060444481239e-12,2.1786816354629113e-12,2.197302826107133e-12,2.2159240164139065e-12,2.234545206383231e-12,2.253166396015106e-12,2.27178758530953e-12,2.2904087742665063e-12,2.309029962886032e-12,2.327651151168108e-12,2.346272339112735e-12,2.3648935267199105e-12,2.3835147139896377e-12,2.402135900921914e-12,2.4207570875167417e-12,2.4393782737741202e-12,2.4579994596940486e-12,2.476620645276527e-12,2.4952418305215566e-12,2.5138630154291363e-12,2.532484199999267e-12,2.5511053842319493e-12,2.5697265681271795e-12,2.588347751684962e-12,2.6069689349052955e-12,2.6255901177881774e-12,2.6442113003336103e-12,2.6628324825415956e-12,2.6814536644121307e-12,2.700074845945216e-12,2.7186960271408523e-12,2.73731720799904e-12,2.755938388519777e-12,2.7745595687030646e-12,2.7931807485489023e-12,2.811801928057291e-12,2.8304231072282287e-12,2.8490442860617197e-12,2.8676654645577607e-12,2.886286642716351e-12,2.904907820537494e-12,2.9235289980211865e-12,2.942150175167431e-12,2.9607713519762254e-12,2.979392528447571e-12,2.998013704581467e-12,3.0166348803779126e-12,3.0352560558369106e-12,3.0538772309584577e-12,3.072498405742557e-12,3.0911195801892057e-12,3.1097407542984066e-12,3.1283619280701585e-12,3.146983101504459e-12,3.165604274601311e-12,3.1842254473607145e-12,3.2028466197826676e-12,3.221467791867174e-12,3.2400889636142313e-12,3.2587101350238393e-12,3.277331306095998e-12,3.295952476830708e-12,3.314573647227968e-12,3.3331948172877806e-12,3.351815987010143e-12,3.3704371563950576e-12,3.3890583254425234e-12,3.407679494152541e-12,3.42630066252511e-12,3.4449218305602298e-12,3.4635429982579012e-12,3.4821641656181237e-12,3.500785332640897e-12,3.5194064993262212e-12,3.5380276656740975e-12,3.556648831684523e-12,3.5752699973575024e-12,3.5938911626930296e-12,3.6125123276911094e-12,3.6311334923517428e-12,3.649754656674927e-12,3.668375820660661e-12,3.6869969843089474e-12,3.705618147619785e-12,3.724239310593173e-12,3.742860473229113e-12,3.761481635527604e-12,3.7801027974886466e-12,3.7987239591122395e-12,3.817345120398386e-12,3.835966281347084e-12,3.854587441958332e-12,3.873208602232132e-12,3.891829762168481e-12,3.910450921767384e-12,3.929072081028837e-12,3.947693239952843e-12,3.966314398539399e-12,3.984935556788507e-12,4.0035567147001664e-12,4.02217787227438e-12,4.0407990295111415e-12,4.059420186410456e-12,4.078041342972323e-12,4.096662499196743e-12,4.115283655083714e-12,4.1339048106332355e-12,4.152525965845309e-12,4.171147120719934e-12,4.189768275257111e-12,4.208389429456839e-12,4.22701058331912e-12,4.245631736843951e-12,4.264252890031335e-12,4.2828740428812685e-12,4.301495195393753e-12,4.320116347568793e-12,4.338737499406381e-12,4.357358650906521e-12,4.375979802069216e-12,4.39460095289446e-12,4.413222103382256e-12,4.4318432535326045e-12,4.450464403345507e-12,4.469085552820956e-12,4.487706701958961e-12,4.506327850759518e-12,4.524948999222623e-12,4.5435701473482826e-12,4.562191295136494e-12,4.580812442587256e-12,4.59943358970057e-12,4.6180547364764355e-12,4.636675882914855e-12,4.655297029015824e-12,4.6739181747793464e-12,4.6925393202054206e-12,4.711160465294044e-12,4.72978161004522e-12,4.7484027544589504e-12,4.7670238985352314e-12,4.785645042274064e-12,4.804266185675452e-12,4.822887328739388e-12,4.841508471465879e-12,4.860129613854922e-12,4.878750755906516e-12,4.897371897620662e-12,4.915993038997359e-12,4.9346141800366096e-12,4.953235320738409e-12,4.9718564611027645e-12,4.990477601129668e-12,5.009098740819126e-12,5.027719880171136e-12,5.046341019185698e-12,5.064962157862814e-12,5.08358329620248e-12,5.102204434204698e-12,5.12082557186947e-12,5.139446709196792e-12,5.1580678461866675e-12,5.1766889828390946e-12,5.195310119154076e-12,5.213931255131609e-12,5.232552390771693e-12,5.25117352607433e-12,5.26979466103952e-12,5.2884157956672605e-12,5.307036929957557e-12,5.3256580639104026e-12,5.344279197525801e-12,5.362900330803753e-12,5.381521463744259e-12,5.400142596347313e-12,5.418763728612921e-12,5.437384860541082e-12,5.456005992131795e-12,5.474627123385057e-12,5.493248254300875e-12,5.511869384879244e-12,5.530490515120166e-12,5.549111645023638e-12,5.5677327745896664e-12,5.586353903818245e-12,5.604975032709377e-12,5.623596161263061e-12,5.6422172894793e-12,5.6608384173580885e-12,5.679459544899431e-12,5.698080672103328e-12,5.716701798969773e-12,5.735322925498774e-12,5.753944051690329e-12,5.772565177544433e-12,5.791186303061093e-12,5.809807428240303e-12,5.828428553082069e-12,5.847049677586388e-12,5.865670801753255e-12,5.884291925582676e-12,5.9029130490746515e-12,5.921534172229178e-12,5.9401552950462586e-12,5.958776417525892e-12,5.977397539668076e-12,5.996018661472814e-12,6.014639782940105e-12,6.033260904069949e-12,6.051882024862348e-12,6.070503145317297e-12,6.089124265434802e-12,6.107745385214857e-12,6.126366504657467e-12,6.144987623762628e-12,6.1636087425303445e-12,6.182229860960613e-12,6.200850979053432e-12,6.219472096808806e-12,6.2380932142267314e-12,6.256714331307212e-12,6.2753354480502444e-12,6.293956564455829e-12,6.312577680523968e-12,6.331198796254657e-12,6.349819911647901e-12,6.3684410267036985e-12,6.387062141422048e-12,6.40568325580295e-12,6.424304369846406e-12,6.4429254835524155e-12,6.461546596920982e-12,6.4801677099521e-12,6.498788822645766e-12,6.517409935001991e-12,6.536031047020767e-12,6.554652158702094e-12,6.5732732700459755e-12,6.591894381052411e-12,6.6105154917213985e-12,6.629136602052942e-12,6.647757712047039e-12,6.6663788217036875e-12,6.684999931022889e-12,6.703621040004644e-12,6.722242148648955e-12,6.740863256955814e-12,6.7594843649252284e-12,6.778105472557199e-12,6.796726579851722e-12,6.815347686808796e-12,6.833968793428425e-12,6.85258989971061e-12,6.8712110056553425e-12,6.889832111262633e-12,6.9084532165324735e-12,6.92707432146487e-12,6.945695426059819e-12,6.964316530317321e-12,6.982937634237378e-12,7.001558737819987e-12,7.020179841065152e-12,7.038800943972868e-12,7.057422046543141e-12,7.0760431487759625e-12,7.09466425067134e-12,7.1132853522292736e-12,7.1319064534497576e-12,7.1505275543327955e-12,7.169148654878386e-12,7.187769755086531e-12,7.2063908549572304e-12,7.225011954490486e-12,7.243633053686292e-12,7.262254152544657e-12,7.280875251065573e-12,7.299496349249041e-12,7.318117447095062e-12,7.336738544603634e-12,7.355359641774762e-12,7.373980738608447e-12,7.392601835104683e-12,7.411222931263472e-12,7.429844027084817e-12,7.448465122568717e-12,7.467086217715164e-12,7.485707312524172e-12,7.50432840699573e-12,7.522949501129843e-12,7.54157059492651e-12,7.56019168838573e-12,7.57881278150751e-12,7.597433874291834e-12,7.616054966738721e-12,7.634676058848157e-12,7.65329715062015e-12,7.671918242054694e-12,7.690539333151796e-12,7.709160423911449e-12,7.727781514333656e-12,7.746402604418421e-12,7.765023694165736e-12,7.783644783575607e-12,7.80226587264803e-12,7.820886961383005e-12,7.83950804978054e-12,7.858129137840624e-12,7.876750225563263e-12,7.89537131294846e-12,7.913992399996206e-12,7.93261348670651e-12,7.951234573079369e-12,7.969855659114778e-12,7.988476744812746e-12,8.007097830173264e-12,8.025718915196335e-12,8.044339999881962e-12,8.062961084230143e-12,8.081582168240882e-12,8.100203251914171e-12,8.118824335250017e-12,8.137445418248413e-12,8.156066500909366e-12,8.174687583232877e-12,8.193308665218936e-12,8.21192974686755e-12,8.23055082817872e-12,8.249171909152442e-12,8.267792989788722e-12,8.286414070087555e-12,8.30503515004894e-12,8.323656229672884e-12,8.342277308959382e-12,8.360898387908431e-12,8.379519466520039e-12,8.398140544794198e-12,8.416761622730912e-12,8.435382700330185e-12,8.45400377759201e-12,8.472624854516387e-12,8.491245931103324e-12,8.50986700735281e-12,8.528488083264852e-12,8.547109158839451e-12,8.5657302340766e-12,8.584351308976305e-12,8.602972383538568e-12,8.621593457763381e-12,8.640214531650751e-12,8.658835605200672e-12,8.67745667841315e-12,8.696077751288182e-12,8.714698823825768e-12,8.73331989602591e-12,8.751940967888604e-12,8.770562039413853e-12,8.789183110601655e-12,8.807804181452017e-12,8.826425251964927e-12,8.845046322140394e-12,8.863667391978417e-12,8.882288461478994e-12,8.900909530642125e-12,8.91953059946781e-12,8.938151667956052e-12,8.956772736106844e-12,8.975393803920193e-12,8.994014871396103e-12,9.012635938534564e-12,9.031257005335577e-12,9.049878071799149e-12,9.068499137925272e-12,9.08712020371395e-12,9.105741269165185e-12,9.124362334278973e-12,9.142983399055316e-12,9.161604463494215e-12,9.180225527595665e-12,9.198846591359671e-12,9.217467654786235e-12,9.236088717875353e-12,9.254709780627026e-12,9.273330843041254e-12,9.291951905118035e-12,9.310572966857373e-12,9.329194028259264e-12,9.347815089323708e-12,9.366436150050715e-12,9.385057210440272e-12,9.403678270492382e-12,9.422299330207049e-12,9.440920389584274e-12,9.459541448624047e-12,9.478162507326382e-12,9.496783565691266e-12,9.515404623718708e-12,9.534025681408706e-12,9.552646738761255e-12,9.571267795776365e-12,9.58988885245403e-12,9.608509908794246e-12,9.62713096479702e-12,9.645752020462349e-12,9.664373075790233e-12,9.68299413078067e-12,9.701615185433664e-12,9.720236239749212e-12,9.738857293727315e-12,9.757478347367975e-12,9.776099400671192e-12,9.794720453636962e-12,9.813341506265288e-12,9.831962558556169e-12,9.8505836105096e-12,9.869204662125597e-12,9.887825713404146e-12,9.906446764345249e-12,9.925067814948904e-12,9.94368886521512e-12,9.96230991514389e-12,9.980930964735211e-12,9.999552013989092e-12,1.0018173062905525e-11,1.0036794111484515e-11,1.005541515972606e-11,1.007403620763016e-11,1.009265725519682e-11,1.0111278302426031e-11,1.0129899349317799e-11,1.0148520395872122e-11,1.0167141442089001e-11,1.0185762487968434e-11,1.0204383533510427e-11,1.0223004578714966e-11,1.0241625623582068e-11,1.0260246668111724e-11,1.0278867712303933e-11,1.0297488756158704e-11,1.0316109799676028e-11,1.0334730842855906e-11,1.0353351885698341e-11,1.0371972928203334e-11,1.0390593970370878e-11,1.0409215012200979e-11,1.0427836053693637e-11,1.0446457094848848e-11,1.0465078135666617e-11,1.048369917614694e-11,1.0502320216289819e-11,1.0520941256095258e-11,1.053956229556325e-11,1.0558183334693795e-11,1.0576804373486896e-11,1.0595425411942556e-11,1.0614046450060771e-11,1.063266748784154e-11,1.0651288525284868e-11,1.066990956239075e-11,1.0688530599159188e-11,1.0707151635590184e-11,1.0725772671683733e-11,1.074439370743984e-11,1.07630147428585e-11,1.0781635777939718e-11,1.0800256812683492e-11,1.0818877847089818e-11,1.083749888115871e-11,1.0856119914890147e-11,1.087474094828414e-11,1.0893361981340693e-11,1.0911983014059804e-11,1.0930604046441468e-11,1.0949225078485688e-11,1.0967846110192466e-11,1.09864671415618e-11,1.1005088172593688e-11,1.1023709203288137e-11,1.104233023364514e-11,1.1060951263664699e-11,1.1079572293346814e-11,1.1098193322691485e-11,1.1116814351698715e-11,1.1135435380368498e-11,1.1154056408700837e-11,1.117267743669574e-11,1.1191298464353193e-11,1.1209919491673204e-11,1.1228540518655772e-11,1.1247161545300893e-11,1.1265782571608574e-11,1.1284403597578803e-11,1.13030246232116e-11,1.1321645648506945e-11,1.1340266673464849e-11,1.1358887698085317e-11,1.1377508722368329e-11,1.1396129746313903e-11,1.1414750769922034e-11,1.143337179319272e-11,1.1451992816125962e-11,1.1470613838721761e-11,1.1489234860980115e-11,1.1507855882901025e-11,1.1526476904484492e-11,1.1545097925730518e-11,1.15637189466391e-11,1.158233996721024e-11,1.1600960987443931e-11,1.1619582007340181e-11,1.1638203026898987e-11,1.165682404612035e-11,1.167544506500427e-11,1.1694066083550748e-11,1.171268710175978e-11,1.1731308119631373e-11,1.1749929137165518e-11,1.176855015436222e-11,1.178717117122148e-11,1.1805792187743295e-11,1.1824413203927664e-11,1.1843034219774591e-11,1.186165523528408e-11,1.188027625045612e-11,1.1898897265290719e-11,1.1917518279787879e-11,1.1936139293947591e-11,1.1954760307769862e-11,1.1973381321254687e-11,1.199200233440207e-11,1.201062334721201e-11,1.2029244359684507e-11,1.2047865371819558e-11,1.206648638361717e-11,1.2085107395077334e-11,1.2103728406200064e-11,1.2122349416985343e-11,1.2140970427433182e-11,1.2159591437543579e-11,1.2178212447316522e-11,1.2196833456752034e-11,1.2215454465850101e-11,1.2234075474610726e-11,1.2252696483033901e-11,1.2271317491119639e-11,1.2289938498867934e-11,1.2308559506278782e-11,1.2327180513352191e-11,1.2345801520088155e-11,1.236442252648667e-11,1.2383043532547752e-11,1.2401664538271387e-11,1.242028554365758e-11,1.2438906548706328e-11,1.2457527553417633e-11,1.2476148557791494e-11,1.2494769561827913e-11,1.2513390565526894e-11,1.2532011568888424e-11,1.2550632571912515e-11,1.2569253574599166e-11,1.2587874576948373e-11,1.2606495578960133e-11,1.262511658063445e-11,1.2643737581971332e-11,1.2662358582970761e-11,1.2680979583632752e-11,1.2699600583957305e-11,1.2718221583944407e-11,1.2736842583594074e-11,1.2755463582906296e-11,1.2774084581881067e-11,1.2792705580518404e-11,1.2811326578818291e-11,1.2829947576780736e-11,1.284856857440575e-11,1.286718957169331e-11,1.288581056864343e-11,1.2904431565256113e-11,1.2923052561531347e-11,1.2941673557469135e-11,1.2960294553069486e-11,1.2978915548332393e-11,1.2997536543257856e-11,1.3016157537845879e-11,1.3034778532096459e-11,1.3053399526009601e-11,1.307202051958529e-11,1.3090641512823544e-11,1.3109262505724356e-11,1.3127883498287728e-11,1.3146504490513655e-11,1.3165125482402138e-11,1.318374647395318e-11,1.3202367465166778e-11,1.322098845604294e-11,1.3239609446581655e-11,1.3258230436782926e-11,1.3276851426646754e-11,1.3295472416173143e-11,1.3314093405362087e-11,1.3332714394213591e-11,1.3351335382727653e-11,1.3369956370904273e-11,1.338857735874345e-11,1.340719834624518e-11,1.3425819333409477e-11,1.3444440320236331e-11,1.3463061306725732e-11,1.3481682292877704e-11,1.3500303278692222e-11,1.3518924264169302e-11,1.3537545249308938e-11,1.3556166234111138e-11,1.357478721857589e-11,1.3593408202703205e-11,1.3612029186493076e-11,1.3630650169945502e-11,1.3649271153060488e-11,1.3667892135838031e-11,1.3686513118278134e-11,1.3705134100380792e-11,1.3723755082146014e-11,1.3742376063573792e-11,1.3760997044664128e-11,1.3779618025417018e-11,1.3798239005832468e-11,1.3816859985910475e-11,1.3835480965651042e-11,1.3854101945054165e-11,1.387272292411985e-11,1.3891343902848088e-11,1.3909964881238884e-11,1.3928585859292242e-11,1.3947206837008157e-11,1.3965827814386629e-11,1.3984448791427653e-11,1.4003069768131253e-11,1.40216907444974e-11,1.40403117205261e-11,1.4058932696217363e-11,1.4077553671571185e-11,1.4096174646587567e-11,1.4114795621266508e-11,1.4133416595607999e-11,1.4152037569612053e-11,1.4170658543278666e-11,1.4189279516607839e-11,1.4207900489599567e-11,1.4226521462253859e-11,1.4245142434570703e-11,1.4263763406550105e-11,1.4282384378192066e-11,1.4301005349496588e-11,1.4319626320463668e-11,1.4338247291093309e-11,1.4356868261385499e-11,1.437548923134026e-11,1.439411020095757e-11,1.4412731170237437e-11,1.4431352139179866e-11,1.444997310778486e-11,1.44685940760524e-11,1.4487215043982505e-11,1.4505836011575168e-11,1.4524456978830386e-11,1.4543077945748172e-11,1.456169891232851e-11,1.4580319878571408e-11,1.459894084447687e-11,1.461756181004488e-11,1.4636182775275453e-11,1.4654803740168585e-11,1.4673424704724273e-11,1.469204566894252e-11,1.4710666632823335e-11,1.4729287596366706e-11,1.4747908559572625e-11,1.4766529522441117e-11,1.478515048497215e-11,1.4803771447165754e-11,1.4822392409021912e-11,1.484101337054063e-11,1.485963433172191e-11,1.4878255292565746e-11,1.4896876253072132e-11,1.4915497213241088e-11,1.49341181730726e-11,1.4952739132566668e-11,1.4971360091723303e-11,1.498998105054249e-11,1.500860200902424e-11,1.5027222967168547e-11,1.504584392497541e-11,1.5064464882444836e-11,1.508308583957682e-11,1.510170679637136e-11,1.512032775282846e-11,1.5138948708948123e-11,1.5157569664730345e-11,1.517619062017512e-11,1.519481157528246e-11,1.5213432530052356e-11,1.523205348448481e-11,1.525067443857983e-11,1.5269295392337402e-11,1.5287916345757543e-11,1.530653729884023e-11,1.5325158251585484e-11,1.534377920399329e-11,1.5362400156063657e-11,1.538102110779659e-11,1.5399642059192072e-11,1.541826301025012e-11,1.5436883960970728e-11,1.5455504911353888e-11,1.547412586139961e-11,1.5492746811107894e-11,1.5511367760478736e-11,1.5529988709512135e-11,1.55486096582081e-11,1.556723060656662e-11,1.5585851554587695e-11,1.560447250227133e-11,1.5623093449617527e-11,1.5641714396626284e-11,1.5660335343297606e-11,1.567895628963147e-11,1.5697577235627908e-11,1.57161981812869e-11,1.5734819126608452e-11,1.575344007159257e-11,1.577206101623924e-11,1.579068196054847e-11,1.5809302904520254e-11,1.582792384815461e-11,1.5846544791451516e-11,1.5865165734410985e-11,1.5883786677033016e-11,1.5902407619317603e-11,1.5921028561264748e-11,1.5939649502874456e-11,1.595827044414672e-11,1.5976891385081547e-11,1.5995512325678928e-11,1.6014133265938873e-11,1.6032754205861378e-11,1.6051375145446438e-11,1.6069996084694063e-11,1.608861702360425e-11,1.610723796217699e-11,1.612585890041229e-11,1.6144479838310153e-11,1.616310077587057e-11,1.6181721713093547e-11,1.620034264997909e-11,1.6218963586527185e-11,1.6237584522737843e-11,1.6256205458611066e-11,1.6274826394146844e-11,1.6293447329345175e-11,1.6312068264206074e-11,1.633068919872953e-11,1.6349310132915542e-11,1.6367931066764118e-11,1.6386552000275255e-11,1.6405172933448955e-11,1.6423793866285203e-11,1.644241479878402e-11,1.6461035730945393e-11,1.6479656662769327e-11,1.6498277594255818e-11,1.651689852540487e-11,1.6535519456216484e-11,1.655414038669065e-11,1.6572761316827392e-11,1.6591382246626686e-11,1.661000317608853e-11,1.6628624105212946e-11,1.664724503399992e-11,1.6665865962449448e-11,1.6684486890561533e-11,1.6703107818336192e-11,1.6721728745773404e-11,1.674034967287317e-11,1.6758970599635507e-11,1.67775915260604e-11,1.679621245214784e-11,1.6814833377897853e-11,1.6833454303310427e-11,1.6852075228385554e-11,1.6870696153123245e-11,1.6889317077523492e-11,1.6907938001586305e-11,1.6926558925311673e-11,1.6945179848699602e-11,1.696380077175009e-11,1.6982421694463148e-11,1.700104261683875e-11,1.701966353887692e-11,1.7038284460577653e-11,1.705690538194094e-11,1.7075526302966793e-11,1.7094147223655206e-11,1.7112768144006178e-11,1.7131389064019712e-11,1.7150009983695798e-11,1.716863090303445e-11,1.718725182203566e-11,1.7205872740699438e-11,1.7224493659025763e-11,1.7243114577014656e-11,1.7261735494666104e-11,1.7280356411980124e-11,1.7298977328956694e-11,1.7317598245595825e-11,1.7336219161897518e-11,1.7354840077861774e-11,1.737346099348858e-11,1.739208190877796e-11,1.7410702823729895e-11,1.7429323738344386e-11,1.7447944652621438e-11,1.7466565566561062e-11,1.7485186480163232e-11,1.7503807393427964e-11,1.752242830635527e-11,1.7541049218945118e-11,1.7559670131197533e-11,1.757829104311251e-11,1.7596911954690048e-11,1.761553286593015e-11,1.7634153776832805e-11,1.7652774687398024e-11,1.7671395597625804e-11,1.7690016507516143e-11,1.7708637417069038e-11,1.7727258326284498e-11,1.774587923516252e-11,1.77645001437031e-11,1.7783121051906243e-11,1.7801741959771948e-11,1.7820362867300205e-11,1.7838983774491034e-11,1.7857604681344415e-11,1.7876225587860358e-11,1.7894846494038857e-11,1.7913467399879927e-11,1.7932088305383553e-11,1.795070921054974e-11,1.7969330115378488e-11,1.79879510198698e-11,1.8006571924023667e-11,1.80251928278401e-11,1.804381373131909e-11,1.8062434634460635e-11,1.808105553726474e-11,1.809967643973142e-11,1.811829734186065e-11,1.813691824365245e-11,1.8155539145106804e-11,1.8174160046223716e-11,1.8192780947003194e-11,1.821140184744523e-11,1.823002274754983e-11,1.8248643647316984e-11,1.82672645467467e-11,1.8285885445838985e-11,1.8304506344593825e-11,1.8323127243011224e-11,1.8341748141091188e-11,1.8360369038833714e-11,1.8378989936238803e-11,1.839761083330645e-11,1.8416231730036655e-11,1.8434852626429427e-11,1.8453473522484753e-11,1.8472094418202645e-11,1.8490715313583096e-11,1.8509336208626115e-11,1.852795710333169e-11,1.8546577997699823e-11,1.856519889173052e-11,1.8583819785423776e-11,1.860244067877959e-11,1.8621061571797967e-11,1.8621061571797986e-11,1.8621061571797983e-11,1.8621061571797983e-11
7,6.723473859402736e-24,1.7944001759696004e-23,3.2172423416963146e-23,4.841270100723389e-23,6.599862595814724e-23,8.448459886453334e-23,1.0357257668382773e-22,1.2306321073156256e-22,1.428231649041426e-22,1.6276325618754507e-22,1.8282383374621258e-22,2.0296499959932059e-22,2.231600676349532e-22,2.4339118861476353e-22,2.636464239202476e-22,2.839177883024533e-22,3.041999407580808e-22,3.2448930891056255e-22,3.4478350334472287e-22,3.650809258794107e-22,3.853805075572482e-22,4.0568153339678434e-22,4.259835251764484e-22,4.462861630335789e-22,4.665892330252492e-22,4.868925920538695e-22,5.071961444073705e-22,5.274998260679021e-22,5.478035942165674e-22,5.681074202135707e-22,5.8841128490294315e-22,6.087151754720421e-22,6.290190833510146e-22,6.49323002807858e-22,6.696269300086569e-22,6.899308623890607e-22,7.102347982339012e-22,7.305387363959536e-22,7.50842676107894e-22,7.711466168564906e-22,7.914505582984754e-22,8.117545002042204e-22,8.32058442420162e-22,8.523623848435817e-22,8.726663274057748e-22,8.929702700607878e-22,9.13274212777884e-22,9.335781555365046e-22,9.538820983229023e-22,9.74186041127875e-22,9.944899839452735e-22,1.014793926770983e-21,1.0350978696022512e-21,1.0554018124372374e-21,1.0757057552747102e-21,1.0960096981138464e-21,1.1163136409540949e-21,1.1366175837950869e-21,1.156921526636577e-21,1.1772254694784002e-21,1.197529412320446e-21,1.217833355162641e-21,1.2381372980049311e-21,1.2584412408472925e-21,1.2787451836897011e-21,1.2990491265321375e-21,1.319353069374593e-21,1.3396570122170608e-21,1.3599609550595425e-21,1.3802648979020269e-21,1.4005688407445149e-21,1.420872783587005e-21,1.4411767264294975e-21,1.4614806692719902e-21,1.4817846121144795e-21,1.5020885549569744e-21,1.52239249779947e-21,1.5426964406419659e-21,1.5630003834844636e-21,1.5833043263269598e-21,1.6036082691694576e-21,1.6239122120119604e-21,1.6442161548544568e-21,1.6645200976969529e-21,1.6848240405394391e-21,1.705127983381935e-21,1.7254319262244297e-21,1.745735869066927e-21,1.7660398119094195e-21,1.7863437547519156e-21,1.8066476975944112e-21,1.8269516404369073e-21,1.847255583279404e-21,1.8675595261218997e-21,1.8878634689643882e-21,1.9081674118068846e-21,1.9284713546493803e-21,1.948775297491877e-21,1.969079240334373e-21,1.9893831831768692e-21,2.0096871260193656e-21,2.0299910688618616e-21,2.0502950117043528e-21,2.0705989545468492e-21,2.0909028973893456e-21,2.111206840231839e-21,2.131510783074336e-21,2.1518147259168322e-21,2.1721186687593283e-21,2.192422611601825e-21,2.2127265544443245e-21,2.2330304972868205e-21,2.253334440129317e-21,2.273638382971813e-21,2.2939423258143094e-21,2.3142462686568055e-21,2.3345502114993015e-21,2.354854154341798e-21,2.3751580971842943e-21,2.3954620400267908e-21,2.4157659828692875e-21,2.436069925711784e-21,2.4563738685542793e-21,2.476677811396776e-21,2.496981754239272e-21,2.517285697081768e-21,2.537589639924264e-21,2.5578935827667602e-21,2.5781975256092563e-21,2.5985014684517523e-21,2.618805411294249e-21,2.6391093541367447e-21,2.659413296979238e-21,2.6797172398217342e-21,2.700021182664231e-21,2.720325125506727e-21,2.7406290683492242e-21,2.7609330111917112e-21,2.7812369540342084e-21,2.8015408968767044e-21,2.8218448397192005e-21,2.8421487825616905e-21,2.862452725404186e-21,2.8827566682466822e-21,2.903060611089178e-21,2.923364553931674e-21,2.9436684967741703e-21,2.963972439616671e-21,2.9842763824591684e-21,3.0045803253016645e-21,3.02488426814416e-21,3.045188210986657e-21,3.0654921538291537e-21,3.0857960966716497e-21,3.106100039514146e-21,3.1264039823566422e-21,3.1467079251991345e-21,3.1670118680416414e-21,3.187315810884138e-21,3.207619753726634e-21,3.2279236965691307e-21,3.2482276394116252e-21,3.2685315822541205e-21,3.288835525096619e-21,3.309139467939115e-21,3.329443410781611e-21,3.3497473536241065e-21,3.3700512964666033e-21,3.3903552393090994e-21,3.4106591821515966e-21,3.430963124994094e-21,3.451267067836596e-21,3.471571010679085e-21,3.4918749535215815e-21,3.512178896364078e-21,3.532482839206575e-21,3.5527867820490685e-21,3.573090724891565e-21,3.59339466773406e-21,3.6136986105765555e-21,3.63400255341905e-21,3.6543064962615475e-21,3.674610439104045e-21,3.6949143819465396e-21,3.715218324789036e-21,3.735522267631534e-21,3.75582621047403e-21,3.776130153316527e-21,3.796434096159024e-21,3.81673803900152e-21,3.837041981844016e-21,3.857345924686513e-21,3.87764986752901e-21,3.897953810371505e-21,3.9182577532140025e-21,3.938561696056498e-21,3.958865638898994e-21,3.97916958174149e-21,3.9994735245839866e-21,4.0197774674264815e-21,4.040081410268977e-21,4.0603853531114736e-21,4.080689295953971e-21,4.1009932387964664e-21,4.121297181638962e-21,4.141601124481459e-21,4.161905067323956e-21,4.1822090101664574e-21,4.202512953008955e-21,4.2228168958514525e-21,4.243120838693949e-21,4.2634247815364446e-21,4.283728724378941e-21,4.304032667221438e-21,4.3243366100639346e-21,4.34464055290643e-21,4.364944495748932e-21,4.385248438591428e-21,4.405552381433924e-21,4.425856324276421e-21,4.4461602671189176e-21,4.466464209961413e-21,4.486768152803909e-21,4.507072095646405e-21,4.5273760384889e-21,4.547679981331397e-21,4.567983924173893e-21,4.588287867016384e-21,4.608591809858888e-21,4.6288957527013846e-21,4.649199695543881e-21,4.669503638386385e-21,4.6898075812288836e-21,4.71011152407138e-21,4.730415466913876e-21,4.750719409756372e-21,4.771023352598869e-21,4.791327295441365e-21,4.811631238283861e-21,4.831935181126358e-21,4.852239123968854e-21,4.87254306681135e-21,4.892847009653846e-21,4.9131509524963434e-21,4.933454895338839e-21,4.953758838181336e-21,4.974062781023833e-21,4.994366723866328e-21,5.014670666708824e-21,5.034974609551322e-21,5.0552785523938176e-21,5.0755824952363125e-21,5.09588643807881e-21,5.116190380921307e-21,5.1364943237638025e-21,5.156798266606299e-21,5.177102209448795e-21,5.19740615229129e-21,5.217710095133786e-21,5.2380140379762816e-21,5.2583179808187765e-21,5.278621923661274e-21,5.298925866503771e-21,5.319229809346267e-21,5.3395337521887644e-21,5.359837695031261e-21,5.380141637873756e-21,5.400445580716252e-21,5.42074952355875e-21,5.441053466401246e-21,5.4613574092437414e-21,5.481661352086238e-21,5.501965294928733e-21,5.522269237771229e-21,5.5425731806137256e-21,5.5628771234562205e-21,5.583181066298717e-21,5.603485009141213e-21,5.62378895198371e-21,5.644092894826206e-21,5.664396837668702e-21,5.6847007805112e-21,5.705004723353696e-21,5.725308666196192e-21,5.74561260903869e-21,5.765916551881193e-21,5.7862204947236916e-21,5.8065244375661895e-21,5.826828380408686e-21,5.8471323232511816e-21,5.867436266093678e-21,5.8877402089361745e-21,5.90804415177867e-21,5.9283480946211665e-21,5.948652037463663e-21,5.968955980306158e-21,5.989259923148655e-21,6.0095638659911515e-21,6.029867808833646e-21,6.050171751676142e-21,6.07047569451864e-21,6.090779637361132e-21,6.111083580203628e-21,6.131387523046125e-21,6.1516914658886196e-21,6.171995408731116e-21,6.192299351573612e-21,6.2126032944161066e-21,6.232907237258603e-21,6.2532111801011e-21,6.2735151229435966e-21,6.293819065786093e-21,6.314123008628589e-21,6.334426951471083e-21,6.3547308943135785e-21,6.3750348371560764e-21,6.3953387799985736e-21,6.41564272284107e-21,6.435946665683567e-21,6.4562506085260636e-21,6.476554551368561e-21,6.496858494211059e-21,6.5171624370535536e-21,6.537466379896051e-21,6.557770322738547e-21,6.578074265581042e-21,6.5983782084235385e-21,6.6186821512660334e-21,6.638986094108529e-21,6.659290036951027e-21,6.679593979793523e-21,6.6998979226360206e-21,6.720201865478518e-21,6.740505808321013e-21,6.760809751163509e-21,6.781113694006007e-21,6.801417636848498e-21,6.821721579690997e-21,6.842025522533494e-21,6.862329465375988e-21,6.882633408218485e-21,6.902937351060987e-21,6.923241293903484e-21,6.94354523674598e-21,6.963849179588476e-21,6.984153122430971e-21,7.004457065273468e-21,7.024761008115964e-21,7.045064950958461e-21,7.065368893800957e-21,7.085672836643454e-21,7.105976779485954e-21,7.12628072232845e-21,7.146584665170938e-21,7.166888608013434e-21,7.18719255085593e-21,7.20749649369843e-21,7.227800436540925e-21,7.248104379383421e-21,7.268408322225918e-21,7.288712265068414e-21,7.30901620791091e-21,7.329320150753407e-21,7.349624093595905e-21,7.369928036438402e-21,7.390231979280898e-21,7.410535922123394e-21,7.430839864965891e-21,7.451143807808387e-21,7.471447750650884e-21,7.491751693493382e-21,7.512055636335877e-21,7.532359579178372e-21,7.55266352202087e-21,7.572967464863359e-21,7.593271407705855e-21,7.613575350548352e-21,7.633879293390849e-21,7.654183236233343e-21,7.674487179075842e-21,7.694791121918338e-21,7.715095064760833e-21,7.73539900760333e-21,7.755702950445834e-21,7.776006893288329e-21,7.796310836130826e-21,7.816614778973322e-21,7.836918721815818e-21,7.857222664658316e-21,7.87752660750081e-21,7.897830550343308e-21,7.918134493185803e-21,7.938438436028299e-21,7.958742378870795e-21,7.979046321713292e-21,7.999350264555788e-21,8.019654207398283e-21,8.039958150240782e-21,8.060262093083276e-21,8.080566035925772e-21,8.100869978768269e-21,8.121173921610763e-21,8.141477864453268e-21,8.161781807295765e-21,8.182085750138259e-21,8.202389692980758e-21,8.222693635823249e-21,8.242997578665746e-21,8.263301521508243e-21,8.283605464350739e-21,8.303909407193236e-21,8.324213350035736e-21,8.344517292878233e-21,8.364821235720729e-21,8.385125178563223e-21,8.405429121405719e-21,8.425733064248215e-21,8.446037007090712e-21,8.466340949933207e-21,8.486644892775703e-21,8.5069488356182e-21,8.527252778460703e-21,8.547556721303193e-21,8.56786066414569e-21,8.588164606988186e-21,8.608468549830682e-21,8.628772492673177e-21,8.649076435515673e-21,8.66938037835817e-21,8.689684321200654e-21,8.709988264043151e-21,8.730292206885645e-21,8.750596149728142e-21,8.770900092570638e-21,8.791204035413133e-21,8.811507978255635e-21,8.831811921098131e-21,8.852115863940628e-21,8.872419806783122e-21,8.89272374962562e-21,8.913027692468115e-21,8.93333163531061e-21,8.953635578153108e-21,8.973939520995603e-21,8.9942434638381e-21,9.014547406680596e-21,9.034851349523092e-21,9.055155292365589e-21,9.075459235208086e-21,9.095763178050582e-21,9.116067120893078e-21,9.136371063735573e-21,9.15667500657807e-21,9.176978949420565e-21,9.19728289226306e-21,9.217586835105557e-21,9.237890777948049e-21,9.258194720790544e-21,9.278498663633038e-21,9.298802606475534e-21,9.319106549318031e-21,9.339410492160525e-21,9.359714435003023e-21,9.38001837784552e-21,9.400322320688014e-21,9.420626263530511e-21,9.440930206373007e-21,9.461234149215502e-21,9.481538092058e-21,9.501842034900495e-21,9.522145977742991e-21,9.542449920585487e-21,9.562753863427981e-21,9.58305780627048e-21,9.603361749112974e-21,9.62366569195547e-21,9.643969634797975e-21,9.664273577640471e-21,9.684577520482967e-21,9.704881463325462e-21,9.725185406167958e-21,9.745489349010455e-21,9.765793291852951e-21,9.786097234695447e-21,9.806401177537944e-21,9.82670512038044e-21,9.847009063222935e-21,9.867313006065432e-21,9.887616948907932e-21,9.907920891750431e-21,9.928224834592925e-21,9.948528777435422e-21,9.96883272027792e-21,9.989136663120417e-21,1.0009440605962906e-20,1.0029744548805404e-20,1.0050048491647892e-20,1.007035243449039e-20,1.0090656377332885e-20,1.011096032017538e-20,1.0131264263017879e-20,1.0151568205860367e-20,1.0171872148702864e-20,1.0192176091545361e-20,1.0212480034387856e-20,1.0232783977230353e-20,1.0253087920072848e-20,1.0273391862915346e-20,1.029369580575784e-20,1.0313999748600338e-20,1.0334303691442834e-20,1.0354607634285322e-20,1.0374911577127818e-20,1.0395215519970315e-20,1.0415519462812812e-20,1.043582340565531e-20,1.0456127348497804e-20,1.04764312913403e-20,1.0496735234182798e-20,1.0517039177025297e-20,1.0537343119867792e-20,1.0557647062710286e-20,1.0577951005552785e-20,1.0598254948395282e-20,1.061855889123778e-20,1.0638862834080278e-20,1.0659166776922775e-20,1.0679470719765271e-20,1.0699774662607768e-20,1.0720078605450265e-20,1.0740382548292761e-20,1.076068649113526e-20,1.0780990433977757e-20,1.080129437682025e-20,1.0821598319662748e-20,1.0841902262505245e-20,1.0862206205347742e-20,1.088251014819024e-20,1.0902814091032737e-20,1.0923118033875232e-20,1.0943421976717728e-20,1.0963725919560225e-20,1.0984029862402721e-20,1.1004333805245218e-20,1.1024637748087714e-20,1.1044941690930212e-20,1.106524563377271e-20,1.1085549576615207e-20,1.1105853519457704e-20,1.1126157462300201e-20,1.1146461405142697e-20,1.1166765347985191e-20,1.1187069290827688e-20,1.1207373233670185e-20,1.1227677176512682e-20,1.124798111935518e-20,1.1268285062197675e-20,1.1288589005040171e-20,1.1308892947882668e-20,1.1329196890725167e-20,1.1349500833567661e-20,1.1369804776410157e-20,1.139010871925265e-20,1.1410412662095146e-20,1.1430716604937645e-20,1.1451020547780147e-20,1.147132449062264e-20,1.1491628433465137e-20,1.1511932376307632e-20,1.153223631915013e-20,1.1552540261992627e-20,1.1572844204835124e-20,1.159314814767762e-20,1.1613452090520114e-20,1.1633756033362611e-20,1.1654059976205111e-20,1.1674363919047608e-20,1.1694667861890107e-20,1.1714971804732604e-20,1.1735275747575098e-20,1.1755579690417591e-20,1.1775883633260086e-20,1.1796187576102587e-20,1.1816491518945081e-20,1.1836795461787578e-20,1.1857099404630075e-20,1.1877403347472571e-20,1.1897707290315068e-20,1.1918011233157565e-20,1.1938315176000064e-20,1.1958619118842561e-20,1.1978923061685058e-20,1.1999227004527552e-20,1.2019530947370048e-20,1.2039834890212545e-20,1.2060138833055041e-20,1.2080442775897538e-20,1.2100746718740032e-20,1.2121050661582543e-20,1.2141354604425037e-20,1.2161658547267533e-20,1.2181962490110027e-20,1.2202266432952525e-20,1.2222570375795023e-20,1.2242874318637517e-20,1.2263178261480012e-20,1.228348220432251e-20,1.2303786147165007e-20,1.2324090090007504e-20,1.2344394032849997e-20,1.2364697975692494e-20,1.238500191853499e-20,1.2405305861377487e-20,1.2425609804219984e-20,1.244591374706248e-20,1.2466217689904974e-20,1.2486521632747466e-20,1.2506825575589966e-20,1.2527129518432464e-20,1.254743346127496e-20,1.2567737404117456e-20,1.2588041346959949e-20,1.2608345289802446e-20,1.2628649232644943e-20,1.264895317548744e-20,1.2669257118329941e-20,1.2689561061172438e-20,1.270986500401493e-20,1.2730168946857428e-20,1.2750472889699923e-20,1.277077683254242e-20,1.2791080775384921e-20,1.2811384718227421e-20,1.2831688661069915e-20,1.2851992603912412e-20,1.2872296546754908e-20,1.2892600489597402e-20,1.2912904432439902e-20,1.2933208375282398e-20,1.2953512318124892e-20,1.2973816260967388e-20,1.2994120203809882e-20,1.3014424146652378e-20,1.3034728089494875e-20,1.305503203233737e-20,1.3075335975179865e-20,1.309563991802236e-20,1.3115943860864854e-20,1.3136247803707352e-20,1.315655174654986e-20,1.3176855689392357e-20,1.3197159632234852e-20,1.321746357507735e-20,1.3237767517919847e-20,1.3258071460762342e-20,1.3278375403604836e-20,1.3298679346447329e-20,1.3318983289289826e-20,1.3339287232132326e-20,1.3359591174974822e-20,1.3379895117817316e-20,1.3400199060659812e-20,1.3420503003502301e-20,1.3440806946344799e-20,1.3461110889187296e-20,1.3481414832029796e-20,1.3501718774872293e-20,1.3522022717714793e-20,1.354232666055729e-20,1.3562630603399788e-20,1.3582934546242282e-20,1.3603238489084782e-20,1.3623542431927273e-20,1.3643846374769767e-20,1.366415031761226e-20,1.3684454260454762e-20,1.3704758203297256e-20,1.372506214613975e-20,1.3745366088982244e-20,1.3765670031824744e-20,1.378597397466724e-20,1.3806277917509736e-20,1.382658186035223e-20,1.3846885803194727e-20,1.3867189746037224e-20,1.3887493688879718e-20,1.3907797631722215e-20,1.392810157456471e-20,1.3948405517407207e-20,1.3968709460249704e-20,1.3989013403092198e-20,1.4009317345934695e-20,1.4029621288777195e-20,1.404992523161969e-20,1.4070229174462184e-20,1.4090533117304678e-20,1.4110837060147175e-20,1.4131141002989672e-20,1.4151444945832166e-20,1.4171748888674664e-20,1.4192052831517158e-20,1.4212356774359655e-20,1.4232660717202152e-20,1.4252964660044652e-20,1.4273268602887143e-20,1.429357254572964e-20,1.4313876488572126e-20,1.4334180431414623e-20,1.4354484374257117e-20,1.4374788317099614e-20,1.4395092259942108e-20,1.4415396202784606e-20,1.44357001456271e-20,1.4456004088469597e-20,1.4476308031312094e-20,1.449661197415459e-20,1.4516915916997088e-20,1.4537219859839583e-20,1.455752380268208e-20,1.457782774552458e-20,1.4598131688367074e-20,1.461843563120957e-20,1.4638739574052068e-20,1.4659043516894563e-20,1.4679347459737057e-20,1.4699651402579554e-20,1.471995534542205e-20,1.4740259288264542e-20,1.4760563231107045e-20,1.4780867173949546e-20,1.4801171116792043e-20,1.482147505963454e-20,1.4841779002477034e-20,1.4862082945319528e-20,1.4882386888162025e-20,1.4902690831004523e-20,1.4922994773847017e-20,1.4943298716689514e-20,1.496360265953201e-20,1.4983906602374505e-20,1.5004210545217002e-20,1.50245144880595e-20,1.5044818430901997e-20,1.506512237374449e-20,1.5085426316586985e-20,1.5105730259429482e-20,1.5126034202271976e-20,1.514633814511447e-20,1.5166642087956968e-20,1.5186946030799462e-20,1.520724997364196e-20,1.522755391648445e-20,1.5247857859326947e-20,1.5268161802169445e-20,1.5288465745011942e-20,1.530876968785444e-20,1.5329073630696933e-20,1.5349377573539418e-20,1.5369681516381915e-20,1.5389985459224413e-20,1.541028940206691e-20,1.5430593344909407e-20,1.5450897287751904e-20,1.5471201230594398e-20,1.5491505173436895e-20,1.5511809116279393e-20,1.5532113059121887e-20,1.555241700196438e-20,1.5572720944806878e-20,1.559302488764937e-20,1.5613328830491866e-20,1.5633632773334367e-20,1.565393671617686e-20,1.5674240659019358e-20,1.5694544601861855e-20,1.5714848544704355e-20,1.573515248754685e-20,1.5755456430389344e-20,1.5775760373231838e-20,1.5796064316074335e-20,1.581636825891683e-20,1.5836672201759323e-20,1.5856976144601817e-20,1.5877280087444315e-20,1.589758403028681e-20,1.5917887973129306e-20,1.5938191915971806e-20,1.5958495858814297e-20,1.5978799801656794e-20,1.599910374449929e-20,1.601940768734179e-20,1.603971163018429e-20,1.6060015573026786e-20,1.608031951586928e-20,1.6100623458711777e-20,1.6120927401554272e-20,1.614123134439677e-20,1.6161535287239266e-20,1.6181839230081763e-20,1.6202143172924257e-20,1.6222447115766754e-20,1.6242751058609252e-20,1.6263055001451746e-20,1.6283358944294246e-20,1.6303662887136743e-20,1.632396682997924e-20,1.6344270772821734e-20,1.636457471566423e-20,1.6384878658506726e-20,1.6405182601349223e-20,1.642548654419172e-20,1.6445790487034217e-20,1.646609442987671e-20,1.6486398372719206e-20,1.6506702315561703e-20,1.65270062584042e-20,1.6547310201246694e-20,1.65676141440892e-20,1.658791808693169e-20,1.660822202977419e-20,1.6628525972616683e-20,1.664882991545918e-20,1.6669133858301674e-20,1.668943780114417e-20,1.6709741743986668e-20,1.6730045686829163e-20,1.675034962967166e-20,1.6770653572514157e-20,1.6790957515356654e-20,1.681126145819915e-20,1.6831565401041645e-20,1.685186934388414e-20,1.6872173286726637e-20,1.6892477229569128e-20,1.691278117241162e-20,1.6933085115254116e-20,1.6953389058096616e-20,1.697369300093911e-20,1.6993996943781605e-20,1.70143008866241e-20,1.7034604829466596e-20,1.7054908772309093e-20,1.7075212715151584e-20,1.7095516657994075e-20,1.7115820600836576e-20,1.7136124543679073e-20,1.7156428486521573e-20,1.7176732429364067e-20,1.7197036372206564e-20,1.7217340315049064e-20,1.7237644257891568e-20,1.7257948200734065e-20,1.7278252143576556e-20,1.729855608641905e-20,1.7318860029261547e-20,1.7339163972104044e-20,1.7359467914946545e-20,1.737977185778904e-20,1.7400075800631545e-20,1.7420379743474042e-20,1.744068368631654e-20,1.7460987629159037e-20,1.7481291572001534e-20,1.7501595514844028e-20,1.7521899457686534e-20,1.754220340052903e-20,1.7562507343371525e-20,1.758281128621402e-20,1.7603115229056517e-20,1.762341917189901e-20,1.7643723114741505e-20,1.7664027057584e-20,1.7684331000426496e-20,1.770463494326899e-20,1.7724938886111488e-20,1.7745242828953982e-20,1.776554677179648e-20,1.7785850714638973e-20,1.7806154657481467e-20,1.7826458600323965e-20,1.7846762543166462e-20,1.786706648600896e-20,1.7887370428851456e-20,1.7907674371693953e-20,1.7927978314536453e-20,1.7948282257378948e-20,1.7968586200221445e-20,1.7988890143063936e-20,1.8009194085906433e-20,1.8029498028748933e-20,1.804980197159143e-20,1.8070105914433928e-20,1.8090409857276422e-20,1.8110713800118916e-20,1.8131017742961413e-20,1.815132168580391e-20,1.8171625628646407e-20,1.8191929571488908e-20,1.8212233514331402e-20,1.82325374571739e-20,1.8252841400016396e-20,1.8273145342858893e-20,1.8293449285701387e-20,1.8313753228543894e-20,1.8334057171386388e-20,1.8354361114228882e-20,1.8374665057071382e-20,1.839496899991388e-20,1.8415272942756367e-20,1.8435576885598865e-20,1.8455880828441362e-20,1.8476184771283856e-20,1.849648871412635e-20,1.8516792656968847e-20,1.8537096599811347e-20,1.8557400542653845e-20,1.857770448549634e-20,1.859800842833884e-20,1.8618312371181336e-20,1.8638616314023833e-20,1.8658920256866327e-20,1.8679224199708822e-20,1.869952814255132e-20,1.8719832085393813e-20,1.8740136028236307e-20,1.87604399710788e-20,1.87807439139213e-20,1.88010478567638e-20,1.8821351799606296e-20,1.884165574244879e-20,1.8861959685291287e-20,1.8882263628133784e-20,1.8902567570976284e-20,1.892287151381878e-20,1.8943175456661273e-20,1.8963479399503773e-20,1.8983783342346267e-20,1.9004087285188764e-20,1.9024391228031258e-20,1.9044695170873753e-20,1.9064999113716247e-20,1.9085303056558744e-20,1.910560699940124e-20,1.9125910942243735e-20,1.914621488508623e-20,1.9166518827928727e-20,1.9186822770771218e-20,1.9207126713613712e-20,1.922743065645621e-20,1.9247734599298703e-20,1.92680385421412e-20,1.9288342484983697e-20,1.9308646427826192e-20,1.932895037066869e-20,1.9349254313511186e-20,1.9369558256353686e-20,1.9389862199196183e-20,1.9410166142038677e-20,1.9430470084881172e-20,1.945077402772367e-20,1.9471077970566166e-20,1.9491381913408666e-20,1.9511685856251163e-20,1.9531989799093664e-20,1.955229374193616e-20,1.9572597684778655e-20,1.9592901627621152e-20,1.9613205570463646e-20,1.9633509513306143e-20,1.965381345614864e-20,1.9674117398991135e-20,1.9694421341833632e-20,1.9714725284676126e-20,1.973502922751862e-20,1.9755333170361114e-20,1.9775637113203608e-20,1.9795941056046103e-20,1.98162449988886e-20,1.9836548941731097e-20,1.9856852884573597e-20,1.9877156827416097e-20,1.9897460770258595e-20,1.9917764713101092e-20,1.9938068655943586e-20,1.9958372598786086e-20,1.997867654162858e-20,1.999898048447108e-20,2.0019284427313575e-20,2.0039588370156072e-20,2.0059892312998566e-20,2.0080196255841054e-20,2.010050019868355e-20,2.012080414152605e-20,2.0141108084368552e-20,2.0161412027211046e-20,2.018171597005354e-20,2.0202019912896034e-20,2.022232385573853e-20,2.0242627798581028e-20,2.0262931741423513e-20,2.30114935359234e-20,2.5760461558377717e-20,2.8509701334903313e-20,3.125912286598595e-20,3.4008665955101834e-20,3.6758290339583745e-20,3.950796908959848e-20,4.225768419302794e-20,4.5007423602400495e-20,4.7757179259720445e-20,5.050694577536766e-20,5.3256719544475104e-20,5.600649815591419e-20,5.875627999699246e-20,6.150606398905513e-20,6.425584941063989e-20,6.700563577919391e-20,6.975542277196024e-20,7.250521017306174e-20,7.5254997838108e-20,7.800478567052357e-20,8.075457360571325e-20,8.350436160047263e-20,8.625414962590425e-20,8.900393766268022e-20,9.175372569787307e-20,9.450351372283609e-20,9.725330173178623e-20,1.0000308972085566e-19,1.0275287768745739e-19,1.0550266562986114e-19,1.0825245354690984e-19,1.110022414378297e-19,1.1375202930210323e-19,1.1650181713938458e-19,1.1925160494944246e-19,1.2200139273212247e-19,1.2475118048732134e-19,1.275009682149701e-19,1.3025075591502294e-19,1.330005435874492e-19,1.3575033123222882e-19,1.385001188493484e-19,1.41249906438799e-19,1.4399969400057506e-19,1.467494815346729e-19,1.4949926904109027e-19,1.5224905651982608e-19,1.549988439708795e-19,1.5774863139425029e-19,1.6049841878993849e-19,1.6324820615794423e-19,1.6599799349826787e-19,1.6874778081090987e-19,1.714975680958708e-19,1.7424735535315117e-19,1.7699714258275165e-19,1.7974692978467305e-19,1.8249671695891568e-19,1.8524650410548027e-19,1.8799629122436773e-19,1.9074607831557868e-19,1.9349586537911373e-19,1.9624565241497372e-19,1.9899543942315918e-19,2.0174522640367105e-19,2.0449501335651007e-19,2.0724480028167702e-19,2.099945871791727e-19,2.1274437404899783e-19,2.1549416089115325e-19,2.182439477056397e-19,2.209937344924582e-19,2.237435212516095e-19,2.2649330798309435e-19,2.292430946869135e-19,2.3199288136306816e-19,2.347426680115592e-19,2.3749245463238727e-19,2.402422412255535e-19,2.4299202779105887e-19,2.4574181432890398e-19,2.484916008390901e-19,2.5124138732161776e-19,2.5399117377648836e-19,2.567409602037025e-19,2.594907466032615e-19,2.6224053297516623e-19,2.6499031931941797e-19,2.677401056360172e-19,2.704898919249652e-19,2.73239678186263e-19,2.759894644199118e-19,2.7873925062591217e-19,2.8148903680426574e-19,2.842388229549732e-19,2.8698860907803594e-19,2.8973839517345474e-19,2.924881812412312e-19,2.952379672813661e-19,2.979877532938605e-19,3.007375392787159e-19,3.0348732523593325e-19,3.0623711116551354e-19,3.089868970674582e-19,3.117366829417683e-19,3.144864687884451e-19,3.172362546074897e-19,3.1998604039890363e-19,3.2273582616268783e-19,3.2548561189884355e-19,3.28235397607372e-19,3.3098518328827482e-19,3.337349689415529e-19,3.3648475456720774e-19,3.3923454016524044e-19,3.4198432573565227e-19,3.447341112784447e-19,3.4748389679361925e-19,3.502336822811773e-19,3.529834677411199e-19,3.557332531734485e-19,3.584830385781645e-19,3.6123282395526916e-19,3.6398260930476407e-19,3.6673239462665053e-19,3.694821799209298e-19,3.7223196518760355e-19,3.7498175042667286e-19,3.777315356381397e-19,3.8048132082200534e-19,3.8323110597827117e-19,3.8598089110693847e-19,3.8873067620800907e-19,3.914804612814842e-19,3.9423024632736557e-19,3.969800313456548e-19,3.9972981633635294e-19,4.0247960129946196e-19,4.052293862349834e-19,4.079791711429185e-19,4.107289560232689e-19,4.1347874087603668e-19,4.1622852570122306e-19,4.1897831049882945e-19,4.2172809526885788e-19,4.2447788001130978e-19,4.2722766472618655e-19,4.299774494134901e-19,4.3272723407322193e-19,4.354770187053841e-19,4.382268033099774e-19,4.409765878870047e-19,4.43726372436467e-19,4.464761569583659e-19,4.492259414527036e-19,4.519757259194816e-19,4.547255103587016e-19,4.574752947703654e-19,4.602250791544747e-19,4.629748635110312e-19,4.657246478400367e-19,4.684744321414931e-19,4.712242164154021e-19,4.739740006617657e-19,4.767237848805852e-19,4.794735690718631e-19,4.822233532356012e-19,4.849731373718007e-19,4.877229214804641e-19,4.9047270556159265e-19,4.93222489615189e-19,4.959722736412548e-19,4.987220576397918e-19,5.014718416108019e-19,5.042216255542873e-19,5.069714094702497e-19,5.097211933586911e-19,5.124709772196135e-19,5.152207610530183e-19,5.179705448589084e-19,5.207203286372854e-19,5.234701123881512e-19,5.262198961115081e-19,5.289696798073577e-19,5.317194634757023e-19,5.344692471165439e-19,5.3721903072988415e-19,5.399688143157257e-19,5.427185978740704e-19,5.4546838140491975e-19,5.4821816490827705e-19,5.50967948384143e-19,5.537177318325206e-19,5.564675152534122e-19,5.592172986468195e-19,5.619670820127442e-19,5.647168653511893e-19,5.674666486621564e-19,5.702164319456476e-19,5.729662152016655e-19,5.757159984302124e-19,5.784657816312898e-19,5.812155648049002e-19,5.839653479510462e-19,5.867151310697296e-19,5.894649141609526e-19,5.92214697224718e-19,5.949644802610274e-19,5.977142632698833e-19,6.004640462512882e-19,6.032138292052441e-19,6.059636121317532e-19,6.087133950308183e-19,6.114631779024413e-19,6.142129607466249e-19,6.169627435633709e-19,6.19712526352682e-19,6.224623091145606e-19,6.252120918490092e-19,6.279618745560298e-19,6.307116572356249e-19,6.334614398877966e-19,6.36211222512548e-19,6.389610051098811e-19,6.417107876797982e-19,6.444605702223021e-19,6.472103527373947e-19,6.499601352250791e-19,6.527099176853571e-19,6.554597001182317e-19,6.582094825237053e-19,6.6095926490178e-19,6.637090472524586e-19,6.66458829575744e-19,6.69208611871638e-19,6.719583941401436e-19,6.747081763812633e-19,6.774579585949998e-19,6.802077407813549e-19,6.829575229403322e-19,6.857073050719337e-19,6.884570871761615e-19,6.912068692530193e-19,6.939566513025091e-19,6.967064333246335e-19,6.994562153193954e-19,7.022059972867971e-19,7.049557792268417e-19,7.077055611395312e-19,7.104553430248688e-19,7.132051248828571e-19,7.159549067134986e-19,7.18704688516796e-19,7.214544702927524e-19,7.2420425204137e-19,7.269540337626518e-19,7.297038154566009e-19,7.324535971232192e-19,7.352033787625101e-19,7.379531603744763e-19,7.407029419591203e-19,7.434527235164449e-19,7.462025050464529e-19,7.489522865491478e-19,7.517020680245311e-19,7.544518494726066e-19,7.572016308933768e-19,7.599514122868447e-19,7.627011936530131e-19,7.654509749918846e-19,7.68200756303463e-19,7.709505375877499e-19,7.737003188447491e-19,7.764501000744631e-19,7.791998812768945e-19,7.819496624520469e-19,7.846994435999227e-19,7.874492247205257e-19,7.901990058138579e-19,7.929487868799225e-19,7.956985679187223e-19,7.984483489302612e-19,8.011981299145406e-19,8.03947910871565e-19,8.066976918013365e-19,8.094474727038583e-19,8.121972535791339e-19,8.149470344271659e-19,8.176968152479571e-19,8.204465960415108e-19,8.231963768078305e-19,8.259461575469184e-19,8.28695938258778e-19,8.314457189434125e-19,8.341954996008247e-19,8.369452802310182e-19,8.396950608339952e-19,8.424448414097602e-19,8.451946219583153e-19,8.479444024796641e-19,8.506941829738094e-19,8.534439634407549e-19,8.561937438805031e-19,8.589435242930576e-19,8.616933046784217e-19,8.644430850365979e-19,8.671928653675901e-19,8.699426456714016e-19,8.726924259480348e-19,8.754422061974942e-19,8.781919864197816e-19,8.809417666149014e-19,8.836915467828568e-19,8.864413269236498e-19,8.891911070372849e-19,8.919408871237651e-19,8.946906671830936e-19,8.97440447215274e-19,9.001902272203094e-19,9.02940007198203e-19,9.056897871489581e-19,9.084395670725783e-19,9.11189346969067e-19,9.139391268384278e-19,9.16688906680663e-19,9.19438686495777e-19,9.221884662837727e-19,9.24938246044654e-19,9.276880257784236e-19,9.304378054850854e-19,9.331875851646427e-19,9.359373648170988e-19,9.386871444424575e-19,9.414369240407216e-19,9.441867036118954e-19,9.46936483155982e-19,9.496862626729846e-19,9.524360421629069e-19,9.551858216257523e-19,9.57935601061525e-19,9.606853804702275e-19,9.63435159851864e-19,9.661849392064377e-19,9.689347185339525e-19,9.716844978344114e-19,9.74434277107819e-19,9.771840563541773e-19,9.79933835573491e-19,9.82683614765764e-19,9.85433393930999e-19,9.881831730691998e-19,9.909329521803699e-19,9.936827312645137e-19,9.964325103216343e-19,9.991822893517356e-19,1.0019320683548211e-18,1.0046818473308938e-18,1.0074316262799583e-18,1.0101814052020176e-18,1.0129311840970764e-18,1.015680962965137e-18,1.0184307418062036e-18,1.0211805206202807e-18,1.023930299407371e-18,1.026680078167479e-18,1.0294298569006082e-18,1.0321796356067623e-18,1.0349294142859442e-18,1.037679192938159e-18,1.0404289715634101e-18,1.043178750161701e-18,1.0459285287330358e-18,1.0486783072774178e-18,1.0514280857948514e-18,1.0541778642853397e-18,1.0569276427488877e-18,1.0596774211854979e-18,1.0624271995951755e-18,1.0651769779779228e-18,1.0679267563337451e-18,1.0706765346626456e-18,1.073426312964628e-18,1.0761760912396965e-18,1.0789258694878546e-18,1.081675647709107e-18,1.0844254259034573e-18,1.0871752040709094e-18,1.0899249822114662e-18,1.0926747603251336e-18,1.0954245384119143e-18,1.0981743164718122e-18,1.1009240945048318e-18,1.103673872510976e-18,1.1064236504902505e-18,1.109173428442658e-18,1.111923206368203e-18,1.114672984266889e-18,1.117422762138721e-18,1.1201725399837023e-18,1.1229223178018367e-18,1.125672095593129e-18,1.128421873357583e-18,1.1311716510952021e-18,1.133921428805991e-18,1.1366712064899537e-18,1.139420984147095e-18,1.1421707617774173e-18,1.1449205393809265e-18,1.1476703169576255e-18,1.150420094507519e-18,1.1531698720306113e-18,1.1559196495269058e-18,1.158669426996407e-18,1.1614192044391191e-18,1.1641689818550466e-18,1.1669187592441928e-18,1.1696685366065628e-18,1.1724183139421604e-18,1.175168091250989e-18,1.1779178685330553e-18,1.1806676457883605e-18,1.1834174230169106e-18,1.1861672002187096e-18,1.188916977393761e-18,1.1916667545420699e-18,1.1944165316636409e-18,1.1971663087584763e-18,1.1999160858265829e-18,1.2026658628679628e-18,1.2054156398826214e-18,1.2081654168705629e-18,1.2109151938317915e-18,1.213664970766312e-18,1.2164147476741276e-18,1.2191645245552442e-18,1.2219143014096646e-18,1.224664078237394e-18,1.2274138550384367e-18,1.2301636318127966e-18,1.2329134085604785e-18,1.2356631852814867e-18,1.2384129619758258e-18,1.2411627386434995e-18,1.2439125152845135e-18,1.2466622918988708e-18,1.2494120684865769e-18,1.2521618450476358e-18,1.2549116215820516e-18,1.2576613980898299e-18,1.2604111745709737e-18,1.2631609510254885e-18,1.2659107274533782e-18,1.2686605038546477e-18,1.2714102802293007e-18,1.2741600565773431e-18,1.276909832898778e-18,1.2796596091936105e-18,1.2824093854618453e-18,1.2851591617034864e-18,1.2879089379185383e-18,1.2906587141070069e-18,1.293408490268895e-18,1.2961582664042083e-18,1.2989080425129508e-18,1.3016578185951271e-18,1.3044075946507427e-18,1.3071573706798004e-18,1.3099071466823066e-18,1.3126569226582649e-18,1.31540669860768e-18,1.3181564745305569e-18,1.3209062504269007e-18,1.3236560262967145e-18,1.3264058021400044e-18,1.3291555779567744e-18,1.3319053537470294e-18,1.3346551295107743e-18,1.337404905248013e-18,1.3401546809587514e-18,1.3429044566429922e-18,1.3456542323007422e-18,1.3484040079320059e-18,1.3511537835367875e-18,1.3539035591150911e-18,1.3566533346669225e-18,1.3594031101922857e-18,1.3621528856911852e-18,1.3649026611636274e-18,1.3676524366096153e-18,1.3704022120291546e-18,1.3731519874222502e-18,1.375901762788906e-18,1.3786515381291277e-18,1.3814013134429201e-18,1.3841510887302875e-18,1.3869008639912349e-18,1.3896506392257672e-18,1.3924004144338894e-18,1.3951501896156064e-18,1.3978999647709227e-18,1.4006497398998431e-18,1.4033995150023736e-18,1.4061492900785178e-18,1.4088990651282804e-18,1.4116488401516677e-18,1.4143986151486839e-18,1.4171483901193334e-18,1.4198981650636219e-18,1.4226479399815538e-18,1.4253977148731347e-18,1.4281474897383686e-18,1.4308972645772611e-18,1.433647039389817e-18,1.436396814176042e-18,1.43914658893594e-18,1.4418963636695163e-18,1.4446461383767762e-18,1.4473959130577246e-18,1.450145687712367e-18,1.4528954623407072e-18,1.455645236942751e-18,1.4583950115185034e-18,1.4611447860679695e-18,1.4638945605911544e-18,1.4666443350880627e-18,1.4693941095587003e-18,1.4721438840030715e-18,1.4748936584211811e-18,1.4776434328130357e-18,1.480393207178639e-18,1.4831429815179972e-18,1.485892755831114e-18,1.4886425301179956e-18,1.4913923043786473e-18,1.4941420786130727e-18,1.4968918528212787e-18,1.4996416270032693e-18,1.5023914011590507e-18,1.5051411752886273e-18,1.5078909493920042e-18,1.5106407234691878e-18,1.5133904975201818e-18,1.5161402715449921e-18,1.518890045543624e-18,1.5216398195160823e-18,1.524389593462372e-18,1.5271393673824997e-18,1.5298891412764688e-18,1.532638915144286e-18,1.5353886889859555e-18,1.538138462801483e-18,1.5408882365908745e-18,1.5436380103541344e-18,1.5463877840912686e-18,1.5491375578022815e-18,1.5518873314871793e-18,1.5546371051459668e-18,1.5573868787786493e-18,1.5601366523852325e-18,1.5628864259657209e-18,1.5656361995201212e-18,1.5683859730484381e-18,1.5711357465506766e-18,1.5738855200268423e-18,1.5766352934769414e-18,1.5793850669009775e-18,1.5821348402989561e-18,1.5848846136708848e-18,1.5876343870167674e-18,1.5903841603366097e-18,1.593133933630417e-18,1.5958837068981943e-18,1.598633480139947e-18,1.6013832533556827e-18,1.604133026545404e-18,1.6068827997091174e-18,1.6096325728468287e-18,1.6123823459585431e-18,1.6151321190442665e-18,1.6178818921040036e-18,1.6206316651377612e-18,1.6233814381455421e-18,1.626131211127354e-18,1.6288809840832021e-18,1.6316307570130923e-18,1.6343805299170295e-18,1.6371303027950191e-18,1.6398800756470671e-18,1.642629848473179e-18,1.6453796212733603e-18,1.6481293940476165e-18,1.6508791667959537e-18,1.6536289395183764e-18,1.6563787122148912e-18,1.6591284848855033e-18,1.6618782575302187e-18,1.664628030149042e-18,1.6673778027419796e-18,1.6701275753090377e-18,1.6728773478502203e-18,1.675627120365534e-18,1.6783768928549849e-18,1.6811266653185776e-18,1.6838764377563182e-18,1.6866262101682122e-18,1.6893759825542662e-18,1.6921257549144844e-18,1.6948755272488738e-18,1.6976252995574401e-18,1.7003750718401874e-18,1.7031248440971232e-18,1.7058746163282527e-18,1.7086243885335813e-18,1.711374160713114e-18,1.7141239328668587e-18,1.7168737049948196e-18,1.7196234770970017e-18,1.722373249173413e-18,1.725123021224058e-18,1.7278727932489423e-18,1.7306225652480724e-18,1.7333723372214533e-18,1.7361221091690913e-18,1.7388718810909916e-18,1.741621652987161e-18,1.7443714248576047e-18,1.7471211967023287e-18,1.7498709685213385e-18,1.752620740314641e-18,1.7553705120822403e-18,1.7581202838241435e-18,1.7608700555403568e-18,1.7636198272308847e-18,1.7663695988957345e-18,1.769119370534911e-18,1.771869142148421e-18,1.77461891373627e-18,1.7773686852984634e-18,1.7801184568350078e-18,1.7828682283459088e-18,1.785617999831173e-18,1.7883677712908058e-18,1.7911175427248125e-18,1.7938673141332005e-18,1.796617085515974e-18,1.7993668568731405e-18,1.8021166282047054e-18,1.804866399510674e-18,1.807616170791054e-18,1.81036594204585e-18,1.8131157132750686e-18,1.815865484478716e-18,1.8186152556567956e-18,1.8213650268093176e-18,1.8241147979362853e-18,1.8268645690377063e-18,1.829614340113586e-18,1.8323641111639297e-18,1.835113882188744e-18,1.8378636531880354e-18,1.8406134241618096e-18,1.8433631951100725e-18,1.8461129660328292e-18,1.8488627369300885e-18,1.8516125078018547e-18,1.8543622786481342e-18,1.857112049468933e-18,1.8598618202642574e-18,1.862611591034113e-18,1.865361361778507e-18,1.868111132497445e-18,1.8708609031909327e-18,1.8736106738589763e-18,1.8763604445015837e-18,1.879110215118758e-18,1.8818599857105083e-18,1.8846097562768393e-18,1.8873595268177577e-18,1.8901092973332684e-18,1.8928590678233796e-18,1.8956088382880966e-18,1.8983586087274245e-18,1.9011083791413716e-18,1.903858149529943e-18,1.9066079198931444e-18,1.9093576902309842e-18,1.912107460543466e-18,1.9148572308305966e-18,1.9176070010923845e-18,1.9203567713288334e-18,1.923106541539951e-18,1.9258563117257436e-18,1.9286060818862168e-18,1.9313558520213768e-18,1.9341056221312316e-18,1.9368553922157846e-18,1.9396051622750445e-18,1.942354932309018e-18,1.9451047023177095e-18,1.9478544723011266e-18,1.9506042422592747e-18,1.9533540121921604e-18,1.956103782099792e-18,1.958853551982174e-18,1.9616033218393112e-18,1.964353091671213e-18,1.967102861477885e-18,1.9698526312593324e-18,1.9726024010155634e-18,1.9753521707465827e-18,1.978101940452397e-18,1.980851710133014e-18,1.9836014797884388e-18,1.986351249418679e-18,1.98910101902374e-18,1.9918507886036294e-18,1.994600558158352e-18,1.9973503276879162e-18,2.0001000971923257e-18,2.00284986667159e-18,2.005599636125714e-18,2.008349405554704e-18,2.0110991749585687e-18,2.0138489443373116e-18,2.0165987136909408e-18,2.0193484830194627e-18,2.022098252322885e-18,2.024848021601211e-18,2.0275977908544505e-18,2.030347560082608e-18,2.0330973292856907e-18,2.0358470984637067e-18,2.03859686761666e-18,2.041346636744559e-18,2.0440964058474087e-18,2.0468461749252177e-18,2.0495959439779908e-18,2.0523457130057356e-18,2.055095482008458e-18,2.0578452509861645e-18,2.0605950199388632e-18,2.0633447888665603e-18,2.0660945577692606e-18,2.0688443266469736e-18,2.0715940954997023e-18,2.0743438643274574e-18,2.077093633130242e-18,2.0798434019080656e-18,2.0825931706609337e-18,2.0853429393888517e-18,2.0880927080918293e-18,2.0908424767698707e-18,2.0935922454229825e-18,2.096342014051174e-18,2.099091782654449e-18,2.1018415512328153e-18,2.1045913197862807e-18,2.1073410883148495e-18,2.11009085681853e-18,2.11284062529733e-18,2.1155903937512553e-18,2.1183401621803106e-18,2.1210899305845068e-18,2.1238396989638472e-18,2.1265894673183394e-18,2.129339235647991e-18,2.132089003952808e-18,2.1348387722327977e-18,2.1375885404879673e-18,2.140338308718322e-18,2.143088076923871e-18,2.1458378451046188e-18,2.148587613260573e-18,2.1513373813917416e-18,2.1540871494981304e-18,2.156836917579746e-18,2.159586685636596e-18,2.1623364536686875e-18,2.165086221676026e-18,2.1678359896586197e-18,2.170585757616475e-18,2.1733355255495983e-18,2.1760852934579977e-18,2.1788350613416786e-18,2.1815848292006493e-18,2.184334597034916e-18,2.187084364844485e-18,2.189834132629364e-18,2.1925839003895616e-18,2.1953336681250826e-18,2.1980834358359324e-18,2.200833203522122e-18,2.2035829711836547e-18,2.20633273882054e-18,2.2090825064327837e-18,2.2118322740203925e-18,2.2145820415833748e-18,2.217331809121736e-18,2.220081576635483e-18,2.2228313441246256e-18,2.225581111589167e-18,2.228330879029117e-18,2.2310806464444823e-18,2.2338304138352684e-18,2.2365801812014834e-18,2.2393299485431344e-18,2.242079715860228e-18,2.2448294831527715e-18,2.2475792504207726e-18,2.250329017664237e-18,2.2530787848831723e-18,2.2558285520775867e-18,2.2585783192474863e-18,2.261328086392878e-18,2.264077853513769e-18,2.2668276206101666e-18,2.269577387682078e-18,2.2723271547295108e-18,2.275076921752471e-18,2.2778266887509673e-18,2.280576455725004e-18,2.283326222674591e-18,2.2860759895997344e-18,2.288825756500441e-18,2.29157552337672e-18,2.2943252902285745e-18,2.297075057056016e-18,2.2998248238590495e-18,2.302574590637682e-18,2.3053243573919215e-18,2.308074124121775e-18,2.3108238908272505e-18,2.3135736575083525e-18,2.316323424165092e-18,2.319073190797474e-18,2.321822957405505e-18,2.3245727239891946e-18,2.3273224905485475e-18,2.330072257083573e-18,2.3328220235942785e-18,2.3355717900806683e-18,2.3383215565427525e-18,2.341071322980537e-18,2.3438210893940305e-18,2.3465708557832386e-18,2.3493206221481704e-18,2.3520703884888316e-18,2.3548201548052303e-18,2.3575699210973743e-18,2.360319687365269e-18,2.363069453608923e-18,2.3658192198283445e-18,2.368568986023539e-18,2.3713187521945155e-18,2.3740685183412802e-18,2.3768182844638402e-18,2.379568050562205e-18,2.382317816636379e-18,2.3850675826863715e-18,2.3878173487121898e-18,2.39056711471384e-18,2.3933168806913316e-18,2.3960666466446714e-18,2.398816412573865e-18,2.4015661784789216e-18,2.4043159443598483e-18,2.4070657102166516e-18,2.4098154760493403e-18,2.412565241857921e-18,2.4153150076424006e-18,2.4180647734027876e-18,2.420814539139091e-18,2.4235643048513142e-18,2.4263140705394665e-18,2.4290638362035566e-18,2.4318136018435907e-18,2.4345633674595765e-18,2.4373131330515212e-18,2.440062898619434e-18,2.442812664163321e-18,2.4455624296831885e-18,2.4483121951790463e-18,2.4510619606509005e-18,2.4538117260987595e-18,2.45656149152263e-18,2.459311256922521e-18,2.4620610222984376e-18,2.464810787650389e-18,2.4675605529783834e-18,2.4703103182824274e-18,2.473060083562527e-18,2.475809848818693e-18,2.478559614050931e-18,2.4813093792592483e-18,2.4840591444436528e-18,2.486808909604154e-18,2.4895586747407568e-18,2.4923084398534697e-18,2.4950582049423015e-18,2.497807970007259e-18,2.5005577350483485e-18,2.5033075000655796e-18,2.5060572650589593e-18,2.508807030028494e-18,2.511556794974193e-18,2.5143065598960635e-18,2.5170563247941134e-18,2.5198060896683496e-18,2.522555854518781e-18,2.525305619345413e-18,2.5280553841482567e-18,2.530805148927315e-18,2.5335549136826003e-18,2.5363046784141186e-18,2.5390544431218762e-18,2.5418042078058844e-18,2.544553972466147e-18,2.5473037371026735e-18,2.5500535017154716e-18,2.552803266304549e-18,2.5555530308699125e-18,2.558302795411571e-18,2.561052559929533e-18,2.563802324423803e-18,2.5665520888943925e-18,2.5693018533413076e-18,2.572051617764556e-18,2.5748013821641453e-18,2.577551146540084e-18,2.5803009108923794e-18,2.58305067522104e-18,2.585800439526072e-18,2.5885502038074854e-18,2.5912999680652865e-18,2.5940497322994826e-18,2.5967994965100826e-18,2.5995492606970958e-18,2.6022990248605263e-18,2.6050487890003842e-18,2.6077985531166788e-18,2.6105483172094146e-18,2.6132980812786017e-18,2.616047845324248e-18,2.6187976093463612e-18,2.6215473733449483e-18,2.6242971373200183e-18,2.6270469012715776e-18,2.6297966651996353e-18,2.6325464291041992e-18,2.635296192985276e-18,2.6380459568428747e-18,2.6407957206770036e-18,2.64354548448767e-18,2.646295248274882e-18,2.6490450120386486e-18,2.651794775778975e-18,2.6545445394958722e-18,2.6572943031893458e-18,2.660044066859405e-18,2.662793830506057e-18,2.665543594129311e-18,2.6682933577291745e-18,2.6710431213056544e-18,2.67379288485876e-18,2.6765426483884988e-18,2.6792924118948783e-18,2.6820421753779082e-18,2.6847919388375947e-18,2.687541702273946e-18,2.6902914656869694e-18,2.6930412290766764e-18,2.6957909924430716e-18,2.698540755786165e-18,2.701290519105963e-18,2.7040402824024744e-18,2.706790045675707e-18,2.709539808925669e-18,2.7122895721523695e-18,2.715039335355815e-18,2.7177890985360147e-18,2.720538861692976e-18,2.723288624826708e-18,2.726038387937217e-18,2.728788151024513e-18,2.7315379140886028e-18,2.7342876771294946e-18,2.7370374401471975e-18,2.7397872031417188e-18,2.742536966113067e-18,2.74528672906125e-18,2.7480364919862754e-18,2.750786254888153e-18,2.7535360177668896e-18,2.756285780622493e-18,2.759035543454972e-18,2.7617853062643355e-18,2.7645350690505898e-18,2.7672848318137437e-18,2.7700345945538068e-18,2.770056127201916e-18,2.770077253521411e-18,2.7700981080659936e-18
8,0.0,0.0,0.0,0.0,0.0,0.0,0.0,0.0,0.0,0.0,0.0,0.0,0.0,0.0,0.0,0.0,0.0,0.0,0.0,0.0,0.0,0.0,0.0,0.0,0.0,0.0,0.0,0.0,0.0,0.0,0.0,0.0,0.0,0.0,0.0,0.0,0.0,0.0,0.0,0.0,0.0,0.0,0.0,0.0,0.0,0.0,0.0,0.0,0.0,0.0,0.0,0.0,0.0,0.0,0.0,0.0,0.0,0.0,0.0,0.0,0.0,0.0,0.0,0.0,0.0,0.0,0.0,0.0,0.0,0.0,0.0,0.0,0.0,0.0,0.0,0.0,0.0,0.0,0.0,0.0,0.0,0.0,0.0,0.0,0.0,0.0,0.0,0.0,0.0,0.0,0.0,0.0,0.0,0.0,0.0,0.0,0.0,0.0,0.0,0.0,0.0,0.0,0.0,0.0,0.0,0.0,0.0,0.0,0.0,0.0,0.0,0.0,0.0,0.0,0.0,0.0,0.0,0.0,0.0,0.0,0.0,0.0,0.0,0.0,0.0,0.0,0.0,0.0,0.0,0.0,0.0,0.0,0.0,0.0,0.0,0.0,0.0,0.0,0.0,0.0,0.0,0.0,0.0,0.0,0.0,0.0,0.0,0.0,0.0,0.0,0.0,0.0,0.0,0.0,0.0,0.0,0.0,0.0,0.0,0.0,0.0,0.0,0.0,0.0,0.0,0.0,0.0,0.0,0.0,0.0,0.0,0.0,0.0,0.0,0.0,0.0,0.0,0.0,0.0,0.0,0.0,0.0,0.0,0.0,0.0,0.0,0.0,0.0,0.0,0.0,0.0,0.0,0.0,0.0,0.0,0.0,0.0,0.0,0.0,0.0,0.0,0.0,0.0,0.0,0.0,0.0,0.0,0.0,0.0,0.0,0.0,0.0,0.0,0.0,0.0,0.0,0.0,0.0,0.0,0.0,0.0,0.0,0.0,0.0,0.0,0.0,0.0,0.0,0.0,0.0,0.0,0.0,0.0,0.0,0.0,0.0,0.0,0.0,0.0,0.0,0.0,0.0,0.0,0.0,0.0,0.0,0.0,0.0,0.0,0.0,0.0,0.0,0.0,0.0,0.0,0.0,0.0,0.0,0.0,0.0,0.0,0.0,0.0,0.0,0.0,0.0,0.0,0.0,0.0,0.0,0.0,0.0,0.0,0.0,0.0,0.0,0.0,0.0,0.0,0.0,0.0,0.0,0.0,0.0,0.0,0.0,0.0,0.0,0.0,0.0,0.0,0.0,0.0,0.0,0.0,0.0,0.0,0.0,0.0,0.0,0.0,0.0,0.0,0.0,0.0,0.0,0.0,0.0,0.0,0.0,0.0,0.0,0.0,0.0,0.0,0.0,0.0,0.0,0.0,0.0,0.0,0.0,0.0,0.0,0.0,0.0,0.0,0.0,0.0,0.0,0.0,0.0,0.0,0.0,0.0,0.0,0.0,0.0,0.0,0.0,0.0,0.0,0.0,0.0,0.0,0.0,0.0,0.0,0.0,0.0,0.0,0.0,0.0,0.0,0.0,0.0,0.0,0.0,0.0,0.0,0.0,0.0,0.0,0.0,0.0,0.0,0.0,0.0,0.0,0.0,0.0,0.0,0.0,0.0,0.0,0.0,0.0,0.0,0.0,0.0,0.0,0.0,0.0,0.0,0.0,0.0,0.0,0.0,0.0,0.0,0.0,0.0,0.0,0.0,0.0,0.0,0.0,0.0,0.0,0.0,0.0,0.0,0.0,0.0,0.0,0.0,0.0,0.0,0.0,0.0,0.0,0.0,0.0,0.0,0.0,0.0,0.0,0.0,0.0,0.0,0.0,0.0,0.0,0.0,0.0,0.0,0.0,0.0,0.0,0.0,0.0,0.0,0.0,0.0,0.0,0.0,0.0,0.0,0.0,0.0,0.0,0.0,0.0,0.0,0.0,0.0,0.0,0.0,0.0,0.0,0.0,0.0,0.0,0.0,0.0,0.0,0.0,0.0,0.0,0.0,0.0,0.0,0.0,0.0,0.0,0.0,0.0,0.0,0.0,0.0,0.0,0.0,0.0,0.0,0.0,0.0,0.0,0.0,0.0,0.0,0.0,0.0,0.0,0.0,0.0,0.0,0.0,0.0,0.0,0.0,0.0,0.0,0.0,0.0,0.0,0.0,0.0,0.0,0.0,0.0,0.0,0.0,0.0,0.0,0.0,0.0,0.0,0.0,0.0,0.0,0.0,0.0,0.0,0.0,0.0,0.0,0.0,0.0,0.0,0.0,0.0,0.0,0.0,0.0,0.0,0.0,0.0,0.0,0.0,0.0,0.0,0.0,0.0,0.0,0.0,0.0,0.0,0.0,0.0,0.0,0.0,0.0,0.0,0.0,0.0,0.0,0.0,0.0,0.0,0.0,0.0,0.0,0.0,0.0,0.0,0.0,0.0,0.0,0.0,0.0,0.0,0.0,0.0,0.0,0.0,0.0,0.0,0.0,0.0,0.0,0.0,0.0,0.0,0.0,0.0,0.0,0.0,0.0,0.0,0.0,0.0,0.0,0.0,0.0,0.0,0.0,0.0,0.0,0.0,0.0,0.0,0.0,0.0,0.0,0.0,0.0,0.0,0.0,0.0,0.0,0.0,0.0,0.0,0.0,0.0,0.0,0.0,0.0,0.0,0.0,0.0,0.0,0.0,0.0,0.0,0.0,0.0,0.0,0.0,0.0,0.0,0.0,0.0,0.0,0.0,0.0,0.0,0.0,0.0,0.0,0.0,0.0,0.0,0.0,0.0,0.0,0.0,0.0,0.0,0.0,0.0,0.0,0.0,0.0,0.0,0.0,0.0,0.0,0.0,0.0,0.0,0.0,0.0,0.0,0.0,0.0,0.0,0.0,0.0,0.0,0.0,0.0,0.0,0.0,0.0,0.0,0.0,0.0,0.0,0.0,0.0,0.0,0.0,0.0,0.0,0.0,0.0,0.0,0.0,0.0,0.0,0.0,0.0,0.0,0.0,0.0,0.0,0.0,0.0,0.0,0.0,0.0,0.0,0.0,0.0,0.0,0.0,0.0,0.0,0.0,0.0,0.0,0.0,0.0,0.0,0.0,0.0,0.0,0.0,0.0,0.0,0.0,0.0,0.0,0.0,0.0,0.0,0.0,0.0,0.0,0.0,0.0,0.0,0.0,0.0,0.0,0.0,0.0,0.0,0.0,0.0,0.0,0.0,0.0,0.0,0.0,0.0,0.0,0.0,0.0,0.0,0.0,0.0,0.0,0.0,0.0,0.0,0.0,0.0,0.0,0.0,0.0,0.0,0.0,0.0,0.0,0.0,0.0,0.0,0.0,0.0,0.0,0.0,0.0,0.0,0.0,0.0,0.0,0.0,0.0,0.0,0.0,0.0,0.0,0.0,0.0,0.0,0.0,0.0,0.0,0.0,0.0,0.0,0.0,0.0,0.0,0.0,0.0,0.0,0.0,0.0,0.0,0.0,0.0,0.0,0.0,0.0,0.0,0.0,0.0,0.0,0.0,0.0,0.0,0.0,0.0,0.0,0.0,0.0,0.0,0.0,0.0,0.0,0.0,0.0,0.0,0.0,0.0,0.0,0.0,0.0,0.0,0.0,0.0,0.0,0.0,0.0,0.0,0.0,0.0,0.0,0.0,0.0,0.0,0.0,0.0,0.0,0.0,0.0,0.0,0.0,0.0,0.0,0.0,0.0,0.0,0.0,0.0,0.0,0.0,0.0,0.0,0.0,0.0,0.0,0.0,0.0,0.0,0.0,0.0,0.0,0.0,0.0,0.0,0.0,0.0,0.0,0.0,0.0,0.0,0.0,0.0,0.0,0.0,0.0,0.0,0.0,0.0,0.0,0.0,0.0,0.0,0.0,0.0,0.0,0.0,0.0,0.0,0.0,0.0,0.0,0.0,0.0,0.0,0.0,0.0,0.0,0.0,0.0,0.0,0.0,0.0,0.0,0.0,0.0,0.0,0.0,0.0,0.0,0.0,0.0,0.0,0.0,0.0,0.0,0.0,0.0,0.0,0.0,0.0,0.0,0.0,0.0,0.0,0.0,0.0,0.0,0.0,0.0,0.0,0.0,0.0,0.0,0.0,0.0,0.0,0.0,0.0,0.0,0.0,0.0,0.0,0.0,0.0,0.0,0.0,0.0,0.0,0.0,0.0,0.0,0.0,0.0,0.0,0.0,0.0,0.0,0.0,0.0,0.0,0.0,0.0,0.0,0.0,0.0,0.0,0.0,0.0,0.0,0.0,0.0,0.0,0.0,0.0,0.0,0.0,0.0,0.0,0.0,0.0,0.0,0.0,0.0,0.0,0.0,0.0,0.0,0.0,0.0,0.0,0.0,0.0,0.0,0.0,0.0,0.0,0.0,0.0,0.0,0.0,6.5306958608946244e-15,1.3061391313638699e-14,1.9592086630728122e-14,2.6122781812227042e-14,3.265347685813764e-14,3.9184171768460164e-14,4.571486654319483e-14,5.224556118234175e-14,5.877625568590068e-14,6.530695005387153e-14,7.183764428625408e-14,7.836833838304867e-14,8.48990323442554e-14,9.142972616987359e-14,9.796041985990386e-14,1.0449111341434635e-13,1.1102180683320074e-13,1.175525001164671e-13,1.240831932641454e-13,1.3061388627623544e-13,1.3714457915273763e-13,1.4367527189365162e-13,1.5020596449897766e-13,1.567366569687156e-13,1.6326734930286567e-13,1.6979804150142785e-13,1.7632873356440177e-13,1.8285942549178776e-13,1.8939011728358602e-13,1.9592080893979642e-13,2.0245150046041875e-13,2.089821918454532e-13,2.1551288309489964e-13,2.220435742087581e-13,2.285742651870286e-13,2.3510495602971107e-13,2.4163564673680563e-13,2.481663373083124e-13,2.5469702774423127e-13,2.61227718044562e-13,2.677584082093046e-13,2.7428909823845933e-13,2.808197881320263e-13,2.8735047789000533e-13,2.938811675123963e-13,3.0041185699919934e-13,3.069425463504144e-13,3.134732355660419e-13,3.200039246460815e-13,3.265346135905333e-13,3.3306530239939734e-13,3.395959910726734e-13,3.461266796103615e-13,3.526573680124616e-13,3.591880562789736e-13,3.657187444098977e-13,3.722494324052341e-13,3.787801202649831e-13,3.8531080798914397e-13,3.918414955777169e-13,3.983721830307021e-13,4.0490287034809953e-13,4.114335575299092e-13,4.1796424457613103e-13,4.2449493148676486e-13,4.310256182618109e-13,4.375563049012692e-13,4.440869914051397e-13,4.5061767777342257e-13,4.571483640061175e-13,4.636790501032246e-13,4.70209736064744e-13,4.767404218906755e-13,4.832711075810194e-13,4.898017931357753e-13,4.963324785549433e-13,5.028631638385236e-13,5.093938489865163e-13,5.15924533998921e-13,5.224552188757383e-13,5.28985903616968e-13,5.355165882226099e-13,5.420472726926637e-13,5.485779570271301e-13,5.551086412260086e-13,5.616393252892991e-13,5.681700092170021e-13,5.747006930091174e-13,5.812313766656458e-13,5.877620601865859e-13,5.942927435719387e-13,6.008234268217036e-13,6.073541099358808e-13,6.138847929144699e-13,6.204154757574717e-13,6.269461584648854e-13,6.334768410367117e-13,6.4000752347295e-13,6.465382057736013e-13,6.530688879386646e-13,6.595995699681401e-13,6.661302518620286e-13,6.726609336203294e-13,6.791916152430419e-13,6.857222967301669e-13,6.922529780817046e-13,6.987836592976546e-13,7.053143403780167e-13,7.118450213227918e-13,7.183757021319789e-13,7.249063828055783e-13,7.314370633435902e-13,7.379677437460148e-13,7.444984240128517e-13,7.510291041441007e-13,7.575597841397627e-13,7.640904639998367e-13,7.706211437243225e-13,7.771518233132218e-13,7.836825027665334e-13,7.902131820842579e-13,7.967438612663946e-13,8.032745403129442e-13,8.098052192239056e-13,8.1633589799928e-13,8.228665766390669e-13,8.293972551432661e-13,8.359279335118777e-13,8.424586117449018e-13,8.489892898423386e-13,8.555199678041881e-13,8.6205064563045e-13,8.685813233211242e-13,8.751120008762112e-13,8.816426782957106e-13,8.881733555796229e-13,8.947040327279479e-13,9.012347097406847e-13,9.077653866178343e-13,9.142960633593968e-13,9.208267399653714e-13,9.273574164357586e-13,9.33888092770559e-13,9.40418768969772e-13,9.469494450333974e-13,9.534801209614352e-13,9.60010796753886e-13,9.665414724107485e-13,9.73072147932024e-13,9.796028233177123e-13,9.861334985678135e-13,9.926641736823264e-13,9.991948486612527e-13,1.0057255235045912e-12,1.0122561982123421e-12,1.0187868727845065e-12,1.0253175472210832e-12,1.0318482215220727e-12,1.038378895687475e-12,1.0449095697172896e-12,1.0514402436115169e-12,1.0579709173701564e-12,1.0645015909932094e-12,1.0710322644806745e-12,1.0775629378325524e-12,1.0840936110488426e-12,1.0906242841295455e-12,1.0971549570746614e-12,1.1036856298841895e-12,1.1102163025581307e-12,1.1167469750964844e-12,1.123277647499251e-12,1.1298083197664303e-12,1.1363389918980226e-12,1.1428696638940277e-12,1.1494003357544453e-12,1.155931007479276e-12,1.1624616790685198e-12,1.1689923505221761e-12,1.1755230218402445e-12,1.1820536930227266e-12,1.1885843640696217e-12,1.1951150349809287e-12,1.20164570575665e-12,1.2081763763967837e-12,1.21470704690133e-12,1.2212377172702897e-12,1.2277683875036613e-12,1.2342990576014459e-12,1.240829727563644e-12,1.2473603973902537e-12,1.2538910670812777e-12,1.260421736636713e-12,1.2669524060565613e-12,1.2734830753408234e-12,1.280013744489499e-12,1.2865444135025863e-12,1.293075082380087e-12,1.2996057511220005e-12,1.3061364197283263e-12,1.3126670881990658e-12,1.3191977565342183e-12,1.3257284247337829e-12,1.3322590927977607e-12,1.3387897607261516e-12,1.3453204285189556e-12,1.3518510961761716e-12,1.3583817636978015e-12,1.364912431083844e-12,1.3714430983342986e-12,1.3779737654491673e-12,1.3845044324284484e-12,1.391035099272142e-12,1.3975657659802492e-12,1.4040964325527695e-12,1.4106270989897026e-12,1.4171577652910487e-12,1.4236884314568075e-12,1.4302190974869797e-12,1.4367497633815655e-12,1.443280429140564e-12,1.449811094763975e-12,1.4563417602517993e-12,1.462872425604037e-12,1.4694030908206874e-12,1.475933755901751e-12,1.4824644208472274e-12,1.4889950856571165e-12,1.4955257503314189e-12,1.5020564148701337e-12,1.5085870792732618e-12,1.5151177435408035e-12,1.5216484076727575e-12,1.528179071669125e-12,1.5347097355299055e-12,1.5412403992550988e-12,1.5477710628447055e-12,1.554301726298725e-12,1.560832389617158e-12,1.5673630528000032e-12,1.5738937158472629e-12,1.5804243787589348e-12,1.5869550415350188e-12,1.593485704175517e-12,1.6000163666804278e-12,1.6065470290497524e-12,1.6130776912834893e-12,1.6196083533816394e-12,1.6261390153442034e-12,1.6326696771711794e-12,1.6392003388625695e-12,1.645731000418373e-12,1.6522616618385881e-12,1.6587923231232166e-12,1.6653229842722592e-12,1.6718536452857142e-12,1.6783843061635819e-12,1.6849149669058642e-12,1.6914456275125586e-12,1.6979762879836669e-12,1.7045069483191876e-12,1.7110376085191224e-12,1.7175682685834697e-12,1.72409892851223e-12,1.730629588305404e-12,1.7371602479629902e-12,1.74369090748499e-12,1.7502215668714024e-12,1.7567522261222285e-12,1.7632828852374677e-12,1.7698135442171205e-12,1.7763442030611867e-12,1.7828748617696658e-12,1.789405520342558e-12,1.7959361787798635e-12,1.8024668370815824e-12,1.808997495247715e-12,1.8155281532782601e-12,1.822058811173219e-12,1.8285894689325907e-12,1.835120126556376e-12,1.8416507840445737e-12,1.8481814413971855e-12,1.85471209861421e-12,1.861242755695649e-12,1.8677734126415006e-12,1.874304069451765e-12,1.880834726126443e-12,1.887365382665535e-12,1.8938960390690392e-12,1.900426695336957e-12,1.9069573514692887e-12,1.9134880074660323e-12,1.9200186633271897e-12,1.92654931905276e-12,1.933079974642744e-12,1.939610630097142e-12,1.946141285415952e-12,1.9526719405991763e-12,1.959202595646814e-12,1.965733250558864e-12,1.9722639053353284e-12,1.9787945599762066e-12,1.9853252144814975e-12,1.991855868851202e-12,1.9983865230853204e-12,2.0049171771838512e-12,2.0114478311467955e-12,2.0179784849741545e-12,2.0245091386659257e-12,2.0310397922221113e-12,2.0375704456427086e-12,2.044101098927721e-12,2.050631752077147e-12,2.0571624050909847e-12,2.0636930579692363e-12,2.0702237107119022e-12,2.076754363318981e-12,2.0832850157904736e-12,2.089815668126379e-12,2.096346320326698e-12,2.102876972391431e-12,2.109407624320577e-12,2.115938276114137e-12,2.122468927772111e-12,2.1289995792944972e-12,2.1355302306812982e-12,2.142060881932512e-12,2.1485915330481393e-12,2.15512218402818e-12,2.1616528348726343e-12,2.1681834855815017e-12,2.174714136154783e-12,2.181244786592478e-12,2.187775436894586e-12,2.194306087061107e-12,2.2008367370920427e-12,2.2073673869873914e-12,2.213898036747153e-12,2.220428686371329e-12,2.2269593358599178e-12,2.233489985212921e-12,2.2400206344303375e-12,2.246551283512168e-12,2.253081932458412e-12,2.2596125812690688e-12,2.2661432299441406e-12,2.2726738784836244e-12,2.2792045268875228e-12,2.2857351751558354e-12,2.2922658232885608e-12,2.2987964712856996e-12,2.305327119147252e-12,2.311857766873219e-12,2.318388414463598e-12,2.3249190619183927e-12,2.3314497092376012e-12,2.3379803564212216e-12,2.3445110034692563e-12,2.3510416503817045e-12,2.3575722971585673e-12,2.364102943799843e-12,2.3706335903055317e-12,2.3771642366756353e-12,2.3836948829101524e-12,2.390225529009083e-12,2.3967561749724278e-12,2.403286820800186e-12,2.4098174664923566e-12,2.4163481120489422e-12,2.422878757469941e-12,2.429409402755354e-12,2.4359400479051803e-12,2.44247069291942e-12,2.4490013377980743e-12,2.4555319825411408e-12,2.4620626271486223e-12,2.4685932716205172e-12,2.4751239159568264e-12,2.4816545601575475e-12,2.488185204222684e-12,2.4947158481522337e-12,2.5012464919461976e-12,2.507777135604575e-12,2.5143077791273666e-12,2.5208384225145714e-12,2.5273690657661907e-12,2.5338997088822244e-12,2.54043035186267e-12,2.5469609947075313e-12,2.553491637416806e-12,2.5600222799904945e-12,2.566552922428597e-12,2.5730835647311115e-12,2.579614206898041e-12,2.586144848929385e-12,2.5926754908251425e-12,2.599206132585313e-12,2.605736774209898e-12,2.6122674156988967e-12,2.6187980570523086e-12,2.6253286982701353e-12,2.6318593393523753e-12,2.63838998029903e-12,2.6449206211100975e-12,2.6514512617855788e-12,2.657981902325476e-12,2.664512542729785e-12,2.6710431829985095e-12,2.677573823131647e-12,2.6841044631291997e-12,2.6906351029911654e-12,2.6971657427175446e-12,2.7036963823083384e-12,2.7102270217635453e-12,2.7167576610831665e-12,2.723288300267202e-12,2.7298189393156525e-12,2.736349578228515e-12,2.742880217005791e-12,2.749410855647484e-12,2.755941494153589e-12,2.7624721325241072e-12,2.7690027707590414e-12,2.775533408858388e-12,2.7820640468221497e-12,2.7885946846503263e-12,2.7951253223429143e-12,2.8016559598999186e-12,2.8081865973213348e-12,2.8147172346071656e-12,2.8212478717574115e-12,2.82777850877207e-12,2.8343091456511433e-12,2.8408397823946305e-12,2.8473704190025327e-12,2.8539010554748467e-12,2.8604316918115763e-12,2.8669623280127205e-12,2.8734929640782778e-12,2.880023600008249e-12,2.8865542358026343e-12,2.893084871461433e-12,2.8996155069846468e-12,2.906146142372275e-12,2.912676777624315e-12,2.919207412740771e-12,2.9257380477216418e-12,2.9322686825669255e-12,2.9387993172766247e-12,2.945329951850736e-12,2.9518605862892635e-12,2.9583912205922047e-12,2.96492185475956e-12,2.9714524887913283e-12,2.9779831226875124e-12,2.9845137564481095e-12,2.991044390073121e-12,2.9975750235625465e-12,3.004105656916385e-12,3.010636290134638e-12,3.0171669232173074e-12,3.0236975561643886e-12,3.0302281889758844e-12,3.0367588216517944e-12,3.0432894541921184e-12,3.0498200865968566e-12,3.056350718866009e-12,3.062881350999576e-12,3.0694119829975564e-12,3.0759426148599497e-12,3.0824732465867585e-12,3.089003878177982e-12,3.0955345096336185e-12,3.1020651409536692e-12,3.1085957721381343e-12,3.1151264031870144e-12,3.1216570341003076e-12,3.128187664878015e-12,3.134718295520139e-12,3.1412489260266737e-12,3.147779556397623e-12,3.154310186632989e-12,3.1608408167327686e-12,3.167371446696961e-12,3.1739020765255695e-12,3.1804327062185903e-12,3.1869633357760254e-12,3.1934939651978764e-12,3.200024594484141e-12,3.2065552236348185e-12,3.2130858526499127e-12,3.219616481529419e-12,3.2261471102733403e-12,3.2326777388816766e-12,3.239208367354427e-12,3.245738995691592e-12,3.25226962389317e-12,3.2588002519591635e-12,3.2653308798895695e-12,3.2718615076843914e-12,3.2783921353436263e-12,3.2849227628672776e-12,3.2914533902553423e-12,3.2979840175078204e-12,3.304514644624713e-12,3.3110452716060216e-12,3.3175758984517414e-12,3.324106525161878e-12,3.3306371517364282e-12,3.3371677781753924e-12,3.343698404478772e-12,3.350229030646565e-12,3.356759656678772e-12,3.363290282575394e-12,3.3698209083364304e-12,3.376351533961881e-12,3.3828821594517448e-12,3.389412784806025e-12,3.39594341002472e-12,3.4024740351078272e-12,3.4090046600553505e-12,3.415535284867287e-12,3.4220659095436394e-12,3.4285965340844054e-12,3.4351271584895853e-12,3.4416577827591808e-12,3.4481884068931904e-12,3.4547190308916136e-12,3.4612496547544534e-12,3.4677802784817063e-12,3.4743109020733743e-12,3.4808415255294558e-12,3.4873721488499527e-12,3.4939027720348635e-12,3.500433395084189e-12,3.5069640179979288e-12,3.5134946407760824e-12,3.520025263418651e-12,3.5265558859256345e-12,3.5330865082970313e-12,3.539617130532844e-12,3.5461477526330715e-12,3.5526783745977128e-12,3.559208996426768e-12,3.5657396181202386e-12,3.5722702396781223e-12,3.5788008611004223e-12,3.5853314823871357e-12,3.591862103538264e-12,3.598392724553808e-12,3.604923345433765e-12,3.6114539661781375e-12,3.617984586786924e-12,3.6245152072601263e-12,3.6310458275977417e-12,3.637576447799773e-12,3.644107067866217e-12,3.650637687797077e-12,3.657168307592351e-12,3.663698927252039e-12,3.670229546776142e-12,3.67676016616466e-12,3.683290785417592e-12,3.68982140453494e-12,3.696352023516702e-12,3.702882642362877e-12,3.7094132610734676e-12,3.715943879648473e-12,3.7224744980878934e-12,3.729005116391728e-12,3.735535734559979e-12,3.742066352592643e-12,3.748596970489722e-12,3.7551275882512155e-12,3.761658205877123e-12,3.768188823367446e-12,3.774719440722184e-12,3.781250057941337e-12,3.787780675024905e-12,3.794311291972886e-12,3.800841908785283e-12,3.807372525462093e-12,3.813903142003317e-12,3.8204337584089584e-12,3.826964374679013e-12,3.833494990813483e-12,3.840025606812367e-12,3.846556222675666e-12,3.85308683840338e-12,3.859617453995509e-12,3.866148069452054e-12,3.872678684773012e-12,3.879209299958386e-12,3.885739915008175e-12,3.892270529922378e-12,3.8988011447009955e-12,3.9053317593440286e-12,3.911862373851477e-12,3.9183929882233415e-12,3.924923602459618e-12,3.93145421656031e-12,3.937984830525418e-12,3.944515444354942e-12,3.951046058048879e-12,3.95757667160723e-12,3.964107285029997e-12,3.970637898317178e-12,3.9771685114687744e-12,3.983699124484788e-12,3.990229737365213e-12,3.9967603501100544e-12,4.0032909627193105e-12,4.00982157519298e-12,4.016352187531065e-12,4.022882799733566e-12,4.029413411800481e-12,4.035944023731811e-12,4.042474635527557e-12,4.049005247187717e-12,4.055535858712292e-12,4.062066470101282e-12,4.0685970813546856e-12,4.075127692472506e-12,4.08165830345474e-12,4.088188914301388e-12,4.094719525012453e-12,4.101250135587932e-12,4.1077807460278255e-12,4.114311356332135e-12,4.120841966500859e-12,4.127372576533997e-12,4.133903186431551e-12,4.140433796193519e-12,4.146964405819903e-12,4.153495015310701e-12,4.1600256246659155e-12,4.166556233885542e-12,4.173086842969586e-12,4.179617451918046e-12,4.186148060730918e-12,4.192678669408206e-12,4.19920927794991e-12,4.205739886356027e-12,4.2122704946265625e-12,4.2188011027615106e-12,4.225331710760874e-12,4.2318623186246535e-12,4.238392926352847e-12,4.244923533945455e-12,4.2514541414024786e-12,4.257984748723916e-12,4.264515355909771e-12,4.271045962960037e-12,4.277576569874723e-12,4.284107176653822e-12,4.290637783297337e-12,4.297168389805265e-12,4.303698996177608e-12,4.310229602414368e-12,4.3167602085155425e-12,4.3232908144811334e-12,4.329821420311138e-12,4.336352026005555e-12,4.34288263156439e-12,4.34941323698764e-12,4.3559438422753055e-12,4.3624744474273845e-12,4.3690050524438794e-12,4.375535657324789e-12,4.3820662620701145e-12,4.388596866679855e-12,4.395127471154009e-12,4.401658075492579e-12,4.408188679695567e-12,4.414719283762968e-12,4.421249887694784e-12,4.4277804914910154e-12,4.4343110951516635e-12,4.440841698676724e-12,4.447372302066201e-12,4.453902905320094e-12,4.4604335084384e-12,4.466964111421124e-12,4.473494714268262e-12,4.480025316979814e-12,4.4865559195557835e-12,4.493086521996166e-12,4.499617124300964e-12,4.5061477264701795e-12,4.512678328503808e-12,4.519208930401852e-12,4.525739532164313e-12,4.532270133791186e-12,4.538800735282476e-12,4.545331336638182e-12,4.5518619378583015e-12,4.558392538942837e-12,4.564923139891788e-12,4.571453740705155e-12,4.577984341382936e-12,4.584514941925133e-12,4.5910455423317455e-12,4.597576142602775e-12,4.604106742738218e-12,4.610637342738076e-12,4.6171679426023495e-12,4.62369854233104e-12,4.630229141924142e-12,4.636759741381664e-12,4.643290340703598e-12,4.649820939889948e-12,4.6563515389407145e-12,4.662882137855895e-12,4.669412736635493e-12,4.675943335279506e-12,4.682473933787935e-12,4.689004532160776e-12,4.6955351303980345e-12,4.702065728499706e-12,4.7085963264657946e-12,4.7151269242963e-12,4.72165752199122e-12,4.728188119550556e-12,4.7347187169743055e-12,4.741249314262472e-12,4.747779911415054e-12,4.754310508432053e-12,4.760841105313463e-12,4.7673717020592935e-12,4.773902298669536e-12,4.780432895144195e-12,4.7869634914832705e-12,4.79349408768676e-12,4.800024683754667e-12,4.806555279686986e-12,4.813085875483724e-12,4.819616471144874e-12,4.826147066670442e-12,4.832677662060425e-12,4.839208257314822e-12,4.845738852433636e-12,4.852269447416868e-12,4.858800042264511e-12,4.865330636976573e-12,4.8718612315530485e-12,4.878391825993942e-12,4.884922420299248e-12,4.891453014468971e-12,4.89798360850311e-12,4.904514202401663e-12,4.9110447961646345e-12,4.917575389792018e-12,4.9241059832838174e-12,4.930636576640034e-12,4.937167169860666e-12,4.9436977629457126e-12,4.950228355895177e-12,4.956758948709054e-12,4.963289541387347e-12,4.969820133930057e-12,4.976350726337182e-12,4.982881318608721e-12,4.98941191074468e-12,4.9959425027450514e-12,5.002473094609837e-12,5.009003686339039e-12,5.015534277932657e-12,5.022064869390691e-12,5.028595460713142e-12,5.035126051900006e-12,5.041656642951288e-12,5.048187233866986e-12,5.054717824647097e-12,5.061248415291625e-12,5.067779005800569e-12,5.0743095961739276e-12,5.080840186411703e-12,5.0873707765138944e-12,5.0939013664805e-12,5.100431956311522e-12,5.106962546006961e-12,5.113493135566813e-12,5.120023724991083e-12,5.126554314279768e-12,5.1330849034328696e-12,5.139615492450386e-12,5.146146081332316e-12,5.152676670078665e-12,5.15920725868943e-12,5.16573784716461e-12,5.172268435504204e-12,5.178799023708217e-12,5.185329611776642e-12,5.191860199709486e-12,5.198390787506744e-12,5.204921375168419e-12,5.211451962694508e-12,5.217982550085013e-12,5.224513137339932e-12,5.23104372445927e-12,5.237574311443021e-12,5.244104898291191e-12,5.250635485003775e-12,5.257166071580775e-12,5.263696658022191e-12,5.270227244328023e-12,5.276757830498269e-12,5.283288416532932e-12,5.2898190024320136e-12,5.296349588195508e-12,5.302880173823418e-12,5.309410759315746e-12,5.315941344672489e-12,5.3224719298936485e-12,5.3290025149792225e-12,5.335533099929213e-12,5.34206368474362e-12,5.348594269422443e-12,5.355124853965682e-12,5.361655438373337e-12,5.368186022645407e-12,5.3747166067818935e-12,5.381247190782795e-12,5.387777774648112e-12,5.394308358377848e-12,5.400838941971996e-12,5.407369525430561e-12,5.413900108753544e-12,5.4204306919409414e-12,5.4269612749927546e-12,5.433491857908985e-12,5.440022440689632e-12,5.446553023334691e-12,5.453083605844171e-12,5.459614188218063e-12,5.466144770456372e-12,5.472675352559098e-12,5.479205934526237e-12,5.485736516357795e-12,5.492267098053771e-12,5.498797679614157e-12,5.5053282610389645e-12,5.511858842328185e-12,5.518389423481823e-12,5.524920004499876e-12,5.531450585382347e-12,5.5379811661292316e-12,5.544511746740534e-12,5.5510423272162506e-12,5.557572907556384e-12,5.564103487760933e-12,5.5706340678299e-12,5.577164647763281e-12,5.583695227561078e-12,5.590225807223291e-12,5.596756386749921e-12,5.603286966140968e-12,5.609817545396428e-12,5.616348124516306e-12,5.622878703500601e-12,5.629409282349308e-12,5.635939861062435e-12,5.642470439639979e-12,5.649001018081937e-12,5.65553159638831e-12,5.662062174559102e-12,5.668592752594307e-12,5.675123330493929e-12,5.681653908257968e-12,5.688184485886422e-12,5.6947150633792915e-12,5.701245640736582e-12,5.707776217958285e-12,5.714306795044403e-12,5.720837371994939e-12,5.727367948809891e-12,5.733898525489259e-12,5.740429102033041e-12,5.7469596784412416e-12,5.753490254713859e-12,5.76002083085089e-12,5.7665514068523395e-12,5.773081982718203e-12,5.7796125584484844e-12,5.7861431340431795e-12,5.792673709502294e-12,5.799204284825825e-12,5.805734860013767e-12,5.812265435066132e-12,5.81879600998291e-12,5.8253265847641e-12,5.831857159409712e-12,5.838387733919738e-12,5.8449183082941795e-12,5.851448882533036e-12,5.8579794566363115e-12,5.864510030604004e-12,5.87104060443611e-12,5.877571178132635e-12,5.8841017516935765e-12,5.890632325118929e-12,5.897162898408704e-12,5.903693471562893e-12,5.910224044581496e-12,5.916754617464517e-12,5.9232851902119536e-12,5.929815762823807e-12,5.936346335300078e-12,5.9428769076407635e-12,5.949407479845866e-12,5.955938051915387e-12,5.96246862384932e-12,5.968999195647671e-12,5.97552976731044e-12,5.982060338837621e-12,5.9885909102292226e-12,5.995121481485239e-12,6.001652052605671e-12,6.008182623590524e-12,6.014713194439788e-12,6.02124376515347e-12,6.0277743357315686e-12,6.034304906174085e-12,6.0408354764810145e-12,6.047366046652363e-12,6.0538966166881265e-12,6.060427186588308e-12,6.066957756352904e-12,6.0734883259819155e-12,6.080018895475346e-12,6.086549464833194e-12,6.093080034055453e-12,6.099610603142133e-12,6.1061411720932275e-12,6.112671740908738e-12,6.119202309588665e-12,6.125732878133013e-12,6.132263446541773e-12,6.138794014814948e-12,6.1453245829525444e-12,6.151855150954552e-12,6.158385718820978e-12,6.16491628655182e-12,6.17144685414708e-12,6.177977421606753e-12,6.1845079889308455e-12,6.191038556119355e-12,6.197569123172278e-12,6.204099690089619e-12,6.2106302568713755e-12,6.217160823517548e-12,6.223691390028138e-12,6.230221956403144e-12,6.2367525226425654e-12,6.2432830887464075e-12,6.249813654714661e-12,6.256344220547335e-12,6.262874786244424e-12,6.269405351805928e-12,6.27593591723185e-12,6.28246648252219e-12,6.288997047676944e-12,6.295527612696115e-12,6.3020581775797026e-12,6.308588742327709e-12,6.31511930694013e-12,6.3216498714169676e-12,6.3281804357582234e-12,6.3347109999638936e-12,6.341241564033977e-12,6.347772127968483e-12,6.354302691767404e-12,6.360833255430743e-12,6.367363818958497e-12,6.373894382350666e-12,6.380424945607254e-12,6.3869555087282575e-12,6.393486071713678e-12,6.4000166345635126e-12,6.406547197277766e-12,6.413077759856435e-12,6.419608322299522e-12,6.426138884607024e-12,6.432669446778943e-12,6.439200008815281e-12,6.445730570716033e-12,6.452261132481204e-12,6.458791694110791e-12,6.4653222556047955e-12,6.471852816963214e-12,6.47838337818605e-12,6.484913939273305e-12,6.4914445002249756e-12,6.497975061041063e-12,6.504505621721566e-12,6.511036182266488e-12,6.517566742675824e-12,6.524097302949575e-12,6.530627863087746e-12,6.530627863087746e-12,6.530627863087746e-12,6.530627863087746e-12
9,3.764598569772072e-44,1.0867947723526545e-43,2.163578762186736e-43,3.650766645009884e-43,5.59133279539343e-43,8.028244939109967e-43,1.1005213369592705e-42,1.4566921187433e-42,1.8759000901169896e-42,2.362791053537506e-42,2.922078348992489e-42,3.558528543604181e-42,4.276949108969103e-42,5.082178385409391e-42,5.979077690553732e-42,6.972525261850852e-42,8.067411687920231e-42,9.268636508799178e-42,1.058110571275136e-41,1.2009729909031195e-41,1.3559423003581228e-41,1.5235101245020052e-41,1.7041682540931563e-41,1.8984085970066974e-41,2.1067231435688161e-41,2.3296039420069663e-41,2.567543081117722e-41,2.8210326780642356e-41,3.090564869809833e-41,3.376631807100802e-41,3.6797256502855605e-41,4.0003385663737095e-41,4.338962726996413e-41,4.696090306985272e-41,5.072213483388006e-41,5.467824434784047e-41,5.883415340806269e-41,6.319478381820104e-41,6.776505738692158e-41,7.254989592634933e-41,7.755422125097294e-41,8.278295517696231e-41,8.824101952157036e-41,9.393333610282971e-41,9.98648267393047e-41,1.0604041324992233e-40,1.1246501745385843e-40,1.191435611704567e-40,1.2608096621917426e-40,1.332821544195694e-40,1.4075204759122963e-40,1.4849556755378834e-40,1.5651763612690463e-40,1.6482317513025528e-40,1.7341710638352802e-40,1.8230435170641949e-40,1.9148983291863183e-40,2.0097847183986954e-40,2.107751902898428e-40,2.2088491008826058e-40,2.313125530548344e-40,2.4206304100927583e-40,2.5314129577132103e-40,2.645522391606359e-40,2.7630079299695464e-40,2.8839187909999594e-40,3.0083041928946987e-40,3.1362133538509313e-40,3.267695492065764e-40,3.4027998257363076e-40,3.541575573059724e-40,3.684071952233153e-40,3.830338181453729e-40,3.98042347891859e-40,4.134377062824261e-40,4.292248151369099e-40,4.454085962749633e-40,4.6199397151630035e-40,4.789858626806259e-40,4.9638919158767006e-40,5.142088800571953e-40,5.324498499087998e-40,5.51117022962258e-40,5.702153210372813e-40,5.897496659536451e-40,6.097249795309399e-40,6.301461835889388e-40,6.510181999473603e-40,6.723459504259076e-40,6.9413435684431024e-40,7.1638834102227335e-40,7.391128247795116e-40,7.623127299357384e-40,7.859929783106675e-40,8.10158491724024e-40,8.34814191995498e-40,8.599650009448154e-40,8.8561584039169e-40,9.117716321558354e-40,9.384372980569652e-40,9.656177599147935e-40,9.933179395490332e-40,1.0215427587794337e-39,1.0502971394256375e-39,1.0795860033073935e-39,1.1094142722444122e-39,1.1397868680564157e-39,1.1707087125631145e-39,1.2021847275842189e-39,1.2342198349394454e-39,1.2668189564485583e-39,1.2999870139311688e-39,1.3337289292070405e-39,1.3680496240958884e-39,1.4029540204174255e-39,1.438447039991367e-39,1.474533604637425e-39,1.5112186361753145e-39,1.548507056424749e-39,1.5864037872054425e-39,1.624913750337107e-39,1.6640418676394567e-39,1.7037930609322022e-39,1.7441722520350644e-39,1.785184362767753e-39,1.8268343149499822e-39,1.869127030401465e-39,1.912067430941933e-39,1.9556604383910653e-39,1.9999109745685918e-39,2.044823961294228e-39,2.0904043203876882e-39,2.136656973668678e-39,2.1835868429569204e-39,2.2311988500721286e-39,2.279497916834014e-39,2.32848896506229e-39,2.3781769165765922e-39,2.428566693196791e-39,2.479663216742523e-39,2.5314714090335e-39,2.5839961918894162e-39,2.6372424871300253e-39,2.6912152165750203e-39,2.745919302044113e-39,2.801359665357024e-39,2.857541228333462e-39,2.914468912793149e-39,2.972147640555786e-39,3.030582333441092e-39,3.089777913268778e-39,3.149739301858559e-39,3.210471421030156e-39,3.2719791926032735e-39,3.334267538397626e-39,3.3973413802329317e-39,3.46120563992889e-39,3.5258652393052887e-39,3.5913251001817353e-39,3.657590144377985e-39,3.724665293713748e-39,3.7925554700087515e-39,3.8612655950826983e-39,3.930800590755331e-39,4.001165378846312e-39,4.072364881175381e-39,4.1444040195622506e-39,4.217287715826637e-39,4.291020891788253e-39,4.3656084692668536e-39,4.441055370082117e-39,4.517366516053726e-39,4.594546829001367e-39,4.672601230744834e-39,4.7515346431038136e-39,4.831351987898017e-39,4.912058186947146e-39,4.993658162070941e-39,5.076156835089097e-39,5.159559127821333e-39,5.243869962087432e-39,5.3290942597069677e-39,5.4152369424997274e-39,5.5023029322854213e-39,5.590297150883765e-39,5.679224520114471e-39,5.76908996179725e-39,5.8598983977518194e-39,5.951654749797891e-39,6.044363939755179e-39,6.1380308894434e-39,6.232660520682261e-39,6.328257755291481e-39,6.424827515090775e-39,6.522374721899849e-39,6.620904297538426e-39,6.720421163826213e-39,6.820930242582926e-39,6.92243645562828e-39,7.024944724781983e-39,7.128459971863759e-39,7.232987118693314e-39,7.338531087090364e-39,7.445096798874624e-39,7.552689175865807e-39,7.661313139883622e-39,7.770973612747788e-39,7.881675516278008e-39,7.993423772293977e-39,8.106223302615476e-39,8.220079029062179e-39,8.334995873453795e-39,8.450978757610045e-39,8.568032603350643e-39,8.6861623324953e-39,8.805372866863727e-39,8.925669128275678e-39,9.04705603855079e-39,9.169538519508817e-39,9.293121492969475e-39,9.417809880752471e-39,9.543608604677518e-39,9.670522586564336e-39,9.798556748232628e-39,9.927716011502124e-39,1.005800529819253e-38,1.0189429530123566e-38,1.0321993629114904e-38,1.0455702516986372e-38,1.0590561115557553e-38,1.072657434664821e-38,1.0863747132078136e-38,1.1002084393666914e-38,1.114159105323429e-38,1.1282272032600002e-38,1.1424132253583756e-38,1.1567176638005273e-38,1.1711410107684259e-38,1.1856837584440438e-38,1.2003463990093522e-38,1.2151294246463212e-38,1.2300333275369234e-38,1.24505859986313e-38,1.2602057338069118e-38,1.275475221550241e-38,1.2908675552750885e-38,1.3063832271634258e-38,1.3220227293972246e-38,1.3377865541584553e-38,1.3536751936290895e-38,1.3696891399910996e-38,1.3858288854264564e-38,1.40209492211713e-38,1.4184877422450934e-38,1.435007837992317e-38,1.4516557015407726e-38,1.468431825072431e-38,1.4853367007692634e-38,1.5023708208132436e-38,1.5195346773863411e-38,1.5368287626705272e-38,1.554253568847774e-38,1.5718095881000525e-38,1.5894973126093347e-38,1.6073172345575906e-38,1.625269846126792e-38,1.6433556394989106e-38,1.6615751068559178e-38,1.6799287403797847e-38,1.6984170322524825e-38,1.717040474655983e-38,1.7357995597722575e-38,1.7546947797832772e-38,1.773726626871014e-38,1.792895593217438e-38,1.8122021710045224e-38,1.831646852414237e-38,1.8512301296285537e-38,1.8709524948294442e-38,1.8908144401988796e-38,1.9108164579188312e-38,1.9309590401712702e-38,1.9512426791381685e-38,1.9716678670014964e-38,1.9922350959432275e-38,2.0129448581453356e-38,2.033797645789786e-38,2.0547939510585489e-38,2.0759342661336e-38,2.0972190831969094e-38,2.1186488944304477e-38,2.1402241920161877e-38,2.161945468136101e-38,2.1838132149721582e-38,2.2058279247063305e-38,2.2279900895205898e-38,2.2503002015969073e-38,2.272758753117255e-38,2.2953662362636033e-38,2.3181231432179243e-38,2.3410299661621884e-38,2.364087197278364e-38,2.3872953287484295e-38,2.410654852754353e-38,2.434166261478105e-38,2.4578300471016577e-38,2.481646701806982e-38,2.5056167177760494e-38,2.529740587190832e-38,2.554018802233301e-38,2.5784518550854265e-38,2.603040237929182e-38,2.627784442946535e-38,2.652684962319462e-38,2.6777422882299306e-38,2.7029569128599135e-38,2.7283293283913837e-38,2.753860027006309e-38,2.779549500886662e-38,2.805398242214418e-38,2.831406743171543e-38,2.8575754959400093e-38,2.88390499270179e-38,2.9103957256388554e-38,2.9370481869331777e-38,2.963862868766728e-38,2.9908402633214815e-38,3.017980862779401e-38,3.0452851593224635e-38,3.072753645132638e-38,3.100386812391898e-38,3.1281851532822153e-38,3.15614915998556e-38,3.184279324683902e-38,3.212576139559216e-38,3.241040096793471e-38,3.269671688568637e-38,3.298471407066688e-38,3.327439744469594e-38,3.3565771929593257e-38,3.3858842447178587e-38,3.4153613919271667e-38,3.4450091267692095e-38,3.4748279414259654e-38,3.504818328079405e-38,3.534980778911501e-38,3.565315786104222e-38,3.595823841839541e-38,3.6265054382994293e-38,3.657361067665858e-38,3.688391222120801e-38,3.7195963938462384e-38,3.750977075024118e-38,3.7825337578364083e-38,3.814266934465111e-38,3.8461770970921845e-38,3.8782647378996004e-38,3.910530349069325e-38,3.942974422783333e-38,3.975597451223595e-38,4.008399926572083e-38,4.0413823410107684e-38,4.0745451867216224e-38,4.1078889558866203e-38,4.141414140687726e-38,4.175121233306913e-38,4.2090107259261534e-38,4.2430831107274197e-38,4.2773388798926827e-38,4.311778525603915e-38,4.3464025400430866e-38,4.381211415392169e-38,4.416205643833133e-38,4.4513857175479516e-38,4.4867521287185815e-38,4.5223053695270206e-38,4.558045932155227e-38,4.5939743087851727e-38,4.630090991598829e-38,4.666396472778167e-38,4.702891244505158e-38,4.739575798961774e-38,4.776450628329985e-38,4.813516224791777e-38,4.850773080529096e-38,4.888221687723923e-38,4.925862538558232e-38,4.963696125213994e-38,5.001722939873179e-38,5.03994347471776e-38,5.078358221929708e-38,5.116967673690995e-38,5.15577232218359e-38,5.194772659589466e-38,5.233969178090597e-38,5.273362369868949e-38,5.312952727106499e-38,5.352740741985213e-38,5.392726906687065e-38,5.432911713394025e-38,5.473295654288067e-38,5.513879221551162e-38,5.554662907365303e-38,5.595647203912415e-38,5.636832603374493e-38,5.678219597933508e-38,5.719808679771426e-38,5.761600341070231e-38,5.803595074011888e-38,5.845793370778366e-38,5.888195723551638e-38,5.930802624513692e-38,5.973614565846466e-38,6.016632039731951e-38,6.059855538352108e-38,6.103285553888923e-38,6.146922578524361e-38,6.190767104440392e-38,6.234819623818989e-38,6.279080628842123e-38,6.323550611691765e-38,6.368230064549887e-38,6.413119479598442e-38,6.458219349019434e-38,6.503530164994821e-38,6.549052419706571e-38,6.594786605336659e-38,6.640733214067052e-38,6.686892738079726e-38,6.733265669556636e-38,6.779852500679782e-38,6.826653723631119e-38,6.873669830592623e-38,6.92090131374626e-38,6.968348665274005e-38,7.016012377357836e-38,7.063892942179712e-38,7.111990851921606e-38,7.160306598765496e-38,7.208840674893352e-38,7.257593572487138e-38,7.306565783728831e-38,7.355757800800403e-38,7.405170115883826e-38,7.454803221161066e-38,7.504657608814098e-38,7.554733771024889e-38,7.605032199975423e-38,7.655553387847661e-38,7.706297826823579e-38,7.757266009085147e-38,7.808458426814334e-38,7.859875572193111e-38,7.911517937403452e-38,7.96338601462733e-38,8.015480296046708e-38,8.067801273843557e-38,8.120349440199862e-38,8.173125287297585e-38,8.226129307318708e-38,8.279361992445189e-38,8.332823834859004e-38,8.386515326742127e-38,8.440436960276525e-38,8.494589227644167e-38,8.548972621027033e-38,8.60358763260709e-38,8.658434754566306e-38,8.713514479086658e-38,8.76882729835012e-38,8.824373704538653e-38,8.880154189834233e-38,8.936169246418833e-38,8.992419366474423e-38,9.048905042182978e-38,9.105626765726465e-38,9.162585029286872e-38,9.219780325046138e-38,9.277213145186252e-38,9.334883981889186e-38,9.392793327336907e-38,9.450941673711391e-38,9.509329513194607e-38,9.56795733796853e-38,9.626825640215127e-38,9.68593491211637e-38,9.74528564585423e-38,9.80487833361068e-38,9.864713467567702e-38,9.924791539907253e-38,9.9851130428113e-38,1.0045678468461824e-37,1.0106488309040795e-37,1.0167543056730185e-37,1.0228843203711947e-37,1.0290389242168086e-37,1.0352181664280525e-37,1.04142209622313e-37,1.0476507628202346e-37,1.0539042154375645e-37,1.0601825032933158e-37,1.0664856756056843e-37,1.0728137815928705e-37,1.0791668704730696e-37,1.0855449914644792e-37,1.0919481937852963e-37,1.0983765266537188e-37,1.1048300392879418e-37,1.1113087809061643e-37,1.117812800726583e-37,1.1243421479673942e-37,1.1308968718467945e-37,1.1374770215829836e-37,1.1440826463941569e-37,1.150713795498512e-37,1.1573705181142458e-37,1.1640528634595555e-37,1.1707608807526382e-37,1.1774946192116913e-37,1.1842541280549114e-37,1.1910394565004965e-37,1.1978506537666432e-37,1.2046877690715485e-37,1.2115508516334097e-37,1.2184399506704238e-37,1.225355115400789e-37,1.2322963950427007e-37,1.2392638388143567e-37,1.2462574959339545e-37,1.2532774156196912e-37,1.2603236470897634e-37,1.2673962395623686e-37,1.274495242255704e-37,1.2816207043879664e-37,1.2887726751773536e-37,1.2959512038420623e-37,1.3031563396002898e-37,1.3103881316702328e-37,1.3176466292700886e-37,1.3249318816180545e-37,1.3322439379323278e-37,1.3395828474311056e-37,1.3469486593325843e-37,1.3543414228549619e-37,1.361761187216435e-37,1.3692080016352028e-37,1.376681915329459e-37,1.384182977517403e-37,1.391711237417231e-37,1.3992667442471407e-37,1.4068495472253289e-37,1.4144596955699924e-37,1.4220972384993292e-37,1.4297622252315358e-37,1.4374547049848095e-37,1.4451747269773473e-37,1.452922340427347e-37,1.4606975945530054e-37,1.4685005385725191e-37,1.4763312217040857e-37,1.4841896931659016e-37,1.4920760021761654e-37,1.499990197953074e-37,1.5079323297148238e-37,1.5159024466796113e-37,1.5239005980656368e-37,1.5319268330910917e-37,1.5399812009741778e-37,1.5480637509330911e-37,1.5561745321860286e-37,1.564313593951187e-37,1.5724809854467644e-37,1.5806767558909569e-37,1.5889009545019625e-37,1.5971536304979786e-37,1.6054348330972022e-37,1.6137446115178295e-37,1.622083014978057e-37,1.6304500926960834e-37,1.6388458938901045e-37,1.6472704677783186e-37,1.6557238635789234e-37,1.664206130510115e-37,1.6727173177900901e-37,1.6812574746370476e-37,1.6898266502691825e-37,1.6984248939046931e-37,1.7070522547617763e-37,1.7157087820586294e-37,1.7243945250134496e-37,1.7331095328444334e-37,1.7418538547697788e-37,1.7506275400076821e-37,1.7594306377763412e-37,1.768263197293953e-37,1.7771252677787147e-37,1.786016898448823e-37,1.7949381385224757e-37,1.8038890372178734e-37,1.8128696437532045e-37,1.8218800073466714e-37,1.8309201772164703e-37,1.8399902025808003e-37,1.8490901326578576e-37,1.8582200166658376e-37,1.8673799038229383e-37,1.8765698433473585e-37,1.8857898844572942e-37,1.8950400763709416e-37,1.9043204683064986e-37,1.9136311094821625e-37,1.9229720491161306e-37,1.9323433364266e-37,1.941745020631767e-37,1.95117715094983e-37,1.960639776598985e-37,1.9701329467974277e-37,1.9796567107633596e-37,1.9892111177149748e-37,1.998796216870471e-37,2.008412057448046e-37,2.018058688665895e-37,2.027736159742218e-37,2.0374445198952103e-37,2.047183818343069e-37,2.0569541043039917e-37,2.0667554269961757e-37,2.0765878356378173e-37,2.0864513794471145e-37,2.096346107642264e-37,2.106272069441464e-37,2.1162293140629115e-37,2.1262178907248008e-37,2.1362378486453313e-37,2.146289237042699e-37,2.156372105135103e-37,2.166486502140738e-37,2.176632477277805e-37,2.186810079764497e-37,2.1970193588190137e-37,2.2072603636595506e-37,2.2175331435043056e-37,2.2278377475714766e-37,2.238174225079259e-37,2.248542625245851e-37,2.2589429972894496e-37,2.2693753904282517e-37,2.2798398538804555e-37,2.2903364368642563e-37,2.300865188597857e-37,2.3114261582994457e-37,2.3220193951872238e-37,2.3326449484793884e-37,2.343302867394137e-37,2.3539932011496665e-37,2.3647159989641723e-37,2.375471310055855e-37,2.386259183642909e-37,2.3970796689435336e-37,2.407932815175924e-37,2.418818671558278e-37,2.429737287308793e-37,2.440688711645664e-37,2.451672993787092e-37,2.4626901829512726e-37,2.4737403283564025e-37,2.4848234792206786e-37,2.4959396847622988e-37,2.5070889941994597e-37,2.5182714567503567e-37,2.5294871216331906e-37,2.540736038066156e-37,2.552018255267449e-37,2.56333382245527e-37,2.5746827888478153e-37,2.5860652036632805e-37,2.597481116119864e-37,2.6089305754357624e-37,2.620413630829173e-37,2.631930331518293e-37,2.6434807267213186e-37,2.655064865656448e-37,2.6666827975418785e-37,2.6783345715958067e-37,2.6900202370364297e-37,2.7017398430819447e-37,2.7134934389505487e-37,2.725281073860439e-37,2.7371027970298136e-37,2.7489586576768682e-37,2.7608487050198005e-37,2.7727729882768083e-37,2.7847315566660925e-37,2.796724459405839e-37,2.8087517457142535e-37,2.820813464809532e-37,2.832909665909871e-37,2.8450403982334676e-37,2.857205710998519e-37,2.8694056534232222e-37,2.8816402747257746e-37,2.8939096241243743e-37,2.906213750837216e-37,2.9185527040824983e-37,2.930926533078419e-37,2.9433352870431744e-37,2.9557790151949543e-37,2.9682577667519707e-37,2.9807715909324125e-37,2.9933205369544786e-37,3.0059046540363623e-37,3.0185239913962655e-37,3.031178598252384e-37,3.0438685238229146e-37,3.056593817326053e-37,3.06935452798e-37,3.0821507050029493e-37,3.0949823976130985e-37,3.1078496550286463e-37,3.120752526467788e-37,3.133691061148722e-37,3.1466653082896455e-37,3.159675317108754e-37,3.172721136824246e-37,3.185802816654319e-37,3.1989204058171688e-37,3.212073953530994e-37,3.2252635090139892e-37,3.238489121484358e-37,3.2517508401602893e-37,3.2650487142599845e-37,3.27838279300164e-37,3.291753125603452e-37,3.3051597612836195e-37,3.318602749260339e-37,3.332082138751808e-37,3.3455979789762225e-37,3.35915031915178e-37,3.372739208496679e-37,3.3863646962291142e-37,3.4000268315672834e-37,3.4137256637293856e-37,3.4274612419336162e-37,3.4412336153981727e-37,3.455042833341253e-37,3.468888944981053e-37,3.4827719995357704e-37,3.4966920462236026e-37,3.5106491342627456e-37,3.5246433128713992e-37,3.5386746312677586e-37,3.5527431386700203e-37,3.5668488842963818e-37,3.580991917365042e-37,3.595172287094196e-37,3.609390042702041e-37,3.623645233406774e-37,3.6379379084265897e-37,3.652268116979693e-37,3.6666359082842773e-37,3.6810413315585384e-37,3.6954844360206746e-37,3.7099652708888815e-37,3.7244838853813567e-37,3.739040328716298e-37,3.7536346501119027e-37,3.768266898786367e-37,3.782937123957889e-37,3.797645374844665e-37,3.812391700664893e-37,3.82717615063677e-37,3.841998773978492e-37,3.856859619908258e-37,3.871758737644264e-37,3.886696176404707e-37,3.9016719854077845e-37,3.916686213871694e-37,3.931738911014629e-37,3.946830126054792e-37,3.961959908210379e-37,3.977128306699586e-37,3.99233537074061e-37,4.0075811495516484e-37,4.022865692350897e-37,4.0381890483565556e-37,4.053551266786819e-37,4.068952396859887e-37,4.084392487793953e-37,4.099871588807218e-37,4.115389749117875e-37,4.1309470179441246e-37,4.146543444504167e-37,4.162179078016192e-37,4.177853967698399e-37,4.193568162768987e-37,4.209321712446151e-37,4.22511466594809e-37,4.240947072493e-37,4.256818981299079e-37,4.272730441584523e-37,4.28868150256753e-37,4.304672213466296e-37,4.3207026234990206e-37,4.336772781883899e-37,4.3528827378391285e-37,4.369032540582906e-37,4.3852222393334295e-37,4.4014518833088955e-37,4.417721521727502e-37,4.434031203807446e-37,4.450380978766923e-37,4.466770895824131e-37,4.483201004197268e-37,4.499671353104531e-37,4.516181991764117e-37,4.5327329693942225e-37,4.5493243352130445e-37,4.565956138438785e-37,4.58262842828963e-37,4.599341253983787e-37,4.61609466473945e-37,4.632888709774814e-37,4.649723438308079e-37,4.66659889955744e-37,4.683515142741096e-37,4.700472217077243e-37,4.7174701717840784e-37,4.734509056079801e-37,4.751588919182606e-37,4.76870981031069e-37,4.78587177868225e-37,4.803074873515484e-37,4.820319144028591e-37,4.837604639439758e-37,4.854931408967194e-37,4.8722995018290955e-37,4.8897089672436545e-37,4.907159854429073e-37,4.9246522126035464e-37,4.942186090985269e-37,4.959761538792441e-37,4.977378605243259e-37,4.995037339555919e-37,5.0127377909486194e-37,5.0304800086395555e-37,5.048264041846927e-37,5.066089939788934e-37,5.083957751683764e-37,5.101867526749619e-37,5.119819314204698e-37,5.1378131632672e-37,5.155849123155315e-37,5.173927243087243e-37,5.1920475722811835e-37,5.210210159955331e-37,5.228415055327883e-37,5.24666230761704e-37,5.264951966040994e-37,5.283284079817956e-37,5.301658698166102e-37,5.3200758703036385e-37,5.338535645448763e-37,5.357038072819673e-37,5.375583201634565e-37,5.394171081111644e-37,5.412801760469093e-37,5.431475288925116e-37,5.45019171569791e-37,5.468951090005672e-37,5.4877534610665985e-37,5.506598878098889e-37,5.525487390320738e-37,5.544419046950343e-37,5.563393897205901e-37,5.582411990305612e-37,5.601473375467669e-37,5.620578101910273e-37,5.63972621885162e-37,5.658917775509905e-37,5.678152821103328e-37,5.697431404850084e-37,5.71675357596837e-37,5.736119383676385e-37,5.755528877192327e-37,5.774982105734389e-37,5.794479118520771e-37,5.814019964769671e-37,5.8336046936992774e-37,5.8532333545278006e-37,5.872905996473432e-37,5.892622668754368e-37,5.9123834205888076e-37,5.932188301194945e-37,5.95203735979098e-37,5.971930645595109e-37,5.991868207825526e-37,6.011850095700434e-37,6.031876358438027e-37,6.0519470452565e-37,6.072062205374056e-37,6.092221888008886e-37,6.11242614237919e-37,6.132675017703166e-37,6.152968563199016e-37,6.173306828084923e-37,6.193689861579093e-37,6.214117712899723e-37,6.2345904312650095e-37,6.25510806589314e-37,6.27567066600233e-37,6.29627828081077e-37,6.316930959536652e-37,6.337628751398179e-37,6.3583717056135425e-37,6.379159871400945e-37,6.39999329797858e-37,6.4208720345646445e-37,6.441796130377337e-37,6.462765634634854e-37,6.4837805965553945e-37,6.5048410653571545e-37,6.52594709025833e-37,6.547098720477119e-37,6.5682960052317186e-37,6.589538993740328e-37,6.61082773522114e-37,6.632162278892355e-37,6.65354267397217e-37,6.674968969678779e-37,6.696441215230382e-37,6.7179594598451774e-37,6.739523752741361e-37,6.761134143137128e-37,6.782790680250677e-37,6.804493413300205e-37,6.82624239150391e-37,6.848037664079988e-37,6.869879280246638e-37,6.891767289222053e-37,6.913701740224435e-37,6.935682682471976e-37,6.957710165182877e-37,6.979784237575336e-37,7.001904948867548e-37,7.024072348277708e-37,7.046286485024017e-37,7.068547408324673e-37,7.09085516739787e-37,7.1132098114618044e-37,7.135611389734677e-37,7.158059951434683e-37,7.180555545780019e-37,7.203098221988883e-37,7.22568802927947e-37,7.248325016869982e-37,7.271009233978612e-37,7.293740729823557e-37,7.316519553623018e-37,7.339345754595184e-37,7.362219381958263e-37,7.385140484930444e-37,7.408109112729931e-37,7.431125314574913e-37,7.45418913968359e-37,7.477300637274163e-37,7.5004598565648255e-37,7.523666846773774e-37,7.546921657119208e-37,7.570224336819324e-37,7.59357493509232e-37,7.616973501156392e-37,7.640420084229737e-37,7.663914733530551e-37,7.687457498277032e-37,7.71104842768738e-37,7.734687570979788e-37,7.758374977372456e-37,7.78211069608358e-37,7.805894776331357e-37,7.829727267333985e-37,7.85360821830966e-37,7.877537678476579e-37,7.901515697052939e-37,7.925542323256941e-37,7.949617606306776e-37,7.973741595420645e-37,7.997914339816743e-37,8.022135888713272e-37,8.046406291328424e-37,8.070725596880397e-37,8.095093854587389e-37,8.119511113667598e-37,8.143977423339223e-37,8.168492832820451e-37,8.19305739132949e-37,8.217671148084535e-37,8.24233415230378e-37,8.267046453205424e-37,8.291808100007665e-37,8.316619141928693e-37,3.969805970127689e-15,7.939611779266602e-15,1.1909417522482958e-14,1.5879223199762498e-14,1.984902881110437e-14,2.38188343565087e-14,2.7788639835975556e-14,3.1758445249505014e-14,3.572825059709705e-14,3.969805587875163e-14,4.3667861094468616e-14,4.7637666244248246e-14,5.160747132809056e-14,5.5577276345995346e-14,5.954708129796288e-14,6.351688618399331e-14,6.748669100408645e-14,7.145649575824237e-14,7.542630044646106e-14,7.939610506874253e-14,8.3365909625087e-14,8.733571411549423e-14,9.13055185399645e-14,9.527532289849772e-14,9.9245127191094e-14,1.0321493141775338e-13,1.0718473557847574e-13,1.111545396732612e-13,1.1512434370210996e-13,1.19094147665022e-13,1.230639515619971e-13,1.270337553930356e-13,1.3100355915813727e-13,1.349733628573023e-13,1.389431664905307e-13,1.429129700578224e-13,1.4688277355917755e-13,1.508525769945962e-13,1.5482238036407826e-13,1.5879218366762378e-13,1.6276198690523272e-13,1.6673179007690529e-13,1.7070159318264142e-13,1.7467139622244123e-13,1.7864119919630464e-13,1.8261100210423178e-13,1.8658080494622258e-13,1.905506077222773e-13,1.9452041043239577e-13,1.984902130765781e-13,2.0246001565482443e-13,2.0642981816713451e-13,2.1039962061350847e-13,2.1436942299394633e-13,2.1833922530844809e-13,2.2230902755701385e-13,2.2627882973964366e-13,2.3024863185633785e-13,2.3421843390709597e-13,2.3818823589191824e-13,2.421580378108047e-13,2.4612783966375544e-13,2.5009764145077037e-13,2.540674431718496e-13,2.58037244826993e-13,2.6200704641620074e-13,2.65976847939473e-13,2.6994664939680965e-13,2.7391645078821066e-13,2.7788625211367613e-13,2.8185605337320615e-13,2.858258545668007e-13,2.8979565569445997e-13,2.937654567561837e-13,2.9773525775197207e-13,3.0170505868182483e-13,3.0567485954574244e-13,3.09644660343725e-13,3.1361446107577206e-13,3.1758426174188405e-13,3.21554062342061e-13,3.2552386287630273e-13,3.294936633446092e-13,3.334634637469806e-13,3.374332640834172e-13,3.414030643539184e-13,3.453728645584848e-13,3.493426646971161e-13,3.53312464769813e-13,3.5728226477657473e-13,3.612520647174017e-13,3.6522186459229383e-13,3.6919166440125113e-13,3.7316146414427343e-13,3.7713126382136125e-13,3.811010634325142e-13,3.8507086297773243e-13,3.890406624570161e-13,3.930104618703654e-13,3.969802612177799e-13,4.0095006049925983e-13,4.0491985971480556e-13,4.0888965886441675e-13,4.1285945794809336e-13,4.1682925696583554e-13,4.2079905591764343e-13,4.2476885480351704e-13,4.2873865362345617e-13,4.327084523774612e-13,4.366782510655321e-13,4.406480496876685e-13,4.4461784824387097e-13,4.4858764673413924e-13,4.525574451584733e-13,4.565272435168735e-13,4.604970418093396e-13,4.644668400358714e-13,4.684366381964693e-13,4.724064362911335e-13,4.763762343198637e-13,4.803460322826602e-13,4.843158301795227e-13,4.882856280104517e-13,4.922554257754464e-13,4.962252234745078e-13,5.001950211076356e-13,5.041648186748292e-13,5.081346161760895e-13,5.121044136114159e-13,5.160742109808088e-13,5.200440082842684e-13,5.240138055217944e-13,5.279836026933868e-13,5.319533997990458e-13,5.359231968387714e-13,5.398929938125637e-13,5.438627907204228e-13,5.478325875623481e-13,5.518023843383404e-13,5.557721810483995e-13,5.59741977692525e-13,5.637117742707172e-13,5.676815707829769e-13,5.716513672293032e-13,5.756211636096964e-13,5.795909599241564e-13,5.835607561726836e-13,5.875305523552778e-13,5.915003484719389e-13,5.954701445226667e-13,5.994399405074622e-13,6.034097364263241e-13,6.073795322792539e-13,6.113493280662504e-13,6.153191237873143e-13,6.192889194424455e-13,6.232587150316439e-13,6.272285105549098e-13,6.311983060122429e-13,6.351681014036434e-13,6.391378967291114e-13,6.431076919886467e-13,6.470774871822496e-13,6.510472823099199e-13,6.550170773716578e-13,6.58986872367463e-13,6.629566672973359e-13,6.669264621612767e-13,6.708962569592846e-13,6.748660516913608e-13,6.788358463575042e-13,6.828056409577155e-13,6.867754354919951e-13,6.907452299603422e-13,6.947150243627574e-13,6.986848186992404e-13,7.026546129697915e-13,7.066244071744104e-13,7.105942013130973e-13,7.145639953858522e-13,7.185337893926755e-13,7.225035833335669e-13,7.264733772085263e-13,7.304431710175542e-13,7.344129647606502e-13,7.383827584378143e-13,7.423525520490469e-13,7.463223455943474e-13,7.502921390737164e-13,7.54261932487154e-13,7.582317258346594e-13,7.62201519116234e-13,7.661713123318765e-13,7.701411054815875e-13,7.741108985653674e-13,7.780806915832159e-13,7.820504845351325e-13,7.86020277421118e-13,7.899900702411723e-13,7.939598629952948e-13,7.979296556834863e-13,8.018994483057468e-13,8.058692408620757e-13,8.098390333524735e-13,8.138088257769401e-13,8.177786181354759e-13,8.217484104280803e-13,8.257182026547538e-13,8.296879948154962e-13,8.336577869103075e-13,8.37627578939188e-13,8.415973709021376e-13,8.455671627991562e-13,8.495369546302439e-13,8.535067463954009e-13,8.574765380946277e-13,8.614463297279228e-13,8.654161212952877e-13,8.693859127967216e-13,8.733557042322253e-13,8.773254956017982e-13,8.812952869054404e-13,8.852650781431523e-13,8.892348693149335e-13,8.932046604207842e-13,8.971744514607044e-13,9.011442424346942e-13,9.051140333427536e-13,9.090838241848828e-13,9.130536149610811e-13,9.17023405671349e-13,9.209931963156876e-13,9.249629868940949e-13,9.289327774065725e-13,9.329025678531198e-13,9.368723582337368e-13,9.40842148548424e-13,9.44811938797181e-13,9.487817289800077e-13,9.527515190969043e-13,9.567213091478715e-13,9.606910991329086e-13,9.646608890520152e-13,9.686306789051924e-13,9.726004686924396e-13,9.76570258413757e-13,9.805400480691446e-13,9.845098376586023e-13,9.884796271821306e-13,9.924494166397287e-13,9.964192060313976e-13,1.0003889953571366e-12,1.0043587846169457e-12,1.0083285738108255e-12,1.012298362938776e-12,1.0162681520007966e-12,1.0202379409968878e-12,1.0242077299270499e-12,1.028177518791282e-12,1.0321473075895855e-12,1.0361170963219592e-12,1.0400868849884035e-12,1.0440566735889187e-12,1.0480264621235047e-12,1.0519962505921618e-12,1.0559660389948888e-12,1.059935827331687e-12,1.063905615602556e-12,1.067875403807496e-12,1.071845191946507e-12,1.075814980019589e-12,1.079784768026742e-12,1.0837545559679658e-12,1.0877243438432606e-12,1.0916941316526269e-12,1.0956639193960638e-12,1.0996337070735726e-12,1.103603494685152e-12,1.1075732822308031e-12,1.1115430697105256e-12,1.1155128571243192e-12,1.1194826444721841e-12,1.1234524317541206e-12,1.127422218970128e-12,1.1313920061202074e-12,1.1353617932043578e-12,1.1393315802225793e-12,1.1433013671748732e-12,1.1472711540612384e-12,1.1512409408816747e-12,1.1552107276361831e-12,1.1591805143247629e-12,1.1631503009474143e-12,1.1671200875041373e-12,1.1710898739949323e-12,1.1750596604197985e-12,1.1790294467787373e-12,1.182999233071747e-12,1.1869690192988293e-12,1.1909388054599834e-12,1.1949085915552093e-12,1.1988783775845072e-12,1.2028481635478775e-12,1.2068179494453196e-12,1.210787735276834e-12,1.2147575210424205e-12,1.2187273067420786e-12,1.2226970923758092e-12,1.2266668779436126e-12,1.2306366634454874e-12,1.2346064488814352e-12,1.2385762342514547e-12,1.2425460195555468e-12,1.2465158047937114e-12,1.250485589965948e-12,1.2544553750722572e-12,1.258425160112639e-12,1.262394945087093e-12,1.26636472999562e-12,1.2703345148382191e-12,1.2743042996148907e-12,1.2782740843256351e-12,1.2822438689704521e-12,1.2862136535493423e-12,1.2901834380623047e-12,1.2941532225093401e-12,1.2981230068904485e-12,1.3020927912056293e-12,1.3060625754548832e-12,1.3100323596382101e-12,1.3140021437556098e-12,1.3179719278070822e-12,1.3219417117926276e-12,1.3259114957122465e-12,1.3298812795659377e-12,1.3338510633537023e-12,1.3378208470755402e-12,1.341790630731451e-12,1.345760414321435e-12,1.3497301978454922e-12,1.3536999813036225e-12,1.3576697646958261e-12,1.361639548022103e-12,1.3656093312824534e-12,1.3695791144768772e-12,1.373548897605374e-12,1.3775186806679454e-12,1.381488463664589e-12,1.3854582465953065e-12,1.3894280294600976e-12,1.3933978122589623e-12,1.3973675949919004e-12,1.401337377658912e-12,1.4053071602599977e-12,1.4092769427951566e-12,1.4132467252643898e-12,1.417216507667697e-12,1.4211862900050773e-12,1.425156072276532e-12,1.4291258544820602e-12,1.4330956366216628e-12,1.4370654186953385e-12,1.4410352007030881e-12,1.4450049826449123e-12,1.4489747645208103e-12,1.4529445463307824e-12,1.4569143280748288e-12,1.4608841097529494e-12,1.4648538913651436e-12,1.4688236729114119e-12,1.472793454391755e-12,1.4767632358061721e-12,1.4807330171546637e-12,1.4847027984372288e-12,1.488672579653869e-12,1.4926423608045826e-12,1.4966121418893718e-12,1.500581922908235e-12,1.5045517038611733e-12,1.5085214847481853e-12,1.5124912655692721e-12,1.5164610463244334e-12,1.5204308270136693e-12,1.5244006076369797e-12,1.5283703881943645e-12,1.5323401686858244e-12,1.5363099491113593e-12,1.5402797294709694e-12,1.5442495097646528e-12,1.5482192899924117e-12,1.552189070154246e-12,1.556158850250155e-12,1.5601286302801386e-12,1.5640984102441971e-12,1.5680681901423309e-12,1.57203796997454e-12,1.5760077497408239e-12,1.579977529441182e-12,1.583947309075616e-12,1.5879170886441256e-12,1.5918868681467097e-12,1.595856647583369e-12,1.5998264269541035e-12,1.6037962062589137e-12,1.6077659854977987e-12,1.611735764670759e-12,1.6157055437777958e-12,1.619675322818907e-12,1.6236451017940942e-12,1.6276148807033566e-12,1.6315846595466945e-12,1.635554438324108e-12,1.6395242170355972e-12,1.6434939956811622e-12,1.6474637742608025e-12,1.651433552774518e-12,1.6554033312223103e-12,1.6593731096041778e-12,1.6633428879201206e-12,1.6673126661701392e-12,1.6712824443542348e-12,1.6752522224724053e-12,1.6792220005246516e-12,1.6831917785109742e-12,1.6871615564313728e-12,1.6911313342858472e-12,1.6951011120743982e-12,1.6990708897970245e-12,1.7030406674537278e-12,1.7070104450445064e-12,1.7109802225693612e-12,1.714950000028292e-12,1.7189197774212994e-12,1.7228895547483837e-12,1.7268593320095432e-12,1.7308291092047797e-12,1.734798886334092e-12,1.7387686633974808e-12,1.7427384403949466e-12,1.746708217326488e-12,1.750677994192106e-12,1.7546477709918001e-12,1.7586175477255716e-12,1.762587324393419e-12,1.7665571009953437e-12,1.7705268775313443e-12,1.7744966540014218e-12,1.7784664304055764e-12,1.7824362067438073e-12,1.786405983016116e-12,1.7903757592225007e-12,1.7943455353629625e-12,1.7983153114375015e-12,1.8022850874461171e-12,1.8062548633888093e-12,1.8102246392655788e-12,1.8141944150764252e-12,1.8181641908213483e-12,1.8221339665003487e-12,1.8261037421134264e-12,1.8300735176605804e-12,1.8340432931418132e-12,1.838013068557122e-12,1.8419828439065084e-12,1.8459526191899716e-12,1.849922394407512e-12,1.85389216955913e-12,1.8578619446448253e-12,1.8618317196645975e-12,1.8658014946184474e-12,1.869771269506374e-12,1.873741044328379e-12,1.8777108190844612e-12,1.88168059377462e-12,1.8856503683988575e-12,1.8896201429571725e-12,1.8935899174495646e-12,1.8975596918760347e-12,1.901529466236582e-12,1.905499240531208e-12,1.90946901475991e-12,1.9134387889226906e-12,1.91740856301955e-12,1.921378337050488e-12,1.9253481110155022e-12,1.9293178849145946e-12,1.933287658747765e-12,1.9372574325150133e-12,1.94122720621634e-12,1.9451969798517436e-12,1.9491667534212255e-12,1.953136526924787e-12,1.957106300362425e-12,1.961076073734141e-12,1.9650458470399366e-12,1.96901562027981e-12,1.972985393453761e-12,1.976955166561791e-12,1.980924939603899e-12,1.9848947125800858e-12,1.9888644854903512e-12,1.9928342583346938e-12,1.9968040311131168e-12,2.000773803825617e-12,2.0047435764721955e-12,2.0087133490528525e-12,2.012683121567589e-12,2.0166528940164028e-12,2.0206226663992965e-12,2.0245924387162683e-12,2.028562210967319e-12,2.032531983152449e-12,2.036501755271656e-12,2.0404715273249427e-12,2.0444412993123092e-12,2.0484110712337537e-12,2.052380843089277e-12,2.0563506148788795e-12,2.0603203866025612e-12,2.064290158260322e-12,2.0682599298521614e-12,2.0722297013780794e-12,2.076199472838078e-12,2.0801692442321548e-12,2.084139015560311e-12,2.088108786822546e-12,2.092078558018861e-12,2.096048329149255e-12,2.1000181002137275e-12,2.1039878712122808e-12,2.1079576421449133e-12,2.1119274130116245e-12,2.1158971838124154e-12,2.119866954547286e-12,2.123836725216236e-12,2.1278064958192648e-12,2.1317762663563745e-12,2.1357460368275625e-12,2.1397158072328314e-12,2.1436855775721783e-12,2.147655347845605e-12,2.1516251180531137e-12,2.1555948881947e-12,2.159564658270367e-12,2.1635344282801135e-12,2.16750419822394e-12,2.171473968101846e-12,2.175443737913833e-12,2.1794135076598984e-12,2.183383277340045e-12,2.187353046954271e-12,2.1913228165025763e-12,2.1952925859849633e-12,2.1992623554014294e-12,2.2032321247519764e-12,2.207201894036602e-12,2.2111716632553103e-12,2.215141432408097e-12,2.219111201494964e-12,2.223080970515912e-12,2.227050739470939e-12,2.231020508360047e-12,2.2349902771832363e-12,2.238960045940505e-12,2.2429298146318556e-12,2.246899583257286e-12,2.250869351816796e-12,2.254839120310386e-12,2.2588088887380583e-12,2.262778657099811e-12,2.2667484253956437e-12,2.270718193625558e-12,2.274687961789552e-12,2.278657729887627e-12,2.2826274979197843e-12,2.2865972658860206e-12,2.290567033786338e-12,2.2945368016207366e-12,2.2985065693892162e-12,2.302476337091777e-12,2.306446104728418e-12,2.3104158722991416e-12,2.3143856398039445e-12,2.318355407242828e-12,2.3223251746157943e-12,2.3262949419228416e-12,2.3302647091639694e-12,2.3342344763391788e-12,2.3382042434484693e-12,2.3421740104918407e-12,2.3461437774692938e-12,2.3501135443808292e-12,2.354083311226445e-12,2.358053078006142e-12,2.3620228447199217e-12,2.365992611367782e-12,2.3699623779497243e-12,2.373932144465747e-12,2.377901910915852e-12,2.3818716773000395e-12,2.3858414436183087e-12,2.3898112098706584e-12,2.3937809760570905e-12,2.397750742177604e-12,2.4017205082322e-12,2.405690274220876e-12,2.409660040143635e-12,2.4136298060004756e-12,2.417599571791398e-12,2.421569337516404e-12,2.42553910317549e-12,2.4295088687686586e-12,2.433478634295909e-12,2.4374483997572416e-12,2.441418165152656e-12,2.4453879304821528e-12,2.449357695745732e-12,2.4533274609433925e-12,2.4572972260751353e-12,2.4612669911409614e-12,2.465236756140869e-12,2.46920652107486e-12,2.4731762859429315e-12,2.477146050745087e-12,2.481115815481324e-12,2.4850855801516434e-12,2.4890553447560457e-12,2.493025109294531e-12,2.4969948737670972e-12,2.500964638173748e-12,2.504934402514479e-12,2.5089041667892937e-12,2.5128739309981918e-12,2.516843695141172e-12,2.5208134592182353e-12,2.5247832232293806e-12,2.52875298717461e-12,2.5327227510539207e-12,2.5366925148673154e-12,2.5406622786147933e-12,2.544632042296353e-12,2.548601805911996e-12,2.5525715694617217e-12,2.55654133294553e-12,2.560511096363423e-12,2.5644808597153983e-12,2.568450623001456e-12,2.5724203862215983e-12,2.5763901493758225e-12,2.5803599124641312e-12,2.584329675486522e-12,2.5882994384429967e-12,2.592269201333555e-12,2.5962389641581947e-12,2.60020872691692e-12,2.6041784896097276e-12,2.6081482522366198e-12,2.612118014797594e-12,2.616087777292652e-12,2.6200575397217944e-12,2.62402730208502e-12,2.6279970643823287e-12,2.6319668266137215e-12,2.6359365887791963e-12,2.639906350878757e-12,2.6438761129124013e-12,2.6478458748801294e-12,2.6518156367819404e-12,2.6557853986178354e-12,2.659755160387814e-12,2.6637249220918764e-12,2.667694683730024e-12,2.6716644453022536e-12,2.6756342068085676e-12,2.6796039682489673e-12,2.68357372962345e-12,2.687543490932017e-12,2.691513252174667e-12,2.695483013351403e-12,2.699452774462222e-12,2.7034225355071257e-12,2.707392296486114e-12,2.711362057399185e-12,2.715331818246342e-12,2.7193015790275832e-12,2.7232713397429074e-12,2.7272411003923173e-12,2.7312108609758108e-12,2.735180621493389e-12,2.7391503819450528e-12,2.7431201423307992e-12,2.7470899026506313e-12,2.7510596629045487e-12,2.7550294230925497e-12,2.7589991832146343e-12,2.7629689432708054e-12,2.7669387032610598e-12,2.7709084631853994e-12,2.7748782230438247e-12,2.778847982836335e-12,2.7828177425629297e-12,2.786787502223609e-12,2.790757261818374e-12,2.794727021347224e-12,2.798696780810159e-12,2.802666540207178e-12,2.8066362995382823e-12,2.8106060588034733e-12,2.8145758180027474e-12,2.818545577136108e-12,2.8225153362035532e-12,2.826485095205083e-12,2.830454854140699e-12,2.8344246130103997e-12,2.8383943718141854e-12,2.8423641305520577e-12,2.8463338892240155e-12,2.850303647830057e-12,2.8542734063701854e-12,2.8582431648443982e-12,2.8622129232526963e-12,2.8661826815950817e-12,2.8701524398715515e-12,2.8741221980821074e-12,2.8780919562267485e-12,2.8820617143054745e-12,2.8860314723182873e-12,2.890001230265187e-12,2.89397098814617e-12,2.8979407459612407e-12,2.9019105037103966e-12,2.905880261393638e-12,2.9098500190109666e-12,2.9138197765623803e-12,2.9177895340478804e-12,2.921759291467465e-12,2.925729048821138e-12,2.9296988061088957e-12,2.93366856333074e-12,2.937638320486671e-12,2.9416080775766867e-12,2.9455778346007885e-12,2.9495475915589776e-12,2.9535173484512523e-12,2.9574871052776148e-12,2.9614568620380616e-12,2.9654266187325966e-12,2.969396375361216e-12,2.973366131923923e-12,2.9773358884207162e-12,2.981305644851595e-12,2.9852754012165627e-12,2.9892451575156153e-12,2.9932149137487535e-12,2.99718466991598e-12,3.0011544260172925e-12,3.005124182052691e-12,3.009093938022178e-12,3.01306369392575e-12,3.017033449763409e-12,3.0210032055351558e-12,3.0249729612409886e-12,3.0289427168809086e-12,3.032912472454916e-12,3.0368822279630098e-12,3.0408519834051905e-12,3.044821738781458e-12,3.0487914940918124e-12,3.0527612493362537e-12,3.0567310045147827e-12,3.060700759627398e-12,3.0646705146741013e-12,3.0686402696548917e-12,3.072610024569769e-12,3.0765797794187343e-12,3.080549534201787e-12,3.0845192889189256e-12,3.0884890435701524e-12,3.092458798155467e-12,3.0964285526748686e-12,3.1003983071283576e-12,3.1043680615159343e-12,3.1083378158375983e-12,3.11230757009335e-12,3.1162773242831892e-12,3.120247078407117e-12,3.124216832465132e-12,3.128186586457234e-12,3.1321563403834246e-12,3.1361260942437027e-12,3.140095848038069e-12,3.1440656017665208e-12,3.1480353554290628e-12,3.1520051090256916e-12,3.1559748625564085e-12,3.1599446160212136e-12,3.1639143694201067e-12,3.167884122753088e-12,3.1718538760201567e-12,3.1758236292213125e-12,3.1797933823565575e-12,3.1837631354258906e-12,3.187732888429313e-12,3.1917026413668223e-12,3.19567239423842e-12,3.1996421470441055e-12,3.2036118997838807e-12,3.2075816524577427e-12,3.2115514050656932e-12,3.2155211576077334e-12,3.2194909100838613e-12,3.2234606624940773e-12,3.2274304148383834e-12,3.2314001671167763e-12,3.2353699193292586e-12,3.239339671475829e-12,3.2433094235564878e-12,3.2472791755712363e-12,3.251248927520073e-12,3.255218679402998e-12,3.2591884312200136e-12,3.2631581829711144e-12,3.267127934656307e-12,3.2710976862755877e-12,3.275067437828957e-12,3.2790371893164165e-12,3.2830069407379626e-12,3.2869766920935992e-12,3.290946443383324e-12,3.2949161946071375e-12,3.2988859457650404e-12,3.3028556968570342e-12,3.3068254478831165e-12,3.310795198843286e-12,3.314764949737547e-12,3.318734700565896e-12,3.3227044513283346e-12,3.3266742020248634e-12,3.33064395265548e-12,3.334613703220187e-12,3.3385834537189847e-12,3.342553204151869e-12,3.346522954518844e-12,3.350492704819909e-12,3.354462455055063e-12,3.3584322052243055e-12,3.362401955327639e-12,3.3663717053650616e-12,3.370341455336574e-12,3.3743112052421762e-12,3.3782809550818675e-12,3.382250704855649e-12,3.3862204545635206e-12,3.3901902042054806e-12,3.3941599537815314e-12,3.3981297032916724e-12,3.402099452735902e-12,3.4060692021142233e-12,3.4100389514266338e-12,3.414008700673135e-12,3.417978449853726e-12,3.4219481989684045e-12,3.425917948017175e-12,3.429887697000037e-12,3.433857445916987e-12,3.4378271947680282e-12,3.44179694355316e-12,3.4457666922723813e-12,3.4497364409256935e-12,3.4537061895130967e-12,3.457675938034589e-12,3.461645686490171e-12,3.4656154348798458e-12,3.46958518320361e-12,3.4735549314614635e-12,3.4775246796534093e-12,3.4814944277794445e-12,3.4854641758395705e-12,3.489433923833787e-12,3.493403671762095e-12,3.4973734196244925e-12,3.501343167420981e-12,3.5053129151515608e-12,3.5092826628162307e-12,3.5132524104149927e-12,3.5172221579478436e-12,3.5211919054147866e-12,3.5251616528158206e-12,3.529131400150945e-12,3.5331011474201612e-12,3.5370708946234675e-12,3.5410406417608635e-12,3.5450103888323524e-12,3.5489801358379318e-12,3.5529498827776017e-12,3.5569196296513625e-12,3.5608893764592167e-12,3.564859123201161e-12,3.5688288698771958e-12,3.5727986164873243e-12,3.576768363031543e-12,3.5807381095098504e-12,3.5847078559222512e-12,3.5886776022687446e-12,3.5926473485493277e-12,3.596617094764003e-12,3.600586840912769e-12,3.604556586995628e-12,3.608526333012578e-12,3.61249607896362e-12,3.6164658248487526e-12,3.6204355706679797e-12,3.6244053164212937e-12,3.628375062108702e-12,3.632344807730203e-12,3.6363145532857925e-12,3.640284298775478e-12,3.6442540441992545e-12,3.6482237895571216e-12,3.652193534849082e-12,3.6561632800751314e-12,3.660133025235275e-12,3.66410277032951e-12,3.66807251535784e-12,3.672042260320257e-12,3.67601200521677e-12,3.6799817500473735e-12,3.68395149481207e-12,3.687921239510858e-12,3.691890984143738e-12,3.695860728710712e-12,3.699830473211777e-12,3.703800217646933e-12,3.707769962016183e-12,3.711739706319525e-12,3.71570945055696e-12,3.719679194728486e-12,3.723648938834109e-12,3.72761868287382e-12,3.731588426847624e-12,3.735558170755523e-12,3.739527914597511e-12,3.743497658373594e-12,3.74746740208377e-12,3.751437145728038e-12,3.755406889306399e-12,3.759376632818852e-12,3.7633463762653986e-12,3.767316119646037e-12,3.77128586296077e-12,3.775255606209594e-12,3.7792253493925126e-12,3.783195092509524e-12,3.787164835560628e-12,3.791134578545826e-12,3.795104321465117e-12,3.799074064318501e-12,3.803043807105977e-12,3.807013549827545e-12,3.8109832924832085e-12,3.814953035072965e-12,3.818922777596815e-12,3.8228925200547576e-12,3.826862262446793e-12,3.830832004772923e-12,3.8348017470331455e-12,3.838771489227462e-12,3.842741231355872e-12,3.846710973418375e-12,3.850680715414972e-12,3.854650457345661e-12,3.8586201992104465e-12,3.862589941009324e-12,3.866559682742296e-12,3.870529424409361e-12,3.87449916601052e-12,3.878468907545772e-12,3.882438649015118e-12,3.886408390418559e-12,3.890378131756092e-12,3.89434787302772e-12,3.898317614233442e-12,3.902287355373258e-12,3.906257096447167e-12,3.9102268374551705e-12,3.914196578397269e-12,3.918166319273461e-12,3.922136060083747e-12,3.926105800828126e-12,3.930075541506603e-12,3.934045282119171e-12,3.938015022665834e-12,3.941984763146591e-12,3.945954503561444e-12,3.94992424391039e-12,3.953893984193429e-12,3.9578637244105655e-12,3.961833464561794e-12,3.965803204647119e-12,3.9697729446665366e-12,3.969772944681568e-12,3.9697729446965905e-12,3.969772944711615e-12
10,0.0,0.0,0.0,0.0,0.0,0.0,0.0,0.0,0.0,0.0,0.0,0.0,0.0,0.0,0.0,0.0,0.0,0.0,0.0,0.0,0.0,0.0,0.0,0.0,0.0,0.0,0.0,0.0,0.0,0.0,0.0,0.0,0.0,0.0,0.0,0.0,0.0,0.0,0.0,0.0,0.0,0.0,0.0,0.0,0.0,0.0,0.0,0.0,0.0,0.0,0.0,0.0,0.0,0.0,0.0,0.0,0.0,0.0,0.0,0.0,0.0,0.0,0.0,0.0,0.0,0.0,0.0,0.0,0.0,0.0,0.0,0.0,0.0,0.0,0.0,0.0,0.0,0.0,0.0,0.0,0.0,0.0,0.0,0.0,0.0,0.0,0.0,0.0,0.0,0.0,0.0,0.0,0.0,0.0,0.0,0.0,0.0,0.0,0.0,0.0,0.0,0.0,0.0,0.0,0.0,0.0,0.0,0.0,0.0,0.0,0.0,0.0,0.0,0.0,0.0,0.0,0.0,0.0,0.0,0.0,0.0,0.0,0.0,0.0,0.0,0.0,0.0,0.0,0.0,0.0,0.0,0.0,0.0,0.0,0.0,0.0,0.0,0.0,0.0,0.0,0.0,0.0,0.0,0.0,0.0,0.0,0.0,0.0,0.0,0.0,0.0,0.0,0.0,0.0,0.0,0.0,0.0,0.0,0.0,0.0,0.0,0.0,0.0,0.0,0.0,0.0,0.0,0.0,0.0,0.0,0.0,0.0,0.0,0.0,0.0,0.0,0.0,0.0,0.0,0.0,0.0,0.0,0.0,0.0,0.0,0.0,0.0,0.0,0.0,0.0,0.0,0.0,0.0,0.0,0.0,0.0,0.0,0.0,0.0,0.0,0.0,0.0,0.0,0.0,0.0,0.0,0.0,0.0,0.0,0.0,0.0,0.0,0.0,0.0,0.0,0.0,0.0,0.0,0.0,0.0,0.0,0.0,0.0,0.0,0.0,0.0,0.0,0.0,0.0,0.0,0.0,0.0,0.0,0.0,0.0,0.0,0.0,0.0,0.0,0.0,0.0,0.0,0.0,0.0,0.0,0.0,0.0,0.0,0.0,0.0,0.0,0.0,0.0,0.0,0.0,0.0,0.0,0.0,0.0,0.0,0.0,0.0,0.0,0.0,0.0,0.0,0.0,0.0,0.0,0.0,0.0,0.0,0.0,0.0,0.0,0.0,0.0,0.0,0.0,0.0,0.0,0.0,0.0,0.0,0.0,0.0,0.0,0.0,0.0,0.0,0.0,0.0,0.0,0.0,0.0,0.0,0.0,0.0,0.0,0.0,0.0,0.0,0.0,0.0,0.0,0.0,0.0,0.0,0.0,0.0,0.0,0.0,0.0,0.0,0.0,0.0,0.0,0.0,0.0,0.0,0.0,0.0,0.0,0.0,0.0,0.0,0.0,0.0,0.0,0.0,0.0,0.0,0.0,0.0,0.0,0.0,0.0,0.0,0.0,0.0,0.0,0.0,0.0,0.0,0.0,0.0,0.0,0.0,0.0,0.0,0.0,0.0,0.0,0.0,0.0,0.0,0.0,0.0,0.0,0.0,0.0,0.0,0.0,0.0,0.0,0.0,0.0,0.0,0.0,0.0,0.0,0.0,0.0,0.0,0.0,0.0,0.0,0.0,0.0,0.0,0.0,0.0,0.0,0.0,0.0,0.0,0.0,0.0,0.0,0.0,0.0,0.0,0.0,0.0,0.0,0.0,0.0,0.0,0.0,0.0,0.0,0.0,0.0,0.0,0.0,0.0,0.0,0.0,0.0,0.0,0.0,0.0,0.0,0.0,0.0,0.0,0.0,0.0,0.0,0.0,0.0,0.0,0.0,0.0,0.0,0.0,0.0,0.0,0.0,0.0,0.0,0.0,0.0,0.0,0.0,0.0,0.0,0.0,0.0,0.0,0.0,0.0,0.0,0.0,0.0,0.0,0.0,0.0,0.0,0.0,0.0,0.0,0.0,0.0,0.0,0.0,0.0,0.0,0.0,0.0,0.0,0.0,0.0,0.0,0.0,0.0,0.0,0.0,0.0,0.0,0.0,0.0,0.0,0.0,0.0,0.0,0.0,0.0,0.0,0.0,0.0,0.0,0.0,0.0,0.0,0.0,0.0,0.0,0.0,0.0,0.0,0.0,0.0,0.0,0.0,0.0,0.0,0.0,0.0,0.0,0.0,0.0,0.0,0.0,0.0,0.0,0.0,0.0,0.0,0.0,0.0,0.0,0.0,0.0,0.0,0.0,0.0,0.0,0.0,0.0,0.0,0.0,0.0,0.0,0.0,0.0,0.0,0.0,0.0,0.0,0.0,0.0,0.0,0.0,0.0,0.0,0.0,0.0,0.0,0.0,0.0,0.0,0.0,0.0,0.0,0.0,0.0,0.0,0.0,0.0,0.0,0.0,0.0,0.0,0.0,0.0,0.0,0.0,0.0,0.0,0.0,0.0,0.0,0.0,0.0,0.0,0.0,0.0,0.0,0.0,0.0,0.0,0.0,0.0,0.0,0.0,0.0,0.0,0.0,0.0,0.0,0.0,0.0,0.0,0.0,0.0,0.0,0.0,0.0,0.0,0.0,0.0,0.0,0.0,0.0,0.0,0.0,0.0,0.0,0.0,0.0,0.0,0.0,0.0,0.0,0.0,0.0,0.0,0.0,0.0,0.0,0.0,0.0,0.0,0.0,0.0,0.0,0.0,0.0,0.0,0.0,0.0,0.0,0.0,0.0,0.0,0.0,0.0,0.0,0.0,0.0,0.0,0.0,0.0,0.0,0.0,0.0,0.0,0.0,0.0,0.0,0.0,0.0,0.0,0.0,0.0,0.0,0.0,0.0,0.0,0.0,0.0,0.0,0.0,0.0,0.0,0.0,0.0,0.0,0.0,0.0,0.0,0.0,0.0,0.0,0.0,0.0,0.0,0.0,0.0,0.0,0.0,0.0,0.0,0.0,0.0,0.0,0.0,0.0,0.0,0.0,0.0,0.0,0.0,0.0,0.0,0.0,0.0,0.0,0.0,0.0,0.0,0.0,0.0,0.0,0.0,0.0,0.0,0.0,0.0,0.0,0.0,0.0,0.0,0.0,0.0,0.0,0.0,0.0,0.0,0.0,0.0,0.0,0.0,0.0,0.0,0.0,0.0,0.0,0.0,0.0,0.0,0.0,0.0,0.0,0.0,0.0,0.0,0.0,0.0,0.0,0.0,0.0,0.0,0.0,0.0,0.0,0.0,0.0,0.0,0.0,0.0,0.0,0.0,0.0,0.0,0.0,0.0,0.0,0.0,0.0,0.0,0.0,0.0,0.0,0.0,0.0,0.0,0.0,0.0,0.0,0.0,0.0,0.0,0.0,0.0,0.0,0.0,0.0,0.0,0.0,0.0,0.0,0.0,0.0,0.0,0.0,0.0,0.0,0.0,0.0,0.0,0.0,0.0,0.0,0.0,0.0,0.0,0.0,0.0,0.0,0.0,0.0,0.0,0.0,0.0,0.0,0.0,0.0,0.0,0.0,0.0,0.0,0.0,0.0,0.0,0.0,0.0,0.0,0.0,0.0,0.0,0.0,0.0,0.0,0.0,0.0,0.0,0.0,0.0,0.0,0.0,0.0,0.0,0.0,0.0,0.0,0.0,0.0,0.0,0.0,0.0,0.0,0.0,0.0,0.0,0.0,0.0,0.0,0.0,0.0,0.0,0.0,0.0,0.0,0.0,0.0,0.0,0.0,0.0,0.0,0.0,0.0,0.0,0.0,0.0,0.0,0.0,0.0,0.0,0.0,0.0,0.0,0.0,0.0,0.0,0.0,0.0,0.0,0.0,0.0,0.0,0.0,0.0,0.0,0.0,0.0,0.0,0.0,0.0,0.0,0.0,0.0,0.0,0.0,0.0,0.0,0.0,0.0,0.0,0.0,0.0,0.0,0.0,0.0,0.0,0.0,0.0,0.0,0.0,0.0,0.0,0.0,0.0,0.0,0.0,0.0,0.0,0.0,0.0,0.0,0.0,0.0,0.0,0.0,0.0,0.0,0.0,0.0,0.0,0.0,0.0,0.0,0.0,0.0,0.0,0.0,0.0,0.0,0.0,0.0,0.0,0.0,0.0,0.0,0.0,0.0,0.0,0.0,0.0,0.0,0.0,0.0,0.0,0.0,0.0,0.0,0.0,0.0,0.0,0.0,0.0,0.0,0.0,0.0,0.0,0.0,0.0,0.0,0.0,0.0,0.0,0.0,0.0,0.0,0.0,0.0,0.0,0.0,0.0,0.0,0.0,0.0,0.0,0.0,0.0,0.0,0.0,0.0,0.0,0.0,0.0,0.0,0.0,0.0,0.0,0.0,0.0,0.0,0.0,0.0,0.0,0.0,0.0,0.0,0.0,0.0,0.0,0.0,0.0,9.046375443204165e-41,1.8095366614530303e-40,2.714513849848672e-40,3.6195303029974848e-40,4.524577828832769e-40,5.429654692963929e-40,6.334760516816362e-40,7.2398952048756936e-40,8.145058721425678e-40,9.050251045044623e-40,9.955472159586659e-40,1.086072205230223e-39,1.17660007132034e-39,1.2671308134599661e-39,1.3576644310665023e-39,1.4482009237044557e-39,1.5387402910518486e-39,1.6292825328727906e-39,1.7198276489957497e-39,1.8103756392967796e-39,1.900926503686818e-39,1.9914802421021352e-39,2.0820368544973384e-39,2.1725963408401796e-39,2.2631587011078366e-39,2.3537239352841818e-39,2.444292043357826e-39,2.5348630253207672e-39,2.625436881167365e-39,2.7160136108936432e-39,2.8065932144967823e-39,2.8971756919748036e-39,2.987761043326284e-39,3.078349268550207e-39,3.1689403676458346e-39,3.259534340612616e-39,3.350131187450142e-39,3.440730908158086e-39,3.531333502736198e-39,3.621938971184258e-39,3.712547313502084e-39,3.803158529689524e-39,3.8937726197464344e-39,3.9843895836726803e-39,4.075009421468127e-39,4.1656321331326553e-39,4.256257718666144e-39,4.34688617806849e-39,4.4375175113395704e-39,4.528151718479269e-39,4.618788799487477e-39,4.7094287543640695e-39,4.80007158310894e-39,4.8907172857219704e-39,4.981365862203058e-39,5.072017312552088e-39,5.162671636768955e-39,5.253328834853552e-39,5.343988906805762e-39,5.434651852625466e-39,5.525317672312566e-39,5.6159863658669545e-39,5.706657933288509e-39,5.797332374577125e-39,5.888009689732684e-39,5.978689878755094e-39,6.069372941644236e-39,6.160058878400003e-39,6.250747689022285e-39,6.341439373510969e-39,6.432133931865956e-39,6.522831364087129e-39,6.613531670174378e-39,6.704234850127604e-39,6.794940903946684e-39,6.88564983163152e-39,6.976361633182006e-39,7.067076308598044e-39,7.157793857879507e-39,7.248514281026308e-39,7.339237578038327e-39,7.429963748915467e-39,7.520692793657606e-39,7.611424712264648e-39,7.702159504736486e-39,7.792897171073006e-39,7.883637711274116e-39,7.974381125339706e-39,8.065127413269688e-39,8.15587657506392e-39,8.246628610722327e-39,8.337383520244791e-39,8.428141303631216e-39,8.518901960881476e-39,8.609665491995494e-39,8.700431896973148e-39,8.791201175814345e-39,8.881973328518976e-39,8.972748355086955e-39,9.063526255518161e-39,9.154307029812495e-39,9.245090677969864e-39,9.335877199990165e-39,9.42666659587328e-39,9.517458865619121e-39,9.608254009227583e-39,9.699052026698567e-39,9.789852918031969e-39,9.880656683227703e-39,9.971463322285647e-39,1.0062272835205713e-38,1.01530852219878e-38,1.0243900482631815e-38,1.0334718617137655e-38,1.0425539625505214e-38,1.0516363507734403e-38,1.060719026382511e-38,1.0698019893777241e-38,1.0788852397590729e-38,1.087968777526545e-38,1.0970526026801327e-38,1.106136715219823e-38,1.1152211151456091e-38,1.1243058024574806e-38,1.133390777155427e-38,1.1424760392394397e-38,1.1515615887095079e-38,1.1606474255656237e-38,1.1697335498077765e-38,1.1788199614359575e-38,1.187906660450158e-38,1.1969936468503678e-38,1.2060809206365774e-38,1.2151684818087776e-38,1.2242563303669596e-38,1.2333444663111137e-38,1.2424328896412318e-38,1.2515216003573018e-38,1.2606105984593175e-38,1.2696998839472696e-38,1.2787894568211473e-38,1.2878793170809427e-38,1.2969694647266475e-38,1.3060598997582521e-38,1.3151506221757472e-38,1.3242416319791236e-38,1.3333329291683737e-38,1.342424513743487e-38,1.351516385704455e-38,1.3606085450512697e-38,1.3697009917839226e-38,1.3787937259024035e-38,1.3878867474067068e-38,1.3969800562968214e-38,1.4060736525727388e-38,1.415167536234452e-38,1.4242617072819525e-38,1.4333561657152295e-38,1.4424509115342763e-38,1.451545944739085e-38,1.4606412653296451e-38,1.4697368733059493e-38,1.478832768667991e-38,1.4879289514157603e-38,1.497025421549249e-38,1.5061221790684478e-38,1.515219223973352e-38,1.5243165562639519e-38,1.5334141759402368e-38,1.542512083002203e-38,1.55161027744984e-38,1.5607087592831403e-38,1.5698075285020977e-38,1.5789065851067027e-38,1.5880059290969487e-38,1.5971055604728265e-38,1.6062054792343298e-38,1.6153056853814504e-38,1.6244061789141805e-38,1.633506959832511e-38,1.6426080281364376e-38,1.6517093838259515e-38,1.6608110269010447e-38,1.6699129573617117e-38,1.6790151752079426e-38,1.6881176804397315e-38,1.6972204730570704e-38,1.7063235530599518e-38,1.7154269204483686e-38,1.7245305752223147e-38,1.7336345173817806e-38,1.742738746926763e-38,1.751843263857251e-38,1.7609480681732395e-38,1.770053159874723e-38,1.779158538961694e-38,1.7882642054341435e-38,1.7973701592920666e-38,1.8064764005354557e-38,1.8155829291643048e-38,1.8246897451786068e-38,1.8337968485783564e-38,1.8429042393635454e-38,1.8520119175341667e-38,1.8611198830902157e-38,1.8702281360316861e-38,1.8793366763585693e-38,1.8884455040708614e-38,1.8975546191685544e-38,1.9066640216516436e-38,1.915773711520122e-38,1.924883688773983e-38,1.9339939534132218e-38,1.9431045054378316e-38,1.9522153448478067e-38,1.9613264716431426e-38,1.9704378858238307e-38,1.9795495873898666e-38,1.9886615763412462e-38,1.9977738526779613e-38,2.0068864164000071e-38,2.015999267507377e-38,2.0251124060000674e-38,2.0342258318780713e-38,2.043339545141384e-38,2.0524535457899996e-38,2.0615678338239127e-38,2.070682409243118e-38,2.079797272047611e-38,2.0889124222373847e-38,2.098027859812436e-38,2.1071435847727592e-38,2.1162595971183475e-38,2.125375896849199e-38,2.1344924839653077e-38,2.143609358466667e-38,2.1527265203532748e-38,2.161843969625125e-38,2.1709617062822132e-38,2.180079730324533e-38,2.1891980417520833e-38,2.1983166405648565e-38,2.207435526762848e-38,2.2165547003460554e-38,2.2256741613144737e-38,2.2347939096680984e-38,2.243913945406925e-38,2.2530342685309484e-38,2.2621548790401674e-38,2.2712757769345743e-38,2.2803969622141685e-38,2.2895184348789439e-38,2.2986401949288958e-38,2.307762242364022e-38,2.316884577184319e-38,2.3260071993897827e-38,2.335130108980408e-38,2.3442533059561943e-38,2.353376790317135e-38,2.3625005620632284e-38,2.371624621194469e-38,2.380748967710857e-38,2.389873601612385e-38,2.3989985228990515e-38,2.4081237315708534e-38,2.4172492276277865e-38,2.426375011069849e-38,2.435501081897038e-38,2.444627440109352e-38,2.453754085706784e-38,2.462881018689334e-38,2.472008239057e-38,2.4811357468097773e-38,2.4902635419476636e-38,2.499391624470657e-38,2.5085199943787543e-38,2.517648651671954e-38,2.526777596350252e-38,2.535906828413649e-38,2.5450363478621395e-38,2.5541661546957225e-38,2.5632962489143954e-38,2.5724266305181576e-38,2.5815572995070046e-38,2.590688255880938e-38,2.5998194996399525e-38,2.6089510307840483e-38,2.618082849313223e-38,2.6272149552274747e-38,2.6363473485268005e-38,2.6454800292112007e-38,2.6546129972806745e-38,2.6637462527352163e-38,2.6728797955748277e-38,2.682013625799507e-38,2.6911477434092533e-38,2.700282148404067e-38,2.7094168407839436e-38,2.718551820548885e-38,2.727687087698888e-38,2.736822642233954e-38,2.74595848415408e-38,2.755094613459268e-38,2.764231030149514e-38,2.773367734224819e-38,2.7825047256851826e-38,2.7916420045306026e-38,2.800779570761081e-38,2.8099174243766174e-38,2.81905556537721e-38,2.82819399376286e-38,2.837332709533565e-38,2.8464717126893265e-38,2.8556110032301446e-38,2.864750581156017e-38,2.8738904464669457e-38,2.883030599162933e-38,2.892171039243975e-38,2.9013117667100756e-38,2.910452781561234e-38,2.9195940837974484e-38,2.928735673418722e-38,2.937877550425056e-38,2.9470197148164493e-38,2.9561621665929036e-38,2.9653049057544185e-38,2.974447932300997e-38,2.983591246232637e-38,2.9927348475493426e-38,3.001878736251114e-38,3.011022912337951e-38,3.020167375809856e-38,3.0293121266668297e-38,3.0384571649088755e-38,3.047602490535992e-38,3.056748103548182e-38,3.0658940039454484e-38,3.075040191727792e-38,3.084186666895212e-38,3.093333429447714e-38,3.1024804793852975e-38,3.111627816707966e-38,3.120775441415721e-38,3.1299233535085665e-38,3.139071552986503e-38,3.148220039849531e-38,3.1573688140976566e-38,3.166517875730879e-38,3.175667224749203e-38,3.1848168611526317e-38,3.1939667849411653e-38,3.203116996114807e-38,3.21226749467356e-38,3.2214182806174297e-38,3.230569353946416e-38,3.239720714660524e-38,3.248872362759758e-38,3.258024298244116e-38,3.2671765211136055e-38,3.276329031368228e-38,3.2854818290079896e-38,3.294634914032889e-38,3.303788286442933e-38,3.3129419462381264e-38,3.322095893418472e-38,3.331250127983973e-38,3.3404046499346346e-38,3.34955945927046e-38,3.3587145559914497e-38,3.3678699400976134e-38,3.377025611588953e-38,3.3861815704654733e-38,3.395337816727178e-38,3.4044943503740723e-38,3.413651171406161e-38,3.422808279823447e-38,3.431965675625938e-38,3.4411233588136365e-38,3.450281329386549e-38,3.4594395873446785e-38,3.4685981326880324e-38,3.4777569654166126e-38,3.486916085530428e-38,3.496075493029482e-38,3.505235187913781e-38,3.514395170183329e-38,3.5235554398381326e-38,3.5327159968781987e-38,3.54187684130353e-38,3.5510379731141345e-38,3.5601993923100183e-38,3.569361098891186e-38,3.578523092857644e-38,3.587685374209398e-38,3.596847942946455e-38,3.606010799068821e-38,3.6151739425765034e-38,3.6243373734695055e-38,3.633501091747838e-38,3.642665097411506e-38,3.651829390460515e-38,3.660993970894873e-38,3.6701588387145875e-38,3.6793239939196654e-38,3.688489436510112e-38,3.697655166485936e-38,3.706821183847146e-38,3.7159874885937455e-38,3.7251540807257466e-38,3.734320960243153e-38,3.743488127145975e-38,3.7526555814342187e-38,3.761823323107893e-38,3.7709913521670045e-38,3.7801596686115606e-38,3.789328272441571e-38,3.798497163657044e-38,3.8076663422579864e-38,3.816835808244406e-38,3.826005561616312e-38,3.8351756023737164e-38,3.8443459305166216e-38,3.853516546045039e-38,3.86268744895898e-38,3.871858639258449e-38,3.8810301169434597e-38,3.890201882014019e-38,3.8993739344701333e-38,3.908546274311816e-38,3.917718901539072e-38,3.9268918161519135e-38,3.936065018150349e-38,3.945238507534389e-38,3.9544122843040455e-38,3.963586348459323e-38,3.9727607000002344e-38,3.981935338926787e-38,3.991110265238996e-38,4.000285478936868e-38,4.0094609800204117e-38,4.018636768489641e-38,4.027812844344564e-38,4.03698920758519e-38,4.046165858211533e-38,4.0553427962236016e-38,4.0645200216214073e-38,4.073697534404961e-38,4.082875334574275e-38,4.0920534221293583e-38,4.101231797070225e-38,4.1104104593968814e-38,4.1195894091093427e-38,4.12876864620762e-38,4.137948170691724e-38,4.1471279825616647e-38,4.1563080818174565e-38,4.165488468459109e-38,4.1746691424866354e-38,4.1838501039000476e-38,4.193031352699355e-38,4.2022128888845734e-38,4.2113947124557146e-38,4.220576823412788e-38,4.229759221755809e-38,4.2389419074847904e-38,4.2481248805997423e-38,4.25730814110068e-38,4.2664916889876153e-38,4.275675524260561e-38,4.2848596469195293e-38,4.2940440569645345e-38,4.3032287543955907e-38,4.3124137392127104e-38,4.321599011415905e-38,4.330784571005192e-38,4.339970417980582e-38,4.34915655234209e-38,4.3583429740897314e-38,4.367529683223517e-38,4.376716679743464e-38,4.3859039636495836e-38,4.395091534941892e-38,4.404279393620404e-38,4.413467539685133e-38,4.422655973136092e-38,4.431844693973299e-38,4.4410337021967654e-38,4.4502229978065084e-38,4.459412580802542e-38,4.468602451184879e-38,4.477792608953537e-38,4.4869830541085337e-38,4.4961737866498783e-38,4.505364806577591e-38,4.514556113891688e-38,4.523747708592183e-38,4.532939590679091e-38,4.5421317601524287e-38,4.55132421701221e-38,4.5605169612584545e-38,4.5697099928911766e-38,4.578903311910391e-38,4.5880969183161193e-38,4.597290812108373e-38,4.606484993287169e-38,4.615679461852527e-38,4.6248742178044625e-38,4.634069261142988e-38,4.643264591868127e-38,4.652460209979892e-38,4.661656115478303e-38,4.670852308363378e-38,4.680048788635131e-38,4.6892455562935807e-38,4.6984426113387473e-38,4.707639953770645e-38,4.716837583589293e-38,4.72603550079471e-38,4.735233705386913e-38,4.744432197365921e-38,4.753630976731751e-38,4.762830043484422e-38,4.772029397623953e-38,4.781229039150362e-38,4.790428968063668e-38,4.799629184363887e-38,4.808829688051043e-38,4.818030479125152e-38,4.827231557586232e-38,4.836432923434307e-38,4.845634576669392e-38,4.854836517291507e-38,4.86403874530067e-38,4.873241260696905e-38,4.882444063480227e-38,4.891647153650658e-38,4.900850531208219e-38,4.910054196152928e-38,4.919258148484806e-38,4.928462388203874e-38,4.93766691531015e-38,4.94687173027754e-38,4.9560768321583e-38,4.96528222142633e-38,4.974487898081653e-38,4.983693862124289e-38,4.992900113554258e-38,5.002106652371584e-38,5.011313478576285e-38,5.020520592168385e-38,5.029727993147906e-38,5.038935681514866e-38,5.048143657269289e-38,5.057351920411196e-38,5.066560470940609e-38,5.075769308857551e-38,5.084978434162046e-38,5.094187846854111e-38,5.103397546933772e-38,5.112607534401052e-38,5.121817809255969e-38,5.13102837149855e-38,5.14023922112882e-38,5.149450358146795e-38,5.158661782552505e-38,5.167873494345968e-38,5.177085493527209e-38,5.18629778009625e-38,5.195510354053118e-38,5.204723215397833e-38,5.213936364130421e-38,5.223149800250906e-38,5.232363523759311e-38,5.241577534655657e-38,5.250791832939975e-38,5.260006418612283e-38,5.269221291672609e-38,5.278436452120975e-38,5.287651899957406e-38,5.296867635181931e-38,5.306083657794569e-38,5.31529996779535e-38,5.324516565184293e-38,5.333733449961428e-38,5.34295062212678e-38,5.352168081680372e-38,5.361385828622232e-38,5.370603862952383e-38,5.379822184670854e-38,5.389040793777671e-38,5.398259690272856e-38,5.407478874156437e-38,5.416698345428443e-38,5.425918104088895e-38,5.435138150137825e-38,5.444358483575258e-38,5.453579104401219e-38,5.462800012615735e-38,5.472021208218834e-38,5.481242691210545e-38,5.49046446159089e-38,5.4996865193599e-38,5.508908864517601e-38,5.518131497064021e-38,5.527354416999186e-38,5.536577624323125e-38,5.545801119035868e-38,5.555024901137439e-38,5.564248970627868e-38,5.573473327507187e-38,5.582697971775416e-38,5.591922903432592e-38,5.60114812247874e-38,5.610373628913886e-38,5.61959942273806e-38,5.628825503951293e-38,5.638051872553611e-38,5.647278528545046e-38,5.656505471925629e-38,5.665732702695388e-38,5.674960220854352e-38,5.684188026402548e-38,5.693416119340007e-38,5.702644499666762e-38,5.711873167319717e-38,5.721102122425149e-38,5.730331364919966e-38,5.739560894804198e-38,5.748790712077874e-38,5.758020816741027e-38,5.767251208793684e-38,5.776481888235879e-38,5.785712855067646e-38,5.794944109289009e-38,5.804175650900004e-38,5.813407479900663e-38,5.822639596291016e-38,5.831872000071091e-38,5.841104691240925e-38,5.85033766980055e-38,5.859570935749992e-38,5.86880448908929e-38,5.878038329818473e-38,5.88727245793757e-38,5.896506873446622e-38,5.905741576345656e-38,5.914976566634702e-38,5.9242118443138e-38,5.933447409382977e-38,5.942683261842272e-38,5.951919401691709e-38,5.961155828931328e-38,5.970392543561164e-38,5.979629545581243e-38,5.98886683499161e-38,5.998104411792288e-38,6.007342275983318e-38,6.016580427564729e-38,6.025818866536558e-38,6.035057592898839e-38,6.044296606651606e-38,6.053535907794895e-38,6.06277549632874e-38,6.072015372253172e-38,6.081255535568235e-38,6.090495986273956e-38,6.099736724370376e-38,6.108977749857523e-38,6.118219062735441e-38,6.127460663004157e-38,6.136702550663709e-38,6.14594472571414e-38,6.155187188155477e-38,6.16442993798776e-38,6.173672975211031e-38,6.182916299825315e-38,6.192159911830657e-38,6.201403811227089e-38,6.210647998014652e-38,6.219892472193376e-38,6.229137233763304e-38,6.238382282724474e-38,6.247627619076915e-38,6.256873242820675e-38,6.266119153955787e-38,6.275365352482285e-38,6.284611838400213e-38,6.293858611709604e-38,6.303105672410497e-38,6.312353020502936e-38,6.321600655986951e-38,6.330848578862583e-38,6.340096789129876e-38,6.34934528678886e-38,6.358594071839578e-38,6.367843144282074e-38,6.37709250411638e-38,6.386342151342536e-38,6.395592085960584e-38,6.404842307970564e-38,6.414092817372513e-38,6.423343614166471e-38,6.432594698352477e-38,6.441846069930576e-38,6.451097728900806e-38,6.460349675263202e-38,6.469601909017809e-38,6.478854430164669e-38,6.488107238703819e-38,6.497360334633628e-38,6.506613717957483e-38,6.515867388673751e-38,6.525121346782478e-38,6.5343755922837e-38,6.543630125177461e-38,6.552884945463802e-38,6.562140053142766e-38,6.571395448214389e-38,6.580651130678722e-38,6.589907100535799e-38,6.599163357785666e-38,6.60841990242837e-38,6.617676734463944e-38,6.626933853892439e-38,6.636191260713889e-38,6.645448954928347e-38,6.654706936535848e-38,6.663965205536442e-38,6.673223761930165e-38,6.682482605717068e-38,6.691741736897188e-38,6.701001155470572e-38,6.710260861437266e-38,6.719520854797309e-38,6.728781135550748e-38,6.738041703697626e-38,6.747302559237991e-38,6.756563702171882e-38,6.765825132499349e-38,6.775086850220434e-38,6.784348855335181e-38,6.793611147843638e-38,6.80287372774585e-38,6.812136595041859e-38,6.821399749731715e-38,6.830663191815459e-38,6.839926921293141e-38,6.849190938164803e-38,6.858455242430494e-38,6.86771983409026e-38,6.876984713144142e-38,6.886249879592198e-38,6.895515333434464e-38,6.904781074670989e-38,6.914047103301824e-38,6.923313419327012e-38,6.932580022746601e-38,6.941846913560643e-38,6.951114091769176e-38,6.960381557372253e-38,6.969649310369923e-38,6.978917350762234e-38,6.98818567854923e-38,6.997454293730963e-38,7.006723196307477e-38,7.015992386278822e-38,7.025261863645048e-38,7.034531628406205e-38,7.043801680562341e-38,7.053072020113503e-38,7.062342647059739e-38,7.071613561401105e-38,7.080884763137645e-38,7.090156252269407e-38,7.099428028796445e-38,7.108700092718808e-38,7.117972444036541e-38,7.127245082749702e-38,7.136518008858336e-38,7.145791222362493e-38,7.15506472326223e-38,7.164338511557589e-38,7.173612587248626e-38,7.182886950335391e-38,7.192161600817934e-38,7.20143653869631e-38,7.210711763970563e-38,7.219987276640752e-38,7.229263076706925e-38,7.238539164169135e-38,7.247815539027433e-38,7.257092201281867e-38,7.266369150932498e-38,7.27564638797937e-38,7.284923912422543e-38,7.294201724262063e-38,7.303479823497988e-38,7.312758210130367e-38,7.322036884159255e-38,7.331315845584706e-38,7.340595094406772e-38,7.349874630625505e-38,7.359154454240963e-38,7.368434565253196e-38,7.377714963662261e-38,7.386995649468211e-38,7.396276622671098e-38,7.405557883270979e-38,7.41483943126791e-38,7.424121266661942e-38,7.433403389453131e-38,7.442685799641529e-38,7.451968497227199e-38,7.461251482210189e-38,7.470534754590559e-38,7.47981831436836e-38,7.489102161543653e-38,7.498386296116489e-38,7.50767071808693e-38,7.516955427455024e-38,7.526240424220834e-38,7.535525708384407e-38,7.544811279945812e-38,7.554097138905097e-38,7.563383285262324e-38,7.572669719017548e-38,7.581956440170823e-38,7.591243448722211e-38,7.600530744671769e-38,7.609818328019553e-38,7.61910619876562e-38,7.62839435691003e-38,7.637682802452842e-38,7.646971535394108e-38,7.656260555733894e-38,7.665549863472254e-38,7.674839458609245e-38,7.68412934114493e-38,7.693419511079365e-38,7.702709968412611e-38,7.712000713144731e-38,7.721291745275772e-38,7.730583064805805e-38,7.739874671734884e-38,7.749166566063072e-38,7.75845874779043e-38,7.767751216917014e-38,7.777043973442889e-38,7.78633701736811e-38,7.795630348692742e-38,7.804923967416841e-38,7.814217873540473e-38,7.823512067063696e-38,7.83280654798657e-38,7.842101316309159e-38,7.851396372031521e-38,7.860691715153723e-38,7.869987345675824e-38,7.879283263597884e-38,7.888579468919967e-38,7.897875961642137e-38,7.907172741764451e-38,7.916469809286979e-38,7.925767164209781e-38,7.935064806532915e-38,7.944362736256449e-38,7.953660953380447e-38,7.962959457904964e-38,7.972258249830074e-38,7.981557329155832e-38,7.990856695882309e-38,8.000156350009562e-38,8.009456291537664e-38,8.018756520466669e-38,8.028057036796644e-38,8.03735784052766e-38,8.046658931659773e-38,8.055960310193053e-38,8.065261976127561e-38,8.07456392946337e-38,8.083866170200539e-38,8.093168698339129e-38,8.102471513879218e-38,8.111774616820859e-38,8.121078007164127e-38,8.130381684909082e-38,8.139685650055796e-38,8.148989902604329e-38,8.158294442554748e-38,8.167599269907128e-38,8.176904384661524e-38,8.186209786818007e-38,8.195515476376652e-38,8.204821453337517e-38,8.214127717700672e-38,8.223434269466184e-38,8.232741108634125e-38,8.242048235204558e-38,8.251355649177552e-38,8.260663350553182e-38,8.269971339331505e-38,8.279279615512592e-38,8.288588179096519e-38,8.297897030083349e-38,8.307206168473146e-38,8.316515594265988e-38,8.325825307461942e-38,8.335135308061078e-38,8.344445596063464e-38,8.353756171469171e-38,8.363067034278264e-38,8.372378184490825e-38,8.381689622106905e-38,8.391001347126591e-38,8.40031335954995e-38,8.409625659377045e-38,8.418938246607959e-38,8.428251121242753e-38,8.437564283281501e-38,8.446877732724278e-38,8.456191469571148e-38,8.465505493822187e-38,8.474819805477469e-38,8.484134404537066e-38,8.493449291001041e-38,8.502764464869474e-38,8.512079926142438e-38,8.521395674820005e-38,8.530711710902243e-38,8.540028034389228e-38,8.549344645281035e-38,8.558661543577739e-38,8.567978729279404e-38,8.577296202386113e-38,8.586613962897937e-38,8.595932010814946e-38,8.605250346137216e-38,8.614568968864825e-38,8.623887878997839e-38,8.633207076536338e-38,8.642526561480405e-38,8.651846333830095e-38,8.661166393585499e-38,8.670486740746685e-38,8.679807375313733e-38,8.689128297286711e-38,8.698449506665705e-38,8.707771003450782e-38,8.717092787642018e-38,8.726414859239494e-38,8.735737218243286e-38,8.745059864653467e-38,8.754382798470114e-38,8.763706019693305e-38,8.773029528323117e-38,8.782353324359627e-38,8.791677407802909e-38,8.801001778653047e-38,8.810326436910111e-38,8.819651382574182e-38,8.828976615645339e-38,8.838302136123659e-38,8.847627944009221e-38,8.856954039302101e-38,8.866280422002379e-38,8.875607092110137e-38,8.884934049625445e-38,8.894261294548392e-38,8.903588826879051e-38,8.9129166466175e-38,8.922244753763818e-38,8.931573148318093e-38,8.940901830280397e-38,8.950230799650816e-38,8.959560056429423e-38,8.968889600616304e-38,8.978219432211534e-38,8.987549551215199e-38,8.996879957627377e-38,9.006210651448147e-38,9.015541632677593e-38,9.0248729013158e-38,9.03420445736284e-38,9.0435363008188e-38,9.052868431683767e-38,9.062200849957813e-38,9.071533555641025e-38,9.080866548733483e-38,9.09019982923527e-38,9.099533397146475e-38,9.108867252467168e-38,9.118201395197445e-38,9.127535825337379e-38,9.136870542887061e-38,9.146205547846567e-38,9.155540840215984e-38,9.164876419995397e-38,9.174212287184886e-38,9.183548441784537e-38,9.192884883794437e-38,9.193010962198607e-38,9.193132343720882e-38,9.193251550443457e-38
11,1.4421038098759104e-24,1.9809282780309863e-24,2.438941959416104e-24,2.8662897436898318e-24,3.2741712925188213e-24,3.669079370291428e-24,4.055312115223661e-24,4.4357423814576575e-24,4.812291613450021e-24,5.1862449820787915e-24,5.5584620848996006e-24,5.929517871215207e-24,6.299796900873177e-24,6.669556390076562e-24,7.038968380122439e-24,7.408147942330778e-24,7.777172043155886e-24,8.146092162280966e-24,8.514942732340249e-24,8.883746783902099e-24,9.252519721161122e-24,9.621271847347848e-24,9.990010053867586e-24,1.0358738950097058e-23,1.0727461619057617e-23,1.1096180122855148e-23,1.146489584074707e-23,1.1833609695262176e-23,1.2202322303442313e-23,1.2571034077997669e-23,1.2939745294977489e-23,1.3308456139018202e-23,1.3677166733615303e-23,1.4045877161369556e-23,1.44145874775299e-23,1.4783297719050962e-23,1.5152007910645285e-23,1.5520718068847987e-23,1.5889428204716537e-23,1.625813832564644e-23,1.662684843658068e-23,1.699555854083932e-23,1.7364268640624413e-23,1.77329787374192e-23,1.81016888322143e-23,1.8470398925671656e-23,1.8839109018234588e-23,1.920781911019853e-23,1.9576529201763536e-23,1.9945239293059656e-23,2.0313949384177327e-23,2.0682659475174956e-23,2.1051369566092382e-23,2.142007965695671e-23,2.1788789747784607e-23,2.215749983858853e-23,2.252620992937683e-23,2.2894920020154584e-23,2.3263630110924473e-23,2.3632340201689858e-23,2.4001050292452097e-23,2.436976038321226e-23,2.4738470473972933e-23,2.510718056472889e-23,2.5475890655485228e-23,2.5844600746241788e-23,2.6213310836998935e-23,2.658202092775529e-23,2.695073101851151e-23,2.7319441109267055e-23,2.7688151200022697e-23,2.805686129077878e-23,2.842557138153473e-23,2.8794281472290747e-23,2.916299156304663e-23,2.953170165380197e-23,2.9900411744557885e-23,3.026912183531397e-23,3.0637831926069705e-23,3.100654201682554e-23,3.137525210758221e-23,3.174396219833626e-23,3.211267228909297e-23,3.248138237984859e-23,3.285009247060622e-23,3.321880256136001e-23,3.358751265211617e-23,3.395622274287117e-23,3.432493283362844e-23,3.4693642924383145e-23,3.5062353015138576e-23,3.543106310589434e-23,3.579977319665048e-23,3.616848328740616e-23,3.6537193378163244e-23,3.690590346891729e-23,3.727461355967326e-23,3.76433236504292e-23,3.801203374118496e-23,3.83807438319408e-23,3.8749453922696804e-23,3.911816401345233e-23,3.948687410420868e-23,3.98555841949638e-23,4.022429428571915e-23,4.05930043764754e-23,4.0961714467231075e-23,4.13304245579877e-23,4.1699134648742565e-23,4.206784473949866e-23,4.243655483025175e-23,4.280526492101049e-23,4.3173975011765675e-23,4.354268510252134e-23,4.391139519327705e-23,4.4280105284033213e-23,4.464881537478862e-23,4.5017525465544815e-23,4.538623555630108e-23,4.575494564705613e-23,4.612365573781225e-23,4.649236582856824e-23,4.686107591932395e-23,4.722978601007957e-23,4.7598496100835393e-23,4.7967206191591106e-23,4.833591628234707e-23,4.870462637310351e-23,4.9073336463858585e-23,4.944204655461417e-23,4.9810756645370264e-23,5.017946673612673e-23,5.054817682688153e-23,5.091688691763679e-23,5.128559700839315e-23,5.165430709914911e-23,5.202301718990467e-23,5.2391727280661365e-23,5.2760437371416055e-23,5.312914746217233e-23,5.349785755292782e-23,5.386656764368316e-23,5.42352777344391e-23,5.460398782519492e-23,5.497269791595057e-23,5.534140800670687e-23,5.571011809746233e-23,5.607882818821754e-23,5.64475382789749e-23,5.681624836973018e-23,5.718495846048535e-23,5.755366855124104e-23,5.792237864199728e-23,5.829108873275284e-23,5.865979882350819e-23,5.902850891426428e-23,5.939721900502036e-23,5.976592909577635e-23,6.013463918653289e-23,6.050334927728732e-23,6.087205936804167e-23,6.124076945879973e-23,6.1609479549555e-23,6.197818964031134e-23,6.234689973106632e-23,6.27156098218223e-23,6.308431991257759e-23,6.345303000333388e-23,6.382174009408994e-23,6.419045018484742e-23,6.455916027560461e-23,6.492787036635617e-23,6.529658045711311e-23,6.566529054786856e-23,6.603400063862556e-23,6.640271072938071e-23,6.677142082013694e-23,6.714013091089202e-23,6.750884100164723e-23,6.787755109240383e-23,6.824626118316003e-23,6.861497127391352e-23,6.89836813646704e-23,6.935239145542631e-23,6.972110154618242e-23,7.008981163693739e-23,7.045852172769376e-23,7.082723181844965e-23,7.119594190920528e-23,7.156465199996061e-23,7.193336209071707e-23,7.230207218147275e-23,7.26707822722284e-23,7.30394923629843e-23,7.340820245373923e-23,7.377691254449564e-23,7.414562263525142e-23,7.451433272600707e-23,7.488304281676319e-23,7.525175290751913e-23,7.562046299827486e-23,7.598917308903063e-23,7.63578831797865e-23,7.672659327054251e-23,7.70953033612986e-23,7.746401345205321e-23,7.783272354280944e-23,7.820143363356458e-23,7.857014372432039e-23,7.893885381507793e-23,7.930756390583341e-23,7.967627399658864e-23,8.004498408734395e-23,8.041369417810148e-23,8.07824042688566e-23,8.115111435961221e-23,8.151982445036458e-23,8.188853454112295e-23,8.225724463187914e-23,8.262595472263586e-23,8.299466481339097e-23,8.336337490414563e-23,8.373208499490159e-23,8.410079508565636e-23,8.446950517641393e-23,8.483821526716944e-23,8.520692535792719e-23,8.557563544867989e-23,8.594434553943603e-23,8.631305563019268e-23,8.668176572094854e-23,8.705047581170231e-23,8.74191859024624e-23,8.778789599321658e-23,8.815660608397298e-23,8.85253161747275e-23,8.889402626548408e-23,8.926273635623875e-23,8.963144644699587e-23,9.000015653775264e-23,9.036886662850663e-23,9.073757671926228e-23,9.110628681001851e-23,9.147499690077419e-23,9.184370699153143e-23,9.221241708228575e-23,9.258112717304166e-23,9.294983726379795e-23,9.331854735455295e-23,9.368725744530904e-23,9.405596753606577e-23,9.442467762681871e-23,9.479338771757547e-23,9.516209780833268e-23,9.553080789908664e-23,9.589951798984264e-23,9.626822808059863e-23,9.663693817135389e-23,9.700564826211148e-23,9.737435835286653e-23,9.774306844362228e-23,9.811177853437866e-23,9.848048862513437e-23,9.884919871589086e-23,9.921790880664645e-23,9.958661889740074e-23,9.995532898815747e-23,1.0032403907891366e-22,1.0069274916966937e-22,1.0106145926042479e-22,1.0143016935117924e-22,1.0179887944193637e-22,1.0216758953269232e-22,1.0253629962344786e-22,1.0290500971420245e-22,1.0327371980495988e-22,1.0364242989571483e-22,1.0401113998647045e-22,1.043798500772272e-22,1.0474856016798283e-22,1.05117270258739e-22,1.0548598034949331e-22,1.0585469044024979e-22,1.0622340053100522e-22,1.0659211062176257e-22,1.0696082071251462e-22,1.073295308032735e-22,1.0769824089402814e-22,1.0806695098478504e-22,1.0843566107553997e-22,1.0880437116629586e-22,1.0917308125705118e-22,1.095417913478074e-22,1.0991050143856362e-22,1.1027921152931876e-22,1.1064792162007448e-22,1.1101663171083027e-22,1.11385341801586e-22,1.117540518923428e-22,1.121227619831004e-22,1.1249147207385414e-22,1.1286018216461087e-22,1.1322889225536634e-22,1.1359760234612145e-22,1.139663124368765e-22,1.1433502252763198e-22,1.1470373261838823e-22,1.1507244270914362e-22,1.1544115279990134e-22,1.1580986289065665e-22,1.161785729814126e-22,1.165472830721677e-22,1.169159931629217e-22,1.172847032536808e-22,1.1765341334443532e-22,1.1802212343519168e-22,1.1839083352594874e-22,1.1875954361670444e-22,1.191282537074576e-22,1.194969637982166e-22,1.1986567388897056e-22,1.2023438397972541e-22,1.2060309407048053e-22,1.2097180416123684e-22,1.2134051425199498e-22,1.2170922434274932e-22,1.2207793443350277e-22,1.2244664452426105e-22,1.228153546150175e-22,1.2318406470577151e-22,1.2355277479652738e-22,1.239214848872841e-22,1.2429019497804181e-22,1.2465890506879493e-22,1.250276151595519e-22,1.2539632525030953e-22,1.257650353410629e-22,1.2613374543181877e-22,1.265024555225729e-22,1.268711656133279e-22,1.2723987570408587e-22,1.2760858579484094e-22,1.27977295885596e-22,1.2834600597635375e-22,1.287147160671093e-22,1.2908342615786501e-22,1.294521362486199e-22,1.2982084633937498e-22,1.3018955643013108e-22,1.3055826652088683e-22,1.3092697661164592e-22,1.3129568670240035e-22,1.3166439679315476e-22,1.3203310688391358e-22,1.324018169746658e-22,1.3277052706542228e-22,1.3313923715617558e-22,1.3350794724693397e-22,1.3387665733769047e-22,1.3424536742844537e-22,1.3461407751920095e-22,1.3498278760995776e-22,1.3535149770071308e-22,1.357202077914705e-22,1.3608891788222456e-22,1.3645762797298056e-22,1.3682633806373513e-22,1.3719504815449058e-22,1.3756375824524614e-22,1.3793246833600264e-22,1.383011784267598e-22,1.3866988851751597e-22,1.3903859860826986e-22,1.3940730869902756e-22,1.3977601878978114e-22,1.4014472888053842e-22,1.4051343897129278e-22,1.4088214906204956e-22,1.4125085915280573e-22,1.4161956924355995e-22,1.4198827933431695e-22,1.4235698942507274e-22,1.4272569951582854e-22,1.430944096065867e-22,1.4346311969734295e-22,1.438318297880953e-22,1.4420053987885054e-22,1.4456924996960655e-22,1.4493796006036317e-22,1.4530667015111873e-22,1.4567538024187518e-22,1.4604409033263081e-22,1.4641280042338607e-22,1.4678151051414165e-22,1.4715022060489702e-22,1.4751893069565268e-22,1.4788764078640932e-22,1.4825635087716605e-22,1.4862506096791912e-22,1.489937710586756e-22,1.4936248114943212e-22,1.4973119124018872e-22,1.500999013309453e-22,1.5046861142170165e-22,1.5083732151245631e-22,1.5120603160321086e-22,1.5157474169396866e-22,1.5194345178472377e-22,1.5231216187547872e-22,1.526808719662352e-22,1.5304958205699005e-22,1.5341829214774742e-22,1.537870022385013e-22,1.5415571232925936e-22,1.545244224200142e-22,1.5489313251077041e-22,1.5526184260152668e-22,1.556305526922809e-22,1.5599926278303658e-22,1.563679728737935e-22,1.5673668296455148e-22,1.5710539305530137e-22,1.5747410314606065e-22,1.5784281323681478e-22,1.582115233275724e-22,1.5858023341832658e-22,1.589489435090824e-22,1.593176535998377e-22,1.5968636369059551e-22,1.6005507378135225e-22,1.6042378387210736e-22,1.6079249396286147e-22,1.6116120405361935e-22,1.6152991414437214e-22,1.6189862423512685e-22,1.6226733432588486e-22,1.6263604441664213e-22,1.63004754507398e-22,1.63373464598154e-22,1.637421746889091e-22,1.6411088477966447e-22,1.6447959487041923e-22,1.6484830496117608e-22,1.6521701505193345e-22,1.6558572514268701e-22,1.659544352334424e-22,1.6632314532419938e-22,1.666918554149563e-22,1.6706056550571109e-22,1.6742927559646627e-22,1.677979856872249e-22,1.681666957779798e-22,1.6853540586873255e-22,1.6890411595948936e-22,1.6927282605024548e-22,1.6964153614100147e-22,1.7001024623175867e-22,1.7037895632251186e-22,1.7074766641326897e-22,1.7111637650402418e-22,1.7148508659478084e-22,1.7185379668553652e-22,1.7222250677629368e-22,1.725912168670504e-22,1.72959926957804e-22,1.733286370485614e-22,1.7369734713931524e-22,1.7406605723006939e-22,1.7443476732082617e-22,1.7480347741158274e-22,1.751721875023377e-22,1.7554089759309275e-22,1.7590960768384987e-22,1.762783177746063e-22,1.7664702786536334e-22,1.7701573795611812e-22,1.773844480468688e-22,1.7775315813762675e-22,1.7812186822838454e-22,1.7849057831913996e-22,1.7885928840989442e-22,1.7922799850065052e-22,1.795967085914076e-22,1.7996541868216258e-22,1.8033412877292018e-22,1.8070283886367334e-22,1.8107154895443043e-22,1.8144025904518663e-22,1.8180896913594254e-22,1.8217767922670095e-22,1.8254638931745575e-22,1.8291509940821103e-22,1.8328380949896636e-22,1.836525195897212e-22,1.8402122968047823e-22,1.8438993977123402e-22,1.8475864986198733e-22,1.8512735995274444e-22,1.8549607004349983e-22,1.8586478013425697e-22,1.862334902250122e-22,1.8660220031577096e-22,1.869709104065244e-22,1.8733962049727975e-22,1.8770833058803578e-22,1.8807704067878974e-22,1.8844575076954702e-22,1.8881446086030314e-22,1.891831709510619e-22,1.8955188104181417e-22,1.8992059113257048e-22,1.9028930122332726e-22,1.9065801131408165e-22,1.9102672140483843e-22,1.9139543149559312e-22,1.91764141586348e-22,1.9213285167710415e-22,1.9250156176786015e-22,1.928702718586176e-22,1.9323898194937094e-22,1.9360769204012726e-22,1.9397640213088481e-22,1.943451122216418e-22,1.947138223123954e-22,1.950825324031505e-22,1.9545124249390658e-22,1.9581995258466196e-22,1.9618866267541876e-22,1.9655737276617736e-22,1.9692608285693197e-22,1.9729479294768702e-22,1.9766350303844072e-22,1.9803221312919673e-22,1.9840092321995132e-22,1.9876963331070517e-22,1.9913834340146458e-22,1.9950705349222038e-22,1.9987576358297735e-22,2.0024447367372952e-22,2.0061318376448666e-22,2.0098189385524344e-22,2.013506039459964e-22,2.0171931403675322e-22,2.0208802412750873e-22,2.0245673421826552e-22,2.028254443090197e-22,2.0319415439977774e-22,2.035628644905329e-22,2.0393157458128874e-22,2.0430028467204508e-22,2.0466899476279989e-22,2.050377048535549e-22,2.054064149443117e-22,2.0577512503506788e-22,2.0614383512582055e-22,2.0651254521657898e-22,2.068812553073344e-22,2.0724996539809038e-22,2.0761867548884698e-22,2.0798738557960256e-22,2.0835609567036113e-22,2.087248057611166e-22,2.0909351585187815e-22,2.0946222594262986e-22,2.0983093603338415e-22,2.1019964612413966e-22,2.1056835621489614e-22,2.109370663056506e-22,2.1130577639640911e-22,2.116744864871605e-22,2.120431965779149e-22,2.124119066686725e-22,2.1278061675942846e-22,2.131493268501864e-22,2.1351803694094137e-22,2.1388674703169707e-22,2.142554571224561e-22,2.1462416721320725e-22,2.149928773039632e-22,2.153615873947185e-22,2.157302974854751e-22,2.1609900757622963e-22,2.164677176669838e-22,2.168364277577402e-22,2.172051378484949e-22,2.1757384793925286e-22,2.1794255803000945e-22,2.183112681207653e-22,2.186799782115202e-22,2.1904868830227764e-22,2.194173983930323e-22,2.197861084837893e-22,2.2015481857454107e-22,2.205235286652994e-22,2.2089223875605205e-22,2.2126094884681485e-22,2.216296589375671e-22,2.219983690283225e-22,2.2236707911907664e-22,2.2273578920983582e-22,2.231044993005916e-22,2.234732093913506e-22,2.2384191948210255e-22,2.2421062957285797e-22,2.2457933966361607e-22,2.2494804975437125e-22,2.2531675984512606e-22,2.256854699358832e-22,2.2605418002663873e-22,2.2642289011738973e-22,2.2679160020814717e-22,2.2716031029890386e-22,2.275290203896605e-22,2.2789773048041413e-22,2.282664405711728e-22,2.2863515066192704e-22,2.290038607526839e-22,2.2937257084343567e-22,2.2974128093419287e-22,2.3010999102495055e-22,2.304787011157041e-22,2.308474112064624e-22,2.312161212972177e-22,2.3158483138797194e-22,2.319535414787276e-22,2.323222515694849e-22,2.3269096166024234e-22,2.330596717509953e-22,2.3342838184175177e-22,2.337970919325095e-22,2.3416580202326533e-22,2.345345121140186e-22,2.349032222047777e-22,2.3527193229553037e-22,2.356406423862859e-22,2.3600935247704167e-22,2.363780625677978e-22,2.367467726585549e-22,2.3711548274931024e-22,2.374841928400659e-22,2.378529029308202e-22,2.382216130215779e-22,2.385903231123346e-22,2.3895903320308907e-22,2.3932774329384524e-22,2.3969645338460042e-22,2.4006516347535627e-22,2.4043387356611093e-22,2.408025836568701e-22,2.4117129374761914e-22,2.4154000383838006e-22,2.4190871392913745e-22,2.422774240198918e-22,2.4264613411064843e-22,2.430148442014064e-22,2.433835542921595e-22,2.4375226438291417e-22,2.4412097447367025e-22,2.4448968456442557e-22,2.4485839465518316e-22,2.4522710474593787e-22,2.45595814836695e-22,2.4596452492745195e-22,2.46333235018209e-22,2.4670194510896585e-22,2.470706551997194e-22,2.474393652904783e-22,2.4780807538123013e-22,2.481767854719865e-22,2.485454955627461e-22,2.489142056535004e-22,2.492829157442546e-22,2.4965162583500727e-22,2.500203359257662e-22,2.503890460165156e-22,2.507577561072735e-22,2.51126466198028e-22,2.514951762887874e-22,2.5186388637954e-22,2.5223259647029666e-22,2.526013065610531e-22,2.529700166518098e-22,2.533387267425672e-22,2.537074368333214e-22,2.540761469240772e-22,2.5444485701483026e-22,2.5481356710558906e-22,2.551822771963449e-22,2.5555098728710126e-22,2.559196973778559e-22,2.56288407468613e-22,2.566571175593667e-22,2.570258276501194e-22,2.5739453774087765e-22,2.5776324783163457e-22,2.5813195792239606e-22,2.5850066801314696e-22,2.5886937810390154e-22,2.592380881946607e-22,2.5960679828541463e-22,2.599755083761721e-22,2.6034421846693144e-22,2.607129285576805e-22,2.610816386484377e-22,2.6145034873919224e-22,2.618190588299496e-22,2.621877689207038e-22,2.6255647901145925e-22,2.6292518910221763e-22,2.632938991929735e-22,2.636626092837275e-22,2.640313193744822e-22,2.6440002946523973e-22,2.6476873955599384e-22,2.651374496467515e-22,2.6550615973750754e-22,2.6587486982826315e-22,2.6624357991901956e-22,2.666122900097735e-22,2.6698100010052785e-22,2.673497101912846e-22,2.677184202820446e-22,2.68087130372793e-22,2.684558404635534e-22,2.688245505543082e-22,2.691932606450644e-22,2.6956197073581964e-22,2.6993068082657577e-22,2.7029939091732742e-22,2.7066810100808726e-22,2.710368110988419e-22,2.714055211895968e-22,2.7177423128035423e-22,2.7214294137110875e-22,2.7251165146186746e-22,2.7288036155262406e-22,2.7324907164337694e-22,2.7361778173413424e-22,2.7398649182489017e-22,2.7435520191564818e-22,2.747239120064023e-22,2.7509262209715464e-22,2.754613321879112e-22,2.758300422786689e-22,2.761987523694222e-22,2.7656746246017716e-22,2.769361725509345e-22,2.7730488264169063e-22,2.77673592732449e-22,2.7804230282320293e-22,2.784110129139597e-22,2.7877972300471363e-22,2.7914843309546853e-22,2.795171431862317e-22,2.79885853276981e-22,2.8025456336773653e-22,2.8062327345849185e-22,2.8099198354924924e-22,2.8136069364000687e-22,2.8172940373076267e-22,2.820981138215171e-22,2.8246682391227426e-22,2.828355340030287e-22,2.8320424409378364e-22,2.8357295418453835e-22,2.839416642752963e-22,2.843103743660517e-22,2.846790844568066e-22,2.850477945475636e-22,2.854165046383185e-22,2.857852147290716e-22,2.8615392481983197e-22,2.8652263491058706e-22,2.868913450013413e-22,2.872600550920998e-22,2.8762876518285304e-22,2.8799747527361025e-22,2.883661853643634e-22,2.8873489545511953e-22,2.8910360554587787e-22,2.8947231563663493e-22,2.8984102572738786e-22,2.9020973581814614e-22,2.9057844590889757e-22,2.909471559996539e-22,2.913158660904108e-22,2.916845761811694e-22,2.920532862719238e-22,2.924219963626816e-22,2.927907064534353e-22,2.9315941654419095e-22,2.935281266349428e-22,2.9389683672570344e-22,2.942655468164547e-22,2.9463425690720943e-22,2.950029669979702e-22,2.9537167708872883e-22,2.9574038717948204e-22,2.96109097270243e-22,2.964778073609948e-22,2.9684651745174702e-22,2.9721522754250357e-22,2.9758393763326097e-22,2.979526477240177e-22,2.9832135781477115e-22,2.986900679055258e-22,2.9905877799628368e-22,2.9942748808703886e-22,2.9979619817779536e-22,3.001649082685489e-22,3.005336183593036e-22,3.0090232845005884e-22,3.012710385408162e-22,3.0163974863157372e-22,3.020084587223274e-22,3.023771688130863e-22,3.027458789038413e-22,3.0311458899459263e-22,3.0348329908535345e-22,3.0385200917611038e-22,3.0422071926686533e-22,3.0458942935762136e-22,3.0495813944837353e-22,3.053268495391293e-22,3.0569555962989293e-22,3.060642697206428e-22,3.064329798113972e-22,3.068016899021532e-22,3.071703999929054e-22,3.075391100836677e-22,3.0790782017441904e-22,3.082765302651779e-22,3.086452403559376e-22,3.090139504466931e-22,3.093826605374454e-22,3.097513706282029e-22,3.101200807189576e-22,3.1048879080971003e-22,3.1085750090047298e-22,3.1122621099122266e-22,3.11594921081981e-22,3.1196363117273542e-22,3.1233234126348943e-22,3.1270105135424843e-22,3.130697614450027e-22,3.1343847153576053e-22,3.1380718162651134e-22,3.1417589171726963e-22,3.145446018080245e-22,3.1491331189878385e-22,3.152820219895369e-22,3.1565073208029465e-22,3.1601944217104814e-22,3.163881522618115e-22,3.167568623525685e-22,3.1712557244331947e-22,3.174942825340723e-22,3.1786299262483064e-22,3.1823170271558145e-22,3.186004128063416e-22,3.1896912289709864e-22,3.1933783298785114e-22,3.197065430786049e-22,3.200752531693629e-22,3.204439632601181e-22,3.208126733508752e-22,3.211813834416334e-22,3.215500935323873e-22,3.2191880362314434e-22,3.222875137138966e-22,3.2265622380465306e-22,3.2302493389540933e-22,3.2339364398616597e-22,3.2376235407692035e-22,3.241310641676786e-22,3.2449977425843293e-22,3.2486848434918473e-22,3.2523719443994353e-22,3.2560590453069956e-22,3.2597461462145907e-22,3.26343324712214e-22,3.267120348029682e-22,3.2708074489372223e-22,3.2744945498447967e-22,3.278181650752346e-22,3.2818687516598764e-22,3.2855558525674555e-22,3.289242953475011e-22,3.2929300543825733e-22,3.2966171552901077e-22,3.3003042561976943e-22,3.3039913571052377e-22,3.3076784580128173e-22,3.3113655589203776e-22,3.3150526598279294e-22,3.318739760735452e-22,3.322426861643015e-22,3.3261139625506075e-22,3.3298010634581796e-22,3.3334881643657892e-22,3.3371752652732837e-22,3.340862366180831e-22,3.344549467088412e-22,3.348236567995918e-22,3.3519236689035146e-22,3.3556107698110725e-22,3.359297870718619e-22,3.362984971626198e-22,3.3666720725337248e-22,3.370359173441295e-22,3.37404627434884e-22,3.3777333752564146e-22,3.381420476163981e-22,3.385107577071534e-22,3.388794677979117e-22,3.392481778886636e-22,3.3961688797941997e-22,3.3998559807017694e-22,3.403543081609328e-22,3.4072301825168655e-22,3.4109172834244056e-22,3.414604384331977e-22,3.418291485239559e-22,3.4219785861470983e-22,3.4256656870546825e-22,3.4293527879622537e-22,3.433039888869774e-22,3.4367269897773305e-22,3.440414090684877e-22,3.4441011915924864e-22,3.4477882924999908e-22,3.4514753934076112e-22,3.4551624943151e-22,3.45884959522265e-22,3.462536696130241e-22,3.4662237970378177e-22,3.4699108979453587e-22,3.4735979988528936e-22,3.4772850997604595e-22,3.48097220066802e-22,3.484659301575593e-22,3.4883464024831484e-22,3.492033503390689e-22,3.49572060429825e-22,3.4994077052058148e-22,3.5030948061133534e-22,3.5067819070209156e-22,3.510469007928489e-22,3.514156108836063e-22,3.5178432097436026e-22,3.521530310651185e-22,3.5252174115587153e-22,3.5289045124663113e-22,3.532591613373845e-22,3.536278714281415e-22,3.539965815188986e-22,3.543652916096492e-22,3.5473400170040583e-22,3.551027117911614e-22,3.554714218819199e-22,3.5584013197267316e-22,3.5620884206343028e-22,3.5657755215418885e-22,3.569462622449437e-22,3.5731497233569973e-22,3.576836824264564e-22,3.580523925172112e-22,3.5842110260796302e-22,3.587898126987236e-22,3.5915852278947635e-22,3.5952723288023333e-22,3.5989594297098823e-22,3.6026465306174327e-22,3.606333631524979e-22,3.6100207324325185e-22,3.613707833340164e-22,3.617394934247682e-22,3.6210820351552516e-22,3.6247691360628307e-22,3.6284562369703826e-22,3.632143337877878e-22,3.635830438785495e-22,3.6395175396930296e-22,3.643204640600595e-22,3.646891741508153e-22,3.6505788424156734e-22,3.654265943323235e-22,3.6579530442308245e-22,3.661640145138434e-22,3.66532724604594e-22,3.669014346953471e-22,3.6727014478610465e-22,3.67638854876858e-22,3.6800756496761487e-22,3.6837627505837763e-22,3.6874498514912703e-22,3.6911369523988456e-22,3.6948240533064026e-22,3.698511154214027e-22,3.7021982551215613e-22,1.6935305649335594e-16,2.044512534508148e-16,2.3355055626292817e-16,2.623818094623717e-16,2.9120108444217637e-16,3.2001982324388336e-16,3.4883853713273706e-16,3.776572489538361e-16,4.064759597281401e-16,4.352946695013702e-16,4.641133782756386e-16,4.929320860510876e-16,5.217507928277731e-16,5.505694986056975e-16,5.79388203384889e-16,6.082069071653469e-16,6.370256099470866e-16,6.658443117301235e-16,6.946630125144225e-16,7.234817123000118e-16,7.523004110868976e-16,7.811191088750565e-16,8.099378056645171e-16,8.387565014552611e-16,8.675751962472937e-16,8.963938900406264e-16,9.252125828352351e-16,9.540312746311204e-16,9.828499654283181e-16,1.0116686552267906e-15,1.0404873440265399e-15,1.0693060318275861e-15,1.098124718629899e-15,1.1269434044335082e-15,1.1557620892384148e-15,1.1845807730445797e-15,1.2133994558520584e-15,1.242218137660799e-15,1.2710368184708048e-15,1.299855498282094e-15,1.3286741770946844e-15,1.357492854908545e-15,1.3863115317236764e-15,1.4151302075401098e-15,1.443948882357785e-15,1.4727675561767558e-15,1.5015862289970183e-15,1.5304049008185454e-15,1.5592235716413632e-15,1.5880422414654561e-15,1.6168609102908203e-15,1.6456795781174464e-15,1.6744982449453282e-15,1.7033169107744977e-15,1.7321355756049818e-15,1.7609542394366996e-15,1.7897729022696796e-15,1.818591564103975e-15,1.8474102249395083e-15,1.876228884776314e-15,1.905047543614416e-15,1.9338662014537783e-15,1.9626848582943933e-15,1.991503514136296e-15,2.020322168979435e-15,2.0491408228238766e-15,2.0779594756695694e-15,2.1067781275165415e-15,2.1355967783647446e-15,2.164415428214246e-15,2.1932340770650063e-15,2.222052724917028e-15,2.2508713717703096e-15,2.279690017624836e-15,2.308508662480672e-15,2.3373273063377536e-15,2.366145949196063e-15,2.3949645910557516e-15,2.4237832319166057e-15,2.4526018717787028e-15,2.4814205106421118e-15,2.5102391485067657e-15,2.5390577853726783e-15,2.5678764212398098e-15,2.5966950561082106e-15,2.625513689977925e-15,2.6543323228488653e-15,2.6831509547210876e-15,2.7119695855945517e-15,2.740788215469224e-15,2.7696068443452054e-15,2.7984254722224456e-15,2.827244099100931e-15,2.8560627249805865e-15,2.8848813498615808e-15,2.9136999737438203e-15,2.9425185966273007e-15,2.97133721851201e-15,3.0001558393980114e-15,3.028974459285274e-15,3.057793078173785e-15,3.086611696063555e-15,3.1154303129545245e-15,3.144248928846762e-15,3.173067543740205e-15,3.2018861576349476e-15,3.2307047705309217e-15,3.2595233824281426e-15,3.2883419933266293e-15,3.3171606032263038e-15,3.34597921212731e-15,3.3747978200295175e-15,3.403616426932979e-15,3.4324350328377006e-15,3.4612536377436406e-15,3.4900722416507852e-15,3.518890844559196e-15,3.5477094464688676e-15,3.576528047379821e-15,3.6053466472919974e-15,3.634165246205428e-15,3.662983844120081e-15,3.6918024410359354e-15,3.720621036953101e-15,3.7494396318714365e-15,3.778258225791069e-15,3.807076818711874e-15,3.8358954106338836e-15,3.8647140015571875e-15,3.893532591481785e-15,3.922351180407569e-15,3.951169768334571e-15,3.979988355262828e-15,4.0088069411922965e-15,4.0376255261230525e-15,4.066444110055011e-15,4.09526269298821e-15,4.124081274922541e-15,4.152899855858203e-15,4.18171843579507e-15,4.210537014733194e-15,4.239355592672489e-15,4.268174169613096e-15,4.2969927455548815e-15,4.325811320497944e-15,4.354629894442184e-15,4.383448467387639e-15,4.412267039334315e-15,4.441085610282231e-15,4.469904180231389e-15,4.4987227491817455e-15,4.527541317133311e-15,4.5563598840862196e-15,4.5851784500402836e-15,4.613997014995616e-15,4.642815578952055e-15,4.6716341419097745e-15,4.700452703868702e-15,4.72927126482896e-15,4.758089824790286e-15,4.786908383752896e-15,4.815726941716686e-15,4.844545498681733e-15,4.873364054648039e-15,4.902182609615543e-15,4.93100116358407e-15,4.9598197165541115e-15,4.9886382685252e-15,5.0174568194975026e-15,5.046275369471104e-15,5.075093918445884e-15,5.103912466421891e-15,5.132731013399123e-15,5.161549559377562e-15,5.1903681043572475e-15,5.219186648338092e-15,5.248005191320219e-15,5.276823733303446e-15,5.305642274287968e-15,5.3344608142736226e-15,5.36327935326062e-15,5.392097891248886e-15,5.4209164282382744e-15,5.4497349642288366e-15,5.4785534992206054e-15,5.507372033213578e-15,5.536190566207768e-15,5.565009098203169e-15,5.593827629199723e-15,5.622646159197466e-15,5.651464688196444e-15,5.680283216196638e-15,5.709101743198097e-15,5.737920269200705e-15,5.766738794204506e-15,5.795557318209668e-15,5.824375841215867e-15,5.853194363223228e-15,5.882012884231857e-15,5.910831404241726e-15,5.939649923252704e-15,5.968468441264969e-15,5.997286958278407e-15,6.026105474293006e-15,6.054923989308862e-15,6.083742503325873e-15,6.11256101634415e-15,6.141379528363498e-15,6.170198039384152e-15,6.1990165494060044e-15,6.227835058429003e-15,6.256653566453207e-15,6.285472073478668e-15,6.314290579505182e-15,6.3431090845330464e-15,6.371927588562027e-15,6.400746091592183e-15,6.429564593623575e-15,6.458383094656294e-15,6.4872015946899365e-15,6.516020093724906e-15,6.5448385917610826e-15,6.573657088798338e-15,6.602475584836829e-15,6.631294079876578e-15,6.6601125739175026e-15,6.688931066959526e-15,6.7177495590027315e-15,6.746568050047319e-15,6.775386540092852e-15,6.804205029139655e-15,6.833023517187618e-15,6.861842004236843e-15,6.89066049028719e-15,6.919478975338811e-15,6.9482974593915194e-15,6.977115942445314e-15,7.0059344245005436e-15,7.03475290555685e-15,7.0635713856142326e-15,7.092389864672817e-15,7.12120834273272e-15,7.150026819793654e-15,7.178845295855835e-15,7.207663770919295e-15,7.236482244983752e-15,7.265300718049362e-15,7.294119190116297e-15,7.322937661184421e-15,7.351756131253665e-15,7.380574600324088e-15,7.409393068395582e-15,7.438211535468357e-15,7.467030001542286e-15,7.49584846661747e-15,7.524666930693702e-15,7.55348539377116e-15,7.582303855849943e-15,7.611122316929706e-15,7.639940777010679e-15,7.668759236092847e-15,7.697577694176072e-15,7.726396151260568e-15,7.755214607346228e-15,7.784033062432945e-15,7.812851516520883e-15,7.841669969609943e-15,7.87048842170038e-15,7.89930687279186e-15,7.928125322884403e-15,7.956943771978299e-15,7.985762220073498e-15,8.014580667169453e-15,8.043399113266802e-15,8.072217558365285e-15,8.101036002464876e-15,8.129854445565739e-15,8.158672887667781e-15,8.187491328770836e-15,8.216309768875142e-15,8.245128207980427e-15,8.273946646087029e-15,8.30276508319491e-15,8.331583519303822e-15,8.36040195441395e-15,8.38922038852528e-15,8.418038821637723e-15,8.446857253751235e-15,8.475675684865992e-15,8.504494114981786e-15,8.533312544098727e-15,8.562130972216926e-15,8.590949399335997e-15,8.619767825456475e-15,8.648586250578193e-15,8.677404674700937e-15,8.706223097824863e-15,8.735041519950085e-15,8.763859941076246e-15,8.792678361203688e-15,8.821496780332178e-15,8.850315198461868e-15,8.87913361559279e-15,8.907952031724692e-15,8.936770446857871e-15,8.965588860992252e-15,8.99440727412775e-15,9.02322568626424e-15,9.052044097402025e-15,9.080862507540941e-15,9.109680916681036e-15,9.138499324822239e-15,9.167317731964515e-15,9.196136138107872e-15,9.224954543252387e-15,9.253772947398153e-15,9.282591350545088e-15,9.311409752693153e-15,9.340228153842478e-15,9.369046553992659e-15,9.397864953144206e-15,9.426683351296673e-15,9.455501748450417e-15,9.484320144605235e-15,9.513138539761403e-15,9.541956933918549e-15,9.570775327076699e-15,9.599593719236306e-15,9.628412110396896e-15,9.657230500558586e-15,9.686048889721517e-15,9.71486727788543e-15,9.743685665050504e-15,9.772504051216746e-15,9.801322436383977e-15,9.83014082055258e-15,9.858959203722224e-15,9.887777585892864e-15,9.916595967064639e-15,9.945414347237714e-15,9.974232726411805e-15,1.0003051104587134e-14,1.0031869481763605e-14,1.0060687857941252e-14,1.0089506233119959e-14,1.0118324607299613e-14,1.0147142980480681e-14,1.0175961352662728e-14,1.020477972384591e-14,1.0233598094030169e-14,1.0262416463215721e-14,1.0291234831402202e-14,1.032005319858985e-14,1.0348871564778756e-14,1.0377689929968821e-14,1.0406508294159902e-14,1.0435326657352358e-14,1.0464145019545498e-14,1.0492963380740014e-14,1.0521781740935423e-14,1.055060010013197e-14,1.0579418458329718e-14,1.0608236815528771e-14,1.0637055171728785e-14,1.0665873526929954e-14,1.0694691881132278e-14,1.072351023433564e-14,1.0752328586540184e-14,1.0781146937745675e-14,1.0809965287952433e-14,1.0838783637160218e-14,1.0867601985369154e-14,1.0896420332579252e-14,1.0925238678790529e-14,1.0954057024002827e-14,1.0982875368216303e-14,1.1011693711430845e-14,1.1040512053646289e-14,1.1069330394862985e-14,1.109814873508099e-14,1.1126967074299913e-14,1.1155785412520046e-14,1.118460374974132e-14,1.1213422085963513e-14,1.1242240421187026e-14,1.1271058755411508e-14,1.1299877088637205e-14,1.1328695420864026e-14,1.1357513752091825e-14,1.1386332082320968e-14,1.1415150411550958e-14,1.1443968739781826e-14,1.147278706701442e-14,1.1501605393247738e-14,1.153042371848208e-14,1.1559242042717652e-14,1.1588060365954354e-14,1.1616878688192009e-14,1.1645697009430945e-14,1.167451532967099e-14,1.1703333648911961e-14,1.1732151967154233e-14,1.1760970284397555e-14,1.1789788600641852e-14,1.1818606915887448e-14,1.1847425230134047e-14,1.1876243543381735e-14,1.1905061855630492e-14,1.1933880166880441e-14,1.196269847713162e-14,1.1991516786383538e-14,1.2020335094637011e-14,1.2049153401891085e-14,1.2077971708146513e-14,1.2106790013402922e-14,1.2135608317660502e-14,1.2164426620918971e-14,1.219324492317873e-14,1.2222063224439594e-14,1.2250881524701402e-14,1.2279699823964362e-14,1.2308518122228499e-14,1.2337336419493805e-14,1.2366154715760198e-14,1.239497301102745e-14,1.2423791305296117e-14,1.2452609598565493e-14,1.2481427890836225e-14,1.2510246182107825e-14,1.2539064472380559e-14,1.2567882761654333e-14,1.2596701049929157e-14,1.262551933720543e-14,1.2654337623482455e-14,1.2683155908760628e-14,1.271197419303974e-14,1.2740792476320285e-14,1.2769610758601586e-14,1.2798429039884217e-14,1.282724732016767e-14,1.2856065599452657e-14,1.2884883877738221e-14,1.2913702155025151e-14,1.2942520431313135e-14,1.2971338706602107e-14,1.3000156980892126e-14,1.3028975254183474e-14,1.3057793526475497e-14,1.3086611797769016e-14,1.3115430068063452e-14,1.3144248337359189e-14,1.3173066605655892e-14,1.3201884872953575e-14,1.3230703139252358e-14,1.3259521404551968e-14,1.3288339668852828e-14,1.3317157932154656e-14,1.334597619445751e-14,1.3374794455761568e-14,1.340361271606658e-14,1.3432430975372801e-14,1.3461249233679895e-14,1.34900674909881e-14,1.3518885747297571e-14,1.3547704002607975e-14,1.3576522256919574e-14,1.360534051023193e-14,1.363415876254556e-14,1.3662977013860178e-14,1.369179526417589e-14,1.3720613513492545e-14,1.3749431761810508e-14,1.3778250009129323e-14,1.380706825544946e-14,1.3835886500770551e-14,1.3864704745092546e-14,1.3893522988415877e-14,1.3922341230740356e-14,1.3951159472065657e-14,1.3979977712392071e-14,1.4008795951719708e-14,1.4037614190048202e-14,1.4066432427377674e-14,1.4095250663708351e-14,1.4124068899039904e-14,1.415288713337277e-14,1.4181705366706488e-14,1.4210523599041404e-14,1.4239341830377152e-14,1.4268160060714117e-14,1.4296978290052247e-14,1.432579651839129e-14,1.4354614745731276e-14,1.4383432972072785e-14,1.441225119741498e-14,1.4441069421758045e-14,1.4469887645102468e-14,1.449870586744787e-14,1.4527524088794035e-14,1.4556342309141543e-14,1.4585160528490136e-14,1.4613978746839838e-14,1.4642796964190574e-14,1.4671615180542422e-14,1.4700433395894885e-14,1.4729251610248944e-14,1.4758069823603645e-14,1.478688803595946e-14,1.4815706247316426e-14,1.4844524457674425e-14,1.4873342667033444e-14,1.490216087539336e-14,1.4930979082754623e-14,1.495979728911679e-14,1.4988615494480124e-14,1.501743369884423e-14,1.504625190220974e-14,1.5075070104576013e-14,1.5103888305943408e-14,1.513270650631189e-14,1.5161524705681223e-14,1.5190342904051783e-14,1.5219161101423247e-14,1.5247979297795843e-14,1.527679749316949e-14,1.5305615687544164e-14,1.5334433880919868e-14,1.5363252073296603e-14,1.5392070264674456e-14,1.5420888455053318e-14,1.5449706644433148e-14,1.5478524832814138e-14,1.550734302019606e-14,1.553616120657901e-14,1.556497939196275e-14,1.559379757634757e-14,1.5622615759733583e-14,1.5651433942120766e-14,1.5680252123508984e-14,1.5709070303898336e-14,1.573788848328833e-14,1.576670666167985e-14,1.57955248390717e-14,1.582434301546521e-14,1.5853161190859202e-14,1.5881979365254446e-14,1.5910797538650748e-14,1.5939615711048167e-14,1.5968433882446644e-14,1.599725205284573e-14,1.6026070222246332e-14,1.6054888390647832e-14,1.608370655805027e-14,1.611252472445371e-14,1.614134288985818e-14,1.6170161054263875e-14,1.6198979217670444e-14,1.6227797380077952e-14,1.6256615541486572e-14,1.6285433701896066e-14,1.631425186130679e-14,1.6343070019718836e-14,1.6371888177131302e-14,1.6400706333545342e-14,1.6429524488959875e-14,1.6458342643375434e-14,1.6487160796792092e-14,1.6515978949209692e-14,1.6544797100628478e-14,1.6573615251048497e-14,1.6602433400469366e-14,1.663125154889114e-14,1.666006969631404e-14,1.6688887842738027e-14,1.6717705988162672e-14,1.674652413258868e-14,1.6775342276015323e-14,1.6804160418443348e-14,1.6832978559872258e-14,1.686179670030213e-14,1.6890614839733287e-14,1.6919432978165075e-14,1.6948251115598073e-14,1.697706925203217e-14,1.7005887387467074e-14,1.7034705521903306e-14,1.706352365534022e-14,1.7092341787778258e-14,1.7121159919217327e-14,1.714997804965719e-14,1.7178796179098403e-14,1.7207614307540413e-14,1.7236432434983418e-14,1.7265250561427695e-14,1.7294068686873002e-14,1.7322886811319223e-14,1.735170493476626e-14,1.7380523057214612e-14,1.7409341178663537e-14,1.7438159299113762e-14,1.7466977418564603e-14,1.749579553701675e-14,1.7524613654469943e-14,1.7553431770924003e-14,1.758224988637906e-14,1.7611068000835057e-14,1.7639886114292206e-14,1.7668704226750108e-14,1.7697522338209097e-14,1.7726340448669383e-14,1.775515855813038e-14,1.7783976666592357e-14,1.7812794774055747e-14,1.784161288051953e-14,1.7870430985984304e-14,1.7899249090450448e-14,1.792806719391725e-14,1.795688529638536e-14,1.7985703397854167e-14,1.8014521498324182e-14,1.804333959779528e-14,1.807215769626709e-14,1.810097579373997e-14,1.812979389021384e-14,1.815861198568862e-14,1.818743008016454e-14,1.8216248173641384e-14,1.8245066266119238e-14,1.8273884357598088e-14,1.8302702448077804e-14,1.833152053755844e-14,1.8360338626040307e-14,1.8389156713523062e-14,1.8417974800006996e-14,1.844679288549154e-14,1.84756109699778e-14,1.850442905346435e-14,1.8533247135952093e-14,1.8562065217440755e-14,1.8590883297930403e-14,1.861970137742142e-14,1.864851945591284e-14,1.8677337533405652e-14,1.8706155609899123e-14,1.8734973685393635e-14,1.8763791759889227e-14,1.8792609833385668e-14,1.8821427905883117e-14,1.885024597738166e-14,1.8879064047881193e-14,1.8907882117381633e-14,1.8936700185882804e-14,1.8965518253385495e-14,1.8994336319888567e-14,1.9023154385393203e-14,1.905197244989826e-14,1.908079051340462e-14,1.9109608575912042e-14,1.9138426637420002e-14,1.9167244697929195e-14,1.9196062757439435e-14,1.922488081595038e-14,1.925369887346251e-14,1.9282516929975577e-14,1.9311334985489533e-14,1.9340153040004664e-14,1.9368971093520012e-14,1.939778914603709e-14,1.9426607197555094e-14,1.9455425248073897e-14,1.9484243297593752e-14,1.951306134611435e-14,1.954187939363629e-14,1.9570697440158942e-14,1.9599515485682224e-14,1.9628333530207656e-14,1.9657151573733122e-14,1.9685969616259514e-14,1.971478765778686e-14,1.9743605698315398e-14,1.977242373784479e-14,1.9801241776375022e-14,1.9830059813906265e-14,1.9858877850438504e-14,1.988769588597176e-14,1.9916513920505844e-14,1.9945331954041056e-14,1.997414998657713e-14,2.0002968018114312e-14,2.003178604865243e-14,2.0060604078191616e-14,2.0089422106731498e-14,2.0118240134272468e-14,2.0147058160814446e-14,2.0175876186357067e-14,2.0204694210901303e-14,2.0233512234445748e-14,2.0262330256991525e-14,2.0291148278538196e-14,2.0319966299086024e-14,2.034878431863464e-14,2.0377602337184344e-14,2.0406420354734583e-14,2.043523837128612e-14,2.0464056386838816e-14,2.0492874401391828e-14,2.0521692414946038e-14,2.0550510427501283e-14,2.05793284390574e-14,2.060814644961463e-14,2.0636964459172717e-14,2.0665782467731443e-14,2.0694600475291904e-14,2.072341848185245e-14,2.0752236487414353e-14,2.078105449197691e-14,2.080987249554069e-14,2.0838690498105492e-14,2.086750849967086e-14,2.089632650023732e-14,2.092514449980463e-14,2.095396249837342e-14,2.0982780495942728e-14,2.1011598492512883e-14,2.1040416488084198e-14,2.1069234482656424e-14,2.109805247622933e-14,2.1126870468803397e-14,2.115568846037821e-14,2.1184506450954208e-14,2.1213324440531323e-14,2.1242142429109115e-14,2.127096041668753e-14,2.1299778403267314e-14,2.1328596388847838e-14,2.1357414373429213e-14,2.1386232357011745e-14,2.141505033959512e-14,2.1443868321179605e-14,2.147268630176462e-14,2.1501504281351237e-14,2.1530322259938352e-14,2.1559140237525916e-14,2.1587958214115212e-14,2.1616776189705103e-14,2.1645594164295893e-14,2.167441213788764e-14,2.170323011048043e-14,2.1732048082074202e-14,2.1760866052668395e-14,2.1789684022264174e-14,2.1818501990860283e-14,2.1847319958457625e-14,2.187613792505611e-14,2.1904955890655265e-14,2.1933773855255128e-14,2.196259181885595e-14,2.1991409781458163e-14,2.2020227743060762e-14,2.204904570366459e-14,2.2077863663269316e-14,2.2106681621874527e-14,2.2135499579481144e-14,2.216431753608853e-14,2.219313549169647e-14,2.222195344630566e-14,2.2250771399915813e-14,2.22795893525269e-14,2.230840730413922e-14,2.2337225254751743e-14,2.2366043204365423e-14,2.2394861152980355e-14,2.242367910059592e-14,2.24524970472125e-14,2.2481314992829885e-14,2.2510132937448254e-14,2.2538950881067916e-14,2.2567768823687975e-14,2.259658676530931e-14,2.2625404705931068e-14,2.265422264555419e-14,2.2683040584178028e-14,2.2711858521802943e-14,2.2740676458429325e-14,2.276949439405557e-14,2.2798312328683243e-14,2.282713026231204e-14,2.2855948194940856e-14,2.288476612657114e-14,2.291358405720229e-14,2.2942401986834376e-14,2.2971219915466947e-14,2.300003784310042e-14,2.302885576973571e-14,2.3057673695371006e-14,2.308649162000764e-14,2.3115309543645133e-14,2.3144127466282742e-14,2.3172945387921918e-14,2.3201763308562362e-14,2.3230581228203625e-14,2.3259399146845774e-14,2.3288217064488537e-14,2.3317034981132412e-14,2.3345852896777038e-14,2.3374670811422445e-14,2.3403488725069122e-14,2.3432306637716654e-14,2.3461124549364856e-14,2.3489942460014203e-14,2.351876036966427e-14,2.3547578278315004e-14,2.357639618596734e-14,2.3605214092620052e-14,2.3634031998273732e-14,2.3662849902928225e-14,2.369166780658367e-14,2.372048570923986e-14,2.3749303610897475e-14,2.3778121511555204e-14,2.3806939411214387e-14,2.383575730987394e-14,2.3864575207534867e-14,2.3893393104196454e-14,2.3922210999858952e-14,2.3951028894522313e-14,2.3979846788186686e-14,2.4008664680851712e-14,2.4037482572517856e-14,2.4066300463184877e-14,2.4095118352852858e-14,2.4123936241521647e-14,2.415275412919108e-14,2.4181572015861966e-14,2.4210389901533354e-14,2.4239207786205587e-14,2.4268025669878797e-14,2.4296843552552508e-14,2.4325661434227524e-14,2.43544793149032e-14,2.4383297194579944e-14,2.4412115073257096e-14,2.4440932950935913e-14,2.4469750827615085e-14,2.449856870329527e-14,2.4527386577976093e-14,2.4556204451658222e-14,2.458502232434107e-14,2.4613840196024972e-14,2.464265806670975e-14,2.467147593639503e-14,2.4700293805081257e-14,2.4729111672768403e-14,2.4757929539455958e-14,2.4786747405144635e-14,2.481556526983442e-14,2.4844383133525362e-14,2.487320099621654e-14,2.4902018857908947e-14,2.493083671860178e-14,2.4959654578296317e-14,2.498847243699127e-14,2.5017290294687292e-14,2.5046108151384473e-14,2.5074926007081766e-14,2.5103743861780153e-14,2.5132561715479674e-14,2.5161379568179936e-14,2.5190197419881217e-14,2.52190152705834e-14,2.5247833120285945e-14,2.5276650968989298e-14,2.5305468816694013e-14,2.5334286663399185e-14,2.536310450910578e-14,2.539192235381299e-14,2.54207401975205e-14,2.5449558040229106e-14,2.5478375881938993e-14,2.550719372264931e-14,2.5536011562360634e-14,2.556482940107315e-14,2.5593647238786206e-14,2.5622465075500227e-14,2.5651282911214903e-14,2.5680100745931144e-14,2.5708918579647238e-14,2.5737736412364697e-14,2.5766554244082824e-14,2.5795372074801708e-14,2.582418990452146e-14,2.585300773324266e-14,2.5881825560963668e-14,2.591064338768642e-14,2.59394612134096e-14,2.596827903813424e-14,2.599709686185952e-14,2.6025914684585167e-14,2.6054732506312392e-14,2.6083550327040356e-14,2.611236814676842e-14,2.6141185965497885e-14,2.617000378322787e-14,2.6198821599958723e-14,2.6227639415690404e-14,2.6256457230423018e-14,2.6285275044156785e-14,2.6314092856891325e-14,2.6342910668626608e-14,2.6371728479362462e-14,2.6400546289099605e-14,2.642936409783709e-14,2.6458181905575635e-14,2.6486999712315368e-14,2.6515817518056038e-14,2.6544635322796983e-14,2.6573453126538884e-14,2.660227092928128e-14,2.6631088731025485e-14,2.6659906531770188e-14,2.6688724331515574e-14,2.6717542130262032e-14,2.674635992800922e-14,2.6775177724756864e-14,2.6803995520505777e-14,2.6832813315255168e-14,2.6861631109004956e-14,2.689044890175647e-14,2.691926669350847e-14,2.6948084484261555e-14,2.6976902274015822e-14,2.7005720062770256e-14,2.703453785052547e-14,2.7063355637281496e-14,2.7092173423038498e-14,2.7120991207796016e-14,2.7149808991554912e-14,2.7178626774313955e-14,2.7207444556074692e-14,2.7236262336835775e-14,2.726508011659769e-14,2.7293897895360398e-14,2.732271567312422e-14,2.735153344988879e-14,2.7380351225654106e-14,2.7409169000420202e-14,2.7437986774187238e-14,2.746680454695503e-14,2.7495622318723953e-14,2.752444008949276e-14,2.755325785926325e-14,2.758207562803408e-14,2.7610893395806092e-14,2.7639711162578705e-14,2.7668528928352472e-14,2.7697346693126733e-14,2.7726164456901627e-14,2.7754982219678105e-14,2.7783799981454732e-14,2.7812617742232472e-14,2.7841435502011035e-14,2.7870253260790203e-14,2.789907101857057e-14,2.792788877535149e-14,2.7956706531133104e-14,2.7985524285915552e-14,2.8014342039699627e-14,2.8043159792483574e-14,2.8071977544268408e-14,2.810079529505461e-14,2.8129613044840772e-14,2.815843079362816e-14,2.8187248541416612e-14,2.821606628820598e-14,2.8244884033995774e-14,2.8273701778786468e-14,2.830251952257771e-14,2.8331337265370234e-14,2.8360155007163194e-14,2.838897274795741e-14,2.8417790487752758e-14,2.8446608226548274e-14,2.847542596434464e-14,2.850424370114224e-14,2.8533061436940176e-14,2.856187917173847e-14,2.859069690553852e-14,2.861951463833927e-14,2.864833237014044e-14,2.867715010094294e-14,2.870596783074555e-14,2.873478555954933e-14,2.8763603287353985e-14,2.879242101415891e-14,2.8821238739965074e-14,2.885005646477187e-14,2.887887418857923e-14,2.890769191138793e-14,2.893650963319712e-14,2.8965327354007015e-14,2.882479826457912e-14,2.88185190009327e-14,2.8818238424571356e-14
12,2.775042033038587e-82,3.2927635183744723e-82,4.9629634247619535e-82,9.060087693242528e-82,1.757474892736858e-81,3.339394662939303e-81,6.049806285421397e-81,1.0417628223146398e-80,1.712614332994185e-80,2.703847538373177e-80,4.122507889356035e-80,6.099324696079739e-80,8.791863392065283e-80,1.2387878593717418e-79,1.7108867159262248e-79,2.321382046278225e-79,3.1003175171559736e-79,4.0822961908300894e-79,5.3069151273914676e-79,6.819219679247453e-79,8.67017744117061e-79,1.0917171825077868e-78,1.3624515233129745e-78,1.6863981806091032e-78,2.071535972626198e-78,2.5267023055939524e-78,3.0616523093458615e-78,3.6871199229548073e-78,4.414880928727053e-78,5.257817932808895e-78,6.229987290935888e-78,7.346687977429854e-78,8.624532395934642e-78,1.0081519130172422e-77,1.1737107633042163e-77,1.361229485238335e-77,1.5729693791650826e-77,1.8113614003956695e-77,2.079014401756355e-77,2.3787235691282668e-77,2.7134790497989732e-77,3.086474773460632e-77,3.501117465672345e-77,3.961035853627177e-77,4.470090064046463e-77,5.0323812130297664e-77,5.652261187690197e-77,6.334342619403006e-77,7.08350904849656e-77,7.904925280219608e-77,8.804047931794713e-77,9.786636170416264e-77,1.0858762641998467e-76,1.2026824590512491e-76,1.3297555167740546e-76,1.467803493327661e-76,1.6175703544603173e-76,1.779837163707391e-76,1.9554232893634036e-76,2.1451876304103773e-76,2.350029861386164e-76,2.5708916961752683e-76,2.8087581707066195e-76,3.0646589445349095e-76,3.339669621304107e-76,3.6349130880563365e-76,3.9515608733826986e-76,4.2908345243960424e-76,4.6540070025065874e-76,5.042404097986463e-76,5.4574058633044933e-76,5.900448065214741e-76,6.373023655582566e-76,6.87668426093109e-76,7.413041690686917e-76,7.983769464133907e-76,8.590604355995487e-76,9.235347960711735e-76,9.919868275332002e-76,1.064610130103528e-75,1.141605266325163e-75,1.2231799250353207e-75,1.3095490870961238e-75,1.4009351929756518e-75,1.4975683121859598e-75,1.5996863145694294e-75,1.7075350434416642e-75,1.8213684905770182e-75,1.9414489730440248e-75,2.068047311886141e-75,2.201443012645435e-75,2.3419244477291224e-75,2.489789040616179e-75,2.6453434519028384e-75,2.8089037671854323e-75,2.9807956867777893e-75,3.1613547172644156e-75,3.3509263648839836e-75,3.549866330744358e-75,3.7585407078663914e-75,3.9773261800550167e-75,4.206610222596005e-75,4.446791304777381e-75,4.698279094230212e-75,4.961494663096198e-75,5.236870696008348e-75,5.52485169989237e-75,5.825894215582938e-75,6.140467031254595e-75,6.469051397665175e-75,6.81214124521126e-75,7.170243402787625e-75,7.543877818465353e-75,7.933577781965202e-75,8.339890148940908e-75,8.763375567064375e-75,9.204608703912105e-75,9.66417847665137e-75,1.014268828352441e-74,1.064075623712917e-74,1.1159015399494653e-74,1.169811401894998e-74,1.2258715768784568e-74,1.2841499987698912e-74,1.3447161922043067e-74,1.407641296984264e-74,1.4729980926609692e-74,1.5408610232937841e-74,1.611306222387683e-74,1.6844115380092646e-74,1.760256558080142e-74,1.8389226358483045e-74,1.9204929155369927e-74,2.0050523581710124e-74,2.0926877675802424e-74,2.1834878165802657e-74,2.2775430733299304e-74,2.374946027865387e-74,2.4757911188121783e-74,2.5801747602709113e-74,2.6881953688820986e-74,2.7999533910656436e-74,2.915551330436894e-74,3.0350937753979234e-74,3.158687426905065e-74,3.2864411264116957e-74,3.4184658839863523e-74,3.554874906606138e-74,3.695783626625072e-74,3.841309730417416e-74,3.991573187195649e-74,4.146696278003046e-74,4.306803624880679e-74,4.4720222202085776e-74,4.642481456221167e-74,4.818313154696489e-74,4.999651596819225e-74,5.1866335532178124e-74,5.3793983141734795e-74,5.5780877200051466e-74,5.782846191625264e-74,5.993820761269723e-74,6.211161103400211e-74,6.435019565779762e-74,6.665551200719886e-74,6.902913796501554e-74,7.147267908967051e-74,7.398776893284609e-74,7.657606935884786e-74,7.923927086568911e-74,8.197909290788222e-74,8.47972842209539e-74,8.769562314767527e-74,9.06759179660004e-74,9.374000721870484e-74,9.68897600447476e-74,1.001270765123323e-73,1.0345388795367829e-73,1.068721573014889e-73,1.1038387942712855e-73,1.1399108148050437e-73,1.1769582323161703e-73,1.2150019741386895e-73,1.2540633006900966e-73,1.2941638089380603e-73,1.3353254358839901e-73,1.3775704620635337e-73,1.4209215150639593e-73,1.4654015730584394e-73,1.511033968357202e-73,1.5578423909755385e-73,1.6058508922186522e-73,1.6550838882833393e-73,1.7055661638764716e-73,1.7573228758502864e-73,1.810379556854455e-73,1.864762119004904e-73,1.9204968575694176e-73,1.9776104546699485e-73,2.0361299830016596e-73,2.096082909568686e-73,2.1574970994365576e-73,2.2204008195013296e-73,2.2848227422753592e-73,2.3507919496897298e-73,2.4183379369133068e-73,2.4874906161884227e-73,2.5582803206831134e-73,2.6307378083600398e-73,2.70489426586199e-73,2.7807813124136385e-73,2.858431003740278e-73,2.937875836002837e-73,3.019148749749446e-73,3.102283133883516e-73,3.1873128296482974e-73,3.274272134627946e-73,3.3631958067648396e-73,3.4541190683937474e-73,3.5470776102920025e-73,3.6421075957463e-73,3.7392456646358445e-73,3.83852893753188e-73,3.9399950198135766e-73,4.043682005800296e-73,4.1496284829001407e-73,4.257873535774879e-73,4.368456750521132e-73,4.481418218867976e-73,4.5967985423904563e-73,4.7146388367399634e-73,4.834980735890419e-73,4.957866396400477e-73,5.083338501692779e-73,5.211440266348617e-73,5.3422154404191e-73,5.4757083137524944e-73,5.611963720337686e-73,5.75102704266382e-73,5.892944216096041e-73,6.037761733267362e-73,6.185526648486666e-73,6.336286582162744e-73,6.490089725244447e-73,6.646984843676889e-73,6.807021282873679e-73,6.970248972205221e-73,7.136718429502983e-73,7.306480765579799e-73,7.479587688766157e-73,7.656091509462477e-73,7.83604514470733e-73,8.019502122761487e-73,8.206516587708212e-73,8.397143304069127e-73,8.591437661436183e-73,8.789455679119419e-73,8.991254010810691e-73,9.196889949263213e-73,9.406421430986844e-73,9.619907040959393e-73,9.837406017353616e-73,1.0058978256280045e-72,1.0284684316545623e-72,1.051458542442808e-72,1.0748743478466098e-72,1.0987221054265223e-72,1.1230081409319489e-72,1.147738848784876e-72,1.17292069256518e-72,1.1985602054975022e-72,1.2246639909396892e-72,1.2512387228728037e-72,1.2782911463926949e-72,1.3058280782031366e-72,1.3338564071105263e-72,1.362383094520142e-72,1.3914151749339624e-72,1.4209597564500418e-72,1.4510240212634422e-72,1.4816152261687218e-72,1.512740703063974e-72,1.5444078594564226e-72,1.576624178969564e-72,1.6093972218518614e-72,1.642734625486992e-72,1.6766441049056107e-72,1.71113345329871e-72,1.7462105425324951e-72,1.7818833236647906e-72,1.8181598274630041e-72,1.8550481649236344e-72,1.8925565277933e-72,1.930693189091319e-72,1.9694665036338221e-72,2.0088849085593945e-72,2.0489569238562555e-72,2.0896911528909665e-72,2.1310962829386738e-72,2.1731810857148733e-72,2.215954417908706e-72,2.2594252217177768e-72,2.303602525384521e-72,2.3484954437340405e-72,2.3941131787135156e-72,2.440465019933113e-72,2.4875603452084174e-72,2.535408621104376e-72,2.5840194034807663e-72,2.6334023380391765e-72,2.6835671608714946e-72,2.7345236990099216e-72,2.7862818709784745e-72,2.838851687346048e-72,2.892243251280885e-72,2.946466759106684e-72,3.001532500860112e-72,3.05745086084986e-72,3.1142323182171966e-72,3.1718874474980436e-72,3.230426919186489e-72,3.2898615002998833e-72,3.3502020549453735e-72,3.4114595448879503e-72,3.4736450301199976e-72,3.536769669432319e-72,3.600844720986692e-72,3.66588154288982e-72,3.7318915937689345e-72,3.798886433348728e-72,3.8668777230298584e-72,3.9358772264689143e-72,4.005896810159863e-72,4.076948444016991e-72,4.149044201959327e-72,4.22219626249653e-72,4.296416909316271e-72,4.3717185318730687e-72,4.4481136259786496e-72,4.5256147943937256e-72,4.604234747421304e-72,4.683986303501403e-72,4.764882389807256e-72,4.846936042843069e-72,4.930160409043129e-72,5.014568745372438e-72,5.100174419928807e-72,5.186990912546408e-72,5.275031815400796e-72,5.36431083361539e-72,5.454841785869406e-72,5.546638605007304e-72,5.639715338649456e-72,5.734086149804694e-72,5.8297653174841e-72,5.926767237315953e-72,6.025106422162624e-72,6.124797502738604e-72,6.225855228230157e-72,6.328294466916285e-72,6.432130206791218e-72,6.537377556188329e-72,6.644051744405488e-72,6.752168122331899e-72,6.861742163076266e-72,6.972789462596584e-72,7.085325740331203e-72,7.199366839831411e-72,7.314928729395424e-72,7.432027502703841e-72,7.5506793794565e-72,7.670900706010793e-72,7.792707956021399e-72,7.916117731081457e-72,8.041146761365105e-72,8.167811906271687e-72,8.29613015507095e-72,8.426118627550082e-72,8.557794574661974e-72,8.691175379174939e-72,8.826278556323864e-72,8.963121754462765e-72,9.101722755718783e-72,9.242099476647625e-72,9.384269968890172e-72,9.528252419831036e-72,9.674065153257996e-72,9.821726630023098e-72,9.97125544870514e-72,1.0122670346273543e-71,1.0275990198753638e-71,1.043123402189337e-71,1.0588420971831402e-71,1.0747570345766616e-71,1.0908701582629026e-71,1.10718342637521e-71,1.1236988113546469e-71,1.1404183000175035e-71,1.1573438936229497e-71,1.174477607940827e-71,1.1918214733195764e-71,1.2093775347543115e-71,1.2271478519550394e-71,1.245134499414959e-71,1.2633395664790256e-71,1.2817651574125259e-71,1.3004133914698562e-71,1.3192864029634347e-71,1.3383863413327314e-71,1.3577153712134582e-71,1.3772756725068885e-71,1.3970694404493224e-71,1.41709888568165e-71,1.4373662343191365e-71,1.4578737280212564e-71,1.4786236240617281e-71,1.4996181953986379e-71,1.5208597307447404e-71,1.5423505346378794e-71,1.5640929275115444e-71,1.586089245765571e-71,1.608341841836966e-71,1.6308530842708914e-71,1.65362535779178e-71,1.6766610633745428e-71,1.6999626183159818e-71,1.7235324563062974e-71,1.747373027500743e-71,1.7714867985914146e-71,1.7958762528791727e-71,1.8205438903457156e-71,1.845492227725759e-71,1.8707237985793842e-71,1.8962411533644965e-71,1.922046859509436e-71,1.94814350148572e-71,1.974533680880895e-71,2.001220016471579e-71,2.0282051442965834e-71,2.0554917177302026e-71,2.0830824075556157e-71,2.1109799020384514e-71,2.13918690700046e-71,2.1677061458933344e-71,2.19654035987266e-71,2.2256923078720002e-71,2.2551647666771142e-71,2.2849605310003257e-71,2.3150824135549833e-71,2.3455332451301005e-71,2.37631587466511e-71,2.4074331693247288e-71,2.4388880145740137e-71,2.4706833142534924e-71,2.502821990654455e-71,2.5353069845943753e-71,2.5681412554924577e-71,2.6013277814453428e-71,2.6348695593028926e-71,2.6687696047441738e-71,2.7030309523535072e-71,2.737656655696714e-71,2.772649787397442e-71,2.808013439213654e-71,2.8437507221142306e-71,2.879864766355726e-71,2.9163587215592222e-71,2.9532357567873503e-71,2.9904990606214238e-71,3.0281518412387034e-71,3.066197326489787e-71,3.1046387639761596e-71,3.143479421127844e-71,3.182722585281189e-71,3.222371563756797e-71,3.2624296839375727e-71,3.3029002933469217e-71,3.343786759727013e-71,3.3850924711172987e-71,3.426820835933035e-71,3.4689752830440005e-71,3.51155926185333e-71,3.554576242376477e-71,3.5980297153203034e-71,3.6419231921623065e-71,3.686260205229968e-71,3.7310443077802355e-71,3.776279074079132e-71,3.821968099481501e-71,3.86811500051085e-71,3.914723414939382e-71,3.961797001868102e-71,4.0093394418070694e-71,4.057354436755785e-71,4.105845710283691e-71,4.154817007610848e-71,4.204272095688617e-71,4.2542147632806974e-71,4.304648821043986e-71,4.35557810160983e-71,4.4070064596652766e-71,4.458937772034473e-71,4.511375937760232e-71,4.564324878185642e-71,4.617788537035892e-71,4.671770880500163e-71,4.726275897313709e-71,4.7813075988399384e-71,4.83687001915282e-71,4.8929672151192344e-71,4.949603266481531e-71,5.006782275940219e-71,5.064508369236761e-71,5.122785695236484e-71,5.18161842601166e-71,5.241010756924663e-71,5.3009669067112846e-71,5.3614911175641585e-71,5.4225876552163205e-71,5.484260809024885e-71,5.546514892054858e-71,5.609354241163056e-71,5.672783217082185e-71,5.736806204504999e-71,5.801427612168623e-71,5.866651872938984e-71,5.9324834438953396e-71,5.998926806415007e-71,6.0659864662581335e-71,6.133666953652633e-71,6.201972823379247e-71,6.2709086548567125e-71,6.340479052227078e-71,6.410688644441112e-71,6.481542085343871e-71,6.553044053760353e-71,6.625199253581314e-71,6.698012413849177e-71,6.771488288844076e-71,6.845631658170031e-71,6.920447326841223e-71,6.995940125368428e-71,7.0721149098455255e-71,7.148976562036197e-71,7.226529989460664e-71,7.30478012548263e-71,7.383731929396254e-71,7.463390386513367e-71,7.5437605082507e-71,7.624847332217292e-71,7.706655922301992e-71,7.789191368761109e-71,7.872458788306169e-71,7.95646332419179e-71,8.041210146303688e-71,8.1267044512468e-71,8.21295146243353e-71,8.299956430172126e-71,8.387724631755125e-71,8.476261371548019e-71,8.565571981077948e-71,8.655661819122568e-71,8.746536271799015e-71,8.838200752652978e-71,8.930660702747941e-71,9.023921590754523e-71,9.117988913039828e-71,9.212868193757218e-71,9.308564984935813e-71,9.405084866570395e-71,9.50243344671133e-71,9.60061636155461e-71,9.699639275532033e-71,9.799507881401489e-71,9.900227900337387e-71,1.0001805082021153e-70,1.0104245204731894e-70,1.0207554075437186e-70,1.0311737529883954e-70,1.0416801432689448e-70,1.052275167743242e-70,1.0629594186744323e-70,1.0737334912400687e-70,1.0845979835412606e-70,1.0955534966118339e-70,1.1066006344275001e-70,1.1177400039150453e-70,1.1289722149615198e-70,1.140297880423449e-70,1.15171761613605e-70,1.1632320409224649e-70,1.174841776603e-70,1.1865474480043827e-70,1.1983496829690269e-70,1.2102491123643096e-70,1.2222463700918608e-70,1.2343420930968656e-70,1.2465369213773755e-70,1.2588314979936398e-70,1.2712264690774174e-70,1.2837224838413632e-70,1.2963201945883562e-70,1.3090202567208889e-70,1.3218233287504365e-70,1.3347300723068579e-70,1.347741152147805e-70,1.3608572361681374e-70,1.3740789954093455e-70,1.387407104069001e-70,1.4008422395102035e-70,1.4143850822710472e-70,1.4280363160740935e-70,1.441796627835861e-70,1.4556667076763212e-70,1.4696472489284122e-70,1.4837389481475554e-70,1.4979425051211897e-70,1.5122586228783255e-70,1.526688007699089e-70,1.5412313691242893e-70,1.555889419965006e-70,1.570662876312172e-70,1.5855524575461823e-70,1.6005588863465013e-70,1.61568288870129e-70,1.6309251939170424e-70,1.6462865346282317e-70,1.6617676468069704e-70,1.6773692697726798e-70,1.6930921462017718e-70,1.7089370221373422e-70,1.724904646998878e-70,1.7409957735919604e-70,1.75721115811801e-70,1.7735515601840146e-70,1.7900177428122783e-70,1.806610472450186e-70,1.8233305189799767e-70,1.8401786557285176e-70,1.8571556594771116e-70,1.874262310471296e-70,1.8914993924306594e-70,1.9088676925586732e-70,1.926368001552529e-70,1.9440011136129914e-70,1.961767826454258e-70,1.9796689413138342e-70,1.997705262962416e-70,2.0158775997137893e-70,2.0341867634347396e-70,2.052633569554941e-70,2.071218837076934e-70,2.0899433885860313e-70,2.1088080502602792e-70,2.1278136518804188e-70,2.1469610268398573e-70,2.1662510121546628e-70,2.1856844484735465e-70,2.2052621800878768e-70,2.224985054941695e-70,2.244853924641747e-70,2.264869644467521e-70,2.2850330733812955e-70,2.3053450740382147e-70,2.3258065127963426e-70,2.3464182597267572e-70,2.3671811886236477e-70,2.388096177014415e-70,2.40916410616979e-70,2.430385861113962e-70,2.4517623306347254e-70,2.4732944072936133e-70,2.4949829874360702e-70,2.516828971201625e-70,2.5388332625340672e-70,2.5609967691916374e-70,2.5833204027572423e-70,2.6058050786486636e-70,2.628451716128785e-70,2.651261238315832e-70,2.6742345721936123e-70,2.6973726486217846e-70,2.7206764023461206e-70,2.7441467720087883e-70,2.767784700158644e-70,2.791591133261533e-70,2.815567021710603e-70,2.8397133198366276e-70,2.8640309859183407e-70,2.8885209821927802e-70,2.913184274865649e-70,2.938021834121673e-70,2.9630346341349986e-70,2.9882236530795297e-70,3.013589873139403e-70,3.039134280519338e-70,3.064857865455081e-70,3.0907616222238306e-70,3.11684654915468e-70,3.1431136486390705e-70,3.169563927141255e-70,3.196198395208769e-70,3.223018067482916e-70,3.2500239627092646e-70,3.277217103748152e-70,3.3045985175851996e-70,3.3321692353418254e-70,3.359930292285843e-70,3.387882727841918e-70,3.416027585602187e-70,3.444365913336803e-70,3.4728987630045435e-70,3.501627190763363e-70,3.530552256981018e-70,3.559675026245668e-70,3.5889965673765086e-70,3.618517953434389e-70,3.648240261732465e-70,3.678164573846849e-70,3.708291975627273e-70,3.738623557207767e-70,3.769160413017337e-70,3.7999036417906664e-70,3.8308543465788204e-70,3.862013634759955e-70,3.893382618050058e-70,3.92496241251367e-70,3.956754138574639e-70,3.988758921026893e-70,4.020977889045163e-70,4.053412176195815e-70,4.086062920447611e-70,4.1189312641825095e-70,4.1520183542064795e-70,4.18532534176032e-70,4.218853382530487e-70,4.252603636659936e-70,4.286577268758977e-70,4.32077544791613e-70,4.3551993477089944e-70,4.389850146215134e-70,4.4247290260229804e-70,4.4598371742427164e-70,4.495175782517196e-70,4.5307460470328686e-70,4.566549168530713e-70,4.6025863523171786e-70,4.638858808275137e-70,4.675367750874852e-70,4.71211439918495e-70,4.749099976883391e-70,4.786325712268492e-70,4.823792838269905e-70,4.861502592459648e-70,4.899456217063117e-70,4.937654958970129e-70,4.9761000697459685e-70,5.014792805642424e-70,5.0537344276089054e-70,5.09292620130345e-70,5.1323693971038504e-70,5.1720652901187385e-70,5.2120151601986965e-70,5.252220291947367e-70,5.292681974732584e-70,5.333401502697507e-70,5.374380174771763e-70,5.4156192946826054e-70,5.457120170966082e-70,5.4988841169782116e-70,5.540912450906162e-70,5.583206495779459e-70,5.625767579481179e-70,5.668597034759175e-70,5.7116961992372954e-70,5.75506641542663e-70,5.798709030736744e-70,5.842625397486934e-70,5.886816872917519e-70,5.931284819201081e-70,5.976030603453768e-70,6.021055597746586e-70,6.066361179116712e-70,6.111948729578799e-70,6.15781963613631e-70,6.203975290792847e-70,6.250417090563497e-70,6.29714643748619e-70,6.344164738633063e-70,6.391473406121829e-70,6.43907385712717e-70,6.486967513892137e-70,6.535155803739516e-70,6.583640159083292e-70,6.632422017440053e-70,6.681502821440404e-70,6.730884018840446e-70,6.780567062533201e-70,6.830553410560087e-70,6.880844526122385e-70,6.931441877592724e-70,6.982346938526579e-70,7.033561187673764e-70,7.085086108989945e-70,7.13692319164816e-70,7.18907393005036e-70,7.241539823838936e-70,7.294322377908277e-70,7.347423102416329e-70,7.400843512796164e-70,7.454585129767557e-70,7.508649479348581e-70,7.5630380928672e-70,7.617752506972876e-70,7.672794263648192e-70,7.72816491022048e-70,7.783865999373449e-70,7.839899089158852e-70,7.896265743008086e-70,7.952967529743963e-70,8.010006023592273e-70,8.067382804193541e-70,8.125099456614692e-70,8.18315757136076e-70,8.241558744386609e-70,8.300304577108642e-70,8.35939667641655e-70,8.418836654685043e-70,8.478626129785604e-70,8.538766725098253e-70,8.599260069523308e-70,8.660107797493179e-70,8.721311548984156e-70,8.782872969528175e-70,8.844793710224704e-70,8.907075427752494e-70,8.969719784381391e-70,9.032728447984246e-70,9.096103092048702e-70,9.159845395689066e-70,9.223957043658184e-70,9.288439726359309e-70,9.353295139857981e-70,9.418524985893921e-70,9.484130971892939e-70,9.550114810978843e-70,9.61647822198538e-70,9.683222929468079e-70,9.750350663716329e-70,9.81786316076523e-70,9.885762162407602e-70,9.954049416205878e-70,1.0022726675504172e-69,1.0091795699440231e-69,1.0161258252957408e-69,1.0231116106816699e-69,1.0301371037608731e-69,1.0372024827765813e-69,1.0443079265573975e-69,1.0514536145184892e-69,1.0586397266628139e-69,1.0658664435823104e-69,1.0731339464591103e-69,1.0804424170667453e-69,1.087792037771359e-69,1.0951829915329061e-69,1.1026154619063787e-69,1.1100896330430055e-69,1.117605689691472e-69,1.1251638171991283e-69,1.132764201513206e-69,1.140407029182034e-69,1.148092487356253e-69,1.1558207637900331e-69,1.1635920468422945e-69,1.1714065254779215e-69,1.179264389268985e-69,1.1871658283959638e-69,1.1951110336489648e-69,1.2031001964289462e-69,1.2111335087489402e-69,1.219211163235279e-69,1.2273333531288186e-69,1.2355002722861648e-69,1.2437121151809008e-69,1.2519690769048155e-69,1.2602713531691316e-69,1.268619140305734e-69,1.2770126352684087e-69,1.2854520356340604e-69,1.2939375396039552e-69,1.3024693460049505e-69,1.31104765429073e-69,1.31967266454304e-69,1.328344577472922e-69,1.337063594421953e-69,1.3458299173634817e-69,1.3546437489038683e-69,1.3635052922837217e-69,1.3724147513791437e-69,1.381372330702967e-69,1.3903782354059985e-69,1.3994326712782648e-69,1.4085358447502566e-69,1.4176879628941604e-69,1.426889233425126e-69,1.4361398647025e-69,1.4454400657310742e-69,1.4547900461623342e-69,1.4641900162957192e-69,1.4736401870798547e-69,1.4831407701138134e-69,1.492691977648369e-69,1.502294022587244e-69,1.5119471184883677e-69,1.521651479565127e-69,1.5314073206876256e-69,1.5412148573839373e-69,1.5510743058413657e-69,1.5609858829077004e-69,1.570949806092478e-69,1.5809662935682405e-69,1.5910355641717964e-69,1.601157837405483e-69,1.611333333438428e-69,1.6215622731078142e-69,1.631844877920141e-69,1.6421813700524945e-69,1.6525719723538083e-69,1.6630169083461338e-69,1.673516402225905e-69,1.6840706788652115e-69,1.6946799638130634e-69,1.7053444832966637e-69,1.7160644642226802e-69,1.726840134178517e-69,1.7376717214335851e-69,1.748559454940581e-69,1.759503564336757e-69,1.7705042799451988e-69,1.7815618327761014e-69,1.7926764545280474e-69,1.8038483775892827e-69,1.8150778350389973e-69,1.8263650606486032e-69,1.837710288883021e-69,1.8491137549019518e-69,1.8605756945611671e-69,1.8720963444137893e-69,1.8836759417115763e-69,1.895314724406206e-69,1.9070129311505603e-69,1.9187708013000185e-69,1.9305885749137352e-69,1.9424664927559363e-69,1.9544047962972053e-69,1.96640372771577e-69,1.9784635298988006e-69,1.990584446443696e-69,2.0027667216593783e-69,2.0150106005675827e-69,2.027316328904161e-69,2.039684153120363e-69,2.052114320384146e-69,2.0646070785814633e-69,2.0771626763175624e-69,2.0897813629182889e-69,2.1024633884313768e-69,2.1152090036277597e-69,2.1280184600028608e-69,2.1408920097779017e-69,2.1538299059012036e-69,2.1668324020494893e-69,2.179899752629187e-69,2.193032212777742e-69,2.206230038364913e-69,2.2194934859940846e-69,2.2328228130035728e-69,2.246218277467937e-69,2.2596801381992848e-69,2.273208654748583e-69,2.286804087406973e-69,2.3004666972070757e-69,2.3141967459243114e-69,2.3279944960782045e-69,2.341860210933707e-69,2.3557941545025094e-69,2.3697965915443526e-69,2.383867787568352e-69,2.398008008834309e-69,2.412217522354034e-69,2.426496595892663e-69,2.440845497969977e-69,2.455264497861726e-69,2.469753865600947e-69,2.484313871979289e-69,2.498944788548335e-69,2.5136468876209265e-69,2.5284204422724884e-69,2.5432657263423493e-69,2.1886519264887206e-43,1.1207868419111059e-42,3.398813151482028e-42,8.057063066531431e-42,1.6457672398762077e-41,3.03703289496715e-41,5.20224665097512e-41,8.414949103522942e-41,1.3004496612073071e-40,1.9361075141582703e-40,2.7940709353620314e-40,3.9270266947230814e-40,5.395245825315224e-40,7.2670831085341535e-40,9.61947608539032e-40,1.2538443594359104e-39,1.6119583836211668e-39,2.046857196625292e-39,2.570165721439479e-39,3.1946159533495854e-39,3.934096577639601e-39,4.8037025402076684e-39,5.8197845711377414e-39,6.999998661269647e-39,8.363355491810594e-39,9.930269817030915e-39,1.1722609800086761e-38,1.3763746302012623e-38,1.6078602123926401e-38,1.8693701202489302e-38,2.1637217758663672e-38,2.493902539981106e-38,2.8630746175172887e-38,3.2745799584776606e-38,3.731945154180939e-38,4.2388863288501673e-38,4.799314026556378e-38,5.417338093521636e-38,6.097272555785849e-38,6.843640492241511e-38,7.66117890304055e-38,8.554843573377535e-38,9.529813932653505e-38,1.059149790902454e-37,1.1745536779339308e-37,1.2997810014469877e-37,1.435444012003984e-37,1.5821797472553998e-37,1.740650515093393e-37,1.9115443763463417e-37,2.0955756270148013e-37,2.2934852800492983e-37,2.5060415466703707e-37,2.7340403172312803e-37,2.978305641623801e-37,3.239690209227503e-37,3.5190758284029665e-37,3.817373905529326e-37,4.135525923586535e-37,4.474503920282839e-37,4.835310965727781e-37,5.218981639651221e-37,5.626582508168752e-37,6.059212600093953e-37,6.5180038827978195e-37,7.004121737615928e-37,7.518765434803549e-37,8.063168608039334e-37,8.638599728477774e-37,9.246362578351079e-37,9.887796724120618e-37,1.056427798917859e-36,1.1277218926100134e-36,1.2028069288446434e-36,1.2818316502119136e-36,1.3649486136266494e-36,1.4523142373741717e-36,1.544088848111393e-36,1.64043672782319e-36,1.7415261607341427e-36,1.8475294801756385e-36,1.9586231154083887e-36,2.074987638400425e-36,2.1968078105605755e-36,2.324272629427504e-36,2.4575753753143112e-36,2.596913657908775e-36,2.7424894628292393e-36,2.8945091981362246e-36,3.053183740799758e-36,3.218728483122519e-36,3.391363379118782e-36,3.571312990849237e-36,3.758806534711709e-36,3.954077927687846e-36,4.157365833545752e-36,4.368913708998682e-36,4.5889698498197805e-36,4.8177874369129505e-36,5.0556245823398325e-36,5.302744375303004e-36,5.559414928085393e-36,5.825909421945942e-36,6.102506152971605e-36,6.389488577885681e-36,6.68714535981252e-36,6.995770413998669e-36,7.315662953490472e-36,7.647127534768204e-36,7.990474103336688e-36,8.346018039272585e-36,8.714080202728216e-36,9.094986979392112e-36,9.489070325906251e-36,9.89666781524001e-36,1.0318122682020944e-35,1.0753783867822345e-35,1.1204006066407703e-35,1.1669149768932049e-35,1.2149581309100193e-35,1.2645672908282024e-35,1.315780272058477e-35,1.3686354877882328e-35,1.423171953480171e-35,1.479429291366661e-35,1.537447734939814e-35,1.5972681334372754e-35,1.6589319563237528e-35,1.7224812977682607e-35,1.787958881117108e-35,1.8554080633626129e-35,1.9248728396075684e-35,1.9963978475254469e-35,2.0700283718163576e-35,2.145810348658749e-35,2.2237903701568761e-35,2.3040156887840266e-35,2.386534221821499e-35,2.4713945557933765e-35,2.55864595089704e-35,2.648338345429477e-35,2.74052236020937e-35,2.8352493029949594e-35,2.9325711728976954e-35,3.032540664791691e-35,3.135211173718958e-35,3.240636799290449e-35,3.3488723500829004e-35,3.459973348031477e-35,3.5739960328182407e-35,3.690997366256415e-35,3.8110350366704797e-35,3.9341674632720963e-35,4.060453800531822e-35,4.189953942546703e-35,4.322728527403667e-35,4.4588389415387555e-35,4.5983473240922247e-35,4.7413165712594506e-35,4.887810340637707e-35,5.037893055568796e-35,5.191629909477532e-35,5.349086870206077e-35,5.510330684344153e-35,5.675428881555104e-35,5.844449778897846e-35,6.017462485144709e-35,6.194536905095089e-35,6.375743743885062e-35,6.561154511292852e-35,6.750841526040168e-35,6.944877920089474e-35,7.143337642937123e-35,7.346295465902416e-35,7.553826986412558e-35,7.76600863228351e-35,7.982917665996786e-35,8.204632188972117e-35,8.431231145836094e-35,8.662794328686676e-35,8.899402381353696e-35,9.1411368036552e-35,9.388079955649815e-35,9.640315061885016e-35,9.897926215641317e-35,1.0160998383172444e-34,1.042961740794145e-34,1.0703870014852752e-34,1.098384381448017e-34,1.1269627307290888e-34,1.1561309887865411e-34,1.1858981849113482e-34,1.216273438648594e-34,1.24726596021826e-34,1.2788850509356088e-34,1.3111401036311672e-34,1.3440406030703023e-34,1.3775961263724082e-34,1.4118163434296813e-34,1.4467110173254982e-34,1.4822900047524004e-34,1.518563256429666e-34,1.5555408175204965e-34,1.5932328280487969e-34,1.6316495233155585e-34,1.6708012343148425e-34,1.7106983881493725e-34,1.7513515084457192e-34,1.7927712157690977e-34,1.8349682280377623e-34,1.8779533609370093e-34,1.9217375283327797e-34,1.966331742684867e-34,2.011747115459736e-34,2.0579948575429365e-34,2.1050862796511352e-34,2.153032792743736e-34,2.2018459084341306e-34,2.251537239400531e-34,2.302118499796426e-34,2.353601505660637e-34,2.405998175326986e-34,2.459320529833569e-34,2.5135806933316384e-34,2.5687908934940943e-34,2.6249634619235848e-34,2.6821108345602176e-34,2.7402455520888755e-34,2.7993802603461577e-34,2.859527710726904e-34,2.9207007605903624e-34,2.982912373665944e-34,3.0461756204585975e-34,3.1105036786538006e-34,3.1759098335221572e-34,3.242407478323605e-34,3.3100101147112523e-34,3.3787313531348027e-34,3.4485849132436184e-34,3.5195846242893742e-34,3.5917444255283603e-34,3.6650783666233553e-34,3.7396006080451436e-34,3.8153254214736586e-34,3.8922671901987e-34,3.970440409520308e-34,4.049859687148741e-34,4.130539743604058e-34,4.212495412615337e-34,4.295741641519494e-34,4.3802934916597415e-34,4.466166138783639e-34,4.553374873440781e-34,4.641935101380107e-34,4.73186234394681e-34,4.823172238478881e-34,4.915880538703278e-34,5.0100031151317e-34,5.1055559554559845e-34,5.202555164943147e-34,5.3010169668300125e-34,5.40095770271749e-34,5.502393832964455e-34,5.605341937081269e-34,5.7098187141229075e-34,5.815840983081721e-34,5.923425683279823e-34,6.032589874761082e-34,6.14335073868276e-34,6.255725577706765e-34,6.369731816390534e-34,6.485387001577534e-34,6.602708802787385e-34,6.72171501260563e-34,6.842423547073119e-34,6.964852446074995e-34,7.089019873729364e-34,7.21494411877553e-34,7.342643594961903e-34,7.472136841433511e-34,7.603442523119151e-34,7.736579431118166e-34,7.87156648308686e-34,8.008422723624501e-34,8.147167324659036e-34,8.287819585832334e-34,8.43039893488515e-34,8.574924928041666e-34,8.721417250393679e-34,8.869895716284412e-34,9.020380269691987e-34,9.172890984612488e-34,9.327448065442675e-34,9.484071847362353e-34,9.642782796716334e-34,9.803601511396052e-34,9.966548721220832e-34,1.0131645288318734e-33,1.0298912207507119e-33,1.0468370606672756e-33,1.0640041747151635e-33,1.0813947024108383e-33,1.0990107966915335e-33,1.116854623953119e-33,1.1349283640879389e-33,1.1532342105226056e-33,1.1717743702557607e-33,1.1905510638958e-33,1.2095665256985601e-33,1.228823003604972e-33,1.2483227592786761e-33,1.2680680681435996e-33,1.2880612194215052e-33,1.3083045161694928e-33,1.3288002753174741e-33,1.3495508277056088e-33,1.3705585181217019e-33,1.3918257053385663e-33,1.4133547621513556e-33,1.4351480754148502e-33,1.457208046080715e-33,1.479537089234724e-33,1.5021376341339374e-33,1.5250121242438554e-33,1.5481630172755303e-33,1.5715927852226428e-33,1.595303914398545e-33,1.619298905473265e-33,1.643580273510481e-33,1.6681505480044506e-33,1.6930122729169162e-33,1.718168006713966e-33,1.743620322402862e-33,1.769371807568838e-33,1.79542506441185e-33,1.8217827097833068e-33,1.8484473752227527e-33,1.8754217069945187e-33,1.9027083661243427e-33,1.9303100284359502e-33,1.9582293845875988e-33,1.9864691401085913e-33,2.015032015435751e-33,2.0439207459498646e-33,2.073138082012085e-33,2.1026867890003046e-33,2.1325696473454952e-33,2.162789452567998e-33,2.1933490153138035e-33,2.2242511613907736e-33,2.2554987318048412e-33,2.2870945827961705e-33,2.3190415858752883e-33,2.3513426278591708e-33,2.3840006109073036e-33,2.417018452557705e-33,2.4503990857629127e-33,2.4841454589259365e-33,2.5182605359361813e-33,2.552747296205326e-33,2.5876087347031796e-33,2.6228478619934895e-33,2.658467704269727e-33,2.6944713033908368e-33,2.730861716916938e-33,2.767642018145014e-33,2.804815296144547e-33,2.8423846557931338e-33,2.880353217812051e-33,2.9187241188018106e-33,2.9575005112776514e-33,2.996685563705018e-33,3.0362824605349992e-33,3.0762944022397296e-33,3.1167246053477604e-33,3.1575763024793935e-33,3.19885274238199e-33,3.2405571899652235e-33,3.282692926336332e-33,3.325263248835301e-33,3.368271471070044e-33,3.41172092295152e-33,3.455614950728846e-33,3.499956917024349e-33,3.544750200868605e-33,3.5899981977354324e-33,3.6357043195768564e-33,3.681871994858036e-33,3.7285046685921604e-33,3.7756058023753196e-33,3.8231788744213154e-33,3.871227379596472e-33,3.919754829454397e-33,3.968764752270694e-33,4.0182606930776786e-33,4.0682462136990234e-33,4.11872489278439e-33,4.169700325844027e-33,4.2211761252833304e-33,4.2731559204373654e-33,4.325643357605364e-33,4.378642100085194e-33,4.4321558282077735e-33,4.4861882393714734e-33,4.540743048076479e-33,4.595823985959116e-33,4.651434801826152e-33,4.707579261689042e-33,4.764261148798183e-33,4.821484263677089e-33,4.8792524241565616e-33,4.937569465408827e-33,4.996439239981622e-33,5.055865617832263e-33,5.1158524863616814e-33,5.1764037504484204e-33,5.2375233324825946e-33,5.299215172399838e-33,5.3614832277151856e-33,5.4243314735569584e-33,5.487763902700589e-33,5.551784525602424e-33,5.6163973704335e-33,5.6816064831132795e-33,5.747415927343342e-33,5.813829784641082e-33,5.88085215437333e-33,5.948487153789954e-33,6.0167389180574606e-33,6.0856116002925116e-33,6.155109371595447e-33,6.225236421083762e-33,6.295996955925549e-33,6.367395201372911e-33,6.439435400795342e-33,6.512121815713085e-33,6.585458725830429e-33,6.659450429069015e-33,6.734101241601078e-33,6.80941549788266e-33,6.88539755068681e-33,6.962051771136736e-33,7.039382548738927e-33,7.117394291416248e-33,7.196091425540991e-33,7.275478395967923e-33,7.355559666067257e-33,7.436339717757638e-33,7.517823051539058e-33,7.600014186525773e-33,7.682917660479156e-33,7.766538029840547e-33,7.850879869764051e-33,7.935947774149315e-33,8.02174635567426e-33,8.108280245827814e-33,8.195554094942567e-33,8.283572572227433e-33,8.372340365800261e-33,8.46186218272041e-33,8.552142749021321e-33,8.643186809743028e-33,8.734999128964636e-33,8.827584489836801e-33,8.92094769461414e-33,9.01509356468764e-33,9.110026940617008e-33,9.205752682163014e-33,9.302275668319795e-33,9.399600797347118e-33,9.497732986802609e-33,9.596677173573995e-33,9.696438313911254e-33,9.797021383458754e-33,9.898431377287393e-33,1.0000673309926667e-32,1.010375221539673e-32,1.0207673147240409e-32,1.0312441178555186e-32,1.0418061402025199e-32,1.0524538929953098e-32,1.0631878894292026e-32,1.074008644667743e-32,1.0849166758458912e-32,1.0959125020732026e-32,1.1069966444370091e-32,1.1181696260055874e-32,1.1294319718313355e-32,1.1407842089539395e-32,1.1522268664035363e-32,1.1637604752038795e-32,1.1753855683754967e-32,1.1871026809388434e-32,1.198912349917461e-32,1.2108151143411221e-32,1.2228115152489787e-32,1.2349020956927068e-32,1.2470874007396478e-32,1.2593679774759433e-32,1.2717443750096724e-32,1.284217144473983e-32,1.2967868390302188e-32,1.3094540138710486e-32,1.3222192262235824e-32,1.3350830353524977e-32,1.348046002563152e-32,1.361108691204699e-32,1.3742716666731946e-32,1.387535496414711e-32,1.4009007499284334e-32,1.414367998769769e-32,1.4279378165534404e-32,1.4416107789565827e-32,1.4553874637218364e-32,1.4692684506604356e-32,1.4832543216552946e-32,1.4973456606640938e-32,1.5115430537223567e-32,1.5258470889465298e-32,1.540258356537056e-32,1.5547774487814464e-32,1.569404960057349e-32,1.5841414868356145e-32,1.5989876276833578e-32,1.6139439832670192e-32,1.62901115635542e-32,1.644189751822817e-32,1.659480376651951e-32,1.6748836399370986e-32,1.690400152887114e-32,1.7060305288284712e-32,1.7217753832083038e-32,1.73763533359744e-32,1.753610999693438e-32,1.7697030033236128e-32,1.7859119684480644e-32,1.802238521162705e-32,1.8186832897022754e-32,1.8352469044433675e-32,1.8519299979074378e-32,1.868733204763819e-32,1.885657161832733e-32,1.9027025080882918e-32,1.9198698846615088e-32,1.9371599348432925e-32,1.9545733040874502e-32,1.972110640013678e-32,1.9897725924105584e-32,2.007559813238542e-32,2.0254729566329422e-32,2.0435126789069145e-32,2.0616796385544339e-32,2.0799744962532798e-32,2.0983979148680026e-32,2.1169505594529045e-32,2.1356330972549984e-32,2.1544461977169852e-32,2.1733905324802035e-32,2.1924667753876063e-32,2.2116756024867022e-32,2.2310176920325202e-32,2.2504937244905615e-32,2.2701043825397403e-32,2.289850351075338e-32,2.3097323172119433e-32,2.3297509702863892e-32,2.349907001860698e-32,2.3702011057250076e-32,2.3906339779005135e-32,2.4112063166423844e-32,2.4319188224426963e-32,2.452772198033358e-32,2.473767148389023e-32,2.494904380730016e-32,2.5161846045252434e-32,2.5376085314950984e-32,2.5591768756143865e-32,2.580890353115215e-32,2.6027496824899073e-32,2.6247555844938965e-32,2.646908782148625e-32,2.669210000744446e-32,2.691659967843504e-32,2.7142594132826324e-32,2.7370090691762386e-32,2.759909669919186e-32,2.782961952189673e-32,2.806166654952117e-32,2.829524519460024e-32,2.853036289258864e-32,2.87670271018894e-32,2.9005245303882557e-32,2.924502500295375e-32,2.9486373726522906e-32,2.972929902507277e-32,2.997380847217751e-32,3.021990966453117e-32,3.046761022197624e-32,3.071691778753213e-32,3.096784002742359e-32,3.122038463110908e-32,3.1474559311309296e-32,3.17303718040354e-32,3.198782986861743e-32,3.2246941287732577e-32,3.250771386743346e-32,3.277015543717647e-32,3.303427384984982e-32,3.330007698180191e-32,3.3567572732869433e-32,3.383676902640545e-32,3.410767380930767e-32,3.438029505204637e-32,3.465464074869257e-32,3.493071891694599e-32,3.520853759816312e-32,3.5488104857385173e-32,3.576942878336601e-32,3.605251748860012e-32,3.6337379109350485e-32,3.6624021805676434e-32,3.691245376146153e-32,3.720268318444135e-32,3.7494718306231306e-32,3.778856738235435e-32,3.8084238692268783e-32,3.838174053939593e-32,3.868108125114781e-32,3.89822691789548e-32,3.9285312698293266e-32,3.959022020871314e-32,3.9897000133865565e-32,4.0205660921530343e-32,4.05162110436435e-32,4.082865899632481e-32,4.114301329990522e-32,4.1459282498954323e-32,4.177747516230768e-32,4.209759988309436e-32,4.241966527876418e-32,4.2743679991115056e-32,4.3069652686320344e-32,4.3397592054956114e-32,4.372750681202834e-32,4.4059405697000266e-32,4.439329747381941e-32,4.47291909309449e-32,4.5067094881374586e-32,4.540701816267209e-32,4.574896963699398e-32,4.609295819111674e-32,4.6438992736464e-32,4.6787082209133335e-32,4.7137235569923303e-32,4.748946180436062e-32,4.784376992272673e-32,4.820016896008503e-32,4.8558667976307584e-32,4.891927605610205e-32,4.92820023090385e-32,4.964685586957614e-32,5.001384589709026e-32,5.038298157589882e-32,5.075427211528925e-32,5.112772674954523e-32,5.150335473797314e-32,5.188116536492896e-32,5.22611679398447e-32,5.264337179725515e-32,5.302778629682427e-32,5.341442082337194e-32,5.380328478690035e-32,5.419438762262047e-32,5.458773879097863e-32,5.498334777768287e-32,5.538122409372939e-32,5.578137727542888e-32,5.618381688443299e-32,5.65885525077606e-32,5.699559375782411e-32,5.74049502724558e-32,5.781663171493406e-32,5.823064777400951e-32,5.86470081639315e-32,5.906572262447393e-32,5.948680092096164e-32,5.991025284429653e-32,6.033608821098356e-32,6.076431686315692e-32,6.119494866860615e-32,6.162799352080191e-32,6.206346133892229e-32,6.250136206787861e-32,6.294170567834141e-32,6.338450216676642e-32,6.382976155542044e-32,6.427749389240715e-32,6.472770925169307e-32,6.518041773313336e-32,6.563562946249756e-32,6.609335459149545e-32,6.65536032978027e-32,6.701638578508677e-32,6.748171228303244e-32,6.79495930473675e-32,6.84200383598885e-32,6.889305852848635e-32,6.936866388717187e-32,6.984686479610138e-32,7.032767164160232e-32,7.081109483619866e-32,7.129714481863649e-32,7.17858320539095e-32,7.227716703328434e-32,7.277116027432615e-32,7.32678223209239e-32,7.376716374331581e-32,7.426919513811465e-32,7.477392712833312e-32,7.528137036340908e-32,7.579153551923096e-32,7.630443329816285e-32,7.682007442906987e-32,7.733846966734328e-32,7.785962979492563e-32,7.838356562033609e-32,7.89102879786954e-32,7.943980773175104e-32,7.997213576790227e-32,8.050728300222538e-32,8.104526037649833e-32,8.158607885922617e-32,8.212974944566585e-32,8.267628315785101e-32,8.322569104461727e-32,8.37779841816268e-32,8.433317367139349e-32,8.489127064330751e-32,8.545228625366044e-32,8.601623168566987e-32,8.658311814950429e-32,8.71529568823079e-32,8.772575914822515e-32,8.830153623842567e-32,8.888029947112883e-32,8.946206019162846e-32,9.004682977231755e-32,9.063461961271264e-32,9.122544113947879e-32,9.181930580645372e-32,9.24162250946727e-32,9.301621051239293e-32,9.361927359511797e-32,9.422542590562233e-32,9.483467903397596e-32,9.544704459756843e-32,9.606253424113369e-32,9.668115963677416e-32,9.730293248398509e-32,9.792786450967911e-32,9.855596746821041e-32,9.918725314139895e-32,9.982173333855474e-32,1.0045941989650231e-31,1.011003246796045e-31,1.01744459579787e-31,1.0239183651656242e-31,1.0304246743705436e-31,1.0369636431602158e-31,1.0435353915588204e-31,1.0501400398673704e-31,1.0567777086639527e-31,1.063448518803967e-31,1.0701525914203674e-31,1.0768900479239018e-31,1.0836610100033506e-31,1.090465599625766e-31,1.0973039390367124e-31,1.1041761507605045e-31,1.111082357600444e-31,1.1180226826390621e-31,1.1249972492383527e-31,1.1320061810400142e-31,1.1390496019656855e-31,1.1461276362171827e-31,1.1532404082767375e-31,1.1603880429072342e-31,1.1675706651524454e-31,1.1747884003372689e-31,1.1820413740679653e-31,1.189329712232391e-31,1.196653541000236e-31,1.2040129868232608e-31,1.2114081764355281e-31,1.2188392368536413e-31,1.226306295376977e-31,1.2338094795879211e-31,1.241348917352102e-31,1.2489247368186256e-31,1.25653706642031e-31,1.2641860348739176e-31,1.2718717711803875e-31,1.2795944046250739e-31,1.2873540647779722e-31,1.295150881493957e-31,1.3029849849130128e-31,1.3108565054604664e-31,1.3187655738472174e-31,1.3267123210699745e-31,1.3346968784114826e-31,1.3427193774407553e-31,1.3507799500133078e-31,1.358878728271387e-31,1.3670158446442012e-31,1.3751914318481514e-31,1.3834056228870614e-31,1.3916585510524099e-31,1.3999503499235556e-31,1.4082811533679724e-31,1.4166510955414738e-31,1.4250603108884447e-31,1.433508934142071e-31,1.4419971003245666e-31,1.4505249447474022e-31,1.4590926030115338e-31,1.4677002110076315e-31,1.4763479049163056e-31,1.485035821208336e-31,1.4937640966448973e-31,1.5025328682777885e-31,1.5113422734496585e-31,1.520192449794233e-31,1.52908353523654e-31,1.5380156679931382e-31,1.546988986572342e-31,1.5560036297744446e-31,1.5650597366919492e-31,1.5741574467097892e-31,1.5832968995055557e-31,1.5924782350497231e-31,1.6017015936058712e-31,1.6109671157309102e-31,1.620274942275309e-31,1.6296252143833146e-31,1.6390180734931764e-31,1.6484536613373718e-31,1.6579321199428288e-31,1.667453591631148e-31,1.677018219018827e-31,1.686626145017483e-31,1.696277512834072e-31,1.7059724659711175e-31,1.715711148226928e-31,1.725493703695817e-31,1.7353202767683292e-31,1.7451910121314608e-31,1.755106054768879e-31,1.7650655499611443e-31,1.7750696432859284e-31,1.78511848061824e-31,1.7952122081306418e-31,1.8053509722934677e-31,1.81553491987505e-31,1.8257641979419332e-31,1.8360389538590933e-31,1.846359335290161e-31,1.8567254901976392e-31,1.8671375668431188e-31,1.8775957137875017e-31,1.8881000798912164e-31,1.8986508143144347e-31,1.9092480665172948e-31,1.9198919862601154e-31,1.9305827236036111e-31,1.9413204289091139e-31,1.9521052528387905e-31,1.9629373463558535e-31,1.9738168607247856e-31,1.9847439475115484e-31,1.9957187585838062e-31,2.0067414461111363e-31,2.0178121625652447e-31,2.028931060720188e-31,2.040098293652581e-31,2.051314014741817e-31,2.06257837767028e-31,2.0738915364235606e-31,2.0852536452906703e-31,2.096664858864256e-31,2.1081253320408154e-31,2.1196352200209054e-31,2.131194678309363e-31,2.142803862715515e-31,2.154462929353392e-31,2.1661720346419376e-31,2.1779313353052293e-31,2.189740988372685e-31,2.201601151179276e-31,2.2135119813657395e-31,2.225473636878795e-31,2.237486275971348e-31,2.2495500572027066e-31,2.2616651394387954e-31,2.2738316818523587e-31,2.2860498439231794e-31,2.2983197854382852e-31,2.31064166649216e-31,2.3230156474869547e-31,2.335441889132698e-31,2.347920552447503e-31,2.360451798757782e-31,2.373035789698452e-31,2.385672687213143e-31,2.398362653554415e-31,2.4111058512839574e-31,2.423902443272798e-31,2.4367525927015235e-31,2.449656463060471e-31,2.4626142181499474e-31,2.4756260220804353e-31,2.488692039272796e-31,2.501812434458483e-31,2.514987372679745e-31,2.528217019289836e-31,2.5415015399532163e-31,2.5548411006457663e-31,2.568235867654991e-31,2.5816860075802225e-31,2.5951916873328293e-31,2.608753074136421e-31,2.622370335527055e-31,2.63604363935344e-31,2.649773153777141e-31,2.6635590472727896e-31,2.6774014886282805e-31,2.691300646944982e-31,2.7052566916379373e-31,2.7192697924360733e-31,2.733340119382395e-31,2.7474678428342003e-31,2.76165313346328e-31,2.775896162256111e-31,2.7901971005140796e-31,2.804556119853667e-31,2.818973392206658e-31,2.8334490898203454e-31,2.847983385257729e-31,2.86257645139772e-31,2.877228461435344e-31,2.891939588881939e-31,2.906710007565358e-31,2.921539891630176e-31,2.9364294155378825e-31,2.951378754067087e-31,2.966388082313721e-31,2.981457575691235e-31,2.9965874099308003e-31,3.0117777610815118e-31,3.0270288055105827e-31,3.0423407199035504e-31,3.0577136812644697e-31,3.073147866916118e-31,3.08864345450019e-31,3.1042006219774974e-31,3.1198195476281716e-31,3.1355004100518595e-31,3.1512433881679176e-31,3.1670486612156184e-31,3.1829164087543437e-31,3.198846810663779e-31,3.2148400471441207e-31,3.230896298716267e-31,3.2470157462220113e-31,3.26319857082425e-31,3.2794449540071684e-31,3.2957550775764447e-31,3.312129123659443e-31,3.328567274705409e-31,3.3450697134856713e-31,3.361636623093829e-31,3.378268186945955e-31,3.394964588780787e-31,3.411726012659922e-31,3.4285526429680145e-31,3.4454446644129706e-31,3.4624022620261438e-31,3.479425621162522e-31,3.496514927500934e-31,3.513670367044234e-31,3.5308921261195005e-31,3.5481803913782236e-31,3.5655353497965116e-31,3.582957188675267e-31,3.6004460956403933e-31,3.6180022586429824e-31,3.6356258659595057e-31,3.653317106192015e-31,3.67107616826832e-31,3.6889032414421973e-31,3.706798515293572e-31,3.7246568229329167e-31,3.7425610328702157e-31,3.760514822222101e-31
13,1.3580468983092717e-23,2.2663883925295384e-23,2.8739405110524077e-23,3.2803070362748227e-23,3.552108825432944e-23,3.733905819043917e-23,3.8555023213640757e-23,3.936833200840181e-23,3.9912320678317726e-23,4.0276172237409434e-23,4.051953752123792e-23,4.068231451062532e-23,4.0791189317488714e-23,4.08640111801742e-23,4.091271871718649e-23,4.094529717747718e-23,4.09670875643454e-23,4.098166225435959e-23,4.0991410662696225e-23,4.099793097050456e-23,4.100229213516306e-23,4.100520913812339e-23,4.100716020095539e-23,4.1008465186321107e-23,4.1009338037147253e-23,4.100992185102324e-23,4.1010312340018054e-23,4.101057352198314e-23,4.101074821581453e-23,4.1010865061304766e-23,4.101094321442913e-23,4.1010995487826686e-23,4.101103045134381e-23,4.10110538369968e-23,4.101106947869442e-23,4.1011079940779573e-23,4.101108693843671e-23,4.1011091618880546e-23,4.101109474943609e-23,4.1011096843335636e-23,4.101109824385847e-23,4.1011099180610544e-23,4.101109980716527e-23,4.101110022624168e-23,4.1011100506544956e-23,4.1011100694027794e-23,4.101110081942744e-23,4.1011100903302106e-23,4.101110095940281e-23,4.1011100996925917e-23,4.101110102202348e-23,4.1011101038810485e-23,4.101110105003845e-23,4.1011101057548406e-23,4.1011101062571264e-23,4.1011101065930715e-23,4.1011101068177484e-23,4.1011101069680236e-23,4.101110107068558e-23,4.1011101071358025e-23,4.101110107180803e-23,4.101110107210891e-23,4.1011101072310334e-23,4.101110107244485e-23,4.101110107253528e-23,4.1011101072595356e-23,4.101110107263547e-23,4.101110107266219e-23,4.101110107268054e-23,4.1011101072692864e-23,4.1011101072700745e-23,4.1011101072705976e-23,4.1011101072709614e-23,4.101110107271224e-23,4.10111010727138e-23,4.1011101072714745e-23,4.101110107271573e-23,4.101110107271634e-23,4.1011101072716256e-23,4.101110107271692e-23,4.101110107271735e-23,4.1011101072717255e-23,4.1011101072717484e-23,4.101110107271755e-23,4.101110107271756e-23,4.1011101072717114e-23,4.1011101072716944e-23,4.1011101072716855e-23,4.101110107271706e-23,4.1011101072717196e-23,4.10111010727171e-23,4.101110107271704e-23,4.101110107271715e-23,4.1011101072717043e-23,4.1011101072717e-23,4.101110107271688e-23,4.101110107271699e-23,4.101110107271723e-23,4.101110107271745e-23,4.101110107271732e-23,4.101110107271745e-23,4.101110107271746e-23,4.1011101072717443e-23,4.1011101072717425e-23,4.101110107271746e-23,4.101110107271754e-23,4.101110107271755e-23,4.1011101072717684e-23,4.101110107271763e-23,4.1011101072717696e-23,4.101110107271754e-23,4.101110107271755e-23,4.1011101072717696e-23,4.1011101072717655e-23,4.1011101072717284e-23,4.1011101072717496e-23,4.1011101072717196e-23,4.101110107271739e-23,4.1011101072717825e-23,4.101110107271788e-23,4.101110107271778e-23,4.10111010727177e-23,4.1011101072717696e-23,4.101110107271781e-23,4.10111010727179e-23,4.101110107271797e-23,4.1011101072717937e-23,4.1011101072717643e-23,4.101110107271754e-23,4.10111010727174e-23,4.101110107271763e-23,4.1011101072717837e-23,4.1011101072718054e-23,4.101110107271796e-23,4.1011101072717937e-23,4.101110107271785e-23,4.101110107271761e-23,4.101110107271738e-23,4.1011101072717484e-23,4.1011101072717825e-23,4.1011101072717766e-23,4.101110107271754e-23,4.1011101072717355e-23,4.101110107271757e-23,4.1011101072717713e-23,4.101110107271779e-23,4.1011101072717684e-23,4.101110107271784e-23,4.101110107271809e-23,4.1011101072717837e-23,4.101110107271754e-23,4.1011101072717643e-23,4.1011101072717825e-23,4.1011101072717896e-23,4.1011101072717737e-23,4.1011101072717414e-23,4.101110107271722e-23,4.101110107271738e-23,4.1011101072717355e-23,4.101110107271702e-23,4.1011101072717e-23,4.101110107271677e-23,4.10111010727167e-23,4.101110107271689e-23,4.101110107271699e-23,4.101110107271706e-23,4.1011101072717185e-23,4.1011101072717314e-23,4.10111010727174e-23,4.101110107271745e-23,4.1011101072717267e-23,4.1011101072717496e-23,4.101110107271752e-23,4.1011101072717596e-23,4.1011101072717467e-23,4.1011101072717666e-23,4.101110107271777e-23,4.101110107271799e-23,4.101110107271817e-23,4.1011101072718166e-23,4.1011101072717737e-23,4.1011101072717443e-23,4.101110107271733e-23,4.101110107271716e-23,4.101110107271738e-23,4.101110107271745e-23,4.101110107271738e-23,4.10111010727174e-23,4.1011101072717596e-23,4.101110107271759e-23,4.1011101072717484e-23,4.1011101072717766e-23,4.1011101072717937e-23,4.101110107271768e-23,4.101110107271761e-23,4.1011101072717484e-23,4.101110107271752e-23,4.101110107271768e-23,4.101110107271762e-23,4.101110107271768e-23,4.1011101072717443e-23,4.101110107271748e-23,4.101110107271761e-23,4.1011101072717414e-23,4.1011101072717196e-23,4.1011101072717425e-23,4.101110107271752e-23,4.101110107271772e-23,4.101110107271809e-23,4.1011101072718354e-23,4.1011101072718237e-23,4.101110107271818e-23,4.1011101072717866e-23,4.1011101072717625e-23,4.1011101072717514e-23,4.101110107271784e-23,4.1011101072717766e-23,4.1011101072717666e-23,4.101110107271757e-23,4.10111010727178e-23,4.1011101072717696e-23,4.101110107271746e-23,4.1011101072717096e-23,4.1011101072716773e-23,4.1011101072717055e-23,4.101110107271716e-23,4.1011101072717314e-23,4.101110107271731e-23,4.1011101072717367e-23,4.1011101072717043e-23,4.1011101072717255e-23,4.101110107271745e-23,4.1011101072717514e-23,4.101110107271754e-23,4.1011101072717596e-23,4.10111010727177e-23,4.1011101072717666e-23,4.10111010727178e-23,4.1011101072717755e-23,4.1011101072717755e-23,4.1011101072717766e-23,4.1011101072717584e-23,4.1011101072717355e-23,4.101110107271741e-23,4.101110107271757e-23,4.101110107271732e-23,4.101110107271748e-23,4.101110107271802e-23,4.1011101072717755e-23,4.10111010727178e-23,4.101110107271802e-23,4.1011101072717766e-23,4.1011101072717367e-23,4.10111010727177e-23,4.101110107271756e-23,4.101110107271741e-23,4.101110107271714e-23,4.101110107271713e-23,4.1011101072717096e-23,4.101110107271733e-23,4.101110107271744e-23,4.1011101072717643e-23,4.101110107271804e-23,4.1011101072718336e-23,4.1011101072718213e-23,4.101110107271779e-23,4.1011101072717766e-23,4.101110107271774e-23,4.101110107271781e-23,4.101110107271762e-23,4.101110107271741e-23,4.1011101072717367e-23,4.1011101072717467e-23,4.101110107271773e-23,4.1011101072717625e-23,4.10111010727177e-23,4.101110107271735e-23,4.101110107271715e-23,4.1011101072717467e-23,4.1011101072717643e-23,4.1011101072717713e-23,4.101110107271785e-23,4.101110107271777e-23,4.1011101072717713e-23,4.101110107271795e-23,4.1011101072717837e-23,4.1011101072717925e-23,4.1011101072717755e-23,4.101110107271768e-23,4.10111010727174e-23,4.101110107271741e-23,4.101110107271746e-23,4.10111010727177e-23,4.10111010727178e-23,4.101110107271766e-23,4.1011101072717713e-23,4.101110107271774e-23,4.1011101072717443e-23,4.1011101072717443e-23,4.101110107271744e-23,4.1011101072717584e-23,4.1011101072717484e-23,4.1011101072717425e-23,4.1011101072717484e-23,4.101110107271748e-23,4.101110107271733e-23,4.1011101072717467e-23,4.1011101072717126e-23,4.101110107271741e-23,4.1011101072717555e-23,4.101110107271763e-23,4.101110107271741e-23,4.1011101072717243e-23,4.1011101072717126e-23,4.10111010727174e-23,4.1011101072717755e-23,4.1011101072718354e-23,4.10111010727186e-23,4.1011101072718225e-23,4.101110107271808e-23,4.101110107271788e-23,4.1011101072717813e-23,4.101110107271781e-23,4.101110107271772e-23,4.101110107271754e-23,4.101110107271759e-23,4.101110107271732e-23,4.1011101072717584e-23,4.1011101072717937e-23,4.101110107271792e-23,4.101110107271772e-23,4.101110107271792e-23,4.101110107271781e-23,4.10111010727177e-23,4.101110107271802e-23,4.101110107271802e-23,4.1011101072717684e-23,4.101110107271762e-23,4.1011101072717484e-23,4.10111010727175e-23,4.101110107271761e-23,4.1011101072717825e-23,4.101110107271755e-23,4.1011101072717596e-23,4.1011101072717496e-23,4.101110107271735e-23,4.101110107271739e-23,4.101110107271715e-23,4.1011101072717367e-23,4.101110107271728e-23,4.101110107271733e-23,4.1011101072717684e-23,4.101110107271753e-23,4.1011101072717684e-23,4.101110107271799e-23,4.1011101072717666e-23,4.101110107271763e-23,4.1011101072717866e-23,4.101110107271799e-23,4.1011101072717954e-23,4.1011101072717984e-23,4.101110107271788e-23,4.101110107271805e-23,4.101110107271831e-23,4.10111010727182e-23,4.101110107271802e-23,4.10111010727179e-23,4.1011101072717666e-23,4.101110107271738e-23,4.1011101072717114e-23,4.101110107271757e-23,4.10111010727174e-23,4.1011101072717467e-23,4.1011101072717866e-23,4.1011101072717696e-23,4.101110107271754e-23,4.1011101072717196e-23,4.101110107271717e-23,4.1011101072717255e-23,4.101110107271716e-23,4.101110107271706e-23,4.1011101072717296e-23,4.101110107271745e-23,4.1011101072717296e-23,4.101110107271728e-23,4.1011101072717414e-23,4.101110107271726e-23,4.101110107271738e-23,4.10111010727175e-23,4.1011101072717414e-23,4.101110107271726e-23,4.101110107271717e-23,4.1011101072717367e-23,4.101110107271746e-23,4.101110107271726e-23,4.101110107271714e-23,4.101110107271702e-23,4.101110107271704e-23,4.1011101072716897e-23,4.101110107271699e-23,4.1011101072717185e-23,4.1011101072717126e-23,4.101110107271704e-23,4.10111010727174e-23,4.1011101072717443e-23,4.101110107271735e-23,4.101110107271733e-23,4.1011101072717443e-23,4.101110107271748e-23,4.1011101072717343e-23,4.1011101072717414e-23,4.1011101072717255e-23,4.1011101072717343e-23,4.1011101072717655e-23,4.101110107271796e-23,4.1011101072717937e-23,4.101110107271801e-23,4.101110107271773e-23,4.1011101072717596e-23,4.101110107271759e-23,4.1011101072717467e-23,4.101110107271768e-23,4.101110107271738e-23,4.1011101072717314e-23,4.1011101072717484e-23,4.101110107271723e-23,4.101110107271706e-23,4.1011101072717e-23,4.101110107271721e-23,4.101110107271741e-23,4.1011101072717755e-23,4.101110107271768e-23,4.101110107271778e-23,4.1011101072717666e-23,4.101110107271722e-23,4.1011101072717126e-23,4.1011101072717126e-23,4.1011101072717185e-23,4.1011101072717496e-23,4.1011101072717584e-23,4.101110107271766e-23,4.1011101072717625e-23,4.101110107271773e-23,4.1011101072718113e-23,4.101110107271799e-23,4.101110107271805e-23,4.101110107271777e-23,4.1011101072717655e-23,4.10111010727178e-23,4.101110107271786e-23,4.101110107271762e-23,4.1011101072717467e-23,4.1011101072717314e-23,4.101110107271752e-23,4.1011101072717226e-23,4.1011101072717355e-23,4.1011101072717496e-23,4.101110107271726e-23,4.101110107271693e-23,4.101110107271717e-23,4.101110107271741e-23,4.101110107271774e-23,4.101110107271796e-23,4.101110107271842e-23,4.101110107271817e-23,4.101110107271844e-23,4.101110107271803e-23,4.1011101072717655e-23,4.1011101072717655e-23,4.101110107271761e-23,4.1011101072717314e-23,4.1011101072717196e-23,4.1011101072717367e-23,4.101110107271732e-23,4.101110107271735e-23,4.1011101072717425e-23,4.101110107271745e-23,4.101110107271714e-23,4.1011101072717314e-23,4.1011101072717314e-23,4.101110107271741e-23,4.1011101072717355e-23,4.101110107271723e-23,4.1011101072717226e-23,4.101110107271738e-23,4.1011101072717655e-23,4.1011101072717584e-23,4.1011101072717643e-23,4.101110107271778e-23,4.1011101072717984e-23,4.101110107271808e-23,4.101110107271832e-23,4.101110107271845e-23,4.101110107271814e-23,4.101110107271772e-23,4.101110107271795e-23,4.1011101072717896e-23,4.1011101072717984e-23,4.1011101072717884e-23,4.1011101072717643e-23,4.1011101072717584e-23,4.1011101072717467e-23,4.1011101072717555e-23,4.1011101072717837e-23,4.101110107271796e-23,4.101110107271772e-23,4.1011101072717414e-23,4.1011101072717713e-23,4.101110107271802e-23,4.101110107271804e-23,4.1011101072717996e-23,4.1011101072717684e-23,4.1011101072717584e-23,4.1011101072717625e-23,4.101110107271784e-23,4.101110107271785e-23,4.101110107271778e-23,4.1011101072717555e-23,4.1011101072717484e-23,4.101110107271754e-23,4.1011101072717696e-23,4.1011101072717996e-23,4.101110107271839e-23,4.1011101072718266e-23,4.1011101072718295e-23,4.101110107271802e-23,4.101110107271801e-23,4.101110107271797e-23,4.101110107271809e-23,4.1011101072718237e-23,4.101110107271805e-23,4.1011101072717837e-23,4.101110107271762e-23,4.1011101072717367e-23,4.1011101072717e-23,4.101110107271732e-23,4.101110107271746e-23,4.1011101072717643e-23,4.1011101072717443e-23,4.1011101072717343e-23,4.101110107271707e-23,4.1011101072716826e-23,4.101110107271675e-23,4.101110107271675e-23,4.101110107271698e-23,4.101110107271699e-23,4.1011101072717055e-23,4.1011101072717096e-23,4.1011101072717185e-23,4.1011101072717096e-23,4.101110107271709e-23,4.101110107271689e-23,4.1011101072716897e-23,4.101110107271702e-23,4.101110107271704e-23,4.101110107271717e-23,4.10111010727171e-23,4.1011101072717196e-23,4.101110107271738e-23,4.1011101072717467e-23,4.1011101072717737e-23,4.10111010727177e-23,4.1011101072718384e-23,4.1011101072718336e-23,4.1011101072718466e-23,4.101110107271839e-23,4.101110107271808e-23,4.10111010727179e-23,4.1011101072717813e-23,4.101110107271759e-23,4.101110107271763e-23,4.101110107271753e-23,4.1011101072717643e-23,4.101110107271795e-23,4.101110107271813e-23,4.1011101072718166e-23,4.101110107271804e-23,4.101110107271797e-23,4.1011101072717896e-23,4.101110107271756e-23,4.1011101072717284e-23,4.101110107271717e-23,4.101110107271709e-23,4.1011101072717185e-23,4.101110107271699e-23,4.101110107271693e-23,4.1011101072717196e-23,4.1011101072717114e-23,4.101110107271708e-23,4.1011101072717355e-23,4.101110107271738e-23,4.101110107271735e-23,4.101110107271744e-23,4.1011101072717226e-23,4.101110107271709e-23,4.1011101072717185e-23,4.1011101072717255e-23,4.101110107271739e-23,4.1011101072717696e-23,4.1011101072717737e-23,4.101110107271779e-23,4.101110107271818e-23,4.1011101072718113e-23,4.101110107271818e-23,4.101110107271849e-23,4.1011101072718225e-23,4.10111010727182e-23,4.1011101072718054e-23,4.101110107271814e-23,4.1011101072717684e-23,4.1011101072717484e-23,4.1011101072717414e-23,4.1011101072717226e-23,4.101110107271698e-23,4.101110107271715e-23,4.101110107271731e-23,4.1011101072717284e-23,4.1011101072717055e-23,4.101110107271723e-23,4.1011101072717367e-23,4.101110107271735e-23,4.101110107271732e-23,4.1011101072717e-23,4.101110107271684e-23,4.1011101072716967e-23,4.1011101072717114e-23,4.101110107271732e-23,4.1011101072717484e-23,4.1011101072717484e-23,4.1011101072717484e-23,4.1011101072717755e-23,4.1011101072717896e-23,4.101110107271772e-23,4.101110107271759e-23,4.1011101072717343e-23,4.101110107271731e-23,4.10111010727171e-23,4.101110107271706e-23,4.101110107271702e-23,4.101110107271704e-23,4.101110107271713e-23,4.101110107271692e-23,4.101110107271698e-23,4.1011101072717114e-23,4.101110107271738e-23,4.101110107271768e-23,4.1011101072717696e-23,4.101110107271744e-23,4.1011101072717766e-23,4.101110107271752e-23,4.101110107271768e-23,4.1011101072717925e-23,4.101110107271786e-23,4.101110107271805e-23,4.10111010727182e-23,4.101110107271802e-23,4.101110107271797e-23,4.101110107271786e-23,4.101110107271804e-23,4.101110107271818e-23,4.1011101072718054e-23,4.101110107271819e-23,4.1011101072718284e-23,4.101110107271844e-23,4.1011101072718595e-23,4.1011101072718666e-23,4.101110107271898e-23,4.1011101072718807e-23,4.1011101072718724e-23,4.1011101072718954e-23,4.101110107271901e-23,4.1011101072719195e-23,4.101110107271894e-23,4.1011101072718454e-23,4.101110107271804e-23,4.1011101072717925e-23,4.1011101072717666e-23,4.101110107271761e-23,4.1011101072717267e-23,4.101110107271701e-23,4.101110107271714e-23,4.101110107271713e-23,4.1011101072717055e-23,4.101110107271717e-23,4.1011101072717284e-23,4.101110107271738e-23,4.101110107271723e-23,4.1011101072717114e-23,4.10111010727175e-23,4.101110107271761e-23,4.101110107271763e-23,4.101110107271757e-23,4.101110107271731e-23,4.1011101072717026e-23,4.10111010727174e-23,4.101110107271768e-23,4.101110107271766e-23,4.101110107271772e-23,4.1011101072717954e-23,4.101110107271819e-23,4.1011101072718395e-23,4.101110107271827e-23,4.101110107271796e-23,4.101110107271763e-23,4.101110107271748e-23,4.101110107271735e-23,4.1011101072717126e-23,4.101110107271735e-23,4.101110107271773e-23,4.101110107271779e-23,4.101110107271759e-23,4.1011101072717666e-23,4.1011101072717625e-23,4.1011101072717643e-23,4.101110107271785e-23,4.101110107271779e-23,4.101110107271784e-23,4.101110107271772e-23,4.101110107271756e-23,4.1011101072717196e-23,4.101110107271698e-23,4.10111010727171e-23,4.101110107271698e-23,4.1011101072717243e-23,4.1011101072717625e-23,4.1011101072717555e-23,4.1011101072717596e-23,4.1011101072717643e-23,4.101110107271726e-23,4.101110107271731e-23,4.1011101072717267e-23,4.1011101072717255e-23,4.101110107271748e-23,4.101110107271735e-23,4.10111010727174e-23,4.101110107271757e-23,4.101110107271716e-23,4.1011101072717343e-23,4.1011101072717296e-23,4.1011101072717884e-23,4.101110107271784e-23,4.101110107271774e-23,4.101110107271759e-23,4.1011101072717584e-23,4.101110107271773e-23,4.1011101072717737e-23,4.1011101072717684e-23,4.101110107271744e-23,4.101110107271784e-23,4.101110107271777e-23,4.1011101072717713e-23,4.101110107271759e-23,4.101110107271741e-23,4.1011101072717496e-23,4.101110107271735e-23,4.1011101072717114e-23,4.1011101072717196e-23,4.101110107271716e-23,4.1011101072717226e-23,4.101110107271726e-23,4.101110107271726e-23,4.101110107271739e-23,4.101110107271772e-23,4.1011101072717837e-23,4.101110107271744e-23,4.101110107271728e-23,4.1011101072717467e-23,4.101110107271753e-23,4.1011101072717655e-23,4.101110107271763e-23,4.101110107271748e-23,4.101110107271754e-23,4.101110107271738e-23,4.101110107271728e-23,4.101110107271738e-23,4.1011101072717484e-23,4.101110107271757e-23,4.1011101072717555e-23,4.101110107271735e-23,4.1011101072717596e-23,4.101110107271792e-23,4.1011101072717755e-23,4.101110107271773e-23,4.1011101072717666e-23,4.101110107271755e-23,4.1011101072717185e-23,4.101110107271714e-23,4.101110107271738e-23,4.101110107271779e-23,4.1011101072717813e-23,4.101110107271802e-23,4.1011101072717766e-23,4.1011101072717766e-23,4.101110107271731e-23,4.101110107271702e-23,4.1011101072717484e-23,4.1011101072717984e-23,4.101110107271819e-23,4.101110107271803e-23,4.101110107271813e-23,4.101110107271799e-23,4.1011101072717884e-23,4.1011101072717954e-23,4.1011101072717996e-23,4.101110107271795e-23,4.10111010727179e-23,4.1011101072717896e-23,4.101110107271766e-23,4.1011101072717655e-23,4.1011101072717655e-23,4.1011101072717496e-23,4.10111010727174e-23,4.101110107271759e-23,4.1011101072717414e-23,4.1011101072717226e-23,4.1011101072717055e-23,4.101110107271716e-23,4.1011101072717196e-23,4.101110107271714e-23,4.101110107271709e-23,4.1011101072717196e-23,4.101110107271756e-23,4.101110107271761e-23,4.1011101072717643e-23,4.1011101072717713e-23,4.1011101072717496e-23,4.1011101072717267e-23,4.101110107271704e-23,4.101110107271668e-23,4.101110107271642e-23,4.101110107271659e-23,4.101110107271686e-23,4.1011101072717114e-23,4.1011101072717443e-23,4.101110107271777e-23,4.101110107271784e-23,4.101110107271781e-23,4.1011101072717555e-23,4.1011101072717596e-23,4.1011101072717655e-23,4.101110107271757e-23,4.1011101072717267e-23,4.101110107271721e-23,4.1011101072717255e-23,4.101110107271746e-23,4.1011101072717596e-23,4.101110107271778e-23,4.1011101072717684e-23,4.101110107271772e-23,4.101110107271784e-23,4.1011101072717896e-23,4.101110107271786e-23,4.1011101072717884e-23,4.1011101072718054e-23,4.1011101072718166e-23,4.101110107271817e-23,4.1011101072718154e-23,4.10111010727181e-23,4.1011101072717713e-23,4.101110107271762e-23,4.1011101072717937e-23,4.1011101072717584e-23,4.101110107271766e-23,4.101110107271756e-23,4.101110107271733e-23,4.1011101072717443e-23,4.1011101072717984e-23,4.10111010727181e-23,4.101110107271803e-23,4.1011101072717755e-23,4.101110107271784e-23,4.1011101072717655e-23,4.101110107271752e-23,4.1011101072717643e-23,4.10111010727177e-23,4.101110107271778e-23,4.10111010727174e-23,4.101110107271739e-23,4.101110107271753e-23,4.101110107271795e-23,4.1011101072717755e-23,4.1011101072717713e-23,4.101110107271766e-23,4.1011101072717514e-23,4.101110107271738e-23,4.1011101072717367e-23,4.1011101072717414e-23,4.1011101072717255e-23,4.1011101072717425e-23,4.101110107271738e-23,4.1011101072717267e-23,4.1011101072717196e-23,4.10111010727171e-23,4.101110107271756e-23,4.1011101072717713e-23,4.10111010727178e-23,4.101110107271759e-23,4.101110107271738e-23,4.101110107271777e-23,4.101110107271803e-23,4.1011101072717755e-23,4.1011101072717866e-23,4.1011101072717643e-23,4.101110107271774e-23,4.101110107271772e-23,4.1011101072717655e-23,4.101110107271774e-23,4.1011101072717766e-23,4.101110107271766e-23,4.101110107271755e-23,4.1011101072717196e-23,4.1011101072717196e-23,4.1011101072717355e-23,4.101110107271768e-23,4.1011101072717996e-23,4.101110107271778e-23,4.1011101072717837e-23,4.1011101072717813e-23,4.1011101072717713e-23,4.1011101072717467e-23,4.101110107271748e-23,4.1011101072717425e-23,4.1011101072717684e-23,4.101110107271768e-23,4.1011101072717684e-23,4.10111010727178e-23,4.1011101072717954e-23,4.1011101072718113e-23,4.1011101072718113e-23,4.1011101072717837e-23,4.101110107271781e-23,4.101110107271809e-23,4.1011101072717737e-23,4.101110107271763e-23,4.1011101072717443e-23,4.101110107271768e-23,4.1011101072717713e-23,4.1011101072717713e-23,4.1011101072717414e-23,4.101110107271748e-23,4.1011101072717555e-23,4.1011101072717443e-23,4.1011101072717484e-23,4.1011101072717443e-23,4.1011101072717584e-23,4.101110107271753e-23,4.1011101072717343e-23,4.101110107271735e-23,4.101110107271746e-23,4.1011101072717484e-23,4.101110107271748e-23,4.1011101072717367e-23,4.101110107271773e-23,4.1011101072717825e-23,4.101110107271773e-23,4.101110107271795e-23,4.101110107271772e-23,4.101110107271745e-23,4.101110107271726e-23,4.101110107271739e-23,4.1011101072717414e-23,4.101110107271741e-23,4.1011101072717425e-23,4.101110107271741e-23,4.1011101072717655e-23,4.1011101072717484e-23,4.1011101072717467e-23,4.101110107271731e-23,4.10111010727174e-23,4.101110107271701e-23,4.101110107271699e-23,4.1011101072717126e-23,4.101110107271709e-23,4.101110107271699e-23,4.101110107271728e-23,4.101110107271733e-23,4.101110107271774e-23,4.1011101072717925e-23,4.10111010727182e-23,4.101110107271819e-23,4.101110107271802e-23,4.10111010727182e-23,4.1011101072718113e-23,4.1011101072717996e-23,4.101110107271802e-23,4.1011101072717766e-23,4.101110107271761e-23,4.101110107271738e-23,4.1011101072717355e-23,4.1011101072717367e-23,4.101110107271722e-23,4.1011101072717655e-23,4.101110107271788e-23,4.1011101072717755e-23,4.101110107271755e-23,4.101110107271748e-23,4.1011101072717625e-23,4.1011101072717696e-23,4.1011101072717837e-23,4.1011101072717696e-23,4.223819890777952e-23,4.30589477468264e-23,4.360790862155383e-23,4.397508311527285e-23,4.422066911849732e-23,4.4384930212043155e-23,4.4494796840254967e-23,4.456828153004499e-23,4.4617432026392595e-23,4.4650306507915204e-23,4.4672294717069034e-23,4.46870016029593e-23,4.469683834908081e-23,4.470341768440307e-23,4.470781828864557e-23,4.4710761640721294e-23,4.4712730304464466e-23,4.471404704448207e-23,4.4714927743076846e-23,4.4715516793930434e-23,4.471591077529685e-23,4.471617428390481e-23,4.4716350525520905e-23,4.471646839849011e-23,4.471654723158375e-23,4.4716599952929777e-23,4.471663520956114e-23,4.471665878508573e-23,4.471667454789961e-23,4.4716685085400026e-23,4.4716692128184533e-23,4.471669683377876e-23,4.471669997640414e-23,4.471670207391007e-23,4.47167034726704e-23,4.4716704404362955e-23,4.4716705023958845e-23,4.47167054351118e-23,4.471670570716504e-23,4.47167058865028e-23,4.471670600415908e-23,4.471670608089817e-23,4.4716706130614754e-23,4.471670616261084e-23,4.471670618311529e-23,4.471670619630219e-23,4.471670620497064e-23,4.4716706211000905e-23,4.4716706215657644e-23,4.471670621979402e-23,4.471670622398783e-23,4.471670622863346e-23,4.471670623400279e-23,4.471670624028401e-23,4.4716706247612194e-23,4.4716706256083206e-23,4.471670626576955e-23,4.471670627672811e-23,4.471670628900268e-23,4.471670630263084e-23,4.4716706317644985e-23,4.4716706334074935e-23,4.4716706351946786e-23,4.471670637128557e-23,4.4716706392116367e-23,4.47167064144632e-23,4.4716706438348695e-23,4.471670646379741e-23,4.4716706490830815e-23,4.471670651947168e-23,4.471670654974271e-23,4.4716706581665866e-23,4.4716706615264045e-23,4.4716706650559474e-23,4.4716706687574574e-23,4.471670672633159e-23,4.471670676685244e-23,4.4716706809158223e-23,4.471670685327531e-23,4.4716706899222855e-23,4.4716706947022963e-23,4.471670699669859e-23,4.471670704827113e-23,4.4716707101762653e-23,4.471670715719541e-23,4.4716707214591997e-23,4.471670727397448e-23,4.471670733536528e-23,4.4716707398788594e-23,4.4716707464259315e-23,4.471670753180457e-23,4.4716707601445777e-23,4.471670767320521e-23,4.471670774710466e-23,4.471670782316433e-23,4.471670790140815e-23,4.47167079818579e-23,4.471670806453495e-23,4.471670814946138e-23,4.471670823665864e-23,4.4716708326149964e-23,4.4716708417957254e-23,4.4716708512099517e-23,4.471670860859995e-23,4.471670870748054e-23,4.471670880876342e-23,4.4716708912469924e-23,4.471670901862074e-23,4.471670912724035e-23,4.4716709238348303e-23,4.4716709351966873e-23,4.471670946811752e-23,4.4716709586822387e-23,4.4716709708102947e-23,4.47167098319799e-23,4.471670995847493e-23,4.471671008761113e-23,4.471671021940808e-23,4.471671035389011e-23,4.471671049107732e-23,4.471671063099126e-23,4.4716710773651483e-23,4.4716710919082163e-23,4.4716711067303995e-23,4.471671121833751e-23,4.4716711372204796e-23,4.4716711528926845e-23,4.471671168852617e-23,4.4716711851022407e-23,4.4716712016438554e-23,4.471671218479562e-23,4.4716712356115996e-23,4.47167125304176e-23,4.47167127077241e-23,4.4716712888056336e-23,4.471671307143623e-23,4.471671325788444e-23,4.471671344742185e-23,4.471671364007059e-23,4.4716713835851695e-23,4.4716714034786146e-23,4.47167142368945e-23,4.4716714442198864e-23,4.4716714650720354e-23,4.4716714862479766e-23,4.4716715077497766e-23,4.471671529579562e-23,4.4716715517394594e-23,4.4716715742315805e-23,4.4716715970580046e-23,4.471671620220912e-23,4.4716716437222944e-23,4.4716716675643685e-23,4.471671691749184e-23,4.4716717162789426e-23,4.4716717411555317e-23,4.471671766381093e-23,4.4716717919577427e-23,4.471671817887593e-23,4.471671844172801e-23,4.471671870815334e-23,4.471671897817298e-23,4.471671925180808e-23,4.471671952908055e-23,4.471671981000902e-23,4.4716720094614637e-23,4.471672038291982e-23,4.4716720674944455e-23,4.471672097070898e-23,4.471672127023451e-23,4.471672157354184e-23,4.471672188065028e-23,4.471672219158367e-23,4.4716722506360715e-23,4.4716722825001816e-23,4.471672314752762e-23,4.47167234739593e-23,4.4716723804316886e-23,4.471672413862099e-23,4.471672447689256e-23,4.4716724819152574e-23,4.471672516542181e-23,4.4716725515719505e-23,4.471672587006668e-23,4.47167262284834e-23,4.471672659099039e-23,4.4716726957607096e-23,4.4716727328356474e-23,4.471672770325635e-23,4.471672808232929e-23,4.47167284655945e-23,4.4716728853072975e-23,4.4716729244783834e-23,4.4716729640749076e-23,4.471673004098852e-23,4.471673044552263e-23,4.471673085437115e-23,4.471673126755437e-23,4.4716731685092814e-23,4.471673210700706e-23,4.4716732533316755e-23,4.471673296404276e-23,4.471673339920499e-23,4.471673383882303e-23,4.47167342829184e-23,4.471673473151049e-23,4.47167351846192e-23,4.471673564226468e-23,4.471673610446738e-23,4.471673657124794e-23,4.471673704262565e-23,4.4716737518620617e-23,4.4716737999253256e-23,4.471673848454309e-23,4.4716738974511195e-23,4.471673946917699e-23,4.4716739968559864e-23,4.4716740472681096e-23,4.47167409815602e-23,4.471674149521581e-23,4.471674201366975e-23,4.471674253694136e-23,4.471674306504891e-23,4.4716743598014423e-23,4.4716744135856973e-23,4.471674467859662e-23,4.471674522625226e-23,4.47167457788438e-23,4.4716746336393895e-23,4.471674689892048e-23,4.471674746644195e-23,4.4716748038979025e-23,4.471674861655127e-23,4.4716749199179935e-23,4.471674978688387e-23,4.471675037968229e-23,4.47167509775936e-23,4.4716751580641165e-23,4.4716752188842695e-23,4.471675280221716e-23,4.471675342078486e-23,4.4716754044565475e-23,4.4716754673578385e-23,4.471675530784318e-23,4.4716755947379934e-23,4.471675659220783e-23,4.471675724234596e-23,4.4716757897814716e-23,4.4716758558633476e-23,4.471675922482119e-23,4.471675989639787e-23,4.47167605733825e-23,4.471676125579472e-23,4.4716761943653953e-23,4.4716762636980317e-23,4.471676333579284e-23,4.4716764040110595e-23,4.471676474995237e-23,4.471676546533965e-23,4.4716766186290094e-23,4.471676691282371e-23,4.471676764495922e-23,4.471676838271609e-23,4.4716769126113985e-23,4.4716769875171694e-23,4.471677062990882e-23,4.471677139034393e-23,4.471677215649818e-23,4.471677292838928e-23,4.471677370603639e-23,4.4716774489459816e-23,4.471677527867827e-23,4.471677607371023e-23,4.4716776874574835e-23,4.4716777681292246e-23,4.471677849388031e-23,4.471677931235932e-23,4.471678013674848e-23,4.4716780967064595e-23,4.4716781803327034e-23,4.4716782645560014e-23,4.4716783493778006e-23,4.471678434800071e-23,4.471678520824733e-23,4.471678607453713e-23,4.4716786946888376e-23,4.471678782532067e-23,4.471678870985236e-23,4.471678960050288e-23,4.471679049729058e-23,4.471679140023458e-23,4.4716792309354955e-23,4.471679322466744e-23,4.4716794146193207e-23,4.4716795073951524e-23,4.4716796007961284e-23,4.471679694824039e-23,4.4716797894808845e-23,4.471679884768446e-23,4.4716799806886123e-23,4.471680077243246e-23,4.471680174434225e-23,4.471680272263473e-23,4.471680370732808e-23,4.4716804698441537e-23,4.471680569599333e-23,4.47168067000015e-23,4.471680771048645e-23,4.471680872746489e-23,4.4716809750959255e-23,4.4716810780984e-23,4.4716811817558574e-23,4.471681286069817e-23,4.471681391042985e-23,4.471681496676678e-23,4.471681602972874e-23,4.4716817099333896e-23,4.471681817560078e-23,4.4716819258548247e-23,4.471682034819335e-23,4.471682144455665e-23,4.4716822547655156e-23,4.4716823657509655e-23,4.471682477413617e-23,4.4716825897551415e-23,4.4716827027776773e-23,4.471682816483039e-23,4.471682930873086e-23,4.4716830459495326e-23,4.471683161714273e-23,4.4716832781691705e-23,4.4716833953160134e-23,4.4716835131566443e-23,4.4716836316929316e-23,4.471683750926491e-23,4.471683870859541e-23,4.471683991493571e-23,4.471684112830607e-23,4.471684234872344e-23,4.4716843576206734e-23,4.471684481077411e-23,4.4716846052444376e-23,4.4716847301234897e-23,4.471684855716448e-23,4.471684982025101e-23,4.471685109051168e-23,4.471685236796517e-23,4.471685365262986e-23,4.4716854944523826e-23,4.471685624366382e-23,4.4716857550070725e-23,4.471685886376061e-23,4.471686018475173e-23,4.4716861513062526e-23,4.4716862848710794e-23,4.471686419171488e-23,4.4716865542093164e-23,4.4716866899861944e-23,4.471686826503995e-23,4.471686963764585e-23,4.4716871017695226e-23,4.471687240520813e-23,4.471687380020257e-23,4.4716875202696356e-23,4.471687661270664e-23,4.471687803025176e-23,4.4716879455349437e-23,4.471688088801768e-23,4.471688232827335e-23,4.471688377613594e-23,4.471688523162166e-23,4.4716886694749246e-23,4.471688816553664e-23,4.47168896440012e-23,4.4716891130160153e-23,4.4716892624032124e-23,4.471689412563511e-23,4.4716895634984655e-23,4.471689715210024e-23,4.4716898676999313e-23,4.4716900209699414e-23,4.471690175021843e-23,4.4716903298574055e-23,4.471690485478355e-23,4.4716906418864523e-23,4.471690799083523e-23,4.4716909570712553e-23,4.471691115851407e-23,4.471691275425765e-23,4.4716914357960276e-23,4.4716915969640126e-23,4.47169175893143e-23,4.471691921700083e-23,4.4716920852716645e-23,4.471692249647917e-23,4.471692414830585e-23,4.471692580821439e-23,4.4716927476222184e-23,4.4716929152346713e-23,4.471693083660544e-23,4.47169325290157e-23,4.471693422959504e-23,4.4716935938360637e-23,4.4716937655329745e-23,4.471693938052012e-23,4.4716941113948934e-23,4.471694285563298e-23,4.4716944605589893e-23,4.471694636383761e-23,4.4716948130393094e-23,4.471694990527342e-23,4.471695168849305e-23,4.4716953480074867e-23,4.471695528003287e-23,4.471695708838424e-23,4.47169589051463e-23,4.471696073033641e-23,4.471696256397143e-23,4.471696440606891e-23,4.471696625664548e-23,4.4716968115719885e-23,4.471696998330756e-23,4.4716971859427105e-23,4.4716973744094194e-23,4.4716975637325853e-23,4.471697753914032e-23,4.471697944955344e-23,4.4716981368583313e-23,4.4716983296247006e-23,4.4716985232559434e-23,4.4716987177539016e-23,4.471698913120104e-23,4.471699109356753e-23,4.471699306465201e-23,4.471699504447131e-23,4.471699703304275e-23,4.47169990303836e-23,4.471700103650997e-23,4.47170030514396e-23,4.4717005075188187e-23,4.4717007107774454e-23,4.471700914921348e-23,4.471701119952319e-23,4.471701325872014e-23,4.4717015326821345e-23,4.4717017403843074e-23,4.471701948980285e-23,4.4717021584716097e-23,4.471702368860189e-23,4.471702580147533e-23,4.471702792335446e-23,4.4717030054255104e-23,4.47170321941937e-23,4.47170343431869e-23,4.4717036501251285e-23,4.4717038668404266e-23,4.4717040844661933e-23,4.471704303004082e-23,4.471704522455812e-23,4.471704742822917e-23,4.471704964107212e-23,4.4717051863103106e-23,4.471705409433877e-23,4.4717056334796246e-23,4.471705858449228e-23,4.471706084344146e-23,4.471706311166137e-23,4.471706538916836e-23,4.4717067675980266e-23,4.4717069972113084e-23,4.4717072277582354e-23,4.4717074592405373e-23,4.471707691659784e-23,4.471707925017732e-23,4.471708159316016e-23,4.4717083945562173e-23,4.471708630740009e-23,4.47170886786909e-23,4.4717091059450024e-23,4.4717093449692826e-23,4.471709584943844e-23,4.471709825870139e-23,4.471710067749844e-23,4.4717103105845196e-23,4.4717105543759366e-23,4.471710799125616e-23,4.471711044835246e-23,4.4717112915064405e-23,4.471711539140786e-23,4.471711787739829e-23,4.471712037305454e-23,4.47171228783909e-23,4.47171253934239e-23,4.4717127918170444e-23,4.471713045264683e-23,4.471713299686803e-23,4.4717135550856085e-23,4.47171381146145e-23,4.471714068816708e-23,4.471714327153161e-23,4.4717145864721213e-23,4.471714846775376e-23,4.47171510806447e-23,4.471715370341033e-23,4.471715633606676e-23,4.471715897862966e-23,4.471716163111536e-23,4.471716429354096e-23,4.4717166965918936e-23,4.471716964826899e-23,4.471717234060386e-23,4.471717504294272e-23,4.4717177755300406e-23,4.4717180477693265e-23,4.4717183210136966e-23,4.4717185952646936e-23,4.4717188705240944e-23,4.4717191467930925e-23,4.4717194240735924e-23,4.471719702367197e-23,4.471719981675392e-23,4.471720261999755e-23,4.471720543341935e-23,4.471720825703404e-23,4.471721109085804e-23,4.471721393490885e-23,4.471721678920104e-23,4.471721965374981e-23,4.471722252857104e-23,4.471722541367917e-23,4.471722830909459e-23,4.47172312148293e-23,4.471723413089872e-23,4.471723705731987e-23,4.4717239994108145e-23,4.4717242941278776e-23,4.4717245898847383e-23,4.471724886683193e-23,4.471725184524851e-23,4.4717254834107954e-23,4.4717257833428886e-23,4.4717260843226976e-23,4.4717263863517464e-23,4.4717266894315813e-23,4.4717269935637635e-23,4.4717272987498757e-23,4.471727604991559e-23,4.4717279122902207e-23,4.471728220647348e-23,4.471728530064778e-23,4.4717288405439126e-23,4.47172915208634e-23,4.471729464693511e-23,4.4717297783670184e-23,4.471730093108408e-23,4.4717304089192846e-23,4.471730725801191e-23,4.4717310437556376e-23,4.4717313627841414e-23,4.4717316828882126e-23,4.471732004069525e-23,4.471732326329586e-23,4.4717326496698304e-23,4.471732974091898e-23,4.471733299597213e-23,4.4717336261873626e-23,4.4717339538639625e-23,4.471734282628366e-23,4.4717346124822037e-23,4.4717349434270864e-23,4.471735275464505e-23,4.471735608595975e-23,4.4717359428229654e-23,4.471736278147197e-23,4.471736614569685e-23,4.471736952092478e-23,4.4717372907169945e-23,4.471737630444691e-23,4.471737971276931e-23,4.4717383132155987e-23,4.471738656262007e-23,4.471739000417656e-23,4.471739345683977e-23,4.471739692062627e-23,4.47174003955505e-23,4.47174038816282e-23,4.471740737887424e-23,4.471741088730308e-23,4.471741440693024e-23,4.471741793777125e-23,4.471742147984015e-23,4.471742503315188e-23,4.471742859772358e-23,4.4717432173568943e-23,4.4717435760703167e-23,4.471743935914105e-23,4.471744296889748e-23,4.4717446589987826e-23,4.4717450222425896e-23,4.471745386622757e-23,4.471745752140727e-23,4.471746118798029e-23,4.471746486596141e-23,4.4717468555366384e-23,4.471747225620916e-23,4.471747596850634e-23,4.4717479692269834e-23,4.47174834275159e-23,4.471748717425946e-23,4.4717490932515835e-23,4.471749470229992e-23,4.471749848362607e-23,4.471750227650927e-23,4.4717506080963457e-23,4.4717509897004064e-23,4.471751372464574e-23,4.471751756390387e-23,4.4717521414792915e-23,4.4717525277327615e-23,4.4717529151524e-23,4.471753303739378e-23,4.4717536934953157e-23,4.471754084421695e-23,4.471754476520026e-23,4.471754869791679e-23,4.471755264238223e-23,4.471755659861062e-23,4.471756056661673e-23,4.471756454641541e-23,4.471756853802107e-23,4.47175725414477e-23,4.47175765567113e-23,4.47175805838256e-23,4.4717584622805245e-23,4.4717588673665395e-23,4.471759273641987e-23,4.471759681108387e-23,4.4717600897671234e-23,4.4717604996196945e-23,4.4717609106674384e-23,4.4717613229120065e-23,4.471761736354663e-23,4.4717621509970153e-23,4.4717625668403777e-23,4.4717629838863054e-23,4.471763402136063e-23,4.471763821591188e-23,4.471764242253123e-23,4.471764664123371e-23,4.471765087203562e-23,4.471765511494657e-23,4.471765936998319e-23,4.4717663637160727e-23,4.4717667916492745e-23,4.4717672207993804e-23,4.4717676511677557e-23,4.471768082755988e-23,4.4717685155654066e-23,4.471768949597448e-23,4.4717693848535236e-23,4.471769821335126e-23,4.4717702590433733e-23,4.471770697980252e-23,4.4717711381468576e-23,4.4717715795444615e-23,4.471772022174907e-23,4.471772466039317e-23,4.471772911139175e-23,4.4717733574759096e-23,4.4717738050510725e-23,4.471774253865713e-23,4.4717747039214376e-23,4.471775155219754e-23,4.471775607762061e-23,4.47177606154976e-23,4.4717765165842893e-23,4.47177697286698e-23,4.471777430399193e-23,4.4717778891824143e-23,4.471778349218027e-23,4.471778810507496e-23,4.471779273052165e-23,4.4717797368534344e-23,4.471780201912756e-23,4.471780668231545e-23,4.471781135811167e-23,4.471781604653001e-23,4.471782074758461e-23,4.4717825461290023e-23,4.471783018766004e-23,4.471783492670868e-23,4.4717839678449384e-23,4.4717844442896406e-23,4.4717849220063136e-23,4.471785400996398e-23,4.471785881261236e-23,4.4717863628022956e-23,4.4717868456208927e-23,4.4717873297185334e-23,4.4717878150965413e-23,4.471788301756226e-23,4.4717887896990345e-23,4.471789278926302e-23,4.471789769439502e-23,4.4717902612400384e-23,4.471790754329139e-23,4.471791248708207e-23,4.4717917443787474e-23,4.4717922413419946e-23,4.471792739599323e-23,4.4717932391522986e-23,4.471793740002123e-23,4.4717942421502644e-23,4.471794745598023e-23,4.4717952503468245e-23,4.4717957563979677e-23,4.4717962637528976e-23,4.4717967724129277e-23,4.471797282379447e-23,4.471797793653809e-23,4.471798306237422e-23,4.471798820131723e-23,4.4717993353378535e-23,4.471799851857269e-23,4.4718003696913875e-23,4.4718008888416027e-23,4.471801409309057e-23,4.471801931095303e-23,4.4718024542016565e-23,4.471802978629431e-23,4.4718035043801105e-23,4.471804031454903e-23,4.4718045598551786e-23,4.471805089582397e-23,4.471805620637808e-23,4.471806153022764e-23,4.4718066867386346e-23,4.4718072217868096e-23,4.471807758168573e-23,4.471808295885284e-23,4.471808834938322e-23,4.471809375328913e-23,4.471809917058527e-23,4.4718104601284715e-23,4.471811004540102e-23,4.4718115502947324e-23,4.471812097393705e-23,4.471812645838334e-23,4.471813195629999e-23,4.471813746769982e-23,4.4718142992596355e-23,4.4718148531002964e-23,4.471815408293318e-23,4.4718159648400537e-23,4.471816522741729e-23,4.471817081999724e-23,4.4718176426153265e-23,4.471818204590053e-23,4.471818767925044e-23,4.471819332621666e-23,4.4718198986813177e-23,4.4718204661051755e-23,4.471821034894631e-23,4.471821605051025e-23,4.471822176575653e-23,4.471822749469801e-23,4.47182332373486e-23,4.4718238993721566e-23,4.4718244763832077e-23,4.4718250547688055e-23,4.471825634530549e-23,4.471826215669761e-23,4.4718267981877777e-23,4.4718273820858585e-23,4.471827967365285e-23,4.471828554027522e-23,4.471829142073767e-23,4.4718297315053505e-23,4.471830322323532e-23,4.471830914530749e-23,4.471831508125832e-23,4.471832103111465e-23,4.4718326994890304e-23,4.471833297259814e-23,4.47183389642498e-23,4.471834496985994e-23,4.47183509894451e-23,4.4718357023008624e-23,4.471836307056702e-23,4.4718369132135034e-23,4.471837520772566e-23,4.471838129735122e-23,4.4718387401024904e-23,4.4718393518761896e-23,4.4718399650570226e-23,4.471840579646498e-23,4.471841195645989e-23,4.471841813056677e-23,4.4718424318799256e-23,4.4718430521169767e-23,4.4718436737691813e-23,4.4718442968378355e-23,4.4718449213241494e-23,4.4718455472294225e-23,4.4718461745549014e-23,4.471846803301982e-23,4.471847433471738e-23,4.4718480650655495e-23,4.4718486980847416e-23,4.4718493325305583e-23,4.4718499684042316e-23,4.471850605707051e-23,4.4718512444403675e-23,4.4718518846054127e-23,4.471852526203421e-23,4.4718531692356653e-23,4.471853813702947e-23,4.471854459607612e-23,4.471855106950318e-23,4.4718557557322363e-23,4.4718564059547306e-23,4.4718570576190593e-23,4.471857710726446e-23,4.471858365278319e-23,4.4718590212757056e-23,4.471859678719997e-23,4.471860337612522e-23,4.4718609979543395e-23,4.471861659746863e-23,4.471862322991322e-23,4.4718629876889365e-23,4.4718636538410273e-23,4.471864321448779e-23,4.471864990513523e-23,4.471865661036416e-23,4.471866333018738e-23,4.471867006461737e-23,4.4718676813666414e-23,4.4718683577348243e-23,4.471869035567308e-23,4.4718697148655454e-23,4.471870395630767e-23,4.471871077864058e-23,4.471871761566764e-23,4.471872446740193e-23,4.4718731333852593e-23,4.4718738215037484e-23,4.471874511096574e-23,4.4718752021648924e-23,4.471875894710246e-23,4.471876588733888e-23,4.471877284236465e-23,4.4718779812196526e-23,4.4718786796845115e-23,4.47187937963247e-23,4.4718800810646386e-23,4.471880783982385e-23,4.471881488386827e-23,4.471882194279247e-23,4.471882901660745e-23,4.4718836105327074e-23,4.471884320896383e-23,4.471885032752881e-23,4.471885746103416e-23,4.471886460949264e-23,4.4718871772916634e-23,4.471887895131751e-23,4.4718886144708215e-23,4.471889335310118e-23,4.4718900576508036e-23,4.471890781494083e-23,4.4718915068411535e-23,4.47189223369326e-23,4.4718929620516485e-23,4.471893691917573e-23,4.4718944232921627e-23,4.4718951561766246e-23,4.471895890572145e-23,4.471896626480032e-23,4.4718973639014403e-23,4.471898102837574e-23,4.471898843289752e-23,4.4718995852590553e-23,4.4719003287467314e-23,4.471901073753968e-23,4.471901820281924e-23,4.471902568331962e-23,4.471903317905149e-23,4.471904069002686e-23,4.471904821625815e-23,4.47190557577565e-23,4.4719063314535084e-23,4.471907088660511e-23,4.471907847397926e-23,4.471908607666916e-23,4.471909369468664e-23,4.471910132804408e-23,4.471910897675309e-23,4.4719116640826065e-23,4.4719124320274576e-23,4.471913201510951e-23,4.471913972534328e-23,4.4719147450988415e-23,4.471915519205545e-23,4.471916294855849e-23,4.471917072050745e-23,4.471917850791496e-23,4.471918631079489e-23,4.4719194129154856e-23,4.471920196300858e-23,4.471920981236858e-23,4.471921767724594e-23,4.471922555765129e-23,4.4719233453599955e-23,4.4719241365103094e-23,4.4719249292169043e-23,4.4719257234811174e-23,4.471926519304115e-23,4.4719273166868433e-23,4.47192811563124e-23,4.471928916137939e-23,4.471929718208174e-23,4.471930521843029e-23,4.471931327043712e-23,4.4719321338115584e-23,4.471932942147355e-23,4.471933752052483e-23,4.471934563528216e-23,4.4719353765755546e-23,4.4719361911958645e-23,4.471937007390294e-23,4.471937825159839e-23,4.471938644505688e-23,4.471939465429013e-23,4.4719402879308985e-23,4.471941112012681e-23,4.471941937675507e-23,4.471942764920309e-23,4.4719435937485657e-23,4.4719444241612455e-23,4.4719452561595355e-23,4.471946089744635e-23,4.471946924917628e-23,4.471947761679671e-23,4.4719486000319186e-23,4.471949439975427e-23,4.471950281511624e-23,4.4719511246414344e-23,4.471951969366075e-23,4.471952815686554e-23,4.4719536636042664e-23,4.471954513120187e-23,4.4719553642355105e-23,4.4719562169513953e-23,4.4719570712689535e-23,4.47195792718936e-23,4.471958784713702e-23,4.471959643843088e-23,4.4719605045787943e-23,4.4719613669218844e-23,4.471962230873665e-23,4.4719630964348713e-23,4.471963963606896e-23,4.471964832390877e-23,4.4719657027878905e-23,4.4719665747991084e-23,4.4719674484257047e-23,4.471968323668777e-23,4.471969200529368e-23,4.471970079008698e-23,4.4719709591078397e-23,4.4719718408279573e-23,4.4719727241700874e-23,4.471973609135625e-23,4.4719744957255e-23,4.4719753839408154e-23,4.471976273782721e-23,4.4719771652523705e-23,4.4719780583508897e-23,4.471978953079415e-23,4.471979849439026e-23,4.4719807474308267e-23,4.471981647055917e-23,4.471982548315493e-23,4.471983451210578e-23,4.4719843557423496e-23,4.4719852619119e-23,4.471986169720401e-23,4.471987079168886e-23,4.471987990258574e-23,4.471988902990458e-23,4.4719898173656773e-23,4.4719907333853495e-23,4.471991651050603e-23,4.471992570362545e-23,4.4719934913222714e-23,4.47199441393086e-23,4.4719953381894655e-23,4.471996264099117e-23,4.4719971916610536e-23,4.3492912224307263e-23,4.2672185734577803e-23,4.212323874237725e-23
14,2.8403179331132707e-64,1.195966774562473e-63,3.1337084190013765e-63,6.541098565169894e-63,1.190029356463742e-62,1.9729634882394143e-62,3.0584590096308746e-62,4.505990881180341e-62,6.379199202115877e-62,8.746101497966168e-62,1.1679264180509419e-61,1.5255931885235905e-61,1.955811987356865e-61,2.467267674593965e-61,3.069132462741647e-61,3.7710683003625384e-61,4.5832281144255675e-61,5.516256286090487e-61,6.581288633044067e-61,7.78995209062236e-61,9.154364222517995e-61,1.0687132646916516e-60,1.2401354432040054e-60,1.4310615493176918e-60,1.6428990008689994e-60,1.8771039863128904e-60,2.1351814119816243e-60,2.4186848521961663e-60,2.729216501963202e-60,3.068427131915109e-60,3.4380160451447956e-60,3.8397310355973443e-60,4.2753683477247955e-60,4.7467726371512374e-60,5.255836932135297e-60,5.80450259566112e-60,6.39475928801625e-60,7.028644929752387e-60,7.708245664940099e-60,8.435695824652826e-60,9.213177890629546e-60,1.004292245908244e-59,1.0927208204607203e-59,1.1868361844191699e-59,1.2868758101293348e-59,1.3930819669978645e-59,1.5057017179114492e-59,1.624986915660451e-59,1.7511941993666777e-59,1.8845849909145794e-59,2.0254254913861646e-59,2.1739866774988674e-59,2.3305442980465906e-59,2.4953788703437006e-59,2.6687756766718797e-59,2.8510247607298418e-59,3.0424209240858087e-59,3.2432637226327776e-59,3.4538574630464373e-59,3.674511199245973e-59,3.9055387288574163e-59,4.147258589679772e-59,4.399994056153928e-59,4.6640731358338106e-59,4.939828565860979e-59,5.227597809441304e-59,5.5277230523245525e-59,5.840551199286425e-59,6.166433870613636e-59,6.505727398591184e-59,6.858792823992917e-59,7.225995892574169e-59,7.607707051567324e-59,8.004301446179991e-59,8.416158916095755e-59,8.843663991978149e-59,9.287205891976096e-59,9.747178518233138e-59,1.0223980453398895e-58,1.0718014957142723e-58,1.1229689962671244e-58,1.1759418073246822e-58,1.2307616558710127e-58,1.2874707352004777e-58,1.3461117045704411e-58,1.406727688854287e-58,1.4693622781946445e-58,1.534059527656918e-58,1.6008639568830875e-58,1.66982054974572e-58,1.7409747540023044e-58,1.8143724809498037e-58,1.8900601050794905e-58,1.9680844637320344e-58,2.048492856752855e-58,2.131333046147765e-58,2.216653255738797e-58,2.304502170820372e-58,2.3949289378156946e-58,2.4879831639334053e-58,2.5837149168245098e-58,2.682174724239541e-58,2.7834135736860023e-58,2.8874829120861096e-58,2.9944346454346718e-58,3.1043211384573595e-58,3.217195214269186e-58,3.333110154033218e-58,3.452119696619582e-58,3.574278038264723e-58,3.6996398322308944e-58,3.828260188465998e-58,3.960194673263501e-58,4.095499308922806e-58,4.2342305734097644e-58,4.3764454000174904e-58,4.5222011770274055e-58,4.6715557473705654e-58,4.824567408289228e-58,4.981294910998671e-58,5.14179746034931e-58,5.3061347144889964e-58,5.4743667845256554e-58,5.646554234190111e-58,5.822758079499213e-58,6.003039788419194e-58,6.187461280529288e-58,6.376084926685645e-58,6.568973548685329e-58,6.76619041893089e-58,6.967799260094892e-58,7.17386424478482e-58,7.384449995208201e-58,7.599621582838135e-58,7.819444528078785e-58,8.043984799931367e-58,8.273308815660303e-58,8.507483440459586e-58,8.74657598711967e-58,8.990654215694062e-58,9.239786333166703e-58,9.49404099311926e-58,9.75348729539915e-58,1.0018194785786966e-57,1.0288233455664965e-57,1.0563673741685518e-57,1.0844586525439654e-57,1.113104313312614e-57,1.1423115335220429e-57,1.1720875346144435e-57,1.2024395823935998e-57,1.2333749869918867e-57,1.2649011028372932e-57,1.297025328620463e-57,1.3297551072617615e-57,1.3630979258783758e-57,1.397061315751425e-57,1.4316528522931393e-57,1.4668801550139333e-57,1.5027508874897272e-57,1.5392727573290725e-57,1.5764535161404503e-57,1.6143009594994969e-57,1.6528229269163305e-57,1.692027301802832e-57,1.731922011440033e-57,1.772515026945454e-57,1.8138143632405033e-57,1.8558280790178957e-57,1.8985642767091045e-57,1.9420311024517898e-57,1.9862367460573265e-57,2.0311894409782928e-57,2.0768974642760906e-57,2.1233691365883877e-57,2.1706128220967848e-57,2.2186369284944058e-57,2.2674499069535582e-57,2.3170602520933615e-57,2.3674765019474727e-57,2.418707237931773e-57,2.4707610848120934e-57,2.523646710672026e-57,2.5773728268806594e-57,2.6319481880604126e-57,2.6873815920548624e-57,2.743681879896605e-57,2.800857935775139e-57,2.858918687004773e-57,2.917873103992559e-57,2.977730200206244e-57,3.0384990321422596e-57,3.100188699293714e-57,3.1628083441184333e-57,3.2263671520070055e-57,3.2908743512508675e-57,3.3563392130104047e-57,3.422771051283067e-57,3.490179222871532e-57,3.558573127351868e-57,3.627962207041746e-57,3.698355946968651e-57,3.769763874838133e-57,3.8421955610020773e-57,3.9156606184270005e-57,3.990168702662369e-57,4.065729511808938e-57,4.14235278648714e-57,4.220048309805412e-57,4.2988259073287094e-57,4.3786954470468617e-57,4.4596668393430747e-57,4.541750036962404e-57,4.624955034980273e-57,4.7092918707710024e-57,4.794770623976371e-57,4.8814014164741927e-57,4.9691944123469347e-57,5.058159817850334e-57,5.148307881382059e-57,5.239648893450384e-57,5.33219318664289e-57,5.425951135595193e-57,5.52093315695968e-57,5.617149709374321e-57,5.714611293431405e-57,5.813328451646403e-57,5.91331176842676e-57,6.014571870040935e-57,6.117119424586975e-57,6.220965141961722e-57,6.326119773829641e-57,6.432594113591718e-57,6.540398996354545e-57,6.649545298899302e-57,6.760043939650769e-57,6.871905878646386e-57,6.985142117505338e-57,7.099763699397655e-57,7.215781709013339e-57,7.333207272531512e-57,7.452051557589588e-57,7.572325773252467e-57,7.694041169981763e-57,7.817209039605039e-57,7.941840715285071e-57,8.06794757148915e-57,8.195541023958364e-57,8.324632529676972e-57,8.455233586841752e-57,8.587355734831364e-57,8.721010554175755e-57,8.85620966652566e-57,8.992964734621938e-57,9.13128746226512e-57,9.271189594284898e-57,9.412682916509637e-57,9.55577925573592e-57,9.700490479698138e-57,9.846828497038037e-57,9.994805257274364e-57,1.0144432750772501e-56,1.0295723008714112e-56,1.0448688103066843e-56,1.0603340146553994e-56,1.07596912926243e-56,1.0917753735421646e-56,1.1077539709754854e-56,1.1239061491067462e-56,1.1402331395407572e-56,1.1567361779397678e-56,1.173416504020454e-56,1.1902753615509057e-56,1.2073139983476203e-56,1.2245336662724937e-56,1.241935621229818e-56,1.2595211231632791e-56,1.2772914360529558e-56,1.2952478279123245e-56,1.3133915707852617e-56,1.3317239407430529e-56,1.3502462178814005e-56,1.3689596863174376e-56,1.3878656341867402e-56,1.4069653536403442e-56,1.4262601408417646e-56,1.4457512959640123e-56,1.4654401231866196e-56,1.4853279306926694e-56,1.5054160306658176e-56,1.525705739287323e-56,1.5461983767330852e-56,1.5668952671706694e-56,1.5877977387563497e-56,1.608907123632146e-56,1.6302247579228642e-56,1.6517519817331414e-56,1.6734901391444892e-56,1.6954405782123436e-56,1.7176046509631135e-56,1.7399837133912328e-56,1.7625791254562128e-56,1.7853922510797088e-56,1.8084244581425644e-56,1.8316771184818815e-56,1.8551516078880837e-56,1.8788493061019785e-56,1.9027715968118273e-56,1.926919867650415e-56,1.9512955101921227e-56,1.97589991995e-56,2.0007344963728435e-56,2.0258006428422765e-56,2.0510997666698315e-56,2.0766332790940287e-56,2.1024025952774627e-56,2.128409134303894e-56,2.154654319175334e-56,2.1811395768091434e-56,2.2078663380351223e-56,2.234836037592605e-56,2.262050114127563e-56,2.2895100101897044e-56,2.317217172229578e-56,2.345173050595675e-56,2.3733790995315428e-56,2.4018367771728887e-56,2.430547545544694e-56,2.4595128705583324e-56,2.488734222008678e-56,2.518213073571231e-56,2.5479509027992357e-56,2.5779491911208016e-56,2.6082094238360326e-56,2.6387330901141526e-56,2.669521682990632e-56,2.7005766993643197e-56,2.73189963999459e-56,2.7634920094984562e-56,2.7953553163477226e-56,2.8274910728661276e-56,2.85990079522648e-56,2.89258600344779e-56,2.9255482213924493e-56,2.9587889767633535e-56,2.9923098011010606e-56,3.0261122297809473e-56,3.060197802010361e-56,3.0945680608257784e-56,3.129224553089965e-56,3.164168829489136e-56,3.199402444530135e-56,3.2349269565375546e-56,3.2707439276509543e-56,3.3068549238220446e-56,3.343261514811787e-56,3.37996527418763e-56,3.4169677793206547e-56,3.454270611382778e-56,3.4918753553439175e-56,3.529783599969178e-56,3.56799693781604e-56,3.6065169652315454e-56,3.645345282349491e-56,3.6844834930876053e-56,3.7239332051447667e-56,3.7636960299981814e-56,3.803773582900591e-56,3.8441674828774633e-56,3.884879352724212e-56,3.9259108190033764e-56,3.967263512041852e-56,4.008939065928084e-56,4.0509391185092885e-56,4.093265311388645e-56,4.135919289922566e-56,4.178902703217841e-56,4.2222172041288995e-56,4.265864449255027e-56,4.309846098937586e-56,4.35416381725724e-56,4.398819272031183e-56,4.443814134810369e-56,4.489150080876762e-56,4.534828789240503e-56,4.580851942637249e-56,4.627221227525336e-56,4.673938334083048e-56,4.721004956205845e-56,4.768422791503628e-56,4.816193541297965e-56,4.86431891061935e-56,4.912800608204458e-56,4.961640346493386e-56,5.010839841626921e-56,5.060400813443787e-56,5.110324985477911e-56,5.160614084955682e-56,5.211269842793209e-56,5.2622939935936e-56,5.313688275644215e-56,5.365454430913945e-56,5.417594205050501e-56,5.470109347377605e-56,5.523001610892386e-56,5.576272752262587e-56,5.6299245318238445e-56,5.683958713577013e-56,5.738377065185393e-56,5.7931813579720555e-56,5.848373366917115e-56,5.903954870655042e-56,5.959927651471894e-56,6.016293495302694e-56,6.0730541917286655e-56,6.130211533974577e-56,6.18776731890599e-56,6.245723347026596e-56,6.304081422475522e-56,6.362843353024624e-56,6.4220109500758e-56,6.481586028658319e-56,6.541570407426053e-56,6.601965908654948e-56,6.662774358240187e-56,6.723997585693589e-56,6.785637424140905e-56,6.847695710319152e-56,6.910174284573932e-56,6.973074990856724e-56,7.036399676722355e-56,7.100150193326117e-56,7.164328395421249e-56,7.228936141356228e-56,7.29397529307211e-56,7.35944771609988e-56,7.425355279557754e-56,7.491699856148572e-56,7.558483322157124e-56,7.625707557447492e-56,7.693374445460384e-56,7.761485873210525e-56,7.830043731283983e-56,7.8990499138355265e-56,7.968506318585985e-56,8.038414846819608e-56,8.108777403381434e-56,8.179595896674637e-56,8.250872238657908e-56,8.322608344842812e-56,8.394806134291161e-56,8.467467529612389e-56,8.540594456960914e-56,8.614188846033528e-56,8.688252630066768e-56,8.762787745834287e-56,8.837796133644223e-56,8.913279737336666e-56,8.989240504280916e-56,9.06568038537297e-56,9.142601335032839e-56,9.220005311202002e-56,9.297894275340766e-56,9.376270192425666e-56,9.455135030946845e-56,9.53449076290551e-56,9.614339363811256e-56,9.694682812679528e-56,9.775523092029e-56,9.856862187878984e-56,9.938702089746837e-56,1.0021044790645387e-55,1.0103892287080329e-55,1.0187246579047648e-55,1.027110967003104e-55,1.0355483566999313e-55,1.0440370280403849e-55,1.0525771824175923e-55,1.0611690215724277e-55,1.069812747593245e-55,1.0785085629156216e-55,1.0872566703221035e-55,1.0960572729419475e-55,1.1049105742508646e-55,1.1138167780707641e-55,1.1227760885694965e-55,1.1317887102605991e-55,1.1408548480030383e-55,1.1499747070009575e-55,1.159148492803413e-55,1.168376411304131e-55,1.1776586687412444e-55,1.1869954716970405e-55,1.1963870270977048e-55,1.2058335422130675e-55,1.2153352246563545e-55,1.224892282383918e-55,1.234504923695008e-55,1.2441733572314911e-55,1.2538977919776143e-55,1.2636784372597448e-55,1.273515502746119e-55,1.2834091984465962e-55,1.2933597347123923e-55,1.303367322235836e-55,1.313432172050116e-55,1.3235544955290281e-55,1.3337345043867208e-55,1.343972410677447e-55,1.354268426795313e-55,1.3646227654740207e-55,1.3750356397866225e-55,1.3855072631452739e-55,1.396037849300972e-55,1.406627612343312e-55,1.4172767667002355e-55,1.427985527137779e-55,1.4387541087598276e-55,1.4495827270078591e-55,1.4604715976607e-55,1.4714209368342737e-55,1.4824309609813506e-55,1.493501886891299e-55,1.5046339316898382e-55,1.5158273128387884e-55,1.527082248135822e-55,1.5383989557142155e-55,1.5497776540426006e-55,1.5612185619247189e-55,1.5727218984991702e-55,1.5842878832391688e-55,1.5959167359522939e-55,1.6076086767802415e-55,1.6193639261985806e-55,1.6311827050165036e-55,1.64306523437658e-55,1.655011735754511e-55,1.6670224309588826e-55,1.67909754213092e-55,1.6912372917442418e-55,1.7034419026046115e-55,1.715711597849697e-55,1.7280466009488197e-55,1.740447135702716e-55,1.7529134262432857e-55,1.7654456970333545e-55,1.7780441728664147e-55,1.790709078866401e-55,1.803440640487433e-55,1.816239083513575e-55,1.8291046340585908e-55,1.8420375185657018e-55,1.8550379638073422e-55,1.8681061968849156e-55,1.8812424452285544e-55,1.894446936596872e-55,1.9077198990767254e-55,1.9210615610829688e-55,1.934472151358213e-55,1.947951898972584e-55,1.9615010333234765e-55,1.975119784135321e-55,1.9888083814593304e-55,2.002567055673268e-55,2.0163960374812035e-55,2.0302955579132717e-55,2.0442658483254218e-55,2.058307140399202e-55,2.0724196661414924e-55,2.0866036578842783e-55,2.1008593482844076e-55,2.1151869703233476e-55,2.1295867573069503e-55,2.1440589428652105e-55,2.1586037609520257e-55,2.1732214458449553e-55,2.1879122321449835e-55,2.2026763547762823e-55,2.2175140489859722e-55,2.232425550343878e-55,2.2474110947422988e-55,2.2624709183957642e-55,2.2776052578407987e-55,2.2928143499356784e-55,2.308098431860205e-55,2.323457741115456e-55,2.3388925155235553e-55,2.3544029932274324e-55,2.3699894126905884e-55,2.3856520126968554e-55,2.401391032350163e-55,2.4172067110743005e-55,2.4330992886126816e-55,2.4490690050281083e-55,2.4651161007025342e-55,2.481240816336828e-55,2.4974433929505422e-55,2.513724071881672e-55,2.530083094786433e-55,2.5465207036389907e-55,2.563037140731278e-55,2.5796326486727216e-55,2.596307470390028e-55,2.6130618491269315e-55,2.6298960284439732e-55,2.646810252218266e-55,2.66380476464326e-55,2.680879810228502e-55,2.6980356337994113e-55,2.7152724804970424e-55,2.732590595777854e-55,2.7499902254134717e-55,2.767471615490461e-55,2.7850350124100913e-55,2.802680662888105e-55,2.820408813954485e-55,2.838219712953216e-55,2.8561136075420795e-55,2.8740907456923766e-55,2.8921513756887382e-55,2.9102957461288734e-55,2.928524105923341e-55,2.9468367042953233e-55,2.965233790780393e-55,2.9837156152262793e-55,3.0022824277926414e-55,3.0209344789508356e-55,3.039672019483691e-55,3.0584953004852722e-55,3.077404573360654e-55,3.0964000898256915e-55,3.115482101906793e-55,3.134650861940678e-55,3.153906622574168e-55,3.1732496367639445e-55,3.1926801577763276e-55,3.212198439187038e-55,3.2318047348809792e-55,3.2514992990520026e-55,3.2712823862026815e-55,3.291154251144085e-55,3.311115148995548e-55,3.331165335184445e-55,3.351305065445962e-55,3.371534595822873e-55,3.391854182665306e-55,3.4122640826305235e-55,3.432764552682692e-55,3.4533558500926574e-55,3.474038232437721e-55,3.494811957601396e-55,3.515677283773212e-55,3.536634469448469e-55,3.557683773428014e-55,3.57882545481802e-55,3.600059773029755e-55,3.6213869877793684e-55,3.642807359087651e-55,3.6643211472798214e-55,3.685928612985297e-55,3.70763001713747e-55,3.729425620973482e-55,3.751315686034003e-55,3.773300474163016e-55,3.795380247507571e-55,3.8175552685175775e-55,3.839825799945581e-55,3.862192104846535e-55,3.884654446577578e-55,3.907213088797813e-55,3.9298682954680914e-55,3.9526203308507756e-55,3.975469459509523e-55,3.998415946309079e-55,4.021460056415028e-55,4.0446020552935906e-55,4.067842208711395e-55,4.0911807827352586e-55,4.114618043731965e-55,4.1381542583680436e-55,4.1617896936095454e-55,4.1855246167218286e-55,4.2093592952693336e-55,4.233293997115362e-55,4.257328990421859e-55,4.2814645436491914e-55,4.305700925555929e-55,4.330038405198622e-55,4.354477251931587e-55,4.379017735406682e-55,4.403660125573088e-55,4.428404692677093e-55,4.453251707261878e-55,4.478201440167265e-55,4.503254162529556e-55,4.528410145781268e-55,4.553669661650935e-55,4.57903298216288e-55,4.604500379637007e-55,4.630072126688573e-55,4.6557484962279775e-55,4.6815297614605456e-55,4.707416195886305e-55,4.733408073299773e-55,4.75950566778974e-55,4.785709253739048e-55,4.812019105824365e-55,4.838435499016027e-55,4.8649587085777275e-55,4.8915890100663636e-55,4.918326679331804e-55,4.9451719925166866e-55,4.972125226056181e-55,4.999186656677782e-55,5.0263565614011004e-55,5.053635217537643e-55,5.081022902690593e-55,5.108519894754604e-55,5.136126471915582e-55,5.163842912650462e-55,5.19166949572701e-55,5.2196065002035976e-55,5.247654205428989e-55,5.275812891042134e-55,5.304082836971945e-55,5.332464323437086e-55,5.3609576309457666e-55,5.389563040295513e-55,5.418280832572991e-55,5.447111289153728e-55,5.4760546917019666e-55,5.50511132217042e-55,5.534281462800062e-55,5.5635653961199166e-55,5.592963404946849e-55,5.622475772385352e-55,5.652102781827328e-55,5.68184471695189e-55,5.711701861725141e-55,5.741674500399961e-55,5.771762917515799e-55,5.8019673978984745e-55,5.832288226659943e-55,5.8627256891981e-55,5.893280071196569e-55,5.9239516586244886e-55,5.954740737736308e-55,5.985647595071567e-55,6.0166725174546985e-55,6.0478157919948085e-55,6.079077706085464e-55,6.110458547404501e-55,6.141958603913799e-55,6.1735781638590775e-55,6.205317515769688e-55,6.237176948458404e-55,6.269156751021209e-55,6.3012572128370855e-55,6.3334786235678446e-55,6.3658212731578526e-55,6.3982854518338665e-55,6.43087145010482e-55,6.463579558761608e-55,6.496410068876883e-55,6.529363271804852e-55,6.562439459181068e-55,6.595638922922211e-55,6.628961955225899e-55,6.66240884857047e-55,6.695979895714778e-55,6.729675389697986e-55,6.76349562383937e-55,6.797440891738092e-55,6.83151148727301e-55,6.865707704602472e-55,6.900029838164101e-55,6.9344781826746e-55,6.969053033129538e-55,7.003754684803155e-55,7.038583433248144e-55,7.073539574295457e-55,7.108623404054096e-55,7.143835218910908e-55,7.179175315530381e-55,7.214643990854442e-55,7.250241542102253e-55,7.285968266769998e-55,7.3218244626307e-55,7.357810427733991e-55,7.393926460405931e-55,7.430172859248788e-55,7.466549923140858e-55,7.503057951236218e-55,7.539697242964575e-55,7.576468098031037e-55,7.613370816415909e-55,7.650405698374498e-55,7.687573044436906e-55,7.72487315540783e-55,7.762306332366364e-55,7.799872876665784e-55,7.837573089933372e-55,7.875407274070183e-55,7.913375731250866e-55,7.951478763923457e-55,7.989716674809177e-55,8.028089766902225e-55,8.066598343469593e-55,8.105242708050853e-55,8.144023164457955e-55,8.182940016775038e-55,8.22199356935822e-55,8.261184126835405e-55,8.300511994106073e-55,8.3399774763411e-55,8.37958087898253e-55,8.419322507743406e-55,8.459202668607559e-55,8.499221667829376e-55,8.539379811933667e-55,8.57967740771542e-55,8.620114762239605e-55,8.660692182840995e-55,8.701409977123952e-55,8.742268452962231e-55,8.783267918498794e-55,8.824408682145592e-55,8.865691052583386e-55,8.907115338761542e-55,8.948681849897828e-55,8.990390895478227e-55,9.032242785256734e-55,9.074237829255163e-55,9.116376337762933e-55,9.158658621336916e-55,9.2010849908012e-55,9.24365575724688e-55,9.286371232031914e-55,9.329231726780883e-55,9.372237553384817e-55,9.415389024000986e-55,9.458686451052722e-55,9.502130147229201e-55,9.545720425485272e-55,9.589457599041244e-55,9.633341981382691e-55,9.677373886260286e-55,9.721553627689535e-55,9.765881519950677e-55,9.810357877588428e-55,9.854983015411808e-55,9.899757248493915e-55,9.94468089217179e-55,9.989754262046176e-55,1.003497767398134e-54,1.0080351444104874e-54,1.0125875888807518e-54,1.017155132474294e-54,1.0217378068827586e-54,1.0263356438240402e-54,1.0309486750422749e-54,1.0355769323078144e-54,1.0402204474172084e-54,1.0448792521931856e-54,1.0495533784846343e-54,1.0542428581665804e-54,1.0589477231401744e-54,1.0636680053326667e-54,1.0684037366973913e-54,1.073154949213746e-54,1.077921674887172e-54,1.0827039457491368e-54,1.0875017938571134e-54,1.0923152512945626e-54,1.0971443501709133e-54,1.1019891226215428e-54,1.1068496008077589e-54,1.1117258169167806e-54,1.1166178031617184e-54,1.121525591781556e-54,1.1264492150411306e-54,1.1313887052311149e-54,1.1363440946679977e-54,1.1413154156940647e-54,1.14630270067738e-54,1.1513059820117668e-54,1.1563252921167887e-54,1.1613606634377288e-54,1.1664121284455785e-54,1.1714797196370076e-54,1.176563469534352e-54,1.181663410685595e-54,1.1867795756643458e-54,1.1919119970698233e-54,1.1970607075268346e-54,1.2022257396857594e-54,1.2074071262225285e-54,1.2126048998386068e-54,1.2178190932609735e-54,1.2230497392421036e-54,1.2282968705599502e-54,1.2335605200179233e-54,1.2388407204448754e-54,1.2441375046950802e-54,1.2494509056482096e-54,1.2547809562093242e-54,1.2601276893088487e-54,1.2654911379025542e-54,1.270871334971538e-54,1.2762683135222145e-54,1.2816821065862816e-54,1.2871127472207115e-54,1.2925602685077322e-54,1.2980247035548054e-54,1.3035060854946113e-54,1.3090044474850274e-54,1.3145198227091118e-54,1.3200522443750842e-54,1.3256017457163073e-54,1.3311683599912692e-54,1.3367521204835626e-54,1.342353060501871e-54,1.3479712133799443e-54,1.3536066124765852e-54,1.359259291175629e-54,1.3649292828859252e-54,1.3706166210413196e-54,1.376321339100636e-54,1.3820434705476567e-54,1.387783048891106e-54,1.3935401076646313e-54,1.3993146804267843e-54,1.4051068007610037e-54,1.410916502275594e-54,1.416743818603713e-54,1.422588783403348e-54,1.4284514303573e-54,1.4343317931731664e-54,1.4402299055833212e-54,1.4461458013448974e-54,1.452079514239768e-54,1.4580310780745308e-54,1.4640005266804866e-54,1.469987893913624e-54,1.475993213654598e-54,1.4820165198087165e-54,1.4880578463059183e-54,1.494117227100757e-54,1.5001946961723812e-54,1.5062902875245203e-54,1.512404035185462e-54,1.5185359732080366e-54,1.5246861356695983e-54,1.5308545566720087e-54,1.5370412703416175e-54,1.5432463108292446e-54,1.549469712310162e-54,1.5557115089840772e-54,1.5619717350751137e-54,1.568250424831794e-54,1.5745476125270217e-54,1.5808633324580643e-54,1.587197618946533e-54,1.5935505063383673e-54,1.5999220290038164e-54,1.606312221337421e-54,1.612721117757997e-54,1.6191487527086154e-54,1.6255951606565866e-54,1.63206037609344e-54,1.6385444335349105e-54,1.6450473675209166e-54,1.651569212615546e-54,1.658110003407033e-54,1.6646697745077493e-54,1.6712485605541777e-54,1.677846396206899e-54,1.6844633161505722e-54,1.6910993550939193e-54,1.6977545477697057e-54,1.704428928934724e-54,1.711122533369775e-54,1.717835395879651e-54,1.724567551293119e-54,1.7313190344629e-54,1.7380898802656555e-54,1.7448801236019692e-54,1.751689799396325e-54,1.758518942597097e-54,1.7653675881765253e-54,1.7722357711307017e-54,1.7791235264795527e-54,1.7860308892668202e-54,1.7929578945600454e-54,1.7999045774505516e-54,1.806870973053425e-54,1.8138571165075006e-54,1.8208630429753403e-54,1.827888787643219e-54,1.8349343857211045e-54,5.913918812733689e-32,2.018695118133456e-31,4.463438222239224e-31,8.124202886684305e-31,1.3201081098521544e-30,1.9894126806103404e-30,2.8403248901050867e-30,3.892820496429184e-30,5.1668601082354464e-30,6.68238919732284e-30,8.45933811108026e-30,1.0517622084004045e-29,1.2877141248751936e-29,1.5557780647027674e-29,1.8579410240447944e-29,2.1961884921459818e-29,2.5725044524333576e-29,2.9888713836232126e-29,3.4472702608348196e-29,3.9496805567098165e-29,4.49808024253587e-29,5.0944457893735e-29,5.740752169185252e-29,6.438972855966256e-29,7.191079826875705e-29,7.999043563368772e-29,8.86483305232856e-29,9.790415787197892e-29,1.0777757769110812e-28,1.1828823508023396e-28,1.2945576023844092e-28,1.4129976847563417e-28,1.5383986022382762e-28,1.6709562104842595e-28,1.8108662165949802e-28,1.9583241792304105e-28,2.1135255087223958e-28,2.2766654671871207e-28,2.447939168637525e-28,2.627541579095623e-28,2.815667516704739e-28,3.012511651841648e-28,3.2182685072286512e-28,3.4331324580455543e-28,3.6572977320415566e-28,3.8909584096470742e-28,4.134308424085462e-28,4.387541561484649e-28,4.650851460988701e-28,4.924431614869295e-28,5.208475368637102e-28,5.503175921153089e-28,5.8087263247397485e-28,6.125319485292228e-28,6.4531481623893845e-28,6.792404969404739e-28,7.143282373617367e-28,7.505972696322702e-28,7.880668112943234e-28,8.267560653139157e-28,8.666842200918908e-28,9.078704494749632e-28,9.503339127667538e-28,9.940937547388243e-28,1.0391691056416912e-27,1.0855790812158486e-27,1.133342782702761e-27,1.1824792968558692e-27,1.233007695951571e-27,1.2849470378002062e-27,1.3383163657570235e-27,1.3931347087331448e-27,1.4494210812065198e-27,1.5071944832328724e-27,1.5664739004566386e-27,1.627278304121893e-27,1.6896266510832753e-27,1.753537883816902e-27,1.8190309304312644e-27,1.886124704678133e-27,1.9548381059634435e-27,2.0251900193581753e-27,2.097199315609224e-27,2.170884851150263e-27,2.246265468112604e-27,2.323359994336038e-27,2.4021872433796775e-27,2.4827660145327835e-27,2.565115092825595e-27,2.6492532490401312e-27,2.7351992397210084e-27,2.8229718071862324e-27,2.9125896795379912e-27,3.0040715706734278e-27,3.097436180295428e-27,3.1927021939233734e-27,3.289888282903901e-27,3.3890131044216525e-27,3.490095301510018e-27,3.593153503061865e-27,3.698206323840254e-27,3.80527236448918e-27,3.914370211544246e-27,4.025518437443391e-27,4.138735600537566e-27,4.2540402451014326e-27,4.3714509013440156e-27,4.49098608541939e-27,4.61266429943734e-27,4.736504031473989e-27,4.862523755582472e-27,4.9907419318035496e-27,5.1211770061762454e-27,5.253847410748457e-27,5.388771563587572e-27,5.52596786879107e-27,5.6654547164971194e-27,5.80725048289516e-27,5.951373530236493e-27,6.09784220684483e-27,6.246674847126875e-27,6.39788977158287e-27,6.55150528681714e-27,6.707539685548646e-27,6.866011246621496e-27,7.026938235015488e-27,7.190338901856593e-27,7.356231484427507e-27,7.524634206178105e-27,7.695565276735976e-27,7.869042891916858e-27,8.045085233735147e-27,8.223710470414352e-27,8.404936756397564e-27,8.588782232357889e-27,8.775265025208899e-27,8.964403248115084e-27,9.15621500050224e-27,9.35071836806794e-27,9.547931422791908e-27,9.747872222946423e-27,9.950558813106738e-27,1.0156009224161455e-26,1.03642414733229e-26,1.05752735641375e-26,1.0789123486496141e-26,1.1005809216644547e-26,1.1225348717193592e-26,1.1447759937129678e-26,1.1673060811825031e-26,1.1901269263048074e-26,1.2132403198973685e-26,1.2366480514193569e-26,1.2603519089726493e-26,1.2843536793028641e-26,1.3086551478003858e-26,1.3332580985013946e-26,1.358164314088894e-26,1.3833755758937363e-26,1.408893663895645e-26,1.434720356724246e-26,1.460857431660086e-26,1.4873066646356593e-26,1.5140698302364264e-26,1.54114870170184e-26,1.5685450509263602e-26,1.5962606484604813e-26,1.624297263511747e-26,1.652656663945766e-26,1.681340616287239e-26,1.7103508857209648e-26,1.7396892360928643e-26,1.769357429910993e-26,1.7993572283465549e-26,1.8296903912349166e-26,1.8603586770766232e-26,1.8913638430384068e-26,1.9227076449542002e-26,1.9543918373261473e-26,1.9864181733256126e-26,2.0187884047941928e-26,2.0515042822447226e-26,2.0845675548622814e-26,2.1179799705052047e-26,2.1517432757060856e-26,2.185859215672783e-26,2.220329534289427e-26,2.255155974117419e-26,2.2903402763964406e-26,2.3258841810454508e-26,2.361789426663688e-26,2.3980577505316775e-26,2.4346908886122203e-26,2.471690575551404e-26,2.5090585446795945e-26,2.5467965280124352e-26,2.5849062562518405e-26,2.623389458787003e-26,2.662247863695378e-26,2.701483197743682e-26,2.7410971863888895e-26,2.7810915537792235e-26,2.821468022755144e-26,2.862228314850352e-26,2.9033741502927674e-26,2.944907248005528e-26,2.986829325607972e-26,3.0291420994166346e-26,3.0718472844462296e-26,3.1149465944106396e-26,3.158441741723903e-26,3.2023344375011995e-26,3.2466263915598304e-26,3.291319312420214e-26,3.336414907306855e-26,3.3819148821493416e-26,3.4278209415833124e-26,3.4741347889514546e-26,3.5208581263044726e-26,3.567992654402067e-26,3.615540072713924e-26,3.6635020794206816e-26,3.711880371414918e-26,3.7606766443021206e-26,3.80989259240167e-26,3.859529908747803e-26,3.9095902850906005e-26,3.960075411896952e-26,4.0109869783515394e-26,4.062326672357792e-26,4.1140961805388755e-26,4.1662971882386584e-26,4.2189313795226725e-26,4.2720004371790956e-26,4.3255060427197154e-26,4.37944987638089e-26,4.433833617124527e-26,4.488658942639046e-26,4.5439275293403395e-26,4.599641052372743e-26,4.655801185609998e-26,4.71240960165622e-26,4.769467971846846e-26,4.8269779662496233e-26,4.884941253665544e-26,4.9433595016298176e-26,5.0022343764128373e-26,5.0615675430211253e-26,5.121360665198306e-26,5.181615405426045e-26,5.242333424925031e-26,5.303516383655909e-26,5.365165940320243e-26,5.427283752361487e-26,5.489871475965913e-26,5.552930766063582e-26,5.616463276329288e-26,5.680470659183523e-26,5.744954565793403e-26,5.809916646073651e-26,5.875358548687521e-26,5.941281921047753e-26,6.007688409317537e-26,6.07457965841144e-26,6.14195731199636e-26,6.209823012492475e-26,6.278178401074193e-26,6.347025117671085e-26,6.416364800968839e-26,6.486199088410195e-26,6.556529616195894e-26,6.627358019285624e-26,6.698685931398939e-26,6.770514985016231e-26,6.842846811379655e-26,6.915683040494052e-26,6.98902530112792e-26,7.062875220814327e-26,7.137234425851855e-26,7.212104541305539e-26,7.287487191007795e-26,7.363383997559366e-26,7.439796582330257e-26,7.516726565460643e-26,7.594175565861839e-26,7.672145201217199e-26,7.750637087983069e-26,7.82965284138971e-26,7.90919407544223e-26,7.989262402921498e-26,8.069859435385103e-26,8.150986783168255e-26,8.232646055384718e-26,8.314838859927753e-26,8.39756680347102e-26,8.480831491469515e-26,8.564634528160497e-26,8.648977516564399e-26,8.733862058485767e-26,8.819289754514169e-26,8.905262204025126e-26,8.991781005181016e-26,9.078847754932029e-26,9.16646404901704e-26,9.254631481964571e-26,9.343351647093675e-26,9.432626136514866e-26,9.522456541131052e-26,9.61284445063843e-26,9.703791453527394e-26,9.795299137083484e-26,9.887369087388258e-26,9.980002889320242e-26,1.0073202126555816e-25,1.0166968381570131e-25,1.026130323563804e-25,1.0356208268834983e-25,1.0451685060037906e-25,1.0547735186926178e-25,1.064436022598248e-25,1.074156175249373e-25,1.0839341340551983e-25,1.0937700563055347e-25,1.1036640991708865e-25,1.1136164197025447e-25,1.1236271748326754e-25,1.133696521374411e-25,1.143824616021941e-25,1.154011615350601e-25,1.1642576758169636e-25,1.1745629537589286e-25,1.1849276053958116e-25,1.1953517868284362e-25,1.2058356540392225e-25,1.2163793628922764e-25,1.226983069133481e-25,1.2376469283905855e-25,1.2483710961732933e-25,1.259155727873353e-25,1.2700009787646488e-25,1.280907004003288e-25,1.2918739586276914e-25,1.3029019975586816e-25,1.3139912755995739e-25,1.3251419474362631e-25,1.336354167637314e-25,1.347628090654052e-25,1.3589638708206468e-25,1.3703616623542078e-25,1.3818216193548686e-25,1.3933438958058762e-25,1.40492864557368e-25,1.4165760224080227e-25,1.4282861799420256e-25,1.4400592716922774e-25,1.4518954510589247e-25,1.4637948713257586e-25,1.4757576856603015e-25,1.4877840471139007e-25,1.4998741086218098e-25,1.512028023003282e-25,1.5242459429616535e-25,1.5365280210844366e-25,1.5488744098434043e-25,1.5612852615946763e-25,1.5737607285788115e-25,1.5863009629208928e-25,1.5989061166306133e-25,1.6115763416023663e-25,1.6243117896153337e-25,1.6371126123335696e-25,1.6499789613060901e-25,1.662910987966961e-25,1.6759088436353823e-25,1.6889726795157794e-25,1.7021026466978858e-25,1.7152988961568336e-25,1.7285615787532376e-25,1.7418908452332846e-25,1.755286846228818e-25,1.7687497322574274e-25,1.7822796537225321e-25,1.7958767609134678e-25,1.8095412040055774e-25,1.8232731330602913e-25,1.8370726980252192e-25,1.8509400487342333e-25,1.8648753349075557e-25,1.8788787061518422e-25,1.8929503119602742e-25,1.907090301712637e-25,1.9212988246754133e-25,1.9355760300018642e-25,1.9499220667321147e-25,1.964337083793245e-25,1.9788212299993704e-25,1.99337465405173e-25,2.0079975045387691e-25,2.0226899299362313e-25,2.0374520786072365e-25,2.0522840988023699e-25,2.0671861386597688e-25,2.0821583462052048e-25,2.09720086935217e-25,2.1123138559019633e-25,2.1274974535437752e-25,2.1427518098547713e-25,2.158077072300177e-25,2.173473388233367e-25,2.1889409048959435e-25,2.2044797694178265e-25,2.220090128817335e-25,2.235772130001273e-25,2.2515259197650142e-25,2.267351644792587e-25,2.2832494516567573e-25,2.299219486819114e-25,2.3152618966301527e-25,2.331376827329361e-25,2.347564425045301e-25,2.3638248357956983e-25,2.3801582054875154e-25,2.3965646799170476e-25,2.4130444047700026e-25,2.42959752562158e-25,2.4462241879365606e-25,2.4629245370693893e-25,2.4796987182642544e-25,2.496546876655179e-25,2.513469157266096e-25,2.530465705010938e-25,2.54753666469372e-25,2.5646821810086178e-25,2.581902398540057e-25,2.599197461762792e-25,2.6165675150419935e-25,2.634012702633327e-25,2.6515331686830408e-25,2.6691290572280446e-25,2.6868005121959922e-25,2.7045476774053697e-25,2.7223706965655727e-25,2.740269713276992e-25,2.758244871031096e-25,2.7762963132105106e-25,2.7944241830891057e-25,2.8126286238320763e-25,2.8309097784960237e-25,2.849267790029037e-25,2.8677028012707816e-25,2.8862149549525714e-25,2.9048043936974605e-25,2.9234712600203204e-25,2.94221569632792e-25,2.961037844919014e-25,2.979937847984421e-25,2.9989158476071033e-25,3.0179719857622515e-25,3.03710640431737e-25,3.0563192450323477e-25,3.0756106495595525e-25,3.094980759443905e-25,3.1144297161229574e-25,3.133957660926987e-25,3.1535647350790624e-25,3.173251079695137e-25,3.1930168357841226e-25,3.2128621442479753e-25,3.2327871458817747e-25,3.2527919813738044e-25,3.2728767913056304e-25,3.2930417161521937e-25,3.313286896281875e-25,3.333612471956585e-25,3.354018583331845e-25,3.3745053704568636e-25,3.395072973274623e-25,3.4157215316219537e-25,3.4364511852296167e-25,3.4572620737223894e-25,3.478154336619132e-25,3.499128113332889e-25,3.520183543170951e-25,3.5413207653349423e-25,3.5625399189208976e-25,3.5838411429193507e-25,3.6052245762154036e-25,3.6266903575888138e-25,3.6482386257140737e-25,3.6698695191604807e-25,3.691583176392235e-25,3.7133797357685027e-25,3.7352593355435037e-25,3.757222113866591e-25,3.7792682087823264e-25,3.801397758230562e-25,3.8236109000465205e-25,3.8459077719608754e-25,3.868288511599828e-25,3.890753256485186e-25,3.913302144034448e-25,3.935935311560874e-25,3.958652896273574e-25,3.9814550352775785e-25,4.0043418655739203e-25,4.027313524059717e-25,4.05037014752825e-25,4.07351187266903e-25,4.0967388360678976e-25,4.1200511742070834e-25,4.143449023465295e-25,4.166932520117794e-25,4.190501800336474e-25,4.214157000189944e-25,4.2378982556435965e-25,4.261725702559688e-25,4.285639476697431e-25,4.309639713713056e-25,4.333726549159896e-25,4.357900118488462e-25,4.382160557046529e-25,4.4065080000792e-25,4.430942582728996e-25,4.45546444003593e-25,4.480073706937581e-25,4.5047705182691795e-25,4.529555008763678e-25,4.554427313051832e-25,4.579387565662273e-25,4.604435901021597e-25,4.6295724534544255e-25,4.654797357183496e-25,4.680110746329739e-25,4.7055127549123465e-25,4.7310035168488545e-25,4.756583165955219e-25,4.782251835945897e-25,4.808009660433914e-25,4.833856772930956e-25,4.859793306847427e-25,4.885819395492545e-25,4.911935172074407e-25,4.938140769700062e-25,4.964436321375605e-25,4.9908219600062345e-25,5.017297818396341e-25,5.043864029249578e-25,5.070520725168948e-25,5.097268038656853e-25,5.12410610211521e-25,5.151035047845492e-25,5.178055008048822e-25,5.205166114826048e-25,5.232368500177811e-25,5.25966229600463e-25,5.2870476341069725e-25,5.314524646185337e-25,5.342093463840313e-25,5.369754218572676e-25,5.397507041783461e-25,5.425352064774015e-25,5.453289418746106e-25,5.481319234801975e-25,5.509441643944415e-25,5.5376567770768575e-25,5.5659647650034355e-25,5.594365738429065e-25,5.622859827959517e-25,5.651447164101504e-25,5.680127877262734e-25,5.708902097752001e-25,5.737769955779264e-25,5.7667315814557e-25,5.795787104793805e-25,5.824936655707456e-25,5.854180364011979e-25,5.883518359424238e-25,5.912950771562707e-25,5.942477729947531e-25,5.97209936400062e-25,6.001815803045703e-25,6.0316271763084315e-25,6.061533612916412e-25,6.091535241899323e-25,6.121632192188965e-25,6.151824592619341e-25,6.182112571926725e-25,6.212496258749745e-25,6.242975781629454e-25,6.2735512690094005e-25,6.304222849235705e-25,6.33499065055714e-25,6.365854801125187e-25,6.39681542899413e-25,6.427872662121115e-25,6.459026628366235e-25,6.490277455492587e-25,6.521625271166369e-25,6.553070202956929e-25,6.58461237833686e-25,6.616251924682052e-25,6.647988969271789e-25,6.679823639288802e-25,6.711756061819353e-25,6.743786363853301e-25,6.775914672284184e-25,6.808141113909293e-25,6.840465815429727e-25,6.872888903450489e-25,6.905410504480542e-25,6.938030744932888e-25,6.9707497511246485e-25,7.003567649277121e-25,7.0364845655158655e-25,7.069500625870769e-25,7.102615956276124e-25,7.1358306825706965e-25,7.169144930497799e-25,7.202558825705365e-25,7.236072493746021e-25,7.269686060077156e-25,7.303399650060997e-25,7.337213388964679e-25,7.371127401960322e-25,7.405141814125091e-25,7.439256750441284e-25,7.473472335796393e-25,7.507788694983178e-25,7.542205952699739e-25,7.5767242335495945e-25,7.611343662041736e-25,7.6460643625907265e-25,7.680886459516742e-25,7.715810077045666e-25,7.750835339309148e-25,7.785962370344687e-25,7.821191294095688e-25,7.856522234411541e-25,7.891955315047698e-25,7.927490659665737e-25,7.963128391833428e-25,7.998868635024817e-25,8.0347115126202925e-25,8.07065714790665e-25,8.106705664077173e-25,8.142857184231689e-25,8.179111831376664e-25,8.215469728425251e-25,8.251930998197367e-25,8.288495763419773e-25,8.325164146726134e-25,8.36193627065709e-25,8.398812257660343e-25,8.43579223009069e-25,8.47287631021015e-25,8.51006462018797e-25,8.547357282100751e-25,8.58475441793248e-25,8.622256149574623e-25,8.659862598826184e-25,8.69757388739378e-25,8.735390136891709e-25,8.773311468842014e-25,8.811338004674565e-25,8.849469865727138e-25,8.887707173245439e-25,8.926050048383231e-25,8.964498612202357e-25,9.003052985672854e-25,9.041713289672974e-25,9.080479644989296e-25,9.119352172316772e-25,9.158330992258803e-25,9.19741622532731e-25,9.2366079919428e-25,9.275906412434432e-25,9.315311607040098e-25,9.354823695906479e-25,9.394442799089127e-25,9.434169036552519e-25,9.474002528170147e-25,9.513943393724566e-25,9.553991752907462e-25,9.594147725319758e-25,9.634411430471628e-25,9.674782987782603e-25,9.715262516581639e-25,9.755850136107155e-25,9.79654596550715e-25,9.837350123839224e-25,9.878262730070671e-25,9.919283903078552e-25,9.960413761649751e-25,1.0001652424481044e-24,1.0043000010179171e-24,1.0084456637260919e-24,1.0126022424153152e-24,1.0167697489192916e-24,1.02094819506275e-24,1.0251375926614487e-24,1.0293379535221828e-24,1.033549289442793e-24,1.0377716122121693e-24,1.042004933610262e-24,1.0462492654080828e-24,1.0505046193677158e-24,1.0547710072423237e-24,1.0590484407761533e-24,1.0633369317045426e-24,1.0676364917539293e-24,1.0719471326418547e-24,1.0762688660769716e-24,1.0806017037590537e-24,1.0849456573789971e-24,1.089300738618832e-24,1.0936669591517261e-24,1.0980443306419925e-24,1.1024328647450965e-24,1.1068325731076642e-24,1.1112434673674839e-24,1.1156655591535187e-24,1.12009886008591e-24,1.1245433817759844e-24,1.128999135826262e-24,1.1334661338304592e-24,1.1379443873735015e-24,1.1424339080315248e-24,1.1469347073718848e-24,1.1514467969531607e-24,1.1559701883251681e-24,1.1605048930289583e-24,1.1650509225968289e-24,1.169608288552331e-24,1.1741770024102729e-24,1.1787570756767296e-24,1.1833485198490473e-24,1.1879513464158527e-24,1.192565566857056e-24,1.19719119264386e-24,1.2018282352387668e-24,1.2064767060955827e-24,1.2111366166594268e-24,1.2158079783667354e-24,1.2204908026452705e-24,1.2251851009141261e-24,1.229890884583733e-24,1.2346081650558682e-24,1.2393369537236582e-24,1.2440772619715892e-24,1.2488291011755111e-24,1.2535924827026435e-24,1.2583674179115857e-24,1.2631539181523189e-24,1.2679519947662153e-24,1.2727616590860459e-24,1.2775829224359827e-24,1.2824157961316102e-24,1.2872602914799282e-24,1.2921164197793586e-24,1.296984192319755e-24,1.3018636203824066e-24,1.306754715240045e-24,1.31165748815685e-24,1.316571950388459e-24,1.3214981131819695e-24,1.3264359877759481e-24,1.331385585400438e-24,1.3363469172769618e-24,1.3413199946185312e-24,1.3463048286296519e-24,1.3513014305063301e-24,1.3563098114360812e-24,1.361329982597932e-24,1.3663619551624296e-24,1.3714057402916506e-24,1.376461349139201e-24,1.3815287928502283e-24,1.3866080825614257e-24,1.391699229401038e-24,1.3968022444888696e-24,1.4019171389362896e-24,1.4070439238462382e-24,1.4121826103132342e-24,1.41733320942338e-24,1.4224957322543692e-24,1.4276701898754924e-24,1.4328565933476428e-24,1.4380549537233238e-24,1.4432652820466564e-24,1.4484875893533826e-24,1.4537218866708728e-24,1.4589681850181333e-24,1.4642264954058125e-24,1.4694968288362059e-24,1.4747791963032634e-24,1.4800736087925962e-24,1.4853800772814809e-24,1.4906986127388684e-24,1.4960292261253885e-24,1.5013719283933574e-24,1.506726730486784e-24,1.512093643341373e-24,1.5174726778845377e-24,1.522863845035399e-24,1.5282671557047963e-24,1.533682620795293e-24,1.5391102512011827e-24,1.5445500578084935e-24,1.550002051494998e-24,1.5554662431302154e-24,1.560942643575421e-24,1.5664312636836504e-24,1.5719321142997096e-24,1.5774452062601733e-24,1.5829705503934003e-24,1.5885081575195333e-24,1.5940580384505078e-24,1.5996202039900588e-24,1.605194664933726e-24,1.6107814320688577e-24,1.6163805161746229e-24,1.621991928022011e-24,1.627615678373844e-24,1.6332517779847771e-24,1.6389002376013094e-24,1.6445610679617873e-24,1.6502342797964111e-24,1.6559198838272435e-24,1.6616178907682118e-24,1.667328311325118e-24,1.673051156195642e-24,1.678786436069349e-24,1.6845341616276964e-24,1.690294343544039e-24,1.696066992483635e-24,1.7018521191036518e-24,1.7076497340531732e-24,1.713459847973206e-24,1.719282471496684e-24,1.7251176152484763e-24,1.7309652898453927e-24,1.736825505896186e-24,1.7426982740015677e-24,1.748583604754204e-24,1.7544815087387264e-24,1.7603919965317382e-24,1.76631507870182e-24,1.7722507658095346e-24,1.7781990684074343e-24,1.784159997040067e-24,1.7901335622439814e-24,1.7961197745477353e-24,1.8021186444718983e-24,1.8081301825290588e-24,1.814154399223833e-24,1.8201913050528688e-24,1.8262409105048497e-24,1.832303226060505e-24,1.8383782621926117e-24,1.8444660293660046e-24,1.8505665380375793e-24,1.856679798656299e-24,1.862805821663202e-24,1.8689446174914068e-24,1.875096196566114e-24,1.8812605693046206e-24,1.887437746116319e-24,1.8936277374027068e-24,1.8998305535573906e-24,1.906046204966093e-24,1.912274702006658e-24,1.9185160550490582e-24,1.924770274455401e-24,1.9310373705799305e-24,1.9373173537690385e-24,1.9436102343612696e-24,1.9499160226873227e-24,1.956234729070063e-24,1.9625663638245246e-24,1.9689109372579174e-24,1.9752684596696308e-24,1.981638941351243e-24,1.9880223925865265e-24,1.99441882365145e-24,2.0008282448141897e-24,2.007250666335132e-24,2.013686098466881e-24,2.020134551454262e-24,2.0265960355343293e-24,2.033070560936374e-24,2.039558137881924e-24,2.046058776584756e-24,2.0525724872508995e-24,2.0590992800786396e-24,2.065639165258528e-24,2.072192152973384e-24,2.0787582533983055e-24,2.0853374767006686e-24,2.091929833040138e-24,2.098535332568675e-24,2.1051539854305343e-24,2.111785801762277e-24,2.1184307916927805e-24,2.1250889653432315e-24,2.1317603328271426e-24,2.138444904250356e-24,2.1451426897110456e-24,2.1518536992997263e-24,2.158577943099258e-24,2.1653154311848523e-24,2.1720661736240777e-24,2.178830180476869e-24,2.185607461795524e-24,2.1923980276247215e-24,2.199201888001518e-24,2.2060190529553527e-24,2.212849532508064e-24,2.219693336673882e-24,2.2265504754594443e-24,2.2334209588637954e-24,2.2403047968783953e-24,2.2472019994871263e-24,2.2541125766662958e-24,2.2610365383846455e-24,2.2679738946033505e-24,2.274924655276035e-24,2.281888830348771e-24,2.2888664297600852e-24,2.2958574634409642e-24,2.302861941314863e-24,2.3098798732977098e-24,2.316911269297909e-24,2.323956139216348e-24,2.3310144929464086e-24,2.3380863403739623e-24,2.3451716913773837e-24,2.3522705558275545e-24,2.3593829435878706e-24,2.366508864514238e-24,2.373648328455095e-24,2.3808013452514083e-24,2.387967924736672e-24,2.3951480767369305e-24,2.4023418110707686e-24,2.409549137549326e-24,2.4167700659762968e-24,2.4240046061479407e-24,2.431252767853086e-24,2.4385145608731342e-24,2.44578999498207e-24,2.4530790799464587e-24,2.4603818255254637e-24,2.4676982414708397e-24,2.4750283375269476e-24,2.4823721234307537e-24,2.4897296089118408e-24,2.4971008036924082e-24,2.504485717487285e-24,2.511884360003924e-24,2.519296740942422e-24,2.5267228699955116e-24,2.534162756848576e-24,2.5416164111796497e-24,2.5490838426594258e-24,2.556565060951263e-24,2.56406007571119e-24,2.571568896587906e-24,2.5790915332227976e-24,2.5866279952499347e-24,2.594178292296077e-24,2.6017424339806836e-24,2.6093204299159197e-24,2.6169122897066526e-24,2.6245180229504694e-24,2.632137639237672e-24,2.639771148151291e-24,2.6474185592670865e-24,2.6550798821535534e-24,2.6627551263719305e-24,2.670444301476201e-24,2.678147417013104e-24,2.685864482522135e-24,2.693595507535552e-24,2.701340501578383e-24,2.7090994741684314e-24,2.7168724348162808e-24,2.7246593930252975e-24,2.7324603582916427e-24,2.740275340104271e-24,2.7481043479449413e-24,2.7559473912882178e-24,2.7638044796014794e-24,2.7716756223449217e-24,2.7795608289715662e-24,2.78746010892726e-24,2.7953734716506884e-24,2.8033009265733766e-24,2.8112424831196907e-24,2.819198150706853e-24,2.8271679387449405e-24,2.835082642395772e-24,2.8429891519474133e-24,2.8508895670417627e-24
15,9.544425366388102e-62,4.521505508826497e-61,1.2473450454762357e-60,2.661802651912874e-60,4.8727855567283985e-60,8.052721593048402e-60,1.2369659043802038e-59,1.7988149887997702e-59,2.507011465796151e-59,3.377555631215414e-59,4.426310704258174e-59,5.669043089262018e-59,7.1214513474798354e-59,8.799186751267301e-59,1.0717867733662543e-58,1.2893089984468745e-58,1.5340433474622022e-58,1.8075467328499574e-58,2.111375319578094e-58,2.4470847580798142e-58,2.8162303449372987e-58,3.2203671335940266e-58,3.661050010556289e-58,4.1398337477940604e-58,4.658273038745275e-58,5.2179225230355646e-58,5.8203368034383286e-58,6.467070457503472e-58,7.159678045541702e-58,7.899714116019252e-58,8.688733209381512e-58,9.528289860555464e-58,1.0419938600708846e-57,1.1365233958431468e-57,1.2365730460572714e-57,1.3422982632789207e-57,1.45385449999071e-57,1.5713972086214354e-57,1.6950818415614765e-57,1.8250638511754982e-57,1.9614986898099154e-57,2.1045418098012444e-57,2.2543486634760975e-57,2.4110747031559174e-57,2.5748753811585055e-57,2.745906149799117e-57,2.924322461391283e-57,3.110279768247286e-57,3.3039335226783295e-57,3.505439176996254e-57,3.714952183511246e-57,3.9326279945336746e-57,4.1586220623737476e-57,4.393089839341561e-57,4.63618677774712e-57,4.88806832990039e-57,5.148889948111301e-57,5.418807084689744e-57,5.697975191945614e-57,5.986549722188788e-57,6.284686127729106e-57,6.592539860876459e-57,6.910266373941905e-57,7.238021119232872e-57,7.575959549060296e-57,7.924237115734263e-57,8.283009271564521e-57,8.652431468861027e-57,9.032659159933506e-57,9.423847797091733e-57,9.826152832645636e-57,1.0239729718905071e-56,1.06647339081799e-56,1.1101320852779965e-56,1.1549646005012407e-56,1.2009864817192475e-56,1.2482132741627337e-56,1.296660523062683e-56,1.3463437736500392e-56,1.3972785711558695e-56,1.4494804608114122e-56,1.5029649878470573e-56,1.557747697494095e-56,1.6138441349835052e-56,1.6712698455465783e-56,1.730040374413686e-56,1.7901712668161194e-56,1.8516780679848691e-56,1.9145763231508908e-56,1.9788815775452158e-56,2.044609376398807e-56,2.1117752649426504e-56,2.1803947884077336e-56,2.2504834920250346e-56,2.322056921025604e-56,2.3951306206403027e-56,2.469720136100178e-56,2.545841012636216e-56,2.6235087954793993e-56,2.702739029860712e-56,2.7835472610111427e-56,2.865949034161672e-56,2.949959894543467e-56,3.035595387387152e-56,3.1228710579238927e-56,3.2118024513846634e-56,3.3024051130004694e-56,3.3946945880022877e-56,3.488686421621102e-56,3.584396159087892e-56,3.6818393456338777e-56,3.7810315264895843e-56,3.8819882468862256e-56,3.9847250520547857e-56,4.08925748722625e-56,4.1956010976316055e-56,4.303771428501835e-56,4.413784025067923e-56,4.525654432560859e-56,4.639398196211631e-56,4.755030861251205e-56,4.872567972910581e-56,4.992025076420734e-56,5.113417717012665e-56,5.236761439917348e-56,5.362071790365771e-56,5.489364313588915e-56,5.618654554817835e-56,5.7499580592833805e-56,5.883290372216601e-56,6.01866703884849e-56,6.156103604410028e-56,6.2956156141321775e-56,6.437218613245962e-56,6.580928146982349e-56,6.726759760572324e-56,6.874728999246875e-56,7.024851408236693e-56,7.177142532773344e-56,7.33161791808752e-56,7.488293109410209e-56,7.647183651972373e-56,7.808305091005037e-56,7.971672971739171e-56,8.137302839405743e-56,8.305210239235761e-56,8.475410716460203e-56,8.647919816310074e-56,8.822753084016318e-56,8.999926064809934e-56,9.17945430392191e-56,9.361353346583232e-56,9.545638738024901e-56,9.73232602347787e-56,9.921430748173138e-56,1.011296845734169e-55,1.0306954696214454e-55,1.0503405010022705e-55,1.0702334943997063e-55,1.090376004336862e-55,1.1107695853368368e-55,1.1314157919227335e-55,1.1523161786176468e-55,1.1734722999446858e-55,1.1948857104269307e-55,1.2165579645874885e-55,1.2384906169494584e-55,1.2606852220359393e-55,1.2831433343700295e-55,1.30586650847484e-55,1.328856298873469e-55,1.3521142600889836e-55,1.375641946644488e-55,1.3994409130631003e-55,1.4235127138679125e-55,1.4478589035820234e-55,1.4724810367285293e-55,1.497380667830532e-55,1.5225593514111274e-55,1.5480186419934146e-55,1.5737600941005263e-55,1.5997852622554935e-55,1.6260957009814506e-55,1.6526929648014933e-55,1.679578608238721e-55,1.7067541858162328e-55,1.734221252057126e-55,1.7619813614844994e-55,1.7900360686214517e-55,1.8183869279910807e-55,1.8470354941164862e-55,1.8759833215207657e-55,1.9052319647270184e-55,1.934782978258342e-55,1.9646379166378358e-55,1.994798334388596e-55,2.0252657860337245e-55,2.056041826096318e-55,2.087128009099475e-55,2.1185258895662938e-55,2.150237022019873e-55,2.1822629609833124e-55,2.214605260979709e-55,2.2472654765321624e-55,2.2802451621637698e-55,2.3135458723976303e-55,2.3471691617568425e-55,2.381116584764493e-55,2.4153896959436874e-55,2.4499900498175464e-55,2.48491920090915e-55,2.520178703741598e-55,2.5557701128379875e-55,2.591694982721419e-55,2.6279548679149902e-55,2.6645513229418e-55,2.701485902324957e-55,2.738760160587537e-55,2.776375652252651e-55,2.814333931843398e-55,2.8526365538828734e-55,2.891285072894178e-55,2.93028104340041e-55,2.969626019924666e-55,3.0093215569900498e-55,3.049369209119656e-55,3.0897705308365855e-55,3.1305270766639286e-55,3.171640401124811e-55,3.2131120587422936e-55,3.254943604039492e-55,3.297136591539524e-55,3.3396925757654554e-55,3.3826131112403915e-55,3.425899752487437e-55,3.469554054029691e-55,3.51357757039025e-55,3.557971856092215e-55,3.602738465658683e-55,3.647878953612753e-55,3.6933948744775234e-55,3.739287782776091e-55,3.785559233031557e-55,3.8322107797670174e-55,3.8792439775055745e-55,3.9266603807703236e-55,3.974461544084365e-55,4.022649021970797e-55,4.071224368952714e-55,4.1201891395532175e-55,4.169544888295409e-55,4.2192931697023844e-55,4.26943553829724e-55,4.319973548603077e-55,4.370908755142993e-55,4.422242712440086e-55,4.473976975017451e-55,4.5261130973981906e-55,4.578652634105407e-55,4.631597139662196e-55,4.684948168591655e-55,4.738707275416884e-55,4.792876014660978e-55,4.84745594084704e-55,4.9024486084981645e-55,4.957855572137451e-55,5.013678386287998e-55,5.069918605472908e-55,5.126577784215275e-55,5.183657477038196e-55,5.241159238464772e-55,5.299084623018103e-55,5.357435185221287e-55,5.41621247959742e-55,5.475418060669602e-55,5.535053482960934e-55,5.595120300994508e-55,5.655620069293427e-55,5.7165543423807906e-55,5.777924674779697e-55,5.839732621013243e-55,5.901979735604526e-55,5.964667573076647e-55,6.0277976879527e-55,6.091371634755792e-55,6.1553909680090206e-55,6.219857242235479e-55,6.28477201195826e-55,6.350136831700473e-55,6.415953255985208e-55,6.482222839335564e-55,6.548947136274649e-55,6.616127701325555e-55,6.68376608901138e-55,6.751863853855227e-55,6.82042255038019e-55,6.889443733109367e-55,6.95892895656586e-55,7.028879775272766e-55,7.099297743753185e-55,7.170184416530213e-55,7.241541348126943e-55,7.313370093066482e-55,7.385672205871929e-55,7.458449241066377e-55,7.531702753172931e-55,7.605434296714685e-55,7.679645426214738e-55,7.75433769619619e-55,7.829512661182137e-55,7.905171875695679e-55,7.981316894259913e-55,8.057949271397932e-55,8.135070561632851e-55,8.212682319487758e-55,8.290786099485747e-55,8.369383456149928e-55,8.448475944003392e-55,8.528065117569234e-55,8.608152531370565e-55,8.688739739930474e-55,8.76982829777206e-55,8.851419759418418e-55,8.933515679392654e-55,9.016117612217865e-55,9.099227112417146e-55,9.182845734513607e-55,9.266975033030331e-55,9.35161656249042e-55,9.436771877416977e-55,9.522442532333093e-55,9.608630081761881e-55,9.695336080226427e-55,9.78256208224983e-55,9.870309642355192e-55,9.958580315065612e-55,1.0047375654904187e-54,1.0136697216394015e-54,1.0226546554058194e-54,1.0316925222419819e-54,1.0407834776002e-54,1.0499276769327843e-54,1.0591252756920413e-54,1.0683764293302835e-54,1.0776812932998196e-54,1.08704002305296e-54,1.0964527740420146e-54,1.1059197017192931e-54,1.1154409615371051e-54,1.1250167089477606e-54,1.13464709940357e-54,1.1443322883568467e-54,1.1540724312598923e-54,1.1638676835650157e-54,1.1737182007245372e-54,1.1836241381907611e-54,1.1935856514159985e-54,1.2036028958525575e-54,1.2136760269527487e-54,1.223805200168882e-54,1.2339905709532669e-54,1.2442322947582141e-54,1.254530527036033e-54,1.2648854232390341e-54,1.2752971388195253e-54,1.2857658292298178e-54,1.2962916499222211e-54,1.3068747563490457e-54,1.3175153039626e-54,1.3282134482151962e-54,1.3389693445591423e-54,1.349783148446749e-54,1.3606550153303254e-54,1.371585100662182e-54,1.3825735598946243e-54,1.39362054847997e-54,1.404726221870525e-54,1.4158907355185994e-54,1.4271142448765035e-54,1.4383969053965466e-54,1.4497388725310385e-54,1.4611403017322896e-54,1.4726013484526093e-54,1.484122168144311e-54,1.495702916259697e-54,1.5073437482510814e-54,1.519044819570773e-54,1.5308062856710828e-54,1.5426283020043203e-54,1.5545110240227953e-54,1.566454607178818e-54,1.5784592069246976e-54,1.5905249787127446e-54,1.6026520779952685e-54,1.614840660224579e-54,1.6270908808529862e-54,1.6394028953327998e-54,1.6517768591163302e-54,1.664212927655886e-54,1.6767112564037784e-54,1.689272000812316e-54,1.7018953163338103e-54,1.7145813584205768e-54,1.727330282524912e-54,1.7401422440991326e-54,1.7530173985955479e-54,1.765955901466466e-54,1.778957908164201e-54,1.792023574141061e-54,1.8051530548493553e-54,1.818346505741394e-54,1.8316040822694912e-54,1.8449259398859482e-54,1.8583122340430796e-54,1.8717631201931926e-54,1.8852787537886016e-54,1.8988592902816137e-54,1.9125048851245387e-54,1.9262156937696872e-54,1.9399918716693685e-54,1.9538335742758927e-54,1.9677409570415698e-54,1.9817141754187056e-54,1.995753384859617e-54,2.0098587408166116e-54,2.024030398741998e-54,2.0382685140880862e-54,2.052573242307186e-54,2.0669447388516075e-54,2.081383159173658e-54,2.0958886587256527e-54,2.1104613929598985e-54,2.1251015173287056e-54,2.1398091872843828e-54,2.1545845582792407e-54,2.1694277857655922e-54,2.1843390251957423e-54,2.1993184320220024e-54,2.2143661616966826e-54,2.229482369672094e-54,2.2446672114005445e-54,2.2599208423343445e-54,2.275243417925804e-54,2.290635093627233e-54,2.3060960248909406e-54,2.3216263671692376e-54,2.3372262759144327e-54,2.3528959065788376e-54,2.3686354146147614e-54,2.3844449554745132e-54,2.4003246846104057e-54,2.416274757474744e-54,2.43229532951984e-54,2.4483865561980047e-54,2.4645485929615462e-54,2.4807815952627758e-54,2.4970857185539998e-54,2.513461118287534e-54,2.529907949915684e-54,2.5464263688907641e-54,2.56301653066508e-54,2.5796785906909416e-54,2.5964127044206603e-54,2.613219027306546e-54,2.630097714800906e-54,2.6470489223560536e-54,2.6640728054242967e-54,2.681169519457945e-54,2.69833921990931e-54,2.7155820622307007e-54,2.7328982018744254e-54,2.750287794292797e-54,2.767750994938122e-54,2.7852879592627127e-54,2.802898842718877e-54,2.820583800758927e-54,2.8383429888351775e-54,2.8561765623999254e-54,2.874084676905488e-54,2.892067487804174e-54,2.9101251505482935e-54,2.928257820590158e-54,2.946465653382075e-54,2.964748804376357e-54,2.983107429025311e-54,3.001541682781248e-54,3.020051721096478e-54,3.0386376994233104e-54,3.05729977321406e-54,3.076038097921028e-54,3.094852828996529e-54,3.1137441218928724e-54,3.1327121320623665e-54,3.1517570149573224e-54,3.1708789260300465e-54,3.190078020732856e-54,3.2093544545180474e-54,3.2287083828379496e-54,3.2481399611448627e-54,3.267649344891098e-54,3.287236689528963e-54,3.3069021505107657e-54,3.326645883288822e-54,3.346468043315439e-54,3.366368786042925e-54,3.386348266923592e-54,3.406406641409753e-54,3.426544064953709e-54,3.4467606930077746e-54,3.467056681024262e-54,3.487432184455476e-54,3.507887358753728e-54,3.52842235937133e-54,3.549037341760592e-54,3.5697324613738215e-54,3.59050787366333e-54,3.611363734081427e-54,3.6323001980804223e-54,3.653317421112625e-54,3.674415558630346e-54,3.695594766085896e-54,3.716855198931583e-54,3.738197012619718e-54,3.759620362602609e-54,3.781125404332568e-54,3.8027122932619044e-54,3.8243811848429277e-54,3.846132234527947e-54,3.8679655977692725e-54,3.8898814300192145e-54,3.9118798867300843e-54,3.9339611233541884e-54,3.9561252953438394e-54,3.9783725581513457e-54,4.000703067229018e-54,4.023116978029165e-54,4.0456144460040983e-54,4.068195626606126e-54,4.090860675287559e-54,4.113609747500706e-54,4.1364429986978785e-54,4.159360584331386e-54,4.1823626598535355e-54,4.2054493807166416e-54,4.2286209023730113e-54,4.25187738027496e-54,4.2752189698747875e-54,4.29864582662481e-54,4.322158105977335e-54,4.345755963384674e-54,4.3694395542991355e-54,4.39320903417303e-54,4.4170645584586676e-54,4.441006282608358e-54,4.465034362074412e-54,4.489148952309138e-54,4.513350208764847e-54,4.537638286893849e-54,4.562013342148451e-54,4.5864755299809656e-54,4.611025005843701e-54,4.6356619251889686e-54,4.6603864434690795e-54,4.685198716136341e-54,4.710098898643063e-54,4.735087146441562e-54,4.7601636149841313e-54,4.785328459723095e-54,4.810581836110761e-54,4.835923899599436e-54,4.861354805641429e-54,4.8868747096890544e-54,4.9124837671946213e-54,4.9381821336104374e-54,4.9639699643888137e-54,4.9898474149820625e-54,5.015814640842486e-54,5.0418717974223985e-54,5.06801904017411e-54,5.094256524549931e-54,5.120584406002169e-54,5.147002839983137e-54,5.1735119819451436e-54,5.200111987340499e-54,5.226803011621512e-54,5.253585210240493e-54,5.280458738649752e-54,5.307423752301599e-54,5.334480406648343e-54,5.361628857142293e-54,5.38886925923576e-54,5.416201768381056e-54,5.443626540030487e-54,5.471143729636367e-54,5.498753492651002e-54,5.526455984526705e-54,5.554251360715783e-54,5.582139776670547e-54,5.61012138784332e-54,5.638196349686383e-54,5.666364817652066e-54,5.694626947192671e-54,5.722982893760517e-54,5.751432812807906e-54,5.779976859787149e-54,5.808615190150556e-54,5.837347959350441e-54,5.86617532283911e-54,5.895097436068871e-54,5.924114454492038e-54,5.953226533560918e-54,5.982433828727823e-54,6.01173649544506e-54,6.041134689164942e-54,6.07062856533978e-54,6.100218279421878e-54,6.129903986863543e-54,6.159685843117097e-54,6.189564003634845e-54,6.219538623869097e-54,6.24960985927216e-54,6.279777865296344e-54,6.310042797393966e-54,6.340404811017326e-54,6.370864061618739e-54,6.401420704650516e-54,6.432074895564964e-54,6.462826789814392e-54,6.493676542851113e-54,6.524624310127434e-54,6.555670247095667e-54,6.586814509208127e-54,6.618057251917111e-54,6.649398630674938e-54,6.680838800933912e-54,6.712377918146348e-54,6.744016137764553e-54,6.775753615240844e-54,6.80759050602752e-54,6.839526965576897e-54,6.871563149341283e-54,6.903699212772992e-54,6.935935311324326e-54,6.968271600447601e-54,7.000708235595124e-54,7.033245372219207e-54,7.065883165772159e-54,7.098621771706289e-54,7.131461345473908e-54,7.164402042527337e-54,7.197444018318862e-54,7.230587428300806e-54,7.263832427925476e-54,7.297179172645186e-54,7.330627817912243e-54,7.364178519178954e-54,7.397831431897636e-54,7.431586711520592e-54,7.465444513500139e-54,7.499404993288582e-54,7.53346830633823e-54,7.567634608101396e-54,7.601904054030381e-54,7.63627679957751e-54,7.670753000195085e-54,7.705332811335417e-54,7.740016388450814e-54,7.774803886993586e-54,7.809695462416042e-54,7.844691270170492e-54,7.879791465709249e-54,7.91499620448462e-54,7.950305641948912e-54,7.98571993355444e-54,8.021239234753522e-54,8.05686370099845e-54,8.092593487741542e-54,8.128428750435111e-54,8.164369644531463e-54,8.20041632548291e-54,8.23656894874176e-54,8.272827669760325e-54,8.30919264399091e-54,8.345664026885829e-54,8.382241973897391e-54,8.418926640477904e-54,8.455718182079681e-54,8.492616754155029e-54,8.529622512156264e-54,8.566735611535691e-54,8.60395620774562e-54,8.641284456238356e-54,8.678720512466233e-54,8.716264531881522e-54,8.753916669936556e-54,8.791677082083643e-54,8.829545923775091e-54,8.867523350463209e-54,8.90560951760031e-54,8.9438045806387e-54,8.982108695030689e-54,9.020522016228589e-54,9.05904469968471e-54,9.09767690085136e-54,9.136418775180852e-54,9.175270478125493e-54,9.214232165137571e-54,9.25330399166944e-54,9.292486113173393e-54,9.331778685101732e-54,9.371181862906763e-54,9.410695802040807e-54,9.450320657956176e-54,9.490056586105166e-54,9.529903741940099e-54,9.569862280913283e-54,9.609932358477022e-54,9.65011413008363e-54,9.690407751185419e-54,9.730813377234693e-54,9.771331163683762e-54,9.811961265984942e-54,9.852703839590536e-54,9.893559039952858e-54,9.934527022524219e-54,9.975607942756927e-54,1.0016801956103291e-53,1.0058109218015612e-53,1.0099529883946227e-53,1.0141064109347418e-53,1.0182712049671507e-53,1.0224473860370799e-53,1.026634969689761e-53,1.0308339714704244e-53,1.0350444069243017e-53,1.0392662915966235e-53,1.0434996410326206e-53,1.0477444707775245e-53,1.0520007963765657e-53,1.0562686333749752e-53,1.0605479973179838e-53,1.064838903750823e-53,1.0691413682187242e-53,1.0734554062669177e-53,1.0777810334406345e-53,1.0821182652851055e-53,1.0864671173455619e-53,1.0908276051672348e-53,1.0951997442953552e-53,1.0995835502751542e-53,1.1039790386518624e-53,1.1083862249707106e-53,1.11280512477693e-53,1.1172357536157515e-53,1.1216781270324065e-53,1.126132260572126e-53,1.1305981697801403e-53,1.1350758702016793e-53,1.1395653773819768e-53,1.144066706866263e-53,1.148579874199768e-53,1.153104894927723e-53,1.1576417845953595e-53,1.1621905587479077e-53,1.1667512329305994e-53,1.171323822688665e-53,1.1759083435673358e-53,1.1805048111118427e-53,1.1851132408674163e-53,1.189733648379288e-53,1.1943660491926885e-53,1.19901045885285e-53,1.2036668929050015e-53,1.2083353668943754e-53,1.2130158963662021e-53,1.2177084968657127e-53,1.222413183938138e-53,1.2271299731287088e-53,1.2318588799826573e-53,1.2365999200452132e-53,1.2413531088616082e-53,1.2461184619770732e-53,1.2508959949368386e-53,1.2556857232861364e-53,1.2604876625701962e-53,1.2653018283342503e-53,1.270128236123529e-53,1.2749669014832635e-53,1.279817839958685e-53,1.2846810670950244e-53,1.289556598437512e-53,1.2944444495313803e-53,1.2993446359218582e-53,1.3042571731541781e-53,1.3091820767735707e-53,1.314119362325267e-53,1.3190690453544976e-53,1.3240311414064944e-53,1.3290056660264873e-53,1.3339926347597081e-53,1.338992063151387e-53,1.3440039667467553e-53,1.3490283610910447e-53,1.3540652617294857e-53,1.3591146842073084e-53,1.364176644069745e-53,1.3692511568620263e-53,1.3743382381293824e-53,1.3794379034170453e-53,1.3845501682702457e-53,1.3896750482342144e-53,1.3948125588541826e-53,1.3999627156753811e-53,1.4051255342430404e-53,1.4103010301023926e-53,1.415489218798668e-53,1.4206901158770978e-53,1.4259037368829139e-53,1.4311300973613445e-53,1.436369212857623e-53,1.44162109891698e-53,1.446885771084646e-53,1.4521632449058522e-53,1.45745353592583e-53,1.4627566596898097e-53,1.4680726317430228e-53,1.4734014676306992e-53,1.4787431828980718e-53,1.4840977930903701e-53,1.4894653137528257e-53,1.4948457604306693e-53,1.5002391486691316e-53,1.5056454940134446e-53,1.5110648120088367e-53,1.516497118200541e-53,1.52194242813379e-53,1.5274007573538123e-53,1.5328721214058402e-53,1.538356535835104e-53,1.543854016186835e-53,1.5493645780062634e-53,1.5548882368386214e-53,1.5604250082291386e-53,1.5659749077230473e-53,1.5715379508655774e-53,1.5771141532019608e-53,1.5827035302774295e-53,1.5883060976372118e-53,1.5939218708265395e-53,1.599550865390644e-53,1.605193096874758e-53,1.6108485808241085e-53,1.6165173327839298e-53,1.622199368299452e-53,1.6278947029159054e-53,1.6336033521785215e-53,1.6393253316325311e-53,1.645060656823166e-53,1.6508093432956585e-53,1.6565714065952353e-53,1.66234686226713e-53,1.668135725856573e-53,1.673938012908796e-53,1.679753738969029e-53,1.6855829195825061e-53,1.6914255702944534e-53,1.697281706650105e-53,1.70315134419469e-53,1.7090344984734413e-53,1.714931185031589e-53,1.7208414194143641e-53,1.7267652171669977e-53,1.7327025938347208e-53,1.738653564962764e-53,1.7446181460963588e-53,1.7505963527807358e-53,1.7565882005611262e-53,1.7625937049827613e-53,1.7686128815908722e-53,1.7746457459306894e-53,1.7806923135474435e-53,1.7867525999863665e-53,1.7928266207926888e-53,1.7989143915116408e-53,1.805015927688454e-53,1.8111312448683598e-53,1.817260358596589e-53,1.8234032844183704e-53,1.8295600378789388e-53,1.8357306345235234e-53,1.8419150898973558e-53,1.8481134195456655e-53,1.8543256390136847e-53,1.860551763846644e-53,1.8667918095897742e-53,1.873045791788307e-53,1.8793137259874728e-53,1.8855956277325023e-53,1.891891512568628e-53,1.8982013960410788e-53,1.9045252936950868e-53,1.9108632210758825e-53,1.917215193728698e-53,1.9235812271987657e-53,1.9299613370313115e-53,1.93635553877157e-53,1.9427638479647706e-53,1.9491862801561454e-53,1.9556228508909229e-53,1.962073575714338e-53,1.968538470171621e-53,1.9750175498080014e-53,1.9815108301687108e-53,1.9880183267989797e-53,1.9945400552440401e-53,2.0010760310491215e-53,2.0076262697594563e-53,2.0141907869202748e-53,2.020769598076808e-53,2.0273627187742866e-53,2.0339701645579415e-53,2.040591950973005e-53,2.0472280935647066e-53,2.0538786078782784e-53,2.060543509458951e-53,2.0672228138519554e-53,2.073916536602522e-53,2.0806246932558831e-53,2.087347299357268e-53,2.0940843704519085e-53,2.1008359220850357e-53,2.1076019698018807e-53,2.1143825291476745e-53,2.121177615667647e-53,2.1279872449070303e-53,2.1348114324110553e-53,2.141650193724953e-53,2.148503544393954e-53,2.1553714999632895e-53,2.16225407597819e-53,2.1691512879838866e-53,2.176063151525611e-53,2.182989682148594e-53,2.189930895398067e-53,2.1968868068192583e-53,2.2038574319574024e-53,2.210842786357729e-53,2.217842885565469e-53,2.2248577451258533e-53,2.231887380584113e-53,2.238931807485479e-53,2.2459910413751817e-53,2.2530650977984536e-53,2.260153992300524e-53,2.2672577404266244e-53,2.2743763577219863e-53,2.2815098597318407e-53,2.288658262001418e-53,2.295821580075949e-53,2.302999829500666e-53,2.310193025820799e-53,2.31740118458158e-53,2.324624321328238e-53,2.3318624516060046e-53,2.3391155909601126e-53,2.3463837549357907e-53,2.3536669590782714e-53,2.360965218932785e-53,2.368278550044563e-53,2.3756069679588353e-53,2.3829504882208335e-53,2.3903091263757896e-53,2.3976828979689326e-53,2.4050718185454937e-53,2.4124759036507063e-53,2.4198951688297995e-53,2.427329629628005e-53,2.4347793015905533e-53,2.4422442002626746e-53,2.449724341189602e-53,2.4572197399165647e-53,2.4647304119887936e-53,2.4722563729515215e-53,2.4797976383499774e-53,2.487354223729393e-53,2.494926144634999e-53,2.502513416612028e-53,2.510116055205709e-53,2.5177340759612737e-53,2.5253674944239525e-53,2.533016326138977e-53,2.540680586651579e-53,2.548360291506989e-53,2.556055456250437e-53,2.563766096427154e-53,2.5714922275823727e-53,2.5792338652613224e-53,2.5869910250092343e-53,2.594763722371341e-53,2.602551972892869e-53,1.4163909510842502e-22,2.832781848055047e-22,4.249172733270708e-22,5.665563606747723e-22,7.081954468486749e-22,8.498345318487865e-22,9.91473615675107e-22,1.1331126983276372e-21,1.2747517798063763e-21,1.41639086011132e-21,1.5580299392424661e-21,1.6996690171998193e-21,1.8413080939833806e-21,1.9829471695931372e-21,2.1245862440291024e-21,2.2662253172912776e-21,2.4078643893796587e-21,2.5495034602942457e-21,2.6911425300350378e-21,2.8327815986020293e-21,2.9744206659952302e-21,3.1160597322146313e-21,3.2576987972602398e-21,3.3993378611320534e-21,3.540976923830076e-21,3.6826159853543065e-21,3.82425504570474e-21,3.965894104881375e-21,4.107533162884219e-21,4.2491722197132775e-21,4.3908112753685394e-21,4.532450329850009e-21,4.674089383157684e-21,4.815728435291565e-21,4.957367486251651e-21,5.099006536037942e-21,5.240645584650444e-21,5.382284632089151e-21,5.523923678354067e-21,5.665562723445181e-21,5.8072017673625014e-21,5.948840810106027e-21,6.090479851675761e-21,6.232118892071698e-21,6.3737579312938404e-21,6.51539696934219e-21,6.657036006216743e-21,6.79867504191751e-21,6.940314076444483e-21,7.081953109797663e-21,7.223592141977052e-21,7.365231172982643e-21,7.50687020281444e-21,7.648509231472443e-21,7.79014825895665e-21,7.931787285267064e-21,8.073426310403686e-21,8.215065334366522e-21,8.356704357155558e-21,8.4983433787708e-21,8.63998239921225e-21,8.781621418479914e-21,8.923260436573779e-21,9.064899453493852e-21,9.206538469240123e-21,9.34817748381261e-21,9.489816497211302e-21,9.631455509436201e-21,9.773094520487308e-21,9.914733530364624e-21,1.0056372539068145e-20,1.0198011546597872e-20,1.0339650552953807e-20,1.048128955813595e-20,1.0622928562144298e-20,1.0764567564978846e-20,1.0906206566639604e-20,1.1047845567126578e-20,1.1189484566439748e-20,1.1331123564579134e-20,1.1472762561544734e-20,1.161440155733654e-20,1.1756040551954545e-20,1.1897679545398755e-20,1.2039318537669178e-20,1.21809575287658e-20,1.2322596518688632e-20,1.2464235507437678e-20,1.2605874495012944e-20,1.2747513481414404e-20,1.2889152466642078e-20,1.3030791450695964e-20,1.317243043357605e-20,1.3314069415282339e-20,1.345570839581484e-20,1.3597347375173544e-20,1.3738986353358454e-20,1.3880625330369574e-20,1.402226430620691e-20,1.416390328087045e-20,1.4305542254360194e-20,1.4447181226676155e-20,1.4588820197818325e-20,1.4730459167786695e-20,1.4872098136581276e-20,1.501373710420206e-20,1.5155376070649063e-20,1.5297015035922266e-20,1.5438654000021686e-20,1.558029296294731e-20,1.5721931924699138e-20,1.5863570885277176e-20,1.6005209844681426e-20,1.6146848802911887e-20,1.6288487759968546e-20,1.6430126715851425e-20,1.6571765670560505e-20,1.6713404624095784e-20,1.6855043576457296e-20,1.6996682527645005e-20,1.7138321477658932e-20,1.727996042649907e-20,1.742159937416542e-20,1.7563238320657972e-20,1.7704877265976735e-20,1.7846516210121715e-20,1.7988155153092892e-20,1.8129794094890288e-20,1.8271433035513883e-20,1.8413071974963693e-20,1.8554710913239718e-20,1.8696349850341954e-20,1.8837988786270388e-20,1.8979627721025046e-20,1.9121266654605912e-20,1.9262905587012985e-20,1.9404544518246275e-20,1.9546183448305756e-20,1.968782237719146e-20,1.9829461304903384e-20,1.9971100231441498e-20,2.0112739156805824e-20,2.0254378080996367e-20,2.0396017004013126e-20,2.053765592585609e-20,2.0679294846525258e-20,2.0820933766020646e-20,2.096257268434224e-20,2.1104211601490043e-20,2.124585051746405e-20,2.1387489432264273e-20,2.1529128345890688e-20,2.167076725834334e-20,2.181240616962219e-20,2.1954045079727245e-20,2.209568398865852e-20,2.2237322896416003e-20,2.2378961802999692e-20,2.2520600708409602e-20,2.2662239612645715e-20,2.2803878515708037e-20,2.2945517417596565e-20,2.308715631831131e-20,2.3228795217852265e-20,2.3370434116219434e-20,2.3512073013412794e-20,2.365371190943238e-20,2.3795350804278175e-20,2.393698969795017e-20,2.407862859044838e-20,2.4220267481772798e-20,2.4361906371923436e-20,2.4503545260900285e-20,2.4645184148703347e-20,2.478682303533262e-20,2.4928461920788106e-20,2.5070100805069806e-20,2.5211739688177715e-20,2.535337857011184e-20,2.5495017450872157e-20,2.563665633045871e-20,2.5778295208871473e-20,2.5919934086110445e-20,2.6061572962175647e-20,2.6203211837067057e-20,2.6344850710784683e-20,2.648648958332851e-20,2.6628128454698554e-20,2.6769767324894815e-20,2.691140619391729e-20,2.7053045061765952e-20,2.719468392844085e-20,2.733632279394194e-20,2.747796165826925e-20,2.7619600521422784e-20,2.776123938340253e-20,2.7902878244208466e-20,2.804451710384064e-20,2.818615596229901e-20,2.8327794819583595e-20,2.846943367569439e-20,2.861107253063142e-20,2.8752711384394636e-20,2.8894350236984076e-20,2.903598908839973e-20,2.91776279386416e-20,2.931926678770967e-20,2.946090563560397e-20,2.9602544482324477e-20,2.974418332787119e-20,2.988582217224412e-20,3.002746101544326e-20,3.0169099857468604e-20,3.0310738698320175e-20,3.045237753799796e-20,3.059401637650197e-20,3.073565521383217e-20,3.087729404998859e-20,3.1018932884971225e-20,3.116057171878009e-20,3.130221055141516e-20,3.1443849382876435e-20,3.158548821316394e-20,3.172712704227764e-20,3.186876587021757e-20,3.201040469698371e-20,3.215204352257606e-20,3.229368234699462e-20,3.2435321170239405e-20,3.257695999231038e-20,3.271859881320756e-20,3.286023763293098e-20,3.300187645148059e-20,3.314351526885643e-20,3.3285154085058495e-20,3.342679290008676e-20,3.356843171394124e-20,3.3710070526621936e-20,3.385170933812885e-20,3.399334814846196e-20,3.4134986957621303e-20,3.427662576560686e-20,3.44182645724186e-20,3.455990337805658e-20,3.470154218252078e-20,3.484318098581117e-20,3.498481978792779e-20,3.512645858887062e-20,3.5268097388639666e-20,3.5409736187234907e-20,3.555137498465638e-20,3.5693013780904074e-20,3.583465257597795e-20,3.597629136987806e-20,3.611793016260439e-20,3.6259568954156925e-20,3.6401207744535674e-20,3.654284653374065e-20,3.6684485321771825e-20,3.682612410862922e-20,3.6967762894312836e-20,3.710940167882266e-20,3.72510404621587e-20,3.7392679244320945e-20,3.7534318025309407e-20,3.767595680512407e-20,3.7817595583764954e-20,3.795923436123205e-20,3.810087313752537e-20,3.8242511912644895e-20,3.8384150686590635e-20,3.852578945936261e-20,3.8667428230960785e-20,3.880906700138517e-20,3.895070577063578e-20,3.909234453871258e-20,3.923398330561562e-20,3.9375622071344865e-20,3.951726083590033e-20,3.965889959928202e-20,3.98005383614899e-20,3.9942177122524e-20,4.008381588238433e-20,4.0225454641070856e-20,4.036709339858362e-20,4.050873215492259e-20,4.0650370910087766e-20,4.079200966407917e-20,4.093364841689678e-20,4.107528716854061e-20,4.121692591901065e-20,4.135856466830692e-20,4.1500203416429375e-20,4.164184216337805e-20,4.1783480909152933e-20,4.192511965375403e-20,4.206675839718135e-20,4.220839713943488e-20,4.235003588051464e-20,4.2491674620420616e-20,4.2633313359152803e-20,4.277495209671121e-20,4.291659083309583e-20,4.3058229568306665e-20,4.3199868302343724e-20,4.3341507035206994e-20,4.3483145766896464e-20,4.3624784497412165e-20,4.37664232267541e-20,4.390806195492221e-20,4.404970068191657e-20,4.419133940773713e-20,4.433297813238392e-20,4.4474616855856924e-20,4.4616255578156126e-20,4.4757894299281545e-20,4.4899533019233207e-20,4.504117173801106e-20,4.518281045561514e-20,4.532444917204544e-20,4.5466087887301936e-20,4.560772660138467e-20,4.57493653142936e-20,4.589100402602877e-20,4.6032642736590145e-20,4.6174281445977744e-20,4.631592015419156e-20,4.645755886123159e-20,4.6599197567097836e-20,4.67408362717903e-20,4.688247497530899e-20,4.7024113677653877e-20,4.7165752378824965e-20,4.730739107882231e-20,4.744902977764585e-20,4.7590668475295597e-20,4.773230717177159e-20,4.787394586707378e-20,4.801558456120218e-20,4.8157223254156803e-20,4.829886194593764e-20,4.844050063654469e-20,4.8582139325977963e-20,4.872377801423745e-20,4.8865416701323164e-20,4.9007055387235085e-20,4.914869407197325e-20,4.9290332755537605e-20,4.9431971437928173e-20,4.9573610119144984e-20,4.9715248799188007e-20,4.9856887478057223e-20,4.999852615575265e-20,5.0140164832274316e-20,5.0281803507622205e-20,5.0423442181796317e-20,5.056508085479666e-20,5.0706719526623195e-20,5.0848358197275955e-20,5.0989996866754933e-20,5.1131635535060153e-20,5.127327420219156e-20,5.141491286814917e-20,5.155655153293302e-20,5.16981901965431e-20,5.1839828858979383e-20,5.198146752024191e-20,5.2123106180330644e-20,5.226474483924556e-20,5.240638349698673e-20,5.254802215355409e-20,5.2689660808947685e-20,5.283129946316749e-20,5.297293811621352e-20,5.311457676808577e-20,5.3256215418784224e-20,5.3397854068308925e-20,5.353949271665982e-20,5.3681131363836944e-20,5.382277000984028e-20,5.396440865466984e-20,5.410604729832561e-20,5.42476859408076e-20,5.438932458211582e-20,5.453096322225025e-20,5.46726018612109e-20,5.481424049899778e-20,5.495587913561087e-20,5.509751777105017e-20,5.523915640531571e-20,5.538079503840747e-20,5.552243367032544e-20,5.566407230106963e-20,5.580571093064003e-20,5.594734955903665e-20,5.608898818625949e-20,5.623062681230856e-20,5.637226543718383e-20,5.651390406088533e-20,5.665554268341305e-20,5.679718130476699e-20,5.693881992494716e-20,5.708045854395353e-20,5.722209716178612e-20,5.736373577844493e-20,5.750537439392996e-20,5.764701300824124e-20,5.778865162137869e-20,5.793029023334239e-20,5.807192884413231e-20,5.821356745374845e-20,5.835520606219082e-20,5.84968446694594e-20,5.86384832755542e-20,5.878012188047523e-20,5.892176048422246e-20,5.906339908679592e-20,5.920503768819561e-20,5.93466762884215e-20,5.948831488747362e-20,5.9629953485352e-20,5.977159208205654e-20,5.991323067758732e-20,6.005486927194435e-20,6.019650786512754e-20,6.033814645713699e-20,6.047978504797268e-20,6.062142363763455e-20,6.076306222612268e-20,6.090470081343699e-20,6.104633939957752e-20,6.118797798454429e-20,6.132961656833726e-20,6.14712551509565e-20,6.161289373240191e-20,6.175453231267357e-20,6.189617089177143e-20,6.203780946969551e-20,6.217944804644585e-20,6.232108662202236e-20,6.246272519642511e-20,6.260436376965408e-20,6.274600234170925e-20,6.288764091259064e-20,6.302927948229828e-20,6.317091805083213e-20,6.331255661819218e-20,6.34541951843785e-20,6.359583374939101e-20,6.373747231322977e-20,6.387911087589473e-20,6.40207494373859e-20,6.416238799770332e-20,6.430402655684698e-20,6.444566511481679e-20,6.458730367161288e-20,6.472894222723518e-20,6.487058078168367e-20,6.501221933495841e-20,6.515385788705934e-20,6.529549643798648e-20,6.543713498773992e-20,6.557877353631951e-20,6.572041208372533e-20,6.586205062995739e-20,6.600368917501566e-20,6.614532771890016e-20,6.628696626161084e-20,6.642860480314777e-20,6.657024334351092e-20,6.671188188270026e-20,6.685352042071585e-20,6.699515895755767e-20,6.713679749322569e-20,6.727843602771992e-20,6.742007456104037e-20,6.756171309318705e-20,6.770335162415997e-20,6.784499015395906e-20,6.798662868258443e-20,6.812826721003598e-20,6.826990573631374e-20,6.841154426141777e-20,6.855318278534804e-20,6.869482130810446e-20,6.883645982968716e-20,6.897809835009604e-20,6.911973686933114e-20,6.92613753873925e-20,6.940301390428003e-20,6.954465241999381e-20,6.968629093453383e-20,6.982792944790002e-20,6.996956796009247e-20,7.011120647111114e-20,7.025284498095603e-20,7.039448348962713e-20,7.053612199712445e-20,7.0677760503448e-20,7.081939900859775e-20,7.096103751257373e-20,7.110267601537592e-20,7.124431451700438e-20,7.138595301745905e-20,7.152759151673989e-20,7.166923001484701e-20,7.181086851178035e-20,7.195250700753986e-20,7.209414550212563e-20,7.223578399553761e-20,7.237742248777581e-20,7.251906097884025e-20,7.266069946873086e-20,7.280233795744773e-20,7.294397644499082e-20,7.308561493136012e-20,7.322725341655566e-20,7.33688919005774e-20,7.351053038342539e-20,7.365216886509959e-20,7.379380734560002e-20,7.393544582492665e-20,7.407708430307954e-20,7.421872278005862e-20,7.436036125586395e-20,7.450199973049548e-20,7.464363820395326e-20,7.478527667623726e-20,7.492691514734745e-20,7.506855361728391e-20,7.521019208604657e-20,7.535183055363546e-20,7.549346902005056e-20,7.563510748529188e-20,7.577674594935944e-20,7.591838441225318e-20,7.60600228739732e-20,7.620166133451942e-20,7.634329979389185e-20,7.64849382520905e-20,7.662657670911537e-20,7.676821516496652e-20,7.690985361964385e-20,7.705149207314742e-20,7.719313052547718e-20,7.733476897663318e-20,7.74764074266154e-20,7.761804587542385e-20,7.775968432305849e-20,7.790132276951938e-20,7.80429612148065e-20,7.818459965891984e-20,7.832623810185942e-20,7.846787654362519e-20,7.860951498421721e-20,7.875115342363543e-20,7.88927918618799e-20,7.903443029895058e-20,7.917606873484746e-20,7.931770716957061e-20,7.945934560311994e-20,7.960098403549551e-20,7.97426224666973e-20,7.988426089672533e-20,8.002589932557961e-20,8.016753775326009e-20,8.030917617976677e-20,8.045081460509965e-20,8.059245302925879e-20,8.073409145224416e-20,8.087572987405574e-20,8.101736829469359e-20,8.115900671415759e-20,8.130064513244785e-20,8.144228354956435e-20,8.158392196550703e-20,8.172556038027597e-20,8.186719879387112e-20,8.200883720629253e-20,8.215047561754013e-20,8.229211402761394e-20,8.243375243651403e-20,8.257539084424029e-20,8.271702925079278e-20,8.28586676561715e-20,8.300030606037647e-20,8.314194446340763e-20,8.328358286526501e-20,8.342522126594862e-20,8.356685966545848e-20,8.370849806379453e-20,8.385013646095686e-20,8.399177485694541e-20,8.413341325176015e-20,8.427505164540116e-20,8.441669003786836e-20,8.455832842916182e-20,8.46999668192815e-20,8.484160520822739e-20,8.498324359599954e-20,8.512488198259788e-20,8.526652036802248e-20,8.540815875227328e-20,8.554979713535032e-20,8.569143551725358e-20,8.583307389798303e-20,8.597471227753875e-20,8.611635065592067e-20,8.625798903312884e-20,8.639962740916325e-20,8.654126578402383e-20,8.668290415771069e-20,8.682454253022376e-20,8.696618090156303e-20,8.710781927172853e-20,8.724945764072025e-20,8.739109600853822e-20,8.753273437518237e-20,8.767437274065279e-20,8.781601110494943e-20,8.795764946807228e-20,8.809928783002138e-20,8.824092619079667e-20,8.838256455039821e-20,8.852420290882595e-20,8.866584126607993e-20,8.880747962216013e-20,8.894911797706658e-20,8.909075633079924e-20,8.923239468335815e-20,8.937403303474326e-20,8.951567138495459e-20,8.965730973399218e-20,8.979894808185595e-20,8.994058642854598e-20,9.008222477406222e-20,9.022386311840471e-20,9.036550146157339e-20,9.050713980356831e-20,9.064877814438948e-20,9.079041648403683e-20,9.093205482251044e-20,9.107369315981026e-20,9.121533149593629e-20,9.135696983088861e-20,9.149860816466713e-20,9.164024649727185e-20,9.178188482870281e-20,9.192352315896e-20,9.206516148804342e-20,9.220679981595306e-20,9.234843814268894e-20,9.249007646825105e-20,9.263171479263935e-20,9.277335311585392e-20,9.29149914378947e-20,9.305662975876174e-20,9.319826807845497e-20,9.333990639697443e-20,9.348154471432012e-20,9.362318303049202e-20,9.376482134549017e-20,9.390645965931452e-20,9.40480979719651e-20,9.418973628344195e-20,9.4331374593745e-20,9.44730129028743e-20,9.46146512108298e-20,9.475628951761156e-20,9.489792782321951e-20,9.503956612765367e-20,9.518120443091414e-20,9.532284273300077e-20,9.54644810339136e-20,9.560611933365271e-20,9.574775763221802e-20,9.588939592960958e-20,9.603103422582735e-20,9.617267252087135e-20,9.631431081474158e-20,9.645594910743803e-20,9.659758739896073e-20,9.673922568930961e-20,9.688086397848479e-20,9.702250226648615e-20,9.716414055331373e-20,9.730577883896758e-20,9.74474171234476e-20,9.758905540675385e-20,9.773069368888639e-20,9.787233196984511e-20,9.801397024963005e-20,9.815560852824129e-20,9.82972468056787e-20,9.843888508194233e-20,9.858052335703223e-20,9.872216163094829e-20,9.886379990369062e-20,9.900543817525918e-20,9.914707644565399e-20,9.928871471487505e-20,9.943035298292229e-20,9.957199124979576e-20,9.971362951549549e-20,9.985526778002145e-20,9.99969060433736e-20,1.0013854430555199e-19,1.0028018256655663e-19,1.0042182082638748e-19,1.0056345908504458e-19,1.007050973425279e-19,1.0084673559883745e-19,1.0098837385397323e-19,1.0113001210793526e-19,1.0127165036072346e-19,1.0141328861233796e-19,1.0155492686277867e-19,1.0169656511204558e-19,1.0183820336013874e-19,1.019798416070581e-19,1.0212147985280371e-19,1.022631180973756e-19,1.0240475634077366e-19,1.02546394582998e-19,1.0268803282404853e-19,1.028296710639253e-19,1.029713093026283e-19,1.0311294754015756e-19,1.03254585776513e-19,1.0339622401169471e-19,1.0353786224570263e-19,1.0367950047853675e-19,1.0382113871019714e-19,1.0396277694068373e-19,1.0410441516999657e-19,1.0424605339813561e-19,1.0438769162510091e-19,1.0452932985089242e-19,1.046709680755102e-19,1.0481260629895421e-19,1.049542445212244e-19,1.0509588274232086e-19,1.0523752096224355e-19,1.0537915918099245e-19,1.0552079739856761e-19,1.0566243561496898e-19,1.0580407383019661e-19,1.0594571204425041e-19,1.0608735025713047e-19,1.0622898846883676e-19,1.0637062667936925e-19,1.0651226488872806e-19,1.0665390309691305e-19,1.0679554130392425e-19,1.069371795097617e-19,1.070788177144254e-19,1.0722045591791531e-19,1.0736209412023149e-19,1.0750373232137383e-19,1.0764537052134242e-19,1.0778700872013727e-19,1.0792864691775837e-19,1.0807028511420563e-19,1.0821192330947919e-19,1.0835356150357896e-19,1.0849519969650494e-19,1.0863683788825714e-19,1.0877847607883558e-19,1.0892011426824026e-19,1.090617524564712e-19,1.0920339064352828e-19,1.0934502882941167e-19,1.0948666701412127e-19,1.0962830519765705e-19,1.0976994338001913e-19,1.0991158156120744e-19,1.1005321974122194e-19,1.1019485792006268e-19,1.1033649609772969e-19,1.104781342742229e-19,1.106197724495424e-19,1.1076141062368807e-19,1.1090304879666e-19,1.1104468696845819e-19,1.1118632513908255e-19,1.113279633085332e-19,1.1146960147681005e-19,1.1161123964391314e-19,1.117528778098424e-19,1.1189451597459797e-19,1.1203615413817978e-19,1.121777923005878e-19,1.1231943046182204e-19,1.1246106862188251e-19,1.1260270678076922e-19,1.1274434493848218e-19,1.128859830950213e-19,1.130276212503867e-19,1.1316925940457834e-19,1.133108975575962e-19,1.1345253570944028e-19,1.1359417386011064e-19,1.137358120096072e-19,1.1387745015793e-19,1.1401908830507902e-19,1.141607264510543e-19,1.1430236459585576e-19,1.144440027394835e-19,1.1458564088193748e-19,1.147272790232177e-19,1.148689171633241e-19,1.1501055530225677e-19,1.1515219344001567e-19,1.152938315766008e-19,1.1543546971201219e-19,1.1557710784624976e-19,1.157187459793136e-19,1.1586038411120367e-19,1.1600202224191997e-19,1.1614366037146249e-19,1.162852984998313e-19,1.1642693662702625e-19,1.1656857475304752e-19,1.1671021287789496e-19,1.1685185100156864e-19,1.1699348912406857e-19,1.1713512724539469e-19,1.172767653655471e-19,1.1741840348452572e-19,1.1756004160233056e-19,1.1770167971896167e-19,1.1784331783441902e-19,1.179849559487026e-19,1.1812659406181238e-19,1.1826823217374846e-19,1.184098702845107e-19,1.185515083940992e-19,1.1869314650251395e-19,1.188347846097549e-19,1.1897642271582212e-19,1.1911806082071557e-19,1.1925969892443522e-19,1.194013370269811e-19,1.195429751283532e-19,1.1968461322855158e-19,1.1982625132757618e-19,1.1996788942542706e-19,1.201095275221041e-19,1.202511656176074e-19,1.2039280371193698e-19,1.205344418050927e-19,1.2067607989707473e-19,1.2081771798788302e-19,1.2095935607751748e-19,1.2110099416597816e-19,1.2124263225326512e-19,1.2138427033937826e-19,1.2152590842431769e-19,1.2166754650808328e-19,1.218091845906752e-19,1.219508226720933e-19,1.220924607523376e-19,1.222340988314082e-19,1.2237573690930507e-19,1.225173749860281e-19,1.2265901306157738e-19,1.2280065113595291e-19,1.2294228920915466e-19,1.230839272811826e-19,1.2322556535203684e-19,1.2336720342171727e-19,1.2350884149022394e-19,1.236504795575569e-19,1.2379211762371608e-19,1.239337556887014e-19,1.2407539375251307e-19,1.2421703181515092e-19,1.2435866987661502e-19,1.2450030793690534e-19,1.2464194599602192e-19,1.2478358405396474e-19,1.2492522211073374e-19,1.2506686016632902e-19,1.252084982207505e-19,1.2535013627399822e-19,1.2549177432607218e-19,1.256334123769724e-19,1.2577505042669886e-19,1.2591668847525147e-19,1.2605832652263045e-19,1.261999645688356e-19,1.2634160261386692e-19,1.2648324065772457e-19,1.2662487870040837e-19,1.2676651674191842e-19,1.269081547822547e-19,1.2704979282141725e-19,1.2719143085940605e-19,1.2733306889622106e-19,1.2747470693186234e-19,1.2761634496632986e-19,1.2775798299962352e-19,1.2789962103174348e-19,1.280412590626897e-19,1.2818289709246204e-19,1.2832453512106072e-19,1.2846617314848562e-19,1.2860781117473676e-19,1.2874944919981408e-19,1.288910872237177e-19,1.2903272524644752e-19,1.2917436326800363e-19,1.293160012883859e-19,1.2945763930759443e-19,1.2959927732562924e-19,1.2974091534249022e-19,1.2988255335817752e-19,1.3002419137269098e-19,1.3016582938603067e-19,1.3030746739819666e-19,1.304491054091888e-19,1.3059074341900721e-19,1.3073238142765187e-19,1.3087401943512283e-19,1.3101565744141992e-19,1.311572954465433e-19,1.3129893345049287e-19,1.3144057145326875e-19,1.315822094548708e-19,1.3172384745529908e-19,1.3186548545455364e-19,1.3200712345263442e-19,1.3214876144954142e-19,1.3229039944527468e-19,1.3243203743983417e-19,1.3257367543321987e-19,1.327153134254318e-19,1.328569514164701e-19,1.3299858940633447e-19,1.331402273950251e-19,1.3328186538254203e-19,1.334235033688851e-19,1.3356514135405448e-19,1.3370677933805004e-19,1.3384841732087192e-19,1.3399005530252e-19,1.341316932829943e-19,1.3427333126229484e-19,1.3441496924042161e-19,1.3455660721737468e-19,1.3469824519315386e-19,1.3483988316775934e-19,1.3498152114119106e-19,1.3512315911344902e-19,1.3526479708453317e-19,1.3540643505444364e-19,1.3554807302318028e-19,1.3568971099074323e-19,1.358313489571323e-19,1.3597298692234764e-19,1.3611462488638925e-19,1.3625626284925715e-19,1.3639790081095124e-19,1.3653953877147152e-19,1.3668117673081805e-19,1.3682281468899089e-19,1.3696445264598987e-19,1.3710609060181515e-19,1.372477285564667e-19,1.373893665099444e-19,1.375310044622483e-19,1.3767264241337855e-19,1.3781428036333497e-19,1.3795591831211772e-19,1.380975562597266e-19,1.3823919420616173e-19,1.3838083215142314e-19,1.3852247009551078e-19,1.3866410803842465e-19,1.3880574598016469e-19,1.3894738392073106e-19,1.3908902186012365e-19,1.392306597983425e-19,1.3937229773538756e-19,1.3951393567125883e-19,1.3965557360595637e-19,1.3979721153948017e-19,1.3993884947183016e-19,1.4008048740300638e-19,1.4022212533300888e-19,1.4036376326183755e-19,1.4050540118949252e-19,1.4064703911597372e-19,1.407886770412812e-19,1.4093031496541486e-19,1.4107195288837477e-19,1.4121359081016096e-19,1.4135522873077333e-19,1.414968666502119e-19,1.4163850456847677e-19,1.416385045684768e-19,1.4163850456847677e-19,1.4163850456847677e-19
16,0.0,0.0,0.0,0.0,0.0,0.0,0.0,0.0,0.0,0.0,0.0,0.0,0.0,0.0,0.0,0.0,0.0,0.0,0.0,0.0,0.0,0.0,0.0,0.0,0.0,0.0,0.0,0.0,0.0,0.0,0.0,0.0,0.0,0.0,0.0,0.0,0.0,0.0,0.0,0.0,0.0,0.0,0.0,0.0,0.0,0.0,0.0,0.0,0.0,0.0,0.0,0.0,0.0,0.0,0.0,0.0,0.0,0.0,0.0,0.0,0.0,0.0,0.0,0.0,0.0,0.0,0.0,0.0,0.0,0.0,0.0,0.0,0.0,0.0,0.0,0.0,0.0,0.0,0.0,0.0,0.0,0.0,0.0,0.0,0.0,0.0,0.0,0.0,0.0,0.0,0.0,0.0,0.0,0.0,0.0,0.0,0.0,0.0,0.0,0.0,0.0,0.0,0.0,0.0,0.0,0.0,0.0,0.0,0.0,0.0,0.0,0.0,0.0,0.0,0.0,0.0,0.0,0.0,0.0,0.0,0.0,0.0,0.0,0.0,0.0,0.0,0.0,0.0,0.0,0.0,0.0,0.0,0.0,0.0,0.0,0.0,0.0,0.0,0.0,0.0,0.0,0.0,0.0,0.0,0.0,0.0,0.0,0.0,0.0,0.0,0.0,0.0,0.0,0.0,0.0,0.0,0.0,0.0,0.0,0.0,0.0,0.0,0.0,0.0,0.0,0.0,0.0,0.0,0.0,0.0,0.0,0.0,0.0,0.0,0.0,0.0,0.0,0.0,0.0,0.0,0.0,0.0,0.0,0.0,0.0,0.0,0.0,0.0,0.0,0.0,0.0,0.0,0.0,0.0,0.0,0.0,0.0,0.0,0.0,0.0,0.0,0.0,0.0,0.0,0.0,0.0,0.0,0.0,0.0,0.0,0.0,0.0,0.0,0.0,0.0,0.0,0.0,0.0,0.0,0.0,0.0,0.0,0.0,0.0,0.0,0.0,0.0,0.0,0.0,0.0,0.0,0.0,0.0,0.0,0.0,0.0,0.0,0.0,0.0,0.0,0.0,0.0,0.0,0.0,0.0,0.0,0.0,0.0,0.0,0.0,0.0,0.0,0.0,0.0,0.0,0.0,0.0,0.0,0.0,0.0,0.0,0.0,0.0,0.0,0.0,0.0,0.0,0.0,0.0,0.0,0.0,0.0,0.0,0.0,0.0,0.0,0.0,0.0,0.0,0.0,0.0,0.0,0.0,0.0,0.0,0.0,0.0,0.0,0.0,0.0,0.0,0.0,0.0,0.0,0.0,0.0,0.0,0.0,0.0,0.0,0.0,0.0,0.0,0.0,0.0,0.0,0.0,0.0,0.0,0.0,0.0,0.0,0.0,0.0,0.0,0.0,0.0,0.0,0.0,0.0,0.0,0.0,0.0,0.0,0.0,0.0,0.0,0.0,0.0,0.0,0.0,0.0,0.0,0.0,0.0,0.0,0.0,0.0,0.0,0.0,0.0,0.0,0.0,0.0,0.0,0.0,0.0,0.0,0.0,0.0,0.0,0.0,0.0,0.0,0.0,0.0,0.0,0.0,0.0,0.0,0.0,0.0,0.0,0.0,0.0,0.0,0.0,0.0,0.0,0.0,0.0,0.0,0.0,0.0,0.0,0.0,0.0,0.0,0.0,0.0,0.0,0.0,0.0,0.0,0.0,0.0,0.0,0.0,0.0,0.0,0.0,0.0,0.0,0.0,0.0,0.0,0.0,0.0,0.0,0.0,0.0,0.0,0.0,0.0,0.0,0.0,0.0,0.0,0.0,0.0,0.0,0.0,0.0,0.0,0.0,0.0,0.0,0.0,0.0,0.0,0.0,0.0,0.0,0.0,0.0,0.0,0.0,0.0,0.0,0.0,0.0,0.0,0.0,0.0,0.0,0.0,0.0,0.0,0.0,0.0,0.0,0.0,0.0,0.0,0.0,0.0,0.0,0.0,0.0,0.0,0.0,0.0,0.0,0.0,0.0,0.0,0.0,0.0,0.0,0.0,0.0,0.0,0.0,0.0,0.0,0.0,0.0,0.0,0.0,0.0,0.0,0.0,0.0,0.0,0.0,0.0,0.0,0.0,0.0,0.0,0.0,0.0,0.0,0.0,0.0,0.0,0.0,0.0,0.0,0.0,0.0,0.0,0.0,0.0,0.0,0.0,0.0,0.0,0.0,0.0,0.0,0.0,0.0,0.0,0.0,0.0,0.0,0.0,0.0,0.0,0.0,0.0,0.0,0.0,0.0,0.0,0.0,0.0,0.0,0.0,0.0,0.0,0.0,0.0,0.0,0.0,0.0,0.0,0.0,0.0,0.0,0.0,0.0,0.0,0.0,0.0,0.0,0.0,0.0,0.0,0.0,0.0,0.0,0.0,0.0,0.0,0.0,0.0,0.0,0.0,0.0,0.0,0.0,0.0,0.0,0.0,0.0,0.0,0.0,0.0,0.0,0.0,0.0,0.0,0.0,0.0,0.0,0.0,0.0,0.0,0.0,0.0,0.0,0.0,0.0,0.0,0.0,0.0,0.0,0.0,0.0,0.0,0.0,0.0,0.0,0.0,0.0,0.0,0.0,0.0,0.0,0.0,0.0,0.0,0.0,0.0,0.0,0.0,0.0,0.0,0.0,0.0,0.0,0.0,0.0,0.0,0.0,0.0,0.0,0.0,0.0,0.0,0.0,0.0,0.0,0.0,0.0,0.0,0.0,0.0,0.0,0.0,0.0,0.0,0.0,0.0,0.0,0.0,0.0,0.0,0.0,0.0,0.0,0.0,0.0,0.0,0.0,0.0,0.0,0.0,0.0,0.0,0.0,0.0,0.0,0.0,0.0,0.0,0.0,0.0,0.0,0.0,0.0,0.0,0.0,0.0,0.0,0.0,0.0,0.0,0.0,0.0,0.0,0.0,0.0,0.0,0.0,0.0,0.0,0.0,0.0,0.0,0.0,0.0,0.0,0.0,0.0,0.0,0.0,0.0,0.0,0.0,0.0,0.0,0.0,0.0,0.0,0.0,0.0,0.0,0.0,0.0,0.0,0.0,0.0,0.0,0.0,0.0,0.0,0.0,0.0,0.0,0.0,0.0,0.0,0.0,0.0,0.0,0.0,0.0,0.0,0.0,0.0,0.0,0.0,0.0,0.0,0.0,0.0,0.0,0.0,0.0,0.0,0.0,0.0,0.0,0.0,0.0,0.0,0.0,0.0,0.0,0.0,0.0,0.0,0.0,0.0,0.0,0.0,0.0,0.0,0.0,0.0,0.0,0.0,0.0,0.0,0.0,0.0,0.0,0.0,0.0,0.0,0.0,0.0,0.0,0.0,0.0,0.0,0.0,0.0,0.0,0.0,0.0,0.0,0.0,0.0,0.0,0.0,0.0,0.0,0.0,0.0,0.0,0.0,0.0,0.0,0.0,0.0,0.0,0.0,0.0,0.0,0.0,0.0,0.0,0.0,0.0,0.0,0.0,0.0,0.0,0.0,0.0,0.0,0.0,0.0,0.0,0.0,0.0,0.0,0.0,0.0,0.0,0.0,0.0,0.0,0.0,0.0,0.0,0.0,0.0,0.0,0.0,0.0,0.0,0.0,0.0,0.0,0.0,0.0,0.0,0.0,0.0,0.0,0.0,0.0,0.0,0.0,0.0,0.0,0.0,0.0,0.0,0.0,0.0,0.0,0.0,0.0,0.0,0.0,0.0,0.0,0.0,0.0,0.0,0.0,0.0,0.0,0.0,0.0,0.0,0.0,0.0,0.0,0.0,0.0,0.0,0.0,0.0,0.0,0.0,0.0,0.0,0.0,0.0,0.0,0.0,0.0,0.0,0.0,0.0,0.0,0.0,0.0,0.0,0.0,0.0,0.0,0.0,0.0,0.0,0.0,0.0,0.0,0.0,0.0,0.0,0.0,0.0,0.0,0.0,0.0,0.0,0.0,0.0,0.0,0.0,0.0,0.0,0.0,0.0,0.0,0.0,0.0,0.0,0.0,0.0,0.0,0.0,0.0,0.0,0.0,0.0,0.0,0.0,0.0,0.0,0.0,0.0,0.0,0.0,0.0,0.0,0.0,0.0,0.0,0.0,0.0,0.0,0.0,0.0,0.0,0.0,0.0,0.0,0.0,0.0,0.0,0.0,0.0,0.0,0.0,0.0,0.0,0.0,0.0,0.0,0.0,0.0,0.0,0.0,0.0,0.0,0.0,0.0,0.0,0.0,0.0,0.0,0.0,0.0,0.0,0.0,0.0,0.0,0.0,0.0,0.0,0.0,0.0,0.0,0.0,0.0,0.0,0.0,0.0,0.0,0.0,0.0,0.0,0.0,0.0,0.0,0.0,0.0,0.0,0.0,0.0,0.0,0.0,0.0,0.0,0.0,0.0,0.0,0.0,0.0,0.0,0.0,8.568213462685409e-35,1.045798570666893e-34,1.0934629437493083e-34,1.1112585572933056e-34,1.1227488724134205e-34,1.1329042564412215e-34,1.1427682585354275e-34,1.1525587454057171e-34,1.1623217428064008e-34,1.1720682529878158e-34,1.1818023366942573e-34,1.1915266078599768e-34,1.2012431921284226e-34,1.2109538579834114e-34,1.2206600401896854e-34,1.2303628711176804e-34,1.2400632245805943e-34,1.2497617630917642e-34,1.2594589820266556e-34,1.269155247675782e-34,1.2788508284169045e-34,1.2885459193954318e-34,1.2982406615964179e-34,1.3079351563150348e-34,1.3176294759832183e-34,1.3273236721775237e-34,1.3370177814888493e-34,1.3467118297918863e-34,1.3564058353296792e-34,1.3660998109308074e-34,1.3757937655949252e-34,1.3854877056220304e-34,1.3951816354134534e-34,1.4048755580387722e-34,1.414569475635083e-34,1.4242633896881486e-34,1.4339573012295268e-34,1.4436512109743775e-34,1.4533451194182776e-34,1.4630390269040098e-34,1.4727329336687235e-34,1.4824268398763488e-34,1.4921207456401459e-34,1.5018146510383808e-34,1.5115085561251598e-34,1.52120246093809e-34,1.5308963655032187e-34,1.540590269838847e-34,1.5502841739577005e-34,1.559978077868854e-34,1.569671981578901e-34,1.5793658850925173e-34,1.5890597884134703e-34,1.598753691544476e-34,1.6084475944879095e-34,1.61814149724563e-34,1.6278353998192717e-34,1.6375293022103902e-34,1.6472232044202435e-34,1.656917106450172e-34,1.666611008301535e-34,1.676304909975585e-34,1.6859988114734694e-34,1.6956927127965392e-34,1.7053866139459406e-34,1.7150805149231124e-34,1.7247744157291972e-34,1.7344683163655404e-34,1.7441622168334369e-34,1.7538561171341754e-34,1.763550017269188e-34,1.7732439172397705e-34,1.7829378170472978e-34,1.7926317166932182e-34,1.8023256161788509e-34,1.8120195155057208e-34,1.821713414675286e-34,1.8314073136890037e-34,1.8411012125482761e-34,1.8507951112547312e-34,1.8604890098098035e-34,1.8701829082151747e-34,1.8798768064721717e-34,1.8895707045825275e-34,1.8992646025478325e-34,1.9089585003696527e-34,1.9186523980497125e-34,1.928346295589655e-34,1.938040192991178e-34,1.9477340902556865e-34,1.957427987385258e-34,1.9671218843813767e-34,1.9768157812459127e-34,1.9865096779805074e-34,1.996203574587099e-34,2.005897471067381e-34,2.0155913674232267e-34,2.025285263656411e-34,2.03497915976887e-34,2.0446730557623966e-34,2.054366951638912e-34,2.064060847400286e-34,2.073754743048577e-34,2.0834486385854717e-34,2.093142534013128e-34,2.1028364293334672e-34,2.112530324548537e-34,2.122224219660275e-34,2.1319181146707956e-34,2.141612009582033e-34,2.1513059043961267e-34,2.160999799115201e-34,2.170693693741334e-34,2.1803875882766204e-34,2.190081482723175e-34,2.199775377083184e-34,2.2094692713587683e-34,2.219163165552251e-34,2.2288570596657876e-34,2.238550953701653e-34,2.2482448476620675e-34,2.2579387415490838e-34,2.2676326353652384e-34,2.2773265291127487e-34,2.287020422793854e-34,2.2967143164109025e-34,2.3064082099663594e-34,2.316102103462534e-34,2.325795996901799e-34,2.335489890286556e-34,2.3451837836193234e-34,2.3548776769024377e-34,2.3645715701383333e-34,2.374265463329509e-34,2.383959356478422e-34,2.3936532495876876e-34,2.4033471426597834e-34,2.413041035697119e-34,2.4227349287024567e-34,2.4324288216783394e-34,2.442122714627182e-34,2.4518166075518723e-34,2.461510500454888e-34,2.471204393338854e-34,2.4808982862064366e-34,2.490592179060339e-34,2.500286071903276e-34,2.509979964737899e-34,2.5196738575670473e-34,2.5293677503933753e-34,2.5390616432197363e-34,2.548755536048787e-34,2.558449428883608e-34,2.568143321726667e-34,2.577837214581056e-34,2.5875311074495056e-34,2.5972250003349496e-34,2.606918893240057e-34,2.6166127861679943e-34,2.6263066791216597e-34,2.6360005721038783e-34,2.6456944651176536e-34,2.655388358165943e-34,2.665082251251784e-34,2.6747761443781743e-34,2.684470037547969e-34,2.694163930764501e-34,2.703857824030653e-34,2.713551717349448e-34,2.723245610724139e-34,2.7329395041576815e-34,2.7426333976532716e-34,2.7523272912142015e-34,2.7620211848433554e-34,2.7717150785440838e-34,2.781408972319445e-34,2.7911028661728256e-34,2.80079676010726e-34,2.8104906541260667e-34,2.8201845482325353e-34,2.829878442429954e-34,2.8395723367215606e-34,2.849266231110722e-34,2.8589601256007573e-34,2.868654020194896e-34,2.8783479148966474e-34,2.888041809709186e-34,2.8977357046359505e-34,2.90742959968055e-34,2.9171234948463064e-34,2.9268173901365044e-34,2.9365112855548857e-34,2.9462051811046207e-34,2.9558990767893928e-34,2.9655929726127787e-34,2.9752868685782073e-34,2.9849807646891323e-34,2.994674660949167e-34,3.004368557361916e-34,3.014062453930972e-34,3.023756350659833e-34,3.033450247552306e-34,3.043144144611945e-34,3.0528380418422006e-34,3.0625319392470995e-34,3.072225836830147e-34,3.0819197345950193e-34,3.0916136325454265e-34,3.101307530685196e-34,3.1110014290180936e-34,3.120695327547781e-34,3.1303892262780737e-34,3.1400831252128315e-34,3.1497770243557925e-34,3.1594709237108376e-34,3.1691648232818793e-34,3.1788587230726444e-34,3.188552623087111e-34,3.1982465233291424e-34,3.2079404238026497e-34,3.217634324511522e-34,3.2273282254598542e-34,3.2370221266514115e-34,3.2467160280902197e-34,3.2564099297803203e-34,3.266103831725828e-34,3.2757977339305263e-34,3.2854916363986358e-34,3.2951855391341043e-34,3.304879442141125e-34,3.3145733454237972e-34,3.324267248986041e-34,3.33396115283203e-34,3.343655056966098e-34,3.3533489613922556e-34,3.3630428661146536e-34,3.3727367711374173e-34,3.3824306764649463e-34,3.392124582101312e-34,3.401818488050762e-34,3.4115123943176154e-34,3.421206300905972e-34,3.430900207820276e-34,3.4405941150646902e-34,3.450288022643669e-34,3.4599819305614944e-34,3.469675838822348e-34,3.4793697474308513e-34,3.4890636563911594e-34,3.4987575657077324e-34,3.508451475385072e-34,3.5181453854273957e-34,3.527839295839322e-34,3.5375332066252087e-34,3.547227117789594e-34,3.556921029336902e-34,3.5666149412716206e-34,3.5763088535984536e-34,3.586002766321511e-34,3.5956966794457055e-34,3.605390592975382e-34,3.615084506915295e-34,3.6247784212698608e-34,3.6344723360438066e-34,3.6441662512417496e-34,3.653860166868231e-34,3.6635540829279156e-34,3.673247999425679e-34,3.682941916366052e-34,3.6926358337537025e-34,3.702329751593267e-34,3.7120236698896616e-34,3.7217175886475886e-34,3.7314115078716967e-34,3.7411054275667477e-34,3.7507993477377496e-34,3.7604932683893304e-34,3.7701871895263653e-34,3.7798811111535207e-34,3.789575033275884e-34,3.7992689558982313e-34,3.8089628790254457e-34,3.818656802662507e-34,3.8283507268141932e-34,3.8380446514854676e-34,3.847738576681332e-34,3.857432502406676e-34,3.867126428666449e-34,3.876820355465612e-34,3.8865142828093005e-34,3.896208210702374e-34,3.905902139150072e-34,3.915596068157069e-34,3.92528999772872e-34,3.9349839278701086e-34,3.944677858586372e-34,3.9543717898823755e-34,3.964065721763522e-34,3.973759654234709e-34,3.983453587301229e-34,3.993147520968215e-34,4.0028414552408584e-34,4.012535390124256e-34,4.0222293256236865e-34,4.031923261744464e-34,4.0416171984917675e-34,4.051311135870852e-34,4.061005073886709e-34,4.070699012545048e-34,4.080392951851076e-34,4.090086891809932e-34,4.099780832427067e-34,4.109474773707499e-34,4.1191687156571665e-34,4.128862658281112e-34,4.138556601584841e-34,4.1482505455735785e-34,4.1579444902529335e-34,4.167638435628247e-34,4.177332381704862e-34,4.187026328488417e-34,4.196720275984291e-34,4.206414224198049e-34,4.216108173135133e-34,4.225802122801033e-34,4.2354960732012865e-34,4.245190024341382e-34,4.2548839762271065e-34,4.26457792886387e-34,4.274271882257272e-34,4.28396583641293e-34,4.293659791336436e-34,4.3033537470334665e-34,4.313047703509658e-34,4.3227416607705925e-34,4.332435618822141e-34,4.3421295776698755e-34,4.35182353731948e-34,4.361517497776668e-34,4.371211459047224e-34,4.380905421136833e-34,4.390599384051446e-34,4.4002933477966745e-34,4.40998731237843e-34,4.419681277802419e-34,4.429375244074326e-34,4.439069211200288e-34,4.44876317918582e-34,4.458457148037154e-34,4.468151117759767e-34,4.477845088359968e-34,4.487539059843312e-34,4.497233032215872e-34,4.506927005483554e-34,4.516620979652411e-34,4.526314954728329e-34,4.536008930717336e-34,4.5457029076252635e-34,4.555396885458114e-34,4.56509086422212e-34,4.574784843923046e-34,4.584478824567045e-34,4.594172806160307e-34,4.603866788708848e-34,4.613560772218832e-34,4.623254756696061e-34,4.632948742146872e-34,4.6426427285774816e-34,4.652336715993754e-34,4.662030704402123e-34,4.671724693808596e-34,4.681418684219391e-34,4.691112675640823e-34,4.7008066680789565e-34,4.710500661540121e-34,4.72019465603044e-34,4.729888651556432e-34,4.739582648123994e-34,4.749276645739532e-34,4.75897064440946e-34,4.768664644139999e-34,4.778358644937495e-34,4.788052646808468e-34,4.797746649758934e-34,4.8074406537955285e-34,4.817134658924431e-34,4.8268286651521645e-34,4.836522672485094e-34,4.846216680929627e-34,4.855910690492348e-34,4.8656047011793236e-34,4.875298712997327e-34,4.884992725952787e-34,4.8946867400522274e-34,4.904380755302037e-34,4.914074771708671e-34,4.923768789278886e-34,4.933462808019092e-34,4.9431568279358314e-34,4.9528508490357354e-34,4.962544871325245e-34,4.972238894811183e-34,4.981932919500038e-34,4.991626945398478e-34,5.001320972513053e-34,5.011015000850557e-34,5.02070903041749e-34,5.0304030612205345e-34,5.040097093266458e-34,5.049791126562037e-34,5.05948516111392e-34,5.069179196928788e-34,5.078873234013275e-34,5.088567272374457e-34,5.098261312018867e-34,5.107955352953148e-34,5.117649395184568e-34,5.127343438719557e-34,5.137037483565172e-34,5.146731529727938e-34,5.156425577214997e-34,5.166119626033074e-34,5.17581367618916e-34,5.185507727690087e-34,5.195201780542583e-34,5.204895834753953e-34,5.214589890330779e-34,5.224283947280017e-34,5.233978005608857e-34,5.243672065324036e-34,5.253366126432608e-34,5.263060188941536e-34,5.2727542528578615e-34,5.282448318188885e-34,5.292142384941271e-34,5.301836453122152e-34,5.311530522738619e-34,5.321224593797858e-34,5.330918666306731e-34,5.340612740272403e-34,5.350306815702125e-34,5.360000892602845e-34,5.369694970981857e-34,5.3793890508462475e-34,5.38908313220323e-34,5.3987772150598505e-34,5.4084712994234965e-34,5.418165385301172e-34,5.427859472700195e-34,5.437553561627854e-34,5.447247652091378e-34,5.4569417440978965e-34,5.466635837654807e-34,5.476329932769262e-34,5.4860240294487085e-34,5.4957181277000065e-34,5.505412227531047e-34,5.515106328948892e-34,5.5248004319609855e-34,5.534494536574458e-34,5.544188642796928e-34,5.553882750635687e-34,5.5635768600981055e-34,5.573270971191682e-34,5.582965083924135e-34,5.5926591983019955e-34,5.602353314333516e-34,5.612047432025785e-34,5.621741551386376e-34,5.6314356724230145e-34,5.641129795142854e-34,5.650823919553429e-34,5.660518045662436e-34,5.670212173477441e-34,5.679906303005852e-34,5.689600434255259e-34,5.6992945672332545e-34,5.708988701947479e-34,5.718682838405341e-34,5.728376976614756e-34,5.738071116582954e-34,5.747765258317837e-34,5.757459401827052e-34,5.7671535471181255e-34,5.776847694198812e-34,5.786541843076766e-34,5.79623599375974e-34,5.805930146255425e-34,5.815624300571539e-34,5.8253184567154825e-34,5.835012614695609e-34,5.844706774519397e-34,5.8544009361945555e-34,5.86409509972889e-34,5.873789265130443e-34,5.883483432406685e-34,5.8931776015660864e-34,5.9028717726152845e-34,5.9125659455626706e-34,5.922260120416405e-34,5.9319542971842325e-34,5.941648475873995e-34,5.951342656493535e-34,5.961036839050926e-34,5.97073102355383e-34,5.980425210010481e-34,5.990119398428576e-34,5.999813588816176e-34,6.009507781181114e-34,6.019201975531651e-34,6.028896171875355e-34,6.0385903702205315e-34,6.0482845705750764e-34,6.057978772947255e-34,6.067672977345033e-34,6.077367183776424e-34,6.087061392249268e-34,6.096755602771667e-34,6.106449815352051e-34,6.116144029998513e-34,6.1258382467187674e-34,6.1355324655211065e-34,6.145226686413793e-34,6.154920909404913e-34,6.1646151345023405e-34,6.174309361714735e-34,6.184003591050159e-34,6.1936978225167e-34,6.203392056122418e-34,6.213086291875892e-34,6.222780529785029e-34,6.232474769858306e-34,6.242169012103777e-34,6.251863256529736e-34,6.261557503144538e-34,6.271251751956511e-34,6.280946002973868e-34,6.290640256205015e-34,6.3003345116583435e-34,6.3100287693421725e-34,6.319723029264696e-34,6.329417291434247e-34,6.339111555859347e-34,6.348805822548234e-34,6.358500091509448e-34,6.368194362751408e-34,6.377888636282637e-34,6.387582912111189e-34,6.39727719024568e-34,6.4069714706947225e-34,6.416665753466764e-34,6.4263600385704015e-34,6.436054326013561e-34,6.445748615805343e-34,6.4554429079538734e-34,6.465137202467927e-34,6.47483149935599e-34,6.484525798626605e-34,6.49422010028838e-34,6.503914404349623e-34,6.513608710819274e-34,6.523303019705846e-34,6.532997331017772e-34,6.542691644763843e-34,6.552385960952494e-34,6.562080279592419e-34,6.571774600692505e-34,6.581468924261121e-34,6.591163250307148e-34,6.600857578839139e-34,6.61055190986591e-34,6.62024624339631e-34,6.629940579438668e-34,6.6396349180018865e-34,6.649329259094726e-34,6.6590236027261415e-34,6.668717948904552e-34,6.678412297638944e-34,6.688106648938054e-34,6.697801002810868e-34,6.707495359266097e-34,6.717189718312532e-34,6.726884079958862e-34,6.7365784442139905e-34,6.746272811086932e-34,6.755967180586516e-34,6.76566155272149e-34,6.77535592750076e-34,6.785050304933387e-34,6.79474468502828e-34,6.804439067794187e-34,6.81413345324008e-34,6.823827841375125e-34,6.833522232208188e-34,6.843216625748202e-34,6.852911022004086e-34,6.862605420984904e-34,6.872299822699771e-34,6.881994227157406e-34,6.891688634366891e-34,6.901383044337497e-34,6.911077457078127e-34,6.920771872597569e-34,6.930466290905765e-34,6.94016071201077e-34,6.949855135922644e-34,6.9595495626494805e-34,6.9692439922008495e-34,6.978938424586e-34,6.988632859814104e-34,6.99832729789457e-34,7.008021738835517e-34,7.0177161826469714e-34,7.027410629337891e-34,7.037105078917538e-34,7.046799531395017e-34,7.056493986779724e-34,7.066188445080828e-34,7.07588290630743e-34,7.085577370469047e-34,7.095271837574754e-34,7.104966307633513e-34,7.114660780655076e-34,7.124355256648393e-34,7.134049735623072e-34,7.143744217588322e-34,7.1534387025534846e-34,7.163133190527786e-34,7.172827681520531e-34,7.182522175541253e-34,7.192216672599234e-34,7.201911172703983e-34,7.211605675864675e-34,7.221300182090812e-34,7.230994691391789e-34,7.240689203777176e-34,7.2503837192562305e-34,7.260078237838362e-34,7.269772759533117e-34,7.279467284349917e-34,7.289161812298274e-34,7.2988563433877535e-34,7.308550877627747e-34,7.318245415027615e-34,7.327939955597213e-34,7.33763449934578e-34,7.347329046282952e-34,7.3570235964181686e-34,7.366718149761064e-34,7.3764127063215375e-34,7.386107266108948e-34,7.395801829132455e-34,7.4054963954021385e-34,7.415190964927578e-34,7.424885537718293e-34,7.4345801137838895e-34,7.444274693134157e-34,7.4539692757784855e-34,7.463663861726822e-34,7.473358450988833e-34,7.48305304357403e-34,7.492747639491927e-34,7.5024422387529525e-34,7.512136841366279e-34,7.5218314473415795e-34,7.531526056688777e-34,7.5412206694175965e-34,7.55091528553776e-34,7.560609905059226e-34,7.570304527991571e-34,7.579999154344502e-34,7.589693784127911e-34,7.599388417351651e-34,7.609083054025566e-34,7.618777694159485e-34,7.6284723377632565e-34,7.6381669848468305e-34,7.647861635419714e-34,7.6575562894920365e-34,7.667250947073692e-34,7.676945608174545e-34,7.686640272804512e-34,7.696334940973378e-34,7.706029612691255e-34,7.715724287968019e-34,7.725418966813556e-34,7.735113649237928e-34,7.74480833525088e-34,7.75450302486272e-34,7.764197718083351e-34,7.773892414922522e-34,7.783587115390643e-34,7.793281819497417e-34,7.802976527252966e-34,7.81267123866715e-34,7.822365953750287e-34,7.832060672512282e-34,7.841755394963162e-34,7.851450121113232e-34,7.86114485097254e-34,7.870839584551048e-34,7.880534321858772e-34,7.890229062906012e-34,7.899923807702746e-34,7.909618556259485e-34,7.919313308585925e-34,7.929008064692278e-34,7.93870282458891e-34,7.948397588286067e-34,7.958092355793457e-34,7.967787127121799e-34,7.977481902281127e-34,7.987176681281692e-34,7.996871464133603e-34,8.006566250847231e-34,8.016261041432811e-34,8.025955835900725e-34,8.035650634260673e-34,8.045345436523597e-34,8.05504024269935e-34,8.064735052798436e-34,8.074429866831304e-34,8.084124684808016e-34,8.09381950673902e-34,8.103514332634631e-34,8.113209162505124e-34,8.122903996361006e-34,8.13259883421241e-34,8.142293676069934e-34,8.151988521943813e-34,8.161683371844733e-34,8.171378225782676e-34,8.181073083768401e-34,8.190767945812302e-34,8.200462811924601e-34,8.210157682115829e-34,8.219852556396546e-34,8.229547434777074e-34,8.23924231726807e-34,8.248937203879914e-34,8.258632094623045e-34,8.268326989508171e-34,8.278021888545263e-34,8.287716791745487e-34,8.29741169911908e-34,8.307106610676593e-34,8.316801526428751e-34,8.326496446385878e-34,8.336191370558619e-34,8.345886298957691e-34,8.35558123159348e-34,8.36527616847659e-34,8.374971109617964e-34,8.384666055027816e-34,8.394361004717026e-34,8.404055958696096e-34,8.413750916975644e-34,8.423445879566264e-34,8.433140846479008e-34,8.442835817724328e-34,8.4525307933129e-34,8.46222577325526e-34,8.471920757562422e-34,8.481615746244726e-34,8.491310739313199e-34,8.501005736778403e-34,8.510700738651155e-34,8.520395744942428e-34,8.530090755662941e-34,8.539785770823146e-34,8.549480790433885e-34,8.559175814505903e-34,8.568870843050431e-34,8.578565876077785e-34,8.588260913598973e-34,8.597955955624994e-34,8.607651002166387e-34,8.617346053234638e-34,8.627041108839806e-34,8.636736168993396e-34,8.646431233706333e-34,8.656126302988272e-34,8.665821376850811e-34,8.675516455305087e-34,8.685211538362169e-34,8.694906626032464e-34,8.704601718327796e-34,8.71429681525805e-34,8.723991916834576e-34,8.733687023068074e-34,8.743382133970008e-34,8.753077249551037e-34,8.76277236982217e-34,8.772467494794852e-34,8.782162624479627e-34,8.791857758887516e-34,8.801552898029563e-34,8.811248041916791e-34,8.820943190560428e-34,8.830638343971377e-34,8.840333502160634e-34,8.850028665139605e-34,8.859723832919245e-34,8.869419005510386e-34,8.879114182924478e-34,8.888809365171999e-34,8.898504552265071e-34,8.908199744213915e-34,8.917894941029856e-34,8.927590142724323e-34,8.937285349308099e-34,8.94698056079264e-34,8.956675777189046e-34,8.966370998508467e-34,8.97606622476224e-34,8.985761455961306e-34,8.995456692116163e-34,9.005151933239822e-34,9.014847179342395e-34,9.024542430435263e-34,9.034237686529623e-34,9.043932947636528e-34,9.053628213767483e-34,9.06332348493403e-34,9.073018761146808e-34,9.08271404241747e-34,9.092409328757415e-34,9.102104620177565e-34,9.11179991668971e-34,9.121495218304768e-34,9.131190525034434e-34,9.140885836889712e-34,9.15058115388217e-34,9.160276476023036e-34,9.169971803323828e-34,9.179667135795691e-34,9.189362473450027e-34,9.199057816298337e-34,9.208753164352165e-34,9.218448517622845e-34,9.228143876121444e-34,9.237839239859866e-34,9.247534608849466e-34,9.25722998310129e-34,9.266925362627286e-34,9.276620747438481e-34,9.286316137546718e-34,9.296011532963305e-34,9.305706933699525e-34,9.315402339767628e-34,9.32509775117871e-34,9.334793167943947e-34,9.34448859007491e-34,9.354184017583304e-34,9.363879450480391e-34,9.37357488877834e-34,9.383270332488275e-34,9.392965781622074e-34,9.402661236191003e-34,9.412356696207075e-34,9.422052161680803e-34,9.431747632624957e-34,9.441443109050922e-34,9.451138590969998e-34,9.460834078393807e-34,9.47052957133428e-34,9.480225069802825e-34,9.48992057381118e-34,9.499616083371142e-34,9.509311598494166e-34,9.519007119192103e-34,9.52870264547634e-34,9.538398177358708e-34,9.548093714851077e-34,9.557789257964875e-34,9.567484806712277e-34,9.577180361104658e-34,9.586875921153636e-34,9.596571486871179e-34,9.606267058269028e-34,9.615962635359029e-34,9.625658218153047e-34,9.63535380666249e-34,9.645049400899427e-34,9.654745000875455e-34,9.664440606602323e-34,9.674136218092372e-34,9.683831835356993e-34,9.693527458408075e-34,9.703223087257322e-34,9.71291872191684e-34,9.722614362398267e-34,9.73231000871364e-34,9.742005660874788e-34,9.751701318893626e-34,9.761396982781909e-34,9.771092652551544e-34,9.780788328214704e-34,9.790484009783227e-34,9.800179697268892e-34,9.80987539068355e-34,9.819571090039207e-34,9.829266795348047e-34,9.838962506621369e-34,9.84865822387181e-34,9.858353947111145e-34,9.868049676351321e-34,9.877745411604457e-34,9.887441152882742e-34,9.897136900197361e-34,9.906832653560827e-34,9.916528412985496e-34,9.926224178481824e-34,9.93591995006485e-34,9.945615727744725e-34,9.95531151153332e-34,9.96500730144295e-34,9.974703097485634e-34,9.984398899673467e-34,9.994094708018722e-34,1.0003790522533774e-33,1.0013486343230437e-33,1.0023182170120564e-33,1.0032878003216663e-33,1.0042573842530845e-33,1.0052269688074656e-33,1.0061965539860416e-33,1.0071661397900629e-33,1.0081357262207291e-33,1.0091053132792795e-33,1.0100749009669431e-33,1.0110444892849179e-33,1.01201407823439e-33,1.0129836678165986e-33,1.0139532580327255e-33,1.0149228488840942e-33,1.0158924403718559e-33,1.0168620324972411e-33,1.0178316252614824e-33,1.0188012186658048e-33,1.0197708127114353e-33,1.0207404073995977e-33,1.0217100027315356e-33,1.0226795987084466e-33,1.0236491953315826e-33,1.0246187926021145e-33,1.0255883905213728e-33,1.0265579890905442e-33,1.0275275883108394e-33,1.028497188183469e-33,1.0294667887097536e-33,1.0304363898908531e-33,1.0314059917280342e-33,1.0323755942225347e-33,1.0333451973755833e-33,1.0343148011884108e-33,1.0352844056622684e-33,1.0362540107983576e-33,1.0372236165979799e-33,1.0381932230623487e-33,1.0391628301927254e-33,1.0401324379902753e-33,1.0411020464563137e-33,1.042071655592065e-33,1.043041265398758e-33,1.0440108758776655e-33,1.0449804870300283e-33,1.0459500988570924e-33,1.0469197113601026e-33,1.0478893245402972e-33,1.0488589383989252e-33,1.049828552937227e-33,1.0507981681565142e-33,1.051767784057939e-33,1.05273740064285e-33,1.0537070179124526e-33,1.0546766358680012e-33,1.0556462545107629e-33,1.0566158738419944e-33,1.0575854938629579e-33,1.0585551145748896e-33,1.0595247359790517e-33,1.0604943580767052e-33,1.061463980869096e-33,1.0624336043575115e-33,1.0634032285431883e-33,1.064372853427399e-33,1.0653424790114095e-33,1.0663121052964585e-33,1.0672817322838586e-33,1.0682513599748291e-33,1.0692209883706561e-33,1.0701906174725917e-33,1.071160247281914e-33,1.0721298777998872e-33,1.0730995090277771e-33,1.0740691409668595e-33,1.075038773618388e-33,1.0760084069836527e-33,1.076978041063916e-33,9.70404512909341e-34,9.342533938853486e-34,9.175143222037348e-34
17,0.0,0.0,0.0,0.0,0.0,0.0,0.0,0.0,0.0,0.0,0.0,0.0,0.0,0.0,0.0,0.0,0.0,0.0,0.0,0.0,0.0,0.0,0.0,0.0,0.0,0.0,0.0,0.0,0.0,0.0,0.0,0.0,0.0,0.0,0.0,0.0,0.0,0.0,0.0,0.0,0.0,0.0,0.0,0.0,0.0,0.0,0.0,0.0,0.0,0.0,0.0,0.0,0.0,0.0,0.0,0.0,0.0,0.0,0.0,0.0,0.0,0.0,0.0,0.0,0.0,0.0,0.0,0.0,0.0,0.0,0.0,0.0,0.0,0.0,0.0,0.0,0.0,0.0,0.0,0.0,0.0,0.0,0.0,0.0,0.0,0.0,0.0,0.0,0.0,0.0,0.0,0.0,0.0,0.0,0.0,0.0,0.0,0.0,0.0,0.0,0.0,0.0,0.0,0.0,0.0,0.0,0.0,0.0,0.0,0.0,0.0,0.0,0.0,0.0,0.0,0.0,0.0,0.0,0.0,0.0,0.0,0.0,0.0,0.0,0.0,0.0,0.0,0.0,0.0,0.0,0.0,0.0,0.0,0.0,0.0,0.0,0.0,0.0,0.0,0.0,0.0,0.0,0.0,0.0,0.0,0.0,0.0,0.0,0.0,0.0,0.0,0.0,0.0,0.0,0.0,0.0,0.0,0.0,0.0,0.0,0.0,0.0,0.0,0.0,0.0,0.0,0.0,0.0,0.0,0.0,0.0,0.0,0.0,0.0,0.0,0.0,0.0,0.0,0.0,0.0,0.0,0.0,0.0,0.0,0.0,0.0,0.0,0.0,0.0,0.0,0.0,0.0,0.0,0.0,0.0,0.0,0.0,0.0,0.0,0.0,0.0,0.0,0.0,0.0,0.0,0.0,0.0,0.0,0.0,0.0,0.0,0.0,0.0,0.0,0.0,0.0,0.0,0.0,0.0,0.0,0.0,0.0,0.0,0.0,0.0,0.0,0.0,0.0,0.0,0.0,0.0,0.0,0.0,0.0,0.0,0.0,0.0,0.0,0.0,0.0,0.0,0.0,0.0,0.0,0.0,0.0,0.0,0.0,0.0,0.0,0.0,0.0,0.0,0.0,0.0,0.0,0.0,0.0,0.0,0.0,0.0,0.0,0.0,0.0,0.0,0.0,0.0,0.0,0.0,0.0,0.0,0.0,0.0,0.0,0.0,0.0,0.0,0.0,0.0,0.0,0.0,0.0,0.0,0.0,0.0,0.0,0.0,0.0,0.0,0.0,0.0,0.0,0.0,0.0,0.0,0.0,0.0,0.0,0.0,0.0,0.0,0.0,0.0,0.0,0.0,0.0,0.0,0.0,0.0,0.0,0.0,0.0,0.0,0.0,0.0,0.0,0.0,0.0,0.0,0.0,0.0,0.0,0.0,0.0,0.0,0.0,0.0,0.0,0.0,0.0,0.0,0.0,0.0,0.0,0.0,0.0,0.0,0.0,0.0,0.0,0.0,0.0,0.0,0.0,0.0,0.0,0.0,0.0,0.0,0.0,0.0,0.0,0.0,0.0,0.0,0.0,0.0,0.0,0.0,0.0,0.0,0.0,0.0,0.0,0.0,0.0,0.0,0.0,0.0,0.0,0.0,0.0,0.0,0.0,0.0,0.0,0.0,0.0,0.0,0.0,0.0,0.0,0.0,0.0,0.0,0.0,0.0,0.0,0.0,0.0,0.0,0.0,0.0,0.0,0.0,0.0,0.0,0.0,0.0,0.0,0.0,0.0,0.0,0.0,0.0,0.0,0.0,0.0,0.0,0.0,0.0,0.0,0.0,0.0,0.0,0.0,0.0,0.0,0.0,0.0,0.0,0.0,0.0,0.0,0.0,0.0,0.0,0.0,0.0,0.0,0.0,0.0,0.0,0.0,0.0,0.0,0.0,0.0,0.0,0.0,0.0,0.0,0.0,0.0,0.0,0.0,0.0,0.0,0.0,0.0,0.0,0.0,0.0,0.0,0.0,0.0,0.0,0.0,0.0,0.0,0.0,0.0,0.0,0.0,0.0,0.0,0.0,0.0,0.0,0.0,0.0,0.0,0.0,0.0,0.0,0.0,0.0,0.0,0.0,0.0,0.0,0.0,0.0,0.0,0.0,0.0,0.0,0.0,0.0,0.0,0.0,0.0,0.0,0.0,0.0,0.0,0.0,0.0,0.0,0.0,0.0,0.0,0.0,0.0,0.0,0.0,0.0,0.0,0.0,0.0,0.0,0.0,0.0,0.0,0.0,0.0,0.0,0.0,0.0,0.0,0.0,0.0,0.0,0.0,0.0,0.0,0.0,0.0,0.0,0.0,0.0,0.0,0.0,0.0,0.0,0.0,0.0,0.0,0.0,0.0,0.0,0.0,0.0,0.0,0.0,0.0,0.0,0.0,0.0,0.0,0.0,0.0,0.0,0.0,0.0,0.0,0.0,0.0,0.0,0.0,0.0,0.0,0.0,0.0,0.0,0.0,0.0,0.0,0.0,0.0,0.0,0.0,0.0,0.0,0.0,0.0,0.0,0.0,0.0,0.0,0.0,0.0,0.0,0.0,0.0,0.0,0.0,0.0,0.0,0.0,0.0,0.0,0.0,0.0,0.0,0.0,0.0,0.0,0.0,0.0,0.0,0.0,0.0,0.0,0.0,0.0,0.0,0.0,0.0,0.0,0.0,0.0,0.0,0.0,0.0,0.0,0.0,0.0,0.0,0.0,0.0,0.0,0.0,0.0,0.0,0.0,0.0,0.0,0.0,0.0,0.0,0.0,0.0,0.0,0.0,0.0,0.0,0.0,0.0,0.0,0.0,0.0,0.0,0.0,0.0,0.0,0.0,0.0,0.0,0.0,0.0,0.0,0.0,0.0,0.0,0.0,0.0,0.0,0.0,0.0,0.0,0.0,0.0,0.0,0.0,0.0,0.0,0.0,0.0,0.0,0.0,0.0,0.0,0.0,0.0,0.0,0.0,0.0,0.0,0.0,0.0,0.0,0.0,0.0,0.0,0.0,0.0,0.0,0.0,0.0,0.0,0.0,0.0,0.0,0.0,0.0,0.0,0.0,0.0,0.0,0.0,0.0,0.0,0.0,0.0,0.0,0.0,0.0,0.0,0.0,0.0,0.0,0.0,0.0,0.0,0.0,0.0,0.0,0.0,0.0,0.0,0.0,0.0,0.0,0.0,0.0,0.0,0.0,0.0,0.0,0.0,0.0,0.0,0.0,0.0,0.0,0.0,0.0,0.0,0.0,0.0,0.0,0.0,0.0,0.0,0.0,0.0,0.0,0.0,0.0,0.0,0.0,0.0,0.0,0.0,0.0,0.0,0.0,0.0,0.0,0.0,0.0,0.0,0.0,0.0,0.0,0.0,0.0,0.0,0.0,0.0,0.0,0.0,0.0,0.0,0.0,0.0,0.0,0.0,0.0,0.0,0.0,0.0,0.0,0.0,0.0,0.0,0.0,0.0,0.0,0.0,0.0,0.0,0.0,0.0,0.0,0.0,0.0,0.0,0.0,0.0,0.0,0.0,0.0,0.0,0.0,0.0,0.0,0.0,0.0,0.0,0.0,0.0,0.0,0.0,0.0,0.0,0.0,0.0,0.0,0.0,0.0,0.0,0.0,0.0,0.0,0.0,0.0,0.0,0.0,0.0,0.0,0.0,0.0,0.0,0.0,0.0,0.0,0.0,0.0,0.0,0.0,0.0,0.0,0.0,0.0,0.0,0.0,0.0,0.0,0.0,0.0,0.0,0.0,0.0,0.0,0.0,0.0,0.0,0.0,0.0,0.0,0.0,0.0,0.0,0.0,0.0,0.0,0.0,0.0,0.0,0.0,0.0,0.0,0.0,0.0,0.0,0.0,0.0,0.0,0.0,0.0,0.0,0.0,0.0,0.0,0.0,0.0,0.0,0.0,0.0,0.0,0.0,0.0,0.0,0.0,0.0,0.0,0.0,0.0,0.0,0.0,0.0,0.0,0.0,0.0,0.0,0.0,0.0,0.0,0.0,0.0,0.0,0.0,0.0,0.0,0.0,0.0,0.0,0.0,0.0,0.0,0.0,0.0,0.0,0.0,0.0,0.0,0.0,0.0,0.0,0.0,0.0,0.0,0.0,0.0,0.0,0.0,0.0,0.0,0.0,0.0,0.0,0.0,0.0,0.0,0.0,0.0,0.0,0.0,0.0,0.0,0.0,0.0,0.0,0.0,0.0,0.0,0.0,0.0,0.0,0.0,0.0,0.0,0.0,0.0,0.0,0.0,0.0,0.0,0.0,0.0,0.0,0.0,0.0,0.0,0.0,0.0,0.0,0.0,0.0,0.0,0.0,0.0,0.0,0.0,0.0,0.0,0.0,0.0,0.0,0.0,0.0,0.0,0.0,0.0,0.0,0.0,0.0,0.0,3.1566625923722793e-34,6.313411154899072e-34,9.470245913689018e-34,1.2627166868806216e-33,1.5784174020249404e-33,1.8941267368015243e-33,2.2098446912100188e-33,2.5255712652500687e-33,2.841306458921284e-33,3.1570502722232995e-33,3.472802705155722e-33,3.78856375771822e-33,4.1043334299104306e-33,4.420111721731936e-33,4.735898633182417e-33,5.0516941642615284e-33,5.3674983149688734e-33,5.683311085304085e-33,5.9991324752668e-33,6.314962484856637e-33,6.630801114073257e-33,6.946648362916271e-33,7.262504231385337e-33,7.57836871948007e-33,7.894241827200127e-33,8.210123554545149e-33,8.526013901514725e-33,8.841912868108524e-33,9.157820454326189e-33,9.473736660167354e-33,9.789661485631627e-33,1.0105594930718661e-32,1.0421536995428084e-32,1.0737487679759525e-32,1.1053446983712628e-32,1.1369414907287019e-32,1.1685391450482341e-32,1.2001376613298219e-32,1.2317370395734305e-32,1.2633372797790206e-32,1.2949383819465556e-32,1.3265403460760004e-32,1.3581431721673193e-32,1.389746860220475e-32,1.4213514102354297e-32,1.452956822212148e-32,1.4845630961505922e-32,1.51617023205073e-32,1.5477782299125223e-32,1.579387089735932e-32,1.6109968115209245e-32,1.6426073952674594e-32,1.674218840975502e-32,1.7058311486450132e-32,1.7374443182759592e-32,1.7690583498683026e-32,1.800673243422008e-32,1.8322889989370423e-32,1.8639056164133633e-32,1.8955230958509345e-32,1.9271414372497227e-32,1.9587606406096918e-32,1.990380705930801e-32,2.0220016332130163e-32,2.0536234224562988e-32,2.085246073660615e-32,2.116869586825927e-32,2.1484939619521994e-32,2.180119199039395e-32,2.2117452980874754e-32,2.2433722590964074e-32,2.275000082066151e-32,2.3066287669966718e-32,2.3382583138879335e-32,2.3698887227398972e-32,2.4015199935525256e-32,2.433152126325786e-32,2.4647851210596424e-32,2.496418977754054e-32,2.5280536964089893e-32,2.5596892770244084e-32,2.591325719600276e-32,2.6229630241365524e-32,2.654601190633204e-32,2.686240219090194e-32,2.7178801095074824e-32,2.7495208618850385e-32,2.781162476222823e-32,2.812804952520804e-32,2.844448290778936e-32,2.876092490997188e-32,2.9077375531755223e-32,2.939383477313903e-32,2.971030263412289e-32,3.00267791147065e-32,3.0343264214889457e-32,3.0659757934671404e-32,3.097626027405197e-32,3.1292771233030836e-32,3.1609290811607586e-32,3.192581900978186e-32,3.2242355827553317e-32,3.2558901264921597e-32,3.2875455321886274e-32,3.319201799844703e-32,3.3508589294603486e-32,3.3825169210355287e-32,3.414175774570205e-32,3.445835490064345e-32,3.477496067517906e-32,3.5091575069308554e-32,3.540819808303155e-32,3.5724829716347714e-32,3.6041469969256666e-32,3.635811884175802e-32,3.667477633385141e-32,3.6991442445536485e-32,3.7308117176812837e-32,3.7624800527680216e-32,3.794149249813818e-32,3.8258193088186405e-32,3.857490229782444e-32,3.8891620127052013e-32,3.92083465758687e-32,3.952508164427416e-32,3.9841825332267995e-32,4.0158577639849845e-32,4.0475338567019384e-32,4.0792108113776185e-32,4.110888628011994e-32,4.14256730660503e-32,4.174246847156685e-32,4.205927249666921e-32,4.2376085141357053e-32,4.269290640563002e-32,4.300973628948772e-32,4.332657479292984e-32,4.364342191595589e-32,4.396027765856562e-32,4.427714202075865e-32,4.4594015002534557e-32,4.4910896603893e-32,4.522778682483368e-32,4.554468566535616e-32,4.5861593125460093e-32,4.6178509205145095e-32,4.649543390441086e-32,4.681236722325693e-32,4.7129309161682986e-32,4.7446259719688663e-32,4.7763218897273604e-32,4.808018669443739e-32,4.839716311117979e-32,4.87141481475003e-32,4.90311418033986e-32,4.934814407887436e-32,4.966515497392718e-32,4.99821744885567e-32,5.029920262276255e-32,5.061623937654439e-32,5.09332847499018e-32,5.125033874283445e-32,5.156740135534198e-32,5.1884472587424e-32,5.220155243908017e-32,5.251864091031006e-32,5.283573800111341e-32,5.315284371148982e-32,5.346995804143883e-32,5.37870809909602e-32,5.41042125600535e-32,5.442135274871839e-32,5.473850155695454e-32,5.50556589847615e-32,5.537282503213899e-32,5.568999969908657e-32,5.600718298560393e-32,5.632437489169066e-32,5.664157541734645e-32,5.695878456257085e-32,5.727600232736359e-32,5.759322871172426e-32,5.791046371565249e-32,5.822770733914795e-32,5.854495958221023e-32,5.886222044483901e-32,5.917948992703388e-32,5.949676802879447e-32,5.981405475012043e-32,6.013135009101141e-32,6.044865405146698e-32,6.076596663148689e-32,6.108328783107063e-32,6.140061765021792e-32,6.171795608892845e-32,6.203530314720179e-32,6.235265882503755e-32,6.267002312243539e-32,6.298739603939495e-32,6.330477757591585e-32,6.362216773199774e-32,6.393956650764028e-32,6.425697390284305e-32,6.45743899176057e-32,6.489181455192788e-32,6.520924780580922e-32,6.552668967924932e-32,6.584414017224788e-32,6.616159928480447e-32,6.647906701691877e-32,6.67965433685904e-32,6.711402833981898e-32,6.743152193060416e-32,6.774902414094559e-32,6.806653497084288e-32,6.838405442029568e-32,6.870158248930361e-32,6.901911917786634e-32,6.933666448598347e-32,6.965421841365466e-32,6.997178096087953e-32,7.028935212765769e-32,7.06069319139888e-32,7.092452031987248e-32,7.124211734530838e-32,7.155972299029612e-32,7.187733725483533e-32,7.219496013892566e-32,7.251259164256675e-32,7.283023176575817e-32,7.314788050849962e-32,7.346553787079078e-32,7.378320385263115e-32,7.410087845402048e-32,7.441856167495837e-32,7.473625351544441e-32,7.505395397547832e-32,7.537166305505968e-32,7.568938075418814e-32,7.600710707286329e-32,7.632484201108486e-32,7.66425855688524e-32,7.696033774616553e-32,7.727809854302395e-32,7.759586795942726e-32,7.791364599537514e-32,7.823143265086718e-32,7.854922792590301e-32,7.886703182048232e-32,7.918484433460463e-32,7.950266546826971e-32,7.982049522147713e-32,8.013833359422643e-32,8.04561805865174e-32,8.077403619834964e-32,8.109190042972272e-32,8.140977328063633e-32,8.172765475109014e-32,8.204554484108367e-32,8.236344355061664e-32,8.268135087968865e-32,8.299926682829935e-32,8.331719139644839e-32,8.363512458413535e-32,8.395306639135993e-32,8.427101681812167e-32,8.458897586442027e-32,8.490694353025538e-32,8.522491981562665e-32,8.554290472053367e-32,8.586089824497606e-32,8.617890038895353e-32,8.649691115246564e-32,8.681493053551202e-32,8.713295853809238e-32,8.745099516020628e-32,8.776904040185339e-32,8.808709426303333e-32,8.840515674374577e-32,8.872322784399034e-32,8.904130756376662e-32,8.935939590307428e-32,8.967749286191294e-32,8.999559844028223e-32,9.031371263818185e-32,9.063183545561136e-32,9.09499668925704e-32,9.126810694905867e-32,9.158625562507574e-32,9.190441292062124e-32,9.222257883569483e-32,9.254075337029617e-32,9.28589365244248e-32,9.31771282980804e-32,9.349532869126263e-32,9.381353770397113e-32,9.413175533620553e-32,9.444998158796544e-32,9.476821645925053e-32,9.50864599500604e-32,9.540471206039472e-32,9.572297279025308e-32,9.60412421396352e-32,9.635952010854061e-32,9.6677806696969e-32,9.699610190492001e-32,9.731440573239321e-32,9.763271817938831e-32,9.795103924590496e-32,9.826936893194271e-32,9.858770723750128e-32,9.890605416258022e-32,9.922440970717923e-32,9.954277387129796e-32,9.98611466549359e-32,1.0017952805809281e-31,1.0049791808076837e-31,1.008163167229621e-31,1.011347239846737e-31,1.014531398659028e-31,1.0177156436664898e-31,1.0208999748691194e-31,1.0240843922669129e-31,1.0272688958598667e-31,1.0304534856479774e-31,1.0336381616312408e-31,1.0368229238096534e-31,1.0400077721832116e-31,1.043192706751912e-31,1.0463777275157506e-31,1.0495628344747238e-31,1.0527480276288279e-31,1.0559333069780592e-31,1.0591186725224148e-31,1.06230412426189e-31,1.0654896621964814e-31,1.0686752863261862e-31,1.0718609966509998e-31,1.075046793170918e-31,1.0782326758859387e-31,1.081418644796057e-31,1.08460469990127e-31,1.0877908412015735e-31,1.0909770686969645e-31,1.0941633823874392e-31,1.0973497822729931e-31,1.1005362683536242e-31,1.103722840629327e-31,1.1069094991000987e-31,1.1100962437659362e-31,1.1132830746268352e-31,1.1164699916827916e-31,1.1196569949338026e-31,1.1228440843798641e-31,1.1260312600209728e-31,1.1292185218571248e-31,1.1324058698883168e-31,1.1355933041145446e-31,1.1387808245358045e-31,1.141968431152093e-31,1.1451561239634072e-31,1.1483439029697418e-31,1.1515317681710944e-31,1.1547197195674609e-31,1.157907757158838e-31,1.1610958809452221e-31,1.1642840909266093e-31,1.167472387102996e-31,1.1706607694743774e-31,1.1738492380407517e-31,1.1770377928021144e-31,1.1802264337584619e-31,1.1834151609097904e-31,1.1866039742560965e-31,1.1897928737973764e-31,1.1929818595336261e-31,1.1961709314648431e-31,1.1993600895910226e-31,1.2025493339121616e-31,1.2057386644282558e-31,1.2089280811393022e-31,1.212117584045297e-31,1.215307173146236e-31,1.2184968484421158e-31,1.221686609932933e-31,1.224876457618684e-31,1.228066391499365e-31,1.2312564115749728e-31,1.2344465178455025e-31,1.237636710310952e-31,1.2408269889713163e-31,1.2440173538265922e-31,1.247207804876777e-31,1.2503983421218653e-31,1.2535889655618547e-31,1.256779675196741e-31,1.259970471026521e-31,1.26316135305119e-31,1.2663523212707454e-31,1.269543375685184e-31,1.2727345162945004e-31,1.2759257430986925e-31,1.2791170560977563e-31,1.2823084552916876e-31,1.2854999406804829e-31,1.288691512264139e-31,1.2918831700426526e-31,1.2950749140160186e-31,1.2982667441842346e-31,1.3014586605472966e-31,1.3046506631052012e-31,1.3078427518579442e-31,1.311034926805522e-31,1.3142271879479315e-31,1.3174195352851685e-31,1.3206119688172293e-31,1.3238044885441107e-31,1.3269970944658087e-31,1.3301897865823193e-31,1.3333825648936391e-31,1.3365754293997659e-31,1.3397683801006937e-31,1.34296141699642e-31,1.3461545400869418e-31,1.3493477493722538e-31,1.3525410448523535e-31,1.3557344265272376e-31,1.358927894396901e-31,1.3621214484613417e-31,1.3653150887205543e-31,1.3685088151745362e-31,1.3717026278232838e-31,1.3748965266667931e-31,1.378090511705061e-31,1.3812845829380828e-31,1.384478740365856e-31,1.387672983988376e-31,1.3908673138056398e-31,1.3940617298176435e-31,1.3972562320243833e-31,1.400450820425856e-31,1.403645495022057e-31,1.4068402558129835e-31,1.410035102798632e-31,1.413230035978998e-31,1.4164250553540782e-31,1.4196201609238697e-31,1.4228153526883686e-31,1.4260106306475702e-31,1.4292059948014723e-31,1.4324014451500703e-31,1.4355969816933604e-31,1.4387926044313397e-31,1.4419883133640045e-31,1.4451841084913501e-31,1.4483799898133735e-31,1.451575957330071e-31,1.454772011041439e-31,1.4579681509474742e-31,1.4611643770481713e-31,1.4643606893435285e-31,1.4675570878335418e-31,1.4707535725182065e-31,1.4739501433975202e-31,1.477146800471479e-31,1.4803435437400787e-31,1.4835403732033157e-31,1.4867372888611869e-31,1.4899342907136879e-31,1.4931313787608157e-31,1.496328553002566e-31,1.4995258134389356e-31,1.502723160069921e-31,1.5059205928955181e-31,1.5091181119157237e-31,1.5123157171305338e-31,1.5155134085399446e-31,1.518711186143953e-31,1.5219090499425551e-31,1.525106999935748e-31,1.5283050361235256e-31,1.5315031585058866e-31,1.5347013670828274e-31,1.5378996618543436e-31,1.5410980428204312e-31,1.544296509981087e-31,1.547495063336307e-31,1.5506937028860877e-31,1.553892428630426e-31,1.5570912405693172e-31,1.5602901387027575e-31,1.5634891230307451e-31,1.566688193553275e-31,1.5698873502703434e-31,1.5730865931819477e-31,1.5762859222880833e-31,1.5794853375887462e-31,1.5826848390839335e-31,1.5858844267736416e-31,1.589084100657866e-31,1.5922838607366044e-31,1.5954837070098512e-31,1.5986836394776055e-31,1.6018836581398618e-31,1.605083762996616e-31,1.6082839540478657e-31,1.6114842312936075e-31,1.6146845947338353e-31,1.6178850443685485e-31,1.621085580197741e-31,1.6242862022214108e-31,1.627486910439554e-31,1.6306877048521654e-31,1.6338885854592438e-31,1.637089552260784e-31,1.6402906052567825e-31,1.6434917444472358e-31,1.6466929698321395e-31,1.6498942814114912e-31,1.653095679185287e-31,1.6562971631535228e-31,1.659498733316195e-31,1.6627003896733009e-31,1.6659021322248355e-31,1.6691039609707952e-31,1.6723058759111774e-31,1.6755078770459777e-31,1.6787099643751929e-31,1.681912137898818e-31,1.6851143976168512e-31,1.6883167435292885e-31,1.6915191756361256e-31,1.6947216939373586e-31,1.6979242984329843e-31,1.7011269891229995e-31,1.704329766007399e-31,1.7075326290861812e-31,1.7107355783593404e-31,1.7139386138268743e-31,1.7171417354887792e-31,1.7203449433450508e-31,1.723548237395687e-31,1.7267516176406826e-31,1.7299550840800338e-31,1.7331586367137375e-31,1.7363622755417898e-31,1.7395660005641874e-31,1.7427698117809268e-31,1.7459737091920027e-31,1.7491776927974136e-31,1.7523817625971551e-31,1.7555859185912229e-31,1.7587901607796148e-31,1.7619944891623256e-31,1.7651989037393527e-31,1.7684034045106918e-31,1.7716079914763397e-31,1.7748126646362918e-31,1.7780174239905456e-31,1.781222269539097e-31,1.784427201281942e-31,1.7876322192190778e-31,1.7908373233505004e-31,1.794042513676206e-31,1.7972477901961913e-31,1.8004531529104518e-31,1.8036586018189835e-31,1.8068641369217834e-31,1.810069758218849e-31,1.8132754657101761e-31,1.8164812593957598e-31,1.8196871392755985e-31,1.8228931053496858e-31,1.82609915761802e-31,1.8293052960805975e-31,1.8325115207374126e-31,1.8357178315884645e-31,1.8389242286337475e-31,1.8421307118732594e-31,1.8453372813069964e-31,1.8485439369349528e-31,1.8517506787571281e-31,1.854957506773515e-31,1.8581644209841126e-31,1.861371421388916e-31,1.864578507987923e-31,1.8677856807811286e-31,1.8709929397685288e-31,1.8742002849501215e-31,1.8774077163259021e-31,1.8806152338958662e-31,1.883822837660012e-31,1.8870305276183346e-31,1.8902383037708308e-31,1.8934461661174965e-31,1.8966541146583287e-31,1.8998621493933237e-31,1.903070270322476e-31,1.9062784774457846e-31,1.9094867707632453e-31,1.9126951502748523e-31,1.9159036159806042e-31,1.9191121678804969e-31,1.9223208059745265e-31,1.9255295302626886e-31,1.9287383407449795e-31,1.9319472374213975e-31,1.9351562202919369e-31,1.938365289356595e-31,1.9415744446153697e-31,1.944783686068253e-31,1.9479930137152449e-31,1.9512024275563417e-31,1.9544119275915375e-31,1.95762151382083e-31,1.9608311862442153e-31,1.96404094486169e-31,1.9672507896732494e-31,1.9704607206788918e-31,1.9736707378786127e-31,1.9768808412724076e-31,1.9800910308602746e-31,1.983301306642207e-31,1.986511668618205e-31,1.9897221167882617e-31,1.992932651152376e-31,1.996143271710542e-31,1.9993539784627574e-31,2.002564771409018e-31,2.005775650549321e-31,2.0089866158836612e-31,2.0121976674120358e-31,2.0154088051344426e-31,2.0186200290508752e-31,2.021831339161332e-31,2.0250427354658085e-31,2.0282542179643012e-31,2.031465786656806e-31,2.0346774415433202e-31,2.0378891826238395e-31,2.04110100989836e-31,2.044312923366879e-31,2.047524923029392e-31,2.050737008885895e-31,2.053949180936386e-31,2.05716143918086e-31,2.060373783619313e-31,2.063586214251743e-31,2.0667987310781446e-31,2.0700113340985153e-31,2.073224023312851e-31,2.076436798721147e-31,2.079649660323402e-31,2.0828626081196095e-31,2.0860756421097697e-31,2.089288762293875e-31,2.092501968671924e-31,2.095715261243912e-31,2.098928640009836e-31,2.1021421049696923e-31,2.1053556561234767e-31,2.108569293471186e-31,2.111783017012816e-31,2.114996826748363e-31,2.1182107226778253e-31,2.1214247048011975e-31,2.1246387731184764e-31,2.127852927629657e-31,2.131067168334739e-31,2.1342814952337144e-31,2.1374959083265818e-31,2.1407104076133382e-31,2.1439249930939786e-31,2.1471396647685e-31,2.1503544226368995e-31,2.1535692666991717e-31,2.156784196955314e-31,2.159999213405322e-31,2.1632143160491944e-31,2.1664295048869246e-31,2.16964477991851e-31,2.1728601411439477e-31,2.1760755885632327e-31,2.179291122176363e-31,2.1825067419833343e-31,2.1857224479841413e-31,2.188938240178783e-31,2.1921541185672537e-31,2.19537008314955e-31,2.1985861339256703e-31,2.2018022708956084e-31,2.205018494059361e-31,2.2082348034169262e-31,2.2114511989682984e-31,2.2146676807134743e-31,2.217884248652452e-31,2.221100902785226e-31,2.2243176431117932e-31,2.2275344696321503e-31,2.230751382346294e-31,2.23396838125422e-31,2.237185466355924e-31,2.240402637651403e-31,2.2436198951406546e-31,2.246837238823673e-31,2.2500546687004547e-31,2.2532721847709972e-31,2.256489787035297e-31,2.2597074754933487e-31,2.262925250145151e-31,2.266143110990698e-31,2.2693610580299866e-31,2.272579091263015e-31,2.2757972106897776e-31,2.2790154163102714e-31,2.2822337081244928e-31,2.2854520861324386e-31,2.288670550334103e-31,2.291889100729485e-31,2.295107737318579e-31,2.2983264601013824e-31,2.301545269077892e-31,2.304764164248102e-31,2.307983145612012e-31,2.311202213169615e-31,2.3144213669209095e-31,2.317640606865891e-31,2.320859933004557e-31,2.3240793453369017e-31,2.3272988438629236e-31,2.330518428582618e-31,2.3337380994959805e-31,2.33695785660301e-31,2.3401776999036997e-31,2.3433976293980475e-31,2.3466176450860493e-31,2.3498377469677032e-31,2.3530579350430024e-31,2.356278209311947e-31,2.3594985697745303e-31,2.3627190164307493e-31,2.365939549280601e-31,2.3691601683240823e-31,2.372380873561188e-31,2.375601664991916e-31,2.378822542616261e-31,2.3820435064342206e-31,2.3852645564457897e-31,2.3884856926509668e-31,2.391706915049747e-31,2.394928223642125e-31,2.3981496184281013e-31,2.401371099407669e-31,2.4045926665808244e-31,2.4078143199475658e-31,2.411036059507888e-31,2.414257885261787e-31,2.417479797209261e-31,2.420701795350305e-31,2.423923879684915e-31,2.427146050213088e-31,2.4303683069348213e-31,2.433590649850109e-31,2.4368130789589496e-31,2.440035594261339e-31,2.4432581957572717e-31,2.4464808834467453e-31,2.449703657329757e-31,2.4529265174063024e-31,2.456149463676378e-31,2.4593724961399787e-31,2.462595614797104e-31,2.4658188196477477e-31,2.4690421106919057e-31,2.4722654879295767e-31,2.475488951360756e-31,2.4787125009854393e-31,2.4819361368036233e-31,2.485159858815305e-31,2.4883836670204796e-31,2.4916075614191456e-31,2.4948315420112965e-31,2.4980556087969307e-31,2.5012797617760436e-31,2.504504000948631e-31,2.5077283263146915e-31,2.510952737874219e-31,2.5141772356272108e-31,2.5174018195736634e-31,2.5206264897135726e-31,2.5238512460469356e-31,2.5270760885737476e-31,2.5303010172940064e-31,2.533526032207707e-31,2.5367511333148467e-31,2.5399763206154206e-31,2.543201594109427e-31,2.5464269537968605e-31,2.5496523996777176e-31,2.552877931751995e-31,2.5561035500196904e-31,2.559329254480797e-31,2.562555045135314e-31,2.565780921983237e-31,2.5690068850245624e-31,2.5722329342592864e-31,2.5754590696874047e-31,2.578685291308915e-31,2.5819115991238127e-31,2.5851379931320945e-31,2.588364473333756e-31,2.5915910397287934e-31,2.5948176923172047e-31,2.5980444310989853e-31,2.6012712560741314e-31,2.604498167242639e-31,2.607725164604505e-31,2.6109522481597263e-31,2.614179417908299e-31,2.617406673850218e-31,2.620634015985482e-31,2.6238614443140844e-31,2.627088958836023e-31,2.6303165595512955e-31,2.6335442464598957e-31,2.636772019561823e-31,2.639999878857071e-31,2.643227824345638e-31,2.646455856027519e-31,2.64968397390271e-31,2.652912177971209e-31,2.6561404682330107e-31,2.659368844688113e-31,2.662597307336511e-31,2.665825856178203e-31,2.6690544912131825e-31,2.672283212441447e-31,2.6755120198629928e-31,2.6787409134778164e-31,2.6819698932859147e-31,2.685198959287284e-31,2.6884281114819186e-31,2.691657349869818e-31,2.6948866744509754e-31,2.69811608522539e-31,2.7013455821930567e-31,2.7045751653539723e-31,2.707804834708133e-31,2.711034590255534e-31,2.7142644319961734e-31,2.7174943599300465e-31,2.720724374057151e-31,2.723954474377482e-31,2.727184660891035e-31,2.7304149335978084e-31,2.7336452924977973e-31,2.7368757375909974e-31,2.740106268877407e-31,2.7433368863570204e-31,2.7465675900298354e-31,2.749798379895847e-31,2.7530292559550522e-31,2.756260218207449e-31,2.7594912666530317e-31,2.7627224012917974e-31,2.7659536221237424e-31,2.7691849291488636e-31,2.7724163223671557e-31,2.7756478017786166e-31,2.7788793673832423e-31,2.7821110191810285e-31,2.7853427571719716e-31,2.7885745813560703e-31,2.7918064917333172e-31,2.795038488303709e-31,2.798270571067245e-31,2.8015027400239196e-31,2.8047349951737294e-31,2.8079673365166704e-31,2.811199764052741e-31,2.814432277781935e-31,2.817664877704249e-31,2.820897563819681e-31,2.8241303361282256e-31,2.8273631946298805e-31,2.830596139324641e-31,2.8338291702125045e-31,2.8370622872934665e-31,2.8402954905675233e-31,2.8435287800346726e-31,2.8467621556949084e-31,2.8499956175482266e-31,2.8532291655946274e-31,2.856462799834104e-31,2.8596965202666546e-31,2.862930326892274e-31,2.86616421971096e-31,2.869398198722708e-31,2.872632263927515e-31,2.8758664153253768e-31,2.8791006529162904e-31,2.8823349767002498e-31,2.8855693866772544e-31,2.888803882847299e-31,2.89203846521038e-31,2.8952731337664936e-31,2.8985078885156373e-31,2.9017427294578065e-31,2.904977656592997e-31,2.9082126699212074e-31,2.9114477694424306e-31,2.9146829551566676e-31,2.917918227063908e-31,2.9211535851641543e-31,2.924389029457402e-31,2.9276245599436434e-31,2.930860176622879e-31,2.934095879495103e-31,2.9373316685603137e-31,2.940567543818506e-31,2.943803505269676e-31,2.9470395529138204e-31,2.950275686750936e-31,2.953511906781019e-31,2.956748213004064e-31,2.959984605420071e-31,2.9632210840290326e-31,2.966457648830948e-31,2.9696942998258116e-31,2.9729310370136195e-31,2.976167860394371e-31,2.9794047699680597e-31,2.9826417657346803e-31,2.985878847694234e-31,2.9891160158467143e-31,2.9923532701921177e-31,2.99559061073044e-31,2.998828037461681e-31,3.002065550385831e-31,3.005303149502891e-31,3.0085408348128574e-31,3.011778606315722e-31,3.0150164640114846e-31,3.0182544079001423e-31,3.0214924379816912e-31,3.0247305542561264e-31,3.0279687567234444e-31,3.031207045383643e-31,3.0344454202367157e-31,3.0376838812826616e-31,3.040922428521475e-31,3.044161061953154e-31,3.0473997815776937e-31,3.050638587395091e-31,3.0538774794053424e-31,3.057116457608444e-31,3.0603555220043915e-31,3.063594672593182e-31,3.0668339093748116e-31,3.0700732323492774e-31,3.0733126415165742e-31,3.0765521368767e-31,3.0797917184296505e-31,3.0830313861754206e-31,3.08627114011401e-31,3.0895109802454128e-31,3.092750906569625e-31,3.0959909190866445e-31,3.0992310177964653e-31,3.1024712026990857e-31,3.1057114737945004e-31,3.1089518310827077e-31,3.112192274563703e-31,3.115432804237483e-31,3.118673420104043e-31,3.1219141221633813e-31,3.125154910415492e-31,3.1283957848603728e-31,3.1316367454980206e-31,3.1348777923284287e-31,3.138118925351598e-31,3.141360144567521e-31,3.144601449976196e-31,3.1478428415776187e-31,3.1510843193717858e-31,3.154325883358694e-31,3.157567533538339e-31,3.1608092699107163e-31,3.164051092475823e-31,3.1672930012336565e-31,3.1705349961842114e-31,3.173777077327487e-31,3.1770192446634764e-31,3.180261498192178e-31,3.1835038379135856e-31,3.1867462638276975e-31,3.189988775934511e-31,3.1932313742340193e-31,3.1964740587262205e-31,3.1997168294111122e-31,3.1997466230904236e-31,3.1997764167695975e-31,3.1998062104487096e-31
18,1.5322558544179833e-42,4.168886387650851e-42,7.548313588794632e-42,1.1424780919090136e-41,1.5633708978735962e-41,2.00650068689182e-41,2.4645038786653384e-41,2.932455275547951e-41,3.407060616058041e-41,3.8861165047083613e-41,4.368149181239285e-41,4.852172908266574e-41,5.337528366757297e-41,5.82377456543426e-41,6.310616543441834e-41,6.79785701364266e-41,7.285364018817129e-41,7.773049298230368e-41,8.260853817919098e-41,8.748738092506898e-41,9.236675711851768e-41,9.724649011302341e-41,1.0212646175702391e-40,1.0700659302381522e-40,1.1188683105570127e-40,1.1676714049835402e-40,1.2164749770471486e-40,1.2652788685825107e-40,1.3140829737996843e-40,1.3628872219389902e-40,1.4116915656734539e-40,1.460495973347634e-40,1.5093004237884292e-40,1.5581049028339796e-40,1.6069094010121281e-40,1.655713911987662e-40,1.7045184315219098e-40,1.7533229567812335e-40,1.8021274858699347e-40,1.8509320175199012e-40,1.8997365508819156e-40,1.9485410853917236e-40,1.9973456206669886e-40,2.0461501564548653e-40,2.0949546925855206e-40,2.143759228945466e-40,2.1925637654589127e-40,2.241368302074838e-40,2.290172838759572e-40,2.338977375490034e-40,2.3877819122512927e-40,2.4365864490330022e-40,2.4853909858284727e-40,2.534195522633101e-40,2.583000059443875e-40,2.631804596258774e-40,2.6806091330764324e-40,2.729413669896026e-40,2.7782182067166676e-40,2.827022743538282e-40,2.875827280360324e-40,2.924631817182826e-40,2.973436354005986e-40,3.022240890828461e-40,3.0710454276512036e-40,3.1198499644742317e-40,3.168654501297521e-40,3.217459038120845e-40,3.2662635749440028e-40,3.315068111767139e-40,3.3638726485902755e-40,3.4126771854134643e-40,3.4614817222367077e-40,3.5102862590599736e-40,3.559090795883135e-40,3.6078953327063597e-40,3.6566998695296615e-40,3.705504406352804e-40,3.754308943176103e-40,3.803113479999289e-40,3.851918016822749e-40,3.900722553645506e-40,3.949527090468911e-40,3.998331627292132e-40,4.047136164115757e-40,4.095940700938473e-40,4.144745237761828e-40,4.193549774584894e-40,4.242354311408388e-40,4.2911588482312816e-40,4.33996338505456e-40,4.3887679218777766e-40,4.437572458701123e-40,4.486376995524173e-40,4.535181532347701e-40,4.583986069170684e-40,4.632790605993858e-40,4.6815951428171825e-40,4.730399679640312e-40,4.7792042164634564e-40,4.8280087532867965e-40,4.876813290109878e-40,4.925617826933311e-40,4.974422363756315e-40,5.023226900579587e-40,5.072031437402828e-40,5.120835974225945e-40,5.169640511049218e-40,5.21844504787256e-40,5.26724958469556e-40,5.316054121518312e-40,5.3648586583420325e-40,5.4136631951653286e-40,5.4624677319885e-40,5.511272268811759e-40,5.560076805634974e-40,5.608881342458196e-40,5.6576858792814164e-40,5.706490416104695e-40,5.755294952927806e-40,5.804099489750936e-40,5.85290402657425e-40,5.901708563397577e-40,5.950513100220818e-40,5.999317637043963e-40,6.0481221738672855e-40,6.096926710690332e-40,6.145731247513839e-40,6.194535784336745e-40,6.243340321159922e-40,6.292144857983256e-40,6.3409493948064435e-40,6.389753931629573e-40,6.438558468452824e-40,6.487363005275964e-40,6.536167542099321e-40,6.584972078922612e-40,6.633776615745957e-40,6.6825811525690525e-40,6.73138568939224e-40,6.7801902262153884e-40,6.828994763038386e-40,6.877799299861752e-40,6.9266038366850995e-40,6.9754083735080815e-40,7.02421291033137e-40,7.0730174471546345e-40,7.121821983977718e-40,7.1706265208010854e-40,7.2194310576242836e-40,7.268235594447511e-40,7.3170401312706995e-40,7.365844668093846e-40,7.41464920491706e-40,7.463453741740252e-40,7.512258278563357e-40,7.561062815386846e-40,7.60986735221001e-40,7.658671889033141e-40,7.70747642585633e-40,7.756280962679363e-40,7.805085499502895e-40,7.853890036325986e-40,7.902694573149444e-40,7.951499109972453e-40,8.000303646795508e-40,8.049108183618886e-40,8.097912720442064e-40,8.14671725726544e-40,8.195521794089137e-40,8.244326330912539e-40,8.293130867734821e-40,8.341935404558299e-40,8.390739941381511e-40,8.439544478204702e-40,8.488349015027938e-40,8.537153551851343e-40,8.585958088674471e-40,8.63476262549758e-40,8.683567162320656e-40,8.732371699144202e-40,8.781176235966833e-40,8.829980772790362e-40,8.878785309613672e-40,8.927589846436757e-40,8.976394383259864e-40,9.025198920083318e-40,9.074003456906412e-40,9.122807993729703e-40,9.171612530552874e-40,9.220417067376042e-40,9.269221604199448e-40,9.318026141022629e-40,9.366830677845764e-40,9.415635214669174e-40,9.464439751492221e-40,9.513244288315454e-40,9.562048825138639e-40,9.610853361961945e-40,9.659657898785134e-40,9.708462435608167e-40,9.757266972431506e-40,9.806071509254705e-40,9.854876046078131e-40,9.903680582901102e-40,9.952485119724362e-40,1.0001289656547578e-39,1.0050094193370526e-39,1.009889873019377e-39,1.0147703267017385e-39,1.019650780384031e-39,1.0245312340663775e-39,1.0294116877486721e-39,1.0342921414310124e-39,1.0391725951133297e-39,1.044053048795671e-39,1.0489335024778946e-39,1.0538139561602959e-39,1.0586944098426184e-39,1.0635748635249474e-39,1.068455317207239e-39,1.0733357708895814e-39,1.0782162245718923e-39,1.0830966782541933e-39,1.0879771319365508e-39,1.092857585618873e-39,1.0977380393012032e-39,1.1026184929834786e-39,1.107498946665797e-39,1.1123794003481405e-39,1.1172598540304852e-39,1.122140307712777e-39,1.1270207613951301e-39,1.131901215077441e-39,1.1367816687597607e-39,1.1416621224420909e-39,1.1465425761244198e-39,1.1514230298067666e-39,1.1563034834890586e-39,1.1611839371713738e-39,1.1660643908536989e-39,1.1709448445360031e-39,1.1758252982183276e-39,1.1807057519006346e-39,1.1855862055829917e-39,1.1904666592653085e-39,1.1953471129476432e-39,1.2002275666299449e-39,1.2051080203122506e-39,1.2099884739945944e-39,1.2148689276769253e-39,1.2197493813592037e-39,1.2246298350415434e-39,1.2295102887238913e-39,1.2343907424062107e-39,1.2392711960885122e-39,1.2441516497708156e-39,1.249032103453137e-39,1.2539125571354688e-39,1.2587930108178145e-39,1.2636734645001332e-39,1.268553918182463e-39,1.2734343718647883e-39,1.2783148255471136e-39,1.2831952792294094e-39,1.2880757329117317e-39,1.2929561865940402e-39,1.2978366402763859e-39,1.3027170939587227e-39,1.3075975476410356e-39,1.312478001323343e-39,1.3173584550056715e-39,1.3222389086879881e-39,1.3271193623703038e-39,1.331999816052627e-39,1.3368802697349658e-39,1.3417607234172382e-39,1.3466411770995863e-39,1.3515216307819255e-39,1.3564020844642684e-39,1.3612825381465858e-39,1.3661629918288993e-39,1.37104344551121e-39,1.3759238991935315e-39,1.3808043528758589e-39,1.3856848065580817e-39,1.390565260240469e-39,1.395445713922805e-39,1.4003261676051336e-39,1.405206621287445e-39,1.4100870749697701e-39,1.4149675286520893e-39,1.419847982334435e-39,1.4247284360167525e-39,1.4296088896990743e-39,1.4344893433813877e-39,1.4393697970637094e-39,1.4442502507460211e-39,1.4491307044283172e-39,1.4540111581106813e-39,1.4588916117929996e-39,1.4637720654753436e-39,1.4686525191576258e-39,1.4735329728399596e-39,1.4784134265222774e-39,1.48329388020461e-39,1.4881743338869645e-39,1.4930547875692327e-39,1.4979352412515805e-39,1.502815694933887e-39,1.5076961486161824e-39,1.5125766022985103e-39,1.5174570559808434e-39,1.522337509663183e-39,1.5272179633455028e-39,1.5320984170278398e-39,1.5369788707101853e-39,1.541859324392467e-39,1.5467397780747974e-39,1.551620231757125e-39,1.5565006854394594e-39,1.5613811391217752e-39,1.5662615928040766e-39,1.5711420464863885e-39,1.5760225001687174e-39,1.5809029538510332e-39,1.585783407533327e-39,1.590663861215725e-39,1.595544314898034e-39,1.6004247685803683e-39,1.605305222262658e-39,1.610185675945002e-39,1.6150661296273027e-39,1.6199465833096133e-39,1.6248270369919542e-39,1.6297074906742554e-39,1.634587944356598e-39,1.6394683980388965e-39,1.6443488517212067e-39,1.649229305403519e-39,1.6541097590858625e-39,1.6589902127681614e-39,1.6638706664505085e-39,1.6687511201328328e-39,1.6736315738151477e-39,1.678512027497456e-39,1.6833924811798103e-39,1.6882729348621206e-39,1.6931533885444315e-39,1.6980338422267365e-39,1.7029142959090788e-39,1.7077947495914295e-39,1.7126752032737196e-39,1.7175556569560967e-39,1.7224361106383868e-39,1.7273165643206624e-39,1.7321970180030246e-39,1.7370774716853453e-39,1.7419579253676712e-39,1.7468383790499845e-39,1.751718832732297e-39,1.7565992864146223e-39,1.7614797400969453e-39,1.766360193779259e-39,1.7712406474615583e-39,1.7761211011439257e-39,1.7810015548262024e-39,1.7858820085085433e-39,1.7907624621908477e-39,1.7956429158731668e-39,1.800523369555519e-39,1.8054038232378284e-39,1.8102842769201443e-39,1.8151647306024904e-39,1.8200451842847743e-39,1.8249256379671035e-39,1.8298060916494043e-39,1.8346865453317557e-39,1.8395669990140767e-39,1.8444474526964154e-39,1.8493279063787246e-39,1.8542083600610767e-39,1.8590888137434078e-39,1.8639692674256803e-39,1.8688497211080078e-39,1.8737301747903285e-39,1.878610628472651e-39,1.8834910821549533e-39,1.8883715358372956e-39,1.8932519895195964e-39,1.8981324432019197e-39,1.903012896884243e-39,1.9078933505665938e-39,1.912773804248906e-39,1.917654257931216e-39,1.922534711613537e-39,1.927415165295843e-39,1.9322956189781817e-39,1.9371760726604756e-39,1.9420565263428117e-39,1.9469369800251402e-39,1.9518174337074818e-39,1.9566978873898335e-39,1.961578341072155e-39,1.9664587947544462e-39,1.971339248436756e-39,1.9762197021190984e-39,1.981100155801387e-39,1.9859806094837222e-39,1.9908610631660485e-39,1.995741516848379e-39,2.0006219705306752e-39,2.005502424213006e-39,2.0103828778953855e-39,2.0152633315776684e-39,2.0201437852600188e-39,2.0250242389423176e-39,2.0299046926246054e-39,2.0347851463069408e-39,2.039665599989258e-39,2.044546053671595e-39,2.049426507353912e-39,2.054306961036265e-39,2.059187414718542e-39,2.0640678684008807e-39,2.0689483220832102e-39,2.0738287757655172e-39,2.078709229447843e-39,2.0835896831301593e-39,2.088470136812506e-39,2.093350590494831e-39,2.0982310441771153e-39,2.1031114978594666e-39,2.1079919515417368e-39,2.112872405224038e-39,2.1177528589064154e-39,2.1226333125887456e-39,2.127513766271053e-39,2.1323942199533968e-39,2.137274673635747e-39,2.1421551273180147e-39,2.1470355810003903e-39,2.151916034682681e-39,2.1567964883650128e-39,2.1616769420473054e-39,2.1665573957296917e-39,2.1714378494119847e-39,2.1763183030943276e-39,2.181198756776624e-39,2.1860792104589175e-39,2.1909596641412783e-39,2.1958401178235576e-39,2.20072057150587e-39,2.2056010251881987e-39,2.2104814788704975e-39,2.2153619325528744e-39,2.2202423862352006e-39,2.2251228399174443e-39,2.2300032935997833e-39,2.2348837472821328e-39,2.2397642009644535e-39,2.2446446546467833e-39,2.249525108329127e-39,2.25440556201147e-39,2.2592860156937605e-39,2.264166469376095e-39,2.269046923058357e-39,2.273927376740655e-39,2.2788078304230603e-39,2.283688284105297e-39,2.288568737787648e-39,2.2934491914700068e-39,2.298329645152357e-39,2.303210098834622e-39,2.3080905525169317e-39,2.3129710061992896e-39,2.3178514598815598e-39,2.3227319135638886e-39,2.327612367246255e-39,2.3324928209285568e-39,2.3373732746108746e-39,2.3422537282932243e-39,2.3471341819755033e-39,2.3520146356578432e-39,2.356895089340178e-39,2.3617755430225597e-39,2.36665599670482e-39,2.3715364503871515e-39,2.3764169040694592e-39,2.381297357751815e-39,2.3861778114341202e-39,2.391058265116471e-39,2.3959387187987913e-39,2.4008191724810664e-39,2.4056996261634288e-39,2.4105800798457202e-39,2.4154605335280086e-39,2.420340987210371e-39,2.4252214408927218e-39,2.4301018945749642e-39,2.4349823482573143e-39,2.4398628019397952e-39,2.4447432556219867e-39,2.4496237093043068e-39,2.4545041629866154e-39,2.459384616668919e-39,2.464265070351282e-39,2.469145524033576e-39,2.4740259777159107e-39,2.4789064313982157e-39,2.4837868850804966e-39,2.4886673387628966e-39,2.4935477924451726e-39,2.4984282461275038e-39,2.503308699809825e-39,2.5081891534921054e-39,2.513069607174439e-39,2.5179500608567726e-39,2.522830514539076e-39,2.527710968221417e-39,2.5325914219037935e-39,2.5374718755861132e-39,2.542352329268439e-39,2.5472327829506825e-39,2.5521132366330558e-39,2.5569936903153618e-39,2.5618741439976943e-39,2.5667545976800192e-39,2.5716350513623478e-39,2.57651550504462e-39,2.5813959587269673e-39,2.5862764124092636e-39,2.5911568660915722e-39,2.5960373197738756e-39,2.6009177734562162e-39,2.605798227138563e-39,2.6106786808208502e-39,2.6155591345032358e-39,2.6204395881855004e-39,2.6253200418678107e-39,2.6302004955501973e-39,2.635080949232489e-39,2.6399614029147764e-39,2.6448418565971183e-39,2.649722310279453e-39,2.6546027639617575e-39,2.659483217644059e-39,2.6643636713263813e-39,2.6692441250087366e-39,2.674124578691054e-39,2.6790050323733705e-39,2.6838854860556814e-39,2.688765939737988e-39,2.6936463934203114e-39,2.6985268471026488e-39,2.7034073007850194e-39,2.7082877544672876e-39,2.7131682081496227e-39,2.718048661831966e-39,2.722929115514297e-39,2.7278095691966572e-39,2.7326900228789884e-39,2.7375704765613388e-39,2.7424509302436836e-39,2.747331383925954e-39,2.7522118376082742e-39,2.7570922912905933e-39,2.761972744972845e-39,2.7668531986551688e-39,2.771733652337504e-39,2.7766141060198715e-39,2.7814945597021544e-39,2.786375013384486e-39,2.7912554670668425e-39,2.7961359207491573e-39,2.8010163744314343e-39,2.805896828113749e-39,2.81077728179604e-39,2.8156577354783984e-39,2.820538189160719e-39,2.825418642843006e-39,2.830299096525316e-39,2.835179550207647e-39,2.840060003889965e-39,2.8449404575723132e-39,2.8498209112546352e-39,2.8547013649369938e-39,2.8595818186193073e-39,2.864462272301615e-39,2.8693427259839302e-39,2.87422317966625e-39,2.8791036333485824e-39,2.8839840870308943e-39,2.888864540713174e-39,2.8937449943955122e-39,2.8986254480778414e-39,2.903505901760184e-39,2.9083863554425223e-39,2.9132668091248026e-39,2.9181472628071497e-39,2.9230277164895125e-39,2.9279081701718838e-39,2.93278862385419e-39,2.937669077536481e-39,2.942549531218838e-39,2.947429984901059e-39,2.9523104385834704e-39,2.9571908922657356e-39,2.9620713459480714e-39,2.966951799630323e-39,2.971832253312676e-39,2.976712706994959e-39,2.981593160677312e-39,2.986473614359627e-39,2.99135406804196e-39,2.9962345217242485e-39,3.001114975406648e-39,3.0059954290889245e-39,3.010875882771229e-39,3.015756336453593e-39,3.0206367901358586e-39,3.0255172438182406e-39,3.030397697500509e-39,3.035278151182826e-39,3.0401586048651245e-39,3.0450390585475104e-39,3.049919512229861e-39,3.0547999659121675e-39,3.0596804195945215e-39,3.064560873276787e-39,3.069441326959169e-39,3.074321780641458e-39,3.0792022343237776e-39,3.084082688006075e-39,3.088963141688367e-39,3.093843595370737e-39,3.098724049053009e-39,3.103604502735327e-39,3.1084849564176386e-39,3.113365410099939e-39,3.118245863782296e-39,3.1231263174646966e-39,3.128006771146946e-39,3.132887224829292e-39,3.13776767851165e-39,3.142648132193971e-39,3.1475285858762885e-39,3.152409039558621e-39,3.1572894932409664e-39,3.162169946923106e-39,3.167050400605573e-39,3.1719308542879364e-39,3.176811307970239e-39,3.1816917616526144e-39,3.186572215334905e-39,3.191452669017209e-39,3.196333122699532e-39,3.201213576381833e-39,3.206094030064169e-39,3.2109744837465236e-39,3.2158549374287954e-39,3.220735391111177e-39,3.225615844793454e-39,3.230496298475807e-39,3.235376752158128e-39,3.2402572058404447e-39,3.245137659522821e-39,3.250018113205052e-39,3.2548985668874035e-39,3.259779020569784e-39,3.264659474252007e-39,3.269539927934376e-39,3.274420381616686e-39,3.279300835298986e-39,3.284181288981286e-39,3.2890617426635957e-39,3.293942196345918e-39,3.298822650028263e-39,3.3037031037105004e-39,3.3085835573928824e-39,3.313464011075261e-39,3.318344464757506e-39,3.323224918439797e-39,3.3281053721221163e-39,3.3329858258044116e-39,3.337866279486796e-39,3.34274673316908e-39,3.347627186851397e-39,3.3525076405337884e-39,3.357388094216157e-39,3.362268547898408e-39,3.367149001580698e-39,3.3720294552630256e-39,3.376909908945339e-39,3.381790362627709e-39,3.3866708163100634e-39,3.39155126999236e-39,3.396431723674697e-39,3.401312177357067e-39,3.406192631039364e-39,3.4110730847217075e-39,3.415953538403968e-39,3.4208339920862595e-39,3.4257144457685835e-39,3.430594899450884e-39,3.4354753531332386e-39,3.440355806815591e-39,3.4452362604979074e-39,3.450116714180281e-39,3.454997167862536e-39,3.459877621544795e-39,3.4647580752271785e-39,3.4696385289095084e-39,3.4745189825918643e-39,3.479399436274184e-39,3.484279889956447e-39,3.4891603436387886e-39,3.4940407973210956e-39,3.498921251003424e-39,3.503801704685703e-39,3.508682158368011e-39,3.5135626120503543e-39,3.5184430657326966e-39,3.523323519415054e-39,3.528203973097372e-39,3.5330844267796424e-39,3.537964880461993e-39,3.5428453341443276e-39,3.5477257878266156e-39,3.552606241508872e-39,3.557486695191275e-39,3.562367148873632e-39,3.567247602555894e-39,3.572128056238214e-39,3.5770085099205725e-39,3.581888963602922e-39,3.58676941728522e-39,3.591649870967562e-39,3.596530324649912e-39,3.601410778332255e-39,3.606291232014493e-39,3.611171685696804e-39,3.6160521393791226e-39,3.620932593061481e-39,3.625813046743796e-39,3.630693500426191e-39,3.635573954108374e-39,3.6404544077907405e-39,3.645334861473106e-39,3.6502153151554204e-39,3.655095768837707e-39,3.659976222520022e-39,3.6648566762023545e-39,3.6697371298846615e-39,3.674617583566955e-39,3.6794980372492925e-39,3.68437849093164e-39,3.689258944613911e-39,3.694139398296283e-39,3.6990198519785936e-39,3.703900305660877e-39,3.708780759343297e-39,3.7136612130256e-39,3.718541666707912e-39,3.7234221203901874e-39,3.728302574072477e-39,3.7331830277549326e-39,3.7380634814371835e-39,3.742943935119509e-39,3.747824388801798e-39,3.752704842484112e-39,3.757585296166492e-39,3.7624657498488614e-39,3.7673462035310745e-39,3.772226657213442e-39,3.7771071108957635e-39,3.781987564578097e-39,3.786868018260359e-39,3.7917484719426957e-39,3.796628925625056e-39,3.801509379307398e-39,3.806389832989715e-39,3.8112702866719805e-39,3.8161507403542575e-39,3.8210311940365984e-39,3.825911647718873e-39,3.830792101401233e-39,3.8356725550836375e-39,3.8405530087659824e-39,3.845433462448315e-39,3.8503139161305625e-39,3.855194369812878e-39,3.8600748234952405e-39,3.864955277177489e-39,3.8698357308598545e-39,3.87471618454223e-39,3.8795966382245696e-39,3.88447709190687e-39,3.889357545589189e-39,3.89423799927157e-39,3.8991184529538414e-39,3.903998906636126e-39,3.90887936031847e-39,3.9137598140008336e-39,3.918640267683107e-39,3.923520721365445e-39,3.9284011750477494e-39,3.933281628730037e-39,3.9381620824122975e-39,3.943042536094682e-39,3.947922989777012e-39,3.952803443459338e-39,3.9576838971416573e-39,3.962564350823886e-39,3.9674448045062635e-39,3.972325258188578e-39,3.977205711870936e-39,3.9820861655532544e-39,3.986966619235633e-39,3.9918470729179454e-39,3.996727526600246e-39,4.0016079802826e-39,4.00648843396486e-39,4.0113688876471773e-39,4.0162493413295026e-39,4.021129795011777e-39,4.0260102486941056e-39,4.030890702376402e-39,4.0357711560586504e-39,4.040651609741037e-39,4.04553206342338e-39,4.0504125171057365e-39,4.055292970788065e-39,4.060173424470468e-39,4.065053878152778e-39,4.0699343318350527e-39,4.074814785517406e-39,4.079695239199649e-39,4.0845756928820096e-39,4.0894561465643296e-39,4.0943366002466667e-39,4.09921705392903e-39,4.1040975076112813e-39,4.108977961293578e-39,4.113858414975958e-39,4.1187388686582565e-39,4.123619322340546e-39,4.1284997760228986e-39,4.1333802297053355e-39,4.138260683387576e-39,4.143141137069778e-39,4.148021590752188e-39,4.152902044434632e-39,4.157782498116897e-39,4.162662951799187e-39,4.167543405481482e-39,4.1724238591638464e-39,4.177304312846141e-39,4.1821847665283025e-39,4.1870652202107674e-39,4.191945673893128e-39,4.196826127575361e-39,4.201706581257725e-39,4.206587034940063e-39,4.211467488622397e-39,4.21634794230471e-39,4.221228395987121e-39,4.2261088496694114e-39,4.230989303351684e-39,4.2358697570339836e-39,4.24075021071631e-39,4.245630664398594e-39,4.250511118080951e-39,4.2553915717633e-39,4.2602720254456394e-39,4.265152479127926e-39,4.270032932810188e-39,4.274913386492578e-39,4.2797938401749764e-39,4.2846742938572756e-39,4.2895547475395e-39,4.2944352012218727e-39,4.299315654904177e-39,4.3041961085864345e-39,4.3090765622687134e-39,4.313957015951141e-39,4.318837469633533e-39,4.323717923315697e-39,4.328598376998163e-39,4.3334788306803894e-39,4.3383592843627584e-39,4.343239738045044e-39,4.348120191727331e-39,4.353000645409728e-39,4.3578810990920387e-39,4.3627615527743646e-39,4.3676420064566514e-39,4.372522460138962e-39,4.3774029138213835e-39,4.382283367503674e-39,4.3871638211859884e-39,4.3920442748683156e-39,4.396924728550613e-39,4.40180518223287e-39,4.406685635915168e-39,4.411566089597528e-39,4.4164465432799133e-39,4.421326996962251e-39,4.426207450644444e-39,4.431087904326814e-39,4.435968358009177e-39,4.440848811691435e-39,4.445729265373832e-39,4.450609719056155e-39,4.4554901727385136e-39,4.460370626420788e-39,4.4652510801031877e-39,4.470131533785445e-39,4.475011987467736e-39,4.4798924411500526e-39,4.4847728948323863e-39,4.4896533485146405e-39,4.494533802197059e-39,4.4994142558793524e-39,4.5042947095617305e-39,4.5091751632440415e-39,4.5140556169263315e-39,4.518936070608692e-39,4.523816524290994e-39,4.5286969779733224e-39,4.5335774316555876e-39,4.538457885337973e-39,4.5433383390201625e-39,4.5482187927025674e-39,4.553099246384876e-39,4.5579797000672244e-39,4.562860153749606e-39,4.567740607431818e-39,4.572621061114181e-39,4.577501514796588e-39,4.5823819684788365e-39,4.587262422161084e-39,4.5921428758434786e-39,4.597023329525858e-39,4.601903783208123e-39,4.6067842368904583e-39,4.6116646905727275e-39,4.6165451442550737e-39,4.621425597937385e-39,4.6263060516196935e-39,4.6311865053020515e-39,4.636066958984404e-39,4.6409474126667164e-39,4.645827866348975e-39,4.6507083200313076e-39,4.655588773713671e-39,4.660469227395963e-39,4.665349681078269e-39,4.67023013476049e-39,4.675110588442876e-39,4.6799910421251627e-39,4.6848714958075506e-39,4.6897519494898576e-39,4.6946324031721724e-39,4.699512856854604e-39,4.704393310536867e-39,4.7092737642191457e-39,4.7141542179014794e-39,4.7190346715838804e-39,4.7239151252660687e-39,4.7287955789483894e-39,4.7336760326307133e-39,4.7385564863130726e-39,4.7434369399954024e-39,4.748317393677867e-39,4.753197847360069e-39,4.758078301042465e-39,4.762958754724689e-39,4.767839208407097e-39,4.772719662089364e-39,4.777600115771681e-39,4.782480569454048e-39,4.787361023136443e-39,4.7922414768187864e-39,4.797121930501024e-39,4.8020023841832875e-39,4.8068828378655984e-39,4.811763291548018e-39,4.816643745230254e-39,4.821524198912535e-39,4.8264046525948695e-39,4.831285106277283e-39,4.8361655599596956e-39,4.841046013641854e-39,4.845926467324164e-39,4.850806921006507e-39,4.8556873746888584e-39,4.860567828371153e-39,4.8654482820534816e-39,4.8703287357359223e-39,1.4632397017389966e-26,1.5391703163155344e-26,1.543110563864332e-26,1.543315088354667e-26,1.5433257676324967e-26,1.5433263972324296e-26,1.5433265146936894e-26,1.5433266149393147e-26,1.543326723651894e-26,1.543326842164147e-26,1.5433269705451947e-26,1.5433271087987536e-26,1.5433272569249006e-26,1.5433274149236318e-26,1.543327582795063e-26,1.543327760539148e-26,1.5433279481558384e-26,1.5433281456451784e-26,1.5433283530071343e-26,1.543328570241652e-26,1.5433287973488837e-26,1.5433290343287033e-26,1.5433292811811862e-26,1.543329537906254e-26,1.5433298045039975e-26,1.543330080974375e-26,1.5433303673173467e-26,1.5433306635329344e-26,1.5433309696212145e-26,1.5433312855820805e-26,1.5433316114155234e-26,1.5433319471216292e-26,1.5433322927003315e-26,1.5433326481516613e-26,1.5433330134756154e-26,1.5433333886721945e-26,1.543333773741401e-26,1.5433341686831722e-26,1.543334573497629e-26,1.5433349881845794e-26,1.543335412744218e-26,1.5433358471764555e-26,1.543336291481336e-26,1.5433367456588373e-26,1.543337209708883e-26,1.5433376836315736e-26,1.5433381674268847e-26,1.5433386610948607e-26,1.5433391646354276e-26,1.5433396780485504e-26,1.5433402013343138e-26,1.5433407344926204e-26,1.54334127752354e-26,1.5433418304270604e-26,1.5433423932032636e-26,1.5433429658520188e-26,1.5433435483733599e-26,1.5433441407673654e-26,1.5433447430339116e-26,1.5433453551730278e-26,1.543345977184847e-26,1.5433466090692516e-26,1.5433472508261875e-26,1.5433479024557148e-26,1.543348563957826e-26,1.543349235332609e-26,1.54334991657994e-26,1.5433506076998676e-26,1.5433513086923705e-26,1.5433520195574785e-26,1.543352740295202e-26,1.5433534709054752e-26,1.5433542113883323e-26,1.5433549617437896e-26,1.543355721971851e-26,1.543356492072473e-26,1.543357272045717e-26,1.5433580618915534e-26,1.5433588616099407e-26,1.543359671200937e-26,1.5433604906645136e-26,1.5433613200007258e-26,1.5433621592094105e-26,1.543363008290679e-26,1.5433638672445388e-26,1.5433647360710148e-26,1.5433656147700752e-26,1.5433665033417798e-26,1.5433674017860197e-26,1.5433683101027256e-26,1.5433692282921241e-26,1.5433701563540543e-26,1.5433710942885411e-26,1.5433720420955608e-26,1.5433729997751823e-26,1.5433739673274053e-26,1.5433749447521975e-26,1.5433759320495242e-26,1.5433769292194474e-26,1.543377936261968e-26,1.5433789531770722e-26,1.543379979964711e-26,1.5433810166249238e-26,1.5433820631576158e-26,1.5433831195629556e-26,1.5433841858407643e-26,1.5433852619912756e-26,1.5433863480142606e-26,1.5433874439098577e-26,1.543388549677949e-26,1.5433896653186206e-26,1.5433907908319032e-26,1.5433919262177316e-26,1.5433930714761192e-26,1.5433942266070238e-26,1.5433953916104402e-26,1.5433965664864475e-26,1.5433977512350515e-26,1.5433989458562313e-26,1.543400150349966e-26,1.54340136471629e-26,1.5434025889550357e-26,1.5434038230664202e-26,1.5434050670503545e-26,1.5434063209067515e-26,1.5434075846357542e-26,1.5434088582372906e-26,1.5434101417113497e-26,1.5434114350579887e-26,1.5434127382771763e-26,1.5434140513689288e-26,1.5434153743331963e-26,1.5434167071699843e-26,1.543418049879336e-26,1.5434194024612413e-26,1.543420764915689e-26,1.543422137242684e-26,1.5434235194421205e-26,1.543424911514161e-26,1.5434263134587515e-26,1.5434277252758523e-26,1.5434291469654915e-26,1.5434305785277234e-26,1.5434320199624433e-26,1.5434334712697026e-26,1.5434349324494933e-26,1.5434364035018143e-26,1.5434378844266034e-26,1.5434393752239664e-26,1.5434408758938722e-26,1.543442386436277e-26,1.5434439068511984e-26,1.5434454371387506e-26,1.5434469772987167e-26,1.543448527331306e-26,1.5434500872363535e-26,1.5434516570139838e-26,1.5434532366640225e-26,1.543454826186687e-26,1.5434564255818695e-26,1.5434580348494938e-26,1.543459653989676e-26,1.543461283002371e-26,1.5434629218876078e-26,1.5434645706453392e-26,1.5434662292754868e-26,1.5434678977783265e-26,1.5434695761536152e-26,1.5434712644013856e-26,1.5434729625217058e-26,1.5434746705145424e-26,1.5434763883798684e-26,1.543478116117778e-26,1.5434798537281568e-26,1.5434816012110812e-26,1.5434833585664326e-26,1.543485125794368e-26,1.5434869028947348e-26,1.543488689867659e-26,1.5434904867130795e-26,1.543492293431029e-26,1.5434941100215322e-26,1.5434959364845503e-26,1.5434977728200008e-26,1.543499619027898e-26,1.5435014751083953e-26,1.543503341061294e-26,1.5435052168867365e-26,1.5435071025846288e-26,1.5435089981550355e-26,1.5435109035979248e-26,1.5435128189133888e-26,1.543514744101249e-26,1.5435166791616667e-26,1.5435186240946278e-26,1.5435205789000582e-26,1.5435225435779268e-26,1.5435245181282903e-26,1.543526502551153e-26,1.5435284968465462e-26,1.543530501014358e-26,1.5435325150547364e-26,1.543534538967596e-26,1.5435365727528208e-26,1.5435386164106647e-26,1.5435406699409557e-26,1.543542733343697e-26,1.5435448066189638e-26,1.5435468897666987e-26,1.5435489827869447e-26,1.543551085679627e-26,1.543553198444785e-26,1.5435553210824654e-26,1.5435574535926127e-26,1.5435595959752368e-26,1.5435617482303753e-26,1.5435639103579284e-26,1.5435660823580226e-26,1.543568264230577e-26,1.543570455975603e-26,1.5435726575930738e-26,1.5435748690830314e-26,1.5435770904454375e-26,1.5435793216802774e-26,1.5435815627876635e-26,1.5435838137675087e-26,1.5435860746197687e-26,1.5435883453445348e-26,1.5435906259417686e-26,1.5435929164114362e-26,1.543595216753591e-26,1.543597526968181e-26,1.543599847055244e-26,1.5436021770148255e-26,1.5436045168468523e-26,1.5436068665513384e-26,1.5436092261282288e-26,1.543611595577685e-26,1.543613974899547e-26,1.543616364093818e-26,1.5436187631606177e-26,1.5436211720998092e-26,1.5436235909114785e-26,1.5436260195956244e-26,1.543628458152231e-26,1.543630906581301e-26,1.543633364882744e-26,1.5436358330567083e-26,1.543638311103146e-26,1.5436407990219935e-26,1.5436432968133059e-26,1.5436458044770454e-26,1.5436483220132328e-26,1.54365084942182e-26,1.5436533867029552e-26,1.543655933856563e-26,1.543658490882498e-26,1.5436610577809716e-26,1.543663634551873e-26,1.543666221195232e-26,1.5436688177109412e-26,1.5436714240991444e-26,1.5436740403597506e-26,1.543676666492818e-26,1.543679302498339e-26,1.5436819483762738e-26,1.543684604126581e-26,1.5436872697494827e-26,1.543689945244798e-26,1.543692630612444e-26,1.5436953258525977e-26,1.5436980309652082e-26,1.5437007459502263e-26,1.5437034708076662e-26,1.543706205537524e-26,1.5437089501398114e-26,1.5437117046145334e-26,1.5437144689617702e-26,1.5437172431813158e-26,1.54372002727338e-26,1.5437228212377765e-26,1.5437256250746112e-26,1.543728438783939e-26,1.5437312623656773e-26,1.5437340958198102e-26,1.5437369391463995e-26,1.54373979234544e-26,1.543742655416839e-26,1.543745528360666e-26,1.5437484111768705e-26,1.5437513038655097e-26,1.5437542064265936e-26,1.5437571188599824e-26,1.5437600411658618e-26,1.5437629733442018e-26,1.5437659153950033e-26,1.5437688673181155e-26,1.543771829113765e-26,1.5437748007816924e-26,1.543777782322126e-26,1.543780773734936e-26,1.543783775020163e-26,1.5437867861777916e-26,1.543789807207823e-26,1.5437928381103182e-26,1.543795878885168e-26,1.5437989295323774e-26,1.5438019900520682e-26,1.5438050604441804e-26,1.5438081407086638e-26,1.5438112308455913e-26,1.5438143308548697e-26,1.543817440736533e-26,1.5438205604905657e-26,1.5438236901169908e-26,1.543826829615921e-26,1.5438299789872117e-26,1.5438331382309198e-26,1.543836307347011e-26,1.5438394863354384e-26,1.5438426751963554e-26,1.5438458739295564e-26,1.5438490825352007e-26,1.5438523010132652e-26,1.5438555293637627e-26,1.5438587675865838e-26,1.5438620156817913e-26,1.543865273649475e-26,1.5438685414894724e-26,1.5438718192018702e-26,1.5438751067866263e-26,1.5438784042437775e-26,1.5438817115733033e-26,1.543885028775258e-26,1.543888355849559e-26,1.5438916927962783e-26,1.5438950396153356e-26,1.5438983963067973e-26,1.5439017628705912e-26,1.543905139306815e-26,1.5439085256153852e-26,1.543911921796416e-26,1.5439153278497935e-26,1.5439187437755802e-26,1.5439221695737627e-26,1.5439256052441966e-26,1.543929050787091e-26,1.5439325062023444e-26,1.5439359714899803e-26,1.5439394466499326e-26,1.5439429316823603e-26,1.543946426587087e-26,1.543949931364158e-26,1.5439534460136677e-26,1.543956970535513e-26,1.5439605049298085e-26,1.5439640491964328e-26,1.5439676033353762e-26,1.5439711673466557e-26,1.5439747412303154e-26,1.5439783249863553e-26,1.5439819186147126e-26,1.5439855221155135e-26,1.5439891354886914e-26,1.5439927587342173e-26,1.5439963918520343e-26,1.5440000348422372e-26,1.544003687704823e-26,1.5440073504396886e-26,1.544011023047006e-26,1.5440147055265945e-26,1.544018397878623e-26,1.5440221001029667e-26,1.544025812199712e-26,1.54402953416873e-26,1.544033266010139e-26,1.544037007723939e-26,1.5440407593100058e-26,1.5440445207684209e-26,1.5440482920992488e-26,1.544052073302437e-26,1.5440558643779546e-26,1.544059665325842e-26,1.5440634761459748e-26,1.544067296838563e-26,1.5440711274034934e-26,1.5440749678407294e-26,1.5440788181503142e-26,1.5440826783322653e-26,1.544086548386551e-26,1.5440904283131193e-26,1.5440943181120734e-26,1.5440982177833573e-26,1.544102127326996e-26,1.544106046742902e-26,1.54410997603116e-26,1.5441139151918184e-26,1.5441178642247664e-26,1.5441218231300435e-26,1.5441257919077013e-26,1.5441297705576402e-26,1.5441337590799432e-26,1.5441377574745864e-26,1.5441417657415617e-26,1.5441457838808802e-26,1.544149811892503e-26,1.5441538497764136e-26,1.5441578975327043e-26,1.544161955161348e-26,1.5441660226623126e-26,1.544170100035613e-26,1.5441741872811875e-26,1.5441782843990886e-26,1.544182391389323e-26,1.5441865082518568e-26,1.544190634986688e-26,1.5441947715939084e-26,1.5441989180734022e-26,1.5442030744252087e-26,1.5442072406493106e-26,1.54421141674584e-26,1.5442156027145946e-26,1.5442197985557505e-26,1.544224004269139e-26,1.5442282198548483e-26,1.5442324453129472e-26,1.544236680643277e-26,1.544240925845967e-26,1.5442451809209477e-26,1.5442494458681776e-26,1.5442537206877127e-26,1.5442580053795915e-26,1.5442622999438538e-26,1.5442666043803847e-26,1.544270918689146e-26,1.544275242870259e-26,1.5442795769236934e-26,1.5442839208494236e-26,1.5442882746474656e-26,1.5442926383177652e-26,1.544297011860452e-26,1.5443013952753088e-26,1.5443057885625364e-26,1.544310191722106e-26,1.5443146047539485e-26,1.544319027658058e-26,1.5443234604345224e-26,1.5443279030832193e-26,1.5443323556043075e-26,1.5443368179976905e-26,1.5443412902633225e-26,1.544345772401265e-26,1.544350264411501e-26,1.5443547662940012e-26,1.5443592780487628e-26,1.5443637996758354e-26,1.5443683311751644e-26,1.5443728725467944e-26,1.5443774237907074e-26,1.5443819849068563e-26,1.544386555895364e-26,1.5443911367561273e-26,1.544395727489163e-26,1.5444003280945285e-26,1.5444049385721156e-26,1.5444095589220262e-26,1.5444141891442071e-26,1.5444188292386522e-26,1.5444234792053348e-26,1.5444281390443607e-26,1.5444328087556578e-26,1.5444374883392e-26,1.544442177795033e-26,1.5444468771231672e-26,1.5444515863235976e-26,1.5444563053962715e-26,1.5444610343412704e-26,1.5444657731585492e-26,1.54447052184806e-26,1.5444752804098016e-26,1.5444800488438756e-26,1.5444848271501877e-26,1.544489615328786e-26,1.5444944133796597e-26,1.544499221302761e-26,1.544504039098138e-26,1.544508866765792e-26,1.5445137043057472e-26,1.5445185517179074e-26,1.5445234090022953e-26,1.544528276158996e-26,1.5445331531879328e-26,1.5445380400891287e-26,1.5445429368626465e-26,1.544547843508475e-26,1.544552760026426e-26,1.5445576864167112e-26,1.5445626226792117e-26,1.5445675688139048e-26,1.5445725248209394e-26,1.5445774907002772e-26,1.5445824664518527e-26,1.5445874520756159e-26,1.5445924475716784e-26,1.5445974529399567e-26,1.5446024681805482e-26,1.5446074932933124e-26,1.5446125282783198e-26,1.5446175731356275e-26,1.5446226278652065e-26,1.5446276924670113e-26,1.5446327669409985e-26,1.5446378512872562e-26,1.5446429455057778e-26,1.5446480495966077e-26,1.544653163559622e-26,1.5446582873948627e-26,1.5446634211024097e-26,1.5446685646821583e-26,1.5446737181341482e-26,1.5446788814583546e-26,1.5446840546547996e-26,1.5446892377234982e-26,1.5446944306644056e-26,1.5446996334776156e-26,1.5447048461630123e-26,1.5447100687206878e-26,1.5447153011505842e-26,1.5447205434526592e-26,1.5447257956270348e-26,1.5447310576736554e-26,1.544736329592437e-26,1.54474161138341e-26,1.5447469030466678e-26,1.5447522045821144e-26,1.5447575159897778e-26,1.544762837269744e-26,1.544768168421946e-26,1.5447735094463164e-26,1.544778860342955e-26,1.544784221111812e-26,1.54478959175291e-26,1.5447949722661477e-26,1.5448003626516634e-26,1.5448057629093158e-26,1.5448111730393125e-26,1.5448165930414506e-26,1.5448220229158517e-26,1.5448274626624056e-26,1.5448329122812274e-26,1.5448383717722365e-26,1.5448438411354546e-26,1.5448493203709143e-26,1.544854809478596e-26,1.544860308458435e-26,1.5448658173105713e-26,1.5448713360348753e-26,1.5448768646313896e-26,1.5448824031001358e-26,1.5448879514409672e-26,1.544893509654168e-26,1.5448990777395671e-26,1.544904655697095e-26,1.5449102435269213e-26,1.544915841228825e-26,1.544921448802961e-26,1.544927066249292e-26,1.5449326935678608e-26,1.544938330758603e-26,1.5449439778215988e-26,1.5449496347567972e-26,1.5449553015642193e-26,1.5449609782437454e-26,1.5449666647954884e-26,1.5449723612194284e-26,1.5449780675156728e-26,1.5449837836839563e-26,1.544989509724505e-26,1.5449952456372617e-26,1.5450009914222107e-26,1.545006747079357e-26,1.5450125126086965e-26,1.5450182880101765e-26,1.5450240732838682e-26,1.54502986842981e-26,1.5450356734479018e-26,1.5450414883381694e-26,1.5450473131006087e-26,1.5450531477352497e-26,1.5450589922421097e-26,1.5450648466210716e-26,1.5450707108722907e-26,1.545076584995717e-26,1.5450824689913223e-26,1.545088362859112e-26,1.5450942665990682e-26,1.545100180211219e-26,1.5451061036955182e-26,1.5451120370519864e-26,1.545117980280638e-26,1.5451239333814374e-26,1.5451298963544038e-26,1.545135869199563e-26,1.545141851916948e-26,1.5451478445064458e-26,1.545153846968112e-26,1.5451598593019985e-26,1.5451658815079952e-26,1.545171913586197e-26,1.5451779555366092e-26,1.545184007359155e-26,1.5451900690538696e-26,1.545196140620771e-26,1.5452022220597212e-26,1.545208313370921e-26,1.5452144145542596e-26,1.5452205256097483e-26,1.5452266465374905e-26,1.5452327773373282e-26,1.54523891800937e-26,1.5452450685535456e-26,1.5452512289698756e-26,1.545257399258321e-26,1.545263579418944e-26,1.5452697694517703e-26,1.545275969356753e-26,1.545282179133854e-26,1.5452883987831564e-26,1.545294628304571e-26,1.5453008676981462e-26,1.545307116963824e-26,1.5453133761017218e-26,1.5453196451117926e-26,1.5453259239940002e-26,1.5453322127483434e-26,1.5453385113749236e-26,1.545344819873507e-26,1.5453511382443035e-26,1.545357466487295e-26,1.5453638046023232e-26,1.5453701525895888e-26,1.545376510449007e-26,1.5453828781805568e-26,1.5453892557841595e-26,1.5453956432600083e-26,1.545402040607945e-26,1.545408447827992e-26,1.5454148649201914e-26,1.5454212918845488e-26,1.5454277287211153e-26,1.545434175429765e-26,1.5454406320104952e-26,1.545447098463437e-26,1.545453574788468e-26,1.5454600609856615e-26,1.5454665570549972e-26,1.5454730629964263e-26,1.545479578810023e-26,1.545486104495716e-26,1.5454926400535676e-26,1.545499185483546e-26,1.5455057407856336e-26,1.5455123059598353e-26,1.5455188810061887e-26,1.545525465924651e-26,1.5455320607152836e-26,1.545538665377956e-26,1.5455452799128096e-26,1.5455519043198184e-26,1.545558538598934e-26,1.545565182750139e-26,1.5455718367734175e-26,1.5455785006689056e-26,1.545585174436524e-26,1.545591858076258e-26,1.5455985515880652e-26,1.5456052549720133e-26,1.5456119682280245e-26,1.545618691356173e-26,1.5456254243564366e-26,1.545632167228838e-26,1.5456389199733493e-26,1.5456456825899573e-26,1.5456524550786415e-26,1.545659237439512e-26,1.5456660296724416e-26,1.545672831777483e-26,1.5456796437546306e-26,1.545686465603949e-26,1.5456932973253607e-26,1.5457001389188974e-26,1.5457069903845112e-26,1.5457138517222095e-26,1.5457207229320297e-26,1.5457276040139297e-26,1.545734494967932e-26,1.54574139579405e-26,1.5457483064922973e-26,1.5457552270626554e-26,1.5457621575051128e-26,1.5457690978196557e-26,1.545776048006236e-26,1.5457830080649706e-26,1.5457899779958317e-26,1.5457969577987447e-26,1.545803947473734e-26,1.545810947020803e-26,1.545817956440039e-26,1.5458249757313014e-26,1.5458320048946316e-26,1.5458390439301266e-26,1.545846092837668e-26,1.545853151617341e-26,1.545860220269065e-26,1.5458672987928658e-26,1.5458743871887584e-26,1.545881485456778e-26,1.545888593596829e-26,1.5458957116089585e-26,1.5459028394932017e-26,1.5459099772495414e-26,1.5459171248779518e-26,1.5459242823784373e-26,1.54593144975098e-26,1.5459386269956754e-26,1.5459458141124153e-26,1.5459530111011896e-26,1.5459602179620596e-26,1.545967434695006e-26,1.5459746613000204e-26,1.545981897777181e-26,1.5459891441263634e-26,1.5459964003476098e-26,1.546003666440994e-26,1.5460109424063502e-26,1.5460182282438347e-26,1.5460255239533862e-26,1.5460328295349995e-26,1.546040144988688e-26,1.5460474703144367e-26,1.5460548055122658e-26,1.5460621505821736e-26,1.5460695055240905e-26,1.546076870338121e-26,1.5460842450241822e-26,1.5460916295823704e-26,1.5460990240125473e-26,1.5461064283148154e-26,1.5461138424891358e-26,1.5461212665355485e-26,1.546128700454007e-26,1.546136144244484e-26,1.5461435979070763e-26,1.5461510614417003e-26,1.5461585348483405e-26,1.546166018127057e-26,1.5461735112777772e-26,1.5461810143006881e-26,1.5461885271955542e-26,1.5461960499624713e-26,1.546203582601484e-26,1.5462111251125245e-26,1.546218677495611e-26,1.5462262397507238e-26,1.5462338118778858e-26,1.5462413938770736e-26,1.5462489857483556e-26,1.5462565874916882e-26,1.5462641991071008e-26,1.5462718205945193e-26,1.546279451953918e-26,1.5462870931853992e-26,1.5462947442889648e-26,1.5463024052645366e-26,1.546310076112163e-26,1.5463177568318695e-26,1.5463254474235407e-26,1.5463331478873263e-26,1.5463408582230937e-26,1.5463485784309233e-26,1.5463563085108064e-26,1.5463640484626928e-26,1.5463717982866683e-26,1.546379557982672e-26,1.546387327550623e-26,1.546395106990719e-26,1.5464028963028034e-26,1.5464106954868442e-26,1.5464185045429745e-26,1.5464263234710693e-26,1.5464341522712595e-26,1.546441990943423e-26,1.546449839487596e-26,1.546457697903902e-26,1.5464655661921408e-26,1.5464734443524392e-26,1.5464813323847922e-26,1.5464892302890693e-26,1.5464971380654046e-26,1.546505055713807e-26,1.5465129832342267e-26,1.5465209206266812e-26,1.546528867891142e-26,1.5465368250276464e-26,1.5465447920361203e-26,1.5465527689166024e-26,1.5465607556691366e-26,1.546568752293698e-26,1.5465767587902574e-26,1.5465847751588437e-26,1.5465928013994058e-26,1.5466008375119832e-26,1.5466088834966165e-26,1.5466169393532298e-26,1.546625005081897e-26,1.5466330806825338e-26,1.546641166155113e-26,1.5466492614997667e-26,1.546657366716443e-26,1.5466654818050627e-26,1.5466736067657314e-26,1.546681741598373e-26,1.5466898863030045e-26,1.5466980408796957e-26,1.546706205328333e-26,1.5467143796490016e-26,1.5467225638416884e-26,1.5467307579063265e-26,1.546738961842973e-26,1.5467471756516356e-26,1.5467553993323213e-26,1.5467636328850002e-26,1.546771876309659e-26,1.546780129606321e-26,1.546788392774948e-26,1.5467966658155745e-26,1.546804948728165e-26,1.546813241512725e-26,1.5468215441693827e-26,1.5468298566979328e-26,1.5468381790985505e-26,1.5468465113710915e-26,1.5468548535156616e-26,1.5468632055321328e-26,1.5468715674207093e-26,1.5468799391811857e-26,1.5468883208137117e-26,1.5468967123181835e-26,1.5469051136946613e-26,1.546913524943099e-26,1.546921946063555e-26,1.546930377055893e-26,1.5469388179202908e-26,1.546947268656606e-26,1.5469557292649073e-26,1.5469641997452817e-26,1.546972680097535e-26,1.546981170321762e-26,1.5469896704180122e-26,1.5469981803861883e-26,1.5470067002263952e-26,1.5470152299386023e-26,1.547023769522753e-26,1.547032318978868e-26,1.5470408783069137e-26,1.5470494475069736e-26,1.5470580265789527e-26,1.547066615522977e-26,1.5470752143389545e-26,1.5470838230268595e-26,1.547092441586751e-26,1.5471010700185396e-26,1.547109708322364e-26,1.5471183564980978e-26,1.547127014545868e-26,1.5471356824655544e-26,1.5471443602571995e-26,1.5471530479207094e-26,1.5471617454563276e-26,1.547170452863811e-26,1.547179170143286e-26,1.5471878972947971e-26,1.5471966343181915e-26,1.5472053812135293e-26,1.5472141379808574e-26,1.5472229046201403e-26,1.5472316811313238e-26,1.5472404675144742e-26,1.5472492637695877e-26,1.5472580698966014e-26,1.5472668858955772e-26,1.5472757117665855e-26,1.5472845475094215e-26,1.5472933931243013e-26,1.5473022486111164e-26,1.5473111139698685e-26,1.547319989200596e-26,1.5473288743032216e-26,1.547337769277869e-26,1.5473466741244637e-26,1.547355588842895e-26,1.547364513433299e-26,1.5473734478956462e-26,1.5473823922298755e-26,1.5473913464361276e-26,1.5474003105142504e-26,1.547409284464349e-26,1.5474182682864305e-26,1.547427261980438e-26,1.5474362655463217e-26,1.5474452789841898e-26,1.5474543022939488e-26,1.5474633354756213e-26,1.547472378529273e-26,1.5474814314549006e-26,1.5474904942524022e-26,1.547499566921813e-26,1.5475086494631872e-26,1.54751774187648e-26,1.5475268441617328e-26,1.5475359563189353e-26,1.5475450783480595e-26,1.5475542102490404e-26,1.5475633520219412e-26,1.5475725036667726e-26,1.547581665183519e-26,1.5475908365721695e-26,1.547600017832815e-26,1.5476092089653395e-26,1.5476184099697444e-26,1.5476276208461987e-26,1.5476368415945058e-26,1.5476460722146973e-26,1.5476553127067974e-26,1.5476645630707323e-26,1.5476738233066895e-26,1.54768309341451e-26,1.5476923733942422e-26,1.5477016632459838e-26,1.5477109629695585e-26,1.5477202725650533e-26,1.547729592032477e-26,1.5477389213718197e-26,1.547748260583031e-26,1.5477576096661552e-26,1.547766968621186e-26,1.547776337448141e-26,1.547785716147051e-26,1.5477951047177717e-26,1.5478045031603937e-26,1.5478139114749553e-26,1.5478233296613885e-26,1.5478327577197736e-26,1.5478421956500472e-26,1.547851643452225e-26,1.5478611011262956e-26,1.547870568672274e-26,1.5478800460901006e-26,1.547889533379888e-26,1.5478990305415246e-26,1.5479085375751105e-26,1.5479180544805356e-26,1.547927581257899e-26,1.5479371179071388e-26,1.5479466644282042e-26,1.5479562208212703e-26,1.547965787086224e-26,1.547975363223015e-26,1.5479849492316958e-26,1.5479945451122347e-26,1.5480041508646797e-26,1.5480137664890177e-26,1.548023391985275e-26,1.5480330273533867e-26,1.548042672593391e-26,1.5480523277052637e-26,1.5480619926890231e-26,1.5480716675446963e-26,1.5480813522722402e-26,1.5480910468716853e-26,1.5481007513430418e-26,1.5481104656862245e-26,1.5481201899012748e-26,1.548129923988212e-26,1.548139667947032e-26,1.548149421777692e-26,1.5481591854802717e-26,1.5481689590546865e-26,1.548178742501012e-26,1.5481885358192202e-26,1.5481983390092532e-26,1.54820815207115e-26,1.5482179750049415e-26,1.5482278078106357e-26,1.548237650488115e-26,1.5482475030375337e-26,1.5482573654587463e-26,1.5482672377518855e-26,1.54827711991684e-26,1.5482870119536982e-26,8.502501025632203e-28,9.092220786799966e-29,5.151861675410506e-29
19,1.6476148554538785e-67,8.585192516835128e-67,2.676324393711647e-66,6.470692285178404e-66,1.3373828104156963e-65,2.481861713496823e-65,4.256016092595386e-65,6.869856405266166e-65,1.0570309530169011e-64,1.564375802949313e-64,2.2418678872064955e-64,3.1268357182675115e-64,4.2613653592194327e-64,5.692580796635921e-64,7.472926644548398e-64,9.66045223109383e-64,1.231909640582713e-63,1.551897262302668e-63,1.933665401475309e-63,2.3855458278935063e-63,2.91657322836221e-63,3.5365136338353195e-63,4.2558928114890044e-63,5.0860246218179e-63,6.039039341855024e-63,7.127911956087743e-63,8.366490416779375e-63,9.76952387535142e-63,1.1352690886327028e-62,1.3132627585132e-62,1.5126955840863944e-62,1.7354311384918732e-62,1.9834371916215078e-62,2.258788518360513e-62,2.563669704592306e-62,2.9003779510051463e-62,3.271325874727275e-62,3.67904430881393e-62,4.126185099602939e-62,4.615523901951568e-62,5.149962972365606e-62,5.732533960030394e-62,6.366400695745306e-62,7.054861978773605e-62,7.801354361606787e-62,8.609454932649187e-62,9.482884096825321e-62,1.0425508354112504e-61,1.1441343076001985e-61,1.2534555279888304e-61,1.3709466401392703e-61,1.4970555064618603e-61,1.6322459850343237e-61,1.7769982062146455e-61,1.9318088490478343e-61,2.0971914174667517e-61,2.2736765162871324e-61,2.461812126997021e-61,2.6621638833406727e-61,2.8753153466972417e-61,3.1018682812542275e-61,3.342442928976011e-61,3.597678284367493e-61,3.868232369032968e-61,4.154782506030745e-61,4.458025594023103e-61,4.778678381222277e-61,5.117477739132075e-61,5.475180936085941e-61,5.852565910580833e-61,6.250431544408163e-61,6.669597935580626e-61,7.110906671056088e-61,7.575221099258241e-61,8.063426602394273e-61,8.57643086857007e-61,9.115164163701862e-61,9.680579603226296e-61,1.0273653423607775e-60,1.0895385253643124e-60,1.154679838556546e-60,1.2228940045944431e-60,1.2942881666386077e-60,1.368971915403083e-60,1.4470573161849392e-60,1.5286589358738437e-60,1.6138938699413737e-60,1.7028817694103574e-60,1.7957448678040796e-60,1.8926080080754178e-60,1.9935986695159343e-60,2.0988469946449205e-60,2.2084858160784316e-60,2.3226506833783026e-60,2.441479889881161e-60,2.5651144995075614e-60,2.693698373550939e-60,2.8273781974468506e-60,2.9663035075221506e-60,3.110626717724295e-60,3.2605031463307336e-60,3.4160910426384034e-60,3.577551613633359e-60,3.7450490506406387e-60,3.9187505559540485e-60,4.0988263694463673e-60,4.2854497951596804e-60,4.478797227875796e-60,4.6790481796670144e-60,4.886385306427085e-60,5.100994434382392e-60,5.3230645865835e-60,5.552788009376774e-60,5.790360198856522e-60,6.035979927297307e-60,6.289849269566634e-60,6.552173629517963e-60,6.82316176636407e-60,7.1030258210308e-60,7.391981342491142e-60,7.690247314079809e-60,7.998046179788126e-60,8.315603870539394e-60,8.643149830444713e-60,8.980917043039202e-60,9.329142057498767e-60,9.688065014837301e-60,1.0057929674084448e-59,1.043898343844369e-59,1.0831477381431337e-59,1.1235666272995695e-59,1.1651808605616984e-59,1.2080166620387708e-59,1.2521006333073963e-59,1.2974597560156773e-59,1.3441213944854478e-59,1.3921132983125655e-59,1.4414636049652526e-59,1.4922008423805733e-59,1.5443539315588388e-59,1.5979521891562214e-59,1.653025330075351e-59,1.7096034700540949e-59,1.7677171282522203e-59,1.827397229836312e-59,1.8886751085627028e-59,1.9515825093584528e-59,2.0161515909004618e-59,2.0824149281925827e-59,2.150405515140944e-59,2.2201567671272353e-59,2.2917025235801357e-59,2.3650770505448186e-59,2.440315043250548e-59,2.517451628676353e-59,2.5965223681148115e-59,2.677563259733904e-59,2.760610741137053e-59,2.845701691920955e-59,2.9328734362320265e-59,3.0221637453204563e-59,3.1136108400926516e-59,3.2072533936616377e-59,3.3031305338956526e-59,3.401281845964737e-59,3.5017473748856014e-59,3.6045676280644353e-59,3.709783577837895e-59,3.817436664012199e-59,3.927568796400358e-59,4.040222357357421e-59,4.155440204313958e-59,4.2732656723075285e-59,4.393742576512593e-59,4.516915214767952e-59,4.642828370102848e-59,4.771527313260922e-59,4.903057805222422e-59,5.03746609972438e-59,5.174798945779098e-59,5.3151035901906035e-59,5.458427780069304e-59,5.60481976534482e-59,5.754328301276838e-59,5.907002650964183e-59,6.062892587851999e-59,6.222048398237029e-59,6.384520883771115e-59,6.5503613639627535e-59,6.719621678676837e-59,6.892354190632507e-59,7.068611787899201e-59,7.248447886390766e-59,7.431916432357791e-59,7.61907190487805e-59,7.809969318345084e-59,8.004664224954975e-59,8.20321271719122e-59,8.405671430307787e-59,8.612097544810323e-59,8.822548788935518e-59,9.037083441128604e-59,9.255760332519046e-59,9.478638849394367e-59,9.705778935672146e-59,9.937241095370179e-59,1.0173086395074777e-58,1.0413376466407317e-58,1.065817350848873e-58,1.0907540290402547e-58,1.116154015365573e-58,1.1420237014637894e-58,1.1683695367078605e-58,1.1951980284502911e-58,1.2225157422684989e-58,1.250329302210006e-58,1.2786453910374363e-58,1.3074707504733356e-58,1.3368121814448189e-58,1.3666765443280214e-58,1.3970707591923756e-58,1.4280018060447052e-58,1.4594767250731373e-58,1.4915026168908338e-58,1.5240866427795495e-58,1.5572360249329862e-58,1.5909580466999928e-58,1.6252600528275575e-58,1.6601494497036902e-58,1.6956337055999614e-58,1.7317203509140763e-58,1.7684169784121176e-58,1.8057312434706224e-58,1.8436708643185567e-58,1.882243622279045e-58,1.9214573620109294e-58,1.961319991750163e-58,2.0018394835510153e-58,2.0430238735271026e-58,2.0848812620922364e-58,2.127419814201096e-58,2.1706477595897173e-58,2.2145733930158072e-58,2.2592050744988794e-58,2.304551229560209e-58,2.3506203494626107e-58,2.3974209914500373e-58,2.4449617789870037e-58,2.493251401997825e-58,2.542298617105695e-58,2.592112247871559e-58,2.642701185032832e-58,2.694074386741942e-58,2.7462408788046703e-58,2.799209754918334e-58,2.8529901769097962e-58,2.9075913749732834e-58,2.9630226479080433e-58,3.0192933633558132e-58,3.0764129580381074e-58,3.13439093799335e-58,3.193236878813809e-58,3.252960425882373e-58,3.313571294609133e-58,3.375079270667805e-58,3.4374942102319684e-58,3.500826040211131e-58,3.565084758486621e-58,3.6302804341472946e-58,3.696423207725082e-58,3.76352329143035e-58,3.8315909693870876e-58,3.9006365978679356e-58,3.970670605529002e-58,4.0417034936445496e-58,4.11374583634148e-58,4.186808280833648e-58,4.260901547656012e-58,4.3360364308986e-58,4.4122237984403034e-58,4.4894745921825054e-58,4.5677998282825216e-58,4.647210597386883e-58,4.727718064864434e-58,4.8093334710392676e-58,4.8920681314234865e-58,4.9759334369497445e-58,5.060940854203706e-58,5.1471019256562825e-58,5.2344282698956736e-58,5.3229315818592695e-58,5.4126236330653835e-58,5.5035162718447786e-58,5.595621423572066e-58,5.6889510908968984e-58,5.7835173539750124e-58,5.8793323706990825e-58,5.976408376929416e-58,6.074757686724477e-58,6.174392692571231e-58,6.27532586561532e-58,6.377569755891066e-58,6.481136992551336e-58,6.58604028409716e-58,6.69229241860726e-58,6.799906263967369e-58,6.90889476809937e-58,7.019270959190307e-58,7.131047945921172e-58,7.244238917695569e-58,7.358857144868175e-58,7.474915978973062e-58,7.59242885295181e-58,7.711409281381501e-58,7.831870860702497e-58,7.95382726944606e-58,8.077292268461837e-58,8.202279701145135e-58,8.328803493664043e-58,8.456877655186395e-58,8.58651627810653e-58,8.717733538271945e-58,8.850543695209716e-58,8.984961092352784e-58,9.12100015726608e-58,9.258675401872451e-58,9.398001422678453e-58,9.538992900999946e-58,9.681664603187549e-58,9.826031380851903e-58,9.97210817108879e-58,1.0119909996704077e-57,1.0269451966438457e-57,1.0420749275192103e-57,1.0573817204249072e-57,1.0728671121501609e-57,1.0885326481674196e-57,1.1043798826547613e-57,1.1204103785182559e-57,1.1366257074143367e-57,1.1530274497721431e-57,1.169617194815847e-57,1.1863965405869567e-57,1.2033670939666274e-57,1.2205304706979272e-57,1.2378882954081027e-57,1.2554422016308238e-57,1.2731938318284108e-57,1.2911448374140486e-57,1.3092968787739796e-57,1.3276516252896862e-57,1.3462107553600557e-57,1.3649759564235083e-57,1.3839489249801478e-57,1.4031313666138865e-57,1.4225249960145007e-57,1.4421315369997448e-57,1.4619527225373992e-57,1.4819902947673308e-57,1.5022460050235144e-57,1.5227216138560544e-57,1.5434188910531766e-57,1.5643396156632185e-57,1.5854855760165928e-57,1.6068585697477292e-57,1.628460403817023e-57,1.6502928945327414e-57,1.67235786757293e-57,1.694657158007293e-57,1.717192610319069e-57,1.739966078426873e-57,1.762979425706543e-57,1.7862345250129552e-57,1.809733258701829e-57,1.8334775186515033e-57,1.857469206284747e-57,1.8817102325904605e-57,1.9062025181454487e-57,1.9309479931361376e-57,1.9559485973802788e-57,1.9812062803486437e-57,2.0067230011866957e-57,2.0325007287362486e-57,2.0585414415571212e-57,2.0848471279487276e-57,2.11141978597174e-57,2.138261423469647e-57,2.1653740580903443e-57,2.1927597173076955e-57,2.220420438443077e-57,2.2483582686869137e-57,2.2765752651201895e-57,2.3050734947359464e-57,2.33385503446077e-57,2.3629219711762535e-57,2.3922764017404508e-57,2.4219204330093114e-57,2.451856181858098e-57,2.482085775202793e-57,2.5126113500214828e-57,2.543435053375732e-57,2.574559042431935e-57,2.6059854844826766e-57,2.6377165569679984e-57,2.6697544474967834e-57,2.7021013538680044e-57,2.734759484092001e-57,2.767731056411766e-57,2.801018299324158e-57,2.8346234516011503e-57,2.8685487623110427e-57,2.9027964908396654e-57,2.9373689069115283e-57,2.97226829061104e-57,3.007496932403619e-57,3.043057133156854e-57,3.0789512041616023e-57,3.115181467153104e-57,3.151750254332072e-57,3.188659908385763e-57,3.2259127825090333e-57,3.2635112404253937e-57,3.3014576564079793e-57,3.3397544153006655e-57,3.378403912538964e-57,3.417408554171046e-57,3.456770756878702e-57,3.496492947998287e-57,3.5365775655416515e-57,3.5770270582170417e-57,3.617843885450086e-57,3.659030517404547e-57,3.7005894350032857e-57,3.7425231299490903e-57,3.7848341047455205e-57,3.827524872717734e-57,3.87059795803327e-57,3.914055895722885e-57,3.9579012317013046e-57,4.00213652278799e-57,4.046764336727881e-57,4.09178725221214e-57,4.1372078588988635e-57,4.1830287574337803e-57,4.229252559470938e-57,4.27588188769338e-57,4.3229193758337905e-57,4.370367668695148e-57,4.4182294221713354e-57,4.466507303267761e-57,4.515203990121948e-57,4.5643221720241154e-57,4.613864549437735e-57,4.6638338340200937e-57,4.714232748642816e-57,4.765064027412379e-57,4.816330415690618e-57,4.868034670115251e-57,4.9201795586202776e-57,4.9727678604565004e-57,5.025802366211928e-57,5.0792858778322307e-57,5.133221208641136e-57,5.187611183360827e-57,5.242458638132326e-57,5.297766420535875e-57,5.353537389611261e-57,5.409774415878168e-57,5.466480381356503e-57,5.523658179586692e-57,5.581310715649972e-57,5.639440906188678e-57,5.698051679426496e-57,5.757145975188714e-57,5.816726744922447e-57,5.876796951716856e-57,5.937359570323377e-57,5.998417587175818e-57,6.059974000410656e-57,6.12203181988711e-57,6.184594067207306e-57,6.247663775736402e-57,6.311243990622705e-57,6.375337768817762e-57,6.439948179096441e-57,6.505078302077007e-57,6.570731230241165e-57,6.636910067954107e-57,6.703617931484539e-57,6.770857949024644e-57,6.83863326071015e-57,6.906947018640255e-57,6.975802386897607e-57,7.045202541568254e-57,7.115150670761555e-57,7.185649974630176e-57,7.25670366538985e-57,7.328314967339475e-57,7.40048711688077e-57,7.473223362538278e-57,7.54652696497915e-57,7.620401197032987e-57,7.694849343711738e-57,7.769874702229351e-57,7.845480582021664e-57,7.921670304766156e-57,7.998447204401699e-57,8.0758146271483e-57,8.153775931526835e-57,8.232334488378772e-57,8.311493680885837e-57,8.39125690458972e-57,8.471627567411804e-57,8.552609089672704e-57,8.634204904111983e-57,8.716418455907772e-57,8.799253202696374e-57,8.882712614591858e-57,8.966800174205648e-57,9.051519376666089e-57,9.136873729638012e-57,9.222866753342256e-57,9.309501980575199e-57,9.396782956728286e-57,9.484713239807503e-57,9.573296400452871e-57,9.662536021957901e-57,9.752435700289069e-57,9.842999044105243e-57,9.934229674777102e-57,1.0026131226406557e-56,1.0118707345846138e-56,1.021196169271838e-56,1.0305897939435196e-56,1.040051977121722e-56,1.0495830886113137e-56,1.059183499501904e-56,1.0688535821697708e-56,1.0785937102797918e-56,1.0884042587873715e-56,1.0982856039403703e-56,1.108238123281026e-56,1.1182621956478797e-56,1.1283582011777013e-56,1.1385265213074048e-56,1.1487675387759737e-56,1.1590816376263698e-56,1.1694692032074624e-56,1.179930622175936e-56,1.1904662824982052e-56,1.2010765734523296e-56,1.2117618856299204e-56,1.2225226109380561e-56,1.2333591426011843e-56,1.2442718751630349e-56,1.2552612044885204e-56,1.2663275277656433e-56,1.2774712435073973e-56,1.288692751553669e-56,1.2999924530731365e-56,1.3113707505651701e-56,1.3228280478617286e-56,1.3343647501292536e-56,1.3459812638705647e-56,1.3576779969267515e-56,1.3694553584790702e-56,1.3813137590508188e-56,1.3932536105092492e-56,1.405275326067434e-56,1.4173793202861609e-56,1.429566009075816e-56,1.4418358096982685e-56,1.454189140768749e-56,1.466626422257733e-56,1.4791480754928183e-56,1.491754523160601e-56,1.5044461893085544e-56,1.5172234993469023e-56,1.5300868800504938e-56,1.5430367595606722e-56,1.55607356738715e-56,1.569197734409874e-56,1.5824096928808953e-56,1.595709876426234e-56,1.6090987200477471e-56,1.622576660124989e-56,1.6361441344170765e-56,1.6498015820645483e-56,1.663549443591225e-56,1.6773881609060673e-56,1.6913181773050325e-56,1.7053399374729303e-56,1.7194538874852759e-56,1.7336604748101443e-56,1.7479601483100215e-56,1.7623533582436521e-56,1.7768405562678912e-56,1.791422195439549e-56,1.8060987302172462e-56,1.8208706164632264e-56,1.8357383114452476e-56,1.8507022738383885e-56,1.8657629637269057e-56,1.88092084260606e-56,1.8961763733839626e-56,1.9115300203834107e-56,1.9269822493437277e-56,1.9425335274225787e-56,1.958184323197824e-56,1.9739351066693382e-56,1.989786349260842e-56,2.0057385238217312e-56,2.0217921046289034e-56,2.037947567388584e-56,2.05420538923815e-56,2.070566048747952e-56,2.0870300259231314e-56,2.1035978022054643e-56,2.120269860475136e-56,2.1370466850526008e-56,2.153928761700375e-56,2.1709165776248594e-56,2.1880106214781557e-56,2.2052113833598684e-56,2.2225193548189256e-56,2.2399350288553804e-56,2.257458899922226e-56,2.2750914639272e-56,2.2928332182345866e-56,2.3106846616670252e-56,2.3286462945073117e-56,2.3467186185002017e-56,2.3649021368541985e-56,2.383197354243374e-56,2.401604776809149e-56,2.420124912162095e-56,2.438758269383727e-56,2.4575053590283024e-56,2.4763666931246037e-56,2.495342785177738e-56,2.5144341501709247e-56,2.5336413045672787e-56,2.5529647663116043e-56,2.5724050548321745e-56,2.5919626910425207e-56,2.611638197343211e-56,2.6314320976236346e-56,2.651344917263782e-56,2.671377183136023e-56,2.691529423606891e-56,2.7118021685388325e-56,2.7321959492920235e-56,2.752711298726118e-56,2.7733487512020203e-56,2.7941088425836643e-56,2.814992110239777e-56,2.8359990930456534e-56,2.857130331384918e-56,2.878386367151293e-56,2.89976774375036e-56,2.92127500610133e-56,2.9429087006387996e-56,2.9646693753145094e-56,2.986557579599121e-56,3.008573864483949e-56,3.0307187824827306e-56,3.052992887633389e-56,3.0753967354997712e-56,3.0979308831734145e-56,3.1205958892752874e-56,3.1433923139575552e-56,3.1663207189053116e-56,3.189381667338332e-56,3.2125757240128327e-56,3.2359034552231992e-56,3.2593654288037323e-56,3.2829622141304e-56,3.306694382122575e-56,3.3305625052447677e-56,3.354567157508378e-56,3.378708914473418e-56,3.4029883532502627e-56,3.4274060525013717e-56,3.451962592443036e-56,3.4766585548470956e-56,3.5014945230426845e-56,3.5264710819179518e-56,3.551588817921794e-56,3.5768483190655803e-56,3.6022501749248817e-56,3.6277949766411885e-56,3.653483316923643e-56,3.679315790050766e-56,3.705292991872138e-56,3.7314155198101854e-56,3.757683972861847e-56,3.7840989516003116e-56,3.8106610581767262e-56,3.8373708963219174e-56,3.8642290713481002e-56,3.8912361901505877e-56,3.918392861209514e-56,3.945699694591529e-56,3.9731573019515137e-56,4.000766296534288e-56,4.0285272931763144e-56,4.056440908307384e-56,4.084507759952395e-56,4.1127284677329405e-56,4.141103652869089e-56,4.169633938181054e-56,4.198319948090921e-56,4.227162308624302e-56,4.256161647412061e-56,4.285318593691999e-56,4.314633778310555e-56,4.344107833724481e-56,4.373741394002554e-56,4.40353509482725e-56,4.433489573496433e-56,4.463605468925054e-56,4.493883421646824e-56,4.524324073815907e-56,4.554928069208596e-56,4.585696053225002e-56,4.616628672890731e-56,4.64772657685856e-56,4.67899041541012e-56,4.710420840457595e-56,4.742018505545334e-56,4.773784065851596e-56,4.80571817819019e-56,4.8378215010121485e-56,4.870094694407403e-56,4.902538420106451e-56,4.935153341482027e-56,4.967940123550766e-56,5.0008994329748775e-56,5.0340319380637995e-56,5.067338308775869e-56,5.100819216719978e-56,5.134475335157252e-56,5.168307339002687e-56,5.202315904826822e-56,5.236501710857389e-56,5.270865436980975e-56,5.305407764744677e-56,5.340129377357749e-56,5.375030959693269e-56,5.410113198289775e-56,5.445376781352914e-56,5.480822398757107e-56,5.5164507420471835e-56,5.552262504440037e-56,5.588258380826259e-56,5.624439067771792e-56,5.660805263519572e-56,5.697357667991151e-56,5.734096982788395e-56,5.771023911195046e-56,5.808139158178407e-56,5.84544343039097e-56,5.882937436172049e-56,5.920621885549413e-56,5.958497490240927e-56,5.9965649636561765e-56,6.0348250208981e-56,6.07327837876462e-56,6.111925755750271e-56,6.150767872047826e-56,6.18980544954992e-56,6.229039211850682e-56,6.268469884247358e-56,6.308098193741917e-56,6.347924869042697e-56,6.387950640566008e-56,6.428176240437757e-56,6.46860240249506e-56,6.509229862287877e-56,6.550059357080598e-56,6.591091625853682e-56,6.632327409305256e-56,6.673767449852732e-56,6.715412491634417e-56,6.757263280511122e-56,6.799320564067769e-56,6.841585091615005e-56,6.884057614190794e-56,6.926738884562036e-56,6.969629657226159e-56,7.012730688412734e-56,7.056042736085069e-56,7.099566559941786e-56,7.143302921418468e-56,7.187252583689227e-56,7.231416311668292e-56,7.275794872011626e-56,7.320389033118512e-56,7.365199565133134e-56,7.4102272399461915e-56,7.455472831196472e-56,7.50093711427244e-56,7.546620866313841e-56,7.592524866213275e-56,7.638649894617782e-56,7.684996733930434e-56,7.7315661683119175e-56,7.778358983682111e-56,7.825375967721667e-56,7.8726179098736e-56,7.920085601344848e-56,7.967779835107876e-56,8.015701405902227e-56,8.063851110236112e-56,8.112229746387983e-56,8.160838114408099e-56,8.209677016120104e-56,8.25874725512261e-56,8.308049636790717e-56,8.357584968277657e-56,8.407354058516301e-56,8.457357718220753e-56,8.507596759887905e-56,8.558071997799006e-56,8.60878424802122e-56,8.65973432840919e-56,8.710923058606604e-56,8.762351260047744e-56,8.814019755959051e-56,8.865929371360675e-56,8.918080933068038e-56,8.970475269693395e-56,9.023113211647367e-56,9.075995591140493e-56,9.12912324218484e-56,9.18249700059548e-56,9.236117703992047e-56,9.289986191800332e-56,9.344103305253788e-56,9.398469887395089e-56,9.453086783077676e-56,9.5079548389673e-56,9.563074903543563e-56,9.618447827101462e-56,9.674074461752916e-56,9.72995566142833e-56,9.786092281878122e-56,9.8424851806742e-56,9.899135217211618e-56,9.95604325271002e-56,1.0013210150215213e-55,1.0070636774600635e-55,1.0128323992568987e-55,1.0186272672653693e-55,1.024448368522044e-55,1.030295790246872e-55,1.0361696198433343e-55,1.042069944898597e-55,1.0479968531836657e-55,1.053950432653528e-55,1.059930771447321e-55,1.065937957888473e-55,1.0719720804848582e-55,1.0780332279289482e-55,1.0841214890979658e-55,1.0902369530540294e-55,1.0963797090443163e-55,1.1025498465012036e-55,1.108747455042427e-55,1.114972624471226e-55,1.1212254447764983e-55,1.127506006132951e-55,1.1338143989012493e-55,1.1401507136281687e-55,1.1465150410467467e-55,1.1529074720764302e-55,1.1593280978232293e-55,1.1657770095798655e-55,1.1722542988259222e-55,1.178760057227996e-55,1.1852943766398446e-55,1.1918573491025382e-55,1.1984490668446091e-55,1.2050696222822011e-55,1.2117191080192186e-55,1.2183976168474769e-55,1.2251052417468507e-55,1.2318420758854223e-55,1.2386082126196372e-55,1.245403745494443e-55,1.2522287682434442e-55,1.2590833747890502e-55,1.2659676592426245e-55,1.2728817159046323e-55,1.279825639264788e-55,1.2867995240022067e-55,1.293803464985549e-55,1.3008375572731701e-55,1.3079018961132698e-55,1.3149965769440379e-55,1.322121695393803e-55,1.3292773472811788e-55,1.3364636286152163e-55,1.3436806355955476e-55,1.350928464612527e-55,1.3582072122473922e-55,1.3655169752724015e-55,1.3728578506509841e-55,1.3802299355378826e-55,1.3876333272793118e-55,1.3950681234130904e-55,1.4025344216687952e-55,1.4100323199679082e-55,1.4175619164239612e-55,1.4251233093426816e-55,1.4327165972221402e-55,1.4403418787528962e-55,1.4479992528181438e-55,1.455688818493857e-55,1.4634106750489368e-55,1.4711649219453546e-55,1.4789516588383013e-55,1.486770985576329e-55,1.4946230022014986e-55,1.5025078089495243e-55,1.5104255062499179e-55,1.5183761947261365e-55,1.5263599751957227e-55,1.5343769486704553e-55,1.5424272163564884e-55,1.5505108796545002e-55,1.5586280401598352e-55,1.5667787996626492e-55,1.574963260148052e-55,1.5831815237962541e-55,1.5914336929827104e-55,1.5997198702782626e-55,1.608040158449284e-55,1.6163946604578223e-55,1.624783479461745e-55,1.6332067188148812e-55,1.6416644820671662e-55,1.6501568729647846e-55,1.6586839954503124e-55,1.667245953662859e-55,1.6758428519382175e-55,1.684474794808998e-55,1.6931418870047747e-55,1.701844233452229e-55,1.7105819392752924e-55,1.7193551097952876e-55,1.7281638505310698e-55,1.737008267199173e-55,1.7458884657139476e-55,1.7548045521877073e-55,1.7637566329308653e-55,1.7727448144520798e-55,1.7817692034583953e-55,1.790829906855386e-55,1.7999270317472908e-55,1.809060685437164e-55,1.81823097542701e-55,1.827438009417924e-55,1.836681895310239e-55,1.845962741203662e-55,1.8552806553974155e-55,1.8646357463903805e-55,1.8740281228812355e-55,1.8834578937685964e-55,1.892925168151159e-55,1.9024300553278364e-55,1.9119726647979043e-55,1.9215531062611367e-55,1.9311714896179442e-55,1.9408279249695247e-55,1.9505225226179897e-55,1.960255393066512e-55,1.9700266470194627e-55,1.9798363953825536e-55,1.989684749262973e-55,1.9995718199695267e-55,2.0094977190127796e-55,2.0194625581051897e-55,2.0294664491612526e-55,2.0395095042976352e-55,2.049591835833321e-55,2.0597135562897417e-55,2.0698747783909215e-55,2.080075615063613e-55,2.0903161794374353e-55,2.1005965848450133e-55,2.1109169448221186e-55,2.121277373107801e-55,2.131677983644534e-55,2.1421188905783456e-55,2.1526002082589634e-55,2.163122051239947e-55,2.1736845342788263e-55,2.1842877723372426e-55,2.1949318805810766e-55,3.4751480080791636e-35,1.5229841404558814e-34,4.116602844368022e-34,8.833762082413485e-34,1.6495922614543176e-33,2.804059272356823e-33,4.452124407062072e-33,6.710722392280862e-33,9.708366727430714e-33,1.3585140904045858e-32,1.849268963240584e-32,2.4594210074845088e-32,3.2064443085474137e-32,4.108966445621621e-32,5.18676761691456e-32,6.460779765516057e-32,7.953085705903224e-32,9.686918251087509e-32,1.168665934040767e-31,1.397783916797228e-31,1.6587135311753891e-31,1.9542371863336932e-31,2.287251855832043e-31,2.6607689907377046e-31,3.077914432796768e-31,3.541928327671335e-31,4.056165038242346e-31,4.624093057978049e-31,5.249294924368123e-31,5.935467132423382e-31,6.686420048241045e-31,7.5060778226355876e-31,8.39847830483499e-31,9.367772956242492e-31,1.0418226764263713e-30,1.1554218156199103e-30,1.278023891320183e-30,1.4100894084300631e-30,1.55209019004882e-30,1.704509368887448e-30,1.8678413786905195e-30,2.042591945664543e-30,2.229278079912807e-30,2.4284280668767438e-30,2.6405814587837613e-30,2.866289066101571e-30,3.106112948999018e-30,3.3606264088133376e-30,3.630413979523924e-30,3.9160714192325565e-30,4.218205701650073e-30,4.537435007589518e-30,4.874388716465739e-30,5.2297073978014136e-30,5.604042802739547e-30,5.9980578555623594e-30,6.41242664521667e-30,6.847834416845671e-30,7.304977563327086e-30,7.784563616817819e-30,8.287311240305015e-30,8.813950219163421e-30,9.36522145271929e-30,9.941876945820574e-30,1.054467980041359e-29,1.1174404207126022e-29,1.1831835436856339e-29,1.2517769832369536e-29,1.3233014799899334e-29,1.3978388800756688e-29,1.475472134294468e-29,1.5562852972779714e-29,1.640363526651922e-29,1.7277930821995532e-29,1.818661325025618e-29,1.913056716721054e-29,2.011068818528284e-29,2.1127882905071459e-29,2.2183068907014446e-29,2.327717474306163e-29,2.4411139928352752e-29,2.5585914932902123e-29,2.6802461173289466e-29,2.8061751004357067e-29,2.936476771091338e-29,3.0712505499442665e-29,3.210596948982113e-29,3.354617570703917e-29,3.503415107293017e-29,3.6570933397905173e-29,3.815757137269425e-29,3.979512456009373e-29,4.148466338672012e-29,4.3227269134769733e-29,4.502403393378517e-29,4.6876060752427607e-29,4.87844633902555e-29,5.075036646950942e-29,5.277490542690337e-29,5.485922650542186e-29,5.700448674612375e-29,5.921185397995201e-29,6.14825068195495e-29,6.381763465108154e-29,6.621843762606404e-29,6.86861266531983e-29,7.122192339021171e-29,7.382706023570469e-29,7.650278032100428e-29,7.925033750202277e-29,8.207099635112396e-29,8.49660321489944e-29,8.793673087652147e-29,9.098438920667733e-29,9.411031449640903e-29,9.731582477853503e-29,1.006022487536475e-28,1.0397092578202113e-28,1.0742320587552768e-28,1.1096044968955695e-28,1.145840285149439e-28,1.1829532426990148e-28,1.2209572949196023e-28,1.259866473299136e-28,1.2996949153576918e-28,1.3404568645670662e-28,1.3821666702704066e-28,1.42483878760192e-28,1.4684877774066208e-28,1.5131283061601588e-28,1.5587751458886931e-28,1.6054431740888363e-28,1.6531473736476538e-28,1.7019028327627315e-28,1.7517247448622943e-28,1.8026284085253898e-28,1.8546292274021354e-28,1.9077427101340182e-28,1.961984470274269e-28,2.0173702262082774e-28,2.0739158010740818e-28,2.13163712268292e-28,2.19055022343983e-28,2.2506712402643184e-28,2.3120164145110847e-28,2.374602091890815e-28,2.4384447223910237e-28,2.503560860196957e-28,2.569967163612572e-28,2.63768039498155e-28,2.706717420608393e-28,2.7770952106795655e-28,2.848830839184706e-28,2.921941483837885e-28,2.9964444259989377e-28,3.0723570505948474e-28,3.1496968460411884e-28,3.228481404163641e-28,3.3087284201195406e-28,3.3904556923195126e-28,3.4736811223491526e-28,3.558422714890767e-28,3.64469857764518e-28,3.732526921253586e-28,3.821926059219485e-28,3.9129144078306444e-28,4.005510486081155e-28,4.099732915593518e-28,4.195600420540801e-28,4.293131827568867e-28,4.392346065718632e-28,4.4932621663484185e-28,4.59589926305633e-28,4.700276591602719e-28,4.806413489832682e-28,4.914329397598643e-28,5.0240438566829755e-28,5.135576510720685e-28,5.248947105122164e-28,5.364175486995991e-28,5.481281605071799e-28,5.600285509623181e-28,5.7212073523906865e-28,5.8440673865048535e-28,5.968885966409296e-28,6.095683547783876e-28,6.224480687467908e-28,6.355298043383427e-28,6.488156374458519e-28,6.623076540550719e-28,6.760079502370434e-28,6.899186321404481e-28,7.040418159839607e-28,7.183796280486151e-28,7.329342046701688e-28,7.477076922314784e-28,7.627022471548775e-28,7.779200358945638e-28,7.93363234928988e-28,8.090340307532516e-28,8.249346198715092e-28,8.410672087893768e-28,8.574340140063437e-28,8.74037262008196e-28,8.908791892594395e-28,9.079620421957318e-28,9.252880772163173e-28,9.42859560676473e-28,9.606787688799549e-28,9.787479880714525e-28,9.970695144290485e-28,1.0156456540566853e-27,1.0344787229766356e-27,1.0535710471219778e-27,1.0729249623290823e-27,1.0925428143300975e-27,1.1124269587454424e-27,1.1325797610763114e-27,1.1530035966971748e-27,1.1737008508482922e-27,1.194673918628228e-27,1.2159252049863763e-27,1.2374571247154872e-27,1.2592721024442014e-27,1.2813725726295892e-27,1.303760979549696e-27,1.3264397772960925e-27,1.349411429766433e-27,1.3726784106570158e-27,1.3962432034553512e-27,1.4201083014327348e-27,1.444276207636829e-27,1.4687494348842416e-27,1.493530505753124e-27,1.518621952575762e-27,1.5440263174311773e-27,1.5697461521377365e-27,1.5957840182457636e-27,1.6221424870301577e-27,1.6488241394830167e-27,1.6758315663062677e-27,1.703167367904302e-27,1.730834154376614e-27,1.7588345455104515e-27,1.787171170773464e-27,1.8158466693063596e-27,1.8448636899155718e-27,1.874224891065924e-27,1.9039329408733084e-27,1.9339905170973595e-27,1.9644003071341456e-27,1.9951650080088546e-27,2.0262873263684916e-27,2.057769978474584e-27,2.0896156901958875e-27,2.121827197001093e-27,2.154407243951555e-27,2.18735858569401e-27,2.2206839864533017e-27,2.2543862200251288e-27,2.2884680697687705e-27,2.3229323285998453e-27,2.3577817989830534e-27,2.3930192929249385e-27,2.4286476319666497e-27,2.4646696471767073e-27,2.5010881791437797e-27,2.5379060779694607e-27,2.575126203261053e-27,2.612751424124359e-27,2.6507846191564767e-27,2.6892286764386023e-27,2.728086493528828e-27,2.767360977454965e-27,2.807055044707357e-27,2.847171621231697e-27,2.887713642421864e-27,2.9286840531127516e-27,2.970085807573108e-27,3.0119218694983796e-27,3.054195212003561e-27,3.096908817616054e-27,3.1400656782685244e-27,3.183668795291766e-27,3.227721179407581e-27,3.2722258507216444e-27,3.3171858387163975e-27,3.36260418224393e-27,3.4084839295188745e-27,3.4548281381112985e-27,3.501639874939627e-27,3.54892221626353e-27,3.596678247676846e-27,3.644911064100509e-27,3.6936237697754616e-27,3.7428194782555946e-27,3.7925013124006804e-27,3.8426724043693104e-27,3.89333589561185e-27,3.944494936863384e-27,3.996152688136676e-27,4.04831231871513e-27,4.1009770071457684e-27,4.154149941232188e-27,4.207834318027556e-27,4.2620333438275785e-27,4.316750234163502e-27,4.371988213795109e-27,4.427750516703708e-27,4.484040386085141e-27,4.540861074342807e-27,4.59821584308066e-27,4.6561079630962464e-27,4.714540714373718e-27,4.773517386076871e-27,4.8330412765421865e-27,4.893115693271869e-27,4.953743952926888e-27,5.0149293813200454e-27,5.076675313409016e-27,5.1389850932894265e-27,5.2018620741879205e-27,5.265309618455227e-27,5.329331097559242e-27,5.393929892078119e-27,5.459109391693352e-27,5.52487299518287e-27,5.591224110414146e-27,5.658166154337292e-27,5.725702552978177e-27,5.793836741431536e-27,5.862572163854103e-27,5.9319122734577235e-27,6.0018605325025025e-27,6.072420412289919e-27,6.143595393155986e-27,6.215388964464399e-27,6.2878046245996724e-27,6.360845880960309e-27,6.43451624995197e-27,6.50881925698062e-27,6.583758436445725e-27,6.659337331733413e-27,6.735559495209666e-27,6.81242848821351e-27,6.889947881050198e-27,6.96812125298443e-27,7.046952192233526e-27,7.12644429596067e-27,7.206601170268102e-27,7.287426430190344e-27,7.368923699687419e-27,7.451096611638102e-27,7.533948807833123e-27,7.617483938968434e-27,7.701705664638441e-27,7.786617653329259e-27,7.872223582411958e-27,7.958527138135843e-27,8.045532015621704e-27,8.133241918855098e-27,8.221660560679603e-27,8.310791662790133e-27,8.400638955726195e-27,8.491206178865195e-27,8.582497080415729e-27,8.674515417410897e-27,8.767264955701577e-27,8.860749469949772e-27,8.954972743621922e-27,9.049938568982204e-27,9.14565074708587e-27,9.242113087772588e-27,9.339329409659773e-27,9.43730354013592e-27,9.536039315353964e-27,9.63554058022463e-27,9.735811188409777e-27,9.836855002315782e-27,9.938675893086882e-27,1.0041277740598581e-26,1.014466443345098e-26,1.0248839868962208e-26,1.035380795316177e-26,1.0459572600783964e-26,1.056613773526127e-26,1.0673507288717753e-26,1.078168520196247e-26,1.089067542448287e-26,1.1000481914438249e-26,1.1111108638653128e-26,1.1222559572610706e-26,1.1334838700446279e-26,1.1447950014940691e-26,1.1561897517513771e-26,1.1676685218217778e-26,1.1792317135730848e-26,1.1908797297350454e-26,1.202612973898689e-26,1.2144318505156697e-26,1.2263367648976171e-26,1.2383281232154824e-26,1.2504063324988872e-26,1.2625718006354705e-26,1.2748249363702402e-26,1.2871661493049218e-26,1.2995958498973087e-26,1.3121144494606116e-26,1.324722360162813e-26,1.3374199950260143e-26,1.3502077679257914e-26,1.3630860935905466e-26,1.3760553876008598e-26,1.389116066388845e-26,1.4022685472375023e-26,1.4155132482800738e-26,1.4288505884993982e-26,1.4422809877272662e-26,1.4558048666437747e-26,1.4694226467766885e-26,1.4831347505007936e-26,1.4969416010372524e-26,1.5108436224529674e-26,1.5248412396599363e-26,1.538934878414611e-26,1.5531249653172572e-26,1.567411927811317e-26,1.5817961941827635e-26,1.5962781935594694e-26,1.6108583559105607e-26,1.6255371120457848e-26,1.6403148936148698e-26,1.6551921331068878e-26,1.6701692638496183e-26,1.685246720008911e-26,1.7004249365880532e-26,1.7157043494271307e-26,1.7310853952023968e-26,1.746568511425635e-26,1.7621541364435266e-26,1.7778427094370179e-26,1.7936346704206848e-26,1.8095304602421068e-26,1.825530520581226e-26,1.841635293949724e-26,1.857845223690385e-26,1.8741607539764697e-26,1.890582329811084e-26,1.9071103970265468e-26,1.9237454022837664e-26,1.940487793071607e-26,1.9573380177062638e-26,1.9742965253306337e-26,1.9913637659136892e-26,2.008540190249851e-26,2.0258262499583642e-26,2.0432223974826684e-26,2.0607290860897764e-26,2.0783467698696487e-26,2.096075903734566e-26,2.1139169434185118e-26,2.131870345476545e-26,2.1499365672841732e-26,2.1681160670367404e-26,2.1864093037487968e-26,2.2048167372534794e-26,2.2233388282018936e-26,2.241976038062489e-26,2.2607288291204446e-26,2.2795976644770427e-26,2.2985830080490545e-26,2.3176853245681212e-26,2.3369050795801347e-26,2.356242739444619e-26,2.3756987713341164e-26,2.3952736432335673e-26,2.4149678239396953e-26,2.4347817830603938e-26,2.4547159910141052e-26,2.4747709190292117e-26,2.4949470391434177e-26,2.5152448242031364e-26,2.5356647478628817e-26,2.5562072845846432e-26,2.5768729096372824e-26,2.597662099095923e-26,2.618575329841333e-26,2.639613079559316e-26,2.660775826740103e-26,2.6820640506777355e-26,2.7034782314694645e-26,2.725018850015135e-26,2.746686388016578e-26,2.768481327977007e-26,2.790404153200404e-26,2.8124553477909145e-26,2.8346353966522405e-26,2.8569447854870346e-26,2.879384000796294e-26,2.9019535298787555e-26,2.924653860830287e-26,2.9474854825432865e-26,2.9704488847060786e-26,2.993544557802306e-26,3.0167729931103277e-26,3.0401346827026223e-26,3.063630119445179e-26,3.087259796996895e-26,3.1110242098089806e-26,3.1349238531243524e-26,3.1589592229770345e-26,3.18313081619156e-26,3.2074391303823677e-26,3.231884663953209e-26,3.256467916096542e-26,3.2811893867929376e-26,3.306049576810483e-26,3.3310489877041766e-26,3.356188121815344e-26,3.3814674822710296e-26,3.4068875729834046e-26,3.4324488986491764e-26,3.4581519647489837e-26,3.483997277546813e-26,3.5099853440893955e-26,3.536116672205616e-26,3.5623917705059225e-26,3.58881114838173e-26,3.6153753160048276e-26,3.642084784326796e-26,3.6689400650783974e-26,3.6959416707690026e-26,3.7230901146859893e-26,3.75038591089416e-26,3.7778295742351436e-26,3.805421620326812e-26,3.833162565562694e-26,3.861052927111378e-26,3.88909322291593e-26,3.9172839716933073e-26,3.945625692933768e-26,3.9741189069002884e-26,4.002764134627966e-26,4.031561897923453e-26,4.060512719364352e-26,4.089617122298644e-26,4.118875630844097e-26,4.148288769887687e-26,4.177857065085008e-26,4.2075810428596994e-26,4.23746123040285e-26,4.2674981556724263e-26,4.297692347392692e-26,4.3280443350536126e-26,4.358554648910292e-26,4.3892238199823806e-26,4.4200523800535005e-26,4.4510408616706635e-26,4.4821897981436956e-26,4.5134997235446537e-26,4.5449711727072495e-26,4.5766046812262736e-26,4.608400785457016e-26,4.6403600225146895e-26,4.6724829302738535e-26,4.704770047367838e-26,4.7372219131881673e-26,4.769839067883987e-26,4.802622052361491e-26,4.835571408283339e-26,4.86868767806809e-26,4.9019714048896297e-26,4.9354231326765895e-26,4.969043406111784e-26,5.0028327706316354e-26,5.036791772425591e-26,5.070920958435573e-26,5.1052208763553916e-26,5.139692074630182e-26,5.17433510245583e-26,5.209150509778397e-26,5.244138847293579e-26,5.279300666446093e-26,5.314636519429155e-26,5.350146959183876e-26,5.385832539398717e-26,5.421693814508908e-26,5.457731339695897e-26,5.493945670886768e-26,5.530337364753683e-26,5.566906978713318e-26,5.603655070926298e-26,5.640582200296627e-26,5.677688926471129e-26,5.714975809838888e-26,5.752443411530681e-26,5.790092293418411e-26,5.827923018114548e-26,5.865936148971575e-26,5.904132250081416e-26,5.942511886274876e-26,5.981075623121087e-26,6.019824026926949e-26,6.058757664736559e-26,6.097877104330663e-26,6.137182914226089e-26,6.1766756636752e-26,6.216355922665323e-26,6.256224261918198e-26,6.296281252889422e-26,6.336527467767887e-26,6.376963479475233e-26,6.417589861665284e-26,6.458407188723492e-26,6.49941603576639e-26,6.54061697864103e-26,6.582010593924433e-26,6.623597458923032e-26,6.665378151672125e-26,6.707353250935316e-26,6.749523336203955e-26,6.79188898769661e-26,6.834450786358488e-26,6.87720931386091e-26,6.920165152600734e-26,6.963318885699822e-26,7.006671097004489e-26,7.050222371084945e-26,7.09397329323475e-26,7.137924449470275e-26,7.182076426530128e-26,7.226429811874644e-26,7.270985193685304e-26,7.315743160864199e-26,7.360704303033492e-26,7.40586921053486e-26,7.451238474428956e-26,7.496812686494852e-26,7.542592439229517e-26,7.588578325847254e-26,7.634770940279148e-26,7.681170877172546e-26,7.727778731890501e-26,7.774595100511222e-26,7.821620579827557e-26,7.86885576734641e-26,7.916301261288245e-26,7.96395766058651e-26,8.011825564887107e-26,8.059905574547869e-26,8.10819829063798e-26,8.156704314937483e-26,8.205424249936707e-26,8.254358698835731e-26,8.303508265543882e-26,8.352873554679128e-26,8.402455171567616e-26,8.452253722243076e-26,8.502269813446325e-26,8.552504052624705e-26,8.602957047931554e-26,8.653629408225678e-26,8.704521743070808e-26,8.755634662735063e-26,8.806968778190431e-26,8.858524701112212e-26,8.910303043878509e-26,8.962304419569665e-26,9.014529441967769e-26,9.066978725556085e-26,9.119652885518551e-26,9.172552537739226e-26,9.225678298801771e-26,9.279030785988911e-26,9.332610617281918e-26,9.386418411360055e-26,9.440454787600076e-26,9.494720366075683e-26,9.549215767556995e-26,9.603941613510014e-26,9.658898526096126e-26,9.714087128171542e-26,9.769508043286777e-26,9.825161895686147e-26,9.881049310307208e-26,9.937170912780251e-26,9.993527329427777e-26,1.0050119187263959e-25,1.0106947113994134e-25,1.0164011738014278e-25,1.0221313688410446e-25,1.0278853594958302e-25,1.0336632088122569e-25,1.0394649799056495e-25,1.0452907359601357e-25,1.0511405402285927e-25,1.0570144560325932e-25,1.062912546762357e-25,1.0688348758766963e-25,1.0747815069029644e-25,1.0807525034370032e-25,1.0867479291430918e-25,1.0927678477538953e-25,1.0988123230704122e-25,1.104881418961921e-25,1.1109751993659307e-25,1.1170937282881292e-25,1.1232370698023292e-25,1.1294052880504185e-25,1.1355984472423081e-25,1.1418166116558801e-25,1.148059845636936e-25,1.1543282135991467e-25,1.1606217800239985e-25,1.1669406094607436e-25,1.173284766526348e-25,1.1796543159054405e-25,1.1860493223502606e-25,1.192469850680609e-25,1.1989159657837932e-25,1.20538773261458e-25,1.2118852161951414e-25,1.2184084816150045e-25,1.224957594031002e-25,1.231532618667217e-25,1.2381336208149373e-25,1.2447606658326e-25,1.2514138191457438e-25,1.258093146246955e-25,1.2647987126958194e-25,1.2715305841188694e-25,1.2782888262095358e-25,1.285073504728093e-25,1.2918846855016133e-25,1.2987224344239114e-25,1.3055868174554972e-25,1.3124779006235248e-25,1.3193957500217388e-25,1.3263404318104283e-25,1.3333120122163733e-25,1.340310557532795e-25,1.3473361341193074e-25,1.354388808401863e-25,1.3614686468727057e-25,1.3685757160903194e-25,1.3757100826793772e-25,1.3828718133306938e-25,1.3900609748011703e-25,1.39727763391375e-25,1.404521857557364e-25,1.4117937126868816e-25,1.4190932663230644e-25,1.4264205855525103e-25,1.4337757375276062e-25,1.4411587894664812e-25,1.4485698086529517e-25,1.4560088624364738e-25,1.4634760182320949e-25,1.4709713435203992e-25,1.4784949058474657e-25,1.486046772824811e-25,1.4936270121293444e-25,1.5012356915033144e-25,1.5088728787542654e-25,1.5165386417549796e-25,1.5242330484434346e-25,1.5319561668227512e-25,1.539708064961144e-25,1.547488810991873e-25,1.555298473113192e-25,1.5631371195883014e-25,1.5710048187452996e-25,1.5789016389771305e-25,1.5868276487415365e-25,1.5947829165610118e-25,1.6027675110227476e-25,1.6107815007785872e-25,1.6188249545449758e-25,1.6268979411029123e-25,1.6350005292978978e-25,1.643132788039891e-25,1.6512947863032534e-25,1.6594865931267063e-25,1.667708277613279e-25,1.67595990893026e-25,1.6842415563091494e-25,1.6925532890456085e-25,1.7008951764994121e-25,1.709267288094402e-25,1.7176696933184345e-25,1.7261024617233343e-25,1.7345656629248443e-25,1.7430593666025803e-25,1.7515836424999775e-25,1.7601385604242483e-25,1.7687241902463279e-25,1.7773406019008304e-25,1.7859878653859975e-25,1.794666050763653e-25,1.8033752281591508e-25,1.8121154677613327e-25,1.8208868398224727e-25,1.8296894146582356e-25,1.8385232626476235e-25,1.8473884542329328e-25,1.8562850599197015e-25,1.8652131502766648e-25,1.874172795935705e-25,1.883164067591806e-25,1.8921870360030019e-25,1.9012417719903308e-25,1.9103283464377888e-25,1.9194468302922818e-25,1.9285972945635729e-25,1.9377798103242417e-25,1.9469944487096328e-25,1.9562412809178079e-25,1.9655203782095006e-25,1.974831811908066e-25,1.9841756533994364e-25,1.9935519741320704e-25,2.0029608456169073e-25,2.012402339427322e-25,2.0218765271990713e-25,2.0313834806302538e-25,2.0409232714812583e-25,2.050495971574716e-25,2.060101652795458e-25,2.0697403870904613e-25,2.079412246468808e-25,2.0891173030016346e-25,2.0988556288220864e-25,2.1086272961252676e-25,2.1184323771682e-25,2.128270944269771e-25,2.138143069810687e-25,2.1480488262334294e-25,2.157988286042207e-25,2.1679615218029057e-25,2.1779686061430467e-25,2.1880096117517366e-25,2.1980846113796195e-25,2.208193677838836e-25,2.2183368840029706e-25,2.2285143028070073e-25,2.238726007247283e-25,2.248972070381443e-25,2.25925256532839e-25,2.2695675652682407e-25,2.279917143442281e-25,2.2903013731529135e-25,2.3007203277636184e-25,2.3111740806989024e-25,2.3216627054442544e-25,2.3321862755460976e-25,2.3427448646117455e-25,2.3533385463093544e-25,2.363967394367877e-25,2.3746314825770154e-25,2.38533088478718e-25,2.396065674909437e-25,2.4068359269154637e-25,2.417641714837509e-25,2.4284831127683377e-25,2.4393601948611907e-25,2.4502730353297388e-25,2.461221708448034e-25,2.4722062885504672e-25,2.48322685003172e-25,2.4942834673467204e-25,2.5053762150105937e-25,2.5165051675986224e-25,2.5276703997462003e-25,2.5388719861487763e-25,2.5501100015618233e-25,2.561384520800784e-25,2.572695618741028e-25,2.584043370317807e-25,2.595427850526206e-25,2.606849134421102e-25,2.618307297117117e-25,2.6298024137885697e-25,2.6413345596694393e-25,2.652903810053307e-25,2.664510240293323e-25,2.676153925802153e-25,2.6878349420519387e-25,2.6995533645742477e-25,2.7113092689600307e-25,2.7231027308595825e-25,2.734933825982482e-25,2.746802630097562e-25,2.7587092190328597e-25,2.7706536686755666e-25,2.7826360549719905e-25,2.794656453927507e-25,2.8067149416065175e-25,2.8188115941324e-25,2.8309464876874664e-25,2.843119698512922e-25,2.8553313029088134e-25,2.867581377233987e-25,2.87986999790605e-25,2.892197241401315e-25,2.904563184254764e-25,2.9169679030600043e-25,2.9294114744692146e-25,2.9418939751931116e-25,2.9544154820008983e-25,2.9669760717202237e-25,2.979575821237135e-25,2.9922148074960384e-25,3.004893107499646e-25,3.017610798308946e-25,3.030367957043143e-25,3.0431646608796207e-25,3.0560009870539027e-25,3.0688770128595965e-25,3.0817928156483624e-25,3.09474847282986e-25,3.107744061871707e-25,3.120779660299439e-25,3.13385534569646e-25,3.1469711957040027e-25,3.1601272880210788e-25,3.173323700404442e-25,3.1865605106685436e-25,3.199837796685484e-25,3.2131556363849686e-25,3.2265141077542716e-25,3.239913288838188e-25,3.253353257738986e-25,3.2668340926163663e-25,3.2803558716874265e-25,3.293918673226603e-25,3.307522575565636e-25,3.3211676570935303e-25,3.334853996256502e-25,3.3485816715579356e-25,3.362350761558355e-25,3.3761613448753635e-25,3.3900135001836013e-25,3.4039073062147196e-25,3.417842841757317e-25,3.431820185656909e-25,3.445839416815877e-25,3.459900614193431e-25,3.4740038568055643e-25,3.488149223725009e-25,3.5023367940811954e-25,3.5165666470602064e-25,3.5308388619047395e-25,3.5451535179140577e-25,3.5595106944439494e-25,3.573910470906685e-25,3.588352926770976e-25,3.602838141561928e-25,3.6173661948610057e-25,3.631937166305979e-25,3.6465511355908905e-25,3.6612081824660056e-25,3.675908386737777e-25,3.6906518282687924e-25,3.7054385869777415e-25,3.7202687428393683e-25,3.73514237588443e-25,3.7500595661996534e-25,3.7650203939276926e-25,3.7800249392670922e-25,3.795073282472229e-25,3.8101655038532934e-25,3.8253016837762274e-25,3.8404819026626896e-25,3.8557062409900124e-25,3.8709747792911586e-25,3.8862875981546854e-25,3.9016447782246945e-25,3.917046400200788e-25,3.9324925448380395e-25,3.947983292946938e-25,3.963518725393352e-25,3.9790989230984907e-25,3.9947239670388517e-25,4.0103939382461897e-25,4.0261089178074716e-25,4.041868986864831e-25,4.057674226615528e-25,4.0735247183119107e-25,4.089420543261372e-25,4.105361782826302e-25,4.1213485184240543e-25,4.137380831526902e-25,4.153458803661994e-25,4.169582516411312e-25,4.1857520514116345e-25,4.20196749035449e-25,4.218228914986124e-25,4.234536407107438e-25,4.250890048573973e-25,4.267289921295852e-25,4.2837357057078285e-25,4.300227354302673e-25,4.316764831728514e-25
20,2.5585312892022272e-23,5.65709591666564e-23,9.064530998503424e-23,1.2676218263352618e-22,1.642441688781051e-22,2.0263917654921446e-22,2.4164486446607264e-22,2.8105901109006934e-22,3.2074635887315293e-22,3.606164396304207e-22,4.006087429287634e-22,4.406827958380512e-22,4.808115276865219e-22,5.209768320196245e-22,5.61166598177559e-22,6.013727258400528e-22,6.415897970373508e-22,6.818141879132032e-22,7.220434746198014e-22,7.622760359454235e-22,8.02510787528498e-22,8.427470040843438e-22,8.829842004999842e-22,9.232220523033813e-22,9.634603424685873e-22,1.0036989258359064e-21,1.0439377053140118e-21,1.0841766159625248e-21,1.1244156143455067e-21,1.164654671410448e-21,1.204893767725337e-21,1.2451328902928917e-21,1.285372030419757e-21,1.3256111822913423e-21,1.3658503420184772e-21,1.406089506999849e-21,1.4463286754955935e-21,1.4865678463419387e-21,1.5268070187605067e-21,1.5670461922306693e-21,1.6072853664042275e-21,1.6475245410482111e-21,1.6877637160068642e-21,1.7280028911759845e-21,1.768242066485879e-21,1.808481241889931e-21,1.8487204173569606e-21,1.8889595928661122e-21,1.9291987684034433e-21,1.969437943959616e-21,2.0096771195283933e-21,2.0499162951056016e-21,2.0901554706884482e-21,2.130394646275067e-21,2.1706338218642085e-21,2.2108729974550357e-21,2.251112173046991e-21,2.2913513486397e-21,2.3315905242329158e-21,2.3718296998264697e-21,2.4120688754202494e-21,2.4523080510141806e-21,2.4925472266082013e-21,2.5327864022023026e-21,2.573025577796454e-21,2.61326475339063e-21,2.653503928984825e-21,2.6937431045790303e-21,2.733982280173256e-21,2.7742214557674814e-21,2.8144606313617095e-21,2.8546998069559393e-21,2.894938982550172e-21,2.935178158144404e-21,2.9754173337386286e-21,3.015656509332863e-21,3.0558956849270997e-21,3.096134860521335e-21,3.1363740361155764e-21,3.1766132117098127e-21,3.216852387304052e-21,3.257091562898303e-21,3.2973307384925392e-21,3.337569914086776e-21,3.3778090896809923e-21,3.41804826527523e-21,3.458287440869461e-21,3.4985266164637e-21,3.538765792057929e-21,3.579004967652166e-21,3.619244143246402e-21,3.659483318840639e-21,3.6997224944348754e-21,3.739961670029111e-21,3.7802008456233314e-21,3.8204400212175685e-21,3.860679196811805e-21,3.900918372406042e-21,3.941157548000279e-21,3.981396723594515e-21,4.0216358991887514e-21,4.061875074782989e-21,4.102114250377216e-21,4.142353425971452e-21,4.18259260156569e-21,4.222831777159921e-21,4.263070952754159e-21,4.303310128348394e-21,4.343549303942632e-21,4.38378847953687e-21,4.424027655131114e-21,4.464266830725347e-21,4.5045060063195846e-21,4.5447451819138216e-21,4.584984357508058e-21,4.625223533102294e-21,4.66546270869653e-21,4.705701884290767e-21,4.745941059885003e-21,4.78618023547924e-21,4.826419411073476e-21,4.8666585866677134e-21,4.906897762261948e-21,4.9471369378561845e-21,4.987376113450422e-21,5.027615289044659e-21,5.0678544646388956e-21,5.108093640233131e-21,5.148332815827368e-21,5.188571991421605e-21,5.228811167015841e-21,5.269050342610078e-21,5.309289518204311e-21,5.3495286937985466e-21,5.389767869392782e-21,5.430007044987019e-21,5.4702462205812554e-21,5.510485396175474e-21,5.5507245717697115e-21,5.590963747363949e-21,5.631202922958186e-21,5.67144209855241e-21,5.711681274146645e-21,5.7519204497408816e-21,5.792159625335116e-21,5.832398800929353e-21,5.8726379765235905e-21,5.912877152117839e-21,5.9531163277120736e-21,5.993355503306311e-21,6.033594678900549e-21,6.073833854494785e-21,6.114073030089023e-21,6.15431220568326e-21,6.194551381277497e-21,6.234790556871732e-21,6.275029732465963e-21,6.3152689080602175e-21,6.3555080836544545e-21,6.3957472592486945e-21,6.435986434842933e-21,6.476225610437163e-21,6.5164647860314004e-21,6.556703961625642e-21,6.5969431372198775e-21,6.637182312814113e-21,6.677421488408351e-21,6.717660664002585e-21,6.757899839596822e-21,6.798139015191057e-21,6.838378190785294e-21,6.878617366379547e-21,6.918856541973769e-21,6.959095717568005e-21,6.99933489316224e-21,7.039574068756477e-21,7.079813244350709e-21,7.120052419944948e-21,7.160291595539183e-21,7.200530771133418e-21,7.240769946727651e-21,7.281009122321892e-21,7.321248297916127e-21,7.361487473510363e-21,7.401726649104601e-21,7.44196582469884e-21,7.482205000293078e-21,7.522444175887314e-21,7.562683351481552e-21,7.602922527075787e-21,7.643161702670023e-21,7.68340087826426e-21,7.723640053858499e-21,7.763879229452735e-21,7.804118405046973e-21,7.844357580641208e-21,7.884596756235445e-21,7.924835931829683e-21,7.965075107423918e-21,8.005314283018153e-21,8.04555345861239e-21,8.085792634206625e-21,8.126031809800862e-21,8.166270985395098e-21,8.206510160989334e-21,8.246749336583573e-21,8.28698851217781e-21,8.327227687772058e-21,8.367466863366299e-21,8.407706038960535e-21,8.447945214554771e-21,8.48818439014901e-21,8.528423565743247e-21,8.568662741337482e-21,8.608901916931721e-21,8.649141092525959e-21,8.68938026812021e-21,8.729619443714444e-21,8.769858619308681e-21,8.810097794902919e-21,8.850336970497155e-21,8.890576146091393e-21,8.930815321685628e-21,8.971054497279861e-21,9.011293672874099e-21,9.051532848468335e-21,9.09177202406257e-21,9.132011199656799e-21,9.172250375251052e-21,9.212489550845285e-21,9.252728726439521e-21,9.292967902033776e-21,9.333207077628012e-21,9.373446253222251e-21,9.413685428816489e-21,9.453924604410727e-21,9.494163780004962e-21,9.534402955599201e-21,9.574642131193437e-21,9.614881306787672e-21,9.655120482381913e-21,9.695359657976149e-21,9.735598833570384e-21,9.775838009164622e-21,9.816077184758858e-21,9.856316360353097e-21,9.896555535947332e-21,9.936794711541571e-21,9.977033887135806e-21,1.0017273062730045e-20,1.005751223832428e-20,1.0097751413918522e-20,1.0137990589512759e-20,1.0178229765106996e-20,1.0218468940701234e-20,1.0258708116295472e-20,1.0298947291889705e-20,1.0339186467483942e-20,1.0379425643078173e-20,1.0419664818672411e-20,1.0459903994266649e-20,1.0500143169860884e-20,1.0540382345455123e-20,1.058062152104936e-20,1.0620860696643599e-20,1.0661099872237838e-20,1.0701339047832074e-20,1.0741578223426309e-20,1.0781817399020548e-20,1.0822056574614785e-20,1.0862295750209024e-20,1.0902534925803257e-20,1.0942774101397492e-20,1.098301327699173e-20,1.1023252452585968e-20,1.1063491628180201e-20,1.1103730803774437e-20,1.1143969979368673e-20,1.118420915496291e-20,1.1224448330557149e-20,1.1264687506151385e-20,1.1304926681745622e-20,1.1345165857339861e-20,1.1385405032934094e-20,1.1425644208528333e-20,1.1465883384122586e-20,1.1506122559716827e-20,1.1546361735311066e-20,1.1586600910905301e-20,1.1626840086499537e-20,1.1667079262093774e-20,1.1707318437688011e-20,1.1747557613282248e-20,1.1787796788876486e-20,1.1828035964470725e-20,1.1868275140064961e-20,1.1908514315659196e-20,1.1948753491253435e-20,1.1988992666847668e-20,1.2029231842441903e-20,1.2069471018036146e-20,1.2109710193630373e-20,1.2149949369224612e-20,1.219018854481885e-20,1.2230427720413088e-20,1.2270666896007321e-20,1.2310906071601557e-20,1.2351145247195797e-20,1.2391384422790031e-20,1.243162359838427e-20,1.2471862773978505e-20,1.2512101949572742e-20,1.2552341125166978e-20,1.2592580300761207e-20,1.2632819476355445e-20,1.2673058651949682e-20,1.2713297827543919e-20,1.2753537003138156e-20,1.27937761787324e-20,1.2834015354326634e-20,1.2874254529920873e-20,1.291449370551511e-20,1.2954732881109351e-20,1.2994972056703585e-20,1.3035211232297818e-20,1.3075450407892059e-20,1.3115689583486295e-20,1.3155928759080531e-20,1.3196167934674766e-20,1.3236407110269008e-20,1.3276646285863246e-20,1.3316885461457482e-20,1.335712463705172e-20,1.3397363812645957e-20,1.3437602988240193e-20,1.347784216383443e-20,1.3518081339428661e-20,1.35583205150229e-20,1.359855969061714e-20,1.3638798866211377e-20,1.367903804180561e-20,1.371927721739986e-20,1.3759516392994098e-20,1.379975556858833e-20,1.3839994744182565e-20,1.3880233919776804e-20,1.392047309537104e-20,1.3960712270965277e-20,1.4000951446559513e-20,1.404119062215375e-20,1.4081429797747982e-20,1.412166897334223e-20,1.416190814893647e-20,1.4202147324530682e-20,1.4242386500124925e-20,1.428262567571916e-20,1.4322864851313403e-20,1.4363104026907636e-20,1.440334320250188e-20,1.4443582378096115e-20,1.448382155369035e-20,1.4524060729284588e-20,1.4564299904878827e-20,1.460453908047307e-20,1.464477825606731e-20,1.4685017431661545e-20,1.4725256607255784e-20,1.4765495782850023e-20,1.480573495844426e-20,1.48459741340385e-20,1.4886213309632738e-20,1.4926452485226975e-20,1.4966691660821214e-20,1.500693083641545e-20,1.5047170012009677e-20,1.5087409187603914e-20,1.5127648363198153e-20,1.516788753879239e-20,1.5208126714386623e-20,1.5248365889980862e-20,1.52886050655751e-20,1.5328844241169337e-20,1.5369083416763574e-20,1.540932259235782e-20,1.5449561767952055e-20,1.5489800943546295e-20,1.5530040119140534e-20,1.557027929473477e-20,1.5610518470329003e-20,1.5650757645923237e-20,1.5690996821517473e-20,1.5731235997111712e-20,1.577147517270595e-20,1.5811714348300185e-20,1.585195352389442e-20,1.5892192699488654e-20,1.5932431875082894e-20,1.597267105067713e-20,1.6012910226271366e-20,1.6053149401865606e-20,1.609338857745984e-20,1.6133627753054075e-20,1.6173866928648327e-20,1.6214106104242563e-20,1.6254345279836805e-20,1.6294584455431038e-20,1.6334823631025266e-20,1.6375062806619502e-20,1.641530198221374e-20,1.6455541157807975e-20,1.6495780333402217e-20,1.6536019508996462e-20,1.65762586845907e-20,1.6616497860184938e-20,1.665673703577917e-20,1.6696976211373407e-20,1.6737215386967644e-20,1.6777454562561886e-20,1.6817693738156122e-20,1.6857932913750355e-20,1.6898172089344592e-20,1.693841126493885e-20,1.6978650440533073e-20,1.701888961612731e-20,1.705912879172155e-20,1.7099367967315788e-20,1.7139607142910024e-20,1.7179846318504264e-20,1.72200854940985e-20,1.7260324669692712e-20,1.730056384528695e-20,1.7340803020881185e-20,1.7381042196475424e-20,1.7421281372069666e-20,1.7461520547663903e-20,1.7501759723258142e-20,1.7541998898852375e-20,1.758223807444661e-20,1.7622477250040848e-20,1.7662716425635093e-20,1.770295560122933e-20,1.7743194776823563e-20,1.77834339524178e-20,1.7823673128012035e-20,1.7863912303606275e-20,1.7904151479200514e-20,1.7944390654794744e-20,1.798462983038898e-20,1.802486900598322e-20,1.8065108181577456e-20,1.810534735717169e-20,1.8145586532765926e-20,1.8185825708360165e-20,1.8226064883954404e-20,1.826630405954864e-20,1.830654323514288e-20,1.83467824107371e-20,1.8387021586331343e-20,1.8427260761925574e-20,1.8467499937519816e-20,1.8507739113114052e-20,1.854797828870829e-20,1.8588217464302528e-20,1.8628456639896767e-20,1.8668695815491e-20,1.870893499108524e-20,1.874917416667948e-20,1.8789413342273715e-20,1.8829652517867955e-20,1.8869891693462194e-20,1.8910130869056433e-20,1.8950370044650666e-20,1.89906092202449e-20,1.903084839583914e-20,1.907108757143338e-20,1.9111326747027618e-20,1.9151565922621875e-20,1.9191805098216108e-20,1.923204427381034e-20,1.9272283449404575e-20,1.9312522624998814e-20,1.9352761800593053e-20,1.939300097618729e-20,1.9433240151781532e-20,1.9473479327375765e-20,1.9513718502970004e-20,1.955395767856424e-20,1.9594196854158477e-20,1.963443602975272e-20,1.9674675205346953e-20,1.971491438094119e-20,1.9755153556535434e-20,1.9795392732129677e-20,1.9835631907723916e-20,1.9875871083318137e-20,1.9916110258912376e-20,1.9956349434506598e-20,1.9996588610100834e-20,2.003682778569507e-20,2.007706696128931e-20,2.0117306136883552e-20,2.0157545312477764e-20,2.0197784488072003e-20,2.0238023663666243e-20,2.027826283926048e-20,2.0318502014854715e-20,2.035874119044895e-20,2.0398980366043188e-20,2.0439219541637424e-20,2.047945871723166e-20,2.0519697892825903e-20,2.0559937068420124e-20,2.060017624401436e-20,2.0640415419608593e-20,2.068065459520283e-20,2.0720893770797072e-20,2.076113294639131e-20,2.0801372121985548e-20,2.0841611297579784e-20,2.0881850473174023e-20,2.092208964876826e-20,2.096232882436249e-20,2.100256799995673e-20,2.104280717555097e-20,2.1083046351145208e-20,2.1123285526739444e-20,2.1163524702333686e-20,2.1203763877927922e-20,2.124400305352216e-20,2.1284242229116398e-20,2.1324481404710637e-20,2.1364720580304877e-20,2.1404959755899113e-20,2.1445198931493352e-20,2.1485438107087592e-20,2.1525677282681828e-20,2.156591645827606e-20,2.16061556338703e-20,2.1646394809464543e-20,2.1686633985058773e-20,2.172687316065301e-20,2.1767112336247252e-20,2.1807351511841482e-20,2.1847590687435718e-20,2.188782986302996e-20,2.1928069038624203e-20,2.196830821421844e-20,2.2008547389812678e-20,2.2048786565406915e-20,2.208902574100115e-20,2.212926491659539e-20,2.216950409218963e-20,2.2209743267783866e-20,2.2249982443378102e-20,2.2290221618972338e-20,2.2330460794566575e-20,2.2370699970160814e-20,2.2410939145755047e-20,2.245117832134929e-20,2.2491417496943526e-20,2.2531656672537762e-20,2.2571895848131992e-20,2.261213502372623e-20,2.2652374199320468e-20,2.2692613374914707e-20,2.2732852550508953e-20,2.277309172610318e-20,2.2813330901697416e-20,2.285357007729165e-20,2.2893809252885895e-20,2.293404842848013e-20,2.2974287604074364e-20,2.301452677966861e-20,2.3054765955262837e-20,2.3095005130857082e-20,2.3135244306451324e-20,2.3175483482045552e-20,2.3215722657639797e-20,2.3255961833234033e-20,2.3296201008828267e-20,2.33364401844225e-20,2.3376679360016733e-20,2.3416918535610978e-20,2.3457157711205212e-20,2.3497396886799454e-20,2.3537636062393684e-20,2.357787523798792e-20,2.3618114413582154e-20,2.3658353589176393e-20,2.3698592764770626e-20,2.3738831940364866e-20,2.3779071115959102e-20,2.381931029155334e-20,2.3859549467147575e-20,2.3899788642741814e-20,2.3940027818336047e-20,2.3980266993930286e-20,2.402050616952452e-20,2.4060745345118783e-20,2.4100984520713016e-20,2.4141223696307253e-20,2.4181462871901483e-20,2.4221702047495725e-20,2.4261941223089965e-20,2.4302180398684192e-20,2.434241957427843e-20,2.438265874987267e-20,2.4422897925466907e-20,2.4463137101061146e-20,2.4503376276655388e-20,2.454361545224962e-20,2.4583854627843855e-20,2.4624093803438088e-20,2.4664332979032333e-20,2.4704572154626567e-20,2.4744811330220803e-20,2.4785050505815027e-20,2.4825289681409276e-20,2.4865528857003515e-20,2.4905768032597748e-20,2.494600720819199e-20,2.498624638378622e-20,2.5026485559380463e-20,2.5066724734974696e-20,2.5106963910568936e-20,2.5147203086163172e-20,2.5187442261757402e-20,2.5227681437351644e-20,2.5267920612945872e-20,2.530815978854011e-20,2.5348398964134344e-20,2.5388638139728593e-20,2.5428877315322826e-20,2.5469116490917065e-20,2.5509355666511304e-20,2.5549594842105538e-20,2.5589834017699774e-20,2.5630073193294013e-20,2.5670312368888253e-20,2.5710551544482492e-20,2.5750790720076725e-20,2.579102989567096e-20,2.5831269071265195e-20,2.5871508246859434e-20,2.5911747422453667e-20,2.5951986598047907e-20,2.5992225773642143e-20,2.6032464949236376e-20,2.6072704124830615e-20,2.6112943300424876e-20,2.6153182476019103e-20,2.6193421651613336e-20,2.6233660827207576e-20,2.6273900002801812e-20,2.6314139178396045e-20,2.635437835399029e-20,2.6394617529584524e-20,2.6434856705178757e-20,2.6475095880773e-20,2.6515335056367233e-20,2.6555574231961478e-20,2.6595813407555705e-20,2.663605258314994e-20,2.6676291758744172e-20,2.671653093433841e-20,2.6756770109932647e-20,2.679700928552688e-20,2.683724846112113e-20,2.6877487636715368e-20,2.6917726812309596e-20,2.695796598790384e-20,2.6998205163498077e-20,2.7038444339092316e-20,2.7078683514686547e-20,2.711892269028079e-20,2.7159161865875025e-20,2.7199401041469265e-20,2.72396402170635e-20,2.727987939265774e-20,2.732011856825199e-20,2.736035774384622e-20,2.7400596919440455e-20,2.744083609503469e-20,2.748107527062892e-20,2.7521314446223155e-20,2.7561553621817394e-20,2.760179279741164e-20,2.764203197300587e-20,2.768227114860011e-20,2.7722510324194345e-20,2.776274949978858e-20,2.780298867538282e-20,2.784322785097708e-20,2.78834670265713e-20,2.792370620216554e-20,2.796394537775977e-20,2.800418455335402e-20,2.8044423728948254e-20,2.808466290454249e-20,2.8124902080136726e-20,2.816514125573096e-20,2.820538043132519e-20,2.824561960691944e-20,2.828585878251368e-20,2.832609795810791e-20,2.836633713370215e-20,2.840657630929636e-20,2.844681548489059e-20,2.848705466048483e-20,2.8527293836079065e-20,2.85675330116733e-20,2.860777218726754e-20,2.864801136286177e-20,2.868825053845602e-20,2.8728489714050255e-20,2.8768728889644495e-20,2.880896806523873e-20,2.884920724083296e-20,2.8889446416427207e-20,2.892968559202144e-20,2.896992476761568e-20,2.90101639432099e-20,2.9050403118804146e-20,2.9090642294398385e-20,2.913088146999262e-20,2.917112064558686e-20,2.921135982118109e-20,2.9251598996775324e-20,2.9291838172369576e-20,2.933207734796381e-20,2.937231652355805e-20,2.9412555699152293e-20,2.9452794874746527e-20,2.9493034050340766e-20,2.9533273225935e-20,2.957351240152923e-20,2.961375157712348e-20,2.965399075271772e-20,2.969422992831195e-20,2.9734469103906184e-20,2.977470827950042e-20,2.981494745509466e-20,2.98551866306889e-20,2.9895425806283135e-20,2.9935664981877374e-20,2.9975904157471613e-20,3.001614333306585e-20,3.005638250866009e-20,3.0096621684254325e-20,3.0136860859848565e-20,3.01771000354428e-20,3.021733921103703e-20,3.025757838663128e-20,3.029781756222551e-20,3.0338056737819755e-20,3.0378295913414e-20,3.0418535089008234e-20,3.045877426460245e-20,3.049901344019669e-20,3.053925261579092e-20,3.057949179138516e-20,3.061973096697939e-20,3.065997014257363e-20,3.070020931816786e-20,3.07404484937621e-20,3.0780687669356333e-20,3.0820926844950566e-20,3.0861166020544806e-20,3.090140519613904e-20,3.094164437173328e-20,3.098188354732752e-20,3.102212272292175e-20,3.1062361898515984e-20,3.1102601074110223e-20,3.1142840249704457e-20,3.118307942529869e-20,3.122331860089293e-20,3.126355777648716e-20,3.13037969520814e-20,3.134403612767564e-20,3.1384275303269874e-20,3.142451447886411e-20,3.146475365445835e-20,3.1504992830052586e-20,3.154523200564682e-20,3.1585471181241065e-20,3.1625710356835286e-20,3.166594953242954e-20,3.170618870802377e-20,3.1746427883618004e-20,3.1786667059212255e-20,3.1826906234806507e-20,3.186714541040074e-20,3.1907384585994973e-20,3.194762376158921e-20,3.1987862937183446e-20,3.2028102112777685e-20,3.206834128837193e-20,3.2108580463966164e-20,3.21488196395604e-20,3.218905881515464e-20,3.222929799074888e-20,3.2269537166343115e-20,3.2309776341937354e-20,3.2350015517531593e-20,3.239025469312583e-20,3.243049386872007e-20,3.2470733044314305e-20,3.251097221990854e-20,3.255121139550277e-20,3.259145057109701e-20,3.2631689746691244e-20,3.2671928922285484e-20,3.271216809787972e-20,3.2752407273473956e-20,3.2792646449068184e-20,3.283288562466243e-20,3.2873124800256674e-20,3.291336397585091e-20,3.295360315144514e-20,3.2993842327039374e-20,3.3034081502633613e-20,3.307432067822786e-20,3.311455985382209e-20,3.3154799029416325e-20,3.3195038205010565e-20,3.3235277380604804e-20,3.327551655619904e-20,3.3315755731793276e-20,3.335599490738751e-20,3.339623408298174e-20,3.343647325857598e-20,3.347671243417021e-20,3.3516951609764437e-20,3.355719078535867e-20,3.3597429960952903e-20,3.363766913654714e-20,3.367790831214138e-20,3.3718147487735615e-20,3.3758386663329854e-20,3.379862583892409e-20,3.383886501451833e-20,3.3879104190112554e-20,3.3919343365706794e-20,3.395958254130103e-20,3.399982171689528e-20,3.4040060892489536e-20,3.408030006808377e-20,3.4120539243678e-20,3.4160778419272235e-20,3.420101759486648e-20,3.4241256770460714e-20,3.4281495946054953e-20,3.432173512164918e-20,3.4361974297243414e-20,3.440221347283766e-20,3.4442452648431904e-20,3.448269182402613e-20,3.45229309996204e-20,3.4563170175214634e-20,3.460340935080887e-20,3.464364852640311e-20,3.4683887701997346e-20,3.4724126877591586e-20,3.4764366053185837e-20,3.480460522878007e-20,3.4844844404374303e-20,3.488508357996854e-20,3.492532275556279e-20,3.496556193115702e-20,3.5005801106751255e-20,3.5046040282345494e-20,3.508627945793973e-20,3.5126518633533966e-20,3.5166757809128194e-20,3.520699698472243e-20,3.524723616031667e-20,3.528747533591092e-20,3.532771451150515e-20,3.5367953687099384e-20,3.540819286269362e-20,3.544843203828785e-20,3.548867121388209e-20,3.5528910389476323e-20,3.556914956507056e-20,3.560938874066481e-20,3.564962791625905e-20,3.568986709185328e-20,3.5730106267447514e-20,3.5770345443041753e-20,3.5810584618635986e-20,3.585082379423023e-20,3.589106296982445e-20,3.59313021454187e-20,3.597154132101294e-20,3.601178049660718e-20,3.6052019672201416e-20,3.6092258847795655e-20,3.613249802338989e-20,3.617273719898412e-20,3.621297637457836e-20,3.6253215550172607e-20,3.629345472576684e-20,3.633369390136109e-20,3.637393307695533e-20,3.641417225254957e-20,3.64544114281438e-20,3.6494650603738036e-20,3.653488977933227e-20,3.65751289549265e-20,3.6615368130520736e-20,3.6655607306114975e-20,3.669584648170921e-20,3.673608565730345e-20,3.6776324832897675e-20,3.681656400849192e-20,3.6856803184086154e-20,3.6897042359680393e-20,3.6937281535274626e-20,3.697752071086886e-20,3.70177598864631e-20,3.705799906205733e-20,3.709823823765157e-20,3.7138477413245805e-20,3.717871658884005e-20,3.7218955764434283e-20,3.725919494002852e-20,3.7299434115622756e-20,3.733967329121699e-20,3.737991246681122e-20,3.7420151642405456e-20,3.746039081799969e-20,3.750062999359393e-20,3.754086916918816e-20,3.7581108344782395e-20,3.7621347520376646e-20,3.7661586695970886e-20,3.7701825871565125e-20,3.7742065047159364e-20,3.7782304222753603e-20,3.7822543398347837e-20,3.7862782573942076e-20,3.7903021749536315e-20,3.794326092513056e-20,3.7983500100724794e-20,3.8023739276319033e-20,3.806397845191328e-20,3.810421762750751e-20,3.8144456803101745e-20,3.8184695978695984e-20,3.822493515429022e-20,3.826517432988446e-20,3.8305413505478684e-20,3.834565268107293e-20,3.838589185666717e-20,3.8426131032261414e-20,3.846637020785566e-20,3.8506609383449905e-20,3.854684855904414e-20,3.8587087734638383e-20,3.862732691023262e-20,3.8667566085826856e-20,3.8707805261421083e-20,3.874804443701533e-20,3.878828361260957e-20,3.8828522788203795e-20,3.8868761963798034e-20,3.890900113939228e-20,3.894924031498651e-20,3.898947949058075e-20,3.9029718666174986e-20,3.906995784176922e-20,3.911019701736346e-20,3.915043619295769e-20,3.9190675368551925e-20,3.923091454414616e-20,3.92711537197404e-20,3.931139289533463e-20,3.9351632070928864e-20,3.9391871246523103e-20,3.943211042211735e-20,3.947234959771158e-20,3.951258877330582e-20,3.955282794890005e-20,3.9593067124494294e-20,3.963330630008853e-20,3.9673545475682766e-20,3.9713784651277e-20,3.9754023826871227e-20,3.979426300246547e-20,3.983450217805971e-20,3.987474135365395e-20,3.991498052924819e-20,3.9955219704842423e-20,3.999545888043666e-20,4.00356980560309e-20,4.0075937231625135e-20,4.0116176407219374e-20,4.0156415582813596e-20,4.019665475840782e-20,3.004637706420099e-15,6.143489539558277e-15,9.28834015620034e-15,1.2433458712496776e-14,1.5578589137028793e-14,1.872371998771607e-14,2.1868850753266515e-14,2.5013981410816966e-14,2.8159111959334317e-14,3.13042423987647e-14,3.444937272910049e-14,3.7594502950337966e-14,4.073963306247459e-14,4.38847630655086e-14,4.7029892959438946e-14,5.017502274426487e-14,5.332015241998579e-14,5.646528198660132e-14,5.961041144411116e-14,6.275554079251507e-14,6.590067003181299e-14,6.904579916200473e-14,7.21909281830902e-14,7.533605709506935e-14,7.848118589794208e-14,8.162631459170843e-14,8.477144317636818e-14,8.791657165192135e-14,9.106170001836788e-14,9.42068282757078e-14,9.735195642394093e-14,1.0049708446306724e-13,1.036422123930867e-13,1.0678734021399916e-13,1.0993246792580468e-13,1.1307759552850313e-13,1.1622272302209457e-13,1.1936785040657883e-13,1.2251297768195588e-13,1.2565810484822563e-13,1.28803231905388e-13,1.3194835885344303e-13,1.3509348569239064e-13,1.3823861242223072e-13,1.4138373904296327e-13,1.4452886555458826e-13,1.4767399195710553e-13,1.5081911825051522e-13,1.5396424443481713e-13,1.5710937051001127e-13,1.6025449647609762e-13,1.63399622333076e-13,1.6654474808094634e-13,1.696898737197086e-13,1.7283499924936274e-13,1.759801246699087e-13,1.7912524998134656e-13,1.8227037518367628e-13,1.8541550027689753e-13,1.885606252610105e-13,1.9170575013601504e-13,1.948508749019112e-13,1.9799599955869877e-13,2.0114112410637784e-13,2.0428624854494802e-13,2.0743137287440971e-13,2.105764970947626e-13,2.1372162120600672e-13,2.1686674520814204e-13,2.200118691011684e-13,2.2315699288508582e-13,2.2630211655989417e-13,2.294472401255935e-13,2.3259236358218375e-13,2.357374869296647e-13,2.388826101680363e-13,2.4202773329729876e-13,2.4517285631745196e-13,2.4831797922849563e-13,2.5146310203043e-13,2.5460822472325487e-13,2.5775334730697024e-13,2.608984697815758e-13,2.6404359214707176e-13,2.67188714403458e-13,2.703338365507343e-13,2.73478958588901e-13,2.766240805179576e-13,2.797692023379046e-13,2.8291432404874146e-13,2.860594456504683e-13,2.892045671430849e-13,2.9234968852659145e-13,2.9549480980098775e-13,2.9863993096627376e-13,3.0178505202244937e-13,3.049301729695146e-13,3.080752938074694e-13,3.1122041453631374e-13,3.143655351560476e-13,3.1751065566667066e-13,3.206557760681833e-13,3.2380089636058525e-13,3.2694601654387615e-13,3.300911366180565e-13,3.332362565831259e-13,3.3638137643908445e-13,3.395264961859319e-13,3.426716158236683e-13,3.458167353522937e-13,3.4896185477180777e-13,3.521069740822108e-13,3.5525209328350267e-13,3.583972123756831e-13,3.615423313587521e-13,3.646874502327099e-13,3.6783256899755594e-13,3.7097768765329037e-13,3.7412280619991365e-13,3.7726792463742507e-13,3.804130429658248e-13,3.835581611851129e-13,3.867032792952893e-13,3.898483972963538e-13,3.9299351518830633e-13,3.961386329711471e-13,3.992837506448757e-13,4.024288682094924e-13,4.055739856649966e-13,4.087191030113888e-13,4.1186422024866895e-13,4.150093373768367e-13,4.18154454395892e-13,4.212995713058351e-13,4.2444468810666573e-13,4.2758980479838374e-13,4.307349213809895e-13,4.338800378544823e-13,4.370251542188626e-13,4.401702704741304e-13,4.4331538662028487e-13,4.4646050265732684e-13,4.4960561858525594e-13,4.52750734404072e-13,4.558958501137751e-13,4.590409657143651e-13,4.621860812058422e-13,4.65331196588206e-13,4.684763118614566e-13,4.716214270255938e-13,4.747665420806178e-13,4.779116570265281e-13,4.810567718633253e-13,4.842018865910089e-13,4.873470012095788e-13,4.904921157190353e-13,4.936372301193781e-13,4.967823444106073e-13,4.999274585927228e-13,5.030725726657245e-13,5.062176866296122e-13,5.093628004843858e-13,5.125079142300456e-13,5.156530278665911e-13,5.187981413940228e-13,5.219432548123403e-13,5.250883681215434e-13,5.282334813216325e-13,5.313785944126069e-13,5.345237073944672e-13,5.37668820267213e-13,5.408139330308443e-13,5.439590456853611e-13,5.471041582307634e-13,5.50249270667051e-13,5.533943829942241e-13,5.565394952122823e-13,5.596846073212259e-13,5.628297193210545e-13,5.659748312117681e-13,5.69119942993367e-13,5.722650546658509e-13,5.754101662292197e-13,5.785552776834734e-13,5.817003890286123e-13,5.848455002646357e-13,5.879906113915438e-13,5.911357224093365e-13,5.94280833318014e-13,5.97425944117576e-13,6.005710548080224e-13,6.037161653893535e-13,6.068612758615686e-13,6.10006386224668e-13,6.131514964786521e-13,6.162966066235202e-13,6.194417166592723e-13,6.225868265859089e-13,6.257319364034294e-13,6.288770461118339e-13,6.320221557111223e-13,6.351672652012946e-13,6.383123745823507e-13,6.414574838542908e-13,6.446025930171143e-13,6.47747702070822e-13,6.508928110154127e-13,6.540379198508875e-13,6.571830285772455e-13,6.603281371944869e-13,6.63473245702612e-13,6.666183541016202e-13,6.697634623915118e-13,6.729085705722867e-13,6.760536786439446e-13,6.791987866064859e-13,6.823438944599099e-13,6.854890022042172e-13,6.886341098394074e-13,6.917792173654811e-13,6.949243247824372e-13,6.980694320902759e-13,7.012145392889978e-13,7.043596463786021e-13,7.075047533590894e-13,7.106498602304589e-13,7.137949669927113e-13,7.169400736458459e-13,7.20085180189863e-13,7.232302866247622e-13,7.263753929505439e-13,7.295204991672081e-13,7.326656052747539e-13,7.358107112731822e-13,7.389558171624927e-13,7.42100922942685e-13,7.452460286137593e-13,7.483911341757157e-13,7.515362396285539e-13,7.546813449722737e-13,7.578264502068757e-13,7.609715553323593e-13,7.641166603487241e-13,7.672617652559709e-13,7.704068700540991e-13,7.735519747431089e-13,7.766970793230002e-13,7.798421837937725e-13,7.829872881554266e-13,7.861323924079614e-13,7.892774965513777e-13,7.924226005856755e-13,7.955677045108536e-13,7.98712808326913e-13,8.018579120338537e-13,8.05003015631675e-13,8.081481191203775e-13,8.11293222499961e-13,8.144383257704248e-13,8.175834289317696e-13,8.207285319839951e-13,8.238736349271011e-13,8.270187377610878e-13,8.30163840485955e-13,8.333089431017028e-13,8.364540456083302e-13,8.395991480058385e-13,8.427442502942265e-13,8.458893524734953e-13,8.490344545436439e-13,8.521795565046728e-13,8.553246583565819e-13,8.584697600993711e-13,8.6161486173304e-13,8.647599632575892e-13,8.679050646730178e-13,8.710501659793261e-13,8.741952671765144e-13,8.773403682645825e-13,8.804854692435302e-13,8.836305701133574e-13,8.867756708740641e-13,8.899207715256504e-13,8.930658720681157e-13,8.962109725014607e-13,8.993560728256847e-13,9.025011730407881e-13,9.056462731467711e-13,9.08791373143633e-13,9.119364730313738e-13,9.150815728099938e-13,9.182266724794925e-13,9.213717720398705e-13,9.24516871491127e-13,9.27661970833262e-13,9.30807070066276e-13,9.339521691901693e-13,9.3709726820494e-13,9.402423671105904e-13,9.433874659071188e-13,9.465325645945262e-13,9.496776631728114e-13,9.528227616419752e-13,9.559678600020175e-13,9.591129582529381e-13,9.622580563947367e-13,9.65403154427413e-13,9.685482523509678e-13,9.716933501654012e-13,9.748384478707117e-13,9.779835454669009e-13,9.811286429539674e-13,9.842737403319123e-13,9.874188376007353e-13,9.90563934760435e-13,9.937090318110127e-13,9.96854128752468e-13,9.999992255848009e-13,1.0031443223080112e-12,1.0062894189220992e-12,1.009434515427064e-12,1.0125796118229067e-12,1.0157247081096265e-12,1.0188698042872238e-12,1.0220149003556978e-12,1.0251599963150492e-12,1.028305092165278e-12,1.0314501879063829e-12,1.0345952835383654e-12,1.037740379061225e-12,1.0408854744749607e-12,1.044030569779574e-12,1.0471756649750634e-12,1.05032076006143e-12,1.053465855038673e-12,1.056610949906792e-12,1.059756044665788e-12,1.0629011393156607e-12,1.0660462338564095e-12,1.0691913282880344e-12,1.072336422610536e-12,1.0754815168239136e-12,1.0786266109281675e-12,1.0817717049232973e-12,1.0849167988093036e-12,1.0880618925861853e-12,1.091206986253944e-12,1.0943520798125779e-12,1.0974971732620878e-12,1.1006422666024735e-12,1.1037873598337351e-12,1.106932452955872e-12,1.1100775459688846e-12,1.113222638872773e-12,1.1163677316675367e-12,1.1195128243531762e-12,1.1226579169296913e-12,1.1258030093970816e-12,1.1289481017553472e-12,1.1320931940044882e-12,1.1352382861445048e-12,1.1383833781753959e-12,1.1415284700971618e-12,1.1446735619098032e-12,1.1478186536133199e-12,1.150963745207711e-12,1.1541088366929772e-12,1.1572539280691181e-12,1.1603990193361336e-12,1.163544110494024e-12,1.1666892015427895e-12,1.1698342924824292e-12,1.1729793833129436e-12,1.176124474034332e-12,1.1792695646465953e-12,1.1824146551497327e-12,1.1855597455437447e-12,1.188704835828631e-12,1.1918499260043917e-12,1.1949950160710258e-12,1.1981401060285343e-12,1.2012851958769171e-12,1.204430285616174e-12,1.2075753752463045e-12,1.2107204647673091e-12,1.2138655541791875e-12,1.21701064348194e-12,1.220155732675566e-12,1.2233008217600651e-12,1.2264459107354385e-12,1.2295909996016857e-12,1.2327360883588064e-12,1.2358811770068002e-12,1.2390262655456672e-12,1.2421713539754077e-12,1.2453164422960218e-12,1.2484615305075089e-12,1.251606618609869e-12,1.2547517066031026e-12,1.2578967944872093e-12,1.2610418822621885e-12,1.2641869699280413e-12,1.2673320574847664e-12,1.2704771449323646e-12,1.2736222322708352e-12,1.2767673195001788e-12,1.2799124066203959e-12,1.2830574936314845e-12,1.2862025805334465e-12,1.2893476673262804e-12,1.2924927540099873e-12,1.2956378405845665e-12,1.2987829270500184e-12,1.3019280134063425e-12,1.305073099653539e-12,1.3082181857916073e-12,1.311363271820548e-12,1.3145083577403608e-12,1.3176534435510454e-12,1.3207985292526017e-12,1.3239436148450314e-12,1.3270887003283317e-12,1.3302337857025037e-12,1.3333788709675477e-12,1.3365239561234637e-12,1.3396690411702506e-12,1.3428141261079103e-12,1.3459592109364406e-12,1.349104295655843e-12,1.3522493802661166e-12,1.3553944647672614e-12,1.358539549159278e-12,1.361684633442165e-12,1.3648297176159243e-12,1.3679748016805542e-12,1.3711198856360554e-12,1.3742649694824271e-12,1.3774100532196702e-12,1.3805551368477846e-12,1.3837002203667693e-12,1.3868453037766246e-12,1.3899903870773511e-12,1.3931354702689482e-12,1.3962805533514163e-12,1.3994256363247546e-12,1.4025707191889635e-12,1.4057158019440429e-12,1.4088608845899938e-12,1.4120059671268132e-12,1.4151510495545044e-12,1.4182961318730652e-12,1.4214412140824966e-12,1.4245862961827983e-12,1.4277313781739702e-12,1.430876460056012e-12,1.434021541828924e-12,1.437166623492706e-12,1.4403117050473575e-12,1.443456786492879e-12,1.44660186782927e-12,1.449746949056531e-12,1.4528920301746622e-12,1.4560371111836625e-12,1.4591821920835323e-12,1.4623272728742718e-12,1.4654723535558804e-12,1.4686174341283591e-12,1.4717625145917063e-12,1.4749075949459233e-12,1.4780526751910093e-12,1.481197755326964e-12,1.4843428353537882e-12,1.487487915271482e-12,1.4906329950800438e-12,1.4937780747794744e-12,1.4969231543697747e-12,1.5000682338509435e-12,1.5032133132229816e-12,1.5063583924858874e-12,1.509503471639663e-12,1.512648550684306e-12,1.5157936296198179e-12,1.5189387084461995e-12,1.5220837871634492e-12,1.5252288657715667e-12,1.5283739442705534e-12,1.531519022660408e-12,1.53466410094113e-12,1.5378091791127214e-12,1.54095425717518e-12,1.5440993351285064e-12,1.5472444129727025e-12,1.5503894907077651e-12,1.553534568333696e-12,1.5566796458504955e-12,1.5598247232581626e-12,1.5629698005566966e-12,1.5661148777460987e-12,1.569259954826369e-12,1.5724050317975062e-12,1.5755501086595108e-12,1.5786951854123827e-12,1.5818402620561233e-12,1.5849853385907304e-12,1.5881304150162045e-12,1.5912754913325462e-12,1.5944205675397561e-12,1.5975656436378315e-12,1.600710719626775e-12,1.603855795506585e-12,1.6070008712772622e-12,1.6101459469388067e-12,1.6132910224912168e-12,1.616436097934495e-12,1.61958117326864e-12,1.6227262484936511e-12,1.625871323609529e-12,1.6290163986162735e-12,1.632161473513885e-12,1.6353065483023627e-12,1.638451622981707e-12,1.6415966975519173e-12,1.6447417720129944e-12,1.6478868463649374e-12,1.6510319206077473e-12,1.6541769947414226e-12,1.6573220687659647e-12,1.6604671426813726e-12,1.6636122164876456e-12,1.666757290184786e-12,1.669902363772792e-12,1.6730474372516636e-12,1.676192510621401e-12,1.6793375838820041e-12,1.6824826570334732e-12,1.6856277300758079e-12,1.6887728030090083e-12,1.6919178758330734e-12,1.6950629485480043e-12,1.6982080211538008e-12,1.701353093650462e-12,1.7044981660379896e-12,1.7076432383163819e-12,1.7107883104856394e-12,1.7139333825457624e-12,1.71707845449675e-12,1.7202235263386025e-12,1.7233685980713205e-12,1.7265136696949026e-12,1.7296587412093505e-12,1.7328038126146627e-12,1.735948883910839e-12,1.7390939550978813e-12,1.7422390261757873e-12,1.7453840971445583e-12,1.7485291680041934e-12,1.751674238754694e-12,1.7548193093960583e-12,1.7579643799282866e-12,1.7611094503513805e-12,1.764254520665337e-12,1.7673995908701583e-12,1.7705446609658444e-12,1.7736897309523936e-12,1.7768348008298081e-12,1.7799798705980857e-12,1.7831249402572272e-12,1.7862700098072325e-12,1.789415079248102e-12,1.7925601485798354e-12,1.7957052178024314e-12,1.7988502869158929e-12,1.8019953559202162e-12,1.8051404248154036e-12,1.8082854936014558e-12,1.8114305622783695e-12,1.8145756308461479e-12,1.8177206993047889e-12,1.8208657676542937e-12,1.8240108358946623e-12,1.8271559040258926e-12,1.8303009720479872e-12,1.833446039960944e-12,1.8365911077647636e-12,1.8397361754594465e-12,1.8428812430449933e-12,1.8460263105214016e-12,1.849171377888673e-12,1.8523164451468077e-12,1.8554615122958055e-12,1.8586065793356647e-12,1.8617516462663874e-12,1.8648967130879727e-12,1.86804177980042e-12,1.871186846403729e-12,1.8743319128979014e-12,1.877476979282936e-12,1.8806220455588322e-12,1.8837671117255914e-12,1.8869121777832133e-12,1.8900572437316966e-12,1.893202309571042e-12,1.89634737530125e-12,1.899492440922319e-12,1.9026375064342497e-12,1.9057825718370417e-12,1.9089276371306964e-12,1.912072702315213e-12,1.915217767390591e-12,1.9183628323568312e-12,1.9215078972139317e-12,1.9246529619618944e-12,1.9277980266007185e-12,1.9309430911304036e-12,1.9340881555509506e-12,1.937233219862358e-12,1.9403782840646273e-12,1.9435233481577566e-12,1.946668412141748e-12,1.9498134760166007e-12,1.9529585397823134e-12,1.956103603438888e-12,1.9592486669863233e-12,1.962393730424619e-12,1.965538793753776e-12,1.9686838569737936e-12,1.9718289200846717e-12,1.97497398308641e-12,1.9781190459790095e-12,1.9812641087624696e-12,1.9844091714367894e-12,1.98755423400197e-12,1.990699296458011e-12,1.9938443588049115e-12,1.9969894210426727e-12,2.0001344831712936e-12,2.0032795451907756e-12,2.0064246071011166e-12,2.0095696689023183e-12,2.0127147305943805e-12,2.015859792177301e-12,2.019004853651083e-12,2.0221499150157238e-12,2.0252949762712245e-12,2.0284400374175855e-12,2.031585098454806e-12,2.0347301593828856e-12,2.0378752202018252e-12,2.041020280911624e-12,2.0441653415122823e-12,2.0473104020037993e-12,2.050455462386176e-12,2.053600522659412e-12,2.0567455828235065e-12,2.059890642878461e-12,2.0630357028242745e-12,2.0661807626609472e-12,2.0693258223884774e-12,2.072470882006868e-12,2.075615941516118e-12,2.0787610009162254e-12,2.0819060602071924e-12,2.0850511193890175e-12,2.088196178461701e-12,2.091341237425244e-12,2.0944862962796447e-12,2.0976313550249055e-12,2.1007764136610225e-12,2.103921472187999e-12,2.107066530605833e-12,2.110211588914526e-12,2.1133566471140774e-12,2.1165017052044862e-12,2.1196467631857532e-12,2.122791821057879e-12,2.125936878820861e-12,2.1290819364747027e-12,2.1322269940194018e-12,2.135372051454959e-12,2.138517108781373e-12,2.141662165998645e-12,2.1448072231067755e-12,2.1479522801057623e-12,2.1510973369956073e-12,2.1542423937763097e-12,2.1573874504478695e-12,2.1605325070102875e-12,2.1636775634635613e-12,2.1668226198076933e-12,2.169967676042683e-12,2.1731127321685283e-12,2.1762577881852313e-12,2.179402844092792e-12,2.182547899891209e-12,2.1856929555804826e-12,2.1888380111606143e-12,2.1919830666316022e-12,2.1951281219934464e-12,2.1982731772461483e-12,2.2014182323897068e-12,2.204563287424121e-12,2.207708342349392e-12,2.2108533971655194e-12,2.2139984518725046e-12,2.2171435064703453e-12,2.220288560959042e-12,2.223433615338596e-12,2.2265786696090055e-12,2.229723723770271e-12,2.2328687778223932e-12,2.236013831765371e-12,2.2391588855992057e-12,2.2423039393238954e-12,2.2454489929394417e-12,2.248594046445843e-12,2.251739099843101e-12,2.254884153131215e-12,2.2580292063101834e-12,2.261174259380009e-12,2.2643193123406884e-12,2.2674643651922243e-12,2.2706094179346156e-12,2.2737544705678623e-12,2.2768995230919648e-12,2.280044575506921e-12,2.2831896278127334e-12,2.2863346800094016e-12,2.2894797320969252e-12,2.292624784075303e-12,2.295769835944536e-12,2.298914887704624e-12,2.3020599393555672e-12,2.3052049908973656e-12,2.3083500423300182e-12,2.3114950936535262e-12,2.314640144867888e-12,2.3177851959731047e-12,2.320930246969176e-12,2.324075297856102e-12,2.3272203486338834e-12,2.330365399302517e-12,2.3335104498620067e-12,2.3366555003123512e-12,2.3398005506535483e-12,2.342945600885601e-12,2.3460906510085074e-12,2.3492357010222677e-12,2.3523807509268827e-12,2.3555258007223514e-12,2.3586708504086747e-12,2.3618158999858493e-12,2.364960949453881e-12,2.368105998812765e-12,2.371251048062502e-12,2.3743960972030938e-12,2.3775411462345396e-12,2.3806861951568384e-12,2.38383124396999e-12,2.3869762926739956e-12,2.390121341268854e-12,2.3932663897545663e-12,2.396411438131133e-12,2.399556486398551e-12,2.4027015345568235e-12,2.405846582605949e-12,2.4089916305459273e-12,2.4121366783767576e-12,2.4152817260984413e-12,2.418426773710978e-12,2.4215718212143683e-12,2.4247168686086105e-12,2.4278619158937056e-12,2.431006963069654e-12,2.4341520101364542e-12,2.4372970570941074e-12,2.440442103942613e-12,2.44358715068197e-12,2.446732197312181e-12,2.449877243833244e-12,2.453022290245159e-12,2.4561673365479277e-12,2.4593123827415467e-12,2.4624574288260186e-12,2.4656024748013423e-12,2.4687475206675185e-12,2.4718925664245464e-12,2.475037612072426e-12,2.4781826576111584e-12,2.481327703040741e-12,2.484472748361177e-12,2.4876177935724643e-12,2.4907628386746027e-12,2.4939078836675933e-12,2.497052928551435e-12,2.5001979733261284e-12,2.5033430179916733e-12,2.5064880625480696e-12,2.5096331069953177e-12,2.5127781513334166e-12,2.5159231955623653e-12,2.519068239682166e-12,2.5222132836928175e-12,2.5253583275943202e-12,2.5285033713866743e-12,2.5316484150698792e-12,2.534793458643935e-12,2.5379385021088416e-12,2.5410835454645985e-12,2.544228588711207e-12,2.547373631848666e-12,2.550518674876975e-12,2.553663717796135e-12,2.5568087606061453e-12,2.5599538033070067e-12,2.5630988458987178e-12,2.5662438883812794e-12,2.569388930754691e-12,2.5725339730189537e-12,2.575679015174066e-12,2.578824057220029e-12,2.581969099156842e-12,2.585114140984504e-12,2.588259182703017e-12,2.591404224312379e-12,2.5945492658125914e-12,2.5976943072036543e-12,2.6008393484855657e-12,2.603984389658328e-12,2.6071294307219384e-12,2.6102744716763993e-12,2.6134195125217096e-12,2.61656455325787e-12,2.6197095938848792e-12,2.622854634402737e-12,2.6259996748114458e-12,2.629144715111003e-12,2.632289755301409e-12,2.6354347953826663e-12,2.63857983535477e-12,2.6417248752177244e-12,2.6448699149715278e-12,2.6480149546161785e-12,2.6511599941516786e-12,2.654305033578028e-12,2.6574500728952262e-12,2.6605951121032726e-12,2.663740151202168e-12,2.6668851901919117e-12,2.6700302290725036e-12,2.6731752678439444e-12,2.6763203065062334e-12,2.679465345059371e-12,2.6826103835033576e-12,2.6857554218381916e-12,2.6889004600638738e-12,2.692045498180404e-12,2.6951905361877824e-12,2.6983355740860097e-12,2.701480611875084e-12,2.704625649555007e-12,2.707770687125776e-12,2.7109157245873935e-12,2.7140607619398597e-12,2.717205799183174e-12,2.720350836317335e-12,2.723495873342344e-12,2.7266409102582003e-12,2.7297859470649046e-12,2.732930983762455e-12,2.7360760203508543e-12,2.7392210568301e-12,2.7423660932001924e-12,2.7455111294611344e-12,2.748656165612922e-12,2.751801201655556e-12,2.754946237589038e-12,2.758091273413367e-12,2.7612363091285426e-12,2.764381344734565e-12,2.767526380231435e-12,2.7706714156191526e-12,2.7738164508977135e-12,2.7769614860671236e-12,2.78010652112738e-12,2.783251556078483e-12,2.7863965909204306e-12,2.789541625653228e-12,2.7926866602768693e-12,2.7958316947913568e-12,2.7989767291966927e-12,2.802121763492874e-12,2.8052667976799e-12,2.8084118317577748e-12,2.811556865726494e-12,2.8147018995860583e-12,2.8178469333364688e-12,2.8209919669777258e-12,2.8241370005098296e-12,2.8272820339327776e-12,2.830427067246573e-12,2.833572100451215e-12,2.8367171335467e-12,2.8398621665330314e-12,2.843007199410209e-12,2.8461522321782306e-12,2.849297264837099e-12,2.8524422973868113e-12,2.85558732982737e-12,2.858732362158773e-12,2.8618773943810227e-12,2.865022426494116e-12,2.868167458498057e-12,2.8713124903928397e-12,2.8744575221784688e-12,2.8776025538549432e-12,2.880747585422261e-12,2.883892616880425e-12,2.887037648229434e-12,2.8901826794692868e-12,2.8933277105999848e-12,2.8964727416215264e-12,2.8996177725339125e-12,2.9027628033371435e-12,2.9059078340312206e-12,2.909052864616139e-12,2.9121978950919037e-12,2.915342925458513e-12,2.9184879557159663e-12,2.921632985864263e-12,2.9247780159034028e-12,2.9279230458333883e-12,2.9310680756542183e-12,2.9342131053658904e-12,2.9373581349684085e-12,2.940503164461769e-12,2.943648193845974e-12,2.9467932231210205e-12,2.949938252286914e-12,2.9530832813436478e-12,2.9562283102912255e-12,2.9593733391296505e-12,2.962518367858915e-12,2.9656633964790238e-12,2.968808424989976e-12,2.971953453391773e-12,2.975098481684412e-12,2.978243509867894e-12,2.981388537942219e-12,2.9845335659073872e-12,2.9876785937633995e-12,2.9908236215102527e-12,2.99396864914795e-12,2.9971136766764896e-12,3.000258704095873e-12,3.003403731406098e-12,3.006548758607167e-12,3.009693785699077e-12,3.0128388126818303e-12,3.0159838395554263e-12,3.019128866319863e-12,3.0222738929751432e-12,3.0254189195212666e-12,3.0285639459582316e-12,3.0317089722860386e-12,3.0348539985046877e-12,3.0379990246141804e-12,3.0411440506145136e-12,3.0442890765056897e-12,3.047434102287708e-12,3.050579127960566e-12,3.053724153524266e-12,3.0568691789788102e-12,3.0600142043241957e-12,3.0631592295604224e-12,3.0663042546874896e-12,3.069449279705399e-12,3.072594304614151e-12,3.075739329413744e-12,3.078884354104178e-12,3.0820293786854523e-12,3.0851744031575685e-12,3.0883194275205276e-12,3.0914644517743266e-12,3.094609475918966e-12,3.0977544999544477e-12,3.100899523880771e-12,3.104044547697934e-12,3.1071895714059378e-12,3.110334595004783e-12,3.1134796184944696e-12,3.1166246418749954e-12,3.1197696651463624e-12,3.1229146883085702e-12,3.126059711361621e-12,3.12920473430551e-12,3.1323497571402395e-12,3.135494779865812e-12,3.1386398024822207e-12,3.1417848249894707e-12,3.144929847387561e-12,3.1450703764887517e-12,3.145076655763752e-12,3.1450769363511964e-12
21,6.3809595526617726e-83,3.325321584528632e-82,1.0367121233191922e-81,2.506663111935884e-81,5.18108214642297e-81,9.6151843822005e-81,1.6489048935928396e-80,2.6616449188716288e-80,4.0954215691408776e-80,6.0612076328536786e-80,8.686288198359103e-80,1.2115312301596172e-79,1.6511365351158132e-79,2.2057055655548824e-79,2.895560998742391e-79,3.743197450851087e-79,4.773391848898605e-79,6.013313909750882e-79,7.492636615222328e-79,9.243646615556366e-79,1.1301354522890585e-78,1.3703605075786994e-78,1.6491187167843977e-78,1.970794374077517e-78,2.340088154620254e-78,2.7620280782255815e-78,3.2419804611604744e-78,3.7856608567346284e-78,4.3991449852579165e-78,5.088879653841481e-78,5.86169366655836e-78,6.724808725182114e-78,7.685850320884128e-78,8.752858617096211e-78,9.93429932369615e-78,1.1239074562692334e-77,1.2676533725413326e-77,1.4256484321553569e-77,1.5989202819752433e-77,1.788544548007323e-77,1.995645917825436e-77,2.221399222211808e-77,2.4670305159101027e-77,2.7338181576711296e-77,3.023093889415757e-77,3.3362439146210107e-77,3.6747099758966866e-77,4.0399904317570755e-77,4.433641332594423e-77,4.857277495837183e-77,5.3125735803267666e-77,5.801265159875077e-77,6.325149796031892e-77,6.886088110050669e-77,7.486004854054358e-77,8.126889981405477e-77,8.810799716276018e-77,9.539857622424365e-77,1.0316255671164658e-76,1.11422553085658e-76,1.202018852182169e-76,1.2952458904856695e-76,1.39415427231275e-76,1.4989989977576527e-76,1.6100425467954444e-76,1.7275549855148846e-76,1.8518140722843796e-76,1.9831053638346626e-76,2.1217223212655424e-76,2.2679664159721006e-76,2.4221472354901422e-76,2.584582589264929e-76,2.7555986143407768e-76,2.9355298809716106e-76,3.124719498153315e-76,3.323519219075939e-76,3.532289546501173e-76,3.7513998380557143e-76,3.981228411452401e-76,4.222162649624498e-76,4.474599105797119e-76,4.738943608452804e-76,5.015611366262757e-76,5.3050270728848236e-76,5.607625011735744e-76,5.923849160635672e-76,6.254153296440485e-76,6.599001099511743e-76,6.958866258194155e-76,7.334232573132959e-76,7.72559406159999e-76,8.133455061664414e-76,8.558330336333122e-76,9.000745177595691e-76,9.461235510402105e-76,9.940347996535517e-76,1.0438640138467228e-75,1.0956680383057918e-75,1.1495048225238895e-75,1.2054334311592933e-75,1.2635140543861524e-75,1.3238080182375813e-75,1.3863777949413363e-75,1.4512870132460212e-75,1.518600468743834e-75,1.588384134180218e-75,1.6607051697594634e-75,1.7356319334420941e-75,1.8132339912333696e-75,1.8935821274653313e-75,1.976748355069596e-75,2.062805925849414e-75,2.1518293407264708e-75,2.243894360003986e-75,2.339078013604034e-75,2.437458611304549e-75,2.5391157529674327e-75,2.6441303387591934e-75,2.7525845793638005e-75,2.864562006187792e-75,2.9801474815590744e-75,3.0994272089152267e-75,3.2224887429880887e-75,3.349420999976308e-75,3.480314267716042e-75,3.6152602158378133e-75,3.7543519059199363e-75,3.8976838016347744e-75,4.045351778879787e-75,4.1974531359183105e-75,4.354086603490845e-75,4.515352354934697e-75,4.681352016289957e-75,4.852188676400109e-75,5.027966897002812e-75,5.208792722813878e-75,5.394773691605952e-75,5.586018844277997e-75,5.782638734911613e-75,5.9847454408374955e-75,6.192452572670623e-75,6.405875284355134e-75,6.625130283197525e-75,6.850335839886916e-75,7.081611798514926e-75,7.319079586588471e-75,7.562862225024066e-75,7.813084338149798e-75,8.069872163691887e-75,8.333353562748066e-75,8.603658029769058e-75,8.880916702517032e-75,9.165262372027913e-75,9.456829492558461e-75,9.755754191528837e-75,1.0062174279461283e-74,1.0376229259906577e-74,1.0698060339361062e-74,1.1027810437186095e-74,1.1365624195513154e-74,1.1711647989132917e-74,1.206602993540967e-74,1.2428919904127164e-74,1.2800469527407051e-74,1.3180832209544896e-74,1.3570163136895855e-74,1.3968619287712367e-74,1.4376359441999394e-74,1.4793544191352464e-74,1.5220335948795693e-74,1.5656898958588675e-74,1.6103399306050566e-74,1.656000492742404e-74,1.7026885619577976e-74,1.7504213049882546e-74,1.7992160765967598e-74,1.8490904205512118e-74,1.9000620706006636e-74,1.95214895145397e-74,2.0053691797543907e-74,2.059741065054949e-74,2.115283110791183e-74,2.1720140152614964e-74,2.229952672590993e-74,2.2891181737103283e-74,2.34952980732497e-74,2.4112070608873775e-74,2.4741696215647557e-74,2.5384373772110154e-74,2.6040304173343908e-74,2.670969034065356e-74,2.7392737231243432e-74,2.8089651847878713e-74,2.880064324854635e-74,2.9525922556109058e-74,3.0265702967943576e-74,3.1020199765579146e-74,3.178963032433359e-74,3.2574214122927087e-74,3.337417275310547e-74,3.4189729929233353e-74,3.5021111497924597e-74,3.586854544760625e-74,3.673226191811908e-74,3.761249321029944e-74,3.850947379554631e-74,3.942344032538716e-74,4.035463164103513e-74,4.130328878296024e-74,4.226965500041037e-74,4.3253975760927236e-74,4.425649875993871e-74,4.527747393023204e-74,4.631715345149063e-74,4.737579175979055e-74,4.845364555711238e-74,4.955097382081087e-74,5.066803781321059e-74,5.180510109086839e-74,5.296242951426712e-74,5.414029125716708e-74,5.533895681609897e-74,5.655869901980249e-74,5.779979303867909e-74,5.906251639424719e-74,6.034714896852274e-74,6.1653973013500885e-74,6.2983273160532236e-74,6.43353364297784e-74,6.571045223957421e-74,6.710891241581155e-74,6.853101120136707e-74,6.997704526553336e-74,7.144731371322064e-74,7.294211809451942e-74,7.446176241395392e-74,7.600655313986496e-74,7.75767992137556e-74,7.917281205962904e-74,8.079490559333171e-74,8.244339623185907e-74,8.411860290270578e-74,8.582084705315127e-74,8.755045265957936e-74,8.930774623677727e-74,9.109305684722207e-74,9.290671611037086e-74,9.474905821192135e-74,9.66204199131524e-74,9.852114056006288e-74,1.0045156209275129e-73,1.0241202905457768e-73,1.044028886015315e-73,1.0642449051127612e-73,1.0847718719254685e-73,1.1056133369430635e-73,1.1267728771497428e-73,1.1482540961161625e-73,1.1700606240918895e-73,1.192196118096777e-73,1.2146642620134105e-73,1.237468766678629e-73,1.2606133699753475e-73,1.2841018369242797e-73,1.3079379597753812e-73,1.3321255580997822e-73,1.35666847888092e-73,1.3815705966059926e-73,1.406835813357467e-73,1.4324680589042266e-73,1.4584712907928506e-73,1.4848494944387495e-73,1.5116066832172206e-73,1.5387468985543873e-73,1.5662742100182855e-73,1.594192715409705e-73,1.6225065408528568e-73,1.6512198408862488e-73,1.6803367985534254e-73,1.7098616254931584e-73,1.739798562030661e-73,1.7701518772674506e-73,1.8009258691720226e-73,1.8321248646702478e-73,1.863753219735483e-73,1.8958153194778597e-73,1.9283155782386653e-73,1.9612584396729385e-73,1.9946483768457628e-73,2.0284898923200767e-73,2.062787518246213e-73,2.0975458164523926e-73,2.1327693785337635e-73,2.168462825942535e-73,2.2046308100775155e-73,2.2412780123735606e-73,2.278409144391007e-73,2.316028947905135e-73,2.354142194995702e-73,2.392753688135786e-73,2.4318682602810975e-73,2.4714907749599344e-73,2.5116261263600336e-73,2.552279239420933e-73,2.5934550699198495e-73,2.6351586045622277e-73,2.6773948610699676e-73,2.7201688882699798e-73,2.763485766183741e-73,2.8073506061148244e-73,2.851768550738102e-73,2.8967447741880824e-73,2.9422844821471374e-73,2.988392911934876e-73,3.0350753325932004e-73,3.082337044979667e-73,3.130183381851409e-73,3.178619707954433e-73,3.227651420112301e-73,3.277283947314194e-73,3.327522750800562e-73,3.3783733241545286e-73,3.429841193386325e-73,3.481931917023002e-73,3.534651086195459e-73,3.58800432472561e-73,3.6419972892143174e-73,3.6966356691298434e-73,3.751925186892276e-73,3.807871597964015e-73,3.864480690935186e-73,3.9217582876115384e-73,3.979710243101362e-73,4.0383424459019376e-73,4.0976608179877866e-73,4.157671314896308e-73,4.218379925815875e-73,4.2797926736703836e-73,4.3419156152097446e-73,4.404754841092486e-73,4.468316475975778e-73,4.532606678597934e-73,4.597631641870498e-73,4.66339759295854e-73,4.7299107933712404e-73,4.797177539047003e-73,4.8652041604386384e-73,4.933997022601203e-73,5.003562525276728e-73,5.073907102980739e-73,5.145037225088278e-73,5.2169593959195654e-73,5.2896801548260746e-73,5.36320607627733e-73,5.437543769941471e-73,5.5126998807801265e-73,5.5886810891253864e-73,5.665494110770373e-73,5.743145697051056e-73,5.821642634935075e-73,5.900991747104881e-73,5.981199892043857e-73,6.062273964120959e-73,6.144220893676206e-73,6.227047647106918e-73,6.310761226949207e-73,6.395368671966921e-73,6.480877057234153e-73,6.567293494220638e-73,6.654625130877094e-73,6.742879151719078e-73,6.832062777911242e-73,6.922183267353526e-73,7.013247914764231e-73,7.105264051764266e-73,7.198239046964344e-73,7.292180306044282e-73,7.387095271842047e-73,7.482991424434958e-73,7.579876281225153e-73,7.677757397023256e-73,7.776642364132814e-73,7.876538812433421e-73,7.97745440946465e-73,8.07939686051106e-73,8.182373908684433e-73,8.286393335008615e-73,8.391462958502701e-73,8.497590636264027e-73,8.604784263552533e-73,8.713051773874027e-73,8.822401139063073e-73,8.932840369366754e-73,9.044377513528024e-73,9.157020658868421e-73,9.270777931371844e-73,9.385657495766565e-73,9.501667555609396e-73,9.618816353368288e-73,9.737112170504727e-73,9.856563327556255e-73,9.97717818422289e-73,1.0098965139443645e-72,1.0221932631480651e-72,1.0346089138009062e-72,1.0471443176189898e-72,1.0598003302758904e-72,1.072577811410228e-72,1.0854776246348569e-72,1.0985006375443014e-72,1.111647721723251e-72,1.1249197527548461e-72,1.1383176102286062e-72,1.1518421777491447e-72,1.1654943429437411e-72,1.1792749974711374e-72,1.1931850370291613e-72,1.2072253613634034e-72,1.2213968742749617e-72,1.2357004836289752e-72,1.2501371013625256e-72,1.2647076434926174e-72,1.2794130301258312e-72,1.2942541854628404e-72,1.3092320378113616e-72,1.3243475195905434e-72,1.3396015673407155e-72,1.354995121731212e-72,1.370529127568422e-72,1.3862045338039763e-72,1.402022293542738e-72,1.4179833640510391e-72,1.4340887067647363e-72,1.4503392872970613e-72,1.466736075447141e-72,1.4832800452076266e-72,1.4999721747732096e-72,1.5168134465480115e-72,1.5338048471543827e-72,1.5509473674403808e-72,1.5682420024883027e-72,1.5856897516222098e-72,1.6032916184162698e-72,1.62104861070285e-72,1.638961740580102e-72,1.6570320244206329e-72,1.675260482879006e-72,1.6936481408994283e-72,1.712196027725032e-72,1.7309051769043658e-72,1.7497766263005765e-72,1.7688114180978196e-72,1.7880105988113916e-72,1.807375219294158e-72,1.8269063347447173e-72,1.846605004715644e-72,1.8664722931213814e-72,1.8865092682459818e-72,1.9067170027514956e-72,1.9270965736851429e-72,1.9476490624880197e-72,1.9683755550025602e-72,1.9892771414806598e-72,2.0103549165913548e-72,2.0316099794288206e-72,2.0530434335204114e-72,2.074656386834351e-72,2.0964499517878068e-72,2.118425245254633e-72,2.1405833885730912e-72,2.1629255075539302e-72,2.1854527324883422e-72,2.2081661981555312e-72,2.2310670438308022e-72,2.2541564132931e-72,2.277435454833203e-72,2.3009053212609816e-72,2.324567169915186e-72,2.348422162667318e-72,2.372471465933316e-72,2.396716250679732e-72,2.4211576924313655e-72,2.4457969712796384e-72,2.470635271889842e-72,2.49567378350947e-72,2.520913699975432e-72,2.5463562197223346e-72,2.572002545789871e-72,2.5978538858306465e-72,2.623911452118555e-72,2.6501764615550963e-72,2.67665013567871e-72,2.7033337006715195e-72,2.730228387367354e-72,2.757335431260057e-72,2.7846560725089067e-72,2.812191555949974e-72,2.839943131101582e-72,2.867912052171196e-72,2.8960995780651763e-72,2.924506972395218e-72,2.9531355034876246e-72,2.9819864443853927e-72,3.0110610728664564e-72,3.0403606714410003e-72,3.0698865273642146e-72,3.099639932643435e-72,3.129622184044134e-72,3.1598345831002596e-72,3.190278436119217e-72,3.220955054191575e-72,3.2518657531976434e-72,3.2830118538135127e-72,3.3143946815229484e-72,3.346015566621211e-72,3.3778758442240146e-72,3.4099768542750113e-72,3.4423199415532613e-72,3.4749064556813373e-72,3.507737751132032e-72,3.540815187236781e-72,3.5741401281929206e-72,3.607713943070871e-72,3.6415380058221005e-72,3.675613695287136e-72,3.7099423952019963e-72,3.744525494206741e-72,3.7793643858523166e-72,3.8144604686084933e-72,3.849815145871198e-72,3.8854298259703755e-72,3.921305922177016e-72,3.9574448527108267e-72,3.9938480407481763e-72,4.0305169144286775e-72,4.0674529068643414e-72,4.104657456144133e-72,4.142132005344933e-72,4.179878002536313e-72,4.217896900789816e-72,4.2561901581857566e-72,4.294759237818384e-72,4.3336056078094314e-72,4.3727307413082044e-72,4.4121361165045525e-72,4.4518232166328874e-72,4.491793529982626e-72,4.532048549902048e-72,4.572589774808871e-72,4.613418708196226e-72,4.654536858640089e-72,4.695945739807136e-72,4.737646870461748e-72,4.779641774473548e-72,4.821931980824495e-72,4.864519023617551e-72,4.907404442081757e-72,4.950589780581802e-72,4.994076588624421e-72,5.037866420865507e-72,5.081960837118081e-72,5.126361402359355e-72,5.171069686737753e-72,5.216087265580709e-72,5.261415719402754e-72,5.30705663391098e-72,5.353011600013851e-72,5.399282213826682e-72,5.445870076683021e-72,5.492776795136873e-72,5.54000398097354e-72,5.587553251215279e-72,5.635426228129094e-72,5.683624539234187e-72,5.732149817308942e-72,5.781003700398229e-72,5.830187831821005e-72,5.879703860176867e-72,5.929553439354323e-72,5.979738228537852e-72,6.0302598922123e-72,6.08112010017616e-72,6.132320527543061e-72,6.183862854752132e-72,6.235748767573373e-72,6.287979957116873e-72,6.34055811983816e-72,6.393484957546572e-72,6.446762177411864e-72,6.500391491972283e-72,6.554374619140194e-72,6.608713282211063e-72,6.663409209869499e-72,6.71846413619642e-72,6.773879800676896e-72,6.829657948207353e-72,6.885800329100946e-72,6.942308699097475e-72,6.999184819367871e-72,7.056430456526368e-72,7.11404738262767e-72,7.172037375185382e-72,7.230402217171078e-72,7.289143697027326e-72,7.348263608670453e-72,7.407763751497909e-72,7.467645930398466e-72,7.527911955757221e-72,7.588563643462157e-72,7.649602814912188e-72,7.711031297024935e-72,7.772850922242068e-72,7.835063528537638e-72,7.897670959424713e-72,7.960675063962728e-72,8.024077696764095e-72,8.087880718002194e-72,8.152085993415097e-72,8.216695394320681e-72,8.281710797612683e-72,8.347134085776059e-72,8.412967146891282e-72,8.479211874640102e-72,8.545870168315418e-72,8.612943932825298e-72,8.680435078702849e-72,8.748345522110147e-72,8.816677184848227e-72,8.885431994361849e-72,8.954611883747937e-72,9.024218791761883e-72,9.094254662823524e-72,9.16472144702764e-72,9.235621100146268e-72,9.306955583638955e-72,9.378726864657999e-72,9.450936916057213e-72,9.523587716396583e-72,9.596681249951806e-72,9.670219506717696e-72,9.744204482418604e-72,9.818638178514601e-72,9.893522602206209e-72,9.968859766443853e-72,1.0044651689933347e-71,1.0120900397143634e-71,1.0197607918312802e-71,1.0274776289456429e-71,1.035240755237298e-71,1.043050375464792e-71,1.0509066949675699e-71,1.0588099196638714e-71,1.0667602560539482e-71,1.0747579112198513e-71,1.0828030928258887e-71,1.0908960091195767e-71,1.0990368689322312e-71,1.1072258816798373e-71,1.1154632573634944e-71,1.1237492065700925e-71,1.1320839404733183e-71,1.1404676708339901e-71,1.1489006100008407e-71,1.1573829709113632e-71,1.1659149670922205e-71,1.1744968126600905e-71,1.1831287223224333e-71,1.1918109113778253e-71,1.200543595717161e-71,1.2093269918238985e-71,1.2181613167747154e-71,1.2270467882406092e-71,1.235983624487254e-71,1.2449720443757667e-71,1.2540122673630287e-71,1.2631045135032887e-71,1.2722490034477115e-71,1.2814459584458291e-71,1.2906956003459126e-71,1.299998151595579e-71,1.3093538352430432e-71,1.3187628749366854e-71,1.3282254949268182e-71,1.3377419200657154e-71,1.3473123758085669e-71,1.3569370882140574e-71,1.3666162839449993e-71,1.3763501902690722e-71,1.3861390350594969e-71,1.3959830467955294e-71,1.4058824545634834e-71,1.4158374880570232e-71,1.4258483775779975e-71,1.4359153540374204e-71,1.4460386489552338e-71,1.4562184944620856e-71,1.4664551232991128e-71,1.4767487688192421e-71,1.4870996649874636e-71,1.4975080463815238e-71,1.507974148192768e-71,1.5184982062266918e-71,1.5290804569035432e-71,1.5397211372592922e-71,1.5504204849457565e-71,1.5611787382317777e-71,1.5719961360037313e-71,1.5828729177655768e-71,1.593809323640908e-71,1.6048055943721662e-71,1.6158619713221579e-71,1.6269786964743088e-71,1.6381560124336172e-71,1.64939416242711e-71,1.6606933903046248e-71,1.6720539405390315e-71,1.6834760582278368e-71,1.6949599890927297e-71,1.706505979481198e-71,1.718114276366392e-71,1.7297851273483477e-71,1.7415187806543235e-71,1.7533154851395474e-71,1.7651754902879677e-71,1.7770990462127709e-71,1.7890864036570032e-71,1.8011378139943921e-71,1.81325352922984e-71,1.825433802000114e-71,1.8376788855748094e-71,1.849989033856161e-71,1.8623645013805446e-71,1.8748055433189165e-71,1.8873124154771043e-71,1.8998853742969527e-71,1.9125246768565363e-71,1.9252305808711018e-71,1.938003344693573e-71,1.9508432273152403e-71,1.963750488366339e-71,1.9767253881167216e-71,1.9897681874767994e-71,2.0028791479976115e-71,2.0160585318719513e-71,2.0293066019346457e-71,2.0426236216635422e-71,2.0560098551799688e-71,2.069465567249453e-71,2.082991023281998e-71,2.096586489333458e-71,2.1102522321053497e-71,2.123988518946206e-71,2.137795617851782e-71,2.1516737974658385e-71,2.165623327080578e-71,2.1796444766376293e-71,2.193737516728515e-71,2.207902718595308e-71,2.222140354131032e-71,2.236450695880662e-71,2.250834017041661e-71,2.2652905914644567e-71,2.279820693653178e-71,2.2944245987663815e-71,2.3091025826173463e-71,2.3238549216753063e-71,2.338681893065472e-71,2.3535837745699274e-71,2.3685608446283367e-71,2.383613382338511e-71,2.3987416674568427e-71,2.4139459803993393e-71,2.4292266022417633e-71,2.444583814720751e-71,2.460017900234174e-71,2.4755291418415234e-71,2.4911178232651695e-71,2.5067842288903543e-71,2.5225286437665508e-71,2.538351353607131e-71,2.5542526447905587e-71,2.5702328043611216e-71,2.5862921200294093e-71,2.6024308801728194e-71,2.6186493738363596e-71,2.6349478907330173e-71,2.6513267212447756e-71,2.6677861564227654e-71,2.684326487988432e-71,2.7009480083334726e-71,2.7176510105211664e-71,2.734435788286476e-71,2.751302636037434e-71,2.7682518488540462e-71,2.785283722491014e-71,2.802398553377259e-71,2.8195966386163428e-71,2.836878275987454e-71,2.854243763946461e-71,2.8716934016254177e-71,2.8892274888343407e-71,2.906846326061065e-71,2.9245502144721398e-71,2.9423394559133593e-71,2.9602143529103923e-71,2.97817520866964e-71,2.996222327078423e-71,3.014356012705861e-71,3.032576570803514e-71,3.050884307305716e-71,3.069279528830579e-71,3.087762542680364e-71,3.1063336568421624e-71,3.124993179988229e-71,3.143741421477132e-71,3.1625786913541226e-71,3.18150530035136e-71,3.2005215598888736e-71,3.2196277820765373e-71,3.2388242797105058e-71,3.258111366278452e-71,3.2774893559589004e-71,3.296958563619829e-71,3.316519304821544e-71,3.336171895816216e-71,3.355916653548502e-71,3.375753895656898e-71,3.395683940473432e-71,3.4157071070244533e-71,3.435823715032289e-71,3.456034084914014e-71,3.476338537783411e-71,3.4967373954513996e-71,3.517230980426319e-71,3.5378196159140434e-71,3.558503625820091e-71,3.5792833347490434e-71,3.6001590680051207e-71,3.621131151593464e-71,3.642199912219813e-71,3.663365677292197e-71,3.684628774920602e-71,3.7059895339183094e-71,3.727448283801586e-71,3.749005354791375e-71,3.770661077812919e-71,3.7924157844966405e-71,3.814269807180267e-71,3.8362234789059236e-71,3.858277133423981e-71,3.88043110519208e-71,3.902685729377676e-71,3.925041341854603e-71,3.947498279207803e-71,3.970056878732004e-71,3.992717478432192e-71,4.01548041702518e-71,4.0383460339393e-71,4.061314669314523e-71,4.08438666400682e-71,4.1075623595815085e-71,4.130842098320735e-71,4.154226223221184e-71,4.177715077994421e-71,4.201309007067986e-71,4.2250083555871594e-71,4.2488134694123614e-71,4.272724695123014e-71,4.296742380016406e-71,4.320866872109308e-71,4.3450985201373544e-71,4.369437673556562e-71,4.393884682543266e-71,4.418439897995759e-71,4.4431036715329e-71,4.467876355497281e-71,4.4927583029537845e-71,4.51774986769125e-71,4.542851404221992e-71,4.5680632677836905e-71,4.5933858143389975e-71,4.618819400576843e-71,4.64436438391228e-71,4.670021122487384e-71,4.695789975172046e-71,4.72167130156438e-71,4.747665461991414e-71,4.773772817508776e-71,4.7999937299036514e-71,4.826328561691767e-71,4.852777676121649e-71,4.879341437172038e-71,4.9060202095553075e-71,4.9328143587157375e-71,4.9597242508312386e-71,4.986750252813921e-71,5.0138927323103345e-71,5.0411520577020174e-71,5.068528598106392e-71,5.0960227233770005e-71,5.123634804104184e-71,5.151365211615952e-71,5.179214317978281e-71,5.2071824959947775e-71,5.235270119211419e-71,5.263477561909089e-71,5.291805199112114e-71,5.320253406584969e-71,5.348822560833068e-71,5.377513039105215e-71,5.406325219391092e-71,5.435259480424162e-71,5.4643162016816005e-71,5.493495763385079e-71,5.522798546500818e-71,5.552224932740104e-71,5.5817753045612094e-71,5.611450045167537e-71,5.641249538510635e-71,5.67117416928958e-71,5.701224322951209e-71,5.731400385691458e-71,5.761702744455519e-71,5.792131786938279e-71,5.82268790158561e-71,5.8533714775942175e-71,5.884182904911816e-71,5.915122574239257e-71,5.946190877029345e-71,5.977388205488947e-71,6.00871495257708e-71,6.040171512009681e-71,6.0717582782551326e-71,6.10347564653952e-71,6.135324012843425e-71,6.16730377390492e-71,6.199415327218588e-71,6.231659071037042e-71,6.2640354043719115e-71,6.2965447269925045e-71,6.329187439428452e-71,6.361963942968518e-71,6.394874639663225e-71,6.4279199323229745e-71,6.4611002245202905e-71,6.494415920590025e-71,6.5278674256294776e-71,6.561455145499745e-71,6.5951794868248536e-71,6.629040856994151e-71,6.663039664161742e-71,6.6971763172463195e-71,6.7314512259351486e-71,6.7658648006782184e-71,6.800417452696444e-71,6.83510959397614e-71,6.869941637272443e-71,6.904913996109739e-71,6.940027084781387e-71,6.975281318350899e-71,7.010677112651744e-71,7.046214884289044e-71,7.081895050639116e-71,7.117718029850267e-71,7.153684240843831e-71,7.189794103313942e-71,7.226048037728235e-71,7.262446465329613e-71,7.298989808135217e-71,7.335678488937153e-71,7.372512931304043e-71,7.409493559580978e-71,7.44662079888944e-71,7.483895075129259e-71,7.521316814977385e-71,7.558886445890606e-71,7.596604396103742e-71,7.634471094632056e-71,7.672486971270898e-71,7.710652456596016e-71,7.748967981964777e-71,7.787433979517252e-71,7.826050882174048e-71,7.86481912364073e-71,7.903739138404813e-71,7.942811361738458e-71,7.98203622969888e-71,8.02141417912749e-71,8.060945647652237e-71,8.100631073685912e-71,8.140470896429521e-71,8.18046555587083e-71,8.220615492784689e-71,8.260921148734911e-71,8.301382966074604e-71,8.342001387945022e-71,8.382776858278333e-71,8.423709821796982e-71,8.464800724014149e-71,8.506050011235574e-71,2.8549318470977447e-40,2.8567582541994383e-40,2.8567593765106044e-40,2.8567593318572963e-40,2.856759287597429e-40,2.8567592448414676e-40,2.8567592039980955e-40,2.856759165520583e-40,2.8567591299066703e-40,2.8567590976992915e-40,2.856759069485904e-40,2.8567590458994344e-40,2.8567590276166667e-40,2.856759015359244e-40,2.8567590098942673e-40,2.8567590120327315e-40,2.8567590226299218e-40,2.8567590425866218e-40,2.8567590728475365e-40,2.8567591144018283e-40,2.8567591682837657e-40,2.8567592355711274e-40,2.8567593173869866e-40,2.8567594148978845e-40,2.856759529315613e-40,2.856759661895598e-40,2.856759813937526e-40,2.8567599867858854e-40,2.8567601818289387e-40,2.856760400499018e-40,2.856760644272592e-40,2.8567609146707664e-40,2.856761213257979e-40,2.8567615416432106e-40,2.856761901479281e-40,2.85676229446274e-40,2.856762722334489e-40,2.8567631868789896e-40,2.85676368992477e-40,2.856764233343748e-40,2.856764819052437e-40,2.856765449010516e-40,2.8567661252216943e-40,2.8567668497329403e-40,2.856767624635091e-40,2.85676845206305e-40,2.856769334194768e-40,2.8567702732521738e-40,2.856771271500202e-40,2.8567723312475673e-40,2.8567734548466376e-40,2.8567746446927596e-40,2.8567759032252303e-40,2.856777232926379e-40,2.85677863632199e-40,2.8567801159809417e-40,2.8567816745155794e-40,2.856783314581659e-40,2.85678503887745e-40,2.8567868501450228e-40,2.8567887511696786e-40,2.8567907447792184e-40,2.856792833844889e-40,2.856795021280886e-40,2.8567973100445922e-40,2.856799703136229e-40,2.8568022035989147e-40,2.856804814518607e-40,2.8568075390243454e-40,2.8568103802878627e-40,2.8568133415238086e-40,2.8568164259894596e-40,2.8568196369849324e-40,2.8568229778531762e-40,2.856826451979411e-40,2.856830062792054e-40,2.8568338137618516e-40,2.856837708402224e-40,2.8568417502686933e-40,2.8568459429599495e-40,2.856850290116938e-40,2.8568547954229944e-40,2.8568594626035284e-40,2.856864295427097e-40,2.8568692977040756e-40,2.8568744732874434e-40,2.8568798260722464e-40,2.856885359996192e-40,2.8568910790384824e-40,2.856896987220597e-40,2.8569030886074753e-40,2.8569093873046763e-40,2.8569158874604467e-40,2.8569225932650337e-40,2.8569295089510683e-40,2.8569366387926256e-40,2.856943987106192e-40,2.8569515582498094e-40,2.8569593566238352e-40,2.856967386670263e-40,2.856975652872894e-40,2.8569841597575472e-40,2.8569929118915607e-40,2.8570019138841157e-40,2.8570111703863635e-40,2.8570206860907802e-40,2.8570304657319544e-40,2.8570405140854234e-40,2.857050835969007e-40,2.8570614362414457e-40,2.857072319803651e-40,2.857083491597656e-40,2.857094956607082e-40,2.857106719856725e-40,2.857118786413103e-40,2.8571311613838347e-40,2.857143849918243e-40,2.857156857206902e-40,2.857170188481431e-40,2.857183849014716e-40,2.8571978441209402e-40,2.857212179155049e-40,2.857226859514306e-40,2.8572418906358757e-40,2.8572572779983822e-40,2.8572730271219164e-40,2.8572891435671753e-40,2.8573056329359568e-40,2.857322500871058e-40,2.857339753056254e-40,2.857357395216208e-40,2.8573754331161254e-40,2.8573938725624542e-40,2.857412719402503e-40,2.8574319795240254e-40,2.857451658855793e-40,2.8574717633670704e-40,2.85749229906786e-40,2.857513272009318e-40,2.8575346882824725e-40,2.85755655401932e-40,2.8575788753922984e-40,2.857601658614912e-40,2.85762490994013e-40,2.8576486356622444e-40,2.857672842115686e-40,2.8576975356753866e-40,2.8577227227563557e-40,2.85774840981464e-40,2.8577746033458904e-40,2.8578013098863924e-40,2.857828536012461e-40,2.8578562883413993e-40,2.8578845735292357e-40,2.8579133982736956e-40,2.857942769311686e-40,2.857972693420623e-40,2.8580031774175926e-40,2.8580342281604108e-40,2.858065852546441e-40,2.8580980575127957e-40,2.858130850037234e-40,2.8581642371368467e-40,2.858198225868921e-40,2.8582328233303806e-40,2.8582680366580186e-40,2.8583038730291535e-40,2.858340339659586e-40,2.8583774438055977e-40,2.8584151927634856e-40,2.858453593868476e-40,2.8584926544959696e-40,2.8585323820609552e-40,2.8585727840174945e-40,2.8586138678601024e-40,2.858655641121791e-40,2.8586981113761684e-40,2.8587412862352565e-40,2.85878517335136e-40,2.8588297804156313e-40,2.8588751151592095e-40,2.858921185351873e-40,2.8589679988031822e-40,2.859015563361729e-40,2.8590638869153628e-40,2.859112977391701e-40,2.859162842756816e-40,2.8592134910165204e-40,2.859264930215336e-40,2.859317168437345e-40,2.8593702138053127e-40,2.8594240744815236e-40,2.8594787586664574e-40,2.859534274600649e-40,2.859590630562974e-40,2.8596478348712354e-40,2.8597058958820534e-40,2.859764821991298e-40,2.859824621633557e-40,2.8598853032822303e-40,2.859946875449221e-40,2.860009346685818e-40,2.860072725581362e-40,2.8601370207639045e-40,2.8602022409012543e-40,2.8602683946984475e-40,2.8603354908996904e-40,2.8604035382882324e-40,2.86047254568526e-40,2.860542521950722e-40,2.8606134759828537e-40,2.8606854167187548e-40,2.8607583531337736e-40,2.860832294241425e-40,2.86090724909395e-40,2.8609832267819542e-40,2.861060236433745e-40,2.8611382872169254e-40,2.8612173883365e-40,2.8612975490360827e-40,2.8613787785973424e-40,2.861461086340336e-40,2.861544481623144e-40,2.861628973841901e-40,2.8617145724309968e-40,2.8618012868628186e-40,2.8618891266475335e-40,2.861978101333806e-40,2.8620682205077487e-40,2.8621594937936617e-40,2.862251930853946e-40,2.8623455413885662e-40,2.8624403351355025e-40,2.862536321870811e-40,2.8626335114076853e-40,2.8627319135975824e-40,2.8628315383297256e-40,2.8629323955308705e-40,2.863034495165577e-40,2.863137847235769e-40,2.8632424617816483e-40,2.8633483488801123e-40,2.863455518646546e-40,2.863563981233248e-40,2.863673746830386e-40,2.863784825665377e-40,2.8638972280028627e-40,2.8640109641459237e-40,2.8641260444338684e-40,2.8642424792439653e-40,2.8643602789907335e-40,2.864479454125953e-40,2.8646000151387735e-40,2.8647219725556117e-40,2.864845336940194e-40,2.8649701188931347e-40,2.8650963290523695e-40,2.865223978093272e-40,2.8653530767279767e-40,2.8654836357057777e-40,2.8656156658127874e-40,2.8657491778730065e-40,2.865884182746454e-40,2.8660206913308066e-40,2.8661587145603333e-40,2.8662982634062192e-40,2.8664393488767068e-40,2.866581982017265e-40,2.8667261739092545e-40,2.8668719356713964e-40,2.867019278459381e-40,2.8671682134655e-40,2.8673187519184995e-40,2.8674709050840505e-40,2.867624684264403e-40,2.8677801007988202e-40,2.867937166062699e-40,2.868095891468439e-40,2.868256288464302e-40,2.86841836853601e-40,2.8685821432049876e-40,2.868747624029551e-40,2.868914822604675e-40,2.8690837505612544e-40,2.869254419566846e-40,2.8694268413252456e-40,2.8696010275767626e-40,2.869776990097735e-40,2.8699547407010447e-40,2.8701342912358526e-40,2.870315653587292e-40,2.8704988396769915e-40,2.870683861462294e-40,2.8708707309374984e-40,2.8710594601323854e-40,2.8712500611129864e-40,2.8714425459810587e-40,2.87163692687517e-40,2.871833215968938e-40,2.872031425472912e-40,2.872231567632787e-40,2.8724336547309168e-40,2.8726376990848612e-40,2.872843713048509e-40,2.8730517090116317e-40,2.873261699399293e-40,2.8734736966728615e-40,2.873687713329413e-40,2.8739037619016656e-40,2.8741218549577785e-40,2.8743420051022485e-40,2.8745642249744316e-40,2.874788527249779e-40,2.875014924639379e-40,2.8752434298897968e-40,2.8754740557833094e-40,2.875706815137274e-40,2.8759417208050017e-40,2.876178785674922e-40,2.87641802267098e-40,2.8766594447529706e-40,2.8769030649152908e-40,2.8771488961884206e-40,2.877396951637811e-40,2.8776472443644574e-40,2.8778997875040365e-40,2.8781545942280984e-40,2.878411677743464e-40,2.8786710512915515e-40,2.8789327281493425e-40,2.8791967216289994e-40,2.8794630450778168e-40,2.879731711877984e-40,2.880002735447042e-40,2.8802761292371794e-40,2.8805519067358793e-40,2.880830081465557e-40,2.8811106669835485e-40,2.881393676882151e-40,2.8816791247885707e-40,2.8819670243648205e-40,2.8822573893082026e-40,2.8825502333500502e-40,2.882845570257049e-40,2.8831434138306147e-40,2.883443777906367e-40,2.883746676355708e-40,2.884052123083763e-40,2.884360132030924e-40,2.884670717171636e-40,2.8849838925158496e-40,2.8852996721070408e-40,2.8856180700240022e-40,2.8859391003799434e-40,2.8862627773223656e-40,2.886589115033514e-40,2.886918127729706e-40,2.88724982966188e-40,2.887584235115546e-40,2.887921358410726e-40,2.8882612139011453e-40,2.8886038159754225e-40,2.8889491790565324e-40,2.889297317601444e-40,2.8896482461012237e-40,2.8900019790813507e-40,2.8903585311017513e-40,2.89071791675619e-40,2.891080150672582e-40,2.891445247513509e-40,2.8918132219745505e-40,2.8921840887866495e-40,2.8925578627138444e-40,2.8929345585545988e-40,2.893314191140978e-40,2.8936967753396775e-40,2.89408232605097e-40,2.894470858208565e-40,2.89486238678081e-40,2.8952569267698594e-40,2.89565449321121e-40,2.896055101174508e-40,2.896458765763135e-40,2.8968655021139932e-40,2.8972753253983155e-40,2.8976882508204198e-40,2.8981042936185503e-40,2.8985234690646095e-40,2.898945792464176e-40,2.899371279156424e-40,2.899799944513801e-40,2.900231803942829e-40,2.9006668728834305e-40,2.901105166808609e-40,2.9015467012252083e-40,2.90199149167354e-40,2.9024395537274226e-40,2.9028909029936327e-40,2.903345555112881e-40,2.903803525758964e-40,2.90426483063867e-40,2.9047294854927728e-40,2.9051975060949553e-40,2.9056689082519784e-40,2.9061437078041284e-40,2.906621920624756e-40,2.9071035626203357e-40,2.907588649730784e-40,2.908077197928862e-40,2.9085692232205578e-40,2.9090647416447037e-40,2.9095637692733676e-40,2.910066322211716e-40,2.9105724165978578e-40,2.9110820686027422e-40,2.911595294430329e-40,2.9121121103178326e-40,2.912632532534777e-40,2.9131565773841393e-40,2.913684261201033e-40,2.9142156003546865e-40,2.9147506112452756e-40,2.9152893103074926e-40,2.9158317140076106e-40,2.916377838845121e-40,2.9169277013524965e-40,2.9174813180940276e-40,2.9180387056675865e-40,2.9185998807031353e-40,2.919164859862976e-40,2.919733659842899e-40,2.920306297370487e-40,2.9208827892063923e-40,2.9214631521431394e-40,2.9220474030057996e-40,2.922635558652685e-40,2.923227635973751e-40,2.9238236518916557e-40,2.9244236233613226e-40,2.9250275673700076e-40,2.9256355009378403e-40,2.9262474411160015e-40,2.926863404989469e-40,2.9274834096745787e-40,2.928107472319952e-40,2.928735610106508e-40,2.929367840247718e-40,2.930004179988451e-40,2.930644646606497e-40,2.931289257411282e-40,2.9319380297443602e-40,2.9325909809794363e-40,2.9332481285222664e-40,2.933909489810621e-40,2.934575082314055e-40,2.9352449235345253e-40,2.935919031005584e-40,2.936597422292642e-40,2.9372801149932894e-40,2.937967126736692e-40,2.9386584751844226e-40,2.9393541780290004e-40,2.94005425299535e-40,2.9407587178402215e-40,2.9414675903515854e-40,2.9421808883496104e-40,2.9428986296860063e-40,2.943620832244047e-40,2.944347513938868e-40,2.945078692717217e-40,2.9458143865572924e-40,2.9465546134688542e-40,2.9472993914934334e-40,2.948048738703975e-40,2.9488026732047595e-40,2.949561213131823e-40,2.950324376652702e-40,2.9510921819660726e-40,2.951864647301891e-40,2.9526417909219215e-40,2.9534236311195376e-40,2.9542101862185276e-40,2.9550014745748744e-40,2.9557975145754085e-40,2.956598324638197e-40,2.957403923212721e-40,2.9582143287798925e-40,2.9590295598514253e-40,2.9598496349701985e-40,2.9606745727104175e-40,2.961504391677686e-40,2.962339110508137e-40,2.9631787478693725e-40,2.9640233224600764e-40,2.9648728530099023e-40,2.965727358278878e-40,2.966586857059191e-40,2.967451368172945e-40,2.9683209104737567e-40,2.9691955028463552e-40,2.9700751642057536e-40,2.9709599134981248e-40,2.971849769700253e-40,2.972744751820384e-40,2.9736448788967065e-40,2.9745501699990116e-40,2.9754606442271187e-40,2.9763763207120354e-40,2.977297218615322e-40,2.9782233571294445e-40,2.979154755477089e-40,2.9800914329116992e-40,2.9810334087176047e-40,2.981980702209577e-40,2.9829333327331193e-40,2.9838913196637137e-40,2.9848546824077666e-40,2.9858234404025317e-40,2.986797613114932e-40,2.9877772200430242e-40,2.988762280714808e-40,2.9897528146889807e-40,2.990748841554742e-40,2.9917503809311497e-40,2.9927574524682628e-40,2.9937700758457124e-40,2.994788270774153e-40,2.9958120569939043e-40,2.9968414542756004e-40,2.997876482420715e-40,2.9989171612603183e-40,2.999963510655462e-40,3.001015550497809e-40,3.0020733007093585e-40,3.003136781241607e-40,3.00420601207629e-40,3.005281013225876e-40,3.006361804731843e-40,3.007448406666221e-40,3.0085408391311084e-40,3.009639122258322e-40,3.010743276209727e-40,3.011853321176944e-40,3.0129692773819735e-40,3.0140911650759675e-40,3.0152190045410527e-40,3.0163528160877755e-40,3.0174926200577274e-40,3.018638436821239e-40,3.0197902867793915e-40,3.0209481903622728e-40,3.022112168030001e-40,3.023282240272359e-40,3.0244584276089126e-40,3.0256407505885772e-40,3.026829229790336e-40,3.0280238858222104e-40,3.0292247393222438e-40,3.0304318109579227e-40,3.031645121425996e-40,3.032864691453714e-40,3.0340905417965167e-40,3.035322693239781e-40,3.0365611665990957e-40,3.0378059827179735e-40,3.0390571624707876e-40,3.040314726760532e-40,3.0415786965198963e-40,3.0428490927105905e-40,3.0441259363239025e-40,3.0454092483801435e-40,3.046699049929278e-40,3.047995362049861e-40,3.04929820585045e-40,3.0506076024683376e-40,3.051923573070534e-40,3.053246138852042e-40,3.054575321038418e-40,3.055911140883502e-40,3.0572536196703095e-40,3.058602778711043e-40,3.0599586393470142e-40,3.061321222948354e-40,3.0626905509144155e-40,3.0640666446736042e-40,3.065449525682953e-40,3.0668392154286587e-40,3.0682357354256077e-40,3.069639107218009e-40,3.0710493523788164e-40,3.0724664925092293e-40,3.0738905492403667e-40,3.075321544231398e-40,3.076759499170246e-40,3.078204435773924e-40,3.079656375788073e-40,3.081115340986934e-40,3.0825813531735663e-40,3.084054434179704e-40,3.0855346058659076e-40,3.0870218901208912e-40,3.0885163088625567e-40,3.0900178840369617e-40,3.0915266376191124e-40,3.0930425916120057e-40,3.0945657680477103e-40,3.0960961889868256e-40,3.097633876517712e-40,3.099178852757984e-40,3.100731139853469e-40,3.102290759978075e-40,3.1038577353345877e-40,3.1054320881537996e-40,3.1070138406947974e-40,3.1086030152456844e-40,3.11019963412202e-40,3.1118037196682666e-40,3.1134152942569198e-40,3.1150343802884943e-40,3.1166610001922386e-40,3.1182951764250182e-40,3.1199369314722537e-40,3.121586287847452e-40,3.1232432680923816e-40,3.1249078947767918e-40,3.1265801904984836e-40,3.1282601778832746e-40,3.1299478795854203e-40,3.1316433182865144e-40,3.1333465166970442e-40,3.1350574975545564e-40,3.1367762836255104e-40,3.1385028977038244e-40,3.1402373626109792e-40,3.1419797011968644e-40,3.1437299363394647e-40,3.145488090943639e-40,3.147254187943339e-40,3.1490282502995622e-40,3.1508103010010088e-40,3.152600363064805e-40,3.1543984595354187e-40,3.1562046134849674e-40,3.15801884801299e-40,3.159841186247934e-40,3.1616716513446758e-40,3.1635102664860997e-40,3.1653570548830427e-40,3.167212039773795e-40,3.169075244424135e-40,3.170946692127173e-40,3.172826406203854e-40,3.1747144100029686e-40,3.1766107269002126e-40,3.178515380299109e-40,3.180428393630522e-40,3.1823497903526953e-40,3.1842795939515424e-40,3.1862178279400707e-40,3.1881645158591604e-40,3.1901196812764955e-40,3.192083347787155e-40,3.1940555390139417e-40,3.1960362786067266e-40,3.1980255902425075e-40,3.200023497625929e-40,3.2020300244881392e-40,3.2040451945884647e-40,3.206069031712857e-40,3.2081015596743837e-40,3.2101428023134683e-40,3.2121927834974465e-40,3.2142515271213007e-40,3.2163190571066378e-40,3.218395397402066e-40,3.2204805719833517e-40,3.2225746048536056e-40,3.2246775200423093e-40,3.226789341606583e-40,3.2289100936303097e-40,3.231039800224141e-40,3.233178485525793e-40,3.235326173699787e-40,3.2374828889376496e-40,3.2396486554579442e-40,3.2418234975055078e-40,3.2440074393526702e-40,3.2462005052979697e-40,3.2484027196673807e-40,3.250614106813076e-40,3.252834691114215e-40,3.255064496976463e-40,3.2573035488325815e-40,3.259551871141769e-40,3.2618094883897373e-40,3.2640764250891593e-40,3.2663527057793095e-40,3.2686383550258236e-40,3.2709333974211588e-40,3.273237857584146e-40,3.2755517601600532e-40,3.277875129820932e-40,3.280207991265431e-40,3.2825503692185048e-40,3.2849022884312605e-40,3.2872637736817716e-40,3.289634849774264e-40,3.2920155415395514e-40,3.2944058738344065e-40,3.2968058715423248e-40,3.299215559573397e-40,3.301634962863428e-40,3.304064106374843e-40,3.3065030150962154e-40,3.30895171404251e-40,3.3114102282549057e-40,3.3138785828010542e-40,3.3163568027740487e-40,3.3188449132939665e-40,3.32134293950667e-40,3.3238509065843608e-40,3.3263688397251465e-40,3.3288967641531883e-40,3.3314347051189785e-40,3.3339826878990756e-40,3.3365407377957514e-40,3.339108880137672e-40,3.3416871402792894e-40,3.3442755436010296e-40,3.346874115509447e-40,3.3494828814371958e-40,3.352101866842114e-40,3.354731097208623e-40,3.3573705980471868e-40,3.360020394893212e-40,3.362680513308877e-40,3.3653509788818937e-40,3.3680318172255223e-40,3.370723053979134e-40,3.3734247148076784e-40,3.3761368254020046e-40,3.3788594114786042e-40,3.381592498779566e-40,3.384336113072983e-40,3.387090280152277e-40,3.3898550258367745e-40,3.3926303759710953e-40,3.3954163564259993e-40,3.398212993097368e-40,3.4010203119069473e-40,3.403838338801777e-40,3.4066670997544085e-40,3.4095066207636112e-40,3.4123569278527154e-40,3.415218047070779e-40,3.4180900044929068e-40,3.420972826218676e-40,3.423866538374293e-40,3.4267711671100607e-40,3.429686738602397e-40,3.4326132790532495e-40,3.4355508146891996e-40,3.4384993717628477e-40,3.441458976551716e-40,3.4444296553586e-40,3.4474114345117004e-40,3.450404340364753e-40,3.4534083992961317e-40,3.4564236377097438e-40,3.459450082034466e-40,3.4624877587245746e-40,3.465536694259502e-40,3.4685969151438077e-40,3.4716684479067777e-40,3.4747513191033905e-40,3.477845555313398e-40,3.4809511831413874e-40,3.484068229217492e-40,3.4871967201962666e-40,3.490336682757773e-40,3.493488143606809e-40,3.496651129473169e-40,3.4998256671116266e-40,3.503011783301935e-40,3.506209504848201e-40,3.5094188585805967e-40,3.5126398713528535e-40,3.5158725700441546e-40,3.5191169815588266e-40,3.5223731328253683e-40,3.5256410507975127e-40,3.5289207624536345e-40,3.5322122947966764e-40,3.5355156748548972e-40,3.538830929680276e-40,3.5421580863505513e-40,3.545497171967502e-40,3.5488482136572637e-40,3.5522112385717362e-40,3.5555862738865254e-40,3.5589733468019214e-40,3.562372484543409e-40,3.5657837143601048e-40,3.569207063526349e-40,3.5726425593405796e-40,3.5760902291262873e-40,3.5795501002310625e-40,3.5830222000271305e-40,3.586506555910797e-40,3.5900031953033698e-40,3.59351214565008e-40,3.597033434420866e-40,3.6005670891102204e-40,3.6041131372362757e-40,3.607671606342368e-40,3.611242523995413e-40,3.6148259177868207e-40,3.6184218153331123e-40,3.6220302442739328e-40,3.6256512322734526e-40,3.6292848070207485e-40,3.6329309962282732e-40,3.636589827633311e-40,3.640261328996794e-40,3.6439455281040953e-40,3.64764245276485e-40,3.651352130812605e-40,3.6550745901049228e-40,3.6588098585236526e-40,3.6625579639747614e-40,3.666318934388017e-40,3.67009279771757e-40,3.6738795819410434e-40,3.677679315060609e-40,3.681492025101965e-40,3.685317740115134e-40,3.689156488173839e-40,3.693008297375859e-40,3.696873195843034e-40,3.700751211720458e-40,3.704642373178012e-40,3.70854670840847e-40,3.712464245629171e-40,3.7163950130807e-40,3.720339039028291e-40,3.724296351759783e-40,3.728266979587867e-40,3.732250950848131e-40,3.736248293900483e-40,3.740259037128099e-40,3.744283208938216e-40,3.748320837761163e-40,3.752371952051976e-40,3.756436580287988e-40,3.760514750971194e-40,3.764606492627096e-40,3.768711833803824e-40,3.772830803074152e-40,3.776963429034052e-40,3.7811097403025455e-40,3.785269765523064e-40,3.78944353336193e-40,3.79363107250888e-40,3.7978324116771495e-40,3.802047579603569e-40,3.806276605048564e-40,3.810519516795543e-40,3.814776343651718e-40,3.819047114447324e-40,3.823331858035766e-40,3.827630603294495e-40,3.8319433791234805e-40,3.836270214446612e-40,3.840611138210773e-40,3.8449661793863094e-40,3.849335366966328e-40,3.8537187299674395e-40,3.858116297429431e-40,3.8625280984158745e-40,3.8669541620124405e-40,3.871394517328595e-40,3.87584919349724e-40,3.880318219673264e-40,3.8848016250358205e-40,3.8892994387866e-40,3.893811690150489e-40,3.898338408375256e-40,3.9028796227319176e-40,3.907435362514542e-40,3.9120056570397925e-40,3.91659053564774e-40,3.921190027701568e-40,3.925804162586579e-40,3.930432969711931e-40,3.935076478509152e-40,3.939734718432636e-40,3.944407718960005e-40,3.949095509591357e-40,3.953798119850185e-40,3.958515579282064e-40,3.963247917455622e-40,3.967995163962624e-40,3.972757348417399e-40,3.977534500456584e-40,3.9823266497406766e-40,3.987133825951755e-40,3.991956058795162e-40,3.996793377998746e-40,4.001645813313029e-40,4.006513394511177e-40,4.011396151389177e-40,4.016294113765181e-40,4.021207311480513e-40,4.0261357743987726e-40,4.0310795324063394e-40,4.03603861541148e-40,4.041013053345772e-40,4.046002876162921e-40,4.051008113839327e-40,4.0560287963736544e-40,4.061064953787229e-40,4.066116616123592e-40,4.071183813448421e-40,4.076266575850918e-40,4.081364933441509e-40,4.086478916353637e-40,4.091608554742804e-40,4.096753878787461e-40,4.101914918687257e-40,4.107091704665014e-40,4.1122842669660715e-40,4.1174926358569445e-40,4.1227168416271756e-40,4.127956914588574e-40,4.133212885074675e-40,4.13848478344238e-40,4.143772640069279e-40,4.149076485355838e-40,4.154396349725385e-40,4.1597322636217495e-40,4.165084257512233e-40,4.170452361885932e-40,4.175836607253824e-40,4.181237024148759e-40,4.186653643126257e-40,4.192086494763416e-40,4.197535609659651e-40,4.2030010184360615e-40,4.208482751735771e-40,4.213980840224333e-40,4.219495314588725e-40,4.225026205538028e-40,4.230573543803457e-40,4.236137360137837e-40,4.24171768531618e-40,4.247314550134854e-40,4.252927985412616e-40,4.258558021989796e-40,4.264204690728801e-40,4.269868022513331e-40,4.275548048249573e-40,4.2812447988647966e-40,4.286958305308608e-40,4.2926885985519744e-40,4.2984357095874835e-40,4.304199669430202e-40,4.3099805091159545e-40,4.315778259702514e-40,4.321592952269658e-40,4.3274246179182844e-40,4.333273287771518e-40,4.3391389929736625e-40,4.345021764690832e-40,4.350921634110336e-40,4.356838632441437e-40,4.3627727909148914e-40,4.368724140782833e-40,4.374692713319039e-40,4.38067853981879e-40,4.386681651598662e-40,4.392702079996797e-40,4.3987398563727575e-40,4.404795012107537e-40,4.410867578603622e-40,4.416957587284953e-40,4.4230650695965425e-40,4.429190057005147e-40,4.4353325809985946e-40,4.441492673086196e-40,4.4476703647986126e-40,4.4538656876873096e-40,4.4600786733257745e-40,4.4663093533084e-40,4.472557759250879e-40,4.478823922789892e-40,4.485107875583886e-40,4.491409649311792e-40,4.49772927567453e-40,4.504066786393468e-40,4.5104222132115524e-40,1.6619108514312327e-40,1.6664753998993457e-40,1.6728830317390609e-40
