,0,1,2,3,4,5,6,7,8,9,10,11,12,13,14,15,16,17,18,19,20,21,22,23,24,25,26,27,28,29,30,31,32,33,34,35,36,37,38,39,40,41,42,43,44,45,46,47,48,49,50,51,52,53,54,55,56,57,58,59,60,61,62,63,64,65,66,67,68,69,70,71,72,73,74,75,76,77,78,79,80,81,82,83,84,85,86,87,88,89,90,91,92,93,94,95,96,97,98,99,100,101,102,103,104,105,106,107,108,109,110,111,112,113,114,115,116,117,118,119,120,121,122,123,124,125,126,127,128,129,130,131,132,133,134,135,136,137,138,139,140,141,142,143,144,145,146,147,148,149,150,151,152,153,154,155,156,157,158,159,160,161,162,163,164,165,166,167,168,169,170,171,172,173,174,175,176,177,178,179,180,181,182,183,184,185,186,187,188,189,190,191,192,193,194,195,196,197,198,199,200,201,202,203,204,205,206,207,208,209,210,211,212,213,214,215,216,217,218,219,220,221,222,223,224,225,226,227,228,229,230,231,232,233,234,235,236,237,238,239,240,241,242,243,244,245,246,247,248,249,250,251,252,253,254,255,256,257,258,259,260,261,262,263,264,265,266,267,268,269,270,271,272,273,274,275,276,277,278,279,280,281,282,283,284,285,286,287,288,289,290,291,292,293,294,295,296,297,298,299,300,301,302,303,304,305,306,307,308,309,310,311,312,313,314,315,316,317,318,319,320,321,322,323,324,325,326,327,328,329,330,331,332,333,334,335,336,337,338,339,340,341,342,343,344,345,346,347,348,349,350,351,352,353,354,355,356,357,358,359,360,361,362,363,364,365,366,367,368,369,370,371,372,373,374,375,376,377,378,379,380,381,382,383,384,385,386,387,388,389,390,391,392,393,394,395,396,397,398,399,400,401,402,403,404,405,406,407,408,409,410,411,412,413,414,415,416,417,418,419,420,421,422,423,424,425,426,427,428,429,430,431,432,433,434,435,436,437,438,439,440,441,442,443,444,445,446,447,448,449,450,451,452,453,454,455,456,457,458,459,460,461,462,463,464,465,466,467,468,469,470,471,472,473,474,475,476,477,478,479,480,481,482,483,484,485,486,487,488,489,490,491,492,493,494,495,496,497,498,499,500,501,502,503,504,505,506,507,508,509,510,511,512,513,514,515,516,517,518,519,520,521,522,523,524,525,526,527,528,529,530,531,532,533,534,535,536,537,538,539,540,541,542,543,544,545,546,547,548,549,550,551,552,553,554,555,556,557,558,559,560,561,562,563,564,565,566,567,568,569,570,571,572,573,574,575,576,577,578,579,580,581,582,583,584,585,586,587,588,589,590,591,592,593,594,595,596,597,598,599,600,601,602,603,604,605,606,607,608,609,610,611,612,613,614,615,616,617,618,619,620,621,622,623,624,625,626,627,628,629,630,631,632,633,634,635,636,637,638,639,640,641,642,643,644,645,646,647,648,649,650,651,652,653,654,655,656,657,658,659,660,661,662,663,664,665,666,667,668,669,670,671,672,673,674,675,676,677,678,679,680,681,682,683,684,685,686,687,688,689,690,691,692,693,694,695,696,697,698,699,700,701,702,703,704,705,706,707,708,709,710,711,712,713,714,715,716,717,718,719,720,721,722,723,724,725,726,727,728,729,730,731,732,733,734,735,736,737,738,739,740,741,742,743,744,745,746,747,748,749,750,751,752,753,754,755,756,757,758,759,760,761,762,763,764,765,766,767,768,769,770,771,772,773,774,775,776,777,778,779,780,781,782,783,784,785,786,787,788,789,790,791,792,793,794,795,796,797,798,799,800,801,802,803,804,805,806,807,808,809,810,811,812,813,814,815,816,817,818,819,820,821,822,823,824,825,826,827,828,829,830,831,832,833,834,835,836,837,838,839,840,841,842,843,844,845,846,847,848,849,850,851,852,853,854,855,856,857,858,859,860,861,862,863,864,865,866,867,868,869,870,871,872,873,874,875,876,877,878,879,880,881,882,883,884,885,886,887,888,889,890,891,892,893,894,895,896,897,898,899,900,901,902,903,904,905,906,907,908,909,910,911,912,913,914,915,916,917,918,919,920,921,922,923,924,925,926,927,928,929,930,931,932,933,934,935,936,937,938,939,940,941,942,943,944,945,946,947,948,949,950,951,952,953,954,955,956,957,958,959,960,961,962,963,964,965,966,967,968,969,970,971,972,973,974,975,976,977,978,979,980,981,982,983,984,985,986,987,988,989,990,991,992,993,994,995,996,997,998,999,1000,1001,1002,1003,1004,1005,1006,1007,1008,1009,1010,1011,1012,1013,1014,1015,1016,1017,1018,1019,1020,1021,1022,1023,1024,1025,1026,1027,1028,1029,1030,1031,1032,1033,1034,1035,1036,1037,1038,1039,1040,1041,1042,1043,1044,1045,1046,1047,1048,1049,1050,1051,1052,1053,1054,1055,1056,1057,1058,1059,1060,1061,1062,1063,1064,1065,1066,1067,1068,1069,1070,1071,1072,1073,1074,1075,1076,1077,1078,1079,1080,1081,1082,1083,1084,1085,1086,1087,1088,1089,1090,1091,1092,1093,1094,1095,1096,1097,1098,1099,1100,1101,1102,1103,1104,1105,1106,1107,1108,1109,1110,1111,1112,1113,1114,1115,1116,1117,1118,1119,1120,1121,1122,1123,1124,1125,1126,1127,1128,1129,1130,1131,1132,1133,1134,1135,1136,1137,1138,1139,1140,1141,1142,1143,1144,1145,1146,1147,1148,1149,1150,1151,1152,1153,1154,1155,1156,1157,1158,1159,1160,1161,1162,1163,1164,1165,1166,1167,1168,1169,1170,1171,1172,1173,1174,1175,1176,1177,1178,1179,1180,1181,1182,1183,1184,1185,1186,1187,1188,1189,1190,1191,1192,1193,1194,1195,1196,1197,1198,1199,1200,1201,1202,1203,1204,1205,1206,1207,1208,1209,1210,1211,1212,1213,1214,1215,1216,1217,1218,1219,1220,1221,1222,1223,1224,1225,1226,1227,1228,1229,1230,1231,1232,1233,1234,1235,1236,1237,1238,1239,1240,1241,1242,1243,1244,1245,1246,1247,1248,1249,1250,1251,1252,1253,1254,1255,1256,1257,1258,1259,1260,1261,1262,1263,1264,1265,1266,1267,1268,1269,1270,1271,1272,1273,1274,1275,1276,1277,1278,1279,1280,1281,1282,1283,1284,1285,1286,1287,1288,1289,1290,1291,1292,1293,1294,1295,1296,1297,1298,1299,1300,1301,1302,1303,1304,1305,1306,1307,1308,1309,1310,1311,1312,1313,1314,1315,1316,1317,1318,1319,1320,1321,1322,1323,1324,1325,1326,1327,1328,1329,1330,1331,1332,1333,1334,1335,1336,1337,1338,1339,1340,1341,1342,1343,1344,1345,1346,1347,1348,1349,1350,1351,1352,1353,1354,1355,1356,1357,1358,1359,1360,1361,1362,1363,1364,1365,1366,1367,1368,1369,1370,1371,1372,1373,1374,1375,1376,1377,1378,1379,1380,1381,1382,1383,1384,1385,1386,1387,1388,1389,1390,1391,1392,1393,1394,1395,1396,1397,1398,1399,1400,1401,1402,1403,1404,1405,1406,1407,1408,1409,1410,1411,1412,1413,1414,1415,1416,1417,1418,1419,1420,1421,1422,1423,1424,1425,1426,1427,1428,1429,1430,1431,1432,1433,1434,1435,1436,1437,1438,1439,1440,1441,1442,1443,1444,1445,1446,1447,1448,1449,1450,1451,1452,1453,1454,1455,1456,1457,1458,1459,1460,1461,1462,1463,1464,1465,1466,1467,1468,1469,1470,1471,1472,1473,1474,1475,1476,1477,1478,1479,1480,1481,1482,1483,1484,1485,1486,1487,1488,1489,1490,1491,1492,1493,1494,1495,1496,1497,1498,1499,1500,1501,1502,1503,1504,1505,1506,1507,1508,1509,1510,1511,1512,1513,1514,1515,1516,1517,1518,1519,1520,1521,1522,1523,1524,1525,1526,1527,1528,1529,1530,1531,1532,1533,1534,1535,1536,1537,1538,1539,1540,1541,1542,1543,1544,1545,1546,1547,1548,1549,1550,1551,1552,1553,1554,1555,1556,1557,1558,1559,1560,1561,1562,1563,1564,1565,1566,1567,1568,1569,1570,1571,1572,1573,1574,1575,1576,1577,1578,1579,1580,1581,1582,1583,1584,1585,1586,1587,1588,1589,1590,1591,1592,1593,1594,1595,1596,1597,1598,1599,1600,1601,1602,1603,1604,1605,1606,1607,1608,1609,1610,1611,1612,1613,1614,1615,1616,1617,1618,1619,1620,1621,1622,1623,1624,1625,1626,1627,1628,1629,1630,1631,1632,1633,1634,1635,1636,1637,1638,1639,1640,1641,1642,1643,1644,1645,1646,1647,1648,1649,1650,1651,1652,1653,1654,1655,1656,1657,1658,1659,1660,1661,1662,1663,1664,1665,1666,1667,1668,1669,1670,1671,1672,1673,1674,1675,1676,1677,1678,1679,1680,1681,1682,1683,1684,1685,1686,1687,1688,1689,1690,1691,1692,1693,1694,1695,1696,1697,1698,1699,1700,1701,1702,1703,1704,1705,1706,1707,1708,1709,1710,1711,1712,1713,1714,1715,1716,1717,1718,1719,1720,1721,1722,1723,1724,1725,1726,1727,1728,1729,1730,1731,1732,1733,1734,1735,1736,1737,1738,1739,1740,1741,1742,1743,1744,1745,1746,1747,1748,1749,1750,1751,1752,1753,1754,1755,1756,1757,1758,1759,1760,1761,1762,1763,1764,1765,1766,1767,1768,1769,1770,1771,1772,1773,1774,1775,1776,1777,1778,1779,1780,1781,1782,1783,1784,1785,1786,1787,1788,1789,1790,1791,1792,1793,1794,1795,1796,1797,1798,1799,1800,1801,1802,1803,1804,1805,1806,1807,1808,1809,1810,1811,1812,1813,1814,1815,1816,1817,1818,1819,1820,1821,1822,1823,1824,1825,1826,1827,1828,1829,1830,1831,1832,1833,1834,1835,1836,1837,1838,1839,1840,1841,1842,1843,1844,1845,1846,1847,1848,1849,1850,1851,1852,1853,1854,1855,1856,1857,1858,1859,1860,1861,1862,1863,1864,1865,1866,1867,1868,1869,1870,1871,1872,1873,1874,1875,1876,1877,1878,1879,1880,1881,1882,1883,1884,1885,1886,1887,1888,1889,1890,1891,1892,1893,1894,1895,1896,1897,1898,1899,1900,1901,1902,1903,1904,1905,1906,1907,1908,1909,1910,1911,1912,1913,1914,1915,1916,1917,1918,1919,1920,1921,1922,1923,1924,1925,1926,1927,1928,1929,1930,1931,1932,1933,1934,1935,1936,1937,1938,1939,1940,1941,1942,1943,1944,1945,1946,1947,1948,1949,1950,1951,1952,1953,1954,1955,1956,1957,1958,1959,1960,1961,1962,1963,1964,1965,1966,1967,1968,1969,1970,1971,1972,1973,1974,1975,1976,1977,1978,1979,1980,1981,1982,1983,1984,1985,1986,1987,1988,1989,1990,1991,1992,1993,1994,1995,1996,1997,1998,1999,2000,2001,2002
0,0.09907633334813935,0.09907633334813935,0.09907633334813935,0.09907633334813935,0.09907633334813938,0.09907633334813938,0.09907633334813938,0.09907633334813938,0.09907633334813938,0.09907633334813938,0.09907633334813938,0.09907633334813938,0.09907633334813938,0.09907633334813938,0.09907633334813938,0.09907633334813938,0.09907633334813938,0.09907633334813938,0.09907633334813938,0.09907633334813938,0.09907633334813938,0.09907633334813938,0.09907633334813938,0.09907633334813938,0.09907633334813938,0.09907633334813938,0.09907633334813938,0.09907633334813938,0.09907633334813938,0.09907633334813938,0.09907633334813938,0.09907633334813938,0.09907633334813938,0.09907633334813938,0.09907633334813938,0.09907633334813938,0.09907633334813938,0.09907633334813938,0.09907633334813938,0.09907633334813938,0.09907633334813938,0.09907633334813938,0.09907633334813938,0.09907633334813938,0.09907633334813938,0.09907633334813938,0.09907633334813938,0.09907633334813938,0.09907633334813938,0.09907633334813938,0.09907633334813938,0.09907633334813938,0.09907633334813938,0.09907633334813938,0.09907633334813938,0.09907633334813938,0.09907633334813938,0.09907633334813938,0.09907633334813938,0.09907633334813938,0.09907633334813938,0.09907633334813938,0.09907633334813938,0.09907633334813938,0.09907633334813938,0.09907633334813938,0.09907633334813938,0.09907633334813938,0.09907633334813938,0.09907633334813938,0.09907633334813938,0.09907633334813938,0.09907633334813938,0.09907633334813938,0.09907633334813938,0.09907633334813938,0.09907633334813938,0.09907633334813938,0.09907633334813938,0.09907633334813938,0.09907633334813938,0.09907633334813938,0.09907633334813938,0.09907633334813938,0.09907633334813938,0.09907633334813938,0.09907633334813938,0.09907633334813938,0.09907633334813938,0.09907633334813938,0.09907633334813938,0.09907633334813938,0.09907633334813938,0.09907633334813938,0.09907633334813938,0.09907633334813938,0.09907633334813938,0.09907633334813938,0.09907633334813938,0.09907633334813938,0.09907633334813938,0.09907633334813938,0.09907633334813938,0.09907633334813938,0.09907633334813938,0.09907633334813938,0.09907633334813938,0.09907633334813938,0.09907633334813938,0.09907633334813938,0.09907633334813938,0.09907633334813938,0.09907633334813938,0.09907633334813938,0.09907633334813938,0.09907633334813938,0.09907633334813938,0.09907633334813938,0.09907633334813938,0.09907633334813938,0.09907633334813938,0.09907633334813938,0.09907633334813938,0.09907633334813938,0.09907633334813938,0.09907633334813938,0.09907633334813938,0.09907633334813938,0.09907633334813938,0.09907633334813938,0.09907633334813938,0.09907633334813938,0.09907633334813938,0.09907633334813938,0.09907633334813938,0.09907633334813938,0.09907633334813938,0.09907633334813938,0.09907633334813938,0.09907633334813938,0.09907633334813938,0.09907633334813938,0.09907633334813938,0.09907633334813938,0.09907633334813938,0.09907633334813938,0.09907633334813938,0.09907633334813938,0.09907633334813938,0.09907633334813938,0.09907633334813938,0.09907633334813938,0.09907633334813938,0.09907633334813938,0.09907633334813938,0.09907633334813938,0.09907633334813938,0.09907633334813938,0.09907633334813938,0.09907633334813938,0.09907633334813938,0.09907633334813938,0.09907633334813938,0.09907633334813938,0.09907633334813938,0.09907633334813938,0.09907633334813938,0.09907633334813938,0.09907633334813938,0.09907633334813938,0.09907633334813938,0.09907633334813938,0.09907633334813938,0.09907633334813938,0.09907633334813938,0.09907633334813938,0.09907633334813938,0.09907633334813938,0.09907633334813938,0.09907633334813938,0.09907633334813938,0.09907633334813938,0.09907633334813938,0.09907633334813938,0.09907633334813938,0.09907633334813938,0.09907633334813938,0.09907633334813938,0.09907633334813938,0.09907633334813938,0.09907633334813938,0.09907633334813938,0.09907633334813938,0.09907633334813938,0.09907633334813938,0.09907633334813938,0.09907633334813938,0.09907633334813938,0.09907633334813938,0.09907633334813938,0.09907633334813938,0.09907633334813938,0.09907633334813938,0.09907633334813938,0.09907633334813938,0.09907633334813938,0.09907633334813938,0.09907633334813938,0.09907633334813938,0.09907633334813938,0.09907633334813938,0.09907633334813938,0.09907633334813938,0.09907633334813938,0.09907633334813938,0.09907633334813938,0.09907633334813938,0.09907633334813938,0.09907633334813938,0.09907633334813938,0.09907633334813938,0.09907633334813938,0.09907633334813938,0.09907633334813938,0.09907633334813938,0.09907633334813938,0.09907633334813938,0.09907633334813938,0.09907633334813938,0.09907633334813938,0.09907633334813938,0.09907633334813938,0.09907633334813938,0.09907633334813938,0.09907633334813938,0.09907633334813938,0.09907633334813938,0.09907633334813938,0.09907633334813938,0.09907633334813938,0.09907633334813938,0.09907633334813938,0.09907633334813938,0.09907633334813938,0.09907633334813938,0.09907633334813938,0.09907633334813938,0.09907633334813938,0.09907633334813938,0.09907633334813938,0.09907633334813938,0.09907633334813938,0.09907633334813938,0.09907633334813938,0.09907633334813938,0.09907633334813938,0.09907633334813938,0.09907633334813938,0.09907633334813938,0.09907633334813938,0.09907633334813938,0.09907633334813938,0.09907633334813938,0.09907633334813938,0.09907633334813938,0.09907633334813938,0.09907633334813938,0.09907633334813938,0.09907633334813938,0.09907633334813938,0.09907633334813938,0.09907633334813938,0.09907633334813938,0.09907633334813938,0.09907633334813938,0.09907633334813938,0.09907633334813938,0.09907633334813938,0.09907633334813938,0.09907633334813938,0.09907633334813938,0.09907633334813938,0.09907633334813938,0.09907633334813938,0.09907633334813938,0.09907633334813938,0.09907633334813938,0.09907633334813938,0.09907633334813938,0.09907633334813938,0.09907633334813938,0.09907633334813938,0.09907633334813938,0.09907633334813938,0.09907633334813938,0.09907633334813938,0.09907633334813938,0.09907633334813938,0.09907633334813938,0.09907633334813938,0.09907633334813938,0.09907633334813938,0.09907633334813938,0.09907633334813938,0.09907633334813938,0.09907633334813938,0.09907633334813938,0.09907633334813938,0.09907633334813938,0.09907633334813938,0.09907633334813938,0.09907633334813938,0.09907633334813938,0.09907633334813938,0.09907633334813938,0.09907633334813938,0.09907633334813938,0.09907633334813938,0.09907633334813938,0.09907633334813938,0.09907633334813938,0.09907633334813938,0.09907633334813938,0.09907633334813938,0.09907633334813938,0.09907633334813938,0.09907633334813938,0.09907633334813938,0.09907633334813938,0.09907633334813938,0.09907633334813938,0.09907633334813938,0.09907633334813938,0.09907633334813938,0.09907633334813938,0.09907633334813938,0.09907633334813938,0.09907633334813938,0.09907633334813938,0.09907633334813938,0.09907633334813938,0.09907633334813938,0.09907633334813938,0.09907633334813938,0.09907633334813938,0.09907633334813938,0.09907633334813938,0.09907633334813938,0.09907633334813938,0.09907633334813938,0.09907633334813938,0.09907633334813938,0.09907633334813938,0.09907633334813938,0.09907633334813938,0.09907633334813938,0.09907633334813938,0.09907633334813938,0.09907633334813938,0.09907633334813938,0.09907633334813938,0.09907633334813938,0.09907633334813938,0.09907633334813938,0.09907633334813938,0.09907633334813938,0.09907633334813938,0.09907633334813938,0.09907633334813938,0.09907633334813938,0.09907633334813938,0.09907633334813938,0.09907633334813938,0.09907633334813938,0.09907633334813938,0.09907633334813938,0.09907633334813938,0.09907633334813938,0.09907633334813938,0.09907633334813938,0.09907633334813938,0.09907633334813938,0.09907633334813938,0.09907633334813938,0.09907633334813938,0.09907633334813938,0.09907633334813938,0.09907633334813938,0.09907633334813938,0.09907633334813938,0.09907633334813938,0.09907633334813938,0.09907633334813938,0.09907633334813938,0.09907633334813938,0.09907633334813938,0.09907633334813938,0.09907633334813938,0.09907633334813938,0.09907633334813938,0.09907633334813938,0.09907633334813938,0.09907633334813938,0.09907633334813938,0.09907633334813938,0.09907633334813938,0.09907633334813938,0.09907633334813938,0.09907633334813938,0.09907633334813938,0.09907633334813938,0.09907633334813938,0.09907633334813938,0.09907633334813938,0.09907633334813938,0.09907633334813938,0.09907633334813938,0.09907633334813938,0.09907633334813938,0.09907633334813938,0.09907633334813938,0.09907633334813938,0.09907633334813938,0.09907633334813938,0.09907633334813938,0.09907633334813938,0.09907633334813938,0.09907633334813938,0.09907633334813938,0.09907633334813938,0.09907633334813938,0.09907633334813938,0.09907633334813938,0.09907633334813938,0.09907633334813938,0.09907633334813938,0.09907633334813938,0.09907633334813938,0.09907633334813938,0.09907633334813938,0.09907633334813938,0.09907633334813938,0.09907633334813938,0.09907633334813938,0.09907633334813938,0.09907633334813938,0.09907633334813938,0.09907633334813938,0.09907633334813938,0.09907633334813938,0.09907633334813938,0.09907633334813938,0.09907633334813938,0.09907633334813938,0.09907633334813938,0.09907633334813938,0.09907633334813938,0.09907633334813938,0.09907633334813938,0.09907633334813938,0.09907633334813938,0.09907633334813938,0.09907633334813938,0.09907633334813938,0.09907633334813938,0.09907633334813938,0.09907633334813938,0.09907633334813938,0.09907633334813938,0.09907633334813938,0.09907633334813938,0.09907633334813938,0.09907633334813938,0.09907633334813938,0.09907633334813938,0.09907633334813938,0.09907633334813938,0.09907633334813938,0.09907633334813938,0.09907633334813938,0.09907633334813938,0.09907633334813938,0.09907633334813938,0.09907633334813938,0.09907633334813938,0.09907633334813938,0.09907633334813938,0.09907633334813938,0.09907633334813938,0.09907633334813938,0.09907633334813938,0.09907633334813938,0.09907633334813938,0.09907633334813938,0.09907633334813938,0.09907633334813938,0.09907633334813938,0.09907633334813938,0.09907633334813938,0.09907633334813938,0.09907633334813938,0.09907633334813938,0.09907633334813938,0.09907633334813938,0.09907633334813938,0.09907633334813938,0.09907633334813938,0.09907633334813938,0.09907633334813938,0.09907633334813938,0.09907633334813938,0.09907633334813938,0.09907633334813938,0.09907633334813938,0.09907633334813938,0.09907633334813938,0.09907633334813938,0.09907633334813938,0.09907633334813938,0.09907633334813938,0.09907633334813938,0.09907633334813938,0.09907633334813938,0.09907633334813938,0.09907633334813938,0.09907633334813938,0.09907633334813938,0.09907633334813938,0.09907633334813938,0.09907633334813938,0.09907633334813938,0.09907633334813938,0.09907633334813938,0.09907633334813938,0.09907633334813938,0.09907633334813938,0.09907633334813938,0.09907633334813938,0.09907633334813938,0.09907633334813938,0.09907633334813938,0.09907633334813938,0.09907633334813938,0.09907633334813938,0.09907633334813938,0.09907633334813938,0.09907633334813938,0.09907633334813938,0.09907633334813938,0.09907633334813938,0.09907633334813938,0.09907633334813938,0.09907633334813938,0.09907633334813938,0.09907633334813938,0.09907633334813938,0.09907633334813938,0.09907633334813938,0.09907633334813938,0.09907633334813938,0.09907633334813938,0.09907633334813938,0.09907633334813938,0.09907633334813938,0.09907633334813938,0.09907633334813938,0.09907633334813938,0.09907633334813938,0.09907633334813938,0.09907633334813938,0.09907633334813938,0.09907633334813938,0.09907633334813938,0.09907633334813938,0.09907633334813938,0.09907633334813938,0.09907633334813938,0.09907633334813938,0.09907633334813938,0.09907633334813938,0.09907633334813938,0.09907633334813938,0.09907633334813938,0.09907633334813938,0.09907633334813938,0.09907633334813938,0.09907633334813938,0.09907633334813938,0.09907633334813938,0.09907633334813938,0.09907633334813938,0.09907633334813938,0.09907633334813938,0.09907633334813938,0.09907633334813938,0.09907633334813938,0.09907633334813938,0.09907633334813938,0.09907633334813938,0.09907633334813938,0.09907633334813938,0.09907633334813938,0.09907633334813938,0.09907633334813938,0.09907633334813938,0.09907633334813938,0.09907633334813938,0.09907633334813938,0.09907633334813938,0.09907633334813938,0.09907633334813938,0.09907633334813938,0.09907633334813938,0.09907633334813938,0.09907633334813938,0.09907633334813938,0.09907633334813938,0.09907633334813938,0.09907633334813938,0.09907633334813938,0.09907633334813938,0.09907633334813938,0.09907633334813938,0.09907633334813938,0.09907633334813938,0.09907633334813938,0.09907633334813938,0.09907633334813938,0.09907633334813938,0.09907633334813938,0.09907633334813938,0.09907633334813938,0.09907633334813938,0.09907633334813938,0.09907633334813938,0.09907633334813938,0.09907633334813938,0.09907633334813938,0.09907633334813938,0.09907633334813938,0.09907633334813938,0.09907633334813938,0.09907633334813938,0.09907633334813938,0.09907633334813938,0.09907633334813938,0.09907633334813938,0.09907633334813938,0.09907633334813938,0.09907633334813938,0.09907633334813938,0.09907633334813938,0.09907633334813938,0.09907633334813938,0.09907633334813938,0.09907633334813938,0.09907633334813938,0.09907633334813938,0.09907633334813938,0.09907633334813938,0.09907633334813938,0.09907633334813938,0.09907633334813938,0.09907633334813938,0.09907633334813938,0.09907633334813938,0.09907633334813938,0.09907633334813938,0.09907633334813938,0.09907633334813938,0.09907633334813938,0.09907633334813938,0.09907633334813938,0.09907633334813938,0.09907633334813938,0.09907633334813938,0.09907633334813938,0.09907633334813938,0.09907633334813938,0.09907633334813938,0.09907633334813938,0.09907633334813938,0.09907633334813938,0.09907633334813938,0.09907633334813938,0.09907633334813938,0.09907633334813938,0.09907633334813938,0.09907633334813938,0.09907633334813938,0.09907633334813938,0.09907633334813938,0.09907633334813938,0.09907633334813938,0.09907633334813938,0.09907633334813938,0.09907633334813938,0.09907633334813938,0.09907633334813938,0.09907633334813938,0.09907633334813938,0.09907633334813938,0.09907633334813938,0.09907633334813938,0.09907633334813938,0.09907633334813938,0.09907633334813938,0.09907633334813938,0.09907633334813938,0.09907633334813938,0.09907633334813938,0.09907633334813938,0.09907633334813938,0.09907633334813938,0.09907633334813938,0.09907633334813938,0.09907633334813938,0.09907633334813938,0.09907633334813938,0.09907633334813938,0.09907633334813938,0.09907633334813938,0.09907633334813938,0.09907633334813938,0.09907633334813938,0.09907633334813938,0.09907633334813938,0.09907633334813938,0.09907633334813938,0.09907633334813938,0.09907633334813938,0.09907633334813938,0.09907633334813938,0.09907633334813938,0.09907633334813938,0.09907633334813938,0.09907633334813938,0.09907633334813938,0.09907633334813938,0.09907633334813938,0.09907633334813938,0.09907633334813938,0.09907633334813938,0.09907633334813938,0.09907633334813938,0.09907633334813938,0.09907633334813938,0.09907633334813938,0.09907633334813938,0.09907633334813938,0.09907633334813938,0.09907633334813938,0.09907633334813938,0.09907633334813938,0.09907633334813938,0.09907633334813938,0.09907633334813938,0.09907633334813938,0.09907633334813938,0.09907633334813938,0.09907633334813938,0.09907633334813938,0.09907633334813938,0.09907633334813938,0.09907633334813938,0.09907633334813938,0.09907633334813938,0.09907633334813938,0.09907633334813938,0.09907633334813938,0.09907633334813938,0.09907633334813938,0.09907633334813938,0.09907633334813938,0.09907633334813938,0.09907633334813938,0.09907633334813938,0.09907633334813938,0.09907633334813938,0.09907633334813938,0.09907633334813938,0.09907633334813938,0.09907633334813938,0.09907633334813938,0.09907633334813938,0.09907633334813938,0.09907633334813938,0.09907633334813938,0.09907633334813938,0.09907633334813938,0.09907633334813938,0.09907633334813938,0.09907633334813938,0.09907633334813938,0.09907633334813938,0.09907633334813938,0.09907633334813938,0.09907633334813938,0.09907633334813938,0.09907633334813938,0.09907633334813938,0.09907633334813938,0.09907633334813938,0.09907633334813938,0.09907633334813938,0.09907633334813938,0.09907633334813938,0.09907633334813938,0.09907633334813938,0.09907633334813938,0.09907633334813938,0.09907633334813938,0.09907633334813938,0.09907633334813938,0.09907633334813938,0.09907633334813938,0.09907633334813938,0.09907633334813938,0.09907633334813938,0.09907633334813938,0.09907633334813938,0.09907633334813938,0.09907633334813938,0.09907633334813938,0.09907633334813938,0.09907633334813938,0.09907633334813938,0.09907633334813938,0.09907633334813938,0.09907633334813938,0.09907633334813938,0.09907633334813938,0.09907633334813938,0.09907633334813938,0.09907633334813938,0.09907633334813938,0.09907633334813938,0.09907633334813938,0.09907633334813938,0.09907633334813938,0.09907633334813938,0.09907633334813938,0.09907633334813938,0.09907633334813938,0.09907633334813938,0.09907633334813938,0.09907633334813938,0.09907633334813938,0.09907633334813938,0.09907633334813938,0.09907633334813938,0.09907633334813938,0.09907633334813938,0.09907633334813938,0.09907633334813938,0.09907633334813938,0.09907633334813938,0.09907633334813938,0.09907633334813938,0.09907633334813938,0.09907633334813938,0.09907633334813938,0.09907633334813938,0.09907633334813938,0.09907633334813938,0.09907633334813938,0.09907633334813938,0.09907633334813938,0.09907633334813938,0.09907633334813938,0.09907633334813938,0.09907633334813938,0.09907633334813938,0.09907633334813938,0.09907633334813938,0.09907633334813938,0.09907633334813938,0.09907633334813938,0.09907633334813938,0.09907633334813938,0.09907633334813938,0.09907633334813938,0.09907633334813938,0.09907633334813938,0.09907633334813938,0.09907633334813938,0.09907633334813938,0.09907633334813938,0.09907633334813938,0.09907633334813938,0.09907633334813938,0.09907633334813938,0.09907633334813938,0.09907633334813938,0.09907633334813938,0.09907633334813938,0.09907633334813938,0.09907633334813938,0.09907633334813938,0.09907633334813938,0.09907633334813938,0.09907633334813938,0.09907633334813938,0.09907633334813938,0.09907633334813938,0.09907633334813938,0.09907633334813938,0.09907633334813938,0.09907633334813938,0.09907633334813938,0.09907633334813938,0.09907633334813938,0.09907633334813938,0.09907633334813938,0.09907633334813938,0.09907633334813938,0.09907633334813938,0.09907633334813938,0.09907633334813938,0.09907633334813938,0.09907633334813938,0.09907633334813938,0.09907633334813938,0.09907633334813938,0.09907633334813938,0.09907633334813938,0.09907633334813938,0.09907633334813938,0.09907633334813938,0.09907633334813938,0.09907633334813938,0.09907633334813938,0.09907633334813938,0.09907633334813938,0.09907633334813938,0.09907633334813938,0.09907633334813938,0.09907633334813938,0.09907633334813938,0.09907633334813938,0.09907633334813938,0.09907633334813938,0.09907633334813938,0.09907633334813938,0.09907633334813938,0.09907633334813938,0.09907633334813938,0.09907633334813938,0.09907633334813938,0.09907633334813938,0.09907633334813938,0.09907633334813938,0.09907633334813938,0.09907633334813938,0.09907633334813938,0.09907633334813938,0.09907633334813938,0.09907633334813938,0.09907633334813938,0.09907633334813938,0.09907633334813938,0.09907633334813938,0.09907633334813938,0.09907633334813938,0.09907633334813938,0.09907633334813938,0.09907633334813938,0.09907633334813938,0.09907633334813938,0.09907633334813938,0.09907633334813938,0.09907633334813938,0.09907633334813938,0.09907633334813938,0.09907633334813938,0.09907633334813938,0.09907633334813938,0.09907633334813938,0.09907633334813938,0.09907633334813938,0.09907633334813938,0.09907633334813938,0.09907633334813938,0.09907633334813938,0.09907633334813938,0.09907633334813938,0.09907633334813938,0.09907633334813938,0.09907633334813938,0.09907633334813938,0.09907633334813938,0.09907633334813938,0.09907633334813938,0.09907633334813938,0.09907633334813938,0.09907633334813938,0.09907633334813938,0.09907633334813938,0.09907633334813938,0.09907633334813938,0.09907633334813938,0.09907633334813938,0.09907633334813938,0.09907633334813938,0.09907633334813938,0.0990763333481394,0.09907633334813942,0.09907633334813938,0.0990763333481394,0.09907633334813938,0.09907633334813938,0.09907633334813938,0.09907633334813938,0.09907633334813938,0.0990763333481394,0.0990763333481394,0.0990763333481394,0.09907633334813938,0.09907633334813937,0.09907633334813938,0.0990763333481394,0.09907633334813937,0.09907633334813937,0.09907633334813938,0.09907633334813938,0.09907633334813937,0.09907633334813938,0.09907633334813938,0.0990763333481394,0.0990763333481394,0.0990763333481394,0.09907633334813938,0.0990763333481394,0.0990763333481394,0.09907633334813938,0.0990763333481394,0.09907633334813937,0.0990763333481394,0.09907633334813937,0.09907633334813941,0.09907633334813937,0.09907633334813937,0.0990763333481394,0.09907633334813937,0.0990763333481394,0.09907633334813937,0.09907633334813937,0.09907633334813938,0.0990763333481394,0.09907633334813942,0.0990763333481394,0.09907633334813942,0.09907633334813941,0.09907633334813938,0.09907633334813938,0.09907633334813941,0.09907633334813938,0.0990763333481394,0.09907633334813938,0.0990763333481394,0.0990763333481394,0.0990763333481394,0.0990763333481394,0.0990763333481394,0.0990763333481394,0.0990763333481394,0.09907633334813942,0.09907633334813941,0.09907633334813937,0.09907633334813937,0.09907633334813937,0.09907633334813937,0.09907633334813938,0.0990763333481394,0.0990763333481394,0.09907633334813938,0.09907633334813938,0.09907633334813937,0.09907633334813938,0.09907633334813938,0.09907633334813941,0.0990763333481394,0.09907633334813941,0.09907633334813941,0.09907633334813938,0.0990763333481394,0.09907633334813938,0.09907633334813937,0.09907633334813938,0.09907633334813937,0.09907633334813937,0.09907633334813937,0.0990763333481394,0.0990763333481394,0.09907633334813931,0.09907633334813933,0.09907633334813931,0.0990763333481393,0.0990763333481393,0.0990763333481393,0.0990763333481393,0.09907633334813928,0.0990763333481393,0.09907633334813928,0.09907633334813928,0.09907633334813928,0.0990763333481393,0.09907633334813928,0.0990763333481393,0.09907633334813928,0.0990763333481393,0.09907633334813928,0.09907633334813928,0.09907633334813928,0.09907633334813931,0.09907633334813928,0.09907633334813928,0.0990763333481393,0.09907633334813928,0.0990763333481393,0.09907633334813928,0.09907633334813928,0.0990763333481393,0.0990763333481393,0.0990763333481393,0.0990763333481393,0.0990763333481393,0.0990763333481393,0.0990763333481393,0.09907633334813928,0.09907633334813931,0.09907633334813928,0.09907633334813928,0.09907633334813928,0.09907633334813933,0.09907633334813931,0.09907633334813931,0.09907633334813928,0.0990763333481393,0.09907633334813928,0.0990763333481393,0.0990763333481393,0.0990763333481393,0.09907633334813928,0.09907633334813928,0.09907633334813928,0.09907633334813928,0.0990763333481393,0.0990763333481393,0.0990763333481393,0.0990763333481393,0.0990763333481393,0.09907633334813928,0.0990763333481393,0.09907633334813928,0.09907633334813931,0.09907633334813931,0.0990763333481393,0.09907633334813928,0.09907633334813928,0.0990763333481393,0.09907633334813928,0.0990763333481393,0.09907633334813928,0.0990763333481393,0.09907633334813928,0.09907633334813933,0.09907633334813928,0.0990763333481393,0.09907633334813928,0.09907633334813931,0.09907633334813927,0.0990763333481393,0.0990763333481393,0.09907633334813928,0.0990763333481393,0.09907633334813928,0.0990763333481393,0.09907633334813928,0.0990763333481393,0.09907633334813928,0.09907633334813927,0.09907633334813928,0.09907633334813928,0.0990763333481393,0.0990763333481393,0.0990763333481393,0.09907633334813928,0.0990763333481393,0.09907633334813928,0.0990763333481393,0.09907633334813928,0.0990763333481393,0.09907633334813928,0.0990763333481393,0.09907633334813928,0.09907633334813931,0.0990763333481393,0.0990763333481393,0.0990763333481393,0.09907633334813928,0.0990763333481393,0.09907633334813928,0.0990763333481393,0.09907633334813928,0.09907633334813928,0.09907633334813928,0.0990763333481393,0.09907633334813931,0.09907633334813933,0.0990763333481393,0.0990763333481393,0.09907633334813928,0.0990763333481393,0.09907633334813928,0.09907633334813928,0.09907633334813928,0.09907633334813928,0.09907633334813928,0.09907633334813927,0.0990763333481393,0.09907633334813928,0.0990763333481393,0.09907633334813928,0.0990763333481393,0.09907633334813927,0.0990763333481393,0.09907633334813928,0.0990763333481393,0.09907633334813928,0.09907633334813928,0.0990763333481393,0.09907633334813928,0.0990763333481393,0.09907633334813928,0.0990763333481393,0.09907633334813928,0.0990763333481393,0.09907633334813928,0.0990763333481393,0.09907633334813928,0.09907633334813928,0.09907633334813928,0.09907633334813928,0.09907633334813928,0.0990763333481393,0.0990763333481393,0.09907633334813928,0.09907633334813928,0.09907633334813928,0.09907633334813928,0.09907633334813928,0.09907633334813928,0.09907633334813928,0.09907633334813927,0.0990763333481393,0.0990763333481393,0.09907633334813927,0.09907633334813927,0.0990763333481393,0.0990763333481393,0.09907633334813928,0.09907633334813928,0.09907633334813928,0.09907633334813927,0.09907633334813931,0.09907633334813928,0.09907633334813928,0.09907633334813928,0.0990763333481393,0.09907633334813928,0.09907633334813934,0.0990763333481393,0.0990763333481393,0.09907633334813931,0.0990763333481393,0.09907633334813928,0.09907633334813926,0.09907633334813928,0.0990763333481393,0.0990763333481393,0.0990763333481393,0.0990763333481393,0.09907633334813928,0.0990763333481393,0.09907633334813928,0.0990763333481393,0.09907633334813928,0.09907633334813928,0.09907633334813928,0.09907633334813928,0.09907633334813928,0.09907633334813927,0.09907633334813928,0.0990763333481393,0.0990763333481393,0.09907633334813931,0.0990763333481393,0.0990763333481393,0.0990763333481393,0.0990763333481393,0.09907633334813931,0.09907633334813927,0.0990763333481393,0.09907633334813928,0.09907633334813931,0.0990763333481393,0.09907633334813928,0.09907633334813928,0.09907633334813928,0.09907633334813928,0.09907633334813928,0.09907633334813928,0.09907633334813928,0.0990763333481393,0.09907633334813928,0.0990763333481393,0.09907633334813928,0.0990763333481393,0.0990763333481393,0.09907633334813928,0.0990763333481393,0.0990763333481393,0.0990763333481393,0.0990763333481393,0.0990763333481393,0.0990763333481393,0.0990763333481393,0.0990763333481393,0.0990763333481393,0.09907633334813928,0.0990763333481393,0.09907633334813928,0.09907633334813927,0.09907633334813928,0.09907633334813928,0.09907633334813928,0.09907633334813928,0.09907633334813928,0.09907633334813928,0.0990763333481393,0.09907633334813928,0.0990763333481393,0.0990763333481393,0.09907633334813931,0.0990763333481393,0.0990763333481393,0.0990763333481393,0.0990763333481393,0.0990763333481393,0.09907633334813928,0.0990763333481393,0.09907633334813928,0.0990763333481393,0.09907633334813928,0.09907633334813928,0.09907633334813928,0.0990763333481393,0.09907633334813928,0.09907633334813928,0.09907633334813928,0.09907633334813928,0.09907633334813926,0.09907633334813927,0.09907633334813927,0.09907633334813927,0.09907633334813924,0.09907633334813928,0.0990763333481393,0.0990763333481393,0.0990763333481393,0.09907633334813928,0.0990763333481393,0.0990763333481393,0.0990763333481393,0.0990763333481393,0.0990763333481393,0.09907633334813928,0.09907633334813928,0.09907633334813928,0.09907633334813928,0.09907633334813928,0.09907633334813928,0.09907633334813928,0.09907633334813928,0.09907633334813928,0.09907633334813928,0.0990763333481393,0.09907633334813928,0.0990763333481393,0.09907633334813931,0.09907633334813931,0.09907633334813928,0.0990763333481393,0.09907633334813935,0.09907633334813931,0.0990763333481393,0.09907633334813928,0.0990763333481393,0.09907633334813928,0.0990763333481393,0.09907633334813928,0.09907633334813928,0.09907633334813926,0.0990763333481393,0.09907633334813928,0.0990763333481393,0.0990763333481393,0.09907633334813928,0.09907633334813928,0.09907633334813933,0.09907633334813931,0.09907633334813928,0.09907633334813928,0.09907633334813931,0.09907633334813928,0.09907633334813928,0.0990763333481393,0.0990763333481393,0.0990763333481393,0.0990763333481393,0.09907633334813928,0.0990763333481393,0.09907633334813928,0.0990763333481393,0.09907633334813928,0.09907633334813928,0.09907633334813928,0.0990763333481393,0.0990763333481393,0.0990763333481393,0.09907633334813928,0.0990763333481393,0.09907633334813928,0.0990763333481393,0.09907633334813928,0.0990763333481393,0.09907633334813928,0.09907633334813928,0.09907633334813928,0.09907633334813928,0.09907633334813928,0.0990763333481393,0.0990763333481393,0.0990763333481393,0.0990763333481393,0.0990763333481393,0.0990763333481393,0.0990763333481393,0.09907633334813928,0.09907633334813928,0.09907633334813928,0.09907633334813928,0.09907633334813928,0.09907633334813928,0.0990763333481393,0.09907633334813928,0.09907633334813928,0.0990763333481393,0.09907633334813928,0.09907633334813928,0.09907633334813928,0.09907633334813928,0.09907633334813928,0.09907633334813928,0.09907633334813928,0.09907633334813927,0.0990763333481393,0.09907633334813928,0.0990763333481393,0.09907633334813928,0.0990763333481393,0.09907633334813927,0.0990763333481393,0.0990763333481393,0.0990763333481393,0.0990763333481393,0.0990763333481393,0.0990763333481393,0.09907633334813928,0.0990763333481393,0.09907633334813928,0.09907633334813928,0.09907633334813928,0.09907633334813928,0.09907633334813928,0.09907633334813928,0.09907633334813928,0.0990763333481393,0.09907633334813928,0.09907633334813928,0.0990763333481393,0.0990763333481393,0.09907633334813928,0.09907633334813928,0.09907633334813931,0.09907633334813931,0.0990763333481393,0.09907633334813931,0.09907633334813928,0.09907633334813931,0.0990763333481393,0.0990763333481393,0.0990763333481393,0.0990763333481393,0.0990763333481393,0.0990763333481393,0.0990763333481393,0.0990763333481393,0.09907633334813928,0.09907633334813928,0.09907633334813928,0.09907633334813928,0.09907633334813927,0.09907633334813928,0.09907633334813927,0.0990763333481393,0.09907633334813928,0.0990763333481393,0.0990763333481393,0.0990763333481393,0.0990763333481393,0.0990763333481393,0.0990763333481393,0.09907633334813928,0.0990763333481393,0.09907633334813928,0.0990763333481393,0.09907633334813928,0.0990763333481393,0.09907633334813928,0.0990763333481393,0.09907633334813928,0.09907633334813928,0.09907633334813928,0.09907633334813927,0.09907633334813924,0.09907633334813927,0.09907633334813928,0.09907633334813927,0.0990763333481393,0.09907633334813928,0.09907633334813928,0.0990763333481393,0.0990763333481393,0.0990763333481393,0.0990763333481393,0.0990763333481393,0.0990763333481393,0.09907633334813928,0.09907633334813927,0.0990763333481393,0.09907633334813927,0.0990763333481393,0.09907633334813928,0.09907633334813928,0.09907633334813928,0.09907633334813926,0.09907633334813928,0.09907633334813928,0.09907633334813928,0.09907633334813928,0.09907633334813928,0.09907633334813928,0.09907633334813928,0.09907633334813931,0.0990763333481393,0.0990763333481393,0.0990763333481393,0.0990763333481393,0.0990763333481393,0.09907633334813928,0.0990763333481393,0.0990763333481393,0.0990763333481393,0.0990763333481393,0.0990763333481393,0.09907633334813928,0.0990763333481393,0.09907633334813928,0.09907633334813928,0.09907633334813928,0.09907633334813928,0.09907633334813928,0.09907633334813928,0.0990763333481393,0.09907633334813928,0.0990763333481393,0.09907633334813928,0.0990763333481393,0.09907633334813928,0.0990763333481393,0.09907633334813927,0.0990763333481393,0.0990763333481393,0.0990763333481393,0.0990763333481393,0.0990763333481393,0.09907633334813927,0.09907633334813928,0.09907633334813928,0.09907633334813928,0.0990763333481393,0.09907633334813928,0.0990763333481393,0.09907633334813928,0.0990763333481393,0.0990763333481393,0.09907633334813928,0.09907633334813928,0.09907633334813927,0.0990763333481393,0.09907633334813928,0.09907633334813928,0.0990763333481393,0.0990763333481393,0.0990763333481393,0.0990763333481393,0.09907633334813928,0.0990763333481393,0.0990763333481393,0.0990763333481393,0.0990763333481393,0.09907633334813928,0.09907633334813928,0.09907633334813928,0.0990763333481393,0.09907633334813928,0.09907633334813928,0.09907633334813928,0.09907633334813928,0.09907633334813928,0.09907633334813928,0.09907633334813928,0.0990763333481393,0.09907633334813928,0.09907633334813928,0.09907633334813928,0.09907633334813928,0.0990763333481393,0.0990763333481393,0.0990763333481393,0.0990763333481393,0.0990763333481393,0.0990763333481393,0.0990763333481393,0.09907633334813928,0.0990763333481393,0.09907633334813924,0.0990763333481393,0.09907633334813926,0.09907633334813928,0.09907633334813928,0.09907633334813928,0.0990763333481393,0.0990763333481393,0.0990763333481393,0.09907633334813928,0.09907633334813928,0.09907633334813928,0.09907633334813928,0.09907633334813928,0.09907633334813928,0.09907633334813928,0.0990763333481393,0.0990763333481393,0.0990763333481393,0.0990763333481393,0.09907633334813928,0.0990763333481393,0.09907633334813928,0.0990763333481393,0.09907633334813928,0.0990763333481393,0.09907633334813928,0.09907633334813928,0.0990763333481393,0.0990763333481393,0.09907633334813928,0.0990763333481393,0.0990763333481393,0.0990763333481393,0.09907633334813928,0.09907633334813928,0.09907633334813928,0.09907633334813928,0.09907633334813928,0.09907633334813928,0.0990763333481393,0.09907633334813928,0.09907633334813928,0.09907633334813928,0.0990763333481393,0.09907633334813928,0.09907633334813928,0.09907633334813934,0.0990763333481393,0.09907633334813934,0.0990763333481393,0.09907633334813928,0.0990763333481393,0.0990763333481393,0.09907633334813928,0.0990763333481393,0.09907633334813928,0.0990763333481393,0.09907633334813928,0.0990763333481393,0.09907633334813928,0.0990763333481393,0.09907633334813928,0.09907633334813928,0.09907633334813928,0.0990763333481393,0.09907633334813928,0.09907633334813928,0.0990763333481393,0.09907633334813928,0.0990763333481393,0.09907633334813928,0.0990763333481393,0.0990763333481393,0.0990763333481393,0.0990763333481393,0.0990763333481393,0.09907633334813928,0.0990763333481393,0.09907633334813931,0.0990763333481393,0.09907633334813928,0.09907633334813928,0.09907633334813928,0.09907633334813928,0.09907633334813928,0.0990763333481392,0.09907633334813928,0.09907633334813928,0.0990763333481393,0.0990763333481393,0.0990763333481393,0.09907633334813928,0.09907633334813931,0.09907633334813928,0.09907633334813928,0.09907633334813928,0.09907633334813928,0.09907633334813928,0.0990763333481393,0.0990763333481393,0.09907633334813928,0.0990763333481393,0.09907633334813928,0.0990763333481393,0.09907633334813928,0.0990763333481393,0.09907633334813928,0.09907633334813928,0.09907633334813928,0.09907633334813928,0.09907633334813928,0.09907633334813928,0.09907633334813928,0.09907633334813928,0.0990763333481393,0.09907633334813928,0.0990763333481393,0.09907633334813928,0.0990763333481393,0.0990763333481393,0.0990763333481393,0.0990763333481393,0.0990763333481393,0.0990763333481393,0.0990763333481393,0.09907633334813928,0.09907633334813928,0.09907633334813928,0.09907633334813928,0.09907633334813928,0.09907633334813928,0.09907633334813928,0.09907633334813928,0.09907633334813928,0.09907633334813928,0.09907633334813928,0.09907633334813928,0.0990763333481393,0.0990763333481393,0.0990763333481393,0.0990763333481393,0.0990763333481393,0.0990763333481393,0.0990763333481393,0.0990763333481393,0.09907633334813928,0.0990763333481393,0.09907633334813928,0.0990763333481393,0.09907633334813928,0.0990763333481393,0.09907633334813928,0.09907633334813933,0.09907633334813928,0.09907633334813928,0.09907633334813928,0.09907633334813928,0.09907633334813928,0.09907633334813928,0.0990763333481393,0.09907633334813928,0.0990763333481393,0.09907633334813928,0.09907633334813931,0.09907633334813928,0.0990763333481393,0.0990763333481393,0.0990763333481393,0.0990763333481393,0.09907633334813928,0.0990763333481393,0.09907633334813927,0.09907633334813928,0.09907633334813928,0.09907633334813928,0.09907633334813928,0.09907633334813928,0.09907633334813928,0.09907633334813928,0.09907633334813928,0.09907633334813928,0.09907633334813928,0.0990763333481393,0.0990763333481393,0.09907633334813928,0.0990763333481393,0.09907633334813928,0.0990763333481393,0.0990763333481393,0.0990763333481393,0.0990763333481393,0.0990763333481393,0.0990763333481393,0.0990763333481393,0.0990763333481393,0.09907633334813928,0.09907633334813928,0.0990763333481393,0.09907633334813928,0.09907633334813928,0.09907633334813928,0.09907633334813928,0.09907633334813928,0.09907633334813928,0.09907633334813928,0.0990763333481393,0.09907633334813928,0.09907633334813928,0.09907633334813927,0.09907633334813927,0.09907633334813928,0.09907633334813928,0.0990763333481393,0.0990763333481393,0.0990763333481393,0.0990763333481393,0.0990763333481393,0.0990763333481393,0.09907633334813928,0.0990763333481393,0.09907633334813928,0.0990763333481393,0.09907633334813928,0.09907633334813928,0.09907633334813928,0.0990763333481393,0.09907633334813928,0.09907633334813928,0.0990763333481393,0.09907633334813928,0.0990763333481393,0.09907633334813928,0.0990763333481393,0.09907633334813928,0.09907633334813928,0.09907633334813928,0.0990763333481393,0.0990763333481393,0.0990763333481393,0.0990763333481393,0.0990763333481393,0.09907633334813928,0.0990763333481393,0.09907633334813928,0.09907633334813928,0.0990763333481393,0.09907633334813928,0.0990763333481393,0.0990763333481393,0.09907633334813928,0.09907633334813928,0.09907633334813928,0.0990763333481393,0.0990763333481393,0.09907633334813924,0.0990763333481393,0.09907633334813928,0.09907633334813928,0.09907633334813928,0.09907633334813928,0.09907633334813928,0.0990763333481393,0.0990763333481393,0.0990763333481393,0.0990763333481393,0.09907633334813928,0.0990763333481393,0.09907633334813928,0.09907633334813928,0.09907633334813928,0.09907633334813928,0.09907633334813928,0.09907633334813928,0.0990763333481393,0.09907633334813928,0.0990763333481393,0.09907633334813928,0.0990763333481393,0.09907633334813928,0.0990763333481393,0.09907633334813928,0.0990763333481393,0.09907633334813928,0.09907633334813928,0.09907633334813928,0.0990763333481393,0.0990763333481393,0.09907633334813928,0.0990763333481393,0.09907633334813928,0.0990763333481393,0.09907633334813928,0.09907633334813928,0.0990763333481393,0.0990763333481393,0.09907633334813933,0.0990763333481393,0.0990763333481393,0.0990763333481393,0.0990763333481393,0.0990763333481393,0.0990763333481393,0.09907633334813928,0.09907633334813928,0.09907633334813928,0.09907633334813928,0.09907633334813928,0.09907633334813928,0.09907633334813928,0.09907633334813928,0.0990763333481393,0.0990763333481393,0.0990763333481393,0.09907633334813928,0.09907633334813927,0.0990763333481393,0.09907633334813928,0.0990763333481393,0.09907633334813927,0.09907633334813928,0.0990763333481393,0.0990763333481393,0.0990763333481393,0.09907633334813927,0.0990763333481393,0.0990763333481393,0.09907633334813928,0.09907633334813928,0.09907633334813928,0.09907633334813928,0.09907633334813928,0.09907633334813928,0.09907633334813928,0.09907633334813928,0.09907633334813927,0.0990763333481393,0.09907633334813928,0.0990763333481393,0.0990763333481393,0.0990763333481393,0.0990763333481393,0.0990763333481393,0.0990763333481393,0.0990763333481393,0.09907633334813928,0.09907633334813928,0.09907633334813927,0.0990763333481393,0.09907633334813927,0.09907633334813926,0.09907633334813928,0.09907633334813928,0.09907633334813928,0.09907633334813928
1,0.0,0.0,0.0,0.0,0.0,0.0,0.0,0.0,0.0,0.0,0.0,0.0,0.0,0.0,0.0,0.0,0.0,0.0,0.0,0.0,0.0,0.0,0.0,0.0,0.0,0.0,0.0,0.0,0.0,0.0,0.0,0.0,0.0,0.0,0.0,0.0,0.0,0.0,0.0,0.0,0.0,0.0,0.0,0.0,0.0,0.0,0.0,0.0,0.0,0.0,0.0,0.0,0.0,0.0,0.0,0.0,0.0,0.0,0.0,0.0,0.0,0.0,0.0,0.0,0.0,0.0,0.0,0.0,0.0,0.0,0.0,0.0,0.0,0.0,0.0,0.0,0.0,0.0,0.0,0.0,0.0,0.0,0.0,0.0,0.0,0.0,0.0,0.0,0.0,0.0,0.0,0.0,0.0,0.0,0.0,0.0,0.0,0.0,0.0,0.0,0.0,0.0,0.0,0.0,0.0,0.0,0.0,0.0,0.0,0.0,0.0,0.0,0.0,0.0,0.0,0.0,0.0,0.0,0.0,0.0,0.0,0.0,0.0,0.0,0.0,0.0,0.0,0.0,0.0,0.0,0.0,0.0,0.0,0.0,0.0,0.0,0.0,0.0,0.0,0.0,0.0,0.0,0.0,0.0,0.0,0.0,0.0,0.0,0.0,0.0,0.0,0.0,0.0,0.0,0.0,0.0,0.0,0.0,0.0,0.0,0.0,0.0,0.0,0.0,0.0,0.0,0.0,0.0,0.0,0.0,0.0,0.0,0.0,0.0,0.0,0.0,0.0,0.0,0.0,0.0,0.0,0.0,0.0,0.0,0.0,0.0,0.0,0.0,0.0,0.0,0.0,0.0,0.0,0.0,0.0,0.0,0.0,0.0,0.0,0.0,0.0,0.0,0.0,0.0,0.0,0.0,0.0,0.0,0.0,0.0,0.0,0.0,0.0,0.0,0.0,0.0,0.0,0.0,0.0,0.0,0.0,0.0,0.0,0.0,0.0,0.0,0.0,0.0,0.0,0.0,0.0,0.0,0.0,0.0,0.0,0.0,0.0,0.0,0.0,0.0,0.0,0.0,0.0,0.0,0.0,0.0,0.0,0.0,0.0,0.0,0.0,0.0,0.0,0.0,0.0,0.0,0.0,0.0,0.0,0.0,0.0,0.0,0.0,0.0,0.0,0.0,0.0,0.0,0.0,0.0,0.0,0.0,0.0,0.0,0.0,0.0,0.0,0.0,0.0,0.0,0.0,0.0,0.0,0.0,0.0,0.0,0.0,0.0,0.0,0.0,0.0,0.0,0.0,0.0,0.0,0.0,0.0,0.0,0.0,0.0,0.0,0.0,0.0,0.0,0.0,0.0,0.0,0.0,0.0,0.0,0.0,0.0,0.0,0.0,0.0,0.0,0.0,0.0,0.0,0.0,0.0,0.0,0.0,0.0,0.0,0.0,0.0,0.0,0.0,0.0,0.0,0.0,0.0,0.0,0.0,0.0,0.0,0.0,0.0,0.0,0.0,0.0,0.0,0.0,0.0,0.0,0.0,0.0,0.0,0.0,0.0,0.0,0.0,0.0,0.0,0.0,0.0,0.0,0.0,0.0,0.0,0.0,0.0,0.0,0.0,0.0,0.0,0.0,0.0,0.0,0.0,0.0,0.0,0.0,0.0,0.0,0.0,0.0,0.0,0.0,0.0,0.0,0.0,0.0,0.0,0.0,0.0,0.0,0.0,0.0,0.0,0.0,0.0,0.0,0.0,0.0,0.0,0.0,0.0,0.0,0.0,0.0,0.0,0.0,0.0,0.0,0.0,0.0,0.0,0.0,0.0,0.0,0.0,0.0,0.0,0.0,0.0,0.0,0.0,0.0,0.0,0.0,0.0,0.0,0.0,0.0,0.0,0.0,0.0,0.0,0.0,0.0,0.0,0.0,0.0,0.0,0.0,0.0,0.0,0.0,0.0,0.0,0.0,0.0,0.0,0.0,0.0,0.0,0.0,0.0,0.0,0.0,0.0,0.0,0.0,0.0,0.0,0.0,0.0,0.0,0.0,0.0,0.0,0.0,0.0,0.0,0.0,0.0,0.0,0.0,0.0,0.0,0.0,0.0,0.0,0.0,0.0,0.0,0.0,0.0,0.0,0.0,0.0,0.0,0.0,0.0,0.0,0.0,0.0,0.0,0.0,0.0,0.0,0.0,0.0,0.0,0.0,0.0,0.0,0.0,0.0,0.0,0.0,0.0,0.0,0.0,0.0,0.0,0.0,0.0,0.0,0.0,0.0,0.0,0.0,0.0,0.0,0.0,0.0,0.0,0.0,0.0,0.0,0.0,0.0,0.0,0.0,0.0,0.0,0.0,0.0,0.0,0.0,0.0,0.0,0.0,0.0,0.0,0.0,0.0,0.0,0.0,0.0,0.0,0.0,0.0,0.0,0.0,0.0,0.0,0.0,0.0,0.0,0.0,0.0,0.0,0.0,0.0,0.0,0.0,0.0,0.0,0.0,0.0,0.0,0.0,0.0,0.0,0.0,0.0,0.0,0.0,0.0,0.0,0.0,0.0,0.0,0.0,0.0,0.0,0.0,0.0,0.0,0.0,0.0,0.0,0.0,0.0,0.0,0.0,0.0,0.0,0.0,0.0,0.0,0.0,0.0,0.0,0.0,0.0,0.0,0.0,0.0,0.0,0.0,0.0,0.0,0.0,0.0,0.0,0.0,0.0,0.0,0.0,0.0,0.0,0.0,0.0,0.0,0.0,0.0,0.0,0.0,0.0,0.0,0.0,0.0,0.0,0.0,0.0,0.0,0.0,0.0,0.0,0.0,0.0,0.0,0.0,0.0,0.0,0.0,0.0,0.0,0.0,0.0,0.0,0.0,0.0,0.0,0.0,0.0,0.0,0.0,0.0,0.0,0.0,0.0,0.0,0.0,0.0,0.0,0.0,0.0,0.0,0.0,0.0,0.0,0.0,0.0,0.0,0.0,0.0,0.0,0.0,0.0,0.0,0.0,0.0,0.0,0.0,0.0,0.0,0.0,0.0,0.0,0.0,0.0,0.0,0.0,0.0,0.0,0.0,0.0,0.0,0.0,0.0,0.0,0.0,0.0,0.0,0.0,0.0,0.0,0.0,0.0,0.0,0.0,0.0,0.0,0.0,0.0,0.0,0.0,0.0,0.0,0.0,0.0,0.0,0.0,0.0,0.0,0.0,0.0,0.0,0.0,0.0,0.0,0.0,0.0,0.0,0.0,0.0,0.0,0.0,0.0,0.0,0.0,0.0,0.0,0.0,0.0,0.0,0.0,0.0,0.0,0.0,0.0,0.0,0.0,0.0,0.0,0.0,0.0,0.0,0.0,0.0,0.0,0.0,0.0,0.0,0.0,0.0,0.0,0.0,0.0,0.0,0.0,0.0,0.0,0.0,0.0,0.0,0.0,0.0,0.0,0.0,0.0,0.0,0.0,0.0,0.0,0.0,0.0,0.0,0.0,0.0,0.0,0.0,0.0,0.0,0.0,0.0,0.0,0.0,0.0,0.0,0.0,0.0,0.0,0.0,0.0,0.0,0.0,0.0,0.0,0.0,0.0,0.0,0.0,0.0,0.0,0.0,0.0,0.0,0.0,0.0,0.0,0.0,0.0,0.0,0.0,0.0,0.0,0.0,0.0,0.0,0.0,0.0,0.0,0.0,0.0,0.0,0.0,0.0,0.0,0.0,0.0,0.0,0.0,0.0,0.0,0.0,0.0,0.0,0.0,0.0,0.0,0.0,0.0,0.0,0.0,0.0,0.0,0.0,0.0,0.0,0.0,0.0,0.0,0.0,0.0,0.0,0.0,0.0,0.0,0.0,0.0,0.0,0.0,0.0,0.0,0.0,0.0,0.0,0.0,0.0,0.0,0.0,0.0,0.0,0.0,0.0,0.0,0.0,0.0,0.0,0.0,0.0,0.0,0.0,0.0,0.0,0.0,0.0,0.0,0.0,0.0,0.0,0.0,0.0,0.0,0.0,0.0,0.0,0.0,0.0,0.0,0.0,0.0,0.0,0.0,0.0,0.0,0.0,0.0,0.0,0.0,0.0,0.0,0.0,0.0,0.0,0.0,0.0,0.0,0.0,0.0,0.0,0.0,0.0,0.0,0.0,0.0,0.0,0.0,0.0,0.0,0.0,0.0,0.0,0.0,0.0,0.0,0.0,0.0,0.0,0.0,0.0,0.0,0.0,0.0,0.0,0.0,0.0,0.0,0.0,0.0,0.0,0.0,0.0,0.0,0.0,0.0,0.0,0.0,0.0,0.0,0.0,0.0,0.0,0.0,0.0,0.0,0.0,0.0,0.0,0.0,0.0,0.0,0.0,0.0,0.0,0.0,0.0,0.0,0.0,0.0,0.0,0.0,0.0,0.0,0.0,0.0,0.0,0.0,0.0,0.0,0.0,0.0,0.0,0.0,0.0,0.0,0.0,0.0,0.0,0.0,0.0,0.0,0.0,0.0,0.0,0.0,0.0,0.0,0.0,0.0,0.0,0.0,0.0,0.0,0.0,0.0,0.0,0.0,0.0,0.0,0.0,0.0,0.0,0.0,0.0,0.0,0.0,0.0,0.0,0.0,0.0,0.0,0.0,0.0,-3.319395030033424e-51,-3.285408951391271e-80,-2.6047492749335866e-109,-1.3767609469528785e-138,-1.1802567681442888e-167,-1.8374831729955573e-186,-3.144078480754633e-206,-3.125575305945587e-226,-1.937658084479175e-245,-4.4494114520466995e-265,5.5791338074331574e-49,5.579133807433157e-49,5.579133807433157e-49,5.579133807433158e-49,5.5791338074331574e-49,5.579133807433155e-49,5.5791338074331544e-49,5.5791338074331544e-49,3.856588025427726e-49,3.856588025427726e-49,3.856588025427726e-49,3.856588025427726e-49,3.856588025427726e-49,2.383518375243917e-48,2.383518375243917e-48,-7.750290102314957e-47,-1.5183112636173978e-47,3.798855764950796e-68,1.3461147395072845e-48,-1.1756851918626126e-47,5.2141563001353624e-48,3.3423924126466065e-48,3.342392412646607e-48,3.3423924126466065e-48,3.342392412646606e-48,3.3423924126466065e-48,3.342392412646607e-48,3.342392412646607e-48,3.342392412646607e-48,3.342392412646607e-48,3.233640317906566e-48,3.394220498667918e-48,3.394220498667918e-48,3.3942138456115926e-48,3.3942138456115926e-48,3.3942138456115926e-48,3.394213845611592e-48,3.394213845611592e-48,3.4014326047888516e-48,3.411495356167792e-48,3.4114953561677934e-48,3.411495356167793e-48,3.4114953561677806e-48,3.411495356167778e-48,3.411495356167779e-48,1.3870081413585377e-46,1.387008141358538e-46,1.3870081413585375e-46,1.3996187511522857e-46,1.399618751152286e-46,1.3996187511522857e-46,1.3996187511522857e-46,2.3759871044185485e-32,2.375987104418548e-32,2.3759871044185482e-32,2.3759871044187026e-32,2.3759871044187034e-32,2.3759871044187028e-32,2.375987104418703e-32,2.375987104418704e-32,2.375987104418681e-32,2.3759871044188484e-32,2.3759871044188482e-32,2.3759871044188493e-32,2.3759871044188484e-32,2.3759871044184456e-32,2.375987104418424e-32,2.3759871044184242e-32,2.3759871044184215e-32,2.375987104418423e-32,2.3759871044184305e-32,2.3759871044184302e-32,2.3759871044184308e-32,2.3759871044184316e-32,2.3759871044184308e-32,2.3759871044184308e-32,2.3759871044184316e-32,2.375987104418432e-32,2.3759871044184316e-32,2.3759871044184316e-32,2.3759871044184275e-32,2.3759871044184272e-32,2.3759871044184272e-32,2.3759871044184272e-32,2.375987104418427e-32,2.3759871044184316e-32,2.375987104418431e-32,2.3759871044184393e-32,2.375987104418438e-32,2.375987104418439e-32,2.3759871044184395e-32,2.37598710441844e-32,2.3759871044184333e-32,2.375987104418439e-32,2.3759871044184385e-32,2.375987104418439e-32,2.375987104418439e-32,2.3759871044184404e-32,2.3773201216067402e-32,2.3773201216067736e-32,2.4423261135009282e-32,2.4423261135009277e-32,2.4423261135009277e-32,2.4460309496260978e-32,2.3140351297881505e-32,2.3140427513290109e-32,2.2881314636686824e-32,2.2881314636686816e-32,2.2886849518026434e-32,2.288684951802644e-32,2.2886849518026445e-32,2.2886849518026434e-32,2.2886849518026434e-32,2.3038117424528257e-32,2.3038117424528254e-32,2.3038117424528304e-32,2.3016022608195885e-32,2.301655777856512e-32,2.3016507797882075e-32,2.3016507797881744e-32,2.3016507797881733e-32,2.3016511494909789e-32,2.30346850321269e-32,2.30346850321269e-32,2.3034685032126893e-32,2.3034685032126904e-32,2.3034685032126898e-32,2.303468502085483e-32,2.3690657050023396e-32,2.3690657050023407e-32,2.3690657050023396e-32,2.3479780480558594e-32,2.351767272156312e-32,2.3517672721563118e-32,2.3525892846665872e-32,2.352589284666587e-32,2.3525892846665872e-32,2.352609148728942e-32,2.3526091487289422e-32,2.3526091487289425e-32,2.3526091487289425e-32,2.3526091487289422e-32,2.3526091487289422e-32,2.3526091487289414e-32,2.352609148728942e-32,2.3526091487289422e-32,2.3526091487289428e-32,2.3526091487289422e-32,2.3526091487289422e-32,2.3526091487289425e-32,2.3526091487289425e-32,2.3526091487289406e-32,2.3526091487289403e-32,2.35260914872894e-32,2.3529287390130713e-32,2.3529287390130702e-32,2.35292873901307e-32,2.3529287390130683e-32,2.3529287390130685e-32,2.352928739013068e-32,2.3529287390130685e-32,2.3529289540969004e-32,2.352928954096901e-32,2.352928954096901e-32,2.3529289540969012e-32,2.352928954096901e-32,2.3529289540969012e-32,2.3529289540968968e-32,2.3529289540968963e-32,2.3529289540968965e-32,2.3529289540968968e-32,2.3529289540968965e-32,2.3526613071761517e-32,2.3526613071761514e-32,2.3526613071761503e-32,2.3526613071761514e-32,2.4084719242734207e-32,2.408471924273421e-32,2.4084719242734224e-32,2.4084719242734224e-32,2.408471924273423e-32,2.4084719242733356e-32,2.4084719242733356e-32,2.4084719242733348e-32,2.4084719242733348e-32,2.4084719242733345e-32,2.4084719242733348e-32,2.4084719242733345e-32,2.4084719242733337e-32,2.408471924273334e-32,2.4084719242733337e-32,2.4084719242733334e-32,2.408471924273333e-32,2.4084719242733334e-32,2.408471924273334e-32,2.4084719242733337e-32,2.4084719242733337e-32,2.408471924273333e-32,2.4084719242733337e-32,2.4084719242733342e-32,2.4084719242733353e-32,2.408471924273335e-32,2.4084719242733337e-32,2.408471924273332e-32,2.4084719242733334e-32,2.4084719242733334e-32,2.408471924273332e-32,2.4084719242733323e-32,2.4084719242733323e-32,2.4084719242733323e-32,2.4084719242733326e-32,2.408471924273332e-32,2.4084719242733318e-32,2.4084719242733307e-32,2.4084719242733318e-32,2.408471924273331e-32,2.408471924273331e-32,2.3915079468362557e-32,2.3913029772743706e-32,2.3862962202189462e-32,2.38629635828103e-32,2.3862963631965136e-32,2.3862963989705497e-32,2.3862963989705506e-32,2.3862963989705497e-32,2.3862963989705503e-32,2.3862963989705495e-32,2.38629639897055e-32,2.3862963989705506e-32,2.3862963989705497e-32,2.3862963989705503e-32,2.3862963989705514e-32,2.3862947438601853e-32,2.3862195102412425e-32,2.3863379353706896e-32,2.3863335542716454e-32,2.3854061361669603e-32,2.38540613616696e-32,2.3854061361669603e-32,2.3854061361669592e-32,2.385406289576038e-32,2.3854055985327594e-32,2.3854055985327594e-32,2.424687545105165e-32,2.424687545105165e-32,2.424687545105165e-32,2.424687545105164e-32,2.4246875451051646e-32,2.4246875451051652e-32,2.4246875451051663e-32,2.4246875451051663e-32,2.4246875451051654e-32,2.424687545105166e-32,2.4246875451051657e-32,2.4246875451051663e-32,2.4246875451051657e-32,2.4246875451051665e-32,2.4246875451051654e-32,2.4246875451051663e-32,2.4246875451051668e-32,2.424687545105167e-32,2.4246875451051663e-32,2.424687545105166e-32,2.4246875451051665e-32,2.4246875451051657e-32,2.424687545105166e-32,2.4246875451051665e-32,2.4246875451051657e-32,2.4246875451051663e-32,2.4246875451051663e-32,2.424687545105166e-32,2.4246875451051654e-32,2.4246875451051652e-32,2.4246875451051652e-32,2.4246875451051652e-32,2.424687545105165e-32,2.4246875451051646e-32,2.4246875451051643e-32,2.424687545105165e-32,2.4246875451051654e-32,2.4246875451051657e-32,2.4246875451051654e-32,2.4246875451051643e-32,2.4246875451051654e-32,2.4246875451051643e-32,2.4246875451051654e-32,2.4246875451051652e-32,2.4246875451051657e-32,2.4246875451051654e-32,2.4246875451051663e-32,2.4246875451051654e-32,2.4246875451051652e-32,2.424687545105165e-32,2.4246875451051643e-32,2.4246875451051643e-32,2.4246875451051646e-32,2.4246875451051638e-32,2.4246875451051643e-32,2.424687545105164e-32,2.4246875451051643e-32,2.4246875451051643e-32,2.4246875451051632e-32,2.424687545105164e-32,2.4246875451051635e-32,2.4246875451051646e-32,2.4246875451051643e-32,2.4246875451051646e-32,2.4246875451051646e-32,2.4246875451051646e-32,2.424687545105165e-32,2.4246875451051663e-32,2.424687545105166e-32,2.4246875451051657e-32,2.4260808282707113e-32,2.4260806095150836e-32,2.426082749292206e-32,2.4260827492922074e-32,2.4260827492922063e-32,2.4260827492922066e-32,2.426082749292206e-32,2.4260827492922055e-32,2.4263765600618415e-32,2.426376560061841e-32,2.4263765600618406e-32,2.4263765600618412e-32,2.426376560061841e-32,2.4263756356554351e-32,2.4263756356554351e-32,2.4263756356554365e-32,2.4263756356554354e-32,2.4263756356554362e-32,2.4263756356554357e-32,2.4263756356554351e-32,2.426375635655436e-32,2.426373425583404e-32,2.4263734255834046e-32,2.426373425583404e-32,2.4263734255834038e-32,2.4263734255834038e-32,2.4263734255834046e-32,2.426373425583404e-32,2.426373425583403e-32,2.426373425583403e-32,2.426373425583404e-32,2.4263734255834035e-32,2.4263734255834024e-32,2.4263734255834027e-32,2.4263734255834033e-32,2.4263734255834027e-32,2.4263734255834024e-32,2.4263734255834033e-32,2.4263734255834024e-32,2.4263734255834016e-32,2.426373425583403e-32,2.4263734255834024e-32,2.4263734255834035e-32,2.4263734255834027e-32,2.426373425583402e-32,2.4263734255834013e-32,2.4263734255834016e-32,2.426373425583402e-32,2.4263734255834003e-32,2.4263734255834008e-32,2.426373425583402e-32,2.4263734255834005e-32,2.4263734255834016e-32,2.4263734255834008e-32,2.4263734255834008e-32,2.4263734255834008e-32,2.4263734255834016e-32,2.4263734255834024e-32,2.4263734255834024e-32,2.426373425583402e-32,2.4263734255834013e-32,2.426373425583401e-32,2.4263734255834e-32,2.4263734255833994e-32,2.4263734255834e-32,2.4263734255834e-32,2.4263734255834003e-32,2.4263734255834e-32,2.4263734255833964e-32,2.4263734255833953e-32,2.4263734255833833e-32,2.4263734255834057e-32,2.4263734255834213e-32,2.4263734255834238e-32,2.426373425583353e-32,2.4263734255833543e-32,2.426373425583353e-32,2.426373425583353e-32,2.4263734255833362e-32,2.4263734255833362e-32,2.426373425583336e-32,2.4263734255832993e-32,2.4263734255833058e-32,2.4263734255833058e-32,2.4263734255833058e-32,2.4263734255833097e-32,2.4263734255833135e-32,2.4263734255833127e-32,2.4263734255833116e-32,2.4263734255832295e-32,2.4263734255832287e-32,2.4263734255832276e-32,2.426373425583233e-32,2.4263734255832325e-32,2.4263734255832377e-32,2.426373425583244e-32,2.4263734255832478e-32,2.4263734255832484e-32,2.426373425583252e-32,2.426373425583236e-32,2.4263734255832358e-32,2.4263734255832703e-32,2.4263734255832708e-32,2.42637342558327e-32,2.4263734255832697e-32,2.4263734255832727e-32,2.4263734255832672e-32,2.4263734255832664e-32,2.4263734255832642e-32,2.4263734255832648e-32,2.4263734255832642e-32,2.4263734255832708e-32,2.426373425583271e-32,2.4263734255832705e-32,2.4263734255832653e-32,2.4263734255832713e-32,2.426373425583265e-32,2.4263734255833102e-32,2.4263734255833173e-32,2.4263734255833154e-32,2.4263734255833173e-32,2.4263734255833034e-32,2.426373425583304e-32,2.426373425583304e-32,2.426373425583298e-32,2.4263734255832982e-32,2.4263734255832984e-32,2.426373425583303e-32,2.4263734255832954e-32,2.4263734255832952e-32,2.4263734255832812e-32,2.4263734255832694e-32,2.4263734255832703e-32,2.4263734255832697e-32,2.4263734255832705e-32,2.4263734255832757e-32,2.4263734255832716e-32,2.4263734255832738e-32,2.4263734255832505e-32,2.4263734255832503e-32,2.4263734255832492e-32,2.4263734255832525e-32,2.4263734255832538e-32,2.4263734255832733e-32,2.4263734255832727e-32,2.426373425583271e-32,2.4263734255832724e-32,2.426373425583273e-32,2.4263734255833116e-32,2.426373425583307e-32,2.4263734255832998e-32,2.4263734255832998e-32,2.4263734255832694e-32,2.4263734255832588e-32,2.4263734255832552e-32,2.4263734255832418e-32,2.4263734255832418e-32,2.426373425583245e-32,2.4263734255832648e-32,2.4263734255832653e-32,2.4263734255832653e-32,2.426373425583265e-32,2.4263734255832675e-32,2.4263734255832716e-32,2.4263734255832713e-32,2.426373425583272e-32,2.4263734255832724e-32,2.4263734255832536e-32,2.426373425583236e-32,2.4263734255832358e-32,2.4263734255832322e-32,2.4263734255832295e-32,2.4263734255832347e-32,2.4263734255832317e-32,2.4263734255832284e-32,2.426373425583225e-32,2.426373425583225e-32,2.426373425583197e-32,2.4263734255831783e-32,2.4263734255831783e-32,2.4263734255831777e-32,2.42637342558322e-32,2.4263734255832196e-32,2.4263734255832196e-32,2.4263734255832202e-32,2.4263734255832109e-32,2.4263734255832114e-32,2.4263734255832035e-32,2.4263734255832048e-32,2.4263734255832057e-32,2.4263734255832048e-32,2.4263734255831315e-32,2.4263734255831323e-32,2.426373425583131e-32,2.4263734255831312e-32,2.4263734255831293e-32,2.426373425583129e-32,2.4263734255831288e-32,2.4263734255831288e-32,2.4263734255831194e-32,2.4263734255831257e-32,2.426373425583125e-32,2.4263734255831246e-32,2.4263734255831252e-32,2.42637342558312e-32,2.4263734255831435e-32,2.4263734255831397e-32,2.4263734255831402e-32,2.4263734255831402e-32,2.4263734255831293e-32,2.4263734255831214e-32,2.4263734255831203e-32,2.4263734255831205e-32,2.4263734255831252e-32,2.4263734255831263e-32,2.426373425583108e-32,2.4263734255831082e-32,2.4263734255831082e-32,2.4263734255831112e-32,2.4263734255831058e-32,2.4263734255830984e-32,2.4263734255831033e-32,2.4263734255831069e-32,2.4263734255831069e-32,2.4263734255831118e-32,2.4263734255830924e-32,2.4263734255830882e-32,2.4263734255830904e-32,2.4263734255830877e-32,2.4263734255830877e-32,2.426373425583082e-32,2.426373425583077e-32,2.4263734255830694e-32,2.426373425583073e-32,2.4263734255830836e-32,2.4263734255830844e-32,2.4263734255830841e-32,2.4263734255830776e-32,2.426373425583085e-32,2.4263734255830814e-32,2.4263734255830866e-32,2.426373425583067e-32,2.426373425583065e-32,2.426373425583067e-32,2.426373425583066e-32,2.4263734255830518e-32,2.4263734255830757e-32,2.426373425583075e-32,2.426373425583139e-32,2.4263734255831402e-32,2.4263734255830768e-32,2.4263734255830773e-32,2.4263734255830327e-32,2.4263734255830644e-32,2.4263734255830716e-32,2.4263734255830833e-32,2.426373425583083e-32,2.4263734255830844e-32,2.426373425583091e-32,2.426373425583106e-32,2.426373425583144e-32,2.4263734255831392e-32,2.4263734255831925e-32,2.4263734255831153e-32,2.4263734255831402e-32,2.4263734255830954e-32,2.4263734255831638e-32,2.426373425583083e-32,2.4263734255830726e-32,2.4263734255831145e-32,2.4263734255830847e-32,2.426373425583142e-32,2.4263734255831747e-32,2.4263734255831745e-32,2.4263734255831047e-32,2.4263734255831052e-32,2.4263734255831044e-32,2.4263734255830404e-32,2.4263734255831578e-32,2.426373425583186e-32,2.4263734255830144e-32,2.426373425582996e-32,2.4263734255829963e-32,2.4263734255830037e-32,2.4263734255830267e-32,2.4263734255829405e-32,2.4263734255829536e-32,2.4263734255829095e-32,2.4263734255828173e-32,2.4263734255828102e-32,2.4263734255828094e-32,2.4263734255828564e-32,2.4263734255829008e-32,2.426373425582899e-32,2.426373425582933e-32,2.4263734255829008e-32,2.426373425582907e-32,2.426373425582876e-32,2.426373425582888e-32,2.426373425582966e-32,2.426373425582927e-32,2.426373425582875e-32,2.4263734255827368e-32,2.426373425582737e-32,2.42637342558273e-32,2.426373425582729e-32,2.4263734255827155e-32,2.4263734255827207e-32,2.4263734255826159e-32,2.4263734255826055e-32,2.4263734255826512e-32,2.4263734255826512e-32,2.4263734255826506e-32,2.4263734255826424e-32,2.426373425582666e-32,2.426356897554745e-32,2.426357590076947e-32,2.4271700592573943e-32,2.4270177644419963e-32,2.4270177644419954e-32,2.4270177644419957e-32,2.4279653820146247e-32,2.4279653820146318e-32,2.4279653820146335e-32,2.4279653820146403e-32,2.4279653820147e-32,2.4279653820146992e-32,2.427942568889258e-32,2.4279454357756764e-32,2.4279454357756742e-32,2.4279464503871924e-32,2.427946703472009e-32,2.427944689925906e-32,2.4279446840012805e-32,2.42794468400128e-32,2.4279446840012808e-32,2.4279667144693774e-32,2.4280409735398638e-32,2.4280887106362035e-32,2.4280887106362032e-32,2.4280845456426883e-32,2.4280845456426877e-32,2.4280845456426683e-32,2.428107777210638e-32,2.4281077772106466e-32,2.4281077772107363e-32,2.428107777210689e-32,2.4274846698163058e-32,2.4277522197976087e-32,2.4277522197976445e-32,2.427742251689389e-32,2.4277422516894296e-32,2.4277422516894236e-32,2.4277422516894447e-32,2.4277422516894072e-32,2.4277430887369788e-32,2.427743088736982e-32,2.427749271599282e-32,2.4277492715993866e-32,2.4277492715993896e-32,2.427749271599478e-32,2.4277492715994807e-32,2.4277492715994235e-32,2.427749271599424e-32,2.4277492715993961e-32,2.4277492715994046e-32,2.427749271599401e-32,2.4277492715994046e-32,2.427749271599395e-32,2.427749271599394e-32,2.4277493665067474e-32,2.4277306025320307e-32,2.4278084673687048e-32,2.4278401013268143e-32,2.4276684037391566e-32,2.4276684037393673e-32,2.4276684037393673e-32,2.4276684037393128e-32,2.4276684037391952e-32,2.4278026650188792e-32,2.4278026650188795e-32,2.4277519780253844e-32,2.427751978025385e-32,2.4277224342084083e-32,2.427722434208502e-32,2.4277225479430542e-32,2.42772665865091e-32,2.427712752725893e-32,2.4277127527258932e-32,2.4277268119244036e-32,2.4277674561601186e-32,2.4277674561601178e-32,2.4277674561601175e-32,2.4277674561601172e-32,2.4277692424476744e-32,2.4277692424476742e-32,2.427798522813554e-32,2.4278190093610655e-32,2.427819009361029e-32,2.427822979449792e-32,2.4278229794498169e-32,2.4277346349443052e-32,2.4277346349442697e-32,2.4281142904582927e-32,2.4280962702659483e-32,2.4278707523429447e-32,2.4278483747028593e-32,2.4279606637675042e-32,2.4269569463310378e-32,2.4269208983132176e-32,2.426920898313217e-32,2.4269208983132148e-32,2.4269208983131634e-32,2.4269208983131718e-32,2.4257164290824436e-32,2.4257164290824316e-32,2.4257164290824187e-32,2.4257164290824786e-32,2.425716429082492e-32,2.425716429082503e-32,2.4257164290824904e-32,2.425716429082511e-32,2.4257164290824953e-32,2.4257164290824535e-32,2.4257164290824455e-32,2.425716429082407e-32,2.4257164290823892e-32,2.425716429082411e-32,2.4257164290824113e-32,2.4257164290824138e-32,2.425717023485434e-32,2.425717023485433e-32,2.4257170234854337e-32,2.4257170234854375e-32,2.4257170234854375e-32,2.4257170407320144e-32,2.4257170407320144e-32,2.4257170407320155e-32,2.4257170407320144e-32,2.4247002002270825e-32,2.4031278057702196e-32,3.146524629445428e-32,3.328664569723058e-32,3.3286645697230496e-32,3.638365000212079e-32,4.072742432493564e-32,3.4676592733166685e-32,2.8385366690633184e-32,5.791865322120125e-32,5.791865322120125e-32,5.791865322120124e-32,5.791865322120118e-32,5.791865322120115e-32,5.791865322120115e-32,5.791865322120115e-32,5.791865322120093e-32,5.791865322120088e-32,5.791865322120084e-32,5.791865322120133e-32,5.791865322120139e-32,5.791865322120116e-32,5.791865322120115e-32,5.791865322120114e-32,5.791865322120113e-32,5.791865322120113e-32,5.791865322120114e-32,5.791865322120113e-32,5.791865322120113e-32,5.791865322120113e-32,5.791865322120113e-32,5.791865322120115e-32,5.791865322120114e-32,5.791865322120113e-32,5.791865322120114e-32,5.791865322120114e-32,5.791865322120115e-32,5.791865322120114e-32,5.791865322120113e-32,5.791857983435638e-32,5.791857983435639e-32,5.791857983435639e-32,5.791857983435637e-32,5.791857983435638e-32,5.791838336019829e-32,5.793548617419705e-32,5.793495121231044e-32,5.793495121231044e-32,5.793495121231044e-32,5.793495121231045e-32,5.793495121231046e-32,5.793495121231045e-32,5.793495121231044e-32,5.793495121231044e-32,5.793495121231044e-32,5.793495121231041e-32,5.793495121231044e-32,5.793495121231042e-32,5.793495121231044e-32,5.793495121231042e-32,5.793495121231042e-32,5.793495121231042e-32,5.793495121231044e-32,5.793495121231041e-32,5.793495121231042e-32,5.793495121231042e-32,5.793495121231042e-32,5.793495121231042e-32,5.793495121231045e-32,5.793495121231042e-32,5.793495121231042e-32,5.793495121231042e-32,5.793495121231041e-32,5.793495121231042e-32,5.793495121231042e-32,5.793495121231044e-32,5.793495121231044e-32,5.793495121231042e-32,5.793495121231042e-32,5.793495121231041e-32,5.793495121231041e-32,5.793495121231041e-32,5.793495121231044e-32,5.793495121231042e-32,5.793495121231041e-32,5.793495121231042e-32,5.793495121231042e-32,5.79349512123104e-32,5.793495121231041e-32,5.793495121231041e-32,5.793495121231041e-32,5.79349512123104e-32,5.793495121231042e-32,5.793495121231042e-32,5.793495121231042e-32,5.793495121231041e-32,5.793495121231042e-32,5.79349512123104e-32,5.793495121231039e-32,5.79349512123104e-32,5.793495121231038e-32,5.79349512123104e-32,5.793495121231039e-32,5.793495121231039e-32,5.793495121231038e-32,5.793495121231039e-32,5.79349512123104e-32,5.793495121231039e-32,5.793495121231039e-32,5.793495121231039e-32,5.793495121231039e-32,5.793495121231039e-32,5.793495121231038e-32,5.793495121231038e-32,5.793495121231038e-32,5.793495121231038e-32,5.793495121231038e-32,5.793495121231039e-32,5.793495121231038e-32,5.793495121231038e-32,5.793495121231037e-32,5.793495121231036e-32,5.793495121231037e-32,5.793495121231038e-32,5.793495121231037e-32,5.793495121231039e-32,5.793495121231039e-32,5.793495121231039e-32,5.793495121231038e-32,5.793495121231036e-32,5.793495121231036e-32,5.793495121231037e-32,5.793495121231037e-32,5.793495121231037e-32,5.793495121231037e-32,5.793495121231038e-32,5.793495121231038e-32,5.793495121231038e-32,5.793495121231036e-32,5.793495121231037e-32,5.793495121231036e-32,5.793495121231037e-32,5.793495121231036e-32,5.793495121231036e-32,5.793495121231037e-32,5.793495121231038e-32,5.793495121231036e-32,5.793495121231036e-32,5.793495121231036e-32,5.793495121231035e-32,5.793495121231035e-32,5.793495121231036e-32,5.793495121231034e-32,5.793495121231036e-32,5.793495121231034e-32,5.793495121231034e-32,5.793495121231034e-32,5.793495121231035e-32,5.793495121231035e-32,5.793495121231037e-32,5.793495121231034e-32,5.793495121231036e-32,5.793495121231034e-32,5.793495121231035e-32,5.793495121231034e-32,5.793495121231034e-32,5.793495121231035e-32,5.793495121231035e-32,5.793495121231035e-32,5.793495121231034e-32,5.793495121231034e-32,5.793495121231034e-32,5.793495121231033e-32,5.793495121231031e-32,5.79349512123103e-32,5.793495121231031e-32,5.793495121231033e-32,5.793495121231033e-32,5.793495121231033e-32,5.793495121231033e-32,5.79349512123103e-32,5.793495121231031e-32,5.79349512123103e-32,5.79349512123103e-32,5.793495121231031e-32,5.79349512123103e-32,5.79349512123103e-32,5.793495121231033e-32,5.793495121231033e-32,5.793495121231029e-32,5.79349512123103e-32,5.79349512123103e-32,5.793495121231028e-32,5.79349512123103e-32,5.793495121231029e-32,5.793495121231029e-32,5.793495121231029e-32,5.79349512123103e-32,5.79349512123103e-32,5.79349512123103e-32
2,0.0,0.0,0.0,0.0,0.0,0.0,0.0,0.0,0.0,0.0,0.0,0.0,0.0,0.0,0.0,0.0,0.0,0.0,0.0,0.0,0.0,0.0,0.0,0.0,0.0,0.0,0.0,0.0,0.0,0.0,0.0,0.0,0.0,0.0,0.0,0.0,0.0,0.0,0.0,0.0,0.0,0.0,0.0,0.0,0.0,0.0,0.0,0.0,0.0,0.0,0.0,0.0,0.0,0.0,0.0,0.0,0.0,0.0,0.0,0.0,0.0,0.0,0.0,0.0,0.0,0.0,0.0,0.0,0.0,0.0,0.0,0.0,0.0,0.0,0.0,0.0,0.0,0.0,0.0,0.0,0.0,0.0,0.0,0.0,0.0,0.0,0.0,0.0,0.0,0.0,0.0,0.0,0.0,0.0,0.0,0.0,0.0,0.0,0.0,0.0,0.0,0.0,0.0,0.0,0.0,0.0,0.0,0.0,0.0,0.0,0.0,0.0,0.0,0.0,0.0,0.0,0.0,0.0,0.0,0.0,0.0,0.0,0.0,0.0,0.0,0.0,0.0,0.0,0.0,0.0,0.0,0.0,0.0,0.0,0.0,0.0,0.0,0.0,0.0,0.0,0.0,0.0,0.0,0.0,0.0,0.0,0.0,0.0,0.0,0.0,0.0,0.0,0.0,0.0,0.0,0.0,0.0,0.0,0.0,0.0,0.0,0.0,0.0,0.0,0.0,0.0,0.0,0.0,0.0,0.0,0.0,0.0,0.0,0.0,0.0,0.0,0.0,0.0,0.0,0.0,0.0,0.0,0.0,0.0,0.0,0.0,0.0,0.0,0.0,0.0,0.0,0.0,0.0,0.0,0.0,0.0,0.0,0.0,0.0,0.0,0.0,0.0,0.0,0.0,0.0,0.0,0.0,0.0,0.0,0.0,0.0,0.0,0.0,0.0,0.0,0.0,0.0,0.0,0.0,0.0,0.0,0.0,0.0,0.0,0.0,0.0,0.0,0.0,0.0,0.0,0.0,0.0,0.0,0.0,0.0,0.0,0.0,0.0,0.0,0.0,0.0,0.0,0.0,0.0,0.0,0.0,0.0,0.0,0.0,0.0,0.0,0.0,0.0,0.0,0.0,0.0,0.0,0.0,0.0,0.0,0.0,0.0,0.0,0.0,0.0,0.0,0.0,0.0,0.0,0.0,0.0,0.0,0.0,0.0,0.0,0.0,0.0,0.0,0.0,0.0,0.0,0.0,0.0,0.0,0.0,0.0,0.0,0.0,0.0,0.0,0.0,0.0,0.0,0.0,0.0,0.0,0.0,0.0,0.0,0.0,0.0,0.0,0.0,0.0,0.0,0.0,0.0,0.0,0.0,0.0,0.0,0.0,0.0,0.0,0.0,0.0,0.0,0.0,0.0,0.0,0.0,0.0,0.0,0.0,0.0,0.0,0.0,0.0,0.0,0.0,0.0,0.0,0.0,0.0,0.0,0.0,0.0,0.0,0.0,0.0,0.0,0.0,0.0,0.0,0.0,0.0,0.0,0.0,0.0,0.0,0.0,0.0,0.0,0.0,0.0,0.0,0.0,0.0,0.0,0.0,0.0,0.0,0.0,0.0,0.0,0.0,0.0,0.0,0.0,0.0,0.0,0.0,0.0,0.0,0.0,0.0,0.0,0.0,0.0,0.0,0.0,0.0,0.0,0.0,0.0,0.0,0.0,0.0,0.0,0.0,0.0,0.0,0.0,0.0,0.0,0.0,0.0,0.0,0.0,0.0,0.0,0.0,0.0,0.0,0.0,0.0,0.0,0.0,0.0,0.0,0.0,0.0,0.0,0.0,0.0,0.0,0.0,0.0,0.0,0.0,0.0,0.0,0.0,0.0,0.0,0.0,0.0,0.0,0.0,0.0,0.0,0.0,0.0,0.0,0.0,0.0,0.0,0.0,0.0,0.0,0.0,0.0,0.0,0.0,0.0,0.0,0.0,0.0,0.0,0.0,0.0,0.0,0.0,0.0,0.0,0.0,0.0,0.0,0.0,0.0,0.0,0.0,0.0,0.0,0.0,0.0,0.0,0.0,0.0,0.0,0.0,0.0,0.0,0.0,0.0,0.0,0.0,0.0,0.0,0.0,0.0,0.0,0.0,0.0,0.0,0.0,0.0,0.0,0.0,0.0,0.0,0.0,0.0,0.0,0.0,0.0,0.0,0.0,0.0,0.0,0.0,0.0,0.0,0.0,0.0,0.0,0.0,0.0,0.0,0.0,0.0,0.0,0.0,0.0,0.0,0.0,0.0,0.0,0.0,0.0,0.0,0.0,0.0,0.0,0.0,0.0,0.0,0.0,0.0,0.0,0.0,0.0,0.0,0.0,0.0,0.0,0.0,0.0,0.0,0.0,0.0,0.0,0.0,0.0,0.0,0.0,0.0,0.0,0.0,0.0,0.0,0.0,0.0,0.0,0.0,0.0,0.0,0.0,0.0,0.0,0.0,0.0,0.0,0.0,0.0,0.0,0.0,0.0,0.0,0.0,0.0,0.0,0.0,0.0,0.0,0.0,0.0,0.0,0.0,0.0,0.0,0.0,0.0,0.0,0.0,0.0,0.0,0.0,0.0,0.0,0.0,0.0,0.0,0.0,0.0,0.0,0.0,0.0,0.0,0.0,0.0,0.0,0.0,0.0,0.0,0.0,0.0,0.0,0.0,0.0,0.0,0.0,0.0,0.0,0.0,0.0,0.0,0.0,0.0,0.0,0.0,0.0,0.0,0.0,0.0,0.0,0.0,0.0,0.0,0.0,0.0,0.0,0.0,0.0,0.0,0.0,0.0,0.0,0.0,0.0,0.0,0.0,0.0,0.0,0.0,0.0,0.0,0.0,0.0,0.0,0.0,0.0,0.0,0.0,0.0,0.0,0.0,0.0,0.0,0.0,0.0,0.0,0.0,0.0,0.0,0.0,0.0,0.0,0.0,0.0,0.0,0.0,0.0,0.0,0.0,0.0,0.0,0.0,0.0,0.0,0.0,0.0,0.0,0.0,0.0,0.0,0.0,0.0,0.0,0.0,0.0,0.0,0.0,0.0,0.0,0.0,0.0,0.0,0.0,0.0,0.0,0.0,0.0,0.0,0.0,0.0,0.0,0.0,0.0,0.0,0.0,0.0,0.0,0.0,0.0,0.0,0.0,0.0,0.0,0.0,0.0,0.0,0.0,0.0,0.0,0.0,0.0,0.0,0.0,0.0,0.0,0.0,0.0,0.0,0.0,0.0,0.0,0.0,0.0,0.0,0.0,0.0,0.0,0.0,0.0,0.0,0.0,0.0,0.0,0.0,0.0,0.0,0.0,0.0,0.0,0.0,0.0,0.0,0.0,0.0,0.0,0.0,0.0,0.0,0.0,0.0,0.0,0.0,0.0,0.0,0.0,0.0,0.0,0.0,0.0,0.0,0.0,0.0,0.0,0.0,0.0,0.0,0.0,0.0,0.0,0.0,0.0,0.0,0.0,0.0,0.0,0.0,0.0,0.0,0.0,0.0,0.0,0.0,0.0,0.0,0.0,0.0,0.0,0.0,0.0,0.0,0.0,0.0,0.0,0.0,0.0,0.0,0.0,0.0,0.0,0.0,0.0,0.0,0.0,0.0,0.0,0.0,0.0,0.0,0.0,0.0,0.0,0.0,0.0,0.0,0.0,0.0,0.0,0.0,0.0,0.0,0.0,0.0,0.0,0.0,0.0,0.0,0.0,0.0,0.0,0.0,0.0,0.0,0.0,0.0,0.0,0.0,0.0,0.0,0.0,0.0,0.0,0.0,0.0,0.0,0.0,0.0,0.0,0.0,0.0,0.0,0.0,0.0,0.0,0.0,0.0,0.0,0.0,0.0,0.0,0.0,0.0,0.0,0.0,0.0,0.0,0.0,0.0,0.0,0.0,0.0,0.0,0.0,0.0,0.0,0.0,0.0,0.0,0.0,0.0,0.0,0.0,0.0,0.0,0.0,0.0,0.0,0.0,0.0,0.0,0.0,0.0,0.0,0.0,0.0,0.0,0.0,0.0,0.0,0.0,0.0,0.0,0.0,0.0,0.0,0.0,0.0,0.0,0.0,0.0,0.0,0.0,0.0,0.0,0.0,0.0,0.0,0.0,0.0,0.0,0.0,0.0,0.0,0.0,0.0,0.0,0.0,0.0,0.0,0.0,0.0,0.0,0.0,0.0,0.0,0.0,0.0,0.0,0.0,0.0,0.0,0.0,0.0,0.0,0.0,0.0,0.0,0.0,0.0,0.0,0.0,0.0,0.0,0.0,0.0,0.0,0.0,0.0,0.0,0.0,0.0,0.0,0.0,0.0,0.0,0.0,0.0,0.0,0.0,0.0,0.0,0.0,0.0,0.0,0.0,0.0,0.0,0.0,0.0,0.0,0.0,0.0,0.0,0.0,0.0,0.0,0.0,0.0,0.0,0.0,0.0,0.0,0.0,0.0,0.0,0.0,0.0,0.0,0.0,0.0,0.0,0.0,0.0,0.0,0.0,0.0,0.0,0.0,0.0,0.0,0.0,0.0,0.0,0.0,0.0,0.0,0.0,0.0,0.0,0.0,0.0,0.0,0.0,0.0,0.0,0.0,-4.352366305393794e-59,-4.307927982919059e-88,-3.4121082480300464e-117,-1.8034998441178196e-146,-1.5460919930143322e-175,-2.4070334994037544e-194,-4.118624308749787e-214,-4.094371014766683e-234,-2.5382495478451315e-253,-5.828540242967523e-273,3.2885946795196273e-292,3.288594679519627e-292,3.288594679519627e-292,3.288594679519628e-292,3.2885946795196273e-292,3.288594679519627e-292,3.288594679519627e-292,3.2885946795196265e-292,3.2885946795196265e-292,3.288594679519627e-292,3.288594679519627e-292,3.288594679519627e-292,3.2885946795196265e-292,3.2885946795196265e-292,3.288594679519626e-292,3.288594679519627e-292,1.5389396505711243e-50,1.5389396505711236e-50,1.5389396505711239e-50,5.62397883094689e-48,5.62397883094689e-48,5.623978830946891e-48,5.62397883094689e-48,5.623978830946891e-48,5.623978830946889e-48,5.623978830946891e-48,5.623978830946891e-48,5.623978830946891e-48,5.623978830946891e-48,5.623978830946891e-48,5.623978830946891e-48,5.731435403307507e-48,5.731435403307507e-48,5.731435403307506e-48,5.731435403307507e-48,5.731435403307505e-48,5.731435403307505e-48,5.731435403307506e-48,5.736857872056552e-48,5.736857872056814e-48,5.736857872056818e-48,5.736857872056817e-48,5.736857872056818e-48,5.73685787205681e-48,5.736857872056813e-48,5.736857872056812e-48,5.73685787205681e-48,5.736857872056812e-48,7.224016182069737e-48,7.22401618206974e-48,7.224016182069738e-48,7.224016182069738e-48,3.9871976066273706e-41,3.9871976066273696e-41,3.987197606627371e-41,3.9871976486773716e-41,3.9871976486773726e-41,3.9871976486773726e-41,3.987197648677372e-41,3.9871976486773736e-41,3.987197648677373e-41,3.9871976486773736e-41,3.9871976486773726e-41,3.987197648677373e-41,3.987197648677373e-41,3.987197648677373e-41,3.987197648677372e-41,3.9871976486773726e-41,3.987197648677372e-41,3.9871976486773706e-41,3.9871976486773706e-41,3.9871976486773706e-41,3.987197648677371e-41,3.987197648677373e-41,3.987197648677371e-41,3.98719764867737e-41,3.9871976486773716e-41,3.987197648677371e-41,3.987197648679372e-41,3.9871976486793725e-41,3.987197648679372e-41,3.9871976486793715e-41,3.9871976486793715e-41,3.987197648679372e-41,3.9871976486793715e-41,3.9871976486793725e-41,3.987197648679372e-41,3.987197648679372e-41,3.987197648679373e-41,3.987197648679374e-41,3.9871976486793756e-41,3.9871976486793756e-41,3.987197648679375e-41,3.9871976575854124e-41,3.987197657585413e-41,3.9871976575854134e-41,3.9871976575854134e-41,3.987197656194358e-41,-1.8533256530206394e-36,-6.88788977793986e-46,9.068391468257402e-38,9.068391468257401e-38,9.068391468257401e-38,-2.1546090828778048e-35,2.4416079097860653e-48,7.376162300216864e-38,7.376162300216862e-38,7.376162300216864e-38,-5.116916307549564e-36,4.0497542043332196e-55,4.04975420433322e-55,4.04975420433322e-55,4.049754204333219e-55,-5.022508506270785e-34,-2.0328627489753176e-39,7.987436773421327e-58,7.987436773421322e-58,7.987436773421324e-58,-3.0764709840407985e-38,3.1882885263194867e-56,3.1882885263194853e-56,3.188288526319486e-56,3.1882885263194853e-56,3.1882885263194853e-56,3.1882885263194844e-56,3.1882885263194853e-56,3.188288526319485e-56,3.188288526319485e-56,-7.816986320874928e-34,-5.198023989474715e-39,-4.503826052825484e-45,-1.630491429368191e-34,-2.4698338384928794e-41,-1.492364530633474e-47,-1.486107389427952e-53,7.383964570434216e-70,7.383964570434215e-70,7.383964570434216e-70,7.383964570434217e-70,7.383964570434217e-70,7.383964570434217e-70,7.383964570434217e-70,7.383964570434217e-70,7.383964570434216e-70,7.383964570434216e-70,2.6458460308167617e-50,2.6458460308167617e-50,2.645846030816762e-50,2.645846030816762e-50,2.6458460308167626e-50,-5.998969873861336e-50,-1.0303023101239605e-79,-4.3882103721414633e-100,-3.078650980367985e-129,-9.11722495620374e-37,1.907929562624052e-66,1.907929562624052e-66,2.4488871264123626e-49,2.4488871264123626e-49,2.448887126412362e-49,2.448887126412363e-49,2.448887126412362e-49,2.4488871264123626e-49,2.448887126412363e-49,2.448887126412363e-49,2.4488871264123626e-49,2.4488871264130504e-49,2.4488871264130504e-49,2.4488871264130504e-49,2.4488871264130508e-49,2.4488871264130504e-49,2.4488871264130504e-49,2.448887126413051e-49,4.07409063958399e-49,3.553338623662289e-49,3.55333862366229e-49,-2.8996748149665234e-34,-2.493225687082199e-40,6.928383607303248e-46,6.928383607303249e-46,6.928383607303251e-46,1.595795801320588e-46,1.595795801320588e-46,1.5957958013205875e-46,1.5957958013205875e-46,1.5957958013205873e-46,1.5957945957883606e-46,1.5957945957883602e-46,1.59579459578836e-46,1.5957945957883602e-46,1.5957945957032313e-46,1.595794595703231e-46,1.6345803030092418e-46,1.6345803030092418e-46,1.6345819621316926e-46,1.6345819621316924e-46,1.636468777545202e-46,1.6364687775452016e-46,1.6364687775452018e-46,1.636468777545202e-46,1.6364687775452024e-46,1.641974202580174e-46,1.6419742025801735e-46,1.7212413646180902e-46,1.7212413646180907e-46,1.7212413646180907e-46,1.72124136461809e-46,1.7212413646181026e-46,1.721241364618103e-46,1.7203207094278036e-46,1.7203207094278038e-46,1.7203207094278036e-46,1.7189464549535294e-46,1.718946454953529e-46,1.7189464549535294e-46,1.7189464549535292e-46,1.7189464549535292e-46,1.7189464549535286e-46,1.718946454953529e-46,6.477204525841844e-37,6.4772045258418485e-37,6.477204713376173e-37,6.477204713376175e-37,6.477204713376175e-37,6.477204713376175e-37,6.477204713376176e-37,6.477204713376173e-37,6.477204713376176e-37,6.4772047133761765e-37,6.477204713376174e-37,6.477204713376175e-37,6.477204713376177e-37,6.477204713376175e-37,6.477204713376172e-37,6.477204713376324e-37,6.4772047133763235e-37,6.477204713376322e-37,6.47720471337632e-37,6.477204713376321e-37,6.47720471337632e-37,6.477204713376321e-37,6.477204713376322e-37,6.477204713376321e-37,2.547328280409162e-34,2.547328280409162e-34,2.547328280409163e-34,2.5473282804091253e-34,2.547328280409126e-34,2.5473282804091266e-34,2.547328280409127e-34,2.547328280409128e-34,2.547328280409126e-34,2.547328280409127e-34,2.547328280409127e-34,2.5473282804091283e-34,2.5473282804091274e-34,2.5473282804091283e-34,2.547328280409127e-34,2.5473282804091283e-34,2.5473282804091283e-34,2.5473282804091283e-34,2.547328280409127e-34,2.547328280409126e-34,2.5473282804091266e-34,2.5473282804091257e-34,2.547328280409126e-34,2.5473282804091266e-34,2.547328280409126e-34,2.547328280409127e-34,2.547328280409126e-34,2.5473282804091266e-34,2.547328280409126e-34,2.5473282804091257e-34,2.547328280409126e-34,2.547328280409126e-34,2.5473282804091266e-34,2.5473282804091266e-34,2.5473282804091266e-34,2.547328280409127e-34,2.5473282804091274e-34,2.547328280409147e-34,2.547328280409147e-34,2.5473282804091467e-34,2.5473282804091475e-34,2.5473282804091467e-34,2.5473282804091475e-34,2.5473282804091475e-34,2.547328280409147e-34,2.5473282804091467e-34,2.5473282804091475e-34,2.5473282804091467e-34,2.5473282804091475e-34,2.5473282804091475e-34,2.5473282804091475e-34,2.5473282804091475e-34,2.5473282804091484e-34,2.5473282804091475e-34,2.547328280409147e-34,2.547328280409147e-34,2.547328280409148e-34,2.5473282804091475e-34,2.547328280409147e-34,2.5473282804091475e-34,2.547328280409147e-34,2.547328280409148e-34,2.547328280409148e-34,2.547328280409149e-34,2.547328280409148e-34,2.5473282804091484e-34,2.5473282804091484e-34,2.5473282804091497e-34,2.5473282804091492e-34,2.54732828040915e-34,2.54732828040915e-34,2.5473282804091505e-34,2.5473832251227443e-34,2.5473832251227447e-34,2.5473832251227447e-34,2.5473832251227447e-34,2.547383225122744e-34,2.547383225122743e-34,2.547383225122743e-34,2.547383225122743e-34,2.547383225122742e-34,2.547383225122743e-34,2.547383225122743e-34,2.5473832251227426e-34,2.5473832251227426e-34,2.547383225122744e-34,2.5473832251227426e-34,2.5473832251227435e-34,2.5473832251227426e-34,2.547383225122742e-34,2.547383225122743e-34,2.5473726015109807e-34,2.547372601510981e-34,2.54737260151098e-34,2.54737260151098e-34,2.5473726015109803e-34,2.547372601510981e-34,2.547372601510981e-34,2.5473726015109794e-34,2.5473726015109794e-34,2.54737260151098e-34,2.54737260151098e-34,2.547372601510979e-34,2.5473726015109786e-34,2.5473726015109794e-34,2.54737260151098e-34,2.54737260151098e-34,2.54737260151098e-34,2.5473726015109794e-34,2.547372601510979e-34,2.5473726015109794e-34,2.547372601510979e-34,2.54737260151098e-34,2.547372601510979e-34,2.547372601510978e-34,2.5473726015109777e-34,2.5473726015109786e-34,2.5473726015109786e-34,2.5473726015109773e-34,2.5473726015109786e-34,2.5473726015109794e-34,2.5473726015109786e-34,2.5473726015109794e-34,2.5473726015109794e-34,2.547372601510979e-34,2.5473726015109794e-34,2.5473726015109803e-34,2.547372601510981e-34,2.547372601510981e-34,2.5473726015109803e-34,2.5473726015109794e-34,2.5473726015109794e-34,2.547372601510979e-34,2.5473726015109786e-34,2.547372601510979e-34,2.5473726015109786e-34,2.547372601510979e-34,2.5473726015109786e-34,2.547372601511958e-34,2.547372601512117e-34,2.5473726015120956e-34,2.5473726015120956e-34,2.5473726015132468e-34,2.5473726015132476e-34,2.547372601513594e-34,2.547372601513595e-34,2.5473726015135632e-34,2.5473726015134106e-34,2.5473726015134093e-34,2.547372601513409e-34,2.5473726015134084e-34,2.5473726015134084e-34,2.5473726015134097e-34,2.54737260151486e-34,2.5473726015148594e-34,2.5473726015155184e-34,2.547372601515518e-34,2.5473726015155176e-34,2.5473726015155176e-34,2.547372601515378e-34,2.547372601515159e-34,2.547372601515159e-34,2.5473726015151404e-34,2.547372601515191e-34,2.5473726015152007e-34,2.547372601516188e-34,2.5473726015161877e-34,2.5473726015161885e-34,2.5473726015158776e-34,2.5473726015158776e-34,2.5473726015158806e-34,2.5473726015192825e-34,2.5473726015192834e-34,2.5473726015192825e-34,2.547372601519282e-34,2.5473726015192834e-34,2.547372601518851e-34,2.547372601518851e-34,2.54737260151885e-34,2.5473726015188506e-34,2.5473726015188027e-34,2.547372601518878e-34,2.5473726015188784e-34,2.547372601518875e-34,2.547372601518875e-34,2.547372601518578e-34,2.5473726015186535e-34,2.5473726015186526e-34,2.5473726015186518e-34,2.5473726015186676e-34,2.5473726015186684e-34,2.547372601518284e-34,2.547372601518284e-34,2.5473726015182844e-34,2.5473726015182844e-34,2.547372601518284e-34,2.5473726015182836e-34,2.5473726015182977e-34,2.5473726015180992e-34,2.5473726015178243e-34,2.5473726015175074e-34,2.547372601517534e-34,2.547372601517511e-34,2.5473726015175104e-34,2.547372601517511e-34,2.5473726015177494e-34,2.5473726015179957e-34,2.547372601517965e-34,2.5473726015179205e-34,2.5473726015179205e-34,2.5473726015179196e-34,2.547372601517915e-34,2.5473726015179154e-34,2.5473726015174056e-34,2.5473726015173953e-34,2.547372601517395e-34,2.547372601517272e-34,2.547372601517272e-34,2.5473726015168176e-34,2.5473726015168377e-34,2.5473726015168373e-34,2.5473726015168373e-34,2.547372601519846e-34,2.5473726015198466e-34,2.5473726015200715e-34,2.547372601520158e-34,2.54737260151867e-34,2.5473726015186757e-34,2.547372601518677e-34,2.547372601518678e-34,2.547372601518677e-34,2.547372601518677e-34,2.5473726015186864e-34,2.547372601519086e-34,2.547372601519086e-34,2.5473726015190717e-34,2.5473726015190717e-34,2.547372601519358e-34,2.547372601519528e-34,2.5473726015195216e-34,2.547372601519018e-34,2.547372601519013e-34,2.5473726015190396e-34,2.547372601519023e-34,2.547372601517621e-34,2.5473726015175463e-34,2.5473726015175673e-34,2.547372601518445e-34,2.5473726015184478e-34,2.547372601518448e-34,2.547372601519435e-34,2.547372601513432e-34,2.5473726015133742e-34,2.5473726015133785e-34,2.5473726015133896e-34,2.5473726015132545e-34,2.5473726015131553e-34,2.547372601513402e-34,2.547372601513407e-34,2.547372601513408e-34,2.547372601513857e-34,2.5473726015128354e-34,2.547372601512836e-34,2.547372601512835e-34,2.547372601512836e-34,2.5473726015134546e-34,2.547372601513464e-34,2.5473726015134764e-34,2.5473726015134764e-34,2.5473726015137086e-34,2.547372601514482e-34,2.547372601514482e-34,2.547372601514482e-34,2.547372601514482e-34,2.547372601514444e-34,2.5473726015144305e-34,2.547372601514656e-34,2.5473726015146567e-34,2.5473726015146563e-34,2.5473726015146567e-34,2.547372601515037e-34,2.547372601515036e-34,2.5473726015150365e-34,2.5473726015150852e-34,2.547372601514576e-34,2.5473726015145767e-34,2.5473726015145767e-34,2.5473726015145767e-34,2.547372601514318e-34,2.547372601514315e-34,2.5473726015139357e-34,2.547372601513949e-34,2.547372601515353e-34,2.547372601515353e-34,2.547372601515353e-34,2.5473726015153533e-34,2.5473726015152764e-34,2.5473726015153414e-34,2.5473726015153538e-34,2.5473726015151344e-34,2.5473726015151327e-34,2.5473726015151344e-34,2.547372601515135e-34,2.547372601515167e-34,2.547372601513337e-34,2.5473726015133374e-34,2.547372601513157e-34,2.547372601513159e-34,2.54737260151694e-34,2.5473726015169348e-34,2.5473726015169356e-34,2.547372601515266e-34,2.547372601515243e-34,2.5473726015148025e-34,2.547372601514769e-34,2.5473726015147863e-34,2.5473726015147816e-34,2.54737260151482e-34,2.5473726015156843e-34,2.5473726015157275e-34,2.5473726015152635e-34,2.5473726015152635e-34,2.5473726015148072e-34,2.5473726015148303e-34,2.547372601514804e-34,2.5473726015149296e-34,2.5473726015149296e-34,2.5473726015149304e-34,2.547372601514948e-34,2.547372601515367e-34,2.547372601515366e-34,2.5473726015152794e-34,2.54737260151528e-34,2.5473726015152858e-34,2.5473726015152824e-34,2.5473726015149266e-34,2.5473726015149e-34,2.5473726015056715e-34,2.547372601505918e-34,2.547372601505918e-34,2.5473726015062347e-34,2.547372601496181e-34,2.54737260149672e-34,2.54737260149672e-34,2.5473726014967197e-34,2.5473726014967197e-34,2.5473726014967184e-34,2.5473726014958157e-34,2.547372601497498e-34,2.547372601497476e-34,2.5473726014974775e-34,2.547372601497478e-34,2.5473726014974796e-34,2.547372601497479e-34,2.5473726014972778e-34,2.5473726014987335e-34,2.547372601498214e-34,2.5473726015005462e-34,2.547372601501016e-34,2.547372601501017e-34,2.5473726015009756e-34,2.5473726015022953e-34,2.5473726015022944e-34,2.5473726015025677e-34,2.5473726015025647e-34,2.5473726015025686e-34,2.547372601503367e-34,2.5473726015033657e-34,2.5473726015032626e-34,2.5473726015032626e-34,2.54737260150695e-34,2.5473726015057335e-34,2.547372601505733e-34,2.547372601505733e-34,2.547372601505733e-34,2.5473726015056275e-34,2.547372601505609e-34,2.5473726015059025e-34,2.5473726015059e-34,2.5473726015060188e-34,2.5473726015091414e-34,2.5473726015094343e-34,2.5473726015094348e-34,2.5473726015094425e-34,2.5473726015069694e-34,2.5473726015103974e-34,2.5473726015094386e-34,2.5473726015094587e-34,2.547372601509459e-34,2.5473726015094583e-34,2.547372601509458e-34,2.4996314599583414e-34,2.4996314599583423e-34,2.4996314599583585e-34,2.4996314599558457e-34,2.499631459955075e-34,2.499631459955058e-34,2.499631459955016e-34,2.4996314599550165e-34,2.499631459955016e-34,2.499631459955015e-34,2.499631459955015e-34,2.4996314599550148e-34,2.4996380599181874e-34,2.4996380599181874e-34,2.4996380599181874e-34,2.499638059918104e-34,2.4996380599181044e-34,2.4996380599181053e-34,2.4996380599181053e-34,2.4996380599372526e-34,2.499638059937252e-34,2.4996380599372444e-34,2.499638059937245e-34,2.4996380599372444e-34,2.4996380599372444e-34,2.499638059937244e-34,2.499675600754607e-34,2.4996756007546072e-34,2.499675600754607e-34,2.4996756007545683e-34,2.499675600754569e-34,2.4996756007545688e-34,2.49967560075457e-34,2.49967560075457e-34,2.4996756007545696e-34,2.4996756007545444e-34,2.499675600754545e-34,2.4996756007544785e-34,2.4996756007544503e-34,2.499675600753783e-34,2.4996756007537828e-34,2.4996756007537828e-34,2.4996756007537836e-34,2.499675600753783e-34,2.4996756007539123e-34,2.499675600753912e-34,2.4996756007539123e-34,2.4996756007539123e-34,2.4996756007539115e-34,2.499675600752244e-34,2.499675600752245e-34,2.4996756007889803e-34,2.4972414869648688e-34,2.497241486939779e-34,2.4972414869405013e-34,2.4972414869405017e-34,2.4972414869405026e-34,2.497241486940502e-34,2.4972414869405205e-34,2.497241486940521e-34,2.497033524347565e-34,2.4970335243475727e-34,2.4970335243475727e-34,2.49703352434719e-34,2.497030021410425e-34,2.4970300214110976e-34,2.4970300214124926e-34,2.4970300214124926e-34,2.4970300214124443e-34,2.5003993701828026e-34,2.5003993701829492e-34,2.500399370182949e-34,2.5003993701829484e-34,2.5001467472163455e-34,2.500146747216345e-34,2.4993694719793252e-34,2.4993694719793252e-34,2.499369471979325e-34,2.499369471979325e-34,2.4993694719793244e-34,2.4993694719810538e-34,2.499369471981053e-34,2.499369471981069e-34,2.499369471980999e-34,2.4993694719764806e-34,2.4993694719764814e-34,2.4993694719818197e-34,2.49936947198182e-34,2.5036864768934067e-34,2.503686476893407e-34,2.5036864768933426e-34,2.5036864768933426e-34,2.5036864768933426e-34,2.494157528827961e-34,2.494157528827961e-34,2.4941575288284143e-34,2.494157528828414e-34,2.494157528828414e-34,2.494157528826266e-34,2.4941575288263976e-34,2.4941575288263963e-34,2.4941575288265776e-34,2.4941575288265934e-34,2.494157528826705e-34,2.4941575288267046e-34,2.4941575288205633e-34,2.4941575288205637e-34,2.4941575288205637e-34,2.494157528820566e-34,2.4941575288205423e-34,2.494157528820542e-34,2.4941575288204226e-34,2.494157528820507e-34,2.494157528820505e-34,2.494157528820455e-34,2.4941575288204546e-34,2.494157528820456e-34,2.4941575288204585e-34,5.407124335269959e-34,5.407136301028526e-34,5.407124067678824e-34,5.407143252189886e-34,5.407143252189886e-34,-3.629521239873027e-33,-3.241175343925815e-33,1.4452504616708237e-39,-1.830148453020822e-36,-6.874216367904378e-49,-3.2581655376198737e-69,-1.4752515814865404e-47,5.762434899887101e-48,-3.799192775322458e-47,7.365849325475023e-49,-7.518870542272797e-49,-4.618544158378179e-68,-4.2167952623448176e-47,-1.5563248578477486e-51,-1.093796929168961e-70,-3.4700619204928765e-47,-7.537074029927387e-47,6.332123223921094e-53,-1.1597421753415091e-50,-1.2139456758851112e-61,8.114908582273063e-91,-3.4576638764700515e-65,2.033621466658779e-96,2.695010477711062e-68,2.6950104777110628e-68,2.6950104777110628e-68,1.108389425875709e-50,1.1083894258757086e-50,1.1082803804567084e-50,1.1082803804567084e-50,1.1082803804567084e-50,-1.3678801009660708e-49,-5.2585305924611433e-51,-4.962670511044819e-48,-6.07256513792765e-38,2.14047609773286e-48,1.4687335239568783e-48,1.466907713530271e-48,1.466907713530271e-48,4.7296839414978356e-48,-6.735437548406265e-36,1.8344622461438174e-53,1.2240878775396952e-48,5.5178995867908745e-49,5.517899586790875e-49,5.530643383991946e-49,5.530643383989774e-49,5.530643383989773e-49,5.521967673924851e-49,5.521967673923684e-49,5.521967673923685e-49,5.521967673923682e-49,5.494663059345519e-49,5.494663059345522e-49,5.541017394409488e-49,5.541017394409488e-49,5.541017394409488e-49,5.560463210963612e-49,5.560463210963611e-49,5.560463210963612e-49,5.5604632109636126e-49,5.5604632109636126e-49,5.493304145434022e-49,5.448625828734759e-49,5.448625828734758e-49,5.448625828734758e-49,5.448625828734758e-49,5.448625828734757e-49,5.446662803987008e-49,5.446662803987008e-49,5.535369301964381e-49,5.535369301964381e-49,5.5299201822895825e-49,5.529920182289581e-49,5.5299201822895795e-49,5.5299201822895795e-49,5.52992018228958e-49,5.529920182289582e-49,5.52992018228958e-49,5.529920182289577e-49,5.527262926484033e-49,5.527262926484032e-49,5.53552314498767e-49,5.535523144987669e-49,5.461147152543355e-49,5.461147152543356e-49,5.461147152511327e-49,5.3197370062996464e-49,5.319737006299647e-49,5.319737006299647e-49,5.319737006299647e-49,5.3197370062996494e-49,5.319737006299649e-49,5.275134338338037e-49,5.2751343383380395e-49,5.2751343383380364e-49,5.2751343383380395e-49,5.2751343383380395e-49,5.275134338338039e-49,5.275134338338039e-49,5.2751343383380395e-49,5.2824486222258685e-49,5.282448622225868e-49,5.282448622225868e-49,5.2866048180402695e-49,5.2866048180402695e-49,5.286604818040269e-49,5.2420659793291265e-49,5.38949181885723e-49,5.38949181885723e-49,5.38949181885723e-49,5.389491818880271e-49,5.389491818882422e-49,5.3674950211911116e-49,5.3674950211911116e-49,5.367495021191111e-49,5.36749502119111e-49,5.367495021191111e-49,5.3717771917494705e-49,5.3717771917494705e-49,5.3504519405089446e-49,5.3504519405089446e-49,5.3504519405089446e-49,5.350451940510661e-49,5.350451940510659e-49,5.35045194051066e-49,5.35045194051066e-49,5.350451940510661e-49,5.352882000746361e-49,5.35288200074636e-49,5.352882000746361e-49,5.352882000746361e-49,6.199113011878848e-49,6.199113011878846e-49,6.199113011878847e-49,6.199113011878846e-49,6.1991130118788475e-49,6.199113011878846e-49,6.199113011878845e-49,6.198934842932858e-49,6.198934842933813e-49,6.206501151542112e-49,6.206501151542112e-49,6.2065011515421106e-49,6.206501151542109e-49,6.244536305868548e-49,6.244536305868549e-49,6.244536305868547e-49,6.2445363058685484e-49,6.249832485853274e-49,6.215815291354692e-49,6.2158152913546915e-49,6.215815291354693e-49,6.215815291354694e-49,6.2158152913546945e-49,6.215815291354694e-49,6.215815291354693e-49,6.2196775622339864e-49,6.219606706412591e-49,6.21960670641259e-49,6.21960670641259e-49,6.219214649074953e-49,6.219214649074952e-49,6.190780837038096e-49,6.19829645313221e-49,6.214862272300908e-49,6.2148622723009055e-49,6.214862272300906e-49,6.341326815587003e-49,6.3413268155870025e-49,6.341326815587003e-49,6.341326815587004e-49,6.342987521909721e-49,6.342987521909721e-49,6.342987521909721e-49,6.4190968564533485e-49,6.419096856453351e-49,6.41909685645335e-49,6.419246416885939e-49,6.4279444030457685e-49,6.4279444030457685e-49,6.423512424751733e-49,6.423592145779092e-49,6.4640783788710165e-49,6.464078378871015e-49,5.893601701899715e-49,5.893601701899715e-49,5.893601701899714e-49,5.942427001122214e-49,5.942307128878e-49,5.9349077861276636e-49,5.934907786127664e-49,5.934907786127664e-49,5.934907786127664e-49,5.934907786127664e-49
3,0.08427758988601222,0.08427758988601222,0.08427758988601222,0.08427758988601221,0.08427758988601222,0.08427758988601222,0.08427758988601221,0.08427758988601221,0.08427758988601222,0.08427758988601222,0.08427758988601222,0.08427758988601221,0.08427758988601222,0.08427758988601222,0.08427758988601221,0.08427758988601222,0.08427758988601221,0.08427758988601221,0.08427758988601221,0.08427758988601221,0.08427758988601222,0.08427758988601222,0.08427758988601222,0.08427758988601221,0.08427758988601222,0.08427758988601221,0.08427758988601222,0.08427758988601222,0.08427758988601221,0.08427758988601222,0.08427758988601221,0.08427758988601221,0.08427758988601221,0.08427758988601222,0.08427758988601222,0.08427758988601221,0.08427758988601222,0.08427758988601221,0.08427758988601222,0.08427758988601222,0.08427758988601222,0.08427758988601222,0.08427758988601221,0.08427758988601222,0.08427758988601222,0.08427758988601221,0.08427758988601222,0.08427758988601222,0.08427758988601221,0.08427758988601222,0.08427758988601222,0.08427758988601222,0.08427758988601221,0.08427758988601222,0.08427758988601222,0.08427758988601221,0.08427758988601221,0.08427758988601222,0.08427758988601222,0.08427758988601221,0.08427758988601222,0.08427758988601221,0.08427758988601221,0.08427758988601221,0.08427758988601222,0.08427758988601221,0.08427758988601222,0.08427758988601221,0.08427758988601221,0.08427758988601222,0.08427758988601222,0.08427758988601222,0.08427758988601221,0.08427758988601222,0.08427758988601222,0.08427758988601221,0.08427758988601222,0.08427758988601222,0.08427758988601221,0.08427758988601221,0.08427758988601222,0.08427758988601222,0.08427758988601222,0.08427758988601222,0.08427758988601221,0.08427758988601221,0.08427758988601222,0.08427758988601222,0.08427758988601222,0.08427758988601221,0.08427758988601222,0.08427758988601221,0.08427758988601222,0.08427758988601222,0.08427758988601222,0.08427758988601222,0.08427758988601222,0.08427758988601222,0.08427758988601222,0.08427758988601221,0.08427758988601221,0.08427758988601222,0.08427758988601222,0.08427758988601221,0.08427758988601222,0.08427758988601221,0.08427758988601221,0.08427758988601222,0.08427758988601222,0.08427758988601221,0.08427758988601221,0.08427758988601221,0.08427758988601222,0.08427758988601221,0.08427758988601222,0.08427758988601222,0.08427758988601222,0.08427758988601221,0.08427758988601221,0.08427758988601221,0.08427758988601221,0.08427758988601222,0.08427758988601222,0.08427758988601222,0.08427758988601222,0.08427758988601221,0.08427758988601221,0.08427758988601221,0.08427758988601221,0.08427758988601222,0.08427758988601221,0.08427758988601222,0.08427758988601222,0.08427758988601222,0.08427758988601221,0.08427758988601222,0.08427758988601222,0.08427758988601222,0.08427758988601222,0.08427758988601222,0.08427758988601221,0.08427758988601221,0.08427758988601221,0.08427758988601221,0.08427758988601221,0.08427758988601222,0.08427758988601221,0.08427758988601221,0.08427758988601221,0.08427758988601221,0.08427758988601221,0.08427758988601221,0.08427758988601221,0.08427758988601222,0.08427758988601221,0.08427758988601222,0.08427758988601221,0.08427758988601221,0.08427758988601222,0.08427758988601221,0.08427758988601221,0.08427758988601222,0.08427758988601222,0.08427758988601221,0.08427758988601222,0.08427758988601222,0.08427758988601222,0.08427758988601221,0.08427758988601221,0.08427758988601222,0.08427758988601222,0.08427758988601221,0.08427758988601222,0.08427758988601222,0.08427758988601221,0.08427758988601221,0.08427758988601221,0.08427758988601221,0.08427758988601221,0.08427758988601221,0.08427758988601222,0.08427758988601221,0.08427758988601222,0.08427758988601222,0.08427758988601221,0.08427758988601222,0.08427758988601222,0.08427758988601222,0.08427758988601221,0.08427758988601221,0.08427758988601221,0.08427758988601222,0.08427758988601221,0.08427758988601221,0.08427758988601221,0.08427758988601222,0.08427758988601222,0.08427758988601222,0.08427758988601221,0.08427758988601222,0.08427758988601222,0.08427758988601221,0.08427758988601221,0.08427758988601222,0.08427758988601221,0.08427758988601221,0.08427758988601222,0.08427758988601221,0.08427758988601221,0.08427758988601222,0.08427758988601222,0.08427758988601222,0.08427758988601222,0.08427758988601222,0.08427758988601221,0.08427758988601222,0.08427758988601222,0.08427758988601222,0.08427758988601222,0.08427758988601221,0.08427758988601221,0.08427758988601222,0.08427758988601222,0.08427758988601222,0.08427758988601221,0.08427758988601221,0.08427758988601222,0.08427758988601221,0.08427758988601222,0.08427758988601222,0.08427758988601222,0.08427758988601222,0.08427758988601221,0.08427758988601222,0.08427758988601221,0.08427758988601222,0.08427758988601222,0.08427758988601221,0.08427758988601222,0.08427758988601222,0.08427758988601222,0.08427758988601222,0.08427758988601222,0.08427758988601222,0.08427758988601222,0.08427758988601221,0.08427758988601222,0.08427758988601222,0.08427758988601221,0.08427758988601221,0.08427758988601221,0.08427758988601222,0.08427758988601222,0.08427758988601222,0.08427758988601222,0.08427758988601222,0.08427758988601221,0.08427758988601222,0.08427758988601222,0.08427758988601222,0.08427758988601222,0.08427758988601222,0.08427758988601222,0.08427758988601221,0.08427758988601222,0.08427758988601222,0.08427758988601221,0.08427758988601221,0.08427758988601222,0.08427758988601222,0.08427758988601222,0.08427758988601222,0.08427758988601221,0.08427758988601222,0.08427758988601222,0.08427758988601221,0.08427758988601222,0.08427758988601221,0.08427758988601221,0.08427758988601221,0.08427758988601222,0.08427758988601222,0.08427758988601222,0.08427758988601221,0.08427758988601222,0.08427758988601222,0.08427758988601222,0.08427758988601221,0.08427758988601221,0.08427758988601221,0.08427758988601222,0.08427758988601221,0.08427758988601222,0.08427758988601221,0.08427758988601222,0.08427758988601222,0.08427758988601222,0.08427758988601221,0.08427758988601221,0.08427758988601222,0.08427758988601222,0.08427758988601222,0.08427758988601222,0.08427758988601222,0.08427758988601222,0.08427758988601221,0.08427758988601222,0.08427758988601221,0.08427758988601221,0.08427758988601222,0.08427758988601222,0.08427758988601221,0.08427758988601222,0.08427758988601221,0.08427758988601222,0.08427758988601222,0.08427758988601222,0.08427758988601222,0.08427758988601222,0.08427758988601222,0.08427758988601222,0.08427758988601222,0.08427758988601222,0.08427758988601222,0.08427758988601222,0.08427758988601222,0.08427758988601222,0.08427758988601222,0.08427758988601221,0.08427758988601222,0.08427758988601221,0.08427758988601221,0.08427758988601222,0.08427758988601222,0.08427758988601222,0.08427758988601221,0.08427758988601221,0.08427758988601221,0.08427758988601221,0.08427758988601221,0.08427758988601221,0.08427758988601221,0.08427758988601221,0.08427758988601221,0.08427758988601222,0.08427758988601221,0.08427758988601221,0.08427758988601222,0.08427758988601222,0.08427758988601222,0.08427758988601222,0.08427758988601222,0.08427758988601222,0.08427758988601221,0.08427758988601222,0.08427758988601222,0.08427758988601221,0.08427758988601222,0.08427758988601221,0.08427758988601222,0.08427758988601221,0.08427758988601222,0.08427758988601222,0.08427758988601221,0.08427758988601222,0.08427758988601222,0.08427758988601222,0.08427758988601222,0.08427758988601222,0.08427758988601222,0.08427758988601221,0.08427758988601222,0.08427758988601221,0.08427758988601222,0.08427758988601221,0.08427758988601221,0.08427758988601222,0.08427758988601221,0.08427758988601222,0.08427758988601222,0.08427758988601221,0.08427758988601221,0.08427758988601221,0.08427758988601222,0.08427758988601221,0.08427758988601222,0.08427758988601222,0.08427758988601221,0.08427758988601221,0.08427758988601221,0.08427758988601221,0.08427758988601222,0.08427758988601221,0.08427758988601221,0.08427758988601222,0.08427758988601221,0.08427758988601222,0.08427758988601222,0.08427758988601221,0.08427758988601222,0.08427758988601221,0.08427758988601221,0.08427758988601221,0.08427758988601221,0.08427758988601221,0.08427758988601222,0.08427758988601221,0.08427758988601222,0.08427758988601221,0.08427758988601221,0.08427758988601222,0.08427758988601222,0.08427758988601221,0.08427758988601222,0.08427758988601222,0.08427758988601221,0.08427758988601222,0.08427758988601222,0.08427758988601221,0.08427758988601222,0.08427758988601222,0.08427758988601222,0.08427758988601222,0.08427758988601221,0.08427758988601222,0.08427758988601221,0.08427758988601222,0.08427758988601221,0.08427758988601222,0.08427758988601222,0.08427758988601222,0.08427758988601221,0.08427758988601221,0.08427758988601221,0.08427758988601222,0.08427758988601222,0.08427758988601221,0.08427758988601222,0.08427758988601222,0.08427758988601222,0.08427758988601221,0.08427758988601222,0.08427758988601222,0.08427758988601221,0.08427758988601221,0.08427758988601222,0.08427758988601222,0.08427758988601221,0.08427758988601221,0.08427758988601222,0.08427758988601221,0.08427758988601222,0.08427758988601222,0.08427758988601222,0.08427758988601222,0.08427758988601221,0.08427758988601222,0.08427758988601221,0.08427758988601222,0.08427758988601222,0.08427758988601222,0.08427758988601222,0.08427758988601222,0.08427758988601222,0.08427758988601222,0.08427758988601222,0.08427758988601222,0.08427758988601222,0.08427758988601221,0.08427758988601222,0.08427758988601222,0.08427758988601221,0.08427758988601222,0.08427758988601221,0.08427758988601221,0.08427758988601221,0.08427758988601222,0.08427758988601221,0.08427758988601221,0.08427758988601221,0.08427758988601221,0.08427758988601221,0.08427758988601221,0.08427758988601221,0.08427758988601221,0.08427758988601221,0.08427758988601222,0.08427758988601222,0.08427758988601222,0.08427758988601222,0.08427758988601221,0.08427758988601221,0.08427758988601221,0.08427758988601222,0.08427758988601221,0.08427758988601222,0.08427758988601222,0.08427758988601222,0.08427758988601222,0.08427758988601221,0.08427758988601222,0.08427758988601221,0.08427758988601222,0.08427758988601221,0.08427758988601222,0.08427758988601222,0.08427758988601221,0.08427758988601222,0.08427758988601221,0.08427758988601222,0.08427758988601221,0.08427758988601221,0.08427758988601222,0.08427758988601222,0.08427758988601222,0.08427758988601222,0.08427758988601221,0.08427758988601221,0.08427758988601222,0.08427758988601222,0.08427758988601222,0.08427758988601221,0.08427758988601222,0.08427758988601222,0.08427758988601222,0.08427758988601221,0.08427758988601222,0.08427758988601222,0.08427758988601221,0.08427758988601222,0.08427758988601222,0.08427758988601221,0.08427758988601222,0.08427758988601222,0.08427758988601222,0.08427758988601222,0.08427758988601222,0.08427758988601221,0.08427758988601221,0.08427758988601221,0.08427758988601221,0.08427758988601221,0.08427758988601221,0.08427758988601221,0.08427758988601221,0.08427758988601221,0.08427758988601221,0.08427758988601221,0.08427758988601221,0.08427758988601221,0.08427758988601221,0.08427758988601221,0.08427758988601221,0.08427758988601222,0.08427758988601221,0.08427758988601222,0.08427758988601222,0.08427758988601222,0.08427758988601222,0.08427758988601222,0.08427758988601222,0.08427758988601221,0.08427758988601222,0.08427758988601222,0.08427758988601222,0.08427758988601222,0.08427758988601222,0.08427758988601221,0.08427758988601221,0.08427758988601221,0.08427758988601222,0.08427758988601222,0.08427758988601221,0.08427758988601221,0.08427758988601221,0.08427758988601221,0.08427758988601222,0.08427758988601222,0.08427758988601222,0.08427758988601222,0.08427758988601222,0.08427758988601222,0.08427758988601222,0.08427758988601222,0.08427758988601222,0.08427758988601222,0.08427758988601221,0.08427758988601222,0.08427758988601222,0.08427758988601222,0.08427758988601222,0.08427758988601222,0.08427758988601222,0.08427758988601221,0.08427758988601222,0.08427758988601221,0.08427758988601222,0.08427758988601221,0.08427758988601221,0.08427758988601222,0.08427758988601222,0.08427758988601221,0.08427758988601222,0.08427758988601222,0.08427758988601221,0.08427758988601221,0.08427758988601221,0.08427758988601221,0.08427758988601221,0.08427758988601221,0.08427758988601221,0.08427758988601221,0.08427758988601222,0.08427758988601221,0.08427758988601221,0.08427758988601222,0.08427758988601222,0.08427758988601221,0.08427758988601222,0.08427758988601221,0.08427758988601221,0.08427758988601221,0.08427758988601221,0.08427758988601221,0.08427758988601221,0.08427758988601222,0.08427758988601221,0.08427758988601221,0.08427758988601221,0.08427758988601221,0.08427758988601221,0.08427758988601221,0.08427758988601221,0.08427758988601222,0.08427758988601222,0.08427758988601222,0.08427758988601222,0.08427758988601221,0.08427758988601221,0.08427758988601221,0.08427758988601222,0.08427758988601222,0.08427758988601221,0.08427758988601221,0.08427758988601222,0.08427758988601222,0.08427758988601222,0.08427758988601221,0.08427758988601221,0.08427758988601221,0.08427758988601221,0.08427758988601221,0.08427758988601222,0.08427758988601221,0.08427758988601221,0.08427758988601221,0.08427758988601222,0.08427758988601221,0.08427758988601221,0.08427758988601221,0.08427758988601221,0.08427758988601221,0.08427758988601222,0.08427758988601222,0.08427758988601222,0.08427758988601222,0.08427758988601222,0.08427758988601222,0.08427758988601222,0.08427758988601222,0.08427758988601222,0.08427758988601222,0.08427758988601222,0.08427758988601221,0.08427758988601221,0.08427758988601221,0.08427758988601222,0.08427758988601222,0.08427758988601221,0.08427758988601222,0.08427758988601222,0.08427758988601222,0.08427758988601221,0.08427758988601221,0.08427758988601221,0.08427758988601222,0.08427758988601221,0.08427758988601222,0.08427758988601222,0.08427758988601221,0.08427758988601221,0.08427758988601221,0.08427758988601221,0.08427758988601222,0.08427758988601221,0.08427758988601222,0.08427758988601222,0.08427758988601221,0.08427758988601222,0.08427758988601221,0.08427758988601222,0.08427758988601221,0.08427758988601222,0.08427758988601222,0.08427758988601222,0.08427758988601222,0.08427758988601222,0.08427758988601222,0.08427758988601222,0.08427758988601221,0.08427758988601222,0.08427758988601222,0.08427758988601222,0.08427758988601222,0.08427758988601222,0.08427758988601221,0.08427758988601222,0.08427758988601221,0.08427758988601222,0.08427758988601221,0.08427758988601222,0.08427758988601221,0.08427758988601222,0.08427758988601222,0.08427758988601222,0.08427758988601221,0.08427758988601221,0.08427758988601222,0.08427758988601221,0.08427758988601221,0.08427758988601222,0.08427758988601221,0.08427758988601221,0.08427758988601222,0.08427758988601222,0.08427758988601221,0.08427758988601221,0.08427758988601222,0.08427758988601221,0.08427758988601221,0.08427758988601221,0.08427758988601221,0.08427758988601222,0.08427758988601222,0.08427758988601221,0.08427758988601222,0.08427758988601221,0.08427758988601222,0.08427758988601222,0.08427758988601222,0.08427758988601222,0.08427758988601221,0.08427758988601222,0.08427758988601221,0.08427758988601221,0.08427758988601221,0.08427758988601222,0.08427758988601222,0.08427758988601222,0.08427758988601222,0.08427758988601222,0.08427758988601222,0.08427758988601222,0.08427758988601221,0.08427758988601221,0.08427758988601221,0.08427758988601221,0.08427758988601221,0.08427758988601222,0.08427758988601221,0.08427758988601222,0.08427758988601222,0.08427758988601222,0.08427758988601222,0.08427758988601222,0.08427758988601222,0.08427758988601222,0.08427758988601221,0.08427758988601222,0.08427758988601222,0.08427758988601221,0.08427758988601221,0.08427758988601222,0.08427758988601222,0.08427758988601221,0.08427758988601222,0.08427758988601222,0.08427758988601222,0.08427758988601222,0.08427758988601222,0.08427758988601221,0.08427758988601222,0.08427758988601221,0.08427758988601222,0.08427758988601221,0.08427758988601221,0.08427758988601221,0.08427758988601221,0.08427758988601222,0.08427758988601222,0.08427758988601221,0.08427758988601222,0.08427758988601222,0.08427758988601221,0.08427758988601222,0.08427758988601221,0.08427758988601221,0.08427758988601222,0.08427758988601221,0.08427758988601221,0.08427758988601221,0.08427758988601221,0.08427758988601221,0.08427758988601222,0.08427758988601221,0.08427758988601222,0.08427758988601221,0.08427758988601222,0.08427758988601222,0.08427758988601222,0.08427758988601221,0.08427758988601222,0.08427758988601221,0.08427758988601222,0.08427758988601222,0.08427758988601222,0.08427758988601222,0.08427758988601222,0.08427758988601222,0.08427758988601222,0.08427758988601221,0.08427758988601222,0.08427758988601221,0.08427758988601222,0.08427758988601222,0.08427758988601222,0.08427758988601222,0.08427758988601221,0.08427758988601221,0.08427758988601221,0.08427758988601222,0.08427758988601221,0.08427758988601222,0.08427758988601221,0.08427758988601222,0.08427758988601222,0.08427758988601222,0.08427758988601221,0.08427758988601221,0.08427758988601221,0.08427758988601222,0.08427758988601222,0.08427758988601221,0.08427758988601221,0.08427758988601221,0.08427758988601221,0.08427758988601221,0.08427758988601222,0.08427758988601221,0.08427758988601222,0.08427758988601221,0.08427758988601222,0.08427758988601222,0.08427758988601221,0.08427758988601221,0.08427758988601221,0.08427758988601221,0.08427758988601222,0.08427758988601222,0.08427758988601221,0.08427758988601222,0.08427758988601222,0.08427758988601222,0.08427758988601222,0.08427758988601221,0.08427758988601222,0.08427758988601221,0.08427758988601222,0.08427758988601222,0.08427758988601222,0.08427758988601222,0.08427758988601222,0.08427758988601221,0.08427758988601222,0.08427758988601222,0.08427758988601221,0.08427758988601221,0.08427758988601222,0.08427758988601222,0.08427758988601222,0.08427758988601222,0.08427758988601222,0.08427758988601221,0.08427758988601221,0.08427758988601221,0.08427758988601221,0.08427758988601221,0.08427758988601222,0.08427758988601221,0.08427758988601221,0.08427758988601221,0.08427758988601222,0.08427758988601222,0.08427758988601222,0.08427758988601221,0.08427758988601222,0.08427758988601222,0.08427758988601222,0.08427758988601222,0.08427758988601222,0.08427758988601222,0.08427758988601222,0.08427758988601222,0.08427758988601222,0.08427758988601221,0.08427758988601222,0.08427758988601222,0.08427758988601221,0.08427758988601221,0.08427758988601221,0.08427758988601221,0.08427758988601221,0.08427758988601221,0.08427758988601221,0.08427758988601221,0.08427758988601221,0.08427758988601222,0.08427758988601222,0.08427758988601222,0.08427758988601222,0.08427758988601222,0.08427758988601221,0.08427758988601222,0.08427758988601222,0.08427758988601221,0.08427758988601221,0.08427758988601221,0.08427758988601221,0.08427758988601222,0.08427758988601221,0.08427758988601222,0.08427758988601221,0.08427758988601222,0.08427758988601222,0.08427758988601222,0.08427758988601221,0.08427758988601222,0.08427758988601221,0.08427758988601222,0.08427758988601222,0.08427758988601222,0.08427758988601222,0.08427758988601221,0.08427758988601221,0.08427758988601222,0.08427758988601221,0.08427758988601221,0.08427758988601221,0.08427758988601221,0.08427758988601222,0.08427758988601222,0.08427758988601221,0.08427758988601222,0.08427758988601221,0.08427758988601222,0.08427758988601222,0.08427758988601222,0.08427758988601222,0.08427758988601222,0.08427758988601222,0.08427758988601222,0.08427758988601222,0.08427758988601221,0.08427758988601221,0.08427758988601221,0.08427758988601221,0.08427758988601221,0.08427758988601222,0.08427758988601222,0.08427758988601221,0.08427758988601222,0.08427758988601222,0.08427758988601221,0.08427758988601222,0.08427758988601221,0.08427758988601221,0.08427758988601221,0.08427758988601222,0.08427758988601222,0.08427758988601222,0.08427758988601222,0.08427758988601222,0.08427758988601222,0.08427758988601222,0.08427758988601222,0.08427758988601221,0.08427758988601222,0.08427758988601221,0.08427758988601222,0.08427758988601222,0.08427758988599976,0.0842775898859873,0.08427758988597485,0.08427758988596237,0.0842775898859499,0.08427758988593743,0.084277589885925,0.08427758988591251,0.08427758988590008,0.08427758988588761,0.08427758988587515,0.08427758988586269,0.08427758988585023,0.08427758988583776,0.0842775898858253,0.08427758988581283,0.08427758988580035,0.0842775898857879,0.08427758988577544,0.08427758988576299,0.08427758988575054,0.08427758988573808,0.0842775898857256,0.08427758988571317,0.08427758988570072,0.08427758988568823,0.08427758988567577,0.08427758988566335,0.08427758988565087,0.08427758988563842,0.08427758988562595,0.08427758988561347,0.08427758988560105,0.08427758988558857,0.08427758988557608,0.08427758988556364,0.08427758988555116,0.08427758988553873,0.08427758988552625,0.08427758988551382,0.08427758988550135,0.08427758988548886,0.08427758988547641,0.08427758988546394,0.0842775898854515,0.08427758988543901,0.08427758988542657,0.08427758988541413,0.08427758988540165,0.0842775898853892,0.08427758988537673,0.0842775898853643,0.08427758988535183,0.08427758988533937,0.08427758988532694,0.08427758988531449,0.084277589885302,0.08427758988528954,0.08427758988527706,0.08427758988526458,0.08427758988525214,0.08427758988523967,0.08427758988522722,0.08427758988521476,0.08427758988520231,0.08427758988518984,0.08427758988517739,0.08427758988516494,0.08427758988515244,0.08427758988513999,0.08427758988512754,0.08427758988511508,0.08427758988510262,0.08427758988509015,0.08427758988507769,0.08427758988506522,0.08427758988505278,0.08427758988504033,0.08427758988502788,0.08427758988501541,0.08427758988500296,0.08427758988499051,0.08427758988497806,0.0842775898849656,0.08427758988495312,0.08427758988494068,0.0842775898849282,0.08427758988491572,0.08427758988490326,0.08427758988489081,0.08427758988487837,0.08427758988486593,0.08427758988485348,0.0842775898848409,0.08427758988482836,0.08427758988481593,0.08427758988480342,0.08427758988479098,0.08427758988477853,0.08427758988476608,0.08427758988475365,0.08427758988474117,0.0842775898847287,0.08427758988471623,0.08427758988470377,0.0842775898846913,0.08427758988467886,0.08427758988466642,0.08427758988465398,0.0842775898846415,0.08427758988462906,0.0842775898846166,0.08427758988460414,0.08427758988459166,0.08427758988457924,0.08427758988456675,0.08427758988455429,0.08427758988454183,0.08427758988452937,0.08427758988451689,0.08427758988450443,0.08427758988449197,0.08427758988447948,0.08427758988446704,0.08427758988445459,0.0842775898844421,0.08427758988442964,0.08427758988441719,0.08427758988440474,0.08427758988439227,0.08427758988437982,0.08427758988436734,0.08427758988435488,0.08427758988434242,0.08427758988432998,0.08427758988431751,0.08427758988430505,0.08427758988429258,0.08427758988428016,0.08427758988426769,0.08427758988425527,0.08427758988424283,0.08427758988423036,0.08427758988421791,0.08427758988420546,0.084277589884193,0.08427758988418053,0.08427758988416809,0.08427758988415562,0.08427758988414315,0.0842775898841307,0.08427758988411824,0.08427758988410575,0.08427758988409328,0.08427758988408082,0.08427758988406837,0.08427758988405591,0.08427758988404345,0.08427758988403099,0.08427758988401855,0.08427758988400612,0.08427758988399368,0.0842775898839812,0.0842775898839687,0.08427758988395624,0.0842775898839438,0.08427758988393137,0.08427758988391888,0.08427758988390643,0.08427758988389399,0.08427758988388155,0.08427758988386906,0.08427758988385663,0.08427758988384416,0.0842775898838317,0.08427758988381923,0.08427758988380679,0.0842775898837943,0.08427758988378187,0.08427758988376938,0.08427758988375694,0.08427758988374445,0.08427758988373203,0.08427758988371954,0.08427758988370708,0.08427758988369462,0.08427758988368216,0.08427758988366968,0.08427758988365724,0.0842775898836448,0.08427758988363236,0.0842775898836199,0.08427758988360742,0.08427758988359497,0.08427758988358248,0.08427758988357005,0.0842775898835576,0.08427758988354514,0.08427758988353269,0.08427758988352022,0.08427758988350778,0.08427758988349533,0.08427758988348284,0.0842775898834704,0.08427758988345793,0.08427758988344547,0.08427758988343298,0.08427758988342052,0.08427758988340806,0.0842775898833956,0.08427758988338312,0.08427758988337068,0.08427758988335819,0.08427758988334576,0.0842775898833333,0.08427758988332085,0.0842775898833084,0.08427758988329594,0.08427758988328347,0.084277589883271,0.08427758988325856,0.08427758988324609,0.08427758988323363,0.08427758988322119,0.08427758988320873,0.08427758988319624,0.0842775898831838,0.08427758988317134,0.08427758988315888,0.08427758988314643,0.08427758988313398,0.08427758988312153,0.08427758988310906,0.0842775898830966,0.08427758988308413,0.08427758988307166,0.0842775898830592,0.08427758988304673,0.08427758988303427,0.08427758988302178,0.08427758988300935,0.08427758988299688,0.0842775898829844,0.08427758988297193,0.08427758988295948,0.08427758988294703,0.08427758988293457,0.08427758988292214,0.08427758988290965,0.0842775898828972,0.08427758988288477,0.08427758988287233,0.08427758988285987,0.08427758988284739,0.08427758988283492,0.08427758988282248,0.08427758988281002,0.08427758988279754,0.08427758988278507,0.08427758988277262,0.08427758988276014,0.08427758988274771,0.08427758988273523,0.08427758988272277,0.0842775898827103,0.08427758988269789,0.0842775898826854,0.08427758988267295,0.08427758988266046,0.08427758988264802,0.08427758988263556,0.08427758988262316,0.08427758988261065,0.0842775898825982,0.08427758988258577,0.08427758988257329,0.08427758988256084,0.08427758988254835,0.0842775898825359,0.08427758988252346,0.08427758988251098,0.08427758988249852,0.0842775898824861,0.08427758988247361,0.08427758988246116,0.08427758988244871,0.08427758988243622,0.08427758988242373,0.08427758988241128,0.0842775898823988,0.08427758988238633,0.0842775898823739,0.08427758988236143,0.08427758988234897,0.08427758988233651,0.08427758988232406,0.08427758988231161,0.08427758988229914,0.0842775898822867,0.08427758988227425,0.08427758988226179,0.08427758988224936,0.08427758988223685,0.0842775898822244,0.08427758988221194,0.0842775898821995,0.084277589882187,0.08427758988217458,0.0842775898821621,0.08427758988214964,0.0842775898821372,0.08427758988212475,0.08427758988211226,0.08427758988209978,0.08427758988208735,0.08427758988207489,0.08427758988206242,0.08427758988204997,0.0842775898820375,0.08427758988202506,0.08427758988201259,0.08427758988200013,0.08427758988198765,0.08427758988197519,0.08427758988196274,0.08427758988195029,0.08427758988193786,0.0842775898819254,0.08427758988191292,0.08427758988190046,0.08427758988188801,0.08427758988187554,0.0842775898818631,0.08427758988185062,0.08427758988183819,0.0842775898818257,0.08427758988181325,0.08427758988180079,0.08427758988178834,0.08427758988177586,0.08427758988176343,0.08427758988175095,0.08427758988173849,0.084277589881726,0.08427758988171356,0.08427758988170109,0.08427758988168865,0.08427758988167616,0.0842775898816637,0.08427758988165127,0.08427758988163882,0.08427758988162636,0.08427758988161387,0.08427758988160142,0.08427758988158897,0.08427758988157652,0.08427758988156404,0.08427758988155161,0.08427758988153912,0.08427758988152668,0.08427758988151422,0.08427758988150179,0.08427758988148931,0.08427758988147686,0.08427758988146439,0.08427758988145195,0.08427758988143946,0.08427758988142704,0.08427758988141455,0.0842775898814021,0.08427758988138961,0.08427758988137714,0.08427758988136468,0.08427758988135223,0.08427758988133974,0.0842775898813273,0.08427758988131484,0.08427758988130238,0.08427758988128993,0.0842775898812775,0.084277589881265,0.08427758988125257,0.0842775898812401,0.08427758988122763,0.08427758988121518,0.08427758988120272,0.08427758988119029,0.0842775898811778,0.08427758988116534,0.08427758988115286,0.08427758988114042,0.08427758988112798,0.08427758988111549,0.084277589881103,0.08427758988109059,0.08427758988107811,0.08427758988106564,0.08427758988105317,0.08427758988104074,0.0842775898810283,0.08427758988101584,0.08427758988100341,0.0842775898809909,0.08427758988097842,0.084277589880966,0.08427758988095352,0.0842775898809411,0.08427758988092862,0.08427758988091615,0.08427758988090366,0.08427758988089125,0.08427758988087876,0.08427758988086627,0.08427758988085383,0.0842775898808414,0.08427758988082894,0.08427758988081649,0.08427758988080403,0.08427758988079158,0.08427758988077912,0.08427758988076667,0.08427758988075423,0.08427758988074179,0.0842775898807293,0.08427758988071682,0.08427758988070437,0.08427758988069187,0.08427758988067939,0.08427758988066693,0.08427758988065448,0.08427758988064202,0.08427758988062954,0.0842775898806171,0.08427758988060466,0.0842775898805922,0.08427758988057975,0.08427758988056729,0.08427758988055482,0.08427758988054236,0.08427758988052991,0.08427758988051745,0.08427758988050499,0.08427758988049255,0.08427758988048009,0.08427758988046763,0.08427758988045517,0.08427758988044275,0.08427758988043026,0.08427758988041781,0.08427758988040535,0.08427758988039288,0.08427758988038042,0.08427758988036797,0.0842775898803555,0.08427758988034303,0.08427758988033059,0.08427758988031812,0.08427758988030568,0.0842775898802932,0.08427758988028072,0.08427758988026826,0.08427758988025583,0.08427758988024336,0.08427758988023092,0.08427758988021845,0.08427758988020599,0.08427758988019356,0.0842775898801811,0.08427758988016863,0.08427758988015618,0.08427758988014372,0.08427758988013126,0.0842775898801188,0.08427758988010634,0.08427758988009389,0.08427758988008144,0.08427758988006899,0.0842775898800565,0.08427758988004404,0.08427758988003158,0.08427758988001914,0.08427758988000665,0.08427758987999417,0.08427758987998171,0.08427758987996928,0.08427758987995682,0.08427758987994435,0.08427758987993186,0.08427758987991939,0.08427758987990693,0.08427758987989448,0.08427758987988206,0.08427758987986957,0.0842775898798571,0.08427758987984467,0.08427758987983221,0.08427758987981976,0.08427758987980728,0.08427758987979485,0.0842775898797824,0.08427758987976995,0.08427758987975748,0.08427758987974503,0.08427758987973256,0.08427758987972007,0.08427758987970764,0.08427758987969519,0.08427758987968273,0.08427758987967027,0.0842775898796578,0.08427758987964531,0.08427758987963288,0.0842775898796204,0.08427758987960793,0.08427758987959547,0.08427758987958302,0.0842775898795706,0.08427758987955815,0.08427758987954566,0.08427758987953321,0.08427758987952073,0.08427758987950829,0.08427758987949581,0.08427758987948337,0.08427758987947091,0.08427758987945845,0.08427758987944603,0.08427758987943357,0.08427758987942109,0.08427758987940866,0.08427758987939621,0.08427758987938373,0.08427758987937127,0.08427758987935884,0.08427758987934639,0.0842775898793339,0.08427758987932142,0.08427758987930899,0.08427758987929654,0.08427758987928405,0.0842775898792716,0.08427758987925914,0.08427758987924665,0.0842775898792342,0.08427758987922174,0.0842775898792093,0.08427758987919684,0.0842775898791844,0.08427758987917196,0.08427758987915951,0.08427758987914702,0.08427758987913458,0.08427758987912211,0.08427758987910967,0.08427758987909718,0.08427758987908472,0.08427758987907227,0.0842775898790598,0.08427758987904738,0.08427758987903491,0.08427758987902245,0.08427758987900999,0.08427758987899753,0.08427758987898502,0.08427758987897258,0.0842775898789601,0.08427758987894764,0.08427758987893517,0.08427758987892273,0.08427758987891026,0.0842775898788978,0.08427758987888535,0.08427758987887289,0.08427758987886043,0.084277589878848,0.0842775898788355,0.08427758987882306,0.0842775898788106,0.08427758987879815,0.08427758987878571,0.08427758987877325,0.08427758987876079,0.0842775898787483,0.08427758987873586,0.0842775898787234,0.08427758987871091,0.08427758987869848,0.08427758987868601,0.08427758987867355,0.0842775898786611,0.08427758987864867,0.08427758987863622,0.08427758987862374,0.0842775898786113,0.08427758987859882,0.08427758987858633,0.08427758987857388,0.0842775898785614,0.08427758987854891,0.08427758987853648,0.08427758987852402,0.0842775898785116,0.08427758987849913,0.08427758987848669,0.08427758987847427,0.08427758987846179,0.08427758987844935,0.08427758987843686,0.08427758987842439,0.08427758987841194,0.08427758987839948,0.08427758987838703,0.08427758987837457,0.08427758987836208,0.08427758987834966,0.0842775898783372,0.08427758987832473,0.08427758987831228,0.08427758987829982,0.08427758987828736,0.08427758987827487,0.08427758987826243,0.08427758987824999,0.08427758987823752,0.08427758987822505,0.08427758987821259,0.08427758987820014,0.08427758987818765,0.08427758987817517,0.08427758987816271,0.08427758987815027,0.08427758987813778,0.08427758987812535,0.0842775898781129,0.08427758987810045,0.08427758987808802,0.08427758987807556,0.08427758987806307,0.08427758987805059,0.08427758987803814,0.08427758987802567,0.08427758987801325,0.08427758987800077,0.08427758987798831,0.08427758987797587,0.08427758987796342,0.08427758987795098,0.08427758987793851,0.08427758987792601,0.08427758987791355,0.08427758987790107,0.08427758987788862,0.08427758987787616,0.08427758987786371,0.08427758987785124,0.0842775898778388,0.08427758987782633,0.08427758987781388,0.08427758987780139,0.08427758987778891,0.08427758987777645,0.08427758987776397,0.08427758987775152,0.08427758987773906,0.08427758987772661,0.08427758987771418,0.08427758987770173,0.08427758987768928,0.08427758987767683,0.08427758987766437,0.08427758987765191,0.08427758987763943,0.08427758987762698,0.08427758987761451,0.08427758987760205,0.0842775898775896,0.08427758987757715,0.08427758987756467,0.0842775898775522,0.08427758987753974,0.08427758987752727,0.0842775898775148,0.08427758987750235,0.08427758987748986,0.08427758987747742,0.08427758987746498,0.08427758987745254,0.08427758987744007,0.08427758987742759,0.08427758987741513,0.08427758987740264,0.08427758987739019,0.08427758987737774,0.08427758987736525,0.08427758987735277,0.08427758987734038,0.08427758987732789,0.08427758987731544,0.08427758987730298,0.08427758987729055,0.08427758987727806,0.08427758987726562,0.08427758987725317,0.0842775898772407,0.08427758987722825,0.08427758987721574,0.08427758987720331,0.08427758987719088,0.0842775898771784,0.08427758987716595,0.08427758987715347,0.08427758987714101,0.08427758987712854,0.08427758987711609,0.0842775898771036,0.08427758987709116,0.08427758987707873,0.08427758987706628,0.08427758987705382,0.08427758987704133,0.08427758987702887,0.08427758987701642,0.08427758987700396,0.0842775898769915,0.08427758987697903,0.08427758987696657,0.0842775898769541,0.08427758987694167,0.08427758987692918,0.08427758987691675,0.08427758987690429,0.08427758987689184,0.08427758987687937,0.08427758987686691,0.0842775898768544,0.08427758987684199,0.0842775898768295,0.08427758987681705,0.0842775898768046,0.08427758987679212,0.08427758987677966,0.08427758987676724,0.08427758987675477,0.0842775898767423,0.08427758987672984,0.08427758987671741,0.08427758987670494,0.08427758987669247,0.08427758987668002,0.08427758987666753,0.08427758987665505,0.0842775898766426,0.08427758987663016,0.08427758987661772,0.08427758987660526,0.08427758987659277,0.08427758987658032,0.08427758987656786,0.08427758987655543,0.08427758987654296,0.0842775898765305,0.08427758987651805,0.08427758987650559,0.08427758987649311,0.08427758987648062,0.08427758987646819,0.0842775898764557,0.08427758987644327,0.08427758987643078,0.0842775898764183,0.08427758987640586,0.08427758987639342,0.08427758987638097,0.0842775898763685,0.08427758987635604,0.08427758987634361,0.08427758987633115,0.08427758987631866,0.0842775898763062,0.08427758987629377,0.08427758987628127,0.08427758987626881,0.08427758987625636,0.08427758987624392,0.08427758987623146,0.08427758987621897,0.0842775898762065,0.08427758987619405,0.0842775898761816,0.08427758987616911,0.08427758987615666,0.08427758987614421,0.08427758987613176,0.0842775898761193,0.08427758987610683,0.08427758987609438,0.08427758987608189,0.08427758987606941,0.08427758987605696,0.0842775898760445,0.08427758987603205,0.08427758987601965,0.08427758987600713,0.0842775898759947,0.08427758987598223,0.08427758987596978,0.08427758987595733,0.08427758987594489,0.08427758987593245,0.08427758987591999,0.08427758987590753,0.08427758987589506,0.08427758987588262,0.08427758987587017,0.08427758987585769,0.08427758987584523,0.08427758987583278,0.0842775898758203,0.08427758987580786,0.08427758987579538,0.0842775898757829,0.08427758987577046,0.084277589875758,0.08427758987574556,0.08427758987573312,0.08427758987572065,0.08427758987570816,0.08427758987569571,0.08427758987568323,0.08427758987567077,0.0842775898756583,0.08427758987564585,0.0842775898756334,0.08427758987562095,0.0842775898756085,0.08427758987559601,0.08427758987558355,0.0842775898755711,0.08427758987555864,0.0842775898755462,0.08427758987553374,0.08427758987552127,0.08427758987550883,0.0842775898754964,0.08427758987548395,0.08427758987547145,0.08427758987545901,0.08427758987544655,0.08427758987543407,0.08427758987542161,0.08427758987540918,0.0842775898753967,0.08427758987538425,0.08427758987537182,0.08427758987535934,0.08427758987534688,0.08427758987533442,0.08427758987532195,0.08427758987530949,0.08427758987529704,0.08427758987528457,0.08427758987527213,0.08427758987525966,0.08427758987524721,0.08427758987523475,0.0842775898752223,0.0842775898752098,0.08427758987519737,0.08427758987518491,0.08427758987517245,0.08427758987515999,0.08427758987514755,0.08427758987513506,0.0842775898751226,0.08427758987511014,0.08427758987509769,0.08427758987508523,0.08427758987507278,0.08427758987506033,0.08427758987504788,0.08427758987503542,0.08427758987502296,0.08427758987501047,0.08427758987499803,0.08427758987498557,0.08427758987497315,0.08427758987496066,0.08427758987494817,0.08427758987493573,0.08427758987492327,0.08427758987491078,0.08427758987489833,0.08427758987488589,0.08427758987487341,0.08427758987486096,0.0842775898748485,0.08427758987483608,0.0842775898748236,0.08427758987481117,0.08427758987479869,0.08427758987478624,0.08427758987477377,0.08427758987476133,0.08427758987474882,0.0842775898747364,0.08427758987472392,0.08427758987471146,0.08427758987469901,0.08427758987468655,0.08427758987467411,0.08427758987466163,0.08427758987464917,0.08427758987463672,0.08427758987462426,0.08427758987461179,0.08427758987459931,0.08427758987458685,0.08427758987457439,0.08427758987456192,0.08427758987454947,0.08427758987453701,0.08427758987452455,0.08427758987451209,0.08427758987449964,0.08427758987448715,0.08427758987447471,0.08427758987446225,0.08427758987444979,0.08427758987443736,0.08427758987442491,0.08427758987441246,0.0842775898744,0.0842775898743875,0.08427758987437506,0.08427758987436261,0.08427758987435015,0.08427758987433769,0.08427758987432522,0.08427758987431277,0.08427758987430033,0.08427758987428786,0.08427758987427537,0.08427758987426294,0.08427758987425046,0.08427758987423803,0.08427758987422554,0.08427758987421308,0.08427758987420064,0.08427758987418821,0.0842775898741757,0.08427758987416327,0.0842775898741508,0.08427758987413833,0.08427758987412588,0.08427758987411343,0.08427758987410094,0.08427758987408852,0.08427758987407603,0.0842775898740636,0.08427758987405114,0.08427758987403869,0.08427758987402623,0.08427758987401378,0.08427758987400129,0.08427758987398884,0.08427758987397636,0.08427758987396392,0.08427758987395144,0.08427758987393899,0.08427758987392654,0.08427758987391408,0.08427758987390163,0.08427758987388914,0.0842775898738767,0.08427758987386422,0.08427758987385177,0.08427758987383928,0.08427758987382683,0.08427758987381437,0.08427758987380192,0.08427758987378949,0.08427758987377701,0.08427758987376455,0.08427758987375206,0.08427758987373961,0.08427758987372715,0.08427758987371468,0.08427758987370225,0.08427758987368977,0.08427758987367732,0.08427758987366488,0.0842775898736524,0.08427758987363994,0.08427758987362748,0.08427758987361503,0.08427758987360254,0.08427758987359012,0.08427758987357763,0.08427758987356518,0.08427758987355273,0.08427758987355273,0.08427758987355273,0.08427758987355273
4,0.02633674683937881,0.02633674683937881,0.02633674683937881,0.02633674683937881,0.02633674683937882,0.026336746839378814,0.026336746839378814,0.026336746839378814,0.026336746839378814,0.026336746839378814,0.026336746839378814,0.026336746839378814,0.026336746839378814,0.026336746839378814,0.026336746839378814,0.026336746839378814,0.026336746839378814,0.026336746839378814,0.026336746839378814,0.026336746839378814,0.026336746839378814,0.026336746839378814,0.026336746839378814,0.026336746839378814,0.026336746839378814,0.026336746839378814,0.026336746839378814,0.026336746839378814,0.026336746839378814,0.026336746839378814,0.026336746839378814,0.026336746839378814,0.026336746839378814,0.026336746839378814,0.026336746839378814,0.026336746839378814,0.026336746839378814,0.026336746839378814,0.026336746839378814,0.026336746839378814,0.026336746839378814,0.026336746839378814,0.026336746839378814,0.026336746839378814,0.026336746839378814,0.026336746839378814,0.026336746839378814,0.026336746839378814,0.026336746839378814,0.026336746839378814,0.026336746839378814,0.026336746839378814,0.026336746839378814,0.026336746839378814,0.026336746839378814,0.026336746839378814,0.026336746839378814,0.026336746839378814,0.026336746839378814,0.026336746839378814,0.026336746839378814,0.026336746839378814,0.026336746839378814,0.026336746839378814,0.026336746839378814,0.026336746839378814,0.026336746839378814,0.026336746839378814,0.026336746839378814,0.026336746839378814,0.026336746839378814,0.026336746839378814,0.026336746839378814,0.026336746839378814,0.026336746839378814,0.026336746839378814,0.026336746839378814,0.026336746839378814,0.026336746839378814,0.026336746839378814,0.026336746839378814,0.026336746839378814,0.026336746839378814,0.026336746839378814,0.026336746839378814,0.026336746839378814,0.026336746839378814,0.026336746839378814,0.026336746839378814,0.026336746839378814,0.026336746839378814,0.026336746839378814,0.026336746839378814,0.026336746839378814,0.026336746839378814,0.026336746839378814,0.026336746839378814,0.026336746839378814,0.026336746839378814,0.026336746839378814,0.026336746839378814,0.026336746839378814,0.026336746839378814,0.026336746839378814,0.026336746839378814,0.026336746839378814,0.026336746839378814,0.026336746839378814,0.026336746839378814,0.026336746839378814,0.026336746839378814,0.026336746839378814,0.026336746839378814,0.026336746839378814,0.026336746839378814,0.026336746839378814,0.026336746839378814,0.026336746839378814,0.026336746839378814,0.026336746839378814,0.026336746839378814,0.026336746839378814,0.026336746839378814,0.026336746839378814,0.026336746839378814,0.026336746839378814,0.026336746839378814,0.026336746839378814,0.026336746839378814,0.026336746839378814,0.026336746839378814,0.026336746839378814,0.026336746839378814,0.026336746839378814,0.026336746839378814,0.026336746839378814,0.026336746839378814,0.026336746839378814,0.026336746839378814,0.026336746839378814,0.026336746839378814,0.026336746839378814,0.026336746839378814,0.026336746839378814,0.026336746839378814,0.026336746839378814,0.026336746839378814,0.026336746839378814,0.026336746839378814,0.026336746839378814,0.026336746839378814,0.026336746839378814,0.026336746839378814,0.026336746839378814,0.026336746839378814,0.026336746839378814,0.026336746839378814,0.026336746839378814,0.026336746839378814,0.026336746839378814,0.026336746839378814,0.026336746839378814,0.026336746839378814,0.026336746839378814,0.026336746839378814,0.026336746839378814,0.026336746839378814,0.026336746839378814,0.026336746839378814,0.026336746839378814,0.026336746839378814,0.026336746839378814,0.026336746839378814,0.026336746839378814,0.026336746839378814,0.026336746839378814,0.026336746839378814,0.026336746839378814,0.026336746839378814,0.026336746839378814,0.026336746839378814,0.026336746839378814,0.026336746839378814,0.026336746839378814,0.026336746839378814,0.026336746839378814,0.026336746839378814,0.026336746839378814,0.026336746839378814,0.026336746839378814,0.026336746839378814,0.026336746839378814,0.026336746839378814,0.026336746839378814,0.026336746839378814,0.026336746839378814,0.026336746839378814,0.026336746839378814,0.026336746839378814,0.026336746839378814,0.026336746839378814,0.026336746839378814,0.026336746839378814,0.026336746839378814,0.026336746839378814,0.026336746839378814,0.026336746839378814,0.026336746839378814,0.026336746839378814,0.026336746839378814,0.026336746839378814,0.026336746839378814,0.026336746839378814,0.026336746839378814,0.026336746839378814,0.026336746839378814,0.026336746839378814,0.026336746839378814,0.026336746839378814,0.026336746839378814,0.026336746839378814,0.026336746839378814,0.026336746839378814,0.026336746839378814,0.026336746839378814,0.026336746839378814,0.026336746839378814,0.026336746839378814,0.026336746839378814,0.026336746839378814,0.026336746839378814,0.026336746839378814,0.026336746839378814,0.026336746839378814,0.026336746839378814,0.026336746839378814,0.026336746839378814,0.026336746839378814,0.026336746839378814,0.026336746839378814,0.026336746839378814,0.026336746839378814,0.026336746839378814,0.026336746839378814,0.026336746839378814,0.026336746839378814,0.026336746839378814,0.026336746839378814,0.026336746839378814,0.026336746839378814,0.026336746839378814,0.026336746839378814,0.026336746839378814,0.026336746839378814,0.026336746839378814,0.026336746839378814,0.026336746839378814,0.026336746839378814,0.026336746839378814,0.026336746839378814,0.026336746839378814,0.026336746839378814,0.026336746839378814,0.026336746839378814,0.026336746839378814,0.026336746839378814,0.026336746839378814,0.026336746839378814,0.026336746839378814,0.026336746839378814,0.026336746839378814,0.026336746839378814,0.026336746839378814,0.026336746839378814,0.026336746839378814,0.026336746839378814,0.026336746839378814,0.026336746839378814,0.026336746839378814,0.026336746839378814,0.026336746839378814,0.026336746839378814,0.026336746839378814,0.026336746839378814,0.026336746839378814,0.026336746839378814,0.026336746839378814,0.026336746839378814,0.026336746839378814,0.026336746839378814,0.026336746839378814,0.026336746839378814,0.026336746839378814,0.026336746839378814,0.026336746839378814,0.026336746839378814,0.026336746839378814,0.026336746839378814,0.026336746839378814,0.026336746839378814,0.026336746839378814,0.026336746839378814,0.026336746839378814,0.026336746839378814,0.026336746839378814,0.026336746839378814,0.026336746839378814,0.026336746839378814,0.026336746839378814,0.026336746839378814,0.026336746839378814,0.026336746839378814,0.026336746839378814,0.026336746839378814,0.026336746839378814,0.026336746839378814,0.026336746839378814,0.026336746839378814,0.026336746839378814,0.026336746839378814,0.026336746839378814,0.026336746839378814,0.026336746839378814,0.026336746839378814,0.026336746839378814,0.026336746839378814,0.026336746839378814,0.026336746839378814,0.026336746839378814,0.026336746839378814,0.026336746839378814,0.026336746839378814,0.026336746839378814,0.026336746839378814,0.026336746839378814,0.026336746839378814,0.026336746839378814,0.026336746839378814,0.026336746839378814,0.026336746839378814,0.026336746839378814,0.026336746839378814,0.026336746839378814,0.026336746839378814,0.026336746839378814,0.026336746839378814,0.026336746839378814,0.026336746839378814,0.026336746839378814,0.026336746839378814,0.026336746839378814,0.026336746839378814,0.026336746839378814,0.026336746839378814,0.026336746839378814,0.026336746839378814,0.026336746839378814,0.026336746839378814,0.026336746839378814,0.026336746839378814,0.026336746839378814,0.026336746839378814,0.026336746839378814,0.026336746839378814,0.026336746839378814,0.026336746839378814,0.026336746839378814,0.026336746839378814,0.026336746839378814,0.026336746839378814,0.026336746839378814,0.026336746839378814,0.026336746839378814,0.026336746839378814,0.026336746839378814,0.026336746839378814,0.026336746839378814,0.026336746839378814,0.026336746839378814,0.026336746839378814,0.026336746839378814,0.026336746839378814,0.026336746839378814,0.026336746839378814,0.026336746839378814,0.026336746839378814,0.026336746839378814,0.026336746839378814,0.026336746839378814,0.026336746839378814,0.026336746839378814,0.026336746839378814,0.026336746839378814,0.026336746839378814,0.026336746839378814,0.026336746839378814,0.026336746839378814,0.026336746839378814,0.026336746839378814,0.026336746839378814,0.026336746839378814,0.026336746839378814,0.026336746839378814,0.026336746839378814,0.026336746839378814,0.026336746839378814,0.026336746839378814,0.026336746839378814,0.026336746839378814,0.026336746839378814,0.026336746839378814,0.026336746839378814,0.026336746839378814,0.026336746839378814,0.026336746839378814,0.026336746839378814,0.026336746839378814,0.026336746839378814,0.026336746839378814,0.026336746839378814,0.026336746839378814,0.026336746839378814,0.026336746839378814,0.026336746839378814,0.026336746839378814,0.026336746839378814,0.026336746839378814,0.026336746839378814,0.026336746839378814,0.026336746839378814,0.026336746839378814,0.026336746839378814,0.026336746839378814,0.026336746839378814,0.026336746839378814,0.026336746839378814,0.026336746839378814,0.026336746839378814,0.026336746839378814,0.026336746839378814,0.026336746839378814,0.026336746839378814,0.026336746839378814,0.026336746839378814,0.026336746839378814,0.026336746839378814,0.026336746839378814,0.026336746839378814,0.026336746839378814,0.026336746839378814,0.026336746839378814,0.026336746839378814,0.026336746839378814,0.026336746839378814,0.026336746839378814,0.026336746839378814,0.026336746839378814,0.026336746839378814,0.026336746839378814,0.026336746839378814,0.026336746839378814,0.026336746839378814,0.026336746839378814,0.026336746839378814,0.026336746839378814,0.026336746839378814,0.026336746839378814,0.026336746839378814,0.026336746839378814,0.026336746839378814,0.026336746839378814,0.026336746839378814,0.026336746839378814,0.026336746839378814,0.026336746839378814,0.026336746839378814,0.026336746839378814,0.026336746839378814,0.026336746839378814,0.026336746839378814,0.026336746839378814,0.026336746839378814,0.026336746839378814,0.026336746839378814,0.026336746839378814,0.026336746839378814,0.026336746839378814,0.026336746839378814,0.026336746839378814,0.026336746839378814,0.026336746839378814,0.026336746839378814,0.026336746839378814,0.026336746839378814,0.026336746839378814,0.026336746839378814,0.026336746839378814,0.026336746839378814,0.026336746839378814,0.026336746839378814,0.026336746839378814,0.026336746839378814,0.026336746839378814,0.026336746839378814,0.026336746839378814,0.026336746839378814,0.026336746839378814,0.026336746839378814,0.026336746839378814,0.026336746839378814,0.026336746839378814,0.026336746839378814,0.026336746839378814,0.026336746839378814,0.026336746839378814,0.026336746839378814,0.026336746839378814,0.026336746839378814,0.026336746839378814,0.026336746839378814,0.026336746839378814,0.026336746839378814,0.026336746839378814,0.026336746839378814,0.026336746839378814,0.026336746839378814,0.026336746839378814,0.026336746839378814,0.026336746839378814,0.026336746839378814,0.026336746839378814,0.026336746839378814,0.026336746839378814,0.026336746839378814,0.026336746839378814,0.026336746839378814,0.026336746839378814,0.026336746839378814,0.026336746839378814,0.026336746839378814,0.026336746839378814,0.026336746839378814,0.026336746839378814,0.026336746839378814,0.026336746839378814,0.026336746839378814,0.026336746839378814,0.026336746839378814,0.026336746839378814,0.026336746839378814,0.026336746839378814,0.026336746839378814,0.026336746839378814,0.026336746839378814,0.026336746839378814,0.026336746839378814,0.026336746839378814,0.026336746839378814,0.026336746839378814,0.026336746839378814,0.026336746839378814,0.026336746839378814,0.026336746839378814,0.026336746839378814,0.026336746839378814,0.026336746839378814,0.026336746839378814,0.026336746839378814,0.026336746839378814,0.026336746839378814,0.026336746839378814,0.026336746839378814,0.026336746839378814,0.026336746839378814,0.026336746839378814,0.026336746839378814,0.026336746839378814,0.026336746839378814,0.026336746839378814,0.026336746839378814,0.026336746839378814,0.026336746839378814,0.026336746839378814,0.026336746839378814,0.026336746839378814,0.026336746839378814,0.026336746839378814,0.026336746839378814,0.026336746839378814,0.026336746839378814,0.026336746839378814,0.026336746839378814,0.026336746839378814,0.026336746839378814,0.026336746839378814,0.026336746839378814,0.026336746839378814,0.026336746839378814,0.026336746839378814,0.026336746839378814,0.026336746839378814,0.026336746839378814,0.026336746839378814,0.026336746839378814,0.026336746839378814,0.026336746839378814,0.026336746839378814,0.026336746839378814,0.026336746839378814,0.026336746839378814,0.026336746839378814,0.026336746839378814,0.026336746839378814,0.026336746839378814,0.026336746839378814,0.026336746839378814,0.026336746839378814,0.026336746839378814,0.026336746839378814,0.026336746839378814,0.026336746839378814,0.026336746839378814,0.026336746839378814,0.026336746839378814,0.026336746839378814,0.026336746839378814,0.026336746839378814,0.026336746839378814,0.026336746839378814,0.026336746839378814,0.026336746839378814,0.026336746839378814,0.026336746839378814,0.026336746839378814,0.026336746839378814,0.026336746839378814,0.026336746839378814,0.026336746839378814,0.026336746839378814,0.026336746839378814,0.026336746839378814,0.026336746839378814,0.026336746839378814,0.026336746839378814,0.026336746839378814,0.026336746839378814,0.026336746839378814,0.026336746839378814,0.026336746839378814,0.026336746839378814,0.026336746839378814,0.026336746839378814,0.026336746839378814,0.026336746839378814,0.026336746839378814,0.026336746839378814,0.026336746839378814,0.026336746839378814,0.026336746839378814,0.026336746839378814,0.026336746839378814,0.026336746839378814,0.026336746839378814,0.026336746839378814,0.026336746839378814,0.026336746839378814,0.026336746839378814,0.026336746839378814,0.026336746839378814,0.026336746839378814,0.026336746839378814,0.026336746839378814,0.026336746839378814,0.026336746839378814,0.026336746839378814,0.026336746839378814,0.026336746839378814,0.026336746839378814,0.026336746839378814,0.026336746839378814,0.026336746839378814,0.026336746839378814,0.026336746839378814,0.026336746839378814,0.026336746839378814,0.026336746839378814,0.026336746839378814,0.026336746839378814,0.026336746839378814,0.026336746839378814,0.026336746839378814,0.026336746839378814,0.026336746839378814,0.026336746839378814,0.026336746839378814,0.026336746839378814,0.026336746839378814,0.026336746839378814,0.026336746839378814,0.026336746839378814,0.026336746839378814,0.026336746839378814,0.026336746839378814,0.026336746839378814,0.026336746839378814,0.026336746839378814,0.026336746839378814,0.026336746839378814,0.026336746839378814,0.026336746839378814,0.026336746839378814,0.026336746839378814,0.026336746839378814,0.026336746839378814,0.026336746839378814,0.026336746839378814,0.026336746839378814,0.026336746839378814,0.026336746839378814,0.026336746839378814,0.026336746839378814,0.026336746839378814,0.026336746839378814,0.026336746839378814,0.026336746839378814,0.026336746839378814,0.026336746839378814,0.026336746839378814,0.026336746839378814,0.026336746839378814,0.026336746839378814,0.026336746839378814,0.026336746839378814,0.026336746839378814,0.026336746839378814,0.026336746839378814,0.026336746839378814,0.026336746839378814,0.026336746839378814,0.026336746839378814,0.026336746839378814,0.026336746839378814,0.026336746839378814,0.026336746839378814,0.026336746839378814,0.026336746839378814,0.026336746839378814,0.026336746839378814,0.026336746839378814,0.026336746839378814,0.026336746839378814,0.026336746839378814,0.026336746839378814,0.026336746839378814,0.026336746839378814,0.026336746839378814,0.026336746839378814,0.026336746839378814,0.026336746839378814,0.026336746839378814,0.026336746839378814,0.026336746839378814,0.026336746839378814,0.026336746839378814,0.026336746839378814,0.026336746839378814,0.026336746839378814,0.026336746839378814,0.026336746839378814,0.026336746839378814,0.026336746839378814,0.026336746839378814,0.026336746839378814,0.026336746839378814,0.026336746839378814,0.026336746839378814,0.026336746839378814,0.026336746839378814,0.026336746839378814,0.026336746839378814,0.026336746839378814,0.026336746839378814,0.026336746839378814,0.026336746839378814,0.026336746839378814,0.026336746839378814,0.026336746839378814,0.026336746839378814,0.026336746839378814,0.026336746839378814,0.026336746839378814,0.026336746839378814,0.026336746839378814,0.026336746839378814,0.026336746839378814,0.026336746839378814,0.026336746839378814,0.026336746839378814,0.026336746839378814,0.026336746839378814,0.026336746839378814,0.026336746839378814,0.026336746839378814,0.026336746839378814,0.026336746839378814,0.026336746839378814,0.026336746839378814,0.026336746839378814,0.026336746839378814,0.026336746839378814,0.026336746839378814,0.026336746839378814,0.026336746839378814,0.026336746839378814,0.026336746839378814,0.026336746839378814,0.026336746839378814,0.026336746839378814,0.026336746839378814,0.026336746839378814,0.026336746839378814,0.026336746839378814,0.026336746839378814,0.026336746839378814,0.026336746839378814,0.026336746839378814,0.026336746839378814,0.026336746839378814,0.026336746839378814,0.026336746839378814,0.026336746839378814,0.026336746839378814,0.026336746839378814,0.026336746839378814,0.026336746839378814,0.026336746839378814,0.026336746839378814,0.026336746839378814,0.026336746839378814,0.026336746839378814,0.026336746839378814,0.026336746839378814,0.026336746839378814,0.026336746839378814,0.026336746839378814,0.026336746839378814,0.026336746839378814,0.026336746839378814,0.026336746839378814,0.026336746839378814,0.026336746839378814,0.026336746839378814,0.026336746839378814,0.026336746839378814,0.026336746839378814,0.026336746839378814,0.026336746839378814,0.026336746839378814,0.026336746839378814,0.026336746839378814,0.026336746839378814,0.026336746839378814,0.026336746839378814,0.026336746839378814,0.026336746839378814,0.026336746839378814,0.026336746839378814,0.026336746839378814,0.026336746839378814,0.026336746839378814,0.026336746839378814,0.026336746839378814,0.026336746839378814,0.026336746839378814,0.026336746839378814,0.026336746839378814,0.026336746839378814,0.026336746839378814,0.026336746839378814,0.026336746839378814,0.026336746839378814,0.026336746839378814,0.026336746839378814,0.026336746839378814,0.026336746839378814,0.026336746839378814,0.026336746839378814,0.026336746839378814,0.026336746839378814,0.026336746839378814,0.026336746839378814,0.026336746839378814,0.026336746839378814,0.026336746839378814,0.026336746839378814,0.026336746839378814,0.026336746839378814,0.026336746839378814,0.026336746839378814,0.026336746839378814,0.026336746839378814,0.026336746839378814,0.026336746839378814,0.026336746839378814,0.026336746839378814,0.026336746839378814,0.026336746839378814,0.026336746839378814,0.026336746839378814,0.026336746839378814,0.026336746839378814,0.026336746839378814,0.026336746839378814,0.026336746839378814,0.026336746839378814,0.026336746839378814,0.026336746839378814,0.026336746839378814,0.026336746839378814,0.026336746839378814,0.026336746839378814,0.026336746839378814,0.026336746839378814,0.026336746839378814,0.026336746839378814,0.026336746839378814,0.026336746839378814,0.026336746839378814,0.026336746839378814,0.026336746839378814,0.026336746839378814,0.026336746839378814,0.026336746839378814,0.026336746839378814,0.026336746839378814,0.026336746839378814,0.026336746839378814,0.026336746839378814,0.026336746839378814,0.026336746839378814,0.026336746839378814,0.026336746839378814,0.026336746839378814,0.026336746839378814,0.026336746839378814,0.026336746839378814,0.026336746839378814,0.026336746839378814,0.026336746839378814,0.026336746839378814,0.026336746839378814,0.026336746839378814,0.026336746839378814,0.026336746839378814,0.026336746839378814,0.026336746839378814,0.026336746839378814,0.026336746839378814,0.026336746839378814,0.026336746839378814,0.026336746839378814,0.026336746839378814,0.026336746839378814,0.026336746839378814,0.026336746839378814,0.026336746839378814,0.026336746839378814,0.026336746839378814,0.026336746839378814,0.026336746839378814,0.026336746839378814,0.026336746839378814,0.026336746839378814,0.026336746839378814,0.026336746839378814,0.026336746839378814,0.026336746839378814,0.026336746839378814,0.026336746839378814,0.026336746839378814,0.026336746839378814,0.026336746839378814,0.026336746839378814,0.026336746839378814,0.026336746839378814,0.026336746839378814,0.026336746839378814,0.026336746839378814,0.026336746839378814,0.026336746839378814,0.026336746839378814,0.026336746839378814,0.026336746839378814,0.026336746839378814,0.026336746839378814,0.026336746839378814,0.026336746839378814,0.026336746839378814,0.026336746839378814,0.026336746839378814,0.026336746839367837,0.026336746839356762,0.026336746839345684,0.026336746839334596,0.026336746839323515,0.026336746839312433,0.02633674683930136,0.026336746839290263,0.026336746839279186,0.026336746839268094,0.026336746839257012,0.026336746839245938,0.026336746839234853,0.026336746839223768,0.026336746839212687,0.026336746839201598,0.02633674683919052,0.026336746839179432,0.026336746839168347,0.026336746839157273,0.026336746839146198,0.02633674683913512,0.026336746839124032,0.026336746839112957,0.026336746839101876,0.026336746839090788,0.026336746839079713,0.026336746839068635,0.026336746839057554,0.02633674683904647,0.026336746839035387,0.026336746839024313,0.02633674683901324,0.026336746839002147,0.02633674683899106,0.026336746838979987,0.026336746838968902,0.026336746838957828,0.02633674683894674,0.02633674683893567,0.02633674683892458,0.02633674683891349,0.02633674683890241,0.026336746838891322,0.026336746838880248,0.026336746838869156,0.026336746838858078,0.026336746838846996,0.02633674683883592,0.026336746838824848,0.026336746838813756,0.026336746838802685,0.0263367468387916,0.02633674683878052,0.02633674683876944,0.026336746838758363,0.02633674683874728,0.0263367468387362,0.026336746838725115,0.026336746838714033,0.02633674683870296,0.026336746838691878,0.0263367468386808,0.026336746838669718,0.026336746838658637,0.02633674683864755,0.026336746838636477,0.026336746838625396,0.026336746838614304,0.02633674683860323,0.026336746838592152,0.026336746838581074,0.02633674683856999,0.0263367468385589,0.02633674683854782,0.026336746838536727,0.026336746838525663,0.02633674683851458,0.0263367468385035,0.026336746838492416,0.026336746838481334,0.026336746838470256,0.026336746838459175,0.0263367468384481,0.02633674683843701,0.026336746838425934,0.026336746838414835,0.026336746838403757,0.026336746838392676,0.0263367468383816,0.026336746838370513,0.026336746838359435,0.026336746838348354,0.026336746838337467,0.026336746838326364,0.02633674683831529,0.026336746838304205,0.02633674683829312,0.02633674683828204,0.026336746838270957,0.02633674683825989,0.02633674683824881,0.02633674683823772,0.02633674683822664,0.026336746838215557,0.02633674683820448,0.026336746838193394,0.02633674683818232,0.02633674683817124,0.026336746838160157,0.026336746838149086,0.026336746838137998,0.02633674683812692,0.02633674683811584,0.02633674683810476,0.026336746838093682,0.026336746838082604,0.026336746838071516,0.026336746838060435,0.026336746838049343,0.02633674683803827,0.026336746838027187,0.026336746838016102,0.026336746838005035,0.026336746837993953,0.026336746837982872,0.026336746837971787,0.026336746837960712,0.026336746837949638,0.02633674683793855,0.02633674683792747,0.02633674683791638,0.0263367468379053,0.02633674683789421,0.026336746837883136,0.02633674683787205,0.02633674683786097,0.02633674683784988,0.0263367468378388,0.026336746837827715,0.026336746837816637,0.026336746837805562,0.026336746837794477,0.026336746837783403,0.02633674683777233,0.026336746837761243,0.02633674683775016,0.02633674683773908,0.026336746837727992,0.026336746837716907,0.026336746837705816,0.026336746837694738,0.026336746837683642,0.026336746837672557,0.026336746837661476,0.02633674683765041,0.026336746837639327,0.026336746837628242,0.02633674683761716,0.026336746837606086,0.026336746837595005,0.02633674683758393,0.026336746837572842,0.026336746837561754,0.026336746837550662,0.026336746837539584,0.026336746837528516,0.026336746837517428,0.026336746837506354,0.026336746837495272,0.0263367468374842,0.026336746837473113,0.02633674683746204,0.026336746837450957,0.026336746837439876,0.026336746837428798,0.02633674683741771,0.026336746837406617,0.026336746837395546,0.026336746837384458,0.026336746837373384,0.026336746837362295,0.02633674683735122,0.026336746837340136,0.026336746837329048,0.026336746837317963,0.02633674683730688,0.0263367468372958,0.026336746837284715,0.026336746837273634,0.02633674683726256,0.02633674683725148,0.0263367468372404,0.026336746837229315,0.026336746837218226,0.02633674683720715,0.026336746837196064,0.026336746837184993,0.026336746837173915,0.026336746837162833,0.02633674683715176,0.026336746837140674,0.026336746837129582,0.026336746837118508,0.026336746837107426,0.026336746837096348,0.02633674683708526,0.02633674683707418,0.0263367468370631,0.026336746837052023,0.026336746837040938,0.02633674683702986,0.02633674683701878,0.0263367468370077,0.026336746836996616,0.02633674683698554,0.026336746836974456,0.026336746836963375,0.02633674683695229,0.02633674683694121,0.02633674683693013,0.026336746836919053,0.02633674683690797,0.026336746836896897,0.026336746836885822,0.02633674683687473,0.026336746836863652,0.026336746836852564,0.026336746836841483,0.026336746836830405,0.026336746836819323,0.026336746836808252,0.02633674683679716,0.02633674683678608,0.026336746836774998,0.026336746836763916,0.02633674683675284,0.026336746836741757,0.02633674683673068,0.026336746836719587,0.026336746836708513,0.026336746836697424,0.02633674683668634,0.026336746836675258,0.02633674683666419,0.026336746836653106,0.026336746836642024,0.02633674683663095,0.026336746836619865,0.02633674683660879,0.02633674683659772,0.026336746836586634,0.02633674683657556,0.026336746836564468,0.026336746836553387,0.02633674683654231,0.026336746836531234,0.02633674683652014,0.026336746836509058,0.02633674683649798,0.026336746836486888,0.026336746836475813,0.02633674683646472,0.02633674683645364,0.02633674683644255,0.026336746836431474,0.026336746836420382,0.026336746836409304,0.02633674683639821,0.026336746836387138,0.02633674683637606,0.026336746836364992,0.026336746836353904,0.026336746836342826,0.02633674683633175,0.02633674683632067,0.026336746836309596,0.026336746836298507,0.02633674683628743,0.026336746836276348,0.026336746836265267,0.026336746836254192,0.026336746836243118,0.02633674683623203,0.026336746836220955,0.026336746836209873,0.02633674683619878,0.026336746836187697,0.02633674683617662,0.026336746836165537,0.026336746836154445,0.026336746836143364,0.02633674683613228,0.02633674683612119,0.026336746836110123,0.02633674683609904,0.026336746836087964,0.026336746836076876,0.0263367468360658,0.02633674683605472,0.02633674683604364,0.026336746836032567,0.026336746836021475,0.026336746836010397,0.026336746835999316,0.026336746835988235,0.026336746835977143,0.02633674683596607,0.026336746835954987,0.026336746835943912,0.026336746835932835,0.026336746835921753,0.02633674683591066,0.026336746835899583,0.02633674683588851,0.026336746835877417,0.026336746835866343,0.026336746835855258,0.02633674683584417,0.026336746835833102,0.026336746835822017,0.02633674683581094,0.02633674683579985,0.026336746835788773,0.026336746835777688,0.02633674683576661,0.026336746835755535,0.026336746835744457,0.02633674683573338,0.0263367468357223,0.02633674683571122,0.026336746835700142,0.026336746835689064,0.026336746835677976,0.0263367468356669,0.02633674683565581,0.02633674683564474,0.02633674683563366,0.026336746835622572,0.02633674683561149,0.026336746835600416,0.02633674683558933,0.02633674683557825,0.026336746835567155,0.026336746835556077,0.026336746835544995,0.02633674683553392,0.02633674683552283,0.02633674683551175,0.026336746835500666,0.02633674683548959,0.026336746835478504,0.026336746835467415,0.026336746835456337,0.026336746835445256,0.026336746835434174,0.026336746835423093,0.026336746835412025,0.02633674683540094,0.026336746835389863,0.026336746835378785,0.02633674683536771,0.026336746835356625,0.026336746835345547,0.02633674683533447,0.026336746835323395,0.0263367468353123,0.026336746835301225,0.02633674683529014,0.02633674683527906,0.02633674683526797,0.026336746835256875,0.026336746835245804,0.026336746835234723,0.02633674683522363,0.02633674683521255,0.026336746835201475,0.026336746835190397,0.026336746835179316,0.026336746835168238,0.02633674683515715,0.026336746835146068,0.02633674683513498,0.0263367468351239,0.026336746835112824,0.026336746835101742,0.026336746835090664,0.02633674683507958,0.026336746835068505,0.026336746835057424,0.02633674683504635,0.026336746835035268,0.026336746835024183,0.0263367468350131,0.02633674683500202,0.026336746834990928,0.026336746834979847,0.02633674683496877,0.026336746834957694,0.026336746834946613,0.02633674683493553,0.026336746834924457,0.026336746834913372,0.02633674683490228,0.02633674683489121,0.026336746834880125,0.02633674683486905,0.026336746834857958,0.026336746834846877,0.02633674683483579,0.026336746834824714,0.026336746834813622,0.026336746834802537,0.026336746834791466,0.026336746834780392,0.026336746834769307,0.026336746834758236,0.02633674683474715,0.02633674683473607,0.02633674683472499,0.02633674683471391,0.026336746834702836,0.02633674683469176,0.02633674683468067,0.026336746834669585,0.026336746834658507,0.026336746834647415,0.02633674683463633,0.02633674683462525,0.026336746834614174,0.02633674683460309,0.026336746834592004,0.02633674683458092,0.026336746834569845,0.026336746834558764,0.026336746834547686,0.026336746834536604,0.02633674683452553,0.02633674683451444,0.026336746834503363,0.026336746834492282,0.026336746834481208,0.026336746834470126,0.02633674683445904,0.02633674683444796,0.02633674683443687,0.026336746834425794,0.0263367468344147,0.026336746834403624,0.02633674683439254,0.02633674683438146,0.02633674683437038,0.026336746834359298,0.02633674683434821,0.026336746834337135,0.026336746834326054,0.02633674683431498,0.026336746834303894,0.02633674683429281,0.02633674683428172,0.026336746834270643,0.026336746834259565,0.02633674683424848,0.026336746834237403,0.026336746834226328,0.02633674683421524,0.026336746834204162,0.026336746834193077,0.026336746834181995,0.02633674683417092,0.026336746834159843,0.026336746834148758,0.026336746834137673,0.026336746834126602,0.026336746834115517,0.02633674683410444,0.026336746834093358,0.026336746834082273,0.026336746834071185,0.0263367468340601,0.026336746834049025,0.026336746834037937,0.02633674683402685,0.026336746834015767,0.02633674683400469,0.02633674683399361,0.026336746833982533,0.026336746833971445,0.026336746833960364,0.026336746833949286,0.026336746833938197,0.02633674683392713,0.02633674683391604,0.026336746833904953,0.026336746833893875,0.026336746833882804,0.02633674683387172,0.026336746833860634,0.026336746833849553,0.026336746833838468,0.02633674683382739,0.026336746833816312,0.026336746833805238,0.026336746833794156,0.02633674683378307,0.026336746833771987,0.026336746833760912,0.026336746833749824,0.026336746833738742,0.02633674683372766,0.026336746833716566,0.026336746833705488,0.02633674683369441,0.026336746833683318,0.026336746833672237,0.026336746833661162,0.02633674683365009,0.026336746833639013,0.026336746833627918,0.026336746833616843,0.026336746833605765,0.026336746833594684,0.026336746833583596,0.02633674683357252,0.026336746833561443,0.026336746833550362,0.02633674683353928,0.0263367468335282,0.026336746833517125,0.026336746833506043,0.026336746833494965,0.02633674683348388,0.026336746833472792,0.02633674683346171,0.026336746833450626,0.026336746833439537,0.02633674683342845,0.026336746833417368,0.026336746833406293,0.0263367468333952,0.026336746833384127,0.026336746833373045,0.026336746833361957,0.02633674683335088,0.0263367468333398,0.02633674683332872,0.026336746833317642,0.02633674683330657,0.026336746833295486,0.0263367468332844,0.02633674683327332,0.026336746833262252,0.026336746833251164,0.026336746833240082,0.026336746833229,0.02633674683321792,0.026336746833206838,0.02633674683319575,0.02633674683318468,0.026336746833173597,0.026336746833162512,0.026336746833151424,0.026336746833140346,0.026336746833129258,0.02633674683311818,0.02633674683310709,0.02633674683309601,0.026336746833084936,0.026336746833073858,0.02633674683306277,0.02633674683305169,0.026336746833040613,0.026336746833029535,0.026336746833018454,0.02633674683300737,0.026336746832996288,0.026336746832985206,0.02633674683297413,0.026336746832963047,0.026336746832951966,0.026336746832940888,0.026336746832929806,0.02633674683291872,0.026336746832907647,0.02633674683289656,0.02633674683288547,0.026336746832874396,0.026336746832863314,0.02633674683285223,0.02633674683284114,0.02633674683283007,0.026336746832818995,0.026336746832807914,0.026336746832796833,0.02633674683278574,0.026336746832774656,0.026336746832763585,0.026336746832752504,0.026336746832741415,0.02633674683273033,0.026336746832719252,0.026336746832708178,0.026336746832697096,0.026336746832686015,0.026336746832674944,0.02633674683266385,0.026336746832652774,0.026336746832641693,0.026336746832630605,0.02633674683261952,0.02633674683260843,0.02633674683259736,0.026336746832586275,0.026336746832575187,0.026336746832564106,0.02633674683255303,0.02633674683254195,0.02633674683253087,0.026336746832519787,0.026336746832508705,0.026336746832497624,0.02633674683248655,0.026336746832475475,0.026336746832464397,0.02633674683245331,0.026336746832442224,0.026336746832431143,0.026336746832420054,0.026336746832408973,0.026336746832397895,0.02633674683238682,0.026336746832375732,0.026336746832364654,0.026336746832353573,0.026336746832342498,0.026336746832331424,0.026336746832320346,0.026336746832309257,0.02633674683229817,0.026336746832287098,0.026336746832276013,0.026336746832264932,0.026336746832253843,0.026336746832242755,0.02633674683223168,0.026336746832220606,0.026336746832209525,0.026336746832198443,0.026336746832187355,0.026336746832176284,0.026336746832165192,0.026336746832154118,0.02633674683214303,0.026336746832131948,0.02633674683212087,0.026336746832109795,0.026336746832098714,0.026336746832087633,0.026336746832076548,0.026336746832065473,0.026336746832054385,0.026336746832043303,0.026336746832032226,0.026336746832021148,0.026336746832010066,0.02633674683199899,0.026336746831987914,0.026336746831976832,0.026336746831965747,0.02633674683195467,0.026336746831943585,0.02633674683193251,0.026336746831921432,0.026336746831910347,0.026336746831899266,0.026336746831888184,0.026336746831877107,0.02633674683186602,0.026336746831854933,0.02633674683184386,0.02633674683183278,0.0263367468318217,0.026336746831810615,0.026336746831799526,0.02633674683178845,0.026336746831777374,0.0263367468317663,0.02633674683175521,0.026336746831744137,0.026336746831733045,0.026336746831721963,0.026336746831710882,0.026336746831699804,0.026336746831688723,0.026336746831677638,0.026336746831666567,0.026336746831655482,0.0263367468316444,0.026336746831633322,0.026336746831622248,0.026336746831611163,0.02633674683160009,0.026336746831589007,0.02633674683157792,0.026336746831566837,0.026336746831555752,0.02633674683154468,0.026336746831533607,0.02633674683152252,0.026336746831511437,0.026336746831500356,0.026336746831489274,0.026336746831478193,0.026336746831467122,0.02633674683145603,0.02633674683144495,0.026336746831433867,0.026336746831422796,0.026336746831411708,0.026336746831400623,0.026336746831389545,0.026336746831378467,0.026336746831367386,0.026336746831356304,0.026336746831345226,0.02633674683133414,0.026336746831323064,0.026336746831311996,0.026336746831300904,0.02633674683128983,0.026336746831278752,0.026336746831267674,0.026336746831256592,0.026336746831245508,0.026336746831234412,0.026336746831223348,0.02633674683121226,0.02633674683120118,0.0263367468311901,0.02633674683117902,0.026336746831167938,0.02633674683115686,0.02633674683114578,0.02633674683113469,0.02633674683112361,0.02633674683111253,0.026336746831101456,0.026336746831090368,0.02633674683107929,0.0263367468310682,0.02633674683105712,0.026336746831046046,0.026336746831034968,0.026336746831023886,0.026336746831012798,0.02633674683100171,0.02633674683099063,0.026336746830979554,0.026336746830968483,0.026336746830957398,0.02633674683094632,0.026336746830935245,0.026336746830924154,0.02633674683091308,0.02633674683090199,0.026336746830890916,0.026336746830879824,0.02633674683086875,0.026336746830857672,0.026336746830846584,0.026336746830835502,0.026336746830824428,0.026336746830813353,0.02633674683080227,0.026336746830791187,0.026336746830780102,0.026336746830769028,0.026336746830757943,0.026336746830746854,0.02633674683073578,0.026336746830724695,0.026336746830713614,0.02633674683070253,0.026336746830691454,0.026336746830680373,0.02633674683066929,0.02633674683065821,0.026336746830647125,0.026336746830636058,0.026336746830624973,0.026336746830613898,0.026336746830602813,0.026336746830591732,0.02633674683058065,0.026336746830569573,0.026336746830558484,0.026336746830547406,0.026336746830536325,0.026336746830525243,0.02633674683051416,0.026336746830503074,0.026336746830492006,0.026336746830480918,0.026336746830469843,0.02633674683045876,0.02633674683044767,0.02633674683043659,0.026336746830425507,0.02633674683041443,0.026336746830403348,0.026336746830392267,0.02633674683038118,0.026336746830370104,0.02633674683035902,0.026336746830347937,0.026336746830336856,0.026336746830325775,0.026336746830314693,0.02633674683030361,0.026336746830292523,0.026336746830281442,0.02633674683027036,0.026336746830259276,0.0263367468302482,0.026336746830237123,0.026336746830226035,0.02633674683021495,0.026336746830203876,0.026336746830192794,0.026336746830181713,0.026336746830170628,0.026336746830159546,0.02633674683014847,0.02633674683013739,0.026336746830126316,0.026336746830115224,0.026336746830104153,0.026336746830093072,0.026336746830081987,0.026336746830070906,0.026336746830059824,0.026336746830048732,0.026336746830037654,0.02633674683002658,0.0263367468300155,0.026336746830004407,0.02633674682999333,0.026336746829982247,0.026336746829971166,0.02633674682996008,0.026336746829949,0.02633674682993792,0.026336746829926847,0.02633674682991577,0.026336746829904688,0.0263367468298936,0.026336746829882518,0.026336746829871437,0.02633674682986035,0.026336746829849274,0.02633674682983819,0.026336746829827118,0.02633674682981603,0.026336746829804948,0.02633674682979387,0.026336746829782785,0.026336746829771697,0.026336746829760622,0.026336746829749538,0.026336746829738446,0.02633674682972737,0.026336746829716297,0.0263367468297052,0.026336746829694124,0.026336746829683046,0.026336746829671964,0.026336746829660886,0.0263367468296498,0.026336746829638727,0.026336746829627646,0.02633674682961657,0.02633674682960549,0.0263367468295944,0.026336746829583323,0.026336746829572242,0.02633674682956117,0.026336746829550083,0.026336746829538994,0.02633674682952792,0.02633674682951684,0.026336746829505746,0.026336746829494672,0.026336746829483587,0.026336746829472506,0.026336746829461428,0.026336746829450346,0.026336746829439272,0.026336746829428187,0.02633674682941711,0.026336746829406035,0.02633674682939495,0.02633674682938387,0.026336746829372787,0.0263367468293617,0.026336746829350628,0.02633674682933954,0.02633674682932846,0.02633674682931738,0.026336746829306295,0.02633674682929522,0.026336746829284136,0.02633674682927306,0.02633674682926198,0.0263367468292509,0.02633674682923981,0.026336746829228725,0.026336746829217644,0.026336746829206562,0.026336746829195484,0.026336746829184403,0.02633674682917333,0.026336746829162237,0.02633674682915116,0.02633674682914008,0.026336746829128992,0.026336746829117914,0.026336746829106836,0.02633674682909575,0.026336746829084677,0.026336746829073603,0.02633674682906252,0.026336746829051436,0.026336746829040355,0.026336746829029263,0.026336746829018178,0.026336746829007104,0.026336746828996026,0.026336746828984937,0.02633674682897386,0.026336746828962785,0.0263367468289517,0.02633674682894062,0.026336746828929534,0.02633674682891845,0.026336746828907374,0.026336746828896286,0.0263367468288852,0.02633674682887412,0.02633674682886305,0.026336746828851964,0.02633674682884088,0.026336746828829794,0.02633674682881872,0.02633674682880763,0.02633674682879656,0.026336746828785475,0.0263367468287744,0.02633674682876332,0.026336746828752245,0.02633674682874115,0.026336746828730082,0.026336746828719,0.026336746828707926,0.026336746828696835,0.026336746828685753,0.02633674682867467,0.02633674682866359,0.026336746828652505,0.02633674682864143,0.026336746828630356,0.02633674682861928,0.026336746828608194,0.02633674682859711,0.026336746828586034,0.02633674682857495,0.026336746828563868,0.02633674682855278,0.0263367468285417,0.02633674682853062,0.02633674682851955,0.026336746828508468,0.026336746828497386,0.02633674682848631,0.02633674682847522,0.026336746828464146,0.02633674682845306,0.026336746828441983,0.0263367468284309,0.02633674682841982,0.026336746828408742,0.026336746828397668,0.02633674682838659,0.026336746828375498,0.026336746828364423,0.026336746828353342,0.026336746828342254,0.026336746828331172,0.026336746828320087,0.026336746828309,0.026336746828297918,0.026336746828297813,0.026336746828297806,0.026336746828297806
5,0.0,0.0,0.0,0.0,0.0,0.0,0.0,0.0,0.0,0.0,0.0,0.0,0.0,0.0,0.0,0.0,0.0,0.0,0.0,0.0,0.0,0.0,0.0,0.0,0.0,0.0,0.0,0.0,0.0,0.0,0.0,0.0,0.0,0.0,0.0,0.0,0.0,0.0,0.0,0.0,0.0,0.0,0.0,0.0,0.0,0.0,0.0,0.0,0.0,0.0,0.0,0.0,0.0,0.0,0.0,0.0,0.0,0.0,0.0,0.0,0.0,0.0,0.0,0.0,0.0,0.0,0.0,0.0,0.0,0.0,0.0,0.0,0.0,0.0,0.0,0.0,0.0,0.0,0.0,0.0,0.0,0.0,0.0,0.0,0.0,0.0,0.0,0.0,0.0,0.0,0.0,0.0,0.0,0.0,0.0,0.0,0.0,0.0,0.0,0.0,0.0,0.0,0.0,0.0,0.0,0.0,0.0,0.0,0.0,0.0,0.0,0.0,0.0,0.0,0.0,0.0,0.0,0.0,0.0,0.0,0.0,0.0,0.0,0.0,0.0,0.0,0.0,0.0,0.0,0.0,0.0,0.0,0.0,0.0,0.0,0.0,0.0,0.0,0.0,0.0,0.0,0.0,0.0,0.0,0.0,0.0,0.0,0.0,0.0,0.0,0.0,0.0,0.0,0.0,0.0,0.0,0.0,0.0,0.0,0.0,0.0,0.0,0.0,0.0,0.0,0.0,0.0,0.0,0.0,0.0,0.0,0.0,0.0,0.0,0.0,0.0,0.0,0.0,0.0,0.0,0.0,0.0,0.0,0.0,0.0,0.0,0.0,0.0,0.0,0.0,0.0,0.0,0.0,0.0,0.0,0.0,0.0,0.0,0.0,0.0,0.0,0.0,0.0,0.0,0.0,0.0,0.0,0.0,0.0,0.0,0.0,0.0,0.0,0.0,0.0,0.0,0.0,0.0,0.0,0.0,0.0,0.0,0.0,0.0,0.0,0.0,0.0,0.0,0.0,0.0,0.0,0.0,0.0,0.0,0.0,0.0,0.0,0.0,0.0,0.0,0.0,0.0,0.0,0.0,0.0,0.0,0.0,0.0,0.0,0.0,0.0,0.0,0.0,0.0,0.0,0.0,0.0,0.0,0.0,0.0,0.0,0.0,0.0,0.0,0.0,0.0,0.0,0.0,0.0,0.0,0.0,0.0,0.0,0.0,0.0,0.0,0.0,0.0,0.0,0.0,0.0,0.0,0.0,0.0,0.0,0.0,0.0,0.0,0.0,0.0,0.0,0.0,0.0,0.0,0.0,0.0,0.0,0.0,0.0,0.0,0.0,0.0,0.0,0.0,0.0,0.0,0.0,0.0,0.0,0.0,0.0,0.0,0.0,0.0,0.0,0.0,0.0,0.0,0.0,0.0,0.0,0.0,0.0,0.0,0.0,0.0,0.0,0.0,0.0,0.0,0.0,0.0,0.0,0.0,0.0,0.0,0.0,0.0,0.0,0.0,0.0,0.0,0.0,0.0,0.0,0.0,0.0,0.0,0.0,0.0,0.0,0.0,0.0,0.0,0.0,0.0,0.0,0.0,0.0,0.0,0.0,0.0,0.0,0.0,0.0,0.0,0.0,0.0,0.0,0.0,0.0,0.0,0.0,0.0,0.0,0.0,0.0,0.0,0.0,0.0,0.0,0.0,0.0,0.0,0.0,0.0,0.0,0.0,0.0,0.0,0.0,0.0,0.0,0.0,0.0,0.0,0.0,0.0,0.0,0.0,0.0,0.0,0.0,0.0,0.0,0.0,0.0,0.0,0.0,0.0,0.0,0.0,0.0,0.0,0.0,0.0,0.0,0.0,0.0,0.0,0.0,0.0,0.0,0.0,0.0,0.0,0.0,0.0,0.0,0.0,0.0,0.0,0.0,0.0,0.0,0.0,0.0,0.0,0.0,0.0,0.0,0.0,0.0,0.0,0.0,0.0,0.0,0.0,0.0,0.0,0.0,0.0,0.0,0.0,0.0,0.0,0.0,0.0,0.0,0.0,0.0,0.0,0.0,0.0,0.0,0.0,0.0,0.0,0.0,0.0,0.0,0.0,0.0,0.0,0.0,0.0,0.0,0.0,0.0,0.0,0.0,0.0,0.0,0.0,0.0,0.0,0.0,0.0,0.0,0.0,0.0,0.0,0.0,0.0,0.0,0.0,0.0,0.0,0.0,0.0,0.0,0.0,0.0,0.0,0.0,0.0,0.0,0.0,0.0,0.0,0.0,0.0,0.0,0.0,0.0,0.0,0.0,0.0,0.0,0.0,0.0,0.0,0.0,0.0,0.0,0.0,0.0,0.0,0.0,0.0,0.0,0.0,0.0,0.0,0.0,0.0,0.0,0.0,0.0,0.0,0.0,0.0,0.0,0.0,0.0,0.0,0.0,0.0,0.0,0.0,0.0,0.0,0.0,0.0,0.0,0.0,0.0,0.0,0.0,0.0,0.0,0.0,0.0,0.0,0.0,0.0,0.0,0.0,0.0,0.0,0.0,0.0,0.0,0.0,0.0,0.0,0.0,0.0,0.0,0.0,0.0,0.0,0.0,0.0,0.0,0.0,0.0,0.0,0.0,0.0,0.0,0.0,0.0,0.0,0.0,0.0,0.0,0.0,0.0,0.0,0.0,0.0,0.0,0.0,0.0,0.0,0.0,0.0,0.0,0.0,0.0,0.0,0.0,0.0,0.0,0.0,0.0,0.0,0.0,0.0,0.0,0.0,0.0,0.0,0.0,0.0,0.0,0.0,0.0,0.0,0.0,0.0,0.0,0.0,0.0,0.0,0.0,0.0,0.0,0.0,0.0,0.0,0.0,0.0,0.0,0.0,0.0,0.0,0.0,0.0,0.0,0.0,0.0,0.0,0.0,0.0,0.0,0.0,0.0,0.0,0.0,0.0,0.0,0.0,0.0,0.0,0.0,0.0,0.0,0.0,0.0,0.0,0.0,0.0,0.0,0.0,0.0,0.0,0.0,0.0,0.0,0.0,0.0,0.0,0.0,0.0,0.0,0.0,0.0,0.0,0.0,0.0,0.0,0.0,0.0,0.0,0.0,0.0,0.0,0.0,0.0,0.0,0.0,0.0,0.0,0.0,0.0,0.0,0.0,0.0,0.0,0.0,0.0,0.0,0.0,0.0,0.0,0.0,0.0,0.0,0.0,0.0,0.0,0.0,0.0,0.0,0.0,0.0,0.0,0.0,0.0,0.0,0.0,0.0,0.0,0.0,0.0,0.0,0.0,0.0,0.0,0.0,0.0,0.0,0.0,0.0,0.0,0.0,0.0,0.0,0.0,0.0,0.0,0.0,0.0,0.0,0.0,0.0,0.0,0.0,0.0,0.0,0.0,0.0,0.0,0.0,0.0,0.0,0.0,0.0,0.0,0.0,0.0,0.0,0.0,0.0,0.0,0.0,0.0,0.0,0.0,0.0,0.0,0.0,0.0,0.0,0.0,0.0,0.0,0.0,0.0,0.0,0.0,0.0,0.0,0.0,0.0,0.0,0.0,0.0,0.0,0.0,0.0,0.0,0.0,0.0,0.0,0.0,0.0,0.0,0.0,0.0,0.0,0.0,0.0,0.0,0.0,0.0,0.0,0.0,0.0,0.0,0.0,0.0,0.0,0.0,0.0,0.0,0.0,0.0,0.0,0.0,0.0,0.0,0.0,0.0,0.0,0.0,0.0,0.0,0.0,0.0,0.0,0.0,0.0,0.0,0.0,0.0,0.0,0.0,0.0,0.0,0.0,0.0,0.0,0.0,0.0,0.0,0.0,0.0,0.0,0.0,0.0,0.0,0.0,0.0,0.0,0.0,0.0,0.0,0.0,0.0,0.0,0.0,0.0,0.0,0.0,0.0,0.0,0.0,0.0,0.0,0.0,0.0,0.0,0.0,0.0,0.0,0.0,0.0,0.0,0.0,0.0,0.0,0.0,0.0,0.0,0.0,0.0,0.0,0.0,0.0,0.0,0.0,0.0,0.0,0.0,0.0,0.0,0.0,0.0,0.0,0.0,0.0,0.0,0.0,0.0,0.0,0.0,0.0,0.0,0.0,0.0,0.0,0.0,0.0,0.0,0.0,0.0,0.0,0.0,0.0,0.0,0.0,0.0,0.0,0.0,0.0,0.0,0.0,0.0,0.0,0.0,0.0,0.0,0.0,0.0,0.0,0.0,0.0,0.0,0.0,0.0,0.0,0.0,0.0,0.0,0.0,0.0,0.0,0.0,0.0,0.0,0.0,0.0,0.0,0.0,0.0,0.0,0.0,0.0,0.0,0.0,0.0,0.0,0.0,0.0,0.0,0.0,0.0,0.0,0.0,0.0,0.0,0.0,0.0,0.0,0.0,0.0,0.0,0.0,0.0,0.0,0.0,0.0,0.0,0.0,0.0,0.0,0.0,1.0002852658347528e-18,2.0005844632783937e-18,3.0008976339869174e-18,4.0012247779660464e-18,5.0015658952156345e-18,6.0019209889335e-18,7.00229006508788e-18,8.002673102150946e-18,9.003070119908274e-18,1.0003481103504291e-17,1.1003906063566582e-17,1.2004344993698198e-17,1.3004797897096971e-17,1.4005264773762492e-17,1.5005745623694338e-17,1.6006240446892112e-17,1.7006749243355414e-17,1.800727201308384e-17,1.9007808756076974e-17,2.000835947233441e-17,2.100892416185571e-17,2.2009502824640476e-17,2.3010095460688274e-17,2.4010702069998778e-17,2.501132265257149e-17,2.6011957208405943e-17,2.7012605737501817e-17,2.801323126692392e-17,2.90139077420251e-17,3.0014598198210894e-17,3.1015302619832105e-17,3.201602102159675e-17,3.3016753402729443e-17,3.4017499761939716e-17,3.5018260098144434e-17,3.601903438605953e-17,3.701982264723145e-17,3.802062488166026e-17,3.902144108934548e-17,4.002227127647493e-17,4.102311543067196e-17,4.202397355812423e-17,4.3024845658831283e-17,4.402573173279273e-17,4.502663178000817e-17,4.602754580047718e-17,4.702847379419939e-17,4.80294157611744e-17,4.903037170140172e-17,5.0031341614881025e-17,5.10323255016118e-17,5.2033323361593694e-17,5.303433519482626e-17,5.403536100130912e-17,5.503640078104186e-17,5.603745453402408e-17,5.703852226025533e-17,5.80396039597352e-17,5.904069963246332e-17,6.004180927843928e-17,6.10429328976626e-17,6.204407049013293e-17,6.304522205584983e-17,6.404638759481293e-17,6.504756710702175e-17,6.604876059247595e-17,6.704996805117507e-17,6.805118948311871e-17,6.905242488830646e-17,7.005367426673784e-17,7.105493761841261e-17,7.205621494333026e-17,7.305750624149043e-17,7.40588115128926e-17,7.506013075753642e-17,7.606146397542145e-17,7.706281116654734e-17,7.806417233091359e-17,7.906554746851986e-17,8.006693657936561e-17,8.106833966345053e-17,8.206975672077424e-17,8.307118775133629e-17,8.407263275513623e-17,8.507409173217374e-17,8.607556468244833e-17,8.707705160595964e-17,8.807855250270727e-17,8.908006737269073e-17,9.008159621590979e-17,9.108313903236389e-17,9.208469582205266e-17,9.30862665849757e-17,9.408784208170241e-17,9.508944080646764e-17,9.609105348896072e-17,9.709268014468731e-17,9.809432077364615e-17,9.909597537583673e-17,1.0009764395125869e-16,1.0109932650802831e-16,1.0210102304532035e-16,1.0310273356217708e-16,1.0410445805801574e-16,1.0510619653515717e-16,1.0610794894996015e-16,1.0710971533799163e-16,1.0811149569925112e-16,1.0911329003373821e-16,1.1011509834145256e-16,1.111169206223937e-16,1.121187568765613e-16,1.1312060710395484e-16,1.1412247130457406e-16,1.1512434947841852e-16,1.1612624162548762e-16,1.171281477457811e-16,1.1813006783929859e-16,1.1913200190603962e-16,1.2013394994600377e-16,1.2113591195919067e-16,1.2213788794559985e-16,1.231398779052309e-16,1.2414188183808352e-16,1.251438997441572e-16,1.261459316234515e-16,1.2714797747596612e-16,1.281500373017005e-16,1.291521111006543e-16,1.3015419887282706e-16,1.3115630061821855e-16,1.3215841633682812e-16,1.331605460286555e-16,1.3416268969370023e-16,1.35164847331962e-16,1.3616701894344028e-16,1.371692045281347e-16,1.3817140408604481e-16,1.391736176171703e-16,1.401758451215107e-16,1.4117808659906556e-16,1.421803420498345e-16,1.43182611473817e-16,1.4418489487101283e-16,1.451871922414215e-16,1.461895035850426e-16,1.471918289018756e-16,1.4819416819192027e-16,1.4919652145517611e-16,1.50198888700716e-16,1.512012699103931e-16,1.5220366513900567e-16,1.5320607429510288e-16,1.5420849824403114e-16,1.5521093534655766e-16,1.562133864304476e-16,1.5721585149496017e-16,1.5821833051708372e-16,1.5922082351244134e-16,1.602233304810056e-16,1.6122585142277616e-16,1.6222838633775259e-16,1.6323093487840586e-16,1.642334977397878e-16,1.6523607457901887e-16,1.662386613426883e-16,1.6724126614363145e-16,1.6824388489777035e-16,1.6924651763408508e-16,1.7024916433463252e-16,1.7125182500838215e-16,1.7225449964890305e-16,1.7325718828472527e-16,1.7425989087461649e-16,1.752626074404821e-16,1.7626533798023626e-16,1.7726808249990232e-16,1.7827084100028855e-16,1.792736338207476e-16,1.8027641757699866e-16,1.8127921135630175e-16,1.8228202491780886e-16,1.8328485279055816e-16,1.8428769503400346e-16,1.8529055080581298e-16,1.8629342016733107e-16,1.8729630441237414e-16,1.8829919409581088e-16,1.8930210628712469e-16,1.9030503245163273e-16,1.9130797258933474e-16,1.9231092670023015e-16,1.9331389478431862e-16,1.9431687684159974e-16,1.953198728720731e-16,1.963228828757384e-16,1.973259068525951e-16,1.983289448026429e-16,1.993319967258812e-16,2.0033506262230972e-16,2.013381424919281e-16,2.0234123633473581e-16,2.0334434415073246e-16,2.043474659399177e-16,2.05350601702291e-16,2.0635375145792372e-16,2.0735691516667238e-16,2.083600928486079e-16,2.0936328450373003e-16,2.1036649013203825e-16,2.1136970973353196e-16,2.1237294330821105e-16,2.1337619086338874e-16,2.1437945239982252e-16,2.1538272789405521e-16,2.163860173614715e-16,2.17389320802071e-16,2.183926382158533e-16,2.1939596960281794e-16,2.2039931496296455e-16,2.214026742962928e-16,2.224060476028021e-16,2.2340943488249223e-16,2.244128361353627e-16,2.25416251361413e-16,2.264196805606427e-16,2.274231237330516e-16,2.284265803548064e-16,2.2943005062928993e-16,2.304335385412358e-16,2.3143703284386147e-16,2.324405458821137e-16,2.3344407289354245e-16,2.3444761387814743e-16,2.3545116883592825e-16,2.3645473776688443e-16,2.374583206710156e-16,2.384619175483213e-16,2.3946552839880114e-16,2.4046915322245474e-16,2.414727920192817e-16,2.424764447892816e-16,2.434801115324539e-16,2.4448379224879833e-16,2.4548748693831445e-16,2.464911956010019e-16,2.4749491823686014e-16,2.484986548458888e-16,2.4950240542808737e-16,2.5050616998345576e-16,2.515099485119933e-16,2.5251374101369963e-16,2.5351754748857426e-16,2.545213679366168e-16,2.55525202357827e-16,2.5652905075220443e-16,2.575329131197486e-16,2.585367894604589e-16,2.5954067977433524e-16,2.605445840613771e-16,2.615485023215839e-16,2.625524345549556e-16,2.6355638076149147e-16,2.6456034094119117e-16,2.6556431509405434e-16,2.665683032200806e-16,2.675723053192694e-16,2.685763214006621e-16,2.695803432249339e-16,2.7058438727071294e-16,2.715884417833864e-16,2.7259251374822117e-16,2.7359659969085174e-16,2.746006996020052e-16,2.756048134897278e-16,2.766089413577297e-16,2.7761313750003694e-16,2.78617293304581e-16,2.796214630822829e-16,2.806256468331421e-16,2.81629844557158e-16,2.8263405625433053e-16,2.83638281924659e-16,2.846425215681431e-16,2.8564677518478244e-16,2.866510427745766e-16,2.87655324337525e-16,2.886596198736274e-16,2.896639293828834e-16,2.906682528652926e-16,2.916725903208545e-16,2.92676941757322e-16,2.936813071738265e-16,2.9468569107896647e-16,2.9569009095330874e-16,2.966944982747827e-16,2.9769891956940686e-16,2.9870335483718063e-16,2.9970780407810396e-16,3.0071226729217636e-16,3.017167444793974e-16,3.027212356397667e-16,3.037257407732835e-16,3.04730259879948e-16,3.057347929597594e-16,3.0673934001271747e-16,3.077439010388216e-16,3.0874847603807145e-16,3.0975306501046655e-16,3.1075766795600674e-16,3.1176228487469146e-16,3.1276691576652023e-16,3.1377156063149265e-16,3.1477621946960833e-16,3.15780892280867e-16,3.1678557906526794e-16,3.1779027982281107e-16,3.187949945534959e-16,3.197997232573219e-16,3.208044659342887e-16,3.218092225843958e-16,3.2281399320764293e-16,3.238187778040296e-16,3.248235763735555e-16,3.258283889162201e-16,3.268332154320231e-16,3.278380559209641e-16,3.288429103830425e-16,3.2984777881825795e-16,3.308526612266101e-16,3.3185755760809867e-16,3.3286246796272293e-16,3.3386739229048275e-16,3.348723305913775e-16,3.3587728286540707e-16,3.368822491125545e-16,3.37887229332852e-16,3.388922235262829e-16,3.3989723169284676e-16,3.409022538325432e-16,3.419072899453719e-16,3.429123400313323e-16,3.4391740409042405e-16,3.449224821226467e-16,3.4592757412800003e-16,3.4693268010648336e-16,3.4793780005809644e-16,3.489429339828387e-16,3.499480818807098e-16,3.5095324375170953e-16,3.5195841959583736e-16,3.529636094130927e-16,3.5396881320347527e-16,3.549740309669848e-16,3.5597926270362063e-16,3.569845084133824e-16,3.5798976809626985e-16,3.589950417522825e-16,3.6000032938141997e-16,3.610056309836817e-16,3.6201094655906744e-16,3.630162761075766e-16,3.6402161962920885e-16,3.6502697712396385e-16,3.6603234856372334e-16,3.6703773400472216e-16,3.680431334188422e-16,3.6904854680608365e-16,3.7005397416644553e-16,3.710594154999277e-16,3.720648708065296e-16,3.730703400862509e-16,3.740758233482063e-16,3.7508132057416524e-16,3.7608683177324246e-16,3.7709235694543754e-16,3.7809789609074994e-16,3.7910344921345194e-16,3.8010901474325645e-16,3.8111459580789583e-16,3.821201908456517e-16,3.831257998565231e-16,3.841314228405092e-16,3.851370597976097e-16,3.861427107278245e-16,3.871483756311529e-16,3.881540545075945e-16,3.891597473571489e-16,3.9016545417981576e-16,3.911711749755946e-16,3.9217690974448515e-16,3.9318265848648676e-16,3.941884212015991e-16,3.951941978898217e-16,3.961999885511545e-16,3.9720579318559666e-16,3.9821161179314776e-16,3.9921744437380796e-16,4.002232909275764e-16,4.0122915145445255e-16,4.0223502595443617e-16,4.0324091442752705e-16,4.0424681687372426e-16,4.052527332930278e-16,4.0625866368543747e-16,4.072646080509522e-16,4.082705663895722e-16,4.0927653870129666e-16,4.1028252498612514e-16,4.112885252440575e-16,4.122945394750934e-16,4.133005676792321e-16,4.1430660985647316e-16,4.153126660068167e-16,4.163187361302618e-16,4.173248202268081e-16,4.1833091829645553e-16,4.1933703033920326e-16,4.20343156355051e-16,4.213492963439986e-16,4.2235545030604545e-16,4.233616182411911e-16,4.243678001494352e-16,4.253739960307771e-16,4.263802058852167e-16,4.273864297127534e-16,4.283926675133869e-16,4.2939891928711674e-16,4.304051850339427e-16,4.3141146475386413e-16,4.324177584468807e-16,4.334240661129919e-16,4.3443038775219737e-16,4.35436723364497e-16,4.3644307294989e-16,4.3744943650837624e-16,4.3845581403995494e-16,4.3946220554462596e-16,4.4046861102238867e-16,4.41475030473243e-16,4.4248146389718826e-16,4.434879112942242e-16,4.444943726643502e-16,4.45500848007566e-16,4.465073373238711e-16,4.475138406132652e-16,4.48520357875748e-16,4.495268891113186e-16,4.505334343199772e-16,4.51539993501723e-16,4.525465666565557e-16,4.535531537844749e-16,4.545597548854802e-16,4.55566369959571e-16,4.565729990067471e-16,4.575796420270083e-16,4.585862990203537e-16,4.59592969986783e-16,4.60599654926296e-16,4.616063538388922e-16,4.626130667245712e-16,4.636197935833326e-16,4.646265344151759e-16,4.656332892201009e-16,4.666400579981069e-16,4.676468407491936e-16,4.686536374733607e-16,4.696604481706077e-16,4.706672728409343e-16,4.716741114843398e-16,4.72680964100824e-16,4.736878306903865e-16,4.746947112530268e-16,4.757016057887447e-16,4.767085142975395e-16,4.77715436779411e-16,4.787223732343587e-16,4.797293236623818e-16,4.807362880634808e-16,4.817432664376543e-16,4.827502587849026e-16,4.83757265105225e-16,4.847642853986211e-16,4.857713196650905e-16,4.86778367904633e-16,4.877854301172479e-16,4.887925063029348e-16,4.8979959646169355e-16,4.9080670059352335e-16,4.918138186984242e-16,4.928209507763953e-16,4.938280968274367e-16,4.948352568515474e-16,4.958424308487274e-16,4.968496188189764e-16,4.978568207622937e-16,4.988640366786789e-16,4.998712665681315e-16,5.008785104306515e-16,5.018857682662381e-16,5.028930400748911e-16,5.039003258566099e-16,5.049076256113943e-16,5.059149393392438e-16,5.069222670401576e-16,5.07929608714136e-16,5.089369643611784e-16,5.099443339812839e-16,5.109517175744525e-16,5.119591151406838e-16,5.129665266799773e-16,5.139739521923325e-16,5.149813916777492e-16,5.159888451362267e-16,5.16996312567765e-16,5.180037939723635e-16,5.190112893500218e-16,5.200187987007392e-16,5.210263220245154e-16,5.220338593213503e-16,5.230414105912431e-16,5.240489758341938e-16,5.250565550502017e-16,5.260641482392665e-16,5.270717554013878e-16,5.28079376536565e-16,5.290870116447979e-16,5.300946607260858e-16,5.311023237804287e-16,5.32110000807826e-16,5.331176918082771e-16,5.341253967817819e-16,5.351331157283396e-16,5.361408486479504e-16,5.371485955406134e-16,5.381563564063282e-16,5.391641312450944e-16,5.401719200569119e-16,5.411797228417802e-16,5.421875395996984e-16,5.431953703306668e-16,5.442032150346845e-16,5.452110737117511e-16,5.462189463618664e-16,5.4722683298503e-16,5.482347335812415e-16,5.492426481505002e-16,5.50250576692806e-16,5.512585192081585e-16,5.522664756965567e-16,5.532744461580009e-16,5.542824305924906e-16,5.552904290000248e-16,5.562984413806039e-16,5.573064677342267e-16,5.583145080608934e-16,5.593225623606036e-16,5.603306306333562e-16,5.613387128791516e-16,5.623468090979889e-16,5.633549192898678e-16,5.643630434547879e-16,5.653711815927489e-16,5.663793337037499e-16,5.673874997877913e-16,5.68395679844872e-16,5.69403873874992e-16,5.704120818781508e-16,5.714203038543478e-16,5.724285398035828e-16,5.734367897258553e-16,5.74445053621165e-16,5.754533314895113e-16,5.76461623330894e-16,5.774699291453124e-16,5.784782489327661e-16,5.79486582693255e-16,5.804949304267786e-16,5.815032921333362e-16,5.825116678129279e-16,5.83520057465553e-16,5.845284610912108e-16,5.855368786899012e-16,5.865453102616238e-16,5.875537558063782e-16,5.885622153241639e-16,5.8957068881498065e-16,5.905791762788278e-16,5.915876777157052e-16,5.925961931256122e-16,5.936047225085485e-16,5.946132658645137e-16,5.956218231935071e-16,5.966303944955289e-16,5.976389797705779e-16,5.986475790186541e-16,5.996561922397576e-16,6.006648194338873e-16,6.016734606010429e-16,6.026821157412242e-16,6.036907848544307e-16,6.046994679406619e-16,6.057081649999172e-16,6.067168760321967e-16,6.077256010374997e-16,6.087343400158258e-16,6.097430929671745e-16,6.107518598915454e-16,6.117606407889382e-16,6.127694356593525e-16,6.137782445027879e-16,6.147870673192439e-16,6.157959041087201e-16,6.16804754871216e-16,6.178136196067317e-16,6.188224983152661e-16,6.198313909968191e-16,6.208402976513903e-16,6.218492182789793e-16,6.228581528795855e-16,6.238671014532087e-16,6.248760639998485e-16,6.258850405195046e-16,6.268940310121761e-16,6.279030354778626e-16,6.289120539165644e-16,6.299210863282806e-16,6.309301327130108e-16,6.319391930707546e-16,6.329482674015116e-16,6.339573557052814e-16,6.349664579820637e-16,6.359755742318582e-16,6.369847044546642e-16,6.379938486504814e-16,6.390030068193092e-16,6.400121789611475e-16,6.410213650759957e-16,6.420305651638532e-16,6.4303977922472e-16,6.440490072585955e-16,6.450582492654793e-16,6.460675052453709e-16,6.470767751982702e-16,6.480860591241765e-16,6.490953570230894e-16,6.501046688950084e-16,6.511139947399332e-16,6.521233345578632e-16,6.531326883487986e-16,6.541420561127383e-16,6.551514378496825e-16,6.561608335596301e-16,6.571702432425812e-16,6.581796668985354e-16,6.59189104527492e-16,6.601985561294507e-16,6.612080217044112e-16,6.622175012523726e-16,6.632269947733353e-16,6.642365022672985e-16,6.652460237342617e-16,6.662555591742245e-16,6.672651085871866e-16,6.682746719731477e-16,6.69284249332107e-16,6.702938406640643e-16,6.713034459690192e-16,6.723130652469714e-16,6.733226984979201e-16,6.743323457218654e-16,6.753420069188065e-16,6.763516820887432e-16,6.773613712316749e-16,6.783710743476015e-16,6.793807914365221e-16,6.803905224984367e-16,6.814002675333448e-16,6.824100265412458e-16,6.834197995221397e-16,6.844295864760257e-16,6.854393874029035e-16,6.864492023027728e-16,6.874590311756329e-16,6.884688740214837e-16,6.894787308403248e-16,6.904886016321555e-16,6.914984863969757e-16,6.925083851347847e-16,6.935182978455822e-16,6.945282245293676e-16,6.955381651861412e-16,6.96548119815902e-16,6.975580884186494e-16,6.985680709943834e-16,6.99578067543104e-16,7.005880780648097e-16,7.015981025595009e-16,7.026081410271765e-16,7.036181934678368e-16,7.046282598814809e-16,7.056383402681088e-16,7.066484346277201e-16,7.076585429603137e-16,7.086686652658899e-16,7.096788015444479e-16,7.106889517959876e-16,7.116991160205084e-16,7.127092942180096e-16,7.137194863884914e-16,7.14729692531953e-16,7.157399126483941e-16,7.167501467378143e-16,7.177603948002132e-16,7.187706568355902e-16,7.197809328439453e-16,7.207912228252776e-16,7.218015267795872e-16,7.228118447068732e-16,7.238221766071352e-16,7.248325224803731e-16,7.258428823265865e-16,7.268532561457747e-16,7.278636439379374e-16,7.288740457030744e-16,7.298844614411849e-16,7.30894891152269e-16,7.31905334836326e-16,7.329157924933552e-16,7.339262641233568e-16,7.349367497263297e-16,7.35947249302274e-16,7.369577628511892e-16,7.379682903730747e-16,7.389788318679299e-16,7.399893873357554e-16,7.409999567765499e-16,7.42010540190313e-16,7.430211375770446e-16,7.440317489367438e-16,7.450423742694106e-16,7.460530135750451e-16,7.470636668536461e-16,7.480743341052131e-16,7.490850153297461e-16,7.500957105272446e-16,7.511064196977083e-16,7.521171428411366e-16,7.531278799575292e-16,7.541386310468851e-16,7.551493961092047e-16,7.561601751444877e-16,7.571709681527329e-16,7.581817751339409e-16,7.591925960881102e-16,7.602034310152407e-16,7.612142799153325e-16,7.622251427883847e-16,7.632360196343973e-16,7.642469104533694e-16,7.652578152453008e-16,7.66268734010191e-16,7.672796667480396e-16,7.682906134588465e-16,7.693015741426111e-16,7.703125487993329e-16,7.713235374290112e-16,7.723345400316468e-16,7.733455566072375e-16,7.743565871557842e-16,7.753676316772864e-16,7.763786901717431e-16,7.773897626391546e-16,7.784008490795196e-16,7.794119494928382e-16,7.8042306387911e-16,7.814341922383345e-16,7.824453345705111e-16,7.834564908756399e-16,7.844676611537202e-16,7.854788454047512e-16,7.864900436287333e-16,7.875012558256654e-16,7.885124819955477e-16,7.895237221383791e-16,7.905349762541593e-16,7.915462443428884e-16,7.925575264045658e-16,7.935688224391912e-16,7.945801324467635e-16,7.955914564272832e-16,7.966027943807494e-16,7.976141463071616e-16,7.986255122065194e-16,7.996368920788225e-16,8.006482859240707e-16,8.016596937422631e-16,8.026711155333996e-16,8.0368255129748e-16,8.046940010345037e-16,8.057054647444703e-16,8.067169424273795e-16,8.077284340832301e-16,8.087399397203732e-16,8.097514593379428e-16,8.107629929351453e-16,8.117745405112729e-16,8.127861020317181e-16,8.137976775334634e-16,8.148092670156524e-16,8.158208704774827e-16,8.168324879182413e-16,8.178441193373292e-16,8.188557646952318e-16,8.198674240263574e-16,8.208790973304199e-16,8.218907846074184e-16,8.229024858573529e-16,8.239142010802229e-16,8.249259302760278e-16,8.259376734447672e-16,8.269494305864411e-16,8.279612017010487e-16,8.2897298678859e-16,8.299847858490642e-16,8.309965988824704e-16,8.320084258888087e-16,8.330202668680792e-16,8.340321218202808e-16,8.350439907454134e-16,8.360558736434763e-16,8.370677705144694e-16,8.380796813583924e-16,8.390916061752445e-16,8.401035449650256e-16,8.4111549772773455e-16,8.421274644633721e-16,8.431394451719371e-16,8.441514398534293e-16,8.451634485078486e-16,8.461754711351942e-16,8.471875077354656e-16,8.48199558308663e-16,8.492116228547854e-16,8.502237013738325e-16,8.512357938658036e-16,8.5224790033069895e-16,8.532600207685177e-16,8.542721551792595e-16,8.55284303562924e-16,8.562964659195107e-16,8.573086422490194e-16,8.583208325514496e-16,8.593330368268005e-16,8.603452550750722e-16,8.613574872962638e-16,8.623697334903753e-16,8.633819936574063e-16,8.643942677973562e-16,8.654065559102251e-16,8.664188579960116e-16,8.674311740547164e-16,8.684435040863378e-16,8.694558480908766e-16,8.70468206068332e-16,8.714805780187032e-16,8.724929639419898e-16,8.735053638381924e-16,8.745177777073096e-16,8.755302055493413e-16,8.765426473642869e-16,8.775551031521466e-16,8.785675729129187e-16,8.79580056646604e-16,8.805925543532018e-16,8.816050660327115e-16,8.826175916851329e-16,8.836301313104653e-16,8.846426849087088e-16,8.856552524798625e-16,8.866678340239259e-16,8.876804295408989e-16,8.886930390307805e-16,8.897056624935714e-16,8.907182999292705e-16,8.917309513378777e-16,8.92743616719392e-16,8.937562960738135e-16,8.947689894011417e-16,8.957816967013762e-16,8.967944179745161e-16,8.978071532205617e-16,8.988199024395122e-16,8.998326656313674e-16,9.008454427961266e-16,9.0185823393379e-16,9.028710390443566e-16,9.038838581278257e-16,9.048966911841977e-16,9.059095382134719e-16,9.069223992156474e-16,9.079352741907243e-16,9.089481631387023e-16,9.099610660595801e-16,9.109739829533591e-16,9.119869138200367e-16,9.12999858659614e-16,9.1401281747209e-16,9.150257902574643e-16,9.16038777015737e-16,9.17051777746907e-16,9.180647924509742e-16,9.19077821127938e-16,9.200908637777982e-16,9.211039204005544e-16,9.221169909962061e-16,9.231300755647527e-16,9.241431741061943e-16,9.2515628662053e-16,9.261694131077597e-16,9.27182553567883e-16,9.281957080008988e-16,9.292088764068078e-16,9.302220587856086e-16,9.312352551373012e-16,9.322484654618857e-16,9.33261689759361e-16,9.342749280297268e-16,9.352881802729831e-16,9.36301446489129e-16,9.37314726678164e-16,9.383280208400881e-16,9.393413289749005e-16,9.40354651082601e-16,9.413679871631894e-16,9.423813372166651e-16,9.433947012430277e-16,9.444080792422767e-16,9.45421471214412e-16,9.464348771594328e-16,9.474482970773387e-16,9.484617309681293e-16,9.494751788318044e-16,9.504886406683636e-16,9.515021164778067e-16,9.525156062601323e-16,9.53529110015341e-16,9.545426277434325e-16,9.555561594444057e-16,9.5656970511826e-16,9.575832647649958e-16,9.585968383846119e-16,9.596104259771087e-16,9.60624027542485e-16,9.616376430807415e-16,9.626512725918762e-16,9.636649160758902e-16,9.646785735327818e-16,9.656922449625519e-16,9.66705930365199e-16,9.677196297407235e-16,9.687333430891241e-16,9.697470704104015e-16,9.707608117045538e-16,9.71774566971582e-16,9.72788336211485e-16,9.738021194242629e-16,9.748159166099143e-16,9.758297277684397e-16,9.768435528998387e-16,9.778573920041104e-16,9.788712450812545e-16,9.798851121312704e-16,9.808989931541582e-16,9.81912888149917e-16,9.829267971185469e-16,9.83940720060047e-16,9.849546569744172e-16,9.859686078616572e-16,9.869825727217664e-16,9.879965515547444e-16,9.890105443605905e-16,9.90024551139305e-16,9.910385718908865e-16,9.920526066153352e-16,9.93066655312651e-16,9.940807179828328e-16,9.950947946258806e-16,9.96108885241794e-16,9.971229898305724e-16,9.981371083922155e-16,9.991512409267229e-16,1.0001653874340935e-15,1.001179547914328e-15,1.0021937223674256e-15,1.0032079107933854e-15,1.0042221131922079e-15,1.0052363295638915e-15,1.0062505599084371e-15,1.0072648042258435e-15,1.0072648042258435e-15,1.0072648042258435e-15,1.0072648042258435e-15
6,2.4689564389672253e-41,9.270869826584127e-41,2.1712372125067407e-40,4.07039557301239e-40,6.687975752742192e-40,1.0068142069975233e-39,1.4241652554928783e-39,1.9229928485676313e-39,2.50478886050569e-39,3.170592299748332e-39,3.921126778567731e-39,4.756896253140381e-39,5.678251701243902e-39,6.685437559609935e-39,7.778624064986827e-39,8.957929777913189e-39,1.022343726928777e-38,1.1575204045203196e-38,1.3013270155492294e-38,1.4537663492662403e-38,1.6148403482311807e-38,1.7845503653302078e-38,1.9628973427741592e-38,2.1498819367611022e-38,2.3455046042969245e-38,2.549765663661126e-38,2.762665336517838e-38,2.984203777243997e-38,3.214381093354628e-38,3.4531973597280376e-38,3.700652628512859e-38,3.9567469360277526e-38,4.2214803075666374e-38,4.494852760745375e-38,4.776864307832446e-38,5.067514957372134e-38,5.366804715315111e-38,5.674733585805638e-38,5.991301571730003e-38,6.316508675098342e-38,6.650354897310606e-38,6.992840239341789e-38,7.343964701870895e-38,7.703728285370835e-38,8.072130990170966e-38,8.449172816500653e-38,8.834853764519653e-38,9.2291738343392e-38,9.632133026036792e-38,1.0043731339666395e-37,1.0463968775265588e-37,1.089284533286053e-37,1.1330361012469515e-37,1.1776515814105129e-37,1.2231309737776257e-37,1.2694742783489066e-37,1.3166814951247866e-37,1.364752624105562e-37,1.413687665291441e-37,1.4634866186825692e-37,1.514149484279047e-37,1.5656762620809449e-37,1.6180669520883117e-37,1.6713215543011822e-37,1.7254400687195792e-37,1.7804224953435193e-37,1.8362688341730133e-37,1.8929790852080705e-37,1.950553248448695e-37,2.0089913238948917e-37,2.068293311546663e-37,2.1284592114040098e-37,2.1894890234669354e-37,2.25138274773544e-37,2.3141403842095237e-37,2.3777619328891872e-37,2.442247393774431e-37,2.507596766865252e-37,2.573810052161653e-37,2.640887249663635e-37,2.708828359371198e-37,2.7776333812843382e-37,2.847302315403062e-37,2.917835161727365e-37,2.989231920257248e-37,3.061492590992715e-37,3.134617173933762e-37,3.2086056690803864e-37,3.2834580764325937e-37,3.3591743959903825e-37,3.4357546277537524e-37,3.5131987717227033e-37,3.5915068278972337e-37,3.6706787962773444e-37,3.750714676863038e-37,3.831614469654312e-37,3.913378174651173e-37,3.996005791853609e-37,4.079497321261626e-37,4.1638527628752246e-37,4.249072116694402e-37,4.335155382719163e-37,4.422102560949501e-37,4.509913651385428e-37,4.598588654026932e-37,4.688127568874015e-37,4.7785303959266815e-37,4.869797135184919e-37,4.961927786648748e-37,5.054922350318159e-37,5.148780826193146e-37,5.24350321427372e-37,5.339089514559869e-37,5.435539727051592e-37,5.532853851748903e-37,5.631031888651794e-37,5.730073837760268e-37,5.829979699074325e-37,5.930749472593976e-37,6.032383158319194e-37,6.134880756249988e-37,6.238242266386365e-37,6.3424676887283194e-37,6.447557023275855e-37,6.553510270028972e-37,6.660327428987671e-37,6.768008500151948e-37,6.87655348352181e-37,6.985962379097246e-37,7.096235186878265e-37,7.20737190686486e-37,7.319372539057041e-37,7.432237083454802e-37,7.54596554005828e-37,7.660557908867203e-37,7.776014189881598e-37,7.892334383101623e-37,8.009518488527287e-37,8.12756650615853e-37,8.246478435995356e-37,8.366254278037755e-37,8.48689403228574e-37,8.60839769873931e-37,8.730765277398453e-37,8.853996768263176e-37,8.97809217133348e-37,9.103051486609374e-37,9.22887471409084e-37,9.355561853777885e-37,9.483112905670512e-37,9.61152786976872e-37,9.740806746072504e-37,9.870949534581875e-37,1.000195623529682e-36,1.0133826848217348e-36,1.026656137334346e-36,1.0400159810675148e-36,1.053462216021242e-36,1.0669948421955268e-36,1.0806138595903699e-36,1.094319268205771e-36,1.1081110680417298e-36,1.1219892590982622e-36,1.1359538413753418e-36,1.1500048148729749e-36,1.1641421795911671e-36,1.178365935529916e-36,1.1926760826892232e-36,1.2070726210690878e-36,1.221555550669509e-36,1.2361248714904894e-36,1.2507805835320277e-36,1.2655226867941235e-36,1.2803511812767766e-36,1.2952660669799883e-36,1.3102673439037584e-36,1.3253550120480859e-36,1.3405290714129716e-36,1.355789521998415e-36,1.3711363638044171e-36,1.3865695968309769e-36,1.4020892210780949e-36,1.4176952365457705e-36,1.4333876432340036e-36,1.4491664411427953e-36,1.4650316302721444e-36,1.4809832106220516e-36,1.497021182192518e-36,1.5131455449835414e-36,1.5293562989951223e-36,1.545653444227262e-36,1.56203698067996e-36,1.5785069083532153e-36,1.595063227247027e-36,1.6117059373613995e-36,1.6284350386963295e-36,1.645250531251817e-36,1.6621524150278634e-36,1.6791406900244674e-36,1.6962153562416292e-36,1.7133764136793467e-36,1.7306238623376247e-36,1.7479577022164603e-36,1.765377933315856e-36,1.7828845556358078e-36,1.800477569176317e-36,1.818156973937385e-36,1.8359227699190127e-36,1.8537749571211967e-36,1.871713535543941e-36,1.8897385051872407e-36,1.907849866051095e-36,1.9260476181355106e-36,1.944331761440484e-36,1.962702295966016e-36,1.9811592217121055e-36,1.999702538678753e-36,2.0183322468659584e-36,2.0370483462737224e-36,2.055850836902044e-36,2.0747397187509238e-36,2.0937149918203635e-36,2.1127766561103604e-36,2.1319247116209142e-36,2.1511591583520263e-36,2.170479996303697e-36,2.1898872254759248e-36,2.209380845868711e-36,2.2289608574820542e-36,2.2486272603159575e-36,2.2683800543704176e-36,2.288219239645436e-36,2.3081448161410123e-36,2.328156783857147e-36,2.3482551427938392e-36,2.3684398929510888e-36,2.388711034328897e-36,2.4090685669272628e-36,2.429512490746187e-36,2.4500428057856697e-36,2.47065951204571e-36,2.491362609526308e-36,2.5121520982274642e-36,2.533027978149178e-36,2.5539902492914494e-36,2.5750389116542784e-36,2.5961739652376666e-36,2.6173954100416117e-36,2.6387032460661147e-36,2.6600974733111767e-36,2.681578091776795e-36,2.7031451014629732e-36,2.7247985023697075e-36,2.7465382944970013e-36,2.7683644778448517e-36,2.7902770524132604e-36,2.8122760182022276e-36,2.8343613752117517e-36,2.8565331234418327e-36,2.878791262892473e-36,2.901135793563671e-36,2.9235667154554272e-36,2.9460840285677405e-36,2.9686877329006113e-36,2.991377828454039e-36,3.014154315228026e-36,3.0370171932225696e-36,3.0599664624376714e-36,3.0830021228733314e-36,3.106124174529549e-36,3.129332617406325e-36,3.152627451503659e-36,3.17600867682155e-36,3.199476293360002e-36,3.2230303011190085e-36,3.246670700098574e-36,3.270397490298695e-36,3.294210671719376e-36,3.318110244360615e-36,3.342096208222412e-36,3.3661685633047686e-36,3.390327309607681e-36,3.414572447131152e-36,3.438903975875181e-36,3.4633218958397676e-36,3.4878262070249116e-36,3.512416909430613e-36,3.537094003056874e-36,3.561857487903693e-36,3.586707363971069e-36,3.611643631259004e-36,3.636666289767497e-36,3.661775339496546e-36,3.686970780446147e-36,3.712252612616313e-36,3.7376208360070364e-36,3.763075450618318e-36,3.788616456450154e-36,3.81424385350255e-36,3.839957641775506e-36,3.865757821269019e-36,3.891644391983089e-36,3.917617353917718e-36,3.943676707072904e-36,3.969822451448648e-36,3.9960545870449485e-36,4.022373113861807e-36,4.048778031899226e-36,4.075269341157202e-36,4.101847041635734e-36,4.128511133334824e-36,4.1552616162544715e-36,4.182098490394677e-36,4.209021755755439e-36,4.236031412336761e-36,4.263127460138641e-36,4.290309899161077e-36,4.317578729404072e-36,4.344933950867623e-36,4.372375563551733e-36,4.3999035674564006e-36,4.4275179625816264e-36,4.45521874892741e-36,4.483005926493752e-36,4.510879495280652e-36,4.5388394552881097e-36,4.566885806516125e-36,4.5950185489646984e-36,4.6232376826338304e-36,4.6515432075235194e-36,4.679935123633766e-36,4.708413430964571e-36,4.7369781295159316e-36,4.7656292192878515e-36,4.7943667002803276e-36,4.8231905724933646e-36,4.8521008359269565e-36,4.8810974905811066e-36,4.910180536455816e-36,4.939349973551082e-36,4.968605801866908e-36,4.9979480214032895e-36,5.027376632160229e-36,5.0568916341377284e-36,5.086493027335782e-36,5.1161808117543955e-36,5.1459549873935644e-36,5.175815554253294e-36,5.205762512333581e-36,5.235795861634428e-36,5.26591560215583e-36,5.296121733897791e-36,5.3264142568603095e-36,5.3567931710433854e-36,5.3872584764470215e-36,5.417810173071215e-36,5.4484482609159664e-36,5.479172739981274e-36,5.509983610267141e-36,5.540880871773565e-36,5.571864524500547e-36,5.6029345684480875e-36,5.6340910036161855e-36,5.6653338300048444e-36,5.6966630476140576e-36,5.728078656443828e-36,5.759580656494157e-36,5.791169047765046e-36,5.822843830256491e-36,5.854605003968494e-36,5.886452568901056e-36,5.918386525054174e-36,5.9504068724278496e-36,5.9825136110220855e-36,6.0147067408368816e-36,6.046986261872233e-36,6.07935217412814e-36,6.111804477604607e-36,6.144343172301636e-36,6.176968258219215e-36,6.209679735357351e-36,6.242477603716048e-36,6.275361863295302e-36,6.308332514095116e-36,6.341389556115486e-36,6.374532989356415e-36,6.407762813817901e-36,6.441079029499946e-36,6.474481636402547e-36,6.507970634525708e-36,6.541546023869427e-36,6.575207804433702e-36,6.608955976218533e-36,6.642790539223925e-36,6.676711493449873e-36,6.710718838896381e-36,6.744812575563448e-36,6.77899270345107e-36,6.813259222559253e-36,6.847612132887994e-36,6.88205143443729e-36,6.916577127207146e-36,6.951189211197558e-36,6.985887686408528e-36,7.020672552840057e-36,7.055543810492146e-36,7.09050145936479e-36,7.125545499457993e-36,7.160675930771753e-36,7.195892753306069e-36,7.231195967060944e-36,7.266585572036379e-36,7.302061568232362e-36,7.337623955648912e-36,7.37327273428602e-36,7.409007904143685e-36,7.444829465221907e-36,7.480737417520686e-36,7.516731761040025e-36,7.552812495779924e-36,7.588979621740372e-36,7.625233138921385e-36,7.661573047322955e-36,7.697999346945084e-36,7.734512037787769e-36,7.771111119851013e-36,7.807796593134815e-36,7.844568457639176e-36,7.881426713364093e-36,7.918371360309569e-36,7.955402398475604e-36,7.992519827862193e-36,8.029723648469342e-36,8.067013860297048e-36,8.104390463345314e-36,8.141853457614131e-36,8.179402843103511e-36,8.21703861981345e-36,8.254760787743947e-36,8.292569346895002e-36,8.330464297266611e-36,8.368445638858778e-36,8.406513371671505e-36,8.44466749570479e-36,8.482908010958633e-36,8.521234917433034e-36,8.559648215127994e-36,8.598147904043512e-36,8.636733984179585e-36,8.675406455536217e-36,8.714165318113405e-36,8.753010571911155e-36,8.791942216929464e-36,8.830960253168328e-36,8.87006468062775e-36,8.90925549930773e-36,8.948532709208269e-36,8.987896310329364e-36,9.027346302671017e-36,9.06688268623323e-36,9.106505461015998e-36,9.146214627019327e-36,9.186010184243211e-36,9.225892132687654e-36,9.265860472352657e-36,9.305915203238218e-36,9.346056325344334e-36,9.38628383867101e-36,9.426597743218248e-36,9.46699803898604e-36,9.507484725974391e-36,9.548057804183298e-36,9.588717273612763e-36,9.629463134262785e-36,9.670295386133365e-36,9.711214029224503e-36,9.7522190635362e-36,9.793310489068449e-36,9.834488305821261e-36,9.875752513794629e-36,9.917103112988557e-36,9.958540103403042e-36,1.0000063485038085e-35,1.0041673257893686e-35,1.0083369421969847e-35,1.0125151977266564e-35,1.0167020923783837e-35,1.0208976261521676e-35,1.0251017990480066e-35,1.0293146110659017e-35,1.0335360622058522e-35,1.0377661524678586e-35,1.0420048818519207e-35,1.0462522503580385e-35,1.0505082579862121e-35,1.0547729047364416e-35,1.0590461906087266e-35,1.0633281156030673e-35,1.0676186797194638e-35,1.0719178829579152e-35,1.0762257253184232e-35,1.0805422068009873e-35,1.0848673274056066e-35,1.089201087132282e-35,1.0935434859810132e-35,1.0978945239517999e-35,1.1022542010446425e-35,1.106622517259541e-35,1.1109994725964949e-35,1.1153850670555048e-35,1.1197793006365705e-35,1.1241821733396926e-35,1.1285936851648697e-35,1.1330138361121027e-35,1.1374426261813914e-35,1.1418800553727363e-35,1.1463261236861367e-35,1.1507808311215927e-35,1.1552441776791046e-35,1.1597161633586723e-35,1.1641967881602959e-35,1.1686860520839753e-35,1.1731839551297102e-35,1.177690497297501e-35,1.1822056785873477e-35,1.1867294989992502e-35,1.1912619585332085e-35,1.1958030571892225e-35,1.2003527949672921e-35,1.2049111718674178e-35,1.2094781878895994e-35,1.2140538430338362e-35,1.218638137300129e-35,1.2232310706884775e-35,1.2278326431988815e-35,1.2324428548313417e-35,1.2370617055858565e-35,1.241689195462428e-35,1.2463253244610588e-35,1.2509700925817435e-35,1.2556234998244825e-35,1.260285546189277e-35,1.2649562316761273e-35,1.2696355562850338e-35,1.2743235200159955e-35,1.2790201228690128e-35,1.2837253648440864e-35,1.2884392459412156e-35,1.2931617661604006e-35,1.2978929255016414e-35,1.302632723964938e-35,1.3073811615502906e-35,1.3121382382576986e-35,1.3169039540871627e-35,1.3216783090386821e-35,1.3264613031122576e-35,1.3312529363078887e-35,1.3360532086255759e-35,1.3408621200653183e-35,1.3456796706271168e-35,1.3505058603109707e-35,1.3553406891168808e-35,1.3601841570448468e-35,1.3650362640948692e-35,1.3698970102669466e-35,1.3747663955610798e-35,1.3796444199772688e-35,1.384531083515514e-35,1.3894263861758144e-35,1.3943303279581709e-35,1.3992429088625835e-35,1.4041641288890513e-35,1.409093988037575e-35,1.4140324863081546e-35,1.4189796237007897e-35,1.4239354002154806e-35,1.4288998158522273e-35,1.4338728706110296e-35,1.4388545644918877e-35,1.4438448974948016e-35,1.4488438696197714e-35,1.453851480866797e-35,1.458867731235878e-35,1.4638926207270153e-35,1.4689261493402084e-35,1.473968317075457e-35,1.4790191239327612e-35,1.4840785699121211e-35,1.4891466550135372e-35,1.4942233792370089e-35,1.4993087425825366e-35,1.5044027450501196e-35,1.5095053866397584e-35,1.514616667351453e-35,1.5197365871852033e-35,1.5248651461410093e-35,1.5300023442188712e-35,1.5351481814187886e-35,1.540302657740762e-35,1.5454657731847907e-35,1.550637527750876e-35,1.5558179214390168e-35,1.561006954249213e-35,1.5662046261814654e-35,1.571410937235773e-35,1.5766258874121366e-35,1.581849476710556e-35,1.5870817051310312e-35,1.592322572673562e-35,1.5975720793381487e-35,1.6028302251247913e-35,1.60809701003349e-35,1.613372434064244e-35,1.6186564972170537e-35,1.6239491994919193e-35,1.6292505408888405e-35,1.6345605214078178e-35,1.6398791410488506e-35,1.6452063998119392e-35,1.6505422976970832e-35,1.655886834704284e-35,1.6612400108335396e-35,1.6666018260848513e-35,1.671972280458219e-35,1.6773513739536426e-35,1.6827391065711215e-35,1.6881354783106567e-35,1.6935404891722472e-35,1.698954139155894e-35,1.7043764282615965e-35,1.7098073564893548e-35,1.715246923839169e-35,1.7206951303110388e-35,1.7261519759049642e-35,1.7316174606209453e-35,1.7370915844589824e-35,1.742574347419075e-35,1.7480657495012232e-35,1.7535657907054278e-35,1.759074471031688e-35,1.764591790480003e-35,1.7701177490503746e-35,1.7756523467428025e-35,1.7811955835572857e-35,1.7867474594938252e-35,1.7923079745524203e-35,1.7978771287330712e-35,1.8034549220357773e-35,1.80904135446054e-35,1.8146364260073583e-35,1.820240136676232e-35,1.8258524864671614e-35,1.8314734753801472e-35,1.837103103415188e-35,1.8427413705722853e-35,1.848388276851438e-35,1.8540438222526464e-35,1.859708006775911e-35,1.8653808304212306e-35,1.871062293188607e-35,1.8767523950780382e-35,1.882451136089526e-35,1.888158516223069e-35,1.8938745354786683e-35,1.8995991938563232e-35,1.905332491356034e-35,1.9110744279778006e-35,1.916825003721622e-35,1.9225842185875e-35,1.928352072575433e-35,1.9341285656854224e-35,1.939913697917468e-35,1.9457074692715688e-35,1.9515098797477258e-35,1.9573209293459385e-35,1.9631406180662072e-35,1.968968945908531e-35,1.9748059128729112e-35,1.9806515189593466e-35,1.9865057641678386e-35,1.9923686484983857e-35,1.9982401719509893e-35,2.004120334525648e-35,2.010009136222362e-35,2.0159065770411323e-35,2.0218126569819587e-35,2.0277273760448398e-35,2.0336507342297784e-35,2.0395827315367718e-35,2.0455233679658215e-35,2.0514726435169262e-35,2.0574305581900867e-35,2.0633971119853045e-35,2.0693723049025767e-35,2.0753561369419052e-35,2.0813486081032896e-35,2.087349718386729e-35,2.0933594677922242e-35,2.0993778563197755e-35,2.1054048839693832e-35,2.1114405507410461e-35,2.1174848566347655e-35,2.1235378016505395e-35,2.1295993857883697e-35,2.135669609048256e-35,2.1417484714301975e-35,2.147835972934195e-35,2.1539321135602486e-35,2.1600368933083579e-35,2.1661503121785227e-35,2.1722723701707436e-35,2.1784030672850198e-35,2.184542403521352e-35,2.1906903788797395e-35,2.1968469933601834e-35,2.2030122469626821e-35,2.2091861396872388e-35,2.21536867153385e-35,2.2215598425025167e-35,2.2277596525932395e-35,2.2339681018060178e-35,2.2401851901408518e-35,2.246410917597742e-35,2.2526452841766876e-35,2.2588882898776892e-35,2.2651399347007467e-35,2.2714002186458603e-35,2.2776691417130297e-35,2.283946703902255e-35,2.2902329052135354e-35,2.2965277456468715e-35,2.302831225202264e-35,2.309143343879711e-35,2.3154641016792143e-35,2.321793498600774e-35,2.3281315346443888e-35,2.33447820981006e-35,2.3408335240977861e-35,2.3471974775075685e-35,2.3535700700394067e-35,2.359951301693301e-35,2.3663411724692506e-35,2.3727396823672563e-35,2.3791468313873178e-35,2.3855626195294354e-35,2.3919870467936085e-35,2.3984201131798367e-35,2.4048618186881215e-35,2.411312163318461e-35,2.4177711470708574e-35,2.424238769945309e-35,2.4307150319418167e-35,2.43719993306038e-35,2.4436934733009993e-35,2.4501956526636743e-35,2.456706471148404e-35,2.4632259287551913e-35,2.469754025484033e-35,2.4762907613349316e-35,2.482836136307885e-35,2.4893901504028946e-35,2.4959528036199593e-35,2.5025240959590804e-35,2.5091040274202573e-35,2.5156925980034905e-35,2.522289807708779e-35,2.528895656536123e-35,2.535510144485523e-35,2.542133271556979e-35,2.548765037750491e-35,2.555405443066057e-35,2.562054487503681e-35,2.56871217106336e-35,2.575378493745095e-35,2.5820534555488854e-35,2.588737056474731e-35,2.595429296522633e-35,2.602130175692591e-35,2.608839693984605e-35,2.6155578513986743e-35,2.6222846479347996e-35,2.6290200835929803e-35,2.635764158373218e-35,2.6425168722755107e-35,2.6492782252998593e-35,2.656048217446263e-35,2.662826848714723e-35,2.669614119105239e-35,2.676410028617811e-35,2.6832145772524384e-35,2.6900277650091214e-35,2.6968495918878603e-35,2.7036800578886555e-35,2.7105191630115055e-35,2.717366907256412e-35,2.7242232906233735e-35,2.7310883131123915e-35,2.7379619747234654e-35,2.744844275456595e-35,2.7517352153117794e-35,2.758634794289021e-35,2.765543012388318e-35,2.772459869609669e-35,2.779385365953078e-35,2.7863195014185415e-35,2.793262276006061e-35,2.8002136897156365e-35,2.807173742547268e-35,2.8141424345009554e-35,2.8211197655766975e-35,2.828105735774496e-35,2.83510034509435e-35,2.8421035935362604e-35,2.8491154811002263e-35,2.8561360077862475e-35,2.863165173594325e-35,2.870202978524458e-35,2.877249422576647e-35,2.8843045057508917e-35,2.8913682280471926e-35,2.898440589465549e-35,2.9055215900059623e-35,2.91261122966843e-35,2.9197095084529543e-35,2.926816426359534e-35,2.9339319833881685e-35,2.941056179538859e-35,2.9481890148116065e-35,2.955330489206409e-35,2.962480602723267e-35,2.969639355362181e-35,2.976806747123151e-35,2.9839827780061764e-35,2.991167448011258e-35,2.998360757138396e-35,3.005562705387589e-35,3.012773292758838e-35,3.019992519252143e-35,3.0272203848675033e-35,3.034456889604919e-35,3.041702033464391e-35,3.0489558164459185e-35,3.056218238549503e-35,3.0634892997751424e-35,3.070769000122837e-35,3.0780573395925885e-35,3.0853543181843934e-35,3.092659935898256e-35,3.0999741927341744e-35,3.1072970886921483e-35,3.114628623772178e-35,3.121968797974264e-35,3.129317611298405e-35,3.136675063744602e-35,3.1440411553128545e-35,3.1514158860031634e-35,3.158799255815528e-35,3.166191264749948e-35,3.173591912806424e-35,3.1810011999849557e-35,3.188419126285544e-35,3.195845691708187e-35,3.203280896252886e-35,3.210724739919641e-35,3.2181772227084514e-35,3.2256383446193185e-35,3.2331081056522405e-35,3.2405865058072187e-35,3.248073545084253e-35,3.2555692234833416e-35,3.263073541004488e-35,3.270586497647689e-35,3.278108093412946e-35,3.2856383283002584e-35,3.293177202309627e-35,3.3007247154410507e-35,3.308280867694531e-35,3.315845659070067e-35,3.3234190895676575e-35,3.331001159187305e-35,3.338591867929008e-35,3.3461912157927673e-35,3.3537992027785824e-35,3.361415828886452e-35,3.3690410941163784e-35,3.37667499846836e-35,3.384317541942398e-35,3.391968724538492e-35,3.399628546256642e-35,3.407297007096847e-35,3.414974107059108e-35,3.422659846143424e-35,3.4303542243497965e-35,3.4380572416782256e-35,3.445768898128709e-35,3.453489193701249e-35,3.461218128395845e-35,3.468955702212496e-35,3.476701915151204e-35,3.484456767211967e-35,3.492220258394785e-35,3.49999238869966e-35,3.5077731581265903e-35,3.5155625666755755e-35,3.523360614346617e-35,3.531167301139715e-35,3.5389826270548683e-35,3.546806592092079e-35,3.5546391962513433e-35,3.5624804395326645e-35,3.570330321936041e-35,3.578188843461473e-35,3.586056004108961e-35,3.5939318038785045e-35,3.601816242770105e-35,3.60970932078376e-35,3.6176110379194715e-35,3.625521394177238e-35,3.6334403895570614e-35,3.6413680240589403e-35,3.6493042976828756e-35,3.6572492104288667e-35,3.6652027622969126e-35,3.6731649532870143e-35,3.681135783399172e-35,3.689115252633385e-35,3.697103360989654e-35,3.705100108467979e-35,3.7131054950683586e-35,3.7211195207907947e-35,3.729142185635287e-35,3.737173489601835e-35,3.745213432690439e-35,3.753262014901098e-35,3.7613192362338136e-35,3.7693850966885847e-35,3.777459596265411e-35,3.785542734964294e-35,3.7936345127852333e-35,3.801734929728227e-35,3.809843985793278e-35,3.8179616809803827e-35,3.8260880152895456e-35,3.8342229887207627e-35,3.8423666012740367e-35,3.850518852949365e-35,3.858679743746749e-35,3.8668492736661883e-35,3.8750274427076834e-35,3.883214250871236e-35,3.8914096981568433e-35,3.899613784564507e-35,3.9078265100942255e-35,3.9160478747460003e-35,3.924277878519832e-35,3.932516521415719e-35,3.940763803433661e-35,3.94901972457366e-35,3.957284284835714e-35,3.9655574842198235e-35,3.9738393227259896e-35,3.9821298003542105e-35,3.990428917104488e-35,3.9987366729768207e-35,4.0070530679712096e-35,4.015378102087655e-35,4.023711775326154e-35,4.03205408768671e-35,4.040405039169321e-35,4.0487646297739875e-35,4.0571328595007124e-35,4.06550972834949e-35,4.073895236320326e-35,4.082289383413217e-35,4.0906921696281626e-35,4.099103594965164e-35,4.107523659424221e-35,4.1159523630053345e-35,4.124389705708504e-35,4.1328356875337295e-35,4.1412903084810116e-35,4.1497535685503484e-35,4.1582254677417415e-35,4.1667060060551905e-35,4.175195183490696e-35,4.1836930000482554e-35,4.192199455727871e-35,4.200714550529542e-35,4.2092382844532695e-35,4.2177706574990523e-35,4.226311669666891e-35,4.234861320956786e-35,4.243419611368737e-35,4.251986540902744e-35,4.2605621095588055e-35,4.269146317336924e-35,4.2777391642370963e-35,4.286340650259326e-35,4.2949507754036105e-35,4.303569539669951e-35,1.2634013027390029e-14,2.526802543017241e-14,3.7902037652012124e-14,5.05360496931446e-14,6.31700615535796e-14,7.580407326705625e-14,8.843808489654028e-14,1.0107209621492933e-13,1.1370610743095232e-13,1.263401183879008e-13,1.389741291978901e-13,1.5160813979344396e-13,1.642421502083004e-13,1.7687616044245947e-13,1.8951017049592133e-13,2.0214418036868588e-13,2.1477819006075335e-13,2.2741219957212366e-13,2.400462089027968e-13,2.5268021805277284e-13,2.653142270220518e-13,2.779482358106336e-13,2.90582244418518e-13,3.0321625284570593e-13,3.158502610921964e-13,3.284842691579891e-13,3.4111827704308454e-13,3.5375181791324433e-13,3.663858254369527e-13,3.7901983286248696e-13,3.916538400248009e-13,4.042878470790213e-13,4.1692185401697274e-13,4.295558608250474e-13,4.42189867491825e-13,4.54823873750658e-13,4.674578798287888e-13,4.80091885726223e-13,4.927258914429591e-13,5.053598970442573e-13,5.179939023995995e-13,5.306279075742449e-13,5.432619125681928e-13,5.558959173814435e-13,5.685299220139971e-13,5.811639264658538e-13,5.937979307370137e-13,6.064319348274766e-13,6.19065938737242e-13,6.316999424663111e-13,6.443339460146824e-13,6.569679493823567e-13,6.696019525693338e-13,6.822359555756139e-13,6.948699584011968e-13,7.075039610460829e-13,7.201379635102719e-13,7.327719657937635e-13,7.454059678965584e-13,7.580399698186564e-13,7.70673971560057e-13,7.833079731207604e-13,7.959419745007668e-13,8.085759757000766e-13,8.212099767186888e-13,8.338439775566042e-13,8.464779782138226e-13,8.591119786903437e-13,8.717459789861676e-13,8.843799791012946e-13,8.970139790357251e-13,9.096479787894583e-13,9.222819783624954e-13,9.349159777548353e-13,9.475499769664774e-13,9.601839759974226e-13,9.728179748476725e-13,9.85451973517224e-13,9.980859720060787e-13,1.0107199703142354e-12,1.0233539684416952e-12,1.0359879663884585e-12,1.0486219641545248e-12,1.061255961739893e-12,1.0738899591445648e-12,1.0865239563685398e-12,1.0991579534118179e-12,1.111791950274399e-12,1.1244259469562829e-12,1.1370599434574719e-12,1.1496939397779633e-12,1.162327935917758e-12,1.174961931876856e-12,1.1875958109044951e-12,1.2002298066654813e-12,1.2128638020824774e-12,1.2254977973187863e-12,1.2381317923743992e-12,1.2507657872493147e-12,1.2633997819435337e-12,1.2760337765426584e-12,1.288667771037929e-12,1.30130176541924e-12,1.3139357596802535e-12,1.3265697538459104e-12,1.339203747455949e-12,1.351837740885291e-12,1.3644717341339354e-12,1.3771057272018828e-12,1.3897397200891335e-12,1.4023737127956871e-12,1.4150077053215438e-12,1.4276416976667038e-12,1.4402756898311678e-12,1.4529096818149354e-12,1.465543673618005e-12,1.4781776652403786e-12,1.4908116566820552e-12,1.503445647943036e-12,1.5160796390233197e-12,1.5287136299229074e-12,1.5413476206417973e-12,1.5539816111799917e-12,1.566615601537489e-12,1.57924959171429e-12,1.5918835817103938e-12,1.6045175715258016e-12,1.617151561160512e-12,1.6297855506145256e-12,1.6424195398878428e-12,1.655053528980464e-12,1.6676875178923881e-12,1.6803215066236153e-12,1.6929554951741458e-12,1.7055894835439812e-12,1.7182234717331195e-12,1.7308574597415612e-12,1.7434914475693054e-12,1.756125435216354e-12,1.768759422682706e-12,1.781393409968362e-12,1.7940273970733204e-12,1.8066613839975819e-12,1.819295370741146e-12,1.831929357304015e-12,1.8445633436861872e-12,1.8571973298876623e-12,1.8698313159084412e-12,1.8824653017485228e-12,1.8950992875035073e-12,1.9077332729821966e-12,1.9203672588373245e-12,1.9330012439546194e-12,1.9456352392022366e-12,1.958269223958139e-12,1.970903208619254e-12,1.9835371931777676e-12,1.996171177391296e-12,2.0088051614244126e-12,2.021439145276833e-12,2.0340731289485566e-12,2.046707112439584e-12,2.0593410913513725e-12,2.071975074481006e-12,2.0846090574788616e-12,2.097242989256411e-12,2.109876972054657e-12,2.122510954461474e-12,2.1351449367820995e-12,2.1477789188275546e-12,2.1604129006923144e-12,2.1730468822780073e-12,2.1856808639464038e-12,2.1983148451748577e-12,2.2109488262387616e-12,2.2235828072000374e-12,2.236216788051307e-12,2.248850768801084e-12,2.2614850056715956e-12,2.274118952120667e-12,2.28675284860739e-12,2.2993868180759103e-12,2.3120207916027602e-12,2.324654769937086e-12,2.33728874246768e-12,2.349922709967639e-12,2.362556688941254e-12,2.3751905600571454e-12,2.3878245386693692e-12,2.400458517100896e-12,2.4130924953517264e-12,2.42572647342186e-12,2.4383604513112973e-12,2.450994429020038e-12,2.4636284065480825e-12,2.4762623838954304e-12,2.488896361062082e-12,2.5015303380480378e-12,2.514164314853297e-12,2.5267982914778598e-12,2.539432267921727e-12,2.5520662441848968e-12,2.5647002202673704e-12,2.577334196169148e-12,2.5899681718902293e-12,2.6026021476644372e-12,2.615236123024126e-12,2.627870098203118e-12,2.640504073201414e-12,2.653138048019014e-12,2.665772022655917e-12,2.678405997112125e-12,2.6910399714646323e-12,2.7036739457214174e-12,2.7163079196355356e-12,2.7289418933689577e-12,2.741575866921683e-12,2.754209840293713e-12,2.766843813485047e-12,2.7794777864956837e-12,2.792111759325626e-12,2.804745731974871e-12,2.8173797044434193e-12,2.830013676731273e-12,2.8426476488384293e-12,2.8552816207648882e-12,2.867915592510652e-12,2.8805495574614608e-12,2.893183518176517e-12,2.905817524779132e-12,2.918451435846798e-12,2.931085406689084e-12,2.943719377350672e-12,2.956353347831564e-12,2.96898731813176e-12,2.9816212882512604e-12,2.9942552581900646e-12,3.006889227948172e-12,3.019523197525584e-12,3.0321571669222997e-12,3.0447911361383204e-12,3.0574251051736446e-12,3.0700590740282714e-12,3.082693042702202e-12,3.095327011195438e-12,3.1079609795079774e-12,3.1205949476398204e-12,3.1332289155909665e-12,3.1458628833614172e-12,3.1584968509511718e-12,3.1711308183602306e-12,3.183764785588593e-12,3.1963987526362582e-12,3.2090327195032274e-12,3.221666686189501e-12,3.234300652695081e-12,3.2469346190199624e-12,3.2595685851641494e-12,3.2722025511276382e-12,3.2848365169104317e-12,3.2974704825125302e-12,3.310104447933932e-12,3.322738413174638e-12,3.335372378234649e-12,3.3480063431139624e-12,3.3606403078125806e-12,3.3732742723305022e-12,3.385908236762864e-12,3.398542097438619e-12,3.411176061700846e-12,3.42380998165235e-12,3.4364439452668084e-12,3.4490779087493447e-12,3.461711872002397e-12,3.474345835110629e-12,3.4869797981130787e-12,3.4996144440646705e-12,3.5122484065949276e-12,3.5248823689444914e-12,3.537516331113358e-12,3.550150293101529e-12,3.5627842549090042e-12,3.5754182165357834e-12,3.588052177981866e-12,3.6006861392472537e-12,3.6133201003319453e-12,3.6259540612359394e-12,3.6385880219592395e-12,3.651221982501843e-12,3.66385594286375e-12,3.676489903044963e-12,3.689123863127036e-12,3.70175782310084e-12,3.714391839623202e-12,3.727025881036348e-12,3.739659840314084e-12,3.752293799411121e-12,3.76492775832746e-12,3.777561717063107e-12,3.790195675618055e-12,3.802829633992309e-12,3.815463592185867e-12,3.828097550198726e-12,3.8407315080308926e-12,3.853365465682362e-12,3.865999423153138e-12,3.878633380443215e-12,3.8912673375525986e-12,3.9039012944812835e-12,3.9165352512292755e-12,3.929169207796572e-12,3.941803164183172e-12,3.954437120389074e-12,3.967071076414281e-12,3.979705032258794e-12,3.992338987922609e-12,4.0049729434057304e-12,4.017606898708157e-12,4.030240853829886e-12,4.04287480877092e-12,4.0555087635312576e-12,4.068142718110901e-12,4.080776672509846e-12,4.093410626728097e-12,4.106044580765651e-12,4.118678534622511e-12,4.131312488298675e-12,4.143946441794143e-12,4.156580395108915e-12,4.1692143482429915e-12,4.181848301196373e-12,4.194482253969059e-12,4.207116206561049e-12,4.2197501589723414e-12,4.232384111202941e-12,4.245018063252672e-12,4.25765201512188e-12,4.270285966810391e-12,4.282919918318208e-12,4.295553869645327e-12,4.308187820791752e-12,4.32082177175748e-12,4.333455722542513e-12,4.346089673146851e-12,4.358723623570493e-12,4.3713575738134396e-12,4.383991523875692e-12,4.396625473757246e-12,4.409259423458106e-12,4.42189337297827e-12,4.43452732231774e-12,4.447161271476514e-12,4.4597952204545905e-12,4.4724291692519745e-12,4.485063117868663e-12,4.497697066304656e-12,4.510331014559951e-12,4.522964962634553e-12,4.535598910528457e-12,4.54823285824167e-12,4.560866805774183e-12,4.5735007531260035e-12,4.586134700297125e-12,4.598768647287555e-12,4.611402593725266e-12,4.624036540354304e-12,4.636670486802643e-12,4.649304433070293e-12,4.661938379157242e-12,4.674572325063496e-12,4.687206270789056e-12,4.699840216333919e-12,4.712474161793602e-12,4.7251081069770766e-12,4.737742051979853e-12,4.750375996801937e-12,4.763009941443322e-12,4.775643885948922e-12,4.7882778105700966e-12,4.800911754669388e-12,4.813545698587993e-12,4.826179642325903e-12,4.838813585883116e-12,4.851447529259635e-12,4.8640814724554604e-12,4.876715415470589e-12,4.889349358305023e-12,4.90198330095876e-12,4.914617243431803e-12,4.92725118572415e-12,4.939885127835805e-12,4.952519069766761e-12,4.965153011517022e-12,4.977786953086586e-12,4.9904208944754596e-12,5.0030548356836335e-12,5.015688776711113e-12,5.028322717557897e-12,5.040956658223988e-12,5.053590598709382e-12,5.066224539014081e-12,5.078858479138086e-12,5.091492419081393e-12,5.104126358844004e-12,5.1167602984259244e-12,5.129394237827146e-12,5.142028177047673e-12,5.154662116087505e-12,5.16729605494664e-12,5.179929993625081e-12,5.1925639321228285e-12,5.205197870439879e-12,5.217831808576234e-12,5.230465746531895e-12,5.2430996843068615e-12,5.255733621901131e-12,5.268367559314707e-12,5.281001496547587e-12,5.2936354335997705e-12,5.3062693704712595e-12,5.318903307162055e-12,5.3315372436721545e-12,5.344171180001559e-12,5.3568051161502665e-12,5.3694390521182795e-12,5.382072987905598e-12,5.394706923512221e-12,5.407340858938148e-12,5.419974794183383e-12,5.432608729247921e-12,5.445242664131764e-12,5.457876598834912e-12,5.470510533357366e-12,5.4831444676991256e-12,5.495778401860188e-12,5.5084123358405574e-12,5.521046269640231e-12,5.533680203259208e-12,5.546314136697491e-12,5.5589480699550795e-12,5.571582003031973e-12,5.58421593592817e-12,5.596849868643674e-12,5.609483801178481e-12,5.6221177335325936e-12,5.634751665706012e-12,5.647385597698734e-12,5.660019529510761e-12,5.672653461142092e-12,5.6852873925927305e-12,5.697921323862673e-12,5.71055525495192e-12,5.723189185860472e-12,5.735823116588328e-12,5.748457047135491e-12,5.761090977501958e-12,5.77372490768773e-12,5.786358837692807e-12,5.798992767517187e-12,5.811626697160873e-12,5.824260626623866e-12,5.836894555906165e-12,5.849528485007768e-12,5.862162413928675e-12,5.8747963426688875e-12,5.887430271228405e-12,5.900064199607228e-12,5.912698127805355e-12,5.9253320558227894e-12,5.9379659836595265e-12,5.950599911315571e-12,5.963233838790919e-12,5.9758677660855715e-12,5.988501693199531e-12,6.001135620132797e-12,6.013769546885366e-12,6.026403473457241e-12,6.039037399848418e-12,6.051671326058902e-12,6.064305252088692e-12,6.076939177937786e-12,6.089573103606185e-12,6.102207029093892e-12,6.114840954400901e-12,6.127474879527218e-12,6.1401088044728385e-12,6.1527427292377645e-12,6.165376653821994e-12,6.178010578225531e-12,6.190644502448372e-12,6.203278426490519e-12,6.2159123503519715e-12,6.228546274032728e-12,6.24118019753279e-12,6.2538141208521585e-12,6.266448043990832e-12,6.279081966948812e-12,6.2917158897260955e-12,6.304349812322685e-12,6.316983734738578e-12,6.329617656973779e-12,6.342251579028282e-12,6.3548855009020926e-12,6.3675194225952074e-12,6.380153344107628e-12,6.392787265439354e-12,6.4054211865903855e-12,6.418055107560721e-12,6.430689028350363e-12,6.443322948959309e-12,6.4559568693875595e-12,6.468590789635117e-12,6.4812247097019804e-12,6.493858629588147e-12,6.506492549293622e-12,6.519126468818402e-12,6.531760388162489e-12,6.5443943073258784e-12,6.557028226308572e-12,6.5696621451105735e-12,6.582296063731878e-12,6.594929982172491e-12,6.6075639004324075e-12,6.620197818511631e-12,6.632831736410156e-12,6.6454656541279906e-12,6.6580995716651295e-12,6.6707334890215755e-12,6.6833674061973245e-12,6.696001323192381e-12,6.70863524000674e-12,6.721269156640406e-12,6.7339030730933745e-12,6.7465369893656525e-12,6.7591709054572335e-12,6.771804821368118e-12,6.784438737098311e-12,6.79707265264781e-12,6.809706568016615e-12,6.822340483204721e-12,6.834974398212136e-12,6.847608313038854e-12,6.860242227684877e-12,6.8728761421502086e-12,6.885510056434845e-12,6.898143970538787e-12,6.9107778844620336e-12,6.923411798204585e-12,6.9360457117664456e-12,6.9486796251476085e-12,6.961313538348077e-12,6.973947451367853e-12,6.986581364206932e-12,6.999215276865319e-12,7.011849189343008e-12,7.024483101640004e-12,7.037117013756306e-12,7.049750925691912e-12,7.062384837446826e-12,7.0750187490210454e-12,7.087652660414568e-12,7.100286571627398e-12,7.112920482659532e-12,7.125554393510972e-12,7.138188304181717e-12,7.15082221467177e-12,7.163456124981126e-12,7.176090035109789e-12,7.188723945057757e-12,7.201357854825031e-12,7.21399176441161e-12,7.2266256738174954e-12,7.2392595830426865e-12,7.251893492087182e-12,7.264527400950984e-12,7.277161309634091e-12,7.289795218136505e-12,7.302429126458223e-12,7.315063034599248e-12,7.327696942559579e-12,7.340330850339215e-12,7.352964757938158e-12,7.365598665356401e-12,7.378232572593956e-12,7.390866479650813e-12,7.403500386526977e-12,7.416134293222449e-12,7.428768199737223e-12,7.441402106071306e-12,7.454036012224692e-12,7.466669918197385e-12,7.479303823989383e-12,7.491937729600686e-12,7.504571635031297e-12,7.51720554028121e-12,7.529839445350427e-12,7.542473350238957e-12,7.555107254946788e-12,7.567741159473925e-12,7.58037506382037e-12,7.593008967986122e-12,7.605642871971178e-12,7.61827677577554e-12,7.630910679399207e-12,7.643544582842182e-12,7.656178486104458e-12,7.668812389186044e-12,7.681446292086931e-12,7.694080194807123e-12,7.706714097346626e-12,7.719347999705434e-12,7.731981901883547e-12,7.744615803880968e-12,7.757249705697691e-12,7.769883607333724e-12,7.78251750878906e-12,7.795151410063703e-12,7.807785311157651e-12,7.820419212070906e-12,7.833053112803468e-12,7.845687013355332e-12,7.858320913726506e-12,7.870954813916985e-12,7.88358871392677e-12,7.896222613755857e-12,7.908856513404254e-12,7.921490412871956e-12,7.934124312158962e-12,7.946758211265274e-12,7.959392110190893e-12,7.972026008935821e-12,7.984659907500053e-12,7.99729380588359e-12,8.009927704086434e-12,8.022561602108586e-12,8.03519549995004e-12,8.047829397610805e-12,8.060463295090869e-12,8.073097192390243e-12,8.085731089508922e-12,8.098364986446904e-12,8.110998883204198e-12,8.123632779780793e-12,8.136266676176695e-12,8.148900572391906e-12,8.161534468426424e-12,8.174168364280244e-12,8.186802259953373e-12,8.1994361554458e-12,8.212070050757545e-12,8.224703945888587e-12,8.23733784083894e-12,8.249971735608596e-12,8.262605630197559e-12,8.27523952460583e-12,8.287873418833406e-12,8.300507312880288e-12,8.313141206746476e-12,8.325775100431965e-12,8.338408993936767e-12,8.351042887260876e-12,8.363676780404287e-12,8.376310673367005e-12,8.388944566149029e-12,8.40157845875036e-12,8.414212351170999e-12,8.426846243410943e-12,8.439480135470192e-12,8.452114027348747e-12,8.464747919046609e-12,8.477381810563777e-12,8.49001570190025e-12,8.502649593056028e-12,8.515283484031115e-12,8.527917374825506e-12,8.540551265439202e-12,8.553185155872206e-12,8.565819046124518e-12,8.57845293619613e-12,8.591086826087054e-12,8.603720715797281e-12,8.616354605326815e-12,8.628988494675654e-12,8.641622383843799e-12,8.654256272831251e-12,8.666890161638013e-12,8.679524050264082e-12,8.692157938709453e-12,8.704791826974127e-12,8.71742571505811e-12,8.730059602961394e-12,8.742693490683992e-12,8.755327378225897e-12,8.7679612655871e-12,8.780595152767616e-12,8.79322903976744e-12,8.805862926586565e-12,8.818496813224999e-12,8.831130699682736e-12,8.843764585959783e-12,8.856398472056134e-12,8.869032357971793e-12,8.881666243706758e-12,8.894300129261026e-12,8.906934014634603e-12,8.919567899827482e-12,8.932201784839673e-12,8.944835669671171e-12,8.957469554321972e-12,8.970103438792078e-12,8.98273732308149e-12,8.995371207190209e-12,9.008005091118236e-12,9.020638974865568e-12,9.033272858432207e-12,9.045906741818156e-12,9.058540625023407e-12,9.071174508047967e-12,9.083808390891834e-12,9.096442273555001e-12,9.10907615603748e-12,9.121710038339266e-12,9.134343920460355e-12,9.146977802400753e-12,9.159611684160457e-12,9.172245565739466e-12,9.184879447137782e-12,9.197513328355408e-12,9.210147209392334e-12,9.222781090248572e-12,9.235414970924113e-12,9.248048851418962e-12,9.260682731733117e-12,9.273316611866576e-12,9.285950491819338e-12,9.298584371591419e-12,9.311218251182794e-12,9.323852130593482e-12,9.336486009823478e-12,9.349119888872776e-12,9.361753767741381e-12,9.374387646429299e-12,9.387021524936517e-12,9.39965540326304e-12,9.412289281408873e-12,9.424923159374015e-12,9.437557037158458e-12,9.45019091476221e-12,9.462824792185267e-12,9.475458669427629e-12,9.488092546489299e-12,9.500726423370278e-12,9.513360300070563e-12,9.525994176590155e-12,9.538628052929053e-12,9.551261929087254e-12,9.563895805064763e-12,9.576529680861578e-12,9.589163556477704e-12,9.601797431913134e-12,9.614431307167869e-12,9.627065182241914e-12,9.639699057135262e-12,9.652332931847919e-12,9.66496680637988e-12,9.677600680731151e-12,9.690234554901726e-12,9.702868428891612e-12,9.7155023027008e-12,9.728136176329296e-12,9.740770049777101e-12,9.753403923044212e-12,9.766037796130628e-12,9.778671669036353e-12,9.791305541761383e-12,9.803939414305717e-12,9.816573286669363e-12,9.82920715885231e-12,9.841841030854565e-12,9.854474902676131e-12,9.867108774316996e-12,9.879742645777173e-12,9.892376517056656e-12,9.905010388155447e-12,9.917644259073543e-12,9.930278129810944e-12,9.942912000367655e-12,9.955545870743671e-12,9.968179740938997e-12,9.980813610953623e-12,9.993447480787561e-12,1.0006081350440804e-11,1.0018715219913357e-11,1.003134908920521e-11,1.0043982958316374e-11,1.0056616827246845e-11,1.006925069599662e-11,1.0081884564565705e-11,1.0094518432954095e-11,1.0107152301161792e-11,1.0119786169188794e-11,1.0132420037035111e-11,1.0145053904700727e-11,1.0157687772272904e-11,1.0170321639742728e-11,1.0182955507101896e-11,1.0195589374342999e-11,1.020822324110399e-11,1.0220857107771643e-11,1.0233490974337137e-11,1.0246124840792085e-11,1.0258758707129023e-11,1.0271392573341678e-11,1.0284026439016678e-11,1.0296660304513977e-11,1.0309294169830583e-11,1.0321928034966494e-11,1.0334561899921713e-11,1.034719576469624e-11,1.0359829629290073e-11,1.0372463493703213e-11,1.0385097357935663e-11,1.0397731221987419e-11,1.0410365085858482e-11,1.0422998949548851e-11,1.0435632813058527e-11,1.0448266676387504e-11,1.0460900539535794e-11,1.0473534402503388e-11,1.048616826529029e-11,1.0498802127896497e-11,1.0511435990322014e-11,1.0524069852566838e-11,1.0536703714630969e-11,1.0549337576514408e-11,1.0561971438217146e-11,1.0574605299739197e-11,1.0587239161080556e-11,1.0599873022241216e-11,1.0612506883221193e-11,1.0625140744020474e-11,1.0637774604639058e-11,1.0650408465076955e-11,1.0663042325334156e-11,1.0675676185410664e-11,1.0688310045306478e-11,1.0700943905021602e-11,1.0713577764556028e-11,1.0726211623909761e-11,1.0738845483082803e-11,1.0751479342075155e-11,1.0764113200886812e-11,1.0776747059517778e-11,1.0789380917968048e-11,1.0802014776237622e-11,1.0814648634326504e-11,1.0827282492234695e-11,1.083991634996219e-11,1.0852550207508996e-11,1.0865184064875107e-11,1.0877817922060523e-11,1.0890451779065254e-11,1.0903085635889283e-11,1.0915719492532624e-11,1.0928353348995272e-11,1.0940987205277228e-11,1.0953621061378486e-11,1.0966254917299058e-11,1.0978888773038932e-11,1.0991522628598116e-11,1.1004156483976606e-11,1.1016790339174408e-11,1.1029424194191509e-11,1.1042058049027923e-11,1.1054691903683643e-11,1.1067325758158668e-11,1.1079959612453005e-11,1.1092593466566646e-11,1.1105227320499596e-11,1.1117861174251849e-11,1.1130495027823412e-11,1.1143128881214282e-11,1.1155762734424457e-11,1.1168396587453942e-11,1.1181030440302733e-11,1.1193664292970837e-11,1.120629814545824e-11,1.121893199776495e-11,1.1231565849890974e-11,1.1244199701836305e-11,1.1256833553600936e-11,1.126946740518488e-11,1.128210125658813e-11,1.1294735107810687e-11,1.1307368958852554e-11,1.1320002809713727e-11,1.1332636660394208e-11,1.1345270510893995e-11,1.1357904361213086e-11,1.1370538211351489e-11,1.1383172061309195e-11,1.1395805911086212e-11,1.1408439760682535e-11,1.1421073610098162e-11,1.1433707459333102e-11,1.1446341308387347e-11,1.1458975157260897e-11,1.1471609005953759e-11,1.1484242854465926e-11,1.1496876702797403e-11,1.1509510550948186e-11,1.1522144398918274e-11,1.1534778246707671e-11,1.1547412094316373e-11,1.1560045941744381e-11,1.15726797889917e-11,1.1585313636058326e-11,1.159794748294426e-11,1.1610581329649501e-11,1.1623215176174049e-11,1.1635849022517904e-11,1.1648482868681068e-11,1.1661116714663536e-11,1.1673750560465315e-11,1.1686384406086397e-11,1.1699018251526792e-11,1.1711652096786493e-11,1.17242859418655e-11,1.173691978676382e-11,1.174955363148144e-11,1.1762187476018368e-11,1.1774821320374607e-11,1.1787455164550149e-11,1.1800089008544999e-11,1.1812722852359158e-11,1.1825356695992626e-11,1.1837990539445401e-11,1.1850624382717484e-11,1.1863258225808875e-11,1.1875892068719573e-11,1.1888525911449573e-11,1.1901159753998885e-11,1.1913793596367507e-11,1.1926427438555431e-11,1.1939061280562671e-11,1.195169512238921e-11,1.1964328964035059e-11,1.197696280550022e-11,1.1989596646784686e-11,1.2002230487888456e-11,1.2014864328811538e-11,1.2027498169553922e-11,1.204013201011562e-11,1.2052765850496622e-11,1.2065399690696934e-11,1.207803353071655e-11,1.2090667370555478e-11,1.2103301210213708e-11,1.2115935049691252e-11,1.21285688889881e-11,1.2141202728104257e-11,1.2153836567039718e-11,1.216647040579449e-11,1.2179104244368566e-11,1.2191738082761952e-11,1.2204371920974645e-11,1.2217005759006649e-11,1.2229639596857956e-11,1.2242273434528572e-11,1.22549072720185e-11,1.2267541109327732e-11,1.2280174946456272e-11,1.2292808783404118e-11,1.2305442620171276e-11,1.2318076456757738e-11,1.233071029316351e-11,1.2343344129388586e-11,1.235597796543297e-11,1.2368611801296665e-11,1.2381245636979673e-11,1.2393879472481981e-11,1.2406513307803599e-11,1.2419147142944525e-11,1.2431780977904752e-11,1.2444414812684298e-11,1.2457048647283144e-11,1.2469682481701302e-11,1.2482316315938767e-11,1.2494950149995541e-11,1.2507583983871621e-11,1.2520217817567008e-11,1.2532851651081703e-11,1.2545485484415704e-11,1.2558119317569012e-11,1.2570753150541635e-11,1.2583386983333557e-11,1.2596020815944794e-11,1.2608654648375336e-11,1.2621288480625187e-11,1.2633922312694345e-11,1.2633922312694358e-11,1.2633922312694358e-11,1.2633922312694358e-11
7,5.426118283192442e-24,1.4631229715744312e-23,2.646820217260534e-23,4.0138121178326926e-23,5.508458671137645e-23,7.092009673807935e-23,8.737477739019898e-23,1.042606763515416e-22,1.2144689516427299e-22,1.3884227024706306e-22,1.5638331117612455e-22,1.7402580036090938e-22,1.9173894267991498e-22,2.0950129102360992e-22,2.2729790865899797e-22,2.4511839297251254e-22,2.6295549911556166e-22,2.808041814492985e-22,2.9866092596358887e-22,3.165232853435145e-22,3.343895551687463e-22,3.5225854840420444e-22,3.7012943834519885e-22,3.8800164923735095e-22,4.0587478009938097e-22,4.237485516698641e-22,4.416227694585723e-22,4.594972980137501e-22,4.773720430006919e-22,4.952469387204618e-22,5.131219394173616e-22,5.309970132250614e-22,5.488721379504166e-22,5.6674729813712e-22,5.846224830207043e-22,6.024976851043066e-22,6.203728991667783e-22,6.38248121571872e-22,6.56123349787145e-22,6.73998582048887e-22,6.918738171287729e-22,7.0974905417134135e-22,7.2762429258081005e-22,7.454995319422495e-22,7.633747719666846e-22,7.812500124528597e-22,7.991252532606114e-22,8.170004942923231e-22,8.348757354800112e-22,8.527509767763276e-22,8.70626218148298e-22,8.885014595729566e-22,9.063767010343113e-22,9.2425194252122e-22,9.421271840259273e-22,9.600024255430297e-22,9.778776670687646e-22,9.957529086005117e-22,1.013628150136446e-21,1.0315033916752964e-21,1.049378633216178e-21,1.0672538747584742e-21,1.0851291163017554e-21,1.1030043578457226e-21,1.1208795993901677e-21,1.1387548409349455e-21,1.1566300824799548e-21,1.1745053240251255e-21,1.1923805655704083e-21,1.2102558071157695e-21,1.2281310486611847e-21,1.2460062902066377e-21,1.2638815317521168e-21,1.2817567732976148e-21,1.2996320148431257e-21,1.3175072563886445e-21,1.33538249793417e-21,1.3532577394796991e-21,1.3711329810252313e-21,1.3890082225707648e-21,1.4068834641163001e-21,1.4247587056618348e-21,1.4426339472073709e-21,1.4605091887529074e-21,1.4783844302984433e-21,1.4962596718439804e-21,1.5141349133895171e-21,1.5320101549350534e-21,1.5498853964805905e-21,1.5677606380261272e-21,1.5856358795716644e-21,1.6035111211172011e-21,1.621386362662738e-21,1.6392616042082755e-21,1.6571368457538129e-21,1.6750120872993503e-21,1.6928873288448885e-21,1.710762570390426e-21,1.728637811935963e-21,1.7465130534815016e-21,1.7643882950270383e-21,1.782263536572575e-21,1.8001387781181117e-21,1.8180140196636507e-21,1.8358892612091877e-21,1.853764502754724e-21,1.8716397443002615e-21,1.889514985845797e-21,1.9073902273913345e-21,1.925265468936873e-21,1.9431407104824098e-21,1.961015952027949e-21,1.9788911935734865e-21,1.996766435119022e-21,2.014641676664559e-21,2.0325169182100962e-21,2.050392159755633e-21,2.0682674013011708e-21,2.0861426428467112e-21,2.104017884392248e-21,2.121893125937785e-21,2.1397683674833217e-21,2.1576436090288584e-21,2.1755188505743954e-21,2.1933940921199317e-21,2.2112693336654688e-21,2.2291445752110047e-21,2.2470198167565414e-21,2.2648950583020774e-21,2.2827702998476126e-21,2.3006455413931485e-21,2.318520782938684e-21,2.3363960244842193e-21,2.3542712660297875e-21,2.372146507575323e-21,2.3900217491208448e-21,2.40789699066637e-21,2.4257722322119057e-21,2.443647473757441e-21,2.4615227153029765e-21,2.4793979568485105e-21,2.4972731983940454e-21,2.515148439939579e-21,2.5330236814851135e-21,2.5508989230306475e-21,2.5687741645761816e-21,2.5866494061217168e-21,2.6045246476672512e-21,2.6223998892127853e-21,2.640275130758319e-21,2.6581503723038534e-21,2.6760256138493875e-21,2.6939008553949208e-21,2.7117760969404544e-21,2.729651338485989e-21,2.7475265800315237e-21,2.7654018215770566e-21,2.7832770631225903e-21,2.8011523046681236e-21,2.8190275462136573e-21,2.8369027877591902e-21,2.854778029304724e-21,2.8726532708502787e-21,2.890528512395819e-21,2.9084037539413524e-21,2.9262789954868884e-21,2.94415423703242e-21,2.9620294785779542e-21,2.9799047201234864e-21,2.997779961669016e-21,3.0156552032145474e-21,3.0335304447600788e-21,3.051405686305609e-21,3.069280927851137e-21,3.0871561693966667e-21,3.1050314109421962e-21,3.1229066524877254e-21,3.1407818940332546e-21,3.158657135578784e-21,3.1765323771243125e-21,3.194407618669842e-21,3.212282860215371e-21,3.2301581017609e-21,3.2480333433064296e-21,3.2659085848519576e-21,3.2837838263974868e-21,3.3016590679430145e-21,3.319534309488544e-21,3.337409551034072e-21,3.3552847925795993e-21,3.373160034125128e-21,3.391035275670656e-21,3.408910517216184e-21,3.426785758761711e-21,3.4446610003072384e-21,3.462536241852767e-21,3.480411483398296e-21,3.4982867249438244e-21,3.5161619664893536e-21,3.534037208034882e-21,3.551912449580407e-21,3.569787691125935e-21,3.587662932671463e-21,3.605538174216993e-21,3.623413415762522e-21,3.641288657308049e-21,3.659163898853578e-21,3.6770391403991086e-21,3.694914381944638e-21,3.712789623490168e-21,3.7306648650356946e-21,3.74854010658122e-21,3.7664153481267484e-21,3.784290589672276e-21,3.8021658312178045e-21,3.8200410727633314e-21,3.837916314308859e-21,3.855791555854387e-21,3.8736667973999144e-21,3.891542038945441e-21,3.909417280490969e-21,3.927292522036498e-21,3.9451677635820266e-21,3.963043005127554e-21,3.980918246673082e-21,3.99879348821861e-21,4.016668729764138e-21,4.0345439713096664e-21,4.052419212855194e-21,4.0702944544007225e-21,4.08816969594625e-21,4.106044937491777e-21,4.123920179037305e-21,4.141795420582835e-21,4.159670662128362e-21,4.177545903673891e-21,4.195421145219418e-21,4.213296386764945e-21,4.231171628310473e-21,4.249046869856001e-21,4.266922111401529e-21,4.284797352947057e-21,4.302672594492584e-21,4.320547836038111e-21,4.338423077583639e-21,4.356298319129165e-21,4.3741735606746935e-21,4.392048802220219e-21,4.409924043765746e-21,4.427799285311272e-21,4.445674526856799e-21,4.463549768402326e-21,4.481425009947852e-21,4.499300251493378e-21,4.517175493038905e-21,4.535050734584431e-21,4.552925976129958e-21,4.570801217675483e-21,4.588676459221008e-21,4.6065517007665336e-21,4.6244269423120575e-21,4.642302183857582e-21,4.660177425403107e-21,4.6780526669486315e-21,4.6959279084941554e-21,4.713803150039678e-21,4.731678391585201e-21,4.749553633130723e-21,4.7674288746762465e-21,4.78530411622177e-21,4.803179357767292e-21,4.821054599312814e-21,4.838929840858336e-21,4.85680508240386e-21,4.874680323949381e-21,4.8925555654949025e-21,4.910430807040421e-21,4.928306048585942e-21,4.946181290131464e-21,4.964056531676984e-21,4.981931773222507e-21,4.999807014768028e-21,5.017682256313549e-21,5.03555749785907e-21,5.0534327394045906e-21,5.071307980950113e-21,5.089183222495633e-21,5.107058464041153e-21,5.124933705586675e-21,5.142808947132196e-21,5.1606841886777174e-21,5.178559430223238e-21,5.196434671768759e-21,5.2143099133142756e-21,5.232185154859796e-21,5.2500603964053174e-21,5.267935637950838e-21,5.2858108794963554e-21,5.303686121041876e-21,5.3215613625873965e-21,5.339436604132916e-21,5.357311845678436e-21,5.375187087223955e-21,5.3930623287694755e-21,5.410937570314993e-21,5.428812811860512e-21,5.446688053406029e-21,5.464563294951549e-21,5.48243853649707e-21,5.500313778042587e-21,5.518189019588106e-21,5.536064261133622e-21,5.553939502679141e-21,5.5718147442246574e-21,5.589689985770175e-21,5.6075652273156924e-21,5.62544046886121e-21,5.643315710406726e-21,5.661190951952244e-21,5.6790661934977594e-21,5.6969414350432766e-21,5.714816676588792e-21,5.732691918134309e-21,5.750567159679824e-21,5.7684424012253406e-21,5.7863176427708555e-21,5.804192884316373e-21,5.822068125861888e-21,5.839943367407406e-21,5.857818608952921e-21,5.875693850498439e-21,5.893569092043954e-21,5.9114443335894686e-21,5.929319575134982e-21,5.9471948166804976e-21,5.9650700582260125e-21,5.982945299771526e-21,6.0008205413170415e-21,6.018695782862553e-21,6.036571024408069e-21,6.054446265953582e-21,6.0723215074990965e-21,6.09019674904461e-21,6.108071990590124e-21,6.125947232135637e-21,6.1438224736811515e-21,6.161697715226665e-21,6.1795729567721774e-21,6.1974481983176916e-21,6.215323439863204e-21,6.2331986814087176e-21,6.251073922954232e-21,6.2689491644997466e-21,6.286824406045258e-21,6.3046996475907725e-21,6.322574889136287e-21,6.3404501306818e-21,6.358325372227314e-21,6.3762006137728275e-21,6.39407585531834e-21,6.411951096863855e-21,6.429826338409369e-21,6.447701579954884e-21,6.465576821500399e-21,6.4834520630459115e-21,6.501327304591426e-21,6.5192025461369405e-21,6.537077787682454e-21,6.554953029227968e-21,6.5728282707734814e-21,6.5907035123189955e-21,6.608578753864509e-21,6.6264539954100215e-21,6.644329236955534e-21,6.6622044785010505e-21,6.680079720046563e-21,6.697954961592076e-21,6.715830203137589e-21,6.7337054446831055e-21,6.751580686228618e-21,6.769455927774131e-21,6.787331169319643e-21,6.805206410865156e-21,6.823081652410666e-21,6.840956893956181e-21,6.858832135501693e-21,6.876707377047205e-21,6.894582618592718e-21,6.91245786013823e-21,6.930333101683744e-21,6.948208343229254e-21,6.966083584774767e-21,6.983958826320278e-21,7.001834067865788e-21,7.019709309411301e-21,7.037584550956812e-21,7.055459792502325e-21,7.073335034047837e-21,7.091210275593352e-21,7.109085517138864e-21,7.126960758684377e-21,7.144836000229889e-21,7.162711241775402e-21,7.180586483320914e-21,7.198461724866428e-21,7.216336966411942e-21,7.234212207957454e-21,7.252087449502966e-21,7.269962691048478e-21,7.287837932593991e-21,7.305713174139503e-21,7.323588415685015e-21,7.341463657230522e-21,7.359338898776037e-21,7.377214140321548e-21,7.39508938186706e-21,7.412964623412573e-21,7.430839864958086e-21,7.448715106503597e-21,7.46659034804911e-21,7.484465589594619e-21,7.502340831140131e-21,7.520216072685643e-21,7.538091314231156e-21,7.555966555776666e-21,7.573841797322178e-21,7.59171703886769e-21,7.609592280413205e-21,7.627467521958717e-21,7.645342763504229e-21,7.66321800504974e-21,7.681093246595252e-21,7.698968488140763e-21,7.716843729686276e-21,7.734718971231788e-21,7.7525942127773e-21,7.77046945432281e-21,7.788344695868325e-21,7.806219937413836e-21,7.824095178959349e-21,7.84197042050486e-21,7.859845662050373e-21,7.877720903595884e-21,7.895596145141396e-21,7.91347138668691e-21,7.931346628232423e-21,7.949221869777935e-21,7.967097111323448e-21,7.98497235286896e-21,8.002847594414472e-21,8.020722835959984e-21,8.038598077505494e-21,8.056473319051008e-21,8.074348560596521e-21,8.092223802142033e-21,8.110099043687545e-21,8.127974285233057e-21,8.145849526778567e-21,8.163724768324079e-21,8.181600009869592e-21,8.199475251415103e-21,8.217350492960614e-21,8.235225734506126e-21,8.253100976051638e-21,8.270976217597152e-21,8.288851459142665e-21,8.306726700688177e-21,8.32460194223369e-21,8.342477183779204e-21,8.360352425324714e-21,8.378227666870227e-21,8.396102908415739e-21,8.413978149961253e-21,8.431853391506763e-21,8.449728633052276e-21,8.467603874597788e-21,8.4854791161433e-21,8.50335435768881e-21,8.521229599234324e-21,8.539104840779836e-21,8.556980082325349e-21,8.574855323870861e-21,8.592730565416374e-21,8.610605806961886e-21,8.6284810485074e-21,8.646356290052911e-21,8.664231531598423e-21,8.682106773143935e-21,8.699982014689448e-21,8.71785725623496e-21,8.735732497780472e-21,8.753607739325984e-21,8.771482980871493e-21,8.789358222417006e-21,8.807233463962515e-21,8.825108705508024e-21,8.842983947053534e-21,8.860859188599045e-21,8.878734430144555e-21,8.896609671690061e-21,8.914484913235571e-21,8.932360154781079e-21,8.950235396326587e-21,8.968110637872096e-21,8.985985879417607e-21,9.003861120963114e-21,9.021736362508624e-21,9.039611604054132e-21,9.057486845599642e-21,9.075362087145148e-21,9.093237328690657e-21,9.111112570236163e-21,9.12898781178167e-21,9.146863053327176e-21,9.164738294872683e-21,9.182613536418192e-21,9.2004887779637e-21,9.218364019509208e-21,9.236239261054716e-21,9.254114502600224e-21,9.27198974414573e-21,9.289864985691239e-21,9.307740227236745e-21,9.325615468782252e-21,9.343490710327758e-21,9.361365951873266e-21,9.379241193418774e-21,9.39711643496428e-21,9.414991676509788e-21,9.432866918055295e-21,9.450742159600801e-21,9.468617401146307e-21,9.486492642691814e-21,9.50436788423732e-21,9.522243125782827e-21,9.540118367328332e-21,9.557993608873833e-21,9.575868850419339e-21,9.593744091964858e-21,9.61161933351037e-21,9.629494575055876e-21,9.64736981660138e-21,9.665245058146886e-21,9.683120299692392e-21,9.700995541237896e-21,9.718870782783402e-21,9.736746024328908e-21,9.754621265874412e-21,9.772496507419915e-21,9.790371748965421e-21,9.808246990510927e-21,9.82612223205643e-21,9.843997473601934e-21,9.861872715147438e-21,9.879747956692941e-21,9.897623198238447e-21,9.915498439783948e-21,9.933373681329454e-21,9.951248922874957e-21,9.96912416442046e-21,9.986999405965964e-21,1.0004874647511469e-20,1.0022749889056973e-20,1.004062513060248e-20,1.0058500372147982e-20,1.0076375613693484e-20,1.009425085523899e-20,1.0112126096784492e-20,1.0130001338329997e-20,1.01478765798755e-20,1.0165751821421005e-20,1.0183627062966509e-20,1.0201502304512012e-20,1.0219377546057515e-20,1.0237252787603019e-20,1.0255128029148522e-20,1.0273003270694026e-20,1.0290878512239529e-20,1.030875375378503e-20,1.0326628995330533e-20,1.0344504236876035e-20,1.0362379478421539e-20,1.0380254719967042e-20,1.0398129961512545e-20,1.0416005203058047e-20,1.0433880444603547e-20,1.0451755686149049e-20,1.0469630927694551e-20,1.0487506169240053e-20,1.0505381410785556e-20,1.0523256652331055e-20,1.0541131893876558e-20,1.055900713542206e-20,1.0576882376967562e-20,1.0594757618513064e-20,1.0612632860058564e-20,1.0630508101604065e-20,1.0648383343149566e-20,1.0666258584695069e-20,1.068413382624057e-20,1.070200906778607e-20,1.0719884309331569e-20,1.0737759550877068e-20,1.0755634792422571e-20,1.077351003396807e-20,1.079138527551357e-20,1.0809260517059072e-20,1.082713575860457e-20,1.084501100015007e-20,1.0862886241695572e-20,1.0880761483241069e-20,1.0898636724786568e-20,1.0916511966332068e-20,1.0934387207877568e-20,1.0952262449423068e-20,1.0970137690968562e-20,1.0988012932514061e-20,1.100588817405956e-20,1.1023763415605061e-20,1.1041638657150558e-20,1.1059513898696055e-20,1.1077389140241553e-20,1.1095264381787051e-20,1.1113139623332551e-20,1.1131014864878048e-20,1.1148890106423543e-20,1.1166765347969042e-20,1.1184640589514542e-20,1.1202515831060041e-20,1.1220391072605543e-20,1.1238266314151043e-20,1.1256141555696542e-20,1.1274016797242044e-20,1.1291892038787544e-20,1.1309767280333043e-20,1.132764252187854e-20,1.134551776342404e-20,1.136339300496954e-20,1.1381268246515038e-20,1.1399143488060538e-20,1.141701872960603e-20,1.143489397115153e-20,1.1452769212697033e-20,1.1470644454242533e-20,1.1488519695788033e-20,1.150639493733353e-20,1.152427017887903e-20,1.1542145420424529e-20,1.1560020661970032e-20,1.1577895903515532e-20,1.1595771145061027e-20,1.1613646386606528e-20,1.1631521628152031e-20,1.1649396869697531e-20,1.1667272111243034e-20,1.1685147352788528e-20,1.170302259433403e-20,1.1720897835879533e-20,1.1738773077425036e-20,1.1756648318970536e-20,1.177452356051603e-20,1.179239880206153e-20,1.181027404360703e-20,1.1828149285152532e-20,1.1846024526698035e-20,1.1863899768243532e-20,1.1881775009789029e-20,1.1899650251334532e-20,1.1917525492880035e-20,1.1935400734425534e-20,1.1953275975971031e-20,1.1971151217516531e-20,1.1989026459062031e-20,1.2006901700607534e-20,1.2024776942153037e-20,1.2042652183698533e-20,1.2060527425244033e-20,1.2078402666789531e-20,1.2096277908335031e-20,1.2114153149880533e-20,1.2132028391426032e-20,1.2149903632971532e-20,1.2167778874517032e-20,1.218565411606253e-20,1.220352935760803e-20,1.2221404599153527e-20,1.2239279840699027e-20,1.2257155082244527e-20,1.2275030323790027e-20,1.2292905565335526e-20,1.2310780806881025e-20,1.2328656048426526e-20,1.2346531289972029e-20,1.2364406531517532e-20,1.2382281773063032e-20,1.2400157014608531e-20,1.2418032256154034e-20,1.2435907497699534e-20,1.2453782739245034e-20,1.247165798079053e-20,1.2489533222336028e-20,1.2507408463881527e-20,1.2525283705427027e-20,1.254315894697253e-20,1.256103418851803e-20,1.257890943006353e-20,1.2596784671609028e-20,1.2614659913154528e-20,1.2632535154700028e-20,1.2650410396245525e-20,1.2668285637791024e-20,1.2686160879336524e-20,1.2704036120882024e-20,1.2721911362427527e-20,1.273978660397303e-20,1.275766184551853e-20,1.2775537087064031e-20,1.2793412328609529e-20,1.2811287570155029e-20,1.2829162811700529e-20,1.2847038053246026e-20,1.2864913294791528e-20,1.2882788536337028e-20,1.2900663777882528e-20,1.2918539019428028e-20,1.2936414260973531e-20,1.295428950251903e-20,1.297216474406453e-20,1.299003998561003e-20,1.3007915227155527e-20,1.302579046870103e-20,1.304366571024653e-20,1.3061540951792027e-20,1.3079416193337526e-20,1.3097291434883025e-20,1.3115166676428522e-20,1.3133041917974021e-20,1.3150917159519518e-20,1.3168792401065018e-20,1.3186667642610518e-20,1.3204542884156018e-20,1.3222418125701516e-20,1.3240293367247016e-20,1.3258168608792513e-20,1.3276043850338016e-20,1.3293919091883515e-20,1.3311794333429015e-20,1.3329669574974515e-20,1.3347544816520015e-20,1.3365420058065518e-20,1.3383295299611015e-20,1.3401170541156514e-20,1.3419045782702013e-20,1.3436921024247512e-20,1.3454796265793014e-20,1.3472671507338509e-20,1.3490546748884012e-20,1.3508421990429512e-20,1.3526297231975012e-20,1.3544172473520508e-20,1.3562047715066005e-20,1.3579922956611502e-20,1.3597798198157e-20,1.3615673439702502e-20,1.3633548681248002e-20,1.3651423922793504e-20,1.3669299164339004e-20,1.3687174405884504e-20,1.3705049647430004e-20,1.3722924888975507e-20,1.3740800130521004e-20,1.3758675372066506e-20,1.3776550613612006e-20,1.379442585515751e-20,1.3812301096703006e-20,1.3830176338248506e-20,1.3848051579794006e-20,1.3865926821339505e-20,1.3883802062885005e-20,1.3901677304430505e-20,1.3919552545976005e-20,1.3937427787521505e-20,1.3955303029067005e-20,1.3973178270612507e-20,1.3991053512158007e-20,1.4008928753703507e-20,1.4026803995249007e-20,1.4044679236794507e-20,1.4062554478340007e-20,1.4080429719885506e-20,1.4098304961431006e-20,1.4116180202976506e-20,1.413405544452201e-20,1.415193068606751e-20,1.4169805927613008e-20,1.4187681169158508e-20,1.4205556410704008e-20,1.4223431652249508e-20,1.4241306893795008e-20,1.4259182135340508e-20,1.4277057376886007e-20,1.4294932618431507e-20,1.431280785997701e-20,1.433068310152251e-20,1.4348558343068004e-20,1.43664335846135e-20,1.4384308826158997e-20,1.4402184067704497e-20,1.4420059309249997e-20,1.4437934550795494e-20,1.4455809792340994e-20,1.4473685033886497e-20,1.4491560275431996e-20,1.4509435516977493e-20,1.452731075852299e-20,1.4545186000068487e-20,1.456306124161399e-20,1.4580936483159493e-20,1.4598811724704992e-20,1.461668696625049e-20,1.463456220779599e-20,1.4652437449341492e-20,1.4670312690886995e-20,1.4688187932432498e-20,1.4706063173977994e-20,1.4723938415523494e-20,1.4741813657068994e-20,1.4759688898614494e-20,1.4777564140159994e-20,1.4795439381705493e-20,1.481331462325099e-20,1.4831189864796493e-20,1.4849065106341993e-20,1.4866940347887493e-20,1.4884815589432993e-20,1.4902690830978492e-20,1.492056607252399e-20,1.4938441314069492e-20,1.4956316555614995e-20,1.4974191797160492e-20,1.4992067038705995e-20,1.5009942280251494e-20,1.5027817521796997e-20,1.5045692763342497e-20,1.5063568004887994e-20,1.5081443246433497e-20,1.5099318487978994e-20,1.511719372952449e-20,1.5135068971069993e-20,1.515294421261549e-20,1.517081945416099e-20,1.518869469570649e-20,1.520656993725199e-20,1.5224445178797486e-20,1.5242320420342986e-20,1.5260195661888486e-20,1.527807090343399e-20,1.529594614497949e-20,1.531382138652499e-20,1.5331696628070488e-20,1.534957186961599e-20,1.536744711116149e-20,1.538532235270699e-20,1.540319759425249e-20,1.5421072835797988e-20,1.5438948077343487e-20,1.545682331888899e-20,1.5474698560434493e-20,1.5492573801979996e-20,1.5510449043525493e-20,1.5528324285071e-20,1.5546199526616498e-20,1.5564074768161998e-20,1.5581950009707498e-20,1.5599825251252995e-20,1.5617700492798495e-20,1.5635575734343994e-20,1.5653450975889494e-20,1.5671326217434994e-20,1.5689201458980494e-20,1.570707670052599e-20,1.572495194207149e-20,1.5742827183616993e-20,1.5760702425162496e-20,1.5778577666707993e-20,1.5796452908253493e-20,1.5814328149798993e-20,1.5832203391344493e-20,1.5850078632889992e-20,1.5867953874435492e-20,1.5885829115980992e-20,1.5903704357526492e-20,1.5921579599071992e-20,1.5939454840617492e-20,1.5957330082162988e-20,1.5975205323708488e-20,1.599308056525399e-20,1.601095580679949e-20,1.602883104834499e-20,1.604670628989049e-20,1.606458153143599e-20,1.608245677298149e-20,1.6100332014526993e-20,1.611820725607249e-20,1.6136082497617984e-20,1.6153957739163484e-20,1.6171832980708986e-20,1.618970822225449e-20,1.620758346379999e-20,1.6225458705345486e-20,1.6243333946890983e-20,1.626120918843648e-20,1.6279084429981982e-20,1.6296959671527482e-20,1.631483491307298e-20,1.633271015461848e-20,1.635058539616398e-20,1.6368460637709478e-20,1.638633587925498e-20,1.640421112080048e-20,1.642208636234598e-20,1.6439961603891484e-20,1.6457836845436984e-20,1.6475712086982483e-20,1.6493587328527983e-20,1.6511462570073483e-20,1.6529337811618983e-20,1.6547213053164483e-20,1.6565088294709983e-20,1.658296353625548e-20,1.660083877780098e-20,1.6618714019346482e-20,1.6636589260891985e-20,1.6654464502437485e-20,1.6672339743982985e-20,1.6690214985528484e-20,1.6708090227073987e-20,1.6725965468619487e-20,1.674384071016499e-20,1.676171595171049e-20,1.6779591193255993e-20,1.6797466434801492e-20,1.681534167634699e-20,1.683321691789249e-20,1.6851092159437986e-20,1.686896740098349e-20,1.6886842642528992e-20,1.690471788407449e-20,1.6922593125619988e-20,1.6940468367165488e-20,1.6958343608710988e-20,1.6976218850256488e-20,1.6994094091801988e-20,1.7011969333347487e-20,1.7029844574892984e-20,1.7047719816438484e-20,1.7065595057983987e-20,1.7083470299529487e-20,1.7101345541074986e-20,1.7119220782620483e-20,1.7137096024165983e-20,1.7154971265711483e-20,1.7172846507256986e-20,1.7190721748802486e-20,1.7208596990347985e-20,1.7226472231893485e-20,1.7244347473438988e-20,1.726222271498449e-20,1.7280097956529988e-20,1.7297973198075488e-20,1.7315848439620987e-20,1.7333723681166487e-20,1.7351598922711987e-20,1.7369474164257484e-20,1.7387349405802987e-20,1.740522464734849e-20,1.742309988889399e-20,1.7440975130439492e-20,1.7458850371984992e-20,1.7476725613530492e-20,1.7494600855075992e-20,1.7512476096621495e-20,1.7530351338166997e-20,1.7548226579712494e-20,1.7566101821257994e-20,1.7583977062803494e-20,1.7601852304348994e-20,1.761972754589449e-20,1.7637602787439987e-20,1.765547802898549e-20,1.7673353270530993e-20,1.7691228512076493e-20,1.770910375362199e-20,1.7726978995167487e-20,1.7744854236712986e-20,1.776272947825849e-20,1.778060471980399e-20,1.7798479961349492e-20,1.7816355202894986e-20,1.7834230444440486e-20,1.9872837761114273e-20,2.1911694656565387e-20,2.3950725395959765e-20,2.5989877202875205e-20,2.8029113321655276e-20,3.006840815764799e-20,3.2107743889773265e-20,3.4147108078707813e-20,3.6186492099105054e-20,3.82258899127136e-20,4.026529733710717e-20,4.230471144443586e-20,4.434413020396593e-20,4.638355219898459e-20,4.842297644283529e-20,5.0462402248370217e-20,5.2501829137031687e-20,5.45412567755326e-20,5.65806849317583e-20,5.862011344405474e-20,6.065954219983941e-20,6.269897112070537e-20,6.473840015204678e-20,6.677782925583418e-20,6.881725840558208e-20,7.085668758284497e-20,7.289611677477696e-20,7.493547060865046e-20,7.697489980579989e-20,7.901432900662851e-20,8.105375819106237e-20,8.309318737302375e-20,8.513261655020435e-20,8.717204572017874e-20,8.921147488105895e-20,9.125090400479437e-20,9.329033311451465e-20,9.532976220998169e-20,9.736919129102925e-20,9.940862036428504e-20,1.0144804941618383e-19,1.0348747845341079e-19,1.0552690747592713e-19,1.07566336483706e-19,1.0960576547672877e-19,1.116451944549825e-19,1.1368462341845836e-19,1.157240523671503e-19,1.1776348130105413e-19,1.1980291022016705e-19,1.2184233912448715e-19,1.2388176801401327e-19,1.2592119688874468e-19,1.2796062574868097e-19,1.3000005459382206e-19,1.3203948342416782e-19,1.3407891223971834e-19,1.3611834104047384e-19,1.381577698264346e-19,1.4019719859760088e-19,1.4223662735397294e-19,1.442760560955511e-19,1.4631548482233577e-19,1.4835491353432735e-19,1.5039434223152613e-19,1.5243377091393251e-19,1.5447319958154704e-19,1.565126282343699e-19,1.585520568724016e-19,1.6059148549564252e-19,1.6263091410409322e-19,1.6467034269775406e-19,1.667097712766255e-19,1.6874919984070788e-19,1.7078862839000167e-19,1.7282805692450735e-19,1.7486748544422552e-19,1.7690691394915648e-19,1.7894634243930077e-19,1.8098577091465868e-19,1.8302519937523094e-19,1.8506462782101796e-19,1.8710405625202027e-19,1.8914348466823826e-19,1.9118291306967246e-19,1.932223414563235e-19,1.9526176982819178e-19,1.97301198185278e-19,1.9934062652758246e-19,2.0138005485510604e-19,2.0341948316784898e-19,2.0545891146581204e-19,2.0749833974899558e-19,2.0953774915614242e-19,2.1157717742663497e-19,2.1361660566548402e-19,2.1565603388955628e-19,2.1769546209885164e-19,2.197348902933706e-19,2.217743184731142e-19,2.2381374664688764e-19,2.2585317481382316e-19,2.278926029728809e-19,2.299320311234163e-19,2.3197145926804032e-19,2.340108873591645e-19,2.360503154355114e-19,2.3808974349708334e-19,2.401291715438825e-19,2.4216859957591027e-19,2.4420802759316815e-19,2.462474555956572e-19,2.4828688358337837e-19,2.503263115563326e-19,2.523657395145208e-19,2.544051674579435e-19,2.564445953866017e-19,2.5848402330049604e-19,2.605234511996274e-19,2.6256287908399644e-19,2.6460230695360386e-19,2.666417348084504e-19,2.6868116264853667e-19,2.7072059047386373e-19,2.727600182844321e-19,2.7479944608024247e-19,2.7683887386129573e-19,2.788783016275926e-19,2.809177293791338e-19,2.8295715711591994e-19,2.849965848379522e-19,2.870360125452309e-19,2.8907544023775715e-19,2.911148679155316e-19,2.9315429557855525e-19,2.9519372322682855e-19,2.972331508603526e-19,2.9927257847912805e-19,3.0131200608315585e-19,3.0335143367243666e-19,3.053908612469715e-19,3.0743028880676097e-19,3.0946971635180586e-19,3.1150914388210723e-19,3.13548571397666e-19,3.1558799889848273e-19,3.1762742638455844e-19,3.196668538558941e-19,3.2170628131249037e-19,3.2374570876422954e-19,3.2578513619135244e-19,3.278245636880728e-19,3.298639910857245e-19,3.319034201274247e-19,3.3394284749560825e-19,3.359822748579334e-19,3.3802170221359846e-19,3.4006112953755925e-19,3.4210055684681698e-19,3.4413998414134384e-19,3.461794114211412e-19,3.482188386862104e-19,3.5025826522083634e-19,3.522976924564547e-19,3.543371196824024e-19,3.563765386491073e-19,3.5841596586232984e-19,3.6045539303905903e-19,3.6249482021083e-19,3.6453424735811976e-19,3.665736744906886e-19,3.686131015868029e-19,3.7065252870699006e-19,3.7269195576503795e-19,3.7473138280549666e-19,3.767708098644999e-19,3.788102369160897e-19,3.8084966396115007e-19,3.828891323600322e-19,3.8492855388599255e-19,3.869679673557621e-19,3.89007392615294e-19,3.9104681853888594e-19,3.9308624524730277e-19,3.9512567102771797e-19,3.971650960049189e-19,3.9920452290218465e-19,4.012439323976968e-19,4.0328335926552833e-19,4.0532278611865227e-19,4.073622129570725e-19,4.094016397807918e-19,4.1144106658981264e-19,4.13480493384137e-19,4.1551992016376647e-19,4.175593469287031e-19,4.1959877367894794e-19,4.216382004145025e-19,4.2367762713536784e-19,4.257170538415455e-19,4.277564805330367e-19,4.297959072098424e-19,4.3183533387196383e-19,4.3387476051940245e-19,4.359141871521593e-19,4.379536138023097e-19,4.399930404057089e-19,4.420324669944295e-19,4.440718935684722e-19,4.46111320127839e-19,4.481507466725307e-19,4.50190173202549e-19,4.522295997258512e-19,4.542690262432647e-19,4.563084527292756e-19,4.583478792006162e-19,4.603873056572884e-19,4.624267320992939e-19,4.644661585266338e-19,4.665055849393099e-19,4.685450113373235e-19,4.7058443772067605e-19,4.726238640893687e-19,4.74663290443403e-19,4.767027167827801e-19,4.787421431075011e-19,4.807815694175676e-19,4.828209946398317e-19,4.848604191872606e-19,4.868998511510822e-19,4.889392677016611e-19,4.909786939384873e-19,4.93018120160663e-19,4.950575463681906e-19,4.970969725610725e-19,4.991363987393104e-19,5.011758249029059e-19,5.032152510518608e-19,5.052546771861768e-19,5.0729410330585505e-19,5.093335294108974e-19,5.11372955501305e-19,5.13412381577079e-19,5.154518076382214e-19,5.174912336847336e-19,5.195306597166164e-19,5.2157008573387175e-19,5.236095117365008e-19,5.256489377245047e-19,5.276883636978857e-19,5.297277896566445e-19,5.317672156007829e-19,5.338066415303018e-19,5.35846067445203e-19,5.378854933454881e-19,5.399249192311584e-19,5.419643451022155e-19,5.440037709586603e-19,5.460431968004948e-19,5.480826226277206e-19,5.501220484403384e-19,5.521614742383504e-19,5.542009000217576e-19,5.562403257905618e-19,5.582797515447643e-19,5.603191772843671e-19,5.6235860300937075e-19,5.643980287296081e-19,5.664374377106259e-19,5.684768634214429e-19,5.705162819889937e-19,5.725557076410481e-19,5.745951332835471e-19,5.76634558906414e-19,5.786739845183983e-19,5.807134101235372e-19,5.827529459823905e-19,5.847923715469206e-19,5.868317970968673e-19,5.888712226322326e-19,5.909106481530192e-19,5.929500736592291e-19,5.949894991508643e-19,5.970289246279262e-19,5.990683500904172e-19,6.011077755383385e-19,6.03147200971692e-19,6.051866263904794e-19,6.072260517947023e-19,6.092654771843625e-19,6.113049025594613e-19,6.133443279284284e-19,6.153837532903237e-19,6.174231877962381e-19,6.194626263308433e-19,6.215020516331782e-19,6.235414769209566e-19,6.255809021941812e-19,6.276203274528558e-19,6.29659752696982e-19,6.316991779265625e-19,6.337386031415991e-19,6.357780283420933e-19,6.37817453528048e-19,6.398568786994643e-19,6.418963038563444e-19,6.439357289986893e-19,6.459751541265014e-19,6.4801457923978225e-19,6.5005400433853375e-19,6.520934294227575e-19,6.541328544924552e-19,6.561722795476283e-19,6.582117045882789e-19,6.60251129614409e-19,6.6229055462601975e-19,6.6432997962311335e-19,6.663694046056914e-19,6.684088295737554e-19,6.704482545273077e-19,6.724876794663494e-19,6.745271043908828e-19,6.765665293009093e-19,6.78605954196431e-19,6.806453790774495e-19,6.826848039439667e-19,6.847242287959843e-19,6.867636536335039e-19,6.888030784565279e-19,6.908425032650572e-19,6.928819280590947e-19,6.949213528386414e-19,6.969607776036995e-19,6.990002023542705e-19,7.010396270903567e-19,7.030790518119419e-19,7.051184765190636e-19,7.071579012117056e-19,7.091973258898698e-19,7.112367505535586e-19,7.132761752027734e-19,7.15315599837516e-19,7.173550244577884e-19,7.193944490635926e-19,7.214338736549306e-19,7.23473298231804e-19,7.255127227942147e-19,7.275521473421643e-19,7.295915718756555e-19,7.316309963946896e-19,7.336704208992687e-19,7.35709845389395e-19,7.377492698650696e-19,7.397886943262954e-19,7.418281187730738e-19,7.438675432054068e-19,7.459069676232965e-19,7.479463920267449e-19,7.499858164157533e-19,7.520252407903244e-19,7.540646651504596e-19,7.561040894961612e-19,7.581435138274311e-19,7.601829381442714e-19,7.622223623809769e-19,7.642617866689661e-19,7.663012109425306e-19,7.683406352016733e-19,7.703800594463953e-19,7.724194836766997e-19,7.744589078925877e-19,7.764983320940618e-19,7.785377562908759e-19,7.80577180463531e-19,7.826166046217774e-19,7.846560287656181e-19,7.866954528950544e-19,7.887348770147289e-19,7.907742979351672e-19,7.928137220214077e-19,7.948531460932522e-19,7.968925701507026e-19,7.989319941937606e-19,8.009714182224291e-19,8.030108422367101e-19,8.050502662366056e-19,8.070896902221179e-19,8.09129114193249e-19,8.111685381500014e-19,8.132079620923769e-19,8.152473860203781e-19,8.172868099340063e-19,8.193262338332636e-19,8.213656577181531e-19,8.234050815886766e-19,8.2544450544483535e-19,8.274839292866323e-19,8.295233531140696e-19,8.315627769271493e-19,8.336022007258733e-19,8.356416245102439e-19,8.376810482802633e-19,8.397204720359333e-19,8.417598957772562e-19,8.43799319504235e-19,8.458387432168707e-19,8.478781669151665e-19,8.4991759059912375e-19,8.519570142687447e-19,8.539964379240316e-19,8.560358615649874e-19,8.580752851916134e-19,8.601147088039121e-19,8.621541324018858e-19,8.641935559855366e-19,8.662329795548665e-19,8.682724031098782e-19,8.703118266505738e-19,8.723512501769552e-19,8.74390673689025e-19,8.764300971867853e-19,8.784695206702383e-19,8.805089441393862e-19,8.825483675942312e-19,8.845877910347758e-19,8.866272144610221e-19,8.886666378729724e-19,8.907060612706289e-19,8.92745484653994e-19,8.9478490802307e-19,8.968243313778589e-19,8.988637547183636e-19,9.009031780445857e-19,9.029426013565283e-19,9.049820246541928e-19,9.070214479375822e-19,9.090608712066983e-19,9.111002944615436e-19,9.131397177021202e-19,9.15179140928431e-19,9.172185641404782e-19,9.192579873382633e-19,9.212974105217895e-19,9.233368336910588e-19,9.253762568460735e-19,9.274156799868363e-19,9.294551031133493e-19,9.314945262256147e-19,9.335339493236354e-19,9.355733724074132e-19,9.376127954769507e-19,9.396522185322504e-19,9.416916415733145e-19,9.437310646001455e-19,9.457704876127458e-19,9.478099106111177e-19,9.498493335952639e-19,9.518887565651859e-19,9.53928179520887e-19,9.559676024623693e-19,9.580070253896353e-19,9.600464483026877e-19,9.620858712015285e-19,9.641252940861603e-19,9.661647169565853e-19,9.682041398128059e-19,9.702435626548254e-19,9.722829854826452e-19,9.74322408296268e-19,9.763618310956965e-19,9.784012538809332e-19,9.804406766519805e-19,9.824800994088406e-19,9.845195221515164e-19,9.865589448800102e-19,9.885983675943245e-19,9.90637790294462e-19,9.92677212980424e-19,9.947166356522145e-19,9.967560583098352e-19,9.98795480953289e-19,1.0008349035825776e-18,1.0028743261977045e-18,1.0049137487986725e-18,1.0069531713854833e-18,1.0089925939581396e-18,1.0110320165166435e-18,1.0130714390609982e-18,1.015110861591206e-18,1.0171502841072695e-18,1.0191897066091912e-18,1.021229129096974e-18,1.0232685515706197e-18,1.025307974030131e-18,1.0273473964755114e-18,1.0293868189067628e-18,1.0314262413238873e-18,1.033465663726888e-18,1.0355050861157677e-18,1.0375445084905285e-18,1.0395839308511734e-18,1.0416233531977043e-18,1.043662775530125e-18,1.0457021978484368e-18,1.0477416201526428e-18,1.0497810424427463e-18,1.0518204647187496e-18,1.053859886980654e-18,1.0558993092284638e-18,1.057938731462181e-18,1.0599781536818077e-18,1.0620175758873474e-18,1.0640569980788026e-18,1.0660964202561756e-18,1.0681358424194695e-18,1.0701752645686865e-18,1.0722146867038298e-18,1.0742541088249017e-18,1.076293530931904e-18,1.0783329530248407e-18,1.0803723751037137e-18,1.0824117971685265e-18,1.0844512192192811e-18,1.0864906412559805e-18,1.0885300632786272e-18,1.0905694852872238e-18,1.0926089072817733e-18,1.0946483292622783e-18,1.096687751228741e-18,1.098727173181165e-18,1.1007665951195523e-18,1.102806017043906e-18,1.1048454389542284e-18,1.106884860850523e-18,1.1089242827327918e-18,1.1109637046010378e-18,1.1130031264552635e-18,1.1150425482954726e-18,1.117081970121667e-18,1.1191213919338492e-18,1.1211608137320224e-18,1.1232002355161894e-18,1.1252396572863527e-18,1.1272790790425155e-18,1.1293185007846801e-18,1.13135792251285e-18,1.1333973442270276e-18,1.1354367659272154e-18,1.1374761876134166e-18,1.1395156092856335e-18,1.141555030943869e-18,1.143594452588127e-18,1.145633874218408e-18,1.1476732958347174e-18,1.1497127174370558e-18,1.1517521390254275e-18,1.153791560599835e-18,1.1558309821602803e-18,1.157870403706768e-18,1.1599098252392992e-18,1.1619492467578774e-18,1.1639886682625057e-18,1.1660280897531864e-18,1.1680675112299225e-18,1.1701069326927175e-18,1.1721463541415734e-18,1.1741857755764934e-18,1.1762251969974805e-18,1.1782646184045378e-18,1.1803040397976677e-18,1.182343461176873e-18,1.184382882542157e-18,1.1864223038935228e-18,1.1884617252309727e-18,1.1905011465545095e-18,1.1925405678641364e-18,1.1945799891598566e-18,1.1966194104416726e-18,1.1986588317095875e-18,1.2006982529636042e-18,1.2027376742037257e-18,1.2047770954299545e-18,1.2068165166422937e-18,1.2088559378407465e-18,1.2108953590253155e-18,1.212934780196004e-18,1.214974201352815e-18,1.2170136224957513e-18,1.2190530436248156e-18,1.221092464740011e-18,1.2231318858413411e-18,1.2251713069288078e-18,1.2272107280024144e-18,1.2292501490621642e-18,1.23128957010806e-18,1.2333289911401041e-18,1.2353684121583013e-18,1.2374078331626533e-18,1.2394472541531626e-18,1.2414866751298336e-18,1.2435260960926683e-18,1.24556551704167e-18,1.2476049379768416e-18,1.2496443588981862e-18,1.2516837798057071e-18,1.2537232006994062e-18,1.2557626215792883e-18,1.2578020424453547e-18,1.259841463297609e-18,1.2618808841360554e-18,1.2639203049606954e-18,1.265959725771533e-18,1.2679991465685707e-18,1.2700385673518117e-18,1.2720779881212598e-18,1.274117408876917e-18,1.2761568296187864e-18,1.2781962503468717e-18,1.2802356710611756e-18,1.2822750917617012e-18,1.2843145124484512e-18,1.28635393312143e-18,1.2883933537806396e-18,1.2904327744260833e-18,1.2924721950577632e-18,1.2945116156756845e-18,1.2965510362798491e-18,1.2985904568702595e-18,1.3006298774469199e-18,1.3026692980098332e-18,1.3047087185590023e-18,1.3067481390944304e-18,1.3087875596161209e-18,1.3108269801240766e-18,1.3128664006183009e-18,1.3149058210987963e-18,1.3169452415655666e-18,1.3189846620186144e-18,1.3210240824579433e-18,1.3230635028835563e-18,1.3251029232954562e-18,1.3271423436936472e-18,1.3291817640781312e-18,1.3312211844489124e-18,1.3332606048059934e-18,1.335300025149378e-18,1.3373394454790685e-18,1.3393788657950686e-18,1.3414182860973802e-18,1.3434577063860091e-18,1.3454971266609562e-18,1.3475365469222267e-18,1.3495759671698213e-18,1.3516153874037457e-18,1.3536548076240012e-18,1.3556942278305928e-18,1.3577336480235219e-18,1.3597730682027928e-18,1.3618124883684077e-18,1.3638519085203719e-18,1.3658913286586871e-18,1.3679307487833564e-18,1.3699701688943838e-18,1.3720095889917719e-18,1.3740490090755244e-18,1.3760884291456444e-18,1.3781278492021353e-18,1.3801672692449996e-18,1.3822066892742417e-18,1.384246109289864e-18,1.3862855292918705e-18,1.3883249492802635e-18,1.3903643692550473e-18,1.3924037892162245e-18,1.3944432091637984e-18,1.3964826290977727e-18,1.3985220490181509e-18,1.4005614689249355e-18,1.4026008888181301e-18,1.4046403086977383e-18,1.4066797285637636e-18,1.4087191484162087e-18,1.410758568255077e-18,1.412797988080372e-18,1.4148374078920974e-18,1.4168768276902563e-18,1.4189162474748516e-18,1.420955667245887e-18,1.4229950870033654e-18,1.4250345067472903e-18,1.4270739264776657e-18,1.4291133461944942e-18,1.4311527658977799e-18,1.433192185587525e-18,1.4352316052637342e-18,1.4372710249264109e-18,1.4393104445755565e-18,1.4413498642111767e-18,1.443389283833273e-18,1.4454287034418504e-18,1.4474681230369105e-18,1.4495075426184591e-18,1.4515469621864978e-18,1.4535863817410297e-18,1.4556258012820592e-18,1.4576652208095892e-18,1.459704640323624e-18,1.4617440598241663e-18,1.4637834793112188e-18,1.4658228987847864e-18,1.4678623182448712e-18,1.4699017376914777e-18,1.4719411571246081e-18,1.4739805765442679e-18,1.476019995950458e-18,1.4780594153431838e-18,1.4800988347224478e-18,1.482138254088254e-18,1.484177673440605e-18,1.4862170927795046e-18,1.4882565121049568e-18,1.490295931416965e-18,1.4923353507155316e-18,1.494374770000661e-18,1.4964141892723564e-18,1.4984536085306214e-18,1.5004930277754597e-18,1.5025324470068743e-18,1.5045718662248688e-18,1.5066112854294468e-18,1.5086507046206118e-18,1.510690123798368e-18,1.5127295429627178e-18,1.5147689621136646e-18,1.5168083812512123e-18,1.5188478003753654e-18,1.5208872194861258e-18,1.5229266385834985e-18,1.524966057667486e-18,1.5270054767380914e-18,1.5290448957953196e-18,1.531084314839174e-18,1.5331237338696566e-18,1.5351631528867719e-18,1.5372025718905238e-18,1.5392419908809158e-18,1.5412814098579512e-18,1.543320828821633e-18,1.5453602477719656e-18,1.5473996667089522e-18,1.5494390856325962e-18,1.5514785045429023e-18,1.5535179234398721e-18,1.555557342323511e-18,1.5575967611938214e-18,1.5596361800508074e-18,1.5616755988944725e-18,1.56371501772482e-18,1.5657544365418545e-18,1.5677938553455785e-18,1.5698332741359958e-18,1.5718726929131102e-18,1.5739121116769253e-18,1.575951530427445e-18,1.5779909491646723e-18,1.5800303678886116e-18,1.5820697865992652e-18,1.5841092052966386e-18,1.5861486239807339e-18,1.5881880426515556e-18,1.5902274613091075e-18,1.5922668799533918e-18,1.5943062985844139e-18,1.5963457172021758e-18,1.5983851358066824e-18,1.6004245543979375e-18,1.6024639729759434e-18,1.6045033915407046e-18,1.606542810092225e-18,1.6085822286305077e-18,1.6106216471555564e-18,1.6126610656673757e-18,1.6147004841659682e-18,1.6167399026513383e-18,1.6187793211234894e-18,1.6208187395824242e-18,1.6228581580281484e-18,1.6248975764606645e-18,1.6269369948799765e-18,1.628976413286087e-18,1.6310158316790018e-18,1.633055250058723e-18,1.6350946684252552e-18,1.6371340867786016e-18,1.639173505118765e-18,1.6412129234457511e-18,1.6432523417595622e-18,1.6452917600602021e-18,1.6473311783476758e-18,1.6493705966219856e-18,1.6514100148831364e-18,1.6534494331311316e-18,1.6554888513659736e-18,1.6575282695966994e-18,1.6595676878223782e-18,1.661607106042158e-18,1.6636465242552761e-18,1.6656859424243105e-18,1.6677253605892534e-18,1.6697647787491845e-18,1.6718041969032424e-18,1.6738436150506623e-18,1.6758830331908013e-18,1.6779224512809319e-18,1.6799618693582577e-18,1.682001287422476e-18,1.6840407054735925e-18,1.6860801235116104e-18,1.6881195415365352e-18,1.6901589595483713e-18,1.6921983775471222e-18,1.6942377955327932e-18,1.6962772135053866e-18,1.6983166314649077e-18,1.7003560494113595e-18,1.7023954673447457e-18,1.7044348852650703e-18,1.7064743031723383e-18,1.7085137210665528e-18,1.7105531389477177e-18,1.7125925568158359e-18,1.7146319746709129e-18,1.7166713925129517e-18,1.7187108103419568e-18,1.7207502281579308e-18,1.7227896459608779e-18,1.7248290637508031e-18,1.7268684815277091e-18,1.7289078992916004e-18,1.730947317042481e-18,1.7329867347803545e-18,1.735026152505224e-18,1.7370655702170955e-18,1.7391049879159707e-18,1.7411444056018543e-18,1.743183823274749e-18,1.7452232409346616e-18,1.7472626585815933e-18,1.7493020762155485e-18,1.751341493836532e-18,1.7533809114445473e-18,1.7554203290395984e-18,1.757459746621689e-18,1.7594991641908228e-18,1.761538581747004e-18,1.7635779992902366e-18,1.7656174168205248e-18,1.767656834337872e-18,1.769696251842282e-18,1.7717356693337596e-18,1.7737750868123076e-18,1.7758145042779315e-18,1.7778539217306336e-18,1.7798933391704184e-18,1.7819327565972903e-18,1.783972174011253e-18,1.78601159141231e-18,1.788051008800467e-18,1.790090426175726e-18,1.7921298435380914e-18,1.794169260887568e-18,1.7962086782241583e-18,1.7982480955478673e-18,1.800287512858699e-18,1.8023269301566574e-18,1.8043663474417466e-18,1.80640576471397e-18,1.8084451819733323e-18,1.810484599219837e-18,1.812524016453488e-18,1.8145634336742896e-18,1.816602850882246e-18,1.8186422680773607e-18,1.8206816852596384e-18,1.8227211024290823e-18,1.824760519585697e-18,1.826799936729486e-18,1.8288393538604538e-18,1.8308787709786044e-18,1.832918188083942e-18,1.8349576051764697e-18,1.836997022256193e-18,1.839036439323115e-18,1.84107585637724e-18,1.8431152734185718e-18,1.845154690447115e-18,1.847194107462874e-18,1.8492335244658503e-18,1.8512729414560515e-18,1.85331235843348e-18,1.8553517753981386e-18,1.857391192350033e-18,1.8594306092891673e-18,1.861470026215544e-18,1.8635094431291705e-18,1.865548860030047e-18,1.8675882769181797e-18,1.8696276937935723e-18,1.871667110656229e-18,1.8737065275061544e-18,1.8757459443433516e-18,1.8777853611678245e-18,1.879824777979579e-18,1.8818641947786174e-18,1.8839036115649442e-18,1.8859430283385638e-18,1.8879824450994806e-18,1.8900218618476987e-18,1.892061278583222e-18,1.8941006953060542e-18,1.8961401120162e-18,1.8981795287136634e-18,1.9002189453984486e-18,1.9022583620705593e-18,1.90429777873e-18,1.9063371953767752e-18,1.908376612010889e-18,1.910416028632345e-18,1.9124554452411476e-18,1.914494861837301e-18,1.916534278420809e-18,1.9185736949916764e-18,1.920613111549907e-18,1.922652528095505e-18,1.924691944628475e-18,1.9267313611488207e-18,1.9287707776565467e-18,1.9308101941516564e-18,1.932849610634155e-18,1.9348890271040454e-18,1.936928443561333e-18,1.9389678600060217e-18,1.9410072764381157e-18,1.9430466928576184e-18,1.9450861092645355e-18,1.9471255256588697e-18,1.949164942040626e-18,1.951204358409809e-18,1.953243774766423e-18,1.95528319111047e-18,1.9573226074419572e-18,1.9593620237608866e-18,1.961401440067264e-18,1.9634408563610932e-18,1.9654802726423784e-18,1.9675196889111235e-18,1.9695591051673327e-18,1.9715985214110103e-18,1.973637937642161e-18,1.975677353860789e-18,1.9777167700668983e-18,1.979756186260493e-18,1.9817956024415777e-18,1.9838350186101556e-18,1.985874434766233e-18,1.9879138509098123e-18,1.9899532670408996e-18,1.991992683159497e-18,1.99403209926561e-18,1.996071515359244e-18,1.9981109314404013e-18,2.0001503475090873e-18,2.002189763565305e-18,2.004229179609061e-18,2.006268595640357e-18,2.0083080116591992e-18,2.0103474276655903e-18,2.012386843659537e-18,2.0144262596410425e-18,2.0164656756101106e-18,2.0185050915667456e-18,2.0205445075109523e-18,2.0225839234427344e-18,2.0246233393620965e-18,2.0266627552690434e-18,2.0287021711635787e-18,2.0307415870457073e-18,2.032781002915433e-18,2.034820418772761e-18,2.036859834617695e-18,2.0388992504502396e-18,2.0409386662703994e-18,2.0429780820781774e-18,2.0450174978735794e-18,2.0470569136566096e-18,2.049096329427271e-18,2.051135745185571e-18,2.0531751609315103e-18,2.0552145766650953e-18,2.057253992386331e-18,2.0572726908712702e-18,2.0572911397233243e-18,2.057309414720537e-18
8,0.0,0.0,0.0,0.0,0.0,0.0,0.0,0.0,0.0,0.0,0.0,0.0,0.0,0.0,0.0,0.0,0.0,0.0,0.0,0.0,0.0,0.0,0.0,0.0,0.0,0.0,0.0,0.0,0.0,0.0,0.0,0.0,0.0,0.0,0.0,0.0,0.0,0.0,0.0,0.0,0.0,0.0,0.0,0.0,0.0,0.0,0.0,0.0,0.0,0.0,0.0,0.0,0.0,0.0,0.0,0.0,0.0,0.0,0.0,0.0,0.0,0.0,0.0,0.0,0.0,0.0,0.0,0.0,0.0,0.0,0.0,0.0,0.0,0.0,0.0,0.0,0.0,0.0,0.0,0.0,0.0,0.0,0.0,0.0,0.0,0.0,0.0,0.0,0.0,0.0,0.0,0.0,0.0,0.0,0.0,0.0,0.0,0.0,0.0,0.0,0.0,0.0,0.0,0.0,0.0,0.0,0.0,0.0,0.0,0.0,0.0,0.0,0.0,0.0,0.0,0.0,0.0,0.0,0.0,0.0,0.0,0.0,0.0,0.0,0.0,0.0,0.0,0.0,0.0,0.0,0.0,0.0,0.0,0.0,0.0,0.0,0.0,0.0,0.0,0.0,0.0,0.0,0.0,0.0,0.0,0.0,0.0,0.0,0.0,0.0,0.0,0.0,0.0,0.0,0.0,0.0,0.0,0.0,0.0,0.0,0.0,0.0,0.0,0.0,0.0,0.0,0.0,0.0,0.0,0.0,0.0,0.0,0.0,0.0,0.0,0.0,0.0,0.0,0.0,0.0,0.0,0.0,0.0,0.0,0.0,0.0,0.0,0.0,0.0,0.0,0.0,0.0,0.0,0.0,0.0,0.0,0.0,0.0,0.0,0.0,0.0,0.0,0.0,0.0,0.0,0.0,0.0,0.0,0.0,0.0,0.0,0.0,0.0,0.0,0.0,0.0,0.0,0.0,0.0,0.0,0.0,0.0,0.0,0.0,0.0,0.0,0.0,0.0,0.0,0.0,0.0,0.0,0.0,0.0,0.0,0.0,0.0,0.0,0.0,0.0,0.0,0.0,0.0,0.0,0.0,0.0,0.0,0.0,0.0,0.0,0.0,0.0,0.0,0.0,0.0,0.0,0.0,0.0,0.0,0.0,0.0,0.0,0.0,0.0,0.0,0.0,0.0,0.0,0.0,0.0,0.0,0.0,0.0,0.0,0.0,0.0,0.0,0.0,0.0,0.0,0.0,0.0,0.0,0.0,0.0,0.0,0.0,0.0,0.0,0.0,0.0,0.0,0.0,0.0,0.0,0.0,0.0,0.0,0.0,0.0,0.0,0.0,0.0,0.0,0.0,0.0,0.0,0.0,0.0,0.0,0.0,0.0,0.0,0.0,0.0,0.0,0.0,0.0,0.0,0.0,0.0,0.0,0.0,0.0,0.0,0.0,0.0,0.0,0.0,0.0,0.0,0.0,0.0,0.0,0.0,0.0,0.0,0.0,0.0,0.0,0.0,0.0,0.0,0.0,0.0,0.0,0.0,0.0,0.0,0.0,0.0,0.0,0.0,0.0,0.0,0.0,0.0,0.0,0.0,0.0,0.0,0.0,0.0,0.0,0.0,0.0,0.0,0.0,0.0,0.0,0.0,0.0,0.0,0.0,0.0,0.0,0.0,0.0,0.0,0.0,0.0,0.0,0.0,0.0,0.0,0.0,0.0,0.0,0.0,0.0,0.0,0.0,0.0,0.0,0.0,0.0,0.0,0.0,0.0,0.0,0.0,0.0,0.0,0.0,0.0,0.0,0.0,0.0,0.0,0.0,0.0,0.0,0.0,0.0,0.0,0.0,0.0,0.0,0.0,0.0,0.0,0.0,0.0,0.0,0.0,0.0,0.0,0.0,0.0,0.0,0.0,0.0,0.0,0.0,0.0,0.0,0.0,0.0,0.0,0.0,0.0,0.0,0.0,0.0,0.0,0.0,0.0,0.0,0.0,0.0,0.0,0.0,0.0,0.0,0.0,0.0,0.0,0.0,0.0,0.0,0.0,0.0,0.0,0.0,0.0,0.0,0.0,0.0,0.0,0.0,0.0,0.0,0.0,0.0,0.0,0.0,0.0,0.0,0.0,0.0,0.0,0.0,0.0,0.0,0.0,0.0,0.0,0.0,0.0,0.0,0.0,0.0,0.0,0.0,0.0,0.0,0.0,0.0,0.0,0.0,0.0,0.0,0.0,0.0,0.0,0.0,0.0,0.0,0.0,0.0,0.0,0.0,0.0,0.0,0.0,0.0,0.0,0.0,0.0,0.0,0.0,0.0,0.0,0.0,0.0,0.0,0.0,0.0,0.0,0.0,0.0,0.0,0.0,0.0,0.0,0.0,0.0,0.0,0.0,0.0,0.0,0.0,0.0,0.0,0.0,0.0,0.0,0.0,0.0,0.0,0.0,0.0,0.0,0.0,0.0,0.0,0.0,0.0,0.0,0.0,0.0,0.0,0.0,0.0,0.0,0.0,0.0,0.0,0.0,0.0,0.0,0.0,0.0,0.0,0.0,0.0,0.0,0.0,0.0,0.0,0.0,0.0,0.0,0.0,0.0,0.0,0.0,0.0,0.0,0.0,0.0,0.0,0.0,0.0,0.0,0.0,0.0,0.0,0.0,0.0,0.0,0.0,0.0,0.0,0.0,0.0,0.0,0.0,0.0,0.0,0.0,0.0,0.0,0.0,0.0,0.0,0.0,0.0,0.0,0.0,0.0,0.0,0.0,0.0,0.0,0.0,0.0,0.0,0.0,0.0,0.0,0.0,0.0,0.0,0.0,0.0,0.0,0.0,0.0,0.0,0.0,0.0,0.0,0.0,0.0,0.0,0.0,0.0,0.0,0.0,0.0,0.0,0.0,0.0,0.0,0.0,0.0,0.0,0.0,0.0,0.0,0.0,0.0,0.0,0.0,0.0,0.0,0.0,0.0,0.0,0.0,0.0,0.0,0.0,0.0,0.0,0.0,0.0,0.0,0.0,0.0,0.0,0.0,0.0,0.0,0.0,0.0,0.0,0.0,0.0,0.0,0.0,0.0,0.0,0.0,0.0,0.0,0.0,0.0,0.0,0.0,0.0,0.0,0.0,0.0,0.0,0.0,0.0,0.0,0.0,0.0,0.0,0.0,0.0,0.0,0.0,0.0,0.0,0.0,0.0,0.0,0.0,0.0,0.0,0.0,0.0,0.0,0.0,0.0,0.0,0.0,0.0,0.0,0.0,0.0,0.0,0.0,0.0,0.0,0.0,0.0,0.0,0.0,0.0,0.0,0.0,0.0,0.0,0.0,0.0,0.0,0.0,0.0,0.0,0.0,0.0,0.0,0.0,0.0,0.0,0.0,0.0,0.0,0.0,0.0,0.0,0.0,0.0,0.0,0.0,0.0,0.0,0.0,0.0,0.0,0.0,0.0,0.0,0.0,0.0,0.0,0.0,0.0,0.0,0.0,0.0,0.0,0.0,0.0,0.0,0.0,0.0,0.0,0.0,0.0,0.0,0.0,0.0,0.0,0.0,0.0,0.0,0.0,0.0,0.0,0.0,0.0,0.0,0.0,0.0,0.0,0.0,0.0,0.0,0.0,0.0,0.0,0.0,0.0,0.0,0.0,0.0,0.0,0.0,0.0,0.0,0.0,0.0,0.0,0.0,0.0,0.0,0.0,0.0,0.0,0.0,0.0,0.0,0.0,0.0,0.0,0.0,0.0,0.0,0.0,0.0,0.0,0.0,0.0,0.0,0.0,0.0,0.0,0.0,0.0,0.0,0.0,0.0,0.0,0.0,0.0,0.0,0.0,0.0,0.0,0.0,0.0,0.0,0.0,0.0,0.0,0.0,0.0,0.0,0.0,0.0,0.0,0.0,0.0,0.0,0.0,0.0,0.0,0.0,0.0,0.0,0.0,0.0,0.0,0.0,0.0,0.0,0.0,0.0,0.0,0.0,0.0,0.0,0.0,0.0,0.0,0.0,0.0,0.0,0.0,0.0,0.0,0.0,0.0,0.0,0.0,0.0,0.0,0.0,0.0,0.0,0.0,0.0,0.0,0.0,0.0,0.0,0.0,0.0,0.0,0.0,0.0,0.0,0.0,0.0,0.0,0.0,0.0,0.0,0.0,0.0,0.0,0.0,0.0,0.0,0.0,0.0,0.0,0.0,0.0,0.0,0.0,0.0,0.0,0.0,0.0,0.0,0.0,0.0,0.0,0.0,0.0,0.0,0.0,0.0,0.0,0.0,0.0,0.0,0.0,0.0,0.0,0.0,0.0,0.0,0.0,0.0,0.0,0.0,0.0,0.0,0.0,0.0,0.0,0.0,0.0,0.0,0.0,0.0,0.0,0.0,0.0,0.0,0.0,0.0,0.0,0.0,0.0,0.0,0.0,0.0,0.0,0.0,0.0,0.0,4.268609153861459e-15,8.537218060340516e-15,1.2805826897202436e-14,1.707443566447338e-14,2.1343044362154453e-14,2.561165300389289e-14,2.988026161515717e-14,3.414887010408714e-14,3.841747855511178e-14,4.268608690484337e-14,4.695469519863199e-14,5.1223303409183786e-14,5.549191155014565e-14,5.976051962151762e-14,6.402912762329973e-14,6.829773555549193e-14,7.256634341809431e-14,7.683495121110689e-14,8.11035589345296e-14,8.537216658836254e-14,8.964077417260558e-14,9.390938168725886e-14,9.817798913232215e-14,1.0244659650779591e-13,1.0671520381367972e-13,1.1098381104997339e-13,1.1525241821667724e-13,1.1952086759227377e-13,1.2378947461980072e-13,1.2805808161111792e-13,1.3232668849946512e-13,1.3659529534759028e-13,1.408639021521864e-13,1.4513250890774922e-13,1.4940111560965933e-13,1.5366972215005927e-13,1.5793832862086744e-13,1.6220693502208588e-13,1.664755413537142e-13,1.7074414764214967e-13,1.7501275383459844e-13,1.7928135995745753e-13,1.835499660107266e-13,1.8781857199440588e-13,1.9208717790849532e-13,1.9635578375299496e-13,2.0062438952790488e-13,2.0489299523322507e-13,2.0916160086895533e-13,2.1343020643509595e-13,2.1769881193164664e-13,2.2196741735860748e-13,2.262360227159785e-13,2.305046280037597e-13,2.347732332219511e-13,2.3904183837055267e-13,2.433104434495645e-13,2.4757904845898645e-13,2.518476533988186e-13,2.5611625826906107e-13,2.6038486306971366e-13,2.646534678007764e-13,2.689220724622493e-13,2.731906770541324e-13,2.774592815764257e-13,2.817278860291294e-13,2.859964904122432e-13,2.9026509472576715e-13,2.9453369896970123e-13,2.988023031440455e-13,3.030709072488002e-13,3.073395112839651e-13,3.1160811524954047e-13,3.1587671914552596e-13,3.201453229719215e-13,3.244139267287273e-13,3.2868253041594367e-13,3.3295113403357e-13,3.3721973758160664e-13,3.4148834106005297e-13,3.4575694446890965e-13,3.500255478081767e-13,3.542941510778538e-13,3.58562754277941e-13,3.628313574084385e-13,3.6709996046934627e-13,3.713685634606643e-13,3.7563716638239273e-13,3.799057692345312e-13,3.841743720170806e-13,3.8844297473004e-13,3.927115773734099e-13,3.9698017994718997e-13,4.0124874298968047e-13,4.0551734549038175e-13,4.0978594785538825e-13,4.140545501508089e-13,4.183231523766401e-13,4.2259175453288137e-13,4.2686035661953306e-13,4.3112895867119744e-13,4.3539756068435744e-13,4.3966616265493015e-13,4.439347645804331e-13,4.4820336647076004e-13,4.5247196813987364e-13,4.567405697393975e-13,4.610091712693316e-13,4.652777727296759e-13,4.695463741204304e-13,4.738149754415952e-13,4.780835766931703e-13,4.823521778751556e-13,4.866207789875514e-13,4.908893800303577e-13,4.95157981003574e-13,4.994265819072007e-13,5.036951827412378e-13,5.079637835056853e-13,5.122323842005432e-13,5.165009848258116e-13,5.207695853814902e-13,5.250381858675792e-13,5.293067862840787e-13,5.335753866309884e-13,5.378439869083084e-13,5.421125871160389e-13,5.463811872541797e-13,5.506497873227307e-13,5.549183873216919e-13,5.591869872510638e-13,5.634555871108457e-13,5.677241869010384e-13,5.719927866216411e-13,5.762613862726546e-13,5.805299858540783e-13,5.847985853659126e-13,5.890671848081569e-13,5.933357841808118e-13,5.976043834838774e-13,6.018729827173531e-13,6.061415818812393e-13,6.104101809755357e-13,6.146787800002424e-13,6.189473789553597e-13,6.232159778408871e-13,6.274845766568249e-13,6.317531754031731e-13,6.360217740799316e-13,6.402903727257666e-13,6.445589712633457e-13,6.488275699260859e-13,6.530961683244859e-13,6.57364770143521e-13,6.616333684027418e-13,6.65901966627123e-13,6.701705648135034e-13,6.744391628638404e-13,6.787077608447027e-13,6.829763587559756e-13,6.872449565976587e-13,6.915135543697525e-13,6.957821505925752e-13,7.000507482254895e-13,7.043193458086014e-13,7.085879260842696e-13,7.128565235936432e-13,7.171251209481864e-13,7.21393718271367e-13,7.25662315486744e-13,7.299309126325316e-13,7.341995096813707e-13,7.384681067547328e-13,7.42736703677101e-13,7.470053005417232e-13,7.512738973395624e-13,7.555424940964061e-13,7.598110908156969e-13,7.640797740699165e-13,7.683483591966959e-13,7.726169274411377e-13,7.76885520341511e-13,7.81154114611313e-13,7.854227105032654e-13,7.896913044323836e-13,7.939598966598272e-13,7.982284926921814e-13,8.024970522817333e-13,8.067656481749088e-13,8.110342439984945e-13,8.153028397524908e-13,8.195714354368973e-13,8.238400310517142e-13,8.281086265969415e-13,8.323772220725791e-13,8.366458174786276e-13,8.409144128150864e-13,8.451830080819559e-13,8.494516032792356e-13,8.537201984069259e-13,8.579887934650269e-13,8.622573884535381e-13,8.665259833724601e-13,8.707945782217923e-13,8.750631730015349e-13,8.793317677971235e-13,8.836003624376872e-13,8.878689570086613e-13,8.921375515100458e-13,8.964061459418413e-13,9.006747403040466e-13,9.049433345966628e-13,9.092119288508341e-13,9.13480523069787e-13,9.177491171536344e-13,9.220177111678925e-13,9.262863051125608e-13,9.305548989876399e-13,9.348234927931292e-13,9.390920865290293e-13,9.433606801953402e-13,9.476292737920613e-13,9.518978673191934e-13,9.561664607767357e-13,9.604350541646884e-13,9.647036474830514e-13,9.689722407318253e-13,9.732408316833149e-13,9.775094212018023e-13,9.817780262224586e-13,9.860465989619233e-13,9.903151918627509e-13,9.94583784693988e-13,9.98852377455636e-13,1.0031209701476945e-12,1.0073895627701639e-12,1.0116581553230439e-12,1.015926747806334e-12,1.0201953402200348e-12,1.0244639325641461e-12,1.0287325248386685e-12,1.0330011170436009e-12,1.037269709178944e-12,1.0415383012446977e-12,1.0458068932408618e-12,1.050075485167437e-12,1.0543440770244224e-12,1.0586126688118184e-12,1.0628812605296244e-12,1.0671498521778414e-12,1.0714184437564688e-12,1.0756870352655072e-12,1.0799556267049556e-12,1.0842242180748146e-12,1.0884928093750845e-12,1.0927614006057653e-12,1.0970299917668565e-12,1.101298582858358e-12,1.1055671738802698e-12,1.109835764832593e-12,1.1141043557153258e-12,1.11837294652847e-12,1.1226415372720241e-12,1.1269101279459892e-12,1.1311787185503648e-12,1.1354473090851513e-12,1.1397158995503483e-12,1.1439844899844375e-12,1.1482530453622358e-12,1.1525216357345088e-12,1.156790211135207e-12,1.1610588012524635e-12,1.1653273913198592e-12,1.1695959812979313e-12,1.1738645712209252e-12,1.178133161104632e-12,1.1824019817325672e-12,1.1866705714322773e-12,1.1909391610623988e-12,1.1952077506229308e-12,1.1994763401138735e-12,1.2037449295352268e-12,1.208013518886991e-12,1.2122821081691646e-12,1.21655069738175e-12,1.2208192865247456e-12,1.2250878755981515e-12,1.2293564646019684e-12,1.233625053536196e-12,1.237893642400834e-12,1.2421622311958824e-12,1.2464308199543316e-12,1.2506994086724875e-12,1.2549680165107043e-12,1.2592366327609008e-12,1.2635052212080041e-12,1.2677738095855169e-12,1.2720423978934396e-12,1.2763109861317742e-12,1.2805795743005188e-12,1.2848481623996743e-12,1.2891167504292405e-12,1.2933853383892163e-12,1.2976539262796039e-12,1.3019225141004018e-12,1.3061911018516106e-12,1.3104596895332294e-12,1.3147282771452596e-12,1.3189968646877e-12,1.3232654521605516e-12,1.327534039563814e-12,1.3318026268974868e-12,1.3360712141615698e-12,1.3403398013560635e-12,1.3446083884809685e-12,1.3488769755362837e-12,1.3531455625220104e-12,1.3574141494381474e-12,1.3616827362846948e-12,1.3659513230616535e-12,1.3702199097690222e-12,1.374488496406802e-12,1.378757082974992e-12,1.3830256694735935e-12,1.3872942559026054e-12,1.3915628422620279e-12,1.3958314285518614e-12,1.4001000147721053e-12,1.40436860092276e-12,1.408637187003825e-12,1.4129057730153018e-12,1.4171743589571885e-12,1.421442944829486e-12,1.4257115306321939e-12,1.4299801163653136e-12,1.4342487020287735e-12,1.4385172876227144e-12,1.4427858731470655e-12,1.4470544586018275e-12,1.4513230439869998e-12,1.4555916293025838e-12,1.4598602145485777e-12,1.4641287997249827e-12,1.4683973848317985e-12,1.4726659698690252e-12,1.4769345548366624e-12,1.4812031397347108e-12,1.4854717245631692e-12,1.489740309322039e-12,1.4940088940113192e-12,1.4982774786310106e-12,1.5025460631811128e-12,1.506814647661625e-12,1.5110832320725488e-12,1.5153518164138837e-12,1.5196204006856289e-12,1.5238889848877847e-12,1.5281575690203524e-12,1.53242615308333e-12,1.5366947370767183e-12,1.5409633210005173e-12,1.545231904854727e-12,1.5495004886393475e-12,1.5537690723543794e-12,1.5580376558805376e-12,1.562306239456391e-12,1.5665748229626542e-12,1.5708434063993295e-12,1.5751119897664148e-12,1.5793805730639113e-12,1.5836491562918182e-12,1.5879177394501357e-12,1.5921863225776181e-12,1.5964549055967575e-12,1.6007234885463076e-12,1.604992071426269e-12,1.6092606542366407e-12,1.6135292369955883e-12,1.6177978130377956e-12,1.6220663956393963e-12,1.6263349781714113e-12,1.6306035606338375e-12,1.6348721430266737e-12,1.6391407253499217e-12,1.6434093076035803e-12,1.6476778897876495e-12,1.6519464719021299e-12,1.6562150539470205e-12,1.6604836359223227e-12,1.6647522178280355e-12,1.66902079966416e-12,1.6732893814306944e-12,1.6775579631276395e-12,1.6818265447549957e-12,1.6860951263127636e-12,1.6903637078009412e-12,1.6946322892195295e-12,1.6989008705685294e-12,1.7031694518479405e-12,1.707438033057762e-12,1.7117066141979944e-12,1.7159751952686373e-12,1.7202437762696908e-12,1.724512357201155e-12,1.7287809380630317e-12,1.7330495188553178e-12,1.737318099578016e-12,1.7415866802311237e-12,1.7458552608146428e-12,1.7501238413285724e-12,1.7543924217729137e-12,1.7586610021476655e-12,1.7629295824528272e-12,1.7671981626884012e-12,1.7714667428543862e-12,1.7757353229507806e-12,1.7800039029775872e-12,1.7842724829348046e-12,1.788541062822433e-12,1.792809642640472e-12,1.7970782223889226e-12,1.801346802067784e-12,1.805615381677056e-12,1.8098839612167388e-12,1.8141525406868318e-12,1.8184211200873365e-12,1.8226896994182513e-12,1.826958278679578e-12,1.8312268578713153e-12,1.835495436993464e-12,1.8397640160460232e-12,1.844032595028994e-12,1.848301173942375e-12,1.8525697527861668e-12,1.8568383315603705e-12,1.8611069102649844e-12,1.8653754889000097e-12,1.8696440674654457e-12,1.8739126459612922e-12,1.878181224387551e-12,1.88244980274422e-12,1.8867183810312995e-12,1.8909869592487913e-12,1.8952555373966925e-12,1.8995241154750047e-12,1.9037926934837283e-12,1.9080612714228633e-12,1.912329849292408e-12,1.916598427092365e-12,1.9208670048227323e-12,1.9251355824835106e-12,1.9294041600746998e-12,1.9336727375963e-12,1.9379413150483105e-12,1.9422098924307336e-12,1.9464784697435664e-12,1.9507470469868115e-12,1.9550156241604664e-12,1.9592842012645323e-12,1.9635527782990088e-12,1.9678213552638967e-12,1.972089932159196e-12,1.9763585089849063e-12,1.9806270857410272e-12,1.9848956624275596e-12,1.9891642390445033e-12,1.9934328155918577e-12,1.9977013920696226e-12,2.0019699684777986e-12,2.006238544816386e-12,2.0105071210853844e-12,2.0147756972847933e-12,2.0190442734146137e-12,2.0233128494748447e-12,2.0275814254654876e-12,2.031850001386541e-12,2.0361185772380054e-12,2.0403871530198804e-12,2.044655728732167e-12,2.048924304374864e-12,2.0531928799479724e-12,2.057461455451491e-12,2.0617300308854215e-12,2.0659986062497634e-12,2.0702671815445163e-12,2.07453575676968e-12,2.078804331925255e-12,2.083072907011241e-12,2.087341482027638e-12,2.0916100569744463e-12,2.0958786318516652e-12,2.1001472066592956e-12,2.1044157813973365e-12,2.108684356065789e-12,2.1129529306646527e-12,2.117221505193928e-12,2.1214900796536132e-12,2.1257586540437092e-12,2.130027228364217e-12,2.134295802615135e-12,2.1385643767964657e-12,2.1428329509082065e-12,2.1471015249503596e-12,2.1513700989229224e-12,2.1556386728258954e-12,2.159907246659281e-12,2.1641758204230774e-12,2.1684443941172843e-12,2.172712967741903e-12,2.1769815412969322e-12,2.181250114782372e-12,2.185518688198224e-12,2.1897872615444866e-12,2.1940558348211603e-12,2.198324408028246e-12,2.2025929811657416e-12,2.20686155423365e-12,2.2111301272319685e-12,2.2153987001606977e-12,2.2196672730198387e-12,2.22393584580939e-12,2.2282044185293533e-12,2.232472991179727e-12,2.2367415637605127e-12,2.2410101362717087e-12,2.245278708713316e-12,2.249547281085335e-12,2.2538158533877645e-12,2.2580844256206045e-12,2.2623529977838568e-12,2.2666215698775193e-12,2.270890141901594e-12,2.2751587138560784e-12,2.2794272857409755e-12,2.283695857556283e-12,2.287964429302001e-12,2.2922330009781305e-12,2.2965015725846725e-12,2.300770144121624e-12,2.305038715588987e-12,2.309307286986761e-12,2.3135758583149463e-12,2.3178444295735425e-12,2.322113000762551e-12,2.3263815718819687e-12,2.3306501429318e-12,2.3349187139120413e-12,2.3391872848226937e-12,2.343455855663757e-12,2.347724426435232e-12,2.3519929971371175e-12,2.3562615677694147e-12,2.3605301383321226e-12,2.3647987088252423e-12,2.369067279248772e-12,2.373335849602714e-12,2.377604419887067e-12,2.38187299010183e-12,2.3861415602470062e-12,2.390410130322592e-12,2.394678700328589e-12,2.398947270264998e-12,2.4032158401318176e-12,2.4074844099290474e-12,2.4117529796566894e-12,2.4160215493147424e-12,2.4202901189032064e-12,2.424558688422082e-12,2.4288272578713694e-12,2.4330958272510676e-12,2.4373643965611773e-12,2.441632965801698e-12,2.445901534972629e-12,2.450170104073973e-12,2.4544386731057263e-12,2.458707242067891e-12,2.4629758109604675e-12,2.467244379783455e-12,2.4715129485368543e-12,2.4757815172206647e-12,2.4800500858348856e-12,2.484318654379518e-12,2.4885872228545617e-12,2.492855791260017e-12,2.4971243595958822e-12,2.5013929278621594e-12,2.505661496058849e-12,2.509930064185949e-12,2.5141986322434594e-12,2.518467200231382e-12,2.5227357681497157e-12,2.527004335998461e-12,2.531272903777616e-12,2.5355414714871836e-12,2.5398100391271607e-12,2.5440786066975495e-12,2.5483471741983514e-12,2.552615741629564e-12,2.556884308991187e-12,2.5611528762832228e-12,2.5654214435056687e-12,2.5696900106585273e-12,2.5739585777417956e-12,2.5782271447554758e-12,2.5824957116995678e-12,2.586764278574069e-12,2.591032845378983e-12,2.595301412114307e-12,2.5995699787800425e-12,2.6038385453761903e-12,2.6081071119027484e-12,2.6123756783597186e-12,2.6166442447471003e-12,2.620912811064892e-12,2.625181377313097e-12,2.6294499434917125e-12,2.633718509600739e-12,2.637987075640177e-12,2.6422556416100258e-12,2.646524207510286e-12,2.650792773340958e-12,2.655061339102042e-12,2.6593299047935364e-12,2.663598470415442e-12,2.6678670359677585e-12,2.6721356014504865e-12,2.676404166863626e-12,2.680672732207176e-12,2.684941297481138e-12,2.6892098626855117e-12,2.6934784278202968e-12,2.697746992885493e-12,2.702015557881101e-12,2.7062841228071208e-12,2.710552687663552e-12,2.714821252450394e-12,2.719089817167647e-12,2.7233583818153108e-12,2.7276269463933863e-12,2.731895510901874e-12,2.7361640753407716e-12,2.740432639710082e-12,2.744701204009802e-12,2.7489697682399347e-12,2.753238332400479e-12,2.7575068964914345e-12,2.7617754605128013e-12,2.7660440244645788e-12,2.7703125883467664e-12,2.774581152159368e-12,2.7788497159023783e-12,2.783118279575803e-12,2.7873868431796366e-12,2.7916554067138838e-12,2.7959239701785402e-12,2.800192533573609e-12,2.804461096899089e-12,2.8087296601549802e-12,2.8129982233412816e-12,2.8172667864579963e-12,2.821535349505122e-12,2.8258039124826593e-12,2.8300724753906083e-12,2.8343410382289675e-12,2.8386096009977385e-12,2.8428781636969217e-12,2.847146726326516e-12,2.851415288886521e-12,2.855683851376938e-12,2.859952413797766e-12,2.8642209761490054e-12,2.868489538430657e-12,2.872758100642719e-12,2.877026662785193e-12,2.881295224858078e-12,2.885563786861374e-12,2.8898323487950824e-12,2.894100910659202e-12,2.8983694724537317e-12,2.902638034178674e-12,2.906906595834027e-12,2.9111751574197917e-12,2.915443718935968e-12,2.9197122803825547e-12,2.923980841759554e-12,2.9282494030669646e-12,2.9325179643047875e-12,2.9367865254730206e-12,2.9410550865716646e-12,2.9453236476007205e-12,2.949592208560187e-12,2.9538607694500653e-12,2.9581293302703567e-12,2.962397891021057e-12,2.9666664517021704e-12,2.970935012313696e-12,2.9752035728556313e-12,2.9794721333279797e-12,2.9837406937307375e-12,2.9880092540639083e-12,2.992277814327489e-12,2.9965463745214826e-12,3.0008149346458885e-12,3.0050834947007033e-12,3.009352054685931e-12,3.013620614601569e-12,3.0178891744476208e-12,3.0221577342240825e-12,3.026426293930955e-12,3.0306948535682397e-12,3.0349634131359357e-12,3.0392319726340426e-12,3.0435005320625618e-12,3.047769091421493e-12,3.0520376507108344e-12,3.056306209930588e-12,3.060574769080754e-12,3.064843328161331e-12,3.0691118871723193e-12,3.0733804461137183e-12,3.0776490049855296e-12,3.0819175637877535e-12,3.086186122520387e-12,3.0904546811834327e-12,3.0947232397768896e-12,3.098991798300758e-12,3.103260356755039e-12,3.1075289151397316e-12,3.111797473454834e-12,3.1160660317003494e-12,3.1203345898762755e-12,3.1246031479826136e-12,3.128871706019363e-12,3.1331402639865226e-12,3.1374088218840944e-12,3.1416773797120793e-12,3.1459459374704727e-12,3.15021449515928e-12,3.1544830527784987e-12,3.1587516103281272e-12,3.1630201678081687e-12,3.167288725218623e-12,3.1715572825594872e-12,3.1758258398307617e-12,3.18009439703245e-12,3.18436295416455e-12,3.1886315112270603e-12,3.192900068219981e-12,3.197168625143315e-12,3.2014371819970587e-12,3.2057057387812144e-12,3.209974295495783e-12,3.2142428521407635e-12,3.218511408716155e-12,3.2227799652219575e-12,3.2270485216581714e-12,3.2313170780247975e-12,3.2355856343218342e-12,3.239854190549284e-12,3.2441227467071443e-12,3.248391302795417e-12,3.2526598588140997e-12,3.256928414763196e-12,3.2611969706427023e-12,3.265465526452621e-12,3.2697340821929517e-12,3.2740026378636924e-12,3.278271193464846e-12,3.2825397489964107e-12,3.2868083044583872e-12,3.291076859850776e-12,3.2953454151735756e-12,3.299613970426788e-12,3.30388252561041e-12,3.308151080724445e-12,3.3124196357688914e-12,3.3166881907437494e-12,3.3209567456490172e-12,3.3252253004846984e-12,3.329493855250792e-12,3.333762409947295e-12,3.33803096457421e-12,3.342299519131537e-12,3.3465680736192773e-12,3.3508366280374278e-12,3.3551051823859893e-12,3.359373736664963e-12,3.3636422908743485e-12,3.3679108450141463e-12,3.372179399084355e-12,3.3764479530849756e-12,3.3807165070160068e-12,3.384985060877451e-12,3.3892536146693066e-12,3.3935221683915736e-12,3.397790722044251e-12,3.4020592756273403e-12,3.4063278291408428e-12,3.410596382584756e-12,3.4148649359590807e-12,3.419133489263817e-12,3.4234020424989668e-12,3.427670595664525e-12,3.4319391487958487e-12,3.4362077018892743e-12,3.4404762549414394e-12,3.444744807949349e-12,3.4490133607664992e-12,3.4532819135494526e-12,3.457550466294586e-12,3.461819018998504e-12,3.4660875716581888e-12,3.470356124271103e-12,3.4746246766699798e-12,3.4788932290004795e-12,3.4831617812613914e-12,3.487430333452714e-12,3.491698885574449e-12,3.495967437626596e-12,3.500235989609154e-12,3.5045045415221238e-12,3.5087730933655058e-12,3.5130416451392988e-12,3.5173101968435044e-12,3.521578748478122e-12,3.52584730004315e-12,3.530115851538589e-12,3.5343844029644407e-12,3.538652954320703e-12,3.5429215056073787e-12,3.547190056824464e-12,3.5514586079719623e-12,3.5557271590498727e-12,3.5599957100581945e-12,3.5642642609969285e-12,3.5685328118660722e-12,3.5728013626656294e-12,3.577069913395597e-12,3.581338464055977e-12,3.585607014646771e-12,3.5898755651679753e-12,3.5941441156195903e-12,3.5984126660016176e-12,3.6026812163140576e-12,3.606949766556909e-12,3.6112183167301704e-12,3.6154868668338454e-12,3.619755416867931e-12,3.6240239668324287e-12,3.6282925167273383e-12,3.63256106655266e-12,3.636829616308394e-12,3.641098165994539e-12,3.645366715611095e-12,3.6496352651580616e-12,3.653903814635441e-12,3.658172364043232e-12,3.662440913381435e-12,3.66670946265005e-12,3.6709780118490765e-12,3.6752465609785145e-12,3.679515110038366e-12,3.683783659028626e-12,3.6880522079493e-12,3.692320756800385e-12,3.696589305581882e-12,3.700857854293791e-12,3.705126402936113e-12,3.709394951508845e-12,3.7136635000119894e-12,3.717932048445546e-12,3.722200596809514e-12,3.726469145103893e-12,3.730737693328685e-12,3.735006241483888e-12,3.739274789569503e-12,3.74354333758553e-12,3.747811885531968e-12,3.75208043340882e-12,3.756348981216082e-12,3.7606175289537565e-12,3.764886076621842e-12,3.76915462422034e-12,3.7734231717492486e-12,3.777691719208571e-12,3.781960266598304e-12,3.786228813918448e-12,3.790497361169004e-12,3.7947659083499735e-12,3.799034455461354e-12,3.8033030025031466e-12,3.807571549475351e-12,3.811840096377967e-12,3.816108643210995e-12,3.820377189974434e-12,3.8246457366682875e-12,3.828914283292552e-12,3.833182829847227e-12,3.837451376332315e-12,3.841719922747814e-12,3.845988469093725e-12,3.850257015370046e-12,3.854525561576782e-12,3.858794107713927e-12,3.8630626537814875e-12,3.867331199779456e-12,3.871599745707839e-12,3.875868291566632e-12,3.8801368373558386e-12,3.884405383075457e-12,3.888673928725487e-12,3.892942474305928e-12,3.897211019816781e-12,3.901479565258046e-12,3.905748110629722e-12,3.91001665593181e-12,3.91428520116431e-12,3.9185537463272234e-12,3.9228222914205475e-12,3.927090836444283e-12,3.931359381398431e-12,3.9356279262829905e-12,3.939896471097963e-12,3.944165015843346e-12,3.948433560519141e-12,3.952702105125348e-12,3.956970649661967e-12,3.961239194128998e-12,3.965507738526442e-12,3.969776282854296e-12,3.974044827112563e-12,3.978313371301242e-12,3.982581915420332e-12,3.986850459469835e-12,3.99111900344975e-12,3.995387547360076e-12,3.999656091200815e-12,4.003924634971965e-12,4.008193178673527e-12,4.0124617223055e-12,4.016730265867885e-12,4.020998809360683e-12,4.025267352783894e-12,4.029535896137515e-12,4.0338044394215484e-12,4.038072982635994e-12,4.042341525780851e-12,4.046610068856121e-12,4.050878611861803e-12,4.055147154797896e-12,4.059415697664401e-12,4.0636842404613174e-12,4.067952783188648e-12,4.072221325846389e-12,4.076489868434543e-12,4.0807584109531076e-12,4.0850269534020855e-12,4.0892954957814736e-12,4.093564038091276e-12,4.0978325803314884e-12,4.102101122502114e-12,4.106369664603151e-12,4.110638206634599e-12,4.114906748596461e-12,4.119175290488733e-12,4.123443832311417e-12,4.127712374064513e-12,4.131980915748022e-12,4.136249457361942e-12,4.140517998906275e-12,4.144786540381019e-12,4.149055081786176e-12,4.153323623121743e-12,4.157592164387725e-12,4.161860705584117e-12,4.16612924671092e-12,4.170397787768136e-12,4.174666328755765e-12,4.178934869673805e-12,4.183203410522258e-12,4.187471951301122e-12,4.1917404920103985e-12,4.196009032650087e-12,4.200277573220187e-12,4.204546113720699e-12,4.208814654151624e-12,4.213083194512961e-12,4.217351734804709e-12,4.22162027502687e-12,4.225888815179442e-12,4.2301573552624285e-12,4.2344258952758255e-12,4.238694435219634e-12,4.242962975093854e-12,4.247231514898487e-12,4.25150005463353e-12,4.255768594298988e-12,4.260037133894857e-12,4.264305673421138e-12,4.268574212877832e-12,4.268574212877832e-12,4.268574212877832e-12,4.268574212877832e-12
9,2.3331944350747186e-44,6.68394741676872e-44,1.3287529848926045e-43,2.244589199550256e-43,3.4450429529196376e-43,4.95879715533002e-43,6.814609560254323e-43,9.041552978686028e-43,1.1669092080421253e-42,1.472707908996682e-42,1.8245713332608727e-42,2.2255488340763875e-42,2.67871384639669e-42,3.1871590479278263e-42,3.753992224244822e-42,4.3823328639622025e-42,5.075309425429194e-42,5.836057182780164e-42,6.667716552333865e-42,7.573431806613019e-42,8.55635009507413e-42,9.619620703936768e-42,1.0766394500236048e-41,1.1999823516481316e-41,1.332306064179646e-41,1.4739259393175062e-41,1.6251573746667436e-41,1.7863158013209838e-41,1.9577166747527055e-41,2.1396754681489177e-41,2.3325076675461777e-41,2.536528768286917e-41,2.75205427244314e-41,2.979399686946676e-41,3.21888052223454e-41,3.4708122912687506e-41,3.735510508828614e-41,4.013290690999242e-41,4.304468354805045e-41,4.609359017940533e-41,4.928278198585893e-41,5.261541415265529e-41,5.609464186751376e-41,5.972362031992315e-41,6.350550470063687e-41,6.744345020131135e-41,7.154061201424792e-41,7.580014533220787e-41,8.022520534828018e-41,8.481894725578807e-41,8.958452624822059e-41,9.452509751918564e-41,9.964381626237606e-41,1.0494383767154282e-40,1.1042831694048136e-40,1.1610040926301646e-40,1.219632698329951e-40,1.280200538442791e-40,1.342739164907411e-40,1.4072801296626192e-40,1.4738549846472665e-40,1.5424952818002552e-40,1.6132325730605115e-40,1.6860984103669779e-40,1.761124345658613e-40,1.838341930874385e-40,1.91778271795327e-40,1.999478258834247e-40,2.083460105456298e-40,2.169759809758407e-40,2.2584089236795626e-40,2.3494389991587545e-40,2.4428815881349733e-40,2.5387682425472104e-40,2.637130514334451e-40,2.7379999554356885e-40,2.8414081177899126e-40,2.9473865533361174e-40,3.0559668140132927e-40,3.167180451760429e-40,3.281059018516519e-40,3.39763406622059e-40,3.5169371468115616e-40,3.6389998122284613e-40,3.763853614410267e-40,3.891530105295998e-40,4.022060836824634e-40,4.1554773609351685e-40,4.291811229566583e-40,4.431093994657876e-40,4.573357208148036e-40,4.718632421976062e-40,4.86695118808094e-40,5.018345058401663e-40,5.172845584877187e-40,5.330484319446565e-40,5.4912928140487326e-40,5.655302620622751e-40,5.822545291107568e-40,5.993052377442172e-40,6.166855431565573e-40,6.34398600541675e-40,6.524475650934704e-40,6.708355920058407e-40,6.895658364726872e-40,7.0864145368791204e-40,7.280655988454065e-40,7.478414271390669e-40,7.679720937628062e-40,7.884607539105185e-40,8.093105627760993e-40,8.30524675553445e-40,8.521062474364635e-40,8.740584336190448e-40,8.963843892950979e-40,9.190872696585168e-40,9.421702299032011e-40,9.656364252230522e-40,9.894890108119616e-40,1.0137311418638367e-39,1.0383659735725732e-39,1.063396661132071e-39,1.0888263597362286e-39,1.1146582245789455e-39,1.140895410854121e-39,1.167541073755654e-39,1.194598368477443e-39,1.2220704502133857e-39,1.2499604741573856e-39,1.2782715955033416e-39,1.3070069694451522e-39,1.3361697511767119e-39,1.3657630958919237e-39,1.3957901587845728e-39,1.4262540950487859e-39,1.457158059878448e-39,1.4885052084676373e-39,1.5202986960095948e-39,1.5525416776985997e-39,1.5852373087285508e-39,1.6183887442933447e-39,1.6519991395868828e-39,1.6860716498030714e-39,1.7206094301357953e-39,1.7556156357789615e-39,1.7910934219264695e-39,1.8270459437722124e-39,1.8634763565100986e-39,1.900387815334023e-39,1.937783475437885e-39,1.9756664920155842e-39,2.0140400202610183e-39,2.0529072153680878e-39,2.0922712325306915e-39,2.132135226942727e-39,2.1725023537980887e-39,2.213375768290688e-39,2.2547586256144205e-39,2.296654080963181e-39,2.33906528953087e-39,2.381995406511387e-39,2.4254475870986313e-39,2.469424986486433e-39,2.5139307598687572e-39,2.5589680624395795e-39,2.6045400493923123e-39,2.6506498759216792e-39,2.697300697221171e-39,2.7444956684846817e-39,2.7922379449061106e-39,2.84053068167936e-39,2.889377033998328e-39,2.938780157056911e-39,2.988743206049008e-39,3.039269336168524e-39,3.0903617026093565e-39,3.1420234605654016e-39,3.194257765230561e-39,3.247067771798734e-39,3.300456635463819e-39,3.354427511419716e-39,3.408983554860323e-39,3.46412792097954e-39,3.519863764971264e-39,3.576194242029377e-39,3.6331225073478143e-39,3.690651716120458e-39,3.748785023541211e-39,3.807525584803964e-39,3.8668765551026195e-39,3.92684108963108e-39,3.987422343583242e-39,4.048623472152994e-39,4.11044763053425e-39,4.172897973920913e-39,4.235977657506877e-39,4.299689836486037e-39,4.3640376660522923e-39,4.429024301399545e-39,4.494652897721692e-39,4.560926610212642e-39,4.6278485940662767e-39,4.695422004476504e-39,4.763649996637232e-39,4.8325357257423445e-39,4.902082346985742e-39,4.972293015561331e-39,5.04317088666301e-39,5.114719115484674e-39,5.186940857220224e-39,5.2598392670635614e-39,5.333417500208593e-39,5.4076787118491994e-39,5.482626057179287e-39,5.5582626913927595e-39,5.634591769683512e-39,5.711616447245448e-39,5.789339879272462e-39,5.8677652209584554e-39,5.946895627497325e-39,6.026734254082976e-39,6.107284255909312e-39,6.188548788170216e-39,6.27053100605958e-39,6.353234064771332e-39,6.436661119499358e-39,6.520815325437552e-39,6.605699837779819e-39,6.691317811720058e-39,6.77767240245217e-39,6.864766765170046e-39,6.952604055067595e-39,7.041187427338708e-39,7.130520037177292e-39,7.220605039777236e-39,7.311445590332446e-39,7.40304484403682e-39,7.495405956084254e-39,7.588532081668652e-39,7.682426375983912e-39,7.777091994223933e-39,7.872532091582613e-39,7.968749823253853e-39,8.065748344431553e-39,8.163530810309606e-39,8.262100376081914e-39,8.361460196942377e-39,8.461613428084894e-39,8.562563224703366e-39,8.664312741991689e-39,8.766865135143764e-39,8.870223559353491e-39,8.974391169814768e-39,9.079371121721495e-39,9.185166570267568e-39,9.291780670646888e-39,9.399216578053355e-39,9.507477447680865e-39,9.616566434723321e-39,9.726486694374617e-39,9.837241381828664e-39,9.948833652279347e-39,1.0061266660920572e-38,1.0174543562946235e-38,1.0288667513550237e-38,1.0403641667926477e-38,1.0519469181268856e-38,1.0636153208771267e-38,1.0753696905627618e-38,1.0872103427031806e-38,1.0991375928177728e-38,1.1111517564259279e-38,1.1232531490470363e-38,1.1354420862004887e-38,1.1477188834056737e-38,1.1600838561819818e-38,1.1725373200488014e-38,1.185079590525525e-38,1.1977109831315415e-38,1.2104318133862404e-38,1.223242396809014e-38,1.2361430489192483e-38,1.2491340852363354e-38,1.2622158212796653e-38,1.2753885725686273e-38,1.2886526546226112e-38,1.3020083829610064e-38,1.3154560731032045e-38,1.328996040568594e-38,1.3426286008765666e-38,1.3563540695465103e-38,1.3701727620978156e-38,1.384084994049872e-38,1.3980910809220674e-38,1.412191338233797e-38,1.426386081504448e-38,1.44067562625341e-38,1.455060288000072e-38,1.4695403822638263e-38,1.4841162245640618e-38,1.498788130420168e-38,1.5135564153515352e-38,1.5284213948775526e-38,1.5433833845176107e-38,1.5584426997910996e-38,1.573599656217409e-38,1.588854569315926e-38,1.6042077546060473e-38,1.6196595276071588e-38,1.6352102038386485e-38,1.650860098819908e-38,1.6666095280703273e-38,1.6824588071092966e-38,1.6984082514562056e-38,1.7144581766304438e-38,1.7306088981514028e-38,1.7468607315384706e-38,1.763213992311038e-38,1.7796689959884945e-38,1.79622605809023e-38,1.8128854941356346e-38,1.8296476196440985e-38,1.8465127501350118e-38,1.863481201127764e-38,1.8805532881417447e-38,1.8977293266963443e-38,1.9150096323109527e-38,1.9323945205049604e-38,1.9498843067977558e-38,1.9674793067087295e-38,1.9851798357572724e-38,2.002986209462773e-38,2.0208987433446207e-38,2.0389177529222068e-38,2.057043553714921e-38,2.0752764612421528e-38,2.0936167910232914e-38,2.112064858577729e-38,2.1306209794248543e-38,2.149285469084057e-38,2.168058643074727e-38,2.1869408169162543e-38,2.2059323061280302e-38,2.225033426229442e-38,2.2442444927398816e-38,2.2635658211787372e-38,2.2829977270654003e-38,2.3025405259192604e-38,2.322194533259706e-38,2.3419600646061297e-38,2.3618374354779197e-38,2.381826961394466e-38,2.40192895787516e-38,2.42214374043939e-38,2.4424716246065456e-38,2.4629129258960187e-38,2.483467959827197e-38,2.504137041919472e-38,2.524920487692232e-38,2.545818612664868e-38,2.5668317323567703e-38,2.5879601622873315e-38,2.609204217975935e-38,2.630564214941974e-38,2.6520404687048377e-38,2.673633294783918e-38,2.695343008698603e-38,2.717169925968284e-38,2.7391143621123487e-38,2.7611766326501893e-38,2.783357053101195e-38,2.8056559389847544e-38,2.8280736058202564e-38,2.8506103691270965e-38,2.873266544424663e-38,2.8960424472323433e-38,2.918938393069525e-38,2.9419546974556017e-38,2.9650916759099664e-38,2.988349643952002e-38,3.0117289171010995e-38,3.035229810876653e-38,3.0588526407980494e-38,3.082597722384681e-38,3.1064653711559355e-38,3.130455902631203e-38,3.154569632329875e-38,3.178806875771341e-38,3.20316794847499e-38,3.227653165960212e-38,3.252262843746397e-38,3.276997297352935e-38,3.3018568422992144e-38,3.326841794104629e-38,3.351952468288567e-38,3.377189180370417e-38,3.40255224586957e-38,3.4280419803054147e-38,3.453658699197345e-38,3.4794027180647476e-38,3.5052743524270096e-38,3.5312739178035254e-38,3.5574017297136835e-38,3.583658103676873e-38,3.6100433552124847e-38,3.63655779983991e-38,3.663201753078535e-38,3.689975530447753e-38,3.7168794474669515e-38,3.743913819655523e-38,3.771078962532855e-38,3.7983751916183396e-38,3.825802822431361e-38,3.853362170491317e-38,3.881053551317595e-38,3.908877280429585e-38,3.936833673346675e-38,3.964923045588254e-38,3.993145712673715e-38,4.021501990122448e-38,4.049992193453836e-38,4.078616638187278e-38,4.1073756398421615e-38,4.136269513937876e-38,4.1652985759938104e-38,4.1944631415293575e-38,4.223763526063903e-38,4.2532000451168393e-38,4.282773014207555e-38,4.31248274885544e-38,4.3423295645798844e-38,4.3723137769002764e-38,4.402435701336011e-38,4.4326956534064744e-38,4.463093948631058e-38,4.4936309025291476e-38,4.5243068306201413e-38,4.555122048423421e-38,4.5860768714583816e-38,4.6171716152444107e-38,4.6484065953008963e-38,4.679782127147234e-38,4.711298526302811e-38,4.742956108287016e-38,4.77475518861924e-38,4.806696082818871e-38,4.838779106405304e-38,4.871004574897923e-38,4.903372803816118e-38,4.935884108679284e-38,4.968538805006808e-38,5.00133720831808e-38,5.03427963413249e-38,5.067366397969429e-38,5.100597815348286e-38,5.133974201788448e-38,5.16749587280931e-38,5.201163143930259e-38,5.234976330670685e-38,5.26893574854998e-38,5.30304171308753e-38,5.337294539802727e-38,5.371694544214963e-38,5.406242041843622e-38,5.440937348208102e-38,5.475780778827787e-38,5.510772649222072e-38,5.54591327491034e-38,5.581202971411991e-38,5.616642054246404e-38,5.652230838932974e-38,5.687969640991088e-38,5.723858775940141e-38,5.759898559299518e-38,5.796089306588612e-38,5.832431333326813e-38,5.868924955033508e-38,5.905570487228087e-38,5.942368245429945e-38,5.979318545158469e-38,6.016421701933047e-38,6.053678031273073e-38,6.091087848697933e-38,6.128651469727016e-38,6.166369209879718e-38,6.204241384675424e-38,6.242268309633524e-38,6.28045030027341e-38,6.318787672114471e-38,6.357280740676097e-38,6.395929821477676e-38,6.4347352300386e-38,6.473697281878258e-38,6.512816292516039e-38,6.552092577471335e-38,6.591526452263534e-38,6.631118232412028e-38,6.670868233436206e-38,6.710776770855459e-38,6.750844160189164e-38,6.791070716956734e-38,6.831456756677546e-38,6.872002594870992e-38,6.912708547056462e-38,6.953574928753344e-38,6.994602055481029e-38,7.035790242758907e-38,7.07713980610637e-38,7.118651061042804e-38,7.160324323087602e-38,7.202159907760152e-38,7.244158130579842e-38,7.286319307066069e-38,7.328643752738219e-38,7.371131783115681e-38,7.413783713717847e-38,7.456599860064103e-38,7.499580537673839e-38,7.542726062066451e-38,7.586036748761324e-38,7.629512913277851e-38,7.673154871135419e-38,7.716962937853419e-38,7.760937428951238e-38,7.805078659948271e-38,7.849386946363905e-38,7.893862603717529e-38,7.938505947528539e-38,7.983317293316317e-38,8.028296956600257e-38,8.073445252899745e-38,8.118762497734177e-38,8.164249006622941e-38,8.209905095085423e-38,8.255731078641017e-38,8.301727272809109e-38,8.34789399310908e-38,8.394231555060343e-38,8.440740274182304e-38,8.487420465994319e-38,8.534272446015766e-38,8.581296529766051e-38,8.628493032764568e-38,8.675862270530705e-38,8.723404558583852e-38,8.771120212443396e-38,8.819009547628734e-38,8.867072879659248e-38,8.915310524054335e-38,8.963722796333377e-38,9.012310012015773e-38,9.061072486620907e-38,9.110010535668168e-38,9.159124474676946e-38,9.208414619166637e-38,9.257881284656625e-38,9.307524786666303e-38,9.357345440715056e-38,9.407343562322284e-38,9.457519467007368e-38,9.5078734702897e-38,9.558405887688673e-38,9.609117034723674e-38,9.660007226914104e-38,9.71107677977933e-38,9.762326008838758e-38,9.813755229611774e-38,9.865364757617762e-38,9.917154908376122e-38,9.969125997406239e-38,1.002127834022751e-37,1.007361225235931e-37,1.0126128049321042e-37,1.017882604663209e-37,1.0231706559811843e-37,1.0284769904379696e-37,1.0338016395855034e-37,1.0391446349757251e-37,1.0445060081605734e-37,1.0498857906919874e-37,1.0552840141219061e-37,1.0607007100022687e-37,1.0661359098850136e-37,1.0715896453220803e-37,1.0770619478654078e-37,1.0825528490669343e-37,1.0880623804786001e-37,1.093590573652343e-37,1.0991374601401027e-37,1.1047030714938182e-37,1.1102874392654287e-37,1.1158905950068721e-37,1.1215125702700882e-37,1.1271533966070154e-37,1.1328131055695938e-37,1.1384917287097613e-37,1.1441892975794578e-37,1.1499058437306213e-37,1.1556413987151918e-37,1.1613959940851075e-37,1.167169661392308e-37,1.1729624321887316e-37,1.1787743380263178e-37,1.1846054104570058e-37,1.1904556810327337e-37,1.1963251813054413e-37,1.2022139428270673e-37,1.2081219971495508e-37,1.214049375824831e-37,1.2199961104048465e-37,1.2259622324415361e-37,1.2319477734868395e-37,1.2379527650926954e-37,1.2439772388110424e-37,1.2500212261938198e-37,1.2560847587929664e-37,1.2621678681604214e-37,1.268270585848124e-37,1.2743929434080128e-37,1.280534972392027e-37,1.2866967043521054e-37,1.2928781708401875e-37,1.2990794034082118e-37,1.3053004336081171e-37,1.3115412929918432e-37,1.317802013111328e-37,1.3240826255185115e-37,1.3303831617653323e-37,1.3367036534037295e-37,1.343044131985642e-37,1.3494046290630089e-37,1.3557851761877688e-37,1.3621858049118613e-37,1.3686065467872246e-37,1.3750474333657982e-37,1.381508496199521e-37,1.3879897668403321e-37,1.39449127684017e-37,1.4010130577509745e-37,1.407555141124684e-37,1.414117558513237e-37,1.4207003414685741e-37,1.4273035215426339e-37,1.4339271302873542e-37,1.440571199254675e-37,1.4472357599965346e-37,1.4539208440648728e-37,1.4606264830116276e-37,1.4673527083887388e-37,1.474099551748145e-37,1.4808670446417852e-37,1.4876552186215983e-37,1.494464105239524e-37,1.5012937360475e-37,1.5081441425974667e-37,1.5150153564413622e-37,1.5219074091311259e-37,1.5288203322186963e-37,1.535754157256013e-37,1.5427089157950147e-37,1.5496846393876406e-37,1.5566813595858298e-37,1.56369910794152e-37,1.570737916006652e-37,1.5777978153331642e-37,1.5848788374729948e-37,1.5919810139780837e-37,1.5991043764003692e-37,1.6062489562917907e-37,1.613414785204287e-37,1.620601894689797e-37,1.6278103163002603e-37,1.6350400815876153e-37,1.6422912221038015e-37,1.649563769400757e-37,1.6568577550304217e-37,1.6641732105447344e-37,1.6715101674956334e-37,1.6788686574350591e-37,1.6862487119149502e-37,1.6936503624872442e-37,1.7010736407038807e-37,1.7085185781167996e-37,1.7159852062779384e-37,1.7234735567392377e-37,1.7309836610526358e-37,1.7385155507700718e-37,1.7460692574434844e-37,1.753644812624813e-37,1.7612422478659964e-37,1.7688615947189729e-37,1.7765028847356828e-37,1.7841661494680648e-37,1.7918514204680566e-37,1.7995587292875985e-37,1.8072881074786291e-37,1.8150395865930866e-37,1.8228131981829117e-37,1.8306089738000426e-37,1.8384269449964179e-37,1.8462671433239766e-37,1.8541296003346585e-37,1.862014347580402e-37,1.869921416613146e-37,1.8778508389848292e-37,1.8858026462473918e-37,1.893776869952771e-37,1.901773541652907e-37,1.909792692899739e-37,1.9178343552452053e-37,1.9258985602412462e-37,1.933985339439798e-37,1.942094724392802e-37,1.9502267466521967e-37,1.9583814377699216e-37,1.9665588292979143e-37,1.974758952788115e-37,1.9829818397924617e-37,1.991227521862895e-37,1.9994960305513516e-37,2.007787397409772e-37,2.0161016539900946e-37,2.0244388318442585e-37,2.032798962524204e-37,2.0411820775818683e-37,2.0495882085691905e-37,2.0580173870381105e-37,2.0664696445405674e-37,2.0749450126285e-37,2.0834435228538463e-37,2.0919652067685463e-37,2.100510095924539e-37,2.1090782218737623e-37,2.1176696161681564e-37,2.12628431035966e-37,2.134922336000212e-37,2.1435837246417505e-37,2.152268507836215e-37,2.160976717135545e-37,2.1697083840916805e-37,2.1784635402565588e-37,2.1872422171821193e-37,2.1960444464203016e-37,2.204870259523044e-37,2.213719688042286e-37,2.222592763529966e-37,2.231489517538023e-37,2.240409981618397e-37,2.2493541873230262e-37,2.258322166203849e-37,2.2673139498128055e-37,2.2763295697018336e-37,2.2853690574228734e-37,2.294432444527863e-37,2.303519762568742e-37,2.3126310430974485e-37,2.321766317665923e-37,2.3309256178261037e-37,2.34010897512993e-37,2.3493164211293396e-37,2.3585479873762726e-37,2.367803705422667e-37,2.3770836068204633e-37,2.3863877231215997e-37,2.3957160858780152e-37,2.4050687266416493e-37,2.4144456769644405e-37,2.4238469683983277e-37,2.43327263249525e-37,2.4427227008071464e-37,2.452197204885955e-37,2.461696176283616e-37,2.471219646552068e-37,2.4807676472432497e-37,2.4903402099091017e-37,2.4999373661015605e-37,2.509559147372567e-37,2.519205585274059e-37,2.5288767113579767e-37,2.538572557176258e-37,2.548293154280843e-37,2.558038534223669e-37,2.567808728556677e-37,2.5776037688318052e-37,2.5874236866009916e-37,2.5972685134161757e-37,2.6071382808292973e-37,2.6170330203922945e-37,2.6269527636571068e-37,2.6368975421756726e-37,2.6468673874999313e-37,2.6568623311818223e-37,2.6668824047732846e-37,2.676927639826256e-37,2.6869980678926754e-37,2.6970937205244836e-37,2.707214629273619e-37,2.7173608256920193e-37,2.7275323413316256e-37,2.7377292077443755e-37,2.7479514564822074e-37,2.758199119097061e-37,2.7684722271408764e-37,2.7787708121655905e-37,2.789094905723143e-37,2.799444539365473e-37,2.8098197446445208e-37,2.820220553112225e-37,2.830646996320523e-37,2.8410991058213547e-37,2.851576913166659e-37,2.862080449908375e-37,2.8726097475984426e-37,2.8831648377887996e-37,2.893745752031385e-37,2.904352521878138e-37,2.9149851788809978e-37,2.9256437545919044e-37,2.9363282805627944e-37,2.9470387883456093e-37,2.9577753094922854e-37,2.968537875554763e-37,2.9793265180849822e-37,2.990141268634881e-37,3.0009821587563975e-37,3.011849220001472e-37,3.0227424839220433e-37,3.0336619820700505e-37,3.044607745997431e-37,3.055579807256126e-37,3.0665781973980732e-37,3.077602947975212e-37,3.0886540905394815e-37,3.099731656642821e-37,3.1108356778371694e-37,3.1219661856744647e-37,3.1331232117066467e-37,3.144306787485654e-37,3.1555169445634253e-37,3.1667537144919003e-37,3.1780171288230187e-37,3.1893072191087177e-37,3.2006240169009384e-37,3.2119675537516173e-37,3.2233378612126946e-37,3.23473497083611e-37,3.2461589141738e-37,3.257609722777706e-37,3.2690874281997677e-37,3.2805920619919225e-37,3.2921236557061106e-37,3.303682240894269e-37,3.315267849108338e-37,3.3268805119002556e-37,3.3385202608219613e-37,3.3501871274253957e-37,3.361881143262496e-37,3.373602339885201e-37,3.3853507488454503e-37,3.3971264016951823e-37,3.4089293299863386e-37,3.420759565270855e-37,3.4326171391006716e-37,3.444502083027727e-37,3.4564144286039615e-37,3.468354207381313e-37,3.4803214509117212e-37,3.4923161907471236e-37,3.5043384584394615e-37,3.516388285540672e-37,3.5284657036026953e-37,3.540570744177469e-37,3.552703438816933e-37,3.564863819073027e-37,3.5770519164976886e-37,3.589267762642857e-37,3.601511389060471e-37,3.6137828273024724e-37,3.6260821089207956e-37,3.6384092654673832e-37,3.650764328494173e-37,3.663147329553103e-37,3.6755583001961144e-37,3.6879972719751435e-37,3.7004642764421314e-37,3.7129593451490166e-37,3.7254825096477373e-37,3.738033801490233e-37,3.7506132522284427e-37,3.7632208934143065e-37,3.775856756599762e-37,3.788520873336748e-37,3.801213275177204e-37,3.8139339936730695e-37,3.826683060376283e-37,3.839460506838783e-37,3.85226636461251e-37,3.865100665249401e-37,3.877963440301396e-37,3.890854721320435e-37,3.903774539858454e-37,3.916722927467394e-37,3.929699915699195e-37,3.942705536105795e-37,3.9557398202391315e-37,3.968802799651146e-37,3.981894505893777e-37,3.995014970518964e-37,4.008164225078644e-37,4.021342301124755e-37,4.034549230209238e-37,4.047785043884033e-37,4.061049773701079e-37,4.074343451212313e-37,4.087666107969674e-37,4.101017775525103e-37,4.114398485430536e-37,4.1278082692379156e-37,4.141247158499179e-37,4.154715184766265e-37,4.168212379591112e-37,4.181738774525663e-37,4.1952944011218516e-37,4.208879290931618e-37,4.222493475506904e-37,4.236136986399644e-37,4.249809855161782e-37,4.2635121133452535e-37,4.277243792501999e-37,4.2910049241839565e-37,4.304795539943066e-37,4.3186156713312665e-37,4.332465349900496e-37,4.346344607202696e-37,4.360253474789802e-37,4.374191984213755e-37,4.388160167026494e-37,4.402158054779958e-37,4.416185679026084e-37,4.430243071316815e-37,4.444330263204087e-37,4.458447286239839e-37,4.4725941719760115e-37,4.486770951964543e-37,4.5009776577573706e-37,4.5152143209064344e-37,4.529480972963674e-37,4.5437776454810255e-37,4.558104370010432e-37,4.572461178103835e-37,4.586848101313167e-37,4.60126517119037e-37,4.6157124192873814e-37,4.630189877156142e-37,4.64469757634859e-37,4.659235548416664e-37,4.6738038249123045e-37,4.688402437387447e-37,4.703031417394035e-37,4.717690796484005e-37,4.732380606209297e-37,4.747100878121849e-37,4.761851643773601e-37,4.776632934716491e-37,4.791444782502457e-37,4.8062872186834415e-37,4.82116027481138e-37,4.836063982438215e-37,4.8509983731158806e-37,4.865963478396319e-37,4.88095932983147e-37,4.895985958973271e-37,4.911043397373661e-37,4.926131676584579e-37,4.941250828157965e-37,4.956400883645757e-37,4.971581874599895e-37,4.986793832572318e-37,5.002036789114963e-37,5.0173107757797696e-37,5.03261582411868e-37,5.047951965683628e-37,5.063319232026556e-37,5.078717654699402e-37,5.0941472652541066e-37,5.109608095242607e-37,5.1251001762168415e-37,5.140623539728751e-37,5.156178217330273e-37,5.171764240573348e-37,5.187381641009914e-37,5.20303045019191e-37,5.218710699671276e-37,5.234422420999949e-37,5.250165645729869e-37,5.265940405412976e-37,5.281746731601208e-37,5.2975846558465045e-37,5.313454209700804e-37,5.329355424716046e-37,2.7693196741441998e-15,5.538639245058463e-15,8.307958779986865e-15,1.107727827892068e-14,1.38465977418596e-14,1.6615917174001182e-14,1.938523658504554e-14,2.215455594000681e-14,2.492387527104046e-14,2.769319455400486e-14,3.046251380617189e-14,3.323183301714664e-14,3.600115219212652e-14,3.8770471331111584e-14,4.1539790434101875e-14,4.4309109501097415e-14,4.707842853209821e-14,4.984774752710433e-14,5.2617066486115753e-14,5.5386385409132496e-14,5.815570429615466e-14,6.092502314718213e-14,6.369434196221496e-14,6.646366074125329e-14,6.923297948429703e-14,7.200229819134604e-14,7.477161686240052e-14,7.754083316296755e-14,8.031015176203443e-14,8.307947033781983e-14,8.58487888648977e-14,8.861810736716602e-14,9.138742584336533e-14,9.415674429139934e-14,9.692606270950867e-14,9.969538105661513e-14,1.0246469936772647e-13,1.052340176428435e-13,1.0800333588196609e-13,1.107726540951478e-13,1.1354197226228171e-13,1.163112903934215e-13,1.1908060848856693e-13,1.2184992654771815e-13,1.246192445708751e-13,1.2738856255803788e-13,1.3015788050920656e-13,1.3292719842438102e-13,1.356965163035613e-13,1.3846583414674754e-13,1.4123515195393959e-13,1.440044697251376e-13,1.467737874603414e-13,1.4954310515955117e-13,1.5231242282276694e-13,1.5508174044998867e-13,1.5785105804121643e-13,1.6062037559645012e-13,1.6338969311568987e-13,1.661590105989357e-13,1.6892832804618753e-13,1.7169764545744547e-13,1.744669628327095e-13,1.7723628017197965e-13,1.8000559747525594e-13,1.8277491474253834e-13,1.85544231973827e-13,1.883135491691217e-13,1.910828663284226e-13,1.9385218345172974e-13,1.966215005390432e-13,1.9939081759036297e-13,2.0216013460568913e-13,2.049294515850215e-13,2.0769876852836016e-13,2.1046808543570512e-13,2.1323740230705666e-13,2.1600671914241443e-13,2.1877603594177862e-13,2.2154535270514896e-13,2.2431466943252576e-13,2.270839861239091e-13,2.298533027792989e-13,2.3262261939869496e-13,2.353919359820976e-13,2.381612525295068e-13,2.409305690409225e-13,2.436998855163448e-13,2.4646920195577364e-13,2.4923851835920927e-13,2.5200783472665144e-13,2.5477715105810034e-13,2.5754646735355593e-13,2.603157579969398e-13,2.630850742455748e-13,2.6585439043304874e-13,2.686237065845309e-13,2.713930227000199e-13,2.7416233877951563e-13,2.769316548230182e-13,2.7970097084365104e-13,2.8247028684012037e-13,2.8523960281087405e-13,2.880089187550319e-13,2.9077823467630805e-13,2.9354755050385174e-13,2.9631686629540237e-13,2.990861820509599e-13,3.018554977705242e-13,3.0462481345409545e-13,3.073941291016737e-13,3.101634447132589e-13,3.129327602888512e-13,3.157020758284505e-13,3.1847139133205706e-13,3.212407067996705e-13,3.2401002223129105e-13,3.267793376269187e-13,3.2954865298655355e-13,3.323179683101956e-13,3.3508728359784487e-13,3.3785659884950127e-13,3.406259140651648e-13,3.4339522924483574e-13,3.461645443885139e-13,3.489338594961992e-13,3.5170317456789186e-13,3.5447248960359176e-13,3.57241804603299e-13,3.6001111956701346e-13,3.6278043449473545e-13,3.6554974938646463e-13,3.683190642422013e-13,3.7108837906194533e-13,3.7385769384569705e-13,3.766270085934561e-13,3.793963233052226e-13,3.821656379809966e-13,3.849349526207781e-13,3.8770426722456717e-13,3.9047358179236376e-13,3.9324289632416794e-13,3.9601221081997953e-13,3.987815252797988e-13,4.015508397036257e-13,4.043201540914603e-13,4.0708946844330227e-13,4.09858782759152e-13,4.126280970390093e-13,4.153974112976044e-13,4.1816672550547723e-13,4.209360397932131e-13,4.237053539291013e-13,4.2647467028277857e-13,4.292439843466824e-13,4.3201329838782906e-13,4.347826124050142e-13,4.3755192636089764e-13,4.403212402808329e-13,4.4309055416477603e-13,4.4585986801272697e-13,4.4862918182468586e-13,4.5139849463013195e-13,4.5416780837010654e-13,4.569371220816253e-13,4.597064245634489e-13,4.624757382279074e-13,4.652450518239091e-13,4.680143653984783e-13,4.707836789225011e-13,4.735529924105323e-13,4.763223058342187e-13,4.790916192756897e-13,4.81860932618035e-13,4.846302459218024e-13,4.873995592298739e-13,4.901688725128439e-13,4.929381857720234e-13,4.957075551710863e-13,4.984768609067783e-13,5.012461556884523e-13,5.040154664646134e-13,5.067847781278659e-13,5.0955409084213e-13,5.123234022815869e-13,5.150927126156916e-13,5.178620255278542e-13,5.2063131479571e-13,5.234006276358896e-13,5.261699404400774e-13,5.289392532082738e-13,5.317085659404786e-13,5.344778786366916e-13,5.372471912969134e-13,5.400165039211435e-13,5.427858165093823e-13,5.455551290616296e-13,5.483244415778855e-13,5.5109375405815e-13,5.53863066502423e-13,5.56632378910705e-13,5.594016912829954e-13,5.621710036192943e-13,5.649403159196021e-13,5.677096281839185e-13,5.704789404571198e-13,5.732482526494534e-13,5.760175648057961e-13,5.787868769261476e-13,5.81556189010508e-13,5.843255010588767e-13,5.870948130712547e-13,5.898641250595029e-13,5.926334370248509e-13,5.954027489292553e-13,5.981720607976685e-13,6.009413726300907e-13,6.037106844265219e-13,6.06479996186962e-13,6.092493079114111e-13,6.120186195998694e-13,6.147879312523365e-13,6.175572428688126e-13,6.203265544492978e-13,6.230958659937923e-13,6.258651775022951e-13,6.286344889748077e-13,6.314037989556172e-13,6.34173108005361e-13,6.369424271109273e-13,6.397117252720657e-13,6.424810365646243e-13,6.452503478211918e-13,6.480196590417687e-13,6.507889702263548e-13,6.535582813749503e-13,6.563275924875551e-13,6.590969035641692e-13,6.618662146047926e-13,6.646355256094252e-13,6.674048365780676e-13,6.701741475107189e-13,6.729434584073797e-13,6.757127692680501e-13,6.784820800927298e-13,6.812513908814192e-13,6.840207016341177e-13,6.867900123508259e-13,6.895593230315432e-13,6.923286336762703e-13,6.950979442850071e-13,6.978672548577534e-13,7.006365653945091e-13,7.03405875895274e-13,7.061751863600491e-13,7.089444967888338e-13,7.117138071816282e-13,7.144831175384317e-13,7.172524278592454e-13,7.20021738144069e-13,7.22791048392902e-13,7.255603586057447e-13,7.283296687825971e-13,7.310989789234595e-13,7.338682890283314e-13,7.366375990972136e-13,7.394069091301052e-13,7.421762191416632e-13,7.449455064089017e-13,7.477148163779428e-13,7.504841166328586e-13,7.532534264858025e-13,7.560227363102699e-13,7.587920460912315e-13,7.6156135584173e-13,7.643306655677788e-13,7.671001249912666e-13,7.698694346282658e-13,7.726387442292754e-13,7.754080537942954e-13,7.78177363323325e-13,7.809466728163652e-13,7.837159822734153e-13,7.864852916944753e-13,7.892546010795458e-13,7.920239104286264e-13,7.947932197417169e-13,7.975625290188177e-13,8.003318382599289e-13,8.031011474650503e-13,8.058704566341818e-13,8.086397657798883e-13,8.114090749007624e-13,8.141783964281619e-13,8.169477234124326e-13,8.19717032401616e-13,8.224863413548099e-13,8.252556502720138e-13,8.280249591532283e-13,8.30794267998453e-13,8.335635768076886e-13,8.363328855809344e-13,8.391021943181902e-13,8.418715030194568e-13,8.446408116847343e-13,8.474101203140222e-13,8.501794289073207e-13,8.529487374646298e-13,8.557180459859495e-13,8.584873544712796e-13,8.612566629206205e-13,8.640259713339722e-13,8.667952797113341e-13,8.695645880527068e-13,8.723338963580905e-13,8.751032046274847e-13,8.778725128608898e-13,8.806418210583059e-13,8.834111292197325e-13,8.8618043734517e-13,8.88949745434618e-13,8.917190534880771e-13,8.94488361505547e-13,8.972576694870277e-13,9.000269774325195e-13,9.027962853420219e-13,9.055655932155358e-13,9.083349010530602e-13,9.111042088545957e-13,9.13873516620142e-13,9.166428243496996e-13,9.194121320432683e-13,9.221814397008475e-13,9.249507473224378e-13,9.277200549080392e-13,9.304893624576256e-13,9.332586699712494e-13,9.360279774488844e-13,9.387972848905304e-13,9.415665922961873e-13,9.44335899665856e-13,9.471052069995355e-13,9.498745142972266e-13,9.52643821558929e-13,9.554131287846422e-13,9.581824359743668e-13,9.609517431281028e-13,9.637210502458502e-13,9.664903573276088e-13,9.692596643733792e-13,9.720289713831605e-13,9.747982783569534e-13,9.775675852947576e-13,9.803368921965737e-13,9.831061990624007e-13,9.858755058922392e-13,9.886448126860895e-13,9.914141194439509e-13,9.941834261658243e-13,9.96952732851709e-13,9.997220395016055e-13,1.002491346115513e-12,1.0052606526934322e-12,1.0080299592353636e-12,1.010799265653394e-12,1.0135685721233484e-12,1.016337878557314e-12,1.019107184955292e-12,1.0218764913172813e-12,1.0246457976432821e-12,1.027415103933295e-12,1.030184410187319e-12,1.032953716419933e-12,1.0357230226019813e-12,1.038492328748041e-12,1.041261634858113e-12,1.0440309409321964e-12,1.0468002469772103e-12,1.0495695486639978e-12,1.0523388546301157e-12,1.0551081605602466e-12,1.0578774664543901e-12,1.0606467723125446e-12,1.0634160781347119e-12,1.0661853839208912e-12,1.068954689671082e-12,1.0717239953852855e-12,1.0744933010635005e-12,1.0772626067057277e-12,1.0800319123119672e-12,1.0828012178822186e-12,1.0855705234164822e-12,1.0883398289147577e-12,1.0911091343770453e-12,1.0938784398033459e-12,1.096647745193658e-12,1.0994170505479826e-12,1.1021863558663193e-12,1.1049556611486685e-12,1.1077249663950296e-12,1.1104942716054033e-12,1.1132635767797892e-12,1.1160328819181871e-12,1.1188021870205974e-12,1.1215714920870205e-12,1.1243407971174552e-12,1.1271101021119035e-12,1.1298794070703633e-12,1.1326487119928352e-12,1.1354180168793194e-12,1.1381873217298173e-12,1.140956626544327e-12,1.1437259313228487e-12,1.1464952360653838e-12,1.1492645407719314e-12,1.152033845442491e-12,1.1548031500770642e-12,1.1575724546756494e-12,1.1603417592382472e-12,1.1631110637648576e-12,1.1658803682554812e-12,1.1686496727101172e-12,1.1714189771287657e-12,1.1741882815114267e-12,1.1769575858581003e-12,1.1797268901687873e-12,1.1824961944434862e-12,1.1852654986821984e-12,1.1880348028849235e-12,1.1908041070516615e-12,1.1935734111824122e-12,1.196342715277176e-12,1.1991120193359523e-12,1.2018813233587419e-12,1.2046506273455444e-12,1.20741993129636e-12,1.210189235211188e-12,1.2129585390900292e-12,1.2157278429328834e-12,1.2184971467397509e-12,1.221266450510631e-12,1.2240357542455242e-12,1.2268050579444305e-12,1.2295743616073496e-12,1.2323436652342821e-12,1.2351129688252275e-12,1.2378822723801866e-12,1.240651575899158e-12,1.2434208793821432e-12,1.2461901828291412e-12,1.2489594862401527e-12,1.2517287896151772e-12,1.2544980929542152e-12,1.2572673962572659e-12,1.2600366995243304e-12,1.2628060027554082e-12,1.2655753059504995e-12,1.2683446091096038e-12,1.2711139122327214e-12,1.273883215319852e-12,1.2766525183709962e-12,1.2794218213861544e-12,1.2821911243653253e-12,1.2849604273085103e-12,1.2877297302157082e-12,1.29049903308692e-12,1.2932683359221454e-12,1.296037638721384e-12,1.2988069414846359e-12,1.3015762442119017e-12,1.304345546903181e-12,1.307114849558474e-12,1.3098841521777802e-12,1.3126534547611008e-12,1.3154227573084348e-12,1.3181920598197826e-12,1.320961362295144e-12,1.3237306647345184e-12,1.326499967137907e-12,1.3292692695053092e-12,1.3320385718367253e-12,1.3348078741321549e-12,1.3375771763915981e-12,1.3403464786150556e-12,1.3431157808025272e-12,1.3458850829540125e-12,1.3486543850695115e-12,1.3514236871490246e-12,1.3541929891925513e-12,1.3569622912000924e-12,1.3597315931716469e-12,1.3625008951072162e-12,1.3652701970067987e-12,1.3680394988703956e-12,1.3708088006980066e-12,1.3735781024896315e-12,1.3763474042452702e-12,1.3791167059649232e-12,1.3818860076485902e-12,1.3846553092962711e-12,1.3874246109079667e-12,1.3901939124836759e-12,1.3929632140233997e-12,1.3957325155271373e-12,1.3985018169948887e-12,1.4012711184266548e-12,1.4040404198224354e-12,1.4068097211822299e-12,1.4095790225060383e-12,1.4123483237938616e-12,1.4151176250456983e-12,1.4178869262615502e-12,1.4206562274414163e-12,1.4234255285852964e-12,1.4261948296931911e-12,1.4289641307651005e-12,1.4317334318010244e-12,1.434502732800963e-12,1.437272033764915e-12,1.4400413346928822e-12,1.4428106355848638e-12,1.4455799364408596e-12,1.44834923726087e-12,1.4511185380448957e-12,1.4538878387929353e-12,1.4566571395049898e-12,1.459426440181059e-12,1.4621957408211426e-12,1.4649650414252405e-12,1.4677343419933537e-12,1.4705036425254808e-12,1.4732729430216232e-12,1.4760422434817793e-12,1.4788115439059515e-12,1.481580844294138e-12,1.4843501446463384e-12,1.4871194449625542e-12,1.4898887452427853e-12,1.4926580454870313e-12,1.4954273456952908e-12,1.4981966458675661e-12,1.500965946003856e-12,1.5037352461041606e-12,1.5065045461684803e-12,1.509273846196815e-12,1.5120431461891649e-12,1.5148124461455297e-12,1.5175817460659097e-12,1.5203510459503047e-12,1.5231203457987144e-12,1.5258896456111387e-12,1.5286589453875794e-12,1.5314282451280337e-12,1.534197544832504e-12,1.5369668445009882e-12,1.5397361441334883e-12,1.5425054437300035e-12,1.5452747432905341e-12,1.54804404281508e-12,1.5508133423036408e-12,1.5535826417562165e-12,1.5563519411728072e-12,1.5591212405534137e-12,1.5618905398980348e-12,1.5646598392066717e-12,1.5674291384793237e-12,1.5701984377159917e-12,1.5729677369166747e-12,1.575737036081373e-12,1.5785063352100864e-12,1.5812756343028155e-12,1.5840449333595602e-12,1.5868142323803205e-12,1.5895835313650958e-12,1.5923528303138862e-12,1.5951221292266922e-12,1.5978914281035144e-12,1.6006607269443516e-12,1.6034300257492043e-12,1.606199324518073e-12,1.6089686232509575e-12,1.6117379219478568e-12,1.6145072206087721e-12,1.617276519233703e-12,1.6200458178226495e-12,1.6228151163756111e-12,1.62558441489259e-12,1.6283537133735835e-12,1.631123011818593e-12,1.6338923102276183e-12,1.6366616086006592e-12,1.6394309069377162e-12,1.6422002052387888e-12,1.6449695035038768e-12,1.6477388017329807e-12,1.6505080999261e-12,1.6532773980832368e-12,1.6560466962043888e-12,1.6588159942895563e-12,1.6615852923387403e-12,1.66435459035194e-12,1.6671238883291558e-12,1.669893186270387e-12,1.6726624841756345e-12,1.6754317820448984e-12,1.6782010798781776e-12,1.680970377675474e-12,1.6837396754367858e-12,1.686508973162113e-12,1.6892782708514575e-12,1.692047568504817e-12,1.6948168661221937e-12,1.6975861637035862e-12,1.7003554612489948e-12,1.7031247587584202e-12,1.705894056231861e-12,1.7086633536693185e-12,1.7114326510707922e-12,1.714201948436282e-12,1.716971245765788e-12,1.7197405430593103e-12,1.722509840316849e-12,1.7252791375384047e-12,1.7280484347239762e-12,1.7308177318735637e-12,1.7335870289871683e-12,1.7363563260647886e-12,1.739125623106426e-12,1.7418949201120793e-12,1.7446642170817493e-12,1.7474335140154367e-12,1.75020281091314e-12,1.7529721077748598e-12,1.7557414046005962e-12,1.7585107013903492e-12,1.7612799981441189e-12,1.764049294861905e-12,1.7668185915437075e-12,1.7695878881895269e-12,1.7723571847993635e-12,1.775126481373216e-12,1.7778957779110856e-12,1.7806650744129719e-12,1.7834343708788746e-12,1.7862036673087944e-12,1.7889729637027316e-12,1.7917422600606849e-12,1.7945115563826551e-12,1.7972808526686416e-12,1.8000501489186456e-12,1.8028194451326658e-12,1.8055887413107038e-12,1.808358037452758e-12,1.8111273335588296e-12,1.813896629628918e-12,1.8166659256630229e-12,1.819435221661145e-12,1.8222045176232847e-12,1.8249738135494404e-12,1.827743109439614e-12,1.8305124052938047e-12,1.833281701112012e-12,1.8360509968942367e-12,1.8388202926404786e-12,1.8415895883507373e-12,1.8443588840250136e-12,1.847128179663307e-12,1.8498974752656172e-12,1.8526667708319445e-12,1.8554360663622886e-12,1.8582053618566508e-12,1.86097465731503e-12,1.8637439527374268e-12,1.8665132481238402e-12,1.8692825434742717e-12,1.8720518387887197e-12,1.8748211340671856e-12,1.8775904293096685e-12,1.8803597245161685e-12,1.883129019686686e-12,1.885898314821221e-12,1.888667609919774e-12,1.8914369049823436e-12,1.8942062000089307e-12,1.8969754949995358e-12,1.8997447899541585e-12,1.902514084872799e-12,1.9052833797554558e-12,1.9080526746021306e-12,1.9108219694128236e-12,1.913591264187533e-12,1.916360558926261e-12,1.9191298536290074e-12,1.9218991482957693e-12,1.9246684429265504e-12,1.92743773752135e-12,1.930207032080166e-12,1.932976326603e-12,1.9357456210898514e-12,1.9385149155407208e-12,1.9412842099556074e-12,1.9440535043345124e-12,1.9468227986774355e-12,1.949592092984376e-12,1.9523613872553342e-12,1.95513068149031e-12,1.9578999756893043e-12,1.960669269852317e-12,1.9634385639793466e-12,1.9662078580703944e-12,1.96897715212546e-12,1.971746446144544e-12,1.9745157401276454e-12,1.977285034074765e-12,1.980054327985903e-12,1.982823621861059e-12,1.9855929157002332e-12,1.988362209503426e-12,1.9911315032706365e-12,1.9939007970018648e-12,1.996670090697111e-12,1.999439384356376e-12,2.002208677979659e-12,2.0049779715669604e-12,2.0077472651182797e-12,2.010516558633617e-12,2.013285852112973e-12,2.016055145556347e-12,2.018824438963739e-12,2.0215937323351503e-12,2.0243630256705795e-12,2.027132318970026e-12,2.029901612233492e-12,2.0326709054609755e-12,2.0354401986524777e-12,2.0382094918079992e-12,2.0409787849275387e-12,2.043748078011096e-12,2.0465173710586727e-12,2.049286664070267e-12,2.0520559570458798e-12,2.0548252499855123e-12,2.057594542889162e-12,2.060363835756831e-12,2.0631331285885184e-12,2.065902421384225e-12,2.0686717141439497e-12,2.071441006867693e-12,2.0742102995554547e-12,2.0769795922072353e-12,2.079748884823034e-12,2.0825181774028527e-12,2.08528746994669e-12,2.088056762454545e-12,2.0908260549264196e-12,2.093595347362312e-12,2.0963646397622243e-12,2.099133932126155e-12,2.1019032244541044e-12,2.1046725167460728e-12,2.10744180900206e-12,2.1102111012220664e-12,2.1129803934060918e-12,2.1157496855541355e-12,2.1185189776661994e-12,2.1212882697422817e-12,2.124057561782382e-12,2.1268268537865024e-12,2.129596145754641e-12,2.1323654376867985e-12,2.135134729582976e-12,2.1379040214431717e-12,2.1406733132673876e-12,2.1434426050556216e-12,2.146211896807876e-12,2.1489811885241484e-12,2.1517504802044405e-12,2.1545197718487515e-12,2.1572890634570817e-12,2.1600583550294316e-12,2.1628276465658004e-12,2.165596938066189e-12,2.1683662295305957e-12,2.171135520959023e-12,2.1739048123514688e-12,2.176674103707934e-12,2.1794433950284185e-12,2.182212686312923e-12,2.184981977561447e-12,2.187751268773989e-12,2.190520559950552e-12,2.1932898510911334e-12,2.196059142195735e-12,2.1988284332643556e-12,2.201597724296995e-12,2.204367015293655e-12,2.2071363062543333e-12,2.209905597179032e-12,2.2126748880677497e-12,2.2154441789204876e-12,2.218213469737245e-12,2.220982760518024e-12,2.2237520512628197e-12,2.2265213419851163e-12,2.2292906326835014e-12,2.232059923356696e-12,2.2348292140035575e-12,2.237598504568274e-12,2.240367795110506e-12,2.2431370856288565e-12,2.2459063761220325e-12,2.2486756665888854e-12,2.2514449570284494e-12,2.254214247377003e-12,2.2569835376900362e-12,2.25975282796709e-12,2.262522118208164e-12,2.265291408413257e-12,2.268060698582371e-12,2.2708299887155047e-12,2.2735992788126575e-12,2.2763685688738316e-12,2.2791378588990254e-12,2.2819071488882397e-12,2.284676438841473e-12,2.2874457287587267e-12,2.290215018639999e-12,2.292984308485293e-12,2.295753598294607e-12,2.2985228880679413e-12,2.301292177805295e-12,2.304061467506669e-12,2.306830757172065e-12,2.309600046801479e-12,2.3123693363949144e-12,2.315138625952369e-12,2.3179079154738445e-12,2.3206772049593405e-12,2.323446494408856e-12,2.3262157838223935e-12,2.32898507319995e-12,2.3317543625415276e-12,2.3345236518471255e-12,2.3372929411167443e-12,2.3400622303503832e-12,2.342831519548041e-12,2.345600808709721e-12,2.3483700978354207e-12,2.3511393869251406e-12,2.3539086759788815e-12,2.3566779649966428e-12,2.359447253978425e-12,2.3622165429242276e-12,2.3649858318340503e-12,2.3677551207078935e-12,2.3705244095457576e-12,2.3732936983476417e-12,2.376062987113547e-12,2.3788322758434726e-12,2.38160156453742e-12,2.3843708531953865e-12,2.3871401418173763e-12,2.3899094304033844e-12,2.392678718953414e-12,2.395448007467464e-12,2.3982172959455358e-12,2.400986584387627e-12,2.4037558727937404e-12,2.4065251611638738e-12,2.409294449498028e-12,2.4120637377962032e-12,2.4148330260584005e-12,2.417602314284617e-12,2.4203716024748548e-12,2.4231408906291146e-12,2.4259101787473946e-12,2.4286794668296958e-12,2.4314487548760183e-12,2.434218042886362e-12,2.4369873308607263e-12,2.4397566187991118e-12,2.4425259067015186e-12,2.445295194567945e-12,2.4480644823983936e-12,2.450833770192864e-12,2.4536030579513553e-12,2.4563723456738673e-12,2.4591416333604e-12,2.461910921010955e-12,2.4646802086255317e-12,2.4674494962041284e-12,2.4702187837467468e-12,2.472988071253387e-12,2.475757358724048e-12,2.4785266461587308e-12,2.481295933557435e-12,2.4840652209201606e-12,2.486834508246907e-12,2.489603795537676e-12,2.492373082792466e-12,2.495142370011276e-12,2.497911657194108e-12,2.500680944340962e-12,2.5034502314518366e-12,2.506219518526734e-12,2.5089888055656515e-12,2.5117580925685915e-12,2.5145273795355536e-12,2.517296666466537e-12,2.5200659533615423e-12,2.5228352402205686e-12,2.5256045270436166e-12,2.5283738138306863e-12,2.5311431005817776e-12,2.53391238729689e-12,2.536681673976025e-12,2.5394509606191813e-12,2.5422202472263598e-12,2.5449895337975595e-12,2.5477588203327814e-12,2.5505281068320245e-12,2.5532973932952897e-12,2.5560666797225774e-12,2.558835966113886e-12,2.5616052524692162e-12,2.56437453878857e-12,2.5671438250719446e-12,2.5699131113193415e-12,2.5726823975307613e-12,2.5754516837062016e-12,2.578220969845664e-12,2.580990255949149e-12,2.583759542016655e-12,2.586528828048184e-12,2.5892981140437347e-12,2.592067400003308e-12,2.594836685926903e-12,2.59760597181452e-12,2.6003752576661596e-12,2.6031445434818208e-12,2.6059138292615044e-12,2.6086831150052093e-12,2.6114524007129375e-12,2.6142216863846874e-12,2.6169909720204606e-12,2.6197602576202543e-12,2.622529543184072e-12,2.6252988287119123e-12,2.6280681142037742e-12,2.630837399659658e-12,2.633606685079564e-12,2.6363759704634913e-12,2.6391452558114424e-12,2.6419145411234164e-12,2.644683826399413e-12,2.6474531116394306e-12,2.650222396843472e-12,2.6529916820115352e-12,2.6557609671436217e-12,2.6585302522397298e-12,2.661299537299861e-12,2.664068822324015e-12,2.666838107312191e-12,2.6696073922643896e-12,2.6723766771806105e-12,2.6751459620608536e-12,2.6779152469051208e-12,2.6806845317134088e-12,2.6834538164857205e-12,2.6862231012220568e-12,2.688992385922414e-12,2.6917616705867935e-12,2.694530955215196e-12,2.6973002398076222e-12,2.7000695243640705e-12,2.702838808884542e-12,2.7056080933690354e-12,2.7083773778175528e-12,2.7111466622300922e-12,2.7139159466066554e-12,2.716685230947241e-12,2.71945451525185e-12,2.722223799520482e-12,2.724993083753135e-12,2.7277623679498135e-12,2.7305316521105136e-12,2.7333009362352374e-12,2.7360702203239837e-12,2.7388395043767534e-12,2.741608788393546e-12,2.744378072374363e-12,2.7471473563192008e-12,2.749916640228062e-12,2.7526859241009473e-12,2.7554552079378555e-12,2.758224491738786e-12,2.7609937755037418e-12,2.7637630592327187e-12,2.76653234292572e-12,2.7693016265827455e-12,2.7693016265914176e-12,2.769301626600087e-12,2.7693016266087557e-12
10,0.0,0.0,0.0,0.0,0.0,0.0,0.0,0.0,0.0,0.0,0.0,0.0,0.0,0.0,0.0,0.0,0.0,0.0,0.0,0.0,0.0,0.0,0.0,0.0,0.0,0.0,0.0,0.0,0.0,0.0,0.0,0.0,0.0,0.0,0.0,0.0,0.0,0.0,0.0,0.0,0.0,0.0,0.0,0.0,0.0,0.0,0.0,0.0,0.0,0.0,0.0,0.0,0.0,0.0,0.0,0.0,0.0,0.0,0.0,0.0,0.0,0.0,0.0,0.0,0.0,0.0,0.0,0.0,0.0,0.0,0.0,0.0,0.0,0.0,0.0,0.0,0.0,0.0,0.0,0.0,0.0,0.0,0.0,0.0,0.0,0.0,0.0,0.0,0.0,0.0,0.0,0.0,0.0,0.0,0.0,0.0,0.0,0.0,0.0,0.0,0.0,0.0,0.0,0.0,0.0,0.0,0.0,0.0,0.0,0.0,0.0,0.0,0.0,0.0,0.0,0.0,0.0,0.0,0.0,0.0,0.0,0.0,0.0,0.0,0.0,0.0,0.0,0.0,0.0,0.0,0.0,0.0,0.0,0.0,0.0,0.0,0.0,0.0,0.0,0.0,0.0,0.0,0.0,0.0,0.0,0.0,0.0,0.0,0.0,0.0,0.0,0.0,0.0,0.0,0.0,0.0,0.0,0.0,0.0,0.0,0.0,0.0,0.0,0.0,0.0,0.0,0.0,0.0,0.0,0.0,0.0,0.0,0.0,0.0,0.0,0.0,0.0,0.0,0.0,0.0,0.0,0.0,0.0,0.0,0.0,0.0,0.0,0.0,0.0,0.0,0.0,0.0,0.0,0.0,0.0,0.0,0.0,0.0,0.0,0.0,0.0,0.0,0.0,0.0,0.0,0.0,0.0,0.0,0.0,0.0,0.0,0.0,0.0,0.0,0.0,0.0,0.0,0.0,0.0,0.0,0.0,0.0,0.0,0.0,0.0,0.0,0.0,0.0,0.0,0.0,0.0,0.0,0.0,0.0,0.0,0.0,0.0,0.0,0.0,0.0,0.0,0.0,0.0,0.0,0.0,0.0,0.0,0.0,0.0,0.0,0.0,0.0,0.0,0.0,0.0,0.0,0.0,0.0,0.0,0.0,0.0,0.0,0.0,0.0,0.0,0.0,0.0,0.0,0.0,0.0,0.0,0.0,0.0,0.0,0.0,0.0,0.0,0.0,0.0,0.0,0.0,0.0,0.0,0.0,0.0,0.0,0.0,0.0,0.0,0.0,0.0,0.0,0.0,0.0,0.0,0.0,0.0,0.0,0.0,0.0,0.0,0.0,0.0,0.0,0.0,0.0,0.0,0.0,0.0,0.0,0.0,0.0,0.0,0.0,0.0,0.0,0.0,0.0,0.0,0.0,0.0,0.0,0.0,0.0,0.0,0.0,0.0,0.0,0.0,0.0,0.0,0.0,0.0,0.0,0.0,0.0,0.0,0.0,0.0,0.0,0.0,0.0,0.0,0.0,0.0,0.0,0.0,0.0,0.0,0.0,0.0,0.0,0.0,0.0,0.0,0.0,0.0,0.0,0.0,0.0,0.0,0.0,0.0,0.0,0.0,0.0,0.0,0.0,0.0,0.0,0.0,0.0,0.0,0.0,0.0,0.0,0.0,0.0,0.0,0.0,0.0,0.0,0.0,0.0,0.0,0.0,0.0,0.0,0.0,0.0,0.0,0.0,0.0,0.0,0.0,0.0,0.0,0.0,0.0,0.0,0.0,0.0,0.0,0.0,0.0,0.0,0.0,0.0,0.0,0.0,0.0,0.0,0.0,0.0,0.0,0.0,0.0,0.0,0.0,0.0,0.0,0.0,0.0,0.0,0.0,0.0,0.0,0.0,0.0,0.0,0.0,0.0,0.0,0.0,0.0,0.0,0.0,0.0,0.0,0.0,0.0,0.0,0.0,0.0,0.0,0.0,0.0,0.0,0.0,0.0,0.0,0.0,0.0,0.0,0.0,0.0,0.0,0.0,0.0,0.0,0.0,0.0,0.0,0.0,0.0,0.0,0.0,0.0,0.0,0.0,0.0,0.0,0.0,0.0,0.0,0.0,0.0,0.0,0.0,0.0,0.0,0.0,0.0,0.0,0.0,0.0,0.0,0.0,0.0,0.0,0.0,0.0,0.0,0.0,0.0,0.0,0.0,0.0,0.0,0.0,0.0,0.0,0.0,0.0,0.0,0.0,0.0,0.0,0.0,0.0,0.0,0.0,0.0,0.0,0.0,0.0,0.0,0.0,0.0,0.0,0.0,0.0,0.0,0.0,0.0,0.0,0.0,0.0,0.0,0.0,0.0,0.0,0.0,0.0,0.0,0.0,0.0,0.0,0.0,0.0,0.0,0.0,0.0,0.0,0.0,0.0,0.0,0.0,0.0,0.0,0.0,0.0,0.0,0.0,0.0,0.0,0.0,0.0,0.0,0.0,0.0,0.0,0.0,0.0,0.0,0.0,0.0,0.0,0.0,0.0,0.0,0.0,0.0,0.0,0.0,0.0,0.0,0.0,0.0,0.0,0.0,0.0,0.0,0.0,0.0,0.0,0.0,0.0,0.0,0.0,0.0,0.0,0.0,0.0,0.0,0.0,0.0,0.0,0.0,0.0,0.0,0.0,0.0,0.0,0.0,0.0,0.0,0.0,0.0,0.0,0.0,0.0,0.0,0.0,0.0,0.0,0.0,0.0,0.0,0.0,0.0,0.0,0.0,0.0,0.0,0.0,0.0,0.0,0.0,0.0,0.0,0.0,0.0,0.0,0.0,0.0,0.0,0.0,0.0,0.0,0.0,0.0,0.0,0.0,0.0,0.0,0.0,0.0,0.0,0.0,0.0,0.0,0.0,0.0,0.0,0.0,0.0,0.0,0.0,0.0,0.0,0.0,0.0,0.0,0.0,0.0,0.0,0.0,0.0,0.0,0.0,0.0,0.0,0.0,0.0,0.0,0.0,0.0,0.0,0.0,0.0,0.0,0.0,0.0,0.0,0.0,0.0,0.0,0.0,0.0,0.0,0.0,0.0,0.0,0.0,0.0,0.0,0.0,0.0,0.0,0.0,0.0,0.0,0.0,0.0,0.0,0.0,0.0,0.0,0.0,0.0,0.0,0.0,0.0,0.0,0.0,0.0,0.0,0.0,0.0,0.0,0.0,0.0,0.0,0.0,0.0,0.0,0.0,0.0,0.0,0.0,0.0,0.0,0.0,0.0,0.0,0.0,0.0,0.0,0.0,0.0,0.0,0.0,0.0,0.0,0.0,0.0,0.0,0.0,0.0,0.0,0.0,0.0,0.0,0.0,0.0,0.0,0.0,0.0,0.0,0.0,0.0,0.0,0.0,0.0,0.0,0.0,0.0,0.0,0.0,0.0,0.0,0.0,0.0,0.0,0.0,0.0,0.0,0.0,0.0,0.0,0.0,0.0,0.0,0.0,0.0,0.0,0.0,0.0,0.0,0.0,0.0,0.0,0.0,0.0,0.0,0.0,0.0,0.0,0.0,0.0,0.0,0.0,0.0,0.0,0.0,0.0,0.0,0.0,0.0,0.0,0.0,0.0,0.0,0.0,0.0,0.0,0.0,0.0,0.0,0.0,0.0,0.0,0.0,0.0,0.0,0.0,0.0,0.0,0.0,0.0,0.0,0.0,0.0,0.0,0.0,0.0,0.0,0.0,0.0,0.0,0.0,0.0,0.0,0.0,0.0,0.0,0.0,0.0,0.0,0.0,0.0,0.0,0.0,0.0,0.0,0.0,0.0,0.0,0.0,0.0,0.0,0.0,0.0,0.0,0.0,0.0,0.0,0.0,0.0,0.0,0.0,0.0,0.0,0.0,0.0,0.0,0.0,0.0,0.0,0.0,0.0,0.0,0.0,0.0,0.0,0.0,0.0,0.0,0.0,0.0,0.0,0.0,0.0,0.0,0.0,0.0,0.0,0.0,0.0,0.0,0.0,0.0,0.0,0.0,0.0,0.0,0.0,0.0,0.0,0.0,0.0,0.0,0.0,0.0,0.0,0.0,0.0,0.0,0.0,0.0,0.0,0.0,0.0,0.0,0.0,0.0,0.0,0.0,0.0,0.0,0.0,0.0,0.0,0.0,0.0,0.0,0.0,0.0,0.0,0.0,0.0,0.0,0.0,0.0,0.0,0.0,0.0,0.0,0.0,0.0,0.0,0.0,0.0,0.0,0.0,0.0,0.0,0.0,0.0,0.0,0.0,0.0,0.0,0.0,0.0,0.0,0.0,0.0,0.0,0.0,0.0,0.0,0.0,0.0,0.0,0.0,0.0,0.0,0.0,0.0,0.0,0.0,0.0,0.0,0.0,0.0,0.0,0.0,0.0,0.0,0.0,0.0,0.0,0.0,0.0,0.0,0.0,0.0,0.0,3.1364277216314427e-41,6.274072984119806e-41,9.41206615487359e-41,1.2550223362623882e-40,1.5688505829054063e-40,1.8826905409170093e-40,2.196542039925881e-40,2.5104050206904363e-40,2.824279484165941e-40,3.138165409531512e-40,3.452062798113863e-40,3.7659716388101794e-40,4.079891929198938e-40,4.393823665247241e-40,4.707766843745403e-40,5.0217214621780375e-40,5.335687518598141e-40,5.649665011513761e-40,5.9636539397910595e-40,6.277654302574388e-40,6.591666099221814e-40,6.905689329254218e-40,7.219723992315539e-40,7.533770088142263e-40,7.847827616539878e-40,8.161896577365313e-40,8.475976970513668e-40,8.790057195470621e-40,9.104160452634062e-40,9.418275148188461e-40,9.732401269619985e-40,1.0046538828640682e-39,1.036068782461831e-39,1.0674848256512318e-39,1.0989020123450258e-39,1.1303203405251784e-39,1.1617398119100638e-39,1.1931604264996394e-39,1.224582184293704e-39,1.2560050857858544e-39,1.2874291299885295e-39,1.318854317395201e-39,1.3502806480058361e-39,1.3817081218203818e-39,1.4131367388387787e-39,1.444566499060979e-39,1.4759974024869373e-39,1.507429449116615e-39,1.5388626389499704e-39,1.5702969719869735e-39,1.6017324482275855e-39,1.6331690676717765e-39,1.664606830319513e-39,1.6960457361707656e-39,1.727485785225505e-39,1.7589269774837007e-39,1.7903693129453223e-39,1.8218127916103385e-39,1.8532574134787225e-39,1.8847031785504443e-39,1.9161500868254723e-39,1.947598138303778e-39,1.9790473329853332e-39,2.01049767087011e-39,2.041949151958078e-39,2.073401776249209e-39,2.1048555437434722e-39,2.1363104544408397e-39,2.1677665083412837e-39,2.199223705444773e-39,2.2306820457512854e-39,2.262141529260787e-39,2.2936021559732545e-39,2.3250639258886532e-39,2.3565268390069544e-39,2.3879908953281318e-39,2.419456094852162e-39,2.4509224375790086e-39,2.4823899235086487e-39,2.5138585526410445e-39,2.545328324976176e-39,2.5767992405140176e-39,2.608271299254539e-39,2.63974450119771e-39,2.6712188463435067e-39,2.7026943346919007e-39,2.734170966242865e-39,2.7656487409963725e-39,2.7971276589523936e-39,2.828607720110912e-39,2.8600889244718894e-39,2.891571272035301e-39,2.9230547628011194e-39,2.954539107892445e-39,2.986024886290358e-39,3.017511806652867e-39,3.048999870217535e-39,3.0804890769844314e-39,3.111979426953559e-39,3.1434709201249046e-39,3.174963557148328e-39,3.2064573379563606e-39,3.2379522624725134e-39,3.269448330647913e-39,3.300945542669326e-39,3.3324438950543105e-39,3.3639433906407805e-39,3.395444029429131e-39,3.4269458114194256e-39,3.4584487366116646e-39,3.4899528050058284e-39,3.521458016601896e-39,3.552964371399844e-39,3.584471869399647e-39,3.615980510601284e-39,3.6474902950047233e-39,3.679001222609944e-39,3.710513293416923e-39,3.742026507425636e-39,3.7735408646360596e-39,3.805056365048165e-39,3.8365730086619274e-39,3.8680907954773254e-39,3.8996097254943355e-39,3.931129798712932e-39,3.962651015133088e-39,3.994173374754788e-39,4.025696877577998e-39,4.0572215236026984e-39,4.088747312828863e-39,4.120274245256476e-39,4.1518023208855065e-39,4.1833315397159354e-39,4.2148619017477376e-39,4.246393406980893e-39,4.277926055415376e-39,4.309459847051165e-39,4.340994781888234e-39,4.3725308599265654e-39,4.404068081166137e-39,4.435606445606921e-39,4.467145953248896e-39,4.4986866040920396e-39,4.530228398136331e-39,4.561771335381752e-39,4.593315415828276e-39,4.624860639475879e-39,4.6564070063245476e-39,4.6879545163742554e-39,4.7195031703489726e-39,4.751052966800863e-39,4.7826039083368834e-39,4.814155991190774e-39,4.8457092434915036e-39,4.877263612748181e-39,4.908819125856544e-39,4.940375782757694e-39,4.971933581615005e-39,5.003492523675075e-39,5.0350526089359066e-39,5.066613837397511e-39,5.098176209059884e-39,5.129739713428947e-39,5.161304371492562e-39,5.1928701731274804e-39,5.2244369909241884e-39,5.256005080182143e-39,5.287574311043942e-39,5.319144685822274e-39,5.350716203085358e-39,5.382288863548911e-39,5.4138626674572904e-39,5.445437615572828e-39,5.4770137067228084e-39,5.508590941596061e-39,5.54016931806303e-39,5.571748838265737e-39,5.603329502269228e-39,5.634911950817638e-39,5.6664948173807085e-39,5.6980787031570024e-39,5.7296639155596295e-39,2.5461038331553895e-35,2.546106991907676e-35,2.546110150772925e-35,2.5461133097513307e-35,2.546116468846499e-35,2.546119628029202e-35,2.546122787353009e-35,2.5461259467911365e-35,2.546129106343584e-35,2.5461322660103507e-35,2.5461354257914375e-35,2.5461385856868444e-35,2.5461417456965707e-35,2.5461449058206177e-35,2.5461480660589846e-35,2.5461512264116716e-35,2.546154386878678e-35,2.546157547460005e-35,2.5461607081556516e-35,2.546163868965618e-35,2.546167029889905e-35,2.5461701909285113e-35,2.5461733520814385e-35,2.546176513348793e-35,2.5461796747303593e-35,2.5461828362262455e-35,2.546185997836453e-35,2.54618915956098e-35,2.5461923213998263e-35,2.5461954833529937e-35,2.546198645420538e-35,2.5462018076024686e-35,2.5462049698985955e-35,2.546208132309042e-35,2.546211294833809e-35,2.5462144574728953e-35,2.5462176202263023e-35,2.5462207830940293e-35,2.5462239460760764e-35,2.5462271091724424e-35,2.5462302723831295e-35,2.546233435708137e-35,2.546236599147464e-35,2.54623976270111e-35,2.5462429263690777e-35,2.546246090149756e-35,2.5462492540437893e-35,2.5462524180637597e-35,2.546255582174136e-35,2.546258746413703e-35,2.546261910767588e-35,2.5462650752357936e-35,2.5462682398183194e-35,2.5462714045151663e-35,2.5462745693263317e-35,2.5462777342518176e-35,2.5462808992916246e-35,2.5462840644457495e-35,2.546287229714196e-35,2.5462903950969615e-35,2.546293560594047e-35,2.5462967262054526e-35,2.5462998919311797e-35,2.546303057771226e-35,2.546306223725592e-35,2.546309389794277e-35,2.546312555977282e-35,2.5463157222746085e-35,2.546318888686254e-35,2.5463220552122205e-35,2.546325221852505e-35,2.54632838860711e-35,2.546331555476035e-35,2.5463347224592816e-35,2.546337889556847e-35,2.546341056768732e-35,2.546344224094937e-35,2.546347391535463e-35,2.546350559090308e-35,2.5463537267594736e-35,2.5463568945429585e-35,2.5463600624407603e-35,2.5463632304528854e-35,2.546366398579331e-35,2.5463695668200955e-35,2.546372735175253e-35,2.546375903618795e-35,2.546379072202737e-35,2.546382240889972e-35,2.546385409702337e-35,2.5463885786290564e-35,2.5463917476700606e-35,2.5463949168254116e-35,2.5463980860951387e-35,2.5464012556506447e-35,2.546404425148933e-35,2.5464075947615425e-35,2.546410764488472e-35,2.5464139343297214e-35,2.546417104285291e-35,2.546420274355181e-35,2.54642344453939e-35,2.546426614837919e-35,2.546429785250768e-35,2.5464329557779366e-35,2.5464361264194254e-35,2.5464392971752343e-35,2.546442468045363e-35,2.546445639029811e-35,2.546448810128642e-35,2.546451981341848e-35,2.5464551526836697e-35,2.546458324146158e-35,2.5464614957022077e-35,2.546464667372578e-35,2.5464678391572675e-35,2.5464710110562777e-35,2.5464741830696074e-35,2.5464773551972577e-35,2.5464805274392285e-35,2.5464836997955167e-35,2.5464868722661265e-35,2.5464900448510564e-35,2.546493217550307e-35,2.546496390363875e-35,2.546499563291765e-35,2.5465027363339744e-35,2.5465059094905044e-35,2.5465090827613544e-35,2.5465122561465244e-35,2.5465154296460134e-35,2.5465186032598224e-35,2.5465217769879525e-35,2.5465249508304015e-35,2.546528124787171e-35,2.546531298858261e-35,2.54653447304367e-35,2.5465376473433997e-35,2.546540821757449e-35,2.546543996285818e-35,2.546547170928507e-35,2.5465503456855156e-35,2.546553520556845e-35,2.546556695542494e-35,2.5465598706424635e-35,2.546563045856753e-35,2.5465662211853623e-35,2.546569396628292e-35,2.5465725721855407e-35,2.5465757478571097e-35,2.5465789236429997e-35,2.5465820995432077e-35,2.546585275557737e-35,2.5465884516865863e-35,2.546591627929756e-35,2.546594804287245e-35,2.5465979807590537e-35,2.5466011573451823e-35,2.546604334045632e-35,2.5466075108604007e-35,2.5466106877894894e-35,2.546613864832899e-35,2.5466170419906285e-35,2.5466202192626773e-35,2.546623396649047e-35,2.546626574149736e-35,2.546629751764746e-35,2.5466329294940755e-35,2.5466361073377255e-35,2.546639285295695e-35,2.546642463367984e-35,2.5466456415545935e-35,2.5466488198555225e-35,2.5466519982707727e-35,2.546655176800343e-35,2.546658355444233e-35,2.5466615342024416e-35,2.5466647130749724e-35,2.546667892061822e-35,2.546671071162992e-35,2.546674250378481e-35,2.546677429708292e-35,2.546680609152377e-35,2.5466837887108263e-35,2.546686968383596e-35,2.5466901481706877e-35,2.546693328072097e-35,2.5466965080878276e-35,2.546699688217877e-35,2.5467028684622477e-35,2.5467060488210115e-35,2.5467092292940216e-35,2.546712409881352e-35,2.546715590583003e-35,2.5467187713989736e-35,2.5467219523292985e-35,2.5467251333690325e-35,2.5467283145279633e-35,2.5467314958012136e-35,2.5467346771887855e-35,2.5467378586906763e-35,2.5467410403068877e-35,2.546744222037419e-35,2.546747403882271e-35,2.546750585841443e-35,2.5467537679149347e-35,2.5467569501027463e-35,2.546760132404879e-35,2.5467633148213305e-35,2.546766497352103e-35,2.5467696799971944e-35,2.546772862756607e-35,2.546776045630341e-35,2.546779228618393e-35,2.546782411720766e-35,2.546785594937459e-35,2.546788778268473e-35,2.546791961713806e-35,2.54679514527346e-35,2.5467983289474333e-35,2.546801512735727e-35,2.5468046966383393e-35,2.5468078806552756e-35,2.5468110647865297e-35,2.5468142490321044e-35,2.5468174333919986e-35,2.5468206178662134e-35,2.546823802454748e-35,2.5468269871576046e-35,2.54683017197478e-35,2.5468333569062753e-35,2.546836541952092e-35,2.5468397271122284e-35,2.546842912386685e-35,2.5468460977754615e-35,2.546849283278558e-35,2.546852468895976e-35,2.546855654627713e-35,2.5468588404737707e-35,2.5468620264341485e-35,2.546865212508847e-35,2.546868398697864e-35,2.5468715850012015e-35,2.5468747714188604e-35,2.5468779579508383e-35,2.5468811445971373e-35,2.546884331357758e-35,2.5468875182326976e-35,2.546890705221957e-35,2.546893892325537e-35,2.5468970795434376e-35,2.546900266875659e-35,2.5469034543222e-35,2.546906641883062e-35,2.5469098295582435e-35,2.5469130173477454e-35,2.5469162052515674e-35,2.54691939326971e-35,2.5469225814021725e-35,2.5469257696489556e-35,2.546928958010059e-35,2.546932146485483e-35,2.546935335075227e-35,2.546938523779291e-35,2.5469417125976765e-35,2.5469449015303814e-35,2.546948090577407e-35,2.546951279738753e-35,2.546954469014419e-35,2.546957658404405e-35,2.546960847908712e-35,2.546964037527338e-35,2.5469672272602865e-35,2.546970417107555e-35,2.546973607069143e-35,2.546976797145052e-35,2.546979987335281e-35,2.54698317763983e-35,2.5469863680587e-35,2.54698955859189e-35,2.5469927492394017e-35,2.5469959400012324e-35,2.5469991308773847e-35,2.547002321867857e-35,2.54700551297265e-35,2.547008704191762e-35,2.5470118955251957e-35,2.54701508697295e-35,2.547018278535025e-35,2.54702147021142e-35,2.5470246620021346e-35,2.547027853907171e-35,2.547031045926527e-35,2.547034238060204e-35,2.5470374303082015e-35,2.547040622670519e-35,2.547043815147157e-35,2.5470470077381155e-35,2.547050200443395e-35,2.5470533932629944e-35,2.5470565861974315e-35,2.547059779245672e-35,2.5470629724082337e-35,2.5470661656851157e-35,2.547069359076318e-35,2.5470725525818407e-35,2.5470757462016843e-35,2.547078939935849e-35,2.547082133784333e-35,2.5470853277471396e-35,2.547088521824265e-35,2.547091716015711e-35,2.547094910321478e-35,2.547098104741566e-35,2.547101299275974e-35,2.5471044939247027e-35,2.547107688687753e-35,2.5471108835651223e-35,2.5471140785568137e-35,2.547117273662824e-35,2.547120468883157e-35,2.54712366421781e-35,2.5471268596667824e-35,2.547130055230077e-35,2.547133250907693e-35,2.5471364466996284e-35,2.547139642605885e-35,2.547142838626462e-35,2.5471460347613583e-35,2.5471492310105765e-35,2.5471524273741157e-35,2.547155623851502e-35,2.547158820443683e-35,2.547162017150184e-35,2.5471652139710073e-35,2.54716841090615e-35,2.547171607955613e-35,2.547174805119397e-35,2.547178002397502e-35,2.547181199789928e-35,2.547184397296675e-35,2.5471875949177425e-35,2.547190792653131e-35,2.5471939905028403e-35,2.547197188466871e-35,2.5472003865452215e-35,2.5472035847378934e-35,2.5472067830448865e-35,2.5472099814661996e-35,2.5472131800018337e-35,2.5472163786517885e-35,2.547219577416054e-35,2.547222776294296e-35,2.5472259752872125e-35,2.547229174394451e-35,2.5472323736160113e-35,2.547235572951892e-35,2.5472387724020935e-35,2.5472419719666164e-35,2.547245171645459e-35,2.547248371438622e-35,2.5472515713461076e-35,2.547254771367914e-35,2.5472579715040413e-35,2.54726117175449e-35,2.547264372119259e-35,2.547267572598349e-35,2.54727077319176e-35,2.547273973899492e-35,2.5472771747215454e-35,2.5472803756579193e-35,2.5472835767086155e-35,2.5472867778736306e-35,2.547289979152968e-35,2.547293180546627e-35,2.5472963820546057e-35,2.547299583676906e-35,2.5473027854135273e-35,2.54730598726447e-35,2.5473091892297334e-35,2.547312391309318e-35,2.5473155935032233e-35,2.547318795811451e-35,2.5473219982339997e-35,2.5473252007708685e-35,2.5473284034220594e-35,2.547331606187571e-35,2.5473348090674046e-35,2.547338012061557e-35,2.547341215170032e-35,2.5473444183928285e-35,2.547347621729946e-35,2.547350825181385e-35,2.5473540287471454e-35,2.5473572324272273e-35,2.54736043622163e-35,2.5473636401303544e-35,2.5473668441533995e-35,2.547370048290766e-35,2.547373252542454e-35,2.5473764569084627e-35,2.547379661388793e-35,2.5473828659834445e-35,2.547386070692417e-35,2.547389275515712e-35,2.5473924804533273e-35,2.5473956855052645e-35,2.547398890671523e-35,2.5474020959521037e-35,2.5474053013470047e-35,2.547408506856227e-35,2.5474117124797716e-35,2.547414918217637e-35,2.547418124069823e-35,2.5474213300363315e-35,2.5474245361171617e-35,2.5474277423123125e-35,2.5474309486217855e-35,2.547434155045579e-35,2.547437361583696e-35,2.5474405682361336e-35,2.547443775002892e-35,2.547446981883973e-35,2.5474501888793743e-35,2.5474533959890987e-35,2.5474566032131436e-35,2.547459810551509e-35,2.5474630180041973e-35,2.5474662255712066e-35,2.5474694332525386e-35,2.547472641048192e-35,2.547475848958166e-35,2.547479056982463e-35,2.547482265121081e-35,2.5474854733740204e-35,2.547488681741281e-35,2.547491890222864e-35,2.5474950988187685e-35,2.547498307528994e-35,2.547501516353543e-35,2.5475047252924134e-35,2.5475079343456044e-35,2.547511143513117e-35,2.547514352794952e-35,2.547517562191109e-35,2.5475207717015864e-35,2.5475239813263867e-35,2.547527191065509e-35,2.547530400918953e-35,2.5475336108867183e-35,2.547536820968806e-35,2.5475400311652156e-35,2.547543241475947e-35,2.547546451901e-35,2.547549662440375e-35,2.547552873094072e-35,2.5475560838620906e-35,2.5475592947444315e-35,2.547562505741094e-35,2.547565716852078e-35,2.547568928077385e-35,2.5475721394170133e-35,2.5475753508623806e-35,2.547578562430654e-35,2.5475817741132483e-35,2.5475849859101644e-35,2.5475881978214015e-35,2.5475914098469624e-35,2.5475946219868444e-35,2.5475978342410496e-35,2.547601046609576e-35,2.5476042590924245e-35,2.5476074716895956e-35,2.547610684401089e-35,2.547613897226904e-35,2.547617110167041e-35,2.5476203232215e-35,2.547623536390281e-35,2.547626749673385e-35,2.5476299630708103e-35,2.547633176582559e-35,2.547636390208629e-35,2.547639603949022e-35,2.5476428178037374e-35,2.5476460317727745e-35,2.5476492458561333e-35,2.547652460053816e-35,2.5476556743658196e-35,2.5476588887921465e-35,2.5476621033327955e-35,2.547665317987767e-35,2.5476685327570596e-35,2.5476717476377795e-35,2.5476749626357183e-35,2.5476781777479787e-35,2.5476813929745613e-35,2.5476846083157387e-35,2.5476878237709645e-35,2.547691039340515e-35,2.5476942550243876e-35,2.5476974708225826e-35,2.5477006867351003e-35,2.5477039027619407e-35,2.547707118903104e-35,2.5477103351585896e-35,2.547713551528397e-35,2.547716768012527e-35,2.54771998461098e-35,2.5477232013237545e-35,2.547726418150853e-35,2.547729635092275e-35,2.5477328521480174e-35,2.547736069318083e-35,2.5477392866024733e-35,2.5477425040011845e-35,2.5477457215142195e-35,2.5477489391415755e-35,2.547752156883255e-35,2.547755374739257e-35,2.547758592709582e-35,2.547761810794231e-35,2.547765028993201e-35,2.5477682473064945e-35,2.54777146573411e-35,2.54777468427605e-35,2.547777902932312e-35,2.547781121702897e-35,2.547784340587804e-35,2.547787559587034e-35,2.547790778700587e-35,2.547793997928464e-35,2.547797217270852e-35,2.547800436727374e-35,2.5478036562967354e-35,2.5478068759819033e-35,2.547810095781394e-35,2.547813315695208e-35,2.5478165357233447e-35,2.547819755865806e-35,2.5478229761225885e-35,2.547826196493696e-35,2.547829416979125e-35,2.547832637578878e-35,2.547835858292953e-35,2.547839079121352e-35,2.547842300064074e-35,2.547845521121118e-35,2.547848742292487e-35,2.547851963578179e-35,2.547855184978193e-35,2.547858406492531e-35,2.547861628121191e-35,2.5478648498641744e-35,2.5478680717214827e-35,2.5478712936931136e-35,2.5478745157790684e-35,2.547877737979346e-35,2.547880960293946e-35,2.54788418272287e-35,2.5478874052661185e-35,2.5478906279236894e-35,2.547893850695583e-35,2.547897073581801e-35,2.5479002965823425e-35,2.5479035196972074e-35,2.5479067429263955e-35,2.5479099662699074e-35,2.547913189727743e-35,2.5479164132999014e-35,2.5479196369863836e-35,2.54792286078719e-35,2.547926084702319e-35,2.547929308731772e-35,2.5479325328755487e-35,2.547935757133649e-35,2.547938981506073e-35,2.5479422059928213e-35,2.5479454305938925e-35,2.5479486553092875e-35,2.547951880139006e-35,2.547955105083048e-35,2.547958330141415e-35,2.547961555314105e-35,2.5479647806011195e-35,2.5479680060024565e-35,2.5479712315181184e-35,2.547974457148103e-35,2.5479776828924124e-35,2.5479809087510456e-35,2.5479841347240026e-35,2.547987360811284e-35,2.5479905870128895e-35,2.5479938133288183e-35,2.5479970397590714e-35,2.548000266303649e-35,2.5480034929625494e-35,2.548006719735774e-35,2.5480099466233236e-35,2.5480131736251956e-35,2.5480164007413924e-35,2.5480196279719135e-35,2.5480228553167594e-35,2.548026082775929e-35,2.5480293103494215e-35,2.5480325380372393e-35,2.5480357658393814e-35,2.5480389937558483e-35,2.548042221786638e-35,2.548045449931753e-35,2.5480486781911916e-35,2.548051906564955e-35,2.5480551350530426e-35,2.548058363655454e-35,2.548061592372191e-35,2.5480648212032505e-35,2.548068050148636e-35,2.548071279208346e-35,2.5480745083823793e-35,2.5480777376707373e-35,2.548080967073421e-35,2.548084196590427e-35,2.5480874262218256e-35,2.5480906559676075e-35,2.548093885827769e-35,2.548097115802303e-35,2.5481003458909317e-35,2.548103576093952e-35,2.5481068064113576e-35,2.5481100368431415e-35,2.5481132673892967e-35,2.5481164980498205e-35,2.5481197288243966e-35,2.548122959713299e-35,2.548126190716526e-35,2.548129421834079e-35,2.5481326530659553e-35,2.548135884412157e-35,2.548139115872684e-35,2.548142347447535e-35,2.5481455791367113e-35,2.548148810940213e-35,2.548152042858039e-35,2.5481552748898293e-35,2.5481585070363045e-35,2.5481617392971046e-35,2.5481649716722305e-35,2.5481682041616813e-35,2.548171436765457e-35,2.548174669483558e-35,2.548177902315984e-35,2.548181135262735e-35,2.5481843683238116e-35,2.548187601499213e-35,2.548190834788939e-35,2.548194068192991e-35,2.548197301711368e-35,2.5482005353440704e-35,2.548203769091099e-35,2.548207002952451e-35,2.5482102369281287e-35,2.5482134710181326e-35,2.548216705222462e-35,2.5482199395411154e-35,2.5482231739740943e-35,2.5482264085213996e-35,2.5482296431830293e-35,2.548232877958984e-35,2.548236112849266e-35,2.548239347853872e-35,2.548242582972805e-35,2.548245818206063e-35,2.5482490535536465e-35,2.548252289015555e-35,2.548255524591788e-35,2.548258760282348e-35,2.548261996087234e-35,2.548265232006444e-35,2.5482684680399814e-35,2.5482717041878436e-35,2.548274940450033e-35,2.548278176826546e-35,2.5482814133173856e-35,2.5482846499225514e-35,2.548287886642042e-35,2.548291123475859e-35,2.5482943604240027e-35,2.548297597486472e-35,2.5483008346632664e-35,2.5483040719543876e-35,2.5483073093598353e-35,2.5483105468796084e-35,2.5483137845137073e-35,2.5483170222621327e-35,2.5483202601248835e-35,2.548323498101961e-35,2.548326736193364e-35,2.5483299743990934e-35,2.548333212719149e-35,2.548336451153531e-35,2.5483396897022387e-35,2.548342928365272e-35,2.5483461671426326e-35,2.5483494060343186e-35,2.548352645040333e-35,2.548355884160671e-35,2.548359123395336e-35,2.548362362744329e-35,2.5483656022076467e-35,2.548368841785292e-35,2.548372081477263e-35,2.54837532128356e-35,2.5483785612041843e-35,2.548381801239135e-35,2.548385041388412e-35,2.548388281652016e-35,2.548391522029946e-35,2.548394762522203e-35,2.548398003128787e-35,2.548401243849696e-35,2.5484044846849334e-35,2.548407725634497e-35,2.548410966698386e-35,2.5484142078766047e-35,2.548417449169148e-35,2.5484206905760186e-35,2.548423932097216e-35,2.5484271737327405e-35,2.548430415482592e-35,2.54843365734677e-35,2.548436899325275e-35,2.548440141418107e-35,2.5484433836252656e-35,2.5484466259467513e-35,2.5484498683825646e-35,2.5484531109327043e-35,2.548456353597172e-35,2.5484595963759656e-35,2.5484628392690873e-35,2.5484660822765365e-35,2.5484693253983116e-35,2.548472568634415e-35,2.548475811984845e-35,2.5484790554496015e-35,2.548482299028687e-35,2.5484855427221e-35,2.548488786529839e-35,2.5484920304519066e-35,2.5484952744883007e-35,2.5484985186390223e-35,2.5485017629040715e-35,2.5485050072834476e-35,2.548508251777151e-35,2.548511496385183e-35,2.5485147411075415e-35,2.548517985944228e-35,2.548521230895245e-35,2.5485244759605884e-35,2.5485277211402576e-35,2.548530966434255e-35,2.5485342118425796e-35,2.548537457365233e-35,2.548540703002213e-35,2.548543948753522e-35,2.548547194619158e-35,2.548550440599122e-35,2.548553686693414e-35,2.548556932902035e-35,2.548560179224982e-35,2.548563425662258e-35,2.5485666722138613e-35,2.5485699188797935e-35,2.548573165660054e-35,2.548576412554642e-35,2.5485796595635584e-35,2.548582906686803e-35,2.548586153924376e-35,2.5485894012762757e-35,2.548592648742504e-35,2.548595896323062e-35,2.548599144017948e-35,2.5486023918271623e-35,2.548605639750704e-35,2.5486088877885744e-35,2.548612135940773e-35,2.5486153842073e-35,2.548618632588155e-35,2.548621881083339e-35,2.5486251296928517e-35,2.5486283784166924e-35,2.5486316272548623e-35,2.5486348762073597e-35,2.548638125274187e-35,2.548641374455342e-35,2.548644623750826e-35,2.548647873160638e-35,2.5486511226847795e-35,2.54865437232325e-35,2.54865762207605e-35,2.548660871943177e-35,2.5486641219246345e-35,2.5486673720204203e-35,2.548670622230535e-35,2.548673872554979e-35,2.548677122993751e-35,2.548680373546853e-35,2.5486836242142836e-35,2.548686874996043e-35,2.5486901258921316e-35,2.54869337690255e-35,2.548696628027296e-35,2.548699879266372e-35,2.548703130619777e-35,2.548706382087511e-35,2.548709633669575e-35,2.5487128853659685e-35,2.5487161371766905e-35,2.5487193891017427e-35,2.548722641141124e-35,2.5487227120569615e-35,2.5487227809284744e-35,2.5487228488736124e-35
11,1.1353052348262595e-24,1.5503129821246207e-24,1.9099718754994505e-24,2.2492932340064445e-24,2.5751936183471436e-24,2.89177734779449e-24,3.2018737761325257e-24,3.507452206277804e-24,3.809884101063267e-24,4.110124606997276e-24,4.408838931044051e-24,4.706490353290697e-24,5.003401522853711e-24,5.2997971471086374e-24,5.595833722392157e-24,5.891620239801525e-24,6.1872326056455024e-24,6.482723684496077e-24,6.77813029362179e-24,7.073478074227107e-24,7.368784884001339e-24,7.664063159843441e-24,7.959321563370112e-24,8.254566126921595e-24,8.549801051690633e-24,8.845029263578442e-24,9.140252800311644e-24,9.435473081057897e-24,9.730691094188066e-24,1.002590752804826e-23,1.0321122862033378e-23,1.0616337430016866e-23,1.0911551464520668e-23,1.1206765127486684e-23,1.1501978531696485e-23,1.179719175569672e-23,1.2092404854191386e-23,1.2387617865277658e-23,1.2682830815488895e-23,1.2978043723304699e-23,1.3273256601593876e-23,1.3568469459319407e-23,1.386368230272329e-23,1.4158895136153373e-23,1.44541079626371e-23,1.474932078428288e-23,1.504453360255958e-23,1.5339746418489668e-23,1.5634959232785426e-23,1.593017204594331e-23,1.622538485830822e-23,1.652059767012109e-23,1.6815810481549686e-23,1.7111023292710418e-23,1.7406236103684405e-23,1.770144891452892e-23,1.7996661725283064e-23,1.8291874535974157e-23,1.858708734662125e-23,1.8882300157238064e-23,1.9177512967833128e-23,1.947272577841365e-23,1.9767938588984065e-23,2.006315139954696e-23,2.0358364210104982e-23,2.065357702065932e-23,2.0948789831211638e-23,2.1244002641761742e-23,2.1539215452311087e-23,2.1834428262859126e-23,2.2129641073406852e-23,2.2424853883954082e-23,2.272006669450133e-23,2.3015279505048404e-23,2.3310492315594896e-23,2.3605705126141442e-23,2.390091793668779e-23,2.4196130747234388e-23,2.4491343557780866e-23,2.4786556368327035e-23,2.5081769178873633e-23,2.5376981989420234e-23,2.567219479996617e-23,2.5967407610512663e-23,2.626262042105906e-23,2.655783323160545e-23,2.6853046042152096e-23,2.714825885269843e-23,2.744347166324451e-23,2.773868447379106e-23,2.803389728433722e-23,2.832911009488396e-23,2.862432290543033e-23,2.891953571597681e-23,2.92147485265231e-23,2.950996133706941e-23,2.980517414761593e-23,3.0100386958162533e-23,3.039559976870858e-23,3.0690812579254254e-23,3.0986025389801655e-23,3.128123820034798e-23,3.1576451010894734e-23,3.187166382144028e-23,3.2166876631987524e-23,3.2462089442534313e-23,3.275730225308042e-23,3.3052515063627804e-23,3.334772787417327e-23,3.3642940684719625e-23,3.3938153495266367e-23,3.4233366305811404e-23,3.452857911635891e-23,3.482379192690517e-23,3.5119004737451725e-23,3.5414217547998085e-23,3.5709430358544686e-23,3.600464316909124e-23,3.6299855979637265e-23,3.659506879018401e-23,3.68902816007301e-23,3.718549441127665e-23,3.748070722182275e-23,3.777592003236917e-23,3.8071132842915614e-23,3.8366345653461874e-23,3.8661558464007805e-23,3.8956771274554465e-23,3.9251984085100637e-23,3.9547196895647126e-23,3.984240970619357e-23,4.013762251673941e-23,4.043283532728584e-23,4.0728048137822064e-23,4.102326094837892e-23,4.1318473758923406e-23,4.161368656947297e-23,4.1908899380017537e-23,4.220411219056388e-23,4.2499325001109305e-23,4.279453781165572e-23,4.308975062220236e-23,4.338496343274951e-23,4.3680176243295133e-23,4.3975389053841605e-23,4.427060186438824e-23,4.4565814674934284e-23,4.4861027485480856e-23,4.5156240296026863e-23,4.54514531065738e-23,4.5746665917120136e-23,4.604187872766598e-23,4.6337091538212915e-23,4.6632304348759087e-23,4.692751715930473e-23,4.722272996985094e-23,4.7517942780397274e-23,4.7813155590943987e-23,4.810836840149017e-23,4.8403581212036184e-23,4.8698794022582656e-23,4.8994006833128845e-23,4.92892196436731e-23,4.958443245421969e-23,4.9879645264768425e-23,5.0174858075312716e-23,5.0470070885859605e-23,5.0765283696406236e-23,5.106049650695222e-23,5.1355709317497687e-23,5.165092212804409e-23,5.194613493859003e-23,5.2241347749135215e-23,5.253656055968241e-23,5.28317733702273e-23,5.312698618077375e-23,5.342219899131948e-23,5.371741180186576e-23,5.401262461241254e-23,5.430783742295902e-23,5.460305023350528e-23,5.48982630440512e-23,5.519347585459799e-23,5.548868866514348e-23,5.578390147568827e-23,5.607911428623545e-23,5.637432709678249e-23,5.666953990732713e-23,5.69647527178733e-23,5.725996552841929e-23,5.755517833896644e-23,5.785039114951355e-23,5.814560396005863e-23,5.844081677060587e-23,5.873602958115165e-23,5.903124239169888e-23,5.932645520224447e-23,5.96216680127906e-23,5.991688082333692e-23,6.021209363388303e-23,6.05073064444299e-23,6.080251925497529e-23,6.109773206552145e-23,6.139294487606718e-23,6.168815768661382e-23,6.198337049716009e-23,6.227858330770655e-23,6.257379611825191e-23,6.286900892879894e-23,6.316422173934623e-23,6.345943454989149e-23,6.375464736043639e-23,6.404986017098285e-23,6.434507298152892e-23,6.46402857920759e-23,6.493549860262109e-23,6.523071141316883e-23,6.552592422371441e-23,6.5821137034261e-23,6.61163498448065e-23,6.641156265535324e-23,6.670677546589926e-23,6.700198827644569e-23,6.729720108699206e-23,6.759241389753837e-23,6.788762670808501e-23,6.818283951863024e-23,6.847805232917699e-23,6.87732651397237e-23,6.9068477950269e-23,6.936369076081525e-23,6.965890357136199e-23,6.995411638190802e-23,7.024932919245358e-23,7.054454200299959e-23,7.083975481354599e-23,7.113496762409236e-23,7.143018043463827e-23,7.172539324518412e-23,7.202060605573131e-23,7.231581886627725e-23,7.261103167682362e-23,7.29062444873705e-23,7.320145729791622e-23,7.349667010846178e-23,7.379188291900838e-23,7.408709572955367e-23,7.438230854009907e-23,7.467752135064551e-23,7.497273416119097e-23,7.526794697173727e-23,7.556315978228435e-23,7.585837259282978e-23,7.615358540337567e-23,7.644879821392194e-23,7.674401102446735e-23,7.703922383501225e-23,7.733443664555867e-23,7.762964945610402e-23,7.792486226665086e-23,7.822007507719717e-23,7.851528788774273e-23,7.881050069828724e-23,7.910571350883317e-23,7.940092631937921e-23,7.969613912992478e-23,7.999135194047028e-23,8.028656475101647e-23,8.058177756156243e-23,8.087699037210869e-23,8.117220318265408e-23,8.146741599319961e-23,8.176262880374566e-23,8.205784161429166e-23,8.235305442483767e-23,8.264826723538305e-23,8.294348004593004e-23,8.323869285647551e-23,8.353390566702242e-23,8.382911847756736e-23,8.412433128811465e-23,8.441954409866046e-23,8.471475690920654e-23,8.500996971975318e-23,8.530518253029908e-23,8.560039534084483e-23,8.589560815139067e-23,8.619082096193614e-23,8.648603377248172e-23,8.678124658303002e-23,8.707645939357459e-23,8.737167220412084e-23,8.766688501466555e-23,8.796209782521173e-23,8.82573106357581e-23,8.855252344630424e-23,8.884773625684927e-23,8.91429490673965e-23,8.943816187794172e-23,8.973337468848763e-23,9.002858749903369e-23,9.032380030957997e-23,9.061901312012431e-23,9.091422593066945e-23,9.120943874121617e-23,9.15046515517614e-23,9.179986436230606e-23,9.209507717285192e-23,9.239028998339914e-23,9.268550279394393e-23,9.298071560448825e-23,9.327592841503469e-23,9.357114122558078e-23,9.386635403612648e-23,9.416156684667314e-23,9.445677965721917e-23,9.475199246776401e-23,9.504720527831027e-23,9.534241808885556e-23,9.563763089940067e-23,9.593284370994616e-23,9.62280565204926e-23,9.652326933103928e-23,9.681848214158498e-23,9.711369495213064e-23,9.740890776267649e-23,9.770412057322333e-23,9.799933338376998e-23,9.82945461943145e-23,9.858975900486039e-23,9.888497181540753e-23,9.918018462595224e-23,9.947539743649836e-23,9.977061024704326e-23,1.0006582305758678e-22,1.0036103586813263e-22,1.0065624867867785e-22,1.0095146148922528e-22,1.0124667429977111e-22,1.0154188711031677e-22,1.0183709992086227e-22,1.021323127314092e-22,1.0242752554195555e-22,1.0272273835250076e-22,1.0301795116304798e-22,1.0331316397359192e-22,1.0360837678413807e-22,1.0390358959468472e-22,1.041988024052287e-22,1.044940152157764e-22,1.0478922802632123e-22,1.0508444083686615e-22,1.0537965364741408e-22,1.0567486645795887e-22,1.0597007926850476e-22,1.0626529207905196e-22,1.0656050488959665e-22,1.068557177001437e-22,1.0715093051068806e-22,1.0744614332123383e-22,1.0774135613177988e-22,1.0803656894232694e-22,1.0833178175287186e-22,1.0862699456341694e-22,1.0892220737396349e-22,1.0921742018450956e-22,1.0951263299505537e-22,1.0980784580559992e-22,1.101030586161469e-22,1.1039827142669373e-22,1.1069348423724055e-22,1.1098869704778514e-22,1.1128390985833065e-22,1.1157912266887872e-22,1.1187433547942331e-22,1.1216954828997054e-22,1.12464761100516e-22,1.1275997391106052e-22,1.130551867216035e-22,1.1335039953215005e-22,1.1364561234269648e-22,1.1394082515324257e-22,1.142360379637865e-22,1.145312507743344e-22,1.1482646358488041e-22,1.1512167639542505e-22,1.1541688920597072e-22,1.1571210201651738e-22,1.1600731482706458e-22,1.1630252763761e-22,1.1659774044815513e-22,1.1689295325869965e-22,1.1718816606924744e-22,1.1748337887979245e-22,1.177785916903391e-22,1.1807380450088582e-22,1.1836901731143032e-22,1.18664230121976e-22,1.1895944293252305e-22,1.1925465574306677e-22,1.1954986855361322e-22,1.1984508136416028e-22,1.2014029417470691e-22,1.2043550698525186e-22,1.2073071979579708e-22,1.210259326063433e-22,1.2132114541688909e-22,1.2161635822743558e-22,1.219115710379805e-22,1.2220678384852676e-22,1.2250199665907314e-22,1.2279720946961902e-22,1.2309242228016693e-22,1.233876350907107e-22,1.2368284790125809e-22,1.2397806071180268e-22,1.2427327352234922e-22,1.2456848633289503e-22,1.2486369914344085e-22,1.25158911953986e-22,1.2545412476453186e-22,1.2574933757507645e-22,1.260445503856224e-22,1.2633976319616902e-22,1.2663497600671408e-22,1.2693018881726199e-22,1.272254016278084e-22,1.2752061443835404e-22,1.2781582724889976e-22,1.2811104005944428e-22,1.2840625286998875e-22,1.2870146568053623e-22,1.2899667849108278e-22,1.292918913016276e-22,1.2958710411217367e-22,1.2988231692271791e-22,1.3017752973326486e-22,1.3047274254381168e-22,1.3076795535435662e-22,1.3106316816490154e-22,1.313583809754485e-22,1.3165359378599465e-22,1.3194880659654129e-22,1.3224401940708616e-22,1.325392322176323e-22,1.3283444502817852e-22,1.3312965783872675e-22,1.3342487064927075e-22,1.3372008345981669e-22,1.3401529627036177e-22,1.3431050908090925e-22,1.3460572189145399e-22,1.3490093470200123e-22,1.3519614751254662e-22,1.3549136032309342e-22,1.3578657313363672e-22,1.3608178594418446e-22,1.3637699875473007e-22,1.3667221156527517e-22,1.3696742437582143e-22,1.3726263718636654e-22,1.375578499969129e-22,1.3785306280745862e-22,1.381482756180039e-22,1.3844348842855074e-22,1.38738701239095e-22,1.3903391404964457e-22,1.3932912686018733e-22,1.396243396707349e-22,1.3991955248128093e-22,1.4021476529182684e-22,1.405099781023714e-22,1.4080519091291826e-22,1.4110040372346357e-22,1.413956165340094e-22,1.4169082934455617e-22,1.4198604215510005e-22,1.4228125496564676e-22,1.425764677761922e-22,1.4287168058673735e-22,1.4316689339728596e-22,1.434621062078316e-22,1.4375731901837507e-22,1.4405253182892115e-22,1.4434774463946856e-22,1.4464295745001588e-22,1.449381702605601e-22,1.4523338307110525e-22,1.4552859588165057e-22,1.4582380869219638e-22,1.461190215027406e-22,1.464142343132866e-22,1.4670944712383222e-22,1.4700465993437714e-22,1.4729987274492138e-22,1.4759508555546588e-22,1.478902983660139e-22,1.4818551117655626e-22,1.4848072398710336e-22,1.4877593679764748e-22,1.490711496081936e-22,1.493663624187381e-22,1.496615752292845e-22,1.4995678803983006e-22,1.5025200085037406e-22,1.505472136609194e-22,1.50842426471465e-22,1.511376392820089e-22,1.5143285209255778e-22,1.517280649031019e-22,1.520232777136464e-22,1.523184905241931e-22,1.5261370333473803e-22,1.5290891614528596e-22,1.5320412895582984e-22,1.5349934176637846e-22,1.537945545769217e-22,1.540897673874654e-22,1.543849801980138e-22,1.5468019300856077e-22,1.5497540581910557e-22,1.552706186296512e-22,1.5556583144019746e-22,1.5586104425074137e-22,1.5615625706128725e-22,1.564514698718309e-22,1.567466826823787e-22,1.57041895492925e-22,1.573371083034709e-22,1.5763232111401575e-22,1.5792753392456081e-22,1.582227467351037e-22,1.5851795954564995e-22,1.588131723561963e-22,1.5910838516674042e-22,1.594035979772847e-22,1.5969881078783055e-22,1.5999402359837747e-22,1.6028923640892015e-22,1.6058444921946672e-22,1.6087966203001434e-22,1.6117487484055823e-22,1.6147008765110484e-22,1.6176530046165047e-22,1.620605132721953e-22,1.6235572608273998e-22,1.626509388932866e-22,1.629461517038321e-22,1.6324136451437702e-22,1.6353657732492318e-22,1.6383179013547038e-22,1.641270029460152e-22,1.6442221575656086e-22,1.6471742856710348e-22,1.6501264137765028e-22,1.6530785418819482e-22,1.6560306699874174e-22,1.6589827980928487e-22,1.6619349261983344e-22,1.6648870543037988e-22,1.6678391824092377e-22,1.6707913105146813e-22,1.6737434386201728e-22,1.6766955667255992e-22,1.6796476948310681e-22,1.6825998229365352e-22,1.685551951041975e-22,1.6885040791474275e-22,1.6914562072528797e-22,1.6944083353583308e-22,1.697360463463786e-22,1.7003125915692626e-22,1.7032647196747123e-22,1.7062168477801808e-22,1.7091689758856163e-22,1.7121211039910707e-22,1.715073232096537e-22,1.7180253602019689e-22,1.7209774883074402e-22,1.7239296164128967e-22,1.7268817445183473e-22,1.7298338726238127e-22,1.73278600072926e-22,1.7357381288346993e-22,1.7386902569401504e-22,1.7416423850455895e-22,1.7445945131510665e-22,1.7475466412565058e-22,1.750498769361979e-22,1.753450897467442e-22,1.7564030255728764e-22,1.7593551536783179e-22,1.7623072817837666e-22,1.7652594098892189e-22,1.7682115379946986e-22,1.7711636661001227e-22,1.7741157942055907e-22,1.7770679223110128e-22,1.780020050416483e-22,1.7829721785219583e-22,1.7859243066274063e-22,1.7888764347328651e-22,1.7918285628383016e-22,1.7947806909437595e-22,1.7977328190492226e-22,1.800684947154677e-22,1.8036370752601184e-22,1.8065892033655799e-22,1.8095413314710272e-22,1.8124934595764985e-22,1.815445587681913e-22,1.818397715787386e-22,1.8213498438928242e-22,1.8243019719982675e-22,1.827254100103733e-22,1.8302062282091857e-22,1.8331583563146452e-22,1.8361104844201036e-22,1.8390626125255544e-22,1.8420147406310046e-22,1.8449668687364707e-22,1.847918996841933e-22,1.8508711249473858e-22,1.8538232530528454e-22,1.856775381158308e-22,1.8597275092637499e-22,1.862679637369251e-22,1.865631765474689e-22,1.8685838935801673e-22,1.8715360216856146e-22,1.8744881497910584e-22,1.8774402778965304e-22,1.8803924060019916e-22,1.883344534107431e-22,1.8862966622128975e-22,1.8892487903183418e-22,1.8922009184237863e-22,1.8951530465292397e-22,1.8981051746347211e-22,1.9010573027401501e-22,1.90400943084563e-22,1.9069615589510807e-22,1.909913687056544e-22,1.912865815162008e-22,1.9158179432674869e-22,1.9187700713729147e-22,1.9217221994783707e-22,1.9246743275838281e-22,1.9276264556892922e-22,1.9305785837947677e-22,1.9335307119001974e-22,1.9364828400056496e-22,1.939434968111106e-22,1.9423870962166012e-22,1.94533922432204e-22,1.948291352427482e-22,1.951243480532947e-22,1.9541956086383897e-22,1.9571477367438636e-22,1.9600998648492935e-22,1.9630519929547613e-22,1.9660041210602366e-22,1.9689562491656748e-22,1.9719083772711383e-22,1.9748605053765974e-22,1.97781263348205e-22,1.9807647615875097e-22,1.9837168896929403e-22,1.986669017798431e-22,1.9896211459038495e-22,1.9925732740093248e-22,1.9955254021147634e-22,1.9984775302202387e-22,2.001429658325706e-22,2.0043817864311294e-22,2.0073339145365913e-22,2.0102860426420463e-22,2.0132381707475214e-22,2.016190298852952e-22,2.0191424269584297e-22,2.0220945550638725e-22,2.025046683169321e-22,2.0279988112747822e-22,2.0309509393802542e-22,2.0339030674856978e-22,2.0368551955911489e-22,2.0398073236966068e-22,2.042759451802092e-22,2.0457115799075654e-22,2.048663708012992e-22,2.051615836118455e-22,2.054567964223921e-22,2.0575200923293676e-22,2.060472220434799e-22,2.0634243485402664e-22,2.0663764766457173e-22,2.0693286047511775e-22,2.0722807328566406e-22,2.0752328609621027e-22,2.0781849890675545e-22,2.0811371171730171e-22,2.0840892452784687e-22,2.0870413733839033e-22,2.0899935014893798e-22,2.092945629594839e-22,2.09589775770029e-22,2.0988498858057514e-22,2.1018020139111825e-22,2.1047541420166415e-22,2.107706270122104e-22,2.1106583982275905e-22,2.1136105263330289e-22,2.116562654438466e-22,2.1195147825439357e-22,2.1224669106494087e-22,2.1254190387548247e-22,2.128371166860297e-22,2.131323294965734e-22,2.134275423071197e-22,2.1372275511766577e-22,2.1401796792821373e-22,2.1431318073875815e-22,2.146083935493029e-22,2.1490360635984955e-22,2.1519881917039773e-22,2.1549403198093943e-22,2.157892447914889e-22,2.160844576020345e-22,2.1637967041258273e-22,2.166748832231236e-22,2.1697009603367036e-22,2.172653088442157e-22,2.1756052165476123e-22,2.1785573446530707e-22,2.181509472758518e-22,2.1844616008639484e-22,2.187413728969397e-22,2.1903658570748647e-22,2.19331798518032e-22,2.196270113285793e-22,2.199222241391233e-22,2.2021743694966996e-22,2.2051264976021476e-22,2.20807862570763e-22,2.211030753813086e-22,2.2139828819185335e-22,2.216935010024023e-22,2.2198871381294663e-22,2.2228392662349415e-22,2.225791394340391e-22,2.22874352244581e-22,2.2316956505512734e-22,2.2346477786567337e-22,2.2375999067621864e-22,2.240552034867648e-22,2.243504162973121e-22,2.246456291078567e-22,2.249408419184005e-22,2.2523605472894373e-22,2.2553126753948995e-22,2.2582648035003696e-22,2.2612169316058185e-22,2.2641690597112713e-22,2.267121187816736e-22,2.270073315922185e-22,2.2730254440276675e-22,2.2759775721331226e-22,2.278929700238594e-22,2.281881828344054e-22,2.284833956449495e-22,2.287786084554957e-22,2.290738212660403e-22,2.2936903407658206e-22,2.2966424688712757e-22,2.299594596976747e-22,2.3025467250822075e-22,2.305498853187632e-22,2.3084509812931017e-22,2.3114031093985916e-22,2.3143552375040297e-22,2.3173073656095426e-22,2.3202594937149836e-22,2.3232116218204297e-22,2.326163749925898e-22,2.3291158780313126e-22,2.332068006136798e-22,2.3350201342422877e-22,2.337972262347725e-22,2.340924390453154e-22,2.343876518558581e-22,2.346828646664035e-22,2.349780774769551e-22,2.3527329028750214e-22,2.355685030980428e-22,2.3586371590858596e-22,2.3615892871913467e-22,2.3645414152968046e-22,2.36749354340228e-22,2.370445671507727e-22,2.373397799613182e-22,2.3763499277186334e-22,2.3793020558240856e-22,2.3822541839295365e-22,2.3852063120349775e-22,2.3881584401404194e-22,2.391110568245872e-22,2.394062696351342e-22,2.3970148244568133e-22,2.3999669525622364e-22,2.40291908066772e-22,2.4058712087731696e-22,2.408823336878645e-22,2.411775464984091e-22,2.4147275930895786e-22,2.417679721195034e-22,2.4206318493004666e-22,2.4235839774059353e-22,2.4265361055114083e-22,2.4294882336168413e-22,2.432440361722294e-22,2.435392489827759e-22,2.438344617933209e-22,2.44129674603863e-22,2.4442488741441303e-22,2.447201002249585e-22,2.4501531303550466e-22,2.4531052584604814e-22,2.4560573865659403e-22,2.459009514671384e-22,2.46196164277682e-22,2.464913770882263e-22,2.467865898987758e-22,2.4708180270932326e-22,2.473770155198678e-22,2.476722283304145e-22,2.479674411409592e-22,2.4826265395150637e-22,2.4855786676205216e-22,2.488530795725935e-22,2.4914829238314144e-22,2.4944350519368967e-22,2.4973871800423476e-22,2.5003393081478017e-22,2.5032914362532427e-22,2.506243564358744e-22,2.509195692464162e-22,2.5121478205695957e-22,2.515099948675054e-22,2.5180520767805373e-22,2.5210042048860056e-22,2.523956332991475e-22,2.5269084610968965e-22,2.5298605892023567e-22,2.532812717307814e-22,2.5357648454132636e-22,2.5387169735187267e-22,2.541669101624202e-22,2.5446212297296044e-22,2.547573357835038e-22,2.5505254859405216e-22,2.5534776140459593e-22,2.55642974215143e-22,2.55938187025688e-22,2.562333998362346e-22,2.565286126467825e-22,2.568238254573246e-22,2.571190382678751e-22,2.574142510784222e-22,2.577094638889672e-22,2.5800467669950813e-22,2.5829988951005246e-22,2.5859510232060154e-22,2.588903151311451e-22,2.5918552794169284e-22,2.5948074075223534e-22,2.597759535627845e-22,2.600711663733281e-22,2.60366379183877e-22,2.6066159199442165e-22,2.6095680480496504e-22,2.612520176155114e-22,2.6154723042605634e-22,2.618424432366022e-22,2.621376560471478e-22,2.6243286885769395e-22,2.6272808166824147e-22,2.630232944787837e-22,2.633185072893293e-22,2.6361372009987706e-22,2.6390893291042487e-22,2.6420414572096995e-22,2.64499358531513e-22,2.647945713420576e-22,2.6508978415260732e-22,2.653849969631494e-22,2.6568020977369796e-22,2.6597542258424154e-22,2.662706353947907e-22,2.665658482053349e-22,2.6686106101587694e-22,2.671562738264256e-22,2.6745148663696974e-22,2.6774669944751596e-22,2.680419122580623e-22,2.6833712506860453e-22,2.6863233787915215e-22,2.689275506896974e-22,2.6922276350024044e-22,2.6951797631078566e-22,2.698131891213337e-22,2.701084019318776e-22,2.7040361474242317e-22,2.706988275529724e-22,2.709940403635189e-22,2.7128925317406257e-22,2.715844659846085e-22,2.718796787951527e-22,2.7217489160570186e-22,2.7247010441624897e-22,2.727653172267945e-22,2.7306053003733886e-22,2.733557428478822e-22,2.736509556584315e-22,2.739461684689765e-22,2.742413812795192e-22,2.745365940900628e-22,2.7483180690061247e-22,2.751270197111578e-22,2.754222325217003e-22,2.7571744533224523e-22,2.7601265814279177e-22,2.7630787095333944e-22,2.7660308376388425e-22,2.768982965744339e-22,2.7719350938497517e-22,2.774887221955203e-22,2.777839350060699e-22,2.780791478166164e-22,2.783743606271602e-22,2.786695734377055e-22,2.7896478624825527e-22,2.792599990588002e-22,2.7955521186934276e-22,2.798504246798872e-22,2.801456374904316e-22,2.804408503009755e-22,2.807360631115219e-22,2.810312759220644e-22,2.813264887326125e-22,2.8162170154315755e-22,2.8191691435370235e-22,2.8221212716424843e-22,2.8250733997479633e-22,2.8280255278534034e-22,2.830977655958849e-22,2.8339297840643253e-22,2.836881912169791e-22,2.839834040275227e-22,2.8427861683807187e-22,2.8457382964862015e-22,2.848690424591641e-22,2.8516425526970943e-22,2.8545946808025183e-22,2.8575468089079946e-22,2.860498937013443e-22,2.863451065118878e-22,2.866403193224346e-22,2.86935532132983e-22,2.8723074494353095e-22,2.8752595775406945e-22,2.8782117056461684e-22,2.8811638337516032e-22,2.88411596185706e-22,2.887068089962544e-22,2.8900202180680395e-22,2.8929723461734757e-22,2.895924474278948e-22,2.898876602384415e-22,2.9018287304898335e-22,2.904780858595315e-22,2.90773298670076e-22,2.910685114806176e-22,2.9136372429116542e-22,2.9165893710170915e-22,2.9195414991225437e-22,2.922493627228051e-22,2.9254457553334684e-22,2.92839788343893e-22,2.9313500115443847e-22,2.9343021396498704e-22,2.937254267755302e-22,2.940206395860764e-22,2.9431585239662276e-22,2.9461106520716803e-22,2.9490627801771298e-22,2.9520149082826036e-22,2.9549670363880385e-22,2.957919164493505e-22,2.9608712925989773e-22,2.963823420704413e-22,1.2916189203653033e-16,1.5542924868083618e-16,1.7749831162625806e-16,1.9939607510850312e-16,2.212868486933018e-16,2.4317733666700383e-16,2.650678127029944e-16,2.8695828696259984e-16,3.08848761293534e-16,3.307392345803265e-16,3.5262970765174334e-16,3.7452017996191926e-16,3.9641065181281473e-16,4.183011231152476e-16,4.4019159386561276e-16,4.620820640637429e-16,4.839725337096589e-16,5.058630028033497e-16,5.277534713448176e-16,5.496439393340772e-16,5.715344067711233e-16,5.934248736559497e-16,6.153153399885554e-16,6.372058057689518e-16,6.590962709971225e-16,6.809867356730722e-16,7.028771997968082e-16,7.247668546837266e-16,7.466573174255837e-16,7.685477801778556e-16,7.904382418560953e-16,8.123287034699534e-16,8.342191645645344e-16,8.561096250969797e-16,8.780000850654356e-16,8.998905435462925e-16,9.217810021204029e-16,9.436714601686657e-16,9.655619176657684e-16,9.874523748451477e-16,1.0093428310510888e-15,1.0312332868839677e-15,1.053123742171917e-15,1.0750141969079618e-15,1.096904651091797e-15,1.1187951047234219e-15,1.140685557802801e-15,1.162576010329965e-15,1.1844664623049582e-15,1.2063569137276684e-15,1.228247364598177e-15,1.2501378149164457e-15,1.272028264682503e-15,1.2939187138963445e-15,1.3158091625579658e-15,1.3376996106673492e-15,1.3595900582245124e-15,1.3814805052294528e-15,1.4033709516821729e-15,1.4252613975826698e-15,1.4471518429309085e-15,1.4690422877269652e-15,1.490932731970779e-15,1.5128231756623892e-15,1.5347136188017443e-15,1.556604061388874e-15,1.5784945034237965e-15,1.600384944906491e-15,1.6222753858369237e-15,1.6441658262151726e-15,1.6660562660411755e-15,1.6879467053149533e-15,1.7098371440365304e-15,1.7317275822058124e-15,1.7536180198229315e-15,1.7755084568877722e-15,1.7973988934004052e-15,1.8192893293608035e-15,1.8411797647689956e-15,1.863070199624943e-15,1.8849606339286575e-15,1.906851067680137e-15,1.928741500879412e-15,1.9506319335263995e-15,1.9725223656211806e-15,1.994412797163723e-15,2.016303228154086e-15,2.0381936585921616e-15,2.0600840884780086e-15,2.081974517811629e-15,2.103864946593057e-15,2.1257553748222362e-15,2.147645802499151e-15,2.1695360272283207e-15,2.191426454277064e-15,2.2133168798242004e-15,2.2352073052729147e-15,2.257097730187918e-15,2.2789881545513972e-15,2.3008785783627187e-15,2.3227690019295166e-15,2.3446594249744912e-15,2.366549847476853e-15,2.388440269444265e-15,2.4103306909830186e-15,2.4322211103733033e-15,2.4541115302737033e-15,2.476001949665276e-15,2.4978923685063463e-15,2.519782786795239e-15,2.541673204531915e-15,2.563563621716344e-15,2.5854540383485768e-15,2.6073444544285372e-15,2.6292348699563163e-15,2.651125284931792e-15,2.673015699355046e-15,2.694906113226067e-15,2.716796526544838e-15,2.738686939311408e-15,2.7605773515256736e-15,2.7824677631876927e-15,2.8043581742975635e-15,2.8262485848551115e-15,2.848138994860466e-15,2.8700294043135596e-15,2.8919198132143773e-15,2.9138102215630043e-15,2.9357006293593276e-15,2.9575910366034476e-15,2.979481443295314e-15,3.001371849434991e-15,3.023262255022351e-15,3.0451526600574517e-15,3.0670430645403742e-15,3.0889334684710283e-15,3.1108238718494205e-15,3.1327142746756086e-15,3.1546046769495273e-15,3.1764950786712142e-15,3.1983854798406307e-15,3.2202758804577775e-15,3.242166280522725e-15,3.264056680035336e-15,3.2859470789957483e-15,3.3078374774039473e-15,3.329727875259881e-15,3.3516182725635863e-15,3.373508669315046e-15,3.3953990658588464e-15,3.417289461231069e-15,3.439179857446828e-15,3.4610702517245107e-15,3.4829606637212758e-15,3.5048510569081882e-15,3.526741450093477e-15,3.5486318427686477e-15,3.570522234069356e-15,3.5924126252796084e-15,3.614303015955508e-15,3.636193406079931e-15,3.6580837956520935e-15,3.6799741772311855e-15,3.701864565420444e-15,3.72375495350029e-15,3.7456452525317825e-15,3.7675356397859304e-15,3.789426025428684e-15,3.811316411449425e-15,3.833206796332237e-15,3.855097180923031e-15,3.876987564974217e-15,3.898877948792066e-15,3.920768331567177e-15,3.94265871371787e-15,3.964549094520271e-15,3.9864394760201836e-15,4.008329857090852e-15,4.0302206816197445e-15,4.052111002662867e-15,4.074001236754853e-15,4.0958915969513935e-15,4.1177819638249105e-15,4.139672338686885e-15,4.1615627031404766e-15,4.1834530585318376e-15,4.20534343152726e-15,4.2272336202641296e-15,4.2491239946229915e-15,4.271014368719719e-15,4.2929047422759425e-15,4.3147951152803666e-15,4.33668548773263e-15,4.358575859632688e-15,4.380466230980313e-15,4.402356601775748e-15,4.4242469720189426e-15,4.446137341709878e-15,4.46802771084857e-15,4.48991807943499e-15,4.511808447469197e-15,4.533698814951025e-15,4.555589181880704e-15,4.577479548258096e-15,4.599369914083167e-15,4.621260279940881e-15,4.64315064438394e-15,4.665041008540924e-15,4.686931372156495e-15,4.708821735220259e-15,4.730712097731729e-15,4.752602459690992e-15,4.7744928213745565e-15,4.796383182590782e-15,4.818273542420652e-15,4.84016390215155e-15,4.862054261348727e-15,4.88394461999432e-15,4.905834978087698e-15,4.927725335628726e-15,4.949615692617678e-15,4.971506049054307e-15,4.993396404938604e-15,5.015286760270677e-15,5.037177115050418e-15,5.059067469277919e-15,5.080957822953149e-15,5.102848164800458e-15,5.1247384989735776e-15,5.14662891231201e-15,5.168519159723611e-15,5.190409509514117e-15,5.212299859829912e-15,5.234190209637432e-15,5.256080558894532e-15,5.277970907599258e-15,5.299861255751711e-15,5.3217516033519684e-15,5.343641950400025e-15,5.365532296895714e-15,5.3874226428391315e-15,5.409312988230264e-15,5.431203333069092e-15,5.453093677355724e-15,5.474984021090123e-15,5.496874364272195e-15,5.5187647069019654e-15,5.54065504897945e-15,5.5625453905046585e-15,5.584435731477563e-15,5.606326071898197e-15,5.628216411766666e-15,5.650106751082805e-15,5.671997089846649e-15,5.693887428058294e-15,5.715777765717516e-15,5.737668102824697e-15,5.7595584393793656e-15,5.781448775381891e-15,5.803339110831979e-15,5.825229445729977e-15,5.847119780075595e-15,5.869010113869019e-15,5.890900447110143e-15,5.9127907797989e-15,5.934681111935449e-15,5.956571443519666e-15,5.978461774893457e-15,6.000351926177239e-15,6.022242256565125e-15,6.044132509854416e-15,6.0660228375429335e-15,6.087913165942447e-15,6.109803493519191e-15,6.131693820808335e-15,6.153584147717093e-15,6.175475657653254e-15,6.1973659825700575e-15,6.2192563075027416e-15,6.241146631906266e-15,6.2630369557585275e-15,6.284927279058457e-15,6.306817601806219e-15,6.328707924001687e-15,6.350598245644831e-15,6.372488566735601e-15,6.3943788872741264e-15,6.41626920726046e-15,6.438159526694438e-15,6.460049845576198e-15,6.481940163905637e-15,6.503830481975867e-15,6.525720799520428e-15,6.547611214979655e-15,6.569501673166052e-15,6.591391987534917e-15,6.613282302501845e-15,6.6351726169631344e-15,6.657062930874164e-15,6.678953244232959e-15,6.700843557039464e-15,6.722733869293777e-15,6.744624180995747e-15,6.766514492145455e-15,6.78840480274278e-15,6.810295112787849e-15,6.832185422280551e-15,6.854075731221131e-15,6.8759660396093595e-15,6.897856347445268e-15,6.919746654728908e-15,6.9416369614603025e-15,6.963527267639326e-15,6.985417573266126e-15,7.007307878340501e-15,7.029198182862708e-15,7.0510884868325336e-15,7.072978790250125e-15,7.0948690931154675e-15,7.116759395428518e-15,7.138649697189107e-15,7.160539998397497e-15,7.182430299053711e-15,7.204320599157383e-15,7.226210898708941e-15,7.248101197708083e-15,7.269991496154958e-15,7.291881794049643e-15,7.313772091391918e-15,7.335662388182002e-15,7.357552684419718e-15,7.379442980105168e-15,7.401333275238265e-15,7.423223569819275e-15,7.44511386384777e-15,7.467004157323192e-15,7.488894450247674e-15,7.510784742619364e-15,7.532675034438715e-15,7.554565325705684e-15,7.576455616420484e-15,7.598345906582967e-15,7.620236196193142e-15,7.642126485251004e-15,7.664016773756521e-15,7.685907061709824e-15,7.70779734911071e-15,7.729687635959387e-15,7.751577922255715e-15,7.773468207999766e-15,7.795358493191539e-15,7.81724877783101e-15,7.839139061918158e-15,7.861029345453004e-15,7.88291962843549e-15,7.90480991086573e-15,7.926700192743783e-15,7.948590474069315e-15,7.970480754842664e-15,7.9923710350637e-15,8.014261314732384e-15,8.036151593848598e-15,8.05804187241271e-15,8.079932150424541e-15,8.101822427419052e-15,8.123712704049135e-15,8.145602980392644e-15,8.167493256194833e-15,8.189383531445043e-15,8.211273806143022e-15,8.233164080288611e-15,8.255054353882035e-15,8.276944627270006e-15,8.298834899479415e-15,8.320725171404488e-15,8.342615442788032e-15,8.364505713619674e-15,8.386395984060545e-15,8.408286219908377e-15,8.430176488643487e-15,8.452066757247931e-15,8.473957025317342e-15,8.495847292835306e-15,8.517737559800888e-15,8.539627826214343e-15,8.561518092075348e-15,8.583408357384003e-15,8.605298622140249e-15,8.62718888634447e-15,8.649079149996193e-15,8.67096941309562e-15,8.692859675642659e-15,8.714749937637478e-15,8.736640199079917e-15,8.758530459970006e-15,8.780420720307853e-15,8.802310980093401e-15,8.82420123932661e-15,8.846091498007542e-15,8.8679817561362e-15,8.889872013712416e-15,8.911762270736207e-15,8.93365252720787e-15,8.955542783127098e-15,8.977433038494266e-15,8.999323293308924e-15,9.021213547571222e-15,9.043103801281373e-15,9.064994054439035e-15,9.086884307044504e-15,9.108774559097466e-15,9.13066481059824e-15,9.152555061546661e-15,9.174445311942833e-15,9.19633556178673e-15,9.218225811078221e-15,9.240116059817379e-15,9.262006308004229e-15,9.28389655563885e-15,9.305786802721046e-15,9.327677049250967e-15,9.349567295228631e-15,9.371457540653849e-15,9.393347785526852e-15,9.415238029847384e-15,9.437128273615676e-15,9.45901851683164e-15,9.48090875949534e-15,9.502799001606438e-15,9.524689243165615e-15,9.54657948417242e-15,9.568469724626669e-15,9.59035996452874e-15,9.612250203878436e-15,9.63414044267592e-15,9.656030680920943e-15,9.677920918613624e-15,9.69981115575388e-15,9.721701392342122e-15,9.743591628377842e-15,9.765481863861384e-15,9.78737209879246e-15,9.809262333171128e-15,9.831152566997475e-15,9.853042800271643e-15,9.874933032993434e-15,9.896823265162842e-15,9.918713496779953e-15,9.940603727844873e-15,9.962493958357377e-15,9.984384188317333e-15,1.0006274417725244e-14,1.0028164646580772e-14,1.0050054874883734e-14,1.0071945102634548e-14,1.009383532983304e-14,1.011572555647917e-14,1.0137615782572966e-14,1.0159506008114503e-14,1.0181396233103563e-14,1.0203286457540485e-14,1.0225176681424913e-14,1.0247066904757289e-14,1.0268957127537037e-14,1.0290847349764576e-14,1.0312737571439804e-14,1.0334627792562668e-14,1.0356518013133116e-14,1.0378408233151212e-14,1.0400298452617059e-14,1.0422188671530703e-14,1.0444078889891814e-14,1.0465969107700673e-14,1.0487859324957144e-14,1.0509749541661407e-14,1.0531639757813467e-14,1.0553529973412702e-14,1.05754201884597e-14,1.0597310402954677e-14,1.0619200616897211e-14,1.0641090830287349e-14,1.0662981043125082e-14,1.0684871255410649e-14,1.0706761467143732e-14,1.0728651678324521e-14,1.0750541888952964e-14,1.0772432099029114e-14,1.0794322308552889e-14,1.08162125175244e-14,1.083810272594355e-14,1.0859992933810266e-14,1.0881883141124668e-14,1.090377334788658e-14,1.0925663554096301e-14,1.0947553759753798e-14,1.0969443964858797e-14,1.0991334169411622e-14,1.1013224373411896e-14,1.1035114576860034e-14,1.1057004779755709e-14,1.1078894982099019e-14,1.110078518389013e-14,1.1122675385128764e-14,1.1144565585815062e-14,1.1166455785949088e-14,1.1188345985530707e-14,1.1210236184559992e-14,1.1232126383037023e-14,1.1254016580961491e-14,1.1275906778333619e-14,1.1297796975153592e-14,1.1319687171421335e-14,1.1341577367136552e-14,1.1363467562299475e-14,1.1385357756910089e-14,1.1407247950968245e-14,1.142913814447407e-14,1.1451028337427598e-14,1.1472918529828578e-14,1.1494808721677458e-14,1.1516698912973747e-14,1.1538589103718058e-14,1.1560479293909709e-14,1.1582369483549087e-14,1.1604259672636194e-14,1.1626149861170634e-14,1.1648040049153198e-14,1.1669930236583065e-14,1.1691820423460754e-14,1.1713710609786022e-14,1.1735600795558985e-14,1.1757490980779536e-14,1.1779381165447754e-14,1.1801271349563649e-14,1.1823161533127216e-14,1.1845051716138249e-14,1.1866941898597037e-14,1.1888832080503614e-14,1.1910722261857612e-14,1.1932612442659424e-14,1.1954502622908798e-14,1.197639280260587e-14,1.1998282981750543e-14,1.2020173160342837e-14,1.2042063338382898e-14,1.206395351587061e-14,1.208584369280585e-14,1.2107733869188881e-14,1.2129624045019485e-14,1.2151514220297725e-14,1.217340439502377e-14,1.2195294569197261e-14,1.2217184742818143e-14,1.2239074915886917e-14,1.2260965088403233e-14,1.2282855260367203e-14,1.2304745431778991e-14,1.2326635602638318e-14,1.2348525772945431e-14,1.2370415942700097e-14,1.2392306111902379e-14,1.2414196280551983e-14,1.2436086448649716e-14,1.2457976616194907e-14,1.2479866783187698e-14,1.2501756949628392e-14,1.2523647115516296e-14,1.2545537280852133e-14,1.2567427445635537e-14,1.2589317609866616e-14,1.2611207773545235e-14,1.2633097936671717e-14,1.2654988099245558e-14,1.2676878261267341e-14,1.2698768422736531e-14,1.2720658583653191e-14,1.2742548744017804e-14,1.2764438903829779e-14,1.278632906308972e-14,1.2808219221797243e-14,1.283010937995218e-14,1.2851999537554894e-14,1.2873889694605263e-14,1.2895779851103287e-14,1.291767000704886e-14,1.2939560162442007e-14,1.296145031728288e-14,1.298334047157128e-14,1.300523062530735e-14,1.3027120778491067e-14,1.304901093112249e-14,1.3070901083201595e-14,1.3092791234728229e-14,1.3114681385702717e-14,1.3136571536124382e-14,1.3158461685994037e-14,1.3180351835311274e-14,1.3202241984076016e-14,1.3224132132288542e-14,1.3246022279948377e-14,1.3267912427056244e-14,1.3289802573611429e-14,1.3311692719614459e-14,1.3333582865065215e-14,1.3355473009963484e-14,1.3377363154309275e-14,1.339925329810268e-14,1.3421143441343844e-14,1.34430335840327e-14,1.3464923726169123e-14,1.3486813867752989e-14,1.3508704008784645e-14,1.3530594149264053e-14,1.3552484289190946e-14,1.35743744285656e-14,1.3596264567387637e-14,1.3618154705657476e-14,1.3640044843374953e-14,1.3661934980539888e-14,1.3683825117152591e-14,1.3705715253212594e-14,1.3727605388720438e-14,1.3749495523675973e-14,1.3771385658079167e-14,1.379327579193005e-14,1.3815165925228336e-14,1.3837056057974512e-14,1.3858946190168153e-14,1.3880836321809365e-14,1.3902726452898246e-14,1.3924616583434824e-14,1.394650671341901e-14,1.3968396842850839e-14,1.3990286971730028e-14,1.4012177100057252e-14,1.4034067227831913e-14,1.4055957355054275e-14,1.4077847481723978e-14,1.4099737607841536e-14,1.4121627733406478e-14,1.4143517858419108e-14,1.4165407982879665e-14,1.4187298106787581e-14,1.42091882301432e-14,1.423107835294632e-14,1.425296847519716e-14,1.4274858596895408e-14,1.429674871804182e-14,1.4318638838635666e-14,1.4340528958676725e-14,1.4362419078165796e-14,1.4384309197102313e-14,1.4406199315486215e-14,1.442808943331796e-14,1.444997955059749e-14,1.4471869667324424e-14,1.4493759783498925e-14,1.4515649899121267e-14,1.4537540014191152e-14,1.4559430128708837e-14,1.4581320242674092e-14,1.4603210356086213e-14,1.4625100468946543e-14,1.4646990581254455e-14,1.4668880693009757e-14,1.4690770804212822e-14,1.471266091486364e-14,1.4734551024962167e-14,1.4756441134508198e-14,1.4778331243501623e-14,1.4800221351942968e-14,1.4822111459831735e-14,1.484400156716805e-14,1.4865891673951872e-14,1.488778178018371e-14,1.4909671885863e-14,1.493156199098981e-14,1.4953452095564184e-14,1.4975342199586134e-14,1.4997232303056027e-14,1.5019122405973285e-14,1.504101250833795e-14,1.506290261015043e-14,1.5084792711410443e-14,1.5106682812118234e-14,1.5128572912273488e-14,1.5150463011876552e-14,1.5172353110926934e-14,1.5194243209424826e-14,1.5216133307370566e-14,1.5238023404763886e-14,1.5259913501604937e-14,1.5281803597893507e-14,1.5303693693629755e-14,1.5325583788813725e-14,1.5347473883444867e-14,1.5369363977523926e-14,1.53912540710505e-14,1.5413144164024503e-14,1.5435034256446462e-14,1.5456924348315938e-14,1.5478814439632706e-14,1.5500704530397593e-14,1.552259462060986e-14,1.554448471026947e-14,1.5566374799376825e-14,1.558826488793177e-14,1.5610154975934507e-14,1.5632045063384873e-14,1.565393515028265e-14,1.5675825236627818e-14,1.5697715322420926e-14,1.5719605407661717e-14,1.5741495492349936e-14,1.576338557648589e-14,1.578527566006922e-14,1.580716574310046e-14,1.582905582557906e-14,1.5850945907504958e-14,1.5872835988878674e-14,1.5894726069700203e-14,1.5916616149969485e-14,1.5938506229686243e-14,1.5960396308850606e-14,1.5982286387462243e-14,1.6004176465521957e-14,1.6026066543028706e-14,1.6047956619983472e-14,1.6069846696385392e-14,1.609173677223529e-14,1.611362684753256e-14,1.6135516922277764e-14,1.615740699647016e-14,1.6179297070110386e-14,1.6201187143198024e-14,1.6223077215733566e-14,1.6244967287716496e-14,1.6266857359146974e-14,1.6288747430025173e-14,1.631063750035072e-14,1.633252757012421e-14,1.6354417639345167e-14,1.6376307708013648e-14,1.639819777612993e-14,1.6420087843693807e-14,1.6441977910704916e-14,1.6463867977163967e-14,1.6485758043070292e-14,1.6507648108424436e-14,1.6529538173226128e-14,1.655142823747549e-14,1.6573318301172e-14,1.6595208364316127e-14,1.661709842690808e-14,1.663898848894799e-14,1.6660878550435094e-14,1.6682768611370112e-14,1.670465867175224e-14,1.672654873158238e-14,1.674843879085984e-14,1.6770328849585075e-14,1.6792218907757593e-14,1.6814108965378127e-14,1.68359990224459e-14,1.685788907896119e-14,1.6879779134924688e-14,1.6901669190335313e-14,1.692355924519374e-14,1.6945449299499665e-14,1.6967339353253323e-14,1.6989229406454175e-14,1.7011119459102742e-14,1.703300951119882e-14,1.7054899562742348e-14,1.7076789613734e-14,1.7098679664173048e-14,1.7120569714059583e-14,1.7142459763393742e-14,1.7164349812175553e-14,1.7186239860404672e-14,1.720812990808108e-14,1.723001995520587e-14,1.725191000177773e-14,1.7273800047797208e-14,1.7295690093264427e-14,1.731758013817916e-14,1.7339470182541602e-14,1.7361360226351418e-14,1.7383250269608925e-14,1.740514031231409e-14,1.7427030354466756e-14,1.7448920396067108e-14,1.7470810437114712e-14,1.7492700477610183e-14,1.7514590517552776e-14,1.7536480556943416e-14,1.7558370595781607e-14,1.7580260634067387e-14,1.7602150671800696e-14,1.7624040708981626e-14,1.7645930745610114e-14,1.7667820781686162e-14,1.76897108172098e-14,1.771160085249513e-14,1.7733490887259095e-14,1.7755380921488044e-14,1.7777270955179236e-14,1.7799160987054203e-14,1.7821051019541104e-14,1.784294105154164e-14,1.7864831083008094e-14,1.7886721113937494e-14,1.790861114432845e-14,1.7930501172714996e-14,1.7952391201575012e-14,1.7974281229915603e-14,1.7996171257705207e-14,1.8018061284942403e-14,1.8039951311627145e-14,1.8061841337759443e-14,1.8083731363339514e-14,1.8105621388367048e-14,1.812751141284207e-14,1.8149401436764497e-14,1.8171291460134858e-14,1.81931814829525e-14,1.821507150521783e-14,1.823696152693056e-14,1.825885154809104e-14,1.828074156869909e-14,1.8302631588754394e-14,1.8324521608258018e-14,1.8346411627208663e-14,1.836830164560726e-14,1.8390191663453013e-14,1.8412081680746592e-14,1.8433971697487558e-14,1.8455861713676136e-14,1.8477751729312612e-14,1.849964174439618e-14,1.8521531758927583e-14,1.854342177290654e-14,1.8565311786332892e-14,1.8587201799206953e-14,1.8609091811528327e-14,1.863098182329724e-14,1.865287183451392e-14,1.8674761845178284e-14,1.8696651855289893e-14,1.8718541864849417e-14,1.874043187385621e-14,1.876232188231077e-14,1.878421189021294e-14,1.880610189756253e-14,1.8827991904359323e-14,1.88498819106043e-14,1.8871771916296496e-14,1.8893661921436297e-14,1.891555192602378e-14,1.8937441930059064e-14,1.895933193354132e-14,1.898122193647148e-14,1.9003111938849184e-14,1.902500194067455e-14,1.9046891941947416e-14,1.9068781942667858e-14,1.9090671942835853e-14,1.911256194245109e-14,1.913445194151424e-14,1.9156341940025003e-14,1.9178231937983075e-14,1.9200121935388628e-14,1.9222011932242017e-14,1.924390192854274e-14,1.9265791924291025e-14,1.9287681919487247e-14,1.9309571914130657e-14,1.9331461908221404e-14,1.9353351901760217e-14,1.9375241894746442e-14,1.9397131887180294e-14,1.94190218790616e-14,1.9440911870390807e-14,1.946280186116698e-14,1.948469185139091e-14,1.9506581841062243e-14,1.95284718301815e-14,1.9550361818748195e-14,1.9572251806762044e-14,1.9594141794223885e-14,1.961603178113352e-14,1.9637921767490386e-14,1.965981175329485e-14,1.9681701738546657e-14,1.9703591723246028e-14,1.972548170739309e-14,1.9747371690987338e-14,1.9769261674029883e-14,1.979115165651951e-14,1.9813041638456876e-14,1.9834931619841683e-14,1.985682160067401e-14,1.9878711580953813e-14,1.9900601560681145e-14,1.9922491539856454e-14,1.9944381518478642e-14,1.9966271496548757e-14,1.998816147406668e-14,2.0010051451031587e-14,2.0031941427444327e-14,2.0053831403304452e-14,2.0075721378612455e-14,2.0097611353367486e-14,2.0119501327570716e-14,2.0141391301220688e-14,2.0163281274318872e-14,2.0185171246864272e-14,2.0207061218857305e-14,2.0228951190298013e-14,2.0250841161186168e-14,2.0272731131521467e-14,2.0294621101305157e-14,2.031651107053608e-14,2.0338401039214477e-14,2.0360291007340337e-14,2.038218097491378e-14,2.0404070941934472e-14,2.0425960908403078e-14,2.044785087431921e-14,2.0469740839682817e-14,2.0491630804493894e-14,2.051352076875287e-14,2.0535410732458887e-14,2.0557300695612737e-14,2.057919065821391e-14,2.0601080620262694e-14,2.0622970581759147e-14,2.064486054270327e-14,2.066675050309467e-14,2.0688640462933704e-14,2.0710530422220606e-14,2.0732420380954598e-14,2.0754310339136264e-14,2.0776200296765743e-14,2.079809025384249e-14,2.081998021036633e-14,2.084187016633826e-14,2.0863760121757507e-14,2.0885650076624572e-14,2.0907540030939195e-14,2.092942998470107e-14,2.0951319937910242e-14,2.0973209890567313e-14,2.0995099842671863e-14,2.101698979422389e-14,2.1038879745223516e-14,2.106076969567047e-14,2.1082659645565102e-14,2.1104549594907727e-14,2.11264395436974e-14,2.1148329491934425e-14,2.1170219439619057e-14,2.1192109386751584e-14,2.1213999333331334e-14,2.1235889279358594e-14,2.125777922483386e-14,2.1279669169756337e-14,2.130155911412635e-14,2.13234490579442e-14,2.1345339001209057e-14,2.1367228943921937e-14,2.1389118886081968e-14,2.14110088276895e-14,2.1432898768744777e-14,2.1454788709247717e-14,2.1476678649197966e-14,2.149856858859623e-14,2.152045852744168e-14,2.154234846573436e-14,2.1564238403474818e-14,2.158612834066276e-14,2.1608018277298334e-14,2.1629908213381526e-14,2.1651798148911994e-14,2.1673688083889847e-14,2.1695578018315037e-14,2.171746795218814e-14,2.1739357885509032e-14,2.1761247818277064e-14,2.178313775049268e-14,2.1805027682155654e-14,2.1826917613266785e-14,2.184880754382448e-14,2.1870697473830612e-14,2.189258740328413e-14,2.1914477332184973e-14,2.1936367260532945e-14,2.195825718832896e-14,2.1980147115572496e-14,2.2002037042263242e-14,2.1894768635902892e-14,2.1890391866222712e-14,2.1890213285232257e-14
12,4.778569840820857e-85,2.503308413600288e-83,1.0413842805551838e-82,2.987929262736073e-82,7.052575597971003e-82,1.4643634038788592e-81,2.7716393698767143e-81,4.888335298177901e-81,8.153396832290069e-81,1.2996429059925376e-80,1.9951671011415674e-80,2.967299284010052e-80,4.294992099811497e-80,6.0724692662613635e-80,8.411033831601786e-80,1.144097901629269e-79,1.5313601347539044e-79,2.020331578558277e-79,2.6309872551684907e-79,3.3860675392269096e-79,4.3113201042793656e-79,5.435751968449547e-79,6.791891621366304e-79,8.416061216686755e-79,1.0348658816455698e-78,1.263445067509172e-78,1.5322873551960096e-78,1.846834704243846e-78,2.2130595917912186e-78,2.637498246573585e-78,3.127284882038303e-78,3.690186927726208e-78,4.33464125807755e-78,5.069791417825056e-78,5.905525843141221e-78,6.852517077703048e-78,7.922261982842396e-78,9.127122940933012e-78,1.0480370051198162e-77,1.1996224317023285e-77,1.3689901824074998e-77,1.5577658908180658e-77,1.7676838312276687e-77,2.0005916331497544e-77,2.258455094557041e-77,2.5433630937658242e-77,2.857532599879717e-77,3.2033137817071615e-77,3.5831952150671114e-77,3.9998091883974426e-77,4.4559371065802866e-77,4.9545149928990154e-77,5.498639089041273e-77,6.0915715530620874e-77,6.736746255223096e-77,7.437774671620537e-77,8.198451875518507e-77,9.022762626300998e-77,9.914887555958326e-77,1.0879209453022568e-76,1.1920319643866585e-76,1.3043024471282897e-76,1.4252351870255874e-76,1.5553558040843593e-76,1.6952134218084333e-76,1.845381353884282e-76,2.0064578005511863e-76,2.1790665546484726e-76,2.3638577173313485e-76,2.5615084234470123e-76,2.772723576562438e-76,2.998236593635534e-76,3.238810159321219e-76,3.495236989903996e-76,3.768340606848643e-76,4.0589761199606184e-76,4.3680310201477656e-76,4.696425981775026e-76,5.0451156746036086e-76,5.4150895853064547e-76,5.80737284855153e-76,6.223027087644836e-76,6.663151264723292e-76,7.128882540493025e-76,7.621397143499435e-76,8.141911248925168e-76,8.691681866904795e-76,9.272007740349918e-76,9.884230252274846e-76,1.0529734342615808e-75,1.120994943453423e-75,1.1926350370196744e-75,1.2680458356023128e-75,1.3473841917394152e-75,1.4308117862810555e-75,1.518495225749719e-75,1.6106061406438404e-75,1.707321284684553e-75,1.808822635003714e-75,1.9152974932734387e-75,2.0269385877756801e-75,2.143944176411111e-75,2.2665181506467312e-75,2.39487014040113e-75,2.529215619866793e-75,2.669776014268418e-75,2.8167788075563977e-75,2.970457651035199e-75,3.131052472925344e-75,3.2988095888575475e-75,3.4739818132997144e-75,3.65682857191485e-75,3.8476160148496027e-75,4.0466171309516926e-75,4.2541118629172152e-75,4.470387223364859e-75,4.695737411838038e-75,4.93046393273309e-75,5.174875714152795e-75,5.429289227685482e-75,5.694028609106765e-75,5.96942578000551e-75,6.255820570331623e-75,6.553560841865449e-75,6.863002612607865e-75,7.184510182090294e-75,7.518456257603798e-75,7.865222081346418e-75,8.225197558488384e-75,8.59878138615326e-75,8.986381183315657e-75,9.388413621613712e-75,9.805304557076207e-75,1.0237489162759112e-74,1.0685412062313053e-74,1.114952746442986e-74,1.1630299298232022e-74,1.2128201349528541e-74,1.264371739806659e-74,1.3177341355593845e-74,1.3729577404882286e-74,1.430094013964797e-74,1.4891954705377162e-74,1.5503156941057126e-74,1.6135093521813598e-74,1.6788322102450267e-74,1.7463411461892255e-74,1.81609416485327e-74,1.888150412647905e-74,1.962570192270209e-74,2.0394149775083996e-74,2.1187474281365833e-74,2.2006314048993575e-74,2.28513198458617e-74,2.3723154751953596e-74,2.462249431187809e-74,2.555002668830243e-74,2.6506452816277036e-74,2.749248655845664e-74,2.850885486121356e-74,2.955629791164291e-74,3.0635569295459314e-74,3.1747436155779444e-74,3.2892679352815366e-74,3.4072093624426363e-74,3.528648774754754e-74,3.6536684700633955e-74,3.7823521826748516e-74,3.914785099776819e-74,4.0510538779361495e-74,4.19124665968727e-74,4.335453090209037e-74,4.483764334089815e-74,4.636273092180803e-74,4.79307361853751e-74,4.954261737449215e-74,5.119934860556489e-74,5.290192004056579e-74,5.465133805996622e-74,5.644862543654616e-74,5.829482151008055e-74,6.019098236290172e-74,6.213818099633684e-74,6.413750750802002e-74,6.619006927007666e-74,6.829699110818686e-74,7.045941548150894e-74,7.267850266348657e-74,7.495543092351924e-74,7.729139670950605e-74,7.968761483125692e-74,8.214531864477232e-74,8.466576023739028e-74,8.725021061380339e-74,8.989995988293593e-74,9.261631744569105e-74,9.540061218356109e-74,9.82541926481017e-74,1.0117842725126882e-73,1.0417470445661805e-73,1.0724443297136657e-73,1.1038904193931096e-73,1.1360998113461485e-73,1.1690872115644643e-73,1.2028675362447699e-73,1.2374559137524053e-73,1.2728676865934779e-73,1.3091184133955513e-73,1.3462238708969291e-73,1.3842000559444347e-73,1.4230631874998033e-73,1.4628297086545327e-73,1.5035162886532498e-73,1.5451398249257338e-73,1.5877174451272834e-73,1.6312665091876685e-73,1.6758046113685695e-73,1.7213495823294946e-73,1.7679194912021858e-73,1.8155326476734927e-73,1.8642076040767188e-73,1.9139631574914232e-73,1.9648183518516534e-73,2.0167924800626512e-73,2.0699050861260342e-73,2.1241759672732663e-73,2.1796251761076974e-73,2.2362730227549496e-73,2.2941400770217157e-73,2.3532471705629705e-73,2.413615399057547e-73,2.4752661243921435e-73,2.5382209768536575e-73,2.6025018573299312e-73,2.6681309395188165e-73,2.735130672145653e-73,2.8035237811890407e-73,2.873333272114981e-73,2.944582432119343e-73,3.017294832378665e-73,3.091494330309259e-73,3.167205071834645e-73,3.2444514936612786e-73,3.323258325562573e-73,3.403650592671225e-73,3.48565361777981e-73,3.569293023649668e-73,3.6545947353280324e-73,3.7415849824734436e-73,3.830290301689407e-73,3.920737538866298e-73,4.012953851531511e-73,4.106966711207828e-73,4.20280390578003e-73,4.3004935418697116e-73,4.40006404721831e-73,4.501544173078346e-73,4.604962996612848e-73,4.710349923302973e-73,4.817734689363809e-73,4.927147364168345e-73,5.0386183526796285e-73,5.152178397891051e-73,5.267858583274818e-73,5.385690335238551e-73,5.505705425590026e-73,5.627935974010048e-73,5.752414450533455e-73,5.879173678038228e-73,6.00824683474273e-73,6.139667456711024e-73,6.273469440366304e-73,6.409687045012422e-73,6.548354895363472e-73,6.689507984081479e-73,6.833181674322123e-73,6.979411702288554e-73,7.12823417979328e-73,7.279685596828006e-73,7.433802824141621e-73,7.590623115826196e-73,7.750184111910894e-73,7.912523840964116e-73,8.077680722703463e-73,8.245693570613782e-73,8.416601594573209e-73,8.590444403487184e-73,8.767262007930519e-73,8.947094822797294e-73,9.12998366995889e-73,9.315969780929854e-73,9.505094799541847e-73,9.697400784625396e-73,9.892930212699662e-73,1.0091725980670292e-72,1.0293831408534819e-72,1.0499290242096356e-72,1.0708146655685024e-72,1.0920445254887399e-72,1.1136231079283655e-72,1.1355549605192824e-72,1.1578446748425818e-72,1.1804968867046381e-72,1.203516276413988e-72,1.2269075690589986e-72,1.2506755347863205e-72,1.27482498908012e-72,1.2993607930421263e-72,1.324287853672404e-72,1.3496111241509536e-72,1.3753356041201023e-72,1.401466339967642e-72,1.4280084251107658e-72,1.4549670002807859e-72,1.4823472538086271e-72,1.5101544219111085e-72,1.5383937889779843e-72,1.567070687859783e-72,1.5961905001564118e-72,1.6257586565065418e-72,1.6557806368777666e-72,1.6862619708575372e-72,1.7172082379448713e-72,1.7486250678428329e-72,1.7805181407517908e-72,1.812893187663446e-72,1.8457559906556278e-72,1.879112383187868e-72,1.9129682503977366e-72,1.9473295293979548e-72,1.9822022095742753e-72,2.0175923328841245e-72,2.0535059941560174e-72,2.0899493413897472e-72,2.1269285760573207e-72,2.1644499534046795e-72,2.2025197827541763e-72,2.241144427807817e-72,2.2803303069512624e-72,2.320083893558602e-72,2.360411716297884e-72,2.401320359437403e-72,2.4428164631527587e-72,2.484906723834664e-72,2.527597894397522e-72,2.570896784588754e-72,2.614810261298894e-72,2.659345248872429e-72,2.704508729419408e-72,2.750307743127805e-72,2.796749388576627e-72,2.8438408230497896e-72,2.891589262850743e-72,2.9400019836178466e-72,2.989086320640504e-72,3.038849669176048e-72,3.089299484767362e-72,3.140443283561287e-72,3.192288642627745e-72,3.244843200279629e-72,3.2981146563934335e-72,3.3521107727306563e-72,3.4068393732598777e-72,3.462308344479711e-72,3.51852563574237e-72,3.5754992595780713e-72,3.633237292020127e-72,3.6917478729308257e-72,3.7510392063280047e-72,3.8111195607124294e-72,3.871997269395864e-72,3.9336807308299e-72,3.9961784089355297e-72,4.0594988334334797e-72,4.123650600175226e-72,4.188642371474793e-72,4.2544828764413056e-72,4.3211809113122417e-72,4.3887453397874427e-72,4.457185093363816e-72,4.526509171670876e-72,4.596726642806923e-72,4.667846643675977e-72,4.739878380325485e-72,4.812831128284715e-72,4.886714232903913e-72,4.961537109694181e-72,5.037309244668084e-72,5.114040194680998e-72,5.191739587773169e-72,5.270417123512528e-72,5.350082573338209e-72,5.43074578090481e-72,5.512416662427394e-72,5.595105207027179e-72,5.678821477077982e-72,5.763575608553391e-72,5.849377811374649e-72,5.936238369759281e-72,6.024167642570405e-72,6.113176063666808e-72,6.203274142253745e-72,6.294472463234421e-72,6.386781687562225e-72,6.480212552593681e-72,6.574775872442109e-72,6.67048253833202e-72,6.767343518954213e-72,6.8653698608216e-72,6.964572688625751e-72,7.064963205594149e-72,7.166552693848158e-72,7.269352514761719e-72,7.373374109320777e-72,7.47862899848335e-72,7.585128783540393e-72,7.692885146477338e-72,7.801909850336362e-72,7.912214739579344e-72,8.023811740451543e-72,8.13671286134598e-72,8.250930193168622e-72,8.366475909704054e-72,8.483362267982108e-72,8.601601608645033e-72,8.72120635631548e-72,8.84218901996509e-72,8.964562193283877e-72,9.088338555050274e-72,9.213530869501885e-72,9.340151986706964e-72,9.468214842936557e-72,9.597732461037414e-72,9.728717950805509e-72,9.861184509360352e-72,9.99514542151994e-72,1.0130614060176486e-71,1.0267603886672715e-71,1.0406128451179005e-71,1.0546201393071132e-71,1.0687836441308737e-71,1.0831047414814556e-71,1.0975848222854206e-71,1.112225286541679e-71,1.1270275433596159e-71,1.1419930109972857e-71,1.1571231168996795e-71,1.172419297737054e-71,1.18788299944334e-71,1.203515677254618e-71,1.219318795747652e-71,1.2352938288785077e-71,1.2514422600212297e-71,1.267765582006592e-71,1.2842652971609178e-71,1.300942917344963e-71,1.3177999639928776e-71,1.334837968151227e-71,1.3520584705180857e-71,1.3694630214822029e-71,1.3870531811622303e-71,1.4048305194460225e-71,1.4227966160300066e-71,1.440953060458615e-71,1.4593014521637973e-71,1.4778434005045845e-71,1.4965805248067377e-71,1.5155144544024519e-71,1.5346468286701407e-71,1.5539792970742737e-71,1.5735135192052975e-71,1.5932511648196141e-71,1.6131939138796318e-71,1.6333434565938807e-71,1.6537014934572004e-71,1.6742697352909914e-71,1.6950499032835373e-71,1.7160437290303886e-71,1.7372529545748282e-71,1.7586793324483833e-71,1.7803246257114227e-71,1.8021906079938126e-71,1.8242790635356423e-71,1.846591787228017e-71,1.86913058465392e-71,1.891897272129134e-71,1.914893676743239e-71,1.938121636400673e-71,1.9615829998618586e-71,1.985279626784399e-71,2.0092133877643372e-71,2.0333861643774893e-71,2.0577998492208337e-71,2.082456345953976e-71,2.1073575693406773e-71,2.1325054452904488e-71,2.157901910900213e-71,2.18354891449603e-71,2.2094484156748955e-71,2.2356023853465918e-71,2.2620128057756356e-71,2.288681670623244e-71,2.3156109849894095e-71,2.3428027654550223e-71,2.37025904012406e-71,2.3979818486658453e-71,2.42597324235737e-71,2.4542352841256823e-71,2.4827700485903418e-71,2.511579622105938e-71,2.5406661028046793e-71,2.570031600639044e-71,2.599678237424494e-71,2.629608146882263e-71,2.659823474682198e-71,2.690326378485679e-71,2.721119027988592e-71,2.752203604964377e-71,2.783582303307137e-71,2.8152573290748115e-71,2.847230900532412e-71,2.8795052481953347e-71,2.912082614872722e-71,2.9449652557109014e-71,2.9781554382368852e-71,3.011655442401929e-71,3.045467560625169e-71,3.0795940978373077e-71,3.114037371524376e-71,3.1487997117715552e-71,3.183883461307063e-71,3.219290975546107e-71,3.255024622634901e-71,3.291086783494744e-71,3.3274798518661646e-71,3.3642062343531317e-71,3.401268350467312e-71,3.438668632672466e-71,3.476409526428775e-71,3.5144934902373315e-71,3.552922995684653e-71,3.5917005274873433e-71,3.630828583536685e-71,3.670309674943376e-71,3.710146326082315e-71,3.7503410746374535e-71,3.7908964716467036e-71,3.831815081546917e-71,3.873099482218918e-71,3.914752265032614e-71,3.956776034892157e-71,3.999173410281171e-71,4.041947023308047e-71,4.085099519751305e-71,4.128633559104997e-71,4.172551814624205e-71,4.216856973370577e-71,4.261551736257937e-71,4.306638818097962e-71,4.3521209476459004e-71,4.398000867646394e-71,4.444281334879311e-71,4.490965120205686e-71,4.538055008613706e-71,4.585553799264724e-71,4.633464305539428e-71,4.681789355083968e-71,4.7305317898562095e-71,4.7796944661720255e-71,4.829280254751661e-71,4.879292040766154e-71,4.929732723883807e-71,4.980605218316758e-71,5.031912452867573e-71,5.083657370975919e-71,5.1358429307653024e-71,5.188472105089859e-71,5.241547881581207e-71,5.2950732626953785e-71,5.34905126575979e-71,5.403484923020283e-71,5.458377281688237e-71,5.513731403987727e-71,5.569550367202753e-71,5.625837263724537e-71,5.682595201098857e-71,5.73982730207347e-71,5.7975367046455825e-71,5.855726562109392e-71,5.9144000431036644e-71,5.973560331659412e-71,6.03321062724759e-71,6.093354144826897e-71,6.1539941148916014e-71,6.215133783519449e-71,6.276776412419617e-71,6.3389252789807535e-71,6.401583676319033e-71,6.4647549133263345e-71,6.5284423147184274e-71,6.592649221083233e-71,6.657378988929167e-71,6.722634990733519e-71,6.788420614990892e-71,6.854739266261725e-71,6.921594365220862e-71,6.988989348706162e-71,7.056927669767205e-71,7.125412797714042e-71,7.1944482181659954e-71,7.264037433100531e-71,7.334183960902197e-71,7.404891336411607e-71,7.476163110974481e-71,7.548002852490778e-71,7.620414145463843e-71,7.693400591049654e-71,7.766965807106104e-71,7.841113428242341e-71,7.915847105868196e-71,7.991170508243638e-71,8.067087320528305e-71,8.143601244831095e-71,8.220716000259803e-71,8.298435322970848e-71,8.37676296621901e-71,8.45570270040729e-71,8.535258313136755e-71,8.615433609256517e-71,8.696232410913712e-71,8.777658557603572e-71,8.859715906219551e-71,8.942408331103491e-71,9.025739724095868e-71,9.109713994586095e-71,9.194335069562871e-71,9.279606893664595e-71,9.365533429229849e-71,9.452118656347932e-71,9.53936657290943e-71,9.627281194656885e-71,9.715866555235526e-71,9.805126706243981e-71,9.89506571728513e-71,9.985687676017001e-71,1.0076996688203701e-70,1.0168996877766421e-70,1.0261692386834482e-70,1.035508737579646e-70,1.0449186023351377e-70,1.0543992526559892e-70,1.0639511100895652e-70,1.073574598029658e-70,1.0832701417216315e-70,1.093038168267569e-70,1.1028791066314215e-70,1.1127933876441687e-70,1.1227814440089818e-70,1.1328437103063937e-70,1.1429806229994735e-70,1.1531926204390082e-70,1.1634801428686893e-70,1.1738436324303049e-70,1.1842835331689399e-70,1.1948002910381785e-70,1.2053943539053125e-70,1.2160661715565605e-70,1.2268161957022865e-70,1.2376448799822283e-70,1.248552679970728e-70,1.2595400531819745e-70,1.2706074590752426e-70,1.2817553590601466e-70,1.2929842165018931e-70,1.3042944967265443e-70,1.3156866670262834e-70,1.3271611966646885e-70,1.3387185568820104e-70,1.3503592209004538e-70,1.3620836639294727e-70,1.3738923631710561e-70,1.3857857978250398e-70,1.3977644490944064e-70,1.4098288001905977e-70,1.4219793363388353e-70,1.4342165447834405e-70,1.4465409147931657e-70,1.4589529376665285e-70,1.4714531067371507e-70,1.4840419173791064e-70,1.4967198670122702e-70,1.5094874551076808e-70,1.5223451831928945e-70,1.5352935548573595e-70,1.54833307575779e-70,1.561464253623542e-70,1.5746875982620014e-70,1.5880036215639737e-70,1.6014128375090792e-70,1.6149157621711558e-70,1.6285129137236658e-70,1.6422048124451088e-70,1.6559919807244406e-70,1.669874943066496e-70,1.6838542260974185e-70,1.697930358570096e-70,1.712103871369602e-70,1.7263752975186388e-70,1.7407451721829918e-70,1.755214032676985e-70,1.7697824184689455e-70,1.7844508711866663e-70,1.7992199346228902e-70,1.8140901547407777e-70,1.8290620796793967e-70,1.8441362597592135e-70,1.8593132474875875e-70,1.874593597564268e-70,1.889977866886908e-70,1.9054666145565724e-70,1.921060401883254e-70,1.936759792391398e-70,1.9525653518254308e-70,1.9684776481552932e-70,1.9844972515819786e-70,2.0006247345430798e-70,2.0168606717183362e-70,2.033205640035192e-70,2.0496602186743554e-70,2.066224989075366e-70,2.0829005349421654e-70,2.099687442248677e-70,2.1165862992443834e-70,2.13359769645992e-70,2.1507222267126647e-70,2.1679604851123374e-70,2.185313069066607e-70,2.202780578286694e-70,2.2203636147929957e-70,2.238062782920697e-70,2.2558786893253984e-70,2.2738119429887516e-70,2.291863155224089e-70,2.3100329396820703e-70,2.328321912356329e-70,2.346730691589122e-70,2.3652598980769903e-70,2.383910154876421e-70,2.4026820874095138e-70,2.4215763234696587e-70,2.4405934932272102e-70,2.4597342292351766e-70,2.4789991664349046e-70,2.4983889421617797e-70,2.517904196150922e-70,2.5375455705428907e-70,2.557313709889405e-70,2.5772092611590464e-70,2.5972328737429868e-70,2.617385199460716e-70,2.6376668925657733e-70,2.6580786097514826e-70,2.6786210101566982e-70,2.6992947553715477e-70,2.7201005094431893e-70,2.741038938881569e-70,2.7621107126651813e-70,2.7833165022468434e-70,2.804656981559463e-70,2.8261328270218225e-70,2.8477447175443588e-70,2.8694933345349614e-70,2.8913793619047552e-70,2.913403486073908e-70,2.935566395977438e-70,2.9578687830710174e-70,2.980311341336791e-70,3.002894767289199e-70,3.025619759980805e-70,3.048487021008116e-70,3.071497254517434e-70,3.094651167210683e-70,3.117949468351276e-70,3.141392869769937e-70,3.1649820858705854e-70,3.188717833636187e-70,3.212600832634621e-70,3.236631805024555e-70,3.260811475561321e-70,3.285140571602797e-70,3.309619823115299e-70,3.334249962679472e-70,3.359031725496189e-70,3.38396584939245e-70,3.4090530748272974e-70,3.434294144897725e-70,3.4596898053445994e-70,3.48524080455858e-70,3.51094789358605e-70,3.5368118261350536e-70,3.5628333585812303e-70,3.58901324997376e-70,3.6153522620413123e-70,3.641851159198006e-70,3.6685107085493595e-70,3.6953316798982625e-70,3.7223148457509423e-70,3.7494609813229415e-70,3.7767708645450886e-70,3.8042452760694957e-70,3.8318849992755384e-70,3.859690820275855e-70,3.887663527922345e-70,3.9158039138121764e-70,3.944112772293787e-70,3.972590900472916e-70,4.001239098218605e-70,4.030058168169236e-70,4.0590489157385516e-70,4.088212149121703e-70,4.1175486793012774e-70,4.147059320053349e-70,4.176744887953525e-70,4.2066062023830084e-70,4.236644085534648e-70,4.266859362419012e-70,4.297252860870451e-70,4.327825411553177e-70,4.358577847967342e-70,4.3895110064551216e-70,4.4206257262068073e-70,4.4519228492668993e-70,4.483403220540207e-70,4.5150676877979526e-70,4.546917101683883e-70,4.578952315720376e-70,4.611174186314574e-70,4.643583572764496e-70,4.676181337265172e-70,4.708968344914776e-70,4.74194546372077e-70,4.775113564606036e-70,4.808473521415038e-70,4.842026210919966e-70,4.875772512826901e-70,4.9097133097819784e-70,4.9438494873775456e-70,4.978181934158359e-70,5.0127115416277345e-70,5.047439204253749e-70,5.082365819475422e-70,5.117492287708905e-70,5.152819512353691e-70,5.1883483997988044e-70,5.2240798594290146e-70,5.260014803631049e-70,5.296154147799807e-70,5.33249881034458e-70,5.369049712695288e-70,5.405807779308699e-70,5.442773937674677e-70,5.479949118322406e-70,5.517334254826661e-70,5.5549302838140363e-70,5.5927381449692137e-70,5.6307587810412215e-70,5.6689931378496934e-70,5.707442164291146e-70,5.74610681234525e-70,5.784988037081111e-70,5.824086796663556e-70,5.863404052359413e-70,5.90294076854382e-70,5.942697912706516e-70,5.98267645545814e-70,6.02287737053655e-70,6.063301634813129e-70,6.103950228299101e-70,6.14482413415186e-70,6.185924338681291e-70,6.227251831356112e-70,6.268807604810199e-70,6.310592654848937e-70,6.352607980455554e-70,6.39485458379749e-70,6.437333470232737e-70,6.480045648316212e-70,6.522992129806109e-70,6.566173929670279e-70,6.609592066092604e-70,6.653247560479366e-70,6.697141437465651e-70,6.741274724921715e-70,6.78564845395939e-70,6.830263658938484e-70,6.875121377473181e-70,6.920222650438441e-70,6.965568521976423e-70,7.011160039502897e-70,7.056998253713664e-70,7.103084218590984e-70,7.149418991410016e-70,7.196003632745231e-70,7.242839206476869e-70,7.289926779797389e-70,7.337267423217897e-70,7.384862210574623e-70,7.43271221903537e-70,7.480818529105963e-70,7.529182224636741e-70,7.577804392829016e-70,7.626686124241555e-70,7.675828512797063e-70,7.725232655788661e-70,7.774899653886385e-70,7.824830611143676e-70,7.875026635003889e-70,7.925488836306781e-70,7.976218329295047e-70,8.027216231620806e-70,8.078483664352135e-70,8.130021751979593e-70,8.181831622422737e-70,8.233914407036664e-70,8.286271240618551e-70,8.338903261414183e-70,8.391811611124514e-70,8.444997434912208e-70,8.498461881408192e-70,8.552206102718226e-70,8.60623125442946e-70,8.660538495617e-70,8.715128988850489e-70,8.77000390020068e-70,8.825164399246012e-70,8.880611659079214e-70,8.936346856313879e-70,8.992371171091072e-70,9.048685787085916e-70,9.105291891514216e-70,9.162190675139051e-70,9.219383332277398e-70,9.276871060806743e-70,9.334655062171715e-70,9.392736541390699e-70,9.45111670706248e-70,9.509796771372872e-70,9.568777950101354e-70,9.628061462627736e-70,9.6876485319388e-70,9.747540384634909e-70,9.807738250936751e-70,9.86824336469192e-70,9.929056963381649e-70,9.990180288127441e-70,1.0051614583697751e-69,1.0113361098514682e-69,1.0175421084660648e-69,1.0237795797885093e-69,1.0300486497611151e-69,1.0363494446942377e-69,1.0426820912669433e-69,1.0490467165276784e-69,1.0554434478949436e-69,1.0618724131579632e-69,1.0683337404773586e-69,1.0748275583858192e-69,1.0813539957887775e-69,1.0879131819650798e-69,1.0945052465676626e-69,1.1011303196242262e-69,1.1077885315379069e-69,1.1144800130879555e-69,1.1212048954304115e-69,1.1279633100987792e-69,1.1347553890047029e-69,1.141581264438646e-69,1.1484410690705663e-69,1.1553349359505956e-69,1.1622629985097167e-69,1.1692253905604419e-69,1.1762222462974913e-69,1.183253700298475e-69,1.1903198875245716e-69,1.197420943321207e-69,1.2045570034187362e-69,1.2117282039331267e-69,1.2189346813666366e-69,1.2261765726084987e-69,1.2334540149356026e-69,1.2407671460131783e-69,1.2481161038954776e-69,1.2555010270264604e-69,1.2629220542404772e-69,1.2703793247629542e-69,1.2778729782110785e-69,1.2854031545944838e-69,1.292969994315936e-69,1.300573638172019e-69,1.3082142273538236e-69,8.883086867675357e-44,4.528811327779439e-43,1.371469975008956e-42,3.249175943389843e-42,6.634708456727746e-42,1.2240889257677279e-41,2.0964867538951158e-41,3.390834210857602e-41,5.239776689177418e-41,7.800453788416739e-41,1.1256516170791035e-40,1.5820140535460829e-40,2.173404275468585e-40,2.927348914234315e-40,3.874830587304106e-40,5.050488654791939e-40,6.492819790944588e-40,8.244378370684769e-40,1.0351976671380043e-39,1.2866884889999908e-39,1.584503097582383e-39,1.9347200278863503e-39,2.3439235014162588e-39,2.8192233542137036e-39,3.3682749465118784e-39,3.999299054026635e-39,4.7211017409004646e-39,5.543052600780642e-39,6.475266356626197e-39,7.528386650858244e-39,8.71375903875357e-39,1.0043413454884675e-38,1.1530083974226803e-38,1.3187228557666856e-38,1.5029048778810492e-38,1.7070509530223223e-38,1.9327358719560877e-38,2.1816146937017368e-38,2.455424711058986e-38,2.7559874142819185e-38,3.0852104525714534e-38,3.445089594436262e-38,3.8377106856160353e-38,4.2652516054826306e-38,4.729984221588463e-38,5.234276342408754e-38,5.78059366828122e-38,6.371501740544866e-38,7.009667888879514e-38,7.697863176847525e-38,8.438964345639566e-38,9.235955756025773e-38,1.009193132851399e-37,1.1010096481716717e-37,1.199377006892822e-37,1.3046386312913551e-37,1.4171496738910968e-37,1.5372772105849329e-37,1.6654004335782107e-37,1.8019108441539508e-37,1.947212445260034e-37,2.1017219339185314e-37,2.2658688934573015e-37,2.440095985564056e-37,2.6248591421630093e-37,2.820627757114306e-37,3.0278848777363627e-37,3.2471273961512695e-37,3.4788662404534413e-37,3.7236265657016605e-37,3.981947944734633e-37,4.254384558810285e-37,4.541505388068894e-37,4.843894401820223e-37,5.162150748654874e-37,5.496888946379885e-37,5.848739071778898e-37,6.21834695019689e-37,6.606374344949739e-37,7.01349914655871e-37,7.440415561810076e-37,7.887834302639948e-37,8.356482774844577e-37,8.84710526661615e-37,9.360463136904392e-37,9.897335003603975e-37,1.0458516931567991e-36,1.1044822620447577e-36,1.165708359235792e-36,1.2296149379370747e-36,1.2962887710833428e-36,1.3658184700514907e-36,1.438294503357856e-36,1.5138117858256295e-36,1.5924594379805278e-36,1.6743361591360754e-36,1.759540032994762e-36,1.8481710936067086e-36,1.9403313439818387e-36,2.0361247746670983e-36,2.135657382317305e-36,2.2390371882180696e-36,2.3463742568192782e-36,2.4577807142449173e-36,2.5733707667784685e-36,2.693260719258283e-36,2.8175689937445045e-36,2.9464161477810033e-36,3.07992489286452e-36,3.2182201128520844e-36,3.3614288823495036e-36,3.509680485082761e-36,3.663106432252424e-36,3.821840480871049e-36,3.986018652083631e-36,4.155779249471078e-36,4.33126287733678e-36,4.512612458976211e-36,4.699973254929656e-36,4.8934928812180214e-36,5.093321327561776e-36,5.2996109755830145e-36,5.512516616990696e-36,5.732195471749019e-36,5.958807206228986e-36,6.192513951343167e-36,6.43348032066368e-36,6.681873428523377e-36,6.937862908100274e-36,7.201620929485252e-36,7.473322217733013e-36,7.753144070896315e-36,8.041266378043509e-36,8.337871637259406e-36,8.643144973629459e-36,8.957274157207272e-36,9.280449620965505e-36,9.612864478730117e-36,9.954714543098015e-36,1.0306198343338097e-35,1.0667517143275719e-35,1.1038874959160582e-35,1.142047857751809e-35,1.1812537572984127e-35,1.2215264326123368e-35,1.2628874041231022e-35,1.3053584764118114e-35,1.3489617399880276e-35,1.3937195730650073e-35,1.439654643338455e-35,1.4867899097389507e-35,1.5351486260349408e-35,1.584754335410524e-35,1.63563092226687e-35,1.6878024505891738e-35,1.7412934004081427e-35,1.7961285152797654e-35,1.8523328423521028e-35,1.909931734159337e-35,1.9689508503518093e-35,2.02941615945818e-35,2.091353940639646e-35,2.154790763525882e-35,2.2197535770902887e-35,2.2862695815172437e-35,2.3543660013227847e-35,2.424071317643141e-35,2.495413402169335e-35,2.568420757481007e-35,2.6431222107347267e-35,2.719546915448511e-35,2.7977243516781465e-35,2.877684333904844e-35,2.959457000827704e-35,3.043072830776814e-35,3.128562638981251e-35,3.2159575701779563e-35,3.305289110866457e-35,3.396591192243986e-35,3.489891534115044e-35,3.585224570050443e-35,3.6826241721690686e-35,3.7821229878395186e-35,3.8837545964896126e-35,3.987552785257378e-35,4.0935518210701686e-35,4.201786460222281e-35,4.312292339986151e-35,4.425103235868932e-35,4.540255607190307e-35,4.657785497161766e-35,4.7777293114961054e-35,4.900123820111927e-35,5.025006158836284e-35,5.152413831105715e-35,5.282384709665742e-35,5.41495703826875e-35,5.550169433370299e-35,5.68806088582388e-35,5.828670762574075e-35,5.972038808348155e-35,6.118205147346102e-35,6.267210284929076e-35,6.419095109306298e-35,6.573900893220363e-35,6.731669297601459e-35,6.89244236540488e-35,7.056262535003184e-35,7.223172634094811e-35,7.393215883314389e-35,7.566435897909009e-35,7.742876689412667e-35,7.922582667329672e-35,8.105598640788328e-35,8.291969820182482e-35,8.48174181892352e-35,8.674960655042099e-35,8.871672752868824e-35,9.071924944698437e-35,9.275764472451836e-35,9.483238989336543e-35,9.694396561505555e-35,9.909285669714754e-35,1.01279552109787e-34,1.035045450022491e-34,1.0576833271946614e-34,1.0807141681853961e-34,1.1041430137166556e-34,1.127974977101762e-34,1.1522153984900487e-34,1.176868798951133e-34,1.2019411764114492e-34,1.227437504879407e-34,1.253363099388434e-34,1.2797233184088946e-34,1.30652356401203e-34,1.3337692820335593e-34,1.3614659622371208e-34,1.3896191384775573e-34,1.418234388864052e-34,1.4473173359231155e-34,1.4768736467614142e-34,1.506909033228456e-34,1.5374292520791168e-34,1.5684401051360214e-34,1.599947439451768e-34,1.6319571474710083e-34,1.6644751671923715e-34,1.69750748233024e-34,1.7310601224763754e-34,1.7651391632613894e-34,1.7997507265160732e-34,1.8349009804325659e-34,1.8705961397253817e-34,1.906842465792285e-34,1.9436462668750127e-34,1.9810138982198497e-34,2.0189517622380534e-34,2.057466308666134e-34,2.0965640347259757e-34,2.136251485284818e-34,2.176535253015087e-34,2.217421978554068e-34,2.2589183506634467e-34,2.301031106388683e-34,2.343767031218256e-34,2.387132959242738e-34,2.4311357733163003e-34,2.4757819943368384e-34,2.521079419315742e-34,2.567034464318797e-34,2.6136546235874095e-34,2.6609468200448494e-34,2.7089182324356968e-34,2.757576089378203e-34,2.806927669517193e-34,2.856983244597047e-34,2.907744347556751e-34,2.959221311785423e-34,3.011421617612928e-34,3.064352796182777e-34,3.118022429609177e-34,3.1724381511337663e-34,3.227607645282208e-34,3.2835386480206265e-34,3.3402389469119032e-34,3.3977163812718228e-34,3.4559788423250837e-34,3.5150342733611495e-34,3.574890669889965e-34,3.63555607979752e-34,3.697038603504092e-34,3.7593463941142523e-34,3.8224879596936893e-34,3.886471405467997e-34,3.951304454171513e-34,4.016995912252485e-34,4.083554198574022e-34,4.150987785614184e-34,4.219305199620659e-34,4.28851502076491e-34,4.358625883296157e-34,4.429646475695206e-34,4.501585540828162e-34,4.5744518760999465e-34,4.648254333607734e-34,4.723001820294196e-34,4.798703298100641e-34,4.875367784119967e-34,4.953004350749521e-34,5.031622125843773e-34,5.111230292866877e-34,5.191838091045074e-34,5.273454815518964e-34,5.35608981749562e-34,5.439752504400574e-34,5.524452340029664e-34,5.610198844700721e-34,5.697001595405131e-34,5.784870225959253e-34,5.873814427155682e-34,5.9638439469144e-34,6.054968590433754e-34,6.1471982203413086e-34,6.24054275684456e-34,6.335012177881507e-34,6.430616519271071e-34,6.527365874863394e-34,6.625270396689983e-34,6.72434029511372e-34,6.824585838978728e-34,6.926017355760098e-34,7.02864523171348e-34,7.132479912024534e-34,7.237531900958239e-34,7.343811762008032e-34,7.451330118044926e-34,7.560097651466292e-34,7.67012510434468e-34,7.78142327857641e-34,7.894003036030057e-34,8.007875298694777e-34,8.123051048828515e-34,8.239541329106046e-34,8.357357242766917e-34,8.476509953763222e-34,8.597010686907242e-34,8.718870728018945e-34,8.842101424073386e-34,8.9667141833479e-34,9.092720475569219e-34,9.22013183206042e-34,9.34895984588775e-34,9.479216172007303e-34,9.610912527411557e-34,9.744060691275802e-34,9.878672505104398e-34,1.0014759872876899e-33,1.015233476119407e-33,1.029140919942375e-33,1.0431995279846553e-33,1.0574105157801472e-33,1.0717751051831345e-33,1.0862945243828144e-33,1.1009700072445032e-33,1.115802796011196e-33,1.1307941372967114e-33,1.1459452847749731e-33,1.1612574985272504e-33,1.1767320450566361e-33,1.192370197302478e-33,1.2081732346548045e-33,1.2241424429746059e-33,1.2402791145848876e-33,1.2565845483198321e-33,1.273060049516173e-33,1.2897069300332186e-33,1.3065265082675406e-33,1.3235200812476999e-33,1.3406890360439385e-33,1.3580346831085704e-33,1.3755583671287735e-33,1.3932614394001394e-33,1.411145257840971e-33,1.4292111870065321e-33,1.4474605981032809e-33,1.4658948690030945e-33,1.4845153842574776e-33,1.50332353511176e-33,1.522320719519274e-33,1.5415083421555284e-33,1.5608878144323602e-33,1.5804605545120823e-33,1.600227987321609e-33,1.620191544566574e-33,1.64035266474543e-33,1.6607127931635432e-33,1.6812733819472685e-33,1.70203589005801e-33,1.723001783306275e-33,1.7441725343657078e-33,1.765549622787116e-33,1.7871345350124797e-33,1.8089287643889513e-33,1.8309338111828397e-33,1.8531511825935758e-33,1.875582392767682e-33,1.898228962812706e-33,1.9210924208111622e-33,1.9441743018344454e-33,1.9674761479567398e-33,1.9909995082689093e-33,2.0147459388923796e-33,2.0387170029930083e-33,2.0629142707949315e-33,2.08733931959441e-33,2.1119937337736592e-33,2.1368791048146592e-33,2.1619970313129614e-33,2.1873491189914762e-33,2.212936980714249e-33,2.2387622365002237e-33,2.2648265135369933e-33,2.291131446194541e-33,2.3176786760389584e-33,2.3444698518461653e-33,2.371506629615601e-33,2.3987906725839173e-33,2.426323651238648e-33,2.454107243331871e-33,2.482143133893857e-33,2.5104330152467003e-33,2.5389785870179474e-33,2.567781556154203e-33,2.596843636934726e-33,2.626166550985015e-33,2.6557520272903782e-33,2.685601802209495e-33,2.7157176194879593e-33,2.7461012302718126e-33,2.7767543931210645e-33,2.8076788740232023e-33,2.8388764464066827e-33,2.870348891154418e-33,2.902097996617243e-33,2.9341255586273745e-33,2.9664333805118547e-33,2.9990232731059787e-33,3.0318970547667258e-33,3.0650565513861507e-33,3.098503596404791e-33,3.1322400308250415e-33,3.166267703224523e-33,3.200588469769443e-33,3.235204194227938e-33,3.2701167479834016e-33,3.305328010047808e-33,3.340839867075016e-33,3.376654213374064e-33,3.4127729509224494e-33,3.449197989379402e-33,3.485931246099134e-33,3.522974646144091e-33,3.560330122298177e-33,3.597999615079979e-33,3.635985072755971e-33,3.6742884513537115e-33,3.712911714675018e-33,3.7518568343091446e-33,3.79112578964594e-33,3.830720567888984e-33,3.8706431640687255e-33,3.910895581055605e-33,3.951479829573158e-33,3.992397928211113e-33,4.0336519034384734e-33,4.0752437896165894e-33,4.117175629012215e-33,4.1594494718105615e-33,4.2020673761283215e-33,4.245031408026699e-33,4.288343641524412e-33,4.3320061586106965e-33,4.376021049258291e-33,4.4203904114364046e-33,4.465116351123683e-33,4.510200982321154e-33,4.555646427065166e-33,4.601454815440313e-33,4.6476282855923453e-33,4.694168983741071e-33,4.741079064193241e-33,4.788360689355425e-33,4.836016029746886e-33,4.884047264012413e-33,4.9324565789351796e-33,4.981246169449556e-33,5.030418238653933e-33,5.0799749978235306e-33,5.129918666423173e-33,5.180251472120082e-33,5.230975650796641e-33,5.2820934465631494e-33,5.333607111770562e-33,5.3855189070232236e-33,5.437831101191599e-33,5.490545971424963e-33,5.543665803164096e-33,5.597192890153989e-33,5.651129534456495e-33,5.705478046462991e-33,5.76024074490704e-33,5.815419956877003e-33,5.8710180178286875e-33,5.927037271597942e-33,5.983480070413266e-33,6.0403487749083965e-33,6.097645754134878e-33,6.1553733855746314e-33,6.21353405515252e-33,6.272130157248865e-33,6.331164094712e-33,6.390638278870766e-33,6.450555129547033e-33,6.510917075068189e-33,6.57172655227962e-33,6.63298600655719e-33,6.694697891819681e-33,6.756864670541256e-33,6.819488813763894e-33,6.882572801109799e-33,6.946119120793828e-33,7.010130269635882e-33,7.074608753073306e-33,7.139557085173241e-33,7.204977788645018e-33,7.270873394852495e-33,7.337246443826409e-33,7.404099484276684e-33,7.471435073604778e-33,7.539255777915974e-33,7.607564172031675e-33,7.676362839501697e-33,7.745654372616542e-33,7.815441372419637e-33,7.88572644871961e-33,7.956512220102512e-33,8.027801313944051e-33,8.099596366421801e-33,8.171900022527403e-33,8.244714936078768e-33,8.318043769732249e-33,8.391889194994802e-33,8.466253892236163e-33,8.54114055070097e-33,8.616551868520922e-33,8.692490552726881e-33,8.768959319260995e-33,8.845960892988798e-33,8.92349800771128e-33,9.001573406176994e-33,9.080189840094098e-33,9.159350070142426e-33,9.239056865985519e-33,9.319313006282661e-33,9.400121278700899e-33,9.481484479927051e-33,9.563405415679708e-33,9.645886900721213e-33,9.728931758869643e-33,9.812542823010765e-33,9.896722935110005e-33,9.98147494622436e-33,1.0066801716514362e-32,1.0152706115255968e-32,1.0239191020852481e-32,1.0326259320846451e-32,1.0413913911931545e-32,1.0502157699964438e-32,1.0590993599976665e-32,1.0680424536186464e-32,1.0770453442010632e-32,1.086108326007635e-32,1.0952316942233e-32,1.1044157449563972e-32,1.1136607752398445e-32,1.1229670830323208e-32,1.1323349672194379e-32,1.1417647276149223e-32,1.1512566649617864e-32,1.1608110809335054e-32,1.170428278135186e-32,1.1801085601047437e-32,1.1898522313140691e-32,1.1996595971701985e-32,1.2095309640164841e-32,1.2194666391337599e-32,1.2294669307415075e-32,1.2395321479990216e-32,1.2496626010065765e-32,1.2598586008065836e-32,1.270120459384759e-32,1.2804484896712815e-32,1.2908430055419518e-32,1.3013043218193534e-32,1.3118327542740053e-32,1.322428619625526e-32,1.3330922355437804e-32,1.3438239206500403e-32,1.3546239945181356e-32,1.3654927776756033e-32,1.376430591604844e-32,1.3874377587442667e-32,1.3985146024894401e-32,1.4096614471942414e-32,1.4208786181719983e-32,1.43216644169664e-32,1.443525245003838e-32,1.4549553562921494e-32,1.466457104724163e-32,1.4780308204276356e-32,1.4896768344966357e-32,1.501395478992679e-32,1.5131870869458706e-32,1.5250519923560375e-32,1.536990530193869e-32,1.5490030364020468e-32,1.561089847896382e-32,1.5732513025669456e-32,1.585487739279202e-32,1.5977994978751375e-32,1.6101869191743897e-32,1.622650344975379e-32,1.6351901180564297e-32,1.6478065821769033e-32,1.6605000820783172e-32,1.6732709634854742e-32,1.6861195731075808e-32,1.6990462586393725e-32,1.7120513687622331e-32,1.7251352531453142e-32,1.7382982624466554e-32,1.751540748314299e-32,1.7648630633874108e-32,1.7782655612973926e-32,1.7917485966689973e-32,1.8053125251214415e-32,1.8189577032695213e-32,1.8326844887247185e-32,1.8464932400963175e-32,1.8603843169925064e-32,1.874358080021493e-32,1.8884148907926053e-32,1.9025551119174024e-32,1.9167791070107772e-32,1.931087240692062e-32,1.9454798785861275e-32,1.9599573873244914e-32,1.9745201345464124e-32,1.9891684888999962e-32,2.0039028200432875e-32,2.0187234986453726e-32,2.033630896387476e-32,2.0486253859640533e-32,2.0637073410838885e-32,2.0788771364711862e-32,2.094135147866664e-32,2.1094817520286447e-32,2.1249173267341457e-32,2.14044225077997e-32,2.1560569039837938e-32,2.1717616671852533e-32,2.1875569222470318e-32,2.2034430520559442e-32,2.2194204405240234e-32,2.2354894725896007e-32,2.2516505342183894e-32,2.2679040124045666e-32,2.284250295171852e-32,2.3006897715745884e-32,2.3172228316988192e-32,2.3338498666633649e-32,2.3505712686209002e-32,2.3673874307590273e-32,2.3842987473013554e-32,2.4013056135085655e-32,2.4184084256794876e-32,2.4356075811521702e-32,2.4529034783049518e-32,2.4702965165575283e-32,2.4877870963720216e-32,2.5053756192540464e-32,2.523062487753777e-32,2.540848105467007e-32,2.558732877036225e-32,2.576717208151663e-32,2.594801505552367e-32,2.6129861770272593e-32,2.631271631416191e-32,2.6496582786110083e-32,2.6681465295566046e-32,2.6867367962519835e-32,2.705429491751307e-32,2.724225030164955e-32,2.7431238266605816e-32,2.762126297464162e-32,2.7812328598610496e-32,2.800443932197022e-32,2.8197599338793343e-32,2.8391812853777675e-32,2.858708408225675e-32,2.8783417250210313e-32,2.8980816594274763e-32,2.9179286361753625e-32,2.9378830810627923e-32,2.9579454209566727e-32,2.9781160837937453e-32,2.9983954985816335e-32,3.01878409539988e-32,3.0392823054009893e-32,3.0598905608114625e-32,3.0806092949328345e-32,3.1014389421427096e-32,3.1223799378957987e-32,3.143432718724951e-32,3.1645977222421893e-32,3.1858753871397396e-32,3.2072661531910655e-32,3.22877046125189e-32,3.25038875326124e-32,3.272121472242458e-32,3.2939690623042377e-32,3.315931968641653e-32,3.338010637537172e-32,3.360205516361695e-32,3.3825170535755704e-32,3.4049456987296114e-32,3.427491902466132e-32,3.450156116519953e-32,3.4729387937194293e-32,3.495840387987467e-32,3.5188613543425406e-32,3.5420021488997043e-32,3.5652632288716195e-32,3.5886450525695583e-32,3.6121480794044193e-32,3.6357727698877443e-32,3.6595195856327257e-32,3.6833889893552215e-32,3.707381444874758e-32,3.7314974171155476e-32,3.75573737210749e-32,3.780101776987178e-32,3.804591099998914e-32,3.829205810495699e-32,3.853946378940248e-32,3.8788132769059935e-32,3.9038069770780786e-32,3.928927953254367e-32,3.9541766803464375e-32,3.979553634380586e-32,4.005059292498823e-32,4.0306941329598713e-32,4.056458635140162e-32,4.08235327953483e-32,4.108378547758708e-32,4.1345349225473197e-32,4.160822887757878e-32,4.187242928370261e-32,4.213795530488024e-32,4.2404811813393764e-32,4.2673003692781666e-32,4.2942535837848834e-32,4.321341315467629e-32,4.3485640560631163e-32,4.3759222984376484e-32,4.403416536588101e-32,4.4310472656429086e-32,4.458814981863049e-32,4.486720182643017e-32,4.5147633665118094e-32,4.542945033133911e-32,4.5712656833102594e-32,4.599725818979233e-32,4.628325943217622e-32,4.657066560241605e-32,4.6859481754077316e-32,4.714971295213885e-32,4.74413642730026e-32,4.7734440804503325e-32,4.802894764591836e-32,4.832488990797726e-32,4.8622272712871535e-32,4.8921101194264267e-32,4.922138049729991e-32,4.95231157786138e-32,4.982631220634189e-32,5.013097496013046e-32,5.043710923114559e-32,5.074472022208295e-32,5.105381314717731e-32,5.136439323221223e-32,5.167646571452948e-32,5.199003584304464e-32,5.230510887824556e-32,5.26216900922071e-32,5.293978476860069e-32,5.325939820268086e-32,5.358053570136168e-32,5.390320258316267e-32,5.422740417823748e-32,5.455314582838392e-32,5.488043288705372e-32,5.520927071933486e-32,5.553966470203361e-32,5.587162022362046e-32,5.620514268425705e-32,5.654023749580627e-32,5.687691008184169e-32,5.721516587765705e-32,5.755501033027568e-32,5.789644889845993e-32,5.823948705272057e-32,5.858413027532624e-32,5.89303840603128e-32,5.927825391349269e-32,5.962774535246454e-32,5.99788639066222e-32,6.033161511716436e-32,6.068600453710382e-32,6.10420377312768e-32,6.139972027635235e-32,6.175905776084167e-32,6.212005578510731e-32,6.248271996137268e-32,6.284705591373119e-32,6.321306927815564e-32,6.358076570250743e-32,6.39501508465459e-32,6.432123038193756e-32,6.469400999226537e-32,6.506849537303792e-32,6.544469223169882e-32,6.582260628763575e-32,6.620224327218981e-32,6.658360892866467e-32,6.696670901233584e-32,6.73515492904598e-32,6.773813554228321e-32,6.812647355905206e-32,6.851656914402097e-32,6.89084281124621e-32,6.930205629167462e-32,6.969745952099353e-32,7.009464365179902e-32,7.049361454752559e-32,7.0894378083671e-32,7.129694014780555e-32,7.170130663958105e-32,7.210748347074008e-32,7.25154765651248e-32,7.292529185868639e-32,7.333693529949375e-32,7.375041284774281e-32,7.416573047576545e-32,7.458289416803858e-32,7.500190992119321e-32,7.542278374402338e-32,7.584552165749527e-32,7.627012969475608e-32,7.66966139011432e-32,7.712498033419305e-32,7.75552350636501e-32,7.798738417147586e-32,7.842143375185787e-32,7.885738991121857e-32,7.929525876822429e-32,7.973504645379418e-32,8.01767591111092e-32,8.062040289562089e-32,8.106598397506044e-32,8.151350852944752e-32,8.196298275109912e-32,8.241441284463855e-32,8.286780502700426e-32,8.332316552745863e-32,8.378050058759691e-32,8.423981646135617e-32,8.470111941502399e-32,8.516441572724724e-32,8.562971168904111e-32,8.609701360379782e-32,8.656632778729538e-32,8.703766056770646e-32,8.751101828560716e-32,8.798640729398585e-32,8.846383395825177e-32,8.8943304656244e-32,8.942482577824009e-32,8.990840372696491e-32,9.039404491759926e-32,9.088175577778873e-32,9.137154274765241e-32,9.186341227979139e-32,9.23573708392979e-32,9.285342490376346e-32,9.335158096328816e-32,9.385184552048883e-32,9.435422509050803e-32,9.485872620102259e-32,9.536535539225224e-32,9.587411921696846e-32,9.638502424050279e-32,9.689807704075581e-32,9.741328420820543e-32,9.793065234591589e-32,9.845018806954601e-32,9.897189800735795e-32,9.94957888002258e-32,1.0002186710164416e-31,1.0055013957773669e-31,1.0108061290726466e-31,1.0161329378163567e-31,1.0214818890491192e-31,1.0268530499381893e-31,1.0322464877775415e-31,1.0376622699879523e-31,1.043100464117088e-31,1.0485611378395881e-31,1.0540443589571516e-31,1.05955019539862e-31,1.0650787152200648e-31,1.0706299866048693e-31,1.0762040778638166e-31,1.0818010574351712e-31,1.087420993884765e-31,1.0930639559060812e-31,1.0987300123203396e-31,1.1044192320765802e-31,1.1101316842517466e-31,1.1158674380507716e-31,1.1216265628066607e-31,1.1274091279805758e-31,1.1332152031619185e-31,1.1390448580684163e-31,1.1448981625462026e-31,1.150775186569904e-31,1.1566760002427215e-31,1.1626006737965148e-31,1.168549277591885e-31,1.1745218821182597e-31,1.1805185579939735e-31,1.1865393759663548e-31,1.1925844069118046e-31,1.1986537218358831e-31,1.20474739187339e-31,1.21086548828845e-31,1.2170080824745922e-31,1.223175245954837e-31,1.2293670503817733e-31,1.235583567537647e-31,1.2418248693344385e-31,1.248091027813948e-31,1.2543821151478763e-31,1.2606982036379077e-31,1.2670393657157923e-31,1.2734056739434275e-31,1.2797972010129388e-31,1.286214019746766e-31,1.292656203097739e-31,1.2991238241491644e-31,1.3056169561149039e-31,1.312135672339458e-31,1.318680046298048e-31,1.3252501515966942e-31,1.3318460619723002e-31,1.3384678512927325e-31,1.3451155935569036e-31,1.3517893628948504e-31,1.3584892335678181e-31,1.3652152799683379e-31,1.3719675766203109e-31,1.3787461981790874e-31,1.3855512194315473e-31,1.3923827152961836e-31,1.3992407608231772e-31,1.4061254311944832e-31,1.4130368017239088e-31,1.4199749478571928e-31,1.4269399451720863e-31,1.433931869378436e-31,1.4409507963182585e-31,1.4479968019658253e-31,1.4550699624277407e-31,1.4621703539430217e-31,1.4692980528831776e-31,1.4764531357522911e-31,1.4836356791870947e-31,1.4908457599570552e-31,1.4980834549644487e-31,1.505306057617523e-31,1.5125473866521295e-31,1.5198088115547637e-31
13,1.244912326235557e-23,2.1119253375351238e-23,2.715752246403805e-23,3.1362845003861757e-23,3.429162101635977e-23,3.6331352535204025e-23,3.7751913428631535e-23,3.874125601283611e-23,3.9430278745651515e-23,3.991014520840758e-23,4.0244345824891426e-23,4.0477098185655937e-23,4.063919741219632e-23,4.075209061404654e-23,4.083071452420378e-23,4.0885471756234505e-23,4.0923607158730864e-23,4.095016637053905e-23,4.0968663401793474e-23,4.098154556741286e-23,4.099051728772645e-23,4.099676559781354e-23,4.100111720236426e-23,4.1004147855757154e-23,4.100625853927164e-23,4.1007728514330065e-23,4.100875227116432e-23,4.100946526153081e-23,4.100996182013314e-23,4.10103076459071e-23,4.1010548494551036e-23,4.101071623239389e-23,4.101083305258169e-23,4.1010914411421976e-23,4.101097107338273e-23,4.1011010535323976e-23,4.101103801839699e-23,4.101105715884677e-23,4.1011070489117916e-23,4.1011079772919056e-23,4.101108623857609e-23,4.1011090741551124e-23,4.1011093877625396e-23,4.101109606172888e-23,4.1011097582837257e-23,4.101109864220551e-23,4.1011099379997396e-23,4.1011099893828564e-23,4.101110025168367e-23,4.101110050091011e-23,4.101110067448222e-23,4.1011100795365364e-23,4.101110087955361e-23,4.101110093818581e-23,4.1011100979019764e-23,4.1011101007458246e-23,4.1011101027264444e-23,4.10111010410583e-23,4.10111010506649e-23,4.1011101057355454e-23,4.1011101062014967e-23,4.101110106526004e-23,4.10111010675204e-23,4.10111010690944e-23,4.101110107019056e-23,4.1011101070954155e-23,4.101110107148562e-23,4.101110107185569e-23,4.101110107211328e-23,4.1011101072292525e-23,4.101110107241713e-23,4.1011101072503785e-23,4.1011101072564235e-23,4.101110107260666e-23,4.101110107263575e-23,4.1011101072655736e-23,4.101110107266947e-23,4.101110107267883e-23,4.1011101072685035e-23,4.101110107268942e-23,4.101110107269238e-23,4.1011101072694145e-23,4.1011101072695156e-23,4.1011101072695785e-23,4.101110107269627e-23,4.1011101072696784e-23,4.1011101072697195e-23,4.10111010726973e-23,4.1011101072697254e-23,4.1011101072697113e-23,4.1011101072696813e-23,4.10111010726969e-23,4.101110107269708e-23,4.101110107269703e-23,4.1011101072697207e-23,4.10111010726974e-23,4.101110107269749e-23,4.1011101072697195e-23,4.10111010726972e-23,4.101110107269674e-23,4.1011101072696396e-23,4.101110107269637e-23,4.1011101072696766e-23,4.1011101072697037e-23,4.101110107269708e-23,4.101110107269742e-23,4.101110107269767e-23,4.1011101072697936e-23,4.101110107269807e-23,4.101110107269764e-23,4.101110107269774e-23,4.101110107269759e-23,4.101110107269749e-23,4.101110107269763e-23,4.1011101072697424e-23,4.1011101072697236e-23,4.1011101072697166e-23,4.1011101072697307e-23,4.1011101072697454e-23,4.1011101072697424e-23,4.101110107269717e-23,4.1011101072696866e-23,4.101110107269654e-23,4.1011101072696325e-23,4.101110107269611e-23,4.1011101072695755e-23,4.101110107269535e-23,4.101110107269478e-23,4.1011101072694627e-23,4.101110107269446e-23,4.1011101072694327e-23,4.101110107269413e-23,4.1011101072693945e-23,4.101110107269396e-23,4.1011101072693933e-23,4.1011101072693757e-23,4.101110107269351e-23,4.1011101072693316e-23,4.1011101072692834e-23,4.101110107269206e-23,4.1011101072691523e-23,4.101110107269139e-23,4.10111010726912e-23,4.1011101072691006e-23,4.1011101072691036e-23,4.1011101072691e-23,4.1011101072691224e-23,4.101110107269129e-23,4.101110107269106e-23,4.101110107269115e-23,4.1011101072691006e-23,4.1011101072690754e-23,4.1011101072690865e-23,4.101110107269075e-23,4.10111010726907e-23,4.101110107269055e-23,4.101110107269005e-23,4.1011101072689825e-23,4.101110107268966e-23,4.1011101072689737e-23,4.101110107268935e-23,4.10111010726895e-23,4.101110107268937e-23,4.10111010726891e-23,4.101110107268903e-23,4.1011101072688796e-23,4.101110107268806e-23,4.1011101072687145e-23,4.101110107268627e-23,4.101110107268591e-23,4.101110107268566e-23,4.1011101072685064e-23,4.101110107268378e-23,4.101110107268316e-23,4.1011101072682637e-23,4.101110107268234e-23,4.1011101072681855e-23,4.101110107268121e-23,4.1011101072680815e-23,4.101110107268074e-23,4.1011101072680785e-23,4.101110107268064e-23,4.10111010726806e-23,4.1011101072680186e-23,4.101110107267987e-23,4.101110107267959e-23,4.101110107267944e-23,4.101110107267916e-23,4.101110107267867e-23,4.101110107267807e-23,4.1011101072678246e-23,4.101110107267847e-23,4.101110107267876e-23,4.1011101072679075e-23,4.1011101072679457e-23,4.1011101072679516e-23,4.1011101072679745e-23,4.101110107267961e-23,4.101110107267934e-23,4.101110107267906e-23,4.1011101072678875e-23,4.101110107267902e-23,4.1011101072679175e-23,4.101110107267938e-23,4.1011101072679134e-23,4.101110107267903e-23,4.101110107267912e-23,4.1011101072679187e-23,4.101110107267929e-23,4.101110107267911e-23,4.1011101072679104e-23,4.101110107267895e-23,4.1011101072678705e-23,4.1011101072678105e-23,4.1011101072677876e-23,4.1011101072677576e-23,4.101110107267743e-23,4.101110107267748e-23,4.101110107267776e-23,4.1011101072677864e-23,4.101110107267816e-23,4.1011101072678464e-23,4.1011101072678434e-23,4.1011101072678646e-23,4.1011101072678734e-23,4.101110107267902e-23,4.101110107267906e-23,4.101110107267885e-23,4.1011101072678634e-23,4.1011101072678493e-23,4.1011101072678146e-23,4.101110107267819e-23,4.101110107267805e-23,4.1011101072678135e-23,4.101110107267805e-23,4.101110107267781e-23,4.101110107267777e-23,4.101110107267776e-23,4.1011101072677547e-23,4.101110107267773e-23,4.101110107267736e-23,4.101110107267755e-23,4.1011101072677576e-23,4.1011101072677376e-23,4.10111010726773e-23,4.1011101072677006e-23,4.1011101072676577e-23,4.101110107267629e-23,4.101110107267583e-23,4.101110107267522e-23,4.1011101072675055e-23,4.1011101072675284e-23,4.101110107267536e-23,4.101110107267479e-23,4.1011101072674385e-23,4.10111010726738e-23,4.101110107267348e-23,4.101110107267278e-23,4.1011101072671934e-23,4.1011101072671675e-23,4.1011101072671405e-23,4.101110107267108e-23,4.101110107267047e-23,4.101110107266983e-23,4.101110107266898e-23,4.1011101072668466e-23,4.101110107266782e-23,4.1011101072667414e-23,4.1011101072667044e-23,4.1011101072667e-23,4.101110107266663e-23,4.101110107266623e-23,4.1011101072665833e-23,4.1011101072665633e-23,4.101110107266518e-23,4.101110107266483e-23,4.101110107266464e-23,4.1011101072664446e-23,4.101110107266477e-23,4.101110107266452e-23,4.1011101072664246e-23,4.1011101072664346e-23,4.10111010726645e-23,4.101110107266444e-23,4.101110107266455e-23,4.1011101072664375e-23,4.1011101072664176e-23,4.101110107266413e-23,4.101110107266401e-23,4.101110107266428e-23,4.101110107266422e-23,4.1011101072663976e-23,4.1011101072663535e-23,4.101110107266305e-23,4.1011101072662894e-23,4.1011101072662624e-23,4.1011101072662595e-23,4.10111010726625e-23,4.101110107266224e-23,4.1011101072662195e-23,4.101110107266214e-23,4.1011101072661954e-23,4.1011101072661266e-23,4.1011101072660843e-23,4.101110107266026e-23,4.101110107265953e-23,4.101110107265885e-23,4.1011101072658316e-23,4.101110107265824e-23,4.101110107265789e-23,4.101110107265712e-23,4.1011101072656723e-23,4.101110107265653e-23,4.101110107265636e-23,4.1011101072656065e-23,4.101110107265589e-23,4.101110107265549e-23,4.1011101072655254e-23,4.1011101072655036e-23,4.1011101072654566e-23,4.1011101072654213e-23,4.1011101072654166e-23,4.1011101072653825e-23,4.1011101072653743e-23,4.1011101072653843e-23,4.101110107265357e-23,4.1011101072653696e-23,4.1011101072653796e-23,4.101110107265377e-23,4.1011101072653385e-23,4.101110107265357e-23,4.10111010726536e-23,4.101110107265324e-23,4.10111010726526e-23,4.101110107265176e-23,4.1011101072650787e-23,4.101110107265021e-23,4.101110107264981e-23,4.1011101072649676e-23,4.1011101072649576e-23,4.101110107264961e-23,4.1011101072649946e-23,4.101110107265025e-23,4.101110107265018e-23,4.1011101072650076e-23,4.1011101072649693e-23,4.1011101072649323e-23,4.1011101072649394e-23,4.1011101072649206e-23,4.1011101072649264e-23,4.1011101072649276e-23,4.1011101072649094e-23,4.1011101072649047e-23,4.101110107264879e-23,4.1011101072648753e-23,4.101110107264911e-23,4.101110107264892e-23,4.101110107264887e-23,4.101110107264853e-23,4.101110107264842e-23,4.101110107264839e-23,4.10111010726484e-23,4.1011101072648236e-23,4.101110107264828e-23,4.101110107264833e-23,4.1011101072648195e-23,4.10111010726483e-23,4.1011101072648406e-23,4.1011101072648183e-23,4.101110107264825e-23,4.101110107264842e-23,4.101110107264844e-23,4.1011101072648653e-23,4.101110107264898e-23,4.101110107264908e-23,4.1011101072649494e-23,4.1011101072649676e-23,4.101110107264929e-23,4.101110107264869e-23,4.101110107264798e-23,4.1011101072647413e-23,4.101110107264711e-23,4.1011101072646326e-23,4.101110107264622e-23,4.1011101072646196e-23,4.1011101072646144e-23,4.101110107264615e-23,4.101110107264613e-23,4.101110107264636e-23,4.101110107264635e-23,4.101110107264625e-23,4.101110107264587e-23,4.10111010726459e-23,4.1011101072645714e-23,4.1011101072645814e-23,4.1011101072646085e-23,4.10111010726461e-23,4.101110107264622e-23,4.10111010726464e-23,4.101110107264615e-23,4.1011101072646114e-23,4.1011101072646155e-23,4.101110107264624e-23,4.1011101072646326e-23,4.1011101072646085e-23,4.1011101072646e-23,4.1011101072646055e-23,4.101110107264608e-23,4.101110107264587e-23,4.101110107264575e-23,4.101110107264596e-23,4.1011101072645897e-23,4.101110107264597e-23,4.1011101072645797e-23,4.1011101072646085e-23,4.101110107264617e-23,4.101110107264638e-23,4.101110107264642e-23,4.1011101072646285e-23,4.101110107264648e-23,4.1011101072646285e-23,4.101110107264586e-23,4.101110107264587e-23,4.1011101072645626e-23,4.10111010726455e-23,4.1011101072645644e-23,4.101110107264612e-23,4.101110107264645e-23,4.101110107264677e-23,4.101110107264661e-23,4.1011101072646114e-23,4.101110107264585e-23,4.101110107264585e-23,4.101110107264584e-23,4.101110107264599e-23,4.1011101072646014e-23,4.1011101072645697e-23,4.101110107264575e-23,4.1011101072645926e-23,4.101110107264572e-23,4.1011101072645526e-23,4.1011101072645626e-23,4.1011101072645744e-23,4.1011101072645914e-23,4.10111010726459e-23,4.1011101072645697e-23,4.1011101072646285e-23,4.101110107264639e-23,4.101110107264621e-23,4.101110107264595e-23,4.1011101072646096e-23,4.101110107264625e-23,4.101110107264644e-23,4.101110107264665e-23,4.1011101072646684e-23,4.1011101072646567e-23,4.1011101072646326e-23,4.101110107264598e-23,4.1011101072645914e-23,4.1011101072646085e-23,4.101110107264595e-23,4.1011101072645785e-23,4.1011101072645626e-23,4.101110107264561e-23,4.101110107264557e-23,4.101110107264539e-23,4.101110107264568e-23,4.101110107264544e-23,4.101110107264561e-23,4.1011101072645744e-23,4.101110107264602e-23,4.101110107264602e-23,4.101110107264607e-23,4.101110107264613e-23,4.101110107264587e-23,4.1011101072645785e-23,4.1011101072645515e-23,4.1011101072645685e-23,4.101110107264561e-23,4.101110107264558e-23,4.101110107264599e-23,4.101110107264584e-23,4.101110107264581e-23,4.101110107264584e-23,4.101110107264615e-23,4.101110107264626e-23,4.1011101072646014e-23,4.1011101072646014e-23,4.101110107264598e-23,4.101110107264593e-23,4.101110107264541e-23,4.101110107264471e-23,4.1011101072644233e-23,4.101110107264406e-23,4.101110107264318e-23,4.101110107264276e-23,4.101110107264232e-23,4.101110107264153e-23,4.101110107264123e-23,4.101110107264077e-23,4.101110107264029e-23,4.1011101072639866e-23,4.101110107263955e-23,4.1011101072639326e-23,4.101110107263879e-23,4.101110107263812e-23,4.101110107263767e-23,4.10111010726371e-23,4.101110107263701e-23,4.101110107263676e-23,4.101110107263634e-23,4.101110107263633e-23,4.1011101072636234e-23,4.10111010726368e-23,4.1011101072636604e-23,4.1011101072636634e-23,4.101110107263642e-23,4.10111010726362e-23,4.1011101072636117e-23,4.101110107263619e-23,4.101110107263606e-23,4.101110107263609e-23,4.101110107263602e-23,4.101110107263577e-23,4.101110107263531e-23,4.1011101072634876e-23,4.101110107263506e-23,4.1011101072635106e-23,4.1011101072635135e-23,4.1011101072634976e-23,4.1011101072635064e-23,4.1011101072634324e-23,4.101110107263399e-23,4.1011101072633807e-23,4.1011101072633213e-23,4.101110107263271e-23,4.1011101072632026e-23,4.101110107263165e-23,4.1011101072631785e-23,4.101110107263143e-23,4.1011101072631485e-23,4.101110107263135e-23,4.101110107263125e-23,4.10111010726309e-23,4.1011101072630645e-23,4.10111010726304e-23,4.101110107263015e-23,4.101110107263009e-23,4.1011101072630086e-23,4.1011101072629704e-23,4.101110107262976e-23,4.101110107262979e-23,4.101110107262962e-23,4.1011101072629404e-23,4.1011101072628934e-23,4.101110107262875e-23,4.101110107262866e-23,4.101110107262844e-23,4.1011101072628417e-23,4.101110107262843e-23,4.1011101072628493e-23,4.1011101072628364e-23,4.101110107262829e-23,4.10111010726282e-23,4.101110107262816e-23,4.101110107262825e-23,4.101110107262804e-23,4.1011101072628047e-23,4.1011101072627906e-23,4.101110107262783e-23,4.10111010726276e-23,4.101110107262743e-23,4.1011101072627676e-23,4.1011101072627724e-23,4.101110107262752e-23,4.1011101072627353e-23,4.1011101072627006e-23,4.101110107262641e-23,4.101110107262638e-23,4.101110107262628e-23,4.1011101072625937e-23,4.1011101072626025e-23,4.101110107262613e-23,4.1011101072625825e-23,4.101110107262515e-23,4.1011101072624773e-23,4.1011101072624174e-23,4.1011101072624144e-23,4.101110107262409e-23,4.101110107262416e-23,4.1011101072623856e-23,4.101110107262369e-23,4.101110107262327e-23,4.101110107262294e-23,4.1011101072622734e-23,4.10111010726223e-23,4.1011101072621805e-23,4.101110107262124e-23,4.101110107262112e-23,4.101110107262115e-23,4.1011101072621105e-23,4.101110107262088e-23,4.1011101072620765e-23,4.1011101072620735e-23,4.101110107262037e-23,4.1011101072620306e-23,4.101110107261988e-23,4.101110107261949e-23,4.101110107261971e-23,4.101110107261956e-23,4.1011101072619113e-23,4.101110107261891e-23,4.1011101072618684e-23,4.1011101072618343e-23,4.1011101072618214e-23,4.1011101072617955e-23,4.101110107261781e-23,4.1011101072617585e-23,4.101110107261737e-23,4.1011101072617356e-23,4.1011101072617444e-23,4.1011101072617344e-23,4.101110107261716e-23,4.1011101072617315e-23,4.1011101072617444e-23,4.101110107261778e-23,4.1011101072618226e-23,4.1011101072618584e-23,4.1011101072618966e-23,4.1011101072619225e-23,4.1011101072619507e-23,4.101110107262009e-23,4.10111010726201e-23,4.10111010726201e-23,4.1011101072620153e-23,4.1011101072619807e-23,4.1011101072619695e-23,4.101110107261959e-23,4.101110107261944e-23,4.101110107261933e-23,4.1011101072619166e-23,4.101110107261933e-23,4.1011101072619266e-23,4.1011101072619307e-23,4.101110107261973e-23,4.101110107261993e-23,4.101110107261982e-23,4.1011101072619795e-23,4.101110107262011e-23,4.101110107262046e-23,4.1011101072620747e-23,4.101110107262065e-23,4.101110107262078e-23,4.101110107262082e-23,4.101110107262098e-23,4.101110107262063e-23,4.1011101072620794e-23,4.101110107262053e-23,4.1011101072620465e-23,4.101110107262034e-23,4.10111010726205e-23,4.101110107262053e-23,4.101110107262078e-23,4.1011101072620676e-23,4.101110107262073e-23,4.1011101072620765e-23,4.101110107262055e-23,4.10111010726204e-23,4.101110107262063e-23,4.1011101072620435e-23,4.1011101072620306e-23,4.1011101072620165e-23,4.1011101072620194e-23,4.101110107262014e-23,4.1011101072620294e-23,4.1011101072620277e-23,4.1011101072620065e-23,4.101110107262001e-23,4.101110107261994e-23,4.101110107262001e-23,4.1011101072620077e-23,4.1011101072620036e-23,4.101110107262005e-23,4.101110107261982e-23,4.101110107261978e-23,4.101110107261998e-23,4.1011101072619895e-23,4.101110107262041e-23,4.1011101072620794e-23,4.101110107262098e-23,4.101110107262087e-23,4.1011101072620694e-23,4.1011101072620947e-23,4.101110107262095e-23,4.10111010726206e-23,4.101110107262061e-23,4.101110107262036e-23,4.1011101072620077e-23,4.1011101072620277e-23,4.1011101072620435e-23,4.101110107262053e-23,4.101110107262058e-23,4.1011101072620306e-23,4.101110107262014e-23,4.1011101072619977e-23,4.1011101072619754e-23,4.1011101072619895e-23,4.1011101072619924e-23,4.101110107261983e-23,4.101110107261995e-23,4.101110107261998e-23,4.1011101072619895e-23,4.1011101072620024e-23,4.101110107261983e-23,4.1011101072619795e-23,4.1011101072619707e-23,4.101110107261978e-23,4.101110107261956e-23,4.1011101072619754e-23,4.1011101072619924e-23,4.1011101072619765e-23,4.101110107261959e-23,4.101110107261982e-23,4.1011101072619924e-23,4.101110107262013e-23,4.1011101072620095e-23,4.1011101072620306e-23,4.1011101072620494e-23,4.101110107262097e-23,4.1011101072620676e-23,4.1011101072620923e-23,4.101110107262062e-23,4.101110107262082e-23,4.101110107262046e-23,4.1011101072620153e-23,4.1011101072619883e-23,4.101110107261956e-23,4.1011101072619236e-23,4.101110107261917e-23,4.1011101072619137e-23,4.1011101072618937e-23,4.101110107261928e-23,4.101110107261933e-23,4.101110107261976e-23,4.101110107262001e-23,4.101110107262033e-23,4.101110107262073e-23,4.1011101072620647e-23,4.101110107262065e-23,4.101110107262082e-23,4.1011101072620577e-23,4.1011101072620306e-23,4.101110107261991e-23,4.1011101072619906e-23,4.1011101072620306e-23,4.101110107262021e-23,4.101110107262024e-23,4.1011101072620065e-23,4.101110107261966e-23,4.1011101072619654e-23,4.1011101072619495e-23,4.101110107261939e-23,4.1011101072619436e-23,4.1011101072619624e-23,4.1011101072619695e-23,4.1011101072619807e-23,4.101110107261985e-23,4.1011101072619995e-23,4.1011101072620294e-23,4.1011101072620277e-23,4.101110107262025e-23,4.1011101072620277e-23,4.101110107261997e-23,4.10111010726196e-23,4.101110107261956e-23,4.101110107261957e-23,4.101110107261964e-23,4.101110107261947e-23,4.101110107261973e-23,4.1011101072619883e-23,4.101110107262019e-23,4.101110107262048e-23,4.10111010726205e-23,4.101110107262048e-23,4.10111010726202e-23,4.101110107262051e-23,4.101110107262073e-23,4.101110107262086e-23,4.1011101072620765e-23,4.101110107262041e-23,4.101110107261996e-23,4.101110107262014e-23,4.101110107262022e-23,4.101110107262041e-23,4.101110107262011e-23,4.101110107262014e-23,4.1011101072620095e-23,4.10111010726202e-23,4.1011101072620553e-23,4.10111010726205e-23,4.1011101072620153e-23,4.10111010726201e-23,4.101110107262001e-23,4.101110107261982e-23,4.1011101072619607e-23,4.1011101072619495e-23,4.1011101072619495e-23,4.101110107261971e-23,4.1011101072619636e-23,4.101110107261978e-23,4.1011101072619354e-23,4.1011101072619454e-23,4.101110107261971e-23,4.101110107261998e-23,4.1011101072620036e-23,4.101110107262021e-23,4.1011101072620394e-23,4.1011101072620535e-23,4.1011101072620577e-23,4.101110107262041e-23,4.1011101072620177e-23,4.101110107262034e-23,4.101110107262019e-23,4.101110107262038e-23,4.101110107262033e-23,4.101110107262019e-23,4.101110107261991e-23,4.101110107261973e-23,4.1011101072619754e-23,4.101110107261951e-23,4.101110107261928e-23,4.1011101072619395e-23,4.1011101072619624e-23,4.101110107261993e-23,4.101110107262019e-23,4.101110107262032e-23,4.101110107262022e-23,4.101110107262009e-23,4.1011101072620177e-23,4.1011101072620306e-23,4.1011101072620306e-23,4.101110107262019e-23,4.101110107262036e-23,4.101110107262064e-23,4.10111010726208e-23,4.101110107262073e-23,4.101110107262041e-23,4.101110107262035e-23,4.1011101072620294e-23,4.1011101072620577e-23,4.101110107262073e-23,4.1011101072620835e-23,4.101110107262059e-23,4.1011101072620435e-23,4.101110107262051e-23,4.1011101072620847e-23,4.101110107262062e-23,4.101110107262019e-23,4.101110107261973e-23,4.1011101072619395e-23,4.1011101072619236e-23,4.1011101072619354e-23,4.101110107261937e-23,4.10111010726193e-23,4.1011101072619395e-23,4.101110107261933e-23,4.1011101072619383e-23,4.101110107261997e-23,4.1011101072620124e-23,4.101110107261994e-23,4.101110107261968e-23,4.1011101072619383e-23,4.1011101072619354e-23,4.101110107261909e-23,4.101110107261947e-23,4.101110107261984e-23,4.101110107261986e-23,4.1011101072620253e-23,4.1011101072620277e-23,4.1011101072620077e-23,4.101110107262015e-23,4.1011101072619977e-23,4.101110107261973e-23,4.1011101072619636e-23,4.1011101072619607e-23,4.101110107261986e-23,4.101110107261993e-23,4.1011101072619995e-23,4.1011101072620036e-23,4.1011101072620077e-23,4.1011101072620065e-23,4.101110107261993e-23,4.1011101072619807e-23,4.101110107262005e-23,4.1011101072620165e-23,4.101110107262033e-23,4.1011101072620524e-23,4.101110107262058e-23,4.101110107262055e-23,4.1011101072620435e-23,4.101110107262064e-23,4.101110107262053e-23,4.101110107262086e-23,4.101110107262053e-23,4.1011101072619906e-23,4.101110107261984e-23,4.101110107261974e-23,4.101110107261947e-23,4.1011101072619254e-23,4.1011101072619307e-23,4.1011101072619137e-23,4.101110107261942e-23,4.101110107261958e-23,4.1011101072619607e-23,4.101110107261976e-23,4.1011101072619795e-23,4.101110107262001e-23,4.101110107262021e-23,4.1011101072620577e-23,4.101110107262077e-23,4.101110107262077e-23,4.1011101072620794e-23,4.101110107262055e-23,4.1011101072620494e-23,4.101110107262019e-23,4.1011101072620253e-23,4.101110107262025e-23,4.101110107262021e-23,4.1011101072620265e-23,4.101110107262014e-23,4.101110107262009e-23,4.1011101072620024e-23,4.1011101072620265e-23,4.1011101072620277e-23,4.1011101072620124e-23,4.101110107262006e-23,4.1011101072620706e-23,4.1011101072621035e-23,4.101110107262127e-23,4.101110107262151e-23,4.101110107262159e-23,4.101110107262146e-23,4.1011101072621346e-23,4.101110107262113e-23,4.1011101072620494e-23,4.101110107262015e-23,4.1011101072620077e-23,4.1011101072619636e-23,4.101110107261944e-23,4.101110107261958e-23,4.101110107261951e-23,4.101110107261927e-23,4.1011101072619225e-23,4.1011101072619395e-23,4.101110107261947e-23,4.101110107261966e-23,4.1011101072619883e-23,4.1011101072619977e-23,4.10111010726202e-23,4.1011101072620553e-23,4.101110107262035e-23,4.101110107262033e-23,4.1011101072620365e-23,4.101110107262051e-23,4.1011101072620735e-23,4.101110107262058e-23,4.1011101072620494e-23,4.1011101072620694e-23,4.101110107262063e-23,4.101110107262042e-23,4.101110107262013e-23,4.1011101072619754e-23,4.101110107261973e-23,4.101110107262006e-23,4.10111010726205e-23,4.1011101072620665e-23,4.1011101072620706e-23,4.1011101072620835e-23,4.101110107262082e-23,4.101110107262092e-23,4.101110107262101e-23,4.101110107262072e-23,4.101110107262078e-23,4.1011101072620494e-23,4.1011101072620265e-23,4.1011101072620524e-23,4.101110107262042e-23,4.101110107262042e-23,4.1011101072620165e-23,4.1011101072620194e-23,4.101110107262053e-23,4.10111010726204e-23,4.101110107262042e-23,4.101110107262037e-23,4.1011101072620465e-23,4.101110107262038e-23,4.1011101072620394e-23,4.1011101072620435e-23,4.10111010726206e-23,4.1011101072620524e-23,4.183349086313108e-23,4.240623660634779e-23,4.280512009343243e-23,4.308291881528343e-23,4.3276389168821286e-23,4.341112981072591e-23,4.3504968692093416e-23,4.357032189946732e-23,4.3615836540275374e-23,4.364753478055487e-23,4.366961072600914e-23,4.3684985307043453e-23,4.3695692787662784e-23,4.370314990929687e-23,4.3708343348457785e-23,4.3711960266908167e-23,4.3714479232127417e-23,4.3716233538027483e-23,4.371745530408521e-23,4.3718306187774374e-23,4.371889877395559e-23,4.371931147132181e-23,4.371959888688832e-23,4.371979905121188e-23,4.371993845032651e-23,4.372003553019108e-23,4.372010313732892e-23,4.372015022636239e-23,4.372018301033066e-23,4.3720205846846606e-23,4.372022174116049e-23,4.3720232814439394e-23,4.372024052958329e-23,4.3720245904853624e-23,4.372024965486655e-23,4.372025223983657e-23,4.3720254038111e-23,4.372025528890385e-23,4.3720256158592087e-23,4.3720256768579157e-23,4.3720257186777447e-23,4.37202574771506e-23,4.372025767869177e-23,4.3720257818562073e-23,4.372025791568153e-23,4.3720257983231217e-23,4.3720258030395277e-23,4.372025806357225e-23,4.372025808722492e-23,4.372025810446453e-23,4.372025811746152e-23,4.3720258127731734e-23,4.372025813633616e-23,4.372025814401663e-23,4.37202581512945e-23,4.37202581585369e-23,4.372025816600316e-23,4.372025817387871e-23,4.372025818229725e-23,4.372025819135342e-23,4.372025820111977e-23,4.3720258211650593e-23,4.372025822298771e-23,4.3720258235163965e-23,4.3720258248207e-23,4.3720258262138264e-23,4.3720258276978974e-23,4.3720258292748025e-23,4.372025830946174e-23,4.372025832713277e-23,4.372025834577968e-23,4.3720258365416045e-23,4.372025838605677e-23,4.3720258407714276e-23,4.372025843040331e-23,4.372025845413701e-23,4.372025847892988e-23,4.3720258504794787e-23,4.3720258531744987e-23,4.3720258559793346e-23,4.3720258588955974e-23,4.3720258619208655e-23,4.372025865064751e-23,4.372025868326664e-23,4.372025871700508e-23,4.372025875192573e-23,4.372025878804327e-23,4.372025882536694e-23,4.372025886391026e-23,4.372025890368527e-23,4.372025894470666e-23,4.372025898698769e-23,4.372025903054058e-23,4.372025906382593e-23,4.372025912771853e-23,4.372025917327846e-23,4.372025922074009e-23,4.372025926993917e-23,4.3720259320766935e-23,4.372025937315331e-23,4.3720259434331826e-23,4.3720259501927636e-23,4.3720259573558406e-23,4.372025964786812e-23,4.372025972529198e-23,4.37202597659231e-23,4.372025981428391e-23,4.372025986848333e-23,4.3720259927208173e-23,4.372025998954746e-23,4.372026005487205e-23,4.3720260122747274e-23,4.3720260192873746e-23,4.3720260265047283e-23,4.372026033913361e-23,4.3720260415031006e-23,4.37202604926846e-23,4.37202605720565e-23,4.372026065312421e-23,4.372026073587573e-23,4.372026082030606e-23,4.372026090641633e-23,4.372026099421135e-23,4.37202610836984e-23,4.372026117488627e-23,4.372026126778521e-23,4.372026136240592e-23,4.372026145875992e-23,4.3720261556858945e-23,4.3720261656715233e-23,4.372026175834168e-23,4.372026186175112e-23,4.372026196695543e-23,4.372026207396769e-23,4.3720262182800765e-23,4.3720262293467164e-23,4.372026240597948e-23,4.3720262520350704e-23,4.3720262636593977e-23,4.372026275472201e-23,4.372026287474714e-23,4.3720262996681745e-23,4.3720263120539276e-23,4.3720263246332253e-23,4.3720263374074e-23,4.372026350377683e-23,4.372026363545301e-23,4.372026376911614e-23,4.372026390477899e-23,4.37202640507944e-23,4.3720264187961615e-23,4.372026433652942e-23,4.372026447647823e-23,4.3720264628180964e-23,4.37202647716653e-23,4.372026492553677e-23,4.372026508780628e-23,4.372026523465015e-23,4.372026538588959e-23,4.372026554082051e-23,4.37202656989831e-23,4.3720265860062104e-23,4.3720266031091977e-23,4.372026619522564e-23,4.3720266366759913e-23,4.37202665482636e-23,4.3720266734831874e-23,4.37202669012338e-23,4.372026708112597e-23,4.372026725448976e-23,4.372026743231784e-23,4.372026762259742e-23,4.372026781949699e-23,4.3720268023852254e-23,4.372026823491215e-23,4.3720268411206625e-23,4.3720268601570194e-23,4.3720268803468443e-23,4.372026901223682e-23,4.372026923156222e-23,4.372026945864463e-23,4.372026968868152e-23,4.372026992395811e-23,4.372027016222244e-23,4.37202704025868e-23,4.37202706500078e-23,4.372027080880572e-23,4.37202709844369e-23,4.372027118161453e-23,4.3720271390041694e-23,4.3720271607078365e-23,4.372027183089024e-23,4.372027206020295e-23,4.372027229413297e-23,4.372027253206909e-23,4.3720272773588353e-23,4.372027301840143e-23,4.372027326630927e-23,4.3720273517177057e-23,4.372027377091563e-23,4.372027402746601e-23,4.3720274286789836e-23,4.372027454886574e-23,4.372027481368129e-23,4.372027508123151e-23,4.3720275360054317e-23,4.37202756304896e-23,4.372027590445722e-23,4.372027618172697e-23,4.372027646214304e-23,4.372027674559891e-23,4.372027703202319e-23,4.3720277328148885e-23,4.372027763266435e-23,4.3720277922015226e-23,4.3720278215995965e-23,4.37202785140721e-23,4.3720278815875524e-23,4.3720279121152823e-23,4.372027942973214e-23,4.372027974149765e-23,4.372028005637137e-23,4.372028037430289e-23,4.372028069526117e-23,4.372028101922761e-23,4.372028134619426e-23,4.3720281676156645e-23,4.3720282019375887e-23,4.37202823698337e-23,4.3720282738548785e-23,4.372028306755606e-23,4.372028339997994e-23,4.372028373926766e-23,4.372028408426837e-23,4.372028443418516e-23,4.3720284788465895e-23,4.372028514672938e-23,4.372028550871394e-23,4.3720285874242443e-23,4.3720286243191346e-23,4.372028661548654e-23,4.372028699107017e-23,4.372028736990985e-23,4.372028775198747e-23,4.372028813729274e-23,4.3720288525822366e-23,4.3720288917577505e-23,4.372028931256266e-23,4.3720289710784706e-23,4.372029011225144e-23,4.3720290516972457e-23,4.3720290924961696e-23,4.3720291336221243e-23,4.37202917507675e-23,4.372029216861017e-23,4.372029258976314e-23,4.372029301423658e-23,4.3720293442040996e-23,4.3720293873188626e-23,4.3720294307690424e-23,4.37202947455588e-23,4.372029518680479e-23,4.3720295631441155e-23,4.372029607947957e-23,4.372029653093036e-23,4.372029698580602e-23,4.3720297444116585e-23,4.372029791424632e-23,4.3720298394218764e-23,4.3720298881090174e-23,4.372029937588095e-23,4.3720299832130573e-23,4.372030030208578e-23,4.3720300774064605e-23,4.372030125598065e-23,4.372030174933477e-23,4.3720302257036064e-23,4.3720302742327563e-23,4.3720303234694945e-23,4.372030373310369e-23,4.3720304236821023e-23,4.3720304745339016e-23,4.372030525830806e-23,4.372030577548816e-23,4.37203062967147e-23,4.372030682187737e-23,4.37203073509032e-23,4.37203078837447e-23,4.3720308420358005e-23,4.3720308960758037e-23,4.3720309504915037e-23,4.372031006000304e-23,4.37203106230421e-23,4.3720311195801577e-23,4.372031177494763e-23,4.372031232098989e-23,4.372031287596175e-23,4.372031343831224e-23,4.3720314006963544e-23,4.3720314581170006e-23,4.372031516041488e-23,4.372031574434169e-23,4.372031633270679e-23,4.372031692534289e-23,4.372031752213652e-23,4.3720318123013396e-23,4.3720318727924023e-23,4.372031933683787e-23,4.372031994973706e-23,4.372032056661282e-23,4.372032118746174e-23,4.372032181228609e-23,4.3720322441089344e-23,4.372032307387817e-23,4.372032371066072e-23,4.372032435144604e-23,4.372032499624316e-23,4.372032564506289e-23,4.3720326297915343e-23,4.372032695481118e-23,4.3720327615761284e-23,4.372032828077674e-23,4.3720328949868185e-23,4.3720329623046875e-23,4.372033030032358e-23,4.3720330981709424e-23,4.3720331667215676e-23,4.3720332356852386e-23,4.372033305063364e-23,4.372033374856885e-23,4.372033445066918e-23,4.372033515694527e-23,4.3720335867408213e-23,4.372033658206962e-23,4.372033730094093e-23,4.372033802406271e-23,4.37203387513764e-23,4.37203394829346e-23,4.3720340218749505e-23,4.3720340958830116e-23,4.372034170318776e-23,4.372034245183307e-23,4.372034320477634e-23,4.37203439620288e-23,4.3720344723601413e-23,4.372034548950496e-23,4.3720346259750056e-23,4.3720347034348106e-23,4.372034781331009e-23,4.3720348596646467e-23,4.37203493843688e-23,4.3720350176488275e-23,4.37203509730164e-23,4.372035177396141e-23,4.372035257933622e-23,4.372035338915139e-23,4.3720354203418164e-23,4.372035502214705e-23,4.372035584534911e-23,4.372035667303465e-23,4.3720357505215063e-23,4.3720358341900786e-23,4.372035918310315e-23,4.3720360028833315e-23,4.3720360887557324e-23,4.3720361739808255e-23,4.3720362597398275e-23,4.3720363460110565e-23,4.372036432777088e-23,4.3720365200299965e-23,4.3720366077612524e-23,4.37203669596485e-23,4.372036785494566e-23,4.372036874380818e-23,4.3720369638148125e-23,4.372037053772249e-23,4.3720371442368266e-23,4.3720372355924466e-23,4.372037328147857e-23,4.3720374196247524e-23,4.3720375117206347e-23,4.3720376043914177e-23,4.3720376976071546e-23,4.3720377913471697e-23,4.372037885597353e-23,4.372037980348174e-23,4.3720380755934105e-23,4.372038171328937e-23,4.3720382675522857e-23,4.37203836426201e-23,4.372038461457487e-23,4.372038559138473e-23,4.3720386573052846e-23,4.37203875595839e-23,4.372038855098385e-23,4.3720389547260494e-23,4.37203905484242e-23,4.372039155448234e-23,4.37203925654448e-23,4.3720393581322036e-23,4.372039460212381e-23,4.3720395627859793e-23,4.372039665854095e-23,4.3720397694177506e-23,4.372039873478035e-23,4.3720399780359815e-23,4.3720400830926264e-23,4.372040188649037e-23,4.3720402947061704e-23,4.3720404012651535e-23,4.3720405083269796e-23,4.372040615892714e-23,4.3720407239634014e-23,4.372040832540117e-23,4.3720409416239487e-23,4.3720410512158994e-23,4.3720411613169774e-23,4.372041271928256e-23,4.372041383050728e-23,4.372041494685499e-23,4.372041606833599e-23,4.372041719496051e-23,4.3720418326739156e-23,4.372041946368201e-23,4.372042060579929e-23,4.372042175310174e-23,4.372042290559949e-23,4.3720424063303004e-23,4.372042522622257e-23,4.372042639436851e-23,4.3720427567751726e-23,4.3720428746382325e-23,4.3720429930269964e-23,4.372043111942621e-23,4.372043231386108e-23,4.3720433513582573e-23,4.372043471860296e-23,4.372043592893209e-23,4.3720437144580515e-23,4.372043836555833e-23,4.3720439591876905e-23,4.3720440823544616e-23,4.372044206057255e-23,4.3720443302970234e-23,4.372044455074893e-23,4.372044580391849e-23,4.372044706248915e-23,4.372044832647108e-23,4.372044959587493e-23,4.372045087071072e-23,4.37204521509878e-23,4.3720453436717355e-23,4.3720454727910413e-23,4.372045602457332e-23,4.3720457326719114e-23,4.3720458634357973e-23,4.372045994749963e-23,4.372046126615376e-23,4.3720462590331455e-23,4.3720463920042084e-23,4.3720465255295856e-23,4.372046659610305e-23,4.3720467942474396e-23,4.3720469294419306e-23,4.372047065194754e-23,4.372047201506934e-23,4.3720473383795164e-23,4.3720474758134576e-23,4.372047613809713e-23,4.372047752369436e-23,4.372047891493584e-23,4.372048031183088e-23,4.37204817143898e-23,4.3720483122623014e-23,4.37204845365405e-23,4.3720485956151977e-23,4.3720487381466736e-23,4.372048881249523e-23,4.372049024924718e-23,4.3720491691733193e-23,4.3720493139963557e-23,4.3720494593947754e-23,4.3720496053695223e-23,4.372049751921674e-23,4.3720498990521856e-23,4.372050046761995e-23,4.37205019505216e-23,4.3720503439236745e-23,4.3720504933775415e-23,4.3720506434146975e-23,4.372050794036151e-23,4.372050945242909e-23,4.372051097035885e-23,4.372051249416082e-23,4.372051402384614e-23,4.3720515559423246e-23,4.3720517100903155e-23,4.3720518648294566e-23,4.3720520201608035e-23,4.372052176085302e-23,4.3720523326039365e-23,4.37205248971774e-23,4.372052647427667e-23,4.372052805734627e-23,4.3720529646396465e-23,4.372053124143708e-23,4.372053284247794e-23,4.3720534449528825e-23,4.3720536062599044e-23,4.3720537681698367e-23,4.372053930683645e-23,4.372054093802472e-23,4.372054257527021e-23,4.3720544218586076e-23,4.3720545867979834e-23,4.3720547523460825e-23,4.37205491850397e-23,4.372055085272516e-23,4.372055252652704e-23,4.3720554206455664e-23,4.372055589252027e-23,4.37205575847309e-23,4.3720559283097606e-23,4.372056098762876e-23,4.3720562698334777e-23,4.372056441522501e-23,4.3720566138309515e-23,4.3720567867597657e-23,4.372056960309923e-23,4.3720571344823493e-23,4.3720573092779896e-23,4.3720574846978644e-23,4.372057660742906e-23,4.372057837414047e-23,4.372058014712302e-23,4.37205819263863e-23,4.372058371193841e-23,4.372058550378982e-23,4.37205873019505e-23,4.3720589106429893e-23,4.372059091723697e-23,4.372059273438198e-23,4.372059455787445e-23,4.3720596387723033e-23,4.372059822393818e-23,4.372060006652843e-23,4.372060191550532e-23,4.3720603770875733e-23,4.372060563265007e-23,4.372060750083801e-23,4.37206093754491e-23,4.372061125649241e-23,4.372061314397713e-23,4.3720615037912743e-23,4.3720616938309193e-23,4.372061884517526e-23,4.372062075852122e-23,4.372062267835614e-23,4.372062460468983e-23,4.372062653753136e-23,4.37206284768903e-23,4.372063042277521e-23,4.372063237519593e-23,4.372063433416222e-23,4.372063629968308e-23,4.3720638271767396e-23,4.372064025042574e-23,4.372064223566665e-23,4.372064422749948e-23,4.372064622593377e-23,4.37206482309787e-23,4.372065024264369e-23,4.3720652260937323e-23,4.3720654285869847e-23,4.3720656317450484e-23,4.372065835568784e-23,4.37206604005914e-23,4.3720662452169503e-23,4.3720664510434203e-23,4.372066657539313e-23,4.3720668647055677e-23,4.3720670725430493e-23,4.3720672810527786e-23,4.37206749023557e-23,4.372067700092385e-23,4.372067910624165e-23,4.372068121831793e-23,4.372068333716354e-23,4.372068546278442e-23,4.372068759519222e-23,4.372068973439414e-23,4.372069188040266e-23,4.372069403322492e-23,4.372069619287045e-23,4.372069835934781e-23,4.3720700532666865e-23,4.3720702712836654e-23,4.372070489986605e-23,4.372070709376295e-23,4.3720709294538916e-23,4.3720711502202224e-23,4.3720713716761024e-23,4.372071593822538e-23,4.3720718166603876e-23,4.372072040190587e-23,4.372072264414056e-23,4.37207248933166e-23,4.372072714944294e-23,4.3720729412529213e-23,4.372073168258473e-23,4.372073395961739e-23,4.372073624363713e-23,4.3720738534652055e-23,4.3720740832672905e-23,4.3720743137707806e-23,4.372074544976566e-23,4.372074776885524e-23,4.372075009498563e-23,4.372075242816582e-23,4.3720754768404506e-23,4.3720757115711095e-23,4.3720759470094565e-23,4.372076183156312e-23,4.3720764200127686e-23,4.372076657579579e-23,4.372076895857662e-23,4.372077134847953e-23,4.372077374551297e-23,4.3720776149685563e-23,4.3720778561006924e-23,4.372078097948543e-23,4.3720783405130176e-23,4.372078583795004e-23,4.372078827795439e-23,4.372079072515167e-23,4.3720793179550526e-23,4.372079564116142e-23,4.3720798109990164e-23,4.3720800586047586e-23,4.3720803069341973e-23,4.3720805559882655e-23,4.3720808057678305e-23,4.3720810562737905e-23,4.372081307507051e-23,4.372081559468419e-23,4.372081812158851e-23,4.372082065579187e-23,4.3720823197303266e-23,4.37208257461313e-23,4.3720828302284855e-23,4.3720830865772966e-23,4.3720833436603573e-23,4.372083601478601e-23,4.3720838600328987e-23,4.37208411932414e-23,4.372084379353187e-23,4.372084640120929e-23,4.372084901628268e-23,4.37208516387603e-23,4.372085426865123e-23,4.372085690596405e-23,4.372085955070658e-23,4.372086220288794e-23,4.3720864862517254e-23,4.372086752960319e-23,4.372087020415477e-23,4.3720872886180216e-23,4.372087557568841e-23,4.372087827268804e-23,4.3720880977187466e-23,4.372088368919587e-23,4.372088640872114e-23,4.372088913577226e-23,4.372089187035763e-23,4.372089461248645e-23,4.3720897362167024e-23,4.3720900119408813e-23,4.3720902884218787e-23,4.3720905656606444e-23,4.3720908436580736e-23,4.372091122414959e-23,4.372091401932152e-23,4.372091682210585e-23,4.372091963251073e-23,4.3720922450544525e-23,4.372092527621457e-23,4.3720928109532874e-23,4.3720930950506037e-23,4.372093379914225e-23,4.372093665544995e-23,4.372093951943828e-23,4.372094239111588e-23,4.372094527049106e-23,4.3720948157571895e-23,4.372095105236717e-23,4.3720953954885243e-23,4.3720956865135095e-23,4.3720959783124884e-23,4.372096270886293e-23,4.372096564235816e-23,4.372096858361858e-23,4.372097153265243e-23,4.372097448946915e-23,4.372097745407664e-23,4.372098042648326e-23,4.3720983406697016e-23,4.372098639472722e-23,4.3720989390581554e-23,4.372099239426882e-23,4.372099540579797e-23,4.3720998425176263e-23,4.3721001452412354e-23,4.372100448751544e-23,4.372100753049371e-23,4.372101058135505e-23,4.372101364010818e-23,4.372101670676144e-23,4.372101978132281e-23,4.372102286380027e-23,4.372102595420275e-23,4.3721029052538946e-23,4.372103215881758e-23,4.372103527304614e-23,4.372103839523336e-23,4.372104152538684e-23,4.3721044663515265e-23,4.3721047809626695e-23,4.3721050963730505e-23,4.372105412583305e-23,4.372105729594382e-23,4.372106047407116e-23,4.372106366022378e-23,4.3721066854409264e-23,4.3721070056633505e-23,4.3721073266910446e-23,4.372107648524415e-23,4.372107971164447e-23,4.3721082946119174e-23,4.3721086188676554e-23,4.3721089439324e-23,4.372109269807099e-23,4.3721095964925244e-23,4.3721099239894876e-23,4.372110252298761e-23,4.372110581421269e-23,4.372110911357748e-23,4.3721112421090683e-23,4.372111573675984e-23,4.372111906059296e-23,4.3721122392599723e-23,4.3721125732787146e-23,4.372112908116303e-23,4.3721132437735776e-23,4.372113580251374e-23,4.372113917550545e-23,4.3721142556719234e-23,4.372114594616275e-23,4.3721149343843465e-23,4.3721152749770415e-23,4.3721156163951686e-23,4.3721159586394984e-23,4.3721163017108325e-23,4.372116645610034e-23,4.3721169903378205e-23,4.372117335895065e-23,4.372117682282597e-23,4.3721180295011624e-23,4.372118377551613e-23,4.372118726434803e-23,4.3721190761514347e-23,4.3721194267023383e-23,4.372119778088244e-23,4.3721201303101454e-23,4.372120483368593e-23,4.372120837264599e-23,4.3721211919988185e-23,4.372121547572268e-23,4.37212190398555e-23,4.372122261239554e-23,4.3721226193349917e-23,4.372122978272701e-23,4.3721233380535436e-23,4.3721236986781875e-23,4.3721240601475493e-23,4.372124422462446e-23,4.3721247856235786e-23,4.3721251496317625e-23,4.3721255144878035e-23,4.372125880192474e-23,4.3721262467465816e-23,4.372126614150988e-23,4.3721269824064e-23,4.37212735151364e-23,4.372127721473466e-23,4.372128092286666e-23,4.3721284639540643e-23,4.3721288364764385e-23,4.372129209854567e-23,4.372129584089314e-23,4.3721299591814175e-23,4.3721303351316195e-23,4.3721307119407e-23,4.372131089609566e-23,4.372131468903694e-23,4.372131849552467e-23,4.3721322314414614e-23,4.372132614089852e-23,4.3721329944943164e-23,4.37213337717939e-23,4.372133761290471e-23,4.372134146778926e-23,4.3721345333875307e-23,4.372134921098185e-23,4.3721353060194363e-23,4.372135692520897e-23,4.372136080361112e-23,4.3721364693985276e-23,4.3721368595348135e-23,4.3721372507017053e-23,4.3721376428518875e-23,4.3721380359526915e-23,4.372138429981489e-23,4.372138824922818e-23,4.3721392207661346e-23,4.372139617504383e-23,4.372140015132779e-23,4.37214041364832e-23,4.372140813049082e-23,4.372141213334009e-23,4.3721416145026293e-23,4.372142016554669e-23,4.372142419490152e-23,4.3721428233099617e-23,4.37214322801436e-23,4.372143633604731e-23,4.3721440400794315e-23,4.3721444474403596e-23,4.372144855688535e-23,4.3721452648262257e-23,4.372145674849979e-23,4.3721460857630933e-23,4.372146497566242e-23,4.3721469102601295e-23,4.372147323845482e-23,4.3721477383230866e-23,4.3721481536935763e-23,4.372148569957823e-23,4.3721489871164997e-23,4.372149405170477e-23,4.372149824120353e-23,4.3721502439669573e-23,4.3721506647110544e-23,4.372151086353422e-23,4.3721515088947545e-23,4.3721519323355613e-23,4.3721523566772406e-23,4.372152781920053e-23,4.372153208064943e-23,4.3721536351125916e-23,4.372154063063742e-23,4.3721544919194495e-23,4.372154921679866e-23,4.3721553523461124e-23,4.3721557839187946e-23,4.372156216398964e-23,4.372156649786885e-23,4.3721570840837323e-23,4.372157519290166e-23,4.3721579554067147e-23,4.3721583924343554e-23,4.372158830373966e-23,4.3721592692260925e-23,4.3721597089913985e-23,4.372160149670501e-23,4.3721605912644716e-23,4.372161033773692e-23,4.372161477199399e-23,4.372161921542037e-23,4.372162366802661e-23,4.372162812984627e-23,4.3721632600830655e-23,4.3721637080998834e-23,4.372164157037926e-23,4.3721646068975424e-23,4.3721650576791606e-23,4.3721655093840855e-23,4.372165962012955e-23,4.372166415565922e-23,4.372166870042846e-23,4.3721673254473984e-23,4.372167781778516e-23,4.372168239036692e-23,4.3721686972227197e-23,4.372169156337424e-23,4.372169616382054e-23,4.372170077356645e-23,4.3721705392647563e-23,4.3721710021016374e-23,4.3721714658711934e-23,4.372171930574366e-23,4.372172396211946e-23,4.3721728627828403e-23,4.3721733302895326e-23,4.372173798730391e-23,4.372174268110992e-23,4.3721747384286805e-23,4.372175209687008e-23,4.372175681883842e-23,4.3721761550174064e-23,4.372176629092519e-23,4.3721771041079723e-23,4.372177580065269e-23,4.372178056967698e-23,4.3721785348120896e-23,4.372179013599377e-23,4.372179493334603e-23,4.3721799740117585e-23,4.3721804556358864e-23,4.372180938207246e-23,4.3721814217262765e-23,4.3721819061934385e-23,4.372182391604751e-23,4.3721828779734434e-23,4.372183365291887e-23,4.3721838535615563e-23,4.3721843427830223e-23,4.372184832957203e-23,4.372185324084179e-23,4.3721858161583645e-23,4.372186309197808e-23,4.372186803190786e-23,4.372187298139522e-23,4.372187794045064e-23,4.372188290908145e-23,4.372188788716553e-23,4.3721892875010547e-23,4.372189787244034e-23,4.372190287950735e-23,4.3721907896127915e-23,4.3721912922370837e-23,4.372191795823683e-23,4.3721923003710987e-23,4.372192805886218e-23,4.372193312365916e-23,4.372193819821418e-23,4.37219432823038e-23,4.3721948376084725e-23,4.372195347953785e-23,4.372195859252378e-23,4.372196371539009e-23,4.372196884792867e-23,4.372197399017603e-23,4.3721979142118336e-23,4.3721984303781457e-23,4.3721989475175614e-23,4.3721994656263926e-23,4.37219998471322e-23,4.372200504772472e-23,4.3722010258135807e-23,4.372201547825255e-23,4.372202070813696e-23,4.372202594779948e-23,4.372203119724528e-23,4.372203645647964e-23,4.372204172551088e-23,4.372204700434315e-23,4.372205229298599e-23,4.372205759144566e-23,4.37220628996337e-23,4.3722068217772794e-23,4.3722073545744315e-23,4.3722078883574037e-23,4.3722084231222234e-23,4.3722089588727757e-23,4.3722094956104017e-23,4.3722100333345267e-23,4.372210572049714e-23,4.3722111117495146e-23,4.372211652438791e-23,4.37221219411832e-23,4.3722127367905615e-23,4.3722132804517164e-23,4.3722138251051755e-23,4.3722143707558705e-23,4.372214917394076e-23,4.372215465029349e-23,4.3722160136606606e-23,4.37221656328297e-23,4.372217113901959e-23,4.372217665518399e-23,4.372218218132263e-23,4.3722187717447373e-23,4.3722193263567947e-23,4.372219881968347e-23,4.372220438579556e-23,4.372220996192196e-23,4.372221554806161e-23,4.372222114423234e-23,4.372222675042643e-23,4.3722232366658367e-23,4.289986522476286e-23,4.232713341522082e-23,4.192825889220173e-23
14,1.73569886993803e-64,7.247967714692448e-64,1.8952675756599164e-63,3.9601329959009785e-63,7.222783095289183e-63,1.2012383509587661e-62,1.868335079684643e-62,2.7615849737826464e-62,3.92167233639333e-62,5.392051965157828e-62,7.219044316762238e-62,9.451915851579692e-62,1.2142942750425114e-61,1.5347459005869272e-61,1.9123891113695577e-61,2.3533781927700864e-61,2.8641806123132543e-61,3.451577939177408e-61,4.1226663106262076e-61,4.8848565816432964e-61,5.745874261056305e-61,6.713759310102245e-61,7.79686585769151e-61,9.003861869978104e-61,1.0343728799424804e-60,1.1825761229536366e-60,1.3459566525048316e-60,1.525506449298523e-60,1.7222487057061683e-60,1.9372377946050444e-60,2.1715592395607041e-60,2.4263296862418312e-60,2.702696874925185e-60,3.001839613941997e-60,3.3249677539199584e-60,3.6733221626896853e-60,4.0481747007385086e-60,4.4508281971108397e-60,4.8826164256711805e-60,5.344904081658754e-60,5.839086758476463e-60,6.366590924667948e-60,6.928873901044892e-60,7.527423837935155e-60,8.163759692527916e-60,8.83943120629755e-60,9.556018882491885e-60,1.0315133963673371e-59,1.1118418409304682e-59,1.1967544873372021e-59,1.2864216682040926e-59,1.3810167811340701e-59,1.4807162864874777e-59,1.585699705155314e-59,1.6961496163348657e-59,1.8122516553071657e-59,1.934194511216446e-59,2.0621699248514634e-59,2.1963726864286045e-59,2.3370006333767655e-59,2.484254648123907e-59,2.6383386558853777e-59,2.7994596224538585e-59,2.9678275519909873e-59,3.1436554848206594e-59,3.327159495223943e-59,3.5185586892356663e-59,3.718075202442616e-59,3.9259341977833615e-59,4.142363863349747e-59,4.367595410189965e-59,4.601863070113257e-59,4.84540409349628e-59,5.098458747091017e-59,5.361270311834357e-59,5.634085080659294e-59,5.917152356307701e-59,6.210724449144763e-59,6.515056674974983e-59,6.830407352859807e-59,7.157037802936868e-59,7.495212344240833e-59,7.84519829252588e-59,8.207265958089709e-59,8.58168864359922e-59,8.968742641917814e-59,9.3687072339342e-59,9.781864686392887e-59,1.0208500249726271e-58,1.064890215588827e-58,1.1103361616189579e-58,1.1572172819134563e-58,1.2055632928259644e-58,1.255404207997339e-58,1.306770338139812e-58,1.3596922908213214e-58,1.4142009702499823e-58,1.4703275770587242e-58,1.5281036080901056e-58,1.5875608561812527e-58,1.6487314099490048e-58,1.7116476535751524e-58,1.7763422665918935e-58,1.8428482236674098e-58,1.9111987943916405e-58,1.9814275430621643e-58,2.053568328470265e-58,2.127655303687171e-58,2.2037229158504203e-58,2.281805905950409e-58,2.3619393086170705e-58,2.4441584519067367e-58,2.528498957089171e-58,2.6149967384346752e-58,2.703688003001482e-58,2.7946092504231743e-58,2.8877972726963588e-58,2.983289153968447e-58,3.081122270325604e-58,3.1813342895808386e-58,3.2839631710623035e-58,3.3890471654016796e-58,3.4966248143227655e-58,3.606734950430199e-58,3.719416696998345e-58,3.8347094677603345e-58,3.952652966697262e-58,4.073287187827546e-58,4.1966524149964156e-58,4.322789221665594e-58,4.451738470703104e-58,4.583541314173238e-58,4.718239193126691e-58,4.8558738373908144e-58,4.9964872653601444e-58,5.1401217837867445e-58,5.2868199875715486e-58,5.436624759554424e-58,5.589579270305769e-58,5.745726977917604e-58,5.9051116277949326e-58,6.067777252447244e-58,6.233768171280206e-58,6.403128990387387e-58,6.575904602342395e-58,6.752140185990884e-58,6.931881206242885e-58,7.115173413865204e-58,7.302062845274064e-58,7.492595822327811e-58,7.6868189521198e-58,7.88477912677146e-58,8.086523523225508e-58,8.29209960303924e-58,8.501555112178115e-58,8.714938080809342e-58,8.932296823095734e-58,9.153679936989665e-58,9.379136304027108e-58,9.608715089122009e-58,9.842465740360638e-58,1.0080437988796168e-57,1.0322681848243562e-57,1.0569247615073766e-57,1.0820185868009721e-57,1.1075547467920823e-57,1.1335383557618704e-57,1.1599745561652279e-57,1.1868685186103588e-57,1.2142254418383562e-57,1.2420505527027999e-57,1.2703491061493489e-57,1.2991263851953744e-57,1.3283877009095994e-57,1.3581383923917446e-57,1.3883838267522e-57,1.4191293990917042e-57,1.450380532481049e-57,1.4821426779407838e-57,1.5144213144209476e-57,1.5472219487808107e-57,1.58055011576863e-57,1.6144113780014256e-57,1.6488113259447636e-57,1.6837555778925575e-57,1.719249779946895e-57,1.7552996059978612e-57,1.7919107577033833e-57,1.829088964469092e-57,1.8668399834282083e-57,1.9051695994214273e-57,1.9440836249768236e-57,1.9835879002897714e-57,2.0236882932028846e-57,2.0643906991859716e-57,2.1057010413159822e-57,2.1476252702570058e-57,2.1901693642402577e-57,2.2333393290440907e-57,2.277141197974021e-57,2.3215810318427635e-57,2.3666649189502938e-57,2.4123989750639023e-57,2.458789343398293e-57,2.5058421945956592e-57,2.5535637267058214e-57,2.6019601651663497e-57,2.6510377627826886e-57,2.700802799708323e-57,2.7512615834249625e-57,2.8024204487226914e-57,2.854285757680203e-57,2.906863899645026e-57,2.9601612912137006e-57,3.0141843762120693e-57,3.068939625675509e-57,3.1244335378292254e-57,3.180672638068522e-57,3.237663478939112e-57,3.295412640117432e-57,3.3539267283909786e-57,3.4132123776386477e-57,3.4732762488110834e-57,3.534125029911081e-57,3.59576543597396e-57,3.658204209047964e-57,3.7214481181746787e-57,3.7855039593694783e-57,3.8503785556019537e-57,3.916078756776392e-57,3.982611439712232e-57,4.049983508124575e-57,4.118201892604672e-57,4.1872735506004553e-57,4.2572054663970616e-57,4.328004651097386e-57,4.399678142602644e-57,4.472233005592942e-57,4.5456763315078734e-57,4.6200152385271205e-57,4.6952568715510754e-57,4.7714084021814694e-57,4.8484770287020294e-57,4.926469976059126e-57,5.005394495842463e-57,5.0852578662657596e-57,5.166067392147462e-57,5.247830404891455e-57,5.330554262467794e-57,5.414246349393468e-57,5.498914076713142e-57,5.584564881979939e-57,5.671206229236232e-57,5.758845608994445e-57,5.847490538217875e-57,5.937148560301525e-57,6.027827245052946e-57,6.119534188673091e-57,6.212277013737209e-57,6.306063369175714e-57,6.400900930255113e-57,6.496797398558874e-57,6.593760501968415e-57,6.691797994644014e-57,6.790917657005778e-57,6.891127295714618e-57,6.992434743653229e-57,7.094847859907094e-57,7.198374529745504e-57,7.303022664602581e-57,7.408800202058323e-57,7.51571510581966e-57,7.623775365701527e-57,7.732988997607959e-57,7.843364043513154e-57,7.954908571442634e-57,8.067630675454329e-57,8.181538475619768e-57,8.296640118005181e-57,8.412943774652682e-57,8.530457643561482e-57,8.649189948669035e-57,8.769148939832291e-57,8.890342892808904e-57,9.012780109238468e-57,9.136468916623763e-57,9.261417668312029e-57,9.38763474347626e-57,9.515128547096464e-57,9.643907509940994e-57,9.773980088547851e-57,9.905354765206032e-57,1.0038040047936878e-56,1.0172044470475399e-56,1.0307376592251787e-56,1.0444044998372592e-56,1.058205829960227e-56,1.0721425132344552e-56,1.0862154158623917e-56,1.1004254066066986e-56,1.1147733567883998e-56,1.1292601402850279e-56,1.1438866335287732e-56,1.1586537155046344e-56,1.1735622677485677e-56,1.1886131743456416e-56,1.2038073219281877e-56,1.219145599673964e-56,1.234628899304299e-56,1.2502581150822577e-56,1.2660341438108015e-56,1.281957884830948e-56,1.2980302400199306e-56,1.3142521137893641e-56,1.3306244130834097e-56,1.3471480473769403e-56,1.3638239286737076e-56,1.3806529715045122e-56,1.3976360929253732e-56,1.4147742125157003e-56,1.4320682523764659e-56,1.4495191371283794e-56,1.4671277939100648e-56,1.4848951523762342e-56,1.5028221446958692e-56,1.5209097055503976e-56,1.5391587721318783e-56,1.5575702841411798e-56,1.5761451837861653e-56,1.594884415779879e-56,1.6137889273387307e-56,1.632859668180684e-56,1.6520975905234435e-56,1.671503649082652e-56,1.6910788010700734e-56,1.7108240061917894e-56,1.7307402266463955e-56,1.7508284271231943e-56,1.7710895748003946e-56,1.791524639343307e-56,1.8121345929025454e-56,1.8329204101122284e-56,1.8538830680881802e-56,1.8750235464261347e-56,1.8963428271999404e-56,1.9178418949597684e-56,1.9395217367303163e-56,1.9613833420090229e-56,1.9834277027642715e-56,2.005655813433608e-56,2.0280686709219477e-56,2.050667274599794e-56,2.0734526263014525e-56,2.0964257303232474e-56,2.1195875934217414e-56,2.1429392248119517e-56,2.1664816361655735e-56,2.1902158416092017e-56,2.214142857722555e-56,2.238263703536698e-56,2.2625794005322704e-56,2.2870909726377143e-56,2.3117994462274946e-56,2.3367058501203448e-56,2.3618112155774804e-56,2.387116576300846e-56,2.412622968431343e-56,2.4383314305470646e-56,2.464243003661529e-56,2.490358731221925e-56,2.5166796591073465e-56,2.543206835627032e-56,2.5699413115186053e-56,2.5968841399463294e-56,2.624036376499335e-56,2.65139907918987e-56,2.678973308451555e-56,2.706760127137623e-56,2.7347606005191754e-56,2.762975796283422e-56,2.7914067845319447e-56,2.8200546377789475e-56,2.8489204309495067e-56,2.8780052413778298e-56,2.907310148805513e-56,2.936836235379798e-56,2.9665845856518317e-56,2.9965562865749324e-56,3.0267524275028427e-56,3.057174100188002e-56,3.0878223987798044e-56,3.1186984198228704e-56,3.149803262255309e-56,3.181138027406994e-56,3.2127038189978263e-56,3.244501743136006e-56,3.27653290831631e-56,3.308798425418359e-56,3.341299407704901e-56,3.3740369708200764e-56,3.4070122327877034e-56,3.44022631400956e-56,3.4736803372636554e-56,3.507375427702518e-56,3.5413127128514716e-56,3.575493322606929e-56,3.609918389234662e-56,3.6445890473681058e-56,3.679506434006634e-56,3.7146716885138537e-56,3.7500859526158915e-56,3.785750370399689e-56,3.8216660883112857e-56,3.8578342551541386e-56,3.894256022087387e-56,3.930932542624161e-56,3.967864972629885e-56,4.0050544703205653e-56,4.042502196261108e-56,4.080209313363601e-56,4.118176986885619e-56,4.156406384428555e-56,4.194898675935887e-56,4.233655033691503e-56,4.272676632318014e-56,4.311964648775053e-56,4.351520262357591e-56,4.391344654694245e-56,4.431439009745588e-56,4.471804513802475e-56,4.512442355484347e-56,4.553353725737546e-56,4.5945398178336525e-56,4.636001827367775e-56,4.677740952256891e-56,4.7197583927381575e-56,4.76205535136725e-56,4.804633033016665e-56,4.847492644874058e-56,4.8906353964405655e-56,4.93406249952913e-56,4.9777751682628505e-56,5.0217746190732785e-56,5.066062070698772e-56,5.110638744182818e-56,5.155505862872375e-56,5.200664652416204e-56,5.246116340763198e-56,5.291862158160724e-56,5.337903337152979e-56,5.384241112579297e-56,5.43087672157252e-56,5.477811403557317e-56,5.525046400248544e-56,5.57258295564958e-56,5.620422316050679e-56,5.668565730027311e-56,5.717014448438516e-56,5.765769724425254e-56,5.814832813408752e-56,5.86420497308885e-56,5.913887463442372e-56,5.963881546721465e-56,6.014188487451958e-56,6.06480955243173e-56,6.11574601072905e-56,6.166999133680954e-56,6.218570194891582e-56,6.270460470230578e-56,6.322671237831405e-56,6.375203778089748e-56,6.428059373661865e-56,6.481239309462957e-56,6.534744872665523e-56,6.588577352697747e-56,6.642738041241859e-56,6.697228232232509e-56,6.752049221855127e-56,6.807202308544332e-56,6.86268879298226e-56,6.918509978096977e-56,6.974667169060835e-56,7.031161673288861e-56,7.0879948004371375e-56,7.145167862401178e-56,7.202682173314311e-56,7.260539049546066e-56,7.31873980970055e-56,7.377285774614848e-56,7.436178267357396e-56,7.495418613226374e-56,7.555008139748099e-56,7.61494817667541e-56,7.675240055986067e-56,7.735885111881132e-56,7.7968846807833695e-56,7.858240101335652e-56,7.919952714399336e-56,7.98202386305268e-56,8.0444548925892135e-56,8.107247150516196e-56,8.170401986552945e-56,8.233920752629286e-56,8.297804802883943e-56,8.362055493662931e-56,8.42667418351799e-56,8.49166223320497e-56,8.557021005682243e-56,8.622751866109124e-56,8.688856181844256e-56,8.755335322444051e-56,8.822190659661085e-56,8.889423567442518e-56,8.957035421928507e-56,9.025027601450624e-56,9.093401486530276e-56,9.162158459877115e-56,9.23129990638747e-56,9.300827213142763e-56,9.370741769407923e-56,9.441044966629822e-56,9.511738198435694e-56,9.58282286063156e-56,9.654300351200658e-56,9.726172070301865e-56,9.798439420268131e-56,9.871103805604914e-56,9.944166632988605e-56,1.0017629311264951e-55,1.0091493251447516e-55,1.0165759866716091e-55,1.0240430572415132e-55,1.0315506786052221e-55,1.039098992729647e-55,1.046688141797699e-55,1.0543182682081316e-55,1.0619895145753843e-55,1.0697020237294316e-55,1.0774559387156245e-55,1.0852514027945239e-55,1.0930885594417622e-55,1.1009675523478842e-55,1.1088885254181872e-55,1.116851622772567e-55,1.1248569887453656e-55,1.1329047678852137e-55,1.1409951049548774e-55,1.1491281449311033e-55,1.1573040330044654e-55,1.1655229145792076e-55,1.1737849352730931e-55,1.1820902409172484e-55,1.1904389775560086e-55,1.198831291446766e-55,1.207267329059814e-55,1.2157472370781946e-55,1.2242711623975445e-55,1.2328392521259419e-55,1.2414516535837536e-55,1.2501085143034791e-55,1.258809982029603e-55,1.2675562047184372e-55,1.2763473305379689e-55,1.2851835078677103e-55,1.2940648852985419e-55,1.3029916116325642e-55,1.3119638358829428e-55,1.3209817072737567e-55,1.330045375239847e-55,1.3391549894266626e-55,1.3483106996901117e-55,1.3575126560964049e-55,1.3667610089219095e-55,1.3760559086529933e-55,1.3853975059858747e-55,1.394785951826472e-55,1.4042213972902509e-55,1.4137039937020735e-55,1.4232338925960488e-55,1.4328112457153792e-55,1.4424362050122116e-55,1.4521089226474865e-55,1.4618295509907856e-55,1.4715982426201844e-55,1.4814151503220984e-55,1.4912804270911352e-55,1.5011942261299437e-55,1.5111567008490648e-55,1.5211680048667795e-55,1.53122829200896e-55,1.5413377163089209e-55,1.5514964320072676e-55,1.56170459355175e-55,1.5719623555971088e-55,1.5822698730049304e-55,1.5926273008434955e-55,1.6030347943876298e-55,1.6134925091185556e-55,1.6240006007237433e-55,1.634559225096763e-55,1.645168538337134e-55,1.6558286967501778e-55,1.6665398568468712e-55,1.6773021753436935e-55,1.6881158091624807e-55,1.6989809154302818e-55,1.7098976514792035e-55,1.7208661748462652e-55,1.7318866432732543e-55,1.742959214706573e-55,1.7540840472970954e-55,1.765261299400018e-55,1.7764911295747123e-55,1.7877736965845786e-55,1.7991091593968976e-55,1.8104976771826843e-55,1.821939409316542e-55,1.833434515376513e-55,1.8449831551439344e-55,1.85658548860329e-55,1.868241675942064e-55,1.8799518775505968e-55,1.891716254021934e-55,1.903534966151686e-55,1.9154081749378776e-55,1.9273360415808047e-55,1.9393187274828877e-55,1.9513563942485247e-55,1.963449203683947e-55,1.9755973177970737e-55,1.9878008987973653e-55,2.0000601090956817e-55,2.0123751113041313e-55,2.0247460682359304e-55,2.0371731429052583e-55,2.0496564985271096e-55,2.062196298517152e-55,2.0747927064915795e-55,2.0874458862669713e-55,2.1001560018601436e-55,2.112923217488005e-55,2.12574769756742e-55,2.1386296067150556e-55,2.1515691097472387e-55,2.1645663716798163e-55,2.1776215577280107e-55,2.1907348333062738e-55,2.2039063640281444e-55,2.2171363157061053e-55,2.2304248543514405e-55,2.2437721461740888e-55,2.257178357582506e-55,2.2706436551835154e-55,2.28416820578217e-55,2.2977521763816098e-55,2.311395734182913e-55,2.325099046584961e-55,2.338862281184291e-55,2.3526856057749553e-55,2.3665691883483794e-55,2.3805131970932172e-55,2.3945178003952137e-55,2.4085831668370563e-55,2.422709465198242e-55,2.436896864454927e-55,2.451145533779789e-55,2.465455642541884e-55,2.479827360306507e-55,2.4942608568350514e-55,2.5087563020848623e-55,2.5233138662091026e-55,2.5379337195566063e-55,2.5526160326717394e-55,2.5673609762942594e-55,2.5821687213591747e-55,2.5970394389966034e-55,2.611973300531634e-55,2.626970477484183e-55,2.6420311415688557e-55,2.657155464694807e-55,2.672343618965598e-55,2.6875957766790592e-55,2.7029121103271502e-55,2.7182927925958163e-55,2.7337379963648585e-55,2.7492478947077805e-55,2.7648226608916578e-55,2.7804624683769974e-55,2.7961674908175956e-55,2.8119379020604032e-55,2.8277738761453802e-55,2.843675587305366e-55,2.8596432099659288e-55,2.875676918745238e-55,2.891776888453916e-55,2.9079432940949095e-55,2.92417631086334e-55,2.9404761141463777e-55,2.9568428795230907e-55,2.973276782764316e-55,2.9897779998325173e-55,3.0063467068816475e-55,3.0229830802570133e-55,3.0396872964951334e-55,3.0564595323236034e-55,3.0732999646609586e-55,3.0902087706165354e-55,3.1071861274903345e-55,3.124232212772882e-55,3.1413472041450934e-55,3.158531279478141e-55,3.1757846168333053e-55,3.193107394461855e-55,3.2104997908048938e-55,3.2279619844932335e-55,3.2454941543472532e-55,3.263096479376768e-55,3.280769138780882e-55,3.298512311947867e-55,3.316326178455016e-55,3.3342109180685056e-55,3.352166710743269e-55,3.370193736622855e-55,3.38829217603929e-55,3.406462209512946e-55,3.424704017752405e-55,3.44301778165432e-55,3.461403682303285e-55,3.479861900971696e-55,3.498392619119615e-55,3.5169960183946385e-55,3.5356722806317606e-55,3.554421587853238e-55,3.573244122268455e-55,3.592140066273794e-55,3.611109602452488e-55,3.630152913574501e-55,3.649270182596386e-55,3.668461592661153e-55,3.687727327098129e-55,3.707067569422834e-55,3.726482503336843e-55,3.7459723127276416e-55,3.765537181668513e-55,3.785177294418385e-55,3.804892835421709e-55,3.824683989308318e-55,3.844550940893301e-55,3.864493875176864e-55,3.884512977344198e-55,3.904608432765348e-55,3.924780426995079e-55,3.945029145772742e-55,3.9653547750221425e-55,3.9857575008514076e-55,4.006237509552851e-55,4.026794987602847e-55,4.0474301216616906e-55,4.06814309857347e-55,4.088934105365929e-55,4.109803329250347e-55,4.130750957621391e-55,4.151777178056995e-55,4.1728821783182244e-55,4.194066146349145e-55,4.215329270276688e-55,4.236671738410525e-55,4.258093739242933e-55,4.279595461448662e-55,4.301177093884803e-55,4.322838825590662e-55,4.344580845787626e-55,4.3664033438790304e-55,4.388306509450029e-55,4.4102905322674675e-55,4.432355602279743e-55,4.454501909616688e-55,4.476729644589423e-55,4.4990389976902445e-55,4.521430159592475e-55,4.54390332115035e-55,4.566458673398877e-55,4.589096407553716e-55,4.6118167150110336e-55,4.634619787347388e-55,4.657505816319594e-55,4.680474993864594e-55,4.7035275120993256e-55,4.726663563320597e-55,4.749883340004954e-55,4.77318703480855e-55,4.796574840567024e-55,4.820046950295362e-55,4.843603557187777e-55,4.867244854617571e-55,4.890971036137015e-55,4.914782295477214e-55,4.938678826547983e-55,4.9626608234377164e-55,4.986728480413257e-55,5.010881991919771e-55,5.035121552580624e-55,5.059447357197244e-55,5.083859600748997e-55,5.1083584783930636e-55,5.132944185464305e-55,5.157616917475139e-55,5.182376870115411e-55,5.2072242392522646e-55,5.2321592209300196e-55,5.2571820113700405e-55,5.2822928069706085e-55,5.307491804306797e-55,5.3327792001303445e-55,5.358155191369524e-55,5.383619975129025e-55,5.409173748689815e-55,5.434816709509023e-55,5.460549055219801e-55,5.486370983631212e-55,5.5122826927280955e-55,5.538284380670943e-55,5.5643762457957674e-55,5.5905584866139844e-55,5.6168313018122814e-55,5.643194890252493e-55,5.6696494509714745e-55,5.696195183180981e-55,5.722832286267531e-55,5.749560959792293e-55,5.7763814034909545e-55,5.803293817273591e-55,5.8302984012245525e-55,5.85739535560233e-55,5.8845848808394335e-55,5.911867177542264e-55,5.939242446490991e-55,5.9667108886394315e-55,5.9942727051149164e-55,6.0219280972181764e-55,6.049677266423206e-55,6.077520414377148e-55,6.105457742900169e-55,6.1334894539853255e-55,6.1616157497984525e-55,6.189836832678028e-55,6.218152905135057e-55,6.246564169852949e-55,6.2750708296873884e-55,6.3036730876662095e-55,6.332371146989275e-55,6.361165211028361e-55,6.390055483327019e-55,6.419042167600464e-55,6.448125467735444e-55,6.477305587790122e-55,6.50658273199395e-55,6.535957104747545e-55,6.565428910622572e-55,6.594998354361613e-55,6.624665640878056e-55,6.654430975255953e-55,6.684294562749916e-55,6.714256608784991e-55,6.744317318956523e-55,6.774476899030057e-55,6.804735554941187e-55,6.83509349279546e-55,6.865550918868238e-55,6.896108039604586e-55,6.92676506161914e-55,6.95752219169599e-55,6.988379636788563e-55,7.019337604019495e-55,7.050396300680518e-55,7.081555934232327e-55,7.112816712304464e-55,7.1441788426952e-55,7.175642533371406e-55,7.207207992468447e-55,7.238875428290046e-55,7.270645049308163e-55,7.30251706416289e-55,7.33449168166231e-55,7.366569110782395e-55,7.398749560666873e-55,7.431033240627119e-55,7.463420360142013e-55,7.495911128857846e-55,7.528505756588181e-55,7.561204453313749e-55,7.594007429182313e-55,7.626914894508558e-55,7.659927059773968e-55,7.693044135626706e-55,7.726266332881503e-55,7.759593862519519e-55,7.793026935688241e-55,7.826565763701357e-55,7.860210558038645e-55,7.893961530345837e-55,7.927818892434514e-55,7.961782856281986e-55,7.995853634031164e-55,8.030031437990452e-55,8.064316480633621e-55,8.098708974599697e-55,8.133209132692833e-55,8.167817167882195e-55,8.20253329330185e-55,8.237357722250641e-55,8.272290668192066e-55,8.307332344754171e-55,8.342482965729423e-55,8.377742745074588e-55,8.413111896910624e-55,8.448590635522562e-55,8.48417917535938e-55,8.519877731033892e-55,8.555686517322631e-55,8.591605749165725e-55,8.627635641666792e-55,8.6637764100928e-55,8.70002826987398e-55,8.736391436603688e-55,8.772866126038294e-55,8.809452554097066e-55,8.846150936862056e-55,8.882961490577968e-55,8.919884431652062e-55,8.95691997665403e-55,8.994068342315872e-55,9.03132974553179e-55,9.068704403358064e-55,9.106192533012942e-55,9.143794351876517e-55,9.181510077490621e-55,9.219339927558699e-55,9.257284119945696e-55,9.295342872677946e-55,9.333516403943048e-55,9.371804932089762e-55,9.410208675627884e-55,9.44872785322813e-55,9.487362683722029e-55,9.526113386101796e-55,9.564980179520235e-55,9.603963283290596e-55,9.643062916886491e-55,9.682279299941773e-55,9.721612652250378e-55,9.761063193766282e-55,9.80063114460332e-55,9.840316725035127e-55,9.880120155494979e-55,9.920041656575706e-55,9.960081449029563e-55,1.0000239753768127e-54,1.0040516791862172e-54,1.0080912784541563e-54,1.0121427953195137e-54,1.0162062519370593e-54,1.0202816704774379e-54,1.0243690731271575e-54,1.0284684820885775e-54,1.0325799195798986e-54,1.0367034078351495e-54,1.0408389691041783e-54,1.0449866256526388e-54,1.0491463997619796e-54,1.0533183137294349e-54,1.0575023898680092e-54,1.0616986505064697e-54,1.065907117989334e-54,1.0701278146768571e-54,1.0743607629450225e-54,1.0786059851855298e-54,1.082863503805782e-54,1.0871333412288783e-54,1.0914155198935987e-54,1.0957100622543956e-54,1.1000169907813792e-54,1.1043363279603112e-54,1.1086680962925885e-54,1.1130123182952363e-54,1.1173690165008937e-54,1.1217382134578041e-54,1.1261199317298045e-54,1.1305141938963125e-54,1.1349210225523172e-54,1.1393404403083658e-54,1.1437724697905548e-54,1.148217133640518e-54,1.1526744545154136e-54,1.1571444550879165e-54,1.161627158046204e-54,1.166122586093947e-54,1.1706307619502972e-54,1.1751517083498772e-54,1.1796854480427691e-54,3.1471772956994326e-32,1.0718161615657342e-31,2.368201425065128e-31,4.309259818732029e-31,7.001048454436502e-31,1.0549592895639265e-30,1.5060842966278482e-30,2.064067056175064e-30,2.739486943891017e-30,3.542915538751209e-30,4.4849166310067074e-30,5.576046224326565e-30,6.826852544190575e-30,8.247876042301709e-30,9.849649402338261e-30,1.1642697545470342e-29,1.363753763587557e-29,1.5844679086274886e-29,1.8274623563493376e-29,2.0937864994044988e-29,2.3844889569738064e-29,2.700617575329804e-29,3.0432194284003713e-29,3.413340818333327e-29,3.8120272760617145e-29,4.2403235618695596e-29,4.699273665957869e-29,5.189899478642716e-29,5.713284885207214e-29,6.270451427630205e-29,6.862440021005394e-29,7.490290814084795e-29,8.155043188598667e-29,8.857735760110514e-29,9.599406378613018e-29,1.0381092127972156e-28,1.1203829329241643e-28,1.2068653539081434e-28,1.297659955082413e-28,1.392870139537414e-28,1.4925992340645944e-28,1.5969504893603276e-28,1.706027079998576e-28,1.8199321045029532e-28,1.9387685854034435e-28,2.0626394692924362e-28,2.1916476268806953e-28,2.3258958530532902e-28,2.465486866925487e-28,2.6105233118985716e-28,2.7611077557156735e-28,2.9173426905175275e-28,3.079330532898185e-28,3.247173623960704e-28,3.4209742293727826e-28,3.600834539422357e-28,3.7868566690731626e-28,3.979142658020251e-28,4.1777944707454635e-28,4.382913996572865e-28,4.594603049724134e-28,4.812963369373931e-28,5.038096619705192e-28,5.270104389964414e-28,5.509088194516872e-28,5.7551494729018205e-28,6.008389589887648e-28,6.268909835526966e-28,6.536811425211679e-28,6.812195499728054e-28,7.09516312531164e-28,7.385815293702272e-28,7.684252922198943e-28,7.99057685371467e-28,8.304887856831353e-28,8.627286625854516e-28,8.957873780868087e-28,9.29674986778907e-28,9.644015358422244e-28,9.999770650514747e-28,1.036411606781069e-27,1.073715186010568e-27,1.1118978203301347e-27,1.1509695199459762e-27,1.1909402876857912e-27,1.2318201190042057e-27,1.2736190019882074e-27,1.3163469173625743e-27,1.3600138384953032e-27,1.4046297314030314e-27,1.4502045547564554e-27,1.4967482598857432e-27,1.5442707907859445e-27,1.5927827190876812e-27,1.6422926941342252e-27,1.6928112828774024e-27,1.7443484000371145e-27,1.7969139530143418e-27,1.8505178419069076e-27,1.9051699595152627e-27,1.9608801913564205e-27,2.0176584156567818e-27,2.075514503359956e-27,2.1344583181356008e-27,2.1944997163827926e-27,2.2556485471769967e-27,2.3179146524147192e-27,2.3813078667119636e-27,2.4458380174345615e-27,2.5115149247045518e-27,2.5783484014055594e-27,2.6463482531881305e-27,2.715524278475069e-27,2.7858862684667537e-27,2.857444007146473e-27,2.9302072712857324e-27,3.0041858304495813e-27,3.0793894470019163e-27,3.155827876110793e-27,3.233510865753729e-27,3.312448156722996e-27,3.3926494826309295e-27,3.474124569915212e-27,3.5568831378441614e-27,3.640934898522016e-27,3.726289556894211e-27,3.812956810752663e-27,3.9009463507410416e-27,3.990267860360023e-27,4.080931015972574e-27,4.172945486809204e-27,4.266320934973219e-27,4.36106701544598e-27,4.457193376092152e-27,4.5547096576649455e-27,4.653625493811356e-27,4.753950511077412e-27,4.8556943289133974e-27,4.9588665596790886e-27,5.063476808648973e-27,5.169534674017483e-27,5.277049746904198e-27,5.3860316113590736e-27,5.496489844367644e-27,5.608434015856235e-27,5.721873688697159e-27,5.836818418713922e-27,5.95327775468641e-27,6.071261238356089e-27,6.190778404448862e-27,6.3118387806165346e-27,6.4344518920215876e-27,6.558627243378572e-27,6.684374445777309e-27,6.811702800064712e-27,6.940621897622316e-27,7.071141224076691e-27,7.203270258016879e-27,7.337018471102457e-27,7.472395327994448e-27,7.609410286376797e-27,7.748072796962124e-27,7.88839225394532e-27,8.030378192627549e-27,8.174039993880059e-27,8.319386459067895e-27,8.466428240324677e-27,8.61517413188444e-27,8.765633535847398e-27,8.91781584731164e-27,9.071730454489756e-27,9.227386736152036e-27,9.384794071703648e-27,9.543961821191183e-27,9.704899348929657e-27,9.867616015616684e-27,1.003212116209869e-26,1.0198424128253773e-26,1.0366537887510738e-26,1.0536464036893019e-26,1.07082152622786e-26,1.0881802630057225e-26,1.1057234471527114e-26,1.1234520110424889e-26,1.1413668667064842e-26,1.1594689439384804e-26,1.1777591957145371e-26,1.196238516962735e-26,1.214907861569904e-26,1.2337681424297907e-26,1.2528202846189714e-26,1.2720652125320917e-26,1.291503849882422e-26,1.311137119702359e-26,1.3309659443439266e-26,1.350991245479282e-26,1.3712139441012112e-26,1.3916349605236338e-26,1.412255214382102e-26,1.433075624634299e-26,1.4540971095605427e-26,1.4753205867642796e-26,1.4967469731725884e-26,1.518377185036676e-26,1.5402121379323752e-26,1.5622527470184013e-26,1.5844999260090128e-26,1.6069545887114306e-26,1.629617648005026e-26,1.6524900160962274e-26,1.6755726045190696e-26,1.6988663241356936e-26,1.722372085138767e-26,1.746090797049136e-26,1.770023368710818e-26,1.794170708305679e-26,1.8185337233438943e-26,1.8431133206666144e-26,1.8679104064465496e-26,1.8929258861884642e-26,1.9181606647296713e-26,1.9436156462405214e-26,1.9692917342248972e-26,1.9951898315207035e-26,2.0213108403003568e-26,2.0476556620712774e-26,2.074225197676382e-26,2.1010203305883048e-26,2.1280419699479943e-26,2.155291175745205e-26,2.182768328952067e-26,2.2104749224172436e-26,2.2384116208435669e-26,2.2665793204363508e-26,2.2949789167400726e-26,2.3236113046390866e-26,2.3524773783581222e-26,2.3815780314627706e-26,2.4109141568599702e-26,2.4404866467984907e-26,2.4702963928694205e-26,2.500344286006649e-26,2.530631216487352e-26,2.5611580739324795e-26,2.5919257473072326e-26,2.622935124921549e-26,2.6541870944305884e-26,2.6856825428352146e-26,2.717422356482475e-26,2.749407421066087e-26,2.7816386216269136e-26,2.814116842553449e-26,2.8468429675822996e-26,2.879817879798661e-26,2.9130424616368023e-26,2.9465175948805417e-26,2.9802441606637286e-26,3.0142230394707216e-26,3.0484551111368697e-26,3.0829412548489854e-26,3.117682349145828e-26,3.1526792719185777e-26,3.187932900411315e-26,3.2234441112214984e-26,3.259213780300436e-26,3.295242782953769e-26,3.3315319938419395e-26,3.3680822869836754e-26,3.4048942159920214e-26,3.441969290967326e-26,3.479307917039147e-26,3.5169112633951715e-26,3.554780052417297e-26,3.5929151542607135e-26,3.631317438443466e-26,3.669987773842394e-26,3.708929222914587e-26,3.7481382793532e-26,3.787617989836152e-26,3.827369220679628e-26,3.8673928375610954e-26,3.907689705519921e-26,3.948260688957837e-26,3.9891066516394186e-26,4.030228456692556e-26,4.071626966608915e-26,4.113303043244413e-26,4.15525754781969e-26,4.197491340920567e-26,4.2400052824985194e-26,4.282800231871144e-26,4.325877047725435e-26,4.3692365881134766e-26,4.4128799123024666e-26,4.4568077693356384e-26,4.5010206284220304e-26,4.5455196379324317e-26,4.590305652760684e-26,4.635379527170157e-26,4.6807421147945203e-26,4.72639426863822e-26,4.7723368410769485e-26,4.8185706838580935e-26,4.8650966481012253e-26,4.911915584298534e-26,4.9590283423153104e-26,5.006435771390392e-26,5.054138720136646e-26,5.102138036541405e-26,5.1504345679669534e-26,5.199029161150967e-26,5.247922662206988e-26,5.297115916624874e-26,5.346609769271268e-26,5.396405064390053e-26,5.446502645602806e-26,5.496903355909264e-26,5.547608037687783e-26,5.598617532695784e-26,5.64993268207023e-26,5.701554326328064e-26,5.753483305366683e-26,5.805720458464376e-26,5.858266624280799e-26,5.91112264085742e-26,5.964289345617974e-26,6.017767575368929e-26,6.071558166299924e-26,6.125661953984239e-26,6.180079773379243e-26,6.234812458826848e-26,6.289860844053958e-26,6.345225762172933e-26,6.400908045682037e-26,6.456908526465886e-26,6.513228035795892e-26,6.569867404330759e-26,6.626827462116874e-26,6.684109038588797e-26,6.741712962569701e-26,6.799640062271827e-26,6.857891165296918e-26,6.916467098636701e-26,6.975368688673298e-26,7.034596761179711e-26,7.094152141320238e-26,7.154035653650956e-26,7.214248122120131e-26,7.274790370068708e-26,7.33566322023072e-26,7.39686749473376e-26,7.45840401509942e-26,7.520273602243731e-26,7.58247707647763e-26,7.645015257507377e-26,7.707888964435027e-26,7.771099015758861e-26,7.834646229373828e-26,7.898531422572e-26,7.962755412043024e-26,8.027319013874532e-26,8.092223043552622e-26,8.157468315962277e-26,8.223055645387833e-26,8.288985842794227e-26,8.355259726693227e-26,8.421878106861418e-26,8.488841795185006e-26,8.556151602951627e-26,8.623808340850924e-26,8.691812818974958e-26,8.760165846818665e-26,8.828868233286002e-26,8.897920786669211e-26,8.967324314678413e-26,9.037079624424521e-26,9.107187522423411e-26,9.177648814598469e-26,9.248464192719203e-26,9.319634688077385e-26,9.391160991809876e-26,9.46304390746463e-26,9.535284237997128e-26,9.607882785770977e-26,9.680840352558355e-26,9.754157739540439e-26,9.827835747307841e-26,9.901875175861042e-26,9.976276824610844e-26,1.0051041492378783e-25,1.0126169977397571e-25,1.0201663077311526e-25,1.0277521589177024e-25,1.0353746309462903e-25,1.0430338034050927e-25,1.050729755823619e-25,1.0584625676727566e-25,1.0662323183648142e-25,1.0740390872535642e-25,1.0818829536342851e-25,1.0897639967438075e-25,1.0976822957605536e-25,1.1056379298045816e-25,1.1136309779376315e-25,1.1216615191631645e-25,1.129729632426405e-25,1.1378353966143888e-25,1.1459788905559998e-25,1.1541601930220186e-25,1.1623793827251612e-25,1.1706365383201239e-25,1.1789317384036235e-25,1.1872650615144437e-25,1.1956365861334761e-25,1.204046390683761e-25,1.2124945535305333e-25,1.2209811529812634e-25,1.2295062672856989e-25,1.2380699746359097e-25,1.2466723531663283e-25,1.2553134809537925e-25,1.2639934360175895e-25,1.2727122963194957e-25,1.2814701397638208e-25,1.2902670441974516e-25,1.2991030874098911e-25,1.3079783471333024e-25,1.3168929010425508e-25,1.3258468267552474e-25,1.3348402018317883e-25,1.3438731037753998e-25,1.3529456100321782e-25,1.362057797991133e-25,1.37120974498423e-25,1.3804015282864311e-25,1.3896332251157377e-25,1.3989049126332323e-25,1.4082166679431213e-25,1.4175685680927754e-25,1.4269606900727733e-25,1.436393110816941e-25,1.4458659072023961e-25,1.455379156049589e-25,1.4649329341223435e-25,1.4745273181279006e-25,1.4841623847169573e-25,1.493838210483712e-25,1.503554871965902e-25,1.5133124456448484e-25,1.523111007945497e-25,1.5329506352364574e-25,1.5428314038300484e-25,1.5527533899823367e-25,1.562716669893179e-25,1.5727213197062646e-25,1.582767415509155e-25,1.5928550333333263e-25,1.6029842491542092e-25,1.6131551388912346e-25,1.6233677784078677e-25,1.633622243511658e-25,1.6439186099542707e-25,1.6542569534315362e-25,1.6646373495834877e-25,1.675059873994401e-25,1.6855246021928386e-25,1.6960316096516902e-25,1.706580971788211e-25,1.7171727639640655e-25,1.7278070614853685e-25,1.7384839396027235e-25,1.7492034735112658e-25,1.7599657383507035e-25,1.7707708092053583e-25,1.7816187611042048e-25,1.7925096690209105e-25,1.8034436078738818e-25,1.8144206525262971e-25,1.8254408777861563e-25,1.836504358406314e-25,1.8476111690845221e-25,1.8587613844634728e-25,1.8699550791308378e-25,1.8811923276193085e-25,1.8924732044066363e-25,1.903797783915673e-25,1.9151661405144122e-25,1.9265783485160301e-25,1.9380344821789238e-25,1.9495346157067544e-25,1.9610788232484839e-25,1.9726671788984202e-25,1.984299756696251e-25,1.9959766306270913e-25,2.0076978746215188e-25,2.0194635625556158e-25,2.0312737682510065e-25,2.043128565474903e-25,2.05502802794014e-25,2.0669722293052176e-25,2.078961243174341e-25,2.0909951430974583e-25,2.1030740025703044e-25,2.115197895034437e-25,2.12736689387728e-25,2.1395810724321615e-25,2.151840503978354e-25,2.164145261741111e-25,2.1764954188917163e-25,2.1888910485475124e-25,2.201332223771947e-25,2.213819017574612e-25,2.2263515029112807e-25,2.2389297526839497e-25,2.2515538397408792e-25,2.264223836876628e-25,2.2769398168321007e-25,2.2897018522945777e-25,2.3025100158977644e-25,2.3153643802218247e-25,2.328265017793421e-25,2.341212001085757e-25,2.3542054025186123e-25,2.3672452944583853e-25,2.3803317492181304e-25,2.3934648390576e-25,2.4066446361832805e-25,2.4198712127484348e-25,2.4331446408531383e-25,2.4464649925443216e-25,2.4598323398158055e-25,2.4732467546083452e-25,2.486708308809663e-25,2.5002170742544963e-25,2.5137731227246244e-25,2.5273765259489206e-25,2.541027355603381e-25,2.554725683311173e-25,2.5684715806426624e-25,2.5822651191154613e-25,2.596106370194467e-25,2.6099954052918933e-25,2.623932295767318e-25,2.6379171129277174e-25,2.651949928027505e-25,2.6660308122685717e-25,2.6801598368003224e-25,2.694337072719717e-25,2.708562591071307e-25,2.722836462847275e-25,2.7371587589874764e-25,2.751529550379474e-25,2.7659489078585727e-25,2.7804169022078714e-25,2.794933604158284e-25,2.8094990843885934e-25,2.8241134135254828e-25,2.8387766621435693e-25,2.853488900765456e-25,2.8682501998617537e-25,2.8830606298511324e-25,2.8979202611003537e-25,2.912829163924309e-25,2.9277874085860593e-25,2.9427950652968755e-25,2.957852204216269e-25,2.972958895452039e-25,2.988115209060303e-25,3.0033212150455413e-25,3.018576983360631e-25,3.0338825839068836e-25,3.0492380865340875e-25,3.0646435610405393e-25,3.080099077173088e-25,3.0956047046271694e-25,3.1111605130468447e-25,3.12676657202484e-25,3.1424229511025814e-25,3.158129719770235e-25,3.173886947466743e-25,3.1896947035798617e-25,3.2055530574462003e-25,3.2214620783512596e-25,3.2374218355294667e-25,3.253432398164213e-25,3.2694938353878976e-25,3.2856062162819554e-25,3.3017696098768996e-25,3.317984085152361e-25,3.3342497110371235e-25,3.3505665564091623e-25,3.3669346900956776e-25,3.383354180873138e-25,3.399825097467315e-25,3.416347508553318e-25,3.4329214827556365e-25,3.449547088648175e-25,3.4662243947542887e-25,3.4829534695468215e-25,3.4997343814481476e-25,3.5165671988302013e-25,3.5334519900145214e-25,3.5503888232722817e-25,3.567377766824334e-25,3.5844188888412413e-25,3.6015122574433125e-25,3.6186579407006526e-25,3.635856006633179e-25,3.6531065232106774e-25,3.6704095583528308e-25,3.687765179929249e-25,3.705173455759523e-25,3.7226344536132455e-25,3.7401482412100556e-25,3.7577148862196776e-25,3.775334456261947e-25,3.7930070189068626e-25,3.8107326416746117e-25,3.82851139203561e-25,3.8463433374105416e-25,3.864228545170386e-25,3.8821670826364727e-25,3.9001590170804964e-25,3.9182044157245666e-25,3.9363033457412435e-25,3.9544558742535735e-25,3.9726620683351196e-25,3.990921995010006e-25,4.0092357212529527e-25,4.027603313989307e-25,4.046024840095086e-25,4.064500366397008e-25,4.0830299596725366e-25,4.1016136866499045e-25,4.1202516140081627e-25,4.138943808377208e-25,4.157690336337822e-25,4.17649126442171e-25,4.195346659111531e-25,4.214256586840944e-25,4.233221113994629e-25,4.252240306908338e-25,4.271314231868925e-25,4.290442955114378e-25,4.309626542833859e-25,4.328865061167745e-25,4.348158576207653e-25,4.367507153996485e-25,4.38691086052846e-25,4.406369761749152e-25,4.425883923555519e-25,4.445453411795954e-25,4.465078292270297e-25,4.484758630729901e-25,4.50449449287764e-25,4.52428594436796e-25,4.54413305080691e-25,4.56403587775218e-25,4.583994490713132e-25,4.604008955150848e-25,4.624079336478146e-25,4.6442057000596285e-25,4.664388111211718e-25,4.684626635202691e-25,4.704921337252711e-25,4.725272282533865e-25,4.745679536170199e-25,4.766143163237754e-25,4.786663228764604e-25,4.807239797730884e-25,4.827872935068838e-25,4.848562705662836e-25,4.869309174349428e-25,4.890112405917365e-25,4.910972465107641e-25,4.931889416613532e-25,4.952863325080622e-25,4.97389425510684e-25,4.994982271242504e-25,5.016127437990348e-25,5.037329819805557e-25,5.058589481095804e-25,5.079906486221284e-25,5.101280899494751e-25,5.122712785181556e-25,5.144202207499672e-25,5.165749230619737e-25,5.187353918665085e-25,5.209016335711784e-25,5.230736545788668e-25,5.252514612877374e-25,5.27435060091238e-25,5.2962445737810295e-25,5.3181965953235715e-25,5.340206729333204e-25,5.362275039556095e-25,5.384401589691418e-25,5.4065864433914055e-25,5.428829664261354e-25,5.451131315859688e-25,5.473491461697969e-25,5.495910165240955e-25,5.5183874899066095e-25,5.540923499066152e-25,5.56351825604409e-25,5.586171824118254e-25,5.608884266519832e-25,5.631655646433394e-25,5.654486026996936e-25,5.677375471301918e-25,5.700324042393291e-25,5.723331803269535e-25,5.7463988168826845e-25,5.769525146138378e-25,5.792710853895876e-25,5.815956002968114e-25,5.839260656121714e-25,5.862624876077037e-25,5.886048725508208e-25,5.909532267043151e-25,5.9330755632636335e-25,5.956678676705282e-25,5.980341669857631e-25,6.0040646051641465e-25,6.027847545022269e-25,6.051690551783445e-25,6.075593687753156e-25,6.099557015190958e-25,6.1235805963105065e-25,6.14766449327961e-25,6.171808768220237e-25,6.196013483208576e-25,6.220278700275044e-25,6.244604481404341e-25,6.268990888535475e-25,6.293437983561802e-25,6.317945828331038e-25,6.342514484645324e-25,6.367144014261237e-25,6.391834478889828e-25,6.416585940196671e-25,6.441398459801873e-25,6.466272099280116e-25,6.491206920160702e-25,6.516202983927574e-25,6.541260352019353e-25,6.566379085829366e-25,6.591559246705693e-25,6.616800895951185e-25,6.6421040948235075e-25,6.66746890453517e-25,6.6928953862535635e-25,6.71838360110098e-25,6.743933610154668e-25,6.769545474446847e-25,6.795219254964742e-25,6.820955012650636e-25,6.846752808401876e-25,6.8726127030709275e-25,6.898534757465393e-25,6.924519032348054e-25,6.950565588436903e-25,6.976674486405172e-25,7.002845786881369e-25,7.029079550449311e-25,7.055375837648158e-25,7.081734708972438e-25,7.108156224872097e-25,7.134640445752506e-25,7.161187431974519e-25,7.187797243854498e-25,7.214469941664331e-25,7.241205585631493e-25,7.268004235939043e-25,7.294865952725697e-25,7.321790796085828e-25,7.348778826069513e-25,7.375830102682567e-25,7.402944685886572e-25,7.430122635598902e-25,7.45736401169277e-25,7.484668873997259e-25,7.512037282297339e-25,7.539469296333916e-25,7.566964975803854e-25,7.5945243803600175e-25,7.622147569611297e-25,7.649834603122639e-25,7.677585540415087e-25,7.705400440965801e-25,7.733279364208111e-25,7.761222369531526e-25,7.789229516281778e-25,7.817300863760852e-25,7.845436471227023e-25,7.873636397894881e-25,7.901900702935369e-25,7.93022944547581e-25,7.958622684599944e-25,7.987080479347955e-25,8.015602888716507e-25,8.044189971658778e-25,8.072841787084477e-25,8.101558393860736e-25,8.130339850810694e-25,8.1591862167141e-25,8.188097550307349e-25,8.2170739102801455e-25,8.246115355284637e-25,8.275221943927561e-25,8.304393734772343e-25,8.333630786339205e-25,8.362933157105227e-25,8.392300905500464e-25,8.42173408991768e-25,8.451232768704632e-25,8.480797000165986e-25,8.510426842563444e-25,8.540122354115748e-25,8.569883592998732e-25,8.59971061734534e-25,8.629603485245673e-25,8.659562254746999e-25,8.689586983853808e-25,8.719677730527819e-25,8.749834552688036e-25,8.780057508210765e-25,8.810346654929651e-25,8.840702050635704e-25,8.871123753077335e-25,8.901611819960381e-25,8.932166308948153e-25,8.962787277661446e-25,8.993474783678579e-25,9.024228884535433e-25,9.055049637725474e-25,9.08593710069979e-25,9.116891330867114e-25,9.147912385593864e-25,9.179000322204172e-25,9.210155197979907e-25,9.241377070160718e-25,9.272665995944063e-25,9.30402203248523e-25,9.335445236897374e-25,9.366935666251553e-25,9.398493377576766e-25,9.430118427859954e-25,9.461810874046066e-25,9.493570773038058e-25,9.525398181696956e-25,9.557293156841862e-25,9.589255755249998e-25,9.621286033656733e-25,9.653384048755607e-25,9.685549857198373e-25,9.717783515595029e-25,9.75008508051383e-25,9.782454608481347e-25,9.814892155982471e-25,9.84739777946046e-25,9.87997153531697e-25,9.91261347991206e-25,9.94532366956427e-25,9.97810216055061e-25,1.0010949009106604e-24,1.004386427142633e-24,1.0076848003662444e-24,1.0109900261926196e-24,1.0143021102287486e-24,1.0176210580774876e-24,1.0209468753375629e-24,1.0242795676035733e-24,1.0276191404659941e-24,1.0309655995111797e-24,1.0343189503213659e-24,1.0376791984746739e-24,1.0410463495451126e-24,1.044420409102583e-24,1.047801382712879e-24,1.0511892759376927e-24,1.0545840943346158e-24,1.0579858434571429e-24,1.0613945288546765e-24,1.0648101560725262e-24,1.068232730651916e-24,1.0716622581299818e-24,1.0750987440397816e-24,1.0785421939102936e-24,1.0819926132664189e-24,1.0854500076289869e-24,1.0889143825147578e-24,1.0923857434364242e-24,1.0958640959026157e-24,1.0993494454179007e-24,1.10284179748279e-24,1.1063411575937405e-24,1.1098475312431552e-24,1.1133609239193915e-24,1.1168813411067583e-24,1.120408788285523e-24,1.1239432709319133e-24,1.12748479451812e-24,1.1310333645122989e-24,1.1345889863785775e-24,1.1381516655770521e-24,1.141721407563797e-24,1.1452982177908631e-24,1.1488821017062822e-24,1.152473064754071e-24,1.156071112374232e-24,1.1596762500027581e-24,1.1632884830716353e-24,1.1669078170088452e-24,1.1705342572383678e-24,1.1741678091801856e-24,1.1778084782502851e-24,1.1814562698606609e-24,1.1851111894193166e-24,1.1887732423302716e-24,1.1924424339935603e-24,1.1961187698052364e-24,1.1998022551573765e-24,1.2034928954380817e-24,1.2071906960314819e-24,1.2108956623177383e-24,1.2146077996730444e-24,1.2183271134696329e-24,1.222053609075775e-24,1.2257872918557842e-24,1.2295281671700207e-24,1.2332762403748935e-24,1.2370315168228618e-24,1.2407940018624408e-24,1.2445637008382018e-24,1.2483406190907762e-24,1.2521247619568597e-24,1.2559161347692131e-24,1.2597147428566668e-24,1.2635205915441218e-24,1.267333686152555e-24,1.2711540319990204e-24,1.2749816343966532e-24,1.2788164986546708e-24,1.2826586300783783e-24,1.2865080339691677e-24,1.290364715624526e-24,1.2942286803380335e-24,1.2980999333993681e-24,1.3019784800943081e-24,1.3058643257047371e-24,1.309757475508643e-24,1.3136579347801252e-24,1.3175657087893931e-24,1.3214808028027735e-24,1.3254032220827072e-24,1.3293329718877609e-24,1.33327005747262e-24,1.337214484088101e-24,1.3411662569811455e-24,1.3451253813948303e-24,1.3490918625683652e-24,1.3530657057370995e-24,1.3570469161325213e-24,1.3610354989822652e-24,1.3650314595101092e-24,1.3690348029359823e-24,1.3730455344759646e-24,1.3770636593422921e-24,1.3810891827433584e-24,1.3851221098837166e-24,1.3891624459640848e-24,1.393210196181345e-24,1.397265365728552e-24,1.4013279597949292e-24,1.4053979835658754e-24,1.4094754422229684e-24,1.4135603409439641e-24,1.417652684902804e-24,1.4217524792696142e-24,1.4258597292107094e-24,1.4299744398885962e-24,1.4340966164619757e-24,1.4382262640857464e-24,1.4423633879110066e-24,1.4465079930850576e-24,1.4506600847514056e-24,1.4548196680497666e-24,1.458986748116067e-24,1.463161330082446e-24,1.467343419077262e-24,1.471533020225091e-24,1.4757301386467327e-24,1.4799347794592104e-24,1.484146947775778e-24,1.488366648705917e-24,1.492593887355345e-24,1.4968286688260134e-24,1.501070998216115e-24,1.505320880620083e-24,1.5095415168967346e-24,1.513757976766745e-24,1.5179712853677528e-24
15,7.526969746484795e-62,3.5843796374335316e-61,9.965455339365372e-61,2.1436457384396388e-60,3.95375162815533e-60,6.578556489553964e-60,1.0166947967712129e-59,1.4865200226716985e-59,2.0817387745344226e-59,2.81658272514603e-59,3.70514727276543e-59,4.761424163553327e-59,5.999327305249445e-59,7.432712673239529e-59,9.07539340745266e-59,1.0941151132086975e-58,1.3043744374450804e-58,1.539691478847731e-58,1.8014391733881702e-58,2.0909895632849976e-58,2.409714042305305e-58,2.758983534561888e-58,3.140168624544493e-58,3.5546396514998605e-58,4.003766777814796e-58,4.488920038485796e-58,5.011469376849956e-58,5.572784670369916e-58,6.174235749203558e-58,6.817192409574168e-58,7.503024423381322e-58,8.233101545104042e-58,9.008793516754118e-58,9.831470071427856e-58,1.0702500935850132e-57,1.1623255832194793e-57,1.2595104479389025e-57,1.3619416594041285e-57,1.4697561891115797e-57,1.583091008438117e-57,1.702083088678827e-57,1.826869401068232e-57,1.9575869167985057e-57,2.094372607031644e-57,2.237363442908181e-57,2.386696395553394e-57,2.5425084360817362e-57,2.70493653559996e-57,2.8741176652093686e-57,3.0501887960073945e-57,3.2332868990887103e-57,3.4235489455460454e-57,3.621111906470775e-57,3.826112752953234e-57,4.038688456083097e-57,4.2589759869495925e-57,4.487112316641557e-57,4.7232344162475764e-57,4.967479256856072e-57,5.219983809555372e-57,5.48088504543363e-57,5.750319935579025e-57,6.028425451079671e-57,6.315338563023636e-57,6.611196242498973e-57,6.916135460593719e-57,7.230293188395907e-57,7.553806396993563e-57,7.886812057474681e-57,8.22944714092727e-57,8.58184861843935e-57,8.944153461098922e-57,9.316498639994e-57,9.69902112621259e-57,1.0091857890842678e-56,1.0495145904972275e-56,1.0909022139689338e-56,1.133362356608194e-56,1.1769087155238053e-56,1.2215549878245686e-56,1.267314870619284e-56,1.314202061016774e-56,1.3622302561257925e-56,1.4114131530551625e-56,1.461764448913679e-56,1.5132978408101555e-56,1.5660270258533846e-56,1.6199657011521724e-56,1.6751275638153056e-56,1.731526310951592e-56,1.789175639669832e-56,1.8480892470788267e-56,1.9082808302873744e-56,1.969764086404276e-56,2.032552712538309e-56,2.096660405798315e-56,2.162100863293048e-56,2.228887782131367e-56,2.2970348594220395e-56,2.366555792273859e-56,2.4374642777956415e-56,2.5097740130961805e-56,2.5834986952842734e-56,2.658652021468712e-56,2.735247688758318e-56,2.813299394261903e-56,2.892820835088221e-56,2.973825708346071e-56,3.0563277111443017e-56,3.1403405405916953e-56,3.2258778937970364e-56,3.312953467869102e-56,3.4015809599167577e-56,3.4917740670487425e-56,3.5835464863739117e-56,3.6769119150010375e-56,3.771884050038922e-56,3.8684765885963713e-56,3.9667032277821485e-56,4.0665776647051053e-56,4.168113596474017e-56,4.27132472019769e-56,4.376224732984916e-56,4.482827331944504e-56,4.591146214185246e-56,4.701195076815948e-56,4.812987616945406e-56,4.926537531682398e-56,5.041858518135773e-56,5.158964273414314e-56,5.277868494626813e-56,5.398584878882065e-56,5.521127123288876e-56,5.645508924955166e-56,5.771743980991495e-56,5.899845988506432e-56,6.029828644609838e-56,6.161705646406446e-56,6.29549069100741e-56,6.43119747552153e-56,6.56883969705761e-56,6.708431052724455e-56,6.8499852396309e-56,6.993515954885663e-56,7.139036895597591e-56,7.2865617588754745e-56,7.436104241828087e-56,7.587678041564296e-56,7.741296855192866e-56,7.8969743798226e-56,8.054724312562295e-56,8.214560350520748e-56,8.376496190806767e-56,8.540545530529148e-56,8.706722066796687e-56,8.87503949671817e-56,9.045511517402431e-56,9.21815182595827e-56,9.392974119494456e-56,9.569992095119807e-56,9.749219449943116e-56,9.93066988107319e-56,1.0114357085618127e-55,1.0300294760687681e-55,1.0488496603390845e-55,1.0678976310833224e-55,1.0871747580129103e-55,1.1066824108384549e-55,1.1264219592708354e-55,1.1463947730209315e-55,1.1666022217996244e-55,1.1870456753177931e-55,1.2077265032863172e-55,1.228646075416078e-55,1.249805761417955e-55,1.2712069310028278e-55,1.2928509538815772e-55,1.3147391997650825e-55,1.3368730383642245e-55,1.3592538393898831e-55,1.381882972552938e-55,1.4047618075642694e-55,1.4278917141347575e-55,1.4512740619752813e-55,1.474910220796712e-55,1.4988015603099474e-55,1.5229494502258603e-55,1.5473552602553315e-55,1.5720203601092377e-55,1.59694611949846e-55,1.6221339081338798e-55,1.6475850957263765e-55,1.6733010519868255e-55,1.6992831466261124e-55,1.725532749355119e-55,1.7520512298847232e-55,1.778839957925803e-55,1.8059003031892395e-55,1.8332336353859127e-55,1.860841324226702e-55,1.888724739422494e-55,1.916885250684157e-55,1.945324227722577e-55,1.9740430402486354e-55,2.0030430579732087e-55,2.0323256506071767e-55,2.0618921878614235e-55,2.091744039446826e-55,2.121882575074266e-55,2.15230916445462e-55,2.1830251772987738e-55,2.2140319833176123e-55,2.245330952221999e-55,2.2769234537228224e-55,2.3088108575309622e-55,2.3409945333572995e-55,2.373475850912714e-55,2.406256179908084e-55,2.4393368900542927e-55,2.4727193510622178e-55,2.50640493264274e-55,2.5403950045067435e-55,2.574690936365102e-55,2.6092940979286902e-55,2.644205858908401e-55,2.6794275890151095e-55,2.714960657959692e-55,2.7508064354530336e-55,2.7869662912060106e-55,2.8234415949295084e-55,2.8602337163344007e-55,2.897344025131571e-55,2.934773891031898e-55,2.972524683746263e-55,3.0105977729855436e-55,3.048994528460621e-55,3.0877163198823756e-55,3.1267645169616877e-55,3.1661404894094367e-55,3.205845606936505e-55,3.245881239253768e-55,3.286248756072109e-55,3.326949527102408e-55,3.3679849220555436e-55,3.409356310642396e-55,3.451065062573843e-55,3.493112547560768e-55,3.5355001353140495e-55,3.578229195544568e-55,3.621301097963205e-55,3.664717212280839e-55,3.7084789082083495e-55,3.752587555456617e-55,3.7970445237365225e-55,3.841851182758944e-55,3.8870089022347615e-55,3.932519051874857e-55,3.978383001390108e-55,4.024602120491396e-55,4.071177778889602e-55,4.118111346295604e-55,4.165404192420285e-55,4.213057686974519e-55,4.2610731996691906e-55,4.309452100215179e-55,4.358195758323365e-55,4.4073055437046264e-55,4.456782826069845e-55,4.506628975129901e-55,4.556845360595674e-55,4.6074333521780445e-55,4.6583943195878916e-55,4.709729632536096e-55,4.7614406607335374e-55,4.813528773891097e-55,4.8659953417196514e-55,4.918841733930082e-55,4.9720693202332725e-55,5.025679470340102e-55,5.079673553961446e-55,5.134052940808196e-55,5.188819000591216e-55,5.243973103021394e-55,5.29951661780961e-55,5.355450914666743e-55,5.411777363303673e-55,5.468497333431277e-55,5.525612194760443e-55,5.5831233170020444e-55,5.6410320698669646e-55,5.699339823066083e-55,5.7580479463102766e-55,5.817157809310428e-55,5.876670781777396e-55,5.936588233422103e-55,5.996911533955407e-55,6.0576420530881884e-55,6.118781160531321e-55,6.180330225995696e-55,6.2422906191921895e-55,6.304663709831681e-55,6.367450867625048e-55,6.4306534622831716e-55,6.494272863516932e-55,6.558310441037209e-55,6.622767564554881e-55,6.68764560378082e-55,6.752945928425932e-55,6.818669908201084e-55,6.884818912817145e-55,6.951394311985002e-55,7.018397475415537e-55,7.08582977281963e-55,7.153692573908159e-55,7.221987248392003e-55,7.290715165982047e-55,7.359877696389168e-55,7.42947620932425e-55,7.499512074498166e-55,7.569986661621797e-55,7.640901340406026e-55,7.712257480561735e-55,7.784056451799799e-55,7.856299623831104e-55,7.928988366366524e-55,8.002124049116944e-55,8.075708041793238e-55,8.149741714106294e-55,8.224226435766985e-55,8.299163576486196e-55,8.374554505974803e-55,8.450400593943688e-55,8.526703210103725e-55,8.6034637241658e-55,8.68068350584079e-55,8.758363924839582e-55,8.836506350873046e-55,8.91511215365207e-55,8.994182702887533e-55,9.073719368290314e-55,9.153723519571291e-55,9.234196526441348e-55,9.315139758611362e-55,9.396554585792214e-55,9.478442377694782e-55,9.560804504029949e-55,9.643642334508595e-55,9.726957238841598e-55,9.810750586739833e-55,9.895023747914191e-55,9.979778092075546e-55,1.0065014988934776e-54,1.0150735808202769e-54,1.0236941919590394e-54,1.032363469280854e-54,1.0410815497568091e-54,1.0498485703579914e-54,1.0586646680554894e-54,1.0675299798203909e-54,1.0764446426237844e-54,1.0854087934367578e-54,1.0944225692304007e-54,1.1034861069757975e-54,1.112599543644039e-54,1.1217630162062112e-54,1.1309766616334035e-54,1.1402406168967032e-54,1.1495550189671996e-54,1.158920004815979e-54,1.1683357114141306e-54,1.1778022757327418e-54,1.1873198347429012e-54,1.1968885254156953e-54,1.2065084847222143e-54,1.2161798496335461e-54,1.2259027571207771e-54,1.2356773441549952e-54,1.245503747707289e-54,1.2553821047487477e-54,1.2653125522504566e-54,1.2752952271835059e-54,1.2853302665189828e-54,1.295417807227975e-54,1.3055579862815713e-54,1.3157509406508596e-54,1.3259968073069275e-54,1.3362957232208628e-54,1.3466478253637545e-54,1.3570532507066902e-54,1.3675121362207577e-54,1.378024618877045e-54,1.3885908356466394e-54,1.399210923500629e-54,1.4098850194101034e-54,1.4206132603461496e-54,1.431395783279856e-54,1.44223272518231e-54,1.4531242230245998e-54,1.4640704137778147e-54,1.4750714344130404e-54,1.4861274219013655e-54,1.4972385132138786e-54,1.5084048453216678e-54,1.5196265551958206e-54,1.5309037798074248e-54,1.5422366561275704e-54,1.5536253211273427e-54,1.5650699117778306e-54,1.5765705650501225e-54,1.5881274179153063e-54,1.59974060734447e-54,1.6114102703087016e-54,1.6231365437790876e-54,1.6349195647267185e-54,1.6467594701226818e-54,1.6586563969380645e-54,1.670610482143955e-54,1.682621862711441e-54,1.6946906756116115e-54,1.7068170578155537e-54,1.7190011462943535e-54,1.7312430780191028e-54,1.7435429899608887e-54,1.7559010190907978e-54,1.768317302379919e-54,1.78079197679934e-54,1.7933251793201494e-54,1.8059170469134348e-54,1.8185677165502837e-54,1.8312773252017843e-54,1.8440460098390246e-54,1.8568739074330917e-54,1.869761154955076e-54,1.882707889376064e-54,1.8957142476671438e-54,1.9087803667994018e-54,1.921906383743929e-54,1.9350924354718127e-54,1.94833865895414e-54,1.9616451911619987e-54,1.9750121690664763e-54,1.9884397296386626e-54,2.0019280098496457e-54,2.015477146670512e-54,2.0290872770723503e-54,2.0427585380262486e-54,2.0564910665032958e-54,2.0702849994745781e-54,2.0841404739111828e-54,2.0980576267842008e-54,2.112036595064718e-54,2.1260775157238235e-54,2.1401805257326055e-54,2.1543457620621516e-54,2.168573361683549e-54,2.182863461567886e-54,2.197216198686251e-54,2.2116317100097324e-54,2.226110132509417e-54,2.2406516031563945e-54,2.2552562589217506e-54,2.2699242367765748e-54,2.2846556736919555e-54,2.2994507066389785e-54,2.3143094725887353e-54,2.3292321085123103e-54,2.3442187513807952e-54,2.3592695381652745e-54,2.3743846058368398e-54,2.389564091366576e-54,2.4048081317255706e-54,2.4201168638849138e-54,2.435490424815693e-54,2.4509289514889964e-54,2.466432580875911e-54,2.4820014499475254e-54,2.4976356956749282e-54,2.5133354550292054e-54,2.5291008649814478e-54,2.5449320625027425e-54,2.5608291845641774e-54,2.5767923681368396e-54,2.592821750191818e-54,2.6089174677001994e-54,2.6250796576330734e-54,2.6413084569615276e-54,2.6576040026566503e-54,2.6739664316895275e-54,2.690395881031249e-54,2.706892487652903e-54,2.7234563885255754e-54,2.7400877206203564e-54,2.7567866209083327e-54,2.773553226360593e-54,2.7903876739482243e-54,2.807290100642316e-54,2.8242606434139546e-54,2.841299439234229e-54,2.858406625074227e-54,2.875582337905034e-54,2.8928267146977435e-54,2.910139892423441e-54,2.9275220080532144e-54,2.944973198558151e-54,2.96249360090934e-54,2.980083352077868e-54,2.997742589034825e-54,3.015471448751296e-54,3.033270068198371e-54,3.0511385843471386e-54,3.069077134168686e-54,3.0870858546341016e-54,3.105164882714473e-54,3.1233143553808885e-54,3.1415344096044356e-54,3.1598251823562026e-54,3.178186810607277e-54,3.1966194313287474e-54,3.215123181491702e-54,3.233698198067228e-54,3.252344618026415e-54,3.27106257834035e-54,3.2898522159801197e-54,3.308713667916814e-54,3.3276470711215197e-54,3.346652562565324e-54,3.365730279219318e-54,3.3848803580545874e-54,3.4041029360422206e-54,3.4233981501533063e-54,3.4427661373589307e-54,3.462207034630183e-54,3.481720978938151e-54,3.501308107253922e-54,3.520968556548585e-54,3.5407024637932274e-54,3.560509965958932e-54,3.580391200016798e-54,3.6003463029379174e-54,3.620375411693368e-54,3.6404786632542304e-54,3.6606561945916e-54,3.680908142676566e-54,3.701234644480216e-54,3.721635836973637e-54,3.742111857127917e-54,3.762662841914146e-54,3.7832889283034107e-54,3.8039902532667994e-54,3.8247669537754e-54,3.8456191668003e-54,3.8665470293125884e-54,3.887550678283352e-54,3.908630250683679e-54,3.9297858834846594e-54,3.9510177136573776e-54,3.9723258781729245e-54,3.993710514002387e-54,4.015171758116853e-54,4.0367097474874107e-54,4.0583246190851494e-54,4.080016509881155e-54,4.101785556846518e-54,4.123631896952328e-54,4.1455556671696653e-54,4.167557004469624e-54,4.189636045823289e-54,4.211792928201752e-54,4.234027788576097e-54,4.2563407639174143e-54,4.2787319911967946e-54,4.3012016073853187e-54,4.323749749454081e-54,4.3463765543741656e-54,4.369082159116663e-54,4.39186670065266e-54,4.4147303159532444e-54,4.437673141989504e-54,4.4606953157325275e-54,4.483796974153403e-54,4.50697825422322e-54,4.5302392929130625e-54,4.5535802271940216e-54,4.577001194037185e-54,4.600502330413641e-54,4.624083773294475e-54,4.647745659650777e-54,4.6714881264536346e-54,4.6953113106741366e-54,4.7192153492833715e-54,4.743200379252427e-54,4.7672665375523883e-54,4.7914139611543437e-54,4.815642787029384e-54,4.839953152148596e-54,4.8643451934830676e-54,4.8888190480038874e-54,4.913374852682142e-54,4.938012744488921e-54,4.962732860395312e-54,4.9875353373724035e-54,5.012420312391283e-54,5.037387922423037e-54,5.062438304438756e-54,5.087571595409524e-54,5.112787932306433e-54,5.13808745210057e-54,5.163470291763023e-54,5.18893658826488e-54,5.2144864785772293e-54,5.240120099671159e-54,5.265837588517755e-54,5.291639082088109e-54,5.317524717353304e-54,5.343494631284432e-54,5.36954896085258e-54,5.395687843028835e-54,5.421911414784286e-54,5.44821981309002e-54,5.474613174917128e-54,5.501091637236695e-54,5.52765533701981e-54,5.554304411237561e-54,5.581038996861036e-54,5.607859230861325e-54,5.63476525020951e-54,5.661757191876687e-54,5.688835192833938e-54,5.715999390052356e-54,5.743249920503022e-54,5.77058692115703e-54,5.798010528985466e-54,5.825520880959419e-54,5.853118114049974e-54,5.880802365228221e-54,5.908573771465248e-54,5.936432469732143e-54,5.96437859699999e-54,5.992412290239887e-54,6.020533686422913e-54,6.048742922520156e-54,6.07704013550271e-54,6.105425462341663e-54,6.133899040008097e-54,6.162461005473106e-54,6.191111495707774e-54,6.219850647683187e-54,6.248678598370437e-54,6.277595484740613e-54,6.306601443764801e-54,6.335696612414086e-54,6.364881127659562e-54,6.394155126472313e-54,6.423518745823426e-54,6.452972122683993e-54,6.482515394025099e-54,6.512148696817833e-54,6.541872168033284e-54,6.571685944642537e-54,6.601590163616684e-54,6.631584961926808e-54,6.661670476544003e-54,6.691846844439353e-54,6.722114202583946e-54,6.752472687948873e-54,6.782922437505219e-54,6.813463588224074e-54,6.844096277076523e-54,6.874820641033656e-54,6.905636817066561e-54,6.936544942146325e-54,6.967545153244038e-54,6.998637587330787e-54,7.02982238137766e-54,7.061099672355745e-54,7.09246959723613e-54,7.123932292989904e-54,7.155487896588151e-54,7.187136545001963e-54,7.218878375202433e-54,7.250713524160638e-54,7.28264212884767e-54,7.314664326234619e-54,7.346780253292569e-54,7.378990046992612e-54,7.411293844305836e-54,7.443691782203329e-54,7.476183997656177e-54,7.508770627635471e-54,7.541451809112298e-54,7.57422767905774e-54,7.607098374442894e-54,7.640064032238845e-54,7.673124789416678e-54,7.706280782947482e-54,7.739532149802348e-54,7.772879026952358e-54,7.806321551368606e-54,7.839859860022178e-54,7.873494089884163e-54,7.907224377925647e-54,7.94105086111772e-54,7.974973676431469e-54,8.008992960837979e-54,8.043108851308345e-54,8.077321484813648e-54,8.111630998324979e-54,8.146037528813427e-54,8.180541213250079e-54,8.215142188606022e-54,8.249840591852347e-54,8.284636559960135e-54,8.319530229900483e-54,8.354521738644476e-54,8.389611223163202e-54,8.424798820427745e-54,8.460084667409201e-54,8.495468901078649e-54,8.530951658407179e-54,8.566533076365883e-54,8.602213291925845e-54,8.637992442058156e-54,8.673870663733905e-54,8.709848093924175e-54,8.745924869600058e-54,8.782101127732641e-54,8.818377005293016e-54,8.854752639252263e-54,8.891228166581476e-54,8.927803724251742e-54,8.964479449234144e-54,9.001255478499778e-54,9.038131949019727e-54,9.07510899776508e-54,9.112186761706921e-54,9.149365377816344e-54,9.186644983064433e-54,9.224025714422275e-54,9.261507708860965e-54,9.29909110335159e-54,9.336776034865231e-54,9.374562640372985e-54,9.412451056845933e-54,9.450441421255162e-54,9.488533870571767e-54,9.526728541766833e-54,9.565025571811444e-54,9.603425097676692e-54,9.641927256333663e-54,9.680532184753447e-54,9.719240019907133e-54,9.758050898765803e-54,9.796964958300548e-54,9.835982335482459e-54,9.875103167282623e-54,9.914327590672123e-54,9.953655742622056e-54,9.993087760103503e-54,1.0032623780087551e-53,1.0072263939545294e-53,1.0112008375447818e-53,1.0151857224766207e-53,1.0191810624471551e-53,1.0231868711534944e-53,1.0272031622927467e-53,1.0312299495620211e-53,1.0352672466584263e-53,1.0393150672790712e-53,1.0433734251210644e-53,1.0474423338815147e-53,1.051521807257531e-53,1.0556118589462222e-53,1.059712502644697e-53,1.0638237520500643e-53,1.0679456208594324e-53,1.0720781227699107e-53,1.076221271478608e-53,1.0803750806826323e-53,1.0845395640790941e-53,1.0887147353651005e-53,1.092900608237761e-53,1.097097196394184e-53,1.1013045135314793e-53,1.105522573346755e-53,1.109751389537119e-53,1.1139909757996817e-53,1.118241345831551e-53,1.122502513329836e-53,1.1267744919916455e-53,1.1310572955140881e-53,1.1353509375942726e-53,1.139655431929308e-53,1.143970792216303e-53,1.1482970321523662e-53,1.1526341654346066e-53,1.156982205760133e-53,1.1613411668260546e-53,1.1657110623294792e-53,1.1700919059675168e-53,1.1744837114372747e-53,1.1788864924358634e-53,1.1833002626603909e-53,1.1877250358079656e-53,1.1921608255756968e-53,1.1966076456606926e-53,1.2010655097600632e-53,1.2055344315709164e-53,1.210014424790361e-53,1.2145055031155066e-53,1.2190076802434608e-53,1.2235209698713332e-53,1.2280453856962326e-53,1.2325809414152674e-53,1.2371276507255468e-53,1.241685527324179e-53,1.2462545849082733e-53,1.2508348371749386e-53,1.2554262978212838e-53,1.260028980544417e-53,1.2646428990414477e-53,1.269268067009484e-53,1.2739044981456356e-53,1.2785522061470105e-53,1.2832112047107178e-53,1.287881507533866e-53,1.2925631283135647e-53,1.2972560807469222e-53,1.3019603785310473e-53,1.3066760353630485e-53,1.311403064940035e-53,1.3161414809591155e-53,1.320891297117399e-53,1.325652527111994e-53,1.330425184640009e-53,1.3352092833985544e-53,1.3400048370847369e-53,1.3448118593956664e-53,1.3496303640284515e-53,1.354460364680201e-53,1.359301875048024e-53,1.3641549088290287e-53,1.3690194797203242e-53,1.3738956014190195e-53,1.3787832876222234e-53,1.3836825520270441e-53,1.3885934083305912e-53,1.393515870229972e-53,1.3984499514222973e-53,1.4033956656046748e-53,1.4083530264742137e-53,1.4133220477280225e-53,1.41830274306321e-53,1.423295126176885e-53,1.4282992107661568e-53,1.4333150105281335e-53,1.4383425391599244e-53,1.4433818103586382e-53,1.4484328378213835e-53,1.453495635245269e-53,1.4585702163274037e-53,1.463656594764897e-53,1.4687547842548565e-53,1.4738647984943917e-53,1.4789866511806113e-53,1.4841203560106242e-53,1.489265926681539e-53,1.494423376890465e-53,1.4995927203345103e-53,1.504773970710784e-53,1.5099671417163947e-53,1.515172247048452e-53,1.5203893004040633e-53,1.5256183154803383e-53,1.530859305974386e-53,1.536112285583315e-53,1.5413772680042337e-53,1.5466542669342514e-53,1.551943296070477e-53,1.5572443691100187e-53,1.5625574997499857e-53,1.5678827016874863e-53,1.5732199886196305e-53,1.5785693742435262e-53,1.583930872256282e-53,1.5893044963550069e-53,1.5946902602368099e-53,1.6000881775988e-53,1.6054982621380854e-53,1.610920527551775e-53,1.6163549875369782e-53,1.6218016557908033e-53,1.627260546010359e-53,1.6327316718927542e-53,1.6382150471350987e-53,1.6437106854344998e-53,1.649218600488067e-53,1.654738805992909e-53,1.6602713156461343e-53,1.6658161431448525e-53,1.6713733021861716e-53,1.6769428064672008e-53,1.6825246696850488e-53,1.6881189055368246e-53,1.6937255277196366e-53,1.6993445499305934e-53,1.7049759858668045e-53,1.7106198492253783e-53,1.716276153703424e-53,1.7219449129980502e-53,1.727626140806366e-53,1.7333198508254788e-53,1.739026056752499e-53,1.7447447722845345e-53,1.750476011118695e-53,1.7562197869520882e-53,1.7619761134818237e-53,1.7677450044050103e-53,1.7735264734187562e-53,1.7793205342201705e-53,1.7851272005063626e-53,1.79094648597444e-53,1.7967784043215128e-53,1.8026229692446888e-53,1.8084801944410773e-53,1.8143500936077871e-53,1.8202326804419266e-53,1.826127968640605e-53,1.8320359719009312e-53,1.8379567039200135e-53,1.843890178394961e-53,1.8498364090228823e-53,1.8557954095008867e-53,1.8617671935260827e-53,1.8677517747955792e-53,1.8737491670064848e-53,1.8797593838559082e-53,1.885782439040959e-53,1.8918183462587452e-53,1.8978671192063759e-53,1.9039287715809595e-53,1.9100033170796052e-53,1.9160907693994221e-53,1.9221911422375187e-53,1.928304449291003e-53,1.9344307042569848e-53,1.9405699208325723e-53,1.9467221127148744e-53,1.952887293601e-53,1.9590654771880578e-53,1.965256677173158e-53,1.9714609072534075e-53,1.9776781811259168e-53,1.9839085124877925e-53,1.9901519150361453e-53,1.996408402468083e-53,2.0026779884807148e-53,2.00896068677115e-53,2.0152565110364962e-53,2.021565474973863e-53,2.027887592280359e-53,2.034222876653093e-53,2.0405713417891744e-53,2.0469330013857108e-53,2.0533078691398118e-53,2.059695958748586e-53,2.066097283909142e-53,2.0725118583185884e-53,2.078939695674035e-53,2.0853808096725895e-53,2.0918352140113605e-53,2.098302922387459e-53,2.1047839484979923e-53,2.1112783060400688e-53,2.1177860087107977e-53,2.124307070207288e-53,2.1308415042266485e-53,2.1373893244659877e-53,2.1439505446224145e-53,2.1505251783930377e-53,2.157113239474966e-53,2.1637147415653086e-53,2.1703296983611745e-53,2.176958123559671e-53,2.1836000308579083e-53,2.190255433952995e-53,2.19692434654204e-53,2.2036067823221507e-53,2.2103027549904376e-53,2.217012278244009e-53,2.2237353657799738e-53,2.23047203129544e-53,2.237222288487517e-53,2.2439861510533136e-53,2.250763632689939e-53,2.2575547470945015e-53,2.26435950796411e-53,2.271177928995874e-53,2.278010023886901e-53,2.2848558063343005e-53,2.2917152900351814e-53,9.744375524576824e-23,1.9488750695779622e-22,2.9233125803010674e-22,3.8977500846345333e-22,4.872187582578703e-22,5.846625076349078e-22,6.821062570080399e-22,7.795500048859624e-22,8.769937526393314e-22,9.744374992390892e-22,1.0718812454214639e-21,1.1693249907433585e-21,1.2667687354263206e-21,1.3642124794703504e-21,1.4616562228754504e-21,1.5590999656416172e-21,1.656543707768855e-21,1.7539874492571603e-21,1.8514311901065372e-21,1.9488749303169846e-21,2.046318669888501e-21,2.143762408821087e-21,2.241206147114742e-21,2.338649884769471e-21,2.436093621785265e-21,2.5335373581621224e-21,2.6309810939000496e-21,2.7284212282823936e-21,2.8258649627424855e-21,2.923308697105549e-21,3.0207524302877795e-21,3.118196163307843e-21,3.215639896112055e-21,3.3130836286110567e-21,3.410527360729855e-21,3.507971090717462e-21,3.605414820066104e-21,3.702858548775819e-21,3.800302276846597e-21,3.8977460047069805e-21,3.9951897314998976e-21,4.092633457653888e-21,4.190077183168943e-21,4.287520908045066e-21,4.384964632282261e-21,4.482408355880524e-21,4.5798520788398565e-21,4.677295801160263e-21,4.7747395228417335e-21,4.872183243884278e-21,4.969626964287886e-21,5.067070684052565e-21,5.164514403178312e-21,5.261958121665129e-21,5.359401839513014e-21,5.456845556721969e-21,5.554289273291995e-21,5.6517329892230844e-21,5.749176704515246e-21,5.8466204191684774e-21,5.9440641331827755e-21,6.041507846558142e-21,6.138951559294578e-21,6.2363952713920845e-21,6.333838982850657e-21,6.431282693670301e-21,6.5287264038510135e-21,6.626170113392795e-21,6.723613822295644e-21,6.821057530559559e-21,6.91850123818455e-21,7.015944945170604e-21,7.11338865151774e-21,7.210832357225936e-21,7.308276062295202e-21,7.405719766725538e-21,7.50316347051695e-21,7.600607173669424e-21,7.698050876182971e-21,7.795494578057577e-21,7.892938279293255e-21,7.990381979890004e-21,8.087825679847821e-21,8.1852693791667e-21,8.282713077846654e-21,8.380156775887678e-21,8.477600473289766e-21,8.57504417005293e-21,8.672487866177158e-21,8.769931561662465e-21,8.867375256508839e-21,8.964818950716285e-21,9.062262644284804e-21,9.159705436300029e-21,9.257149129663096e-21,9.354592821314731e-21,9.452036512327502e-21,9.54948020270135e-21,9.646923892436259e-21,9.744367581532244e-21,9.841811270550296e-21,9.939254959433876e-21,1.00366986481167e-20,1.0134142336558848e-20,1.0231586024921839e-20,1.0329029710184243e-20,1.042647339480772e-20,1.0523917078792266e-20,1.0621360762137875e-20,1.0718804444844552e-20,1.0816248126912304e-20,1.0913691808341122e-20,1.1011135489131012e-20,1.1108579169281972e-20,1.1206022848794008e-20,1.1303466527667105e-20,1.1400910205901276e-20,1.1498353883496514e-20,1.1595797560452825e-20,1.1693241236770212e-20,1.1790684912448672e-20,1.1888128587488196e-20,1.1985572261888794e-20,1.2083015935650465e-20,1.2180459608773205e-20,1.2277903281257015e-20,1.2375346953101896e-20,1.2472790624307846e-20,1.2570234294874865e-20,1.266767796480295e-20,1.2765121634092116e-20,1.2862565302742343e-20,1.2960008970753648e-20,1.3057452638126019e-20,1.3154896304859472e-20,1.3252339970953988e-20,1.3349783636409575e-20,1.3447227301226232e-20,1.3544670965403968e-20,1.3642114628942773e-20,1.3739558291842647e-20,1.383700195410359e-20,1.39344456157256e-20,1.403188927670868e-20,1.4129332937052836e-20,1.422677659675806e-20,1.432422025582435e-20,1.4421663914251715e-20,1.4519107572040147e-20,1.461655122981744e-20,1.471399488632801e-20,1.4811438546386714e-20,1.4908882201619425e-20,1.5006325935628565e-20,1.5103769589583418e-20,1.520121324346349e-20,1.5298656897217445e-20,1.5396100549253644e-20,1.549354420065278e-20,1.559098785141299e-20,1.5688431501534267e-20,1.578587515101662e-20,1.5883318765822276e-20,1.5980762414026763e-20,1.6078206061913552e-20,1.6175649315395853e-20,1.6273092963067167e-20,1.6370536608715727e-20,1.646798025434595e-20,1.656542389871686e-20,1.666286754244885e-20,1.6760311184663665e-20,1.6857754828201497e-20,1.695519846898984e-20,1.7052642109155947e-20,1.7150085749693282e-20,1.7247529390055885e-20,1.7344973030299654e-20,1.7442418646636795e-20,1.7539862023620963e-20,1.7637305015901823e-20,1.7734748571719808e-20,1.7832192159486708e-20,1.7929635784975305e-20,1.8027079366345238e-20,1.812452290955901e-20,1.822196654306812e-20,1.831940934534508e-20,1.8416852977576344e-20,1.8514296609168662e-20,1.8611740240122064e-20,1.8709183870436527e-20,1.880662750011206e-20,1.8904071129148662e-20,1.9001514757546326e-20,1.9098958385305077e-20,1.9196402012424894e-20,1.9293845638905785e-20,1.939128926474774e-20,1.9488732889950772e-20,1.958617651451488e-20,1.9683620138440053e-20,1.9781063761726295e-20,1.9878507384373613e-20,1.9975951006381992e-20,2.007339462944268e-20,2.01708382501732e-20,2.0268281870264804e-20,2.036572548971748e-20,2.0463169108531225e-20,2.056061272670603e-20,2.065805634424192e-20,2.0755499961644487e-20,2.0852943578966115e-20,2.095038719458521e-20,2.1047830809565376e-20,2.1145274423906612e-20,2.1242718037608925e-20,2.134016165067231e-20,2.1437605263096764e-20,2.1535048874882292e-20,2.1632492486028892e-20,2.1729936096536562e-20,2.1827379706405304e-20,2.1924823315635117e-20,2.202226692422599e-20,2.211971053217795e-20,2.2217154088372548e-20,2.2314597612542626e-20,2.24120414912848e-20,2.2509484633806738e-20,2.2606928238564066e-20,2.2704371842682454e-20,2.280181544616192e-20,2.289925904900246e-20,2.2996702651204068e-20,2.3094146252766753e-20,2.3191589853690502e-20,2.3289033453975326e-20,2.3386477053621218e-20,2.3483920652628194e-20,2.3581364250996228e-20,2.3678807848725338e-20,2.3776251445815514e-20,2.3873695042266772e-20,2.3971138638079097e-20,2.4068582233252495e-20,2.4166025827786956e-20,2.426346942168249e-20,2.436091301493911e-20,2.4458356607556788e-20,2.455580019953554e-20,2.4653243790875363e-20,2.4750687381576245e-20,2.4848130971638213e-20,2.4945574561061265e-20,2.5043018149845384e-20,2.5140461737990552e-20,2.5237905325496804e-20,2.5335348912364135e-20,2.5432792498592527e-20,2.5530236084182e-20,2.5627679669132532e-20,2.572512325344415e-20,2.5822566837116828e-20,2.5920010420150596e-20,2.6017454002545424e-20,2.6114897584926055e-20,2.6212340367717352e-20,2.630978395007604e-20,2.6407227191339933e-20,2.6504670770540227e-20,2.6602114349421864e-20,2.6699557927344202e-20,2.6797001504863202e-20,2.6894445082235196e-20,2.6991893927734706e-20,2.708933750310128e-20,2.7186781077828954e-20,2.728422465191768e-20,2.7381668225367485e-20,2.747911179817837e-20,2.7576555370350324e-20,2.7673998941883344e-20,2.777144251277744e-20,2.78688860830326e-20,2.796632965264884e-20,2.8063773221626145e-20,2.816121678996453e-20,2.825866035766398e-20,2.835610392472451e-20,2.8453547491681674e-20,2.855099105847551e-20,2.8648435062308705e-20,2.874587925882802e-20,2.884332282269393e-20,2.89407663859209e-20,2.9038209948508946e-20,2.9135653510458063e-20,2.923309707176825e-20,2.933054063243951e-20,2.942798419247184e-20,2.952542775186522e-20,2.96228713106197e-20,2.972031486873523e-20,2.981775842621186e-20,2.991520198304955e-20,3.0012645539248317e-20,3.0110089094808143e-20,3.0207532649729054e-20,3.030497620401103e-20,3.0402419757654095e-20,3.0499863310658224e-20,3.059730686302342e-20,3.069475041474969e-20,3.079219396583702e-20,3.088963751628545e-20,3.098708106609494e-20,3.108452461526549e-20,3.1181968163797136e-20,3.127941171168984e-20,3.1376855258943625e-20,3.147429880555847e-20,3.15717423515344e-20,3.1669185896871395e-20,3.176662944156947e-20,3.186407298562862e-20,3.196151652904883e-20,3.2058960071830113e-20,3.2156403613972473e-20,3.2253847155475906e-20,3.235129069634042e-20,3.2448734236565995e-20,3.2546177776152634e-20,3.2643621315100364e-20,3.274106485340803e-20,3.28385083910779e-20,3.293595192810884e-20,3.303339546450085e-20,3.3130839000253935e-20,3.3228282535368095e-20,3.332572606984333e-20,3.3423169603679633e-20,3.352061313687702e-20,3.361805666943547e-20,3.3715500201355004e-20,3.381294373263561e-20,3.3910387263277276e-20,3.400783079328003e-20,3.4105274322643857e-20,3.420271785136876e-20,3.430016137945473e-20,3.4397604906901755e-20,3.449504843370988e-20,3.459249195987907e-20,3.468993548540933e-20,3.478737901030068e-20,3.4884822534553095e-20,3.498226605816658e-20,3.507970958114115e-20,3.517715310347677e-20,3.527459662517348e-20,3.537204014623125e-20,3.5469483666650117e-20,3.556692718344892e-20,3.566437070258992e-20,3.576181422109198e-20,3.585925773895515e-20,3.5956701256179347e-20,3.605414477276466e-20,3.615158828871101e-20,3.6249031804018434e-20,3.6346475319311753e-20,3.644391883334133e-20,3.6541362346731983e-20,3.6638805859483713e-20,3.6736249371596516e-20,3.683369288336529e-20,3.69311362424661e-20,3.7028579752662065e-20,3.712602326221915e-20,3.7223466771137325e-20,3.732091027941655e-20,3.7418353787056864e-20,3.7515797294058255e-20,3.761324080042072e-20,3.771068430614426e-20,3.780812781122887e-20,3.7905571315674557e-20,3.800301481948131e-20,3.810045832264916e-20,3.819790182517806e-20,3.8295345327068035e-20,3.839278882831908e-20,3.849023232893123e-20,3.8587675828904414e-20,3.8685119328238683e-20,3.878256282693403e-20,3.8880006324990465e-20,3.897744982240797e-20,3.907489331918654e-20,3.917233681532619e-20,3.926978031082689e-20,3.9367223805688674e-20,3.946466729991156e-20,3.9562110793495486e-20,3.965955428644051e-20,3.97569977787466e-20,3.985444127041375e-20,3.9951884761441976e-20,4.0049328251831294e-20,4.014677174158167e-20,4.024421523069312e-20,4.034165871916566e-20,4.0439102206999276e-20,4.0536545694193934e-20,4.06339891807497e-20,4.073143266666653e-20,4.082887615194443e-20,4.0926319636583407e-20,4.1023763120583464e-20,4.1121206603944606e-20,4.121865008666681e-20,4.131609356875007e-20,4.1413537050194416e-20,4.151098053099983e-20,4.1608424011166325e-20,4.1705867490693886e-20,4.180331096958254e-20,4.190075444783225e-20,4.199819792544306e-20,4.209564140241493e-20,4.219308487874788e-20,4.229052835444191e-20,4.238797182949701e-20,4.248541530391319e-20,4.258285877769044e-20,4.268030225082876e-20,4.277774572332815e-20,4.287518919518863e-20,4.297263266641018e-20,4.30700761369928e-20,4.316751960693648e-20,4.3264963076241255e-20,4.33624065449071e-20,4.345985001293401e-20,4.3557293480322016e-20,4.365473694707107e-20,4.37521804131812e-20,4.384962387865244e-20,4.394706734348472e-20,4.404451080767808e-20,4.414195427123252e-20,4.4239397734148025e-20,4.4336841196424616e-20,4.443428465806228e-20,4.453172811906102e-20,4.462917157942082e-20,4.472661503914171e-20,4.482405849822365e-20,4.492150195666669e-20,4.501894541447081e-20,4.5116388871635986e-20,4.521383232816226e-20,4.53112757840496e-20,4.540871923929801e-20,4.55061626939075e-20,4.560360614787806e-20,4.57010496012097e-20,4.5798493053902413e-20,4.58959365059562e-20,4.599337995737107e-20,4.609082340814699e-20,4.618826685828401e-20,4.6285710307782113e-20,4.638315375664128e-20,4.648059720486153e-20,4.657804065244282e-20,4.667548409938521e-20,4.677292754568868e-20,4.687037099135322e-20,4.696781443637883e-20,4.7065257880765513e-20,4.716270132451328e-20,4.726014476762213e-20,4.735758821009205e-20,4.7455031651923034e-20,4.755247509311511e-20,4.764991853366825e-20,4.774736197358248e-20,4.784480541285778e-20,4.794224885149417e-20,4.803969228949161e-20,4.813713572685013e-20,4.823457916356975e-20,4.833202259965043e-20,4.842946603509217e-20,4.8526909469894993e-20,4.862435290405892e-20,4.8721796337583884e-20,4.881923977046994e-20,4.891668320271707e-20,4.9014126634325286e-20,4.911157006529457e-20,4.9209013495624916e-20,4.930645692531635e-20,4.9403900354368867e-20,4.950134378278244e-20,4.95987872105571e-20,4.969623063769284e-20,4.979367406418965e-20,4.989111749004754e-20,4.998856091526651e-20,5.008600433984653e-20,5.0183447763787665e-20,5.028089118708986e-20,5.037833460975315e-20,5.0475778031777503e-20,5.0573221453162906e-20,5.0670664873909393e-20,5.0768108294016954e-20,5.0865551713485617e-20,5.0962995132315347e-20,5.1060438550506155e-20,5.115788196805802e-20,5.125532538497098e-20,5.135276880124501e-20,5.145021221688011e-20,5.154765563187631e-20,5.1645099046233553e-20,5.1742542459951895e-20,5.1839985873031304e-20,5.193742928547177e-20,5.203487269727334e-20,5.213231610843598e-20,5.222975951895969e-20,5.232720292884446e-20,5.242464633809033e-20,5.252208974669728e-20,5.2619533154665276e-20,5.271697656199436e-20,5.281441996868452e-20,5.2911863374735756e-20,5.3009306780148056e-20,5.3106750184921446e-20,5.320419358905592e-20,5.3301636992551475e-20,5.33990803954081e-20,5.3496523797625795e-20,5.3593967199204573e-20,5.3691410600144406e-20,5.3788854000445354e-20,5.388629740010734e-20,5.398374079913042e-20,5.408118419751455e-20,5.4178627595259776e-20,5.427607099236609e-20,5.437351438883345e-20,5.447095778466191e-20,5.456840117985145e-20,5.466584457440204e-20,5.476328796831373e-20,5.486073136158649e-20,5.495817475422031e-20,5.505561814621523e-20,5.515306153757119e-20,5.525050492828826e-20,5.534794831836639e-20,5.544539170780561e-20,5.554283509660588e-20,5.564027848476725e-20,5.573772187228971e-20,5.583516525917321e-20,5.59326086454178e-20,5.603005203102347e-20,5.612749541599022e-20,5.622493880031805e-20,5.632238218400694e-20,5.641982556705691e-20,5.651726894946798e-20,5.661471233124011e-20,5.671215571237331e-20,5.68095990928676e-20,5.690704247272297e-20,5.70044858519394e-20,5.710192923051691e-20,5.719937260845551e-20,5.729681598575517e-20,5.739425936241592e-20,5.749170273843773e-20,5.758914611382064e-20,5.768658948856461e-20,5.778403286266965e-20,5.788147623613579e-20,5.797891960896298e-20,5.807636298115124e-20,5.81738063527006e-20,5.827124972361103e-20,5.836869309388253e-20,5.846613646351513e-20,5.85635798325088e-20,5.866102320086355e-20,5.875846656857935e-20,5.885590993565625e-20,5.895335330209422e-20,5.905079666789325e-20,5.914824003305337e-20,5.924568339757456e-20,5.934312676145682e-20,5.944057012470018e-20,5.953801348730459e-20,5.96354568492701e-20,5.97329002105967e-20,5.983034357128435e-20,5.99277869313331e-20,6.002523029074294e-20,6.012267364951384e-20,6.02201170076458e-20,6.031756036513887e-20,6.0415003721993e-20,6.051244707820819e-20,6.060989043378447e-20,6.070733378872182e-20,6.080477714302025e-20,6.090222049667974e-20,6.099966384970034e-20,6.109710720208201e-20,6.119455055382474e-20,6.129199390492856e-20,6.138943725539346e-20,6.148688060521944e-20,6.158432395440649e-20,6.168176730295463e-20,6.177921065086383e-20,6.187665399813414e-20,6.19740973447655e-20,6.207154069075794e-20,6.216898403611146e-20,6.226642738082605e-20,6.236387072490172e-20,6.246131406833847e-20,6.25587574111363e-20,6.265620075329519e-20,6.275364409481518e-20,6.285108743569625e-20,6.294853077593841e-20,6.304597411554164e-20,6.314341745450594e-20,6.324086079283128e-20,6.333830413051776e-20,6.343574746756526e-20,6.353319080397389e-20,6.363063413974355e-20,6.372807747487432e-20,6.382552080936615e-20,6.392296414321907e-20,6.402040747643307e-20,6.411785080900815e-20,6.421529414094426e-20,6.431273747224151e-20,6.441018080289983e-20,6.450762413291922e-20,6.460506746229966e-20,6.470251079104119e-20,6.47999541191438e-20,6.489739744660751e-20,6.499484077343228e-20,6.509228409961812e-20,6.518972742516506e-20,6.528717075007305e-20,6.538461407434214e-20,6.548205739797231e-20,6.557950072096354e-20,6.567694404331584e-20,6.577438736502923e-20,6.587183068610369e-20,6.596927400653925e-20,6.606671732633588e-20,6.616416064549356e-20,6.626160396401235e-20,6.635904728189218e-20,6.64564905991331e-20,6.655393391573512e-20,6.66513772316982e-20,6.674882054702235e-20,6.684626386170762e-20,6.694370717575394e-20,6.704115048916135e-20,6.713859380192981e-20,6.723603711405935e-20,6.733348042554996e-20,6.743092373640166e-20,6.752836704661448e-20,6.762581035618831e-20,6.772325366512324e-20,6.782069697341927e-20,6.791814028107634e-20,6.801558358809453e-20,6.811302689447376e-20,6.82104702002141e-20,6.830791350531551e-20,6.8405356809778e-20,6.850280011360159e-20,6.860024341678622e-20,6.869768671933193e-20,6.87951300212387e-20,6.889257332250659e-20,6.899001662313556e-20,6.908745992312557e-20,6.91849032224767e-20,6.928234652118886e-20,6.937978981926211e-20,6.947723311669644e-20,6.957467641349187e-20,6.967211970964835e-20,6.976956300516595e-20,6.986700630004461e-20,6.996444959428436e-20,7.006189288788517e-20,7.015933618084704e-20,7.025677947317001e-20,7.035422276485405e-20,7.045166605589918e-20,7.054910934630539e-20,7.064655263607268e-20,7.074399592520103e-20,7.084143921369049e-20,7.093888250154103e-20,7.10363257887526e-20,7.113376907532529e-20,7.123121236125904e-20,7.132865564655388e-20,7.142609893120978e-20,7.152354221522677e-20,7.16209854986048e-20,7.171842878134397e-20,7.181587206344418e-20,7.191331534490548e-20,7.201075862572788e-20,7.210820190591132e-20,7.220564518545587e-20,7.23030884643615e-20,7.24005317426282e-20,7.249797502025595e-20,7.259541829724482e-20,7.269286157359475e-20,7.279030484930576e-20,7.288774812437785e-20,7.298519139881103e-20,7.308263467260527e-20,7.318007794576057e-20,7.327752121827701e-20,7.337496449015448e-20,7.347240776139307e-20,7.356985103199269e-20,7.36672943019534e-20,7.376473757127521e-20,7.386218083995808e-20,7.395962410800206e-20,7.405706737540709e-20,7.41545106421732e-20,7.425195390830039e-20,7.434939717378864e-20,7.444684043863798e-20,7.454428370284841e-20,7.464172696641992e-20,7.47391702293525e-20,7.483661349164618e-20,7.493405675330089e-20,7.503150001431674e-20,7.512894327469367e-20,7.522638653443164e-20,7.532382979353075e-20,7.542127305199089e-20,7.551871630981211e-20,7.561615956699441e-20,7.571360282353779e-20,7.581104607944224e-20,7.590848933470778e-20,7.600593258933442e-20,7.61033758433221e-20,7.620081909667087e-20,7.629826234938072e-20,7.639570560145169e-20,7.649314885288369e-20,7.659059210367677e-20,7.668803535383093e-20,7.67854786033462e-20,7.688292185222255e-20,7.698036510045993e-20,7.707780834805846e-20,7.717525159501803e-20,7.72726948413387e-20,7.737013808702043e-20,7.746758133206322e-20,7.756502457646711e-20,7.766246782023203e-20,7.775991106335808e-20,7.785735430584519e-20,7.795479754769339e-20,7.805224078890267e-20,7.814968402947309e-20,7.824712726940448e-20,7.834457050927064e-20,7.844201374901233e-20,7.853945698857499e-20,7.863690022791003e-20,7.873434346463926e-20,7.883178670130387e-20,7.892922993784528e-20,7.902667317420838e-20,7.912411641034419e-20,7.922155964621152e-20,7.931900287909517e-20,7.941644611135955e-20,7.951388934298504e-20,7.96113325739716e-20,7.970877580431922e-20,7.980621903402794e-20,7.990366226309772e-20,8.000110549152858e-20,8.009854871932056e-20,8.019599194647358e-20,8.029343517298774e-20,8.039087839886295e-20,8.048832162409919e-20,8.058576484869651e-20,8.068320807265493e-20,8.078065129597445e-20,8.087809451865503e-20,8.097553774069667e-20,8.107298096209942e-20,8.117042418286326e-20,8.126786740298817e-20,8.136531062247416e-20,8.14627538413212e-20,8.156019705952935e-20,8.165764027709857e-20,8.175508349402888e-20,8.185252671032028e-20,8.194996992597276e-20,8.204741314098629e-20,8.214485635536095e-20,8.224229956909668e-20,8.233974278219349e-20,8.243718599465133e-20,8.253462920647031e-20,8.263207241765034e-20,8.272951562819145e-20,8.282695883809362e-20,8.292440204735691e-20,8.302184525598126e-20,8.31192884639667e-20,8.32167316713132e-20,8.331417487802077e-20,8.341161808408943e-20,8.350906128951915e-20,8.360650449431e-20,8.370394769846188e-20,8.380139090197489e-20,8.389883410484894e-20,8.399627730708412e-20,8.409372050868032e-20,8.419116370963763e-20,8.428860690995605e-20,8.438605010963551e-20,8.448349330867603e-20,8.458093650707767e-20,8.467837970484038e-20,8.477582290196419e-20,8.487326609844905e-20,8.497070929429501e-20,8.506815248950203e-20,8.516559568407012e-20,8.526303887799936e-20,8.536048207128961e-20,8.545792526394099e-20,8.555536845595344e-20,8.565281164732697e-20,8.575025483806158e-20,8.584769802815724e-20,8.5945141217614e-20,8.604258440643182e-20,8.614002759461072e-20,8.623747078215075e-20,8.633491396905186e-20,8.643235715531403e-20,8.652980034093723e-20,8.662724352592157e-20,8.6724686710267e-20,8.682212989397347e-20,8.691957307704105e-20,8.701701625946972e-20,8.711445944125946e-20,8.721190262241028e-20,8.730934580292218e-20,8.740678898279518e-20,8.750423216202921e-20,8.760167534062435e-20,8.769911851858059e-20,8.779656169589787e-20,8.789400487257626e-20,8.799144804861575e-20,8.808889122401626e-20,8.818633439877791e-20,8.828377757290061e-20,8.83812207463844e-20,8.847866391922926e-20,8.857610709143522e-20,8.867355026300227e-20,8.877099343393039e-20,8.886843660421959e-20,8.896587977386988e-20,8.906332294288124e-20,8.916076611125367e-20,8.925820927898719e-20,8.935565244608178e-20,8.945309561253745e-20,8.95505387783542e-20,8.964798194353203e-20,8.974542510807094e-20,8.984286827197092e-20,8.994031143523202e-20,9.003775459785417e-20,9.013519775983739e-20,9.023264092118175e-20,9.033008408188715e-20,9.042752724195363e-20,9.052497040138124e-20,9.062241356016989e-20,9.071985671831962e-20,9.081729987583043e-20,9.091474303270232e-20,9.10121861889353e-20,9.110962934452935e-20,9.120707249948452e-20,9.130451565380074e-20,9.140195880747804e-20,9.149940196051644e-20,9.159684511291591e-20,9.169428826467642e-20,9.179173141579806e-20,9.188917456628075e-20,9.198661771612453e-20,9.208406086532943e-20,9.218150401389536e-20,9.22789471618224e-20,9.237639030911054e-20,9.247383345575976e-20,9.257127660177004e-20,9.266871974714142e-20,9.276616289187385e-20,9.286360603596736e-20,9.2961049179422e-20,9.305849232223769e-20,9.315593546441445e-20,9.325337860595232e-20,9.335082174685125e-20,9.344826488711128e-20,9.354570802673238e-20,9.364315116571456e-20,9.374059430405783e-20,9.38380374417622e-20,9.39354805788276e-20,9.403292371525411e-20,9.413036685104167e-20,9.422780998619036e-20,9.432525312070009e-20,9.442269625457094e-20,9.452013938780288e-20,9.46175825203959e-20,9.471502565234996e-20,9.481246878366511e-20,9.490991191434136e-20,9.500735504437867e-20,9.51047981737771e-20,9.520224130253657e-20,9.529968443065717e-20,9.539712755813882e-20,9.549457068498158e-20,9.559201381118542e-20,9.568945693675031e-20,9.578690006167632e-20,9.588434318596336e-20,9.598178630961153e-20,9.607922943262078e-20,9.617667255499109e-20,9.627411567672252e-20,9.6371558797815e-20,9.646900191826854e-20,9.656644503808323e-20,9.666388815725896e-20,9.676133127579574e-20,9.685877439369361e-20,9.69562175109526e-20,9.705366062757265e-20,9.715110374355381e-20,9.724854685889599e-20,9.734598997359928e-20,9.744343308766368e-20,9.744343308766368e-20,9.744343308766368e-20,9.744343308766368e-20
16,0.0,0.0,0.0,0.0,0.0,0.0,0.0,0.0,0.0,0.0,0.0,0.0,0.0,0.0,0.0,0.0,0.0,0.0,0.0,0.0,0.0,0.0,0.0,0.0,0.0,0.0,0.0,0.0,0.0,0.0,0.0,0.0,0.0,0.0,0.0,0.0,0.0,0.0,0.0,0.0,0.0,0.0,0.0,0.0,0.0,0.0,0.0,0.0,0.0,0.0,0.0,0.0,0.0,0.0,0.0,0.0,0.0,0.0,0.0,0.0,0.0,0.0,0.0,0.0,0.0,0.0,0.0,0.0,0.0,0.0,0.0,0.0,0.0,0.0,0.0,0.0,0.0,0.0,0.0,0.0,0.0,0.0,0.0,0.0,0.0,0.0,0.0,0.0,0.0,0.0,0.0,0.0,0.0,0.0,0.0,0.0,0.0,0.0,0.0,0.0,0.0,0.0,0.0,0.0,0.0,0.0,0.0,0.0,0.0,0.0,0.0,0.0,0.0,0.0,0.0,0.0,0.0,0.0,0.0,0.0,0.0,0.0,0.0,0.0,0.0,0.0,0.0,0.0,0.0,0.0,0.0,0.0,0.0,0.0,0.0,0.0,0.0,0.0,0.0,0.0,0.0,0.0,0.0,0.0,0.0,0.0,0.0,0.0,0.0,0.0,0.0,0.0,0.0,0.0,0.0,0.0,0.0,0.0,0.0,0.0,0.0,0.0,0.0,0.0,0.0,0.0,0.0,0.0,0.0,0.0,0.0,0.0,0.0,0.0,0.0,0.0,0.0,0.0,0.0,0.0,0.0,0.0,0.0,0.0,0.0,0.0,0.0,0.0,0.0,0.0,0.0,0.0,0.0,0.0,0.0,0.0,0.0,0.0,0.0,0.0,0.0,0.0,0.0,0.0,0.0,0.0,0.0,0.0,0.0,0.0,0.0,0.0,0.0,0.0,0.0,0.0,0.0,0.0,0.0,0.0,0.0,0.0,0.0,0.0,0.0,0.0,0.0,0.0,0.0,0.0,0.0,0.0,0.0,0.0,0.0,0.0,0.0,0.0,0.0,0.0,0.0,0.0,0.0,0.0,0.0,0.0,0.0,0.0,0.0,0.0,0.0,0.0,0.0,0.0,0.0,0.0,0.0,0.0,0.0,0.0,0.0,0.0,0.0,0.0,0.0,0.0,0.0,0.0,0.0,0.0,0.0,0.0,0.0,0.0,0.0,0.0,0.0,0.0,0.0,0.0,0.0,0.0,0.0,0.0,0.0,0.0,0.0,0.0,0.0,0.0,0.0,0.0,0.0,0.0,0.0,0.0,0.0,0.0,0.0,0.0,0.0,0.0,0.0,0.0,0.0,0.0,0.0,0.0,0.0,0.0,0.0,0.0,0.0,0.0,0.0,0.0,0.0,0.0,0.0,0.0,0.0,0.0,0.0,0.0,0.0,0.0,0.0,0.0,0.0,0.0,0.0,0.0,0.0,0.0,0.0,0.0,0.0,0.0,0.0,0.0,0.0,0.0,0.0,0.0,0.0,0.0,0.0,0.0,0.0,0.0,0.0,0.0,0.0,0.0,0.0,0.0,0.0,0.0,0.0,0.0,0.0,0.0,0.0,0.0,0.0,0.0,0.0,0.0,0.0,0.0,0.0,0.0,0.0,0.0,0.0,0.0,0.0,0.0,0.0,0.0,0.0,0.0,0.0,0.0,0.0,0.0,0.0,0.0,0.0,0.0,0.0,0.0,0.0,0.0,0.0,0.0,0.0,0.0,0.0,0.0,0.0,0.0,0.0,0.0,0.0,0.0,0.0,0.0,0.0,0.0,0.0,0.0,0.0,0.0,0.0,0.0,0.0,0.0,0.0,0.0,0.0,0.0,0.0,0.0,0.0,0.0,0.0,0.0,0.0,0.0,0.0,0.0,0.0,0.0,0.0,0.0,0.0,0.0,0.0,0.0,0.0,0.0,0.0,0.0,0.0,0.0,0.0,0.0,0.0,0.0,0.0,0.0,0.0,0.0,0.0,0.0,0.0,0.0,0.0,0.0,0.0,0.0,0.0,0.0,0.0,0.0,0.0,0.0,0.0,0.0,0.0,0.0,0.0,0.0,0.0,0.0,0.0,0.0,0.0,0.0,0.0,0.0,0.0,0.0,0.0,0.0,0.0,0.0,0.0,0.0,0.0,0.0,0.0,0.0,0.0,0.0,0.0,0.0,0.0,0.0,0.0,0.0,0.0,0.0,0.0,0.0,0.0,0.0,0.0,0.0,0.0,0.0,0.0,0.0,0.0,0.0,0.0,0.0,0.0,0.0,0.0,0.0,0.0,0.0,0.0,0.0,0.0,0.0,0.0,0.0,0.0,0.0,0.0,0.0,0.0,0.0,0.0,0.0,0.0,0.0,0.0,0.0,0.0,0.0,0.0,0.0,0.0,0.0,0.0,0.0,0.0,0.0,0.0,0.0,0.0,0.0,0.0,0.0,0.0,0.0,0.0,0.0,0.0,0.0,0.0,0.0,0.0,0.0,0.0,0.0,0.0,0.0,0.0,0.0,0.0,0.0,0.0,0.0,0.0,0.0,0.0,0.0,0.0,0.0,0.0,0.0,0.0,0.0,0.0,0.0,0.0,0.0,0.0,0.0,0.0,0.0,0.0,0.0,0.0,0.0,0.0,0.0,0.0,0.0,0.0,0.0,0.0,0.0,0.0,0.0,0.0,0.0,0.0,0.0,0.0,0.0,0.0,0.0,0.0,0.0,0.0,0.0,0.0,0.0,0.0,0.0,0.0,0.0,0.0,0.0,0.0,0.0,0.0,0.0,0.0,0.0,0.0,0.0,0.0,0.0,0.0,0.0,0.0,0.0,0.0,0.0,0.0,0.0,0.0,0.0,0.0,0.0,0.0,0.0,0.0,0.0,0.0,0.0,0.0,0.0,0.0,0.0,0.0,0.0,0.0,0.0,0.0,0.0,0.0,0.0,0.0,0.0,0.0,0.0,0.0,0.0,0.0,0.0,0.0,0.0,0.0,0.0,0.0,0.0,0.0,0.0,0.0,0.0,0.0,0.0,0.0,0.0,0.0,0.0,0.0,0.0,0.0,0.0,0.0,0.0,0.0,0.0,0.0,0.0,0.0,0.0,0.0,0.0,0.0,0.0,0.0,0.0,0.0,0.0,0.0,0.0,0.0,0.0,0.0,0.0,0.0,0.0,0.0,0.0,0.0,0.0,0.0,0.0,0.0,0.0,0.0,0.0,0.0,0.0,0.0,0.0,0.0,0.0,0.0,0.0,0.0,0.0,0.0,0.0,0.0,0.0,0.0,0.0,0.0,0.0,0.0,0.0,0.0,0.0,0.0,0.0,0.0,0.0,0.0,0.0,0.0,0.0,0.0,0.0,0.0,0.0,0.0,0.0,0.0,0.0,0.0,0.0,0.0,0.0,0.0,0.0,0.0,0.0,0.0,0.0,0.0,0.0,0.0,0.0,0.0,0.0,0.0,0.0,0.0,0.0,0.0,0.0,0.0,0.0,0.0,0.0,0.0,0.0,0.0,0.0,0.0,0.0,0.0,0.0,0.0,0.0,0.0,0.0,0.0,0.0,0.0,0.0,0.0,0.0,0.0,0.0,0.0,0.0,0.0,0.0,0.0,0.0,0.0,0.0,0.0,0.0,0.0,0.0,0.0,0.0,0.0,0.0,0.0,0.0,0.0,0.0,0.0,0.0,0.0,0.0,0.0,0.0,0.0,0.0,0.0,0.0,0.0,0.0,0.0,0.0,0.0,0.0,0.0,0.0,0.0,0.0,0.0,0.0,0.0,0.0,0.0,0.0,0.0,0.0,0.0,0.0,0.0,0.0,0.0,0.0,0.0,0.0,0.0,0.0,0.0,0.0,0.0,0.0,0.0,0.0,0.0,0.0,0.0,0.0,0.0,0.0,0.0,0.0,0.0,0.0,0.0,0.0,0.0,0.0,0.0,0.0,0.0,0.0,0.0,0.0,0.0,0.0,0.0,0.0,0.0,0.0,0.0,0.0,0.0,0.0,0.0,0.0,0.0,0.0,0.0,0.0,0.0,0.0,0.0,0.0,0.0,0.0,0.0,0.0,0.0,0.0,0.0,0.0,0.0,0.0,0.0,0.0,0.0,0.0,0.0,0.0,0.0,0.0,0.0,0.0,0.0,0.0,0.0,0.0,0.0,0.0,0.0,0.0,0.0,0.0,0.0,0.0,0.0,0.0,0.0,0.0,0.0,0.0,0.0,0.0,0.0,0.0,0.0,0.0,0.0,0.0,0.0,0.0,0.0,0.0,0.0,0.0,0.0,0.0,0.0,0.0,0.0,0.0,0.0,0.0,0.0,0.0,0.0,0.0,0.0,0.0,0.0,0.0,0.0,0.0,0.0,0.0,0.0,0.0,0.0,0.0,0.0,0.0,0.0,0.0,4.6207106929591355e-35,5.647227835245092e-35,5.913168601731415e-35,6.018357993910407e-35,6.089645054814437e-35,6.153788987652575e-35,6.216401840546087e-35,6.278646788010395e-35,6.340762204903593e-35,6.402799117306196e-35,6.464773565748239e-35,6.526695524755807e-35,6.588574026940492e-35,6.650417272687419e-35,6.712232459006076e-35,6.774025656018565e-35,6.835801832786035e-35,6.897564967464281e-35,6.959318191228081e-35,7.02106393595574e-35,7.082804070262666e-35,7.144540017378024e-35,7.206272853357427e-35,7.268003386711642e-35,7.329732221679903e-35,7.391459807745997e-35,7.453186477913815e-35,7.514910255487526e-35,7.576635720729479e-35,7.638360916773628e-35,7.700085769840642e-35,7.761810512699743e-35,7.823535130803733e-35,7.885259644227266e-35,7.946984077600837e-35,8.008708291693454e-35,8.070432572023172e-35,8.132156846978329e-35,8.193881106631552e-35,8.255605393321533e-35,8.317329597212211e-35,8.37905381799306e-35,8.440778038053476e-35,8.502502254668727e-35,8.564226467981429e-35,8.625950678539615e-35,8.687674886829703e-35,8.749399093220872e-35,8.811123297982345e-35,8.872847501308547e-35,8.934571703339363e-35,8.996295904176032e-35,9.058020103891958e-35,9.119744302540974e-35,9.181468500161818e-35,9.243192696784208e-35,9.304916892429892e-35,9.366641087115806e-35,9.428365280856104e-35,9.490089473660992e-35,9.551813665539222e-35,9.61353785649939e-35,9.675262046548205e-35,9.73698623569224e-35,9.798710423937046e-35,9.860434611288884e-35,9.92215879775277e-35,9.98388298333443e-35,1.0045607168039408e-34,1.0107331351872454e-34,1.0169055534840286e-34,1.0230779716947072e-34,1.0292503898199133e-34,1.0354228078601266e-34,1.0415952258159115e-34,1.0477676436878751e-34,1.0539400614766353e-34,1.0601124791826433e-34,1.0662848968065955e-34,1.0724573143489552e-34,1.0786297318104628e-34,1.084802149191598e-34,1.0909745664930404e-34,1.0971469837158588e-34,1.1033194008600097e-34,1.1094918179261142e-34,1.1156642349152084e-34,1.121836651827797e-34,1.1280090686645563e-34,1.1341814854261523e-34,1.1403539021132038e-34,1.146526318726432e-34,1.1526987352664982e-34,1.1588711003698605e-34,1.1650435224736888e-34,1.171215929927973e-34,1.1773883442909777e-34,1.1835607600658655e-34,1.1897331760883753e-34,1.1959055921117485e-34,1.2020780134915676e-34,1.2082504354897886e-34,1.2144228569898004e-34,1.2205952780827519e-34,1.2267677004565138e-34,1.232940094226816e-34,1.239112505022203e-34,1.2452849194226728e-34,1.2514573345723186e-34,1.2576297498569286e-34,1.2638021651399571e-34,1.269974580388256e-34,1.2761469955918996e-34,1.2823194107470543e-34,1.288491825851916e-34,1.2946642409053443e-34,1.3008366559071035e-34,1.3070090708571922e-34,1.3131814857558863e-34,1.319353900603634e-34,1.3255263154009564e-34,1.3316987301485534e-34,1.337871144847253e-34,1.3440435594978223e-34,1.350215974101075e-34,1.3563883886578786e-34,1.3625608031691782e-34,1.3687332176357477e-34,1.3749056320586382e-34,1.3810780464387031e-34,1.3872504607769991e-34,1.393422875074364e-34,1.3995952893318284e-34,1.4057677035502994e-34,1.4119401177308166e-34,1.418112531874336e-34,1.424284945981867e-34,1.430457360054355e-34,1.4366297740928807e-34,1.442802188098456e-34,1.4489746020720203e-34,1.4551470160146448e-34,1.4613194299273757e-34,1.4674918438112466e-34,1.473664257667339e-34,1.4798366714966712e-34,1.4860090853002785e-34,1.4921814990793064e-34,1.4983539128348123e-34,1.5045263326293237e-34,1.5106987417022183e-34,1.5168711607530024e-34,1.523043569491176e-34,1.5292159932033867e-34,1.5353884018710138e-34,1.5415608198367912e-34,1.5477332394173282e-34,1.5539056440394807e-34,1.5600780556515969e-34,1.5662504687437503e-34,1.5724228821596984e-34,1.5785952956500837e-34,1.5847677131435866e-34,1.5909401219205897e-34,1.5971125375158754e-34,1.6032849329143327e-34,1.6094573520078958e-34,1.6156297535642589e-34,1.621802170444094e-34,1.6279745787312527e-34,1.6341469910549962e-34,1.6403194103292961e-34,1.646491829556169e-34,1.652664250366402e-34,1.6588366716547985e-34,1.6650090646971214e-34,1.6711814781802054e-34,1.6773538967307497e-34,1.6835264427728383e-34,1.6896988477111995e-34,1.6958712286269943e-34,1.7020436453093386e-34,1.7082160642211207e-34,1.7143884856111115e-34,1.7205609042891707e-34,1.7267333206869893e-34,1.7329056778546621e-34,1.7390780319034794e-34,1.7452504377620304e-34,1.751422849480549e-34,1.7575952625836982e-34,1.7637676760882753e-34,1.7699400897615968e-34,1.7761125035377084e-34,1.7822849173912122e-34,1.7884573313090447e-34,1.7946297452834853e-34,1.8008021593096682e-34,1.806974573384652e-34,1.8131469875069115e-34,1.8193194016757078e-34,1.8254918158909664e-34,1.8316642301531823e-34,1.8378366444629101e-34,1.8440090588211612e-34,1.8501814795216606e-34,1.8563538892511156e-34,1.8625263027204395e-34,1.868698717036273e-34,1.874871131583387e-34,1.8810435462300213e-34,1.8872159609476647e-34,1.8933883806647804e-34,1.8995608021474064e-34,1.9057332083567413e-34,1.9119056213971642e-34,1.9180780359646474e-34,1.924250450928461e-34,1.9304228660442752e-34,1.9365952812574552e-34,1.942767696554681e-34,1.9489401119323092e-34,1.9551125273893745e-34,1.9612849429258714e-34,1.96745735854235e-34,1.973629774239671e-34,1.9798021900189866e-34,1.985974608910386e-34,1.9921470273230467e-34,1.998319469350986e-34,2.004491865934106e-34,2.010664257413263e-34,2.0168366682576326e-34,2.0230090833420007e-34,2.0291814994445054e-34,2.035353915870291e-34,2.0415263324636977e-34,2.047698749186503e-34,2.0538711660271676e-34,2.0600435829811107e-34,2.0662160000465774e-34,2.0723884172228475e-34,2.0785608345099595e-34,2.0847332519084056e-34,2.0909056694191155e-34,2.0970780870433487e-34,2.1032505047822926e-34,2.1094229226374668e-34,2.115595340610351e-34,2.121767758702624e-34,2.1279401769158095e-34,2.1341125952516977e-34,2.140285013712069e-34,2.146457432298453e-34,2.1526298510126667e-34,2.1588022698565106e-34,2.164974688831715e-34,2.1711471079400165e-34,2.177319527183237e-34,2.183491946563134e-34,2.1896643660815366e-34,2.1958367857401974e-34,2.202009205541e-34,2.208181625485721e-34,2.214354045576189e-34,2.220526465814217e-34,2.2266988862016132e-34,2.2328713128898813e-34,2.239043690777172e-34,2.245216119716106e-34,2.251388527681099e-34,2.257560926434903e-34,2.2637333457727396e-34,2.269905763516896e-34,2.276078186476291e-34,2.282250613347197e-34,2.288423376670484e-34,2.294595787231085e-34,2.3007682068601694e-34,2.306940628619951e-34,2.313113051020678e-34,2.3192854737330324e-34,2.325457896678132e-34,2.331630319833369e-34,2.3378027431902616e-34,2.343975166744841e-34,2.350147590495319e-34,2.3563200144411213e-34,2.3624924385812333e-34,2.3686648629192127e-34,2.3748372874541814e-34,2.3810097174794997e-34,2.3871821484308134e-34,2.3933546092265325e-34,2.3995270829585394e-34,2.405699488243098e-34,2.4118719093293228e-34,2.4180443340409616e-34,2.4242167597663925e-34,2.430389185930272e-34,2.436561612395761e-34,2.4427340391238737e-34,2.448906466099897e-34,2.4550788933166337e-34,2.4612513207702062e-34,2.467423748458666e-34,2.473596176381287e-34,2.4797686045382333e-34,2.485941032930249e-34,2.49211346155841e-34,2.4982858904242523e-34,2.504458319529367e-34,2.5106307488755275e-34,2.516803178464616e-34,2.522975608298641e-34,2.529148038379526e-34,2.535320468709443e-34,2.541492899290405e-34,2.5476653301245854e-34,2.553837761213971e-34,2.5600101925608313e-34,2.5661826241672383e-34,2.5723550560354856e-34,2.5785274881675596e-34,2.5846999205656947e-34,2.5908723532321057e-34,2.597044786168915e-34,2.6032172193784073e-34,2.6093896528627214e-34,2.6155620866240914e-34,2.6217345206648127e-34,2.6279069549869672e-34,2.634079389592746e-34,2.6402518244845433e-34,2.646424259664481e-34,2.652596695124792e-34,2.6587691308964477e-34,2.664941566955925e-34,2.6711140033112416e-34,2.6772864399657084e-34,2.683458876921941e-34,2.6896313141821386e-34,2.6958037517486557e-34,2.701976189623714e-34,2.7081486278095665e-34,2.714321066308667e-34,2.7204935051231545e-34,2.726665944255411e-34,2.7328383837078086e-34,2.7390108234825314e-34,2.7451832635819904e-34,2.7513557040085766e-34,2.757528144764572e-34,2.763700585852286e-34,2.7698730272740645e-34,2.7760454690322366e-34,2.7822179111292874e-34,2.788390353567511e-34,2.794562796349286e-34,2.800735239476889e-34,2.8069076829527953e-34,2.8130801267793965e-34,2.819252570959056e-34,2.8254250154943556e-34,2.8315974665152675e-34,2.837769907035876e-34,2.8439423515792292e-34,2.85011479728464e-34,2.85628724354052e-34,2.8624596902161475e-34,2.868632137281461e-34,2.874804584730142e-34,2.8809770389643562e-34,2.88714948241757e-34,2.8933219299361517e-34,2.8994943786425956e-34,2.905666827922476e-34,2.9118392805960834e-34,2.9180117282189667e-34,2.9241841712977244e-34,2.930356620527526e-34,2.936529071416819e-34,2.9427015230041987e-34,2.948873975079364e-34,2.9550464275935004e-34,2.9612188805340607e-34,2.9673913338972775e-34,2.9735637876822177e-34,2.97973624188943e-34,2.9859086965197377e-34,2.992081151574813e-34,2.998253607056426e-34,3.004426062966722e-34,3.0105985193078164e-34,3.016770976082072e-34,3.022943433291908e-34,3.029115890939772e-34,3.0352883490281368e-34,3.0414608075596932e-34,3.0476332665367833e-34,3.053805725962122e-34,3.0599781858382276e-34,3.0661506461676734e-34,3.0723231069531304e-34,3.0784955681972433e-34,3.0846680299025458e-34,3.0908404920717936e-34,3.0970129547075312e-34,3.1031854178123613e-34,3.109357881389039e-34,3.1155303454400934e-34,3.121702809968321e-34,3.127875274976279e-34,3.1340477404667056e-34,3.140220206442292e-34,3.146392672905649e-34,3.152565139859531e-34,3.1587376073065918e-34,3.1649100752495027e-34,3.1710825436910053e-34,3.17725501263387e-34,3.183427482080705e-34,3.189599952034335e-34,3.195772422497258e-34,3.201944893472494e-34,3.2081173649626176e-34,3.2142898369703543e-34,3.220462309498516e-34,3.2266347825497708e-34,3.2328072561270096e-34,3.238979730232895e-34,3.2451522048702375e-34,3.2513246800417266e-34,3.25749715575025e-34,3.2636696319986257e-34,3.269842108789415e-34,3.2760145861255446e-34,3.2821870640098493e-34,3.28835954244505e-34,3.2945320214339732e-34,3.300704500979565e-34,3.3068769810845073e-34,3.3130494617515867e-34,3.3192219429836994e-34,3.3253944247836466e-34,3.3315669071543515e-34,3.337739390098607e-34,3.3439118736192312e-34,3.3500843577191704e-34,3.3562568424011534e-34,3.3624293276681426e-34,3.368601813522887e-34,3.3747742999683917e-34,3.3809467870076066e-34,3.387119274643252e-34,3.3932917628781694e-34,3.399464251715454e-34,3.405636741157809e-34,3.4118092312082905e-34,3.4179817218696784e-34,3.424154213145014e-34,3.430326705037196e-34,3.4364991975491227e-34,3.4426716906837178e-34,3.4488441844439587e-34,3.455016678832659e-34,3.461189173852855e-34,3.4673616695075505e-34,3.4735341657996095e-34,3.479706662732046e-34,3.485879160307881e-34,3.492051658529944e-34,3.498224157401289e-34,3.5043966569248687e-34,3.510569157103753e-34,3.5167416579408743e-34,3.522914159439197e-34,3.529086661601724e-34,3.5352591644314234e-34,3.5414316679314964e-34,3.5476041721047273e-34,3.5537766769542455e-34,3.5599491824830705e-34,3.5661216886942785e-34,3.5722941955908394e-34,3.5784667031757954e-34,3.584639211452233e-34,3.590811720423199e-34,3.5969842300917043e-34,3.6031567404608503e-34,3.609329251533682e-34,3.6155017633133084e-34,3.621674275802751e-34,3.627846789005002e-34,3.6340193029234364e-34,3.6401918175608404e-34,3.646364332920454e-34,3.6525368490053737e-34,3.658709365818737e-34,3.6648818833635494e-34,3.6710544016429606e-34,3.677226920660184e-34,3.683399440418279e-34,3.6895719609203116e-34,3.6957444821694796e-34,3.7019170041688494e-34,3.708089526921668e-34,3.7142620504310504e-34,3.720434574700151e-34,3.7266070997320416e-34,3.7327796255300126e-34,3.7389521520972485e-34,3.745124679436645e-34,3.751297207551862e-34,3.7574697364458155e-34,3.7636422661216435e-34,3.7698147965826007e-34,3.7759873278318306e-34,3.7821598598724763e-34,3.788332392707917e-34,3.7945049263412695e-34,3.8006774607758306e-34,3.806849996014718e-34,3.813022532061174e-34,3.8191950689184618e-34,3.825367606589731e-34,3.8315401450783923e-34,3.8377126843876204e-34,3.8438852245206203e-34,3.850057765480666e-34,3.856230307271016e-34,3.862402849894888e-34,3.868575393355638e-34,3.874747937656525e-34,3.880920482800748e-34,3.88709302879184e-34,3.89326557563267e-34,3.899438123326761e-34,3.905610671877412e-34,3.91178322128793e-34,3.917955771561633e-34,3.924128322701832e-34,3.9303008747118e-34,3.936473427594873e-34,3.9426459813544e-34,3.948818535993658e-34,3.954991091516191e-34,3.96116364792504e-34,3.967336205223642e-34,3.97350876341541e-34,3.979681322503675e-34,3.985853882491785e-34,3.992026443383039e-34,3.99819900518086e-34,4.004371567888637e-34,4.010544131509756e-34,4.016716696047509e-34,4.022889261505381e-34,4.029061827886752e-34,4.03523439519503e-34,4.041406963433552e-34,4.047579532605812e-34,4.0537521027151245e-34,4.059924673764925e-34,4.066097245758696e-34,4.072269818699718e-34,4.0784423925915685e-34,4.0846149674376855e-34,4.090787543241398e-34,4.096960120006175e-34,4.103132697735506e-34,4.109305276432843e-34,4.115477856101586e-34,4.121650436745215e-34,4.1278230183671906e-34,4.1339956009710015e-34,4.1401681845600235e-34,4.146340769137895e-34,4.15251335470804e-34,4.158685941273945e-34,4.164858528839134e-34,4.171031117406985e-34,4.17720370698117e-34,4.183376297564986e-34,4.189548889162039e-34,4.195721481775953e-34,4.201894075410034e-34,4.208066670068121e-34,4.214239265753325e-34,4.220411862469383e-34,4.226584460219811e-34,4.232757059008289e-34,4.2389296588381615e-34,4.24510225971322e-34,4.251274861636803e-34,4.257447464612541e-34,4.2636200686440905e-34,4.269792673734842e-34,4.275965279888413e-34,4.2821378871084e-34,4.288310495398479e-34,4.2944831047621334e-34,4.300655715203078e-34,4.306828326724646e-34,4.313000939330628e-34,4.319173553024629e-34,4.325346167810179e-34,4.3315187836909666e-34,4.3376914006706226e-34,4.343864018752617e-34,4.350036637940819e-34,4.3562092582386825e-34,4.362381879649751e-34,4.368554502177988e-34,4.374727125826813e-34,4.3808997505999295e-34,4.387072376500802e-34,4.3932450035333324e-34,4.3994176317011635e-34,4.405590261007802e-34,4.4117628914570075e-34,4.417935523052376e-34,4.424108155797669e-34,4.430280789696648e-34,4.436453424752914e-34,4.442626060970162e-34,4.448798698352164e-34,4.454971336902474e-34,4.4611439766248065e-34,4.467316617523097e-34,4.47348925960074e-34,4.479661902861668e-34,4.485834547309522e-34,4.492007192948046e-34,4.498179839780979e-34,4.504352487811994e-34,4.510525137044974e-34,4.5166977874835235e-34,4.522870439131403e-34,4.52904309199238e-34,4.535215746070276e-34,4.541388401368713e-34,4.547561057891554e-34,4.553733715642605e-34,4.559906374625603e-34,4.566079034844315e-34,4.572251696302539e-34,4.578424359004029e-34,4.58459702295268e-34,4.590769688152087e-34,4.59694235460621e-34,4.603115022318742e-34,4.609287691293519e-34,4.615460361534489e-34,4.6216330330452364e-34,4.627805705829754e-34,4.633978379891814e-34,4.640151055235272e-34,4.646323731863904e-34,4.652496409781665e-34,4.658669088992318e-34,4.6648417694996355e-34,4.671014451307477e-34,4.677187134419767e-34,4.683359818840341e-34,4.6895325045730465e-34,4.695705191621772e-34,4.701877879990397e-34,4.708050569682865e-34,4.714223260702823e-34,4.720395953054498e-34,4.726568646741489e-34,4.732741341767685e-34,4.738914038137144e-34,4.745086735853735e-34,4.751259434921241e-34,4.757432135343805e-34,4.763604837125043e-34,4.769777540268971e-34,4.7759502447796944e-34,4.782122950660948e-34,4.788295657916633e-34,4.794468366550859e-34,4.8006410765674685e-34,4.806813787970277e-34,4.812986500763294e-34,4.819159214950671e-34,4.825331930536199e-34,4.831504647523887e-34,4.837677365917564e-34,4.843850085721331e-34,4.850022806939082e-34,4.856195529574911e-34,4.862368253632654e-34,4.868540979116278e-34,4.874713706029943e-34,4.880886434377462e-34,4.887059164162949e-34,4.893231895390327e-34,4.899404628063622e-34,4.905577362186821e-34,4.911750097763937e-34,4.9179228347991315e-34,4.92409557329621e-34,4.930268313259241e-34,4.936441054692295e-34,4.9426137975993614e-34,4.948786541984575e-34,4.954959287851856e-34,4.961132035205378e-34,4.967304784049037e-34,4.9734775343869085e-34,4.979650286223217e-34,4.985823039561869e-34,4.9919957944069114e-34,4.998168550762447e-34,5.004341308632592e-34,5.010514068021346e-34,5.016686828932824e-34,5.022859591371073e-34,5.029032355340173e-34,5.0352051208444624e-34,5.041377887887655e-34,5.047550656474008e-34,5.053723426607694e-34,5.059896198292777e-34,5.066068971533263e-34,5.072241746333433e-34,5.078414522697202e-34,5.084587300628833e-34,5.090760080132379e-34,5.096932861212143e-34,5.103105643872118e-34,5.10927842811634e-34,5.1154512139490814e-34,5.121624001374484e-34,5.127796790396823e-34,5.133969581019988e-34,5.1401423732483985e-34,5.14631516708598e-34,5.152487962537095e-34,5.158660759605756e-34,5.1648335582962164e-34,5.171006358612671e-34,5.177179160559156e-34,5.183351964140089e-34,5.189524769359459e-34,5.195697576221613e-34,5.2018703847304045e-34,5.208043194890554e-34,5.2142160067060085e-34,5.2203888201808335e-34,5.2265616353193755e-34,5.2327344521258055e-34,5.238907270604472e-34,5.245080090759478e-34,5.2512529125951135e-34,5.2574257361156235e-34,5.263598561325162e-34,5.269771388228082e-34,5.275944216828482e-34,5.282117047130682e-34,5.288289879138889e-34,5.294462712857529e-34,5.300635548290592e-34,5.3068083854425365e-34,5.312981224317551e-34,5.319154064919942e-34,5.3253269072540055e-34,5.33149975132394e-34,5.337672597134083e-34,5.3438454446885806e-34,5.350018293991866e-34,5.3561911450482304e-34,5.362363997861858e-34,5.36853685243708e-34,5.3747097087782815e-34,5.380882566889803e-34,5.38705542677583e-34,5.39322828844078e-34,5.399401151888788e-34,5.4055740171244064e-34,5.411746884151743e-34,5.417919752975265e-34,5.424092623599358e-34,5.430265496028264e-34,5.436438370266412e-34,5.442611246318062e-34,5.448784124187459e-34,5.4549570038790735e-34,5.461129885397285e-34,5.467302768746482e-34,5.473475653930971e-34,5.479648540955053e-34,5.485821429823216e-34,5.491994320539791e-34,5.498167213109061e-34,5.504340107535479e-34,5.510513003823526e-34,5.516685901977519e-34,5.522858802001869e-34,5.529031703900894e-34,5.535204607679079e-34,5.54137751946511e-34,5.547550434299203e-34,5.553723351063439e-34,5.559896269466807e-34,5.566069164257453e-34,5.572242080801915e-34,5.578415003448601e-34,5.584587928885538e-34,5.590760856195662e-34,5.596933784183188e-34,5.603106686988082e-34,5.609279607844066e-34,5.615452534275387e-34,5.621625463704675e-34,5.627798395502995e-34,5.6339713294800965e-34,5.640144265557203e-34,5.646317203691841e-34,5.65249014385792e-34,5.658663086039086e-34,5.664836030225696e-34,5.671008976412027e-34,5.67718192459568e-34,5.68335487477624e-34,5.689527826954947e-34,5.695700781133821e-34,5.701873737315853e-34,5.708046695504189e-34,5.714219655702572e-34,5.720392617915268e-34,5.726565582145671e-34,5.732738548401333e-34,5.7389115166804265e-34,5.745084486991333e-34,5.751257459338254e-34,5.757430433730343e-34,5.763603410158859e-34,5.7697763886383884e-34,5.775949369172132e-34,5.782122351764079e-34,5.788295336418693e-34,5.794468323140702e-34,5.800641311934372e-34,5.806814302804429e-34,5.81298729575518e-34,5.819160290791643e-34,5.82533328791787e-34,5.8315062871387054e-34,5.837679288458622e-34,5.843852291882414e-34,5.8500252974143655e-34,5.856198305059094e-34,5.862371314821333e-34,5.868544326705463e-34,5.874717340716511e-34,5.8808903568589545e-34,5.887063375136926e-34,5.893236395555835e-34,5.899409418119581e-34,5.90558244283293e-34,5.911755469700638e-34,5.917928498727329e-34,5.924101529917458e-34,5.930274563275899e-34,5.9364475988060454e-34,5.9426206365150145e-34,5.948793676405714e-34,5.954966718483427e-34,5.961139762752603e-34,5.967312809217251e-34,5.973485857882679e-34,5.9796589087535715e-34,5.985831961834203e-34,5.9920050171292226e-34,5.998178074644027e-34,6.00435113438263e-34,6.010524196350262e-34,6.016697260554389e-34,6.022870326992571e-34,6.029043395672938e-34,6.03521646660088e-34,6.041389539781403e-34,6.047562615218399e-34,6.053735692916876e-34,6.0599087728821475e-34,6.0660818551142535e-34,6.072254939627397e-34,6.078428026419845e-34,6.084601115499267e-34,6.090774206863858e-34,6.096947300522832e-34,6.10312039648346e-34,6.109293494747894e-34,6.115466595313821e-34,6.121639698206328e-34,6.1278128034116445e-34,6.133985910938281e-34,6.140159020791342e-34,6.146332132978538e-34,6.1525052475017835e-34,6.158678364364503e-34,6.164851483576865e-34,6.1710246051403405e-34,6.177197729064279e-34,6.183370855341914e-34,6.189543983988759e-34,6.195717115005308e-34,6.201890248396069e-34,6.208063384166199e-34,6.214236522323093e-34,6.220409662870586e-34,6.22658280580847e-34,6.232755951143472e-34,6.238929098889198e-34,6.245102249040726e-34,6.251275401605411e-34,6.25744855658789e-34,6.263621713993007e-34,6.269794873819334e-34,6.275968036088236e-34,6.282141200794001e-34,6.288314367942234e-34,6.294487537536909e-34,6.300660709584149e-34,6.306833884086964e-34,6.313007061046565e-34,6.319180240480627e-34,6.325353422382771e-34,6.331526606762138e-34,6.337699793622858e-34,6.343872982969142e-34,6.350046174794978e-34,6.356219369127271e-34,6.362392565962926e-34,6.368565765299957e-34,6.374738967155793e-34,6.38091217152089e-34,6.387085378405023e-34,6.393258587807718e-34,6.399431799748339e-34,6.405605014222172e-34,6.4117782312317785e-34,6.4179514508038e-34,6.424124672906052e-34,6.430297897559999e-34,6.436471124772992e-34,6.442644354554769e-34,6.448817586909216e-34,6.454990821834338e-34,6.4611640593361285e-34,6.467337299429576e-34,6.4735105421107546e-34,6.479683787375638e-34,6.485857035245028e-34,6.492030285717361e-34,6.498203538802505e-34,6.504376794494664e-34,6.510550052804882e-34,6.5167233137391824e-34,6.522896577302446e-34,6.529069843496532e-34,6.535243112331379e-34,6.541416383808104e-34,6.54758965793243e-34,6.553762934709676e-34,6.559936214144986e-34,6.566109496234961e-34,6.572282781000789e-34,6.578456068440799e-34,6.584629358558792e-34,6.590802651357675e-34,6.596975946844135e-34,6.603149245022995e-34,6.609322545900385e-34,6.615495849480223e-34,6.621669155766054e-34,6.627842464764184e-34,6.634015776481901e-34,6.640189090919988e-34,6.646362408086543e-34,6.652535727984796e-34,6.658709050624133e-34,6.664882375997141e-34,6.6710557041333505e-34,6.677229035012477e-34,6.68340236864781e-34,6.689575705046554e-34,6.695749044213144e-34,6.701922386152275e-34,6.708095730865148e-34,6.7142690783704464e-34,6.720442428656923e-34,6.7266157817411485e-34,6.732789137621066e-34,6.738962496305183e-34,6.745135857796987e-34,6.7513092221004784e-34,6.1998875625507436e-34,6.021160364182556e-34,5.940171125465346e-34
17,0.0,0.0,0.0,0.0,0.0,0.0,0.0,0.0,0.0,0.0,0.0,0.0,0.0,0.0,0.0,0.0,0.0,0.0,0.0,0.0,0.0,0.0,0.0,0.0,0.0,0.0,0.0,0.0,0.0,0.0,0.0,0.0,0.0,0.0,0.0,0.0,0.0,0.0,0.0,0.0,0.0,0.0,0.0,0.0,0.0,0.0,0.0,0.0,0.0,0.0,0.0,0.0,0.0,0.0,0.0,0.0,0.0,0.0,0.0,0.0,0.0,0.0,0.0,0.0,0.0,0.0,0.0,0.0,0.0,0.0,0.0,0.0,0.0,0.0,0.0,0.0,0.0,0.0,0.0,0.0,0.0,0.0,0.0,0.0,0.0,0.0,0.0,0.0,0.0,0.0,0.0,0.0,0.0,0.0,0.0,0.0,0.0,0.0,0.0,0.0,0.0,0.0,0.0,0.0,0.0,0.0,0.0,0.0,0.0,0.0,0.0,0.0,0.0,0.0,0.0,0.0,0.0,0.0,0.0,0.0,0.0,0.0,0.0,0.0,0.0,0.0,0.0,0.0,0.0,0.0,0.0,0.0,0.0,0.0,0.0,0.0,0.0,0.0,0.0,0.0,0.0,0.0,0.0,0.0,0.0,0.0,0.0,0.0,0.0,0.0,0.0,0.0,0.0,0.0,0.0,0.0,0.0,0.0,0.0,0.0,0.0,0.0,0.0,0.0,0.0,0.0,0.0,0.0,0.0,0.0,0.0,0.0,0.0,0.0,0.0,0.0,0.0,0.0,0.0,0.0,0.0,0.0,0.0,0.0,0.0,0.0,0.0,0.0,0.0,0.0,0.0,0.0,0.0,0.0,0.0,0.0,0.0,0.0,0.0,0.0,0.0,0.0,0.0,0.0,0.0,0.0,0.0,0.0,0.0,0.0,0.0,0.0,0.0,0.0,0.0,0.0,0.0,0.0,0.0,0.0,0.0,0.0,0.0,0.0,0.0,0.0,0.0,0.0,0.0,0.0,0.0,0.0,0.0,0.0,0.0,0.0,0.0,0.0,0.0,0.0,0.0,0.0,0.0,0.0,0.0,0.0,0.0,0.0,0.0,0.0,0.0,0.0,0.0,0.0,0.0,0.0,0.0,0.0,0.0,0.0,0.0,0.0,0.0,0.0,0.0,0.0,0.0,0.0,0.0,0.0,0.0,0.0,0.0,0.0,0.0,0.0,0.0,0.0,0.0,0.0,0.0,0.0,0.0,0.0,0.0,0.0,0.0,0.0,0.0,0.0,0.0,0.0,0.0,0.0,0.0,0.0,0.0,0.0,0.0,0.0,0.0,0.0,0.0,0.0,0.0,0.0,0.0,0.0,0.0,0.0,0.0,0.0,0.0,0.0,0.0,0.0,0.0,0.0,0.0,0.0,0.0,0.0,0.0,0.0,0.0,0.0,0.0,0.0,0.0,0.0,0.0,0.0,0.0,0.0,0.0,0.0,0.0,0.0,0.0,0.0,0.0,0.0,0.0,0.0,0.0,0.0,0.0,0.0,0.0,0.0,0.0,0.0,0.0,0.0,0.0,0.0,0.0,0.0,0.0,0.0,0.0,0.0,0.0,0.0,0.0,0.0,0.0,0.0,0.0,0.0,0.0,0.0,0.0,0.0,0.0,0.0,0.0,0.0,0.0,0.0,0.0,0.0,0.0,0.0,0.0,0.0,0.0,0.0,0.0,0.0,0.0,0.0,0.0,0.0,0.0,0.0,0.0,0.0,0.0,0.0,0.0,0.0,0.0,0.0,0.0,0.0,0.0,0.0,0.0,0.0,0.0,0.0,0.0,0.0,0.0,0.0,0.0,0.0,0.0,0.0,0.0,0.0,0.0,0.0,0.0,0.0,0.0,0.0,0.0,0.0,0.0,0.0,0.0,0.0,0.0,0.0,0.0,0.0,0.0,0.0,0.0,0.0,0.0,0.0,0.0,0.0,0.0,0.0,0.0,0.0,0.0,0.0,0.0,0.0,0.0,0.0,0.0,0.0,0.0,0.0,0.0,0.0,0.0,0.0,0.0,0.0,0.0,0.0,0.0,0.0,0.0,0.0,0.0,0.0,0.0,0.0,0.0,0.0,0.0,0.0,0.0,0.0,0.0,0.0,0.0,0.0,0.0,0.0,0.0,0.0,0.0,0.0,0.0,0.0,0.0,0.0,0.0,0.0,0.0,0.0,0.0,0.0,0.0,0.0,0.0,0.0,0.0,0.0,0.0,0.0,0.0,0.0,0.0,0.0,0.0,0.0,0.0,0.0,0.0,0.0,0.0,0.0,0.0,0.0,0.0,0.0,0.0,0.0,0.0,0.0,0.0,0.0,0.0,0.0,0.0,0.0,0.0,0.0,0.0,0.0,0.0,0.0,0.0,0.0,0.0,0.0,0.0,0.0,0.0,0.0,0.0,0.0,0.0,0.0,0.0,0.0,0.0,0.0,0.0,0.0,0.0,0.0,0.0,0.0,0.0,0.0,0.0,0.0,0.0,0.0,0.0,0.0,0.0,0.0,0.0,0.0,0.0,0.0,0.0,0.0,0.0,0.0,0.0,0.0,0.0,0.0,0.0,0.0,0.0,0.0,0.0,0.0,0.0,0.0,0.0,0.0,0.0,0.0,0.0,0.0,0.0,0.0,0.0,0.0,0.0,0.0,0.0,0.0,0.0,0.0,0.0,0.0,0.0,0.0,0.0,0.0,0.0,0.0,0.0,0.0,0.0,0.0,0.0,0.0,0.0,0.0,0.0,0.0,0.0,0.0,0.0,0.0,0.0,0.0,0.0,0.0,0.0,0.0,0.0,0.0,0.0,0.0,0.0,0.0,0.0,0.0,0.0,0.0,0.0,0.0,0.0,0.0,0.0,0.0,0.0,0.0,0.0,0.0,0.0,0.0,0.0,0.0,0.0,0.0,0.0,0.0,0.0,0.0,0.0,0.0,0.0,0.0,0.0,0.0,0.0,0.0,0.0,0.0,0.0,0.0,0.0,0.0,0.0,0.0,0.0,0.0,0.0,0.0,0.0,0.0,0.0,0.0,0.0,0.0,0.0,0.0,0.0,0.0,0.0,0.0,0.0,0.0,0.0,0.0,0.0,0.0,0.0,0.0,0.0,0.0,0.0,0.0,0.0,0.0,0.0,0.0,0.0,0.0,0.0,0.0,0.0,0.0,0.0,0.0,0.0,0.0,0.0,0.0,0.0,0.0,0.0,0.0,0.0,0.0,0.0,0.0,0.0,0.0,0.0,0.0,0.0,0.0,0.0,0.0,0.0,0.0,0.0,0.0,0.0,0.0,0.0,0.0,0.0,0.0,0.0,0.0,0.0,0.0,0.0,0.0,0.0,0.0,0.0,0.0,0.0,0.0,0.0,0.0,0.0,0.0,0.0,0.0,0.0,0.0,0.0,0.0,0.0,0.0,0.0,0.0,0.0,0.0,0.0,0.0,0.0,0.0,0.0,0.0,0.0,0.0,0.0,0.0,0.0,0.0,0.0,0.0,0.0,0.0,0.0,0.0,0.0,0.0,0.0,0.0,0.0,0.0,0.0,0.0,0.0,0.0,0.0,0.0,0.0,0.0,0.0,0.0,0.0,0.0,0.0,0.0,0.0,0.0,0.0,0.0,0.0,0.0,0.0,0.0,0.0,0.0,0.0,0.0,0.0,0.0,0.0,0.0,0.0,0.0,0.0,0.0,0.0,0.0,0.0,0.0,0.0,0.0,0.0,0.0,0.0,0.0,0.0,0.0,0.0,0.0,0.0,0.0,0.0,0.0,0.0,0.0,0.0,0.0,0.0,0.0,0.0,0.0,0.0,0.0,0.0,0.0,0.0,0.0,0.0,0.0,0.0,0.0,0.0,0.0,0.0,0.0,0.0,0.0,0.0,0.0,0.0,0.0,0.0,0.0,0.0,0.0,0.0,0.0,0.0,0.0,0.0,0.0,0.0,0.0,0.0,0.0,0.0,0.0,0.0,0.0,0.0,0.0,0.0,0.0,0.0,0.0,0.0,0.0,0.0,0.0,0.0,0.0,0.0,0.0,0.0,0.0,0.0,0.0,0.0,0.0,0.0,0.0,0.0,0.0,0.0,0.0,0.0,0.0,0.0,0.0,0.0,0.0,0.0,0.0,0.0,0.0,0.0,0.0,0.0,0.0,0.0,0.0,0.0,0.0,0.0,0.0,0.0,0.0,0.0,0.0,0.0,0.0,0.0,0.0,0.0,0.0,0.0,0.0,0.0,0.0,0.0,0.0,0.0,0.0,0.0,0.0,0.0,0.0,0.0,0.0,0.0,0.0,0.0,0.0,0.0,0.0,0.0,0.0,0.0,0.0,0.0,0.0,0.0,0.0,0.0,0.0,0.0,0.0,0.0,0.0,0.0,0.0,0.0,0.0,0.0,0.0,1.4194673200336756e-34,2.8389715027434035e-34,4.258512649397142e-34,5.678090760013414e-34,7.097705834591945e-34,8.517357880897667e-34,9.937046913422692e-34,1.1356772879892438e-33,1.2776535828350827e-33,1.4196335722724679e-33,1.5616172588820366e-33,1.703604641110428e-33,1.8455957197341483e-33,1.9875904947530842e-33,2.129588966167126e-33,2.2715911339761598e-33,2.413596998180078e-33,2.555606558778769e-33,2.697619815772124e-33,2.8396367691600265e-33,2.9816574189423623e-33,3.1236817651190264e-33,3.2657098076898966e-33,3.407741546654882e-33,3.54977698201385e-33,3.6918161137666754e-33,3.833858941913268e-33,3.97590021905654e-33,4.117950439853755e-33,4.260004358944435e-33,4.402061972528416e-33,4.544123284177298e-33,4.686188293702778e-33,4.828257000791489e-33,4.9703294051804e-33,5.112405500729607e-33,5.254485292671347e-33,5.396568781005626e-33,5.538655965732308e-33,5.680746848354022e-33,5.8228414258652355e-33,5.964939699768543e-33,6.107041670063811e-33,6.249147336750941e-33,6.391256699829817e-33,6.533369759300332e-33,6.675486515162375e-33,6.817606967415832e-33,6.959731116060583e-33,7.101858961096533e-33,7.243990502523554e-33,7.386125740341536e-33,7.528264674550367e-33,7.67040730514994e-33,7.812553632140142e-33,7.954703655520863e-33,8.096857375291988e-33,8.2390147914534e-33,8.381175904005e-33,8.523340712946669e-33,8.665509218278288e-33,8.807681419999748e-33,8.94985731811094e-33,9.092036912611757e-33,9.234220203502083e-33,9.376407190781805e-33,9.518597874450812e-33,9.660792254508989e-33,9.802990330956229e-33,9.945192103792404e-33,1.0087397573017442e-32,1.0229606738631194e-32,1.0371819600633575e-32,1.0514036159024452e-32,1.0656256413803707e-32,1.0798480364971243e-32,1.0940708012526957e-32,1.1082939356470715e-32,1.1225174396802422e-32,1.136741313352192e-32,1.1509655566629146e-32,1.1651901696123983e-32,1.1794151522006311e-32,1.193640504427601e-32,1.2078662262932986e-32,1.2220923177977112e-32,1.2363187789408289e-32,1.250545609722641e-32,1.2647728101431338e-32,1.2790003802023008e-32,1.2932283199001273e-32,1.307456629236603e-32,1.3216853082117163e-32,1.33591422590584e-32,1.3501436445314566e-32,1.3643734324189745e-32,1.3786035899451083e-32,1.3928341171098248e-32,1.4070650139131103e-32,1.4212962803549556e-32,1.4355279166328712e-32,1.4497599227264935e-32,1.463992298612549e-32,1.478225044276486e-32,1.4924581597748196e-32,1.5066916440478262e-32,1.520925497959313e-32,1.5351597215092687e-32,1.5493943146976822e-32,1.5636292775245427e-32,1.577864609989839e-32,1.5921003120935604e-32,1.6063363838356956e-32,1.6205728252162335e-32,1.6348096362351637e-32,1.6490468168924726e-32,1.6632843671881506e-32,1.6775222871221864e-32,1.6917605766945699e-32,1.7059992359052898e-32,1.7202382647543337e-32,1.7344776632416892e-32,1.7487174313673467e-32,1.762957569131296e-32,1.7771980765335244e-32,1.7914389535740205e-32,1.805680200252775e-32,1.8199218165697738e-32,1.8341638025250074e-32,1.8484061581184636e-32,1.8626488833501334e-32,1.876891978220003e-32,1.8911354427280638e-32,1.9053792768743024e-32,1.9196234806587098e-32,1.9338680540812733e-32,1.9481129971419825e-32,1.9623583098408235e-32,1.9766039921777888e-32,1.9908500441528668e-32,2.005096465766044e-32,2.0193432570173102e-32,2.0335904179066532e-32,2.047837948434064e-32,2.0620858485995298e-32,2.07633411840304e-32,2.0905827578445826e-32,2.104831766924148e-32,2.119081145641724e-32,2.1333308942176372e-32,2.147581012211204e-32,2.161831500585363e-32,2.176082357854889e-32,2.1903335965078472e-32,2.204585193053574e-32,2.2188371594353132e-32,2.2330894956350625e-32,2.2473422010939062e-32,2.2615952761913037e-32,2.2758487209265903e-32,2.2901025352997518e-32,2.3043567193107791e-32,2.3186112681114841e-32,2.3328661913980793e-32,2.3471214844353143e-32,2.3613770896325116e-32,2.3756331223169768e-32,2.3898895241532767e-32,2.404146295845305e-32,2.4184034369572427e-32,2.4326609477069463e-32,2.4469188280954667e-32,2.4611770785012643e-32,2.4754356983634595e-32,2.489694687993571e-32,2.503954046931929e-32,2.5182137756710203e-32,2.5324738742304756e-32,2.546734631897523e-32,2.560995431657419e-32,2.5752565449668165e-32,2.5895181106235376e-32,2.603780050818444e-32,2.618042366397844e-32,2.6323050453811214e-32,2.646568088640434e-32,2.660831513595895e-32,2.6750951870326856e-32,2.689359351260132e-32,2.703623885125128e-32,2.7178887886276656e-32,2.732154061767732e-32,2.746419704545316e-32,2.760685716960406e-32,2.774952099012992e-32,2.789218850703064e-32,2.803485972030609e-32,2.8177534629956164e-32,2.832021323598073e-32,2.8462895538379717e-32,2.8605581537153e-32,2.874827123230045e-32,2.8890964623821957e-32,2.9033661711717407e-32,2.91763624959867e-32,2.9319066980415094e-32,2.9461775157431806e-32,2.9604487030822015e-32,2.974720260058561e-32,2.98899218667225e-32,3.0032644829232534e-32,3.0175371488115637e-32,3.0318101845148247e-32,3.046083590051438e-32,3.0603573648516043e-32,3.0746315092890326e-32,3.0889060233637094e-32,3.1031809070756255e-32,3.1174561604247683e-32,3.1317317834111273e-32,3.146007776034692e-32,3.16028413829545e-32,3.174560870193391e-32,3.1888379717285034e-32,3.203115442900775e-32,3.217393283710193e-32,3.231671494156751e-32,3.2459500668782646e-32,3.260229004771129e-32,3.274508364580374e-32,3.288787986099334e-32,3.3030680447301955e-32,3.3173484729981273e-32,3.3316292709031193e-32,3.345910438445159e-32,3.3601919756242366e-32,3.374473882440338e-32,3.388756158893454e-32,3.4030388049835747e-32,3.4173218207106864e-32,3.43160520607478e-32,3.445888961075842e-32,3.460173085713862e-32,3.4744575799888305e-32,3.4887424439007356e-32,3.503027677449566e-32,3.517313280635309e-32,3.531599253457955e-32,3.545885595917491e-32,3.560172308013908e-32,3.574459389747193e-32,3.5887468411173364e-32,3.603034662124325e-32,3.617322852768149e-32,3.6316114130487984e-32,3.645900342966262e-32,3.6601896425205275e-32,3.674479311711581e-32,3.6887693505394145e-32,3.7030597590040175e-32,3.717350537105376e-32,3.7316416848434816e-32,3.74593320221832e-32,3.760225089229883e-32,3.774517345878157e-32,3.788809972163135e-32,3.803102968084801e-32,3.8173963338627954e-32,3.8316899521898404e-32,3.845984057679728e-32,3.8602784829693643e-32,3.874573327070049e-32,3.888868540919974e-32,3.9031641242938653e-32,3.917460077387191e-32,3.931756400290085e-32,3.946053866103671e-32,3.960350928043888e-32,3.974648359620664e-32,3.988946160833984e-32,4.003244331683838e-32,4.0175428721702136e-32,4.0318417822931e-32,4.0461410620524847e-32,4.0604407114483594e-32,4.0747407304807104e-32,4.0890411191495277e-32,4.1033418774548e-32,4.1176430053965143e-32,4.131944502974662e-32,4.1462463701892306e-32,4.1605486072285626e-32,4.1748512140715644e-32,4.189154254950768e-32,4.203457693989254e-32,4.2177614093898483e-32,4.232065494426791e-32,4.246369949100075e-32,4.260674773409691e-32,4.274979967355626e-32,4.2892855309378737e-32,4.303591464156417e-32,4.317897767011246e-32,4.332204439502353e-32,4.3465114816297246e-32,4.36081889339335e-32,4.3751266747932157e-32,4.3894348258293144e-32,4.403743346501631e-32,4.418052236810156e-32,4.4323614967548795e-32,4.4466711263357894e-32,4.4609811255528727e-32,4.4752914944061185e-32,4.4896022328955193e-32,4.503913341021061e-32,4.518224818782734e-32,4.532536666180526e-32,4.5468488832144256e-32,4.561161469884422e-32,4.5754744261905013e-32,4.589787752132658e-32,4.6041014477108753e-32,4.6184155129251474e-32,4.632729947775458e-32,4.6470447522617967e-32,4.661359926384157e-32,4.6756754701425215e-32,4.689991383536882e-32,4.704307666567227e-32,4.718624319233547e-32,4.732941341535829e-32,4.7472587334740606e-32,4.761576495048232e-32,4.775894626258335e-32,4.7902131271039596e-32,4.804531997585885e-32,4.8188512377037055e-32,4.833170847457409e-32,4.847490826846985e-32,4.8618111758724237e-32,4.876131894533712e-32,4.8904529828308414e-32,4.904774440763798e-32,4.91909626833257e-32,4.93341846553715e-32,4.947741032377525e-32,4.962063968853681e-32,4.97638727496561e-32,4.9907109507133e-32,5.005034996096741e-32,5.019359411115918e-32,5.033684195770823e-32,5.048009350061445e-32,5.062334873987772e-32,5.076660767549793e-32,5.090987030747497e-32,5.105313663580873e-32,5.11964066604991e-32,5.133968038154593e-32,5.148295779894914e-32,5.162623891270863e-32,5.176952372282425e-32,5.191281222929593e-32,5.205610442904096e-32,5.219940032822429e-32,5.234269992376328e-32,5.248600321565792e-32,5.262931020390801e-32,5.277262088851349e-32,5.291593526947419e-32,5.305925334679005e-32,5.320257512269147e-32,5.334590059271734e-32,5.348922975909802e-32,5.36325626218334e-32,5.377589918092334e-32,5.391923943740593e-32,5.406258316792654e-32,5.420593081607362e-32,5.434928216057507e-32,5.449263720143056e-32,5.463599593863993e-32,5.477935837220312e-32,5.492272450212001e-32,5.506609432839048e-32,5.520946785101442e-32,5.53528450699917e-32,5.549622598532224e-32,5.563961059700591e-32,5.578299890504262e-32,5.592639090943221e-32,5.60697866101746e-32,5.621318600726965e-32,5.635658910071733e-32,5.649999589051743e-32,5.664340637666988e-32,5.678682055917457e-32,5.693023843803139e-32,5.707366001324023e-32,5.721708528480096e-32,5.736051425271347e-32,5.750394691697762e-32,5.764738327759335e-32,5.77908233345606e-32,5.793426708787913e-32,5.807771453754892e-32,5.822116568356981e-32,5.836462052594169e-32,5.850807906466447e-32,5.865154129973807e-32,5.879500723116228e-32,5.893847685893706e-32,5.90819501830623e-32,5.922542720353788e-32,5.936890792036366e-32,5.951239233353956e-32,5.965588044306547e-32,5.979937224894125e-32,5.99428677511668e-32,6.008636694974205e-32,6.022986984466684e-32,6.037337643594105e-32,6.051688672356457e-32,6.066040070753733e-32,6.080391838785918e-32,6.094743976453002e-32,6.109096483754973e-32,6.123449360691822e-32,6.137802607263535e-32,6.152156223470103e-32,6.166510209311516e-32,6.180864564787759e-32,6.195219289898826e-32,6.209574384644701e-32,6.223929849025375e-32,6.238285683040834e-32,6.252641886691071e-32,6.266998459976071e-32,6.281355402895825e-32,6.295712715450322e-32,6.31007039763955e-32,6.324428449463497e-32,6.338786870922153e-32,6.353145662015506e-32,6.367504822743545e-32,6.38186435310626e-32,6.396224253103638e-32,6.410584522735671e-32,6.424945162002344e-32,6.439306170903649e-32,6.45366754943957e-32,6.4680292976101e-32,6.482391415415226e-32,6.49675390285494e-32,6.511116759929226e-32,6.525479986638079e-32,6.539843582981481e-32,6.554207548959424e-32,6.568571884571894e-32,6.582936589818886e-32,6.597301664700385e-32,6.611667109216379e-32,6.626032923366862e-32,6.640399107151817e-32,6.654765660571234e-32,6.669132583625103e-32,6.683499876313411e-32,6.697867538636146e-32,6.712235570593301e-32,6.726603972184861e-32,6.740972743410819e-32,6.755341884271158e-32,6.769711394765873e-32,6.784081274894951e-32,6.798451524658379e-32,6.812822144056145e-32,6.827193133088237e-32,6.841564491754648e-32,6.855936220055365e-32,6.870308317990376e-32,6.884680785559671e-32,6.899053622763237e-32,6.913426829601067e-32,6.927800406073147e-32,6.942174352179464e-32,6.956548667920008e-32,6.97092335329477e-32,6.985298408303735e-32,6.999673832946894e-32,7.014049627224238e-32,7.028425791135755e-32,7.042802324681427e-32,7.05717922786125e-32,7.071556500675212e-32,7.085934143123302e-32,7.100312155205508e-32,7.114690536921815e-32,7.129069288272218e-32,7.1434484092567e-32,7.157827899875255e-32,7.17220776012787e-32,7.186587990014535e-32,7.200968589535235e-32,7.21534955868996e-32,7.229730897478701e-32,7.244112605901447e-32,7.258494683958182e-32,7.272877131648899e-32,7.287259948973587e-32,7.301643135932232e-32,7.316026692524827e-32,7.330410618751359e-32,7.344794914611813e-32,7.359179580106184e-32,7.373564615234457e-32,7.387950019996625e-32,7.402335794392671e-32,7.416721938422585e-32,7.431108452086358e-32,7.445495335383975e-32,7.459882588315433e-32,7.474270210880715e-32,7.48865820307981e-32,7.503046564912708e-32,7.517435296379394e-32,7.531824397479863e-32,7.546213868214099e-32,7.560603708582091e-32,7.574993918583832e-32,7.589384498219305e-32,7.603775447488504e-32,7.618166766391414e-32,7.632558454928028e-32,7.646950513098328e-32,7.661342940902308e-32,7.675735738339956e-32,7.690128905411262e-32,7.704522442116215e-32,7.718916348454798e-32,7.733310624427006e-32,7.747705270032823e-32,7.762100285272244e-32,7.776495670145252e-32,7.790891424651838e-32,7.805287548791994e-32,7.819684042565706e-32,7.834080905972962e-32,7.848478139013753e-32,7.862875741688065e-32,7.877273713995885e-32,7.89167205593721e-32,7.90607076751202e-32,7.920469848720308e-32,7.934869299562061e-32,7.949269120037268e-32,7.963669310145923e-32,7.978069869888006e-32,7.992470799263515e-32,8.006872098272433e-32,8.02127376691475e-32,8.035675805190454e-32,8.050078213099532e-32,8.064480990641979e-32,8.07888413781778e-32,8.093287654626923e-32,8.107691541069397e-32,8.122095797145195e-32,8.136500422854302e-32,8.150905418196705e-32,8.165310783172396e-32,8.179716517781366e-32,8.194122622023597e-32,8.208529095899086e-32,8.222935939407814e-32,8.237343152549773e-32,8.251750735324953e-32,8.266158687733344e-32,8.280567009774932e-32,8.294975701449705e-32,8.309384762757655e-32,8.323794193698767e-32,8.33820399427303e-32,8.352614164480438e-32,8.367024704320974e-32,8.381435613794631e-32,8.395846892901396e-32,8.410258541641258e-32,8.424670560014209e-32,8.43908294802023e-32,8.453495705659318e-32,8.467908832931456e-32,8.482322329836632e-32,8.496736196374843e-32,8.511150432546065e-32,8.525565038350296e-32,8.539980013787528e-32,8.554395358857743e-32,8.56881107356093e-32,8.583227157897084e-32,8.597643611866188e-32,8.612060435468233e-32,8.626477628703207e-32,8.640895191571097e-32,8.655313124071897e-32,8.669731426205587e-32,8.684150097972166e-32,8.698569139371615e-32,8.712988550403921e-32,8.727408331069087e-32,8.741828481367087e-32,8.756249001297917e-32,8.770669890861564e-32,8.785091150058018e-32,8.799512778887271e-32,8.813934777349304e-32,8.828357145444108e-32,8.842779883171673e-32,8.85720299053199e-32,8.871626467525046e-32,8.886050314150826e-32,8.900474530409329e-32,8.914899116300535e-32,8.929324071824433e-32,8.943749396981013e-32,8.958175091770265e-32,8.972601156192176e-32,8.987027590246736e-32,9.001454393933936e-32,9.015881567253763e-32,9.030309110206207e-32,9.044737022791255e-32,9.0591653050089e-32,9.073593956859122e-32,9.08802297834192e-32,9.102452369457272e-32,9.116882130205177e-32,9.131312260585616e-32,9.145742760598581e-32,9.160173630244062e-32,9.174604869522044e-32,9.189036478432525e-32,9.203468456975481e-32,9.217900805150909e-32,9.232333522958801e-32,9.246766610399136e-32,9.261200067471908e-32,9.275633894177106e-32,9.290068090514715e-32,9.304502656484732e-32,9.318937592087136e-32,9.333372897321925e-32,9.347808572189082e-32,9.362244616688598e-32,9.376681030820459e-32,9.391117814584659e-32,9.40555496798118e-32,9.419992491010014e-32,9.434430383671149e-32,9.448868645964579e-32,9.463307277890289e-32,9.477746279448268e-32,9.4921856506385e-32,9.506625391460983e-32,9.521065501915702e-32,9.535505982002644e-32,9.549946831721795e-32,9.564388051073151e-32,9.578829640056697e-32,9.593271598672419e-32,9.607713926920313e-32,9.622156624800364e-32,9.63659969231256e-32,9.651043129456886e-32,9.665486936233341e-32,9.679931112641905e-32,9.694375658682569e-32,9.708820574355323e-32,9.72326585966015e-32,9.737711514597051e-32,9.752157539166004e-32,9.766603933367005e-32,9.78105069720004e-32,9.795497830665093e-32,9.809945333762159e-32,9.824393206491227e-32,9.838841448852285e-32,9.853290060845318e-32,9.867739042470313e-32,9.882188393727268e-32,9.896638114616164e-32,9.911088205136994e-32,9.925538665289752e-32,9.93998949507441e-32,9.95444069449097e-32,9.968892263539427e-32,9.983344202219752e-32,9.997796510531943e-32,1.0012249188475987e-31,1.0026702236051882e-31,1.0041155653259604e-31,1.0055609440099146e-31,1.0070063596570504e-31,1.008451812267365e-31,1.0098973018408592e-31,1.0113428283775303e-31,1.0127883918773786e-31,1.0142339923404021e-31,1.0156796297665996e-31,1.0171253041559703e-31,1.0185710155085132e-31,1.0200167638242264e-31,1.02146254910311e-31,1.022908371345162e-31,1.0243542305503818e-31,1.0258001267187682e-31,1.02724605985032e-31,1.0286920299450358e-31,1.0301380370029144e-31,1.0315840810239546e-31,1.0330301620081563e-31,1.0344762799555174e-31,1.0359224348660372e-31,1.0373686267397146e-31,1.038814855576548e-31,1.040261121376537e-31,1.04170742413968e-31,1.0431537638659762e-31,1.044600140555424e-31,1.046046554208023e-31,1.047493004823771e-31,1.0489394924026679e-31,1.050386016944712e-31,1.0518325784499022e-31,1.0532791769182372e-31,1.0547258123497172e-31,1.0561724847443394e-31,1.0576191941021038e-31,1.059065940423009e-31,1.0605127237070531e-31,1.061959543954236e-31,1.0634064011645567e-31,1.064853295338013e-31,1.0663002264746041e-31,1.0677471945743298e-31,1.0691941996371881e-31,1.0706412416631786e-31,1.0720883206522992e-31,1.0735354366045492e-31,1.0749825895199276e-31,1.0764297793984333e-31,1.0778770062400652e-31,1.0793242700448224e-31,1.0807715708127032e-31,1.0822189085437068e-31,1.0836662832378317e-31,1.0851136948950774e-31,1.0865611435154423e-31,1.0880086290989262e-31,1.0894561516455266e-31,1.0909037111552436e-31,1.092351307628075e-31,1.0937989410640202e-31,1.0952466114630785e-31,1.0966943188252479e-31,1.0981420631505283e-31,1.0995898444389177e-31,1.1010376626904157e-31,1.1024855179050202e-31,1.1039334100827312e-31,1.1053813392235475e-31,1.106829305327467e-31,1.1082773083944892e-31,1.109725348424613e-31,1.1111734254178368e-31,1.1126215393741604e-31,1.1140696902935817e-31,1.1155178781760999e-31,1.1169661030217142e-31,1.1184143648304236e-31,1.1198626636022262e-31,1.1213109993371216e-31,1.1227593720351087e-31,1.1242077816961862e-31,1.1256562283203527e-31,1.1271047119076068e-31,1.1285532324579482e-31,1.1300017899713752e-31,1.1314503844478875e-31,1.1328990158874829e-31,1.134347684290161e-31,1.1357963896559205e-31,1.1372451319847604e-31,1.1386939112766787e-31,1.1401427275316757e-31,1.141591580749749e-31,1.1430404709308983e-31,1.144489398075122e-31,1.1459383621824196e-31,1.1473873632527894e-31,1.1488364012862307e-31,1.1502854762827427e-31,1.1517345882423226e-31,1.1531837371852708e-31,1.1546329231094862e-31,1.156082146013039e-31,1.1575314058942083e-31,1.1589807026688503e-31,1.1604300364268796e-31,1.1618794071662167e-31,1.163328814884912e-31,1.1647782595812315e-31,1.1662277412537171e-31,1.1676772598062941e-31,1.1691268153226226e-31,1.1705764078020055e-31,1.1720260372444414e-31,1.1734757036499302e-31,1.1749254070184696e-31,1.1763751473500595e-31,1.177824924644698e-31,1.1792747389023843e-31,1.1807245901231178e-31,1.1821744783068962e-31,1.1836244034537198e-31,1.1850743655635857e-31,1.186524364636494e-31,1.1879744006724434e-31,1.1894244736714328e-31,1.190874583633461e-31,1.1923247305585262e-31,1.1937749144466284e-31,1.1952251352977665e-31,1.1966753931119386e-31,1.198125687889144e-31,1.1995760196293811e-31,1.2010263883326498e-31,1.202476793998948e-31,1.2039272366282753e-31,1.2053777162206304e-31,1.206828232776012e-31,1.2082787862944186e-31,1.2097293767758504e-31,1.211180004220305e-31,1.212630668627781e-31,1.2140813699982783e-31,1.2155321083317957e-31,1.2169828836283315e-31,1.2184336958878843e-31,1.219884545110454e-31,1.2213354312960392e-31,1.2227863544446386e-31,1.224237314556251e-31,1.225688311630875e-31,1.22713934566851e-31,1.228590416669154e-31,1.230041524632807e-31,1.231492669559468e-31,1.2329438514491349e-31,1.2343950703018073e-31,1.2358463261174833e-31,1.2372976188961631e-31,1.2387489486378443e-31,1.2402003153425264e-31,1.241651719010208e-31,1.2431031596408885e-31,1.2445546372345658e-31,1.2460061517912398e-31,1.247457703310909e-31,1.248909291793572e-31,1.2503609172392283e-31,1.2518125796478762e-31,1.2532642790195144e-31,1.2547160153541427e-31,1.2561677886517595e-31,1.2576195989123636e-31,1.259071446135954e-31,1.2605233303225293e-31,1.2619752514720888e-31,1.263427209584631e-31,1.2648792046601548e-31,1.2663312366986595e-31,1.2677833057001433e-31,1.2692354116646056e-31,1.2706875545920455e-31,1.272139734482462e-31,1.273591951335853e-31,1.2750442051522176e-31,1.2764964959315555e-31,1.277948823673865e-31,1.2794011883791448e-31,1.280853590047394e-31,1.2823060286786117e-31,1.2837585042727966e-31,1.2852110168299477e-31,1.2866635663500636e-31,1.288116152833144e-31,1.2895687762791861e-31,1.2910214366881906e-31,1.2924741340601552e-31,1.293926868395079e-31,1.2953796396929612e-31,1.2968324479538006e-31,1.2982852931775954e-31,1.2997381753643463e-31,1.3011910945140501e-31,1.302644050626707e-31,1.304097043702315e-31,1.3055500737408737e-31,1.3070031407423819e-31,1.3084562447068378e-31,1.3099093856342408e-31,1.3113625635245897e-31,1.3128157783778834e-31,1.3142690301941206e-31,1.3157223189733003e-31,1.3171756447154214e-31,1.3186290074204834e-31,1.3200824070884844e-31,1.3215358437194231e-31,1.322989317313299e-31,1.3244428278701106e-31,1.325896375389857e-31,1.3273499598725377e-31,1.3288035813181498e-31,1.3302572397266943e-31,1.3317109350981687e-31,1.333164667432572e-31,1.3346184367299034e-31,1.336072242990162e-31,1.337526086213346e-31,1.3389799663994549e-31,1.3404338835484866e-31,1.3418878376604414e-31,1.3433418287353175e-31,1.3447958567731139e-31,1.3462499217738293e-31,1.3477040237374623e-31,1.3491581626640128e-31,1.3506123385534786e-31,1.352066551405859e-31,1.3535208012211526e-31,1.354975087999359e-31,1.356429411740476e-31,1.3578837724445043e-31,1.359338170111441e-31,1.3607926047412852e-31,1.3622470763340367e-31,1.3637015848896939e-31,1.3651561304082546e-31,1.3666107128897194e-31,1.368065332334086e-31,1.3695199887413542e-31,1.3709746821115226e-31,1.3724294124445904e-31,1.3738841797405546e-31,1.3753389839994167e-31,1.3767938252211735e-31,1.378248703405825e-31,1.37970361855337e-31,1.3811585706638074e-31,1.3826135597371354e-31,1.3840685857733535e-31,1.3855236487724602e-31,1.3869787487344549e-31,1.388433885659336e-31,1.3898890595471029e-31,1.3913442703977536e-31,1.392799518211288e-31,1.3942548029877048e-31,1.3957101247270023e-31,1.39716548342918e-31,1.3986208790942358e-31,1.4000763117221699e-31,1.40153178131298e-31,1.402987287866666e-31,1.4044428313832255e-31,1.4058984118626588e-31,1.4073540293049642e-31,1.4088096837101408e-31,1.410265375078187e-31,1.4117211034091021e-31,1.4131768687028849e-31,1.4146326709595337e-31,1.416088510179048e-31,1.4175443863614266e-31,1.4190002995066681e-31,1.4204562496147718e-31,1.421912236685736e-31,1.42336826071956e-31,1.4248243217162433e-31,1.4262804196757838e-31,1.42773655459818e-31,1.4291927264834319e-31,1.430648935331538e-31,1.432105181142497e-31,1.4335614639163084e-31,1.4350177836529699e-31,1.4364741403524814e-31,1.4379305340148417e-31,1.437947678464982e-31,1.437964822915071e-31,1.4379819673651373e-31
18,1.5349193569451256e-42,4.228664531353456e-42,7.734726464192928e-42,1.1806830138582654e-41,1.627316878828329e-41,2.1014071484329678e-41,2.5946193009579067e-41,3.1011487943022215e-41,3.6169530835900877e-41,4.1392167584846705e-41,4.665979040426523e-41,5.195874354923322e-41,5.727951654394351e-41,6.261548586471267e-41,6.796203859133703e-41,7.33159620784501e-41,7.867501889512779e-41,8.403765079370307e-41,8.940277254032393e-41,9.476962832926163e-41,1.0013769178336247e-40,1.0550659630987746e-40,1.108760865970925e-40,1.1624598483444407e-40,1.2161616718664317e-40,1.2698654740924498e-40,1.3235706543764688e-40,1.3772767944025263e-40,1.4309836028361713e-40,1.4846908767788889e-40,1.5383984749231457e-40,1.5921062988560627e-40,1.6458142800379387e-40,1.6995223707354947e-40,1.7532305377045802e-40,1.8069387577926002e-40,1.860647014874996e-40,1.9143552977219646e-40,1.968063598512446e-40,2.0217719117998144e-40,2.0754802337904458e-40,2.129188561842497e-40,2.1828968941158388e-40,2.2366052293292113e-40,2.290313566590146e-40,2.3440219052770045e-40,2.397730244957052e-40,2.451438585328632e-40,2.505146926182018e-40,2.558855267370899e-40,2.6125636087933857e-40,2.66627195037854e-40,2.719980292077172e-40,2.7736886338545043e-40,2.8273969756867916e-40,2.881105317557543e-40,2.934813659454998e-40,2.988522001370914e-40,3.042230343299764e-40,3.095938685237689e-40,3.1496470271817696e-40,3.203355369130293e-40,3.2570637110818772e-40,3.310772053035565e-40,3.3644803949907124e-40,3.418188736946865e-40,3.4718970789037283e-40,3.5256054208611082e-40,3.579313762818816e-40,3.633022104776738e-40,3.686730446734889e-40,3.7404387886930935e-40,3.794147130651466e-40,3.847855472609897e-40,3.901563814568257e-40,3.955272156526692e-40,4.008980498485172e-40,4.0626888404434936e-40,4.116397182401938e-40,4.170105524360493e-40,4.223813866319022e-40,4.2775222082775376e-40,4.331230550235952e-40,4.384938892194411e-40,4.43864723415297e-40,4.492355576111529e-40,4.546063918069984e-40,4.599772260028532e-40,4.653480601986961e-40,4.707188943945427e-40,4.760897285903985e-40,4.814605627862563e-40,4.868313969820993e-40,4.922022311779489e-40,4.975730653738001e-40,5.029438995696571e-40,5.0831473376550475e-40,5.13685567961357e-40,5.190564021572111e-40,5.244272363530291e-40,5.297980705489034e-40,5.3516890474477096e-40,5.405397389406144e-40,5.45910573136437e-40,5.512814073323234e-40,5.566522415282001e-40,5.620230757240364e-40,5.673939099199032e-40,5.727647441157424e-40,5.781355783115852e-40,5.835064125074301e-40,5.8887724670324954e-40,5.9424808089913876e-40,5.9961891509499e-40,6.04989749290836e-40,6.103605834866907e-40,6.157314176825428e-40,6.2110225187839355e-40,6.2647308607424826e-40,6.318439202701016e-40,6.372147544659354e-40,6.425855886617865e-40,6.479564228576372e-40,6.533272570534918e-40,6.586980912493275e-40,6.640689254451867e-40,6.694397596410265e-40,6.748105938368692e-40,6.801814280327267e-40,6.855522622285766e-40,6.909230964244224e-40,6.962939306202788e-40,7.016647648161285e-40,7.070355990115975e-40,7.124064332078185e-40,7.1777726740359325e-40,7.2314810159955155e-40,7.2851893579537314e-40,7.338897699912008e-40,7.392606041870303e-40,7.446314383828846e-40,7.500022725787619e-40,7.553731067746289e-40,7.607439409704488e-40,7.661147751662966e-40,7.714856093621448e-40,7.76856443557995e-40,7.822272777538523e-40,7.875981119497007e-40,7.92968946145551e-40,7.98339780341388e-40,8.03710614537237e-40,8.090814487330974e-40,8.144522829289425e-40,8.198231171247918e-40,8.25193951320632e-40,8.30564785516481e-40,8.359356197123482e-40,8.41306453908174e-40,8.466772881040369e-40,8.520481222998693e-40,8.574189564957199e-40,8.62789790691499e-40,8.681606248873482e-40,8.73531459083268e-40,8.789022932790402e-40,8.842731274749344e-40,8.896439616707563e-40,8.95014795866613e-40,9.003856300624487e-40,9.057564642583037e-40,9.111272984541387e-40,9.164981326499585e-40,9.21868966845841e-40,9.272398010416571e-40,9.326106352374909e-40,9.379814694333414e-40,9.433523036291786e-40,9.487231378250213e-40,9.54093972020875e-40,9.59464806216722e-40,9.64835640412573e-40,9.702064746084171e-40,9.755773088042475e-40,9.80948143000084e-40,9.863189771959156e-40,9.916898113918074e-40,9.970606455876213e-40,1.0024314797834607e-39,1.0078023139792994e-39,1.0131731481751863e-39,1.0185439823710387e-39,1.0239148165668794e-39,1.0292856507627371e-39,1.0346564849585928e-39,1.0400273191544317e-39,1.0453981533502764e-39,1.0507689875461294e-39,1.0561398217419734e-39,1.0615106559377951e-39,1.0668814901336693e-39,1.0722523243294965e-39,1.0776231585253467e-39,1.0829939927211917e-39,1.0883648269170247e-39,1.093735661112856e-39,1.0991064953087398e-39,1.1044773295045471e-39,1.1098481637004282e-39,1.1152189978962995e-39,1.1205898320921185e-39,1.125960666287953e-39,1.1313315004837981e-39,1.1367023346796294e-39,1.1420731688754775e-39,1.1474440030713448e-39,1.1528148372671598e-39,1.1581856714630213e-39,1.1635565056588772e-39,1.1689273398547257e-39,1.1742981740505787e-39,1.1796690082464356e-39,1.1850398424423072e-39,1.1904106766381465e-39,1.1957815108339774e-39,1.2011523450298394e-39,1.2065231792256756e-39,1.2118940134215156e-39,1.2172648476173614e-39,1.222635681813194e-39,1.2280065160090579e-39,1.23337735020489e-39,1.2387481844007416e-39,1.2441190185965831e-39,1.2494898527924338e-39,1.2548606869882756e-39,1.2602315211841178e-39,1.2656023553799718e-39,1.2709731895758095e-39,1.2763440237716827e-39,1.2817148579674872e-39,1.2870856921633655e-39,1.2924565263592045e-39,1.2978273605550351e-39,1.3031981947508883e-39,1.3085690289467227e-39,1.3139398631425488e-39,1.3193106973383967e-39,1.3246815315342243e-39,1.330052365730056e-39,1.3354231999259164e-39,1.3407940341217661e-39,1.346164868317601e-39,1.3515357025134496e-39,1.3569065367092793e-39,1.3622773709050952e-39,1.3676482051009365e-39,1.3730190392967688e-39,1.3783898734926087e-39,1.3837607076884563e-39,1.3891315418843074e-39,1.394502376080131e-39,1.3998732102759488e-39,1.4052440444717639e-39,1.4106148786675932e-39,1.4159857128634306e-39,1.4213565470592674e-39,1.4267273812551113e-39,1.4320982154509512e-39,1.437469049646783e-39,1.4428398838426527e-39,1.4482107180384657e-39,1.4535815522343213e-39,1.4589523864301134e-39,1.4643232206259914e-39,1.469694054821809e-39,1.4750648890176703e-39,1.4804357232135046e-39,1.4858065574093832e-39,1.491177391605182e-39,1.4965482258010438e-39,1.50191905999688e-39,1.5072898941927116e-39,1.5126607283885762e-39,1.518031562584436e-39,1.5234023967802525e-39,1.5287732309761018e-39,1.534144065171947e-39,1.539514899367775e-39,1.5448857335636413e-39,1.5502565677594632e-39,1.555627401955298e-39,1.5609982361511424e-39,1.5663690703469554e-39,1.5717399045428008e-39,1.5771107387386308e-39,1.5824815729344927e-39,1.5878524071303446e-39,1.5932232413261606e-39,1.598594075522033e-39,1.6039649097178486e-39,1.6093357439136737e-39,1.614706578109485e-39,1.620077412305325e-39,1.6254482465011252e-39,1.630819080696957e-39,1.6361899148927708e-39,1.6415607490885953e-39,1.6469315832844843e-39,1.652302417480312e-39,1.657673251676107e-39,1.663044085871956e-39,1.6684149200677857e-39,1.6737857542636307e-39,1.6791565884594718e-39,1.6845274226553184e-39,1.6898982568511442e-39,1.6952690910470124e-39,1.7006399252427973e-39,1.7060107594386218e-39,1.711381593634467e-39,1.7167524278303027e-39,1.7221232620261392e-39,1.7274940962219874e-39,1.7328649304178305e-39,1.738235764613664e-39,1.743606598809524e-39,1.7489774330053678e-39,1.754348267201207e-39,1.7597191013970284e-39,1.765089935592891e-39,1.7704607697887256e-39,1.7758316039845076e-39,1.7812024381803207e-39,1.786573272376142e-39,1.7919441065719774e-39,1.797314940767799e-39,1.8026857749636312e-39,1.8080566091595033e-39,1.8134274433553532e-39,1.8187982775511907e-39,1.8241691117470318e-39,1.829539945942888e-39,1.834910780138726e-39,1.8402816143345687e-39,1.8456524485303697e-39,1.8510232827262105e-39,1.8563941169220574e-39,1.861764951117871e-39,1.8671357853137272e-39,1.8725066195095608e-39,1.8778774537053833e-39,1.883248287901237e-39,1.8886191220970837e-39,1.8939899562929388e-39,1.8993607904887737e-39,1.9047316246845965e-39,1.9101024588804203e-39,1.915473293076279e-39,1.9208441272721276e-39,1.9262149614679485e-39,1.9315857956638004e-39,1.9369566298596274e-39,1.9423274640554512e-39,1.947698298251311e-39,1.9530691324471366e-39,1.958439966642971e-39,1.963810800838773e-39,1.9691816350346668e-39,1.974552469230504e-39,1.9799233034263623e-39,1.9852941376222093e-39,1.990664971818035e-39,1.9960358060139228e-39,2.0014066402097358e-39,2.006777474405596e-39,2.0121483086014542e-39,2.0175191427972542e-39,2.022889976992989e-39,2.0282608111888505e-39,2.0336316453847135e-39,2.0390024795805265e-39,2.0443733137763125e-39,2.0497441479722214e-39,2.0551149821680557e-39,2.0604858163638902e-39,2.065856650559702e-39,2.071227484755581e-39,2.0765983189514334e-39,2.0819691531472585e-39,2.0873399873431015e-39,2.092710821538908e-39,2.0980816557347648e-39,2.1034524899305804e-39,2.1088233241264212e-39,2.1141941583222884e-39,2.119564992518138e-39,2.124935826713959e-39,2.1303066609098348e-39,2.1356774951056103e-39,2.141048329301463e-39,2.1464191634973232e-39,2.1517899976931747e-39,2.1571608318890158e-39,2.1625316660848334e-39,2.1679025002806676e-39,2.1732733344765407e-39,2.1786441686723625e-39,2.1840150028681866e-39,2.189385837064041e-39,2.1947566712598874e-39,2.2001275054556812e-39,2.205498339651559e-39,2.2108691738473784e-39,2.2162400080432433e-39,2.2216108422390697e-39,2.226981676434943e-39,2.2323525106307705e-39,2.237723344826578e-39,2.2430941790224402e-39,2.2484650132182575e-39,2.253835847414079e-39,2.2592066816099045e-39,2.2645775158057426e-39,2.2699483500015853e-39,2.2753191841974486e-39,2.2806900183933292e-39,2.2860608525891572e-39,2.2914316867850084e-39,2.2968025209808218e-39,2.3021733551766227e-39,2.3075441893725007e-39,2.312915023568349e-39,2.3182858577641607e-39,2.3236566919600155e-39,2.3290275261558004e-39,2.3343983603516764e-39,2.3397691945475254e-39,2.34514002874338e-39,2.3505108629391824e-39,2.355881697135058e-39,2.361252531330846e-39,2.3666233655267223e-39,2.3719941997225523e-39,2.377365033918422e-39,2.382735868114223e-39,2.3881067023101522e-39,2.3934775365059434e-39,2.3988483707017946e-39,2.404219204897593e-39,2.4095900390934624e-39,2.4149608732892905e-39,2.4203317074851678e-39,2.4257025416810187e-39,2.431073375876818e-39,2.436444210072656e-39,2.4418150442684734e-39,2.447185878464405e-39,2.4525567126601618e-39,2.4579275468560114e-39,2.4632983810518325e-39,2.4686692152476727e-39,2.4740400494435053e-39,2.4794108836393532e-39,2.4847817178352396e-39,2.4901525520310174e-39,2.49552338622687e-39,2.500894220422709e-39,2.5062650546185583e-39,2.5116358888144023e-39,2.5170067230102385e-39,2.5223775572060486e-39,2.5277483914018966e-39,2.533119225597779e-39,2.538490059793555e-39,2.5438608939893735e-39,2.549231728185245e-39,2.5546025623810965e-39,2.5599733965769333e-39,2.5653442307727594e-39,2.570715064968658e-39,2.576085899164434e-39,2.581456733360281e-39,2.5868275675561593e-39,2.5921984017519975e-39,2.5975692359478712e-39,2.602940070143688e-39,2.6083109043395256e-39,2.6136817385352975e-39,2.619052572731174e-39,2.6244234069269543e-39,2.6297942411227666e-39,2.6351650753185862e-39,2.640535909514432e-39,2.645906743710219e-39,2.6512775779060475e-39,2.6566484121018158e-39,2.662019246297638e-39,2.667390080493492e-39,2.6727609146892673e-39,2.6781317488850957e-39,2.68350258308092e-39,2.6888734172767537e-39,2.6942442514726078e-39,2.699615085668411e-39,2.704985919864149e-39,2.710356754060065e-39,2.7157275882558374e-39,2.7210984224516684e-39,2.7264692566475542e-39,2.7318400908433666e-39,2.737210925039206e-39,2.7425817592350403e-39,2.747952593430896e-39,2.753323427626722e-39,2.7586942618225723e-39,2.7640650960183726e-39,2.7694359302142026e-39,2.7748067644100483e-39,2.7801775986059347e-39,2.7855484328017582e-39,2.7909192669975487e-39,2.7962901011933588e-39,2.8016609353891878e-39,2.8070317695850292e-39,2.812402603780831e-39,2.8177734379767193e-39,2.8231442721725613e-39,2.8285151063683557e-39,2.833885940564277e-39,2.839256774760017e-39,2.8446276089558196e-39,2.84999844315163e-39,2.8553692773474232e-39,2.860740111543266e-39,2.8661109457390776e-39,2.871481779934926e-39,2.876852614130732e-39,2.882223448326485e-39,2.8875942825223865e-39,2.892965116718252e-39,2.8983359509140644e-39,2.9037067851098716e-39,2.909077619305688e-39,2.9144484535015518e-39,2.9198192876973358e-39,2.9251901218931678e-39,2.930560956089018e-39,2.935931790284851e-39,2.941302624480703e-39,2.9466734586765044e-39,2.952044292872334e-39,2.957415127068218e-39,2.962785961264006e-39,2.968156795459803e-39,2.973527629655594e-39,2.9788984638514296e-39,2.9842692980472794e-39,2.9896401322431607e-39,2.9950109664389336e-39,3.000381800634781e-39,3.0057526348306555e-39,3.011123469026498e-39,3.016494303222287e-39,3.0218651374181446e-39,3.027235971613925e-39,3.0326068058098124e-39,3.037977640005649e-39,3.043348474201483e-39,3.048719308397308e-39,3.054090142593134e-39,3.059460976788934e-39,3.0648318109848295e-39,3.0702026451805913e-39,3.0755734793764556e-39,3.0809443135722526e-39,3.086315147768098e-39,3.0916859819638754e-39,3.0970568161597195e-39,3.102427650355512e-39,3.1077984845513814e-39,3.113169318747235e-39,3.11854015294303e-39,3.123910987138876e-39,3.129281821334629e-39,3.134652655530471e-39,3.140023489726303e-39,3.145394323922168e-39,3.150765158117977e-39,3.1561359923138256e-39,3.161506826509659e-39,3.166877660705446e-39,3.1722484949012265e-39,3.1776193290970405e-39,3.1829901632928676e-39,3.1883609974886744e-39,3.193731831684479e-39,3.199102665880276e-39,3.2044735000761354e-39,3.2098443342719585e-39,3.215215168467854e-39,3.220586002663603e-39,3.225956836859487e-39,3.2313276710553235e-39,3.236698505251128e-39,3.2420693394469457e-39,3.2474401736427447e-39,3.252811007838581e-39,3.258181842034442e-39,3.263552676230238e-39,3.268923510426051e-39,3.274294344621928e-39,3.279665178817647e-39,3.285036013013483e-39,3.290406847209341e-39,3.295777681405184e-39,3.301148515600981e-39,3.3065193497968175e-39,3.311890183992632e-39,3.31726101818847e-39,3.322631852384306e-39,3.3280026865801545e-39,3.333373520775923e-39,3.338744354971817e-39,3.34411518916769e-39,3.3494860233635906e-39,3.354856857559422e-39,3.360227691755263e-39,3.3655985259511246e-39,3.370969360146957e-39,3.376340194342803e-39,3.381711028538662e-39,3.387081862734476e-39,3.3924526969303134e-39,3.397823531126112e-39,3.403194365321912e-39,3.408565199517764e-39,3.413936033713545e-39,3.419306867909363e-39,3.424677702105228e-39,3.430048536301083e-39,3.4354193704969e-39,3.440790204692757e-39,3.4461610388886336e-39,3.451531873084504e-39,3.456902707280322e-39,3.462273541476122e-39,3.467644375671951e-39,3.4730152098677793e-39,3.478386044063704e-39,3.483756878259492e-39,3.4891277124553414e-39,3.4944985466511907e-39,3.499869380847038e-39,3.505240215042813e-39,3.5106110492386745e-39,3.515981883434485e-39,3.5213527176303136e-39,3.526723551826134e-39,3.532094386021983e-39,3.537465220217838e-39,3.542836054413683e-39,3.548206888609564e-39,3.5535777228053033e-39,3.5589485570011695e-39,3.5643193911970025e-39,3.569690225392809e-39,3.575061059588645e-39,3.580431893784505e-39,3.5858027279803414e-39,3.591173562176116e-39,3.596544396371944e-39,3.60191523056781e-39,3.6072860647636196e-39,3.612656898959545e-39,3.618027733155329e-39,3.623398567351161e-39,3.6287694015469624e-39,3.6341402357427706e-39,3.639511069938577e-39,3.644881904134451e-39,3.650252738330295e-39,3.655623572526132e-39,3.660994406721913e-39,3.666365240917788e-39,3.671736075113624e-39,3.677106909309466e-39,3.682477743505355e-39,3.687848577701232e-39,3.6932194118970724e-39,3.6985902460928865e-39,3.7039610802887135e-39,3.709331914484574e-39,3.7147027486803507e-39,3.720073582876173e-39,3.725444417072034e-39,3.7308152512677783e-39,3.736186085463629e-39,3.7415569196594533e-39,3.7469277538553515e-39,3.752298588051176e-39,3.757669422247046e-39,3.763040256442825e-39,3.7684110906386395e-39,3.7737819248344366e-39,3.779152759030261e-39,3.7845235932261494e-39,3.789894427422012e-39,3.795265261617775e-39,3.800636095813635e-39,3.8060069300095125e-39,3.811377764205322e-39,3.8167485984011666e-39,3.8221194325969617e-39,3.827490266792827e-39,3.8328611009886164e-39,3.838231935184462e-39,3.8436027693802875e-39,3.8489736035761727e-39,3.8543444377719645e-39,3.85971527196783e-39,3.865086106163587e-39,3.870456940359545e-39,3.875827774555355e-39,3.881198608751139e-39,3.8865694429470006e-39,3.8919402771428596e-39,3.8973111113387095e-39,3.90268194553453e-39,3.908052779730365e-39,3.913423613926213e-39,3.918794448121993e-39,3.924165282317887e-39,3.929536116513656e-39,3.9349069507094624e-39,3.940277784905256e-39,3.945648619101033e-39,3.9510194532969533e-39,3.956390287492731e-39,3.9617611216886074e-39,3.967131955884407e-39,3.972502790080314e-39,3.9778736242761715e-39,3.9832444584719835e-39,3.988615292667843e-39,3.993986126863744e-39,3.9993569610595704e-39,4.0047277952553394e-39,4.0100986294511573e-39,4.0154694636470314e-39,4.0208402978428323e-39,4.026211132038572e-39,4.031581966234448e-39,4.036952800430275e-39,4.0423236346262234e-39,4.04769446882201e-39,4.053065303017847e-39,4.0584361372136394e-39,4.063806971409463e-39,4.069177805605319e-39,4.07454863980111e-39,4.079919473996981e-39,4.0852903081927995e-39,4.0906611423886866e-39,4.096031976584476e-39,4.101402810780323e-39,4.106773644976161e-39,4.1121444791720666e-39,4.1175153133679126e-39,4.1228861475636985e-39,4.1282569817594805e-39,4.133627815955289e-39,4.138998650151193e-39,4.144369484346961e-39,4.149740318542806e-39,4.155111152738683e-39,4.160481986934451e-39,4.165852821130294e-39,4.171223655326166e-39,4.1765944895220154e-39,4.1819653237179064e-39,4.187336157913775e-39,4.19270699210952e-39,4.198077826305373e-39,4.20344866050117e-39,4.208819494697079e-39,4.2141903288929484e-39,4.219561163088754e-39,4.224931997284453e-39,4.2303028314803095e-39,4.235673665676137e-39,4.241044499872055e-39,4.2464153340679205e-39,4.251786168263681e-39,4.257157002459484e-39,4.262527836655372e-39,4.26789867085118e-39,4.27326950504705e-39,4.278640339242915e-39,4.284011173438692e-39,4.289382007634485e-39,4.294752841830341e-39,4.300123676026187e-39,4.3054945102219595e-39,4.310865344417797e-39,4.316236178613621e-39,4.3216070128094935e-39,4.326977847005339e-39,4.332348681201148e-39,4.3377195153969316e-39,4.343090349592772e-39,4.348461183788623e-39,4.3538320179845485e-39,4.359202852180382e-39,4.364573686376155e-39,4.369944520572052e-39,4.375315354767844e-39,4.380686188963654e-39,4.3860570231595585e-39,4.39142785735535e-39,4.3967986915511206e-39,4.402169525746974e-39,4.407540359942839e-39,4.4129111941387205e-39,4.418282028334542e-39,4.423652862530312e-39,4.429023696726132e-39,4.434394530921968e-39,4.4397653651178304e-39,4.445136199313606e-39,4.450507033509373e-39,4.455877867705297e-39,4.4612487019010995e-39,4.4666195360970414e-39,4.4719903702928234e-39,4.477361204488711e-39,4.482732038684469e-39,4.48810287288029e-39,4.493473707076251e-39,4.498844541272065e-39,4.504215375467922e-39,4.5095862096637394e-39,4.5149570438596037e-39,4.5203278780554647e-39,4.525698712251288e-39,4.5310695464470646e-39,4.536440380642874e-39,4.541811214838699e-39,4.5471820490344864e-39,4.552552883230442e-39,4.557923717426273e-39,4.5632945516221105e-39,4.56866538581784e-39,4.574036220013699e-39,4.57940705420957e-39,4.5847778884054115e-39,4.590148722601229e-39,4.5955195567970115e-39,4.6008903909928144e-39,4.606261225188623e-39,4.611632059384493e-39,4.617002893580303e-39,4.622373727776091e-39,4.627744561971958e-39,4.6331153961677624e-39,4.6384862303637285e-39,4.643857064559475e-39,4.6492278987554296e-39,4.654598732951254e-39,4.6599695671469604e-39,4.6653404013428213e-39,4.6707112355386314e-39,4.67608206973449e-39,4.6814529039302497e-39,4.686823738126143e-39,4.692194572321993e-39,4.697565406517795e-39,4.7029362407137654e-39,4.708307074909559e-39,4.713677909105383e-39,4.719048743301222e-39,4.724419577496979e-39,4.7297904116928074e-39,4.7351612458886716e-39,4.740532080084505e-39,4.745902914280375e-39,4.751273748476243e-39,4.756644582672044e-39,4.762015416867884e-39,4.767386251063644e-39,4.7727570852595224e-39,4.7781279194553005e-39,4.783498753651165e-39,4.7888695878470506e-39,4.7942404220429396e-39,4.799611256238785e-39,4.8049820904346316e-39,4.810352924630427e-39,4.815723758826237e-39,4.821094593022042e-39,4.826465427217974e-39,4.8318362614137734e-39,4.8372070956095874e-39,4.842577929805362e-39,4.847948764001099e-39,4.8533195981969355e-39,4.858690432392802e-39,4.8640612665886463e-39,4.86943210078447e-39,4.87480293498034e-39,4.880173769176154e-39,4.88554460337203e-39,4.89091543756787e-39,4.896286271763736e-39,4.901657105959572e-39,4.9070279401554344e-39,4.912398774351211e-39,4.917769608547099e-39,4.923140442742969e-39,4.928511276938876e-39,4.933882111134656e-39,4.9392529453303863e-39,4.944623779526268e-39,4.9499946137220894e-39,4.955365447917834e-39,4.960736282113734e-39,4.9661071163095314e-39,4.971477950505363e-39,4.976848784701179e-39,4.982219618897023e-39,4.9875904530928586e-39,4.9929612872886994e-39,4.99833212148459e-39,5.003702955680407e-39,5.009073789876267e-39,5.014444624072063e-39,5.0198154582679625e-39,5.025186292463888e-39,5.030557126659735e-39,5.035927960855479e-39,5.0412987950513465e-39,5.046669629247089e-39,5.052040463443e-39,5.057411297638746e-39,5.0627821318345275e-39,5.0681529660303865e-39,5.073523800226209e-39,5.078894634422008e-39,5.0842654686178344e-39,5.0896363028136295e-39,5.095007137009443e-39,5.100377971205329e-39,5.105748805401155e-39,5.1111196395970186e-39,5.1164904737928685e-39,5.1218613079886617e-39,5.1272321421846016e-39,5.132602976380447e-39,5.137973810576339e-39,5.143344644772089e-39,5.1487154789678224e-39,5.15408631316375e-39,5.159457147359604e-39,5.164827981555352e-39,5.170198815751318e-39,5.175569649947094e-39,5.180940484142941e-39,5.186311318338754e-39,5.1916821525345766e-39,5.197052986730336e-39,5.2024238209261674e-39,5.207794655122012e-39,5.213165489317879e-39,5.21853632351377e-39,5.22390715770961e-39,5.229277991905467e-39,5.2346488261012994e-39,5.240019660297141e-39,5.245390494492966e-39,5.250761328688813e-39,5.256132162884621e-39,5.261502997080394e-39,5.266873831276288e-39,5.27224466547209e-39,5.2776154996678943e-39,5.2829863338637925e-39,5.288357168059575e-39,5.2937280022554205e-39,5.299098836451249e-39,5.3044696706470433e-39,5.3098405048429356e-39,5.315211339038771e-39,5.320582173234527e-39,5.3259530074304397e-39,5.3313238416263046e-39,5.33669467582208e-39,5.3420655100179084e-39,5.347436344213735e-39,5.352807178409552e-39,5.3581780126054e-39,1.359444968891377e-26,1.4390132883662562e-26,1.4436704499765457e-26,1.443943066554982e-26,1.443959061129768e-26,1.4439600428734642e-26,1.4439601547444876e-26,1.4439602089251522e-26,1.443960276399681e-26,1.4439603416624335e-26,1.4439604182685348e-26,1.4439604973493757e-26,1.4439605838312547e-26,1.4439606761873373e-26,1.4439607743282627e-26,1.4439608782488286e-26,1.4439609879487093e-26,1.4439611034278847e-26,1.44396122468638e-26,1.4439613517241806e-26,1.4439614845412736e-26,1.4439616231376747e-26,1.4439617675133146e-26,1.4439619176683259e-26,1.443962073602541e-26,1.4439622353160262e-26,1.4439624028088947e-26,1.4439625813173755e-26,1.4439627554326606e-26,1.4439629444139963e-26,1.4439631308270215e-26,1.443963330876558e-26,1.4439635367254174e-26,1.4439637476226365e-26,1.443963963641973e-26,1.4439641710565716e-26,1.4439643956341285e-26,1.4439646266575723e-26,1.4439648634992325e-26,1.443965109633438e-26,1.4439653547307476e-26,1.4439656087192992e-26,1.4439658686692234e-26,1.4439661344091977e-26,1.4439664059290154e-26,1.4439666832281968e-26,1.4439669663066462e-26,1.443967255164425e-26,1.443967549801476e-26,1.4439678502178184e-26,1.4439681564134094e-26,1.4439684683882642e-26,1.443968786142442e-26,1.443969109675898e-26,1.4439694389886565e-26,1.4439697740807074e-26,1.443970114952023e-26,1.4439704616025777e-26,1.4439708140324958e-26,1.4439711722416662e-26,1.4439715362300484e-26,1.4439719059977956e-26,1.44397228154483e-26,1.4439726628711444e-26,1.443973049976738e-26,1.443973442861592e-26,1.443973841525719e-26,1.4439742459691466e-26,1.4439746561918797e-26,1.443975072193778e-26,1.443975493975113e-26,1.4439759215356805e-26,1.443976354875548e-26,1.4439767939946174e-26,1.4439772388929895e-26,1.443977689570643e-26,1.443978146027623e-26,1.4439786082637972e-26,1.4439790762793055e-26,1.443979550074043e-26,1.4439800296480833e-26,1.4439805150014402e-26,1.4439810061340387e-26,1.443981503045818e-26,1.4439820057370028e-26,1.443982514207395e-26,1.4439830284571268e-26,1.4439835484860753e-26,1.443984074294299e-26,1.4439846058818595e-26,1.443985143248692e-26,1.4439856863947587e-26,1.4439862353201323e-26,1.4439867974611753e-26,1.443987359734808e-26,1.443987917305809e-26,1.443988488840012e-26,1.4439890666319348e-26,1.4439896502310647e-26,1.4439902396112012e-26,1.443990839400089e-26,1.4439914447488532e-26,1.4439920553198594e-26,1.443992671275081e-26,1.44399329432857e-26,1.4439938984936027e-26,1.4439945271644654e-26,1.443995162710646e-26,1.4439958041002132e-26,1.44399645127282e-26,1.4439971042249147e-26,1.4439977629563237e-26,1.44399842746701e-26,1.4439990977569552e-26,1.443999773826194e-26,1.4440004556746497e-26,1.4440011433023564e-26,1.444001836709356e-26,1.444002535895641e-26,1.4440032408612084e-26,1.4440039516059784e-26,1.4440046681299808e-26,1.4440053904333075e-26,1.4440061185158945e-26,1.4440068523777363e-26,1.4440075920188336e-26,1.4440083374392103e-26,1.4440090886387745e-26,1.4440098456176632e-26,1.4440106083757626e-26,1.4440113769132018e-26,1.444012151229834e-26,1.444012931325772e-26,1.444013717200909e-26,1.444014508855371e-26,1.4440153062890646e-26,1.444016109501981e-26,1.4440169184941675e-26,1.4440177332656623e-26,1.4440185538164292e-26,1.4440193801463616e-26,1.4440202122555343e-26,1.444021050143983e-26,1.444021893811704e-26,1.444022743258691e-26,1.4440235984849395e-26,1.444024459490379e-26,1.444025326275158e-26,1.4440261988391872e-26,1.4440270823222685e-26,1.444027961605717e-26,1.4440288564287786e-26,1.4440297471933004e-26,1.444030653609436e-26,1.444031555896065e-26,1.4440324732465386e-26,1.4440333964999246e-26,1.444034312499263e-26,1.444035242369036e-26,1.4440361784762955e-26,1.444037120389627e-26,1.444038068083794e-26,1.444039026806156e-26,1.4440399811169584e-26,1.44404094849155e-26,1.4440419246381405e-26,1.4440429050427486e-26,1.444043876298389e-26,1.444044868881135e-26,1.444045857986217e-26,1.4440468574113782e-26,1.4440478681439524e-26,1.4440488833331436e-26,1.4440499057312718e-26,1.444050933967999e-26,1.4440519437875692e-26,1.444052980874092e-26,1.4440540254557e-26,1.4440550766724505e-26,1.4440561341286077e-26,1.4440571971723054e-26,1.444058266022741e-26,1.4440593406156372e-26,1.4440604210211993e-26,1.444061507189773e-26,1.444062599136716e-26,1.444063641778454e-26,1.4440647420275734e-26,1.4440658406930803e-26,1.4440669499094726e-26,1.4440680651844115e-26,1.4440691862548926e-26,1.444070313105583e-26,1.444071445735595e-26,1.4440725841448442e-26,1.4440737283333098e-26,1.4440748783010325e-26,1.444076034047982e-26,1.444077195574158e-26,1.444078362879644e-26,1.4440795359643324e-26,1.4440807148282156e-26,1.4440818994713767e-26,1.4440830898937473e-26,1.4440842860953276e-26,1.4440854933143473e-26,1.444086696142855e-26,1.444087909393536e-26,1.4440891286951333e-26,1.4440903537919435e-26,1.4440915846688555e-26,1.4440928213250647e-26,1.444094067902991e-26,1.444095320931634e-26,1.4440965664933284e-26,1.444097825772958e-26,1.4440990912964793e-26,1.4441003626264081e-26,1.444101639737135e-26,1.444102922627198e-26,1.444104211296542e-26,1.4441055057450984e-26,1.4441068059728422e-26,1.444108111979823e-26,1.4441094237660374e-26,1.4441107413314307e-26,1.4441120646761273e-26,1.444113398993659e-26,1.4441147394310853e-26,1.4441160856429457e-26,1.4441174377749956e-26,1.4441187693672e-26,1.444120126178639e-26,1.44412148990713e-26,1.4441228594814719e-26,1.4441242348388915e-26,1.444125615975732e-26,1.444127002891822e-26,1.444128395587201e-26,1.4441297940617445e-26,1.4441311983155302e-26,1.4441326083484932e-26,1.4441340241607028e-26,1.4441354457521482e-26,1.444136873122808e-26,1.444138306272716e-26,1.4441397452017964e-26,1.4441411899101125e-26,1.4441426403975894e-26,1.4441440966643378e-26,1.4441455587102824e-26,1.4441470265354922e-26,1.4441485001398722e-26,1.444149979523512e-26,1.4441514646864286e-26,1.4441529556284918e-26,1.4441544523497945e-26,1.4441559548502506e-26,1.4441574631299476e-26,1.4441589771888778e-26,1.4441604970270225e-26,1.444162022644337e-26,1.4441635540409445e-26,1.444165091216748e-26,1.4441666341717444e-26,1.4441681829059842e-26,1.4441697374193912e-26,1.4441713028303458e-26,1.4441728742670824e-26,1.44417445164464e-26,1.444176034678313e-26,1.44417759791125e-26,1.4441791885430963e-26,1.4441807809705894e-26,1.4441823834989975e-26,1.4441839941598842e-26,1.44418561196058e-26,1.444187219235662e-26,1.4441888424671887e-26,1.4441904720735655e-26,1.444192107494027e-26,1.4441937486956972e-26,1.4441953956767076e-26,1.4441970484369613e-26,1.4441987069764153e-26,1.4442003712950442e-26,1.4442020413928727e-26,1.4442037172699426e-26,1.4442053989262214e-26,1.4442070863616725e-26,1.4442087795763855e-26,1.444210482958104e-26,1.4442121918845272e-26,1.4442139062760157e-26,1.4442156276522177e-26,1.4442173333758362e-26,1.444219060306514e-26,1.4442207939195224e-26,1.444222533364576e-26,1.4442242785919415e-26,1.4442260295986814e-26,1.4442277863846045e-26,1.444229548949752e-26,1.444231317294159e-26,1.4442330914177242e-26,1.4442348713205065e-26,1.4442366570024744e-26,1.4442384484636134e-26,1.4442402457039843e-26,1.4442420487234754e-26,1.4442438575222635e-26,1.4442456721002738e-26,1.4442474924574183e-26,1.4442493185937325e-26,1.4442511505092627e-26,1.44425298820403e-26,1.4442548316779503e-26,1.4442566809310875e-26,1.4442585359634633e-26,1.444260396774912e-26,1.444262263365641e-26,1.4442641357355684e-26,1.4442660138846796e-26,1.4442678978129834e-26,1.4442697875204232e-26,1.4442716830070573e-26,1.4442735842728872e-26,1.4442754913179847e-26,1.4442774041422336e-26,1.4442793227456554e-26,1.4442812471283172e-26,1.4442831772901512e-26,1.4442851132311616e-26,1.4442870549514054e-26,1.4442890024507516e-26,1.444290955720129e-26,1.4442929147865502e-26,1.4442948796239987e-26,1.4442968502402134e-26,1.4442988266355124e-26,1.4443008088100814e-26,1.4443027967637905e-26,1.4443047904967303e-26,1.444306790008828e-26,1.4443087953000918e-26,1.444310806370571e-26,1.4443128232202005e-26,1.4443148458490398e-26,1.4443168742570486e-26,1.4443189084442416e-26,1.4443209484105948e-26,1.4443229941562183e-26,1.4443250456809285e-26,1.4443271029849e-26,1.4443291660680397e-26,1.444331234930323e-26,1.4443333095718304e-26,1.44433538999252e-26,1.4443374761924134e-26,1.4443395681713903e-26,1.4443416659295716e-26,1.444343769466908e-26,1.4443458787834773e-26,1.4443479938792457e-26,1.4443501199763584e-26,1.4443522417138498e-26,1.4443543738593683e-26,1.444356512054986e-26,1.444358656045634e-26,1.4443608058163974e-26,1.4443629613663947e-26,1.444365122695562e-26,1.4443672950487635e-26,1.4443694629983774e-26,1.4443716413760972e-26,1.4443738258049914e-26,1.4443760160289854e-26,1.4443782144492645e-26,1.4443804212542297e-26,1.444382621810645e-26,1.4443848347428446e-26,1.444387053839762e-26,1.4443892787384336e-26,1.4443915094176345e-26,1.4443937458760556e-26,1.4443959881136792e-26,1.444398236130474e-26,1.444400489926398e-26,1.4444027495015682e-26,1.4444050148558174e-26,1.4444072859892966e-26,1.4444095629019075e-26,1.4444118455936917e-26,1.4444141340646096e-26,1.444416428314748e-26,1.444418728344025e-26,1.4444210341525297e-26,1.4444233457401398e-26,1.4444256631069583e-26,1.4444279862529254e-26,1.4444303151780622e-26,1.4444326498823126e-26,1.4444349903657698e-26,1.4444373366283597e-26,1.4444396886702082e-26,1.444442046491178e-26,1.4444444100913194e-26,1.4444467794706322e-26,1.444449154629064e-26,1.4444515355667046e-26,1.4444539222834524e-26,1.4444563147793782e-26,1.4444587130544744e-26,1.444461117108739e-26,1.4444635269422213e-26,1.444465942554834e-26,1.444468363946586e-26,1.4444707911175403e-26,1.4444732240676166e-26,1.4444756627968532e-26,1.4444781073052506e-26,1.4444805575928242e-26,1.4444830136595972e-26,1.444485475505435e-26,1.444487943130514e-26,1.4444904165347302e-26,1.444492895718024e-26,1.4444953806805478e-26,1.444497871422201e-26,1.4445003679430422e-26,1.4445028702430527e-26,1.4445053783222164e-26,1.4445078921805127e-26,1.4445104118180102e-26,1.4445129372346093e-26,1.4445154684303472e-26,1.444518005405277e-26,1.444520548159337e-26,1.4445230966925466e-26,1.4445256510049552e-26,1.4445282110964965e-26,1.4445307769671803e-26,1.4445333486169965e-26,1.4445359260459612e-26,1.4445385092540598e-26,1.4445410982413692e-26,1.4445436930078245e-26,1.4445462935534312e-26,1.4445488998782277e-26,1.444551511982127e-26,1.444554129865111e-26,1.4445567535272846e-26,1.4445593829686185e-26,1.444562018189103e-26,1.4445646591887537e-26,1.4445673059675247e-26,1.444569958525475e-26,1.4445726168625207e-26,1.4445752809787627e-26,1.444577950874109e-26,1.4445806265486392e-26,1.4445833080023042e-26,1.444585995235176e-26,1.4445886882471363e-26,1.444591387038233e-26,1.444594091608481e-26,1.4445968019578955e-26,1.444599518086444e-26,1.4446022399940719e-26,1.444604967680922e-26,1.444607701146932e-26,1.4446104403920566e-26,1.4446131854162873e-26,1.444615936219731e-26,1.4446186928023112e-26,1.4446214551639703e-26,1.4446242233047558e-26,1.4446269972247148e-26,1.4446297769238062e-26,1.4446325624020646e-26,1.4446353536594458e-26,1.444638150695977e-26,1.4446409535116291e-26,1.4446437621064388e-26,1.4446465764803713e-26,1.4446493966334203e-26,1.4446522225656288e-26,1.4446550542769986e-26,1.444657891767479e-26,1.4446607350371097e-26,1.444663584085857e-26,1.44466643891378e-26,1.4446692995207843e-26,1.4446721659068882e-26,1.4446750380722668e-26,1.4446779160166132e-26,1.4446807997402222e-26,1.4446836892429153e-26,1.4446865845247843e-26,1.4446894855857075e-26,1.4446923924257912e-26,1.444695305045077e-26,1.444698223443435e-26,1.4447011476209277e-26,1.4447040775775517e-26,1.4447070133132834e-26,1.4447099548282277e-26,1.4447129021222374e-26,1.4447158551953648e-26,1.4447188140475857e-26,1.4447217786789932e-26,1.4447247490895576e-26,1.4447277252792535e-26,1.444730707248052e-26,1.4447336949960187e-26,1.4447366885230503e-26,1.444739687829271e-26,1.444742692914517e-26,1.4447457037789198e-26,1.4447487204224657e-26,1.4447517428451258e-26,1.4447547710469696e-26,1.444757805027901e-26,1.4447608447879427e-26,1.4447638903271363e-26,1.4447669416453962e-26,1.4447699987428446e-26,1.444773061619404e-26,1.444776130275068e-26,1.4447792047098517e-26,1.4447822849237504e-26,1.444785370916794e-26,1.444788462688952e-26,1.444791560240245e-26,1.4447946635706197e-26,1.4447977726801346e-26,1.4448008875687788e-26,1.4448040082364882e-26,1.4448071346833698e-26,1.444810266909348e-26,1.444813404914472e-26,1.4448165486986853e-26,1.4448196982620605e-26,1.4448228536044974e-26,1.444826014726123e-26,1.4448291816268346e-26,1.4448323543066787e-26,1.4448355327656333e-26,1.4448387170036674e-26,1.4448419070208895e-26,1.444845102817197e-26,1.4448483043925468e-26,1.4448515117470604e-26,1.4448547248806257e-26,1.4448579437933433e-26,1.4448611684852065e-26,1.4448643989561612e-26,1.44486763520625e-26,1.4448708772354732e-26,1.444874125043769e-26,1.444877378631197e-26,1.44488063799769e-26,1.4448839031433694e-26,1.4448871740681035e-26,1.444890450771956e-26,1.444893733254901e-26,1.4448970215170182e-26,1.4449003155582227e-26,1.4449036153785353e-26,1.4449069209779573e-26,1.4449102323564795e-26,1.4449135495141012e-26,1.4449168724508142e-26,1.4449202011667088e-26,1.4449235356616543e-26,1.444926875935682e-26,1.4449302219888505e-26,1.4449335738211036e-26,1.4449369314324938e-26,1.444940294823007e-26,1.4449436639926138e-26,1.4449470389412698e-26,1.4449504196691203e-26,1.4449538061760188e-26,1.4449571984620123e-26,1.444960596527151e-26,1.444964000371311e-26,1.4449674099946085e-26,1.444970825397025e-26,1.444974246578548e-26,1.4449776735391612e-26,1.4449811062789135e-26,1.444984544797672e-26,1.4449879890956102e-26,1.4449914391726336e-26,1.4449948950287724e-26,1.4449983566640463e-26,1.4450018240783682e-26,1.4450052972717646e-26,1.445008776244291e-26,1.4450122609959476e-26,1.4450157515266224e-26,1.4450192478364763e-26,1.4450227499253828e-26,1.445026257793362e-26,1.4450297714405044e-26,1.4450332908666886e-26,1.4450368160719822e-26,1.4450403470563965e-26,1.4450438838198872e-26,1.445047426362471e-26,1.4450509746841645e-26,1.4450545287849864e-26,1.445058088664857e-26,1.4450616543238568e-26,1.4450652257619146e-26,1.4450688029790392e-26,1.4450723859752955e-26,1.4450759747506474e-26,1.4450795693050464e-26,1.445083169638518e-26,1.445086775751093e-26,1.4450903876427862e-26,1.4450940053135933e-26,1.445097628763468e-26,1.4451012579924533e-26,1.4451048930005508e-26,1.4451085337876996e-26,1.445112180353925e-26,1.4451158326992518e-26,1.4451194908236764e-26,1.4451231547272023e-26,1.4451268244097827e-26,1.445130499871487e-26,1.4451341811122696e-26,1.445137868132093e-26,1.4451415609310767e-26,1.4451452595090683e-26,1.4451489638661774e-26,1.4451526740023538e-26,1.4451563899176425e-26,1.4451601116119874e-26,1.4451638390854302e-26,1.445167572337956e-26,1.4451713113695525e-26,1.445175056180274e-26,1.4451788067700803e-26,1.4451825631389357e-26,1.445186325286909e-26,1.4451900932139198e-26,1.4451938669200464e-26,1.4451976464052086e-26,1.4452014316694432e-26,1.4452052227128097e-26,1.4452090195352026e-26,1.445212822136734e-26,1.445216630517311e-26,1.4452204446769878e-26,1.4452242646157305e-26,1.4452280903336225e-26,1.4452319218305274e-26,1.4452357591064366e-26,1.4452396021614445e-26,1.4452434509955947e-26,1.445247305608722e-26,1.4452511660009962e-26,1.4452550321723918e-26,1.4452589041228652e-26,1.4452627818523793e-26,1.4452666653608903e-26,1.4452705546485886e-26,1.445274449715313e-26,1.4452783505611173e-26,1.4452822571859072e-26,1.445286169589887e-26,1.4452900877728836e-26,1.4452940117349785e-26,1.4452979414761587e-26,1.445301876996355e-26,1.4453058182957056e-26,1.4453097653740275e-26,1.4453137182315124e-26,1.4453176768679945e-26,1.4453216412836117e-26,1.4453256114781787e-26,1.445329587451907e-26,1.4453335692047277e-26,1.445337556736561e-26,1.44534155004746e-26,1.44534554913742e-26,1.4453495540065381e-26,1.4453535646546995e-26,1.4453575810818915e-26,1.4453616032881176e-26,1.4453656312734658e-26,1.4453696650378262e-26,1.445373704581313e-26,1.445377749903813e-26,1.445381801005413e-26,1.4453858578861012e-26,1.4453899205457586e-26,1.4453939889845217e-26,1.4453980632024314e-26,1.445402143199339e-26,1.445406228975318e-26,1.4454103205303408e-26,1.4454144178644304e-26,1.445418520977563e-26,1.4454226298698135e-26,1.4454267445410868e-26,1.445430864991422e-26,1.4454349912207846e-26,1.4454391232293156e-26,1.445443261016871e-26,1.445447404583445e-26,1.445451553929092e-26,1.4454557090538413e-26,1.4454598699575726e-26,1.4454640366403642e-26,1.4454682091022217e-26,1.445472387343142e-26,1.4454765713632058e-26,1.445480761162282e-26,1.4454849567403915e-26,1.4454891580975564e-26,1.445493365233799e-26,1.4454975781490282e-26,1.445501796843358e-26,1.4455060213167147e-26,1.445510251569113e-26,1.4455144876005886e-26,1.4455187294111624e-26,1.445522977000719e-26,1.4455272303693953e-26,1.4455314895170695e-26,1.4455357544438227e-26,1.4455400251496037e-26,1.4455443016344303e-26,1.4455485838983384e-26,1.4455528719412827e-26,1.4455571657633125e-26,1.4455614653643458e-26,1.4455657707445076e-26,1.4455700819036157e-26,1.4455743988418458e-26,1.4455787215591304e-26,1.44558305005543e-26,1.4455873843307964e-26,1.445591724385169e-26,1.445596070218608e-26,1.4456004218311157e-26,1.445604779222557e-26,1.4456091423931053e-26,1.4456135113427076e-26,1.4456178860713988e-26,1.4456222665791557e-26,1.4456266528659136e-26,1.4456310449316966e-26,1.4456354427765494e-26,1.445639846400481e-26,1.445644255803408e-26,1.4456486709853856e-26,1.445653091946414e-26,1.4456575186864883e-26,1.4456619512055844e-26,1.445666389503768e-26,1.445670833580984e-26,1.4456752834372688e-26,1.445679739072569e-26,1.4456842004868766e-26,1.4456886676802473e-26,1.4456931406526083e-26,1.445697619404064e-26,1.445702103934499e-26,1.445706594244093e-26,1.4457110903326147e-26,1.4457155922002205e-26,1.445720099846848e-26,1.445724613272521e-26,1.4457291324772223e-26,1.4457336574609348e-26,1.445738188223736e-26,1.445742724765484e-26,1.4457472670863386e-26,1.4457518151862436e-26,1.4457563690651558e-26,1.445760928723093e-26,1.445765494160093e-26,1.4457700653760928e-26,1.4457746423711178e-26,1.4457792251452312e-26,1.4457838136983738e-26,1.4457884080305374e-26,1.4457930081416688e-26,1.445797614031859e-26,1.445802225701114e-26,1.4458068431494018e-26,1.4458114663766928e-26,1.44581609538306e-26,1.4458207301684656e-26,1.445825370732852e-26,1.4458300170762782e-26,1.445834669198768e-26,1.445839331794679e-26,1.4458439999649704e-26,1.445848673455228e-26,1.4458533522992813e-26,1.4458580174187318e-26,1.445862707984946e-26,1.4458674050064544e-26,1.4458721073953252e-26,1.4458768151378114e-26,1.4458815282966475e-26,1.445886224973086e-26,1.4458909454920046e-26,1.4458956726860783e-26,1.4459004057116204e-26,1.4459051445192996e-26,1.4459098891061828e-26,1.445914639472099e-26,1.445919395617022e-26,1.4459241575409562e-26,1.4459289252439502e-26,1.445933698725922e-26,1.4459384779869338e-26,1.4459432630269376e-26,1.445948053845962e-26,1.445952850444e-26,1.4459576528210724e-26,1.4459624609772165e-26,1.4459672749122773e-26,1.4459720946264268e-26,1.445976920119622e-26,1.445981751391849e-26,1.4459865884430296e-26,1.4459914312732753e-26,1.4459962798825375e-26,1.4460011342708018e-26,1.4460059944380844e-26,1.4460108603844657e-26,1.446015732109829e-26,1.446020609614158e-26,1.4460254928974932e-26,1.4460303819598235e-26,1.4460352768012297e-26,1.4460401774215715e-26,1.4460450838209654e-26,1.4460499959993306e-26,1.4460549139568098e-26,1.4460598376932192e-26,1.4460647672086642e-26,1.4460697025031124e-26,1.446074643576606e-26,1.4460795904289894e-26,1.4460845430604663e-26,1.4460895014710137e-26,1.4460944656605086e-26,1.4460994356290454e-26,1.4461044113765788e-26,1.446109392903135e-26,1.4461143802087037e-26,1.446119373293281e-26,1.4461243721568657e-26,1.4461293767994579e-26,1.4461343872210598e-26,1.4461394034216855e-26,1.4461444254012857e-26,1.446149453159852e-26,1.4461544866975145e-26,1.446159526014196e-26,1.446164571109786e-26,1.4461696219844375e-26,1.4461746786380253e-26,1.4461797410706737e-26,1.4461848092823456e-26,1.44618988327307e-26,1.4461949630426983e-26,1.4462000485913397e-26,1.4462051399190547e-26,1.446210237025713e-26,1.446215339911397e-26,1.4462204485760677e-26,1.446225563019811e-26,1.4462306832424453e-26,1.4462358092441283e-26,1.4462409410248306e-26,1.4462460785845162e-26,1.4462512219232007e-26,1.4462563710408518e-26,1.446261525937572e-26,1.446266686613299e-26,1.446271853067986e-26,1.4462770253016683e-26,1.446282203314284e-26,1.446287387105972e-26,1.446292576676592e-26,1.4462977720262662e-26,1.446302973154987e-26,1.446308180062666e-26,1.4463133927493683e-26,1.4463186112150452e-26,1.446323835459646e-26,1.4463290654832754e-26,1.4463343012858837e-26,1.446339542867529e-26,1.4463447902281317e-26,1.446350043367755e-26,1.4463553022863885e-26,1.4463605669839968e-26,1.4463658374605982e-26,1.4463711137161276e-26,1.446376395750734e-26,1.446381683564253e-26,1.4463869771568093e-26,1.446392276528339e-26,1.446397581678885e-26,1.446402892608397e-26,1.44640820931693e-26,1.446413531804431e-26,1.4464188600709022e-26,1.4464241941163573e-26,1.446429533940864e-26,1.446434879544382e-26,1.446440230926856e-26,1.4464455880882694e-26,1.4464509510287034e-26,1.4464563197480691e-26,1.4464616942464309e-26,1.446467074523859e-26,1.4464724605801985e-26,1.446477852415582e-26,1.446483250029918e-26,1.4464886534232517e-26,1.446494062595524e-26,1.446499477546832e-26,1.4465048982771252e-26,1.4465103247863916e-26,1.4465157570745656e-26,1.4465211951418362e-26,1.446526638988019e-26,1.4465320886132574e-26,1.446537544017443e-26,1.4465430052006147e-26,1.4465484721628134e-26,1.446553944903886e-26,1.4465594234239635e-26,1.4465649077230565e-26,1.446570397801126e-26,1.4465758936581587e-26,1.4465813952941756e-26,1.44658690270916e-26,1.4465924159030824e-26,1.4465979348760192e-26,1.4466034596278998e-26,1.4466089901588318e-26,1.4466145264687075e-26,1.4466200685575086e-26,1.4466256164253628e-26,1.4466311700721647e-26,1.4466367294979302e-26,1.446642294702696e-26,1.4466478656863794e-26,1.4466534424490542e-26,1.4466590249907218e-26,1.4466646133113438e-26,1.4466702074109933e-26,1.446675807289636e-26,1.4466814129472016e-26,1.446687024383739e-26,1.4466926415992846e-26,1.4466982645937188e-26,1.44670389336718e-26,1.4467095279196355e-26,1.446715168251043e-26,1.446720814361418e-26,1.4467264662507867e-26,1.446732123919133e-26,1.446737787366446e-26,1.4467434565926678e-26,1.44674913159788e-26,1.446754812382067e-26,1.4467604989452697e-26,1.4467661912873948e-26,1.4467718894084714e-26,1.4467775933084998e-26,1.4467833029874843e-26,1.4467890184454625e-26,1.4467947396824136e-26,1.44680046669828e-26,1.4468061994931642e-26,1.4468119380670267e-26,1.4468176824198467e-26,1.4468234325515628e-26,1.4468291884623633e-26,1.446834950152076e-26,1.446840717620747e-26,1.4468464908683044e-26,1.4468522698949307e-26,1.446858054700501e-26,1.4468638452849927e-26,8.740599348978316e-28,7.83636481883294e-29,3.179131282512447e-29
19,1.0068461735797231e-67,5.2112555248558894e-67,1.6205345222747578e-66,3.917732972332701e-66,8.107533200956108e-66,1.5075690282619557e-65,2.5913549651694763e-65,4.1932983160730696e-65,6.4681864630427395e-65,9.596014096562743e-65,1.3783645530285814e-64,1.926652362220716e-64,2.631041565671371e-64,3.521318712350691e-64,4.63065956203766e-64,5.995809859370555e-64,7.657267004901528e-64,9.659462259540737e-64,1.2050943219569083e-63,1.4884556378450857e-63,1.8217629651593296e-63,2.211215478425776e-63,2.663496959430045e-63,3.185794002323808e-63,3.785814198374152e-63,4.471804300104872e-63,5.252568365145057e-63,6.137485880417746e-63,7.136529867439842e-63,8.260284969545472e-63,9.519965521812655e-63,1.0927433604408485e-62,1.2495217079983954e-62,1.4236527615667498e-62,1.6165278690114782e-62,1.8296103586003082e-62,2.0644373368287335e-62,2.322621484847512e-62,2.605852853513379e-62,2.915900657079671e-62,3.254615065540457e-62,3.623928995639246e-62,4.0258599005508454e-62,4.462511558243475e-62,4.936075858526641e-62,5.448834588789466e-62,6.003161218433156e-62,6.601522682000614e-62,7.246481161005932e-62,7.940695864465785e-62,8.686924808134658e-62,9.488026592445667e-62,1.0346962179158513e-61,1.126679666671499e-61,1.2250701064305599e-61,1.3301954064645622e-61,1.442394381546359e-61,1.5620169689702708e-61,1.6894244054436357e-61,1.824989403849859e-61,1.9690963298830592e-61,2.1221413785544327e-61,2.284532750570402e-61,2.45669082858267e-61,2.6390483533102726e-61,2.8320505995336988e-61,3.0361555519612104e-61,3.251834080967444e-61,3.47957011820438e-61,3.719860832084755e-61,3.9732168031380826e-61,4.240162199239295e-61,4.5212349507101374e-61,4.8169869252934254e-61,5.1279841030002096e-61,5.4548067508299944e-61,5.7980495973640815e-61,6.1583220072321056e-61,6.536248155451938e-61,6.932467201642909e-61,7.347633464112602e-61,7.782416593817209e-61,8.23750174819561e-61,8.713589764877132e-61,9.21139733526325e-61,9.731657177983332e-61,1.0275118212224232e-60,1.0842545730934206e-60,1.1434721573901052e-60,1.2052444300704506e-60,1.2696529363543098e-60,1.3367809279935604e-60,1.4067133805296953e-60,1.4795370105389015e-60,1.5553402928646035e-60,1.6342134778375126e-60,1.7162486084831532e-60,1.8015395377169063e-60,1.8901819455265856e-60,1.9822733561425072e-60,2.0779131551951297e-60,2.1772026068602044e-60,2.280244870991502e-60,2.3871450202410916e-60,2.498010057167201e-60,2.612948931329648e-60,2.73207255637286e-60,2.8554938270964993e-60,2.9833276365137145e-60,3.1156908928969606e-60,3.2527025368114896e-60,3.3944835581364595e-60,3.5411570130737064e-60,3.692848041144115e-60,3.849683882171759e-60,4.011793893255581e-60,4.1793095657288403e-60,4.352364542106253e-60,4.53109463301879e-60,4.715637834136156e-60,4.9061343430771294e-60,5.102726576307467e-60,5.305559186025616e-60,5.514779077036172e-60,5.730535423611075e-60,5.95297968633858e-60,6.182265628959981e-60,6.418549335194162e-60,6.661989225549841e-60,6.912746074125749e-60,7.170983025398506e-60,7.436865610998348e-60,7.71056176647269e-60,7.992241848037655e-60,8.282078649316769e-60,8.580247418068521e-60,8.886925872901965e-60,9.202294219978194e-60,9.526535169701633e-60,9.859833953398761e-60,1.0202378339984478e-59,1.0554358652616508e-59,1.0915967785337738e-59,1.1287401219706271e-59,1.1668857041413864e-59,1.206053595689182e-59,1.2462641309905164e-59,1.2875379098134507e-59,1.3298957989746212e-59,1.3733589339950233e-59,1.4179487207546094e-59,1.4636868371456845e-59,1.5105952347250984e-59,1.5586961403652397e-59,1.6080120579038407e-59,1.6585657697925707e-59,1.710380338744442e-59,1.7634791093800296e-59,1.8178857098724661e-59,1.8736240535912824e-59,1.930718340745033e-59,1.9891930600227242e-59,2.0490729902341333e-59,2.1103832019486327e-59,2.1731490591333643e-59,2.237396220789756e-59,2.3031506425890278e-59,2.370438578506512e-59,2.4392865824547573e-59,2.509721509915484e-59,2.58177051957034e-59,2.6554610749304437e-59,2.7308209459647866e-59,2.807878210727443e-59,2.8866612569835936e-59,2.9671987838343617e-59,3.04951980334049e-59,3.1336536421448297e-59,3.219629943093652e-59,3.307478666856783e-59,3.3972300935465655e-59,3.4889148243356546e-59,3.582563783073618e-59,3.678208217902393e-59,3.7758797028705404e-59,3.875610139546356e-59,3.97743175862981e-59,4.081377121563284e-59,4.187479122141155e-59,4.29577098811826e-59,4.406286282817131e-59,4.519058906734083e-59,4.634123099144148e-59,4.751513439704836e-59,4.8712648500587685e-59,4.993412595435048e-59,5.117992286249598e-59,5.2450398797042505e-59,5.37459168138471e-59,5.506684346857362e-59,5.641354883264886e-59,5.778640650920795e-59,5.918579364902696e-59,6.061209096644509e-59,6.206568275527434e-59,6.354695690469872e-59,6.505630491516151e-59,6.659412191424002e-59,6.8160806672510095e-59,6.975676161939922e-59,7.138239285902633e-59,7.303811018603256e-59,7.472432710139979e-59,7.644146082825547e-59,7.818993232766928e-59,7.99701663144365e-59,8.178259127285011e-59,8.362763947246202e-59,8.550574698383207e-59,8.741735369426645e-59,8.936290332354418e-59,9.134284343963233e-59,9.335762547438936e-59,9.54077047392584e-59,9.749354044094797e-59,9.961559569710143e-59,1.0177433755195534e-58,1.0397023699198689e-58,1.0620376896154893e-58,1.08475412378495e-58,1.1078565014979131e-58,1.1313496918711944e-58,1.1552386042246596e-58,1.1795281882370196e-58,1.2042234341015033e-58,1.2293293726814258e-58,1.254851075665642e-58,1.2807936557238801e-58,1.3071622666619733e-58,1.3339621035769731e-58,1.3611984030121495e-58,1.3888764431118801e-58,1.4170015437764322e-58,1.4455790668166198e-58,1.4746144161083639e-58,1.5041130377471281e-58,1.5340804202022536e-58,1.5645220944711679e-58,1.5954436342334985e-58,1.6268506560050615e-58,1.658748819291745e-58,1.6911438267432803e-58,1.7240414243069007e-58,1.7574474013808874e-58,1.791367590968011e-58,1.8258078698288493e-58,1.8607741586350117e-58,1.8962724221222285e-58,1.9323086692433584e-58,1.9688889533212594e-58,2.006019372201564e-58,2.043706068405334e-58,2.081955229281618e-58,2.1207730871598826e-58,2.1601659195023476e-58,2.200140049056196e-58,2.2407018440056877e-58,2.2818577181241556e-58,2.3236141309258903e-58,2.3659775878179223e-58,2.4089546402516834e-58,2.45255188587457e-58,2.4967759686813844e-58,2.5416335791656826e-58,2.5871314544709835e-58,2.6332763785419122e-58,2.680075182275189e-58,2.727534743670549e-58,2.7756619879815105e-58,2.8244638878660654e-58,2.8739474635372657e-58,2.924119782913652e-58,2.974987961769647e-58,3.0265591638857767e-58,3.0788406011988108e-58,3.131839533951792e-58,3.1855632708439543e-58,3.2400191691805405e-58,3.2952146350224906e-58,3.351157123336041e-58,3.40785413814221e-58,3.4653132326661774e-58,3.523542009486549e-58,3.5825481206845e-58,3.642339267992893e-58,3.702923202945129e-58,3.764307727024044e-58,3.826500691810615e-58,3.889509999132612e-58,3.953343601213064e-58,4.018009500818703e-58,4.083515751408241e-58,4.1498704572805676e-58,4.217081773722843e-58,4.285157907158454e-58,4.354107115294904e-58,4.423937707271554e-58,4.4946580438073175e-58,4.566276537348141e-58,4.638801652214504e-58,4.712241904748736e-58,4.7866058634622435e-58,4.861902149182624e-58,4.9381394352006885e-58,5.015326447417373e-58,5.0934719644905256e-58,5.172584817981618e-58,5.252673892502329e-58,5.3337481258610276e-58,5.415816509209146e-58,5.498888087187458e-58,5.582971958072236e-58,5.668077273921324e-58,5.7542132407200684e-58,5.841389118527197e-58,5.929614221620527e-58,6.018897918642631e-58,6.109249632746353e-58,6.2006788417402344e-58,6.2931950782338436e-58,6.386807929782984e-58,6.481527039034808e-58,6.577362103872804e-58,6.67432287756175e-58,6.772419168892441e-58,6.871660842326426e-58,6.972057818140574e-58,7.073620072571566e-58,7.176357637960262e-58,7.280280602895974e-58,7.385399112360646e-58,7.491723367872907e-58,7.599263627632026e-58,7.708030206661775e-58,7.81803347695418e-58,7.929283867613166e-58,8.04179186499809e-58,8.155568012867213e-58,8.270622912520971e-58,8.386967222945288e-58,8.504611660954633e-58,8.623567001335083e-58,8.743844076987232e-58,8.865453779069013e-58,8.988407057138401e-58,9.11271491929604e-58,9.238388432327729e-58,9.365438721846841e-58,9.493876972436631e-58,9.623714427792412e-58,9.75496239086367e-58,9.887632223996053e-58,1.0021735349073228e-57,1.0157283247658737e-57,1.0294287461137596e-57,1.0432759590857957e-57,1.0572711298272537e-57,1.0714154305080014e-57,1.0857100393366278e-57,1.1001561405745649e-57,1.1147549245501904e-57,1.1295075876729263e-57,1.1444153324473248e-57,1.1594793674871487e-57,1.174700907529431e-57,1.190081173448533e-57,1.2056213922701938e-57,1.2213227971855633e-57,1.2371866275652298e-57,1.2532141289732277e-57,1.2694065531810541e-57,1.2857651581816592e-57,1.3022912082034277e-57,1.3189859737241596e-57,1.3358507314850295e-57,1.3528867645045458e-57,1.370095362092493e-57,1.3874778198638668e-57,1.4050354397527985e-57,1.42276953002647e-57,1.4406814052990153e-57,1.458772386545419e-57,1.4770438011153974e-57,1.4954969827472753e-57,1.5141332715818466e-57,1.532954014176231e-57,1.5519605635177167e-57,1.5711542790375954e-57,1.590536526624987e-57,1.6101086786406512e-57,1.6298721139307913e-57,1.6498282178408536e-57,1.6699783822293065e-57,1.690324005481416e-57,1.7108664925230092e-57,1.7316072548342314e-57,1.7525477104632828e-57,1.7736892840401636e-57,1.7950334067903902e-57,1.8165815165487138e-57,1.838335057772822e-57,1.860295481557036e-57,1.8824642456459892e-57,1.9048428144483207e-57,1.9274326590503136e-57,1.9502352572295674e-57,1.9732520934686376e-57,1.9964846589686724e-57,2.0199344516630426e-57,2.0436029762309478e-57,2.0674917441110247e-57,2.0916022735149552e-57,2.115936089441033e-57,2.1404947236877535e-57,2.1652797148673767e-57,2.1902926084194812e-57,2.2155349566245148e-57,2.2410083186173312e-57,2.2667142604007127e-57,2.2926543548588933e-57,2.3188301817710644e-57,2.3452433278248702e-57,2.371895386629904e-57,2.398787958731175e-57,2.4259226516225837e-57,2.4533010797603773e-57,2.4809248645766128e-57,2.5087956344925747e-57,2.536915024932218e-57,2.5652846783355855e-57,2.593906244172217e-57,2.622781378954557e-57,2.651911746251335e-57,2.6812990167009536e-57,2.710944868024855e-57,2.740850985040892e-57,2.7710190596766706e-57,2.801450790982896e-57,2.8321478851467076e-57,2.863112055505005e-57,2.894345022557753e-57,2.9258485139812935e-57,2.957624264641636e-57,2.989674016607742e-57,3.0219995191648036e-57,3.0546025288275077e-57,3.0874848093532906e-57,3.1206481317555866e-57,3.1540942743170676e-57,3.1878250226028623e-57,3.2218421694737817e-57,3.256147515099524e-57,3.290742866971873e-57,3.325630039917889e-57,3.3608108561130906e-57,3.3962871450946177e-57,3.4320607437743993e-57,3.4681334964523e-57,3.504507254829269e-57,3.541183878020453e-57,3.578165232568347e-57,3.6154531924558864e-57,3.653049639119559e-57,3.6909564614624983e-57,3.7291755558675633e-57,3.767708826210421e-57,3.80655818387261e-57,3.845725547754593e-57,3.8852128442888146e-57,3.9250220074527205e-57,3.9651549787818056e-57,4.005613707382615e-57,4.046400149945767e-57,4.08751627075895e-57,4.1289640417199035e-57,4.170745442349414e-57,4.2128624598042736e-57,4.255317088890252e-57,4.2981113320750423e-57,4.3412471995012106e-57,4.3847267089991273e-57,4.428551886099891e-57,4.472724764048248e-57,4.517247383815496e-57,4.5621217941123793e-57,4.607350051401981e-57,4.652934219912597e-57,4.6988763716506067e-57,4.7451785864133385e-57,4.791842951801899e-57,4.83887156323406e-57,4.886266523957032e-57,4.934029945060329e-57,4.9821639454885613e-57,5.030670652054252e-57,5.079552199450626e-57,5.128810730264395e-57,5.178448394988532e-57,5.228467352035047e-57,5.278869767747742e-57,5.329657816414946e-57,5.380833680282276e-57,5.432399549565355e-57,5.484357622462534e-57,5.536710105167605e-57,5.589459211882504e-57,5.64260716483001e-57,5.696156194266415e-57,5.750108538494221e-57,5.804466443874784e-57,5.859232164840982e-57,5.914407963909865e-57,5.96999611169529e-57,6.025998886920545e-57,6.082418576430986e-57,6.139257475206632e-57,6.196517886374772e-57,6.254202121222562e-57,6.312312499209605e-57,6.37085134798053e-57,6.42982100337755e-57,6.48922380945303e-57,6.549062118482027e-57,6.609338290974828e-57,6.670054695689485e-57,6.731213709644337e-57,6.792817718130499e-57,6.854869114724422e-57,6.917370301300355e-57,6.980323688042723e-57,7.04373169345878e-57,7.107596744391001e-57,7.171921276029522e-57,7.236707731924603e-57,7.301958563999066e-57,7.36767623256073e-57,7.433863206314821e-57,7.5005219623764e-57,7.567654986282758e-57,7.635264772005805e-57,7.703353821964473e-57,7.771924647037078e-57,7.840979766573687e-57,7.910521708408494e-57,7.980553008872148e-57,8.051076212804111e-57,8.122093873564978e-57,8.193608553048812e-57,8.26562282169545e-57,8.338139258502807e-57,8.411160451039191e-57,8.484688995455562e-57,8.558727496497824e-57,8.633278567519119e-57,8.70834483049203e-57,8.783928916020892e-57,8.860033463354014e-57,8.936661120395906e-57,9.013814543719517e-57,9.091496398578434e-57,9.169709358919125e-57,9.248456107393081e-57,9.327739335369073e-57,9.40756174294529e-57,9.487926038961524e-57,9.56883494101134e-57,9.650291175454216e-57,9.73229747742771e-57,9.814856590859586e-57,9.897971268479943e-57,9.98164427183333e-57,1.0065878371290882e-56,1.015067634606239e-56,1.023604098420842e-56,1.032197508265239e-56,1.040848144719264e-56,1.049556289251451e-56,1.0583222242202401e-56,1.0671462328751818e-56,1.0760285993581408e-56,1.0849696087045011e-56,1.0939695468443662e-56,1.1030287006037621e-56,1.1121473577058393e-56,1.121325806772069e-56,1.130564337323446e-56,1.1398632397816844e-56,1.1492228054704138e-56,1.1586433266163808e-56,1.1681250963506384e-56,1.177668408709746e-56,1.1872735586369579e-56,1.1969408419834207e-56,1.2066705555093639e-56,1.2164629968852896e-56,1.226318464693166e-56,1.2362372584276142e-56,1.2462196784970977e-56,1.2562660262251111e-56,1.266376603851365e-56,1.2765517145329752e-56,1.2867916623456444e-56,1.2970967522848492e-56,1.3074672902670224e-56,1.3179035831307365e-56,1.3284059386378843e-56,1.3389746654748614e-56,1.3496100732537457e-56,1.3603124725134748e-56,1.3710821747210274e-56,1.3819194922726002e-56,1.3928247384947827e-56,1.4037982276457353e-56,1.4148402749163626e-56,1.4259511964314892e-56,1.4371313092510306e-56,1.4483809313711705e-56,1.4597003817255256e-56,1.4710899801863223e-56,1.482550047565564e-56,1.4940809056161993e-56,1.5056828770332935e-56,1.517356285455193e-56,1.529101455464693e-56,1.5409187125902022e-56,1.552808383306911e-56,1.564770795037952e-56,1.5768062761555638e-56,1.5889151559822555e-56,1.6010977647919665e-56,1.6133544338112244e-56,1.625685495220315e-56,1.6380912821544282e-56,1.6505721287048236e-56,1.663128369919988e-56,1.6757603418067888e-56,1.688468381331633e-56,1.7012528264216196e-56,1.7141140159656952e-56,1.727052289815806e-56,1.7400679887880503e-56,1.7531614546638322e-56,1.7663330301910081e-56,1.7795830590850399e-56,1.792911886030146e-56,1.8063198566804418e-56,1.819807317661097e-56,1.8333746165694723e-56,1.8470221019762748e-56,1.8607501234266939e-56,1.8745590314415531e-56,1.8884491775184472e-56,1.9024209141328892e-56,1.91647459473945e-56,1.9306105737728987e-56,1.944829206649342e-56,1.959130849767367e-56,1.9735158605091757e-56,1.987984597241724e-56,2.0025374193178568e-56,2.01717468707745e-56,2.031896761848537e-56,2.0467040059484483e-56,2.0615967826849415e-56,2.0765754563573395e-56,2.091640392257654e-56,2.1067919566717273e-56,2.1220305168803513e-56,2.137356441160404e-56,2.152770098785978e-56,2.1682718600295e-56,2.1838620961628683e-56,2.199541179458576e-56,2.215309483190831e-56,2.2311673816366874e-56,2.247115250077166e-56,2.2631534647983744e-56,2.279282403092634e-56,2.2955024432595975e-56,2.311813964607373e-56,2.3282173474536398e-56,2.344712973126772e-56,2.3613012239669505e-56,2.3779824833272825e-56,2.394757135574922e-56,2.411625566092179e-56,2.4285881612776406e-56,2.4456453085472797e-56,2.4627973963355694e-56,2.4800448140965984e-56,2.4973879523051783e-56,2.5148272024579582e-56,2.5323629570745324e-56,2.549995609698551e-56,2.567725554898827e-56,2.5855531882704426e-56,2.603478906435862e-56,2.6215031070460305e-56,2.639626188781481e-56,2.657848551353443e-56,2.6761705955049418e-56,2.6945927230119023e-56,2.7131153366842526e-56,2.731738840367023e-56,2.7504636389414466e-56,2.7692901383260617e-56,2.7882187454778095e-56,2.8072498683931253e-56,2.8263839161090487e-56,2.8456212987043113e-56,2.864962427300433e-56,2.8844077140628216e-56,2.9039575722018585e-56,2.923612415974002e-56,2.943372660682872e-56,2.963238722680347e-56,2.983211019367652e-56,3.0032899691964478e-56,3.0234759916699235e-56,3.043769507343886e-56,3.0641709378278426e-56,3.084680705786091e-56,3.105299234938808e-56,3.126026950063131e-56,3.146864276994245e-56,3.1678116426264667e-56,3.1888694749143248e-56,3.210038202873644e-56,3.231318256582633e-56,3.252710067182952e-56,3.2742140668808047e-56,3.2958306889480106e-56,3.317560367723086e-56,3.339403538612324e-56,3.3613606380908653e-56,3.38343210370378e-56,3.4056183740671427e-56,3.4279198888691025e-56,3.450337088870962e-56,3.4728704159082464e-56,3.4955203128917776e-56,3.518287223808748e-56,3.5411715937237866e-56,3.5641738687800323e-56,3.587294496200203e-56,3.6105339242876583e-56,3.6338926024274815e-56,3.6573709810875297e-56,3.6809695118195076e-56,3.7046886472600345e-56,3.7285288411317074e-56,3.7524905482441635e-56,3.776574224495144e-56,3.800780326871558e-56,3.8251093134505394e-56,3.8495616434005133e-56,3.8741377769822554e-56,3.898838175549947e-56,3.923663301552237e-56,3.9486136185332973e-56,3.9736895911338816e-56,3.9988916850923848e-56,4.02422036724589e-56,4.049676105531228e-56,4.075259368986038e-56,4.100970627749805e-56,4.126810353064925e-56,4.152779017277757e-56,4.178877093839666e-56,4.205105057308072e-56,4.231463383347514e-56,4.257952548730684e-56,4.284573031339481e-56,4.3113253101660565e-56,4.33820986531386e-56,4.365227177998689e-56,4.392377730549729e-56,4.419662006410601e-56,4.447080490140404e-56,4.474633667414756e-56,4.502322025026834e-56,4.530146050888423e-56,4.558106234030951e-56,4.586203064606525e-56,4.6144370338889805e-56,4.64280863427491e-56,4.671318359284699e-56,4.699966703563574e-56,4.72875416288263e-56,4.757681234139865e-56,4.786748415361218e-56,4.815956205701604e-56,4.84530510544594e-56,4.874795616010183e-56,4.9044282399423625e-56,4.934203480923605e-56,4.964121843769172e-56,4.9941838344294795e-56,5.0243899599911355e-56,5.054740728677963e-56,5.08523664985203e-56,5.1158782340146695e-56,5.146665992807515e-56,5.1776004390135155e-56,5.208682086557961e-56,5.23991145050952e-56,5.271289047081241e-56,5.302815393631587e-56,5.334491008665449e-56,5.366316411835178e-56,5.398292123941597e-56,5.430418666935016e-56,5.462696563916257e-56,5.495126339137671e-56,5.527708518004151e-56,5.560443627074149e-56,5.593332194060698e-56,5.626374747832413e-56,5.659571818414517e-56,5.692923936989847e-56,5.726431635899877e-56,5.760095448645709e-56,5.793915909889106e-56,5.827893555453491e-56,5.862028922324959e-56,5.896322548653278e-56,5.93077497375291e-56,5.965386738104011e-56,6.000158383353441e-56,6.035090452315764e-56,6.0701834889742595e-56,6.10543803848192e-56,6.140854647162463e-56,6.176433862511327e-56,6.212176233196677e-56,6.248082309060405e-56,6.2841526411191295e-56,6.320387781565206e-56,6.356788283767708e-56,6.39335470227344e-56,6.430087592807925e-56,6.466987512276414e-56,6.504055018764869e-56,6.541290671540972e-56,6.578695031055112e-56,6.6162686589413795e-56,6.654012118018559e-56,6.6919259722911285e-56,6.730010786950246e-56,6.768267128374746e-56,6.806695564132124e-56,6.845296662979523e-56,6.884070994864743e-56,6.923019130927202e-56,6.962141643498949e-56,7.001439106105635e-56,7.0409120934675045e-56,7.080561181500381e-56,7.120386947316653e-56,7.160389969226262e-56,7.200570826737676e-56,7.240930100558877e-56,7.281468372598351e-56,7.322186225966062e-56,7.363084244974436e-56,7.404163015139332e-56,7.445423123181035e-56,7.486865157025225e-56,7.528489705803961e-56,7.57029735985666e-56,7.61228871073106e-56,7.654464351184211e-56,7.69682487518345e-56,7.739370877907355e-56,7.782102955746749e-56,7.825021706305656e-56,7.868127728402268e-56,7.911421622069932e-56,7.9549039885581125e-56,7.9985754303333585e-56,8.042436551080283e-56,8.086487955702522e-56,8.130730250323711e-56,8.175164042288446e-56,8.219789940163255e-56,8.264608553737565e-56,8.309620494024657e-56,8.354826373262648e-56,8.400226804915437e-56,8.445822403673688e-56,8.49161378545577e-56,8.537601567408738e-56,8.583786367909292e-56,8.630168806564717e-56,8.676749504213877e-56,8.72352908292815e-56,8.770508166012383e-56,8.817687378005875e-56,8.865067344683314e-56,8.91264869305573e-56,8.960432051371465e-56,9.00841804911713e-56,9.05660731701854e-56,9.105000487041688e-56,9.15359819239369e-56,9.202401067523728e-56,9.251409748124023e-56,9.30062487113077e-56,9.350047074725083e-56,9.399676998333969e-56,9.44951528263125e-56,9.499562569538538e-56,9.549819502226145e-56,9.600286725114075e-56,9.65096488387294e-56,9.701854625424913e-56,9.752956597944675e-56,9.80427145086036e-56,9.855799834854495e-56,9.907542401864943e-56,9.959499805085852e-56,1.0011672698968586e-55,1.0064061739222675e-55,1.0116667582816751e-55,1.0169490887979483e-55,1.022253231420053e-55,1.0275792522231468e-55,1.0329272174086717e-55,1.038297193304451e-55,1.0436892463647793e-55,1.0491034431705186e-55,1.0545398504291911e-55,1.0599985349750716e-55,1.0654795637692823e-55,1.0709830038998853e-55,1.0765089225819756e-55,1.0820573871577746e-55,1.0876284650967236e-55,1.0932222239955766e-55,1.098838731578494e-55,1.1044780556971305e-55,1.110140264330737e-55,1.1158254255862443e-55,1.1215336076983625e-55,1.1272648790296697e-55,1.1330193080707056e-55,1.1387969634400645e-55,1.144597913884487e-55,1.1504222282789533e-55,1.1562699756267741e-55,1.1621412250596844e-55,1.1680360458379345e-55,1.1739545073503818e-55,1.1798966791145844e-55,1.1858626307768916e-55,1.1918524321125365e-55,1.1978661530257273e-55,1.2039038635497399e-55,1.209965633847008e-55,1.216051534209217e-55,1.2221616350573942e-55,1.2282960069419994e-55,1.2344547205430188e-55,1.2406378466700534e-55,1.2468454562624132e-55,1.2530776203892063e-55,1.2593344102494309e-55,1.265615897172066e-55,1.2719221526161642e-55,1.2782532481709393e-55,1.2846092555558607e-55,1.2909902466207413e-55,1.2973962933458304e-55,1.3038274678419044e-55,1.3102838423503556e-55,1.3167654892432839e-55,1.3232724810235883e-55,1.3298048903250549e-55,1.3363627899124505e-55,1.3429462526816092e-55,1.3495553516595263e-55,1.3561901600044463e-55,1.362850751005953e-55,1.3695371980850607e-55,1.3762495747943032e-55,1.3829879548178245e-55,1.3897524119714683e-55,1.3965430202028679e-55,1.403359853591535e-55,1.4102029863489514e-55,1.8567558321964754e-35,8.105316782299906e-35,2.1873964132553532e-34,4.690232510273781e-34,8.754524422933445e-34,1.4877260034702755e-33,2.361688672140648e-33,3.5593266156138356e-33,5.148762896806026e-33,7.204252952486476e-33,9.806180074956828e-33,1.3041050895199575e-32,1.7001490870907356e-32,2.178623977706458e-32,2.750014719986906e-32,3.425416803385261e-32,4.216535798220115e-32,5.135686906028668e-32,6.19579451024245e-32,7.410391727186986e-32,8.793619957406654e-32,1.0360228437315692e-31,1.2125573791176124e-31,1.4105619583403343e-31,1.6316935871199427e-31,1.877669875751462e-31,2.150268994433747e-31,2.4513216726137463e-31,2.7827416699301753e-31,3.1464818476973394e-31,3.544562167435477e-31,3.979062927733756e-31,4.452124719756739e-31,4.9659483828006085e-31,5.522794959883865e-31,6.12498565330582e-31,6.774901780397421e-31,7.474984729180179e-31,8.227735914087039e-31,9.03571673173548e-31,9.90154851666788e-31,1.082791249721031e-30,1.1817549751315372e-30,1.287326116244691e-30,1.3997907375497622e-30,1.5194408752739035e-30,1.6465745329804148e-30,1.7814956771702445e-30,1.9245142328867214e-30,2.0759460793235445e-30,2.2361130454359932e-30,2.4053429055553883e-30,2.5839693750067772e-30,2.772332105729834e-30,2.9707766819030217e-30,3.179654615570946e-30,3.399323342274947e-30,3.630146216686916e-30,3.872492508246327e-30,4.1267373968004616e-30,4.393261968247889e-30,4.672453210185121e-30,4.964704007556503e-30,5.2704131383072776e-30,5.589985269039893e-30,5.923830950673463e-30,6.272366614106495e-30,6.636014565882728e-30,7.015202983860258e-30,7.410365912883768e-30,7.821943260460025e-30,8.250380792436498e-30,8.696130128683205e-30,9.159648738777713e-30,9.64139993769337e-30,1.014185288149064e-29,1.0661482563011687e-29,1.1200769807578047e-29,1.1760201268691579e-29,1.2340269423738498e-29,1.2941472569696613e-29,1.3564314818845685e-29,1.4209306094481027e-29,1.4876962126630195e-29,1.5567804447772872e-29,1.628236038856388e-29,1.7021163073559348e-29,1.7784751416946083e-29,1.857367011827396e-29,1.9388469658191648e-29,2.022970629418528e-29,2.1097942056320427e-29,2.1993744742987074e-29,2.2917724422895057e-29,2.3870387768378057e-29,2.4852355995057254e-29,2.586421993213051e-29,2.6906576155842643e-29,2.798002698529893e-29,2.9085180478232156e-29,3.0222650426801476e-29,3.139305635328913e-29,3.259702350595111e-29,3.3835182854766587e-29,3.5108171087238506e-29,3.6416630604135193e-29,3.7761209515317484e-29,3.914256163552202e-29,4.056134648015558e-29,4.2018229261093027e-29,4.3513880882478567e-29,4.504897793652987e-29,4.6624202699345447e-29,4.8240243126715087e-29,4.989779284993322e-29,5.159755117161575e-29,5.33402230615195e-29,5.512651915236511e-29,5.695715573566284e-29,5.88328547575414e-29,6.075434381458001e-29,6.272235614964337e-29,6.473763064771995e-29,6.680091183176309e-29,6.891294985853517e-29,7.107450051445499e-29,7.328632521144829e-29,7.554919098280101e-29,7.786387047901576e-29,8.023114196367158e-29,8.265178930928643e-29,8.512660199318269e-29,8.765637509335608e-29,9.024190928434735e-29,9.288401083311704e-29,9.558349159492315e-29,9.834116900920227e-29,1.0115786609545337e-28,1.0403441144912473e-28,1.0697163923750385e-28,1.099703891956105e-28,1.130315066220927e-28,1.161558423751258e-28,1.1934425286831474e-28,1.2259760006659879e-28,1.259167514821598e-28,1.293025801703333e-28,1.3275596472552283e-28,1.3627778927711687e-28,1.398689434854372e-28,1.4353032253756362e-28,1.4726282727362611e-28,1.5106736366435786e-28,1.5494484666313188e-28,1.5889618741731386e-28,1.6292231171166994e-28,1.6702414780887436e-28,1.7120262946993665e-28,1.7545869595020385e-28,1.7979329199529508e-28,1.84207367837054e-28,1.8870187918950568e-28,1.9327778561290377e-28,1.9793605700825287e-28,2.026776639087232e-28,2.0750356381517798e-28,2.1241477963052564e-28,2.174122801361021e-28,2.224970593082063e-28,2.27670116573057e-28,2.3293245680279884e-28,2.382850902348664e-28,2.43729032772987e-28,2.4926530534445157e-28,2.548949347020277e-28,2.606189531569722e-28,2.664383979493713e-28,2.7235431196058843e-28,2.783678787379123e-28,2.844798658739739e-28,2.9069145593777576e-28,2.970037794141249e-28,3.034178696288678e-28,3.0993480284886467e-28,3.16555653622421e-28,3.232815082994447e-28,3.3011346783038973e-28,3.3705264946781103e-28,3.441001014141448e-28,3.5125695829833103e-28,3.585243330718458e-28,3.659033440484051e-28,3.733951149000124e-28,3.81000774653009e-28,3.887214576841272e-28,3.9655830371654673e-28,4.045124578159536e-28,4.125850703866023e-28,4.207772971673808e-28,4.2909029922787815e-28,4.375252429644554e-28,4.460833000963188e-28,4.547656476615967e-28,4.635734680134197e-28,4.725079488160009e-28,4.815702831494019e-28,4.907616690724184e-28,5.000833102662212e-28,5.0953641560023945e-28,5.191221992354413e-28,5.288418806204323e-28,5.386966844875589e-28,5.4868784084902415e-28,5.588165849929921e-28,5.690841574796592e-28,5.794918041374154e-28,5.900407760589472e-28,6.007323295973563e-28,6.115677263622825e-28,6.22548233216029e-28,6.336751222696915e-28,6.449496708792868e-28,6.563731616418898e-28,6.679468823917681e-28,6.796721261965229e-28,6.915501913532304e-28,7.035823813845892e-28,7.157699970390621e-28,7.2811435705729405e-28,7.406168741769786e-28,7.532785685636108e-28,7.661011176015291e-28,7.790857221685591e-28,7.922337222590355e-28,8.055464630621781e-28,8.190252949582629e-28,8.32671573514796e-28,8.464866594826912e-28,8.604719187924474e-28,8.746287225503314e-28,8.889584470345636e-28,9.034624736915042e-28,9.181421891318445e-28,9.32998985126801e-28,9.480342586043105e-28,9.632494116452299e-28,9.78645851479536e-28,9.942249904825334e-28,1.0099882461710586e-27,1.025937041199692e-27,1.0420728033569706e-27,1.0583969655616027e-27,1.0749109658586877e-27,1.0916162474159364e-27,1.108514258519897e-27,1.1256064525721799e-27,1.1428942880856865e-27,1.1603792286808444e-27,1.1780627430818417e-27,1.1959463051128643e-27,1.2140313936943358e-27,1.2323194928391646e-27,1.250812091648985e-27,1.2695106843104123e-27,1.288416770091288e-27,1.3075318533369416e-27,1.32685744346644e-27,1.3463950549688722e-27,1.3661460306916784e-27,1.3861122468012565e-27,1.4062949713143827e-27,1.4266959117048246e-27,1.4473165218150277e-27,1.4681583464756264e-27,1.489222935561164e-27,1.5105118439863765e-27,1.532027869840973e-27,1.5537701146445324e-27,1.5757413738205461e-27,1.597943222407607e-27,1.620377240465941e-27,1.643045013073708e-27,1.665948130323297e-27,1.689088187317635e-27,1.7124667841664944e-27,1.736085525982798e-27,1.7599460228789352e-27,1.784049889963074e-27,1.8083987473354827e-27,1.8329942200848423e-27,1.857837938284579e-27,1.8829315369891994e-27,1.9082766562306107e-27,1.933875060788281e-27,1.9597283386675493e-27,1.9858379123354095e-27,2.0122056163863827e-27,2.038833115684403e-27,2.065722080048829e-27,2.0928741842507848e-27,2.1202911080095176e-27,2.1479745359887443e-27,2.175926157793009e-27,2.204147667964046e-27,2.2326407659771286e-27,2.261407156237446e-27,2.2904485480764582e-27,2.319766655748274e-27,2.3493631984260147e-27,2.3792399001981957e-27,2.4093984900650966e-27,2.4398407019351428e-27,2.4705682746212902e-27,2.5015829518374086e-27,2.532886482194668e-27,2.5644806191979287e-27,2.596367121242136e-27,2.628547751608717e-27,2.6610242784619696e-27,2.6937984748454776e-27,2.7268721186785e-27,2.76024699275239e-27,2.793924884726992e-27,2.827907587127062e-27,2.862196897338677e-27,2.8967946176056504e-27,2.9317025550259574e-27,2.9669225215481506e-27,3.0024563339677856e-27,3.038305813923858e-27,3.074472787895213e-27,3.1109590871969987e-27,3.147766547977088e-27,3.1848970112125228e-27,3.2223523227059538e-27,3.2601343330820775e-27,3.298244897784089e-27,3.3366858770701306e-27,3.3754591360097314e-27,3.4145665444802785e-27,3.4540099771634556e-27,3.493791313541714e-27,3.533912437894731e-27,3.574375239295868e-27,3.6151816116086445e-27,3.656333453483202e-27,3.6978326683527805e-27,3.739681164430185e-27,3.781880854704275e-27,3.824433656936429e-27,3.867341493657042e-27,3.9106062921619955e-27,3.954229984509156e-27,3.99821450751486e-27,4.042561802750404e-27,4.087273816538548e-27,4.1323524999500016e-27,4.177799808799936e-27,4.2236177036444765e-27,4.2698081497772165e-27,4.316373117225719e-27,4.3633145807480296e-27,4.410634519829191e-27,4.458334918677759e-27,4.506417764112501e-27,4.554885053982344e-27,4.603738784551454e-27,4.65298095888764e-27,4.702613584764835e-27,4.7526386746596386e-27,4.8030582457478344e-27,4.85387431990094e-27,4.9050889236743526e-27,4.9567040883374915e-27,5.008721849819877e-27,5.061144248741358e-27,5.113973330400227e-27,5.167211144769791e-27,5.2208596594155034e-27,5.274921107147186e-27,5.3293974655217766e-27,5.3842908031781295e-27,5.439603193412889e-27,5.495336714177065e-27,5.551493448072597e-27,5.608075482348923e-27,5.6650849088995645e-27,5.72252382425869e-27,5.78039432959771e-27,5.8386985307218416e-27,5.897438538066705e-27,5.956616466694905e-27,6.016234436292619e-27,6.0762945711662e-27,6.136799000238758e-27,6.197749857046755e-27,6.2591492797366234e-27,6.320999411061349e-27,6.383302398377082e-27,6.4460603936397474e-27,6.509275553401645e-27,6.572950038808072e-27,6.637086015593928e-27,6.701685654080344e-27,6.766751129171298e-27,6.832284620350213e-27,6.898288311676626e-27,6.964764391782775e-27,7.03171505387025e-27,7.09914249570662e-27,7.167048919622067e-27,7.235436532506015e-27,7.304307545803785e-27,7.373664175513222e-27,7.443508642181355e-27,7.513843170901019e-27,7.584669991307538e-27,7.655991337575343e-27,7.727809448414647e-27,7.800126567068094e-27,7.872944941307427e-27,7.946266823430133e-27,8.020094470256127e-27,8.094430143124396e-27,8.169276107889685e-27,8.24463463491917e-27,8.320507999089113e-27,8.39689847978156e-27,8.473808360881011e-27,8.551239930771087e-27,8.629195482331243e-27,8.707677312933426e-27,8.786687724438785e-27,8.866229023194345e-27,8.94630352002971e-27,9.026913530253759e-27,9.108061373651335e-27,9.18974937447996e-27,9.271979861466529e-27,9.354755167804019e-27,9.438077631148184e-27,9.52194959361429e-27,9.606373401773809e-27,9.691351406651134e-27,9.776885963720317e-27,9.862979432901757e-27,9.949634178558957e-27,1.0036852569495214e-26,1.0124636978950381e-26,1.021298978459757e-26,1.0301913368539891e-26,1.0391410117307203e-26,1.0481482421852827e-26,1.0572132677550292e-26,1.0663363284190099e-26,1.0755176645976431e-26,1.0847575171523915e-26,1.0940561273854377e-26,1.1034137370393595e-26,1.112830588296803e-26,1.1223069237801607e-26,1.1318429865512469e-26,1.1414390201109723e-26,1.1510952683990219e-26,1.1608119757935306e-26,1.1705893871107618e-26,1.1804277476047812e-26,1.190327302967137e-26,1.2002882993265363e-26,1.2103109832485238e-26,1.220395601735157e-26,1.2305424022246885e-26,1.2407516325912403e-26,1.2510235411444865e-26,1.26135837662933e-26,1.2717563882255807e-26,1.2822178255476375e-26,1.292742938644166e-26,1.3033319779977795e-26,1.3139851945247187e-26,1.324702839574532e-26,1.3354851649297563e-26,1.3463324228055976e-26,1.3572448658496128e-26,1.3682227471413895e-26,1.3792663201922283e-26,1.3903758389448252e-26,1.401551557772954e-26,1.4127937314811457e-26,1.424102615304375e-26,1.4354784649077396e-26,1.4469215363861456e-26,1.4584320862639872e-26,1.4700103714948354e-26,1.4816566494611175e-26,1.4933711779738025e-26,1.5051542152720843e-26,1.517006020023067e-26,1.5289268513214496e-26,1.5409169686892099e-26,1.5529766320752906e-26,1.5651061018552834e-26,1.5773056388311156e-26,1.5895755042307343e-26,1.6019159597077948e-26,1.6143272673413452e-26,1.6268096896355118e-26,1.639363489519188e-26,1.6519889303457206e-26,1.6646862758925955e-26,1.6774557903611268e-26,1.690297738376144e-26,1.7032123849856786e-26,1.7161999956606536e-26,1.729260836294572e-26,1.742395173203202e-26,1.7556032731242722e-26,1.7688854032171522e-26,1.7822418310625477e-26,1.7956728246621923e-26,1.8091786524385278e-26,1.822759583234403e-26,1.8364158863127595e-26,1.850147831356323e-26,1.863955688467293e-26,1.8778397281670354e-26,1.8918002213957725e-26,1.905837439512274e-26,1.919951654293548e-26,1.9341431379345352e-26,1.9484121630477978e-26,1.9627590026632132e-26,1.977183930227666e-26,1.991687219604743e-26,2.00626914507442e-26,2.0209299813327607e-26,2.0356700034916085e-26,2.0504894870782796e-26,2.065388708035255e-26,2.0803679427198762e-26,2.0954274679040414e-26,2.1105675607738966e-26,2.1257884989295297e-26,2.1410905603846714e-26,2.1564740235663817e-26,2.1719391673147525e-26,2.187486270882598e-26,2.2031156139351557e-26,2.2188274765497752e-26,2.2346221392156215e-26,2.2504998828333684e-26,2.2664609887148957e-26,2.282505738582982e-26,2.298634414571011e-26,2.3148472992226594e-26,2.3311446754916001e-26,2.3475268267411982e-26,2.3639940367442082e-26,2.3805465896824744e-26,2.3971847701466272e-26,2.4139088631357828e-26,2.430719154057241e-26,2.4476159287261883e-26,2.46459947336539e-26,2.481670074604898e-26,2.4988280194817435e-26,2.5160735954396423e-26,2.533407090328691e-26,2.5508287924050696e-26,2.5683389903307433e-26,2.585937973173161e-26,2.6036260304049546e-26,2.6214034519036474e-26,2.639270527951348e-26,2.657227549234458e-26,2.6752748068433676e-26,2.6934125922721665e-26,2.7116411974183375e-26,2.7299609145824627e-26,2.74837203646793e-26,2.76687485618063e-26,2.785469667228663e-26,2.804156763522041e-26,2.8229364393723945e-26,2.8418089894926715e-26,2.860774708996845e-26,2.879833893399617e-26,2.898986838616122e-26,2.918233840961632e-26,2.937575197151266e-26,2.957011204299687e-26,2.9765421599208125e-26,2.9961683619275206e-26,3.0158901086313565e-26,3.0357076987422325e-26,3.055621431368144e-26,3.075631606014869e-26,3.095738522585674e-26,3.1159424813810275e-26,3.136243783098303e-26,3.1566427288314845e-26,3.177139620070879e-26,3.197734758702821e-26,3.218428447009381e-26,3.239220987668077e-26,3.260112683751576e-26,3.281103838727413e-26,3.3021947564576856e-26,3.3233857411987796e-26,3.3446770976010673e-26,3.3660691307086176e-26,3.3875621459589134e-26,3.4091564491825527e-26,3.430852346602961e-26,3.4526501448361124e-26,3.474550150890219e-26,3.4965526721654606e-26,3.5186580164536895e-26,3.5408664919381384e-26,3.563178407193139e-26,3.585594071183824e-26,3.6081137932658517e-26,3.6307378831851056e-26,3.6534666510774136e-26,3.6763004074682586e-26,3.6992394632724957e-26,3.722284129794056e-26,3.7454347187256685e-26,3.7686915421485694e-26,3.792054912532217e-26,3.8155251427340036e-26,3.8391025459989726e-26,3.862787435959531e-26,3.886580126635161e-26,3.9104809324321417e-26,3.934490168143257e-26,3.958608148947514e-26,3.9828351904098595e-26,4.0071716084808944e-26,4.0316177194965874e-26,4.05617384017799e-26,4.0808402876309627e-26,4.105617379345873e-26,4.130505433197335e-26,4.155504767443904e-26,4.180615700727809e-26,4.20583855207466e-26,4.2311736408931743e-26,4.256621286974883e-26,4.2821818104938674e-26,4.307855532006449e-26,4.333642772450938e-26,4.3595438531473264e-26,4.3855590957970236e-26,4.41168882248257e-26,4.437933355667351e-26,4.464293018195322e-26,4.4907681332907296e-26,4.5173590245578243e-26,4.5440660159805885e-26,4.570889431922448e-26,4.597829597125995e-26,4.624886836712716e-26,4.652061476182705e-26,4.679353841414384e-26,4.7067642586642277e-26,4.7342930545664826e-26,4.761940556132892e-26,4.7897070907524104e-26,4.8175929861909353e-26,4.845598570591018e-26,4.8737241724715993e-26,4.901970120727719e-26,4.9303367446302467e-26,4.9588243738256014e-26,4.987433338335479e-26,5.0161639685565707e-26,5.0450165952602867e-26,5.073991549592484e-26,5.103089163073187e-26,5.1323097675963124e-26,5.161653695429395e-26,5.19112127921331e-26,5.220712851962e-26,5.2504287470622e-26,5.280269298273161e-26,5.310234839726374e-26,5.340325705925297e-26,5.370542231745088e-26,5.400884752432315e-26,5.431353603604702e-26,5.461949121250837e-26,5.492671641729911e-26,5.523521501771436e-26,5.554499038474983e-26,5.5856045893099e-26,5.616838492115036e-26,5.648201085098487e-26,5.6796927068373e-26,5.711313696277221e-26,5.743064392732411e-26,5.774945135885181e-26,5.806956265785712e-26,5.839098122851793e-26,5.871371047868552e-26,5.903775381988173e-26,5.936311466729638e-26,5.968979643978448e-26,6.001780255986349e-26,6.034713645371081e-26,6.06778015511609e-26,6.100980128570269e-26,6.13431390944768e-26,6.167781841827288e-26,6.201384270152693e-26,6.23512153923187e-26,6.268993994236876e-26,6.303001980703613e-26,6.337145844531532e-26,6.371425931983384e-26,6.405842589684947e-26,6.440396164624748e-26,6.475087004153812e-26,6.509915455985386e-26,6.544881868194668e-26,6.57998658921855e-26,6.615229967855348e-26,6.650612353264529e-26,6.686134094966451e-26,6.721795542842101e-26,6.75759704713282e-26,6.793538958440042e-26,6.82962162772503e-26,6.8658454063086e-26,6.902210645870879e-26,6.938717698451023e-26,6.975366916446941e-26,7.012158652615063e-26,7.049093260070046e-26,7.08617109228452e-26,7.12339250308884e-26,7.160757846670796e-26,7.19826747757536e-26,7.23592175070443e-26,7.273721021316562e-26,7.311665645026703e-26,7.34975597780593e-26,7.38799237598119e-26,7.42637519623504e-26,7.464904795605374e-26,7.503581531485177e-26,7.542405761622253e-26,7.581377844118958e-26,7.620498137431956e-26,7.659767000371938e-26,7.699184792103379e-26,7.738751872144266e-26,7.778468600365837e-26,7.81833533699233e-26,7.858352442600711e-26,7.898520278120424e-26,7.938839204833123e-26,7.979309584372418e-26,8.019931778723617e-26,8.06070615022346e-26,8.101633061559867e-26,8.142712875771666e-26,8.183945956248361e-26,8.225332666729834e-26,8.266873371306132e-26,8.308568434417176e-26,8.350418220852506e-26,8.392423095751042e-26,8.434583424600809e-26,8.476899573238689e-26,8.519371907850156e-26,8.562000794969029e-26,8.6047866014772e-26,8.647729694604404e-26,8.69083044192793e-26,8.734089211372384e-26,8.777506371209435e-26,8.821082290057551e-26,8.864817336881744e-26,8.908711880993316e-26,8.952766292049607e-26,8.996980940053737e-26,9.041356195354349e-26,9.085892428645365e-26,9.130590010965704e-26,9.175449313699071e-26,9.22047070857366e-26,9.265654567661933e-26,9.311001263380337e-26,9.356511168489073e-26,9.402184656091837e-26,9.44802209963556e-26,9.494023872910171e-26,9.540190350048316e-26,9.586521905525136e-26,9.633018914157991e-26,9.679681751106229e-26,9.726510791870903e-26,9.773506412294571e-26,9.820668988560989e-26,9.867998897194895e-26,9.915496515061744e-26,9.963162219367436e-26,1.0010996387658107e-25,1.0058999397819857e-25,1.0107171628078502e-25,1.0155513456999321e-25,1.0204025263486815e-25,1.0252707426784415e-25,1.0301560326474286e-25,1.0350584342477055e-25,1.039977985505157e-25,1.0449147244794637e-25,1.0498686892640783e-25,1.0548399179861995e-25,1.0598284488067485e-25,1.0648343199203443e-25,1.069857569555276e-25,1.0748982359734813e-25,1.079956357470521e-25,1.0850319723755516e-25,1.090125119051305e-25,1.0952358358940603e-25,1.1003641613336197e-25,1.1055101338332843e-25,1.1106737918898302e-25,1.115855174033482e-25,1.1210543188278897e-25,1.1262712648701024e-25,1.131506050790546e-25,1.1367587152529965e-25,1.1420292969545565e-25,1.1473178346256303e-25,1.152624367029899e-25,1.1579489329642975e-25,1.1632915712589872e-25,1.1686523207773347e-25,1.1740312204158853e-25,1.1794283091043394e-25,1.1848436258055264e-25,1.190277209515382e-25,1.1957290992629253e-25,1.2011993341102295e-25,1.2066879531524025e-25,1.2121949955175603e-25,1.2177205003668028e-25,1.223264506894189e-25,1.2288270543267145e-25,1.2344081819242853e-25,1.2400079289796936e-25,1.2456263348185956e-25,1.2512634387994859e-25,1.256919280313672e-25,1.2625938987852524e-25,1.2682873336710915e-25,1.2739996244607947e-25,1.2797308106766864e-25,1.2854809318737819e-25,1.2912500276397686e-25,1.2970381375949776e-25,1.3028453013923616e-25,1.3086715587174705e-25,1.3145169492884275e-25,1.3203815128559043e-25,1.3262652892030981e-25,1.3321683181457072e-25,1.3380906395319075e-25,1.3440322932423274e-25,1.3499933191900248e-25,1.3559737573204645e-25,1.3619736476114897e-25,1.3679930300733046e-25,1.374031944748445e-25,1.380090431711758e-25,1.3861685310703758e-25,1.3922662829636932e-25,1.3983837275633437e-25,1.4045209050731756e-25,1.4106778557292294e-25,1.416854619799711e-25,1.423051237584972e-25,1.4292677494174805e-25,1.4355041956618045e-25,1.441760616714584e-25,1.4480370530045058e-25,1.4543335449922834e-25,1.4606501331706325e-25,1.4669868580642467e-25,1.4733437602297733e-25,1.4797208802557909e-25,1.4861182587627865e-25,1.4925359364031301e-25,1.4989739538610514e-25,1.5054323518526192e-25,1.5119111711257143e-25,1.5184104524600075e-25,1.5249302366669368e-25,1.5314705645896836e-25,1.5380314771031472e-25,1.5446130151139268e-25,1.5512152195602903e-25,1.5578381314121587e-25,1.564481791671078e-25,1.5711462413701977e-25,1.5778315215742463e-25,1.584537673379509e-25,1.5912647379138046e-25,1.5980127563364618e-25,1.6047817698382957e-25,1.6115718196415854e-25,1.6183829470000502e-25,1.6252151931988253e-25,1.6320685995544426e-25,1.6389432074148023e-25,1.6458390581591535e-25,1.6527561931980694e-25,1.659694653973425e-25,1.6666544819583742e-25,1.6736357186573257e-25,1.6806384056059196e-25,1.6876625843710087e-25,1.6947082965506277e-25,1.7017755837739777e-25,1.7088644877013994e-25,1.7159750500243508e-25,1.7231073124653838e-25,1.7302613167781225e-25,1.7374371047472392e-25,1.744634718188433e-25,1.751854198948406e-25,1.759095588904838e-25,1.7663589299663673e-25,1.7736442640725684e-25,1.7809516331939245e-25,1.788281079331809e-25,1.7956326445184608e-25,1.803006370816963e-25,1.8104023003212193e-25,1.817820475155929e-25,1.8252609374765694e-25,1.8327237294693673e-25,1.8402088933512827e-25,1.8477164713699796e-25,1.8552465058038082e-25,1.862799038961779e-25,1.8703741131835441e-25,1.8779717708393692e-25,1.8855920543301178e-25,1.8932350060872216e-25,1.9009006685726635e-25,1.9085890842789515e-25,1.9163002957290975e-25,1.9240343454765961e-25,1.9317912761054003e-25,1.939571130229899e-25,1.947373950494897e-25,1.9551997795755888e-25,1.9630486601775393e-25,1.970920635036659e-25,1.9788157469191852e-25,1.9867340386216564e-25,1.9946755529708906e-25,2.0026403328239627e-25,2.010628421068185e-25,2.018639860621081e-25,2.0266746944303645e-25,2.034732965473919e-25,2.0428147167597732e-25,2.050919991326081e-25,2.0590488322410963e-25,2.0672012826031543e-25,2.075377385540646e-25,2.0835771842119987e-25,2.091800721805653e-25,2.10004804154004e-25,2.108319186663559e-25,2.116614200454557e-25,2.1249331262213056e-25,2.1332760073019775e-25,2.1416428870646295e-25,2.1500338089071723e-25,2.1584488162573566e-25,2.166887952572747e-25,2.1753512613407013e-25,2.1838387860783447e-25,2.1923505703325543e-25,2.200886657679933e-25,2.2094470917267886e-25,2.218031916109111e-25,2.226641174492553e-25,2.235274910572404e-25,2.2439331680735735e-25,2.252615990750564e-25,2.2613234223874537e-25,2.2700555067978717e-25,2.278812074316625e-25,2.287593100728744e-25,2.2963985677546562e-25
20,2.21660545939142e-23,4.883139982471524e-23,7.818395493374929e-23,1.0938979412650922e-22,1.4188560082076555e-22,1.7527976866356823e-22,2.0929959443289704e-22,2.4375515650964154e-22,2.785141849731342e-22,3.1348456109553646e-22,3.486021292460965e-22,3.8382220855418415e-22,4.1911368124917272e-22,4.544548755141579e-22,4.898306981198077e-22,5.252306374614581e-22,5.606473727842088e-22,5.960758055846402e-22,6.315123850353497e-22,6.66954638180215e-22,7.024008427412179e-22,7.378497992463792e-22,7.733006723293921e-22,8.0875288020353745e-22,8.442060176863431e-22,8.7965980259048e-22,9.151140383879973e-22,9.505685882079732e-22,9.860233567273292e-22,1.0214782775587825e-21,1.056933304467241e-21,1.0923884052525002e-21,1.1278435574888949e-21,1.1632987455581757e-21,1.1987539585830953e-21,1.2342091889882412e-21,1.2696644314977627e-21,1.3051196824373138e-21,1.3405749392479192e-21,1.376030200147389e-21,1.4114854638945286e-21,1.4469407296249145e-21,1.4823959967365227e-21,1.517851264810075e-21,1.5533065335535702e-21,1.5887618027636432e-21,1.6242170722986612e-21,1.6596723420599864e-21,1.6951276119789212e-21,1.7305828820076228e-21,1.7660381521127706e-21,1.8014934222711588e-21,1.8369486924666275e-21,1.872403962687917e-21,1.9078592329271913e-21,1.9433145031789897e-21,1.9787697734395116e-21,2.0142250437061084e-21,2.0496803139769373e-21,2.0851355842507112e-21,2.1205908545265386e-21,2.156046124803795e-21,2.1915013950820474e-21,2.2269566653609928e-21,2.2624119356404207e-21,2.2978672059201853e-21,2.3333224762001828e-21,2.3687777464803446e-21,2.4042330167606185e-21,2.4396882870409714e-21,2.475143557321379e-21,2.5105988276018247e-21,2.5460540978822965e-21,2.581509368162788e-21,2.6169646384432916e-21,2.652419908723803e-21,2.6878751790043217e-21,2.7233304492848424e-21,2.7587857195653668e-21,2.7942409898458924e-21,2.8296962601264195e-21,2.8651515304069435e-21,2.9006068006874717e-21,2.9360620709679984e-21,2.9715173412485248e-21,3.0069726115290522e-21,3.0424278818095804e-21,3.0778831520901064e-21,3.1133384223706346e-21,3.1487936926511624e-21,3.184248962931689e-21,3.219704233212217e-21,3.255159503492744e-21,3.2906147737732715e-21,3.3260700440538012e-21,3.3615253143343294e-21,3.39698058461486e-21,3.432435854895387e-21,3.4678911251759155e-21,3.503346395456446e-21,3.538801665736971e-21,3.574256936017499e-21,3.609712206298027e-21,3.64516747657856e-21,3.680622746859087e-21,3.716078017139614e-21,3.751533287420143e-21,3.7869885577006656e-21,3.822443827981195e-21,3.857899098261724e-21,3.893354368542253e-21,3.928809638822786e-21,3.9642649091033134e-21,3.999720179383839e-21,4.0351754496643676e-21,4.070630719944895e-21,4.106085990225422e-21,4.141541260505951e-21,4.176996530786486e-21,4.212451801067012e-21,4.24790707134754e-21,4.283362341628067e-21,4.318817611908595e-21,4.3542728821891214e-21,4.389728152469648e-21,4.425183422750175e-21,4.4606386930307e-21,4.4960939633112275e-21,4.531549233591753e-21,4.567004503872278e-21,4.602459774152802e-21,4.637915044433327e-21,4.673370314713852e-21,4.70882558499445e-21,4.744280855274964e-21,4.779736125555464e-21,4.815191395835965e-21,4.8506466661164915e-21,4.886101936397015e-21,4.9215572066775404e-21,4.957012476958062e-21,4.992467747238583e-21,5.0279230175191055e-21,5.0633782877996284e-21,5.0988335580801506e-21,5.134288828360671e-21,5.169744098641196e-21,5.205199368921719e-21,5.24065463920224e-21,5.276109909482762e-21,5.3115651797632845e-21,5.347020450043806e-21,5.3824757203243266e-21,5.417930990604847e-21,5.4533862608853695e-21,5.488841531165892e-21,5.52429680144641e-21,5.5597520717269315e-21,5.5952073420074514e-21,5.630662612287973e-21,5.666117882568491e-21,5.7015731528490135e-21,5.737028423129578e-21,5.772483693410111e-21,5.807938963690629e-21,5.8433942339711564e-21,5.8788495042516756e-21,5.914304774532193e-21,5.9497600448127094e-21,5.985215315093224e-21,6.020670585373741e-21,6.056125855654254e-21,6.09158112593477e-21,6.127036396215278e-21,6.162491666495793e-21,6.197946936776305e-21,6.2334022070568185e-21,6.268857477337329e-21,6.30431274761784e-21,6.3397680178983534e-21,6.375223288178866e-21,6.410678558459378e-21,6.446133828739889e-21,6.481589099020401e-21,6.517044369300915e-21,6.552499639581423e-21,6.5879549098619305e-21,6.6234101801424444e-21,6.6588654504229546e-21,6.694320720703464e-21,6.729775990983974e-21,6.765231261264483e-21,6.800686531544993e-21,6.8361418018255e-21,6.871597072106012e-21,6.90705234238652e-21,6.942507612667032e-21,6.977962882947543e-21,7.013418153228052e-21,7.048873423508563e-21,7.084328693789067e-21,7.119783964069578e-21,7.155239234350088e-21,7.190694504630602e-21,7.226149774911113e-21,7.261605045191623e-21,7.297060315472134e-21,7.33251558575265e-21,7.36797085603316e-21,7.403426126313672e-21,7.438881396594185e-21,7.47433666687469e-21,7.509791937155199e-21,7.545247207435707e-21,7.580702477716216e-21,7.616157747996726e-21,7.651613018277232e-21,7.687068288557743e-21,7.722523558838251e-21,7.75797882911876e-21,7.79343409939927e-21,7.828889369679784e-21,7.864344639960293e-21,7.899799910240804e-21,7.935255180521313e-21,7.970710450801823e-21,8.006165721082335e-21,8.041620991362843e-21,8.077076261643351e-21,8.112531531923865e-21,8.147986802204373e-21,8.183442072484882e-21,8.218897342765391e-21,8.254352613045902e-21,8.289807883326412e-21,8.32526315360692e-21,8.360718423887428e-21,8.396173694167938e-21,8.431628964448446e-21,8.467084234728954e-21,8.502539505009464e-21,8.537994775289973e-21,8.573450045570482e-21,8.608905315850993e-21,8.6443605861315e-21,8.679815856412006e-21,8.715271126692515e-21,8.750726396973023e-21,8.786181667253528e-21,8.821636937534038e-21,8.857092207814546e-21,8.892547478095052e-21,8.928002748375558e-21,8.963458018656066e-21,8.998913288936571e-21,9.034368559217076e-21,9.069823829497585e-21,9.105279099778087e-21,9.14073437005859e-21,9.176189640339091e-21,9.211644910619594e-21,9.2471001809001e-21,9.282555451180603e-21,9.318010721461103e-21,9.353465991741603e-21,9.388921262022102e-21,9.424376532302604e-21,9.4598318025831e-21,9.4952870728636e-21,9.530742343144098e-21,9.566197613424595e-21,9.601652883705092e-21,9.637108153985591e-21,9.67256342426609e-21,9.708018694546585e-21,9.743473964827085e-21,9.778929235107576e-21,9.814384505388074e-21,9.849839775668566e-21,9.885295045949065e-21,9.920750316229564e-21,9.95620558651006e-21,9.991660856790557e-21,1.0027116127071053e-20,1.006257139735155e-20,1.0098026667632047e-20,1.0133481937912538e-20,1.0168937208193037e-20,1.0204392478473534e-20,1.0239847748754028e-20,1.0275303019034526e-20,1.0310758289315023e-20,1.034621355959552e-20,1.0381668829876006e-20,1.04171241001565e-20,1.0452579370436996e-20,1.048803464071749e-20,1.0523489910997979e-20,1.0558945181278473e-20,1.0594400451558966e-20,1.0629855721839463e-20,1.0665310992119959e-20,1.0700766262400452e-20,1.0736221532680945e-20,1.0771676802961438e-20,1.0807132073241928e-20,1.0842587343522419e-20,1.0878042613802913e-20,1.0913497884083405e-20,1.0948953154363894e-20,1.0984408424644386e-20,1.1019863694924874e-20,1.1055318965205362e-20,1.1090774235485852e-20,1.112622950576634e-20,1.1161684776046829e-20,1.1197140046327316e-20,1.12325953166078e-20,1.1268050586888286e-20,1.1303505857168772e-20,1.1338961127449259e-20,1.1374416397729744e-20,1.1409871668010228e-20,1.1445326938290716e-20,1.1480782208571201e-20,1.1516237478851688e-20,1.1551692749132174e-20,1.158714801941266e-20,1.1622603289693149e-20,1.1658058559973633e-20,1.1693513830254115e-20,1.1728969100534603e-20,1.1764424370815085e-20,1.1799879641095571e-20,1.1835334911376056e-20,1.1870790181656538e-20,1.190624545193702e-20,1.19417007222175e-20,1.1977155992497978e-20,1.2012611262778459e-20,1.204806653305894e-20,1.2083521803339423e-20,1.2118977073619907e-20,1.2154432343900391e-20,1.2189887614180869e-20,1.222534288446135e-20,1.226079815474183e-20,1.2296253425022311e-20,1.2331708695302792e-20,1.2367163965583274e-20,1.2402619235863757e-20,1.2438074506144237e-20,1.2473529776424718e-20,1.25089850467052e-20,1.2544440316985678e-20,1.2579895587266162e-20,1.2615350857546643e-20,1.2650806127827124e-20,1.2686261398107608e-20,1.2721716668388088e-20,1.2757171938668569e-20,1.279262720894905e-20,1.2828082479229531e-20,1.2863537749510018e-20,1.2898993019790498e-20,1.293444829007098e-20,1.2969903560351457e-20,1.3005358830631944e-20,1.3040814100912425e-20,1.3076269371192906e-20,1.3111724641473383e-20,1.3147179911753864e-20,1.3182635182034345e-20,1.3218090452314826e-20,1.3253545722595313e-20,1.3289000992875793e-20,1.3324456263156277e-20,1.3359911533436758e-20,1.3395366803717246e-20,1.3430822073997727e-20,1.34662773442782e-20,1.3501732614558681e-20,1.353718788483916e-20,1.357264315511964e-20,1.3608098425400115e-20,1.3643553695680596e-20,1.367900896596107e-20,1.371446423624155e-20,1.374991950652203e-20,1.378537477680251e-20,1.3820830047082985e-20,1.3856285317363462e-20,1.3891740587643937e-20,1.3927195857924415e-20,1.396265112820489e-20,1.399810639848537e-20,1.4033561668765854e-20,1.4069016939046332e-20,1.4104472209326813e-20,1.4139927479607294e-20,1.4175382749887772e-20,1.421083802016825e-20,1.4246293290448727e-20,1.4281748560729208e-20,1.4317203831009686e-20,1.435265910129017e-20,1.4388114371570647e-20,1.4423569641851122e-20,1.4459024912131603e-20,1.4494480182412084e-20,1.4529935452692562e-20,1.4565390722973042e-20,1.4600845993253508e-20,1.4636301263533986e-20,1.4671756533814464e-20,1.4707211804094945e-20,1.4742667074375422e-20,1.4778122344655897e-20,1.4813577614936378e-20,1.484903288521686e-20,1.488448815549733e-20,1.491994342577781e-20,1.4955398696058292e-20,1.4990853966338767e-20,1.5026309236619248e-20,1.5061764506899726e-20,1.5097219777180203e-20,1.5132675047460687e-20,1.5168130317741165e-20,1.5203585588021643e-20,1.5239040858302124e-20,1.5274496128582598e-20,1.530995139886308e-20,1.5345406669143557e-20,1.5380861939424038e-20,1.5416317209704513e-20,1.5451772479984993e-20,1.5487227750265468e-20,1.552268302054595e-20,1.5558138290826427e-20,1.5593593561106905e-20,1.562904883138738e-20,1.5664504101667854e-20,1.5699959371948335e-20,1.5735414642228813e-20,1.5770869912509294e-20,1.5806325182789768e-20,1.5841780453070246e-20,1.5877235723350724e-20,1.5912690993631202e-20,1.594814626391168e-20,1.5983601534192157e-20,1.6019056804472638e-20,1.6054512074753122e-20,1.6089967345033597e-20,1.612542261531408e-20,1.6160877885594556e-20,1.6196333155875033e-20,1.6231788426155514e-20,1.626724369643599e-20,1.6302698966716464e-20,1.6338154236996945e-20,1.6373609507277425e-20,1.64090647775579e-20,1.6444520047838375e-20,1.6479975318118856e-20,1.651543058839933e-20,1.655088585867981e-20,1.658634112896029e-20,1.662179639924077e-20,1.6657251669521248e-20,1.669270693980173e-20,1.672816221008221e-20,1.6763617480362687e-20,1.6799072750643162e-20,1.683452802092364e-20,1.6869983291204124e-20,1.6905438561484598e-20,1.6940893831765076e-20,1.6976349102045554e-20,1.7011804372326032e-20,1.7047259642606507e-20,1.7082714912886987e-20,1.7118170183167465e-20,1.7153625453447943e-20,1.7189080723728418e-20,1.7224535994008902e-20,1.7259991264289376e-20,1.7295446534569854e-20,1.7330901804850332e-20,1.7366357075130816e-20,1.740181234541129e-20,1.7437267615691768e-20,1.7472722885972243e-20,1.7508178156252718e-20,1.7543633426533196e-20,1.7579088696813668e-20,1.7614543967094145e-20,1.7649999237374617e-20,1.7685454507655086e-20,1.7720909777935558e-20,1.7756365048216026e-20,1.7791820318496498e-20,1.782727558877697e-20,1.7862730859057442e-20,1.7898186129337917e-20,1.7933641399618385e-20,1.796909666989885e-20,1.800455194017932e-20,1.8040007210459792e-20,1.8075462480740264e-20,1.8110917751020735e-20,1.814637302130121e-20,1.818182829158168e-20,1.821728356186215e-20,1.8252738832142616e-20,1.828819410242309e-20,1.832364937270356e-20,1.835910464298403e-20,1.8394559913264498e-20,1.843001518354497e-20,1.8465470453825438e-20,1.8500925724105907e-20,1.853638099438638e-20,1.8571836264666847e-20,1.8607291534947316e-20,1.8642746805227782e-20,1.867820207550825e-20,1.871365734578872e-20,1.8749112616069185e-20,1.8784567886349657e-20,1.8820023156630123e-20,1.8855478426910592e-20,1.8890933697191057e-20,1.8926388967471523e-20,1.896184423775199e-20,1.8997299508032443e-20,1.9032754778312902e-20,1.9068210048593398e-20,1.9103665318873876e-20,1.913912058915434e-20,1.9174575859434805e-20,1.921003112971527e-20,1.9245486399995736e-20,1.9280941670276202e-20,1.931639694055667e-20,1.9351852210837133e-20,1.9387307481117593e-20,1.9422762751398056e-20,1.945821802167852e-20,1.9493673291958984e-20,1.9529128562239447e-20,1.9564583832519907e-20,1.960003910280037e-20,1.9635494373080835e-20,1.9670949643361298e-20,1.9706404913641758e-20,1.974186018392222e-20,1.977731545420268e-20,1.981277072448314e-20,1.984822599476361e-20,1.988368126504407e-20,1.9919136535324528e-20,1.9954591805604997e-20,1.999004707588546e-20,2.002550234616592e-20,2.0060957616446382e-20,2.0096412886726842e-20,2.0131868157007302e-20,2.0167323427287768e-20,2.020277869756823e-20,2.023823396784869e-20,2.0273689238129153e-20,2.030914450840961e-20,2.0344599778690072e-20,2.0380055048970532e-20,2.0415510319250995e-20,2.0450965589531458e-20,2.0486420859811917e-20,2.0521876130092377e-20,2.0557331400372837e-20,2.059278667065329e-20,2.0628241940933753e-20,2.0663697211214216e-20,2.0699152481494673e-20,2.0734607751775133e-20,2.0770063022055583e-20,2.080551829233604e-20,2.08409735626165e-20,2.0876428832896954e-20,2.0911884103177422e-20,2.0947339373457882e-20,2.098279464373834e-20,2.1018249914018793e-20,2.1053705184299252e-20,2.108916045457971e-20,2.112461572486017e-20,2.1160070995140626e-20,2.119552626542108e-20,2.1230981535701527e-20,2.1266436805981987e-20,2.1301892076262437e-20,2.1337347346542897e-20,2.137280261682335e-20,2.14082578871038e-20,2.1443713157384255e-20,2.1479168427664712e-20,2.1514623697945166e-20,2.155007896822562e-20,2.1585534238506067e-20,2.1620989508786524e-20,2.1656444779066978e-20,2.1691900049347425e-20,2.1727355319627885e-20,2.176281058990833e-20,2.1798265860188784e-20,2.1833721130469237e-20,2.1869176400749685e-20,2.190463167103014e-20,2.1940086941310592e-20,2.1975542211591046e-20,2.2010997481871494e-20,2.2046452752151948e-20,2.2081908022432395e-20,2.2117363292712852e-20,2.2152818562993306e-20,2.218827383327376e-20,2.222372910355421e-20,2.225918437383466e-20,2.2294639644115112e-20,2.233009491439557e-20,2.2365550184676022e-20,2.2401005454956476e-20,2.2436460725236936e-20,2.2471915995517392e-20,2.250737126579784e-20,2.2542826536078297e-20,2.2578281806358745e-20,2.2613737076639198e-20,2.2649192346919652e-20,2.2684647617200097e-20,2.272010288748055e-20,2.2755558157761007e-20,2.279101342804146e-20,2.2826468698321918e-20,2.286192396860237e-20,2.2897379238882825e-20,2.293283450916328e-20,2.296828977944373e-20,2.3003745049724183e-20,2.3039200320004643e-20,2.3074655590285097e-20,2.3110110860565553e-20,2.3145566130846e-20,2.3181021401126455e-20,2.321647667140691e-20,2.3251931941687365e-20,2.3287387211967825e-20,2.3322842482248273e-20,2.335829775252873e-20,2.3393753022809183e-20,2.3429208293089637e-20,2.346466356337009e-20,2.3500118833650544e-20,2.3535574103930998e-20,2.3571029374211455e-20,2.3606484644491915e-20,2.3641939914772365e-20,2.3677395185052825e-20,2.371285045533328e-20,2.3748305725613733e-20,2.3783760995894183e-20,2.3819216266174637e-20,2.3854671536455085e-20,2.3890126806735544e-20,2.3925582077016e-20,2.3961037347296455e-20,2.3996492617576903e-20,2.4031947887857362e-20,2.406740315813782e-20,2.410285842841828e-20,2.4138313698698736e-20,2.4173768968979195e-20,2.4209224239259637e-20,2.424467950954009e-20,2.4280134779820544e-20,2.4315590050101e-20,2.435104532038145e-20,2.4386500590661903e-20,2.4421955860942362e-20,2.4457411131222816e-20,2.4492866401503267e-20,2.4528321671783733e-20,2.4563776942064183e-20,2.4599232212344637e-20,2.4634687482625097e-20,2.467014275290555e-20,2.4705598023186007e-20,2.4741053293466455e-20,2.4776508563746915e-20,2.4811963834027368e-20,2.4847419104307825e-20,2.4882874374588285e-20,2.4918329644868733e-20,2.495378491514919e-20,2.4989240185429643e-20,2.502469545571009e-20,2.506015072599055e-20,2.5095605996270998e-20,2.5131061266551452e-20,2.51665165368319e-20,2.5201971807112356e-20,2.523742707739281e-20,2.5272882347673264e-20,2.5308337617953712e-20,2.534379288823417e-20,2.5379248158514622e-20,2.5414703428795076e-20,2.545015869907553e-20,2.5485613969355983e-20,2.5521069239636437e-20,2.5556524509916888e-20,2.559197978019734e-20,2.56274350504778e-20,2.566289032075825e-20,2.5698345591038706e-20,2.5733800861319156e-20,2.5769256131599607e-20,2.5804711401880067e-20,2.5840166672160524e-20,2.5875621942440977e-20,2.591107721272143e-20,2.5946532483001885e-20,2.5981987753282338e-20,2.6017443023562795e-20,2.6052898293843243e-20,2.6088353564123703e-20,2.6123808834404144e-20,2.6159264104684604e-20,2.6194719374965058e-20,2.623017464524551e-20,2.6265629915525962e-20,2.630108518580641e-20,2.6336540456086864e-20,2.6371995726367317e-20,2.6407450996647774e-20,2.6442906266928228e-20,2.6478361537208682e-20,2.6513816807489135e-20,2.654927207776959e-20,2.6584727348050046e-20,2.6620182618330506e-20,2.6655637888610953e-20,2.6691093158891407e-20,2.672654842917186e-20,2.6762003699452302e-20,2.6797458969732756e-20,2.683291424001321e-20,2.686836951029366e-20,2.6903824780574114e-20,2.6939280050854574e-20,2.6974735321135028e-20,2.7010190591415475e-20,2.704564586169593e-20,2.708110113197638e-20,2.7116556402256834e-20,2.715201167253729e-20,2.718746694281774e-20,2.72229222130982e-20,2.7258377483378655e-20,2.7293832753659105e-20,2.732928802393956e-20,2.736474329422002e-20,2.7400198564500476e-20,2.743565383478092e-20,2.7471109105061377e-20,2.750656437534184e-20,2.754201964562229e-20,2.757747491590274e-20,2.761293018618319e-20,2.764838545646364e-20,2.76838407267441e-20,2.7719295997024556e-20,2.775475126730501e-20,2.7790206537585463e-20,2.782566180786592e-20,2.786111707814637e-20,2.789657234842683e-20,2.793202761870729e-20,2.796748288898775e-20,2.80029381592682e-20,2.803839342954864e-20,2.80738486998291e-20,2.8109303970109556e-20,2.814475924039001e-20,2.818021451067046e-20,2.821566978095092e-20,2.8251125051231365e-20,2.828658032151183e-20,2.832203559179228e-20,2.835749086207273e-20,2.839294613235319e-20,2.8428401402633637e-20,2.8463856672914093e-20,2.849931194319455e-20,2.8534767213474995e-20,2.857022248375545e-20,2.86056777540359e-20,2.864113302431636e-20,2.867658829459681e-20,2.871204356487726e-20,2.874749883515771e-20,2.878295410543816e-20,2.881840937571862e-20,2.885386464599907e-20,2.8889319916279526e-20,2.892477518655998e-20,2.896023045684044e-20,2.8995685727120896e-20,2.903114099740136e-20,2.9066596267681804e-20,2.910205153796226e-20,2.9137506808242723e-20,2.9172962078523174e-20,2.9208417348803625e-20,2.9243872619084075e-20,2.9279327889364526e-20,2.9314783159644977e-20,2.9350238429925434e-20,2.938569370020589e-20,2.9421148970486335e-20,2.945660424076679e-20,2.9492059511047236e-20,2.95275147813277e-20,2.9562970051608156e-20,2.959842532188861e-20,2.963388059216907e-20,2.9669335862449526e-20,2.970479113272998e-20,2.9740246403010434e-20,2.977570167329089e-20,2.981115694357134e-20,2.984661221385179e-20,2.988206748413225e-20,2.99175227544127e-20,2.995297802469316e-20,2.998843329497362e-20,3.0023888565254075e-20,3.0059343835534526e-20,3.0094799105814977e-20,3.013025437609543e-20,3.0165709646375884e-20,3.0201164916656335e-20,3.0236620186936786e-20,3.027207545721724e-20,3.03075307274977e-20,3.034298599777815e-20,3.0378441268058607e-20,3.0413896538339063e-20,3.0449351808619514e-20,3.048480707889997e-20,3.0520262349180434e-20,3.055571761946088e-20,3.0591172889741335e-20,3.062662816002178e-20,3.0662083430302236e-20,3.069753870058269e-20,3.073299397086314e-20,3.0768449241143595e-20,3.080390451142405e-20,3.083935978170451e-20,3.0874815051984965e-20,3.091027032226542e-20,3.0945725592545866e-20,3.098118086282633e-20,3.101663613310678e-20,3.1052091403387236e-20,3.108754667366769e-20,3.1123001943948144e-20,3.11584572142286e-20,3.119391248450906e-20,3.1229367754789514e-20,3.126482302506997e-20,3.130027829535043e-20,3.133573356563088e-20,3.1371188835911335e-20,3.1406644106191786e-20,3.1442099376472237e-20,3.1477554646752693e-20,3.151300991703314e-20,3.1548465187313595e-20,3.158392045759405e-20,3.161937572787451e-20,3.165483099815495e-20,3.169028626843541e-20,3.1725741538715866e-20,3.1761196808996323e-20,3.1796652079276774e-20,3.183210734955723e-20,3.186756261983769e-20,3.190301789011814e-20,3.193847316039859e-20,3.1973928430679045e-20,3.20093837009595e-20,3.2044838971239965e-20,3.2080294241520416e-20,3.211574951180087e-20,3.215120478208133e-20,3.218666005236178e-20,3.222211532264223e-20,3.225757059292269e-20,3.229302586320314e-20,3.232848113348358e-20,3.236393640376404e-20,3.2399391674044496e-20,3.243484694432495e-20,3.247030221460541e-20,3.250575748488586e-20,3.254121275516631e-20,3.257666802544676e-20,3.261212329572722e-20,3.264757856600769e-20,3.268303383628813e-20,3.271848910656858e-20,3.275394437684904e-20,3.2789399647129496e-20,3.2824854917409947e-20,3.28603101876904e-20,3.2895765457970854e-20,3.293122072825131e-20,3.2966675998531756e-20,3.3002131268812207e-20,3.303758653909267e-20,3.307304180937312e-20,3.3108497079653577e-20,3.314395234993403e-20,3.317940762021448e-20,3.321486289049494e-20,3.32503181607754e-20,3.3285773431055854e-20,3.3321228701336305e-20,3.335668397161676e-20,3.339213924189722e-20,3.3427594512177675e-20,3.346304978245813e-20,3.349850505273859e-20,3.353396032301904e-20,3.356941559329949e-20,3.360487086357994e-20,3.36403261338604e-20,3.367578140414085e-20,3.3711236674421305e-20,3.3746691944701756e-20,3.378214721498221e-20,3.381760248526266e-20,3.3853057755543114e-20,3.388851302582357e-20,3.392396829610403e-20,3.3959423566384484e-20,3.3994878836664935e-20,3.403033410694539e-20,3.406578937722584e-20,3.4101244647506305e-20,3.413669991778675e-20,3.4172155188067207e-20,3.4207610458347663e-20,3.4243065728628114e-20,3.427852099890857e-20,3.431397626918903e-20,3.4349431539469484e-20,3.438488680974995e-20,3.44203420800304e-20,3.4455797350310854e-20,3.4491252620591305e-20,3.452670789087175e-20,3.4562163161152207e-20,3.459761843143265e-20,3.46330737017131e-20,3.466852897199356e-20,3.4703984242274016e-20,3.473943951255447e-20,3.4774894782834935e-20,3.4810350053115386e-20,3.484580532339585e-20,3.4881260593676293e-20,3.491671586395675e-20,3.495217113423721e-20,3.498762640451767e-20,3.502308167479812e-20,3.505853694507857e-20,3.509399221535903e-20,3.5129447485639484e-20,3.5164902755919935e-20,3.5200358026200386e-20,3.523581329648084e-20,3.527126856676129e-20,3.530672383704175e-20,3.53421791073222e-20,3.537763437760265e-20,3.541308964788311e-20,2.521826845556182e-15,5.14651240822945e-15,7.775396197436557e-15,1.0404451219273401e-14,1.3033513164153152e-14,1.5662575330252153e-14,1.829163744852222e-14,2.092069949204375e-14,2.3549761474351216e-14,2.6178823384999074e-14,2.880788523142117e-14,3.143694700918505e-14,3.406600872047439e-14,3.6695070365376896e-14,3.932413194389518e-14,4.195319345602867e-14,4.458225490177689e-14,4.7211316281139454e-14,4.984037759411612e-14,5.2469438840706664e-14,5.509850002091097e-14,5.772756113472892e-14,6.035662218216039e-14,6.298568316320536e-14,6.561474407786373e-14,6.824380492613533e-14,7.087286570802026e-14,7.350182926487134e-14,7.613088991426275e-14,7.875995050278955e-14,8.138901101936647e-14,8.401807147442211e-14,8.66471318678085e-14,8.927619219856505e-14,9.190525246585154e-14,9.45343126509304e-14,9.716337276897628e-14,9.979243282060883e-14,1.0242149280585311e-13,1.0505055272928762e-13,1.0767961258194429e-13,1.1030867236803462e-13,1.1293773208773038e-13,1.1556679174103855e-13,1.181958513279594e-13,1.208249108484929e-13,1.234539703026391e-13,1.260830296903979e-13,1.2871208901176923e-13,1.313411482667532e-13,1.3397020745534955e-13,1.3659926657755835e-13,1.392283256333796e-13,1.418573846228132e-13,1.4448644354585925e-13,1.471155024025176e-13,1.4974456119278827e-13,1.5237361991667116e-13,1.550026785741663e-13,1.5763173716527367e-13,1.6026079568999324e-13,1.6288985414832485e-13,1.6551891254026862e-13,1.6814797086582444e-13,1.7077702912499233e-13,1.734060873177722e-13,1.760351454441641e-13,1.7866420350416785e-13,1.812932614977835e-13,1.8392231942501105e-13,1.865513772858505e-13,1.891804350803018e-13,1.9180949280836496e-13,1.944385504700398e-13,1.9706760806532628e-13,1.996966655942245e-13,2.0232572305673452e-13,2.0495478045285604e-13,2.075838377825892e-13,2.1021289504593378e-13,2.1284195224289e-13,2.154710093734577e-13,2.181000664376368e-13,2.2072912343542734e-13,2.2335818036682925e-13,2.259872372318425e-13,2.2861629403046706e-13,2.31245350762703e-13,2.338744074285502e-13,2.3650346402800866e-13,2.391325205610784e-13,2.4176157702775923e-13,2.4439063342805136e-13,2.470196654400685e-13,2.496487217191291e-13,2.5227777792072677e-13,2.549068340554823e-13,2.5753589012383046e-13,2.601649461257888e-13,2.6279400206135804e-13,2.6542305793646435e-13,2.6805211375080363e-13,2.7068116950365447e-13,2.733102251946307e-13,2.759392808254016e-13,2.785683363637433e-13,2.8119739183463337e-13,2.838264472390908e-13,2.86455502577157e-13,2.8908455784883357e-13,2.917136130541208e-13,2.9434266819301857e-13,2.9697172326552674e-13,2.9960077827164553e-13,3.022298332113748e-13,3.0485888808471435e-13,3.074879428916644e-13,3.1011699763222466e-13,3.1274605230639533e-13,3.1537510691417627e-13,3.180041614555676e-13,3.20633215930569e-13,3.232622703391806e-13,3.2589132468140253e-13,3.285203789572345e-13,3.3114943316667647e-13,3.337784873097286e-13,3.364075413863907e-13,3.3903659539666284e-13,3.416656493405448e-13,3.4429470321803685e-13,3.4692375702913865e-13,3.495528107738505e-13,3.5218186445217203e-13,3.5481091806410365e-13,3.5743997160964484e-13,3.600690250887959e-13,3.626980785015565e-13,3.6532713184792696e-13,3.6795618512790697e-13,3.705852383414968e-13,3.7321429148869605e-13,3.758433445695047e-13,3.7847239758392294e-13,3.8110145053195073e-13,3.837305034135878e-13,3.8635955622883427e-13,3.889886089776902e-13,3.916176616601555e-13,3.9424671428294175e-13,3.968757668329003e-13,3.9950481941882926e-13,4.021338718359962e-13,4.0476292631877657e-13,4.0739197860314803e-13,4.100210308269115e-13,4.1265008299000124e-13,4.1527913507540865e-13,4.1790818709398417e-13,4.2053723904615083e-13,4.231662909319257e-13,4.257953427513096e-13,4.284243935754988e-13,4.310534452623786e-13,4.3368249688603143e-13,4.363115378092909e-13,4.3894058931181194e-13,4.4156964073346204e-13,4.441986920947593e-13,4.468277433832848e-13,4.494567946051588e-13,4.5208584572647186e-13,4.547148968273999e-13,4.573439477950199e-13,4.599729986868293e-13,4.626020495777729e-13,4.652311004062876e-13,4.678601511741276e-13,4.704892551985417e-13,4.731182987450179e-13,4.757473318529252e-13,4.783763801058652e-13,4.810054291615901e-13,4.836344791757289e-13,4.862635279402939e-13,4.8889257561614e-13,4.915216257785064e-13,4.94150653451825e-13,4.967797034789403e-13,4.994087534393731e-13,5.020378033334025e-13,5.04666853161039e-13,5.072959029222835e-13,5.099249526171358e-13,5.125540022455961e-13,5.151830518076644e-13,5.178121013033401e-13,5.204411507326238e-13,5.230702000955152e-13,5.256992493920141e-13,5.28328298622121e-13,5.309573477858355e-13,5.335863968831573e-13,5.362154459140868e-13,5.388444948786239e-13,5.414735438119786e-13,5.44102592644008e-13,5.467316414093788e-13,5.493606901083463e-13,5.519897387409208e-13,5.546187873071025e-13,5.572478358068915e-13,5.598768842456885e-13,5.625059326242732e-13,5.651349809253565e-13,5.677640291595937e-13,5.703930773274195e-13,5.730221254288517e-13,5.756511734638909e-13,5.782802214325371e-13,5.809092693347904e-13,5.835383171706507e-13,5.861673649401182e-13,5.887964126431925e-13,5.914254602798737e-13,5.940545078501615e-13,5.966835553540565e-13,5.993126014020373e-13,6.019416465267191e-13,6.045707011585152e-13,6.071997358676267e-13,6.098287830406792e-13,6.124578301462602e-13,6.150868771854042e-13,6.177159241581529e-13,6.203449710645083e-13,6.229740179044701e-13,6.256030646780384e-13,6.282321113852129e-13,6.308611580259941e-13,6.334902046003818e-13,6.361192511083756e-13,6.387482975499756e-13,6.413773439251822e-13,6.440063902339948e-13,6.466354364764139e-13,6.492644826524391e-13,6.518935287620704e-13,6.545225748053076e-13,6.57151620782151e-13,6.597806666926007e-13,6.624097125366563e-13,6.650387583143176e-13,6.676678040255849e-13,6.702968496704581e-13,6.729258952489375e-13,6.755549407610227e-13,6.781839862067134e-13,6.808130315860103e-13,6.834420768989132e-13,6.860711221454214e-13,6.887001673255353e-13,6.913292124392547e-13,6.939582574865799e-13,6.965873024675108e-13,6.992163473820475e-13,7.018453922301895e-13,7.044744370186101e-13,7.071034601749856e-13,7.097325048445999e-13,7.123615402524283e-13,7.149905847697339e-13,7.176196292229775e-13,7.202486736065e-13,7.228777179260082e-13,7.255067621844734e-13,7.281359485186858e-13,7.307649926370759e-13,7.333940366885034e-13,7.360230806735128e-13,7.386521245921259e-13,7.412811684443448e-13,7.439102122301683e-13,7.465392559495966e-13,7.491682996026299e-13,7.517973431892683e-13,7.544263867095115e-13,7.570554301633594e-13,7.596844735508125e-13,7.623135168718702e-13,7.649425601265327e-13,7.675716033205205e-13,7.70200646453427e-13,7.728297013215546e-13,7.754587613300216e-13,7.780878042539065e-13,7.807168471102455e-13,7.833458899001418e-13,7.859749326236412e-13,7.886039752807448e-13,7.912330178714529e-13,7.938620603957656e-13,7.964911028536818e-13,7.991201452452032e-13,8.017491875703287e-13,8.043782298290588e-13,8.070072720213926e-13,8.09636314147331e-13,8.12265356206873e-13,8.148943982000197e-13,8.175234401267708e-13,8.201524819871257e-13,8.227815237810844e-13,8.25410565508647e-13,8.280396071698143e-13,8.30668648764585e-13,8.332976902929598e-13,8.359267317549387e-13,8.38555773150521e-13,8.411848144797077e-13,8.438138557424978e-13,8.464428969388919e-13,8.490719380688895e-13,8.517009791324911e-13,8.543300201296961e-13,8.569590610605049e-13,8.595881019249174e-13,8.622171427229335e-13,8.648461834545531e-13,8.674752241197761e-13,8.701042647186026e-13,8.727333052510328e-13,8.753623457170663e-13,8.779913861167024e-13,8.806204264499431e-13,8.832494667167745e-13,8.858785069172208e-13,8.885075470512708e-13,8.911365871189237e-13,8.937656271201802e-13,8.963946670550397e-13,8.990237069235022e-13,9.016527467255681e-13,9.042817864612367e-13,9.069108261305088e-13,9.095398657333837e-13,9.12168905269862e-13,9.147979447399425e-13,9.174269841436263e-13,9.20056023480913e-13,9.226850627518025e-13,9.253141019562948e-13,9.279431410943897e-13,9.305721801660878e-13,9.332012191713883e-13,9.358302581102918e-13,9.384592969827973e-13,9.410883357889065e-13,9.437173745286176e-13,9.463464132019315e-13,9.489754518088476e-13,9.516044903493667e-13,9.542335288234874e-13,9.56862567231211e-13,9.5949160548171e-13,9.621206437569156e-13,9.647496819654574e-13,9.673787201075915e-13,9.700077581833264e-13,9.726367961926639e-13,9.752658341356034e-13,9.778948720121448e-13,9.805239098287119e-13,9.831529475727372e-13,9.857819852500964e-13,9.884110228610473e-13,9.910400604055995e-13,9.936690978869031e-13,9.962981311904398e-13,9.98927168536237e-13,1.001556205815215e-12,1.0041852430277777e-12,1.0068142801739409e-12,1.0094433172537063e-12,1.0120723542670735e-12,1.0147013912140423e-12,1.017330428094613e-12,1.019959464908785e-12,1.022588501656559e-12,1.0252175383379343e-12,1.0278465749529114e-12,1.03047561150149e-12,1.0331046479836697e-12,1.035733684399451e-12,1.0383627207488347e-12,1.0409917570318184e-12,1.0436207932484038e-12,1.0462498293985907e-12,1.048878865482379e-12,1.0515079014997683e-12,1.0541369374507592e-12,1.0567659733353512e-12,1.0593950091535442e-12,1.062024044905338e-12,1.0646530805907333e-12,1.0672821162097294e-12,1.0699111517623274e-12,1.0725401872485253e-12,1.0751692226683246e-12,1.0777982580217247e-12,1.0804272933087261e-12,1.083056328529328e-12,1.0856853636835306e-12,1.0883143987713346e-12,1.0909434337927392e-12,1.0935724687477442e-12,1.0962015036363504e-12,1.0988305384585571e-12,1.1014595732143642e-12,1.1040886079037721e-12,1.106717642526781e-12,1.10934667708339e-12,1.1119757115736e-12,1.11460474599741e-12,1.1172337803548206e-12,1.1198628146458318e-12,1.1224918488704431e-12,1.1251208830286545e-12,1.1277499171204672e-12,1.1303789511458797e-12,1.1330079851048924e-12,1.1356370189975054e-12,1.1382660528237188e-12,1.1408950865835325e-12,1.1435241202769464e-12,1.1461531539039604e-12,1.1487821874645741e-12,1.1514112209587879e-12,1.1540402543866015e-12,1.1566692877480154e-12,1.159298321043029e-12,1.1619273542716426e-12,1.1645563874338566e-12,1.1671854205296698e-12,1.169814453559083e-12,1.1724434865220958e-12,1.175072519418709e-12,1.1777015522489213e-12,1.1803305850127335e-12,1.1829596177101455e-12,1.1855886503411571e-12,1.1882176829057676e-12,1.1908467154039781e-12,1.1934757478357884e-12,1.1961047802011982e-12,1.1987338125002073e-12,1.201362844732816e-12,1.203991876899024e-12,1.2066209089988311e-12,1.2092499410322374e-12,1.2118789729992433e-12,1.2145080048998487e-12,1.2171370367340529e-12,1.2197660685018566e-12,1.22239510020326e-12,1.2250241318382619e-12,1.227653163406863e-12,1.2302821949090633e-12,1.2329112263448625e-12,1.235540257714261e-12,1.2381692890172582e-12,1.2407983202538543e-12,1.2434273514240494e-12,1.2460563825278434e-12,1.2486854135652365e-12,1.2513144445362283e-12,1.2539434754408192e-12,1.2565725062790085e-12,1.2592015370507963e-12,1.2618305677561833e-12,1.2644595983951685e-12,1.2670886289677524e-12,1.2697176594739344e-12,1.2723466899137157e-12,1.2749757202870959e-12,1.277604750594074e-12,1.280233780834651e-12,1.282862811008826e-12,1.2854918411165993e-12,1.2881208711579715e-12,1.2907499011329419e-12,1.2933789310415108e-12,1.2960079608836777e-12,1.2986369906594429e-12,1.3012660203688067e-12,1.3038950500117684e-12,1.3065240795883283e-12,1.3091531090984864e-12,1.3117821385422424e-12,1.3144111679195966e-12,1.3170401972305487e-12,1.3196692264750988e-12,1.322298255653247e-12,1.3249272847649929e-12,1.3275563138103364e-12,1.3301853427892781e-12,1.3328143717018182e-12,1.3354434005479552e-12,1.3380724293276904e-12,1.340701458041023e-12,1.3433304866879532e-12,1.3459595152684812e-12,1.348588543782607e-12,1.3512175722303305e-12,1.3538466006116514e-12,1.35647562892657e-12,1.3591046571750866e-12,1.3617336853572003e-12,1.3643627134729114e-12,1.3669917415222197e-12,1.3696207695051252e-12,1.3722497974216282e-12,1.374878825271729e-12,1.377507853055427e-12,1.3801368807727219e-12,1.3827659084236144e-12,1.3853949360081037e-12,1.3880239635261903e-12,1.3906529909778739e-12,1.393282018363155e-12,1.3959110456820326e-12,1.3985400729345077e-12,1.4011691001205792e-12,1.4037981272402481e-12,1.4064271542935142e-12,1.4090561812803763e-12,1.4116852082008359e-12,1.4143142350548924e-12,1.416943261842546e-12,1.4195722885637958e-12,1.4222013152186423e-12,1.4248303418070857e-12,1.4274593683291253e-12,1.4300883947847623e-12,1.4327174211739955e-12,1.4353464474968254e-12,1.437975473753252e-12,1.4406044999432748e-12,1.443233526066895e-12,1.4458625521241107e-12,1.4484915781149224e-12,1.4511206040393317e-12,1.4537496298973365e-12,1.4563786556889382e-12,1.4590076814141351e-12,1.461636707072929e-12,1.464265732665319e-12,1.466894758191305e-12,1.4695237836508874e-12,1.4721528090440656e-12,1.47478183437084e-12,1.4774108596312108e-12,1.4800398848251772e-12,1.4826689099527389e-12,1.485297935013898e-12,1.4879269600086515e-12,1.4905559849370014e-12,1.4931850097989475e-12,1.4958140345944897e-12,1.4984430593236274e-12,1.5010720839863609e-12,1.50370110858269e-12,1.506330133112615e-12,1.5089591575761355e-12,1.5115881819732519e-12,1.5142172063039632e-12,1.5168462305682707e-12,1.519475254766174e-12,1.5221042788976722e-12,1.5247333029627665e-12,1.5273623269614563e-12,1.5299913508937408e-12,1.5326203747596206e-12,1.535249398559096e-12,1.5378784222921661e-12,1.5405074459588323e-12,1.543136469559094e-12,1.5457654930929508e-12,1.5483945165604026e-12,1.5510235399614494e-12,1.553652563296092e-12,1.5562815865643295e-12,1.5589106097661612e-12,1.561539632901588e-12,1.5641686559706103e-12,1.566797678973227e-12,1.569426701909439e-12,1.5720557247792462e-12,1.5746847475826477e-12,1.5773137703196453e-12,1.5799427929902365e-12,1.5825718155944233e-12,1.5852008381322041e-12,1.5878298606035796e-12,1.5904588830085503e-12,1.5930879053471144e-12,1.5957169276192751e-12,1.5983459498250285e-12,1.6009749719643768e-12,1.6036039940373203e-12,1.606233016043858e-12,1.6088620379839902e-12,1.6114910598577168e-12,1.6141200816650375e-12,1.6167491034059532e-12,1.619378125080463e-12,1.6220071466885668e-12,1.6246361682302647e-12,1.6272651897055568e-12,1.6298942111144432e-12,1.632523232456924e-12,1.635152253732999e-12,1.6377812749426685e-12,1.6404102960859312e-12,1.6430393171627877e-12,1.6456683381732392e-12,1.648297359117284e-12,1.6509263799949225e-12,1.6535554008061552e-12,1.6561844215509822e-12,1.6588134422294026e-12,1.6614424628414172e-12,1.6640714833870256e-12,1.6667005038662279e-12,1.6693295242790239e-12,1.671958544625413e-12,1.674587564905396e-12,1.6772165851189726e-12,1.6798456052661424e-12,1.6824746253469068e-12,1.6851036453612637e-12,1.6877326653092147e-12,1.6903616851907584e-12,1.6929907050058962e-12,1.6956197247546277e-12,1.698248744436952e-12,1.7008777640528699e-12,1.7035067836023805e-12,1.7061358030854837e-12,1.7087648225021816e-12,1.711393841852472e-12,1.7140228611363566e-12,1.7166518803538332e-12,1.7192808995049038e-12,1.721909918589567e-12,1.7245389376078233e-12,1.7271679565596721e-12,1.729796975445114e-12,1.7324259942641487e-12,1.7350550130167773e-12,1.737684031702998e-12,1.7403130503228127e-12,1.7429420688762188e-12,1.7455710873632182e-12,1.748200105783811e-12,1.7508291241379962e-12,1.7534581424257735e-12,1.7560871606471431e-12,1.7587161788021058e-12,1.7613451968906612e-12,1.7639742149128087e-12,1.7666032328685491e-12,1.769232250757882e-12,1.7718612685808076e-12,1.7744902863373248e-12,1.7771193040274346e-12,1.7797483216511373e-12,1.7823773392084323e-12,1.7850063566993188e-12,1.7876353741237978e-12,1.7902643914818691e-12,1.792893408773533e-12,1.7955224259987889e-12,1.7981514431576367e-12,1.8007804602500762e-12,1.8034094772761088e-12,1.8060384942357331e-12,1.8086675111289491e-12,1.811296527955757e-12,1.8139255447161564e-12,1.8165545614101481e-12,1.819183578037732e-12,1.821812594598908e-12,1.8244416110936746e-12,1.8270706275220335e-12,1.8296996438839857e-12,1.8323286601795275e-12,1.834957676408662e-12,1.837586692571388e-12,1.8402157086677053e-12,1.842844724697614e-12,1.8454737406611155e-12,1.8481027565582075e-12,1.8507317723888904e-12,1.853360788153166e-12,1.8559898038510318e-12,1.8586188194824906e-12,1.86124783504754e-12,1.8638768505461797e-12,1.866505865978411e-12,1.8691348813442343e-12,1.8717638966436483e-12,1.8743929118766537e-12,1.8770219270432507e-12,1.8796509421434383e-12,1.882279957177218e-12,1.8849089721445876e-12,1.887537987045549e-12,1.8901670018801013e-12,1.8927960166482436e-12,1.8954250313499773e-12,1.8980540459853022e-12,1.9006830605542176e-12,1.903312075056724e-12,1.9059410894928216e-12,1.9085701038625092e-12,1.911199118165789e-12,1.9138281324026593e-12,1.9164571465731196e-12,1.919086160677171e-12,1.9217151747148118e-12,1.924344188686044e-12,1.9269732025908666e-12,1.92960221642928e-12,1.932231230201283e-12,1.934860243906878e-12,1.937489257546062e-12,1.9401182711188373e-12,1.9427472846252037e-12,1.945376298065159e-12,1.9480053114387047e-12,1.9506343247458413e-12,1.953263337986568e-12,1.9558923511608836e-12,1.9585213642687904e-12,1.9611503773102878e-12,1.9637793902853748e-12,1.966408403194052e-12,1.9690374160363187e-12,1.9716664288121755e-12,1.9742954415216216e-12,1.97692445416466e-12,1.979553466741287e-12,1.982182479251504e-12,1.98481149169531e-12,1.9874405040727063e-12,1.9900695163836917e-12,1.992698528628268e-12,1.9953275408064335e-12,1.9979565529181887e-12,2.0005855649635336e-12,2.003214576942468e-12,2.005843588854992e-12,2.008472600701106e-12,2.0111016124808096e-12,2.013730624194102e-12,2.0163596358409838e-12,2.018988647421456e-12,2.0216176589355167e-12,2.024246670383167e-12,2.0268756817644075e-12,2.0295046930792368e-12,2.0321337043276553e-12,2.0347627155096636e-12,2.03739172662526e-12,2.040020737674446e-12,2.042649748657221e-12,2.045278759573585e-12,2.047907770423538e-12,2.050536781207081e-12,2.0531657919242125e-12,2.0557948025749325e-12,2.058423813159242e-12,2.0610528236771407e-12,2.0636818341286277e-12,2.0663108445137036e-12,2.0689398548323675e-12,2.0715688650846215e-12,2.074197875270464e-12,2.0768268853898945e-12,2.0794558954429147e-12,2.082084905429523e-12,2.0847139153497206e-12,2.087342925203506e-12,2.089971934990881e-12,2.0926009447118436e-12,2.095229954366394e-12,2.097858963954534e-12,2.100487973476262e-12,2.103116982931578e-12,2.1057459923204828e-12,2.108375001642977e-12,2.1110040108990574e-12,2.113633020094865e-12,2.1162620292300054e-12,2.118891038303881e-12,2.1215200473159476e-12,2.124149056240771e-12,2.126778065104477e-12,2.1294070739074958e-12,2.132036082649256e-12,2.1346650913292103e-12,2.1372940999468985e-12,2.139923108473289e-12,2.1425521169324615e-12,2.1451811253251892e-12,2.147810133651503e-12,2.150439141911405e-12,2.1530681501048948e-12,2.1556971582319728e-12,2.1583261662926372e-12,2.1609551742868905e-12,2.163584182214731e-12,2.16621319007616e-12,2.168842197871176e-12,2.171471205599779e-12,2.1741002132619698e-12,2.176729220857748e-12,2.1793582283871143e-12,2.1819872358500676e-12,2.1846162432466078e-12,2.1872452505767352e-12,2.189874257840451e-12,2.1925032650377534e-12,2.1951322721686442e-12,2.1977612792331207e-12,2.200390286231185e-12,2.2030192931628373e-12,2.2056483000280755e-12,2.2082773068269017e-12,2.210906313559315e-12,2.213535320225314e-12,2.2161643268249016e-12,2.218793333358076e-12,2.221422339824837e-12,2.2240513462251847e-12,2.22668035255912e-12,2.229309358826642e-12,2.23193836502775e-12,2.2345673711624453e-12,2.2371963772307273e-12,2.2398253832325957e-12,2.242454389168052e-12,2.2450833950370935e-12,2.2477124008397225e-12,2.250341406575937e-12,2.2529704122457394e-12,2.2555994178491277e-12,2.258228423386102e-12,2.2608574288566636e-12,2.2634864342608113e-12,2.2661154395985457e-12,2.2687444448698663e-12,2.2713734500747732e-12,2.274002455213266e-12,2.2766314602853457e-12,2.2792604652910108e-12,2.281889470230263e-12,2.2845184751031007e-12,2.287147479909525e-12,2.289776484649535e-12,2.2924054893231317e-12,2.2950344939303138e-12,2.297663498471082e-12,2.3002925029454374e-12,2.302921507353377e-12,2.305550511694903e-12,2.3081795159700155e-12,2.310808520178714e-12,2.313437524320998e-12,2.316066528396867e-12,2.318695532406323e-12,2.3213245363493637e-12,2.323953540225991e-12,2.3265825440362037e-12,2.3292115477800028e-12,2.3318405514573866e-12,2.3344695550683553e-12,2.337098558612911e-12,2.3397275620910517e-12,2.3423565655027773e-12,2.344985568848089e-12,2.3476145721269858e-12,2.3502435753394683e-12,2.3528725784855365e-12,2.3555015815651895e-12,2.3581305845784285e-12,2.3607595875252515e-12,2.36338859040566e-12,2.366017593219654e-12,2.368646595967233e-12,2.3712755986483964e-12,2.3739046012631464e-12,2.3765336038114793e-12,2.3791626062933997e-12,2.3817916087089034e-12,2.384420611057993e-12,2.3870496133406665e-12,2.389678615556926e-12,2.39230761770677e-12,2.3949366197901984e-12,2.3975656218072114e-12,2.40019462375781e-12,2.4028236256419924e-12,2.4054526274597604e-12,2.4080816292111124e-12,2.410710630896049e-12,2.4133396325145704e-12,2.415968634066677e-12,2.4185976355523674e-12,2.421226636971643e-12,2.4238556383245016e-12,2.426484639610946e-12,2.4291136408309748e-12,2.431742641984587e-12,2.4343716430717848e-12,2.4370006440925663e-12,2.4396296450469313e-12,2.442258645934882e-12,2.4448876467564164e-12,2.4475166475115343e-12,2.4501456482002367e-12,2.4527746488225235e-12,2.455403649378394e-12,2.4580326498678483e-12,2.460661650290887e-12,2.4632906506475104e-12,2.4659196509377173e-12,2.4685486511615082e-12,2.4711776513188836e-12,2.4738066514098413e-12,2.476435651434384e-12,2.4790646513925097e-12,2.481693651284219e-12,2.484322651109513e-12,2.4869516508683904e-12,2.4895806505608514e-12,2.4922096501868965e-12,2.4948386497465252e-12,2.497467649239736e-12,2.500096648666531e-12,2.50272564802691e-12,2.505354647320872e-12,2.507983646548418e-12,2.5106126457095473e-12,2.5132416448042593e-12,2.5158706438325557e-12,2.518499642794435e-12,2.5211286416898974e-12,2.523757640518943e-12,2.5263866392815723e-12,2.5290156379777844e-12,2.5316446366075805e-12,2.5342736351709582e-12,2.5369026336679195e-12,2.5395316320984637e-12,2.5421606304625914e-12,2.544789628760302e-12,2.547418626991595e-12,2.550047625156472e-12,2.5526766232549313e-12,2.555305621286974e-12,2.5579346192525993e-12,2.5605636171518075e-12,2.5631926149845977e-12,2.565821612750971e-12,2.568450610450926e-12,2.571079608084465e-12,2.573708605651587e-12,2.5763376031522917e-12,2.5789666005865784e-12,2.581595597954448e-12,2.5842245952558998e-12,2.5868535924909332e-12,2.5894825896595507e-12,2.5921115867617506e-12,2.5947405837975313e-12,2.597369580766895e-12,2.599998577669841e-12,2.6026275745063695e-12,2.605256571276481e-12,2.607885567980173e-12,2.610514564617448e-12,2.613143561188305e-12,2.6157725576927447e-12,2.6184015541307654e-12,2.62103055050237e-12,2.6236595468075545e-12,2.6262885430463212e-12,2.6289175392186716e-12,2.6290248076442596e-12,2.6290291844329117e-12,2.6290293630326993e-12
21,3.899360756611532e-83,2.018488784412221e-82,6.277372961294012e-82,1.5176794854073207e-81,3.1408941978959656e-81,5.84059302456226e-81,1.0039656887523853e-80,1.6246424177904496e-80,2.5060687902083102e-80,3.717992361516681e-80,5.340573129543423e-80,7.465045785542063e-80,1.0194396291197409e-79,1.3644049268848382e-79,1.7942563192283922e-79,2.323233094169591e-79,2.967028383597979e-79,3.7428597733019853e-79,4.669540017916775e-79,5.767547789555179e-79,7.059098412110275e-79,8.568214550295174e-79,1.0320796834682839e-78,1.2344694412482058e-78,1.4669775419409884e-78,1.732799737173134e-78,2.0353477479568323e-78,2.378256288420405e-78,2.765390082197103e-78,3.2008508718210665e-78,3.688984421417686e-78,4.2343875129689775e-78,4.841914936386235e-78,5.516686473643355e-78,6.264093877078794e-78,7.089807842088747e-78,7.999784974286939e-78,9.000274751251185e-78,1.0097826478930865e-77,1.129929624279838e-77,1.2611853853746208e-77,1.4042989788854542e-77,1.5600522126985758e-77,1.729260347927611e-77,1.9127727914530607e-77,2.1114737879543733e-77,2.3262831114361604e-77,2.5581567562493444e-77,2.808087627608525e-77,3.0771062316060598e-77,3.3662813647240803e-77,3.6767208028450696e-77,4.009571989761736e-77,4.366022725181289e-77,4.747301852242689e-77,5.154679944518697e-77,5.589469992525926e-77,6.053028089739451e-77,6.546754118102665e-77,7.07209243304463e-77,7.630532547992466e-77,8.223609818398509e-77,8.852906125257032e-77,9.520050558133416e-77,1.0226720097696088e-76,1.0974640297748443e-76,1.1765585966771897e-76,1.260138184896716e-76,1.3483903304807413e-76,1.4415076991091575e-76,1.5396881540506956e-76,1.6431348240700723e-76,1.752056171284933e-76,1.8666660589746308e-76,1.9871838193388378e-76,2.1138343212078262e-76,2.246848037702589e-76,2.3864611138467607e-76,2.532915434128828e-76,2.6864586900153697e-76,2.847344447415785e-76,3.0158322140972296e-76,3.192187507050947e-76,3.376681919810321e-76,3.569593189719226e-76,3.771205265150803e-76,3.9818083726802105e-76,4.201699084205631e-76,4.4311803840208646e-76,4.6705617358428975e-76,4.9201591497850405e-76,5.180295249285909e-76,5.4512993379875247e-76,5.733507466566103e-76,6.027262499514031e-76,6.332914181873442e-76,6.650819205918734e-76,6.981341277796973e-76,7.32485118411105e-76,7.68172685846228e-76,8.052353447949021e-76,8.437123379590026e-76,8.836436426739874e-76,9.250699775422611e-76,9.680328090646822e-76,1.0125743582628642e-75,1.0587376073015648e-75,1.106566306104245e-75,1.156104978961684e-75,1.2073989311403798e-75,1.260494255481607e-75,1.315437838997944e-75,1.3722773694670382e-75,1.431061342013585e-75,1.4918390656959696e-75,1.554660670080709e-75,1.6195771118155978e-75,1.6866401811971876e-75,1.7559025087331016e-75,1.8274175717016462e-75,1.9012397007025348e-75,1.9774240862076773e-75,2.05602678510384e-75,2.137104727231954e-75,2.220715721921333e-75,2.3069184645191553e-75,2.3957725429152177e-75,2.4873384440622947e-75,2.5816775604911117e-75,2.6788521968208323e-75,2.7789255762657046e-75,2.881961847134763e-75,2.9880260893300806e-75,3.0971843208273563e-75,3.2095035042118298e-75,3.3250515530611093e-75,3.4438973385341763e-75,3.5661106957632994e-75,3.6917624303700495e-75,3.8209243249036167e-75,3.9536691453100923e-75,4.0900706473812273e-75,4.2302035832089716e-75,4.374143707623354e-75,4.52196778464318e-75,4.673753593900703e-75,4.829579937078084e-75,4.989526644332206e-75,5.153674580715881e-75,5.322105652594989e-75,5.494902814060236e-75,5.672150073334752e-75,5.853932499177184e-75,6.040336227278859e-75,6.231448466658605e-75,6.427357506050421e-75,6.628152720290119e-75,6.833924576690734e-75,7.04476464141884e-75,7.260765585869865e-75,7.482021193027479e-75,7.708626363827241e-75,7.940677123509051e-75,8.178270627984391e-75,8.421505170165475e-75,8.670480186301006e-75,8.92529626235626e-75,9.186055140291007e-75,9.452859724431152e-75,9.725814087772362e-75,1.0005023478306083e-74,1.0290594325331856e-74,1.0582634245770507e-74,1.088125205047126e-74,1.1186557750500754e-74,1.1498662563464046e-74,1.1817678919773697e-74,1.2143720468948302e-74,1.24769020858943e-74,1.281733987718377e-74,1.3165151187327943e-74,1.352045460504863e-74,1.3883369969541065e-74,1.4254018376734602e-74,1.4632522185547871e-74,1.5019005024149017e-74,1.5413591796186474e-74,1.581640868703478e-74,1.6227583170050465e-74,1.6647244012783005e-74,1.707552128321417e-74,1.7512546355978399e-74,1.795845191858616e-74,1.8413371977636942e-74,1.8877441865026933e-74,1.935079824416178e-74,1.9833579116153613e-74,2.0325923826017485e-74,2.082797306886681e-74,2.1339868896100705e-74,2.186175472158979e-74,2.2393775327837494e-74,2.293607687219358e-74,2.3488806892984052e-74,2.4052114315698687e-74,2.4626149459146357e-74,2.5211064041615992e-74,2.580701118701272e-74,2.641414543104314e-74,2.7032622727308563e-74,2.7662600453474876e-74,2.8304237417413432e-74,2.895769386331346e-74,2.962313147780681e-74,3.030071339610446e-74,3.099060420809823e-74,3.1692969964483603e-74,3.2407978182860793e-74,3.313579785384097e-74,3.3876599447145963e-74,3.4630554917701213e-74,3.539783771172603e-74,3.617862277282092e-74,3.697308654804674e-74,3.7781406994002045e-74,3.860376358290122e-74,3.944033730862906e-74,4.029131069282205e-74,4.115686779091479e-74,4.203719419819251e-74,4.293247705586088e-74,4.384290505707151e-74,4.476866845297029e-74,4.570995905873884e-74,4.6666970259625445e-74,4.763989701696882e-74,4.862893587423134e-74,4.963428496301087e-74,5.0656144009060435e-74,5.169471433829735e-74,5.275019888281265e-74,5.3822802186874915e-74,5.49127304129175e-74,5.602019134754677e-74,5.714539440752519e-74,5.828855064575565e-74,5.944987275725196e-74,6.062957508515156e-74,6.182787362663755e-74,6.3044986038942186e-74,6.428113164530199e-74,6.5536531440904326e-74,6.681140809885924e-74,6.810598597614177e-74,6.9420491119538544e-74,7.075515127158911e-74,7.21101958765258e-74,7.34858560862106e-74,7.488236476604975e-74,7.629995650093317e-74,7.773886760115053e-74,7.919933610829801e-74,8.068160180120961e-74,8.218590620185142e-74,8.37124925812233e-74,8.526160596526048e-74,8.683349314073487e-74,8.842840266113278e-74,9.00465848525519e-74,9.168829181957878e-74,9.33537774511675e-74,9.504329742650893e-74,9.675710922091041e-74,9.849547211164302e-74,1.0025864718383467e-73,1.0204689733626895e-73,1.038604872873112e-73,1.056996835806792e-73,1.0756475459136164e-73,1.0945597053139742e-73,1.1137360345574903e-73,1.1331792726810234e-73,1.1528921772673322e-73,1.1728775245028668e-73,1.1931381092362692e-73,1.2136767450363126e-73,1.234496264250205e-73,1.255599518061395e-73,1.2769893765478328e-73,1.2986687287397819e-73,1.3206404826777024e-73,1.34290756547041e-73,1.3654729233526712e-73,1.38833952174302e-73,1.4115103453016038e-73,1.434988397987991e-73,1.4587767031185758e-73,1.4828783034246172e-73,1.5072962611090865e-73,1.5320336579054708e-73,1.557093595133999e-73,1.582479193759809e-73,1.6081935944503204e-73,1.6342399576323988e-73,1.6606214635499333e-73,1.6873413123209603e-73,1.7144027239949826e-73,1.7418089386104026e-73,1.7695632162516173e-73,1.7976688371052145e-73,1.8261291015188208e-73,1.8549473300569816e-73,1.8841268635583505e-73,1.9136710631927227e-73,1.9435833105181216e-73,1.973867007537468e-73,2.0045255767555162e-73,2.0355624612358876e-73,2.0669811246570323e-73,2.0987850513702552e-73,2.13097774645535e-73,2.1635627357776003e-73,2.1965435660442628e-73,2.229923804861421e-73,2.2637070407901277e-73,2.2978968834032528e-73,2.3324969633416338e-73,2.3675109323705494e-73,2.4029424634361966e-73,2.438795250721907e-73,2.4750730097042928e-73,2.5117794772098066e-73,2.5489184114705835e-73,2.586493592181107e-73,2.6245088205534818e-73,2.6629679193744106e-73,2.7018747330605733e-73,2.7412331277149952e-73,2.7810469911828432e-73,2.8213202331072566e-73,2.8620567849854575e-73,2.903260600224263e-73,2.944935654196317e-73,2.9870859442953765e-73,3.0297154899924054e-73,3.0728283328903105e-73,3.1164285367817234e-73,3.1605201877018404e-73,3.205107393986049e-73,3.250194286324562e-73,3.295785017817728e-73,3.341883764031984e-73,3.3884947230550647e-73,3.435622115551054e-73,3.4832701848161954e-73,3.531443196833531e-73,3.58014544032899e-73,3.629381226825538e-73,3.679154890699198e-73,3.729470789233652e-73,3.780333302675483e-73,3.8317468342894105e-73,3.883715810412475e-73,3.9362446805101487e-73,3.989337917230725e-73,4.0430000164594765e-73,4.097235497374618e-73,4.152048902501043e-73,4.2074447977674675e-73,4.263427772556389e-73,4.320002439763757e-73,4.377173435850944e-73,4.4349454208996786e-73,4.493323078667567e-73,4.5523111166406155e-73,4.6119142660903135e-73,4.6721372821258357e-73,4.732984943748983e-73,4.794462053909413e-73,4.856573439560094e-73,4.919323951706516e-73,4.982718465466005e-73,5.0467618801204305e-73,5.1114591191700117e-73,5.176815130387025e-73,5.242834885871179e-73,5.309523382102005e-73,5.376885639994717e-73,5.444926704952491e-73,5.513651646921261e-73,5.583065560443627e-73,5.6531735647124787e-73,5.723980803625035e-73,5.795492445835062e-73,5.867713684810237e-73,5.940649738881933e-73,6.014305851300828e-73,6.088687290290333e-73,6.163799349100059e-73,6.239647346058729e-73,6.316236624629178e-73,6.39357255346014e-73,6.471660526441014e-73,6.550505962753804e-73,6.630114306927829e-73,6.710491028892846e-73,6.791641624031377e-73,6.873571613232265e-73,6.956286542944622e-73,7.039791985230918e-73,7.124093537818279e-73,7.209196824154007e-73,7.295107493457998e-73,7.381831220772207e-73,7.469373707021278e-73,7.55774067905714e-73,7.646937889717539e-73,7.736971117875994e-73,7.827846168495314e-73,7.919568872681856e-73,8.012145087736338e-73,8.105580697205614e-73,8.199881610939611e-73,8.295053765140112e-73,8.391103122413033e-73,8.48803567182477e-73,8.58585742895004e-73,8.684574435927724e-73,8.784192761511702e-73,8.884718501124834e-73,8.986157776908363e-73,9.08851673777751e-73,9.19180155947138e-73,9.296018444606552e-73,9.401173622728322e-73,9.507273350363108e-73,9.61432391107317e-73,9.722331615502415e-73,9.831302801434956e-73,9.941243833843822e-73,1.0052161104943391e-72,1.0164061034242055e-72,1.0276950068594647e-72,1.0390834682249941e-72,1.0505721376908728e-72,1.062161668177102e-72,1.0738527153591372e-72,1.0856459376725581e-72,1.0975419963188455e-72,1.1095415552700827e-72,1.1216452812743509e-72,1.1338538438606913e-72,1.1461679153444691e-72,1.1585881708324062e-72,1.1711152882277209e-72,1.183749948235313e-72,1.1964928343668915e-72,1.2093446329461494e-72,1.2223060331135582e-72,1.235377726832224e-72,1.2485604088922262e-72,1.2618547769162082e-72,1.2752615313643346e-72,1.288781375539427e-72,1.302415015592041e-72,1.3161631605256265e-72,1.3300265222016256e-72,1.3440058153444523e-72,1.3581017575468162e-72,1.372315069274542e-72,1.3866464738718093e-72,1.4010966975663207e-72,1.4156664694741008e-72,1.4303565216048964e-72,1.4451675888669495e-72,1.4601004090723206e-72,1.4751557229418082e-72,1.4903342741099582e-72,1.505636809130352e-72,1.5210640774803291e-72,1.5366168315662933e-72,1.5522958267287e-72,1.5681018212471173e-72,1.5840355763450727e-72,1.600097856195349e-72,1.616289427924914e-72,1.6326110616197853e-72,1.649063530330456e-72,1.6656476100763875e-72,1.6823640798515966e-72,1.6992137216290765e-72,1.71619732036625e-72,1.7333156640098752e-72,1.7505695435009837e-72,1.7679597527795822e-72,1.7854870887905137e-72,1.8031523514873984e-72,1.820956343838452e-72,1.8388998718308748e-72,1.856983744476293e-72,1.8752087738153521e-72,1.8935757749230984e-72,1.912085565913451e-72,1.9307389679445992e-72,1.9495368052237117e-72,1.9684799050120651e-72,1.9875690976299323e-72,2.006805216461438e-72,2.0261890979596033e-72,2.045721581651329e-72,2.065403510142192e-72,2.0852357291216074e-72,2.1052190873673706e-72,2.1253544367511875e-72,2.1456426322428994e-72,2.1660845319160987e-72,2.1866809969523993e-72,2.2074328916469398e-72,2.2283410834128178e-72,2.2494064427863276e-72,2.270629843431637e-72,2.292012162145893e-72,2.3135542788638537e-72,2.335257076663186e-72,2.3571214417688667e-72,2.3791482635585085e-72,2.401338434566992e-72,2.423692850491352e-72,2.4462124101956817e-72,2.468898015716269e-72,2.49175057226593e-72,2.514770988239381e-72,2.537960175217885e-72,2.5613190479740105e-72,2.584848524476592e-72,2.608549525895814e-72,2.632422976607813e-72,2.656469804198625e-72,2.680690939470948e-72,2.7050873164494477e-72,2.7296598723804896e-72,2.7544095477431563e-72,2.779337286250931e-72,2.804444034857129e-72,2.8297307437596725e-72,2.8551983664059723e-72,2.880847859497584e-72,2.9066801829953297e-72,2.932696300123865e-72,2.9588971773764764e-72,2.985283784519871e-72,3.011857094599218e-72,3.038618083942767e-72,3.065567732166222e-72,3.092707022178554e-72,3.120036940185763e-72,3.147558475696411e-72,3.1752726215256167e-72,3.2031803738006376e-72,3.23128273196466e-72,3.259580698783078e-72,3.288075280346831e-72,3.3167674860775427e-72,3.3456583287323366e-72,3.3747488244098517e-72,3.4040399925519374e-72,3.433532855951564e-72,3.4632284407558156e-72,3.493127776471029e-72,3.5232318959679136e-72,3.5535418354856237e-72,3.584058634636724e-72,3.6147833364125557e-72,3.6457169871865164e-72,3.6768606367204716e-72,3.708215338168235e-72,3.7397821480808344e-72,3.771562126410946e-72,3.8035563365179154e-72,3.835765845172237e-72,3.868191722560124e-72,3.900835042288569e-72,3.933696881389616e-72,3.966778320325627e-72,4.000080442992955e-72,4.033604336728596e-72,4.0673510923117754e-72,4.101321803971622e-72,4.1355175693902147e-72,4.1699394897076526e-72,4.204588669526577e-72,4.239466216917567e-72,4.2745732434222096e-72,4.3099108640594577e-72,4.345480197329598e-72,4.3812823652182235e-72,4.417318493202241e-72,4.453589710253132e-72,4.4900971488427487e-72,4.52684194494724e-72,4.563825238051662e-72,4.601048171154988e-72,4.638511890774919e-72,4.676217546951553e-72,4.714166293252922e-72,4.752359286778936e-72,4.79079768816707e-72,4.82948266159541e-72,4.86841537478863e-72,4.907596999021741e-72,4.94702870912514e-72,4.986711683488936e-72,5.026647104067658e-72,5.066836156385303e-72,5.107280029538681e-72,5.147979916203122e-72,5.188937012636991e-72,5.230152518685593e-72,5.271627637786056e-72,5.313363576972217e-72,5.355361546878902e-72,5.397622761746587e-72,5.440148439425571e-72,5.482939801381067e-72,5.52599807269757e-72,5.569324482083303e-72,5.612920261874583e-72,5.656786648040732e-72,5.700924880188895e-72,5.745336201567538e-72,5.790021859071953e-72,5.834983103248485e-72,5.88022118829864e-72,5.925737372084331e-72,5.971532916131765e-72,6.01760908563658e-72,6.06396714946773e-72,6.110608380172008e-72,6.15753405397949e-72,6.204745450807014e-72,6.252243854263017e-72,6.300030551651044e-72,6.348106833977224e-72,6.396473995951615e-72,6.445133335993801e-72,6.494086156236995e-72,6.543333762534115e-72,6.592877464459891e-72,6.642718575317678e-72,6.692858412141903e-72,6.743298295703343e-72,6.794039550514245e-72,6.845083504831996e-72,6.896431490663514e-72,6.948084843769259e-72,7.000044903670399e-72,7.052313013649433e-72,7.104890520757151e-72,7.157778775816306e-72,7.210979133425929e-72,7.264492951966012e-72,7.318321593601804e-72,7.37246642428862e-72,7.426928813775078e-72,7.481710135609825e-72,7.536811767143202e-72,7.592235089533453e-72,7.64798148775095e-72,7.704052350581898e-72,7.760449070632707e-72,7.817173044336135e-72,7.874225671953231e-72,7.931608357579424e-72,7.989322509148015e-72,8.04736953843563e-72,8.105750861064993e-72,8.16446789651058e-72,8.223522068103035e-72,8.282914803032509e-72,8.342647532353912e-72,8.402721690991989e-72,8.463138717743025e-72,8.523900055281962e-72,8.585007150165571e-72,8.646461452836656e-72,8.708264417629181e-72,8.770417502772442e-72,8.832922170394245e-72,8.895779886526442e-72,8.958992121109009e-72,9.022560347994861e-72,9.086486044952389e-72,9.150770693672643e-72,9.215415779771192e-72,9.280422792793307e-72,9.345793226219214e-72,9.411528577465929e-72,9.477630347894315e-72,9.544100042812426e-72,9.61093917147916e-72,9.678149247108848e-72,9.745731786876287e-72,9.813688311920225e-72,9.882020347348086e-72,9.950729422239839e-72,1.0019817069653202e-71,1.0089284826626934e-71,1.0159134234184969e-71,1.0229366837342227e-71,1.0299984185107488e-71,1.0370987830487944e-71,1.0442379330493594e-71,1.0514160246141509e-71,1.058633214246019e-71,1.065889658849418e-71,1.0731855157307237e-71,1.0805209425987674e-71,1.0878960975652409e-71,1.0953111391450363e-71,1.1027662262567356e-71,1.1102615182231235e-71,1.1177971747714367e-71,1.1253733560339576e-71,1.1329902225482435e-71,1.1406479352577524e-71,1.148346655512113e-71,1.1560865450677126e-71,1.1638677660878935e-71,1.1716904811435772e-71,1.1795548532135401e-71,1.1874610456850247e-71,1.1954092223538616e-71,1.203399547425319e-71,1.2114321855139382e-71,1.2195073016445357e-71,1.2276250612524025e-71,1.2357856301834688e-71,1.243989174695255e-71,1.2522358614565453e-71,1.2605258575488444e-71,1.2688593304656439e-71,1.2772364481137444e-71,1.2856573788131749e-71,1.2941222912977844e-71,1.3026313547156895e-71,1.3111847386296117e-71,1.3197826130172697e-71,1.3284251482717958e-71,1.3371125152024772e-71,1.3458448850346277e-71,1.3546224294103082e-71,1.3634453203888366e-71,1.372313730446952e-71,1.3812278324794357e-71,1.3901877997994733e-71,1.3991938061388327e-71,1.408246025648484e-71,1.417344632899387e-71,1.4264898028821893e-71,1.435681711008039e-71,1.4449205331089705e-71,1.4542064454384072e-71,1.463539624671028e-71,1.4729202479040932e-71,1.4823484926571223e-71,1.4918245368725425e-71,1.5013485589160892e-71,1.5109207375774291e-71,1.5205412520700628e-71,1.5302102820322288e-71,1.5399280075271506e-71,1.5496946090432102e-71,1.559510267494922e-71,1.5693751642226335e-71,1.579289480993587e-71,1.5892534000017447e-71,1.599267103868685e-71,1.6093307756437293e-71,1.6194445988044621e-71,1.6296087572570758e-71,1.6398234353367586e-71,1.6500888178082454e-71,1.660405089865895e-71,1.67077243713484e-71,1.6811910456702913e-71,1.6916611019588905e-71,1.702182792918543e-71,1.7127563058991417e-71,1.723381828682893e-71,1.73405954948471e-71,1.7447896569524763e-71,1.7555723401676607e-71,1.766407788645555e-71,1.7772961923357536e-71,1.788237741622695e-71,1.799232627325868e-71,1.810281040700142e-71,1.8213831734363884e-71,1.832539217661806e-71,1.8437493659402307e-71,1.855013811272774e-71,1.8663327470979103e-71,1.877706367292009e-71,1.8891348661698288e-71,1.900618438484911e-71,1.9121572794298095e-71,1.9237515846365334e-71,1.93540155017719e-71,1.947107372563936e-71,1.9588692487498793e-71,1.9706873761291814e-71,1.9825619525373667e-71,1.99449317625204e-71,2.006481245992973e-71,2.018526360922748e-71,2.030628720646822e-71,2.0427885252144293e-71,2.0550059751185115e-71,2.0672812712964716e-71,2.0796146151299697e-71,2.092006208446171e-71,2.1044562535175793e-71,2.1169649530624824e-71,2.129532510245464e-71,2.142159128677717e-71,2.1548450124175953e-71,2.1675903659707354e-71,2.1803953942908364e-71,2.193260302779475e-71,2.206185297287042e-71,2.2191705841129473e-71,2.232216370006131e-71,2.245322862165027e-71,2.2584902682383343e-71,2.271718796325368e-71,2.285008654976589e-71,2.2983600531934767e-71,2.3117732004294137e-71,2.3252483065900808e-71,2.3387855820333633e-71,2.3523852375703048e-71,2.366047484465119e-71,2.379772534435817e-71,2.3935605996544212e-71,2.407411892747351e-71,2.42132662679601e-71,2.435305015337047e-71,2.449347272362787e-71,2.4634536123213178e-71,2.477624250117413e-71,2.4918594011125032e-71,2.506159281125195e-71,2.5205241064317194e-71,2.5349540937663224e-71,2.549449460321401e-71,2.564010423748211e-71,2.578637202157017e-71,2.59333001411771e-71,2.6080890786600092e-71,2.6229146152738454e-71,2.6378068439097545e-71,2.6527659849795893e-71,2.667792259356175e-71,2.6828858883745597e-71,2.6980470938315545e-71,2.713276097986947e-71,2.728573123563042e-71,2.7439383937458758e-71,2.759372132184921e-71,2.774874562993783e-71,2.7904459107507153e-71,2.8060864004987418e-71,2.8217962577459075e-71,2.837575708466048e-71,2.853424979099058e-71,2.8693442965511075e-71,2.8853338881950477e-71,2.9013939818711075e-71,2.9175248058865886e-71,2.933726589017158e-71,2.9499995605064666e-71,2.9663439500669148e-71,2.9827599878799144e-71,2.999247904596365e-71,3.015807931336734e-71,3.032440299691706e-71,3.049145241722599e-71,3.0659229899616577e-71,3.0827737774122122e-71,3.0996978375494525e-71,3.116695404320676e-71,3.1337667121451065e-71,3.150911995915503e-71,3.1681314909971748e-71,3.1854254332291613e-71,3.2027940589245663e-71,3.2202376048705568e-71,3.237756308328943e-71,3.25535040703686e-71,3.2730201392066106e-71,3.2907657435263913e-71,3.308587459160386e-71,3.3264855257494614e-71,3.3444601834113826e-71,3.3625116727409528e-71,3.380640234810999e-71,3.3988461111721803e-71,3.417129543853276e-71,3.4354907753623283e-71,3.453930048686295e-71,3.472447607291308e-71,3.4910436951237905e-71,3.5097185566100588e-71,3.5284724366575362e-71,3.5473055806540862e-71,3.566218234469176e-71,3.5852106444540536e-71,3.60428305744182e-71,3.62343572074828e-71,3.642668882171796e-71,3.661982789993935e-71,3.681377692980174e-71,3.700853840379695e-71,3.7204114819257475e-71,3.740050867836403e-71,3.759772248815109e-71,3.779575876049978e-71,3.799462001215527e-71,3.819430876471949e-71,3.839482754466313e-71,3.859617888332096e-71,3.8798365316903255e-71,3.900138938649732e-71,3.9205253638063995e-71,3.940996062245121e-71,3.961551289539493e-71,3.982191301751832e-71,4.002916355434255e-71,4.023726707628037e-71,4.044622615864973e-71,4.065604338167535e-71,4.086672133048468e-71,4.107826259512302e-71,4.129066977054785e-71,4.15039454566383e-71,4.1718092258192744e-71,4.1933112784942666e-71,4.2149009651541274e-71,4.2365785477582324e-71,4.258344288759264e-71,4.280198451104523e-71,4.302141298235373e-71,4.324173094087659e-71,4.346294103093303e-71,4.368504590178917e-71,4.390804820767468e-71,4.413195060778192e-71,4.4356755766264905e-71,4.458246635225364e-71,4.480908503984558e-71,4.503661450811786e-71,4.526505744112889e-71,4.549441652792035e-71,4.572469446251795e-71,4.595589394394764e-71,4.618801767621542e-71,4.642106836834065e-71,4.66550487343355e-71,4.6889961493221226e-71,4.712580936902154e-71,4.736259509078339e-71,4.760032139256295e-71,4.78389910134347e-71,4.807860669749995e-71,4.831917119388296e-71,4.856068725674116e-71,4.880315764526495e-71,4.904658512368196e-71,4.929097246125724e-71,4.9536322432307355e-71,4.978263781618708e-71,5.002992139731303e-71,5.027817596514936e-71,5.052740431421786e-71,5.0777609244106185e-71,5.10287935594692e-71,5.128096007002138e-71,5.153411159056088e-71,5.1788250940952275e-71,5.2043380946144615e-71,5.229950443617142e-71,5.25566242461452e-71,5.281474321627626e-71,5.307386419186459e-71,5.333399002330649e-71,5.359512356610004e-71,5.385726768084583e-71,5.412042523325058e-71,5.438459909413944e-71,5.46497921394396e-71,1.9933927794601728e-40,1.9946680342463752e-40,1.9946688248952806e-40,1.994668800600151e-40,1.994668776388024e-40,1.994668756691594e-40,1.994668744950554e-40,1.994668709439869e-40,1.994668698435216e-40,1.994668671980054e-40,1.994668659987638e-40,1.9946686430191564e-40,1.9946686325758548e-40,1.9946686253291224e-40,1.994668621682954e-40,1.994668622067271e-40,1.9946686269357796e-40,1.9946686367655954e-40,1.994668652057646e-40,1.994668673336377e-40,1.9946687011496995e-40,1.9946687360692897e-40,1.994668778690052e-40,1.9946688296309918e-40,1.9946688895338443e-40,1.994668959064237e-40,1.9946690389115673e-40,1.9946691405393055e-40,1.9946692324344974e-40,1.994669356688644e-40,1.9946694760729347e-40,1.994669626656018e-40,1.9946697912920073e-40,1.9946699702237673e-40,1.9946701645681297e-40,1.9946703470957375e-40,1.9946705731439136e-40,1.9946708186493832e-40,1.994671084564723e-40,1.9946713790751534e-40,1.9946716816240354e-40,1.9946720148136145e-40,1.994672372527368e-40,1.9946727558465134e-40,1.994673165879321e-40,1.9946736037577416e-40,1.994674070636432e-40,1.9946745676934986e-40,1.99467509612987e-40,1.994675657169704e-40,1.994676252060061e-40,1.9946768820712736e-40,1.9946775484966956e-40,1.9946782526523815e-40,1.994678995877691e-40,1.994679779534871e-40,1.9946806050089113e-40,1.9946814737078974e-40,1.994682387063171e-40,1.994683346528344e-40,1.9946843535802697e-40,1.9946854097188272e-40,1.9946865164664227e-40,1.9946876753685167e-40,1.9946888879931858e-40,1.994690155931524e-40,1.994691480797289e-40,1.9946928642270365e-40,1.9946943078801058e-40,1.9946958134383707e-40,1.9946973826071192e-40,1.9946990171132903e-40,1.9947007187073177e-40,1.9947024891617694e-40,1.9947043302723533e-40,1.994706243857122e-40,1.994708231756924e-40,1.994710295834802e-40,1.9947124379770716e-40,1.9947146600918946e-40,1.9947169641105105e-40,1.9947193519865507e-40,1.9947218256958827e-40,1.9947243872371717e-40,1.994727038631789e-40,1.994729781922975e-40,1.9947326191770888e-40,1.994735552482159e-40,1.994738583949274e-40,1.994741715711893e-40,1.9947449499253996e-40,1.9947482887679527e-40,1.994751734439949e-40,1.9947552935714738e-40,1.9947589733675912e-40,1.994762734924979e-40,1.9947666303559504e-40,1.9947706439633988e-40,1.994774778070942e-40,1.994779035035323e-40,1.9947834266946895e-40,1.9947879450138904e-40,1.994792592279604e-40,1.9947973713547115e-40,1.9948022880626498e-40,1.994807291593973e-40,1.9948124763724013e-40,1.994817803683719e-40,1.9948232760574358e-40,1.9948288960714666e-40,1.9948346663256793e-40,1.9948405894422524e-40,1.9948466680650447e-40,1.9948529048601695e-40,1.99485930251566e-40,1.9948658637413814e-40,1.9948725912694427e-40,1.9948794878537757e-40,1.994886556270235e-40,1.994893799316619e-40,1.9949012198123055e-40,1.9949088205989963e-40,1.9949166045402974e-40,1.9949245745212973e-40,1.994932733449075e-40,1.9949410842525553e-40,1.994949629882498e-40,1.9949583733111396e-40,1.9949673175331313e-40,1.9949764655641353e-40,1.994985820442251e-40,1.9949953852266024e-40,1.995005162998564e-40,1.9950151568608826e-40,1.995025369938286e-40,1.9950358053767534e-40,1.9950464663441624e-40,1.9950573560299327e-40,1.9950684776453745e-40,1.9950798344229733e-40,1.9950914296167414e-40,1.995103266502691e-40,1.9951153483781794e-40,1.9951276785620832e-40,1.9951402603948004e-40,1.9951530972381515e-40,1.9951661924752936e-40,1.9951795495115483e-40,1.995193171772849e-40,1.9952070732360304e-40,1.995221225789491e-40,1.9952356751784675e-40,1.9952503823514194e-40,1.9952653936257255e-40,1.9952806696569415e-40,1.99529625568902e-40,1.9953121342797445e-40,1.995328283179955e-40,1.995344750865069e-40,1.9953615228557496e-40,1.99537860285422e-40,1.995395994564102e-40,1.995413712431589e-40,1.99543172803956e-40,1.9954500827026527e-40,1.995468769443846e-40,1.995487783045643e-40,1.9955071007673223e-40,1.9955267903409954e-40,1.9955468012126324e-40,1.9955671684811416e-40,1.995587896160964e-40,1.9956089749025143e-40,1.9956304141744094e-40,1.9956522152941417e-40,1.9956743326234315e-40,1.9956968666108362e-40,1.995719775413773e-40,1.9957430653873992e-40,1.995766735520725e-40,1.99579079225728e-40,1.9958152392391262e-40,1.995840080719648e-40,1.9958653206328838e-40,1.995890963301844e-40,1.9959170128835682e-40,1.9959433601541513e-40,1.995970236491496e-40,1.99599751075094e-40,1.9960252198386885e-40,1.996053357223551e-40,1.996081927232302e-40,1.996110934219466e-40,1.99614038256055e-40,1.9961702766515223e-40,1.99620062090904e-40,1.9962314197708488e-40,1.99626267769498e-40,1.9962943991601888e-40,1.99632658866633e-40,1.9963592507332194e-40,1.9963923899016305e-40,1.996426010733183e-40,1.996460117809681e-40,1.9964947157337432e-40,1.9965298198358453e-40,1.996565402645125e-40,1.9966015009261556e-40,1.996638108677397e-40,1.9966752305973684e-40,1.9967128714117125e-40,1.996751035866654e-40,1.996789737214959e-40,1.9968289726420504e-40,1.9968687188557584e-40,1.99690902573308e-40,1.996949880300123e-40,1.996991287414378e-40,1.997033251964802e-40,1.997075778861005e-40,1.997118873032924e-40,1.9971625394304784e-40,1.9972067830242186e-40,1.9972516088049636e-40,1.9972970217836643e-40,1.997343026991646e-40,1.9973896294807337e-40,1.997436845204929e-40,1.9974846682501375e-40,1.9975331042554365e-40,1.9975821567250293e-40,1.9976317790941645e-40,1.9976820724528483e-40,1.9977329990464843e-40,1.9977845640608487e-40,1.9978367727289514e-40,1.997889630303898e-40,1.997943142059395e-40,1.997997313288781e-40,1.9980521493052372e-40,1.9981076554425675e-40,1.998163837054059e-40,1.9982206995135267e-40,1.9982782482143733e-40,1.9983364885702054e-40,1.9983954260145276e-40,1.9984550660007614e-40,1.998515414002342e-40,1.998576475512387e-40,1.998638256044485e-40,1.9987007611315257e-40,1.9987639963267928e-40,1.9988279672027975e-40,1.9988926793525635e-40,1.9989581383887266e-40,1.999024349943316e-40,1.9990913196687976e-40,1.999159053236924e-40,1.9992275563397136e-40,1.9992968346886555e-40,1.999366894015002e-40,1.9994377400696798e-40,1.9995093786236987e-40,1.9995818154672705e-40,1.9996550564106363e-40,1.999729107283534e-40,1.999803973935464e-40,1.9998796727207e-40,1.9999561991257126e-40,2.0000335582413245e-40,2.0001117577674687e-40,2.000190748969809e-40,2.000270639571945e-40,2.0003513767267146e-40,2.000432986486405e-40,2.0005154698614064e-40,2.000598836117241e-40,2.0006830448627025e-40,2.0007681642839122e-40,2.0008541773251242e-40,2.000941090094919e-40,2.001028908735682e-40,2.0011176394097407e-40,2.0012072882986706e-40,2.0012978616033417e-40,2.001389365543925e-40,2.001481806360383e-40,2.0015751903116066e-40,2.0016695236760304e-40,2.0017648127514264e-40,2.001861063854838e-40,2.0019582923112555e-40,2.0020564944868973e-40,2.0021556858544276e-40,2.0022558613619266e-40,2.0023569734314493e-40,2.0024591304234378e-40,2.0025622942313848e-40,2.0026664712975512e-40,2.002771668112216e-40,2.0028778911847737e-40,2.0029851470438855e-40,2.0030934422372817e-40,2.003202783332048e-40,2.0033131769139816e-40,2.003424629588158e-40,2.0035371479789487e-40,2.0036507387293945e-40,2.003765408502044e-40,2.0038811639781206e-40,2.0039980118584153e-40,2.0041159588620643e-40,2.004235011727565e-40,2.004355177212255e-40,2.0044764620928146e-40,2.0045988731644772e-40,2.0047224172415683e-40,2.0048471011575115e-40,2.004972931764427e-40,2.0050999159332044e-40,2.0052280605542743e-40,2.005357372536253e-40,2.0054878588069323e-40,2.005619526312894e-40,2.00575238201958e-40,2.0058864329113086e-40,2.006021685991097e-40,2.0061581482810135e-40,2.0062958268214916e-40,2.006434728672051e-40,2.0065748609110274e-40,2.006716230635147e-40,2.0068588449600713e-40,2.0070027110203784e-40,2.0071478359688403e-40,2.007294226958587e-40,2.0074418912364585e-40,2.0075908359551356e-40,2.007741068361285e-40,2.007892595700995e-40,2.0080454252396773e-40,2.008199564260443e-40,2.0083550200658375e-40,2.0085117999764457e-40,2.0086699113315385e-40,2.0088293614892332e-40,2.0089901578256667e-40,2.0091523077360114e-40,2.0093158186336326e-40,2.009480697950323e-40,2.0096469531365955e-40,2.0098145916616046e-40,2.0099836210122234e-40,2.0101540486945887e-40,2.010325882232867e-40,2.010499129169398e-40,2.0106737970655484e-40,2.0108498935006223e-40,2.0110274260724137e-40,2.0112064023967327e-40,2.0113868301085134e-40,2.0115687168602755e-40,2.0117520703234453e-40,2.0119368981873554e-40,2.012123218823694e-40,2.0123110079650577e-40,2.0125003053436115e-40,2.0126911080702987e-40,2.012883423918991e-40,2.013077260688709e-40,2.01327262619667e-40,2.013469528278265e-40,2.0136679855254268e-40,2.013867973601508e-40,2.0140695325912626e-40,2.0142726596846446e-40,2.014477362801167e-40,2.014683654834718e-40,2.0148915453371244e-40,2.0151010074928596e-40,2.0153120943137296e-40,2.015524797069649e-40,2.0157391237858526e-40,2.015955082515061e-40,2.01617268132782e-40,2.0163919283132326e-40,2.016612831577742e-40,2.0168353992461128e-40,2.0170596394613247e-40,2.0172855603836488e-40,2.017513170192039e-40,2.0177424770827938e-40,2.017973489270616e-40,2.0182062149875997e-40,2.0184406624842896e-40,2.0186768400286214e-40,2.0189147559069094e-40,2.0191544184225023e-40,2.0193958358974903e-40,2.0196390166712e-40,2.0198839691011266e-40,2.0201307015621205e-40,2.0203792224473614e-40,2.0206295401674293e-40,2.0208816631509723e-40,2.02113559984392e-40,2.0213913587103558e-40,2.0216489482318974e-40,2.0219083769077753e-40,2.02216965325525e-40,2.022432785808859e-40,2.022697783121116e-40,2.0229646537621762e-40,2.0232334063195274e-40,2.0235040493988667e-40,2.0237765916227406e-40,2.0240510416318756e-40,2.024327408084472e-40,2.0246056996560184e-40,2.024885925040022e-40,2.0251680929472898e-40,2.0254522121061363e-40,2.0257382912626214e-40,2.02602633917982e-40,2.026316364639023e-40,2.026608376438339e-40,2.0269023833937555e-40,2.0271983943386723e-40,2.0274964181238015e-40,2.0277964636174393e-40,2.0280985397051663e-40,2.028402655290136e-40,2.0287088192926078e-40,2.029017040650595e-40,2.029327328319231e-40,2.029639691270893e-40,2.029954138495962e-40,2.0302706790012257e-40,2.0305893218114735e-40,2.0309100759684985e-40,2.0312329505316317e-40,2.0315579545770336e-40,2.0318850971985856e-40,2.032214387507302e-40,2.032545834631287e-40,2.0328794477162025e-40,2.0332152359245115e-40,2.0335532084361956e-40,2.0338933744483267e-40,2.034235743175028e-40,2.0345803238476783e-40,2.0349271257150355e-40,2.0352761580427696e-40,2.0356274301136435e-40,2.0359809512277715e-40,2.0363367307020148e-40,2.036694777870695e-40,2.0370551020848794e-40,2.037417712713091e-40,2.0377826191404543e-40,2.038149830769556e-40,2.038519357019713e-40,2.0388912073275067e-40,2.039265391146193e-40,2.039641917946323e-40,2.040020797215163e-40,2.0404020384573863e-40,2.0407856511941314e-40,2.0411716449635184e-40,2.041560029321118e-40,2.041950813838955e-40,2.042344008105973e-40,2.042739621727948e-40,2.0431376643280524e-40,2.0435381455456234e-40,2.0439410750372868e-40,2.0443464624762766e-40,2.0447543175530547e-40,2.0451646499744416e-40,2.045577469464317e-40,2.0459927857632755e-40,2.0464106086287306e-40,2.0468309478347536e-40,2.047253813172268e-40,2.047679214448944e-40,2.0481071614891563e-40,2.0485376641339934e-40,2.0489707322413445e-40,2.0494063756855807e-40,2.0498446043579293e-40,2.050285428166176e-40,2.050728857034991e-40,2.0511749009053473e-40,2.0516235697349265e-40,2.0520748734986453e-40,2.0525288221868386e-40,2.0529854258076146e-40,2.0534446943848554e-40,2.0539066379594652e-40,2.054371266588644e-40,2.05483859034635e-40,2.0553086193230295e-40,2.0557813636254036e-40,2.056256833377056e-40,2.0567350387177944e-40,2.057215989804088e-40,2.0576996968089693e-40,2.0581861699214608e-40,2.0586754193475387e-40,2.0591674553093164e-40,2.05966228804569e-40,2.0601599278115994e-40,2.0606603848785204e-40,2.0611636695341325e-40,2.0616697920829365e-40,2.0621787628452796e-40,2.0626905921583366e-40,2.063205290375023e-40,2.063722867865312e-40,2.0642433350151098e-40,2.064766702226425e-40,2.065292979918202e-40,2.065822178524786e-40,2.0663543084974455e-40,2.0668893803035773e-40,2.0674274044265437e-40,2.067968391366412e-40,2.068512351639082e-40,2.069059295776771e-40,2.0696092343279366e-40,2.0701621778571634e-40,2.0707181369452905e-40,2.0712771221892682e-40,2.0718391442021607e-40,2.072404213613147e-40,2.0729723410677512e-40,2.073543537227284e-40,2.074117812769226e-40,2.07469517838752e-40,2.0752756447917726e-40,2.0758592227077793e-40,2.0764459228774525e-40,2.077035756058597e-40,2.077628733025118e-40,2.0782248645671414e-40,2.0788241614905128e-40,2.079426634617194e-40,2.0800322947849505e-40,2.0806411528479447e-40,2.0812532196759267e-40,2.0818685061546195e-40,2.0824870231857976e-40,2.083108781687191e-40,2.083733792592227e-40,2.0843620668506283e-40,2.084993615427658e-40,2.0856284493045536e-40,2.0862665794784972e-40,2.0869080169623737e-40,2.0875527727848563e-40,2.0882008579907993e-40,2.0888522836404865e-40,2.0895070608103636e-40,2.090165200592349e-40,2.090826714094246e-40,2.091491612439746e-40,2.0921599067682973e-40,2.092831608234931e-40,2.093506728010519e-40,2.0941852772815693e-40,2.0948672672504994e-40,2.0955527091351224e-40,2.096241614169302e-40,2.096933993602479e-40,2.0976298586994106e-40,2.098329220740956e-40,2.0990320910235e-40,2.0997384808589307e-40,2.100448401574832e-40,2.1011618645145008e-40,2.1018788810367433e-40,2.102599462515633e-40,2.1033236203416475e-40,2.104051365919776e-40,2.1047827106715203e-40,2.1055176660332394e-40,2.1062562434571224e-40,2.1069984544110046e-40,2.1077443103778887e-40,2.1084938228565395e-40,2.1092470033609908e-40,2.1100038634210825e-40,2.110764414581499e-40,2.1115286684032533e-40,2.112296636461984e-40,2.11306833034941e-40,2.1138437616721184e-40,2.114622942052273e-40,2.1154058831275227e-40,2.1161925965509188e-40,2.116983093990947e-40,2.1177773871309636e-40,2.118575487670522e-40,2.1193774073236404e-40,2.120183157820229e-40,2.1209927509053026e-40,2.1218061983391293e-40,2.1226235118974826e-40,2.123444703371215e-40,2.124269784566485e-40,2.1250987673047233e-40,2.1259316634227644e-40,2.1267684847724695e-40,2.1276092432208636e-40,2.1284539506503775e-40,2.1293026189585623e-40,2.1301552600580952e-40,2.1310118858770944e-40,2.1318725083585307e-40,2.1327371394605848e-40,2.1336057911567818e-40,2.134478475435575e-40,2.1353552043006568e-40,2.1362359897709516e-40,2.137120843880065e-40,2.138009778677104e-40,2.1389028062260774e-40,2.13979993860599e-40,2.1407011879110498e-40,2.141606566250532e-40,2.1425160857486193e-40,2.1434297585445644e-40,2.1443475967925657e-40,2.1452696126620008e-40,2.146195818337142e-40,2.1471262260170655e-40,2.1480608479162653e-40,2.148999696263473e-40,2.1499427833031808e-40,2.150890121294242e-40,2.151841722510759e-40,2.152797599241369e-40,2.1537577637901047e-40,2.154722228475561e-40,2.1556910056311738e-40,2.1566641076055463e-40,2.1576415467618443e-40,2.158623335478122e-40,2.159609486147435e-40,2.1606000111774586e-40,2.16159492299099e-40,2.162594234025109e-40,2.1635979567322756e-40,2.164606103579476e-40,2.1656186870481528e-40,2.1666357196351057e-40,2.167657213851503e-40,2.168683182223262e-40,2.1697136372911115e-40,2.1707485916106703e-40,2.1717880577517805e-40,2.172832048299216e-40,2.1738805758526945e-40,2.174933653026501e-40,2.175991292449088e-40,2.177053506764409e-40,2.1781203086303973e-40,2.179191710719833e-40,2.180267725719996e-40,2.1813483663327413e-40,2.182433645275168e-40,2.1835235752779573e-40,2.1846181690870094e-40,2.185717439462592e-40,2.186821399179721e-40,2.1879300610277038e-40,2.189043437810528e-40,2.1901615423466594e-40,2.191284387468865e-40,2.192411986024945e-40,2.193544350876548e-40,2.194681494900484e-40,2.1958234309872386e-40,2.196970172042502e-40,2.1981217309857903e-40,2.1992781207516803e-40,2.200439354288715e-40,2.201605444559921e-40,2.2027764045427926e-40,2.2039522472293014e-40,2.205132985625866e-40,2.206318632752837e-40,2.207509201645335e-40,2.2087047053526403e-40,2.2099051569385858e-40,2.2111105694811677e-40,2.2123209560727353e-40,2.213536329819823e-40,2.2147567038435916e-40,2.2159820912792066e-40,2.2172125052759675e-40,2.2184479589979125e-40,2.2196884656232623e-40,2.2209340383438892e-40,2.222184690366523e-40,2.2234404349118095e-40,2.224701285214965e-40,2.225967254524885e-40,2.2272383561050497e-40,2.228514603233044e-40,2.229796009200506e-40,2.2310825873132723e-40,2.2323743508917035e-40,2.2336713132695635e-40,2.234973487795334e-40,2.236280887831426e-40,2.2375935267543276e-40,2.2389114179547357e-40,2.2402345748372665e-40,2.2415630108207876e-40,2.2428967393382525e-40,2.2442357738366913e-40,2.2455801277767913e-40,2.246929814633646e-40,2.2482848478963837e-40,2.2496452410679897e-40,2.251011007665436e-40,2.252382161219997e-40,2.2537587152765077e-40,2.255140683394115e-40,2.2565280791458054e-40,2.2579209161186565e-40,2.2593192079132393e-40,2.260722968144599e-40,2.2621322104413632e-40,2.2635469484462288e-40,2.264967195815745e-40,2.2663929662203727e-40,2.2678242733445174e-40,2.2692611308862913e-40,2.270703552557833e-40,2.27215155208504e-40,2.2736051432077753e-40,2.2750643396792628e-40,2.2765291552674433e-40,2.2779996037531347e-40,2.279475698931593e-40,2.280957454611605e-40,2.2824448846156843e-40,2.2839380027802212e-40,2.285436822955396e-40,2.286941359004992e-40,2.2884516248068634e-40,2.2899676342521224e-40,2.2914894012461893e-40,2.2930169397075405e-40,2.2945502635686917e-40,2.2960893867758225e-40,2.2976343232889313e-40,2.2991850870814896e-40,2.300741692140512e-40,2.3023041524670064e-40,2.303872482075455e-40,2.305446694993802e-40,2.307026805263917e-40,2.3086128269411153e-40,2.3102047740943063e-40,2.311802660806043e-40,2.3134065011723673e-40,2.3150163093028512e-40,2.3166320993208884e-40,2.3182538853630516e-40,2.3198816815799577e-40,2.321515502135178e-40,2.3231553612064154e-40,2.3248012729840684e-40,2.3264532516729254e-40,2.328111311490623e-40,2.3297754666685585e-40,2.331445731451468e-40,2.333122120097747e-40,2.3348046468791228e-40,2.3364933260805127e-40,2.3381881720008665e-40,2.3398891989520413e-40,2.3415964212593856e-40,2.3433098532617514e-40,2.3450295093113628e-40,2.346755403773763e-40,2.348487551027979e-40,2.3502259654664125e-40,2.3519706614945416e-40,2.35372165353157e-40,2.355478956009503e-40,2.3572425833744216e-40,2.359012550085137e-40,2.360788870613898e-40,2.3625715594462497e-40,2.3643606310811488e-40,2.366156100030737e-40,2.36795798082016e-40,2.369766287988293e-40,2.3715810360869884e-40,2.373402249324379e-40,2.3752299316335514e-40,2.3770640976912634e-40,2.37890476220273e-40,2.3807519006727185e-40,2.38260561031807e-40,2.384465862155347e-40,2.3863326708881306e-40,2.3882060512901164e-40,2.390086018175439e-40,2.391972541346403e-40,2.393865720770038e-40,2.3957655311947043e-40,2.3976719876611044e-40,2.399585104918822e-40,2.401504897730364e-40,2.4034313808710884e-40,2.405364569129717e-40,2.407304477307783e-40,2.4092511202201134e-40,2.411204512694391e-40,2.4131646695713496e-40,2.415131605704704e-40,2.4171053359614584e-40,2.419085875221351e-40,2.4210732383770467e-40,2.4230674403346227e-40,2.4250684960124424e-40,2.4270764203424723e-40,2.4290912282693956e-40,2.4311129347507343e-40,2.4331415547569366e-40,2.435177103271603e-40,2.4372195952911517e-40,2.4392690458246785e-40,2.4413254698944905e-40,2.4433888825358432e-40,2.4454592987963563e-40,2.4475367337369357e-40,2.44962120243122e-40,2.4517127199657396e-40,2.453811301440126e-40,2.4559169619660558e-40,2.4580297166690405e-40,2.4601495806865436e-40,2.4622765691695025e-40,2.4644106972810104e-40,2.4665519801975697e-40,2.468700433107848e-40,2.470856071213839e-40,2.4730189097297144e-40,2.475188963882998e-40,2.477366248913719e-40,2.4795507800742545e-40,2.4817425726303096e-40,2.4839416418597216e-40,2.4861480030536033e-40,2.4883616715152278e-40,2.490582662560885e-40,2.492810991519304e-40,2.495046673732181e-40,2.497289724553462e-40,2.4995401593501973e-40,2.5017979935016465e-40,2.5040632423997467e-40,2.5063359214495363e-40,2.5086160460681874e-40,2.5109036316852647e-40,2.5131986937435087e-40,2.51550124769788e-40,2.5178113090159806e-40,2.5201288931780996e-40,2.5224540156769218e-40,2.5247866920174236e-40,2.527126937717529e-40,2.529474768307803e-40,2.5318301993307756e-40,2.534193246341798e-40,2.536563924908689e-40,2.5389422506118995e-40,2.5413282390438896e-40,2.543721905810209e-40,2.546123266528305e-40,2.548532336828554e-40,2.5509491323533385e-40,2.5533736687576997e-40,2.555805961709222e-40,2.5582460268875824e-40,2.560693879985088e-40,2.563149536706239e-40,2.5656130127680934e-40,2.568084323900242e-40,2.5705634858441722e-40,2.573050514354236e-40,2.5755454251969158e-40,2.57804823415077e-40,2.580558957007038e-40,2.583077609569217e-40,2.585604207652792e-40,2.5881387670860498e-40,2.5906813037093523e-40,2.593231833375397e-40,2.5957903719488575e-40,2.598356935307216e-40,2.6009315393396797e-40,2.6035141999479635e-40,2.606104933045871e-40,2.6087037545596307e-40,2.611310680427937e-40,2.613925726600753e-40,2.6165489090412888e-40,2.619180243724381e-40,2.621819746637235e-40,2.6244674337791126e-40,2.6271233211615836e-40,2.6297874248082417e-40,2.632459760754822e-40,2.635140345049367e-40,2.6378291937520345e-40,2.640526322934983e-40,2.6432317486823143e-40,2.6459454870905507e-40,2.6486675542682094e-40,2.651397966335827e-40,2.654136739426101e-40,2.656883889683972e-40,2.6596394332658823e-40,2.6624033863409785e-40,2.6651757650898557e-40,2.667956585705665e-40,2.6707458643931092e-40,2.6735436173695073e-40,2.676349860863507e-40,2.6791646111161566e-40,2.6819878843803428e-40,2.6848196969211686e-40,2.687660065015303e-40,2.6905090049518403e-40,2.693366533031466e-40,2.6962326655668295e-40,2.699107418882865e-40,2.701990809315819e-40,2.7048828532145073e-40,2.7077835669393366e-40,2.710692966862586e-40,2.713611069368473e-40,2.7165378908532897e-40,2.7194734477248137e-40,2.7224177564028727e-40,2.7253708333194166e-40,2.728332694917728e-40,2.7313033576535024e-40,2.734282837993718e-40,2.737271152417393e-40,2.740268317415703e-40,2.743274349491071e-40,2.746289265157909e-40,2.749313080942628e-40,2.7523458133830063e-40,2.7553874790291327e-40,2.758438094442396e-40,2.761497676196057e-40,2.764566240875365e-40,2.767643805077018e-40,2.770730385409402e-40,2.773825998492842e-40,2.7769306609593003e-40,2.78004438945218e-40,2.7831672006269943e-40,2.7862991111508697e-40,2.7894401377023517e-40,2.792590296971722e-40,2.7957496056610875e-40,2.798918080484195e-40,2.802095738166044e-40,2.805282595443723e-40,2.808478669065738e-40,2.811683975792305e-40,2.8148985323952375e-40,2.818122355657743e-40,2.821355462374819e-40,2.824597869352979e-40,2.827849593410312e-40,2.8311106513766153e-40,2.834381060093074e-40,2.837660836412257e-40,2.8409499971986737e-40,2.8442485593281727e-40,2.8475565396880238e-40,2.850873955176843e-40,2.8542008227055297e-40,2.8575371591955492e-40,2.8608829815802797e-40,2.8642383068044992e-40,2.8676031518247363e-40,2.87097753360861e-40,2.8743614691351813e-40,8.843879316641128e-41,8.865155477158264e-41,8.899271312965397e-41
