,0,1,2,3,4,5,6,7,8,9,10,11,12,13,14,15,16,17,18,19,20,21,22,23,24,25,26,27,28,29,30,31,32,33,34,35,36,37,38,39,40,41,42,43,44,45,46,47,48,49,50,51,52,53,54,55,56,57,58,59,60,61,62,63,64,65,66,67,68,69,70,71,72,73,74,75,76,77,78,79,80,81,82,83,84,85,86,87,88,89,90,91,92,93,94,95,96,97,98,99,100,101,102,103,104,105,106,107,108,109,110,111,112,113,114,115,116,117,118,119,120,121,122,123,124,125,126,127,128,129,130,131,132,133,134,135,136,137,138,139,140,141,142,143,144,145,146,147,148,149,150,151,152,153,154,155,156,157,158,159,160,161,162,163,164,165,166,167,168,169,170,171,172,173,174,175,176,177,178,179,180,181,182,183,184,185,186,187,188,189,190,191,192,193,194,195,196,197,198,199,200,201,202,203,204,205,206,207,208,209,210,211,212,213,214,215,216,217,218,219,220,221,222,223,224,225,226,227,228,229,230,231,232,233,234,235,236,237,238,239,240,241,242,243,244,245,246,247,248,249,250,251,252,253,254,255,256,257,258,259,260,261,262,263,264,265,266,267,268,269,270,271,272,273,274,275,276,277,278,279,280,281,282,283,284,285,286,287,288,289,290,291,292,293,294,295,296,297,298,299,300,301,302,303,304,305,306,307,308,309,310,311,312,313,314,315,316,317,318,319,320,321,322,323,324,325,326,327,328,329,330,331,332,333,334,335,336,337,338,339,340,341,342,343,344,345,346,347,348,349,350,351,352,353,354,355,356,357,358,359,360,361,362,363,364,365,366,367,368,369,370,371,372,373,374,375,376,377,378,379,380,381,382,383,384,385,386,387,388,389,390,391,392,393,394,395,396,397,398,399,400,401,402,403,404,405,406,407,408,409,410,411,412,413,414,415,416,417,418,419,420,421,422,423,424,425,426,427,428,429,430,431,432,433,434,435,436,437,438,439,440,441,442,443,444,445,446,447,448,449,450,451,452,453,454,455,456,457,458,459,460,461,462,463,464,465,466,467,468,469,470,471,472,473,474,475,476,477,478,479,480,481,482,483,484,485,486,487,488,489,490,491,492,493,494,495,496,497,498,499,500,501,502,503,504,505,506,507,508,509,510,511,512,513,514,515,516,517,518,519,520,521,522,523,524,525,526,527,528,529,530,531,532,533,534,535,536,537,538,539,540,541,542,543,544,545,546,547,548,549,550,551,552,553,554,555,556,557,558,559,560,561,562,563,564,565,566,567,568,569,570,571,572,573,574,575,576,577,578,579,580,581,582,583,584,585,586,587,588,589,590,591,592,593,594,595,596,597,598,599,600,601,602,603,604,605,606,607,608,609,610,611,612,613,614,615,616,617,618,619,620,621,622,623,624,625,626,627,628,629,630,631,632,633,634,635,636,637,638,639,640,641,642,643,644,645,646,647,648,649,650,651,652,653,654,655,656,657,658,659,660,661,662,663,664,665,666,667,668,669,670,671,672,673,674,675,676,677,678,679,680,681,682,683,684,685,686,687,688,689,690,691,692,693,694,695,696,697,698,699,700,701,702,703,704,705,706,707,708,709,710,711,712,713,714,715,716,717,718,719,720,721,722,723,724,725,726,727,728,729,730,731,732,733,734,735,736,737,738,739,740,741,742,743,744,745,746,747,748,749,750,751,752,753,754,755,756,757,758,759,760,761,762,763,764,765,766,767,768,769,770,771,772,773,774,775,776,777,778,779,780,781,782,783,784,785,786,787,788,789,790,791,792,793,794,795,796,797,798,799,800,801,802,803,804,805,806,807,808,809,810,811,812,813,814,815,816,817,818,819,820,821,822,823,824,825,826,827,828,829,830,831,832,833,834,835,836,837,838,839,840,841,842,843,844,845,846,847,848,849,850,851,852,853,854,855,856,857,858,859,860,861,862,863,864,865,866,867,868,869,870,871,872,873,874,875,876,877,878,879,880,881,882,883,884,885,886,887,888,889,890,891,892,893,894,895,896,897,898,899,900,901,902,903,904,905,906,907,908,909,910,911,912,913,914,915,916,917,918,919,920,921,922,923,924,925,926,927,928,929,930,931,932,933,934,935,936,937,938,939,940,941,942,943,944,945,946,947,948,949,950,951,952,953,954,955,956,957,958,959,960,961,962,963,964,965,966,967,968,969,970,971,972,973,974,975,976,977,978,979,980,981,982,983,984,985,986,987,988,989,990,991,992,993,994,995,996,997,998,999,1000,1001,1002,1003,1004,1005,1006,1007,1008,1009,1010,1011,1012,1013,1014,1015,1016,1017,1018,1019,1020,1021,1022,1023,1024,1025,1026,1027,1028,1029,1030,1031,1032,1033,1034,1035,1036,1037,1038,1039,1040,1041,1042,1043,1044,1045,1046,1047,1048,1049,1050,1051,1052,1053,1054,1055,1056,1057,1058,1059,1060,1061,1062,1063,1064,1065,1066,1067,1068,1069,1070,1071,1072,1073,1074,1075,1076,1077,1078,1079,1080,1081,1082,1083,1084,1085,1086,1087,1088,1089,1090,1091,1092,1093,1094,1095,1096,1097,1098,1099,1100,1101,1102,1103,1104,1105,1106,1107,1108,1109,1110,1111,1112,1113,1114,1115,1116,1117,1118,1119,1120,1121,1122,1123,1124,1125,1126,1127,1128,1129,1130,1131,1132,1133,1134,1135,1136,1137,1138,1139,1140,1141,1142,1143,1144,1145,1146,1147,1148,1149,1150,1151,1152,1153,1154,1155,1156,1157,1158,1159,1160,1161,1162,1163,1164,1165,1166,1167,1168,1169,1170,1171,1172,1173,1174,1175,1176,1177,1178,1179,1180,1181,1182,1183,1184,1185,1186,1187,1188,1189,1190,1191,1192,1193,1194,1195,1196,1197,1198,1199,1200,1201,1202,1203,1204,1205,1206,1207,1208,1209,1210,1211,1212,1213,1214,1215,1216,1217,1218,1219,1220,1221,1222,1223,1224,1225,1226,1227,1228,1229,1230,1231,1232,1233,1234,1235,1236,1237,1238,1239,1240,1241,1242,1243,1244,1245,1246,1247,1248,1249,1250,1251,1252,1253,1254,1255,1256,1257,1258,1259,1260,1261,1262,1263,1264,1265,1266,1267,1268,1269,1270,1271,1272,1273,1274,1275,1276,1277,1278,1279,1280,1281,1282,1283,1284,1285,1286,1287,1288,1289,1290,1291,1292,1293,1294,1295,1296,1297,1298,1299,1300,1301,1302,1303,1304,1305,1306,1307,1308,1309,1310,1311,1312,1313,1314,1315,1316,1317,1318,1319,1320,1321,1322,1323,1324,1325,1326,1327,1328,1329,1330,1331,1332,1333,1334,1335,1336,1337,1338,1339,1340,1341,1342,1343,1344,1345,1346,1347,1348,1349,1350,1351,1352,1353,1354,1355,1356,1357,1358,1359,1360,1361,1362,1363,1364,1365,1366,1367,1368,1369,1370,1371,1372,1373,1374,1375,1376,1377,1378,1379,1380,1381,1382,1383,1384,1385,1386,1387,1388,1389,1390,1391,1392,1393,1394,1395,1396,1397,1398,1399,1400,1401,1402,1403,1404,1405,1406,1407,1408,1409,1410,1411,1412,1413,1414,1415,1416,1417,1418,1419,1420,1421,1422,1423,1424,1425,1426,1427,1428,1429,1430,1431,1432,1433,1434,1435,1436,1437,1438,1439,1440,1441,1442,1443,1444,1445,1446,1447,1448,1449,1450,1451,1452,1453,1454,1455,1456,1457,1458,1459,1460,1461,1462,1463,1464,1465,1466,1467,1468,1469,1470,1471,1472,1473,1474,1475,1476,1477,1478,1479,1480,1481,1482,1483,1484,1485,1486,1487,1488,1489,1490,1491,1492,1493,1494,1495,1496,1497,1498,1499,1500,1501,1502,1503,1504,1505,1506,1507,1508,1509,1510,1511,1512,1513,1514,1515,1516,1517,1518,1519,1520,1521,1522,1523,1524,1525,1526,1527,1528,1529,1530,1531,1532,1533,1534,1535,1536,1537,1538,1539,1540,1541,1542,1543,1544,1545,1546,1547,1548,1549,1550,1551,1552,1553,1554,1555,1556,1557,1558,1559,1560,1561,1562,1563,1564,1565,1566,1567,1568,1569,1570,1571,1572,1573,1574,1575,1576,1577,1578,1579,1580,1581,1582,1583,1584,1585,1586,1587,1588,1589,1590,1591,1592,1593,1594,1595,1596,1597,1598,1599,1600,1601,1602,1603,1604,1605,1606,1607,1608,1609,1610,1611,1612,1613,1614,1615,1616,1617,1618,1619,1620,1621,1622,1623,1624,1625,1626,1627,1628,1629,1630,1631,1632,1633,1634,1635,1636,1637,1638,1639,1640,1641,1642,1643,1644,1645,1646,1647,1648,1649,1650,1651,1652,1653,1654,1655,1656,1657,1658,1659,1660,1661,1662,1663,1664,1665,1666,1667,1668,1669,1670,1671,1672,1673,1674,1675,1676,1677,1678,1679,1680,1681,1682,1683,1684,1685,1686,1687,1688,1689,1690,1691,1692,1693,1694,1695,1696,1697,1698,1699,1700,1701,1702,1703,1704,1705,1706,1707,1708,1709,1710,1711,1712,1713,1714,1715,1716,1717,1718,1719,1720,1721,1722,1723,1724,1725,1726,1727,1728,1729,1730,1731,1732,1733,1734,1735,1736,1737,1738,1739,1740,1741,1742,1743,1744,1745,1746,1747,1748,1749,1750,1751,1752,1753,1754,1755,1756,1757,1758,1759,1760,1761,1762,1763,1764,1765,1766,1767,1768,1769,1770,1771,1772,1773,1774,1775,1776,1777,1778,1779,1780,1781,1782,1783,1784,1785,1786,1787,1788,1789,1790,1791,1792,1793,1794,1795,1796,1797,1798,1799,1800,1801,1802,1803,1804,1805,1806,1807,1808,1809,1810,1811,1812,1813,1814,1815,1816,1817,1818,1819,1820,1821,1822,1823,1824,1825,1826,1827,1828,1829,1830,1831,1832,1833,1834,1835,1836,1837,1838,1839,1840,1841,1842,1843,1844,1845,1846,1847,1848,1849,1850,1851,1852,1853,1854,1855,1856,1857,1858,1859,1860,1861,1862,1863,1864,1865,1866,1867,1868,1869,1870,1871,1872,1873,1874,1875,1876,1877,1878,1879,1880,1881,1882,1883,1884,1885,1886,1887,1888,1889,1890,1891,1892,1893,1894,1895,1896,1897,1898,1899,1900,1901,1902,1903,1904,1905,1906,1907,1908,1909,1910,1911,1912,1913,1914,1915,1916,1917,1918,1919,1920,1921,1922,1923,1924,1925,1926,1927,1928,1929,1930,1931,1932,1933,1934,1935,1936,1937,1938,1939,1940,1941,1942,1943,1944,1945,1946,1947,1948,1949,1950,1951,1952,1953,1954,1955,1956,1957,1958,1959,1960,1961,1962,1963,1964,1965,1966,1967,1968,1969,1970,1971,1972,1973,1974,1975,1976,1977,1978,1979,1980,1981,1982,1983,1984,1985,1986,1987,1988,1989,1990,1991,1992,1993,1994,1995,1996,1997,1998,1999,2000,2001,2002,2003,2004,2005,2006,2007,2008,2009,2010,2011,2012,2013,2014,2015,2016,2017,2018,2019,2020,2021,2022,2023,2024,2025,2026,2027,2028,2029,2030,2031,2032,2033,2034,2035,2036,2037,2038,2039,2040,2041,2042,2043,2044,2045,2046,2047,2048,2049,2050,2051,2052,2053,2054,2055,2056,2057,2058,2059,2060,2061,2062,2063,2064,2065,2066,2067,2068,2069,2070,2071,2072,2073,2074,2075,2076,2077,2078,2079,2080,2081,2082,2083,2084,2085,2086,2087,2088,2089,2090,2091,2092,2093,2094,2095,2096,2097,2098,2099,2100,2101,2102,2103,2104,2105,2106,2107,2108,2109,2110,2111,2112,2113,2114,2115,2116,2117,2118,2119,2120,2121,2122,2123,2124,2125,2126,2127,2128,2129,2130,2131,2132,2133,2134,2135,2136,2137,2138,2139,2140,2141,2142,2143,2144,2145,2146,2147,2148,2149,2150,2151,2152,2153,2154,2155,2156,2157,2158,2159,2160,2161,2162,2163,2164,2165,2166,2167,2168,2169,2170,2171,2172,2173,2174,2175,2176,2177,2178,2179,2180,2181,2182,2183,2184,2185,2186,2187,2188,2189,2190,2191,2192,2193,2194,2195,2196,2197,2198,2199,2200,2201,2202,2203,2204,2205,2206,2207,2208,2209,2210,2211,2212,2213,2214,2215,2216,2217,2218,2219,2220,2221,2222,2223,2224,2225,2226,2227,2228,2229,2230,2231,2232,2233,2234,2235,2236,2237,2238,2239,2240,2241,2242,2243,2244,2245,2246,2247,2248,2249,2250,2251,2252,2253,2254,2255,2256,2257,2258,2259,2260,2261,2262,2263,2264,2265,2266,2267,2268,2269,2270,2271,2272,2273,2274,2275,2276,2277,2278,2279,2280,2281,2282,2283,2284,2285,2286,2287,2288,2289,2290,2291,2292,2293,2294,2295,2296,2297,2298,2299,2300,2301,2302,2303,2304,2305,2306,2307,2308,2309,2310,2311,2312,2313,2314,2315,2316,2317,2318,2319,2320,2321,2322,2323,2324,2325,2326,2327,2328,2329,2330,2331,2332,2333,2334,2335,2336,2337,2338,2339,2340,2341,2342,2343,2344,2345,2346,2347,2348,2349,2350,2351,2352,2353,2354,2355,2356,2357,2358,2359,2360,2361,2362,2363,2364,2365,2366,2367,2368,2369,2370,2371,2372,2373,2374,2375,2376,2377,2378,2379,2380,2381,2382,2383,2384,2385,2386,2387,2388,2389,2390,2391,2392,2393,2394,2395,2396,2397,2398,2399,2400,2401,2402,2403,2404,2405,2406,2407,2408,2409,2410,2411,2412,2413,2414,2415,2416,2417,2418,2419,2420,2421,2422,2423,2424,2425,2426,2427,2428,2429,2430,2431,2432,2433,2434,2435,2436,2437,2438,2439,2440,2441,2442,2443,2444,2445,2446,2447,2448,2449,2450,2451,2452,2453,2454,2455,2456,2457,2458,2459,2460,2461,2462,2463,2464,2465,2466,2467,2468,2469,2470,2471,2472,2473,2474,2475,2476,2477,2478,2479,2480,2481,2482,2483,2484,2485,2486,2487,2488,2489,2490,2491,2492,2493,2494,2495,2496,2497,2498,2499,2500,2501,2502,2503,2504,2505,2506,2507,2508,2509,2510,2511,2512,2513,2514,2515,2516,2517,2518,2519,2520,2521,2522,2523,2524,2525,2526,2527,2528,2529,2530,2531,2532,2533,2534,2535,2536,2537,2538,2539,2540,2541,2542,2543,2544,2545,2546,2547,2548,2549,2550,2551,2552,2553,2554,2555,2556,2557,2558,2559,2560,2561,2562,2563,2564,2565,2566,2567,2568,2569,2570,2571,2572,2573,2574,2575,2576,2577,2578,2579,2580,2581,2582,2583,2584,2585,2586,2587,2588,2589,2590,2591,2592,2593,2594,2595,2596,2597,2598,2599,2600,2601,2602,2603,2604,2605,2606,2607,2608,2609,2610,2611,2612,2613,2614,2615,2616,2617,2618,2619,2620,2621,2622,2623,2624,2625,2626,2627,2628,2629,2630,2631,2632,2633,2634,2635,2636,2637,2638,2639,2640,2641,2642,2643,2644,2645,2646,2647,2648,2649,2650,2651,2652,2653,2654,2655,2656,2657,2658,2659,2660,2661,2662,2663,2664,2665,2666,2667,2668,2669,2670,2671,2672,2673,2674,2675,2676,2677,2678,2679,2680,2681,2682,2683,2684,2685,2686,2687,2688,2689,2690,2691,2692,2693,2694,2695,2696,2697,2698,2699,2700,2701,2702,2703,2704,2705,2706,2707,2708,2709,2710,2711,2712,2713,2714,2715,2716,2717,2718,2719,2720,2721,2722,2723,2724,2725,2726,2727,2728,2729,2730,2731,2732,2733,2734,2735,2736,2737,2738,2739,2740,2741,2742,2743,2744,2745,2746,2747,2748,2749,2750,2751,2752,2753,2754,2755,2756,2757,2758,2759,2760,2761,2762,2763,2764,2765,2766,2767,2768,2769,2770,2771,2772,2773,2774,2775,2776,2777,2778,2779,2780,2781,2782,2783,2784,2785,2786,2787,2788,2789,2790,2791,2792,2793,2794,2795,2796,2797,2798,2799,2800,2801,2802,2803,2804,2805,2806,2807,2808,2809,2810,2811,2812,2813,2814,2815,2816,2817,2818,2819,2820,2821,2822,2823,2824,2825,2826,2827,2828,2829,2830,2831,2832,2833,2834,2835,2836,2837,2838,2839,2840,2841,2842,2843,2844,2845,2846,2847,2848,2849,2850,2851,2852,2853,2854,2855,2856,2857,2858,2859,2860,2861,2862,2863,2864,2865,2866,2867,2868,2869,2870,2871,2872,2873,2874,2875,2876,2877,2878,2879,2880,2881,2882,2883,2884,2885,2886,2887,2888,2889,2890,2891,2892,2893,2894,2895,2896,2897,2898,2899,2900,2901,2902,2903,2904,2905,2906,2907,2908,2909,2910,2911,2912,2913,2914,2915,2916,2917,2918,2919,2920,2921,2922,2923,2924,2925,2926,2927,2928,2929,2930,2931,2932,2933,2934,2935,2936,2937,2938,2939,2940,2941,2942,2943,2944,2945,2946,2947,2948,2949,2950,2951,2952,2953,2954,2955,2956,2957,2958,2959,2960,2961,2962,2963,2964,2965,2966,2967,2968,2969,2970,2971,2972,2973,2974,2975,2976,2977,2978,2979,2980,2981,2982,2983,2984,2985,2986,2987,2988,2989,2990,2991,2992,2993,2994,2995,2996,2997,2998,2999,3000,3001,3002,3003,3004,3005,3006,3007,3008,3009,3010,3011,3012,3013,3014,3015,3016,3017,3018,3019,3020,3021,3022,3023,3024,3025,3026,3027,3028,3029,3030,3031,3032,3033,3034,3035,3036,3037,3038,3039,3040,3041,3042,3043,3044,3045,3046,3047,3048,3049,3050,3051,3052,3053,3054,3055,3056,3057,3058,3059,3060,3061,3062,3063,3064,3065,3066,3067,3068,3069,3070,3071,3072,3073,3074,3075,3076,3077,3078,3079,3080,3081,3082,3083,3084,3085,3086,3087,3088,3089,3090,3091,3092,3093,3094,3095,3096,3097,3098,3099,3100,3101,3102,3103,3104,3105,3106,3107,3108,3109,3110,3111,3112,3113,3114,3115,3116,3117,3118,3119,3120,3121,3122,3123,3124,3125,3126,3127,3128,3129,3130,3131,3132,3133,3134,3135,3136,3137,3138,3139,3140,3141,3142,3143,3144,3145,3146,3147,3148,3149,3150,3151,3152,3153,3154,3155,3156,3157,3158,3159,3160,3161,3162,3163,3164,3165,3166,3167,3168,3169,3170,3171,3172,3173,3174,3175,3176,3177,3178,3179,3180,3181,3182,3183,3184,3185,3186,3187,3188,3189,3190,3191,3192,3193,3194,3195,3196,3197,3198,3199,3200,3201,3202,3203,3204,3205,3206,3207,3208,3209,3210,3211,3212,3213,3214,3215,3216,3217,3218,3219,3220,3221,3222,3223,3224,3225,3226,3227,3228,3229,3230,3231,3232,3233,3234,3235,3236,3237,3238,3239,3240,3241,3242,3243,3244,3245,3246,3247,3248,3249,3250,3251,3252,3253,3254,3255,3256,3257,3258,3259,3260,3261,3262,3263,3264,3265,3266,3267,3268,3269,3270,3271,3272,3273,3274,3275,3276,3277,3278,3279,3280,3281,3282,3283,3284,3285,3286,3287,3288,3289,3290,3291,3292,3293,3294,3295,3296,3297,3298,3299,3300,3301,3302,3303,3304,3305,3306,3307,3308,3309,3310,3311,3312,3313,3314,3315,3316,3317,3318,3319,3320,3321,3322,3323,3324,3325,3326,3327,3328,3329,3330,3331,3332,3333,3334,3335,3336,3337,3338,3339,3340,3341,3342,3343,3344,3345,3346,3347,3348,3349,3350,3351,3352,3353,3354,3355,3356,3357,3358,3359,3360,3361,3362,3363,3364,3365,3366,3367,3368,3369,3370,3371,3372,3373,3374,3375,3376,3377,3378,3379,3380,3381,3382,3383,3384,3385,3386,3387,3388,3389,3390,3391,3392,3393,3394,3395,3396,3397,3398,3399,3400,3401,3402,3403,3404,3405,3406,3407,3408,3409,3410,3411,3412,3413,3414,3415,3416,3417,3418,3419,3420,3421,3422,3423,3424,3425,3426,3427,3428,3429,3430,3431,3432,3433,3434,3435,3436,3437,3438,3439,3440,3441,3442,3443,3444,3445,3446,3447,3448,3449,3450,3451,3452,3453,3454,3455,3456,3457,3458,3459,3460,3461,3462,3463,3464,3465,3466,3467,3468,3469,3470,3471,3472,3473,3474,3475,3476,3477,3478,3479,3480,3481,3482,3483,3484,3485,3486,3487,3488,3489,3490,3491,3492,3493,3494,3495,3496,3497,3498,3499,3500,3501,3502,3503,3504,3505,3506,3507,3508,3509,3510,3511,3512,3513,3514,3515,3516,3517,3518,3519,3520,3521,3522,3523,3524,3525,3526,3527,3528,3529,3530,3531,3532,3533,3534,3535,3536,3537,3538,3539,3540,3541,3542,3543,3544,3545,3546,3547,3548,3549,3550,3551,3552,3553,3554,3555,3556,3557,3558,3559,3560,3561,3562,3563,3564,3565,3566,3567,3568,3569,3570,3571,3572,3573,3574,3575,3576,3577,3578,3579,3580,3581,3582,3583,3584,3585,3586,3587,3588,3589,3590,3591,3592,3593,3594,3595,3596,3597,3598,3599,3600,3601,3602,3603,3604,3605,3606,3607,3608,3609,3610,3611,3612,3613,3614,3615,3616,3617,3618,3619,3620,3621,3622,3623,3624,3625,3626,3627,3628,3629,3630,3631,3632,3633,3634,3635,3636,3637,3638,3639,3640,3641,3642,3643,3644,3645,3646,3647,3648,3649,3650,3651,3652,3653,3654,3655,3656,3657,3658,3659,3660,3661,3662,3663,3664,3665,3666,3667,3668,3669,3670,3671,3672,3673,3674,3675,3676,3677,3678,3679,3680,3681,3682,3683,3684,3685,3686,3687,3688,3689,3690,3691,3692,3693,3694,3695,3696,3697,3698,3699,3700,3701,3702,3703,3704,3705,3706,3707,3708,3709,3710,3711,3712,3713,3714,3715,3716,3717,3718,3719,3720,3721,3722,3723,3724,3725,3726,3727,3728,3729,3730,3731,3732,3733,3734,3735,3736,3737,3738,3739,3740,3741,3742,3743,3744,3745,3746,3747,3748,3749,3750,3751,3752,3753,3754,3755,3756,3757,3758,3759,3760,3761,3762,3763,3764,3765,3766,3767,3768,3769,3770,3771,3772,3773,3774,3775,3776,3777,3778,3779,3780,3781,3782,3783,3784,3785,3786,3787,3788,3789,3790,3791,3792,3793,3794,3795,3796,3797,3798,3799,3800,3801,3802,3803,3804,3805,3806,3807,3808,3809,3810,3811,3812,3813,3814,3815,3816,3817,3818,3819,3820,3821,3822,3823,3824,3825,3826,3827,3828,3829,3830,3831,3832,3833,3834,3835,3836,3837,3838,3839,3840,3841,3842,3843,3844,3845,3846,3847,3848,3849,3850,3851,3852,3853,3854,3855,3856,3857,3858,3859,3860,3861,3862,3863,3864,3865,3866,3867,3868,3869,3870,3871,3872,3873,3874,3875,3876,3877,3878,3879,3880,3881,3882,3883,3884,3885,3886,3887,3888,3889,3890,3891,3892,3893,3894,3895,3896,3897,3898,3899,3900,3901,3902,3903,3904,3905,3906,3907,3908,3909,3910,3911,3912,3913,3914,3915,3916,3917,3918,3919,3920,3921,3922,3923,3924,3925,3926,3927,3928,3929,3930,3931,3932,3933,3934,3935,3936,3937,3938,3939,3940,3941,3942,3943,3944,3945,3946,3947,3948,3949,3950,3951,3952,3953,3954,3955,3956,3957,3958,3959,3960,3961,3962,3963,3964,3965,3966,3967,3968,3969,3970,3971,3972,3973,3974,3975,3976,3977,3978,3979,3980,3981,3982,3983,3984,3985,3986,3987,3988,3989,3990,3991,3992,3993,3994,3995,3996,3997,3998,3999,4000,4001,4002,4003,4004,4005,4006,4007,4008,4009,4010,4011,4012,4013,4014,4015,4016,4017,4018,4019,4020,4021,4022,4023,4024,4025,4026,4027,4028,4029,4030,4031,4032,4033,4034,4035,4036,4037,4038,4039,4040,4041,4042,4043,4044,4045,4046,4047,4048,4049,4050,4051,4052,4053,4054,4055,4056,4057,4058,4059,4060,4061,4062,4063,4064,4065,4066,4067,4068,4069,4070,4071,4072,4073,4074,4075,4076,4077,4078,4079,4080,4081,4082,4083,4084,4085,4086,4087,4088,4089,4090,4091,4092,4093,4094,4095,4096,4097,4098,4099,4100,4101,4102,4103,4104,4105,4106,4107,4108,4109,4110,4111,4112,4113,4114,4115,4116,4117,4118,4119,4120,4121,4122,4123,4124,4125,4126,4127,4128,4129,4130,4131,4132,4133,4134,4135,4136,4137,4138,4139,4140,4141,4142,4143,4144,4145,4146,4147,4148,4149,4150,4151,4152,4153,4154,4155,4156,4157,4158,4159,4160,4161,4162,4163,4164,4165,4166,4167,4168,4169,4170,4171,4172,4173,4174,4175,4176,4177,4178,4179,4180,4181,4182,4183,4184,4185,4186,4187,4188,4189,4190,4191,4192,4193,4194,4195,4196,4197,4198,4199,4200,4201,4202,4203,4204,4205,4206,4207,4208,4209,4210,4211,4212,4213,4214,4215,4216,4217,4218,4219,4220,4221,4222,4223,4224,4225,4226,4227,4228,4229,4230,4231,4232,4233,4234,4235,4236,4237,4238,4239,4240,4241,4242,4243,4244,4245,4246,4247,4248,4249,4250,4251,4252,4253,4254,4255,4256,4257,4258,4259,4260,4261,4262,4263,4264,4265,4266,4267,4268,4269,4270,4271,4272,4273,4274,4275,4276,4277,4278,4279,4280,4281,4282,4283,4284,4285,4286,4287,4288,4289,4290,4291,4292,4293,4294,4295,4296,4297,4298,4299,4300,4301,4302,4303,4304,4305,4306,4307,4308,4309,4310,4311,4312,4313,4314,4315,4316,4317,4318,4319,4320,4321,4322,4323,4324,4325,4326,4327,4328,4329,4330,4331,4332,4333,4334,4335,4336,4337,4338,4339,4340,4341,4342,4343,4344,4345,4346,4347,4348,4349,4350,4351,4352,4353,4354,4355,4356,4357,4358,4359,4360,4361,4362,4363,4364,4365,4366,4367,4368,4369,4370,4371,4372,4373,4374,4375,4376,4377,4378,4379,4380,4381,4382,4383,4384,4385,4386,4387,4388,4389,4390,4391,4392,4393,4394,4395,4396,4397,4398,4399,4400,4401,4402,4403,4404,4405,4406,4407,4408,4409,4410,4411,4412,4413,4414,4415,4416,4417,4418,4419,4420,4421,4422,4423,4424,4425,4426,4427,4428,4429,4430,4431,4432,4433,4434,4435,4436,4437,4438,4439,4440,4441,4442,4443,4444,4445,4446,4447,4448,4449,4450,4451,4452,4453,4454,4455,4456,4457,4458,4459,4460,4461,4462,4463,4464,4465,4466,4467,4468,4469,4470,4471,4472,4473,4474,4475,4476,4477,4478,4479,4480,4481,4482,4483,4484,4485,4486,4487,4488,4489,4490,4491,4492,4493,4494,4495,4496,4497,4498,4499,4500,4501,4502,4503,4504,4505,4506,4507,4508,4509,4510,4511,4512,4513,4514,4515,4516,4517,4518,4519,4520,4521,4522,4523,4524,4525,4526,4527,4528,4529,4530,4531,4532,4533,4534,4535,4536,4537,4538,4539,4540,4541,4542,4543,4544,4545,4546,4547,4548,4549,4550,4551,4552,4553,4554,4555,4556,4557,4558,4559,4560,4561,4562,4563,4564,4565,4566,4567,4568,4569,4570,4571,4572,4573,4574,4575,4576,4577,4578,4579,4580,4581,4582,4583,4584,4585,4586,4587,4588,4589,4590,4591,4592,4593,4594,4595,4596,4597,4598,4599,4600,4601,4602,4603,4604,4605,4606,4607,4608,4609,4610,4611,4612,4613,4614,4615,4616,4617,4618,4619,4620,4621,4622,4623,4624,4625,4626,4627,4628,4629,4630,4631,4632,4633,4634,4635,4636,4637,4638,4639,4640,4641,4642,4643,4644,4645,4646,4647,4648,4649,4650,4651,4652,4653,4654,4655,4656,4657,4658,4659,4660,4661,4662,4663,4664,4665,4666,4667,4668,4669,4670,4671,4672,4673,4674,4675,4676,4677,4678,4679,4680,4681,4682,4683,4684,4685,4686,4687,4688,4689,4690,4691,4692,4693,4694,4695,4696,4697,4698,4699,4700,4701,4702,4703,4704,4705,4706,4707,4708,4709,4710,4711,4712,4713,4714,4715,4716,4717,4718,4719,4720,4721,4722,4723,4724,4725,4726,4727,4728,4729,4730,4731,4732,4733,4734,4735,4736,4737,4738,4739,4740,4741,4742,4743,4744,4745,4746,4747,4748,4749,4750,4751,4752,4753,4754,4755,4756,4757,4758,4759,4760,4761,4762,4763,4764,4765,4766,4767,4768,4769,4770,4771,4772,4773,4774,4775,4776,4777,4778,4779,4780,4781,4782,4783,4784,4785,4786,4787,4788,4789,4790,4791,4792,4793,4794,4795,4796,4797,4798,4799,4800,4801,4802,4803,4804,4805,4806,4807,4808,4809,4810,4811,4812,4813,4814,4815,4816,4817,4818,4819,4820,4821,4822,4823,4824,4825,4826,4827,4828,4829,4830,4831,4832,4833,4834,4835,4836,4837,4838,4839,4840,4841,4842,4843,4844,4845,4846,4847,4848,4849,4850,4851,4852,4853,4854,4855,4856,4857,4858,4859,4860,4861,4862,4863,4864,4865,4866,4867,4868,4869,4870,4871,4872,4873,4874,4875,4876,4877,4878,4879,4880,4881,4882,4883,4884,4885,4886,4887,4888,4889,4890,4891,4892,4893,4894,4895,4896,4897,4898,4899,4900,4901,4902,4903,4904,4905,4906,4907,4908,4909,4910,4911,4912,4913,4914,4915,4916,4917,4918,4919,4920,4921,4922,4923,4924,4925,4926,4927,4928,4929,4930,4931,4932,4933,4934,4935,4936,4937,4938,4939,4940,4941,4942,4943,4944,4945,4946,4947,4948,4949,4950,4951,4952,4953,4954,4955,4956,4957,4958,4959,4960,4961,4962,4963,4964,4965,4966,4967,4968,4969,4970,4971,4972,4973,4974,4975,4976,4977,4978,4979,4980,4981,4982,4983,4984,4985,4986,4987,4988,4989,4990,4991,4992,4993,4994,4995,4996,4997,4998,4999,5000,5001,5002,5003,5004,5005,5006,5007,5008,5009,5010,5011,5012,5013,5014,5015,5016,5017,5018,5019,5020,5021,5022,5023,5024,5025,5026,5027,5028,5029,5030,5031,5032,5033,5034,5035,5036,5037,5038,5039,5040,5041,5042,5043,5044,5045,5046,5047,5048,5049,5050,5051,5052,5053,5054,5055,5056,5057,5058,5059,5060,5061,5062,5063,5064,5065,5066,5067,5068,5069,5070,5071,5072,5073,5074,5075,5076,5077,5078,5079,5080,5081,5082,5083,5084,5085,5086,5087,5088,5089,5090,5091,5092,5093,5094,5095,5096,5097,5098,5099,5100,5101,5102,5103,5104,5105,5106,5107,5108,5109,5110,5111,5112,5113,5114,5115,5116,5117,5118,5119,5120,5121,5122,5123,5124,5125,5126,5127,5128,5129,5130,5131,5132,5133,5134,5135,5136,5137,5138,5139,5140,5141,5142,5143,5144,5145,5146,5147,5148,5149,5150,5151,5152,5153,5154,5155,5156,5157,5158,5159,5160,5161,5162,5163,5164,5165,5166,5167,5168,5169,5170,5171,5172,5173,5174,5175,5176,5177,5178,5179,5180,5181,5182,5183,5184,5185,5186,5187,5188,5189,5190,5191,5192,5193,5194,5195,5196,5197,5198,5199,5200,5201,5202,5203,5204,5205,5206,5207,5208,5209,5210,5211,5212,5213,5214,5215,5216,5217,5218,5219,5220,5221,5222,5223,5224,5225,5226,5227,5228,5229,5230,5231,5232,5233,5234,5235,5236,5237,5238,5239,5240,5241,5242,5243,5244,5245,5246,5247,5248,5249,5250,5251,5252,5253,5254,5255,5256,5257,5258,5259,5260,5261,5262,5263,5264,5265,5266,5267,5268,5269,5270,5271,5272,5273,5274,5275,5276,5277,5278,5279,5280,5281,5282,5283,5284,5285,5286,5287,5288,5289,5290,5291,5292,5293,5294,5295,5296,5297,5298,5299,5300,5301,5302,5303,5304,5305,5306,5307,5308,5309,5310,5311,5312,5313,5314,5315,5316,5317,5318,5319,5320,5321,5322,5323,5324,5325,5326,5327,5328,5329,5330,5331,5332,5333,5334,5335,5336,5337,5338,5339,5340,5341,5342,5343,5344,5345,5346,5347,5348,5349,5350,5351,5352,5353,5354,5355,5356,5357,5358,5359,5360,5361,5362,5363,5364,5365,5366,5367,5368,5369,5370,5371,5372,5373,5374,5375,5376,5377,5378,5379,5380,5381,5382,5383,5384,5385,5386,5387,5388,5389,5390,5391,5392,5393,5394,5395,5396,5397,5398,5399,5400,5401,5402,5403,5404,5405,5406,5407,5408,5409,5410,5411,5412,5413,5414,5415,5416,5417,5418,5419,5420,5421,5422,5423,5424,5425,5426,5427,5428,5429,5430,5431,5432,5433,5434,5435,5436,5437,5438,5439,5440,5441,5442,5443,5444,5445,5446,5447,5448,5449,5450,5451,5452,5453,5454,5455,5456,5457,5458,5459,5460,5461,5462,5463,5464,5465,5466,5467,5468,5469,5470,5471,5472,5473,5474,5475,5476,5477,5478,5479,5480,5481,5482,5483,5484,5485,5486,5487,5488,5489,5490,5491,5492,5493,5494,5495,5496,5497,5498,5499,5500,5501,5502,5503,5504,5505,5506,5507,5508,5509,5510,5511,5512,5513,5514,5515,5516,5517,5518,5519,5520,5521,5522,5523,5524,5525,5526,5527,5528,5529,5530,5531,5532,5533,5534,5535,5536,5537,5538,5539,5540,5541,5542,5543,5544,5545,5546,5547,5548,5549,5550,5551,5552,5553,5554,5555,5556,5557,5558,5559,5560,5561,5562,5563,5564,5565,5566,5567,5568,5569,5570,5571,5572,5573,5574,5575,5576,5577,5578,5579,5580,5581,5582,5583,5584,5585,5586,5587,5588,5589,5590,5591,5592,5593,5594,5595,5596,5597,5598,5599,5600,5601,5602,5603,5604,5605,5606,5607,5608,5609,5610,5611,5612,5613,5614,5615,5616,5617,5618,5619,5620,5621,5622,5623,5624,5625,5626,5627,5628,5629,5630,5631,5632,5633,5634,5635,5636,5637,5638,5639,5640,5641,5642,5643,5644,5645,5646,5647,5648,5649,5650,5651,5652,5653,5654,5655,5656,5657,5658,5659,5660,5661,5662,5663,5664,5665,5666,5667,5668,5669,5670,5671,5672,5673,5674,5675,5676,5677,5678,5679,5680,5681,5682,5683,5684,5685,5686,5687,5688,5689,5690,5691,5692,5693,5694,5695,5696,5697,5698,5699,5700,5701,5702,5703,5704,5705,5706,5707,5708,5709,5710,5711,5712,5713,5714,5715,5716,5717,5718,5719,5720,5721,5722,5723,5724,5725,5726,5727,5728,5729,5730,5731,5732,5733,5734,5735,5736,5737,5738,5739,5740,5741,5742,5743,5744,5745,5746,5747,5748,5749,5750,5751,5752,5753,5754,5755,5756,5757,5758,5759,5760,5761,5762,5763,5764,5765,5766,5767,5768,5769,5770,5771,5772,5773,5774,5775,5776,5777,5778,5779,5780,5781,5782,5783,5784,5785,5786,5787,5788,5789,5790,5791,5792,5793,5794,5795,5796,5797,5798,5799,5800,5801,5802,5803,5804,5805,5806,5807,5808,5809,5810,5811,5812,5813,5814,5815,5816,5817,5818,5819,5820,5821,5822,5823,5824,5825,5826,5827,5828,5829,5830,5831,5832,5833,5834,5835,5836,5837,5838,5839,5840,5841,5842,5843,5844,5845,5846,5847,5848,5849,5850,5851,5852,5853,5854,5855,5856,5857,5858,5859,5860,5861,5862,5863,5864,5865,5866,5867,5868,5869,5870,5871,5872,5873,5874,5875,5876,5877,5878,5879,5880,5881,5882,5883,5884,5885,5886,5887,5888,5889,5890,5891,5892,5893,5894,5895,5896,5897,5898,5899,5900,5901,5902,5903,5904,5905,5906,5907,5908,5909,5910,5911,5912,5913,5914,5915,5916,5917,5918,5919,5920,5921,5922,5923,5924,5925,5926,5927,5928,5929,5930,5931,5932,5933,5934,5935,5936,5937,5938,5939,5940,5941,5942,5943,5944,5945,5946,5947,5948,5949,5950,5951,5952,5953,5954,5955,5956,5957,5958,5959,5960,5961,5962,5963,5964,5965,5966,5967,5968,5969,5970,5971,5972,5973,5974,5975,5976,5977,5978,5979,5980,5981,5982,5983,5984,5985,5986,5987,5988,5989,5990,5991,5992,5993,5994,5995,5996,5997,5998,5999,6000,6001,6002,6003,6004,6005,6006,6007,6008,6009,6010,6011,6012,6013,6014,6015,6016,6017,6018,6019,6020,6021,6022,6023,6024,6025,6026,6027,6028,6029,6030,6031,6032,6033,6034,6035,6036,6037,6038,6039,6040,6041,6042,6043,6044,6045,6046,6047,6048,6049,6050,6051,6052,6053,6054,6055,6056,6057,6058,6059,6060,6061,6062,6063,6064,6065,6066,6067,6068,6069,6070,6071,6072,6073,6074,6075,6076,6077,6078,6079,6080,6081,6082,6083,6084,6085,6086,6087,6088,6089,6090,6091,6092,6093,6094,6095,6096,6097,6098,6099,6100,6101,6102,6103,6104,6105,6106,6107,6108,6109,6110,6111,6112,6113,6114,6115,6116,6117,6118,6119,6120,6121,6122,6123,6124,6125,6126,6127,6128,6129,6130,6131,6132,6133,6134,6135,6136,6137,6138,6139,6140,6141,6142,6143,6144,6145,6146,6147,6148,6149,6150,6151,6152,6153,6154,6155,6156,6157,6158,6159,6160,6161,6162,6163,6164,6165,6166,6167,6168,6169,6170,6171,6172,6173,6174,6175,6176,6177,6178,6179,6180,6181,6182,6183,6184,6185,6186,6187,6188,6189,6190,6191,6192,6193,6194,6195,6196,6197,6198,6199,6200,6201,6202,6203,6204,6205,6206,6207,6208,6209,6210,6211,6212,6213,6214,6215,6216,6217,6218,6219,6220,6221,6222,6223,6224,6225,6226,6227,6228,6229,6230,6231,6232,6233,6234,6235,6236,6237,6238,6239,6240,6241,6242,6243,6244,6245,6246,6247,6248,6249,6250,6251,6252,6253,6254,6255,6256,6257,6258,6259,6260,6261,6262,6263,6264,6265,6266,6267,6268,6269,6270,6271,6272,6273,6274,6275,6276,6277,6278,6279,6280,6281,6282,6283,6284,6285,6286,6287,6288,6289,6290,6291,6292,6293,6294,6295,6296,6297,6298,6299,6300,6301,6302,6303,6304,6305,6306,6307,6308,6309,6310,6311,6312,6313,6314,6315,6316,6317,6318,6319,6320,6321,6322,6323,6324,6325,6326,6327,6328,6329,6330,6331,6332,6333,6334,6335,6336,6337,6338,6339,6340,6341,6342,6343,6344,6345,6346,6347,6348,6349,6350,6351,6352,6353,6354,6355,6356,6357,6358,6359,6360,6361,6362,6363,6364,6365,6366,6367,6368,6369,6370,6371,6372,6373,6374,6375,6376,6377,6378,6379,6380,6381,6382,6383,6384,6385,6386,6387,6388,6389,6390,6391,6392,6393,6394,6395,6396,6397,6398,6399,6400,6401,6402,6403,6404,6405,6406,6407,6408,6409,6410,6411,6412,6413,6414,6415,6416,6417,6418,6419,6420,6421,6422,6423,6424,6425,6426,6427,6428,6429,6430,6431,6432,6433,6434,6435,6436,6437,6438,6439,6440,6441,6442,6443,6444,6445,6446,6447,6448,6449,6450,6451,6452,6453,6454,6455,6456,6457,6458,6459,6460,6461,6462,6463,6464,6465,6466,6467,6468,6469,6470,6471,6472,6473,6474,6475,6476,6477,6478,6479,6480,6481,6482,6483,6484,6485,6486,6487,6488,6489,6490,6491,6492,6493,6494,6495,6496,6497,6498,6499,6500,6501,6502,6503,6504,6505,6506,6507,6508,6509,6510,6511,6512,6513,6514,6515,6516,6517,6518,6519,6520,6521,6522,6523,6524,6525,6526,6527,6528,6529,6530,6531,6532,6533,6534,6535,6536,6537,6538,6539,6540,6541,6542,6543,6544,6545,6546,6547,6548,6549,6550,6551,6552,6553,6554,6555,6556,6557,6558,6559,6560,6561,6562,6563,6564,6565,6566,6567,6568,6569,6570,6571,6572,6573,6574,6575,6576,6577,6578,6579,6580,6581,6582,6583,6584,6585,6586,6587,6588,6589,6590,6591,6592,6593,6594,6595,6596,6597,6598,6599,6600,6601,6602,6603,6604,6605,6606,6607,6608,6609,6610,6611,6612,6613,6614,6615,6616,6617,6618,6619,6620,6621,6622,6623,6624,6625,6626,6627,6628,6629,6630,6631,6632,6633,6634,6635,6636,6637,6638,6639,6640,6641,6642,6643,6644,6645,6646,6647,6648,6649,6650,6651,6652,6653,6654,6655,6656,6657,6658,6659,6660,6661,6662,6663,6664,6665,6666,6667,6668,6669,6670,6671,6672,6673,6674,6675,6676,6677,6678,6679,6680,6681,6682,6683,6684,6685,6686,6687,6688,6689,6690,6691,6692,6693,6694,6695,6696,6697,6698,6699,6700,6701,6702,6703,6704,6705,6706,6707,6708,6709,6710,6711,6712,6713,6714,6715,6716,6717,6718,6719,6720,6721,6722,6723,6724,6725,6726,6727,6728,6729,6730,6731,6732,6733,6734,6735,6736,6737,6738,6739,6740,6741,6742,6743,6744,6745,6746,6747,6748,6749,6750,6751,6752,6753,6754,6755,6756,6757,6758,6759,6760,6761,6762,6763,6764,6765,6766,6767,6768,6769,6770,6771,6772,6773,6774,6775,6776,6777,6778,6779,6780,6781,6782,6783,6784,6785,6786,6787,6788,6789,6790,6791,6792,6793,6794,6795,6796,6797,6798,6799,6800,6801,6802,6803,6804,6805,6806,6807,6808,6809,6810,6811,6812,6813,6814,6815,6816,6817,6818,6819,6820,6821,6822,6823,6824,6825,6826,6827,6828,6829,6830,6831,6832,6833,6834,6835,6836,6837,6838,6839,6840,6841,6842,6843,6844,6845,6846,6847,6848,6849,6850,6851,6852,6853,6854,6855,6856,6857,6858,6859,6860,6861,6862,6863,6864,6865,6866,6867,6868,6869,6870,6871,6872,6873,6874,6875,6876,6877,6878,6879,6880,6881,6882,6883,6884,6885,6886,6887,6888,6889,6890,6891,6892,6893,6894,6895,6896,6897,6898,6899,6900,6901,6902,6903,6904,6905,6906,6907,6908,6909,6910,6911,6912,6913,6914,6915,6916,6917,6918,6919,6920,6921,6922,6923,6924,6925,6926,6927,6928,6929,6930,6931,6932,6933,6934,6935,6936,6937,6938,6939,6940,6941,6942,6943,6944,6945,6946,6947,6948,6949,6950,6951,6952,6953,6954,6955,6956,6957,6958,6959,6960,6961,6962,6963,6964,6965,6966,6967,6968,6969,6970,6971,6972,6973,6974,6975,6976,6977,6978,6979,6980,6981,6982,6983,6984,6985,6986,6987,6988,6989,6990,6991,6992,6993,6994,6995,6996,6997,6998,6999,7000
0,0.11330754402058073,0.11330754402058073,0.11330754402058073,0.11330754402058073,0.11330754402058073,0.11330754402058073,0.11330754402058073,0.11330754402058073,0.11330754402058073,0.11330754402058073,0.11330754402058073,0.11330754402058073,0.11330754402058073,0.11330754402058073,0.11330754402058073,0.11330754402058073,0.11330754402058073,0.11330754402058073,0.11330754402058073,0.11330754402058073,0.11330754402058073,0.11330754402058073,0.11330754402058073,0.11330754402058073,0.11330754402058073,0.11330754402058073,0.11330754402058073,0.11330754402058073,0.11330754402058073,0.11330754402058073,0.11330754402058073,0.11330754402058073,0.11330754402058073,0.11330754402058073,0.11330754402058073,0.11330754402058073,0.11330754402058073,0.11330754402058073,0.11330754402058073,0.11330754402058073,0.11330754402058073,0.11330754402058073,0.11330754402058073,0.11330754402058073,0.11330754402058073,0.11330754402058073,0.11330754402058073,0.11330754402058073,0.11330754402058073,0.11330754402058073,0.11330754402058073,0.11330754402058073,0.11330754402058073,0.11330754402058073,0.11330754402058073,0.11330754402058073,0.11330754402058073,0.11330754402058073,0.11330754402058073,0.11330754402058073,0.11330754402058073,0.11330754402058073,0.11330754402058073,0.11330754402058073,0.11330754402058073,0.11330754402058073,0.11330754402058073,0.11330754402058073,0.11330754402058073,0.11330754402058073,0.11330754402058073,0.11330754402058073,0.11330754402058073,0.11330754402058073,0.11330754402058073,0.11330754402058073,0.11330754402058073,0.11330754402058073,0.11330754402058073,0.11330754402058073,0.11330754402058073,0.11330754402058073,0.11330754402058073,0.11330754402058073,0.11330754402058073,0.11330754402058073,0.11330754402058073,0.11330754402058073,0.11330754402058073,0.11330754402058073,0.11330754402058073,0.11330754402058073,0.11330754402058073,0.11330754402058073,0.11330754402058073,0.11330754402058073,0.11330754402058073,0.11330754402058073,0.11330754402058073,0.11330754402058073,0.11330754402058073,0.11330754402058073,0.11330754402058073,0.11330754402058073,0.11330754402058073,0.11330754402058073,0.11330754402058073,0.11330754402058073,0.11330754402058073,0.11330754402058073,0.11330754402058073,0.11330754402058073,0.11330754402058073,0.11330754402058073,0.11330754402058073,0.11330754402058073,0.11330754402058073,0.11330754402058073,0.11330754402058073,0.11330754402058073,0.11330754402058073,0.11330754402058073,0.11330754402058073,0.11330754402058073,0.11330754402058073,0.11330754402058073,0.11330754402058073,0.11330754402058073,0.11330754402058073,0.11330754402058073,0.11330754402058073,0.11330754402058073,0.11330754402058073,0.11330754402058073,0.11330754402058073,0.11330754402058073,0.11330754402058073,0.11330754402058073,0.11330754402058073,0.11330754402058073,0.11330754402058073,0.11330754402058073,0.11330754402058073,0.11330754402058073,0.11330754402058073,0.11330754402058073,0.11330754402058073,0.11330754402058073,0.11330754402058073,0.11330754402058073,0.11330754402058073,0.11330754402058073,0.11330754402058073,0.11330754402058073,0.11330754402058073,0.11330754402058073,0.11330754402058073,0.11330754402058073,0.11330754402058073,0.11330754402058073,0.11330754402058073,0.11330754402058073,0.11330754402058073,0.11330754402058073,0.11330754402058073,0.11330754402058073,0.11330754402058073,0.11330754402058073,0.11330754402058073,0.11330754402058073,0.11330754402058073,0.11330754402058073,0.11330754402058073,0.11330754402058073,0.11330754402058073,0.11330754402058073,0.11330754402058073,0.11330754402058073,0.11330754402058073,0.11330754402058073,0.11330754402058073,0.11330754402058073,0.11330754402058073,0.11330754402058073,0.11330754402058073,0.11330754402058073,0.11330754402058073,0.11330754402058073,0.11330754402058073,0.11330754402058073,0.11330754402058073,0.11330754402058073,0.11330754402058073,0.11330754402058073,0.11330754402058073,0.11330754402058073,0.11330754402058073,0.11330754402058073,0.11330754402058073,0.11330754402058073,0.11330754402058073,0.11330754402058073,0.11330754402058073,0.11330754402058073,0.11330754402058073,0.11330754402058073,0.11330754402058073,0.11330754402058073,0.11330754402058073,0.11330754402058073,0.11330754402058073,0.11330754402058073,0.11330754402058073,0.11330754402058073,0.11330754402058073,0.11330754402058073,0.11330754402058073,0.11330754402058073,0.11330754402058073,0.11330754402058073,0.11330754402058073,0.11330754402058073,0.11330754402058073,0.11330754402058073,0.11330754402058073,0.11330754402058073,0.11330754402058073,0.11330754402058073,0.11330754402058073,0.11330754402058073,0.11330754402058073,0.11330754402058073,0.11330754402058073,0.11330754402058073,0.11330754402058073,0.11330754402058073,0.11330754402058073,0.11330754402058073,0.11330754402058073,0.11330754402058073,0.11330754402058073,0.11330754402058073,0.11330754402058073,0.11330754402058073,0.11330754402058073,0.11330754402058073,0.11330754402058073,0.11330754402058073,0.11330754402058073,0.11330754402058073,0.11330754402058073,0.11330754402058073,0.11330754402058073,0.11330754402058073,0.11330754402058073,0.11330754402058073,0.11330754402058073,0.11330754402058073,0.11330754402058073,0.11330754402058073,0.11330754402058073,0.11330754402058073,0.11330754402058073,0.11330754402058073,0.11330754402058073,0.11330754402058073,0.11330754402058073,0.11330754402058073,0.11330754402058073,0.11330754402058073,0.11330754402058073,0.11330754402058073,0.11330754402058073,0.11330754402058073,0.11330754402058073,0.11330754402058073,0.11330754402058073,0.11330754402058073,0.11330754402058073,0.11330754402058073,0.11330754402058073,0.11330754402058073,0.11330754402058073,0.11330754402058073,0.11330754402058073,0.11330754402058073,0.11330754402058073,0.11330754402058073,0.11330754402058073,0.11330754402058073,0.11330754402058073,0.11330754402058073,0.11330754402058073,0.11330754402058073,0.11330754402058073,0.11330754402058073,0.11330754402058073,0.11330754402058073,0.11330754402058073,0.11330754402058073,0.11330754402058073,0.11330754402058073,0.11330754402058073,0.11330754402058073,0.11330754402058073,0.11330754402058073,0.11330754402058073,0.11330754402058073,0.11330754402058073,0.11330754402058073,0.11330754402058073,0.11330754402058073,0.11330754402058073,0.11330754402058073,0.11330754402058073,0.11330754402058073,0.11330754402058073,0.11330754402058073,0.11330754402058073,0.11330754402058073,0.11330754402058073,0.11330754402058073,0.11330754402058073,0.11330754402058073,0.11330754402058073,0.11330754402058073,0.11330754402058073,0.11330754402058073,0.11330754402058073,0.11330754402058073,0.11330754402058073,0.11330754402058073,0.11330754402058073,0.11330754402058073,0.11330754402058073,0.11330754402058073,0.11330754402058073,0.11330754402058073,0.11330754402058073,0.11330754402058073,0.11330754402058073,0.11330754402058073,0.11330754402058073,0.11330754402058073,0.11330754402058073,0.11330754402058073,0.11330754402058073,0.11330754402058073,0.11330754402058073,0.11330754402058073,0.11330754402058073,0.11330754402058073,0.11330754402058073,0.11330754402058073,0.11330754402058073,0.11330754402058073,0.11330754402058073,0.11330754402058073,0.11330754402058073,0.11330754402058073,0.11330754402058073,0.11330754402058073,0.11330754402058073,0.11330754402058073,0.11330754402058073,0.11330754402058073,0.11330754402058073,0.11330754402058073,0.11330754402058073,0.11330754402058073,0.11330754402058073,0.11330754402058073,0.11330754402058073,0.11330754402058073,0.11330754402058073,0.11330754402058073,0.11330754402058073,0.11330754402058073,0.11330754402058073,0.11330754402058073,0.11330754402058073,0.11330754402058073,0.11330754402058073,0.11330754402058073,0.11330754402058073,0.11330754402058073,0.11330754402058073,0.11330754402058073,0.11330754402058073,0.11330754402058073,0.11330754402058073,0.11330754402058073,0.11330754402058073,0.11330754402058073,0.11330754402058073,0.11330754402058073,0.11330754402058073,0.11330754402058073,0.11330754402058073,0.11330754402058073,0.11330754402058073,0.11330754402058073,0.11330754402058073,0.11330754402058073,0.11330754402058073,0.11330754402058073,0.11330754402058073,0.11330754402058073,0.11330754402058073,0.11330754402058073,0.11330754402058073,0.11330754402058073,0.11330754402058073,0.11330754402058073,0.11330754402058073,0.11330754402058073,0.11330754402058073,0.11330754402058073,0.11330754402058073,0.11330754402058073,0.11330754402058073,0.11330754402058073,0.11330754402058073,0.11330754402058073,0.11330754402058073,0.11330754402058073,0.11330754402058073,0.11330754402058073,0.11330754402058073,0.11330754402058073,0.11330754402058073,0.11330754402058073,0.11330754402058073,0.11330754402058073,0.11330754402058073,0.11330754402058073,0.11330754402058073,0.11330754402058073,0.11330754402058073,0.11330754402058073,0.11330754402058073,0.11330754402058073,0.11330754402058073,0.11330754402058073,0.11330754402058073,0.11330754402058073,0.11330754402058073,0.11330754402058073,0.11330754402058073,0.11330754402058073,0.11330754402058073,0.11330754402058073,0.11330754402058073,0.11330754402058073,0.11330754402058073,0.11330754402058073,0.11330754402058073,0.11330754402058073,0.11330754402058073,0.11330754402058073,0.11330754402058073,0.11330754402058073,0.11330754402058073,0.11330754402058073,0.11330754402058073,0.11330754402058073,0.11330754402058073,0.11330754402058073,0.11330754402058073,0.11330754402058073,0.11330754402058073,0.11330754402058073,0.11330754402058073,0.11330754402058073,0.11330754402058073,0.11330754402058073,0.11330754402058073,0.11330754402058073,0.11330754402058073,0.11330754402058073,0.11330754402058073,0.11330754402058073,0.11330754402058073,0.11330754402058073,0.11330754402058073,0.11330754402058073,0.11330754402058073,0.11330754402058073,0.11330754402058073,0.11330754402058073,0.11330754402058073,0.11330754402058073,0.11330754402058073,0.11330754402058073,0.11330754402058073,0.11330754402058073,0.11330754402058073,0.11330754402058073,0.11330754402058073,0.11330754402058073,0.11330754402058073,0.11330754402058073,0.11330754402058073,0.11330754402058073,0.11330754402058073,0.11330754402058073,0.11330754402058073,0.11330754402058073,0.11330754402058073,0.11330754402058073,0.11330754402058073,0.11330754402058073,0.11330754402058073,0.11330754402058073,0.11330754402058073,0.11330754402058073,0.11330754402058073,0.11330754402058073,0.11330754402058073,0.11330754402058073,0.11330754402058073,0.11330754402058073,0.11330754402058073,0.11330754402058073,0.11330754402058073,0.11330754402058073,0.11330754402058073,0.11330754402058073,0.11330754402058073,0.11330754402058073,0.11330754402058073,0.11330754402058073,0.11330754402058073,0.11330754402058073,0.11330754402058073,0.11330754402058073,0.11330754402058073,0.11330754402058073,0.11330754402058073,0.11330754402058073,0.11330754402058073,0.11330754402058073,0.11330754402058073,0.11330754402058073,0.11330754402058073,0.11330754402058073,0.11330754402058073,0.11330754402058073,0.11330754402058073,0.11330754402058073,0.11330754402058073,0.11330754402058073,0.11330754402058073,0.11330754402058073,0.11330754402058073,0.11330754402058073,0.11330754402058073,0.11330754402058073,0.11330754402058073,0.11330754402058073,0.11330754402058073,0.11330754402058073,0.11330754402058073,0.11330754402058073,0.11330754402058073,0.11330754402058073,0.11330754402058073,0.11330754402058073,0.11330754402058073,0.11330754402058073,0.11330754402058073,0.11330754402058073,0.11330754402058073,0.11330754402058073,0.11330754402058073,0.11330754402058073,0.11330754402058073,0.11330754402058073,0.11330754402058073,0.11330754402058073,0.11330754402058073,0.11330754402058073,0.11330754402058073,0.11330754402058073,0.11330754402058073,0.11330754402058073,0.11330754402058073,0.11330754402058073,0.11330754402058073,0.11330754402058073,0.11330754402058073,0.11330754402058073,0.11330754402058073,0.11330754402058073,0.11330754402058073,0.11330754402058073,0.11330754402058073,0.11330754402058073,0.11330754402058073,0.11330754402058073,0.11330754402058073,0.11330754402058073,0.11330754402058073,0.11330754402058073,0.11330754402058073,0.11330754402058073,0.11330754402058073,0.11330754402058073,0.11330754402058073,0.11330754402058073,0.11330754402058073,0.11330754402058073,0.11330754402058073,0.11330754402058073,0.11330754402058073,0.11330754402058073,0.11330754402058073,0.11330754402058073,0.11330754402058073,0.11330754402058073,0.11330754402058073,0.11330754402058073,0.11330754402058073,0.11330754402058073,0.11330754402058073,0.11330754402058073,0.11330754402058073,0.11330754402058073,0.11330754402058073,0.11330754402058073,0.11330754402058073,0.11330754402058073,0.11330754402058073,0.11330754402058073,0.11330754402058073,0.11330754402058073,0.11330754402058073,0.11330754402058073,0.11330754402058073,0.11330754402058073,0.11330754402058073,0.11330754402058073,0.11330754402058073,0.11330754402058073,0.11330754402058073,0.11330754402058073,0.11330754402058073,0.11330754402058073,0.11330754402058073,0.11330754402058073,0.11330754402058073,0.11330754402058073,0.11330754402058073,0.11330754402058073,0.11330754402058073,0.11330754402058073,0.11330754402058073,0.11330754402058073,0.11330754402058073,0.11330754402058073,0.11330754402058073,0.11330754402058073,0.11330754402058073,0.11330754402058073,0.11330754402058073,0.11330754402058073,0.11330754402058073,0.11330754402058073,0.11330754402058073,0.11330754402058073,0.11330754402058073,0.11330754402058073,0.11330754402058073,0.11330754402058073,0.11330754402058073,0.11330754402058073,0.11330754402058073,0.11330754402058073,0.11330754402058073,0.11330754402058073,0.11330754402058073,0.11330754402058073,0.11330754402058073,0.11330754402058073,0.11330754402058073,0.11330754402058073,0.11330754402058073,0.11330754402058073,0.11330754402058073,0.11330754402058073,0.11330754402058073,0.11330754402058073,0.11330754402058073,0.11330754402058073,0.11330754402058073,0.11330754402058073,0.11330754402058073,0.11330754402058073,0.11330754402058073,0.11330754402058073,0.11330754402058073,0.11330754402058073,0.11330754402058073,0.11330754402058073,0.11330754402058073,0.11330754402058073,0.11330754402058073,0.11330754402058073,0.11330754402058073,0.11330754402058073,0.11330754402058073,0.11330754402058073,0.11330754402058073,0.11330754402058073,0.11330754402058073,0.11330754402058073,0.11330754402058073,0.11330754402058073,0.11330754402058073,0.11330754402058073,0.11330754402058073,0.11330754402058073,0.11330754402058073,0.11330754402058073,0.11330754402058073,0.11330754402058073,0.11330754402058073,0.11330754402058073,0.11330754402058073,0.11330754402058073,0.11330754402058073,0.11330754402058073,0.11330754402058073,0.11330754402058073,0.11330754402058073,0.11330754402058073,0.11330754402058073,0.11330754402058073,0.11330754402058073,0.11330754402058073,0.11330754402058073,0.11330754402058073,0.11330754402058073,0.11330754402058073,0.11330754402058073,0.11330754402058073,0.11330754402058073,0.11330754402058073,0.11330754402058073,0.11330754402058073,0.11330754402058073,0.11330754402058073,0.11330754402058073,0.11330754402058073,0.11330754402058073,0.11330754402058073,0.11330754402058073,0.11330754402058073,0.11330754402058073,0.11330754402058073,0.11330754402058073,0.11330754402058073,0.11330754402058073,0.11330754402058073,0.11330754402058073,0.11330754402058073,0.11330754402058073,0.11330754402058073,0.11330754402058073,0.11330754402058073,0.11330754402058073,0.11330754402058073,0.11330754402058073,0.11330754402058073,0.11330754402058073,0.11330754402058073,0.11330754402058073,0.11330754402058073,0.11330754402058073,0.11330754402058073,0.11330754402058073,0.11330754402058073,0.11330754402058073,0.11330754402058073,0.11330754402058073,0.11330754402058073,0.11330754402058073,0.11330754402058073,0.11330754402058073,0.11330754402058073,0.11330754402058073,0.11330754402058073,0.11330754402058073,0.11330754402058073,0.11330754402058073,0.11330754402058073,0.11330754402058073,0.11330754402058073,0.11330754402058073,0.11330754402058073,0.11330754402058073,0.11330754402058073,0.11330754402058073,0.11330754402058073,0.11330754402058073,0.11330754402058073,0.11330754402058073,0.11330754402058073,0.11330754402058073,0.11330754402058073,0.11330754402058073,0.11330754402058073,0.11330754402058073,0.11330754402058073,0.11330754402058073,0.11330754402058073,0.11330754402058073,0.11330754402058073,0.11330754402058073,0.11330754402058073,0.11330754402058073,0.11330754402058073,0.11330754402058073,0.11330754402058073,0.11330754402058073,0.11330754402058073,0.11330754402058073,0.11330754402058073,0.11330754402058073,0.11330754402058073,0.11330754402058073,0.11330754402058073,0.11330754402058073,0.11330754402058073,0.11330754402058073,0.11330754402058073,0.11330754402058073,0.11330754402058073,0.11330754402058073,0.11330754402058073,0.11330754402058073,0.11330754402058073,0.11330754402058073,0.11330754402058073,0.11330754402058073,0.11330754402058073,0.11330754402058073,0.11330754402058073,0.11330754402058073,0.11330754402058073,0.11330754402058073,0.11330754402058073,0.11330754402058073,0.11330754402058073,0.11330754402058073,0.11330754402058073,0.11330754402058073,0.11330754402058073,0.11330754402058073,0.11330754402058073,0.11330754402058073,0.11330754402058073,0.11330754402058073,0.11330754402058073,0.11330754402058073,0.11330754402058073,0.11330754402058073,0.11330754402058073,0.11330754402058073,0.11330754402058073,0.11330754402058073,0.11330754402058073,0.11330754402058073,0.11330754402058073,0.11330754402058073,0.11330754402058073,0.11330754402058073,0.11330754402058073,0.11330754402058073,0.11330754402058073,0.11330754402058073,0.11330754402058073,0.11330754402058073,0.11330754402058073,0.11330754402058073,0.11330754402058073,0.11330754402058073,0.11330754402058073,0.11330754402058073,0.11330754402058073,0.11330754402058073,0.11330754402058073,0.11330754402058073,0.11330754402058073,0.11330754402058073,0.11330754402058073,0.11330754402058073,0.11330754402058073,0.11330754402058073,0.11330754402058073,0.11330754402058073,0.11330754402058073,0.11330754402058073,0.11330754402058073,0.11330754402058073,0.11330754402058073,0.11330754402058073,0.11330754402058073,0.11330754402058073,0.11330754402058073,0.11330754402058073,0.11330754402058073,0.11330754402058073,0.11330754402058073,0.11330754402058073,0.11330754402058073,0.11330754402058073,0.11330754402058073,0.11330754402058073,0.11330754402058073,0.11330754402058073,0.11330754402058073,0.11330754402058073,0.11330754402058073,0.11330754402058073,0.11330754402058073,0.11330754402058073,0.11330754402058073,0.11330754402058073,0.11330754402058073,0.11330754402058073,0.11330754402058073,0.11330754402058073,0.11330754402058073,0.11330754402058073,0.11330754402058073,0.11330754402058073,0.11330754402058073,0.11330754402058073,0.11330754402058073,0.11330754402058073,0.11330754402058073,0.11330754402058073,0.11330754402058073,0.11330754402058073,0.11330754402058073,0.11330754402058073,0.11330754402058073,0.11330754402058073,0.11330754402058073,0.11330754402058073,0.11330754402058073,0.11330754402058073,0.11330754402058073,0.11330754402058073,0.11330754402058073,0.11330754402058073,0.11330754402058073,0.11330754402058073,0.11330754402058073,0.11330754402058073,0.11330754402058073,0.11330754402058073,0.11330754402058073,0.11330754402058073,0.11330754402058073,0.11330754402058073,0.11330754402058073,0.11330754402058073,0.11330754402058073,0.11330754402058073,0.11330754402058073,0.11330754402058073,0.11330754402058073,0.11330754402058073,0.11330754402058073,0.11330754402058073,0.11330754402058073,0.11330754402058073,0.11330754402058073,0.11330754402058073,0.11330754402058073,0.11330754402058073,0.11330754402058073,0.11330754402058073,0.11330754402058073,0.11330754402058073,0.11330754402058073,0.11330754402058073,0.11330754402058073,0.11330754402058073,0.11330754402058073,0.11330754402058073,0.11330754402058073,0.11330754402058073,0.11330754402058073,0.11330754402058073,0.11330754402058073,0.11330754402058073,0.11330754402058073,0.11330754402058073,0.11330754402058078,0.11330754402058077,0.11330754402058076,0.11330754402058077,0.11330754402058077,0.1133075440205807,0.11330754402058077,0.11330754402058077,0.11330754402058073,0.11330754402058073,0.11330754402058073,0.11330754402058078,0.11330754402058071,0.11330754402058073,0.11330754402058074,0.11330754402058071,0.11330754402058092,0.11330754402058095,0.11330754402058091,0.11330754402058092,0.11330754402058094,0.11330754402058092,0.11330754402058094,0.11330754402058092,0.11330754402058092,0.11330754402058094,0.11330754402058095,0.11330754402058098,0.11330754402058095,0.11330754402058095,0.11330754402058094,0.11330754402058095,0.11330754402058098,0.11330754402058096,0.11330754402058095,0.11330754402058095,0.11330754402058099,0.11330754402058096,0.11330754402058095,0.113307544020581,0.113307544020581,0.11330754402058095,0.11330754402058094,0.11330754402058092,0.1133075440205809,0.11330754402058087,0.11330754402058091,0.11330754402058088,0.11330754402058091,0.1133075440205809,0.11330754402058091,0.11330754402058088,0.11330754402058088,0.11330754402058091,0.11330754402058085,0.11330754402058091,0.11330754402058096,0.11330754402058094,0.11330754402058091,0.1133075440205809,0.11330754402058088,0.11330754402058091,0.11330754402058087,0.11330754402058088,0.11330754402058088,0.11330754402058087,0.11330754402058098,0.11330754402058099,0.11330754402058096,0.11330754402058103,0.113307544020581,0.11330754402058112,0.11330754402058113,0.11330754402058103,0.11330754402058103,0.11330754402058105,0.11330754402058102,0.11330754402058102,0.11330754402058113,0.11330754402058113,0.1133075440205811,0.11330754402058095,0.11330754402058105,0.11330754402058105,0.11330754402058105,0.11330754402058107,0.11330754402058114,0.11330754402058113,0.11330754402058116,0.11330754402058131,0.11330754402058141,0.11330754402058138,0.11330754402058137,0.11330754402058131,0.1133075440205814,0.11330754402058145,0.1133075440205814,0.11330754402058149,0.11330754402058145,0.1133075440205815,0.11330754402058146,0.11330754402058149,0.11330754402058145,0.1133075440205816,0.1133075440205816,0.11330754402058159,0.11330754402058163,0.11330754402058156,0.11330754402058152,0.11330754402058153,0.11330754402058157,0.1133075440205816,0.1133075440205816,0.11330754402058157,0.11330754402058152,0.11330754402058166,0.11330754402058159,0.11330754402058185,0.11330754402058185,0.11330754402058169,0.11330754402058169,0.1133075440205817,0.11330754402058169,0.11330754402058184,0.11330754402058181,0.11330754402058137,0.11330754402058141,0.11330754402058141,0.1133075440205814,0.11330754402058155,0.11330754402058167,0.11330754402058166,0.11330754402058145,0.11330754402058156,0.11330754402058174,0.11330754402058166,0.11330754402058152,0.11330754402058169,0.1133075440205828,0.11330754402058282,0.11330754402058284,0.11330754402058285,0.11330754402058284,0.11330754402058281,0.11330754402058239,0.11330754402058234,0.11330754402058234,0.11330754402058227,0.11330754402058063,0.11330754402058167,0.11330754402058174,0.11330754402058033,0.1133075440205803,0.11330754402057856,0.11330754402057856,0.11330754402057856,0.11330754402057856,0.11330754402057854,0.11330754402057693,0.11330754402057691,0.11330754402058008,0.11330754402057924,0.11330754402057729,0.1133075440205751,0.1133075440205788,0.11330754402057873,0.11330754402058489,0.1133075440205849,0.11330754402058492,0.11330754402058495,0.11330754402058488,0.11330754402058626,0.1133075440205864,0.1133075440205864,0.11330754402058682,0.11330754402058671,0.11330754402058686,0.11330754402058692,0.113307544020587,0.1133075440205885,0.11330754402058872,0.11330754402058997,0.11330754402059007,0.11330754402058986,0.11330754402059082,0.11330754402058944,0.11330754402058951,0.11330754402058926,0.1133075440205903,0.11330754402059079,0.11330754402058976,0.1133075440205901,0.11330754402059053,0.11330754402059053,0.11330754402059105,0.11330754402059148,0.11330754402059084,0.11330754402059158,0.11330754402059141,0.11330754402059126,0.11330754402059073,0.11330754402059096,0.11330754402059098,0.11330754402059094,0.11330754402059093,0.11330754402059123,0.11330754402059177,0.11330754402059186,0.11330754402059194,0.11330754402059283,0.11330754402059197,0.1133075440205915,0.1133075440205915,0.11330754402059148,0.11330754402059143,0.11330754402059137,0.11330754402059103,0.11330754402059068,0.11330754402059035,0.1133075440205904,0.11330754402059048,0.113307544020591,0.11330754402059066,0.11330754402059057,0.11330754402059175,0.11330754402059179,0.11330754402059166,0.11330754402059173,0.11330754402059197,0.11330754402059183,0.11330754402059161,0.11330754402059166,0.11330754402059226,0.1133075440205922,0.113307544020592,0.11330754402059202,0.11330754402059204,0.11330754402059155,0.1133075440205915,0.11330754402059148,0.1133075440205923,0.11330754402059219,0.11330754402059202,0.11330754402059312,0.11330754402059307,0.11330754402059343,0.11330754402059315,0.11330754402059316,0.1133075440205933,0.11330754402059194,0.11330754402059195,0.11330754402059197,0.11330754402059208,0.1133075440205921,0.11330754402059245,0.11330754402059302,0.11330754402059269,0.11330754402059268,0.11330754402059252,0.11330754402059233,0.11330754402059233,0.11330754402059287,0.11330754402059286,0.11330754402059283,0.1133075440205925,0.11330754402059132,0.11330754402059091,0.11330754402059101,0.11330754402059087,0.11330754402059086,0.11330754402059107,0.11330754402059016,0.11330754402059035,0.11330754402059057,0.11330754402059061,0.1133075440205913,0.11330754402059173,0.11330754402059175,0.11330754402059257,0.11330754402059268,0.1133075440205927,0.11330754402059341,0.11330754402059387,0.11330754402059394,0.11330754402059255,0.11330754402059277,0.11330754402059298,0.11330754402059297,0.11330754402059245,0.11330754402059245,0.1133075440205924,0.1133075440205924,0.11330754402059211,0.11330754402059202,0.11330754402059291,0.11330754402059307,0.11330754402059248,0.1133075440205925,0.11330754402059291,0.11330754402059295,0.11330754402059307,0.11330754402059307,0.11330754402059312,0.1133075440205948,0.11330754402059608,0.11330754402059606,0.11330754402059609,0.11330754402059708,0.11330754402059687,0.11330754402059692,0.11330754402059702,0.11330754402059834,0.11330754402059759,0.11330754402059758,0.11330754402059756,0.11330754402059759,0.11330754402059771,0.11330754402059783,0.11330754402059792,0.11330754402059795,0.11330754402059744,0.11330754402059755,0.11330754402059771,0.11330754402059762,0.11330754402059756,0.11330754402059791,0.11330754402059733,0.11330754402059735,0.11330754402059626,0.11330754402059531,0.11330754402059522,0.11330754402059531,0.11330754402059527,0.11330754402059476,0.11330754402059626,0.11330754402059619,0.11330754402059622,0.11330754402059623,0.11330754402059603,0.1133075440205966,0.11330754402059674,0.11330754402059444,0.11330754402059431,0.11330754402059437,0.11330754402059509,0.1133075440205949,0.11330754402059497,0.11330754402059487,0.11330754402059492,0.11330754402059488,0.11330754402059495,0.11330754402059494,0.11330754402059492,0.11330754402059619,0.11330754402059581,0.11330754402059576,0.11330754402059548,0.11330754402059545,0.11330754402059555,0.11330754402059576,0.1133075440205957,0.11330754402059587,0.11330754402059565,0.11330754402059666,0.1133075440205967,0.11330754402059652,0.11330754402059784,0.11330754402059846,0.11330754402059849,0.113307544020599,0.11330754402059932,0.1133075440205992,0.11330754402059882,0.11330754402059887,0.11330754402059882,0.1133075440205988,0.11330754402059873,0.11330754402059873,0.11330754402059857,0.11330754402059838,0.11330754402059888,0.11330754402059888,0.11330754402059884,0.11330754402059935,0.11330754402059909,0.11330754402059912,0.11330754402059943,0.11330754402059914,0.11330754402059943,0.11330754402059948,0.11330754402059977,0.11330754402059985,0.11330754402059988,0.11330754402059975,0.11330754402059971,0.11330754402059957,0.11330754402059952,0.11330754402059974,0.11330754402060025,0.11330754402060045,0.11330754402060028,0.11330754402059978,0.11330754402059925,0.11330754402059924,0.11330754402059924,0.11330754402059932,0.11330754402059924,0.11330754402059923,0.11330754402059935,0.1133075440206001,0.11330754402060127,0.11330754402060139,0.11330754402060154,0.11330754402060142,0.11330754402060159,0.11330754402060161,0.11330754402060385,0.1133075440206052,0.11330754402060514,0.11330754402060586,0.11330754402060568,0.11330754402060536,0.11330754402060436,0.11330754402060496,0.11330754402060488,0.11330754402060436,0.1133075440206052,0.11330754402060549,0.11330754402060568,0.11330754402060488,0.11330754402060499,0.11330754402060507,0.11330754402060511,0.11330754402060556,0.11330754402060553,0.11330754402060556,0.11330754402060543,0.11330754402060525,0.11330754402060454,0.11330754402060435,0.11330754402060549,0.11330754402060525,0.11330754402060524,0.11330754402060511,0.11330754402060367,0.11330754402060357,0.11330754402060317,0.11330754402060285,0.11330754402060458,0.11330754402060482,0.11330754402060192,0.11330754402060196,0.1133075440206024,0.11330754402060224,0.11330754402060245,0.11330754402060228,0.11330754402060245,0.11330754402060246,0.11330754402060264,0.11330754402060163,0.11330754402060221,0.11330754402060181,0.11330754402060209,0.11330754402060135,0.11330754402060139,0.11330754402060132,0.11330754402060164,0.11330754402060157,0.11330754402060195,0.11330754402060136,0.11330754402060134,0.11330754402060131,0.11330754402060117,0.11330754402060124,0.11330754402060125,0.11330754402060056,0.11330754402060118,0.11330754402060132,0.11330754402060135,0.11330754402060338,0.1133075440206036,0.11330754402060343,0.11330754402060349,0.11330754402060356,0.1133075440206036,0.11330754402060372,0.11330754402060393,0.11330754402060392,0.11330754402060471,0.11330754402060629,0.11330754402060521,0.1133075440206052,0.11330754402060585,0.11330754402060571,0.11330754402060568,0.11330754402060572,0.11330754402060567,0.11330754402060632,0.11330754402060637,0.11330754402060633,0.11330754402060629,0.11330754402060778,0.11330754402060766,0.11330754402060769,0.11330754402060766,0.11330754402060747,0.1133075440206078,0.11330754402060778,0.11330754402060776,0.11330754402060851,0.11330754402060848,0.11330754402060864,0.11330754402060855,0.11330754402060837,0.1133075440206081,0.11330754402060807,0.11330754402060787,0.11330754402060794,0.11330754402060804,0.11330754402060862,0.11330754402060748,0.11330754402060748,0.11330754402060739,0.11330754402060741,0.11330754402060729,0.11330754402060723,0.11330754402060726,0.11330754402060718,0.11330754402060707,0.11330754402060693,0.11330754402060733,0.11330754402060739,0.11330754402060736,0.11330754402060736,0.11330754402060722,0.11330754402060719,0.11330754402060701,0.11330754402060648,0.11330754402060637,0.1133075440206062,0.11330754402060607,0.1133075440206062,0.1133075440206075,0.11330754402060729,0.11330754402060729,0.11330754402060726,0.11330754402060735,0.1133075440206073,0.11330754402060757,0.11330754402060757,0.11330754402060653,0.11330754402060596,0.11330754402060546,0.11330754402060536,0.11330754402060529,0.11330754402060532,0.11330754402060603,0.11330754402060617,0.11330754402060629,0.11330754402060643,0.11330754402060583,0.11330754402060589,0.11330754402060672,0.11330754402060679,0.11330754402060607,0.11330754402060662,0.11330754402060665,0.11330754402060665,0.11330754402060668,0.1133075440206068,0.11330754402060679,0.11330754402060679,0.11330754402060764,0.11330754402060765,0.11330754402060758,0.11330754402060732,0.11330754402060728,0.11330754402060725,0.1133075440206073,0.11330754402060736,0.11330754402060722,0.11330754402060651,0.11330754402060705,0.11330754402060751,0.11330754402060741,0.11330754402060716,0.11330754402060719,0.11330754402060722,0.11330754402060708,0.11330754402060621,0.11330754402060622,0.11330754402060621,0.11330754402060685,0.11330754402060647,0.11330754402060653,0.11330754402060675,0.11330754402060665,0.11330754402060679,0.11330754402060672,0.11330754402060667,0.11330754402060669,0.11330754402060664,0.11330754402060655,0.11330754402060667,0.11330754402060675,0.11330754402060714,0.11330754402060723,0.11330754402060741,0.11330754402060736,0.11330754402060733,0.11330754402060733,0.1133075440206081,0.11330754402060805,0.11330754402060826,0.1133075440206084,0.11330754402060834,0.11330754402060839,0.11330754402060834,0.11330754402060805,0.113307544020608,0.11330754402060801,0.11330754402060846,0.11330754402060843,0.11330754402060843,0.11330754402060848,0.11330754402060858,0.11330754402060843,0.11330754402060843,0.11330754402060851,0.11330754402060858,0.11330754402060855,0.11330754402060858,0.11330754402060852,0.11330754402060846,0.11330754402060848,0.11330754402060844,0.11330754402060919,0.11330754402060896,0.11330754402060893,0.11330754402060898,0.11330754402060966,0.11330754402060937,0.11330754402060961,0.11330754402060972,0.11330754402060964,0.11330754402060964,0.11330754402060958,0.11330754402060877,0.11330754402060882,0.11330754402060887,0.11330754402060891,0.11330754402060841,0.11330754402060836,0.11330754402060852,0.11330754402060854,0.11330754402060884,0.11330754402060911,0.1133075440206086,0.11330754402060869,0.1133075440206087,0.1133075440206096,0.11330754402060933,0.11330754402060933,0.11330754402060948,0.11330754402060876,0.11330754402060832,0.11330754402060822,0.11330754402060822,0.11330754402060877,0.11330754402060869,0.11330754402060632,0.11330754402060576,0.11330754402060568,0.11330754402060565,0.1133075440206054,0.11330754402060515,0.11330754402060594,0.11330754402060643,0.1133075440206062,0.11330754402060642,0.1133075440206063,0.11330754402060621,0.11330754402060612,0.1133075440206062,0.11330754402060599,0.11330754402060608,0.11330754402060599,0.11330754402060556,0.11330754402060554,0.11330754402060556,0.11330754402060557,0.11330754402060524,0.11330754402060525,0.11330754402060524,0.11330754402060532,0.11330754402060496,0.11330754402060465,0.11330754402060461,0.11330754402060471,0.11330754402060583,0.11330754402060593,0.1133075440206059,0.11330754402060585,0.1133075440206058,0.11330754402060665,0.11330754402060667,0.11330754402060665,0.11330754402060544,0.11330754402060532,0.11330754402060533,0.11330754402060485,0.1133075440206047,0.11330754402060504,0.11330754402060475,0.11330754402060492,0.1133075440206062,0.11330754402060624,0.11330754402060582,0.11330754402060611,0.11330754402060658,0.11330754402060712,0.11330754402060693,0.1133075440206072,0.11330754402060714,0.11330754402060769,0.11330754402060791,0.11330754402060776,0.11330754402060786,0.11330754402060797,0.11330754402060786,0.11330754402060797,0.11330754402060797,0.11330754402060797,0.11330754402060769,0.11330754402060769,0.11330754402060751,0.11330754402060732,0.11330754402060718,0.11330754402060739,0.11330754402060739,0.1133075440206075,0.1133075440206075,0.11330754402060743,0.1133075440206075,0.11330754402060746,0.11330754402060751,0.1133075440206076,0.11330754402060747,0.11330754402060737,0.11330754402060766,0.11330754402060782,0.11330754402060776,0.11330754402060778,0.11330754402060779,0.11330754402060762,0.11330754402060755,0.11330754402060743,0.11330754402060732,0.11330754402060728,0.11330754402060622,0.11330754402060608,0.11330754402060615,0.11330754402060617,0.11330754402060618,0.1133075440206062,0.11330754402060604,0.11330754402060503,0.113307544020605,0.11330754402060496,0.11330754402060493,0.11330754402060497,0.11330754402060494,0.113307544020605,0.11330754402060512,0.11330754402060507,0.11330754402060501,0.11330754402060499,0.113307544020605,0.11330754402060501,0.11330754402060497,0.11330754402060493,0.11330754402060497,0.11330754402060628,0.113307544020606,0.11330754402060565,0.113307544020606,0.11330754402060603,0.11330754402060592,0.11330754402060592,0.11330754402060593,0.113307544020606,0.11330754402060592,0.11330754402060628,0.11330754402060648,0.11330754402060632,0.11330754402060629,0.11330754402060673,0.11330754402060676,0.11330754402060657,0.11330754402060665,0.11330754402060655,0.11330754402060664,0.11330754402060657,0.11330754402060624,0.11330754402060626,0.11330754402060614,0.11330754402060596,0.11330754402060586,0.11330754402060575,0.1133075440206058,0.11330754402060576,0.11330754402060578,0.11330754402060578,0.11330754402060574,0.11330754402060578,0.11330754402060579,0.11330754402060576,0.11330754402060576,0.11330754402060583,0.11330754402060582,0.11330754402060587,0.11330754402060585,0.11330754402060571,0.11330754402060667,0.11330754402060651,0.11330754402060696,0.11330754402060694,0.11330754402060833,0.11330754402060844,0.11330754402060858,0.11330754402060851,0.11330754402060854,0.11330754402060865,0.11330754402060869,0.11330754402060855,0.11330754402060854,0.11330754402060854,0.11330754402060854,0.11330754402060858,0.11330754402060852,0.11330754402060865,0.1133075440206085,0.11330754402060976,0.11330754402061059,0.11330754402061154,0.11330754402061145,0.11330754402061134,0.11330754402061197,0.11330754402061208,0.11330754402061208,0.11330754402061133,0.11330754402061137,0.11330754402061138,0.11330754402061126,0.11330754402061138,0.11330754402061138,0.11330754402061138,0.11330754402061134,0.11330754402061105,0.11330754402061109,0.11330754402061081,0.11330754402061083,0.11330754402061076,0.11330754402061077,0.1133075440206108,0.11330754402061081,0.11330754402061083,0.11330754402061098,0.1133075440206111,0.11330754402061126,0.11330754402061126,0.11330754402061126,0.11330754402061116,0.11330754402061119,0.11330754402061129,0.1133075440206113,0.11330754402061127,0.11330754402061124,0.11330754402061118,0.11330754402061115,0.1133075440206117,0.11330754402061241,0.11330754402061245,0.11330754402061374,0.11330754402061372,0.11330754402061372,0.1133075440206138,0.11330754402061377,0.11330754402061377,0.1133075440206137,0.11330754402061355,0.11330754402061355,0.11330754402061351,0.1133075440206133,0.11330754402061344,0.11330754402061324,0.1133075440206139,0.11330754402061374,0.11330754402061358,0.11330754402061298,0.11330754402061326,0.11330754402061327,0.11330754402061338,0.11330754402061323,0.11330754402061326,0.11330754402061338,0.1133075440206133,0.11330754402061326,0.11330754402061324,0.1133075440206132,0.11330754402061215,0.1133075440206122,0.1133075440206122,0.11330754402061205,0.11330754402061204,0.11330754402061174,0.11330754402061177,0.11330754402061206,0.11330754402061226,0.11330754402061227,0.11330754402061254,0.11330754402061252,0.11330754402061255,0.11330754402061208,0.11330754402061206,0.11330754402061206,0.11330754402061213,0.11330754402061194,0.11330754402061147,0.11330754402061079,0.11330754402061012,0.11330754402061045,0.11330754402061044,0.11330754402061109,0.11330754402061105,0.11330754402061108,0.11330754402061101,0.11330754402061104,0.1133075440206109,0.11330754402061098,0.11330754402061101,0.11330754402061097,0.113307544020611,0.11330754402061097,0.11330754402061088,0.11330754402061075,0.11330754402061108,0.11330754402061312,0.11330754402061274,0.11330754402061283,0.11330754402061291,0.11330754402061329,0.11330754402061315,0.1133075440206132,0.113307544020613,0.1133075440206129,0.11330754402061291,0.11330754402061327,0.11330754402061322,0.11330754402061313,0.11330754402061312,0.1133075440206132,0.11330754402061317,0.11330754402061344,0.1133075440206136,0.1133075440206132,0.11330754402061308,0.11330754402061212,0.11330754402061208,0.11330754402061226,0.11330754402061217,0.11330754402061212,0.1133075440206118,0.11330754402061224,0.11330754402061236,0.11330754402061224,0.11330754402061223,0.11330754402061227,0.1133075440206126,0.11330754402061287,0.11330754402061298,0.11330754402061312,0.11330754402061335,0.11330754402061353,0.11330754402061392,0.1133075440206139,0.11330754402061403,0.1133075440206142,0.11330754402061384,0.11330754402061388,0.11330754402061381,0.11330754402061406,0.11330754402061405,0.11330754402061408,0.11330754402061383,0.11330754402061334,0.11330754402061338,0.1133075440206129,0.11330754402061215,0.1133075440206122,0.1133075440206122,0.11330754402061217,0.11330754402061219,0.11330754402061217,0.11330754402061216,0.1133075440206122,0.11330754402061217,0.11330754402061216,0.11330754402061216,0.11330754402061217,0.11330754402061217,0.11330754402061216,0.11330754402061213,0.11330754402061219,0.11330754402061217,0.11330754402061216,0.1133075440206122,0.11330754402061222,0.1133075440206122,0.11330754402061223,0.11330754402061224,0.11330754402061222,0.11330754402061219,0.11330754402061222,0.11330754402061217,0.1133075440206122,0.11330754402061224,0.11330754402061222,0.11330754402061222,0.1133075440206122,0.11330754402061219,0.1133075440206122,0.11330754402061222,0.11330754402061226,0.11330754402061224,0.11330754402061226,0.11330754402061227,0.11330754402061224,0.11330754402061226,0.1133075440206123,0.11330754402061227,0.11330754402061222,0.11330754402061227,0.11330754402061226,0.11330754402061227,0.11330754402061236,0.11330754402061229,0.11330754402061231,0.1133075440206123,0.11330754402061255,0.11330754402061252,0.11330754402061255,0.11330754402061252,0.11330754402061254,0.11330754402061252,0.11330754402061259,0.11330754402061255,0.11330754402061255,0.11330754402061256,0.11330754402061256,0.11330754402061256,0.11330754402061255,0.11330754402061258,0.11330754402061259,0.11330754402061258,0.11330754402061255,0.11330754402061254,0.11330754402061254,0.11330754402061256,0.11330754402061248,0.11330754402061251,0.11330754402061252,0.11330754402061254,0.11330754402061247,0.1133075440206125,0.11330754402061251,0.11330754402061254,0.11330754402061247,0.11330754402061255,0.11330754402061252,0.1133075440206125,0.1133075440206125,0.11330754402061252,0.1133075440206125,0.11330754402061251,0.11330754402061242,0.11330754402061252,0.11330754402061245,0.11330754402061244,0.11330754402061248,0.11330754402061252,0.11330754402061244,0.11330754402061247,0.11330754402061245,0.11330754402061247,0.11330754402061247,0.11330754402061244,0.11330754402061244,0.11330754402061245,0.11330754402061242,0.11330754402061244,0.11330754402061245,0.1133075440206125,0.11330754402061244,0.11330754402061245,0.11330754402061242,0.11330754402061247,0.11330754402061244,0.11330754402061247,0.11330754402061242,0.11330754402061245,0.11330754402061245,0.11330754402061244,0.11330754402061244,0.11330754402061245,0.11330754402061248,0.11330754402061245,0.11330754402061245,0.11330754402061242,0.11330754402061244,0.11330754402061247,0.11330754402061244,0.11330754402061245,0.11330754402061248,0.11330754402061244,0.11330754402061242,0.11330754402061245,0.11330754402061245,0.11330754402061248,0.11330754402061244,0.11330754402061245,0.11330754402061241,0.11330754402061245,0.11330754402061242,0.11330754402061245,0.11330754402061247,0.11330754402061244,0.11330754402061244,0.11330754402061247,0.11330754402061245,0.11330754402061244,0.11330754402061247,0.11330754402061248,0.11330754402061245,0.1133075440206125,0.11330754402061245,0.11330754402061245,0.11330754402061244,0.11330754402061242,0.11330754402061242,0.11330754402061247,0.11330754402061244,0.11330754402061242,0.11330754402061245,0.11330754402061245,0.11330754402061245,0.11330754402061244,0.11330754402061245,0.11330754402061245,0.11330754402061244,0.11330754402061245,0.11330754402061244,0.11330754402061247,0.11330754402061244,0.11330754402061244,0.11330754402061244,0.11330754402061241,0.11330754402061247,0.11330754402061244,0.11330754402061244,0.1133075440206125,0.11330754402061245,0.11330754402061244,0.11330754402061242,0.11330754402061245,0.11330754402061244,0.11330754402061242,0.11330754402061244,0.11330754402061244,0.11330754402061247,0.11330754402061242,0.11330754402061242,0.11330754402061245,0.11330754402061244,0.11330754402061244,0.11330754402061244,0.11330754402061245,0.11330754402061244,0.11330754402061242,0.11330754402061244,0.11330754402061244,0.11330754402061242,0.11330754402061244,0.11330754402061244,0.11330754402061242,0.11330754402061242,0.11330754402061244,0.11330754402061244,0.11330754402061244,0.11330754402061244,0.11330754402061245,0.11330754402061244,0.11330754402061244,0.11330754402061244,0.11330754402061244,0.11330754402061244,0.11330754402061241,0.11330754402061244,0.1133075440206124,0.11330754402061242,0.11330754402061242,0.11330754402061236,0.11330754402061238,0.11330754402061236,0.11330754402061236,0.11330754402061237,0.11330754402061236,0.11330754402061236,0.11330754402061236,0.11330754402061236,0.11330754402061237,0.11330754402061236,0.11330754402061236,0.11330754402061236,0.11330754402061238,0.11330754402061237,0.11330754402061237,0.11330754402061237,0.11330754402061237,0.11330754402061242,0.11330754402061234,0.11330754402061238,0.1133075440206124,0.1133075440206124,0.11330754402061238,0.1133075440206124,0.11330754402061241,0.11330754402061238,0.11330754402061237,0.11330754402061234,0.11330754402061238,0.1133075440206124,0.11330754402061238,0.11330754402061236,0.11330754402061237,0.11330754402061237,0.11330754402061237,0.11330754402061238,0.1133075440206124,0.11330754402061242,0.11330754402061236,0.11330754402061242,0.11330754402061237,0.11330754402061237,0.11330754402061237,0.11330754402061236,0.11330754402061236,0.11330754402061236,0.11330754402061242,0.11330754402061237,0.11330754402061236,0.11330754402061238,0.11330754402061238,0.11330754402061237,0.11330754402061234,0.11330754402061242,0.11330754402061237,0.11330754402061236,0.11330754402061238,0.11330754402061236,0.11330754402061236,0.11330754402061233,0.11330754402061234,0.11330754402061234,0.11330754402061234,0.11330754402061236,0.11330754402061233,0.11330754402061236,0.11330754402061236,0.11330754402061231,0.11330754402061233,0.11330754402061234,0.11330754402061231,0.11330754402061236,0.11330754402061234,0.11330754402061227,0.11330754402061236,0.1133075440206123,0.11330754402061231,0.11330754402061233,0.11330754402061234,0.11330754402061234,0.11330754402061236,0.11330754402061238,0.11330754402061234,0.11330754402061234,0.11330754402061236,0.11330754402061234,0.11330754402061234,0.11330754402061237,0.11330754402061233,0.11330754402061236,0.11330754402061236,0.11330754402061234,0.11330754402061236,0.11330754402061237,0.11330754402061237,0.11330754402061234,0.11330754402061241,0.11330754402061241,0.11330754402061241,0.11330754402061238,0.1133075440206124,0.1133075440206124,0.11330754402061241,0.11330754402061237,0.11330754402061237,0.11330754402061238,0.11330754402061236,0.11330754402061237,0.11330754402061237,0.11330754402061245,0.11330754402061241,0.11330754402061242,0.11330754402061238,0.11330754402061241,0.11330754402061234,0.11330754402061238,0.11330754402061233,0.11330754402061238,0.11330754402061237,0.11330754402061236,0.11330754402061237,0.11330754402061236,0.11330754402061234,0.11330754402061234,0.11330754402061241,0.11330754402061234,0.11330754402061236,0.11330754402061237,0.11330754402061237,0.11330754402061244,0.11330754402061236,0.11330754402061234,0.11330754402061241,0.11330754402061241,0.1133075440206124,0.1133075440206124,0.11330754402061238,0.11330754402061241,0.1133075440206124,0.11330754402061238,0.11330754402061241,0.11330754402061245,0.11330754402061237,0.11330754402061236,0.11330754402061238,0.11330754402061237,0.11330754402061236,0.11330754402061237,0.11330754402061238,0.11330754402061237,0.11330754402061234,0.11330754402061234,0.11330754402061233,0.11330754402061234,0.11330754402061234,0.11330754402061234,0.11330754402061234,0.1133075440206124,0.11330754402061238,0.11330754402061238,0.11330754402061234,0.11330754402061233,0.11330754402061241,0.11330754402061226,0.11330754402061238,0.11330754402061231,0.11330754402061233,0.11330754402061233,0.11330754402061238,0.11330754402061234,0.11330754402061237,0.11330754402061233,0.11330754402061236,0.11330754402061241,0.11330754402061236,0.11330754402061238,0.11330754402061238,0.11330754402061236,0.11330754402061238,0.11330754402061242,0.1133075440206123,0.1133075440206124,0.11330754402061241,0.11330754402061241,0.1133075440206124,0.11330754402061241,0.11330754402061238,0.11330754402061238,0.11330754402061241,0.11330754402061238,0.11330754402061241,0.1133075440206124,0.11330754402061238,0.11330754402061238,0.1133075440206124,0.11330754402061237,0.1133075440206124,0.11330754402061238,0.11330754402061238,0.11330754402061241,0.1133075440206124,0.1133075440206124,0.1133075440206124,0.1133075440206124,0.11330754402061238,0.1133075440206124,0.11330754402061238,0.11330754402061238,0.11330754402061238,0.11330754402061238,0.11330754402061237,0.1133075440206124,0.1133075440206124,0.11330754402061241,0.11330754402061245,0.11330754402061244,0.11330754402061242,0.11330754402061244,0.11330754402061244,0.11330754402061247,0.11330754402061245,0.11330754402061242,0.11330754402061244,0.11330754402061244,0.11330754402061245,0.11330754402061244,0.11330754402061247,0.11330754402061244,0.11330754402061242,0.11330754402061242,0.11330754402061242,0.11330754402061244,0.11330754402061245,0.11330754402061245,0.11330754402061247,0.11330754402061242,0.11330754402061242,0.11330754402061244,0.11330754402061237,0.11330754402061236,0.11330754402061237,0.11330754402061238,0.11330754402061238,0.11330754402061238,0.11330754402061238,0.11330754402061233,0.11330754402061233,0.11330754402061244,0.11330754402061234,0.11330754402061238,0.11330754402061244,0.11330754402061238,0.1133075440206124,0.11330754402061244,0.1133075440206124,0.11330754402061241,0.11330754402061241,0.1133075440206124,0.11330754402061241,0.1133075440206124,0.11330754402061238,0.11330754402061242,0.11330754402061241,0.11330754402061242,0.11330754402061238,0.11330754402061238,0.11330754402061236,0.1133075440206124,0.11330754402061238,0.11330754402061238,0.11330754402061237,0.1133075440206123,0.11330754402061236,0.11330754402061237,0.11330754402061233,0.11330754402061241,0.1133075440206124,0.11330754402061237,0.11330754402061241,0.11330754402061233,0.11330754402061236,0.1133075440206124,0.11330754402061236,0.11330754402061234,0.11330754402061237,0.11330754402061233,0.11330754402061236,0.11330754402061234,0.11330754402061233,0.11330754402061234,0.11330754402061229,0.11330754402061234,0.11330754402061233,0.11330754402061233,0.1133075440206123,0.11330754402061233,0.11330754402061234,0.1133075440206123,0.11330754402061231,0.11330754402061231,0.11330754402061233,0.11330754402061231,0.11330754402061231,0.11330754402061231,0.1133075440206123,0.11330754402061233,0.11330754402061233,0.11330754402061231,0.1133075440206123,0.11330754402061229,0.11330754402061231,0.1133075440206123,0.11330754402061236,0.11330754402061229,0.11330754402061234,0.1133075440206123,0.11330754402061234,0.11330754402061236,0.11330754402061233,0.11330754402061233,0.11330754402061237,0.1133075440206123,0.1133075440206123,0.11330754402061234,0.11330754402061231,0.11330754402061238,0.11330754402061233,0.11330754402061236,0.11330754402061234,0.11330754402061237,0.11330754402061237,0.11330754402061236,0.11330754402061236,0.11330754402061233,0.11330754402061237,0.11330754402061233,0.11330754402061237,0.11330754402061237,0.11330754402061237,0.11330754402061233,0.11330754402061236,0.11330754402061236,0.11330754402061234,0.11330754402061242,0.11330754402061237,0.11330754402061236,0.11330754402061226,0.11330754402061231,0.11330754402061226,0.1133075440206123,0.11330754402061227,0.1133075440206123,0.1133075440206123,0.1133075440206123,0.11330754402061233,0.11330754402061234,0.11330754402061236,0.11330754402061229,0.11330754402061233,0.11330754402061234,0.11330754402061234,0.11330754402061234,0.11330754402061233,0.11330754402061233,0.1133075440206124,0.11330754402061234,0.11330754402061236,0.11330754402061231,0.11330754402061233,0.11330754402061236,0.11330754402061234,0.11330754402061234,0.11330754402061234,0.11330754402061233,0.11330754402061234,0.11330754402061236,0.11330754402061236,0.11330754402061234,0.11330754402061237,0.11330754402061236,0.11330754402061236,0.11330754402061231,0.11330754402061233,0.11330754402061234,0.11330754402061236,0.11330754402061234,0.11330754402061234,0.11330754402061236,0.11330754402061234,0.1133075440206123,0.11330754402061236,0.11330754402061234,0.11330754402061234,0.11330754402061234,0.11330754402061233,0.11330754402061227,0.11330754402061236,0.11330754402061236,0.1133075440206124,0.11330754402061237,0.11330754402061234,0.11330754402061236,0.11330754402061234,0.11330754402061234,0.11330754402061234,0.11330754402061236,0.11330754402061234,0.11330754402061234,0.11330754402061234,0.11330754402061236,0.11330754402061233,0.11330754402061233,0.11330754402061234,0.11330754402061234,0.11330754402061234,0.11330754402061233,0.11330754402061236,0.11330754402061234,0.11330754402061236,0.11330754402061234,0.11330754402061234,0.11330754402061236,0.11330754402061234,0.11330754402061236,0.11330754402061236,0.11330754402061234,0.11330754402061234,0.11330754402061237,0.11330754402061236,0.11330754402061236,0.11330754402061236,0.11330754402061234,0.11330754402061233,0.11330754402061234,0.11330754402061234,0.11330754402061233,0.1133075440206123,0.11330754402061233,0.11330754402061229,0.11330754402061231,0.11330754402061231,0.11330754402061231,0.11330754402061231,0.11330754402061234,0.11330754402061229,0.11330754402061233,0.11330754402061233,0.11330754402061233,0.11330754402061229,0.11330754402061233,0.11330754402061233,0.1133075440206123,0.11330754402061233,0.1133075440206123,0.11330754402061233,0.11330754402061231,0.11330754402061231,0.11330754402061231,0.11330754402061231,0.11330754402061234,0.11330754402061231,0.11330754402061233,0.11330754402061236,0.11330754402061198,0.11330754402061181,0.11330754402061194,0.1133075440206121,0.113307544020612,0.11330754402061198,0.11330754402061201,0.113307544020612,0.113307544020612,0.11330754402061198,0.11330754402061198,0.11330754402061197,0.113307544020612,0.11330754402061198,0.11330754402061198,0.113307544020612,0.11330754402061201,0.11330754402061197,0.11330754402061201,0.11330754402061202,0.113307544020612,0.11330754402061198,0.11330754402061198,0.11330754402061198,0.11330754402061198,0.11330754402061202,0.11330754402061202,0.11330754402061197,0.11330754402061201,0.11330754402061201,0.11330754402061201,0.11330754402061201,0.11330754402061201,0.11330754402061201,0.11330754402061202,0.11330754402061201,0.11330754402061202,0.11330754402061198,0.11330754402061206,0.11330754402061205,0.11330754402061198,0.11330754402061198,0.11330754402061205,0.11330754402061204,0.113307544020612,0.11330754402061205,0.11330754402061198,0.11330754402061202,0.11330754402061201,0.11330754402061204,0.11330754402061202,0.11330754402061202,0.11330754402061198,0.11330754402061208,0.11330754402061206,0.11330754402061204,0.11330754402061205,0.11330754402061205,0.11330754402061206,0.11330754402061204,0.11330754402061205,0.11330754402061206,0.11330754402061208,0.11330754402061208,0.11330754402061205,0.11330754402061208,0.11330754402061208,0.11330754402061202,0.11330754402061204,0.11330754402061202,0.11330754402061202,0.11330754402061202,0.11330754402061204,0.11330754402061202,0.11330754402061201,0.11330754402061201,0.11330754402061198,0.11330754402061198,0.11330754402061198,0.11330754402061198,0.11330754402061201,0.11330754402061201,0.113307544020612,0.11330754402061201,0.11330754402061201,0.11330754402061201,0.11330754402061201,0.11330754402061204,0.11330754402061205,0.11330754402061206,0.11330754402061205,0.11330754402061204,0.11330754402061205,0.11330754402061205,0.11330754402061206,0.11330754402061206,0.11330754402061204,0.11330754402061204,0.11330754402061204,0.11330754402061205,0.11330754402061204,0.11330754402061205,0.11330754402061205,0.11330754402061204,0.11330754402061204,0.11330754402061206,0.11330754402061206,0.11330754402061206,0.11330754402061206,0.11330754402061204,0.11330754402061205,0.11330754402061206,0.11330754402061208,0.11330754402061205,0.11330754402061208,0.11330754402061206,0.11330754402061206,0.11330754402061208,0.11330754402061206,0.11330754402061209,0.11330754402061208,0.11330754402061206,0.11330754402061204,0.11330754402061209,0.11330754402061208,0.11330754402061201,0.11330754402061206,0.11330754402061206,0.11330754402061208,0.11330754402061208,0.11330754402061201,0.11330754402061206,0.11330754402061208,0.11330754402061202,0.113307544020612,0.11330754402061209,0.11330754402061204,0.11330754402061202,0.11330754402061208,0.11330754402061206,0.11330754402061206,0.11330754402061206,0.11330754402061205,0.11330754402061208,0.11330754402061205,0.11330754402061205,0.11330754402061205,0.11330754402061206,0.11330754402061206,0.11330754402061202,0.11330754402061206,0.11330754402061208,0.113307544020612,0.11330754402061204,0.11330754402061202,0.11330754402061202,0.11330754402061208,0.11330754402061206,0.11330754402061206,0.11330754402061204,0.11330754402061206,0.11330754402061206,0.11330754402061205,0.11330754402061206,0.11330754402061216,0.1133075440206121,0.11330754402061206,0.11330754402061209,0.11330754402061209,0.11330754402061213,0.11330754402061213,0.1133075440206121,0.11330754402061212,0.11330754402061212,0.11330754402061212,0.11330754402061213,0.1133075440206121,0.1133075440206121,0.11330754402061213,0.11330754402061209,0.1133075440206121,0.11330754402061202,0.11330754402061209,0.11330754402061212,0.11330754402061215,0.11330754402061213,0.11330754402061212,0.11330754402061213,0.11330754402061209,0.1133075440206121,0.11330754402061209,0.11330754402061204,0.11330754402061209,0.11330754402061209,0.11330754402061202,0.11330754402061209,0.11330754402061205,0.11330754402061209,0.11330754402061209,0.11330754402061208,0.1133075440206121,0.11330754402061206,0.11330754402061206,0.11330754402061209,0.11330754402061208,0.11330754402061213,0.11330754402061209,0.11330754402061208,0.1133075440206121,0.1133075440206122,0.11330754402061202,0.11330754402061208,0.11330754402061192,0.11330754402061205,0.11330754402061204,0.11330754402061204,0.11330754402061205,0.11330754402061198,0.11330754402061202,0.11330754402061202,0.11330754402061202,0.11330754402061204,0.113307544020612,0.11330754402061201,0.11330754402061202,0.11330754402061204,0.11330754402061202,0.11330754402061202,0.11330754402061202,0.11330754402061201,0.11330754402061202,0.11330754402061205,0.11330754402061201,0.11330754402061201,0.11330754402061202,0.11330754402061205,0.11330754402061204,0.11330754402061204,0.11330754402061204,0.11330754402061204,0.11330754402061204,0.11330754402061204,0.11330754402061202,0.11330754402061202,0.11330754402061201,0.11330754402061201,0.11330754402061206,0.11330754402061204,0.11330754402061205,0.11330754402061206,0.11330754402061209,0.11330754402061204,0.11330754402061202,0.11330754402061204,0.11330754402061204,0.11330754402061205,0.11330754402061202,0.11330754402061201,0.11330754402061205,0.11330754402061197,0.11330754402061204,0.11330754402061204,0.11330754402061201,0.11330754402061202,0.11330754402061201,0.11330754402061209,0.11330754402061205,0.11330754402061206,0.11330754402061206,0.11330754402061205,0.11330754402061206,0.11330754402061205,0.11330754402061208,0.11330754402061204,0.11330754402061206,0.11330754402061208,0.11330754402061208,0.11330754402061206,0.11330754402061209,0.11330754402061204,0.1133075440206121,0.11330754402061205,0.11330754402061208,0.11330754402061206,0.11330754402061206,0.11330754402061204,0.11330754402061202,0.11330754402061202,0.11330754402061202,0.11330754402061202,0.113307544020612,0.11330754402061209,0.11330754402061208,0.11330754402061208,0.11330754402061208,0.11330754402061205,0.11330754402061209,0.11330754402061206,0.11330754402061206,0.11330754402061206,0.11330754402061205,0.11330754402061206,0.11330754402061205,0.11330754402061205,0.11330754402061197,0.11330754402061201,0.11330754402061201,0.11330754402061204,0.11330754402061202,0.113307544020612,0.11330754402061201,0.113307544020612,0.11330754402061202,0.11330754402061206,0.11330754402061204,0.11330754402061205,0.11330754402061208,0.11330754402061205,0.11330754402061205,0.11330754402061205,0.11330754402061205,0.11330754402061205,0.11330754402061205,0.1133075440206121,0.11330754402061202,0.11330754402061202,0.11330754402061204,0.11330754402061202,0.11330754402061205,0.11330754402061206,0.11330754402061205,0.11330754402061206,0.11330754402061206,0.11330754402061206,0.11330754402061204,0.11330754402061206,0.11330754402061206,0.11330754402061209,0.11330754402061202,0.11330754402061205,0.11330754402061205,0.11330754402061205,0.11330754402061202,0.11330754402061204,0.11330754402061208,0.11330754402061208,0.11330754402061202,0.11330754402061202,0.11330754402061208,0.11330754402061204,0.11330754402061204,0.11330754402061202,0.11330754402061201,0.11330754402061202,0.11330754402061205,0.11330754402061206,0.11330754402061204,0.11330754402061206,0.11330754402061204,0.11330754402061206,0.11330754402061209,0.11330754402061208,0.11330754402061206,0.11330754402061208,0.11330754402061209,0.11330754402061208,0.11330754402061208,0.11330754402061208,0.11330754402061205,0.11330754402061206,0.11330754402061205,0.11330754402061206,0.11330754402061208,0.11330754402061206,0.11330754402061206,0.11330754402061204,0.11330754402061205,0.11330754402061208,0.11330754402061206,0.11330754402061206,0.11330754402061208,0.11330754402061202,0.11330754402061208,0.11330754402061208,0.11330754402061208,0.11330754402061208,0.11330754402061209,0.11330754402061192,0.11330754402061206,0.11330754402061208,0.113307544020612,0.11330754402061206,0.11330754402061202,0.11330754402061202,0.11330754402061201,0.11330754402061202,0.11330754402061201,0.11330754402061204,0.11330754402061202,0.11330754402061202,0.11330754402061206,0.11330754402061195,0.11330754402061194,0.113307544020612,0.11330754402061201,0.11330754402061201,0.11330754402061202,0.11330754402061202,0.11330754402061202,0.11330754402061197,0.113307544020612,0.11330754402061198,0.11330754402061195,0.11330754402061197,0.11330754402061201,0.113307544020612,0.11330754402061202,0.11330754402061204,0.11330754402061202,0.11330754402061201,0.11330754402061198,0.11330754402061205,0.11330754402061197,0.11330754402061197,0.11330754402061205,0.11330754402061201,0.11330754402061198,0.11330754402061202,0.11330754402061202,0.11330754402061201,0.11330754402061205,0.11330754402061205,0.11330754402061205,0.11330754402061206,0.11330754402061198,0.11330754402061202,0.11330754402061201,0.11330754402061204,0.11330754402061198,0.11330754402061205,0.113307544020612,0.11330754402061202,0.11330754402061201,0.11330754402061201,0.113307544020612,0.11330754402061198,0.11330754402061201,0.11330754402061202,0.11330754402061202,0.113307544020612,0.113307544020612,0.11330754402061201,0.11330754402061197,0.11330754402061204,0.11330754402061198,0.113307544020612,0.11330754402061201,0.11330754402061197,0.113307544020612,0.11330754402061198,0.11330754402061198,0.11330754402061201,0.113307544020612,0.113307544020612,0.11330754402061195,0.11330754402061197,0.11330754402061198,0.11330754402061198,0.11330754402061202,0.11330754402061201,0.11330754402061198,0.11330754402061202,0.11330754402061201,0.11330754402061201,0.11330754402061202,0.113307544020612,0.11330754402061201,0.11330754402061198,0.11330754402061198,0.113307544020612,0.11330754402061201,0.11330754402061201,0.113307544020612,0.11330754402061202,0.11330754402061201,0.11330754402061198,0.11330754402061198,0.11330754402061206,0.113307544020612,0.113307544020612,0.11330754402061201,0.11330754402061205,0.11330754402061205,0.11330754402061201,0.113307544020612,0.113307544020612,0.11330754402061204,0.11330754402061206,0.11330754402061205,0.11330754402061205,0.11330754402061205,0.11330754402061205,0.11330754402061208,0.113307544020612,0.11330754402061208,0.11330754402061204,0.11330754402061205,0.11330754402061204,0.11330754402061202,0.11330754402061202,0.11330754402061204,0.11330754402061202,0.113307544020612,0.11330754402061208,0.11330754402061208,0.11330754402061206,0.11330754402061204,0.11330754402061205,0.11330754402061205,0.11330754402061205,0.11330754402061205,0.11330754402061205,0.11330754402061204,0.11330754402061206,0.11330754402061202,0.11330754402061204,0.11330754402061208,0.11330754402061205,0.11330754402061205,0.11330754402061206,0.11330754402061206,0.11330754402061204,0.11330754402061206,0.11330754402061204,0.11330754402061205,0.11330754402061208,0.11330754402061206,0.11330754402061205,0.11330754402061206,0.11330754402061206,0.11330754402061205,0.11330754402061206,0.11330754402061206,0.11330754402061204,0.11330754402061208,0.11330754402061205,0.11330754402061206,0.11330754402061206,0.11330754402061206,0.11330754402061212,0.11330754402061208,0.11330754402061206,0.11330754402061202,0.11330754402061205,0.11330754402061205,0.11330754402061204,0.11330754402061208,0.11330754402061208,0.11330754402061206,0.11330754402061205,0.11330754402061208,0.11330754402061206,0.11330754402061208,0.11330754402061206,0.11330754402061206,0.11330754402061208,0.11330754402061201,0.11330754402061205,0.11330754402061208,0.11330754402061206,0.11330754402061204,0.11330754402061205,0.11330754402061204,0.11330754402061202,0.11330754402061202,0.11330754402061205,0.11330754402061205,0.11330754402061202,0.11330754402061204,0.11330754402061202,0.11330754402061205,0.113307544020612,0.11330754402061202,0.11330754402061202,0.11330754402061204,0.11330754402061201,0.11330754402061205,0.11330754402061204,0.11330754402061204,0.11330754402061202,0.11330754402061197,0.113307544020612,0.11330754402061209,0.11330754402061204,0.11330754402061201,0.11330754402061201,0.11330754402061198,0.11330754402061205,0.11330754402061204,0.11330754402061201,0.11330754402061198,0.11330754402061202,0.11330754402061201,0.11330754402061198,0.11330754402061204,0.11330754402061202,0.11330754402061204,0.11330754402061204,0.11330754402061205,0.11330754402061204,0.11330754402061205,0.113307544020612,0.11330754402061204,0.11330754402061202,0.11330754402061202,0.11330754402061202,0.11330754402061205,0.11330754402061202,0.11330754402061202,0.11330754402061209,0.11330754402061204,0.11330754402061201,0.11330754402061201,0.11330754402061205,0.11330754402061201,0.11330754402061209,0.113307544020612,0.11330754402061209,0.11330754402061206,0.11330754402061206,0.11330754402061205,0.11330754402061206,0.11330754402061208,0.11330754402061201,0.11330754402061201,0.11330754402061201,0.11330754402061198,0.11330754402061198,0.11330754402061198,0.113307544020612,0.11330754402061205,0.11330754402061204,0.11330754402061205,0.11330754402061205,0.11330754402061206,0.11330754402061209,0.11330754402061205,0.11330754402061206,0.11330754402061205,0.11330754402061205,0.11330754402061206,0.11330754402061209,0.11330754402061206,0.11330754402061204,0.11330754402061206,0.11330754402061205,0.11330754402061208,0.11330754402061208,0.11330754402061205,0.11330754402061208,0.11330754402061208,0.11330754402061204,0.11330754402061204,0.11330754402061204,0.11330754402061202,0.11330754402061204,0.11330754402061204,0.11330754402061205,0.11330754402061202,0.11330754402061198,0.113307544020612,0.113307544020612,0.11330754402061202,0.11330754402061201,0.11330754402061202,0.11330754402061204,0.11330754402061204,0.11330754402061202,0.11330754402061202,0.11330754402061201,0.113307544020612,0.113307544020612,0.11330754402061204,0.11330754402061201,0.11330754402061201,0.113307544020612,0.11330754402061202,0.11330754402061206,0.11330754402061205,0.11330754402061205,0.11330754402061206,0.11330754402061206,0.11330754402061206,0.11330754402061208,0.11330754402061204,0.11330754402061205,0.11330754402061201,0.11330754402061204,0.11330754402061206,0.11330754402061206,0.11330754402061206,0.11330754402061204,0.11330754402061205,0.11330754402061208,0.11330754402061202,0.11330754402061201,0.11330754402061202,0.11330754402061202,0.11330754402061204,0.11330754402061205,0.11330754402061204,0.113307544020612,0.11330754402061205,0.11330754402061206,0.11330754402061206,0.11330754402061206,0.11330754402061202,0.11330754402061204,0.11330754402061202,0.11330754402061202,0.11330754402061204,0.11330754402061202,0.11330754402061201,0.113307544020612,0.11330754402061202,0.11330754402061208,0.11330754402061206,0.11330754402061204,0.11330754402061204,0.11330754402061206,0.11330754402061205,0.11330754402061204,0.11330754402061206,0.11330754402061144,0.11330754402061184,0.11330754402061183,0.11330754402061188,0.11330754402061188,0.11330754402061188,0.11330754402061188,0.1133075440206119,0.1133075440206119,0.11330754402061191,0.11330754402061188,0.11330754402061184,0.11330754402061188,0.11330754402061184,0.11330754402061184,0.11330754402061191,0.11330754402061184,0.11330754402061183,0.11330754402061183,0.11330754402061186,0.11330754402061188,0.11330754402061186,0.11330754402061184,0.1133075440206119,0.11330754402061184,0.11330754402061188,0.11330754402061186,0.11330754402061188,0.11330754402061186,0.11330754402061187,0.11330754402061192,0.11330754402061188,0.11330754402061187,0.1133075440206119,0.11330754402061177,0.1133075440206119,0.1133075440206119,0.11330754402061181,0.11330754402061184,0.11330754402061187,0.11330754402061186,0.11330754402061184,0.11330754402061184,0.11330754402061186,0.11330754402061184,0.1133075440206119,0.1133075440206119,0.11330754402061183,0.11330754402061186,0.11330754402061183,0.11330754402061184,0.11330754402061186,0.11330754402061184,0.11330754402061186,0.11330754402061186,0.11330754402061184,0.11330754402061184,0.11330754402061184,0.11330754402061187,0.11330754402061183,0.11330754402061188,0.11330754402061188,0.11330754402061187,0.11330754402061188,0.11330754402061183,0.11330754402061187,0.11330754402061186,0.11330754402061184,0.11330754402061186,0.11330754402061184,0.11330754402061184,0.11330754402061183,0.11330754402061186,0.11330754402061188,0.11330754402061187,0.11330754402061187,0.11330754402061186,0.11330754402061187,0.1133075440206119,0.11330754402061187,0.11330754402061186,0.11330754402061186,0.11330754402061184,0.11330754402061183,0.11330754402061186,0.11330754402061186,0.11330754402061186,0.11330754402061184,0.11330754402061186,0.11330754402061186,0.11330754402061186,0.11330754402061186,0.11330754402061186,0.11330754402061184,0.11330754402061184,0.1133075440206118,0.11330754402061188,0.11330754402061188,0.11330754402061188,0.11330754402061186,0.11330754402061188,0.11330754402061187,0.11330754402061187,0.1133075440206119,0.11330754402061191,0.11330754402061188,0.11330754402061191,0.11330754402061186,0.11330754402061187,0.11330754402061187,0.11330754402061186,0.1133075440206119,0.11330754402061188,0.11330754402061187,0.11330754402061184,0.1133075440206119,0.11330754402061186,0.11330754402061184,0.1133075440206119,0.11330754402061186,0.11330754402061187,0.11330754402061187,0.11330754402061188,0.11330754402061188,0.1133075440206119,0.11330754402061188,0.11330754402061183,0.11330754402061184,0.11330754402061187,0.11330754402061186,0.1133075440206119,0.11330754402061187,0.11330754402061186,0.11330754402061186,0.11330754402061187,0.11330754402061188,0.11330754402061186,0.11330754402061188,0.11330754402061187,0.1133075440206119,0.1133075440206119,0.11330754402061176,0.11330754402061186,0.11330754402061183,0.11330754402061187,0.11330754402061186,0.11330754402061186,0.11330754402061183,0.11330754402061191,0.11330754402061183,0.11330754402061186,0.11330754402061183,0.11330754402061187,0.1133075440206118,0.1133075440206118,0.11330754402061186,0.11330754402061184,0.11330754402061184,0.11330754402061186,0.11330754402061184,0.11330754402061187,0.11330754402061183,0.11330754402061181,0.11330754402061187,0.11330754402061181,0.11330754402061183,0.11330754402061181,0.11330754402061184,0.11330754402061181,0.11330754402061183,0.11330754402061187,0.11330754402061188,0.11330754402061186,0.11330754402061186,0.1133075440206118,0.11330754402061184,0.11330754402061187,0.11330754402061188,0.11330754402061188,0.11330754402061187,0.11330754402061187,0.11330754402061186,0.11330754402061187,0.11330754402061187,0.11330754402061188,0.1133075440206119,0.11330754402061187,0.11330754402061187,0.11330754402061186,0.1133075440206119,0.11330754402061181,0.11330754402061188,0.11330754402061186,0.1133075440206119,0.11330754402061186,0.11330754402061187,0.11330754402061186,0.11330754402061186,0.11330754402061181,0.11330754402061183,0.11330754402061187,0.11330754402061188,0.11330754402061187,0.11330754402061188,0.11330754402061186,0.11330754402061188,0.11330754402061186,0.11330754402061188,0.11330754402061188,0.11330754402061188,0.11330754402061186,0.11330754402061188,0.1133075440206119,0.11330754402061184,0.11330754402061186,0.11330754402061186,0.11330754402061186,0.11330754402061186,0.11330754402061184,0.11330754402061186,0.11330754402061183,0.11330754402061186,0.11330754402061186,0.11330754402061184,0.11330754402061184,0.11330754402061186,0.11330754402061184,0.11330754402061186,0.11330754402061183,0.11330754402061184,0.11330754402061181,0.11330754402061186,0.11330754402061183,0.1133075440206118,0.1133075440206118,0.1133075440206118,0.11330754402061184,0.1133075440206118,0.11330754402061179,0.11330754402061181,0.11330754402061181,0.1133075440206118,0.11330754402061183,0.11330754402061179,0.11330754402061179,0.11330754402061179,0.1133075440206118,0.11330754402061186,0.11330754402061184,0.11330754402061187,0.11330754402061181,0.11330754402061183,0.1133075440206118,0.1133075440206119,0.11330754402061187,0.11330754402061187,0.11330754402061187,0.11330754402061188,0.11330754402061187,0.1133075440206119,0.11330754402061184,0.11330754402061186,0.11330754402061184,0.11330754402061184,0.11330754402061186,0.11330754402061186,0.11330754402061191,0.11330754402061188,0.1133075440206119,0.11330754402061188,0.11330754402061186,0.11330754402061188,0.11330754402061191,0.11330754402061188,0.11330754402061188,0.11330754402061186,0.11330754402061187,0.11330754402061188,0.11330754402061188,0.11330754402061188,0.1133075440206119,0.11330754402061191,0.1133075440206119,0.11330754402061188,0.11330754402061188,0.1133075440206119,0.11330754402061187,0.11330754402061188,0.11330754402061188,0.11330754402061187,0.1133075440206119,0.11330754402061184,0.11330754402061186,0.11330754402061186,0.11330754402061186,0.11330754402061186,0.11330754402061184,0.11330754402061187,0.11330754402061169,0.11330754402061181,0.11330754402061181,0.11330754402061179,0.11330754402061188,0.11330754402061183,0.11330754402061179,0.1133075440206118,0.11330754402061181,0.11330754402061183,0.1133075440206118,0.1133075440206117,0.11330754402061183,0.11330754402061176,0.11330754402061176,0.1133075440206118,0.1133075440206118,0.11330754402061186,0.1133075440206118,0.11330754402061179,0.11330754402061181,0.11330754402061183,0.11330754402061183,0.1133075440206118,0.1133075440206118,0.11330754402061186,0.1133075440206118,0.11330754402061183,0.11330754402061184,0.11330754402061177,0.11330754402061187,0.11330754402061187,0.11330754402061188,0.11330754402061186,0.11330754402061187,0.11330754402061188,0.11330754402061187,0.11330754402061186,0.11330754402061186,0.11330754402061187,0.11330754402061188,0.1133075440206119,0.11330754402061188,0.1133075440206119,0.11330754402061188,0.11330754402061188,0.11330754402061195,0.11330754402061198,0.11330754402061197,0.11330754402061192,0.11330754402061188,0.11330754402061192,0.11330754402061191,0.11330754402061194,0.11330754402061194,0.11330754402061191,0.11330754402061195,0.11330754402061195,0.11330754402061195,0.11330754402061192,0.11330754402061192,0.11330754402061192,0.11330754402061194,0.11330754402061195,0.11330754402061194,0.11330754402061194,0.11330754402061192,0.11330754402061195,0.11330754402061194,0.11330754402061197,0.11330754402061194,0.11330754402061195,0.11330754402061194,0.11330754402061194,0.11330754402061191,0.11330754402061198,0.11330754402061197,0.11330754402061192,0.11330754402061197,0.11330754402061197,0.11330754402061195,0.11330754402061195,0.11330754402061197,0.11330754402061197,0.113307544020612,0.11330754402061192,0.11330754402061197,0.11330754402061197,0.11330754402061195,0.11330754402061195,0.11330754402061197,0.11330754402061194,0.11330754402061194,0.1133075440206121,0.11330754402061208,0.11330754402061206,0.11330754402061204,0.11330754402061209,0.11330754402061208,0.11330754402061209,0.1133075440206121,0.11330754402061205,0.11330754402061202,0.11330754402061208,0.11330754402061208,0.11330754402061205,0.11330754402061206,0.11330754402061205,0.11330754402061205,0.11330754402061208,0.11330754402061208,0.1133075440206121,0.11330754402061204,0.11330754402061205,0.11330754402061204,0.11330754402061202,0.11330754402061204,0.11330754402061202,0.11330754402061204,0.11330754402061205,0.11330754402061204,0.11330754402061201,0.11330754402061202,0.11330754402061205,0.11330754402061202,0.11330754402061201,0.11330754402061202,0.11330754402061202,0.11330754402061202,0.11330754402061204,0.11330754402061201,0.11330754402061201,0.11330754402061205,0.11330754402061204,0.11330754402061204,0.11330754402061204,0.11330754402061202,0.11330754402061204,0.11330754402061201,0.11330754402061202,0.11330754402061202,0.113307544020612,0.11330754402061204,0.11330754402061197,0.11330754402061201,0.11330754402061202,0.11330754402061205,0.11330754402061205,0.11330754402061202,0.11330754402061204,0.11330754402061205,0.11330754402061201,0.113307544020612,0.11330754402061198,0.11330754402061201,0.11330754402061195,0.113307544020612,0.11330754402061204,0.11330754402061198,0.11330754402061201,0.11330754402061201,0.11330754402061202,0.11330754402061201,0.11330754402061198,0.113307544020612,0.113307544020612,0.11330754402061198,0.11330754402061202,0.113307544020612,0.113307544020612,0.11330754402061204,0.11330754402061201,0.11330754402061198,0.11330754402061198,0.113307544020612,0.11330754402061198,0.113307544020612,0.11330754402061198,0.11330754402061198,0.11330754402061198,0.11330754402061201,0.113307544020612,0.11330754402061198,0.11330754402061198,0.11330754402061205,0.11330754402061201,0.11330754402061204,0.113307544020612,0.113307544020612,0.11330754402061201,0.113307544020612,0.11330754402061205,0.11330754402061205,0.11330754402061195,0.113307544020612,0.113307544020612,0.113307544020612,0.113307544020612,0.11330754402061198,0.113307544020612,0.113307544020612,0.11330754402061201,0.113307544020612,0.11330754402061204,0.11330754402061195,0.11330754402061198,0.11330754402061201,0.11330754402061201,0.113307544020612,0.11330754402061198,0.113307544020612,0.113307544020612,0.11330754402061198,0.113307544020612,0.11330754402061198,0.11330754402061202,0.11330754402061198,0.11330754402061198,0.11330754402061202,0.113307544020612,0.11330754402061201,0.11330754402061198,0.113307544020612,0.11330754402061198,0.113307544020612,0.11330754402061201,0.11330754402061198,0.11330754402061201,0.11330754402061198,0.11330754402061202,0.113307544020612,0.11330754402061198,0.11330754402061198,0.113307544020612,0.11330754402061201,0.11330754402061197,0.113307544020612,0.11330754402061198,0.113307544020612,0.113307544020612,0.11330754402061201,0.113307544020612,0.113307544020612,0.113307544020612,0.11330754402061197,0.11330754402061202,0.113307544020612,0.11330754402061197,0.11330754402061202,0.11330754402061198,0.11330754402061198,0.11330754402061202,0.11330754402061201,0.11330754402061198,0.113307544020612,0.11330754402061195,0.11330754402061205,0.11330754402061201,0.11330754402061195,0.113307544020612,0.11330754402061205,0.11330754402061205,0.113307544020612,0.11330754402061201,0.11330754402061201,0.11330754402061201,0.11330754402061204,0.11330754402061202,0.11330754402061202,0.11330754402061202,0.11330754402061198,0.11330754402061204,0.11330754402061204,0.11330754402061204,0.11330754402061202,0.11330754402061202,0.11330754402061202,0.11330754402061202,0.11330754402061202,0.11330754402061202,0.11330754402061204,0.11330754402061205,0.11330754402061202,0.11330754402061202,0.11330754402061204,0.11330754402061204,0.11330754402061204,0.11330754402061204,0.11330754402061204,0.11330754402061204,0.11330754402061204,0.11330754402061201,0.11330754402061205,0.113307544020612,0.113307544020612,0.11330754402061201,0.11330754402061204,0.11330754402061201,0.11330754402061205,0.11330754402061205,0.11330754402061204,0.11330754402061205,0.11330754402061205,0.11330754402061205,0.11330754402061206,0.11330754402061205,0.11330754402061205,0.11330754402061204,0.11330754402061205,0.11330754402061205,0.11330754402061205,0.11330754402061204,0.11330754402061205,0.11330754402061205,0.11330754402061205,0.11330754402061208,0.11330754402061209,0.11330754402061206,0.1133075440206121,0.11330754402061208,0.11330754402061206,0.11330754402061206,0.11330754402061209,0.11330754402061206,0.11330754402061206,0.11330754402061205,0.11330754402061208,0.11330754402061206,0.11330754402061202,0.11330754402061202,0.11330754402061206,0.11330754402061208,0.11330754402061204,0.11330754402061201,0.11330754402061204,0.11330754402061204,0.11330754402061202,0.11330754402061201,0.11330754402061201,0.11330754402061205,0.11330754402061202,0.11330754402061202,0.11330754402061202,0.11330754402061202,0.11330754402061204,0.11330754402061204,0.11330754402061204,0.11330754402061202,0.11330754402061206,0.11330754402061202,0.11330754402061204,0.11330754402061202,0.11330754402061202,0.11330754402061204,0.11330754402061202,0.11330754402061204,0.11330754402061206,0.11330754402061208,0.11330754402061205,0.11330754402061205,0.11330754402061205,0.11330754402061205,0.11330754402061206,0.11330754402061204,0.11330754402061204,0.11330754402061202,0.11330754402061205,0.11330754402061202,0.11330754402061204,0.11330754402061202,0.113307544020612,0.113307544020612,0.11330754402061202,0.11330754402061198,0.11330754402061202,0.11330754402061201,0.11330754402061198,0.113307544020612,0.11330754402061201,0.11330754402061201,0.11330754402061201,0.113307544020612,0.113307544020612,0.113307544020612,0.11330754402061204,0.11330754402061198,0.11330754402061202,0.11330754402061201,0.11330754402061201,0.11330754402061204,0.113307544020612,0.113307544020612,0.11330754402061198,0.11330754402061197,0.11330754402061206,0.113307544020612,0.11330754402061204,0.113307544020612,0.113307544020612,0.11330754402061205,0.11330754402061198,0.113307544020612,0.11330754402061204,0.11330754402061206,0.11330754402061205,0.11330754402061198,0.11330754402061209,0.11330754402061201,0.11330754402061205,0.11330754402061204,0.11330754402061202,0.11330754402061201,0.11330754402061197,0.11330754402061205,0.11330754402061202,0.113307544020612,0.11330754402061201,0.11330754402061205,0.11330754402061202,0.11330754402061204,0.11330754402061204,0.11330754402061202,0.11330754402061205,0.11330754402061205,0.11330754402061204,0.113307544020612,0.11330754402061201,0.11330754402061201,0.11330754402061204,0.11330754402061201,0.11330754402061201,0.11330754402061206,0.11330754402061198,0.11330754402061202,0.11330754402061205,0.11330754402061205,0.11330754402061208,0.11330754402061208,0.11330754402061197,0.11330754402061202,0.11330754402061205,0.11330754402061204,0.11330754402061205,0.11330754402061208,0.11330754402061202,0.11330754402061204,0.11330754402061204,0.11330754402061205,0.11330754402061204,0.11330754402061201,0.11330754402061204,0.11330754402061198,0.11330754402061205,0.11330754402061202,0.11330754402061202,0.113307544020612,0.11330754402061202,0.11330754402061202,0.11330754402061202,0.11330754402061202,0.113307544020612,0.11330754402061201,0.11330754402061201,0.113307544020612,0.11330754402061197,0.11330754402061202,0.11330754402061201,0.11330754402061206,0.11330754402061206,0.11330754402061205,0.11330754402061205,0.11330754402061205,0.11330754402061206,0.11330754402061206,0.11330754402061208,0.11330754402061208,0.11330754402061208,0.11330754402061202,0.11330754402061205,0.11330754402061209,0.11330754402061206,0.11330754402061205,0.11330754402061204,0.11330754402061204,0.11330754402061206,0.11330754402061205,0.11330754402061205,0.11330754402061205,0.11330754402061205,0.113307544020612,0.11330754402061201,0.11330754402061202,0.11330754402061204,0.11330754402061204,0.11330754402061198,0.113307544020612,0.113307544020612,0.11330754402061197,0.11330754402061198,0.11330754402061201,0.11330754402061198,0.11330754402061198,0.113307544020612,0.113307544020612,0.11330754402061198,0.11330754402061197,0.11330754402061197,0.11330754402061197,0.11330754402061198,0.11330754402061195,0.11330754402061204,0.11330754402061198,0.11330754402061198,0.113307544020612,0.11330754402061198,0.113307544020612,0.11330754402061197,0.11330754402061198,0.11330754402061197,0.11330754402061198,0.11330754402061202,0.11330754402061198,0.113307544020612,0.11330754402061201,0.11330754402061198,0.11330754402061204,0.11330754402061198,0.113307544020612,0.113307544020612,0.113307544020612,0.11330754402061201,0.11330754402061201,0.11330754402061198,0.113307544020612,0.11330754402061201,0.113307544020612,0.11330754402061201,0.11330754402061202,0.11330754402061202,0.11330754402061202,0.11330754402061201,0.11330754402061201,0.11330754402061201,0.113307544020612,0.113307544020612,0.11330754402061198,0.113307544020612,0.11330754402061205,0.11330754402061205,0.11330754402061206,0.11330754402061205,0.11330754402061205,0.11330754402061205,0.11330754402061208,0.11330754402061205,0.11330754402061208,0.11330754402061205,0.11330754402061206,0.11330754402061205,0.11330754402061205,0.11330754402061205,0.11330754402061206,0.11330754402061205,0.11330754402061208,0.11330754402061205,0.11330754402061208,0.11330754402061204,0.11330754402061202,0.11330754402061202,0.11330754402061202,0.11330754402061201,0.11330754402061205,0.11330754402061202,0.11330754402061202,0.11330754402061201,0.11330754402061197,0.11330754402061204,0.11330754402061205,0.11330754402061205,0.11330754402061205,0.11330754402061205,0.11330754402061204,0.11330754402061205,0.11330754402061205,0.11330754402061206,0.11330754402061205,0.11330754402061206,0.11330754402061204,0.11330754402061205,0.11330754402061206,0.11330754402061205,0.11330754402061205,0.11330754402061208,0.11330754402061204,0.11330754402061208,0.11330754402061206,0.11330754402061205,0.11330754402061206,0.11330754402061204,0.11330754402061205,0.11330754402061208,0.11330754402061206,0.11330754402061205,0.11330754402061205,0.11330754402061205,0.11330754402061209,0.11330754402061208,0.11330754402061208,0.11330754402061208,0.11330754402061205,0.11330754402061205,0.11330754402061205,0.11330754402061205,0.11330754402061205,0.11330754402061206,0.11330754402061206,0.113307544020612,0.11330754402061202,0.11330754402061202,0.11330754402061201,0.113307544020612,0.11330754402061198,0.11330754402061201,0.11330754402061208,0.11330754402061204,0.113307544020612,0.11330754402061205,0.11330754402061205,0.11330754402061208,0.11330754402061204,0.11330754402061204,0.11330754402061204,0.11330754402061205,0.11330754402061205,0.11330754402061205,0.11330754402061204,0.11330754402061205,0.11330754402061205,0.11330754402061208,0.11330754402061205,0.11330754402061205,0.11330754402061206,0.11330754402061204,0.11330754402061208,0.11330754402061205,0.11330754402061206,0.11330754402061204,0.1133075440206121,0.11330754402061209,0.11330754402061208,0.11330754402061208,0.11330754402061195,0.11330754402061197,0.11330754402061201,0.11330754402061198,0.11330754402061197,0.11330754402061198,0.11330754402061201,0.11330754402061197,0.11330754402061197,0.11330754402061202,0.113307544020612,0.113307544020612,0.11330754402061197,0.11330754402061201,0.11330754402061198,0.11330754402061198,0.11330754402061197,0.11330754402061197,0.11330754402061197,0.11330754402061198,0.11330754402061197,0.11330754402061198,0.11330754402061205,0.11330754402061197,0.11330754402061198,0.11330754402061198,0.11330754402061204,0.11330754402061201,0.11330754402061201,0.11330754402061201,0.11330754402061198,0.113307544020612,0.113307544020612,0.113307544020612,0.11330754402061197,0.113307544020612,0.11330754402061198,0.11330754402061197,0.11330754402061197,0.113307544020612,0.11330754402061202,0.11330754402061202,0.11330754402061202,0.113307544020612,0.11330754402061201,0.113307544020612,0.11330754402061201,0.11330754402061198,0.11330754402061201,0.113307544020612,0.11330754402061208,0.11330754402061202,0.11330754402061204,0.11330754402061202,0.11330754402061198,0.113307544020612,0.11330754402061206,0.11330754402061205,0.11330754402061206,0.11330754402061205,0.11330754402061205,0.11330754402061205,0.11330754402061205,0.11330754402061205,0.11330754402061205,0.11330754402061206,0.11330754402061205,0.11330754402061206,0.11330754402061206,0.11330754402061204,0.11330754402061202,0.11330754402061201,0.11330754402061202,0.11330754402061206,0.11330754402061206,0.11330754402061206,0.11330754402061208,0.11330754402061206,0.11330754402061208,0.11330754402061201,0.11330754402061206,0.11330754402061208,0.11330754402061204,0.11330754402061205,0.11330754402061206,0.11330754402061205,0.11330754402061205,0.11330754402061205,0.11330754402061204,0.11330754402061208,0.11330754402061206,0.11330754402061208,0.11330754402061208,0.11330754402061206,0.11330754402061205,0.11330754402061208,0.11330754402061206,0.11330754402061206,0.11330754402061209,0.11330754402061208,0.11330754402061209,0.11330754402061202,0.11330754402061204,0.11330754402061204,0.11330754402061204,0.11330754402061202,0.11330754402061204,0.11330754402061198,0.11330754402061201,0.11330754402061198,0.11330754402061198,0.113307544020612,0.11330754402061201,0.11330754402061202,0.11330754402061201,0.11330754402061202,0.11330754402061208,0.11330754402061198,0.113307544020612,0.11330754402061204,0.11330754402061205,0.11330754402061206,0.11330754402061205,0.11330754402061206,0.11330754402061208,0.11330754402061204,0.11330754402061204,0.11330754402061205,0.11330754402061206,0.11330754402061206,0.11330754402061206,0.11330754402061208,0.11330754402061208,0.11330754402061204,0.11330754402061202,0.11330754402061201,0.11330754402061205,0.11330754402061204,0.11330754402061202,0.11330754402061202,0.11330754402061201,0.11330754402061201,0.11330754402061201,0.11330754402061202,0.11330754402061204,0.11330754402061202,0.11330754402061204,0.11330754402061202,0.11330754402061202,0.11330754402061204,0.11330754402061204,0.11330754402061204,0.11330754402061202,0.11330754402061198,0.11330754402061201,0.11330754402061201,0.11330754402061201,0.11330754402061201,0.113307544020612,0.11330754402061198,0.113307544020612,0.11330754402061198,0.11330754402061201,0.11330754402061197,0.11330754402061198,0.113307544020612,0.113307544020612,0.11330754402061201,0.11330754402061197,0.11330754402061197,0.113307544020612,0.11330754402061201,0.11330754402061197,0.11330754402061198,0.11330754402061204,0.11330754402061204,0.11330754402061201,0.11330754402061198,0.11330754402061197,0.113307544020612,0.113307544020612,0.11330754402061197,0.113307544020612,0.11330754402061197,0.11330754402061201,0.11330754402061198,0.113307544020612,0.11330754402061204,0.11330754402061201,0.113307544020612,0.11330754402061198,0.11330754402061197,0.11330754402061198,0.11330754402061198,0.11330754402061198,0.11330754402061202,0.113307544020612,0.11330754402061198,0.113307544020612,0.113307544020612,0.11330754402061205,0.11330754402061198,0.11330754402061198,0.113307544020612,0.11330754402061201,0.11330754402061198,0.11330754402061197,0.11330754402061197,0.113307544020612,0.11330754402061187,0.11330754402061188,0.11330754402061192,0.11330754402061192,0.11330754402061188,0.1133075440206119,0.11330754402061191,0.1133075440206119,0.1133075440206119,0.1133075440206119,0.11330754402061188,0.11330754402061191,0.11330754402061187,0.11330754402061187,0.1133075440206119,0.1133075440206119,0.11330754402061188,0.11330754402061188,0.11330754402061192,0.11330754402061194,0.1133075440206119,0.11330754402061187,0.1133075440206119,0.1133075440206119,0.11330754402061188,0.1133075440206119,0.11330754402061192,0.11330754402061191,0.11330754402061192,0.11330754402061192,0.11330754402061192,0.11330754402061194,0.11330754402061188,0.1133075440206119,0.11330754402061188,0.11330754402061192,0.1133075440206119,0.1133075440206119,0.11330754402061186,0.11330754402061191,0.11330754402061188,0.11330754402061192,0.1133075440206119,0.11330754402061188,0.1133075440206119,0.11330754402061188,0.11330754402061188,0.1133075440206119,0.1133075440206119,0.11330754402061191,0.1133075440206119,0.11330754402061188,0.11330754402061192,0.11330754402061194,0.11330754402061191,0.11330754402061191,0.11330754402061187,0.1133075440206119,0.11330754402061186,0.1133075440206119,0.1133075440206119,0.11330754402061187,0.11330754402061187,0.11330754402061197,0.11330754402061188,0.1133075440206119,0.1133075440206119,0.11330754402061192,0.11330754402061186,0.1133075440206119,0.11330754402061187,0.1133075440206118,0.11330754402061187,0.11330754402061186,0.11330754402061187,0.11330754402061181,0.11330754402061184,0.11330754402061184,0.11330754402061181,0.11330754402061186,0.11330754402061188,0.1133075440206119,0.11330754402061183,0.11330754402061184,0.11330754402061187,0.11330754402061187,0.11330754402061186,0.11330754402061184,0.11330754402061184,0.11330754402061186,0.11330754402061186,0.11330754402061183,0.11330754402061183,0.1133075440206118,0.11330754402061183,0.11330754402061186,0.11330754402061187,0.11330754402061187,0.1133075440206118,0.11330754402061183,0.11330754402061188,0.11330754402061188,0.11330754402061188,0.11330754402061187,0.11330754402061186,0.11330754402061187,0.11330754402061187,0.11330754402061186,0.11330754402061188,0.11330754402061187,0.11330754402061187,0.11330754402061186,0.11330754402061188,0.1133075440206119,0.1133075440206119,0.1133075440206119,0.11330754402061184,0.11330754402061191,0.11330754402061188,0.11330754402061184,0.11330754402061186,0.11330754402061184,0.11330754402061183,0.11330754402061186,0.11330754402061191,0.1133075440206119,0.11330754402061192,0.11330754402061186,0.11330754402061187,0.1133075440206119,0.11330754402061184,0.1133075440206119,0.1133075440206119,0.11330754402061181,0.11330754402061184,0.11330754402061191,0.11330754402061192,0.1133075440206119,0.1133075440206119,0.1133075440206119,0.11330754402061188,0.11330754402061184,0.11330754402061186,0.11330754402061186,0.11330754402061184,0.11330754402061184,0.11330754402061184,0.11330754402061184,0.11330754402061184,0.11330754402061181,0.11330754402061191,0.11330754402061183,0.11330754402061186,0.11330754402061183,0.11330754402061183,0.11330754402061183,0.11330754402061184,0.11330754402061184,0.11330754402061187,0.11330754402061187,0.11330754402061187,0.1133075440206119,0.11330754402061187,0.11330754402061187,0.11330754402061186,0.11330754402061187,0.11330754402061187,0.1133075440206119,0.11330754402061186,0.11330754402061184,0.11330754402061186,0.11330754402061184,0.11330754402061184,0.11330754402061186,0.11330754402061184,0.11330754402061186,0.11330754402061184,0.11330754402061186,0.11330754402061183,0.11330754402061184,0.11330754402061184,0.11330754402061186,0.11330754402061186,0.11330754402061184,0.11330754402061183,0.11330754402061186,0.11330754402061183,0.11330754402061188,0.11330754402061186,0.11330754402061184,0.11330754402061183,0.11330754402061184,0.1133075440206119,0.11330754402061184,0.11330754402061184,0.11330754402061183,0.11330754402061188,0.11330754402061174,0.11330754402061181,0.1133075440206118,0.1133075440206118,0.11330754402061181,0.11330754402061181,0.1133075440206118,0.11330754402061181,0.11330754402061179,0.11330754402061183,0.1133075440206118,0.1133075440206118,0.11330754402061181,0.11330754402061179,0.1133075440206118,0.11330754402061181,0.1133075440206118,0.1133075440206118,0.1133075440206118,0.11330754402061181,0.11330754402061181,0.11330754402061181,0.11330754402061176,0.11330754402061179,0.11330754402061177,0.11330754402061179,0.11330754402061181,0.11330754402061181,0.1133075440206118,0.11330754402061181,0.11330754402061179,0.1133075440206118,0.11330754402061183,0.11330754402061179,0.1133075440206118,0.1133075440206118,0.1133075440206118,0.1133075440206118,0.1133075440206118,0.11330754402061181,0.1133075440206118,0.11330754402061174,0.11330754402061179,0.11330754402061177,0.11330754402061179,0.11330754402061176,0.11330754402061181,0.1133075440206118,0.11330754402061177,0.11330754402061181,0.1133075440206118,0.1133075440206118,0.1133075440206118,0.11330754402061179,0.11330754402061179,0.11330754402061179,0.11330754402061181,0.11330754402061174,0.1133075440206118,0.11330754402061181,0.11330754402061179,0.11330754402061177,0.11330754402061179,0.1133075440206118,0.11330754402061181,0.1133075440206118,0.11330754402061179,0.1133075440206118,0.1133075440206118,0.1133075440206118,0.11330754402061177,0.11330754402061181,0.11330754402061179,0.11330754402061181,0.11330754402061181,0.11330754402061176,0.11330754402061181,0.1133075440206118,0.1133075440206118,0.11330754402061181,0.1133075440206118,0.11330754402061179,0.1133075440206118,0.1133075440206118,0.1133075440206118,0.11330754402061179,0.11330754402061183,0.1133075440206118,0.1133075440206118,0.1133075440206118,0.11330754402061179,0.11330754402061177,0.11330754402061179,0.1133075440206118,0.11330754402061179,0.11330754402061183,0.11330754402061179,0.11330754402061179,0.11330754402061181,0.11330754402061181,0.11330754402061179,0.1133075440206118,0.11330754402061181,0.11330754402061181,0.11330754402061179,0.1133075440206118,0.11330754402061184,0.1133075440206118,0.11330754402061179,0.1133075440206118,0.1133075440206118,0.1133075440206118,0.1133075440206118,0.11330754402061179,0.1133075440206118,0.11330754402061173,0.11330754402061181,0.11330754402061174,0.11330754402061179,0.11330754402061174,0.11330754402061181,0.11330754402061179,0.1133075440206118,0.1133075440206118,0.11330754402061176,0.11330754402061181,0.11330754402061183,0.1133075440206118,0.11330754402061179,0.11330754402061177,0.1133075440206118,0.1133075440206118,0.11330754402061181,0.11330754402061181,0.11330754402061181,0.11330754402061179,0.1133075440206118,0.11330754402061183,0.11330754402061179,0.11330754402061176,0.11330754402061181,0.11330754402061177,0.11330754402061177,0.1133075440206118,0.11330754402061181,0.11330754402061179,0.11330754402061181,0.1133075440206118,0.1133075440206118,0.11330754402061181,0.11330754402061181,0.11330754402061176,0.1133075440206118,0.11330754402061179,0.11330754402061181,0.11330754402061177,0.11330754402061179,0.11330754402061183,0.11330754402061179,0.1133075440206118,0.11330754402061176,0.11330754402061174,0.11330754402061181,0.1133075440206118,0.11330754402061181,0.11330754402061176,0.1133075440206118,0.11330754402061177,0.1133075440206117,0.1133075440206118,0.11330754402061179,0.1133075440206118,0.11330754402061177,0.11330754402061174,0.11330754402061177,0.11330754402061177,0.1133075440206117,0.11330754402061177,0.11330754402061179,0.11330754402061177,0.11330754402061179,0.11330754402061177,0.1133075440206118,0.11330754402061173,0.11330754402061176,0.11330754402061179,0.11330754402061177,0.11330754402061177,0.11330754402061177,0.11330754402061179,0.1133075440206118,0.11330754402061174,0.11330754402061174,0.1133075440206118,0.11330754402061181,0.11330754402061179,0.11330754402061179,0.11330754402061179,0.11330754402061177,0.11330754402061181,0.11330754402061177,0.11330754402061176,0.11330754402061173,0.11330754402061173,0.11330754402061177,0.11330754402061179,0.11330754402061176,0.11330754402061177,0.11330754402061177,0.11330754402061177,0.11330754402061179,0.11330754402061177,0.11330754402061174,0.1133075440206118,0.11330754402061179,0.11330754402061179,0.11330754402061181,0.11330754402061173,0.1133075440206118,0.11330754402061177,0.11330754402061181,0.11330754402061174,0.11330754402061173,0.11330754402061177,0.11330754402061179,0.1133075440206118,0.11330754402061179,0.11330754402061177,0.1133075440206118,0.11330754402061177,0.11330754402061179,0.11330754402061174,0.11330754402061174,0.11330754402061176,0.11330754402061177,0.11330754402061179,0.1133075440206117,0.11330754402061174,0.1133075440206118,0.11330754402061173,0.11330754402061173,0.1133075440206118,0.11330754402061174,0.11330754402061176,0.11330754402061174,0.11330754402061176,0.11330754402061177,0.11330754402061174,0.11330754402061172,0.11330754402061181,0.11330754402061181,0.11330754402061176,0.11330754402061177,0.11330754402061179,0.11330754402061177,0.11330754402061177,0.1133075440206118,0.11330754402061179,0.11330754402061172,0.11330754402061174,0.11330754402061174,0.11330754402061179,0.11330754402061176,0.11330754402061181,0.11330754402061177,0.11330754402061177,0.11330754402061176,0.11330754402061181,0.11330754402061179,0.11330754402061176,0.11330754402061179,0.11330754402061181,0.1133075440206118,0.11330754402061181,0.11330754402061177,0.1133075440206118,0.11330754402061177,0.11330754402061177,0.11330754402061179,0.1133075440206118,0.11330754402061179,0.11330754402061181,0.11330754402061181,0.11330754402061179,0.1133075440206118,0.11330754402061179,0.11330754402061179,0.11330754402061179,0.11330754402061177,0.11330754402061176,0.11330754402061176,0.11330754402061177,0.1133075440206118,0.11330754402061177,0.11330754402061176,0.11330754402061177,0.11330754402061177,0.11330754402061176,0.11330754402061177,0.1133075440206117,0.1133075440206118,0.11330754402061173,0.11330754402061174,0.11330754402061176,0.11330754402061177,0.11330754402061181,0.11330754402061173,0.11330754402061174,0.11330754402061172,0.11330754402061173,0.11330754402061169,0.1133075440206117,0.11330754402061174,0.11330754402061173,0.11330754402061173,0.11330754402061176,0.11330754402061176,0.11330754402061176,0.11330754402061173,0.11330754402061169,0.11330754402061173,0.11330754402061173,0.1133075440206117,0.1133075440206117,0.11330754402061174,0.1133075440206117,0.11330754402061173,0.11330754402061172,0.1133075440206117,0.1133075440206117,0.1133075440206117,0.1133075440206117,0.1133075440206117,0.11330754402061173,0.1133075440206117,0.11330754402061172,0.11330754402061172,0.11330754402061173,0.11330754402061173,0.1133075440206117,0.11330754402061172,0.11330754402061172,0.11330754402061169,0.11330754402061176,0.11330754402061172,0.11330754402061168,0.11330754402061168,0.11330754402061169,0.11330754402061169,0.11330754402061168,0.1133075440206117,0.11330754402061168,0.1133075440206117,0.1133075440206117,0.11330754402061166,0.11330754402061162,0.11330754402061168,0.11330754402061166,0.11330754402061168,0.11330754402061177,0.11330754402061165,0.11330754402061172,0.1133075440206117,0.11330754402061172,0.1133075440206117,0.1133075440206117,0.11330754402061163,0.11330754402061172,0.1133075440206117,0.1133075440206117,0.11330754402061176,0.11330754402061174,0.11330754402061172,0.1133075440206117,0.11330754402061174,0.1133075440206117,0.11330754402061172,0.11330754402061172,0.1133075440206117,0.11330754402061173,0.11330754402061173,0.11330754402061173,0.11330754402061172,0.1133075440206117,0.1133075440206117,0.11330754402061169,0.1133075440206117,0.1133075440206117,0.1133075440206117,0.1133075440206117,0.11330754402061172,0.1133075440206117,0.11330754402061174,0.11330754402061173,0.1133075440206117,0.1133075440206117,0.11330754402061172,0.11330754402061174,0.11330754402061168,0.11330754402061174,0.11330754402061169,0.1133075440206117,0.11330754402061169,0.11330754402061163,0.11330754402061169,0.1133075440206117,0.11330754402061169,0.11330754402061168,0.1133075440206117,0.1133075440206117,0.1133075440206117,0.11330754402061169,0.11330754402061169,0.11330754402061168,0.11330754402061165,0.11330754402061172,0.11330754402061172,0.11330754402061172,0.11330754402061172,0.11330754402061172,0.11330754402061169,0.11330754402061174,0.1133075440206117,0.11330754402061172,0.11330754402061172,0.1133075440206117,0.11330754402061172,0.1133075440206117,0.1133075440206117,0.1133075440206117,0.11330754402061172,0.1133075440206117,0.1133075440206117,0.11330754402061173,0.11330754402061169,0.11330754402061176,0.11330754402061172,0.11330754402061172,0.1133075440206117,0.1133075440206117,0.11330754402061173,0.11330754402061176,0.11330754402061173,0.11330754402061173,0.11330754402061172,0.1133075440206117,0.1133075440206117,0.11330754402061172,0.1133075440206117,0.11330754402061172,0.1133075440206117,0.1133075440206117,0.11330754402061172,0.11330754402061173,0.11330754402061172,0.11330754402061173,0.11330754402061173,0.11330754402061173,0.11330754402061172,0.1133075440206117,0.11330754402061174,0.11330754402061172,0.1133075440206117,0.1133075440206117,0.11330754402061172,0.11330754402061172,0.11330754402061169,0.11330754402061169,0.11330754402061169,0.11330754402061168,0.11330754402061173,0.11330754402061169,0.11330754402061173,0.11330754402061172,0.11330754402061172,0.11330754402061172,0.11330754402061177,0.11330754402061169,0.1133075440206117,0.11330754402061166,0.1133075440206117,0.1133075440206117,0.11330754402061169,0.11330754402061168,0.1133075440206117,0.1133075440206117,0.11330754402061166,0.11330754402061166,0.11330754402061174,0.11330754402061172,0.11330754402061166,0.11330754402061173,0.11330754402061172,0.11330754402061172,0.11330754402061165,0.11330754402061166,0.11330754402061176,0.11330754402061168,0.1133075440206117,0.1133075440206117,0.1133075440206117,0.1133075440206117,0.11330754402061162,0.11330754402061172,0.11330754402061168,0.1133075440206117,0.11330754402061166,0.11330754402061163,0.11330754402061165,0.11330754402061168,0.11330754402061166,0.11330754402061165,0.11330754402061165,0.11330754402061168,0.11330754402061162,0.1133075440206117,0.11330754402061162,0.11330754402061173,0.11330754402061172,0.11330754402061166,0.11330754402061166,0.11330754402061168,0.11330754402061168,0.11330754402061172,0.1133075440206117,0.1133075440206117,0.11330754402061169,0.1133075440206117,0.11330754402061163,0.11330754402061173,0.1133075440206117,0.1133075440206117,0.11330754402061166,0.11330754402061173,0.11330754402061172,0.1133075440206117,0.1133075440206117,0.11330754402061172,0.1133075440206117,0.1133075440206117,0.11330754402061174,0.11330754402061174,0.1133075440206117,0.11330754402061174,0.11330754402061173,0.11330754402061173,0.11330754402061173,0.11330754402061172,0.1133075440206118,0.11330754402061176,0.11330754402061176,0.11330754402061173,0.11330754402061177,0.11330754402061176,0.11330754402061174,0.11330754402061177,0.11330754402061173,0.11330754402061169,0.11330754402061174,0.11330754402061173,0.11330754402061174,0.11330754402061176,0.11330754402061176,0.11330754402061168,0.11330754402061168,0.11330754402061172,0.1133075440206117,0.1133075440206117,0.1133075440206117,0.11330754402061172,0.11330754402061169,0.11330754402061172,0.11330754402061169,0.11330754402061168,0.11330754402061168,0.11330754402061172,0.11330754402061169,0.1133075440206117,0.1133075440206117,0.11330754402061172,0.11330754402061172,0.11330754402061172,0.11330754402061172,0.11330754402061172,0.1133075440206117,0.11330754402061172,0.11330754402061172,0.11330754402061173,0.11330754402061176,0.11330754402061174,0.1133075440206117,0.11330754402061172,0.11330754402061172,0.11330754402061172,0.11330754402061172,0.11330754402061172,0.1133075440206117,0.1133075440206117,0.11330754402061162,0.1133075440206117,0.11330754402061162,0.11330754402061169,0.11330754402061169,0.11330754402061169,0.11330754402061166,0.11330754402061173,0.11330754402061172,0.11330754402061169,0.1133075440206117,0.11330754402061172,0.11330754402061172,0.11330754402061169,0.11330754402061172,0.11330754402061169,0.11330754402061166,0.11330754402061174,0.1133075440206117,0.1133075440206117,0.11330754402061172,0.1133075440206117,0.11330754402061172,0.11330754402061172,0.1133075440206117,0.11330754402061172,0.1133075440206117,0.1133075440206117,0.11330754402061166,0.11330754402061173,0.1133075440206117,0.11330754402061173,0.11330754402061173,0.11330754402061173,0.11330754402061172,0.11330754402061172,0.1133075440206117,0.11330754402061168,0.11330754402061169,0.11330754402061168,0.11330754402061169,0.1133075440206117,0.11330754402061168,0.11330754402061163,0.1133075440206117,0.11330754402061173,0.11330754402061173,0.11330754402061172,0.11330754402061173,0.11330754402061172,0.11330754402061172,0.11330754402061172,0.11330754402061172,0.11330754402061166,0.11330754402061168,0.11330754402061173,0.11330754402061169,0.11330754402061174,0.1133075440206117,0.11330754402061169,0.11330754402061172,0.11330754402061166,0.11330754402061169,0.11330754402061166,0.11330754402061169,0.11330754402061172,0.11330754402061172,0.1133075440206117,0.11330754402061172,0.11330754402061172,0.11330754402061169,0.11330754402061173,0.1133075440206117,0.11330754402061173,0.1133075440206117,0.11330754402061166,0.11330754402061169,0.11330754402061168,0.11330754402061172,0.11330754402061172,0.11330754402061172,0.11330754402061173,0.11330754402061172,0.11330754402061169,0.1133075440206117,0.1133075440206117,0.1133075440206117,0.1133075440206117,0.1133075440206117,0.11330754402061169,0.11330754402061168,0.11330754402061166,0.1133075440206117,0.11330754402061165,0.1133075440206117,0.11330754402061172,0.11330754402061172,0.1133075440206117,0.1133075440206117,0.11330754402061173,0.11330754402061172,0.1133075440206117,0.11330754402061169,0.11330754402061169,0.11330754402061168,0.11330754402061169,0.11330754402061169,0.11330754402061169,0.11330754402061169,0.11330754402061169,0.1133075440206117,0.11330754402061166,0.1133075440206117,0.1133075440206117,0.11330754402061163,0.1133075440206117,0.11330754402061173,0.11330754402061172,0.11330754402061173,0.1133075440206117,0.11330754402061172,0.11330754402061172,0.11330754402061168,0.11330754402061166,0.11330754402061166,0.11330754402061169,0.11330754402061172,0.11330754402061173,0.1133075440206117,0.11330754402061169,0.11330754402061168,0.11330754402061169,0.11330754402061169,0.11330754402061162,0.11330754402061172,0.1133075440206117,0.11330754402061172,0.1133075440206117,0.11330754402061172,0.1133075440206117,0.1133075440206117,0.11330754402061172,0.1133075440206117,0.11330754402061173,0.11330754402061169,0.11330754402061168,0.1133075440206117,0.11330754402061168,0.11330754402061168,0.1133075440206117,0.11330754402061169,0.11330754402061169,0.11330754402061169,0.11330754402061168,0.11330754402061169,0.11330754402061169,0.11330754402061168,0.1133075440206117,0.1133075440206117,0.11330754402061172,0.11330754402061173,0.11330754402061172,0.1133075440206117,0.1133075440206117,0.1133075440206117,0.11330754402061172,0.11330754402061172,0.1133075440206117,0.11330754402061176,0.11330754402061169,0.11330754402061174,0.11330754402061173,0.11330754402061172,0.11330754402061173,0.11330754402061174,0.11330754402061172,0.11330754402061169,0.11330754402061168,0.11330754402061179,0.1133075440206117,0.1133075440206117,0.1133075440206117,0.11330754402061172,0.11330754402061172,0.11330754402061172,0.11330754402061172,0.1133075440206117,0.1133075440206117,0.11330754402061173,0.11330754402061169,0.11330754402061168,0.11330754402061173,0.1133075440206117,0.11330754402061174,0.1133075440206117,0.11330754402061168,0.11330754402061169,0.1133075440206117,0.11330754402061173,0.11330754402061172,0.1133075440206117,0.11330754402061172,0.1133075440206117,0.1133075440206117,0.11330754402061173,0.1133075440206117,0.11330754402061172,0.11330754402061172,0.1133075440206117,0.11330754402061172,0.11330754402061169,0.11330754402061176,0.11330754402061174,0.11330754402061173,0.1133075440206117,0.1133075440206117,0.1133075440206117,0.11330754402061172,0.1133075440206117,0.1133075440206117,0.1133075440206117,0.11330754402061169,0.1133075440206117,0.1133075440206117,0.11330754402061172,0.11330754402061172,0.1133075440206117,0.11330754402061172,0.11330754402061166,0.11330754402061172,0.1133075440206117,0.1133075440206117,0.11330754402061173,0.11330754402061173,0.11330754402061173,0.11330754402061172,0.11330754402061172,0.11330754402061169,0.1133075440206117,0.11330754402061172,0.11330754402061169,0.11330754402061173,0.11330754402061176,0.11330754402061172,0.11330754402061169,0.11330754402061173,0.11330754402061172,0.11330754402061169,0.11330754402061176,0.11330754402061174,0.11330754402061174,0.11330754402061172,0.11330754402061172,0.11330754402061173,0.11330754402061174,0.11330754402061172,0.11330754402061173,0.11330754402061174,0.11330754402061172,0.11330754402061174,0.11330754402061173,0.11330754402061174,0.11330754402061173,0.11330754402061174,0.11330754402061173,0.11330754402061176,0.11330754402061173,0.11330754402061173,0.11330754402061172,0.11330754402061173,0.1133075440206117,0.11330754402061173,0.11330754402061177,0.11330754402061176,0.11330754402061173,0.1133075440206117,0.1133075440206118,0.11330754402061173,0.11330754402061173,0.11330754402061172,0.11330754402061177,0.11330754402061174,0.11330754402061173,0.11330754402061172,0.1133075440206117,0.1133075440206117,0.1133075440206117,0.11330754402061173,0.11330754402061173,0.11330754402061173,0.11330754402061172,0.1133075440206117,0.11330754402061174,0.11330754402061173,0.11330754402061172,0.11330754402061172,0.11330754402061173,0.11330754402061169,0.11330754402061173,0.11330754402061172,0.11330754402061173,0.11330754402061173,0.11330754402061173,0.11330754402061173,0.11330754402061172,0.11330754402061172,0.11330754402061172,0.1133075440206117,0.1133075440206117,0.1133075440206117,0.11330754402061169,0.11330754402061173,0.1133075440206117,0.1133075440206117,0.11330754402061173,0.1133075440206117,0.11330754402061169,0.1133075440206117,0.11330754402061173,0.11330754402061173,0.1133075440206117,0.11330754402061166,0.11330754402061172,0.1133075440206117,0.1133075440206117,0.11330754402061168,0.11330754402061174,0.11330754402061169,0.11330754402061168,0.1133075440206117,0.11330754402061169,0.11330754402061168,0.1133075440206117,0.11330754402061168,0.11330754402061166,0.11330754402061168,0.11330754402061169,0.11330754402061169,0.11330754402061169,0.1133075440206117,0.11330754402061169,0.11330754402061162,0.11330754402061166,0.11330754402061173,0.11330754402061172,0.1133075440206117,0.1133075440206117,0.11330754402061172,0.1133075440206117,0.11330754402061172,0.11330754402061173,0.1133075440206117,0.1133075440206117,0.1133075440206117,0.11330754402061172,0.1133075440206117,0.1133075440206117,0.11330754402061172,0.1133075440206117,0.1133075440206117,0.11330754402061172,0.11330754402061172,0.1133075440206117,0.1133075440206117,0.11330754402061169,0.1133075440206117,0.11330754402061172,0.11330754402061172,0.11330754402061174,0.1133075440206117,0.11330754402061176,0.11330754402061177,0.11330754402061176,0.11330754402061172,0.11330754402061176,0.11330754402061173,0.11330754402061174,0.11330754402061174,0.11330754402061173,0.11330754402061176,0.11330754402061172,0.11330754402061174,0.11330754402061173,0.11330754402061176,0.1133075440206118,0.11330754402061174,0.11330754402061172,0.11330754402061176,0.11330754402061173,0.11330754402061174,0.11330754402061176,0.1133075440206117,0.11330754402061172,0.11330754402061176,0.11330754402061173,0.11330754402061174,0.11330754402061174,0.1133075440206118,0.11330754402061181,0.11330754402061177,0.11330754402061179,0.11330754402061176,0.11330754402061179,0.11330754402061176,0.11330754402061179,0.11330754402061177,0.1133075440206118,0.11330754402061173,0.11330754402061181,0.11330754402061181,0.11330754402061186,0.11330754402061179,0.11330754402061176,0.1133075440206118,0.11330754402061181,0.11330754402061179,0.1133075440206118,0.11330754402061181,0.1133075440206118,0.11330754402061179,0.11330754402061181,0.11330754402061181,0.11330754402061174,0.11330754402061179,0.1133075440206118,0.11330754402061179,0.11330754402061177,0.11330754402061177,0.11330754402061179,0.11330754402061181,0.1133075440206118,0.11330754402061181,0.11330754402061179,0.11330754402061176,0.11330754402061177,0.1133075440206118,0.11330754402061179,0.11330754402061177,0.11330754402061177,0.11330754402061177,0.11330754402061177,0.11330754402061177,0.11330754402061176,0.11330754402061176,0.11330754402061174,0.11330754402061179,0.11330754402061179,0.11330754402061177,0.11330754402061174,0.11330754402061179,0.1133075440206118,0.11330754402061176,0.11330754402061174,0.11330754402061183,0.11330754402061174,0.11330754402061174,0.11330754402061177,0.11330754402061179,0.11330754402061177,0.1133075440206118,0.11330754402061177,0.11330754402061181,0.1133075440206118,0.11330754402061181,0.1133075440206118,0.1133075440206118,0.11330754402061181,0.11330754402061176,0.1133075440206118,0.1133075440206118,0.11330754402061179,0.11330754402061181,0.1133075440206118,0.11330754402061181,0.11330754402061179,0.11330754402061181,0.1133075440206118,0.11330754402061177,0.11330754402061186,0.11330754402061177,0.1133075440206118,0.11330754402061177,0.1133075440206118,0.11330754402061181,0.1133075440206118,0.11330754402061179,0.1133075440206118,0.1133075440206118,0.11330754402061181,0.1133075440206118,0.11330754402061186,0.1133075440206118,0.1133075440206118,0.11330754402061179,0.1133075440206118,0.1133075440206118,0.11330754402061179,0.11330754402061179,0.11330754402061176,0.11330754402061177,0.1133075440206118,0.1133075440206118,0.11330754402061183,0.11330754402061176,0.1133075440206118,0.11330754402061179,0.1133075440206118,0.11330754402061179,0.11330754402061177,0.11330754402061177,0.11330754402061176,0.11330754402061179,0.1133075440206118,0.1133075440206118,0.11330754402061177,0.11330754402061177,0.1133075440206118,0.11330754402061177,0.11330754402061174,0.11330754402061177,0.11330754402061176,0.11330754402061176,0.11330754402061177,0.11330754402061173,0.11330754402061179,0.11330754402061181,0.11330754402061179,0.1133075440206118,0.1133075440206118,0.11330754402061179,0.11330754402061179,0.11330754402061179,0.11330754402061183,0.11330754402061179,0.11330754402061177,0.11330754402061183,0.11330754402061177,0.1133075440206118,0.11330754402061181,0.1133075440206118,0.1133075440206118,0.11330754402061181,0.1133075440206118,0.1133075440206118,0.1133075440206118,0.11330754402061181,0.11330754402061179,0.11330754402061179,0.11330754402061181,0.11330754402061179,0.11330754402061176,0.11330754402061181,0.11330754402061177,0.11330754402061177,0.11330754402061179,0.11330754402061181,0.11330754402061179,0.11330754402061176,0.11330754402061179,0.11330754402061187,0.11330754402061183,0.11330754402061181,0.11330754402061179,0.11330754402061181,0.11330754402061174,0.11330754402061179,0.11330754402061177,0.11330754402061177,0.11330754402061179,0.1133075440206118,0.1133075440206118,0.11330754402061176,0.11330754402061181,0.11330754402061179,0.11330754402061177,0.11330754402061179,0.11330754402061179,0.11330754402061181,0.11330754402061179,0.11330754402061176,0.11330754402061179,0.11330754402061176,0.11330754402061179,0.11330754402061177,0.11330754402061179,0.11330754402061177,0.11330754402061176,0.11330754402061176,0.11330754402061177,0.11330754402061177,0.1133075440206118,0.11330754402061174,0.11330754402061179,0.11330754402061173,0.11330754402061176,0.1133075440206118,0.1133075440206117,0.11330754402061179,0.1133075440206117,0.11330754402061179,0.1133075440206117,0.11330754402061173,0.11330754402061174,0.11330754402061173,0.11330754402061172,0.11330754402061179,0.11330754402061177,0.11330754402061173,0.11330754402061174,0.11330754402061173,0.11330754402061173,0.11330754402061173,0.11330754402061173,0.11330754402061176,0.11330754402061172,0.11330754402061177,0.11330754402061173,0.11330754402061173,0.11330754402061169,0.11330754402061174,0.11330754402061172,0.11330754402061177,0.1133075440206117,0.11330754402061172,0.1133075440206117,0.11330754402061172,0.11330754402061172,0.11330754402061173,0.11330754402061174,0.11330754402061172,0.11330754402061173,0.11330754402061173,0.1133075440206117,0.1133075440206117,0.11330754402061172,0.11330754402061172,0.1133075440206117,0.11330754402061172,0.1133075440206117,0.1133075440206117,0.11330754402061169,0.1133075440206117,0.11330754402061172,0.11330754402061166,0.1133075440206117,0.11330754402061169,0.1133075440206117,0.11330754402061166,0.1133075440206117,0.1133075440206117,0.11330754402061172,0.11330754402061172,0.11330754402061172,0.1133075440206117,0.11330754402061172,0.1133075440206117,0.11330754402061173,0.1133075440206117,0.1133075440206117,0.1133075440206117,0.11330754402061173,0.11330754402061172,0.11330754402061172,0.11330754402061169,0.11330754402061177,0.11330754402061168,0.11330754402061173,0.1133075440206117,0.11330754402061176,0.11330754402061172,0.11330754402061173,0.11330754402061172,0.11330754402061172,0.1133075440206117,0.11330754402061168,0.11330754402061172,0.11330754402061169,0.11330754402061173,0.11330754402061165,0.11330754402061172,0.11330754402061166,0.11330754402061166,0.11330754402061172,0.11330754402061162,0.11330754402061166,0.11330754402061172,0.11330754402061173,0.1133075440206117,0.11330754402061168,0.11330754402061168,0.1133075440206117,0.11330754402061168,0.11330754402061172,0.11330754402061172,0.1133075440206117,0.1133075440206117,0.11330754402061172,0.1133075440206117,0.1133075440206117,0.11330754402061172,0.11330754402061169,0.11330754402061169,0.11330754402061168,0.11330754402061173,0.11330754402061172,0.1133075440206117,0.11330754402061172,0.1133075440206117,0.11330754402061169,0.11330754402061172,0.1133075440206117,0.1133075440206117,0.11330754402061172,0.11330754402061163,0.11330754402061165,0.11330754402061166,0.11330754402061165,0.11330754402061162,0.1133075440206116,0.11330754402061163,0.11330754402061163,0.11330754402061166,0.11330754402061166,0.11330754402061159,0.1133075440206116,0.11330754402061162,0.11330754402061179,0.11330754402061168,0.11330754402061169,0.1133075440206118,0.11330754402061168,0.11330754402061173,0.1133075440206117,0.1133075440206117,0.11330754402061168,0.1133075440206117,0.11330754402061169,0.11330754402061168,0.11330754402061168,0.11330754402061169,0.11330754402061166,0.11330754402061172,0.1133075440206117,0.11330754402061173,0.11330754402061173,0.1133075440206117,0.1133075440206117,0.11330754402061176,0.11330754402061174,0.11330754402061172,0.11330754402061174,0.11330754402061173,0.11330754402061174,0.11330754402061174,0.11330754402061174,0.11330754402061173,0.11330754402061172,0.11330754402061172,0.11330754402061174,0.1133075440206117,0.11330754402061172,0.1133075440206117,0.11330754402061173,0.11330754402061172,0.11330754402061172,0.11330754402061172,0.11330754402061177,0.11330754402061174,0.11330754402061174,0.11330754402061174,0.11330754402061174,0.11330754402061172,0.11330754402061176,0.11330754402061177,0.11330754402061179,0.11330754402061177,0.11330754402061177,0.11330754402061177,0.11330754402061176,0.11330754402061176,0.11330754402061173,0.11330754402061173,0.11330754402061176,0.11330754402061176,0.11330754402061177,0.11330754402061176,0.11330754402061173,0.11330754402061179,0.1133075440206118,0.11330754402061177,0.11330754402061173,0.11330754402061177,0.1133075440206117,0.11330754402061173,0.11330754402061174,0.11330754402061177,0.11330754402061177,0.11330754402061173,0.11330754402061172,0.11330754402061173,0.11330754402061174,0.11330754402061177,0.11330754402061177,0.11330754402061177,0.11330754402061176,0.11330754402061174,0.11330754402061172,0.11330754402061173,0.11330754402061172,0.11330754402061176,0.11330754402061173,0.11330754402061176,0.11330754402061174,0.11330754402061174,0.11330754402061176,0.11330754402061166,0.11330754402061173,0.11330754402061172,0.11330754402061172,0.1133075440206117,0.11330754402061166,0.11330754402061172,0.11330754402061169,0.11330754402061172,0.1133075440206117,0.11330754402061172,0.11330754402061172,0.1133075440206117,0.11330754402061172,0.11330754402061172,0.1133075440206117,0.11330754402061173,0.1133075440206117,0.1133075440206117,0.1133075440206117,0.1133075440206117,0.11330754402061169,0.11330754402061169,0.1133075440206117,0.11330754402061166,0.1133075440206117,0.11330754402061174,0.11330754402061169,0.11330754402061169,0.11330754402061172,0.11330754402061169,0.1133075440206117,0.11330754402061168,0.1133075440206117,0.11330754402061166,0.11330754402061169,0.11330754402061168,0.11330754402061168,0.11330754402061168,0.11330754402061168,0.11330754402061169,0.1133075440206117,0.11330754402061168,0.11330754402061166,0.11330754402061172,0.11330754402061165,0.11330754402061173,0.11330754402061168,0.11330754402061169,0.11330754402061169,0.11330754402061172,0.11330754402061169,0.11330754402061168,0.11330754402061168,0.11330754402061173,0.11330754402061173,0.1133075440206117,0.1133075440206117,0.11330754402061172,0.11330754402061163,0.11330754402061172,0.1133075440206117,0.1133075440206117,0.11330754402061173,0.1133075440206117,0.11330754402061172,0.11330754402061169,0.1133075440206117,0.11330754402061173,0.11330754402061169,0.1133075440206117,0.1133075440206117,0.1133075440206117,0.11330754402061172,0.1133075440206117,0.1133075440206117,0.11330754402061168,0.11330754402061176,0.11330754402061172,0.1133075440206117,0.11330754402061172,0.11330754402061169,0.11330754402061172,0.11330754402061176,0.11330754402061172,0.11330754402061172,0.1133075440206117,0.1133075440206117,0.11330754402061172,0.11330754402061172,0.11330754402061172,0.11330754402061173,0.1133075440206117,0.11330754402061172,0.11330754402061174,0.11330754402061169,0.11330754402061172,0.11330754402061172,0.11330754402061172,0.1133075440206117,0.1133075440206117,0.11330754402061173,0.1133075440206117,0.1133075440206117,0.11330754402061172,0.11330754402061172,0.11330754402061172,0.11330754402061172,0.11330754402061169,0.11330754402061172,0.1133075440206117,0.1133075440206117,0.11330754402061172,0.11330754402061169,0.1133075440206117,0.11330754402061169,0.11330754402061168,0.11330754402061168,0.1133075440206117,0.11330754402061165,0.11330754402061169,0.11330754402061176,0.11330754402061172,0.11330754402061172,0.11330754402061172,0.11330754402061172,0.1133075440206117,0.1133075440206117,0.1133075440206117,0.1133075440206117,0.1133075440206117,0.11330754402061173,0.11330754402061172,0.11330754402061165,0.11330754402061169,0.11330754402061172,0.1133075440206117,0.1133075440206117,0.11330754402061172,0.11330754402061172,0.1133075440206117,0.11330754402061172,0.1133075440206117,0.1133075440206117,0.11330754402061163,0.11330754402061172,0.1133075440206117,0.1133075440206117,0.11330754402061169,0.11330754402061172,0.11330754402061173,0.1133075440206117,0.11330754402061173,0.11330754402061172,0.11330754402061166,0.11330754402061173,0.11330754402061166,0.1133075440206117,0.11330754402061172,0.11330754402061165,0.1133075440206117,0.11330754402061172,0.1133075440206117,0.1133075440206117,0.11330754402061172,0.11330754402061169,0.11330754402061173,0.11330754402061173,0.11330754402061169,0.1133075440206117,0.11330754402061172,0.11330754402061169,0.1133075440206117,0.1133075440206117,0.11330754402061172,0.11330754402061173,0.11330754402061168,0.1133075440206117,0.11330754402061169,0.11330754402061168,0.11330754402061166,0.11330754402061165,0.11330754402061169,0.11330754402061169,0.11330754402061169,0.11330754402061166,0.11330754402061172,0.11330754402061172,0.11330754402061172,0.11330754402061173,0.1133075440206117,0.11330754402061172,0.11330754402061173,0.11330754402061172,0.11330754402061172,0.1133075440206117,0.11330754402061168,0.11330754402061173,0.1133075440206117,0.11330754402061169,0.11330754402061168,0.11330754402061169,0.11330754402061169,0.11330754402061169,0.11330754402061168,0.11330754402061172,0.11330754402061173,0.11330754402061172,0.11330754402061176,0.11330754402061172,0.11330754402061176,0.11330754402061168,0.11330754402061168,0.11330754402061169,0.11330754402061172,0.11330754402061172,0.11330754402061172,0.11330754402061172,0.11330754402061172,0.11330754402061173,0.11330754402061172,0.11330754402061172,0.11330754402061174,0.11330754402061172,0.11330754402061172,0.11330754402061168,0.11330754402061176,0.11330754402061169,0.11330754402061168,0.11330754402061169,0.1133075440206117,0.11330754402061169,0.1133075440206117,0.11330754402061169,0.11330754402061169,0.1133075440206117,0.11330754402061168,0.11330754402061169,0.11330754402061168,0.11330754402061166,0.11330754402061168,0.11330754402061168,0.11330754402061166,0.11330754402061168,0.11330754402061169,0.1133075440206117,0.11330754402061169,0.11330754402061168,0.1133075440206117,0.11330754402061173,0.11330754402061172,0.11330754402061172,0.1133075440206117,0.11330754402061169,0.11330754402061173,0.1133075440206117,0.11330754402061169,0.11330754402061177,0.1133075440206117,0.1133075440206117,0.11330754402061166,0.1133075440206117,0.11330754402061166,0.1133075440206117,0.11330754402061172,0.11330754402061173,0.11330754402061169,0.1133075440206117,0.11330754402061172,0.11330754402061172,0.11330754402061172,0.11330754402061173,0.11330754402061172,0.11330754402061169,0.11330754402061173,0.1133075440206117,0.11330754402061172,0.11330754402061172,0.1133075440206117,0.11330754402061163,0.11330754402061173,0.1133075440206117,0.11330754402061166,0.1133075440206117,0.1133075440206117,0.11330754402061166,0.11330754402061172,0.11330754402061172,0.11330754402061169,0.11330754402061172,0.1133075440206117,0.1133075440206117,0.11330754402061172,0.11330754402061169,0.11330754402061172,0.11330754402061172,0.1133075440206117,0.11330754402061172,0.1133075440206117,0.1133075440206117,0.11330754402061172,0.11330754402061169,0.11330754402061172,0.11330754402061172,0.1133075440206117,0.11330754402061172,0.11330754402061168,0.11330754402061172,0.11330754402061165,0.11330754402061172,0.11330754402061166,0.11330754402061168,0.11330754402061176,0.1133075440206117,0.11330754402061173,0.11330754402061165,0.11330754402061169,0.11330754402061169,0.1133075440206117,0.11330754402061169,0.1133075440206117,0.11330754402061172,0.11330754402061168,0.11330754402061168,0.1133075440206117,0.11330754402061165,0.11330754402061166,0.11330754402061169,0.11330754402061166,0.11330754402061168,0.11330754402061169,0.11330754402061169,0.11330754402061169,0.11330754402061169,0.11330754402061169,0.11330754402061168,0.1133075440206117,0.11330754402061169,0.11330754402061169,0.11330754402061169,0.11330754402061165,0.1133075440206117,0.11330754402061169,0.11330754402061172,0.11330754402061166,0.11330754402061166,0.11330754402061173,0.11330754402061169,0.11330754402061172,0.11330754402061172,0.11330754402061172,0.1133075440206117,0.11330754402061169,0.11330754402061173,0.11330754402061172,0.11330754402061172,0.11330754402061172,0.11330754402061169,0.1133075440206117,0.11330754402061172,0.11330754402061173,0.1133075440206117,0.11330754402061172,0.11330754402061172,0.11330754402061173,0.11330754402061173,0.1133075440206117,0.11330754402061173,0.11330754402061172,0.1133075440206117,0.11330754402061168,0.11330754402061172,0.11330754402061172,0.1133075440206117,0.1133075440206117,0.11330754402061172,0.1133075440206117,0.11330754402061172,0.11330754402061173,0.11330754402061173,0.11330754402061169,0.11330754402061172,0.1133075440206117,0.11330754402061172,0.11330754402061173,0.1133075440206117,0.11330754402061172,0.11330754402061169,0.11330754402061169,0.11330754402061169,0.11330754402061169,0.11330754402061169,0.11330754402061173,0.1133075440206117,0.11330754402061173,0.1133075440206117,0.1133075440206117,0.11330754402061172,0.11330754402061169,0.11330754402061173,0.11330754402061172,0.1133075440206117,0.1133075440206117,0.1133075440206117,0.11330754402061168,0.11330754402061169,0.11330754402061173,0.11330754402061234,0.11330754402061198,0.11330754402061198,0.11330754402061204,0.11330754402061201,0.113307544020612,0.11330754402061197,0.11330754402061201,0.113307544020612,0.11330754402061202,0.11330754402061198,0.113307544020612,0.11330754402061205,0.11330754402061206,0.11330754402061205,0.11330754402061205,0.11330754402061205,0.11330754402061202,0.11330754402061206,0.11330754402061205,0.11330754402061205,0.11330754402061201,0.11330754402061205,0.1133075440206121,0.11330754402061208,0.11330754402061206,0.11330754402061206,0.11330754402061208,0.11330754402061205,0.11330754402061208,0.11330754402061206,0.1133075440206121,0.11330754402061208,0.11330754402061208,0.11330754402061206,0.11330754402061208,0.11330754402061208,0.11330754402061206,0.11330754402061206,0.11330754402061206,0.11330754402061206,0.11330754402061206,0.11330754402061206,0.11330754402061206,0.11330754402061206,0.11330754402061208,0.11330754402061209,0.11330754402061204,0.1133075440206121,0.11330754402061201,0.11330754402061208,0.11330754402061208,0.11330754402061202,0.11330754402061208,0.11330754402061205,0.11330754402061205,0.11330754402061204,0.11330754402061206,0.11330754402061205,0.11330754402061198,0.11330754402061209,0.11330754402061202,0.11330754402061204,0.11330754402061204,0.113307544020612,0.11330754402061206,0.11330754402061201,0.11330754402061204,0.11330754402061202,0.11330754402061201,0.11330754402061201,0.11330754402061202,0.11330754402061205,0.11330754402061205,0.11330754402061205,0.11330754402061205,0.11330754402061206,0.11330754402061205,0.11330754402061206,0.11330754402061204,0.11330754402061202,0.11330754402061204,0.113307544020612,0.11330754402061204,0.11330754402061205,0.11330754402061205,0.11330754402061208,0.11330754402061209,0.11330754402061206,0.11330754402061204,0.11330754402061204,0.11330754402061206,0.11330754402061208,0.11330754402061204,0.11330754402061208,0.11330754402061208,0.11330754402061206,0.11330754402061204,0.11330754402061201,0.11330754402061205,0.11330754402061202,0.11330754402061204,0.11330754402061202,0.113307544020612,0.113307544020612,0.11330754402061204,0.11330754402061204,0.11330754402061202,0.11330754402061198,0.11330754402061202,0.11330754402061204,0.11330754402061204,0.11330754402061201,0.11330754402061205,0.11330754402061202,0.11330754402061205,0.11330754402061201,0.11330754402061204,0.11330754402061204,0.113307544020612,0.113307544020612,0.11330754402061201,0.11330754402061201,0.11330754402061205,0.11330754402061205,0.11330754402061206,0.113307544020612,0.11330754402061208,0.11330754402061208,0.11330754402061206,0.11330754402061208,0.11330754402061209,0.11330754402061206,0.11330754402061205,0.11330754402061206,0.11330754402061209,0.11330754402061206,0.11330754402061205,0.11330754402061208,0.11330754402061209,0.11330754402061208,0.11330754402061202,0.11330754402061202,0.11330754402061204,0.11330754402061202,0.11330754402061205,0.11330754402061204,0.11330754402061206,0.11330754402061206,0.11330754402061206,0.11330754402061205,0.11330754402061208,0.11330754402061208,0.11330754402061209,0.11330754402061206,0.11330754402061208,0.11330754402061209,0.11330754402061208,0.11330754402061208,0.11330754402061206,0.11330754402061209,0.11330754402061208,0.11330754402061208,0.11330754402061204,0.1133075440206121,0.11330754402061209,0.11330754402061208,0.1133075440206121,0.11330754402061209,0.1133075440206121,0.11330754402061206,0.11330754402061209,0.11330754402061208,0.11330754402061206,0.1133075440206121,0.11330754402061206,0.11330754402061209,0.1133075440206121,0.1133075440206121,0.11330754402061209,0.11330754402061206,0.1133075440206121,0.11330754402061208,0.11330754402061206,0.11330754402061206,0.11330754402061206,0.11330754402061209,0.11330754402061213,0.11330754402061208,0.1133075440206121,0.11330754402061208,0.11330754402061209,0.11330754402061209,0.11330754402061208,0.11330754402061206,0.11330754402061209,0.11330754402061208,0.11330754402061206,0.11330754402061206,0.11330754402061213,0.11330754402061208,0.11330754402061206,0.11330754402061208,0.11330754402061206,0.11330754402061206,0.11330754402061208,0.11330754402061206,0.11330754402061208,0.11330754402061208,0.11330754402061209,0.11330754402061212,0.11330754402061209,0.11330754402061208,0.11330754402061209,0.11330754402061206,0.1133075440206121,0.11330754402061206,0.11330754402061208,0.11330754402061213,0.11330754402061206,0.11330754402061208,0.11330754402061209,0.11330754402061212,0.11330754402061191,0.11330754402061206,0.11330754402061202,0.11330754402061202,0.11330754402061204,0.11330754402061204,0.11330754402061202,0.11330754402061198,0.11330754402061201,0.11330754402061201,0.113307544020612,0.11330754402061205,0.11330754402061205,0.11330754402061197,0.11330754402061208,0.11330754402061201,0.11330754402061206,0.11330754402061205,0.11330754402061206,0.11330754402061205,0.11330754402061206,0.11330754402061206,0.11330754402061208,0.11330754402061208,0.11330754402061206,0.11330754402061208,0.11330754402061201,0.11330754402061202,0.11330754402061209,0.11330754402061208,0.11330754402061205,0.11330754402061204,0.11330754402061208,0.11330754402061204,0.11330754402061205,0.11330754402061204,0.113307544020612,0.11330754402061209,0.11330754402061206,0.11330754402061202,0.11330754402061204,0.11330754402061202,0.11330754402061204,0.11330754402061202,0.11330754402061204,0.11330754402061201,0.11330754402061204,0.11330754402061201,0.11330754402061201,0.11330754402061202,0.11330754402061201,0.11330754402061202,0.11330754402061202,0.113307544020612,0.11330754402061204,0.11330754402061204,0.11330754402061205,0.11330754402061204,0.11330754402061206,0.11330754402061204,0.11330754402061206,0.11330754402061205,0.11330754402061208,0.11330754402061206,0.11330754402061206,0.11330754402061208,0.11330754402061201,0.11330754402061206,0.11330754402061205,0.11330754402061205,0.11330754402061206,0.11330754402061204,0.11330754402061205,0.11330754402061206,0.11330754402061206,0.11330754402061204,0.11330754402061206,0.11330754402061205,0.11330754402061208,0.11330754402061204,0.11330754402061205,0.11330754402061205,0.11330754402061204,0.11330754402061205,0.11330754402061204,0.11330754402061206,0.11330754402061208,0.11330754402061201,0.11330754402061201,0.113307544020612,0.11330754402061202,0.11330754402061202,0.113307544020612,0.11330754402061201,0.11330754402061204,0.11330754402061201,0.11330754402061204,0.11330754402061202,0.11330754402061208,0.113307544020612,0.11330754402061201,0.11330754402061208,0.11330754402061208,0.11330754402061208,0.11330754402061201,0.11330754402061202,0.11330754402061201,0.11330754402061202,0.11330754402061202,0.11330754402061204,0.11330754402061202,0.11330754402061202,0.11330754402061204,0.11330754402061202,0.11330754402061205,0.11330754402061202,0.11330754402061202,0.11330754402061202,0.11330754402061202,0.11330754402061209,0.113307544020612,0.11330754402061202,0.11330754402061202,0.11330754402061205,0.11330754402061202,0.11330754402061205,0.11330754402061205,0.11330754402061202,0.11330754402061202,0.11330754402061204,0.113307544020612,0.11330754402061205,0.11330754402061205,0.11330754402061204,0.11330754402061206,0.11330754402061204,0.113307544020612,0.11330754402061202,0.11330754402061204,0.11330754402061201,0.11330754402061201,0.113307544020612,0.11330754402061204,0.11330754402061202,0.11330754402061202,0.11330754402061202,0.11330754402061202,0.11330754402061202,0.11330754402061205,0.11330754402061202,0.11330754402061202,0.11330754402061202,0.11330754402061202,0.113307544020612,0.11330754402061201,0.11330754402061204,0.11330754402061205,0.11330754402061204,0.11330754402061205,0.11330754402061206,0.11330754402061205,0.11330754402061206,0.11330754402061205,0.11330754402061208,0.11330754402061205,0.11330754402061208,0.113307544020612,0.11330754402061201,0.113307544020612,0.11330754402061208,0.11330754402061205,0.11330754402061206,0.11330754402061205,0.11330754402061206,0.11330754402061205,0.11330754402061205,0.11330754402061209,0.11330754402061201,0.11330754402061198,0.11330754402061206,0.11330754402061197,0.11330754402061201,0.11330754402061201,0.11330754402061201,0.11330754402061204,0.11330754402061201,0.11330754402061201,0.11330754402061202,0.11330754402061201,0.11330754402061204,0.113307544020612,0.113307544020612,0.11330754402061202,0.11330754402061206
1,0.0,0.0,0.0,0.0,0.0,0.0,0.0,0.0,0.0,0.0,0.0,0.0,0.0,0.0,0.0,0.0,0.0,0.0,0.0,0.0,0.0,0.0,0.0,0.0,0.0,0.0,0.0,0.0,0.0,0.0,0.0,0.0,0.0,0.0,0.0,0.0,0.0,0.0,0.0,0.0,0.0,0.0,0.0,0.0,0.0,0.0,0.0,0.0,0.0,0.0,0.0,0.0,0.0,0.0,0.0,0.0,0.0,0.0,0.0,0.0,0.0,0.0,0.0,0.0,0.0,0.0,0.0,0.0,0.0,0.0,0.0,0.0,0.0,0.0,0.0,0.0,0.0,0.0,0.0,0.0,0.0,0.0,0.0,0.0,0.0,0.0,0.0,0.0,0.0,0.0,0.0,0.0,0.0,0.0,0.0,0.0,0.0,0.0,0.0,0.0,0.0,0.0,0.0,0.0,0.0,0.0,0.0,0.0,0.0,0.0,0.0,0.0,0.0,0.0,0.0,0.0,0.0,0.0,0.0,0.0,0.0,0.0,0.0,0.0,0.0,0.0,0.0,0.0,0.0,0.0,0.0,0.0,0.0,0.0,0.0,0.0,0.0,0.0,0.0,0.0,0.0,0.0,0.0,0.0,0.0,0.0,0.0,0.0,0.0,0.0,0.0,0.0,0.0,0.0,0.0,0.0,0.0,0.0,0.0,0.0,0.0,0.0,0.0,0.0,0.0,0.0,0.0,0.0,0.0,0.0,0.0,0.0,0.0,0.0,0.0,0.0,0.0,0.0,0.0,0.0,0.0,0.0,0.0,0.0,0.0,0.0,0.0,0.0,0.0,0.0,0.0,0.0,0.0,0.0,0.0,0.0,0.0,0.0,0.0,0.0,0.0,0.0,0.0,0.0,0.0,0.0,0.0,0.0,0.0,0.0,0.0,0.0,0.0,0.0,0.0,0.0,0.0,0.0,0.0,0.0,0.0,0.0,0.0,0.0,0.0,0.0,0.0,0.0,0.0,0.0,0.0,0.0,0.0,0.0,0.0,0.0,0.0,0.0,0.0,0.0,0.0,0.0,0.0,0.0,0.0,0.0,0.0,0.0,0.0,0.0,0.0,0.0,0.0,0.0,0.0,0.0,0.0,0.0,0.0,0.0,0.0,0.0,0.0,0.0,0.0,0.0,0.0,0.0,0.0,0.0,0.0,0.0,0.0,0.0,0.0,0.0,0.0,0.0,0.0,0.0,0.0,0.0,0.0,0.0,0.0,0.0,0.0,0.0,0.0,0.0,0.0,0.0,0.0,0.0,0.0,0.0,0.0,0.0,0.0,0.0,0.0,0.0,0.0,0.0,0.0,0.0,0.0,0.0,0.0,0.0,0.0,0.0,0.0,0.0,0.0,0.0,0.0,0.0,0.0,0.0,0.0,0.0,0.0,0.0,0.0,0.0,0.0,0.0,0.0,0.0,0.0,0.0,0.0,0.0,0.0,0.0,0.0,0.0,0.0,0.0,0.0,0.0,0.0,0.0,0.0,0.0,0.0,0.0,0.0,0.0,0.0,0.0,0.0,0.0,0.0,0.0,0.0,0.0,0.0,0.0,0.0,0.0,0.0,0.0,0.0,0.0,0.0,0.0,0.0,0.0,0.0,0.0,0.0,0.0,0.0,0.0,0.0,0.0,0.0,0.0,0.0,0.0,0.0,0.0,0.0,0.0,0.0,0.0,0.0,0.0,0.0,0.0,0.0,0.0,0.0,0.0,0.0,0.0,0.0,0.0,0.0,0.0,0.0,0.0,0.0,0.0,0.0,0.0,0.0,0.0,0.0,0.0,0.0,0.0,0.0,0.0,0.0,0.0,0.0,0.0,0.0,0.0,0.0,0.0,0.0,0.0,0.0,0.0,0.0,0.0,0.0,0.0,0.0,0.0,0.0,0.0,0.0,0.0,0.0,0.0,0.0,0.0,0.0,0.0,0.0,0.0,0.0,0.0,0.0,0.0,0.0,0.0,0.0,0.0,0.0,0.0,0.0,0.0,0.0,0.0,0.0,0.0,0.0,0.0,0.0,0.0,0.0,0.0,0.0,0.0,0.0,0.0,0.0,0.0,0.0,0.0,0.0,0.0,0.0,0.0,0.0,0.0,0.0,0.0,0.0,0.0,0.0,0.0,0.0,0.0,0.0,0.0,0.0,0.0,0.0,0.0,0.0,0.0,0.0,0.0,0.0,0.0,0.0,0.0,0.0,0.0,0.0,0.0,0.0,0.0,0.0,0.0,0.0,0.0,0.0,0.0,0.0,0.0,0.0,0.0,0.0,0.0,0.0,0.0,0.0,0.0,0.0,0.0,0.0,0.0,0.0,0.0,0.0,0.0,0.0,0.0,0.0,0.0,0.0,0.0,0.0,0.0,0.0,0.0,0.0,0.0,0.0,0.0,0.0,0.0,0.0,0.0,0.0,0.0,0.0,0.0,0.0,0.0,0.0,0.0,0.0,0.0,0.0,0.0,0.0,0.0,0.0,0.0,0.0,0.0,0.0,0.0,0.0,0.0,0.0,0.0,0.0,0.0,0.0,0.0,0.0,0.0,0.0,0.0,0.0,0.0,0.0,0.0,0.0,0.0,0.0,0.0,0.0,0.0,0.0,0.0,0.0,0.0,0.0,0.0,0.0,0.0,0.0,0.0,0.0,0.0,0.0,0.0,0.0,0.0,0.0,0.0,0.0,0.0,0.0,0.0,0.0,0.0,0.0,0.0,0.0,0.0,0.0,0.0,0.0,0.0,0.0,0.0,0.0,0.0,0.0,0.0,0.0,0.0,0.0,0.0,0.0,0.0,0.0,0.0,0.0,0.0,0.0,0.0,0.0,0.0,0.0,0.0,0.0,0.0,0.0,0.0,0.0,0.0,0.0,0.0,0.0,0.0,0.0,0.0,0.0,0.0,0.0,0.0,0.0,0.0,0.0,0.0,0.0,0.0,0.0,0.0,0.0,0.0,0.0,0.0,0.0,0.0,0.0,0.0,0.0,0.0,0.0,0.0,0.0,0.0,0.0,0.0,0.0,0.0,0.0,0.0,0.0,0.0,0.0,0.0,0.0,0.0,0.0,0.0,0.0,0.0,0.0,0.0,0.0,0.0,0.0,0.0,0.0,0.0,0.0,0.0,0.0,0.0,0.0,0.0,0.0,0.0,0.0,0.0,0.0,0.0,0.0,0.0,0.0,0.0,0.0,0.0,0.0,0.0,0.0,0.0,0.0,0.0,0.0,0.0,0.0,0.0,0.0,0.0,0.0,0.0,0.0,0.0,0.0,0.0,0.0,0.0,0.0,0.0,0.0,0.0,0.0,0.0,0.0,0.0,0.0,0.0,0.0,0.0,0.0,0.0,0.0,0.0,0.0,0.0,0.0,0.0,0.0,0.0,0.0,0.0,0.0,0.0,0.0,0.0,0.0,0.0,0.0,0.0,0.0,0.0,0.0,0.0,0.0,0.0,0.0,0.0,0.0,0.0,0.0,0.0,0.0,0.0,0.0,0.0,0.0,0.0,0.0,0.0,0.0,0.0,0.0,0.0,0.0,0.0,0.0,0.0,0.0,0.0,0.0,0.0,0.0,0.0,0.0,0.0,0.0,0.0,0.0,0.0,0.0,0.0,0.0,0.0,0.0,0.0,0.0,0.0,0.0,0.0,0.0,0.0,0.0,0.0,0.0,0.0,0.0,0.0,0.0,0.0,0.0,0.0,0.0,0.0,0.0,0.0,0.0,0.0,0.0,0.0,0.0,0.0,0.0,0.0,0.0,0.0,0.0,0.0,0.0,0.0,0.0,0.0,0.0,0.0,0.0,0.0,0.0,0.0,0.0,0.0,0.0,0.0,0.0,0.0,0.0,0.0,0.0,0.0,0.0,0.0,0.0,0.0,0.0,0.0,0.0,0.0,0.0,0.0,0.0,0.0,0.0,0.0,0.0,0.0,0.0,0.0,0.0,0.0,0.0,0.0,0.0,0.0,0.0,0.0,0.0,0.0,0.0,0.0,0.0,0.0,0.0,0.0,0.0,0.0,0.0,0.0,0.0,0.0,0.0,0.0,0.0,0.0,0.0,0.0,0.0,0.0,0.0,0.0,0.0,0.0,0.0,0.0,0.0,0.0,0.0,0.0,0.0,0.0,0.0,0.0,0.0,0.0,0.0,0.0,0.0,0.0,0.0,0.0,0.0,0.0,0.0,0.0,0.0,0.0,0.0,0.0,0.0,0.0,0.0,0.0,0.0,0.0,0.0,0.0,0.0,0.0,0.0,0.0,0.0,0.0,0.0,0.0,0.0,0.0,0.0,0.0,0.0,0.0,0.0,0.0,0.0,0.0,0.0,0.0,0.0,0.0,0.0,0.0,0.0,0.0,0.0,0.0,0.0,0.0,0.0,0.0,0.0,0.0,0.0,0.0,-7.247026087333303e-33,-1.0228879733348653e-55,2.0422621491078364e-33,2.0422621491078364e-33,-5.093970080269081e-31,-3.294057323963075e-33,-1.884374084923102e-32,3.538836744454862e-55,2.750606179191723e-31,-7.69594695357603e-32,2.9650834879295834e-55,2.965083487929584e-55,2.6377938054226614e-32,2.65705236199509e-32,2.657052361995091e-32,2.657052361995092e-32,2.6570523619950923e-32,2.657171641808729e-32,-8.309457261447682e-32,-1.8534318720941844e-32,5.514781167370513e-59,-2.894557503212166e-30,4.13139229897978e-31,1.3994387491391996e-31,1.2616949087957307e-31,1.2915038510705907e-31,2.0435308697424043e-31,2.0435308697424048e-31,2.9370302803250943e-31,3.2518344710621695e-31,3.2518344710621712e-31,-1.7476846123630417e-29,4.110453314897282e-34,4.1104533148972845e-34,2.7535874401372305e-32,2.7535874401372283e-32,2.883451319098774e-32,3.004648376677136e-32,3.0046483766771353e-32,1.3892563865974624e-30,1.4043964254582042e-30,1.404396425458204e-30,1.404396425458204e-30,2.6231480020888086e-30,2.6654501913937263e-30,2.6654501913937263e-30,2.6731928309135802e-30,1.3916351431304796e-30,1.386098793819407e-30,1.40469543621307e-30,1.4052980642115851e-30,1.405298064211586e-30,1.405298162853319e-30,1.4052985227418932e-30,1.3297330262714074e-30,1.3297330262714069e-30,1.138559246459885e-30,9.42921247460562e-31,9.429733701074902e-31,9.477285256810954e-31,1.3651658754533848e-30,1.3651658754533841e-30,1.4880985504158935e-30,1.4880894239165065e-30,1.4897531599228864e-30,1.4921494862239459e-30,1.492149486223945e-30,1.4921494862239464e-30,1.4921494862239464e-30,1.1802488422370773e-30,1.1802488422370778e-30,-3.4831065543155843e-28,6.200960935836485e-31,6.253939134677994e-31,6.298309636818616e-31,6.298447323001112e-31,6.29844732300111e-31,6.269864955151115e-31,6.131518234544607e-31,6.150323552051165e-31,6.150323552051166e-31,6.715835891341018e-31,1.1462357981476623e-29,1.1416282634662032e-29,1.1416282634662035e-29,2.426232623961583e-28,2.429616425833027e-28,2.4292756313149576e-28,2.4292749836263503e-28,2.429274987279148e-28,2.4284324548252052e-28,2.4370243688714863e-28,2.4300075377404387e-28,2.4300589643148096e-28,2.4313563612676857e-28,2.431357220375549e-28,2.4313572203755496e-28,2.431357220375549e-28,2.431357220375551e-28,2.431355523580157e-28,2.4227213068961857e-28,2.422459671571923e-28,2.4224871601011843e-28,2.4226853254597863e-28,2.4228633291512917e-28,2.4182233625101273e-28,2.418223363433572e-28,2.447722000880028e-28,-5.196031733397445e-28,3.3460317290553874e-29,-4.0820962230982863e-29,3.0384364560711207e-33,2.8074155908533462e-30,2.8074144411961404e-30,2.550100867728991e-29,2.543149083698562e-29,1.5869663201142344e-29,8.239861084843796e-30,8.242891992042856e-30,8.242891992042858e-30,8.242891992042846e-30,8.258082488849701e-30,8.224634229898747e-30,8.224270820750492e-30,-1.9385566527890292e-30,4.605261604413835e-34,-1.2963558485072649e-31,-1.9955648693713118e-30,-1.0015446348728694e-37,9.706420304173262e-36,-6.9214505917279e-33,5.178444923244177e-32,4.283912895069428e-32,1.9352433997690832e-31,1.9858216378999736e-31,1.5967493783454093e-29,1.5967529874509e-29,1.6036740689237725e-29,-1.7029580141845182e-28,7.650730410389844e-36,4.295084832041501e-32,7.548675187459513e-32,4.1119674222825977e-32,4.1878572055861317e-32,4.1877261579240467e-32,-2.3946399099957864e-29,2.8893719617413425e-33,2.8373966966610015e-33,3.9729685381564137e-32,-4.605884765169592e-31,-1.1613802143667044e-30,6.552833922110635e-36,-2.8741021146831006e-30,-3.0120032262872476e-32,-5.407654777054974e-33,-1.6807313887015433e-34,9.402353039350449e-33,-1.464787792719054e-31,-1.9034051986401894e-34,-7.684372991035109e-29,-1.395262249133461e-32,2.43617670328097e-31,2.3402449031722495e-31,2.188753546728825e-31,-5.507350834034414e-32,-4.249919087758271e-32,-3.2367119132123516e-34,-1.3618026353197578e-33,2.846052917642524e-36,-1.1573472256532992e-35,-4.897389202015148e-36,-1.9522012562093173e-37,-5.00941327972179e-32,-1.970552863776579e-34,2.0184830222045774e-36,-3.865203013142775e-34,1.015357279467573e-36,-1.3561342380296147e-33,1.3873704460266612e-36,4.0909729556974006e-36,-9.933450383693828e-34,1.6914637769608657e-34,6.398990122492963e-33,6.09269486541948e-33,5.9743623502419895e-33,3.0055460993913306e-32,2.177883146563528e-32,2.5575877580472017e-32,2.556334339363093e-32,1.879401009967228e-32,1.6036657000677442e-32,1.579505839058193e-32,1.5632034496978733e-32,5.061018567116433e-32,5.110416029524581e-32,-7.879224227394477e-32,-2.0728700396015753e-31,-2.415530143254493e-32,-2.598973814932356e-31,9.869666027121849e-32,9.347202307136469e-32,9.793824147575796e-32,4.232236226873464e-31,4.233233424043643e-31,2.674730089105204e-31,2.4344177573359267e-31,-4.9592573958702756e-30,4.069030547940976e-33,1.2138501135126762e-32,3.1556707538353506e-32,-3.347756671217929e-30,-1.3530050361587512e-32,-9.463702672894645e-32,-4.924061233239434e-33,-1.724765164792436e-33,-1.432007440550745e-32,3.964443319542987e-30,3.930438338921049e-30,4.0759763221045196e-30,3.866040439423835e-30,3.88459367112023e-30,3.0545602662491908e-30,3.0310480743964644e-30,3.540476376300667e-30,3.515729957736829e-30,-1.0662414063820555e-29,1.5405918092644838e-30,1.4169624373322671e-30,3.747775104572555e-30,3.7637570584615656e-30,3.7903719318011365e-30,2.5121756884824563e-30,2.5042527779303335e-30,2.375566875551069e-30,2.37555244146223e-30,2.2934663295291924e-30,2.4484194624390775e-30,2.4624835520037547e-30,2.6128133010939118e-30,2.6647591660004257e-30,2.691233742253554e-30,2.7252194893599533e-30,2.3727741216207195e-30,2.359697200155859e-30,2.4132402355520024e-30,2.341201441349836e-30,2.513847799791831e-30,2.508246307397774e-30,2.5078817268041384e-30,2.5196082677139258e-30,2.524354942122598e-30,2.5227628955262273e-30,2.4830972687753766e-30,2.4963714108125855e-30,2.5095901938708852e-30,2.5756488650803877e-30,2.5563702148492202e-30,2.6092388185363435e-30,2.6083884948998305e-30,1.2650738155111812e-30,1.2514309098567304e-30,1.275776607852205e-30,1.3578451126912192e-30,1.3622832996802032e-30,1.4081181903137751e-30,3.155873595708476e-30,3.3148397507736044e-30,2.2719818717932552e-30,2.501072835389374e-30,-1.3326149885509175e-32,-1.1853995995384038e-33,1.9535116232561613e-31,-1.8361210556144604e-30,5.512805446555814e-30,5.517884062954939e-30,5.713231376755654e-30,7.049766895794308e-31,8.681186919457522e-31,7.892200151567091e-31,-3.1608852761975472e-31,5.90263486991066e-32,6.176403602479754e-32,-5.442181652486388e-32,-8.745316181705465e-31,-2.26476048889129e-31,3.4774747786532867e-29,3.5130686755877477e-29,4.66931023339918e-29,4.508650603142154e-29,3.445226776337223e-29,3.443662004358179e-29,3.415993510272609e-29,3.4211994206455865e-29,3.423969916961474e-29,3.099144695994779e-29,2.510319228262412e-29,-1.2035017655681642e-28,-8.245867104754116e-30,1.8340862782894153e-31,1.3372297633758384e-30,2.514408480468821e-29,3.263986418646486e-29,3.2871886028817674e-29,3.5466327241454084e-29,1.4863979327899852e-29,1.4787889970429807e-29,1.4724590887471833e-29,1.4655426767809822e-29,4.1350847088742044e-30,4.170909760208478e-30,4.191824808006438e-30,4.405785648892795e-30,4.9907517269892916e-30,3.913939289570917e-30,3.459305102996583e-30,2.905636939614164e-30,2.908758889411942e-30,2.6873860722521853e-30,-8.359822943380796e-30,-1.1320890766395363e-31,1.1300102519492167e-30,1.6393174659685319e-29,1.6070019647485044e-29,1.7573377947693556e-29,1.7551672538876376e-29,1.7575513537226205e-29,1.7468973350315282e-29,7.287175435545253e-30,6.404320868589722e-30,5.636233557756221e-30,2.997660706438559e-30,3.154364290195374e-30,4.266928300465429e-30,4.268299053804383e-30,1.4376359516700082e-29,1.79633013519567e-29,1.792218644867675e-29,1.791703087056869e-29,2.602724944449156e-29,2.586099808072985e-29,2.6125948746298806e-29,2.609739094966052e-29,-8.791485995617688e-28,-2.558888197551327e-30,2.4451489443603728e-30,-4.816019429996031e-30,-2.7988873467208835e-31,-7.868734389419978e-33,5.094518473102515e-31,5.2199815866873845e-31,4.776819502952557e-31,2.6797411465220114e-31,7.437478296452591e-31,7.313015481182089e-31,1.8671839989061727e-30,1.976336664456041e-30,1.9736335329457085e-30,1.4513969036966535e-30,1.4749115071375203e-30,1.6133594851298543e-30,1.617472392458307e-30,1.993271563999978e-30,1.9357051003832906e-30,1.827465738926683e-30,1.992714691719129e-30,1.7618096854495646e-30,9.555316849439291e-31,6.929721359005073e-31,8.044443955130621e-31,8.070240518909111e-31,9.657292037570947e-31,-5.065049095740369e-30,1.8364011010976188e-32,1.8071727961342102e-30,2.3565086521190205e-30,2.3772207923020316e-30,2.386066516588927e-30,2.1437024727504923e-30,2.1347821523523938e-30,2.0829608101298592e-30,2.1692787885542177e-30,1.949714288012941e-30,1.951483974290818e-30,1.9526641366679302e-30,1.5959779267521822e-30,1.4723934044637105e-30,1.720670081058973e-30,1.935910530597656e-30,2.038715691302886e-30,1.8486186080565443e-30,1.5218724688338189e-29,1.4811165099829867e-29,1.495060157820167e-29,1.4652609330078147e-29,1.4011723745088172e-29,1.3938926036886036e-29,1.401750932231582e-29,1.4019994848814883e-29,1.4168809007911541e-29,1.69059123428303e-29,1.5515790021935404e-29,9.026635007021289e-30,7.782287806140829e-30,8.327087916944876e-30,7.724841684894357e-30,7.716985718497394e-30,1.771624787635528e-29,1.7728933621806228e-29,1.772935346504284e-29,1.770911333062275e-29,3.14571855870528e-30,3.3600675385422134e-30,3.322345789662405e-30,6.294816360147762e-30,9.378860769082413e-30,9.929208067116232e-30,1.0113831268682974e-29,1.0032904971675679e-29,1.0681158778525841e-29,1.0683985191526445e-29,1.068449813041479e-29,1.0680287893292897e-29,1.1041999331572496e-29,1.3282431217490022e-29,1.3369207048852224e-29,1.336881817958827e-29,9.08517990368766e-30,8.760114951640166e-30,8.20989684897887e-30,8.455475433895343e-30,8.318529432917464e-30,8.905197546153617e-30,8.867673699923284e-30,7.977936263143342e-30,5.067283888703131e-30,5.344971371222641e-30,5.3453621501467384e-30,6.031631810473465e-30,5.500257325647698e-30,1.649523705973558e-29,1.6424689602445345e-29,-2.0047411804319207e-29,-1.1967346730788243e-30,1.2149801599694803e-31,3.0295123992196874e-31,8.704813287304949e-31,8.598685257517012e-31,4.5443911117783145e-31,3.4740126901314505e-31,3.409240903668027e-31,-1.3900371301560421e-29,-3.07110755260204e-28,-1.1909772105806191e-31,5.989444263947981e-31,-1.8121103493518123e-31,-4.844574087824499e-29,1.0240632948797213e-30,-2.6435432423001866e-30,5.257044562849369e-31,-3.400919021196188e-30,-1.4103605965557098e-30,-5.904767483106671e-29,2.8240351308127545e-30,3.227194255886694e-30,8.51679550518966e-30,9.660809467081183e-31,1.3562946890631088e-30,1.4612767447011137e-30,7.105910418131363e-31,-9.681859784179651e-30,1.682600979359888e-30,5.8431930566645585e-31,1.4099577122770994e-30,1.2162560464173955e-29,1.4030038330029938e-29,8.534592649397645e-30,3.8912631959074895e-29,3.9045482899809315e-29,4.0740251647282645e-29,4.2520643427989986e-29,1.6641188540198633e-29,4.2985746475643026e-29,4.262525776504443e-29,4.2528497177688585e-29,4.63296366895571e-29,4.6395314158369995e-29,4.877589679056044e-29,4.970670867884979e-29,4.9993470260410575e-29,4.840728575527543e-29,-9.599785208933822e-29,-4.497610099619617e-31,-1.968848084157123e-31,-2.788656845695895e-30,-2.2249196568404534e-29,-8.950485525898569e-31,8.63835132666505e-30,7.70859940801074e-30,6.072873265724657e-30,4.6467051016074676e-30,2.6144385310557922e-30,2.4933731854924398e-30,1.067373048063684e-30,1.0655827919628034e-30,1.2165827507271209e-30,1.3287649592181076e-30,2.636937480013698e-30,5.320388067876668e-32,6.291676930886297e-32,-9.142373325857474e-29,-1.9145953721501675e-29,-4.981539724280058e-31,1.3466899802606124e-32,1.3278210712830185e-31,-3.686056559070663e-32,-1.5092531086232426e-30,1.267490135567364e-33,1.1692985688715434e-29,1.2189361537705854e-29,1.271441834820744e-29,4.6297225462942947e-29,-8.74513904787132e-29,-3.143400686835676e-30,-9.540598205589546e-31,-1.1689528046347037e-31,-3.3837737812045756e-30,-8.555998145331545e-30,1.5928240255816241e-31,-6.773825531935476e-29,1.0252282941396664e-30,9.092820918818266e-30,-2.434232858659251e-29,8.810841013018131e-31,8.476494203147662e-31,6.760301947593384e-31,1.1015476101287159e-30,1.2352509550678025e-31,5.068865679005938e-31,-1.684987122240584e-29,1.614991239892051e-29,1.3055656265599972e-29,1.3387523133105932e-29,1.7675327143622488e-29,2.1756187910417226e-29,7.314627527224767e-30,7.428025012343914e-30,6.276014640681988e-30,6.225869201718045e-30,6.876293013310596e-29,-2.1910844259511075e-29,2.2727168190845073e-30,-6.5375232252533665e-31,1.2253752702880894e-29,1.6926249523877577e-29,1.6345463194935993e-29,-1.649506640411902e-30,-1.6754367365666416e-29,-3.957196731855715e-30,-3.1382950845415247e-30,2.6538457595390843e-31,-1.8220222973607643e-31,1.619675040819028e-30,1.0075617049993785e-30,-1.9834131680983888e-29,9.99409237192688e-31,1.015610419825241e-28,1.0328501127534499e-28,9.00642356399722e-29,9.149528379873334e-29,9.293838705097093e-29,5.680930020894368e-29,6.035078827868364e-29,6.035884791616423e-29,6.120072944836396e-29,6.119666965635348e-29,7.232664975383542e-29,7.239095462053985e-29,7.371517372659332e-29,7.371860711100171e-29,7.351702232749591e-29,7.346862299048869e-29,7.716360359468364e-29,3.98834302683897e-29,4.0956264973506735e-29,4.360466471765346e-31,-8.28158136679349e-32,1.850676564408563e-29,2.3203000168364472e-29,2.4194930888784712e-29,2.699830958598316e-29,7.033450256670449e-29,7.452208490816882e-29,7.442901563799282e-29,1.1697173429009828e-29,1.1953857309974727e-29,3.158908743199702e-29,3.63786509938868e-29,3.458981156588346e-29,1.4252459979295862e-29,1.4305807655896124e-29,1.4047562590648113e-29,4.2787030239505655e-30,3.3565862373961105e-30,3.4101267068761295e-30,-2.16560096048257e-29,3.342039538619749e-30,3.278352673033755e-30,1.426511193202613e-29,-1.9453186899412788e-29,2.6858453675070225e-31,4.372688275515689e-31,-6.11644921675576e-30,2.3673176382682125e-29,3.203831501100143e-29,3.1806085593598314e-29,9.386022806270479e-29,8.425812101642427e-29,8.440559406593273e-29,-4.6190544428330777e-29,-2.8919525947795118e-30,9.368500996518439e-30,9.369375975482357e-30,1.3636420130519037e-29,4.290554705604966e-29,4.2906381769005415e-29,3.619343289401067e-29,3.618575856898932e-29,3.9870108318514843e-29,3.9272399107608294e-29,-6.010677127375922e-30,8.499857058368722e-30,1.0886872739352871e-29,1.1405239018768212e-29,1.3094251969724237e-29,1.87424935342709e-29,1.8718002231351354e-29,1.8415668873158252e-29,1.8501106797914122e-29,1.0446659595881451e-29,1.2065411473535403e-29,1.2209358221527056e-29,1.3744277955503095e-29,1.3591012637105662e-29,1.2574096824331819e-29,1.8116097078456654e-29,1.8124404448264727e-29,-4.6107693766763244e-29,2.528560835027844e-32,7.595599608870537e-31,8.022373480141111e-31,7.925941023206281e-31,5.31337829616213e-31,9.514423909794335e-31,1.2480598533104785e-30,1.6733676352859417e-30,2.306365814902046e-30,-2.259504320972579e-29,4.3566776796582907e-29,4.407448038354285e-29,5.983958258564207e-29,5.990243780103562e-29,6.263488117697561e-29,6.305552503497896e-29,5.815045563267503e-29,5.564465453471974e-29,5.586563007544885e-29,5.566733171193934e-29,5.492779280550352e-29,5.712752819440903e-29,5.682311071183698e-29,5.684121141890379e-29,5.669973835984024e-29,5.695455319080953e-29,5.695284908984298e-29,5.844946911748817e-29,7.110054888360543e-29,7.111709756838648e-29,1.0501759932027126e-29,1.0423452342314735e-29,1.0366881416124945e-29,1.0328354461997276e-29,1.0327123055141184e-29,1.109387829048833e-29,1.1092249553324026e-29,1.6240323876930084e-29,3.2957311107728945e-29,3.3062355052344397e-29,3.87978542188191e-29,4.005525105715688e-29,6.320108539720056e-29,8.099480230619089e-29,8.710722472327673e-29,8.702842917383517e-29,8.707734228783856e-29,8.69418648850388e-29,8.694138888455595e-29,8.695409445162736e-29,8.708757740593307e-29,8.653012780932349e-29,8.674670756050111e-29,8.686968185429083e-29,8.648485643790931e-29,8.694071935719952e-29,8.694200552157973e-29,8.745894982653607e-29,8.750702341522158e-29,8.82765046698096e-29,8.829133566684543e-29,8.92180717499862e-29,1.9854291606376344e-28,1.8747735085442976e-28,1.875265636743804e-28,1.8758471204772292e-28,1.8644340115535398e-28,1.997433441261775e-28,1.9972510898045505e-28,7.329487467243757e-29,7.327742900419052e-29,7.347298965637368e-29,9.026788396466757e-29,8.961253434230631e-29,8.967057084276373e-29,8.968615309254274e-29,8.955479729562172e-29,8.933219350176062e-29,8.799056758421897e-29,8.799067002502111e-29,4.957279140102626e-29,4.8037643800036165e-29,5.806876404967121e-29,5.823338299865539e-29,5.848728032733046e-29,6.106509525259067e-29,6.105073651030187e-29,6.119638042393368e-29,6.119640855221771e-29,6.120051269529181e-29,6.12008808489982e-29,6.137304013280023e-29,6.046367812906596e-29,6.044274681445717e-29,-1.213533454437735e-28,-1.876333487615402e-36,1.2314234244111045e-32,2.7136895447483825e-31,2.710396442190954e-31,1.0349028780660388e-31,8.579771922736578e-29,-6.393911220945495e-28,-2.658307202684522e-32,-8.841344521313826e-31,1.9823079400747553e-31,-1.1129478920304936e-29,2.70754400912185e-31,-3.875759250541045e-31,7.533627600901433e-32,-5.963048330907082e-32,-7.105738801351272e-31,3.490456398816236e-32,4.782079665467349e-32,-2.411849714338762e-30,1.7557649152792152e-31,1.2598689748326658e-31,3.359944541078162e-30,5.531774747539061e-31,1.0879434254612662e-28,1.0810776871660758e-28,1.0821463082620123e-28,1.0829533726621605e-28,1.0829022559649088e-28,1.0858128646655338e-28,1.0746290098177715e-28,1.0754648728944694e-28,1.076708552721434e-28,1.0371023328844484e-28,1.0385201394622435e-28,1.0385343857950538e-28,1.0377018161425843e-28,1.0375576998448946e-28,1.0376777693221453e-28,1.0410793782241697e-28,1.0483518308320835e-28,1.048351830716278e-28,1.05237764095914e-28,1.0712710292418962e-28,1.0420942862200555e-28,9.29369613552532e-29,9.294001655338255e-29,9.308384393586763e-29,9.271216495806873e-29,8.692372598364237e-29,8.590195772953009e-29,8.6293589294409e-29,8.627643815361129e-29,8.522625831472418e-29,8.53500672902859e-29,8.532174478189968e-29,9.011204731682587e-29,9.010507676167603e-29,9.287488520463946e-29,9.285408233760404e-29,9.237796099628483e-29,9.240708451423791e-29,9.262583494302335e-29,9.141633613965693e-29,9.23270420385673e-29,9.218546852662324e-29,8.831052587989455e-29,8.81750054519682e-29,8.799459774674763e-29,8.809984805277771e-29,8.76938820009438e-29,8.772105936688041e-29,8.750543728370895e-29,8.728762979234168e-29,8.731886399661552e-29,8.727806732796821e-29,8.6971898286666e-29,8.703045960864103e-29,8.702300467147029e-29,8.70286767373776e-29,8.557444951161631e-29,8.555639966440725e-29,8.554731542975599e-29,8.935106853061469e-29,8.931492091744559e-29,8.974956550824184e-29,8.974269925467147e-29,9.014309186849609e-29,9.014165854917693e-29,9.019279467209513e-29,8.878268987381873e-29,8.881905498144778e-29,9.623422577569369e-29,9.596381775157866e-29,9.587564484562447e-29,9.587639736526545e-29,7.405581505734853e-29,7.116555097783422e-29,7.001575166121572e-29,7.000149044166825e-29,7.033881334534359e-29,5.133489224536834e-29,5.195737857237405e-29,4.6638674093472033e-29,4.717592433780982e-29,4.716911031630142e-29,4.7163209378514e-29,5.82954028175298e-29,5.990785256814836e-29,5.990989071977387e-29,5.347796666300509e-29,5.316903872110914e-29,5.288302919637482e-29,3.8508691870637944e-29,3.848287290019311e-29,3.467776776940711e-29,3.46776937111717e-29,3.467146902331455e-29,3.4764277766506064e-29,3.477353564353486e-29,3.4779755592751406e-29,3.4884345988951717e-29,-1.3393441928033103e-28,2.913452488884035e-31,3.127769265096116e-31,6.949525980312524e-31,4.042063124467824e-31,3.8403422425521358e-31,4.1010905952791275e-31,4.94281585483996e-31,6.3320010926972075e-31,-5.928145882579535e-31,1.680555636591739e-32,-1.7180847175525134e-30,-1.453675716806987e-30,6.534245402061002e-35,-1.0424848309994962e-31,-3.07646491328193e-30,9.761876814683827e-31,9.762020454024469e-31,1.1396358991778349e-30,2.1204708478231665e-31,-1.6814939037672065e-31,8.488826410114271e-30,8.487030558807396e-30,8.485521881125011e-30,8.458825260896249e-30,8.456588967575905e-30,6.1332838303334525e-30,1.6959270717722958e-29,1.6957645856240764e-29,1.692270376247691e-29,1.6906564328196676e-29,5.8422754098476155e-28,5.842317536366312e-28,5.860213021198771e-28,5.860597481505708e-28,5.860772693056089e-28,5.860703172415081e-28,5.872109934778092e-28,5.87354686941137e-28,5.889294332144107e-28,5.503702653824452e-28,5.504874024854456e-28,5.506460496556264e-28,5.541617482643584e-28,5.45040178496452e-28,5.348926142248799e-28,5.351892789619152e-28,5.354990709518536e-28,5.354192175972509e-28,5.3590345640162375e-28,5.259799508452422e-28,5.308945806677912e-28,5.308952375412088e-28,5.272015941789487e-28,5.270632997548102e-28,5.270544709400167e-28,5.278068246118287e-28,5.279236565046685e-28,5.611416226320757e-28,5.611448809153838e-28,5.61159025573641e-28,5.714455655809883e-28,5.7141811462265775e-28,5.714188799730375e-28,5.715303765329176e-28,5.716424940978326e-28,5.708080485560913e-28,5.650389871208267e-28,5.650389621247325e-28,5.650389558578389e-28,5.651021681703516e-28,5.653980164243866e-28,5.653971156742107e-28,5.654564106324271e-28,5.65452015277903e-28,5.654506994563486e-28,5.662873034935865e-28,5.67469496754656e-28,5.674720763713826e-28,5.676330884449449e-28,5.676356252526578e-28,5.725682055620165e-28,5.751951947970675e-28,5.799405101720853e-28,5.798008662775364e-28,5.500872684031843e-28,5.449929646855013e-28,5.449916031437969e-28,5.44890826696078e-28,5.44965530363067e-28,5.449647380879916e-28,5.338560869256048e-28,5.339657118679358e-28,5.33274515552798e-28,5.332792661357149e-28,5.328753483828468e-28,5.331801131306238e-28,5.467246495402832e-28,5.467035405533335e-28,5.466320028898324e-28,5.38866282649902e-28,5.415586781480587e-28,5.413664279350318e-28,5.417207311104815e-28,5.420208749292003e-28,4.751251249498097e-28,4.751252133632972e-28,4.750384542863585e-28,4.8053048626377635e-28,4.802717307302005e-28,4.803057558522073e-28,4.799394562926381e-28,4.733118653987713e-28,4.663378170094088e-28,4.662763819168067e-28,4.665859776047758e-28,4.677284777045151e-28,4.677362582637698e-28,4.63845247793105e-28,4.478986827133844e-28,4.472887150027204e-28,4.467697408031406e-28,4.481982961534276e-28,4.466851087373198e-28,4.46934126307275e-28,4.459727266110851e-28,4.4915489118042055e-28,4.491521566878083e-28,4.491460817207855e-28,4.503046588395421e-28,4.510966853487602e-28,4.510418456505503e-28,4.508874560127006e-28,4.493889155657773e-28,4.494535418056182e-28,4.505145668387306e-28,4.51968347913611e-28,4.519683478652455e-28,4.519683478969427e-28,4.51968347939117e-28,4.519683474902847e-28,4.519683475182061e-28,4.519683475209352e-28,4.519683475643007e-28,4.519683473540244e-28,4.5196834735002595e-28,4.519683473136175e-28,4.519683459757759e-28,4.51968329102922e-28,4.519683294658398e-28,4.519683300619332e-28,4.519683312395827e-28,4.5196833123634495e-28,4.519683312666691e-28,4.519683325832003e-28,4.5196833258326685e-28,4.519683389439168e-28,4.519683365461733e-28,4.519683365461748e-28,4.519683351465846e-28,4.519683351714436e-28,4.519683364736869e-28,4.51968337235504e-28,4.519683367846401e-28,4.519683368441427e-28,4.519683364628906e-28,4.519683364631917e-28,4.519683364403662e-28,4.519683363583984e-28,4.5196833642999965e-28,4.5196827384024995e-28,4.519664637595436e-28,4.519664537964348e-28,4.519664625176055e-28,4.519664638511471e-28,4.519664617516072e-28,4.519664595767617e-28,4.51966459760158e-28,4.519664601890089e-28,4.5196638700148015e-28,4.519663881381166e-28,4.519663869472301e-28,4.519664489095037e-28,4.519665239062459e-28,4.519665264666399e-28,4.519665275967243e-28,4.519660154513489e-28,4.519659568202464e-28,4.5196607148546715e-28,4.519660686359977e-28,4.519660696072143e-28,4.519660689946908e-28,4.519660687344479e-28,4.519660639756153e-28,4.519666397155536e-28,4.519666397893881e-28,4.519666384249107e-28,4.519666382756987e-28,4.519666384782024e-28,4.519666353060361e-28,4.519666348345593e-28,4.519666348345593e-28,4.519666348715211e-28,4.519666365127996e-28,4.519663661397827e-28,4.519663661213695e-28,4.51966366201804e-28,4.519663660294784e-28,4.519663669834925e-28,4.519663664987138e-28,4.519663700932831e-28,4.5196636495130355e-28,4.519662331083736e-28,4.519662269119836e-28,4.519662273049939e-28,4.519662341466276e-28,4.519662359456967e-28,4.51966218576542e-28,4.519662185946667e-28,4.5196621661051e-28,4.519663439130763e-28,4.51966343710103e-28,4.5196634371014915e-28,4.519663436151988e-28,4.519663435420082e-28,4.519663422499937e-28,4.519663396869555e-28,4.519662777173669e-28,4.519662221919222e-28,4.519661915956242e-28,4.519661947511583e-28,4.519665132299492e-28,4.519665125746222e-28,4.519664933240071e-28,4.519664938072103e-28,4.519664925932683e-28,4.519664925934154e-28,4.5196649199580214e-28,4.5196714551754405e-28,4.519671448505566e-28,4.51967047000127e-28,4.519669828219418e-28,4.519669836067292e-28,4.519669669832119e-28,4.519669672835181e-28,4.51966961096646e-28,4.519669629125518e-28,4.519669398473691e-28,4.519665430434509e-28,4.519665344220956e-28,4.519665348372279e-28,4.519665348446562e-28,4.519665463053912e-28,4.519665457805164e-28,4.519665454052397e-28,4.51966515437868e-28,4.519665752322097e-28,4.519664918174206e-28,4.519664826825696e-28,4.519665203949254e-28,4.519665095927384e-28,4.5196651932282994e-28,4.519665183863655e-28,4.519666957773992e-28,4.519666797152797e-28,4.519666775693826e-28,4.5196669451385505e-28,4.519666946154774e-28,4.519667030969744e-28,4.519667030970595e-28,4.519666990789979e-28,4.5196681932209385e-28,4.519666818283835e-28,4.519666810506336e-28,4.519666821619635e-28,4.519667050552551e-28,4.51966115929644e-28,4.519661139219958e-28,4.519663244429824e-28,4.519662486408433e-28,4.519662708218044e-28,4.519662635794354e-28,4.51966286696641e-28,4.519662740909592e-28,4.519662677910018e-28,4.519662464586515e-28,4.519662475916839e-28,4.51966247243336e-28,4.519662471857389e-28,4.519662392048766e-28,4.519662323279628e-28,4.519662368957887e-28,4.519662369471314e-28,4.5196624136454215e-28,4.519662386356726e-28,4.519662731438779e-28,4.519662894346291e-28,4.519662690057004e-28,4.519659245341271e-28,4.519659026042264e-28,4.519659011891344e-28,4.519658995152587e-28,4.519657920247082e-28,4.51965795215314e-28,4.519657498605671e-28,4.51965774130813e-28,4.5196575634582965e-28,4.519657563456673e-28,4.5196576920209375e-28,4.5196576828412855e-28,4.519657569921429e-28,4.519657910775924e-28,4.519657456814124e-28,4.519663902470153e-28,4.519663853052722e-28,4.519663854065372e-28,4.51967133496951e-28,4.519671338551987e-28,4.519675072727497e-28,4.519675072727462e-28,4.519675066928844e-28,4.519688603226848e-28,4.519521490869393e-28,4.519521250241304e-28,4.519521141218078e-28,4.519526660308425e-28,4.51952664531324e-28,4.51952701010901e-28,4.519523152770506e-28,4.519521039649808e-28,4.519521115385803e-28,4.5195206657282e-28,4.519519646441951e-28,4.519519652432193e-28,4.519515496615147e-28,4.519515547863792e-28,4.519515933361853e-28,4.519511730369269e-28,4.519513572670649e-28,4.519512767047866e-28,4.5195127679001214e-28,4.519512775590814e-28,4.519513365869675e-28,4.519513546288655e-28,4.519513619741299e-28,4.519513623055656e-28,4.519513645407687e-28,4.519513473545747e-28,4.519512717856689e-28,4.519512526065133e-28,4.519512345335672e-28,4.519514211013772e-28,4.5195140812935995e-28,4.519514014332788e-28,4.519514339683304e-28,4.519515817833832e-28,4.519515833369604e-28,4.519498257461097e-28,4.519497548886807e-28,4.519497636813434e-28,4.519496598365558e-28,4.519496520737879e-28,4.5194965206330864e-28,4.519496522497914e-28,4.5194965489346465e-28,4.519497178827893e-28,4.519496910469113e-28,4.5194974091104195e-28,4.519499693148068e-28,4.519499743411338e-28,4.519499680944501e-28,4.519499880801291e-28,4.519499850125734e-28,4.519500144726991e-28,4.51950007968108e-28,4.519500059146028e-28,4.51949963552581e-28,4.519499786842684e-28,4.519499869216075e-28,4.519499898011675e-28,4.519499749833084e-28,4.519499813082617e-28,4.519499920733626e-28,4.519500374497858e-28,4.519500398720889e-28,4.519500353925806e-28,4.519500356951335e-28,4.519501006912757e-28,4.519497555346981e-28,4.519497104648619e-28,4.51949705979182e-28,4.519494953314266e-28,4.519494150877732e-28,4.519493260289472e-28,4.519493430351806e-28,4.5194963890093e-28,4.519608751007889e-28,4.519608746245443e-28,4.519608698262795e-28,4.5196085628223145e-28,4.519607935941346e-28,4.51960809356106e-28,4.519608024338962e-28,4.5196080316342275e-28,4.519622077274445e-28,4.51962252514628e-28,4.519622439539527e-28,4.519621598107088e-28,4.519621597321486e-28,4.519621906108483e-28,4.519621122162332e-28,4.519619461054758e-28,4.519641257691516e-28,4.519428755557077e-28,4.519428707091321e-28,4.519428844516075e-28,4.519429284056749e-28,4.519415142608959e-28,4.519415160283994e-28,4.519415308080085e-28,4.519415990795886e-28,4.519417605370976e-28,4.519417143124212e-28,4.519417112665928e-28,4.519416956947004e-28,4.519416950859022e-28,4.5194108614691045e-28,4.519410704338962e-28,4.519410779734544e-28,4.519410238011624e-28,4.519410052929816e-28,4.519409888753346e-28,4.519409946205038e-28,4.519409943487041e-28,4.519409927216415e-28,4.5194098928021695e-28,4.519410251670086e-28,4.519410111781393e-28,4.519410102822301e-28,4.519409835303203e-28,4.519409919346736e-28,4.5194099306884514e-28,4.519409039741922e-28,4.519408799561324e-28,4.519408746869071e-28,4.519407321178504e-28,4.519407720154179e-28,4.519407668021766e-28,4.519407106101302e-28,4.519407618136386e-28,4.51941874930438e-28,4.519422221254808e-28,4.519422126041349e-28,4.519422110660254e-28,4.5194202202616275e-28,4.5194203443271865e-28,4.5194203424036885e-28,4.519420330025989e-28,4.519420506769099e-28,4.51942046336603e-28,4.519420498671874e-28,4.519409849273407e-28,4.519409899895989e-28,4.519409900689179e-28,4.519409903892652e-28,4.519409919735171e-28,4.519392251481298e-28,4.51939226454383e-28,4.519394334190422e-28,4.5193942550385165e-28,4.5193936966951845e-28,4.519393693331704e-28,4.519393690447551e-28,4.51939368963282e-28,4.5193936933033445e-28,4.519394274656294e-28,4.519394273916088e-28,4.519394365846109e-28,4.519394498055134e-28,4.519384065434309e-28,4.519384073429614e-28,4.519383987722196e-28,4.51938469887034e-28,4.519388758903594e-28,4.5193891957236e-28,4.51938804687714e-28,4.519388058504457e-28,4.519388253988062e-28,4.519388253980415e-28,4.519388301070358e-28,4.519389006342551e-28,4.519388942973279e-28,4.519388838958802e-28,4.519388966901765e-28,4.519388991376063e-28,4.519393150476412e-28,4.519389538219768e-28,4.519399722722738e-28,4.51939989185274e-28,4.5194163511127e-28,4.519435435452748e-28,4.519435461489771e-28,4.519434704261736e-28,4.519434932436017e-28,4.519434927802555e-28,4.519434738478072e-28,4.51943423315611e-28,4.519434350591314e-28,4.519407303875764e-28,4.51940956355297e-28,4.519409557234682e-28,4.519409557233836e-28,4.519409557233841e-28,4.519409909662076e-28,4.519410007133943e-28,4.519409367512925e-28,4.5194092308510935e-28,4.51941227145901e-28,4.519412251573113e-28,4.519412252361201e-28,4.519412246926658e-28,4.519412246815672e-28,4.519412234702218e-28,4.51941085805023e-28,4.519408252998176e-28,4.519407900874545e-28,4.519407820785867e-28,4.519404788515123e-28,4.519404788515027e-28,4.519404779613023e-28,4.519396042369792e-28,4.519416733693868e-28,4.519416764508742e-28,4.519416680194813e-28,4.5194167733448605e-28,4.5194164629588695e-28,4.519416455714937e-28,4.519416474861024e-28,4.519416153256112e-28,4.519418559727738e-28,4.5194032553263245e-28,4.519402979700019e-28,4.519402644376188e-28,4.519413483272356e-28,4.519413578019218e-28,4.519413600019454e-28,4.51941334352832e-28,4.5194132831717965e-28,4.519413276344545e-28,4.5194119443218615e-28,4.519412032213192e-28,4.519411998778597e-28,4.5194118328301674e-28,4.519412233499791e-28,4.519412332653344e-28,4.519416027002553e-28,4.51941613782538e-28,4.5194161315448735e-28,4.519416021331211e-28,4.5194164095710455e-28,4.519415868840821e-28,4.519415878866916e-28,4.519416751743484e-28,4.51940467770587e-28,4.519404670149916e-28,4.519404543624489e-28,4.519403750112259e-28,4.519403695374076e-28,4.5194053262192785e-28,4.519405116793401e-28,4.519400927274285e-28,4.5194012872254844e-28,4.5194009206788885e-28,4.5193988868866535e-28,4.5193989945119475e-28,4.519409290817714e-28,4.51940840189099e-28,4.519408529060917e-28,4.519408497263621e-28,4.519408463951088e-28,4.519407058120981e-28,4.519407457568906e-28,4.51940744585661e-28,4.519407450944107e-28,4.519407623731398e-28,4.51941196763273e-28,4.519408256272541e-28,4.519409679731162e-28,4.51940997197503e-28,4.519408942660442e-28,4.519383711200712e-28,4.519411846096013e-28,4.519414178663577e-28,4.519416390913575e-28,4.51941646722489e-28,4.519417462825858e-28,4.519417442117446e-28,4.519420821183531e-28,4.519421069491873e-28,4.519421193046858e-28,4.519421195272218e-28,4.519421130535596e-28,4.519424056234868e-28,4.519424122036433e-28,4.519424148819243e-28,4.519424280423788e-28,4.519424294489108e-28,4.519424534562693e-28,4.5194248360546614e-28,4.519425406186785e-28,4.519426138091318e-28,4.519426057587496e-28,4.519493359683737e-28,4.51949347356628e-28,4.519493383447425e-28,4.519493352092023e-28,4.5194933655451755e-28,4.519495653941089e-28,4.519497762501197e-28,4.519498586534826e-28,4.519498658646568e-28,4.5194975433205275e-28,4.5194996833097805e-28,4.519498517218871e-28,4.519498226935768e-28,4.5194982126812115e-28,4.519497236690143e-28,4.519498925075018e-28,4.519498030511117e-28,4.519496211140435e-28,4.519496212808272e-28,4.51949621311521e-28,4.519496226361055e-28,4.519499339802267e-28,4.519498704309942e-28,4.519508082822132e-28,4.519514987833444e-28,4.519522396364817e-28,4.519517075776191e-28,4.519535385948857e-28,4.519559648028884e-28,4.519559184485745e-28,4.519559230606106e-28,4.519559246841383e-28,4.5195549661428395e-28,4.5195556302837625e-28,4.519554062040605e-28,4.519553982411778e-28,4.519554281599809e-28,4.51955444850505e-28,4.519554468000084e-28,4.519549752647032e-28,4.519549909897304e-28,4.519549931670036e-28,4.5195499710693705e-28,4.519550004771016e-28,4.5195487403391e-28,4.5195477675793e-28,4.519548930398326e-28,4.519548541987471e-28,4.519548389612207e-28,4.519548920416648e-28,4.519548832768185e-28,4.519547561263144e-28,4.5195476247963695e-28,4.519547581589789e-28,4.51954751545906e-28,4.519547477159137e-28,4.519550134126615e-28,4.519550182536443e-28,4.519549916727981e-28,4.519549665374939e-28,4.5195494800761735e-28,4.519549205264058e-28,4.519548623656078e-28,4.5195194930367025e-28,4.5195196530750765e-28,4.519519466431986e-28,4.51952019826518e-28,4.5195201746678e-28,4.519521608282142e-28,4.5195222101540016e-28,4.519519269252482e-28,4.519522714587871e-28,4.519522425489545e-28,4.519531110386556e-28,4.519531119140727e-28,4.519531103672729e-28,4.519531110031929e-28,4.51953074570911e-28,4.51953068604164e-28,4.51953087862889e-28,4.5195308406784215e-28,4.519530958303804e-28,4.519530761989815e-28,4.519526816131812e-28,4.519524742030797e-28,4.519518706276063e-28,4.5195496365043775e-28,4.519553915603047e-28,4.519553961859152e-28,4.519557457838474e-28,4.519551525910914e-28,4.519551558330365e-28,4.519551620230949e-28,4.519552085104863e-28,4.519550755265639e-28,4.51954812171871e-28,4.519548186801499e-28,4.5195483760741385e-28,4.519548399437595e-28,4.519548423138149e-28,4.519548548513851e-28,4.519548637709667e-28,4.519548643393614e-28,4.519548039892738e-28,4.519547814458511e-28,4.519549007190489e-28,4.519554844157939e-28,4.519554858867879e-28,4.519554861801395e-28,4.519554848981191e-28,4.519554703775958e-28,4.519557463718816e-28,4.519558360755281e-28,4.519558536416506e-28,4.519558536536332e-28,4.519558528042364e-28,4.519558624723827e-28,4.519558626399592e-28,4.519553756589493e-28,4.519553644309864e-28,4.519554435660194e-28,4.519554171835912e-28,4.519553549951844e-28,4.519553145857217e-28,4.5195530787279165e-28,4.519597818810652e-28,4.519597651173054e-28,4.51959826101524e-28,4.519598266703825e-28,4.519598419695677e-28,4.519599390349831e-28,4.519599585678627e-28,4.519599646094567e-28,4.519599623928446e-28,4.519599738757598e-28,4.519599780402367e-28,4.519600702494608e-28,4.519601139835602e-28,4.519596598134619e-28,4.519596004989181e-28,4.519608892134781e-28,4.519607582878573e-28,4.5196176772960135e-28,4.519582530946388e-28,4.51958040000091e-28,4.519573135620298e-28,4.519580467397329e-28,4.519581111727808e-28,4.519580356965675e-28,4.519418271862955e-28,4.519435526781758e-28,4.51944051385692e-28,4.519440880362773e-28,4.519441503465064e-28,4.519442165141985e-28,4.519441949820289e-28,4.519440774341635e-28,4.519445588675227e-28,4.519445599843684e-28,4.519445413089738e-28,4.519445372168152e-28,4.519445092321046e-28,4.5194451314342495e-28,4.519448826040346e-28,4.519453473598782e-28,4.51945901649438e-28,4.519458857204592e-28,4.5194562393959555e-28,4.51945629172587e-28,4.519456456714112e-28,4.519456063803885e-28,4.519456153223497e-28,4.519447552209775e-28,4.519447847180272e-28,4.519447981719967e-28,4.519445901504242e-28,4.519445696616882e-28,4.519454226445374e-28,4.519454235033605e-28,4.519454218379141e-28,4.519454216109316e-28,4.519448769249923e-28,4.519455629118448e-28,4.519456100171332e-28,4.5195236436526454e-28,4.519524887860273e-28,4.519525297625244e-28,4.519524888907563e-28,4.519525264877067e-28,4.519526672171758e-28,4.5195265800052595e-28,4.519524007818871e-28,4.519524456456037e-28,4.519524700275134e-28,4.519524642219687e-28,4.519524588669433e-28,4.519524484493141e-28,4.519525216093804e-28,4.5195246240092705e-28,4.519524049694596e-28,4.519523736815883e-28,4.519530014828527e-28,4.51952408950765e-28,4.519524723959903e-28,4.51953467438146e-28,4.519530970173804e-28,4.519528339667568e-28,4.519528528524718e-28,4.519528966035629e-28,4.519528746104702e-28,4.5195279846192355e-28,4.519528908897972e-28,4.519526642608451e-28,4.519522109123538e-28,4.519522734322043e-28,4.519517786764764e-28,4.519517786764749e-28,4.519517786764839e-28,4.519517787554401e-28,4.519517787554409e-28,4.519518476169188e-28,4.519517949132713e-28,4.519516487509684e-28,4.5195156702295505e-28,4.5195161835497305e-28,4.5195208366233815e-28,4.5195244475560505e-28,4.519524454658006e-28,4.519523655753551e-28,4.5195238753402215e-28,4.519523196123939e-28,4.519522266817736e-28,4.519521439776125e-28,4.519521257296002e-28,4.519525385312189e-28,4.519525328677854e-28,4.519525166004119e-28,4.519524918285364e-28,4.519518671288781e-28,4.519518615171126e-28,4.519519169357745e-28,4.519516628343784e-28,4.5195174023159035e-28,4.519517397274878e-28,4.519517495866393e-28,4.519517774724676e-28,4.519531971020476e-28,4.519542081703694e-28,4.519542080431034e-28,4.5195424046963835e-28,4.519542394376302e-28,4.5195423366309495e-28,4.519541587856018e-28,4.519545570734599e-28,4.519548501010025e-28,4.519571013672922e-28,4.519570063627432e-28,4.519571723408046e-28,4.519571723401578e-28,4.519580221486706e-28,4.519576350971307e-28,4.51957928118851e-28,4.519579279256957e-28,4.519578978299292e-28,4.519579227052166e-28,4.519581350875578e-28,4.519580929471612e-28,4.519580982293204e-28,4.5195809804023395e-28,4.519580956209705e-28,4.519587984230443e-28,4.519573556202561e-28,4.519573556412488e-28,4.519572742523873e-28,4.519572757071596e-28,4.519578582877647e-28,4.5195620273802635e-28,4.519562026446169e-28,4.5195676202840615e-28,4.519574886060654e-28,4.5195749582396735e-28,4.519574980971961e-28,4.51957554324068e-28,4.519575429726141e-28,4.519583365542058e-28,4.519583365542049e-28,4.51958336567919e-28,4.519583365497187e-28,4.5195833421848895e-28,4.519583359154531e-28,4.519583420147356e-28,4.51958344360158e-28,4.519583428153988e-28,4.51958430150719e-28,4.519584476231631e-28,4.519594638868603e-28,4.519595587476584e-28,4.519595598998452e-28,4.519558713779299e-28,4.519558726193335e-28,4.519555777458963e-28,4.519555775539439e-28,4.519464994977325e-28,4.519476323293726e-28,4.519476390831237e-28,4.519475626445316e-28,4.51947505395824e-28,4.5194750686924745e-28,4.519474861507339e-28,4.51947679472311e-28,4.519480942643698e-28,4.519480734252067e-28,4.519470770556518e-28,4.519471011116082e-28,4.519472015279071e-28,4.519472015493112e-28,4.519471949992513e-28,4.519472842409943e-28,4.519161647096917e-28,4.519149633717267e-28,4.519149662407842e-28,4.519144997883498e-28,4.519202909105043e-28,4.519195169412279e-28,4.51920863747623e-28,4.519215098468878e-28,4.519215114933121e-28,4.519215661756679e-28,4.519215470211592e-28,4.51923467418693e-28,4.519236024526426e-28,4.519237197469506e-28,4.519242138341013e-28,4.519234291403223e-28,4.519234253553868e-28,4.519232542500147e-28,4.519219871466363e-28,4.5192199140536935e-28,4.519202815812614e-28,4.519213373608772e-28,4.519213595759415e-28,4.519213422610618e-28,4.5192133189578915e-28,4.519289035357816e-28,4.519292254257018e-28,4.519292094953065e-28,4.519292070114324e-28,4.519293931386808e-28,4.519296777034606e-28,4.519296776673877e-28,4.51929682409597e-28,4.519297201959293e-28,4.519232352608608e-28,4.51923235696054e-28,4.5192348491460984e-28,4.519235201066762e-28,4.519209015300887e-28,4.5192166844064e-28,4.519129892883599e-28,4.519122829931113e-28,4.519120294292358e-28,4.5191199549898095e-28,4.519119192845547e-28,4.519114391172328e-28,4.519114613079643e-28,4.5191596324455e-28,4.519159630833602e-28,4.519159535876883e-28,4.519159535877951e-28,4.519158870751538e-28,4.519158624237803e-28,4.5191586483277235e-28,4.519158812253475e-28,4.51915025761147e-28,4.519150242397419e-28,4.519150858442358e-28,4.519150972828657e-28,4.519150715987985e-28,4.519150715861083e-28,4.519155746449059e-28,4.519155794733741e-28,4.519136549330497e-28,4.51913641957481e-28,4.51913223101713e-28,4.5191320835330215e-28,4.51913091228547e-28,4.519130026591399e-28,4.519130169938878e-28,4.519129887060197e-28,4.519130528078075e-28,4.519141633111435e-28,4.519138229826111e-28,4.519138152226043e-28,4.519137591196422e-28,4.519137532373493e-28,4.519137456505387e-28,4.519137513941329e-28,4.519145561805253e-28,4.51914533904213e-28,4.51914539697391e-28,4.5191444351932395e-28,4.51913407725724e-28,4.5191331739759535e-28,4.519131242805903e-28,4.519104660742683e-28,4.519104495670896e-28,4.519176247209134e-28,4.519174430432658e-28,4.519153043600683e-28,4.519155963492609e-28,4.519151647764414e-28,4.519176019557465e-28,4.519170559877562e-28,4.519128955334174e-28,4.5191301233322995e-28,4.519131276752305e-28,4.519130474374087e-28,4.519117744281468e-28,4.519116483241917e-28,4.519115777854777e-28,4.519116182247212e-28,4.5191162992616635e-28,4.519115626362976e-28,4.519115200600588e-28,4.5191143556772615e-28,4.519114579250214e-28,4.519111491357609e-28,4.519111221891578e-28,4.519111168804493e-28,4.519141581381174e-28,4.5191442119568025e-28,4.519154910623732e-28,4.519154915532826e-28,4.519154645389359e-28,4.51914196928535e-28,4.519141962722536e-28,4.5191451409205145e-28,4.518878993305869e-28,4.518879103368956e-28,4.518879085564604e-28,4.518879103454173e-28,4.518875529310389e-28,4.518874942957721e-28,4.518878267281748e-28,4.518880378801191e-28,4.518880456970811e-28,4.51888089871469e-28,4.518880931616885e-28,4.518880475722889e-28,4.518880070168876e-28,4.518879589272006e-28,4.518878826753778e-28,4.518878544170426e-28,4.518878492532785e-28,4.518878449037843e-28,4.518877098439681e-28,4.518886870097434e-28,4.518886912510764e-28,4.518886930440015e-28,4.5188865853660535e-28,4.518886435210441e-28,4.51889596159235e-28,4.518895959794579e-28,4.518897325304944e-28,4.5188983300435765e-28,4.518898352407653e-28,4.518899530949376e-28,4.518899685353778e-28,4.518899685351925e-28,4.518899639030108e-28,4.518900087237159e-28,4.518904820662761e-28,4.5189047200338325e-28,4.518904974844841e-28,4.518905049462456e-28,4.518868527318635e-28,4.5188678747315215e-28,4.518867983505469e-28,4.518868061588864e-28,4.518868141741315e-28,4.5186756337908025e-28,4.518668713139086e-28,4.5186691939838875e-28,4.518664520912958e-28,4.518705228890094e-28,4.518705220499747e-28,4.5187047079843e-28,4.51870315715107e-28,4.518702912479723e-28,4.518703258496745e-28,4.518703231745091e-28,4.518709044425117e-28,4.518709040161089e-28,4.518703394160834e-28,4.518714228804812e-28,4.518704250545305e-28,4.518713251185766e-28,4.518713351527766e-28,4.518708863702302e-28,4.518709501174544e-28,4.518899709175143e-28,4.518899512780242e-28,4.518895914412501e-28,4.518895872127931e-28,4.518897166152969e-28,4.518897213323726e-28,4.5188946456393295e-28,4.51888781420309e-28,4.518888054215367e-28,4.518912665763746e-28,4.5189126104165015e-28,4.518912616261967e-28,4.518912570487562e-28,4.51891199874315e-28,4.518909392152509e-28,4.5189152560070015e-28,4.518915134922437e-28,4.518913991853261e-28,4.518913620172307e-28,4.518913583885325e-28,4.5189151759703855e-28,4.518915143610958e-28,4.5189151532808065e-28,4.518914684855915e-28,4.518914684108355e-28,4.518914686312909e-28,4.518914478827716e-28,4.518914377633506e-28,4.518913736222891e-28,4.518913663825917e-28,4.518914187371883e-28,4.518908507262851e-28,4.51890734158361e-28,4.518907435433187e-28,4.51889947847713e-28,4.518897665277862e-28,4.518898799110108e-28,4.518898695025134e-28,4.5188986746420575e-28,4.5188986119211355e-28,4.5188989826296175e-28,4.518898967086697e-28,4.518898945468301e-28,4.518901063428393e-28,4.518901067086829e-28,4.518901030874844e-28,4.5189010560529e-28,4.518899966165807e-28,4.518906241473968e-28,4.51890015781288e-28,4.5189001508974035e-28,4.518900211594084e-28,4.518899240561707e-28,4.5189030585973975e-28,4.51891048220644e-28,4.518894723218082e-28,4.5189206658916105e-28,4.518916920865424e-28,4.518941329082593e-28,4.518942185176846e-28,4.518936406579384e-28,4.518936173727803e-28,4.518929838183353e-28,4.518943492318135e-28,4.518943547227276e-28,4.518933299815893e-28,4.518961557252033e-28,4.518962380094124e-28,4.518962185728496e-28,4.518962169654942e-28,4.518962054117436e-28,4.518961855433034e-28,4.518961827956694e-28,4.518962102210288e-28,4.518967309405778e-28,4.518967308431347e-28,4.518967323049528e-28,4.5189478937890245e-28,4.518945564975923e-28,4.518943462426561e-28,4.51894472591816e-28,4.518943881534047e-28,4.518944538884627e-28,4.5189444377361135e-28,4.518944744913488e-28,4.51894474745526e-28,4.518944512663472e-28,4.518931595594826e-28,4.518933054435244e-28,4.518923828506091e-28,4.518914327496879e-28,4.518950124272631e-28,4.518949743577017e-28,4.5189496347995725e-28,4.518947592062483e-28,4.518959080801179e-28,4.518959069481728e-28,4.518972806347913e-28,4.518973122669715e-28,4.518944117780326e-28,4.518908022038379e-28,4.518906603164553e-28,4.5189065491975235e-28,4.518901371572419e-28,4.518901380937059e-28,4.51889920222844e-28,4.51889028960256e-28,4.518899412492166e-28,4.518903401685703e-28,4.518882100153425e-28,4.5188817876687825e-28,4.5188272667709275e-28,4.518832321042714e-28,4.518977442451506e-28,4.518970826622493e-28,4.519071430004754e-28,4.519074728626262e-28,4.519075539963661e-28,4.519400630897118e-28,4.519400611489545e-28,4.519402883642085e-28,4.519427995724084e-28,4.519426152938765e-28,4.5194213777291825e-28,4.5194224499434295e-28,4.519423239944321e-28,4.519422079819511e-28,4.519541847955488e-28,4.5195439963895365e-28,4.519544457344919e-28,4.5195454139596625e-28,4.519544658155823e-28,4.519523553911581e-28,4.52070050790104e-28,4.520753017504164e-28,4.520647466223472e-28,4.520647441880821e-28,4.520645504267287e-28,4.520645502423615e-28,4.520647063310956e-28,4.520647061243731e-28,4.520636789224218e-28,4.52063679056842e-28,4.520657080719875e-28,4.52066529065828e-28,4.520675083765528e-28,4.520675040744972e-28,4.52082768060481e-28,4.52082787518743e-28,4.5208360634435e-28,4.520806190343877e-28,4.52080884418571e-28,4.520810151334611e-28,4.5208532421369685e-28,4.52086485806018e-28,4.520790663384089e-28,4.520794420444435e-28,4.520794514903322e-28,4.520794495050352e-28,4.520804461525512e-28,4.520801653641781e-28,4.5207998985464835e-28,4.520802137538718e-28,4.520797197488036e-28,4.520797101320088e-28,4.52079710189804e-28,4.520797101874755e-28,4.5207971014953695e-28,4.520797100408572e-28,4.520797100408553e-28,4.520797094369725e-28,4.520797094476792e-28,4.520797094599357e-28,4.520797094904991e-28,4.5207970949102855e-28,4.520813313999342e-28,4.520800996418285e-28,4.520801223394444e-28,4.5208018232734735e-28,4.520803622175944e-28,4.520803333238904e-28,4.520403903277505e-28,4.520307165743826e-28,4.520313811990123e-28,4.520312298651879e-28,4.5203122874725255e-28,4.52031247279972e-28,4.520300521788009e-28,4.520300456755641e-28,4.520305434909515e-28,4.520305214306167e-28,4.520306043132618e-28,4.52031822042123e-28,4.520318219712948e-28,4.520324280688464e-28,4.520324419181421e-28,4.520324421961909e-28,4.52032667239862e-28,4.5203267482113765e-28,4.520322794827549e-28,4.520329981309572e-28,4.520311298481212e-28,4.520293090221975e-28,4.520271567364266e-28,4.520254544619048e-28,4.520254546550758e-28,4.520261599552368e-28,4.520284320619342e-28,4.5202843157501105e-28,4.5202843244968935e-28,4.520284327081796e-28,4.520284255228596e-28,4.520284256908658e-28,4.52028621035612e-28,4.520293746030222e-28,4.520292457179183e-28,4.520301415366112e-28,4.520302249847665e-28,4.520301379612163e-28,4.5203008247166765e-28,4.520301967195789e-28,4.520301950700075e-28,4.5203041467868415e-28,4.52030432475962e-28,4.520306069938031e-28,4.520268497906531e-28,4.520271878272524e-28,4.520270676071248e-28,4.520278175496369e-28,4.520302844673853e-28,4.520302496451971e-28,4.520296141522531e-28,4.520295785592037e-28,4.520318745867152e-28,4.520299651212548e-28,4.520299684538735e-28,4.520280125602103e-28,4.520277450164338e-28,4.520277474672878e-28,4.520277464048089e-28,4.520277463839639e-28,4.520277463854064e-28,4.520277425948405e-28,4.520277425947722e-28,4.5202774258417325e-28,4.5202774258481125e-28,4.520278860002774e-28,4.52027847064347e-28,4.520279253783811e-28,4.520279396015509e-28,4.520279423509466e-28,4.520279423509458e-28,4.520279422771459e-28,4.5202794227722065e-28,4.520279422749393e-28,4.520279435026571e-28,4.52027943519338e-28,4.520279467722035e-28,4.52027946707659e-28,4.52027946706267e-28,4.520280142448743e-28,4.520280142410059e-28,4.520280137917486e-28,4.520280080631443e-28,4.520280080631439e-28,4.520280357483601e-28,4.5202752546254395e-28,4.520276222200519e-28,4.520276220597411e-28,4.520276279424794e-28,4.520276289397542e-28,4.520276163925744e-28,4.5202770822728395e-28,4.520277091978282e-28,4.520277031680988e-28,4.520270617176933e-28,4.520271349667724e-28,4.520271350140993e-28,4.52027136791505e-28,4.520245518921882e-28,4.520245518921877e-28,4.520246121992289e-28,4.520472000554888e-28,4.520547790219672e-28,4.520601902162887e-28,4.520644388339329e-28,4.520644087767548e-28,4.520644703895241e-28,4.520645157250084e-28,4.520789276942094e-28,4.520779912982819e-28,4.520781078512149e-28,4.520845354319785e-28,4.52078993036233e-28,4.5194674406672545e-28,4.519466447265856e-28,4.5194663948196045e-28,4.5194468952554505e-28,4.519920137091712e-28,4.519920095949125e-28,4.519919874729219e-28,4.519919879731525e-28,4.519945187729815e-28,4.519945187167391e-28,4.519944911453515e-28,4.519930051542338e-28,4.519928825484521e-28,4.517841913386932e-28,4.517821290697487e-28,4.5178277515527845e-28,4.518341983939069e-28,4.518341295002838e-28,4.518306032612507e-28,4.518305870202379e-28,4.5183055025914e-28,4.518305571248533e-28,4.524220842631967e-28,4.524219141670982e-28,4.524162870848895e-28,4.525043415768755e-28,4.525049266227216e-28,4.5250482090198565e-28,4.525178418245122e-28,4.525178945416869e-28,4.525182665261583e-28,4.524676110453788e-28,4.5247317092422605e-28,4.5247314817714475e-28,4.525120264681178e-28,4.5251200610034685e-28,4.525123747760967e-28,4.525121122587882e-28,4.523870924088838e-28,4.523870913801671e-28,4.528745019962103e-28,4.528664242216344e-28,4.528664237772839e-28,4.528713198632228e-28,4.528719123126141e-28,4.528719844943041e-28,4.529388628475859e-28,4.529341052880432e-28,4.529341912670553e-28,4.5293419195221615e-28,4.529404545803779e-28,4.529422803583717e-28,4.529422958014738e-28,4.52942292595307e-28,4.529422603385564e-28,4.529423053538766e-28,4.529675607734043e-28,4.529675687942131e-28,4.529687279365212e-28,4.529693192336896e-28,4.529696343364938e-28,4.529856932948078e-28,4.529857333157359e-28,4.529936502099867e-28,4.5299364046112595e-28,4.529935056496651e-28,4.529930478297286e-28,4.529927542224904e-28,4.5299288674280415e-28,4.529946073395129e-28,4.52993995576629e-28,4.529939668681458e-28,4.529952984910574e-28,4.529954589151535e-28,4.529954556434243e-28,4.529954598562077e-28,4.529954855209113e-28,4.529962285863028e-28,4.529962381533712e-28,4.529958535461884e-28,4.529960123718909e-28,4.529991226358613e-28,4.530001444204577e-28,4.530003506584787e-28,4.529999702062006e-28,4.529870957349394e-28,4.530106747973719e-28,4.530057034815216e-28,4.529741587027162e-28,4.529741433973747e-28,4.529742377816747e-28,4.52974182663327e-28,4.529741839350513e-28,4.529495734685081e-28,4.52947363915967e-28,4.5294827811997725e-28,4.529482728496338e-28,4.529499178341731e-28,4.529499262660152e-28,4.529499732521383e-28,4.529497659882442e-28,4.529497361628951e-28,4.529400314547306e-28,4.52973852903524e-28,4.529746089334127e-28,4.529227295227131e-28,4.529230765761235e-28,4.52922886367983e-28,4.529228754697342e-28,4.529255531251662e-28,4.529255546614344e-28,4.5292541110254415e-28,4.529253017223284e-28,4.52925311970834e-28,4.529252339903338e-28,4.529252356935766e-28,4.529239900234994e-28,4.529298353814511e-28,4.5292983912203995e-28,4.529298312099497e-28,4.529298318017163e-28,4.52930123184591e-28,4.529305142977394e-28,4.5293077561971965e-28,4.529299105995016e-28,4.529298234797612e-28,4.529298270414627e-28,4.529309089899438e-28,4.5293115694212535e-28,4.529311574426729e-28,4.529311742107457e-28,4.529310507505981e-28,4.529318618504853e-28,4.529319120318301e-28,4.529272148630143e-28,4.529285767618885e-28,4.529285767654491e-28,4.52928440059494e-28,4.5292852849608535e-28,4.529288634476389e-28,4.529291971394951e-28,4.529291907908917e-28,4.529291679002292e-28,4.529298153609589e-28,4.529788611211119e-28,4.529786317595214e-28,4.52978631744038e-28,4.529795739964486e-28,4.529792558234512e-28,4.529782924057763e-28,4.529782807457878e-28,4.52977977493434e-28,4.529779779941699e-28,4.529780573263239e-28,4.529780590202824e-28,4.529777866564292e-28,4.529777772387587e-28,4.5297791005429995e-28,4.529778964025894e-28,4.530037252551257e-28,4.530039587938691e-28,4.530092013097314e-28,4.530093976690698e-28,4.529988401889105e-28,4.5299883660563765e-28,4.5299389209487155e-28,4.529936047444434e-28,4.529933508430894e-28,4.529932063775488e-28,4.529933319383513e-28,4.529965332693869e-28,4.5299657126361655e-28,4.530330450055966e-28,4.530215030671273e-28,4.530215022438803e-28,4.5302252240471815e-28,4.530223504651313e-28,4.530247362562373e-28,4.530248562344539e-28,4.530248583061357e-28,4.530315741232002e-28,4.530309627010294e-28,4.530309557658568e-28,4.530309641739065e-28,4.530310177824797e-28,4.530458049264568e-28,4.53046192999496e-28,4.530488969398416e-28,4.530492066769456e-28,4.530494061018002e-28,4.530519743447005e-28,4.530468012614507e-28,4.530476364636065e-28,4.530458255138014e-28,4.530458034839331e-28,4.530570681994864e-28,4.530570906252808e-28,4.530568515314025e-28,4.530558666347997e-28,4.530555841294033e-28,4.5305551534315675e-28,4.5305322225762e-28,4.530562444282746e-28,4.530512250563699e-28,4.530545947631766e-28,4.530545913680861e-28,4.530475531797633e-28,4.5304755087004875e-28,4.53047494929572e-28,4.530473438282209e-28,4.5305350702718295e-28,4.530497618373188e-28,4.530501797182524e-28,4.530512578869039e-28,4.530512542413452e-28,4.530512402446398e-28,4.530456663129693e-28,4.5304233992952325e-28,4.530378053323188e-28,4.530378053318108e-28,4.5303759402570525e-28,4.530375237520402e-28,4.530374228750689e-28,4.530384408899306e-28,4.530384537419543e-28,4.5303842583707195e-28,4.530400195000505e-28,4.5303320506285765e-28,4.530331868332476e-28,4.530353050129585e-28,4.53035440253928e-28,4.530360194976958e-28,4.5302273726726545e-28,4.5302293001863245e-28,4.53022950778294e-28,4.530229351831394e-28,4.530230004376803e-28,4.530229998905053e-28,4.530229985300888e-28,4.530342342752095e-28,4.5303490414926175e-28,4.530404993353523e-28,4.530404562164657e-28,4.530404471603727e-28,4.530400253317372e-28,4.530420669853797e-28,4.530389699202696e-28,4.53036361490493e-28,4.5303720200135e-28,4.530380243445973e-28,4.530375237983249e-28,4.530375270412354e-28,4.530375192722814e-28,4.5303857290258535e-28,4.53039040354993e-28,4.5303902755963675e-28,4.530386072432024e-28,4.530864087485921e-28,4.530807487640451e-28,4.530807382085878e-28,4.530807622465699e-28,4.530807626192509e-28,4.5308076612723195e-28,4.530805791878081e-28,4.5307886502934115e-28,4.530785319397435e-28,4.530786720166269e-28,4.530786642884415e-28,4.530786642554757e-28,4.530786637259095e-28,4.530786653245769e-28,4.530786648842263e-28,4.5308037206010675e-28,4.530831989622021e-28,4.530831958029368e-28,4.530832013231383e-28,4.530831200539133e-28,4.530804406665278e-28,4.530795901321269e-28,4.530870541425379e-28,4.53087059946156e-28,4.530877627035542e-28,4.53087762986045e-28,4.530885502542227e-28,4.530882778006353e-28,4.5308911183461935e-28,4.530891118593248e-28,4.530891102553358e-28,4.530898684848469e-28,4.530921431592325e-28,4.5309214373675545e-28,4.530948116000024e-28,4.530952662843716e-28,4.53095872560683e-28,4.530959547812512e-28,4.53096404468439e-28,4.530988831860435e-28,4.530988509499695e-28,4.530989502739097e-28,4.530998606768841e-28,4.530988936479097e-28,4.530988935650441e-28,4.530997802894628e-28,4.530997182034809e-28,4.5309971525586725e-28,4.53099955866718e-28,4.531025154467919e-28,4.531025426177174e-28,4.5310264464264775e-28,4.531024731735846e-28,4.531309150337701e-28,4.531309112670654e-28,4.531308313899282e-28,4.531306918207814e-28,4.531307826556985e-28,4.53134491560038e-28,4.531344256181227e-28,4.531024126002667e-28,4.531037548890357e-28,4.531039186938158e-28,4.5310394667322e-28,4.531169503553681e-28,4.531177596648808e-28,4.531187705002927e-28,4.531048587953479e-28,4.531048433026586e-28,4.531054017017256e-28,4.531123712323548e-28,4.531097875265052e-28,4.53108944693274e-28,4.531089466337363e-28,4.531025264480749e-28,4.531082441004013e-28,4.531030299183235e-28,4.531030194482449e-28,4.531022536344887e-28,4.5310342696802355e-28,4.531166921111992e-28,4.5310921753218185e-28,4.531086484169204e-28,4.531079945121893e-28,4.53109332960961e-28,4.5310813579387735e-28,4.531056301701973e-28,4.53105387673083e-28,4.531050301533594e-28,4.531050311402058e-28,4.531050280647265e-28,4.530783820150282e-28,4.53078377887814e-28,4.5314645489221925e-28,4.531500178983825e-28,4.531514855737384e-28,4.531475218586288e-28,4.531472813773548e-28,4.5313501303771e-28,4.531349568465841e-28,4.531446749137222e-28,4.5314470554143995e-28,4.531447058044714e-28,4.531448162081338e-28,4.531448162004837e-28,4.531449355802832e-28,4.531505336785954e-28,4.5314930982497325e-28,4.5314262947508155e-28,4.531420824897094e-28,4.531478302099843e-28,4.531916131656592e-28,4.531838056822276e-28,4.531856680634716e-28,4.531856490214263e-28,4.53190112424778e-28,4.531869984084627e-28,4.531879023308365e-28,4.531870177208408e-28,4.531870177252009e-28,4.5310889111013015e-28,4.530581800427461e-28,4.530482591562349e-28,4.530480353890038e-28,4.53047007895023e-28,4.530470080414546e-28,4.530465953667579e-28,4.530466223400684e-28,4.530355991021168e-28,4.53030589496799e-28,4.530331247684379e-28,4.530333183798947e-28,4.530483924925243e-28,4.530465017027779e-28,4.53046433721441e-28,4.529989451073814e-28,4.530059546952585e-28,4.530047830708162e-28,4.530053871971734e-28,4.53005387197211e-28,4.530066390564704e-28,4.530193510755623e-28,4.5301934686303685e-28,4.530193521056976e-28,4.530192717394404e-28,4.53018924852909e-28,4.530184529214975e-28,4.5299932186652905e-28,4.529993243192993e-28,4.530052688787368e-28,4.53005086699419e-28,4.530135392390742e-28,4.530158373078279e-28,4.53015837307832e-28,4.530164326970748e-28,4.530156397284031e-28,4.530157377263373e-28,4.530152778958283e-28,4.529902385472048e-28,4.52990516473058e-28,4.529895904405151e-28,4.52990849178994e-28,4.529973170528651e-28,4.529998515471271e-28,4.529998494152527e-28,4.530260499507647e-28,4.5302800022276255e-28,4.530280861632686e-28,4.530273174262385e-28,4.530236295830815e-28,4.530215380570502e-28,4.530210289641612e-28,4.530209443025688e-28,4.530224660095107e-28,4.530224465475439e-28,4.530225125366576e-28,4.530197862848026e-28,4.530209388219864e-28,4.530217411657343e-28,4.530237609999071e-28,4.530384553225851e-28,4.530477532659587e-28,4.53049507138009e-28,4.530506587323788e-28,4.530506587325599e-28,4.530505000083834e-28,4.530516396733888e-28,4.530385390432004e-28,4.5303878750211e-28,4.53038904822608e-28,4.5303932330776505e-28,4.530467991578702e-28,4.53053132435234e-28,4.530540630186851e-28,4.5305846732895785e-28,4.530658774157105e-28,4.530645928797357e-28,4.530722519661196e-28,4.5307224596456355e-28,4.530710816889166e-28,4.5307108322104e-28,4.530718162303438e-28,4.530767041103221e-28,4.530893172706861e-28,4.530821573297197e-28,4.530820695941413e-28,4.530820210171147e-28,4.530820270168628e-28,4.5308180286288e-28,4.530820934894715e-28,4.530818333853659e-28,4.53091629225029e-28,4.53107460193829e-28,4.531030757913866e-28,4.531095990102727e-28,4.5311141689178205e-28,4.53111499629403e-28,4.531136187646043e-28,4.531122579016548e-28,4.531122619713407e-28,4.53112261971327e-28,4.531327691696797e-28,4.531327674610374e-28,4.531448730183174e-28,4.5314487233916625e-28,4.531388987321803e-28,4.531395372172348e-28,4.531626595014118e-28,4.531618859938823e-28,4.531618359518695e-28,4.5316925875844545e-28,4.531693002564309e-28,4.531719659945042e-28,4.531713350870399e-28,4.531715952010381e-28,4.531716150403045e-28,4.5317160835060695e-28,4.53171478721798e-28,4.5317155593932385e-28,4.531715308091376e-28,4.531715421522035e-28,4.531715023304711e-28,4.53171699531186e-28,4.531717339887772e-28,4.531737502032195e-28,4.531737886254786e-28,4.531737885049454e-28,4.531737893840411e-28,4.531739844457915e-28,4.5317399534284645e-28,4.531746125263687e-28,4.531696696634863e-28,4.531704969664713e-28,4.531634234054255e-28,4.531634956250688e-28,4.531634934432903e-28,4.531635863990714e-28,4.531635398272714e-28,4.531685008367544e-28,4.531684212404541e-28,4.531728917068976e-28,4.531714809456382e-28,4.531683405397005e-28,4.53160732158833e-28,4.531607431191902e-28,4.531610217329755e-28,4.531610360128854e-28,4.534484444545348e-28,4.534478802714746e-28,4.534478803166014e-28,4.53446129925853e-28,4.534496517745615e-28,4.534397714817154e-28,4.53439948164428e-28,4.570879736585961e-28,4.570878679148127e-28,4.570878671106715e-28,4.570911271483138e-28,4.5706274185190365e-28,4.570524170742584e-28,4.5705546673836096e-28,4.5705546513529515e-28,4.570575260839339e-28,4.570574409194868e-28,4.570575248390492e-28,4.570649208746542e-28,4.570577545876875e-28,4.570577925360039e-28,4.5705738756482925e-28,4.570573880607304e-28,4.5705840856298125e-28,4.570580063328011e-28,4.570588258737471e-28,4.570588372878143e-28,4.5705343071621e-28,4.57052122813058e-28,4.570522169883997e-28,4.570731008788625e-28,4.570732168716389e-28,4.570732171142793e-28,4.570729945346691e-28,4.570729976236591e-28,4.570729919355826e-28,4.570720351968916e-28,4.570706387337336e-28,4.570706386514505e-28,4.570706386453856e-28,4.570706516850395e-28,4.570743379284953e-28,4.570741725263799e-28,4.570741156657234e-28,4.570743100386228e-28,4.570743049024494e-28,4.57074305781026e-28,4.570743062043035e-28,4.570742828330165e-28,4.570742828330045e-28,4.570740890678267e-28,4.5700039974086175e-28,4.5700063362743045e-28,4.570006826838798e-28,4.569994665856588e-28,4.570022296614576e-28,4.570022379302885e-28,4.570021895678718e-28,4.5700477564634505e-28,4.570044380330325e-28,4.570043254892232e-28,4.570125811326224e-28,4.57013230467165e-28,4.570132304671648e-28,4.5701928802753935e-28,4.569660052592048e-28,4.569660202197568e-28,4.569665962577624e-28,4.569639524458254e-28,4.5696339400418e-28,4.569634105763498e-28,4.569530681312264e-28,4.569530681312265e-28,4.569502889611499e-28,4.568883781161466e-28,4.568920352196664e-28,4.56885149938228e-28,4.568851456247667e-28,4.568846669114216e-28,4.56891164847271e-28,4.568885744032624e-28,4.56889230107774e-28,4.568893371510366e-28,4.568893367954305e-28,4.569017931080081e-28,4.569131948506789e-28,4.568987599497936e-28,4.568986627979902e-28,4.568992364705313e-28,4.568789277954098e-28,4.566706456232659e-28,4.566706456233015e-28,4.566706361894518e-28,4.566636470241467e-28,4.5665574823999565e-28,4.5666440541268505e-28,4.566616922463595e-28,4.566616948426548e-28,4.567509709782957e-28,4.567496057682059e-28,4.56748833011489e-28,4.567234379713345e-28,4.567276903068064e-28,4.567417207713926e-28,4.567435806385485e-28,4.567513451905283e-28,4.567513039034684e-28,4.567490174020017e-28,4.56749094760229e-28,4.567484982262112e-28,4.567439601210714e-28,4.567439076251798e-28,4.567439588408903e-28,4.56743692883243e-28,4.567438758552833e-28,4.567438748388491e-28,4.567438554763995e-28,4.5674393669758475e-28,4.567464046215725e-28,4.567462531035441e-28,4.56746223403803e-28,4.567461532241115e-28,4.567462453083525e-28,4.567196534207568e-28,4.567196601070656e-28,4.567177807644088e-28,4.567179120376592e-28,4.566450882895909e-28,4.566450679643292e-28,4.566483144062001e-28,4.566496642466394e-28,4.566525635471268e-28,4.566528042691343e-28,4.566798008348503e-28,4.566801791728214e-28,4.566797875532945e-28,4.56679768378875e-28,4.566935039592826e-28,4.566888808543086e-28,4.566880324565594e-28,4.566914407049524e-28,4.566909734079868e-28,4.566856816468072e-28,4.566858963337674e-28,4.566946952006079e-28,4.567363908597427e-28,4.567355971933431e-28,4.568616917635079e-28,4.568615577809725e-28,4.56860615606978e-28,4.568659025049393e-28,4.568789527194821e-28,4.56878951476974e-28,4.568796519821318e-28,4.568794822068569e-28,4.568799685493476e-28,4.568854290608595e-28,4.568844881894085e-28,4.567402259294629e-28,4.57044267835323e-28,4.569944792629608e-28,4.569920631909253e-28,4.569551868756399e-28,4.569551877453116e-28,4.569551749663283e-28,4.569741838833689e-28,4.569959968124333e-28,4.570051987549514e-28,4.570051609959912e-28,4.570060728987282e-28,4.570048219288294e-28,4.570048227746272e-28,4.569923068027522e-28,4.569990508661625e-28,4.569989112087068e-28,4.569989112275827e-28,4.569951260639924e-28,4.569951260247823e-28,4.569774737981865e-28,4.569784058527782e-28,4.569817241770736e-28,4.569862757265761e-28,4.56986487921517e-28,4.569870528972906e-28,4.569911557280866e-28,4.5699111568682235e-28,4.569911203363581e-28,4.569919296667888e-28,4.569916759039009e-28,4.570159814988271e-28,4.570165776504071e-28,4.575108689555849e-28,4.575108807721329e-28,4.5750972986754255e-28,4.575089665214972e-28,4.575089671932138e-28,4.57509177461483e-28,4.575093959806574e-28,4.575095930429699e-28,4.575348214782407e-28,4.575348214080589e-28,4.5753329676058865e-28,4.575341169516839e-28,4.575364393877909e-28,4.575365382105159e-28,4.5753655241445105e-28,4.575365547469903e-28,4.575417201974997e-28,4.575413023590861e-28,4.575413164088235e-28,4.575412965971399e-28,4.575416752961903e-28,4.575416744155569e-28,4.575223844571355e-28,4.575212063485323e-28,4.57522525310832e-28,4.575219874199713e-28,4.575217707205954e-28,4.575217704157765e-28,4.575220344040347e-28,4.575218427555548e-28,4.5752834937016695e-28,4.575283111123299e-28,4.575287782875656e-28,4.575297877931188e-28,4.575293837221413e-28,4.575294166286171e-28,4.5752917152774405e-28,4.575166348657785e-28,4.57516454364617e-28,4.57523928157546e-28,4.575250831969827e-28,4.575252437223407e-28,4.575249091928245e-28,4.575251317443789e-28,4.5752484491565755e-28,4.575247956142761e-28,4.575248817104716e-28,4.575247911376155e-28,4.575256019713358e-28,4.5752426023534745e-28,4.575237366907564e-28,4.575237231819684e-28,4.57523824334688e-28,4.5752382433967215e-28,4.575238363629215e-28,4.575238049544588e-28,4.575238240688606e-28,4.575152688733242e-28,4.5751526190337784e-28,4.575152526125089e-28,4.575151905795038e-28,4.575151933073816e-28,4.575149426024972e-28,4.575259008441412e-28,4.57525263586283e-28,4.57525325921575e-28,4.575251832214713e-28,4.575251832214888e-28,4.575256938272148e-28,4.575261304706951e-28,4.575178550576461e-28,4.575157331132818e-28,4.57514879182628e-28,4.575148664077254e-28,4.5751486349900055e-28,4.575148020479159e-28,4.575025161694269e-28,4.575045197070567e-28,4.575034005561573e-28,4.575048529502489e-28,4.57504769855567e-28,4.575047785704229e-28,4.575047785704278e-28,4.575047373553207e-28,4.575052468878817e-28,4.57504480129876e-28,4.5750493811739355e-28,4.575034065125493e-28,4.576980185522063e-28,4.576981407443171e-28,4.576981210813484e-28,4.576981155132882e-28,4.577327358905239e-28,4.577311813405213e-28,4.5774021465087485e-28,4.5774040504170655e-28,4.576933221296094e-28,4.576891617644363e-28,4.577101749246989e-28,4.577125053998483e-28,4.577126946559576e-28,4.577126632985032e-28,4.57712590143607e-28,4.577125808763517e-28,4.577162700482855e-28,4.577160445852297e-28,4.577150925907183e-28,4.577150921342692e-28,4.577572137628252e-28,4.57759437821183e-28,4.577594375978391e-28,4.577541135775718e-28,4.577803796356244e-28,4.577804590534749e-28,4.577804629519005e-28,4.577802438313365e-28,4.5778436488809835e-28,4.577843587619163e-28,4.577847680368529e-28,4.577822114405202e-28,4.5778220203054455e-28,4.577820014963185e-28,4.574582958880803e-28,4.57458295381681e-28,4.574631401978873e-28,4.574819988372036e-28,4.574805207045544e-28,4.574803922591019e-28,4.5748036842345435e-28,4.574828751717741e-28,4.574952079331355e-28,4.574950278730347e-28,4.57500178044566e-28,4.570275036973184e-28,4.570245082944516e-28,4.570245604418625e-28,4.570230981495447e-28,4.57019527930105e-28,4.5702591360199834e-28,4.570136871114651e-28,4.570140148214674e-28,4.5701951109298275e-28,4.570192924674526e-28,4.570096841681976e-28,4.570104326424396e-28,4.570104068051822e-28,4.570100935178081e-28,4.570299336300247e-28,4.570303914671705e-28,4.5702812353210845e-28,4.570329102722559e-28,4.570278156833994e-28,4.569984264927962e-28,4.570396745699857e-28,4.5709156643865685e-28,4.570918263178298e-28,4.570936891120987e-28,4.570904124612094e-28,4.570734931234872e-28,4.57074698575791e-28,4.570658788711285e-28,4.570626615152953e-28,4.570631991881038e-28,4.570714372769322e-28,4.570697773635621e-28,4.570818655706942e-28,4.5708186557898305e-28,4.570815822873956e-28,4.57082272979985e-28,4.5708227465226965e-28,4.570822746522469e-28,4.570827222933729e-28,4.570911839677162e-28,4.570932112862585e-28,4.570971005476423e-28,4.570961970577185e-28,4.570961329814106e-28,4.570962315687835e-28,4.5714835933403e-28,4.57148420853087e-28,4.571484222173026e-28,4.5714760265475595e-28,4.571475984326008e-28,4.571476695680833e-28,4.571475147681645e-28,4.571416423846565e-28,4.571414446368834e-28,4.57148794444632e-28,4.571488732883569e-28,4.572536125902701e-28,4.57253586115261e-28,4.572547275129818e-28,4.5725472560892815e-28,4.572547463569282e-28,4.572542654852879e-28,4.5725498904178565e-28,4.572550781856711e-28,4.572544256754485e-28,4.570764708163702e-28,4.570769916244168e-28,4.570769136175867e-28,4.570665972672605e-28,4.570663580216742e-28,4.570663028867531e-28,4.570736128007971e-28,4.570765198355121e-28,4.570516119426654e-28,4.570516187175765e-28,4.570513474593341e-28,4.570417401567693e-28,4.570413916468881e-28,4.5698628231445975e-28,4.569848564831236e-28,4.569938319395312e-28,4.569938022472025e-28,4.569938022438169e-28,4.569930586026174e-28,4.570356286141243e-28,4.570356363900256e-28,4.570356366333388e-28,4.567193341743246e-28,4.567193149557706e-28,4.567193150310458e-28,4.567185463310926e-28,4.5671917589212385e-28,4.5671918182914e-28,4.56719144982215e-28,4.567244668936217e-28,4.56725525339773e-28,4.567188385066983e-28,4.567171815600878e-28,4.567170287452259e-28,4.567164839938047e-28,4.567173730978477e-28,4.567174170042284e-28,4.567483772538785e-28,4.567487116533014e-28,4.56748713667869e-28,4.567489558175064e-28,4.567485838470105e-28,4.567506581869721e-28,4.567506575089949e-28,4.567258128231407e-28,4.567263447161862e-28,4.567507619022336e-28,4.567494338316041e-28,4.567511994148551e-28,4.56751060457552e-28,4.5675147976453845e-28,4.567520691267634e-28,4.567520480189927e-28,4.5675410485258465e-28,4.567537951524664e-28,4.5675438299963915e-28,4.5675149898996e-28,4.5674308099085055e-28,4.56742731337124e-28,4.567395472415594e-28,4.567395269534591e-28,4.56723767598049e-28,4.567236010041371e-28,4.567239017576621e-28,4.567241340059561e-28,4.567114546132043e-28,4.567106290976678e-28,4.567104569276788e-28,4.567138938257948e-28,4.567105602493685e-28,4.566985913925455e-28,4.56698785388632e-28,4.566987922236098e-28,4.566985506248276e-28,4.566938721523992e-28,4.566927742749814e-28,4.5669455101277e-28,4.567011303189282e-28,4.567012128889823e-28,4.567002072927591e-28,4.566992347854829e-28,4.566994135698138e-28,4.567070454477603e-28,4.5673843581108935e-28,4.567384479671151e-28,4.5673019459680095e-28,4.567314309097258e-28,4.567301123828274e-28,4.567305341505568e-28,4.567306316319952e-28,4.567292291296563e-28,4.567292254405553e-28,4.567278514278892e-28,4.567278667261379e-28,4.5673747722580255e-28,4.567375085414484e-28,4.567023219443002e-28,4.567129257351611e-28,4.566881925980969e-28,4.566881167348499e-28,4.566730099248061e-28,4.566721364876037e-28,4.566716156956312e-28,4.566762113132451e-28,4.566763665972854e-28,4.567271917154029e-28,4.5680229029483996e-28,4.568023367478583e-28,4.568022328524792e-28,4.568020002854958e-28,4.567944338010997e-28,4.567994604753582e-28,4.568031358850917e-28,4.568036558476259e-28,4.567967857111337e-28,4.5679711866198485e-28,4.568331063595645e-28,4.568330400632894e-28,4.5682859397026505e-28,4.568261923553209e-28,4.568236069623401e-28,4.568527534474355e-28,4.568523540369584e-28,4.568695776848217e-28,4.568708155736567e-28,4.569523341368314e-28,4.56952344991223e-28,4.56960749434075e-28,4.5696080667283045e-28,4.569609832147625e-28,4.569607497637171e-28,4.569605826418746e-28,4.569610405676591e-28,4.5703483286095544e-28,4.570365462491981e-28,4.570342204780906e-28,4.570321755884858e-28,4.570318990463785e-28,4.570311858257567e-28,4.570360698587605e-28,4.570187980897147e-28,4.570233009159107e-28,4.5702157371182425e-28,4.570234152275177e-28,4.57023425925974e-28,4.570046065119359e-28,4.570064935612061e-28,4.570063781819983e-28,4.569907461781778e-28,4.569907428948326e-28,4.569957471183318e-28,4.569548326907227e-28,4.569548885132829e-28,4.5698174148254545e-28,4.5700762852694e-28,4.570127610283388e-28,4.570131232469152e-28,4.570132021848319e-28,4.570039678502079e-28,4.57003814279628e-28,4.570076086969215e-28,4.570069601130888e-28,4.57006144777975e-28,4.570087358306481e-28,4.57008735830641e-28,4.570087655664832e-28,4.570090740719773e-28,4.5700911682420445e-28,4.570093580183974e-28,4.570093846048939e-28,4.57008359240783e-28,4.570119820390131e-28,4.57018547747307e-28,4.569941064247027e-28,4.569930423538776e-28,4.569930766087037e-28,4.569747515378753e-28,4.563577777700422e-28,4.563581761072354e-28,4.563585720743151e-28,4.563579137678008e-28,4.563577888778097e-28,4.563622300291248e-28,4.563627927750659e-28,4.563626526289328e-28,4.563338423124765e-28,4.563338418328706e-28,4.563327416904033e-28,4.563702364343829e-28,4.56370295263681e-28,4.563768953634338e-28,4.5637592520750985e-28,4.563529665346339e-28,4.563808097120487e-28,4.563808329880245e-28,4.563801479476712e-28,4.563778287306563e-28,4.563826391481904e-28,4.563766318306193e-28,4.563645941912548e-28,4.563646759349032e-28,4.563647186831316e-28,4.563647706237534e-28,4.563645191236424e-28,4.563645096753648e-28,4.563674445598735e-28,4.56367250583547e-28,4.563670657370748e-28,4.5636706644353415e-28,4.563670421985472e-28,4.563228299930428e-28,4.5632176801163975e-28,4.5630314142262095e-28,4.563107032711257e-28,4.562686746235051e-28,4.562686751666757e-28,4.562800458296182e-28,4.562804150727911e-28,4.562795982013692e-28,4.562759821985267e-28,4.562734506952801e-28,4.5627359636566055e-28,4.562762673967215e-28,4.56274250089359e-28,4.562674638045479e-28,4.562674362168233e-28,4.562655502458201e-28,4.563894355952314e-28,4.5638916073346095e-28,4.563893224873738e-28,4.563893224874217e-28,4.563835776784384e-28,4.563831222587487e-28,4.563769894567078e-28,4.5637709888456615e-28,4.563668615167875e-28,4.564096576224932e-28,4.564122612062756e-28,4.564122615073335e-28,4.564110721559485e-28,4.564064905528332e-28,4.564007196073274e-28,4.564007182300145e-28,4.563981960805124e-28,4.56397256916378e-28,4.563973128213404e-28,4.5641304319027495e-28,4.563732815246908e-28,4.563718291311875e-28,4.56371829440395e-28,4.563718335221279e-28,4.563722949591747e-28,4.563703907668935e-28,4.563705047374583e-28,4.5636884592119235e-28,4.563690218210664e-28,4.563690256444636e-28,4.563693217429313e-28,4.563683411547098e-28,4.5637071394701575e-28,4.563636361112417e-28,4.5636252905440965e-28,4.563629483135795e-28,4.563621148344677e-28,4.563443305986923e-28,4.563435616241766e-28,4.563202947195016e-28,4.563203493299464e-28,4.563204496675061e-28,4.563198335464088e-28,4.563184149862958e-28,4.563187631632819e-28,4.563187432550701e-28,4.563469586890736e-28,4.563469586889538e-28,4.56347690839781e-28,4.5634726220136115e-28,4.563434657829397e-28,4.563428515352819e-28,4.563428534775669e-28,4.563429813352925e-28,4.563218579989115e-28,4.563172969870522e-28,4.563186386209359e-28,4.563129475656284e-28,4.5631294222861565e-28,4.5635081916478375e-28,4.563501835901294e-28,4.5635104677556585e-28,4.563367819357943e-28,4.56337128096724e-28,4.563885245772533e-28,4.563894408694347e-28,4.563894235505607e-28,4.563918002833576e-28,4.563917596440716e-28,4.563905118756464e-28,4.563880195317911e-28,4.563880195319558e-28,4.5638470767927115e-28,4.563789378885297e-28,4.563778985574386e-28,4.563799293140088e-28,4.563796346803269e-28,4.564297274439612e-28,4.564306689987616e-28,4.564114493064451e-28,4.564112795704304e-28,4.563865869565108e-28,4.564598254579559e-28,4.564002360241282e-28,4.564004076336415e-28,4.564027675260142e-28,4.564067478536395e-28,4.564067461789729e-28,4.564064644421804e-28,4.564064622121561e-28,4.564063763754725e-28,4.5640506575265095e-28,4.563858516790813e-28,4.563857482468197e-28,4.561021526441982e-28,4.561007689718142e-28,4.561007679862184e-28,4.561006334511499e-28,4.561006350149901e-28,4.561018743420826e-28,4.561017051154081e-28,4.561016848802391e-28,4.560995975291831e-28,4.560968445243119e-28,4.560964407833419e-28,4.560964495574728e-28,4.560987957131925e-28,4.560968356512599e-28,4.561226433345526e-28,4.561264610809434e-28,4.561264611029032e-28,4.5612645027006405e-28,4.561303025407485e-28,4.561294719658648e-28,4.561295791629317e-28,4.561293754765558e-28,4.56133049564271e-28,4.561299547182833e-28,4.561376111830166e-28,4.561331491845969e-28,4.5613322302366325e-28,4.561311798664858e-28,4.5613106804840775e-28,4.561281429673972e-28,4.561281610510885e-28,4.561258946262162e-28,4.561253982601926e-28,4.561253183369654e-28,4.561260586635982e-28,4.56123657593129e-28,4.5610506899568855e-28,4.561050689911244e-28,4.561050689951704e-28,4.561050702161017e-28,4.561053038515034e-28,4.561055162568273e-28,4.561054844013925e-28,4.561078817311261e-28,4.561073746785537e-28,4.561062079598893e-28,4.561063214917903e-28,4.560509158008836e-28,4.560516827001064e-28,4.560520293529249e-28,4.56076096889845e-28,4.560766028357466e-28,4.560745877358757e-28,4.560740273260534e-28,4.560759653044801e-28,4.560796941332111e-28,4.5607427362745865e-28,4.560112451810709e-28,4.560112355536862e-28,4.5601741058439085e-28,4.560309468677675e-28,4.5602706335101105e-28,4.560270633343736e-28,4.560429090413373e-28,4.560327879228997e-28,4.560343971959322e-28,4.560344023437202e-28,4.5603443601951e-28,4.560344360214129e-28,4.560187296952575e-28,4.560194930127711e-28,4.560198123772255e-28,4.560090344304852e-28,4.560090649276129e-28,4.559972642012782e-28,4.55997297484438e-28,4.559973110100279e-28,4.559973109811187e-28,4.5599729442253e-28,4.560078126237622e-28,4.560068385507319e-28,4.56005813997478e-28,4.560056093903489e-28,4.560056311621999e-28,4.560092997772671e-28,4.560099603727567e-28,4.560109995029545e-28,4.560109995025826e-28,4.560109878670342e-28,4.560122423013525e-28,4.5601235414181325e-28,4.560123541418138e-28,4.560017013963336e-28,4.560012115496892e-28,4.560027476095173e-28,4.560012520393355e-28,4.56015875974302e-28,4.560158448741578e-28,4.560179355009618e-28,4.56019073884814e-28,4.559717263590203e-28,4.55971885149866e-28,4.559750269156736e-28,4.559788381654995e-28,4.5598006173255845e-28,4.559692798339209e-28,4.559668122873446e-28,4.559545403368454e-28,4.559607582638539e-28,4.559606484171836e-28,4.559424079101702e-28,4.55927078316013e-28,4.559300517415289e-28,4.559300517415205e-28,4.5593005174138795e-28,4.5594666247591975e-28,4.5594675536771935e-28,4.5594675923351e-28,4.55946102106777e-28,4.559460658565226e-28,4.558322971475458e-28,4.558321358222456e-28,4.55892605135299e-28,4.559050838440153e-28,4.559050838103969e-28,4.559051174074973e-28,4.559064278452114e-28,4.559102688354436e-28,4.559105523235521e-28,4.559105481947474e-28,4.559106006993885e-28,4.559105522689831e-28,4.559108447794328e-28,4.559135432835121e-28,4.559119755827584e-28,4.55911489998521e-28,4.559114181738688e-28,4.5591478671845085e-28,4.559148906208064e-28,4.559473740298536e-28,4.55947363906953e-28,4.559401032328345e-28,4.559146890644654e-28,4.559144421772658e-28,4.559143880001312e-28,4.559142263765701e-28,4.55913614891978e-28,4.559140351085858e-28,4.559118480633362e-28,4.559118580735176e-28,4.559119058010317e-28,4.559037365283785e-28,4.559037438834561e-28,4.559035372113137e-28,4.559032606040684e-28,4.559031952257026e-28,4.559027822434053e-28,4.558797098185912e-28,4.558797641463481e-28,4.558795352355764e-28,4.558795515076098e-28,4.55871520557942e-28,4.558741902106125e-28,4.558744455665532e-28,4.558750976419735e-28,4.558750070371568e-28,4.558750029701673e-28,4.558550164334014e-28,4.55855241865292e-28,4.558542379374563e-28,4.558544183342676e-28,4.558543763150841e-28,4.558509490029976e-28,4.558506834544145e-28,4.5585217472700825e-28,4.55843824341066e-28,4.558437387783048e-28,4.558437282524955e-28,4.558440299574228e-28,4.5584483649337735e-28,4.558449167452257e-28,4.558433821840108e-28,4.558430690548669e-28,4.5583610341362e-28,4.55836773386033e-28,4.559717231214826e-28,4.5597187434906e-28,4.559722146417788e-28,4.559722218007102e-28,4.559751539526219e-28,4.55975335737022e-28,4.559808521607215e-28,4.559802325701805e-28,4.559802354662619e-28,4.559792822419566e-28,4.559793165082424e-28,4.559794139928354e-28,4.559796068544887e-28,4.559839004691172e-28,4.559837461484208e-28,4.559821786329264e-28,4.55978205048936e-28,4.5597819679267085e-28,4.559764127872927e-28,4.559816827974614e-28,4.559816915895422e-28,4.559816327741584e-28,4.559816431247315e-28,4.559826664790746e-28,4.55984083274215e-28,4.559840889623535e-28,4.560083314073354e-28,4.560083028647318e-28,4.560077940858825e-28,4.560165350252478e-28,4.560286803558651e-28,4.560286803390857e-28,4.56028518663031e-28,4.5603140434988675e-28,4.5603198967414025e-28,4.560318344433656e-28,4.560334847936584e-28,4.5603722564041405e-28,4.560382920946219e-28,4.560377402606937e-28,4.560378688487617e-28,4.5603696002070945e-28,4.560365442266296e-28,4.560365588445199e-28,4.5603664768771125e-28,4.560366748762911e-28,4.560366585606709e-28,4.56037071126751e-28,4.560152475746353e-28,4.560153982635593e-28,4.559608479785814e-28,4.559608025812452e-28,4.559593629499968e-28,4.559594631837642e-28,4.559537519854761e-28,4.559537502513432e-28,4.559549782571246e-28,4.559569645749752e-28,4.5594769400410705e-28,4.559476617003557e-28,4.559478302227057e-28,4.559455183508344e-28,4.55952466234917e-28,4.559490431278652e-28,4.559490532427078e-28,4.559448650167932e-28,4.559506661592438e-28,4.559509287904964e-28,4.559501080494059e-28,4.55949884636882e-28,4.559499207390781e-28,4.559499095976555e-28,4.55948912626326e-28,4.5594818183510395e-28,4.559481177509039e-28,4.559480987654024e-28,4.55948098754599e-28,4.559485084195073e-28,4.559467977669932e-28,4.559488460229367e-28,4.5589724496216525e-28,4.558971738658122e-28,4.558979353897122e-28,4.558977580695391e-28,4.558929768651415e-28,4.558929772035858e-28,4.558951974481973e-28,4.558978581423068e-28,4.558975425339634e-28,4.55897485651419e-28,4.558974996880953e-28,4.560183800310638e-28,4.560175866099161e-28,4.560174377804517e-28,4.5601740847478305e-28,4.560172232726353e-28,4.560169488740097e-28,4.560214048239789e-28,4.560221100106743e-28,4.560232255383726e-28,4.560243211648936e-28,4.560246333896054e-28,4.560244071270067e-28,4.5602303582217135e-28,4.560229389909651e-28,4.560223278770298e-28,4.560223278901347e-28,4.560223247088227e-28,4.560258262972507e-28,4.560255463956522e-28,4.560253034080474e-28,4.560253067290863e-28,4.560265044896504e-28,4.5602800684680335e-28,4.560279829183451e-28,4.560279576694656e-28,4.5602794759984895e-28,4.560301480289647e-28,4.560308575303128e-28,4.560385196588334e-28,4.560385520944535e-28,4.560385520944629e-28,4.560385434265109e-28,4.560385398244016e-28,4.560384524760699e-28,4.560349562203533e-28,4.560349512165128e-28,4.560377871259254e-28,4.560372884947061e-28,4.560414285854389e-28,4.560426071611376e-28,4.560419293140105e-28,4.560421673814107e-28,4.560421985289569e-28,4.560421979171051e-28,4.560421695776848e-28,4.560417962128844e-28,4.560411248197899e-28,4.560410564352743e-28,4.560394289411735e-28,4.56073470301955e-28,4.560734698945964e-28,4.560734707372191e-28,4.560736056539017e-28,4.560735748081056e-28,4.560737351739201e-28,4.5607369437249335e-28,4.560738265204722e-28,4.560737260441672e-28,4.560737354344703e-28,4.560735075725119e-28,4.560730136517945e-28,4.560730027799583e-28,4.560733803638877e-28,4.560721750582149e-28,4.560721269834374e-28,4.560716869409387e-28,4.560718878730391e-28,4.560717401756162e-28,4.560717487873706e-28,4.56071758062401e-28,4.560717895309477e-28,4.560718731647322e-28,4.560719982722416e-28,4.560722691614349e-28,4.560722828979507e-28,4.560724022795247e-28,4.560728757787981e-28,4.560728804292347e-28,4.560728998194118e-28,4.560727588344353e-28,4.560711713532946e-28,4.560710905177367e-28,4.560708661766629e-28,4.560717520729965e-28,4.5607197621688165e-28,4.5607198313826695e-28,4.560711645154188e-28,4.5607117587409305e-28,4.560712484998601e-28,4.5607128200696435e-28,4.560713659780534e-28,4.560712339699428e-28,4.560713689586371e-28,4.561396334933279e-28,4.561392306955795e-28,4.561284234493077e-28,4.5612386270933735e-28,4.56123862857483e-28,4.5612402307353595e-28,4.561240153064117e-28,4.561323728438849e-28,4.561323650618484e-28,4.561332415808299e-28,4.561332345247426e-28,4.561331749374377e-28,4.561331850584055e-28,4.561128094334344e-28,4.561280383669735e-28,4.561245749177759e-28,4.561162264209636e-28,4.562068275296979e-28,4.562079603803289e-28,4.562080072565555e-28,4.562071172492812e-28,4.562070231600795e-28,4.562078987958241e-28,4.562067336349906e-28,4.561770276639961e-28,4.56177030249525e-28,4.562079916215433e-28,4.562079610994698e-28,4.5592884263216125e-28,4.559283847368144e-28,4.5593086233701e-28,4.559314811324722e-28,4.559329538122918e-28,4.559329873401887e-28,4.558933249949062e-28,4.5589429537191e-28,4.558939294330621e-28,4.558918991636437e-28,4.558848596046819e-28,4.5588518682302505e-28,4.558851867580358e-28,4.552790327002534e-28,4.5528231245978835e-28,4.552801217785985e-28,4.552800616554647e-28,4.552801301263796e-28,4.552815960486673e-28,4.55281821747096e-28,4.552818289876633e-28,4.552838998012574e-28,4.552841940868606e-28,4.552839973344942e-28,4.552847792570894e-28,4.552763143771039e-28,4.552965778403516e-28,4.5529708304822455e-28,4.553038954464286e-28,4.553038393425839e-28,4.5530582030452955e-28,4.553117294402115e-28,4.553077650990679e-28,4.553078494511434e-28,4.553077343420166e-28,4.553089044467515e-28,4.55308685848125e-28,4.553082136263628e-28,4.553017434429902e-28,4.553017434429938e-28,4.5530120653229225e-28,4.553015126882973e-28,4.553004667397196e-28,4.553004173647387e-28,4.5531065297882e-28,4.553107972463954e-28,4.552846873414495e-28,4.552849385724327e-28,4.55284421539869e-28,4.552840821970767e-28,4.552843045861497e-28,4.553256481801535e-28,4.553258380300565e-28,4.553246244387674e-28,4.553252375747186e-28,4.553252192662554e-28,4.553247663902488e-28,4.553249968839802e-28,4.55325057202808e-28,4.553252225028513e-28,4.5532539336649e-28,4.553230852491021e-28,4.553231678673109e-28,4.55323000416984e-28,4.553235557492622e-28,4.553100174407205e-28,4.553097772167923e-28,4.552437753669029e-28,4.5524464547072705e-28,4.552746810867942e-28,4.552730019373368e-28,4.552729943283297e-28,4.552729488042266e-28,4.5527326759985895e-28,4.552718092790598e-28,4.553406274933541e-28,4.5534313139752e-28,4.553488997307228e-28,4.553489818336548e-28,4.553489735303592e-28,4.553484783224069e-28,4.553502342601798e-28,4.553443382496744e-28,4.553428855835036e-28,4.55340314966279e-28,4.553401501369908e-28,4.553401817175442e-28,4.553342245954777e-28,4.553303880986405e-28,4.5533047662357795e-28,4.553304796829697e-28,4.553305805238539e-28,4.553108262635284e-28,4.552972570726404e-28,4.552940335567592e-28,4.552942932194495e-28,4.552943259225249e-28,4.5529470347514295e-28,4.552884385171393e-28,4.552882344692526e-28,4.552882173914904e-28,4.552876109082751e-28,4.552809426765281e-28,4.552955689357907e-28,4.552956882772785e-28,4.552956464300984e-28,4.552886405989469e-28,4.552895914583592e-28,4.5534231495791125e-28,4.5534209755154295e-28,4.553053758183319e-28,4.553054990924907e-28,4.553054933558818e-28,4.552675237772657e-28,4.553229266993144e-28,4.553227855566545e-28,4.553228102038245e-28,4.5532348039138655e-28,4.55324366391448e-28,4.553232888922545e-28,4.553259281437723e-28,4.5531868664812065e-28,4.553260224578611e-28,4.553382022646416e-28,4.553382031522463e-28,4.553337405762341e-28,4.55334002399615e-28,4.553318566705813e-28,4.5533162697061485e-28,4.553316463744668e-28,4.553316461737486e-28,4.55335956375106e-28,4.553359999562491e-28,4.553376004848413e-28,4.553375955260608e-28,4.553377546133139e-28,4.553302056831267e-28,4.553316011543401e-28,4.554422550120844e-28,4.554482333886767e-28,4.554482681037038e-28,4.554487613035258e-28,4.554491305987956e-28,4.554493156013309e-28,4.554493895207999e-28,4.554495029589134e-28,4.5544955636922075e-28,4.554497789981094e-28,4.554434793722953e-28,4.554403226279197e-28,4.554403235616333e-28,4.554400908205799e-28,4.554347792355648e-28,4.5543351922752705e-28,4.554336727153629e-28,4.554335874286974e-28,4.553940764131941e-28,4.55394148505779e-28,4.553950414581785e-28,4.553953475080009e-28,4.553963777565556e-28,4.553965871424531e-28,4.553964481400646e-28,4.553964491164336e-28,4.554103924689439e-28,4.554053927251794e-28,4.555013060323081e-28,4.555007237229712e-28,4.55520476789924e-28,4.555278261008024e-28,4.555295091022597e-28,4.5552976526955085e-28,4.555292517381521e-28,4.555292793197517e-28,4.555292823952415e-28,4.555256074953794e-28,4.555278628407595e-28,4.555319836952887e-28,4.55536431946863e-28,4.5554621050794935e-28,4.555461535019918e-28,4.555472808852598e-28,4.555504946271988e-28,4.555494917653641e-28,4.555495349254442e-28,4.555495293567799e-28,4.555642552825625e-28,4.555646320097777e-28,4.555645614479476e-28,4.555645530048933e-28,4.5557742360091675e-28,4.555846631053884e-28,4.55584663126982e-28,4.555848067471661e-28,4.554863009407719e-28,4.554864445398787e-28,4.554862189151308e-28,4.554066041475098e-28,4.554066089362241e-28,4.554066195204388e-28,4.5541046573340875e-28,4.554082979039733e-28,4.554082940374009e-28,4.554079438466693e-28,4.554078031602263e-28,4.554108956965071e-28,4.554107992985955e-28,4.554065670350926e-28,4.5540695392560785e-28,4.554073095765941e-28,4.554068643006771e-28,4.554240079794875e-28,4.554239288697821e-28,4.554228985438677e-28,4.554228036167629e-28,4.553787348227975e-28,4.55383317835862e-28,4.553879366819797e-28,4.553908858910896e-28,4.553785694069373e-28,4.553777124517598e-28,4.553789518228737e-28,4.553787800167032e-28,4.553789886610544e-28,4.553790135725966e-28,4.553798772561458e-28,4.553802119579166e-28,4.553815201728553e-28,4.553813924602603e-28,4.553952640677097e-28,4.553951952005702e-28,4.570778606029984e-28,4.570773882372851e-28,4.570736285160553e-28,4.570832899812044e-28,4.570834424592283e-28,4.570832781442833e-28,4.570964491752139e-28,4.570974591483016e-28,4.573800743407742e-28,4.573799972610142e-28,4.5737997155478695e-28,4.573670589371487e-28,4.573667901803411e-28,4.573660212786712e-28,4.573658237967551e-28,4.573661657724294e-28,4.57366168367907e-28,4.573661371512198e-28,4.57366128763038e-28,4.573670522191875e-28,4.573669777534307e-28,4.573670818091313e-28,4.573664890734235e-28,4.5736729355618425e-28,4.573702081115353e-28,4.573702028031355e-28,4.573702055711859e-28,4.5737023240942e-28,4.573718929325903e-28,4.573720691314361e-28,4.573718508668981e-28,4.573718750961045e-28,4.5737046590941425e-28,4.573702057032079e-28,4.573877407986014e-28,4.573877720164724e-28,4.573874355164681e-28,4.573796136538041e-28,4.573796207266905e-28,4.573796207254247e-28,4.573674044153338e-28,4.573676575017697e-28,4.573677121106079e-28,4.57367803717592e-28,4.573675117270301e-28,4.5742162972670845e-28,4.574214805432112e-28,4.574214819872432e-28,4.574221460600471e-28,4.574204719120612e-28,4.574156880403322e-28,4.573990286986011e-28,4.57399272201692e-28,4.573987968578158e-28,4.574006272009285e-28,4.574006000918977e-28,4.574307852505066e-28,4.574287543386575e-28,4.574295714218108e-28,4.574295226780111e-28,4.574274188256726e-28,4.574277602440857e-28,4.574163426132856e-28,4.574361830203678e-28,4.57452224725885e-28,4.574557618704223e-28,4.574551184141449e-28,4.574550309180374e-28,4.574553049934212e-28,4.574683625180029e-28,4.574683660753786e-28,4.574649257050114e-28,4.574672548960738e-28,4.574667158443479e-28,4.574664877410105e-28,4.574664791238916e-28,4.574709322887315e-28,4.574712072175742e-28,4.5746843717429225e-28,4.575076635046797e-28,4.575019255347809e-28,4.575359115074304e-28,4.575365272297293e-28,4.575364956099905e-28,4.575363732122875e-28,4.575334058080606e-28,4.577215915404104e-28,4.577219321532633e-28,4.577252545520964e-28,4.577228112312356e-28,4.577051415445539e-28,4.5771116135756065e-28,4.577112888994125e-28,4.577124857554792e-28,4.577130140749043e-28,4.57709177035943e-28,4.577092630231239e-28,4.577201600043184e-28,4.577201369490749e-28,4.5771744886597545e-28,4.5771717755608055e-28,4.577143603983934e-28,4.5771419455354715e-28,4.577224347607565e-28,4.577224650290823e-28,4.5772049039647455e-28,4.577206254199996e-28,4.577206257805373e-28,4.5772028688555895e-28,4.577233975531933e-28,4.577249434166689e-28,4.57723875597471e-28,4.577238393311431e-28,4.577238284419634e-28,4.577333135692225e-28,4.577327569157199e-28,4.577327437797225e-28,4.577327419788609e-28,4.577318801264803e-28,4.577332137243584e-28,4.577332130443306e-28,4.577623976354068e-28,4.577623976354038e-28,4.577623554036115e-28,4.577498053684647e-28,4.577496860670267e-28,4.5775185348595535e-28,4.577493278969547e-28,4.577493601193322e-28,4.57771160479091e-28,4.577699039948618e-28,4.577698412141791e-28,4.577700874460943e-28,4.577700874466652e-28,4.577708864700935e-28,4.5777596281789675e-28,4.577746804721738e-28,4.5777467369897215e-28,4.57774339635327e-28,4.577743939943192e-28,4.57762891918737e-28,4.577635554481781e-28,4.577626431427266e-28,4.577600705908187e-28,4.5775891706064595e-28,4.577589160443135e-28,4.57762913715991e-28,4.577629429474536e-28,4.577629771429004e-28,4.577631054620852e-28,4.577631526947259e-28,4.5775372544304e-28,4.577526252108373e-28,4.5775008091628855e-28,4.57750026090067e-28,4.577423337722047e-28,4.577446829225428e-28,4.577447693319742e-28,4.5775739323151345e-28,4.577582187644775e-28,4.5775965775797266e-28,4.577599183153167e-28,4.57760458974194e-28,4.577332359654823e-28,4.577330951974908e-28,4.577331856964288e-28,4.577335210582413e-28,4.577273966846863e-28,4.57826189855167e-28,4.577947532094916e-28,4.57794733780702e-28,4.577932954523666e-28,4.577932713297948e-28,4.577949529892812e-28,4.577974367310458e-28,4.577917484265274e-28,4.5779255085520415e-28,4.5777803774305625e-28,4.583485316240444e-28,4.583176455230944e-28,4.583159632708037e-28,4.581576246133527e-28,4.5815787422012384e-28,4.581578774157402e-28,4.58157777524897e-28,4.5815385942679255e-28,4.581538639085916e-28,4.581547810124916e-28,4.581558406942301e-28,4.581476661910047e-28,4.581482007577865e-28,4.581825410546824e-28,4.581928703236612e-28,4.582075428038252e-28,4.582068692786347e-28,4.5820077879387625e-28,4.581972943224589e-28,4.581984473106006e-28,4.58199195233074e-28,4.582148052031656e-28,4.582148307288995e-28,4.582148992154735e-28,4.581767131315747e-28,4.581585047760712e-28,4.581573739765968e-28,4.581568479223927e-28,4.581555617871856e-28,4.581558210291762e-28,4.581480961003011e-28,4.581480679196466e-28,4.581555643337554e-28,4.581743089526023e-28,4.581716870250031e-28,4.581716698809242e-28,4.581776126718645e-28,4.581773537343229e-28,4.581758520056831e-28,4.581770631787598e-28,4.581786443934151e-28,4.581737521385892e-28,4.581742818732016e-28,4.581743090373175e-28,4.581746871995878e-28,4.581728608626431e-28,4.581921070027861e-28,4.581926122921018e-28,4.581927011407252e-28,4.581925808279947e-28,4.581895316371927e-28,4.5818928519876595e-28,4.581892784978963e-28,4.581897541195012e-28,4.581893941924123e-28,4.58188881012236e-28,4.581888810122375e-28,4.581879974150578e-28,4.581883149945904e-28,4.581882849248669e-28,4.581882874662171e-28,4.581887909775241e-28,4.581053544236224e-28,4.581056070869475e-28,4.581451246001924e-28,4.58145121453646e-28,4.581353509447217e-28,4.5813654417836285e-28,4.5812876060661595e-28,4.581289944752934e-28,4.581289987396129e-28,4.5809543564457895e-28,4.5809545679741e-28,4.580958811885885e-28,4.580958390943872e-28,4.580986413734729e-28,4.580981615584588e-28,4.580981552325599e-28,4.580981599565275e-28,4.580979259934561e-28,4.580974150017108e-28,4.580768244057133e-28,4.580768088868687e-28,4.580768290764782e-28,4.580767779364105e-28,4.580767379733393e-28,4.5807671664020085e-28,4.580767236958414e-28,4.580767241490448e-28,4.580767262109013e-28,4.580750586986645e-28,4.580746552215619e-28,4.580746966869161e-28,4.5807484807239745e-28,4.58074838244784e-28,4.580752405153496e-28,4.580750326088237e-28,4.580719594177212e-28,4.58069993813413e-28,4.580689695828745e-28,4.580690798337258e-28,4.580661605891839e-28,4.580661505669384e-28,4.580661933899088e-28,4.580657576721115e-28,4.580662033158916e-28,4.5807248222491135e-28,4.580752544823883e-28,4.580755115241313e-28,4.580755115402862e-28,4.580444354721266e-28,4.580445866179772e-28,4.580445834440573e-28,4.580443033607263e-28,4.5804430340956605e-28,4.5804430361685015e-28,4.580443190055568e-28,4.580443129727553e-28,4.580547309610922e-28,4.5805907911119515e-28,4.5805989120645415e-28,4.580593492176809e-28,4.580702503414688e-28,4.5806896003262635e-28,4.580689451939973e-28,4.5806886343214655e-28,4.58068845640933e-28,4.580689514844776e-28,4.580689757401154e-28,4.580699225066518e-28,4.580732185041634e-28,4.580659443399762e-28,4.580670860277828e-28,4.580678980629397e-28,4.580678397310932e-28,4.580678398457712e-28,4.58067876391879e-28,4.579297964965646e-28,4.579292799380899e-28,4.579277079245898e-28,4.579270095890955e-28,4.579291913175843e-28,4.579287251158391e-28,4.579277377392585e-28,4.579281809853158e-28,4.579281836285043e-28,4.579204501110517e-28,4.579206646578815e-28,4.579260664561069e-28,4.579261848142835e-28,4.579263237847433e-28,4.579509948408077e-28,4.579511346531418e-28,4.579511343453825e-28,4.579606879985406e-28,4.5796068855212e-28,4.579345543587408e-28,4.579355301324534e-28,4.579403441075588e-28,4.579407068080753e-28,4.5794071715084425e-28,4.579405041497998e-28,4.579413087057489e-28,4.5793217790206755e-28,4.5793209825495575e-28,4.579482050800395e-28,4.579482500074564e-28,4.579482499651433e-28,4.5794802651683515e-28,4.579398696041946e-28,4.579398756017465e-28,4.5794257126894595e-28,4.579427043712056e-28,4.579348325420205e-28,4.579351558340184e-28,4.57931573983027e-28,4.5793148539030875e-28,4.579314853913786e-28,4.579312705420665e-28,4.579312648460804e-28,4.579541960892444e-28,4.579541802946937e-28,4.579544274575126e-28,4.57943697435171e-28,4.5794375539006705e-28,4.579437550579101e-28,4.579428950431977e-28,4.57943089716197e-28,4.579435989882905e-28,4.5794342961579595e-28,4.579434296108332e-28,4.5793957079681175e-28,4.579370225199295e-28,4.579370249565823e-28,4.579370614741882e-28,4.5793616978650475e-28,4.579362972663036e-28,4.57936729173612e-28,4.579366498247393e-28,4.57938455723067e-28,4.57940624330834e-28,4.57940613415638e-28,4.5794062019665385e-28,4.579170387816666e-28,4.579257124783286e-28,4.5792567784723155e-28,4.579256796236686e-28,4.579247286567288e-28,4.579247524053638e-28,4.579247061828813e-28,4.579271680815347e-28,4.579265022900985e-28,4.578632484329719e-28,4.578632181650478e-28,4.57863218163836e-28,4.578628424593512e-28,4.578616792598892e-28,4.578612501346616e-28,4.579985652800746e-28,4.580798048939295e-28,4.580453549801464e-28,4.580446256891126e-28,4.580446189313133e-28,4.5804386922078115e-28,4.58043926552213e-28,4.580449486153163e-28,4.580412403140793e-28,4.580416847774069e-28,4.580416998737554e-28,4.580399659024942e-28,4.580394402791638e-28,4.580457114531161e-28,4.580466688776774e-28,4.5804834530589165e-28,4.580473358357324e-28,4.580473359379219e-28,4.580473780262408e-28,4.580473316846033e-28,4.580459080833036e-28,4.580453147383156e-28,4.580452667413262e-28,4.580440904925081e-28,4.580445579377192e-28,4.58043705282966e-28,4.58043694444516e-28,4.580438509077929e-28,4.580438726929992e-28,4.580439027792348e-28,4.5802848860084005e-28,4.580292721556167e-28,4.58029819050347e-28,4.58029090087428e-28,4.580259979329596e-28,4.580259979771922e-28,4.5802656536986045e-28,4.580401147756524e-28,4.58035510882764e-28,4.580338334476347e-28,4.580338235188256e-28,4.58020918776137e-28,4.580209513685852e-28,4.580154701616446e-28,4.580155366585407e-28,4.580156079562508e-28,4.580188404449391e-28,4.580146449044339e-28,4.580151070055602e-28,4.579628115888467e-28,4.5796403326066215e-28,4.579640832964133e-28,4.579640566195049e-28,4.579633772432281e-28,4.579619251258817e-28,4.579617179294504e-28,4.579606032663103e-28,4.579608760940486e-28,4.579626286911182e-28,4.579640940851585e-28,4.579640940855165e-28,4.579642069056321e-28,4.57964384583293e-28,4.579642230457438e-28,4.5796429840357335e-28,4.5796416324650685e-28,4.5796386216440935e-28,4.579660462021953e-28,4.579660462025113e-28,4.579663534881642e-28,4.57966644134282e-28,4.57966087154396e-28,4.579664582002487e-28,4.579332066821358e-28,4.579326290699989e-28,4.579331041939203e-28,4.579331618739715e-28,4.579209053520472e-28,4.579208947130931e-28,4.579514403384801e-28,4.579513304700856e-28,4.581846625321678e-28,4.5818466492716925e-28,4.5818575551433535e-28,4.5818570212945465e-28,4.581857686961472e-28,4.581856841994148e-28,4.5818616994585715e-28,4.5818467240986395e-28,4.581846920158405e-28,4.581850167337571e-28,4.5818099930029175e-28,4.581809491696485e-28,4.581810295533858e-28,4.585724021274626e-28,4.585729625785292e-28,4.585634200851857e-28,4.585618787649493e-28,4.585618324775619e-28,4.585603718905106e-28,4.58561306279748e-28,4.5856040267094285e-28,4.585620578485446e-28,4.585620766618685e-28,4.5856210696380875e-28,4.585623995798977e-28,4.585624694128936e-28,4.586616509627426e-28,4.58661782987891e-28,4.586381133327524e-28,4.586379187577195e-28,4.586415431406572e-28,4.586418825930327e-28,4.586373102908689e-28,4.586372736462175e-28,4.586599417765513e-28,4.58659404884487e-28,4.58659404661101e-28,4.586594254626208e-28,4.586594230771179e-28,4.586568915811734e-28,4.586555368707935e-28,4.586416489905748e-28,4.586416164065217e-28,4.586364118975003e-28,4.586370164834871e-28,4.5863596810623e-28,4.586358816045035e-28,4.586358816032639e-28,4.586352353421311e-28,4.5863497701025415e-28,4.58636476131279e-28,4.58636824873316e-28,4.586359516790251e-28,4.586308121100483e-28,4.5863081812262325e-28,4.58630120476919e-28,4.586302092455607e-28,4.58630348874259e-28,4.58630311414853e-28,4.586210354606669e-28,4.586179120231915e-28,4.586179035269152e-28,4.586179035268125e-28,4.586179054998131e-28,4.586182860972121e-28,4.586182876984219e-28,4.586202587870508e-28,4.586188741367301e-28,4.586188481538537e-28,4.586189928024124e-28,4.5861900738923165e-28,4.586196914550269e-28,4.5862001826906545e-28,4.586200749121951e-28,4.586208122705892e-28,4.5862052404169545e-28,4.586206033170068e-28,4.586200888417213e-28,4.586216696830315e-28,4.586055429435281e-28,4.586026647436902e-28,4.586211995904498e-28,4.5861279149492865e-28,4.586198401470377e-28,4.586198484365171e-28,4.5861917962849665e-28,4.586191163877736e-28,4.5861800313306475e-28,4.586225202727135e-28,4.586208327834626e-28,4.58600017242638e-28,4.585992536886348e-28,4.585992707765485e-28,4.585860100833465e-28,4.586020003459159e-28,4.586008748583394e-28,4.586755249631025e-28,4.586755328101262e-28,4.586866814143773e-28,4.586856907119591e-28,4.586839496625868e-28,4.586817313618543e-28,4.586826668498434e-28,4.586819137686295e-28,4.586827569427081e-28,4.586818766902449e-28,4.586819253259326e-28,4.5868365260237605e-28,4.586836793567488e-28,4.58699305104932e-28,4.586993381105728e-28,4.586992435357738e-28,4.586999150707475e-28,4.587023808500417e-28,4.586861664882264e-28,4.586855212136129e-28,4.586869934927583e-28,4.586865411272781e-28,4.586863119493338e-28,4.586861824789244e-28,4.586845844973912e-28,4.58684655974367e-28,4.586847213286006e-28,4.5868511994819515e-28,4.586999955005266e-28,4.58700108846194e-28,4.586975700577473e-28,4.586977250803026e-28,4.586976127101622e-28,4.586978119534916e-28,4.586145255940807e-28,4.5861096477433455e-28,4.584336638322562e-28,4.58433611867329e-28,4.584276839892849e-28,4.584266853512821e-28,4.584296650968924e-28,4.5843012382487705e-28,4.5843196534484495e-28,4.584370755791238e-28,4.584370105356494e-28,4.584352578042325e-28,4.584369174647413e-28,4.5843686479550955e-28,4.584368926752641e-28,4.583706654880915e-28,4.583625361250374e-28,4.583514913971288e-28,4.583574141094285e-28,4.583599930976535e-28,4.583617611529037e-28,4.583531617587354e-28,4.5834775550927265e-28,4.583502895866331e-28,4.583511268470868e-28,4.583511307495037e-28,4.583521545884517e-28,4.5835184058684145e-28,4.583518312127584e-28,4.583522099419231e-28,4.583520616759529e-28,4.583499948650903e-28,4.583497356179021e-28,4.583506989749045e-28,4.583499584237416e-28,4.583499007423738e-28,4.583501333995075e-28,4.583501566721524e-28,4.583470312588793e-28,4.583470884292613e-28,4.583477755591031e-28,4.5834751295393865e-28,4.583480262357895e-28,4.583480120380876e-28,4.583484926167146e-28,4.574732142820874e-28,4.574637796809322e-28,4.574681491493135e-28,4.5746803539174085e-28,4.574680346180432e-28,4.574733459388586e-28,4.575558406207259e-28,4.575557661899203e-28,4.575558599032058e-28,4.575556729723368e-28,4.575566406551907e-28,4.575549689082716e-28,4.575549889992166e-28,4.575551920390679e-28,4.57555963916066e-28,4.575558556442331e-28,4.575558050379924e-28,4.575528691439159e-28,4.575523307426202e-28,4.57550064111198e-28,4.57550262057234e-28,4.575502738429155e-28,4.57552455649376e-28,4.575430746585695e-28,4.575425492550363e-28,4.575552808228076e-28,4.575552059936557e-28,4.5756662917574305e-28,4.575680151404432e-28,4.575677893692156e-28,4.575677120728952e-28,4.575658317362036e-28,4.575487521252565e-28,4.57548877227756e-28,4.575531450319524e-28,4.575531207181933e-28,4.575530365084051e-28,4.575526405313543e-28,4.57594460573963e-28,4.575943796942667e-28,4.576213621942222e-28,4.57622108803643e-28,4.576221088040949e-28,4.576195641973697e-28,4.576188272311597e-28,4.576227794335467e-28,4.576223584699926e-28,4.576225821750316e-28,4.576214766744588e-28,4.576222815298573e-28,4.576204563835523e-28,4.576205936182585e-28,4.576206127242904e-28,4.576227819663447e-28,4.576224258479892e-28,4.576225109735268e-28,4.576225109734661e-28,4.576237420555262e-28,4.576232051060593e-28,4.576197808670714e-28,4.576053234901637e-28,4.5760502988391815e-28,4.576052598566897e-28,4.576051402519487e-28,4.576051042894446e-28,4.576046291186753e-28,4.576054477019887e-28,4.576054445216017e-28,4.576038419380998e-28,4.576032837642545e-28,4.575976638430536e-28,4.575976915922128e-28,4.575972820674517e-28,4.575974508493776e-28,4.575986792274697e-28,4.575983870896795e-28,4.575978063444369e-28,4.575977496504693e-28,4.575977505119249e-28,4.575977292154669e-28,4.575971369809783e-28,4.575973347787375e-28,4.5759508460533075e-28,4.575941043068698e-28,4.575869412624505e-28,4.575692136618082e-28,4.576009319106221e-28,4.576011390921816e-28,4.576010736029262e-28,4.576011332908412e-28,4.576005777025326e-28,4.576005165473724e-28,4.576009411392219e-28,4.576060343439533e-28,4.576067120942208e-28,4.576067088883092e-28,4.576061137908729e-28,4.5760607661966075e-28,4.576061236771174e-28,4.576050636399e-28,4.576057655068887e-28,4.576056165634737e-28,4.576054846097068e-28,4.576043144949296e-28,4.576043186744696e-28,4.576043354367792e-28,4.576019610327099e-28,4.576009953114041e-28,4.576005354049606e-28,4.576004371493979e-28,4.575990013460516e-28,4.575749315436588e-28,4.5757656561568e-28,4.5757651489150534e-28,4.575764853028276e-28,4.5757708317669435e-28,4.576049547585194e-28,4.576049768475816e-28,4.576042869728109e-28,4.57603307257355e-28,4.576027164362775e-28,4.576025620893637e-28,4.575989834589934e-28,4.575992099710741e-28,4.575996783929857e-28,4.575998682281944e-28,4.57592159078275e-28,4.575878683045834e-28,4.575880151927123e-28,4.575264065342324e-28,4.575261291475717e-28,4.575262627932187e-28,4.575262627929859e-28,4.575262627908041e-28,4.575262536045653e-28,4.575281528363809e-28,4.575280994043935e-28,4.5752821259509935e-28,4.575285027730351e-28,4.575246651425785e-28,4.575242951362657e-28,4.575235013562471e-28,4.575278032081805e-28,4.575257239873906e-28,4.575263110887958e-28,4.575262803335885e-28,4.5765287390293955e-28,4.576528774117332e-28,4.5765287711141745e-28,4.576526484179727e-28,4.57645241405959e-28,4.576452611196748e-28,4.576452770419807e-28,4.576469272504209e-28,4.576468330062436e-28,4.576490091755489e-28,4.576491159466414e-28,4.576490745014941e-28,4.576488959203694e-28,4.5765013056640065e-28,4.576491890715438e-28,4.576491891310526e-28,4.576491525821698e-28,4.576498609831418e-28,4.576500104062624e-28,4.576345609203978e-28,4.5763443408037905e-28,4.576334195929005e-28,4.5766062246572845e-28,4.57660619334046e-28,4.576606186545756e-28,4.5766054724343866e-28,4.576572210431237e-28,4.576574880613966e-28,4.576567034917983e-28,4.576563816133136e-28,4.576564257797588e-28,4.576551953492194e-28,4.576551280207275e-28,4.576530352122364e-28,4.576579205111187e-28,4.576579941925226e-28,4.576579835730446e-28,4.576578675888611e-28,4.575874566311567e-28,4.575874556735726e-28,4.5758782465173895e-28,4.575876183668171e-28,4.576112788650034e-28,4.576110577338878e-28,4.576110077695467e-28,4.576110421477582e-28,4.576111134259487e-28,4.576111289924306e-28,4.576108520826495e-28,4.576112859328875e-28,4.576096680143201e-28,4.576131640598613e-28,4.576138250732691e-28,4.576135251172858e-28,4.576135501409321e-28,4.576125077932238e-28,4.576126820103174e-28,4.576181262327554e-28,4.57618085983841e-28,4.576178829026982e-28,4.576178828954789e-28,4.576342785259477e-28,4.576346558440839e-28,4.576315398383132e-28,4.57631440699898e-28,4.57630774851317e-28,4.576312660201458e-28,4.5763126599951255e-28,4.576323518187251e-28,4.576323624240941e-28,4.576263882723302e-28,4.576263882207224e-28,4.576439337617024e-28,4.576439253896561e-28,4.580717286757047e-28,4.58071727123869e-28,4.580722758010629e-28,4.580721955422058e-28,4.580718519949724e-28,4.5807160766807586e-28,4.580715851325058e-28,4.580716797150702e-28,4.58071561913627e-28,4.580677518871696e-28,4.580695958108883e-28,4.580704071846767e-28,4.580714296337647e-28,4.5807176605915725e-28,4.5806404671555185e-28,4.5806890307620195e-28,4.580667406461657e-28,4.580665579377454e-28,4.580687541461572e-28,4.580680704952439e-28,4.580680511345328e-28,4.5806385422235955e-28,4.580639434957799e-28,4.580639438433348e-28,4.5806422202833e-28,4.580633408395986e-28,4.580663065394149e-28,4.580600870520093e-28,4.580600528818465e-28,4.580600528818549e-28,4.580618027868778e-28,4.5806298085792905e-28,4.580517215894424e-28,4.580643065782889e-28,4.580503770301292e-28,4.580502855657406e-28,4.580521657120134e-28,4.580540101675556e-28,4.5805396789690875e-28,4.580539669065911e-28,4.580516293774426e-28,4.58051212284873e-28,4.580511126838849e-28,4.580511093675104e-28,4.5805086997750835e-28,4.5805136984709695e-28,4.580513249457579e-28,4.580509940985364e-28,4.58048519158075e-28,4.580485580393316e-28,4.580425652266385e-28,4.580435749274184e-28,4.580430896090071e-28,4.580424152699986e-28,4.580424197490091e-28,4.5804217562270245e-28,4.580419484891304e-28,4.580425613681817e-28,4.580424406441429e-28,4.580421437578238e-28,4.580416608750997e-28,4.580416238741491e-28,4.580411545236599e-28,4.580409542774231e-28,4.580409542786743e-28,4.580218010569106e-28,4.580196468898618e-28,4.5801990949236395e-28,4.580199397165717e-28,4.580196122736186e-28,4.580194797689965e-28,4.580190506854496e-28,4.580232834025733e-28,4.5802352663438095e-28,4.578814348956182e-28,4.578819652542385e-28,4.578811630961601e-28,4.578811424548723e-28,4.578810790694493e-28,4.5788021191207855e-28,4.578802854195574e-28,4.5786760595428955e-28,4.57867105893724e-28,4.578674874721208e-28,4.578671683845333e-28,4.57861224272724e-28,4.578610231169519e-28,4.578610121607132e-28,4.578588339315862e-28,4.578588335371638e-28,4.578590125056943e-28,4.579135280811572e-28,4.579183718302957e-28,4.5791789535871985e-28,4.5791786970618345e-28,4.579175264239833e-28,4.57917555440896e-28,4.579174317247389e-28,4.579174197688944e-28,4.579182394032002e-28,4.579183853098049e-28,4.579184127591118e-28,4.579191172035369e-28,4.579191020629822e-28,4.579191340428157e-28,4.579193049762856e-28,4.579144298607066e-28,4.579117156572128e-28,4.574693713128841e-28,4.574691764219768e-28,4.574691764224831e-28,4.574689145052555e-28,4.574686973309679e-28,4.574660801784642e-28,4.574674484965501e-28,4.574678354835705e-28,4.574686538285711e-28,4.574688895633928e-28,4.5746934499466515e-28,4.574691110776533e-28,4.574689693948693e-28,4.574489315082319e-28,4.574487795033762e-28,4.574482226795202e-28,4.5744847240733885e-28,4.574484724552072e-28,4.5744856497762605e-28,4.574559740185688e-28,4.574559180534487e-28,4.574719403504506e-28,4.574814421071935e-28,4.574823703732954e-28,4.574807011820655e-28,4.574866643414177e-28,4.57486798744489e-28,4.57486705530521e-28,4.5748674885974745e-28,4.574876775813921e-28,4.574877029089993e-28,4.574876070064212e-28,4.574880274341496e-28,4.574883873596945e-28,4.574873133982326e-28,4.574875739822057e-28,4.574880135385209e-28,4.5748796521912775e-28,4.574901418112492e-28,4.574864361938368e-28,4.574837813510454e-28,4.574817510474497e-28,4.574849950321478e-28,4.574845831917227e-28,4.574779733454412e-28,4.574802606332417e-28,4.574802716437928e-28,4.574809676864554e-28,4.574805744048212e-28,4.5747892536923e-28,4.574780006093079e-28,4.57468018540908e-28,4.574663839218461e-28,4.574660888798061e-28,4.574614858866867e-28,4.574613292417904e-28,4.574614608996447e-28,4.574615831708498e-28,4.574600447376963e-28,4.574624228993247e-28,4.574624042345684e-28,4.574626531991311e-28,4.574646869446851e-28,4.57464770267886e-28,4.574641582164572e-28,4.574429013971778e-28,4.574439342861189e-28,4.574439346619777e-28,4.574413001027348e-28,4.57441339679557e-28,4.574411935429091e-28,4.574412144371534e-28,4.5744136807052895e-28,4.574416682788933e-28,4.574433036502144e-28,4.574432013984972e-28,4.574924366926991e-28,4.574919392731057e-28,4.575077823315053e-28,4.5750708892628585e-28,4.575115407201603e-28,4.575112998697851e-28,4.577291303900941e-28,4.577293905022076e-28,4.5772975629809786e-28,4.577294688082364e-28,4.577280622532781e-28,4.577276984706463e-28,4.577299221279424e-28,4.577296725971626e-28,4.577298278985273e-28,4.577270885075476e-28,4.577270875672639e-28,4.577401427871148e-28,4.577400896923775e-28,4.577400418554793e-28,4.577390898390577e-28,4.57739207602246e-28,4.577458783835223e-28,4.577447036374007e-28,4.577447100148507e-28,4.577449749381176e-28,4.5774629726387994e-28,4.57745961386716e-28,4.577453385355925e-28,4.577458827445797e-28,4.577476321361814e-28,4.577476347599146e-28,4.577477664306584e-28,4.577493051519613e-28,4.5774832617524785e-28,4.577483393949195e-28,4.577483410784379e-28,4.577593187976552e-28,4.57759619712384e-28,4.577631630392123e-28,4.577636268640126e-28,4.577633112890984e-28,4.577694137018784e-28,4.577694676927429e-28,4.57731257826803e-28,4.577322053231835e-28,4.577354407922519e-28,4.577355057990114e-28,4.577355878596965e-28,4.577348381049409e-28,4.577325333655696e-28,4.577336731996028e-28,4.577321516295176e-28,4.577323082061461e-28,4.577322993596588e-28,4.577329746569487e-28,4.577328621962675e-28,4.577331203115781e-28,4.577347944166283e-28,4.577347944166808e-28,4.577346475986039e-28,4.577253148555115e-28,4.5772527610793665e-28,4.577358421972443e-28,4.577350854223491e-28,4.577345574457144e-28,4.577353545114541e-28,4.577362126877129e-28,4.577361911602529e-28,4.577355151358784e-28,4.577358182623639e-28,4.5773598757985785e-28,4.577363196473961e-28,4.577361573558111e-28,4.577192661120022e-28,4.577192085401888e-28,4.57718857323862e-28,4.577187791932043e-28,4.576532046469173e-28,4.576428827252884e-28,4.5750326094827785e-28,4.575027525931312e-28,4.575027525912786e-28,4.575021267514573e-28,4.575160984124578e-28,4.575164099064453e-28,4.575189391706432e-28,4.575188167771554e-28,4.57518280303203e-28,4.5751841575328545e-28,4.575183604211197e-28,4.575305666529739e-28,4.575309343578541e-28,4.575308403191377e-28,4.575307464282578e-28,4.575306437870515e-28,4.575308228023622e-28,4.575307785029801e-28,4.575307784294819e-28,4.575307148666809e-28,4.575305404026402e-28,4.575321545251602e-28,4.575331115074697e-28,4.57534142070139e-28,4.57534134168022e-28,4.57534134168548e-28,4.575456260726317e-28,4.575481923198113e-28,4.575495061122055e-28,4.575479241248357e-28,4.575479310255607e-28,4.575498983723108e-28,4.575513490487185e-28,4.575513534090211e-28,4.57551945092696e-28,4.575533112785153e-28,4.575533833852084e-28,4.5756187914428845e-28,4.575628435986928e-28,4.575260088387084e-28,4.575312370633122e-28,4.57528115680897e-28,4.575285219225626e-28,4.575281699437059e-28,4.575286404706156e-28,4.575314084860292e-28,4.57532602478859e-28,4.575326398417984e-28,4.57533345702732e-28,4.575334013741004e-28,4.575337002117254e-28,4.575336540036676e-28,4.575336997006149e-28,4.575274920740506e-28,4.5752753623103305e-28,4.575842070486949e-28,4.5758385299898665e-28,4.575548432945663e-28,4.575802620707403e-28,4.575810397454152e-28,4.57581966661292e-28,4.575909298807022e-28,4.575879958950772e-28,4.575945400904854e-28,4.5759462539557445e-28,4.575945576502617e-28,4.57594936557372e-28,4.5759200390035985e-28,4.5759200700157585e-28,4.575921642501675e-28,4.575924622374469e-28,4.576047490370774e-28,4.57607033448985e-28,4.576070298356883e-28,4.5760633173961075e-28,4.576062740201665e-28,4.576063179305909e-28,4.576063213127574e-28,4.576063738556217e-28,4.576058444752705e-28,4.576130709294768e-28,4.576130083965071e-28,4.576132628921384e-28,4.576133132237874e-28,4.576077638842941e-28,4.576071373901161e-28,4.576086590846736e-28,4.5760850539941165e-28,4.576081320235145e-28,4.576080420124765e-28,4.576077524277928e-28,4.576075190083763e-28,4.576075308045613e-28,4.576058836165449e-28,4.576057962827206e-28,4.5760610484955695e-28,4.576075268226131e-28,4.576069597188626e-28,4.576069293733332e-28,4.576074902917988e-28,4.576070711054002e-28,4.5760707110584875e-28,4.576070551926827e-28,4.57607051854741e-28,4.576077220846835e-28,4.5758023663188295e-28,4.575807656817553e-28,4.575807614793428e-28,4.575807767691364e-28,4.575774459160472e-28,4.575772626856308e-28,4.575773316686926e-28,4.575776305453407e-28,4.575776475782485e-28,4.575809044657399e-28,4.575809727342014e-28,4.575818699060082e-28,4.5758518325910585e-28,4.575842911401352e-28,4.575849071174161e-28,4.575849046512415e-28,4.575868841440394e-28,4.576120812881921e-28,4.576121549187296e-28,4.576122810114799e-28,4.576122353562595e-28,4.576058268698592e-28,4.576046234898449e-28,4.57604571978663e-28,4.57604571589403e-28,4.576054960607051e-28,4.576061160141487e-28,4.576059736063181e-28,4.5760706158041415e-28,4.576073678907706e-28,4.576073111221462e-28,4.576072554153819e-28,4.576079859762786e-28,4.576075224165106e-28,4.576076059969733e-28,4.5760734685448815e-28,4.575486553899908e-28,4.5754768646040465e-28,4.575476864604382e-28,4.575476928394408e-28,4.575231735330705e-28,4.575234006014653e-28,4.575236697464466e-28,4.5752362275864165e-28,4.575129885409354e-28,4.575130053139207e-28,4.57512760383567e-28,4.575112449891961e-28,4.57511246986555e-28,4.575110482370878e-28,4.575110484024382e-28,4.5751200459318e-28,4.575126197326217e-28,4.575135482222808e-28,4.575135690434261e-28,4.573873964684399e-28,4.573869628137104e-28,4.573871349634914e-28,4.573867697649633e-28,4.573875678452662e-28,4.5734916667104e-28,4.573491690517708e-28,4.573474617585602e-28,4.573352462692867e-28,4.573352487315542e-28,4.573352487321827e-28,4.573351219399934e-28,4.573368063757159e-28,4.573373107699834e-28,4.573377864403891e-28,4.573374476559183e-28,4.573374385953716e-28,4.57337369810852e-28,4.573317323931928e-28,4.573340590806299e-28,4.5733420644633025e-28,4.57333862678693e-28,4.573339886509224e-28,4.573332920417822e-28,4.573334752912269e-28,4.57594260870127e-28,4.575939408627369e-28,4.575983673685107e-28,4.576011927140413e-28,4.57672815639e-28,4.573694120906665e-28,4.572768388740232e-28,4.5727598965136585e-28,4.572760890465046e-28,4.572866251348115e-28,4.572871181323898e-28,4.572887449153537e-28,4.572778309951419e-28,4.572717188855591e-28,4.572717490306996e-28,4.572706023028849e-28,4.5726994447317365e-28,4.572787515722809e-28,4.572787852394921e-28,4.572798913379973e-28,4.572797241545646e-28,4.572779017629968e-28,4.5727419858465295e-28,4.572739041469185e-28,4.5727652671792105e-28,4.572766941594661e-28,4.572775316533598e-28,4.572761564322286e-28,4.572752244617125e-28,4.572727557146427e-28,4.572728005218747e-28,4.57271050768536e-28,4.572689689858924e-28,4.572689785255248e-28,4.572681610600794e-28,4.5726789887183505e-28,4.572347667937274e-28,4.572130650257872e-28,4.572128800291994e-28,4.572129887577758e-28,4.572129861698265e-28,4.5721062927522425e-28,4.572101388117498e-28,4.572118240311688e-28,4.572050031341796e-28,4.572050102291855e-28,4.572050187656176e-28,4.572092091106682e-28,4.572332690507842e-28,4.572331949648655e-28,4.572328694018537e-28,4.572330017048659e-28,4.572354729017669e-28,4.572353348312641e-28,4.572351257195026e-28,4.572299785178068e-28,4.572300930497585e-28,4.572282252543288e-28,4.572287659230043e-28,4.572293086255062e-28,4.5722908314546555e-28,4.57229037520711e-28,4.571458593254351e-28,4.571458591871556e-28,4.571426074837644e-28,4.571401109705966e-28,4.571398714126394e-28,4.571378577201215e-28,4.571378426287097e-28,4.571377705645979e-28,4.57137721041496e-28,4.571380967095649e-28,4.571380076510125e-28,4.571380910873902e-28,4.571379687921988e-28,4.5713745655874545e-28,4.571378018750715e-28,4.571381433239398e-28,4.571242992648392e-28,4.57124107605139e-28,4.571239684867307e-28,4.571241322706087e-28,4.571166050681874e-28,4.571169453328251e-28,4.571911474239322e-28,4.571912250270398e-28,4.571968839004861e-28,4.571966421033513e-28,4.57220145378053e-28,4.5722108653273695e-28,4.572187121919477e-28,4.572184767983509e-28,4.5721946205593e-28,4.5721887529207656e-28,4.57219064243987e-28,4.572183998872951e-28,4.572181610822616e-28,4.572182748961246e-28,4.572183804384813e-28,4.57245857657398e-28,4.572459041731724e-28,4.5724627547258865e-28,4.572463083506291e-28,4.572461320323515e-28,4.572464330234041e-28,4.572470269978264e-28,4.5725240325301345e-28,4.573078404156149e-28,4.573078220044416e-28,4.573076093111643e-28,4.573075621426453e-28,4.573140679210182e-28,4.57313842411506e-28,4.573138232586969e-28,4.573138317913076e-28,4.573145267563845e-28,4.5731435497859e-28,4.573138217450727e-28,4.573135414529629e-28,4.573136673531319e-28,4.573812927055071e-28,4.573878464980311e-28,4.573877931693023e-28,4.5738778958295e-28,4.573877631781695e-28,4.573880944893894e-28,4.574699581747133e-28,4.57469372747937e-28,4.574131004399162e-28,4.574131370228195e-28,4.574131369950133e-28,4.574140207712208e-28,4.581344885007059e-28,4.5813497245220025e-28,4.581355974204379e-28,4.581650703727998e-28,4.581320050492415e-28,4.581540794691583e-28,4.581553616644977e-28,4.581562484517839e-28,4.581571698303207e-28,4.581572619568927e-28,4.581574257548719e-28,4.581574918804385e-28,4.581579430353314e-28,4.581570571752172e-28,4.581570369552044e-28,4.581570364831419e-28,4.581568573019441e-28,4.58152658282292e-28,4.581512103758598e-28,4.581511964327328e-28,4.581510092968152e-28,4.581511969756807e-28,4.58151207687586e-28,4.581533858071741e-28,4.581584657346295e-28,4.581578128402673e-28,4.581570958695064e-28,4.581687056530026e-28,4.581669645824783e-28,4.581664319893059e-28,4.5816626830570025e-28,4.5808315712455594e-28,4.580835583489719e-28,4.581294902476375e-28,4.581309920186319e-28,4.581329492765647e-28,4.581301168942342e-28,4.581357304570961e-28,4.581356074693386e-28,4.58135602083386e-28,4.581355875691511e-28,4.581358238470573e-28,4.581938661780191e-28,4.581947396782198e-28,4.581873941848081e-28,4.581855387465163e-28,4.581779616175004e-28,4.581783325153632e-28,4.581797250081606e-28,4.581813452141198e-28,4.582012964054387e-28,4.581999973500869e-28,4.582660548567123e-28,4.582551691153733e-28,4.582537724258629e-28,4.582538893973322e-28,4.582495032217407e-28,4.582495029914766e-28,4.582473771536609e-28,4.5823954163284205e-28,4.58240095634302e-28,4.582282589657045e-28,4.582333551809049e-28,4.582462835513273e-28,4.5824804815308455e-28,4.5830542907596045e-28,4.583054199841441e-28,4.58304811934787e-28,4.583047461558984e-28,4.583052999572617e-28,4.583056370902175e-28,4.582773135124666e-28,4.582771450288549e-28,4.582775656098748e-28,4.5827552048430845e-28,4.582710776928154e-28,4.5827160499724725e-28,4.583166279231936e-28,4.5831679984227e-28,4.583173018498538e-28,4.583175637251981e-28,4.583056044294802e-28,4.583055932720755e-28,4.583051346758915e-28,4.582451754791492e-28,4.5825146966443785e-28,4.5825224188799105e-28,4.582522745394469e-28,4.582514043284373e-28,4.582521644359802e-28,4.584954342606559e-28,4.584946375582335e-28,4.585071086404188e-28,4.585081551601275e-28,4.5850818686465335e-28,4.585169634212785e-28,4.585170328911752e-28,4.5851291654126636e-28,4.583737137619552e-28,4.583735499576554e-28,4.583731354391857e-28,4.583674952338317e-28,4.583662992943342e-28,4.583661418675758e-28,4.5836179446161065e-28,4.583968443085449e-28,4.583968656107748e-28,4.583942053535494e-28,4.583942209922555e-28,4.583942862507717e-28,4.583951762611543e-28,4.583950820405435e-28,4.583952061616542e-28,4.583948703891836e-28,4.583948704380632e-28,4.583925888561082e-28,4.583926600294272e-28,4.58392660020191e-28,4.583937326126838e-28,4.582879990201474e-28,4.5828822706503835e-28,4.5828822706513e-28,4.582880877800722e-28,4.592219379499637e-28,4.592221613926418e-28,4.592597480952257e-28,4.592597485882203e-28,4.592597795339098e-28,4.5925885182200935e-28,4.592587611536492e-28,4.5924716795155e-28,4.5925403834045085e-28,4.592540158879579e-28,4.592536722337071e-28,4.592535771905918e-28,4.592524664019918e-28,4.592437236085338e-28,4.592435976543695e-28,4.592251613044219e-28,4.592251612588012e-28,4.592251612591666e-28,4.592251664716574e-28,4.592248372858753e-28,4.592211861961175e-28,4.592211823516819e-28,4.592211822617712e-28,4.5920063526728805e-28,4.592021818612803e-28,4.591922697763579e-28,4.591921989446052e-28,4.592072144772855e-28,4.5920712005727e-28,4.592070073384602e-28,4.592067191983605e-28,4.592067190934644e-28,4.592069058067463e-28,4.592422811741956e-28,4.592436174673942e-28,4.5924287582180415e-28,4.592534741143003e-28,4.5924493752350455e-28,4.592440276698304e-28,4.592439345386566e-28,4.592438805840317e-28,4.592438906806084e-28,4.592458085350746e-28,4.592457808249353e-28,4.592454165638956e-28,4.592451532856236e-28,4.592505827240393e-28,4.592428720900053e-28,4.59242594188282e-28,4.592429221673763e-28,4.592429323918429e-28,4.5924311411738435e-28,4.592431093492838e-28,4.592410621949822e-28,4.592407442451016e-28,4.592482227257637e-28,4.592440407266176e-28,4.592436308507478e-28,4.5924364776582435e-28,4.592431484924162e-28,4.592431593564163e-28,4.59238717511947e-28,4.592387193746659e-28,4.592503969080875e-28,4.592423295997894e-28,4.592420708880364e-28,4.592414474563369e-28,4.575370839115914e-28,4.575370852723868e-28,4.57536775279857e-28,4.57536804974248e-28,4.575366305749616e-28,4.5753482223149705e-28,4.575336207613966e-28,4.5753938980867365e-28,4.575392480204794e-28,4.575397740619841e-28,4.575397340273949e-28,4.5753689208091935e-28,4.575365843022885e-28,4.575366899249823e-28,4.575382722682774e-28,4.575383215014701e-28,4.575398264195675e-28,4.57543641332666e-28,4.575500072541021e-28,4.5754862448193065e-28,4.575478097609602e-28,4.575468145277033e-28,4.575455851963752e-28,4.575513023019742e-28,4.575483933595924e-28,4.575485536506272e-28,4.575593636941078e-28,4.575614348483658e-28,4.575613939887239e-28,4.575618559431472e-28,4.575624831747308e-28,4.575604698929387e-28,4.575605307449382e-28,4.5754264285205925e-28,4.575359019604458e-28,4.575359019604113e-28,4.575358955153402e-28,4.575343888920955e-28,4.575358692973904e-28,4.575338029888417e-28,4.575316329292031e-28,4.575325798296404e-28,4.575305939930805e-28,4.575305527217845e-28,4.575315614214162e-28,4.575316068505398e-28,4.575447571220304e-28,4.575443403395171e-28,4.575439946412123e-28,4.574982608298945e-28,4.574990503230457e-28,4.574992222965362e-28,4.575225139682016e-28,4.575223345809192e-28,4.575041268902842e-28,4.575027955701888e-28,4.5750242468116435e-28,4.575026649141842e-28,4.575026608957191e-28,4.575032000723789e-28,4.575032726720895e-28,4.5750326535641e-28,4.575057668255838e-28,4.5750481525370385e-28,4.575048103146161e-28,4.575054381940221e-28,4.5750520654931735e-28,4.5750520654967725e-28,4.57505073606045e-28,4.57505083512543e-28,4.575057188490572e-28,4.5752330399459585e-28,4.575249833980091e-28,4.575252301573786e-28,4.5752416346997065e-28,4.5744535664975185e-28,4.57445115450833e-28,4.574446091352389e-28,4.5744469699116345e-28,4.574447613882663e-28,4.574470900764063e-28,4.5744759205182905e-28,4.57442139438465e-28,4.574417933592082e-28,4.57441980828322e-28,4.57451854664411e-28,4.574518667132936e-28,4.57451865174772e-28,4.574521611545428e-28,4.574943540312955e-28,4.574944441810717e-28,4.5749445122242865e-28,4.575450580770165e-28,4.575469205548189e-28,4.575375119540372e-28,4.575379955679247e-28,4.575378834515143e-28,4.575436863699114e-28,4.582329943080207e-28,4.58232264378439e-28,4.582320498519546e-28,4.58232590107579e-28,4.58241610590803e-28,4.582431941345955e-28,4.582346714999546e-28,4.582348464072724e-28,4.582345877844703e-28,4.582336031979785e-28,4.582421609227924e-28,4.58243434609452e-28,4.582448797850473e-28,4.5824488744125405e-28,4.582447177599693e-28,4.582646402894826e-28,4.5826341226297145e-28,4.582626242073722e-28,4.582827864569492e-28,4.582827798996102e-28,4.582761526011557e-28,4.582829842949967e-28,4.5817917942941485e-28,4.581809177610773e-28,4.582659063690795e-28,4.582658895349311e-28,4.582657760928517e-28,4.582687656086358e-28,4.582687624251381e-28,4.582685696328612e-28,4.582732624180717e-28,4.582731733867248e-28,4.582748746706343e-28,4.582748185366606e-28,4.582754784812218e-28,4.582854254587847e-28,4.582854318367895e-28,4.58285431114762e-28,4.582865448966549e-28,4.582868758720179e-28,4.582876129770922e-28,4.582872854688583e-28,4.582865519906064e-28,4.582865519934758e-28,4.582701790657464e-28,4.582638655151601e-28,4.5826420984298215e-28,4.582642886011234e-28,4.582642513333608e-28,4.582647715391088e-28,4.5826481962173245e-28,4.582647578959249e-28,4.583798053480893e-28,4.584053190109737e-28,4.579985561798316e-28,4.580039160404117e-28,4.580039154572288e-28,4.580039155054509e-28,4.580129634476826e-28,4.5800911742027975e-28,4.580050268592854e-28,4.580049485865279e-28,4.5800489307254835e-28,4.580044384841859e-28,4.580025837614244e-28,4.580037366432247e-28,4.580037018842235e-28,4.5800388772422665e-28,4.580038583824269e-28,4.580035947518258e-28,4.580077466074954e-28,4.580061241192286e-28,4.5800613295842865e-28,4.580034138713774e-28,4.580015178786614e-28,4.580039714640266e-28,4.580070163179967e-28,4.580052006882007e-28,4.5800621887873575e-28,4.580054468696408e-28,4.580102903259863e-28,4.580172593179582e-28,4.580172593027024e-28,4.580197802280021e-28,4.580173192339594e-28,4.5801653606316415e-28,4.580162357574541e-28,4.580162276225864e-28,4.580145974794052e-28,4.580119215197025e-28,4.5801196798534025e-28,4.580155520747134e-28,4.580155502939158e-28,4.583144679518484e-28,4.5831777380074185e-28,4.58317282667717e-28,4.583202600685147e-28,4.5832034377654005e-28,4.583203003619237e-28,4.583205204390228e-28,4.583207137995993e-28,4.583452581463625e-28,4.583470164989894e-28,4.58455457397944e-28,4.584031369718323e-28,4.5840313697196545e-28,4.584052759765308e-28,4.584053083037909e-28,4.583821207143324e-28,4.583799735080792e-28,4.583801386946692e-28,4.583801198380617e-28,4.583984053756746e-28,4.58420739566608e-28,4.584200940052495e-28,4.58413747195771e-28,4.584144415580515e-28,4.584144887938131e-28,4.584143511034899e-28,4.584143526009618e-28,4.584118173762478e-28,4.584118184369559e-28,4.584125672982586e-28,4.584179323751465e-28,4.584206754604412e-28,4.584104659520557e-28,4.584111815197221e-28,4.584087414222343e-28,4.584085433671271e-28
2,0.0,0.0,0.0,0.0,0.0,0.0,0.0,0.0,0.0,0.0,0.0,0.0,0.0,0.0,0.0,0.0,0.0,0.0,0.0,0.0,0.0,0.0,0.0,0.0,0.0,0.0,0.0,0.0,0.0,0.0,0.0,0.0,0.0,0.0,0.0,0.0,0.0,0.0,0.0,0.0,0.0,0.0,0.0,0.0,0.0,0.0,0.0,0.0,0.0,0.0,0.0,0.0,0.0,0.0,0.0,0.0,0.0,0.0,0.0,0.0,0.0,0.0,0.0,0.0,0.0,0.0,0.0,0.0,0.0,0.0,0.0,0.0,0.0,0.0,0.0,0.0,0.0,0.0,0.0,0.0,0.0,0.0,0.0,0.0,0.0,0.0,0.0,0.0,0.0,0.0,0.0,0.0,0.0,0.0,0.0,0.0,0.0,0.0,0.0,0.0,0.0,0.0,0.0,0.0,0.0,0.0,0.0,0.0,0.0,0.0,0.0,0.0,0.0,0.0,0.0,0.0,0.0,0.0,0.0,0.0,0.0,0.0,0.0,0.0,0.0,0.0,0.0,0.0,0.0,0.0,0.0,0.0,0.0,0.0,0.0,0.0,0.0,0.0,0.0,0.0,0.0,0.0,0.0,0.0,0.0,0.0,0.0,0.0,0.0,0.0,0.0,0.0,0.0,0.0,0.0,0.0,0.0,0.0,0.0,0.0,0.0,0.0,0.0,0.0,0.0,0.0,0.0,0.0,0.0,0.0,0.0,0.0,0.0,0.0,0.0,0.0,0.0,0.0,0.0,0.0,0.0,0.0,0.0,0.0,0.0,0.0,0.0,0.0,0.0,0.0,0.0,0.0,0.0,0.0,0.0,0.0,0.0,0.0,0.0,0.0,0.0,0.0,0.0,0.0,0.0,0.0,0.0,0.0,0.0,0.0,0.0,0.0,0.0,0.0,0.0,0.0,0.0,0.0,0.0,0.0,0.0,0.0,0.0,0.0,0.0,0.0,0.0,0.0,0.0,0.0,0.0,0.0,0.0,0.0,0.0,0.0,0.0,0.0,0.0,0.0,0.0,0.0,0.0,0.0,0.0,0.0,0.0,0.0,0.0,0.0,0.0,0.0,0.0,0.0,0.0,0.0,0.0,0.0,0.0,0.0,0.0,0.0,0.0,0.0,0.0,0.0,0.0,0.0,0.0,0.0,0.0,0.0,0.0,0.0,0.0,0.0,0.0,0.0,0.0,0.0,0.0,0.0,0.0,0.0,0.0,0.0,0.0,0.0,0.0,0.0,0.0,0.0,0.0,0.0,0.0,0.0,0.0,0.0,0.0,0.0,0.0,0.0,0.0,0.0,0.0,0.0,0.0,0.0,0.0,0.0,0.0,0.0,0.0,0.0,0.0,0.0,0.0,0.0,0.0,0.0,0.0,0.0,0.0,0.0,0.0,0.0,0.0,0.0,0.0,0.0,0.0,0.0,0.0,0.0,0.0,0.0,0.0,0.0,0.0,0.0,0.0,0.0,0.0,0.0,0.0,0.0,0.0,0.0,0.0,0.0,0.0,0.0,0.0,0.0,0.0,0.0,0.0,0.0,0.0,0.0,0.0,0.0,0.0,0.0,0.0,0.0,0.0,0.0,0.0,0.0,0.0,0.0,0.0,0.0,0.0,0.0,0.0,0.0,0.0,0.0,0.0,0.0,0.0,0.0,0.0,0.0,0.0,0.0,0.0,0.0,0.0,0.0,0.0,0.0,0.0,0.0,0.0,0.0,0.0,0.0,0.0,0.0,0.0,0.0,0.0,0.0,0.0,0.0,0.0,0.0,0.0,0.0,0.0,0.0,0.0,0.0,0.0,0.0,0.0,0.0,0.0,0.0,0.0,0.0,0.0,0.0,0.0,0.0,0.0,0.0,0.0,0.0,0.0,0.0,0.0,0.0,0.0,0.0,0.0,0.0,0.0,0.0,0.0,0.0,0.0,0.0,0.0,0.0,0.0,0.0,0.0,0.0,0.0,0.0,0.0,0.0,0.0,0.0,0.0,0.0,0.0,0.0,0.0,0.0,0.0,0.0,0.0,0.0,0.0,0.0,0.0,0.0,0.0,0.0,0.0,0.0,0.0,0.0,0.0,0.0,0.0,0.0,0.0,0.0,0.0,0.0,0.0,0.0,0.0,0.0,0.0,0.0,0.0,0.0,0.0,0.0,0.0,0.0,0.0,0.0,0.0,0.0,0.0,0.0,0.0,0.0,0.0,0.0,0.0,0.0,0.0,0.0,0.0,0.0,0.0,0.0,0.0,0.0,0.0,0.0,0.0,0.0,0.0,0.0,0.0,0.0,0.0,0.0,0.0,0.0,0.0,0.0,0.0,0.0,0.0,0.0,0.0,0.0,0.0,0.0,0.0,0.0,0.0,0.0,0.0,0.0,0.0,0.0,0.0,0.0,0.0,0.0,0.0,0.0,0.0,0.0,0.0,0.0,0.0,0.0,0.0,0.0,0.0,0.0,0.0,0.0,0.0,0.0,0.0,0.0,0.0,0.0,0.0,0.0,0.0,0.0,0.0,0.0,0.0,0.0,0.0,0.0,0.0,0.0,0.0,0.0,0.0,0.0,0.0,0.0,0.0,0.0,0.0,0.0,0.0,0.0,0.0,0.0,0.0,0.0,0.0,0.0,0.0,0.0,0.0,0.0,0.0,0.0,0.0,0.0,0.0,0.0,0.0,0.0,0.0,0.0,0.0,0.0,0.0,0.0,0.0,0.0,0.0,0.0,0.0,0.0,0.0,0.0,0.0,0.0,0.0,0.0,0.0,0.0,0.0,0.0,0.0,0.0,0.0,0.0,0.0,0.0,0.0,0.0,0.0,0.0,0.0,0.0,0.0,0.0,0.0,0.0,0.0,0.0,0.0,0.0,0.0,0.0,0.0,0.0,0.0,0.0,0.0,0.0,0.0,0.0,0.0,0.0,0.0,0.0,0.0,0.0,0.0,0.0,0.0,0.0,0.0,0.0,0.0,0.0,0.0,0.0,0.0,0.0,0.0,0.0,0.0,0.0,0.0,0.0,0.0,0.0,0.0,0.0,0.0,0.0,0.0,0.0,0.0,0.0,0.0,0.0,0.0,0.0,0.0,0.0,0.0,0.0,0.0,0.0,0.0,0.0,0.0,0.0,0.0,0.0,0.0,0.0,0.0,0.0,0.0,0.0,0.0,0.0,0.0,0.0,0.0,0.0,0.0,0.0,0.0,0.0,0.0,0.0,0.0,0.0,0.0,0.0,0.0,0.0,0.0,0.0,0.0,0.0,0.0,0.0,0.0,0.0,0.0,0.0,0.0,0.0,0.0,0.0,0.0,0.0,0.0,0.0,0.0,0.0,0.0,0.0,0.0,0.0,0.0,0.0,0.0,0.0,0.0,0.0,0.0,0.0,0.0,0.0,0.0,0.0,0.0,0.0,0.0,0.0,0.0,0.0,0.0,0.0,0.0,0.0,0.0,0.0,0.0,0.0,0.0,0.0,0.0,0.0,0.0,0.0,0.0,0.0,0.0,0.0,0.0,0.0,0.0,0.0,0.0,0.0,0.0,0.0,0.0,0.0,0.0,0.0,0.0,0.0,0.0,0.0,0.0,0.0,0.0,0.0,0.0,0.0,0.0,0.0,0.0,0.0,0.0,0.0,0.0,0.0,0.0,0.0,0.0,0.0,0.0,0.0,0.0,0.0,0.0,0.0,0.0,0.0,0.0,0.0,0.0,0.0,0.0,0.0,0.0,0.0,0.0,0.0,0.0,0.0,0.0,0.0,0.0,0.0,0.0,0.0,0.0,0.0,0.0,0.0,0.0,0.0,0.0,0.0,0.0,0.0,0.0,0.0,0.0,0.0,0.0,0.0,0.0,0.0,0.0,0.0,0.0,0.0,0.0,0.0,0.0,0.0,0.0,0.0,0.0,0.0,0.0,0.0,0.0,0.0,0.0,0.0,0.0,0.0,0.0,0.0,0.0,0.0,0.0,0.0,0.0,0.0,0.0,0.0,0.0,0.0,0.0,0.0,0.0,0.0,0.0,0.0,0.0,0.0,0.0,0.0,0.0,0.0,0.0,0.0,0.0,0.0,0.0,0.0,0.0,0.0,0.0,0.0,0.0,0.0,0.0,0.0,0.0,0.0,0.0,0.0,0.0,0.0,0.0,0.0,0.0,0.0,0.0,0.0,0.0,0.0,0.0,0.0,0.0,0.0,0.0,0.0,0.0,0.0,0.0,0.0,0.0,0.0,0.0,0.0,0.0,0.0,0.0,0.0,0.0,0.0,0.0,0.0,0.0,0.0,0.0,0.0,0.0,0.0,0.0,0.0,0.0,0.0,0.0,0.0,0.0,0.0,0.0,0.0,0.0,0.0,0.0,0.0,0.0,0.0,0.0,0.0,0.0,0.0,0.0,0.0,0.0,0.0,-5.095114865619908e-35,-3.225462860777648e-61,-1.8901546039179117e-83,-7.839229087244567e-36,6.683283449944956e-35,6.683283449944958e-35,-4.013026328486612e-32,2.3679991938792828e-35,2.3679991938792823e-35,2.367999193879283e-35,2.3679991938792847e-35,2.4642090743138696e-35,2.46420907431387e-35,2.4642090743138707e-35,2.46420907431387e-35,2.4642090743138707e-35,2.464209074313871e-35,2.4642090743138707e-35,2.4642090743138707e-35,2.464209074313872e-35,2.464209074313871e-35,-1.4866731062156903e-33,3.6844852754831064e-37,3.6844852754831064e-37,3.7078057334932582e-37,3.7078057334932595e-37,3.7078057334932603e-37,-8.139371309502011e-35,8.566149192514764e-56,-3.0947557690406516e-36,-1.6406612798111375e-62,8.55128652391806e-87,8.551286523918059e-87,8.551286523918057e-87,5.925722217899545e-34,-2.3636405196214986e-31,-3.474088755373071e-58,1.675900701433697e-81,1.6759007014336977e-81,1.6759007014336977e-81,1.6759007014336977e-81,7.398385852834404e-38,7.398385852834404e-38,7.398385852834406e-38,4.966494446601535e-38,1.235112010419345e-34,8.743450926727227e-35,9.75167170062398e-35,3.582829933986204e-34,3.582829933986204e-34,3.58283904304119e-34,3.5828390430411907e-34,3.5828390430411925e-34,3.5828390430411907e-34,3.582839043041192e-34,6.063479329372701e-33,6.0634793293727e-33,7.348588568669114e-33,7.349585172346526e-33,7.349585172346523e-33,7.349585172346523e-33,7.349585172346523e-33,7.34935302969334e-33,-1.066299225999219e-30,-1.9117677970701533e-52,2.6800194968500823e-74,2.6800194968500827e-74,2.6800194968500827e-74,2.680019496850084e-74,-1.288795094562536e-35,-1.1618985964011857e-31,3.7570907808682657e-35,-1.7657404569698535e-32,5.861177412109774e-38,5.861177412109774e-38,6.873425177546504e-32,7.262124157261912e-32,7.262124157261916e-32,7.262124157261917e-32,7.262124157261913e-32,5.995357892124462e-29,6.011051905098649e-29,6.011051905098649e-29,6.011051905098647e-29,6.011051800265505e-29,6.011051800265511e-29,6.011036153690111e-29,6.011036153690111e-29,6.01103615369012e-29,6.968660962598377e-29,6.968660962598375e-29,6.948186212464789e-29,7.040558506022603e-29,7.040558506022607e-29,7.04055850602261e-29,7.040558506022609e-29,7.040558506022613e-29,7.040817742859903e-29,7.040817742859905e-29,7.040817742859905e-29,7.041319389266334e-29,7.041319407581259e-29,7.041319407581268e-29,7.041319407581268e-29,7.041319407581268e-29,5.823877382928535e-29,5.823874701247772e-29,1.1891603994628574e-28,1.1891603994628574e-28,1.1891603994628578e-28,1.189160399462858e-28,1.1891603994628583e-28,1.189160399462858e-28,1.1889651169236586e-28,1.5751228569091969e-28,1.5733668562501142e-28,1.5733668558609326e-28,1.5733668558609326e-28,1.5733668558609303e-28,1.5733668558609306e-28,1.5733668558609308e-28,1.5733668558609308e-28,1.559422741159497e-28,1.5594227411594968e-28,1.559465954466537e-28,1.5594516617883479e-28,1.559451661788348e-28,1.559452407637404e-28,1.5594525434632531e-28,1.55951779161467e-28,1.5595512711545334e-28,1.5595512711545302e-28,1.5595906080962542e-28,1.5595906080962557e-28,1.5595906080962546e-28,1.5594737944642442e-28,1.558281477697664e-28,1.5582803881870726e-28,1.5585026563935248e-28,1.5585026563935248e-28,1.558510296564028e-28,1.5585099854262374e-28,1.558509985426237e-28,1.5585078985619505e-28,1.5585010245231446e-28,1.5585010245220519e-28,1.5585667899100929e-28,1.5575156000503646e-28,1.5575036399529972e-28,1.5574786911148964e-28,1.565670529977912e-28,1.5656705299779112e-28,1.5676279237295719e-28,1.5676279237295712e-28,1.5676277485192087e-28,1.5676277485192092e-28,1.5676277484459551e-28,1.5676277484459327e-28,1.5676277484459327e-28,1.5676277484459769e-28,1.5676273593620809e-28,1.5676273593619594e-28,1.5676340604456485e-28,1.5676340606658826e-28,1.567634060650325e-28,1.5676340604880437e-28,1.567634071730212e-28,1.5676339889230096e-28,1.5676339889229957e-28,1.567633925819313e-28,1.5662860022575905e-28,1.5662859735385576e-28,1.5662859680415025e-28,1.5662856457548577e-28,1.5662856482153017e-28,1.566285654046362e-28,1.5663112910965019e-28,1.566311275746954e-28,1.5663018008609072e-28,1.559278039636773e-28,1.5592782408410595e-28,1.5592783572082938e-28,1.5592783572072635e-28,1.5591618713114641e-28,1.5592354446565985e-28,1.5592354446826472e-28,1.5592309516841295e-28,1.5592309516841472e-28,1.5592298441935598e-28,1.5592420066306878e-28,1.559248580340117e-28,1.559244729270954e-28,1.5592433837130762e-28,1.5591781466712388e-28,1.5591781436771629e-28,1.5591781436771109e-28,1.5591781435058473e-28,1.5594627917704355e-28,1.5594282626623747e-28,1.5594282627142741e-28,1.5594072671523076e-28,1.5594096410425588e-28,1.5594096410425583e-28,1.559410534445862e-28,1.559410534440167e-28,1.5594121107607166e-28,1.559468031810373e-28,1.559545014229495e-28,1.5595405899935576e-28,1.5638564954903794e-28,1.5649666298327587e-28,1.5649620628922375e-28,1.5649724560745205e-28,1.5647311084268913e-28,1.5647311085075307e-28,1.5647316639514206e-28,1.5647316640687895e-28,1.5641782003904904e-28,1.5641750888817069e-28,1.5641750888817082e-28,1.5641838248707234e-28,1.5641838258581292e-28,1.5641832808995347e-28,1.564183280764023e-28,1.5546316226623821e-28,1.561240411115341e-28,1.5612404110657358e-28,1.5603296009131147e-28,1.5517484230317534e-28,1.5543142306328684e-28,1.5542858498848243e-28,1.5543347224377853e-28,1.5543347224996747e-28,1.5543347224477032e-28,1.552359904789401e-28,1.5523525202698846e-28,1.5523525119536757e-28,1.552352511701357e-28,1.5472865205697434e-28,1.548532607943885e-28,1.5485326200008865e-28,1.5488319976261575e-28,1.5482936105404248e-28,1.5482742563768772e-28,1.548274256555012e-28,1.5477069646927958e-28,1.5477070025346689e-28,1.5477070027751135e-28,1.5477557906965424e-28,1.5477558011766637e-28,1.5477558011744108e-28,1.5478005429158214e-28,1.547764022219683e-28,1.5475493474419285e-28,1.548103833025933e-28,1.5485866510054235e-28,1.5485866510054174e-28,1.548586683738837e-28,1.5485866838865014e-28,1.5485866838589707e-28,1.5492279545759628e-28,1.5491498338392582e-28,1.5445867434603697e-28,1.531638107016964e-28,1.53164544222215e-28,1.5266059818281837e-28,1.5219499351396743e-28,1.521949939912677e-28,1.5219506148812583e-28,1.5214688538658482e-28,1.5214497204047768e-28,1.521449720205901e-28,1.5214410017615062e-28,1.5210721165534804e-28,1.4607944401459704e-28,1.4667266733514692e-28,1.4670698705767836e-28,1.4710887092039013e-28,1.4748808182951965e-28,1.4748837969676921e-28,1.4738326812134368e-28,1.473836518069109e-28,1.4738365180626875e-28,1.4735811320348544e-28,1.4726568429009268e-28,1.4554155602576482e-28,1.4554058380708675e-28,1.455405838070844e-28,1.455460383987713e-28,1.4554603839900756e-28,1.4554596697949306e-28,1.4554532553724684e-28,1.4554921913231604e-28,1.4547876755964537e-28,1.4547876755964534e-28,1.459904814097654e-28,1.4599893957699696e-28,1.459961205579587e-28,1.4474597430740744e-28,1.4322993019162392e-28,1.433178836497524e-28,1.4325293559998634e-28,1.432529354831106e-28,1.4325293548311215e-28,1.4325293548311215e-28,1.4328331687000615e-28,1.4328331369290402e-28,1.43275889464636e-28,1.4327601947646157e-28,1.432819971513222e-28,1.4326421187727855e-28,1.3597870933678265e-28,1.3597773516014404e-28,1.359779145543568e-28,1.359756626998238e-28,1.3156292321048588e-28,1.083088511121946e-28,1.0843606725238854e-28,1.0902939873403187e-28,9.99715183232786e-29,1.0006878719009107e-28,1.0005078176832854e-28,1.0003300175676247e-28,1.0002283255809573e-28,1.0040711315549502e-28,1.0047970936183996e-28,1.0047970533805524e-28,1.0047970536578055e-28,1.0047970535722087e-28,1.0041667208132842e-28,1.0041667208132775e-28,1.0041531693001594e-28,9.392953914178196e-29,9.453282633479247e-29,9.453282635427401e-29,9.453281937795229e-29,9.452546498709497e-29,9.453953130587883e-29,9.454010280371464e-29,9.45401026285249e-29,-1.190295081473039e-27,-1.993112216614535e-37,-1.9122368460108406e-32,-5.05104724241839e-31,7.121874454173224e-32,4.251568771574774e-32,5.414356755571139e-32,5.384581300741276e-32,5.830848253340263e-32,5.868974335670722e-32,5.868974335928066e-32,8.649044632416738e-32,8.64904467245489e-32,8.649043644165397e-32,8.61553190253784e-32,4.075498693143923e-32,4.0754898194964037e-32,4.327190122507938e-32,4.160894837283127e-32,4.160693076463007e-32,4.1606930785240606e-32,-1.925701919992945e-33,-6.691046048242448e-38,7.164679852868683e-48,5.52623913258232e-30,5.526239043122818e-30,5.452156326166255e-30,5.434800533835876e-30,5.4351373220281544e-30,5.4347150778413325e-30,5.434710759894778e-30,5.3026129626810754e-30,5.302569067355737e-30,5.340862184976244e-30,5.3408621849762414e-30,5.352000622361971e-30,5.3538718960786326e-30,5.353872322145526e-30,5.353872319470174e-30,5.497399470007254e-30,5.497399461141917e-30,5.5113977514967194e-30,6.1301535103976385e-30,6.130153510397623e-30,6.161092630935944e-30,7.302291834007595e-30,7.302291825270063e-30,7.156947656346415e-30,7.15694765459748e-30,7.19230882172447e-30,1.2304860889450187e-29,1.230489002129374e-29,1.943863756550174e-29,1.9487565011736085e-29,1.9395136692438173e-29,1.940910886922631e-29,1.9572058021413945e-29,1.956776978891199e-29,1.4953322332213062e-29,1.4313747994899848e-29,1.4313805875988485e-29,1.431067575218855e-29,1.4400255268028564e-29,1.4400255268643084e-29,1.4400255268643104e-29,1.440025535889889e-29,1.4401902743145964e-29,1.425527656582838e-29,1.425527493218197e-29,1.4245490173864464e-29,1.4217131436952713e-29,1.422888235559489e-29,1.423249814245286e-29,1.423249811850996e-29,1.4263302302051426e-29,1.4304048390367953e-29,1.4304046410334916e-29,1.4274278355898648e-29,1.428080348269647e-29,1.4277027410757041e-29,1.4939378890882426e-29,1.4355600289051332e-29,1.4334451832425544e-29,1.4335904330890612e-29,3.9005338603408e-29,3.9004776799636586e-29,3.9053366479152617e-29,3.908951632788485e-29,3.9054455716519765e-29,3.9054436729618123e-29,3.8742061886243495e-29,3.874206188624352e-29,3.874119347086186e-29,3.870209533877728e-29,3.8702095549373064e-29,3.8798220494468766e-29,3.87982204944687e-29,3.8800317678390756e-29,3.8841876563665044e-29,3.3224379848763563e-29,3.415192034254813e-29,3.4151920342564423e-29,3.415214103000107e-29,3.4152141280737997e-29,3.4246092923094484e-29,3.4246092983608673e-29,3.4246093523618e-29,3.933182360129809e-29,3.929649251441493e-29,3.92964922176204e-29,3.930880133759848e-29,3.93088013544638e-29,3.9111844171834453e-29,2.8220426241443247e-28,2.8038153470022e-28,2.813766708312094e-28,2.81376693505916e-28,2.813757306657919e-28,2.813758999157895e-28,2.8137323191877186e-28,2.813726102045078e-28,2.816494935835879e-28,2.773075989451185e-28,2.7716132615342654e-28,2.76846296894818e-28,2.7683016738528e-28,2.7682103767737203e-28,2.7682103564158634e-28,2.768209400102196e-28,2.7682094000109406e-28,2.7684239876127587e-28,2.76839952256038e-28,2.7645360886019932e-28,2.764535987328917e-28,2.764535987326419e-28,2.7645250578784362e-28,2.760401645658446e-28,2.755011515819623e-28,2.7549319927134827e-28,2.7495640662514877e-28,2.748960097219477e-28,2.7489641212867687e-28,2.74896412084542e-28,2.7489617312975577e-28,2.7489617312991918e-28,2.7489663496303634e-28,2.74983532350869e-28,2.7497717069826147e-28,3.745160862908629e-28,3.748396440445226e-28,3.7483987520250853e-28,3.7479043507216693e-28,3.747904234489077e-28,3.747904234469969e-28,3.7347416229843796e-28,3.7400566418242742e-28,3.7443352426342425e-28,3.7443352426342443e-28,3.7443352437489273e-28,3.744597516906596e-28,3.744596547735202e-28,3.744596671230272e-28,3.7445966712302723e-28,3.7446176092024317e-28,3.740528926321516e-28,3.7535506054869615e-28,3.753550605486876e-28,3.753575857811927e-28,3.6984876544501904e-28,3.6970426978469324e-28,3.6963445521879033e-28,3.696344339612797e-28,3.6930279093139654e-28,3.693027917737859e-28,3.6930279177378606e-28,3.5527441662027913e-28,3.55274399344456e-28,3.552743982868215e-28,3.5492427149125243e-28,2.7936607129305e-28,2.7977267628700616e-28,2.797726762894603e-28,2.797726762898019e-28,2.8716692977714935e-28,2.871669311198293e-28,2.8713984061219787e-28,3.2174786801356395e-28,3.2043950093880214e-28,3.177615412223471e-28,3.177615412223486e-28,3.133460421615935e-28,3.1334604216159344e-28,3.1334604216103534e-28,3.1321508718454704e-28,3.1321663261933957e-28,3.129133600310727e-28,3.075580063493013e-28,3.0745909719036637e-28,3.0753738850176362e-28,3.0753738849917914e-28,3.0753738849844275e-28,3.0454731543849144e-28,3.045473154384908e-28,3.043784111278964e-28,3.0437841112742545e-28,3.044035830821188e-28,2.9703326208783175e-28,3.9520969425081216e-28,3.9520985716705845e-28,3.9520119094256893e-28,3.96270007650248e-28,3.9608026971287216e-28,3.9612901627958925e-28,3.942835704512579e-28,3.9428357532504085e-28,2.815567892695671e-28,2.8063106328595175e-28,2.8293305209969195e-28,2.8293279462648118e-28,2.829327946264793e-28,2.8293468679101825e-28,2.749717462596181e-28,2.7501454050596412e-28,2.915658123729287e-28,2.959692389540847e-28,2.9604123264367713e-28,2.960412326403286e-28,3.0016499011645133e-28,3.00354758385244e-28,3.0035475834035704e-28,3.023183126706305e-28,3.021069590051815e-28,3.021069590051822e-28,3.022814273127552e-28,3.022920916501243e-28,3.036767695072007e-28,3.0367676950720058e-28,3.0367676950720013e-28,3.035734650212796e-28,3.0357345771868443e-28,3.034210320533204e-28,3.0305035328854164e-28,3.0305035639403235e-28,3.0305028520663426e-28,3.030478211660789e-28,3.0058419308398674e-28,3.0058419308398844e-28,3.0058418906455603e-28,3.0058418740416035e-28,3.005654734557827e-28,3.005601704623624e-28,3.005601704736508e-28,2.991657244212513e-28,2.9237639316125934e-28,2.9731139757899985e-28,2.9731139750372e-28,2.9731139750299553e-28,2.972724813246494e-28,2.9727299499338717e-28,2.972729949906993e-28,2.9727290825631616e-28,2.9732365566147177e-28,2.9732423666872107e-28,3.0349964713225943e-28,3.0357646750183847e-28,3.0363517781331054e-28,3.037607771525613e-28,3.0377263397919638e-28,3.037722065408275e-28,3.0299604011949275e-28,3.03001982853665e-28,3.0300198268829385e-28,3.072972846055085e-28,3.072972846048513e-28,3.0729728460341256e-28,3.0731354005556843e-28,3.072602032746439e-28,3.0513294418489644e-28,3.2998435953199485e-28,3.2998435953199494e-28,3.3170169573986177e-28,3.318367272946314e-28,3.318367273038631e-28,3.3181018123241923e-28,3.318301568621236e-28,3.3952967681408777e-28,3.3952889243561564e-28,2.3831502215422387e-28,2.2420314181688363e-28,2.2374692865957805e-28,2.2372731893297744e-28,2.2372354856831453e-28,2.279999868624403e-28,2.2791571294472904e-28,2.2800570779773114e-28,2.1375162553836132e-28,2.1375162550529516e-28,2.1375162531949787e-28,2.1375170788418733e-28,2.1373974213910786e-28,2.13698761289093e-28,2.1369942198057103e-28,2.136981165679155e-28,2.1369822576359898e-28,2.136950028262425e-28,2.135704515567322e-28,2.145979181444016e-28,2.1462886486476096e-28,2.1442363496019295e-28,2.1433328159705234e-28,2.143283259590966e-28,2.199570138083249e-28,2.2358084461882953e-28,2.2435551152309595e-28,2.2435551152309636e-28,2.2840238635808373e-28,2.2823682400914127e-28,2.290755180964159e-28,2.2912916262668236e-28,2.29130046765605e-28,2.2901731467671155e-28,2.290155798605018e-28,2.290699077511058e-28,2.290673962734813e-28,2.2915913580494813e-28,2.2842074111492517e-28,2.2842074210128616e-28,2.284219486984474e-28,2.2842194869846506e-28,2.284219486842456e-28,2.2766856964911827e-28,2.2824318586096765e-28,2.282431859362395e-28,2.282431144595351e-28,2.2825048064353535e-28,2.392738510891448e-28,2.3444003289190878e-28,2.3444003289157314e-28,2.344400060824634e-28,2.3442766238488275e-28,2.3469660179421765e-28,2.346966017942204e-28,2.284819013983932e-28,2.2848190139730286e-28,2.2848757703911977e-28,2.284882476941653e-28,2.2893968601532296e-28,2.288497732343609e-28,2.288502489128481e-28,2.2883647210715743e-28,2.288297749997111e-28,2.2884665839670766e-28,2.291225332559966e-28,2.291131385282463e-28,2.2911313032198617e-28,2.2903799080696524e-28,2.2877268059376304e-28,2.2853157308399847e-28,2.2853143594511267e-28,2.2853094262698047e-28,2.2852089581507417e-28,2.285221921829583e-28,2.2852219218295805e-28,2.2858890955456638e-28,2.2858890955456593e-28,2.2859026252235895e-28,2.289180260047219e-28,2.2330671621358446e-28,2.233065890976709e-28,2.233351914200037e-28,2.2291615625837323e-28,2.232200967443464e-28,2.255008613740839e-28,2.2549883557437075e-28,2.2549883556190516e-28,2.249306956408736e-28,2.2493069564504436e-28,2.2492933953947113e-28,2.2478070760505203e-28,2.2478071634975443e-28,2.2480975340831486e-28,2.241430993251569e-28,2.242476749235381e-28,2.2424685980381463e-28,2.2424685979314136e-28,2.2424685976187164e-28,2.2424582852399886e-28,2.2424582852399904e-28,2.242458285770808e-28,2.242232230259412e-28,2.2422270140828135e-28,2.242910252378196e-28,2.2429105183162288e-28,2.242898441829789e-28,2.2428336893359576e-28,2.2428627566852914e-28,2.242862756594381e-28,2.243117691080148e-28,2.243531961234562e-28,2.21885001119134e-28,2.21885001119138e-28,2.2179205643121213e-28,2.2179205642487723e-28,2.2179282747441217e-28,2.2179282747120685e-28,2.2179282747333785e-28,1.8402780710826122e-28,1.840280432458715e-28,1.8402798988161922e-28,1.8490678905104379e-28,1.8490677553391533e-28,1.8490684805028398e-28,1.8490710351994817e-28,1.8490742297507649e-28,1.8490742297634918e-28,1.849074230458992e-28,1.8493906676242732e-28,1.847631145347737e-28,1.8623510839695368e-28,1.8633446992275496e-28,1.8632839164088623e-28,1.8642618943156215e-28,1.8614742307396975e-28,2.3128245376279346e-28,2.3113295742229602e-28,2.307305975416066e-28,2.3073130701959813e-28,2.3074385057457137e-28,2.308600798128689e-28,2.312210240636408e-28,2.3122102406349604e-28,2.3121777343603307e-28,2.3108509545186643e-28,2.310851040127098e-28,2.309661915874822e-28,2.307230059001507e-28,2.3241093075040704e-28,2.3241088971139503e-28,2.326191592943928e-28,2.3261935718645333e-28,2.32619358262148e-28,2.325843876257401e-28,2.3214060795678075e-28,2.3214067938133436e-28,2.3214071748301e-28,2.32140451784838e-28,2.319193961495705e-28,2.3192935750282397e-28,2.320148357222312e-28,2.3201483572223135e-28,2.320270778098429e-28,2.3202707778547146e-28,2.325143925415105e-28,2.3247913862952012e-28,2.324929457497275e-28,2.325042622665807e-28,2.330625171117126e-28,2.330607771495153e-28,2.3306077714954813e-28,2.3306077611932785e-28,2.3524688661211534e-28,2.3524688661795967e-28,2.362858102128941e-28,2.3628581036361583e-28,2.362858103640366e-28,2.3628581037367666e-28,2.3617541957565816e-28,2.3610464957785557e-28,2.3610464932765766e-28,2.3610464932977256e-28,2.378191138143458e-28,2.356440423602784e-28,2.356440423602785e-28,2.353731921651505e-28,2.3799627920974476e-28,2.3798338908094655e-28,2.3798749910026e-28,2.380184961915725e-28,2.3801562540623273e-28,2.3814890243506582e-28,2.3815621083331875e-28,2.3811835121101682e-28,2.3804599285650644e-28,2.380390499868073e-28,2.3252819723916596e-28,2.3252819723898458e-28,2.32528129720325e-28,2.3259098468977175e-28,2.326133512842538e-28,2.326133512842537e-28,2.326219563312552e-28,2.360494811608211e-28,2.3573345149291313e-28,2.3573107752057267e-28,2.3573003881940583e-28,2.3583888374501594e-28,2.3583888374637235e-28,2.354998468912368e-28,2.354531888551765e-28,2.354562990486698e-28,2.354562991891509e-28,2.3545629918897356e-28,2.3393123775007945e-28,2.3393123324644596e-28,2.3393123446385344e-28,2.3392949585262167e-28,2.3643937753420005e-28,2.364393775342586e-28,2.3647551170070997e-28,2.373731598266576e-28,2.3737315982185513e-28,2.37463888818568e-28,2.444624977942128e-28,2.4454870613551453e-28,2.4454870613937485e-28,2.4460158117142206e-28,2.4459353628805055e-28,2.484005304965028e-28,2.4837571634012677e-28,2.483741525595339e-28,2.4837387494700486e-28,2.4837387494700472e-28,2.483738749469603e-28,2.4836483609604196e-28,2.48364836096196e-28,2.484404749804432e-28,2.4843892443214577e-28,2.484389244321643e-28,2.484135830992168e-28,2.483269352375141e-28,2.48326935107062e-28,2.4831432643097403e-28,2.483142785924711e-28,2.4831427828218845e-28,2.483026680162446e-28,2.483053777452982e-28,2.483004835042652e-28,2.483004834543099e-28,2.4830038020743293e-28,2.4824666472565957e-28,2.4874266827343383e-28,2.4854897311541433e-28,2.4854897315833554e-28,2.4854907258043396e-28,2.4855164264835536e-28,2.4853519945143846e-28,2.485544319972844e-28,2.4855443203905335e-28,2.4848286969679457e-28,2.4848465750878516e-28,2.484846574757695e-28,2.484134703368209e-28,2.4841347033680946e-28,2.4841347033668e-28,2.4841342039943817e-28,2.485018388790272e-28,2.4850314607191457e-28,2.485042466975702e-28,2.4838914522234828e-28,2.4807467480843067e-28,2.4805649654925435e-28,2.4805649873193006e-28,2.4712100315032642e-28,2.4712480142478057e-28,2.4708477372594686e-28,2.4708477372400348e-28,2.4846510234968744e-28,2.4846519912205867e-28,2.483635097103604e-28,2.483635076624379e-28,2.4836456669144774e-28,2.4836455701526997e-28,2.483438704541143e-28,2.4834386947221875e-28,2.483438694754179e-28,2.4815776907264315e-28,2.481577470533671e-28,2.4815773314811902e-28,2.4811031972078747e-28,2.4811031972581847e-28,2.4810964864427425e-28,2.4796474534553373e-28,2.4796452164683027e-28,2.4822248100799324e-28,2.482223913659226e-28,2.48175244606109e-28,2.481072018402572e-28,2.4753278892529017e-28,2.473732780284249e-28,2.4737646633190627e-28,2.4737496804662905e-28,2.4737496702791403e-28,2.4738371901186616e-28,2.4701825182299347e-28,2.467734253182169e-28,2.4707462967528703e-28,2.4708233598794784e-28,2.470823360371361e-28,2.4708234092151212e-28,2.47129272061478e-28,2.4714451362990213e-28,2.4714451362990258e-28,2.473506209611694e-28,2.4734469457598993e-28,2.475860861549068e-28,2.4763882987033827e-28,2.4373727716512657e-28,2.437372771045876e-28,2.437188843547432e-28,2.437193280724121e-28,2.437100690554482e-28,2.436932687467134e-28,2.436932687248206e-28,2.441115472851693e-28,2.4411154735040495e-28,2.3770247355401857e-28,2.3790748942433093e-28,2.378732246746284e-28,2.3787322467511357e-28,2.378732246751223e-28,2.378042322859185e-28,2.3780679640686724e-28,2.4120852121708436e-28,2.41209274221037e-28,2.4036228753916505e-28,2.403007952727562e-28,2.403007955409306e-28,2.402126029204295e-28,2.412077480313824e-28,2.4120773520655063e-28,2.417429762313632e-28,2.417429092751193e-28,2.430253570612622e-28,2.4292646926659615e-28,2.4689058545452545e-28,2.4689058095320556e-28,2.4418794962166615e-28,2.3861355806815636e-28,2.385835483242483e-28,2.3858405438701927e-28,2.5428698023307017e-28,2.54236456584455e-28,2.5423645658445684e-28,2.542364311019491e-28,2.541280769343218e-28,2.54128076934321e-28,2.5391114838027907e-28,2.5391245482170125e-28,2.5372424013656936e-28,2.54159691056298e-28,2.544555939677271e-28,2.5442949311966615e-28,2.543678551040004e-28,2.5436724646709615e-28,2.5608948313765824e-28,2.5628855140508195e-28,2.5716883544356316e-28,2.554037145037552e-28,2.554037145037553e-28,2.5540371450273694e-28,2.5540371450826873e-28,2.5540371442236515e-28,2.554037144364353e-28,2.554037144365991e-28,2.554037144522352e-28,2.5540371448231947e-28,2.554037144823196e-28,2.554037144823196e-28,2.5540371936987304e-28,2.5540371934780293e-28,2.55403719668165e-28,2.554037213911025e-28,2.5540372138951928e-28,2.5540372377922556e-28,2.554037237314343e-28,2.554037237314344e-28,2.5540372373033473e-28,2.554037237303347e-28,2.5540372374643563e-28,2.5540372374643567e-28,2.5540372374649015e-28,2.5540372427797383e-28,2.554037242365335e-28,2.554037242368711e-28,2.554037242368732e-28,2.5540372423722017e-28,2.5540372435087363e-28,2.5540372381567493e-28,2.554037234291394e-28,2.5540372342674286e-28,2.554037234077558e-28,2.5540372570085637e-28,2.5540372570085646e-28,2.5540372579962074e-28,2.554037257996222e-28,2.5540372577623717e-28,2.554037257763233e-28,2.554037256983589e-28,2.5540372537330462e-28,2.5540372599952926e-28,2.554037277782225e-28,2.554037277782214e-28,2.5540372640974995e-28,2.554037369447778e-28,2.554037116242337e-28,2.5540371162423354e-28,2.5540371162425955e-28,2.554037116237485e-28,2.5540371160795256e-28,2.554037120802127e-28,2.5540371207996414e-28,2.554037120799633e-28,2.55403712018821e-28,2.5540371176265806e-28,2.55403711762658e-28,2.5540353224415474e-28,2.5540353224141187e-28,2.554035322197248e-28,2.554035320369129e-28,2.554035320068221e-28,2.5540352648122575e-28,2.554035263734168e-28,2.554035263734181e-28,2.5540352637886504e-28,2.554035264275701e-28,2.5540353107602445e-28,2.5540353115778633e-28,2.5540353115854878e-28,2.5540353109298976e-28,2.554035310929898e-28,2.554035310849888e-28,2.554034015276743e-28,2.554034015276742e-28,2.554034013410357e-28,2.5540340133974374e-28,2.5540340133537564e-28,2.554034013353713e-28,2.5540340133543967e-28,2.5540339971880625e-28,2.5540339953771732e-28,2.554033995696213e-28,2.5540341643217048e-28,2.55403414120938e-28,2.554034141205058e-28,2.5540341402915674e-28,2.5540341402915697e-28,2.554034140443274e-28,2.5540341281752723e-28,2.554034128175273e-28,2.55403412816642e-28,2.554034128166415e-28,2.5540341281664157e-28,2.554034128166415e-28,2.554034098244429e-28,2.5540340964428973e-28,2.5540340946054434e-28,2.5540340918241664e-28,2.5540340918242467e-28,2.5540340689560763e-28,2.5540340689560763e-28,2.554034068559231e-28,2.5540337695047176e-28,2.5540337705209545e-28,2.5540337705209124e-28,2.554033911721534e-28,2.5540338940925556e-28,2.5540338940925556e-28,2.554033894401672e-28,2.554033894926055e-28,2.554033894959164e-28,2.554033894959163e-28,2.554033875438956e-28,2.554033875438956e-28,2.5540338754389566e-28,2.554033875438957e-28,2.5540338752912664e-28,2.5540338752912664e-28,2.5540338749431597e-28,2.554033875261964e-28,2.5540338752619647e-28,2.5540338752020465e-28,2.554033877028331e-28,2.5540338847142004e-28,2.554033800334489e-28,2.5540338003344887e-28,2.5540338001625366e-28,2.5540338000968254e-28,2.5540338628740235e-28,2.5540338126536995e-28,2.5540338126375834e-28,2.5540338126375843e-28,2.55403381263718e-28,2.554033964586219e-28,2.55403396513142e-28,2.554033965352335e-28,2.5540339653522483e-28,2.554033965352248e-28,2.5540339676244056e-28,2.554033875190811e-28,2.5540338751908083e-28,2.554033875177658e-28,2.554033876866693e-28,2.5540338769419036e-28,2.5540338769448103e-28,2.554033878547155e-28,2.554033878547155e-28,2.554033878547156e-28,2.554033878547257e-28,2.554033838817654e-28,2.5540338388176655e-28,2.554033838901009e-28,2.554033773694964e-28,2.554033773852405e-28,2.5540337738524046e-28,2.5540337716096715e-28,2.5540334725513266e-28,2.5540334754536143e-28,2.554033120698778e-28,2.5540331206987777e-28,2.5540331638669235e-28,2.5540331642961477e-28,2.5540331806216255e-28,2.554033213117057e-28,2.5540332129707696e-28,2.554033188425248e-28,2.5540331742108635e-28,2.5540331740682167e-28,2.5540331744010136e-28,2.554033170176272e-28,2.5540331701762714e-28,2.5540329946029807e-28,2.5540329950211837e-28,2.5540329999483307e-28,2.5540330254773736e-28,2.554034558890828e-28,2.554034559130165e-28,2.5540345591968236e-28,2.5540346490796146e-28,2.554034637275181e-28,2.554034650287502e-28,2.5540346502875016e-28,2.5540346501674477e-28,2.5540346501673625e-28,2.5540348244411227e-28,2.5540348244411326e-28,2.554034824441133e-28,2.554034370659518e-28,2.5540346915445296e-28,2.5540347257233476e-28,2.554034725553588e-28,2.554034781226063e-28,2.554034793803077e-28,2.5540363607174787e-28,2.5540363309918456e-28,2.5540363256133513e-28,2.55403646939615e-28,2.5540365063739804e-28,2.554036506750858e-28,2.5540365184061846e-28,2.554036556258494e-28,2.55403732651531e-28,2.55403732651531e-28,2.55403732651531e-28,2.554037326476082e-28,2.5540372455040333e-28,2.5540375637523684e-28,2.554037563730262e-28,2.5540375637314637e-28,2.5540375369064516e-28,2.5540375369064507e-28,2.5540375362912865e-28,2.5540375362912865e-28,2.554037571418942e-28,2.5540375714189427e-28,2.5540366311210525e-28,2.5540365752953086e-28,2.5540365158415846e-28,2.5540365125291904e-28,2.5540365124999967e-28,2.5540365123651824e-28,2.5540363568732323e-28,2.554036356873273e-28,2.5540363613124095e-28,2.554036361239611e-28,2.554036361212732e-28,2.5540363613926454e-28,2.554035849507394e-28,2.5540358511267557e-28,2.554035264621931e-28,2.5540352650764056e-28,2.5540352650764065e-28,2.5540352657547744e-28,2.5540352584892253e-28,2.554035258518276e-28,2.554035413098921e-28,2.5540353880795356e-28,2.5540351427774225e-28,2.5540363988692585e-28,2.5540363988974177e-28,2.554036421335016e-28,2.554036421033795e-28,2.55403756999102e-28,2.554037569991019e-28,2.554037554648938e-28,2.5540375494195326e-28,2.5540375495420567e-28,2.5540375494382145e-28,2.55403758491491e-28,2.55404059015048e-28,2.554040420312276e-28,2.55404028695028e-28,2.5540402801498906e-28,2.554042938713766e-28,2.554042938098164e-28,2.554042938098164e-28,2.554042938098163e-28,2.5540430692436028e-28,2.554072397375202e-28,2.5540723973209853e-28,2.5540724120473644e-28,2.5540722695608416e-28,2.5540720310978027e-28,2.554072031097762e-28,2.5540720310978314e-28,2.5540718156916637e-28,2.554071815691662e-28,2.5540725366430605e-28,2.5540728263188503e-28,2.5540728263188494e-28,2.554072854951443e-28,2.554072853255143e-28,2.5540728532549076e-28,2.5540729657824226e-28,2.554072964568991e-28,2.554062204150814e-28,2.5540622229061036e-28,2.5540622243069196e-28,2.5540622244541967e-28,2.5540622256729134e-28,2.5540623016581863e-28,2.5540622941131057e-28,2.554062286733239e-28,2.554062238269743e-28,2.5540622462929454e-28,2.5540621553481356e-28,2.5540620775852123e-28,2.5540620799937084e-28,2.55406207956917e-28,2.554062213155737e-28,2.5540623539511926e-28,2.5540623539512455e-28,2.554062367934685e-28,2.554062366678397e-28,2.5540623675466567e-28,2.554062367201817e-28,2.5540623680960836e-28,2.554062368246506e-28,2.554062370008211e-28,2.5540623699558636e-28,2.5540624861484723e-28,2.554062468142289e-28,2.554062480311817e-28,2.5540624766439514e-28,2.5540732746769474e-28,2.554073273980576e-28,2.554073278935222e-28,2.5540732604377838e-28,2.554073260602556e-28,2.5540732607813346e-28,2.554073263520474e-28,2.554078593112272e-28,2.55407859311227e-28,2.5540798694574586e-28,2.5540798665238032e-28,2.554079845166627e-28,2.5540789332795217e-28,2.5540788737377652e-28,2.5540788718019613e-28,2.554078880087163e-28,2.554078793060079e-28,2.554078798034457e-28,2.554078850087087e-28,2.554078850087283e-28,2.5540788490000305e-28,2.554078845132898e-28,2.554078845132897e-28,2.554078949263233e-28,2.5540769113545027e-28,2.5540768396683852e-28,2.554076839668245e-28,2.5540768396682444e-28,2.55407682021946e-28,2.5540768260274917e-28,2.554076826797212e-28,2.5540768267579615e-28,2.5540768292891146e-28,2.554079312350287e-28,2.554079312350287e-28,2.554079311583108e-28,2.554078366446645e-28,2.55407748230711e-28,2.5540774808577774e-28,2.5540776291510775e-28,2.5540776291360328e-28,2.554077272735089e-28,2.554077307316686e-28,2.5540771070821275e-28,2.5540771047392484e-28,2.554077142346008e-28,2.5540771423487082e-28,2.5540772072331315e-28,2.5540772070055297e-28,2.5540811793618053e-28,2.554081011465574e-28,2.554080999299652e-28,2.5540810000101094e-28,2.554080565994516e-28,2.5540805659945165e-28,2.5540824974370134e-28,2.5540810870510017e-28,2.554081087050987e-28,2.554083474482382e-28,2.5540834744823815e-28,2.55408351121016e-28,2.5540835112104496e-28,2.554083511210449e-28,2.55408351121299e-28,2.5540834915561688e-28,2.5540835177840784e-28,2.554083517784077e-28,2.5540864243615548e-28,2.5540864170619104e-28,2.5540864170618893e-28,2.554086417061893e-28,2.554085019668791e-28,2.554085194607435e-28,2.5540851811205633e-28,2.554082100365958e-28,2.554090120445317e-28,2.5540900900771478e-28,2.554090091174923e-28,2.554090083241712e-28,2.5540900835956132e-28,2.5540900566268746e-28,2.5540896625738677e-28,2.5540896625738556e-28,2.554089779229361e-28,2.5540904600729935e-28,2.5540892466227007e-28,2.5540892466227007e-28,2.554089269188382e-28,2.5541296997108302e-28,2.5541299021642963e-28,2.554129977572861e-28,2.5541306783417085e-28,2.5541306746925103e-28,2.554130674692511e-28,2.55413001883754e-28,2.554130016754439e-28,2.5541300167544405e-28,2.5541300152981614e-28,2.554128912787322e-28,2.554129691225006e-28,2.5541306164879907e-28,2.5541305969849703e-28,2.5541305969849667e-28,2.554130583057659e-28,2.5541304242771067e-28,2.554130363756232e-28,2.5541303637562313e-28,2.5541303600969056e-28,2.554130840025489e-28,2.5541308553460384e-28,2.5541308553460384e-28,2.5541308553460393e-28,2.5541308577439296e-28,2.5541307570754403e-28,2.55413090996511e-28,2.5541308617835054e-28,2.5541308923161034e-28,2.5541308799200903e-28,2.5541308815978038e-28,2.554130896189975e-28,2.5541206609885963e-28,2.55412065950889e-28,2.5541206946415883e-28,2.5541182188994842e-28,2.554115121879248e-28,2.554115121879248e-28,2.5541151218651795e-28,2.554114145902623e-28,2.5541141478823293e-28,2.554114147858472e-28,2.554114323599712e-28,2.554114323612426e-28,2.5541147911210903e-28,2.5541241462007943e-28,2.5541237991832556e-28,2.5541237990289804e-28,2.554123797743335e-28,2.5541237958941094e-28,2.55412379589411e-28,2.5541237958941094e-28,2.5541237949414336e-28,2.5541238203188322e-28,2.5541238204154837e-28,2.554125289166475e-28,2.5541252383008906e-28,2.5541295565484475e-28,2.5541294803795673e-28,2.554129453340346e-28,2.5541294464980757e-28,2.554131631256405e-28,2.554165710522627e-28,2.5541657104277256e-28,2.554165711509276e-28,2.554163592096157e-28,2.554163592077117e-28,2.554163592183852e-28,2.5541635921838526e-28,2.5541635585707194e-28,2.5541635636331995e-28,2.554163556670927e-28,2.554163556670927e-28,2.5541629096539925e-28,2.554163711125074e-28,2.5541635694390427e-28,2.554163829820682e-28,2.5541624166715486e-28,2.554162416671542e-28,2.5541622301506668e-28,2.5541622301506663e-28,2.554162221666894e-28,2.554162221666892e-28,2.554162317681418e-28,2.554162329780569e-28,2.554161042671081e-28,2.554161054919516e-28,2.5541611086955446e-28,2.5541603938214694e-28,2.554161271032456e-28,2.5541610323783366e-28,2.5541610323783384e-28,2.5541610323858808e-28,2.55416102872487e-28,2.5541610445807943e-28,2.554160969655619e-28,2.554160966097759e-28,2.554160958776318e-28,2.55416258762314e-28,2.554158727661025e-28,2.554158753333652e-28,2.5541587592938285e-28,2.5541587595980134e-28,2.55415810617879e-28,2.554158041579712e-28,2.5541580415797106e-28,2.55415468631259e-28,2.554150248732842e-28,2.554150356762726e-28,2.5541503567636623e-28,2.5541503567636614e-28,2.5541503482288636e-28,2.554150306001433e-28,2.554150293873956e-28,2.5541505086243773e-28,2.5541505092918693e-28,2.5541505073225885e-28,2.554150507321408e-28,2.554150507329528e-28,2.5541505073295277e-28,2.5541504977470663e-28,2.5541471993206736e-28,2.5541466209860343e-28,2.554146514380975e-28,2.5541465107708326e-28,2.5541465107786373e-28,2.554146715192925e-28,2.5541467151929248e-28,2.554146714875913e-28,2.5541466240040285e-28,2.554146623151016e-28,2.554146623151016e-28,2.5541466231510167e-28,2.554146553635661e-28,2.5541465599191118e-28,2.5541465696540026e-28,2.5541465045754822e-28,2.5541506884271123e-28,2.554149123916697e-28,2.5541491239166975e-28,2.554149123918623e-28,2.5541482296873688e-28,2.554148194431667e-28,2.554148308784545e-28,2.5541480789717187e-28,2.554148078985679e-28,2.554148030177123e-28,2.5541480488579954e-28,2.554148022567387e-28,2.5541480225783646e-28,2.5541510548115343e-28,2.5541532975375165e-28,2.5541532975375165e-28,2.5541531879959143e-28,2.5541531333877826e-28,2.5541473007665383e-28,2.5541473000736906e-28,2.5541471844112915e-28,2.554147184411032e-28,2.5541466192542747e-28,2.5541466193580466e-28,2.554146959319225e-28,2.554146957826201e-28,2.554146603738515e-28,2.5541465346731043e-28,2.554146534662326e-28,2.554146534662324e-28,2.554146609268065e-28,2.554146591533851e-28,2.5541465916021633e-28,2.5541460012569057e-28,2.5541460012569066e-28,2.554145985236303e-28,2.5541459874607618e-28,2.5541460028802043e-28,2.5541455940598237e-28,2.554145923621283e-28,2.5541443726631705e-28,2.554144352163322e-28,2.5541454859921803e-28,2.5541454866614826e-28,2.554145486661482e-28,2.554145589503645e-28,2.554145592848785e-28,2.5541455790626594e-28,2.554145583461632e-28,2.5541455834619245e-28,2.554145575837417e-28,2.5541455758374197e-28,2.5541455897013586e-28,2.5541455897013577e-28,2.5541455897013577e-28,2.5541459607019165e-28,2.5541459607019156e-28,2.5541459606061905e-28,2.5541460739526567e-28,2.554146073857372e-28,2.554146076296484e-28,2.5541460762964855e-28,2.5541460762964824e-28,2.5541429355074887e-28,2.554142668029444e-28,2.5541426056617766e-28,2.5541423598932007e-28,2.5541423598931724e-28,2.554142364740413e-28,2.5541423647342353e-28,2.5541423632110486e-28,2.55414240758417e-28,2.5541424075943246e-28,2.5541424075943134e-28,2.5541421439423835e-28,2.55414224851689e-28,2.5541422347535206e-28,2.5541422270809066e-28,2.554142172584137e-28,2.554142270697555e-28,2.5541422618281163e-28,2.554135086633565e-28,2.5541361751538275e-28,2.55413790658925e-28,2.55413700147769e-28,2.5541370014776896e-28,2.5541373361897844e-28,2.5541315118202602e-28,2.5541315396844946e-28,2.5541315396844946e-28,2.55413029079173e-28,2.5541302907919942e-28,2.5541302907919673e-28,2.5541377847692646e-28,2.554183361454283e-28,2.5541833616268804e-28,2.5541816152798726e-28,2.554184638916346e-28,2.554184426390554e-28,2.554184669364103e-28,2.5541855532614247e-28,2.554187377124686e-28,2.5541832543749757e-28,2.554183254374975e-28,2.554183331068829e-28,2.5541833892553854e-28,2.5541833918828604e-28,2.554183337380837e-28,2.5541833373808386e-28,2.5541833370977046e-28,2.5541937552441114e-28,2.554193914290566e-28,2.5541939825781433e-28,2.554193982578332e-28,2.5541939694915887e-28,2.5541939319764935e-28,2.5541938986921443e-28,2.5541978380559776e-28,2.554197838053854e-28,2.554197838053854e-28,2.554197838053854e-28,2.5541978455906177e-28,2.5541979686208674e-28,2.5541978021350533e-28,2.554197802135052e-28,2.5541974565724884e-28,2.5541975789927073e-28,2.5541975898820493e-28,2.55419789812171e-28,2.554197898121752e-28,2.554195897176711e-28,2.554195819505774e-28,2.554195819505775e-28,2.5541960787585083e-28,2.5541960890951947e-28,2.5541960890951956e-28,2.5541945149977174e-28,2.5541954104246896e-28,2.554195301170733e-28,2.554195304217594e-28,2.554195238111724e-28,2.554195227844535e-28,2.5541952278443873e-28,2.5541952278443823e-28,2.5541953002687706e-28,2.55419522799818e-28,2.554195197824891e-28,2.5541951583255476e-28,2.5541951583255516e-28,2.5541946918913366e-28,2.5541947777712152e-28,2.554194789113216e-28,2.554194780089186e-28,2.5541947801865915e-28,2.5541948201382214e-28,2.554194760126122e-28,2.554194753127358e-28,2.554194753127358e-28,2.554194813474229e-28,2.5541952968502355e-28,2.5541726196948173e-28,2.5541726196950307e-28,2.5541726197046058e-28,2.5541726197780737e-28,2.554172619778105e-28,2.5541735621752458e-28,2.5541735621752453e-28,2.5541735621752453e-28,2.5541735621752458e-28,2.5541735524544764e-28,2.554179955221458e-28,2.554180016326625e-28,2.554180042124448e-28,2.5541800431415957e-28,2.5541800431047664e-28,2.5541802366700922e-28,2.5541860665707423e-28,2.5541908077265086e-28,2.5541908185991986e-28,2.554190299340658e-28,2.5541902989755593e-28,2.554190502340798e-28,2.554190506280132e-28,2.5541921316551202e-28,2.5541921310378736e-28,2.5541923801688175e-28,2.5541902134210644e-28,2.5541901354825707e-28,2.554191846517483e-28,2.554191846402874e-28,2.554191846402873e-28,2.5541918464028736e-28,2.5541918464028722e-28,2.554191862912216e-28,2.5541918547707496e-28,2.55419185504009e-28,2.5541918550360156e-28,2.554191688525464e-28,2.554192390072395e-28,2.55419380876017e-28,2.5541936269994252e-28,2.554194795876095e-28,2.554194774073398e-28,2.5541947738282694e-28,2.554196670689355e-28,2.55419668646308e-28,2.5541966218573533e-28,2.5541966218573533e-28,2.5541966218573515e-28,2.55419662185739e-28,2.5541966076171265e-28,2.5541966076171274e-28,2.5541988984617887e-28,2.5541989161674674e-28,2.554198915340196e-28,2.5541989156537213e-28,2.554198915423197e-28,2.5541989154231976e-28,2.5541989154231976e-28,2.554199042404511e-28,2.5541991765529764e-28,2.554199176420512e-28,2.5541991497533733e-28,2.5541991497533747e-28,2.554199541377742e-28,2.5541995429640845e-28,2.554199542964085e-28,2.554199528883623e-28,2.554199531089383e-28,2.554199531089379e-28,2.554199531089379e-28,2.5541995310954758e-28,2.5541995306346405e-28,2.554199514793783e-28,2.5541995128605497e-28,2.554199512860537e-28,2.5542000461519013e-28,2.554203063654827e-28,2.554203063654826e-28,2.554203063654825e-28,2.5542031385486467e-28,2.554203035986879e-28,2.5542029942748584e-28,2.554203074619517e-28,2.5542030727427914e-28,2.554203175409812e-28,2.554203175323754e-28,2.5542030620038637e-28,2.554203062003864e-28,2.5542030620038575e-28,2.5542053946961203e-28,2.5542054508193256e-28,2.554205283407079e-28,2.5542052821316756e-28,2.5542052201404812e-28,2.554205298134302e-28,2.554207410050237e-28,2.5542074063605266e-28,2.5542082563318267e-28,2.554208702073936e-28,2.554208753348774e-28,2.5542087723243e-28,2.5542087546843015e-28,2.5542086924130408e-28,2.5542088100188623e-28,2.554208810682417e-28,2.5542088106824186e-28,2.554208810482604e-28,2.554208810482578e-28,2.5542078674347095e-28,2.5542079749213284e-28,2.554207953419756e-28,2.554207960814303e-28,2.5542079667477266e-28,2.5542084030371857e-28,2.554229604688527e-28,2.5542296089871735e-28,2.554229606642704e-28,2.5542296065722457e-28,2.554229606296713e-28,2.554233595687412e-28,2.5542331681591426e-28,2.5542332281914374e-28,2.553951368807889e-28,2.553951368807886e-28,2.5539513082612247e-28,2.5539632844167676e-28,2.5539632844167667e-28,2.553963283563219e-28,2.5539632835632087e-28,2.5539655256217643e-28,2.5539655305722567e-28,2.5539655161669327e-28,2.5539655163230257e-28,2.5539655161532283e-28,2.553964982390649e-28,2.553964983218781e-28,2.5539649853439757e-28,2.5539648540484897e-28,2.553963473316502e-28,2.5539634747468504e-28,2.5539637030873446e-28,2.553963532556495e-28,2.5539635325564917e-28,2.553963535517765e-28,2.5539635354024387e-28,2.5539635354024383e-28,2.553963535107696e-28,2.5539624562462955e-28,2.553961925985634e-28,2.553961925985668e-28,2.5539613990956074e-28,2.5539613988627246e-28,2.553961398863454e-28,2.5539613986701396e-28,2.5539687310761594e-28,2.5539685764675807e-28,2.5539685792975816e-28,2.5539705466471607e-28,2.5539705466471607e-28,2.5539706372229097e-28,2.553971227473168e-28,2.553971234434779e-28,2.5539712344347783e-28,2.5539718770278285e-28,2.5539718493289703e-28,2.553971849328971e-28,2.5539638670301235e-28,2.5539638670301083e-28,2.553963692651936e-28,2.5539601829244356e-28,2.553960182924434e-28,2.5539602578473292e-28,2.5539602459383487e-28,2.553960528610532e-28,2.5539605286105323e-28,2.553960478251482e-28,2.5539604782514806e-28,2.55396049150252e-28,2.5539604750827013e-28,2.5539610105465754e-28,2.5539610194725067e-28,2.5539608852619567e-28,2.5539737150343536e-28,2.5539737150343545e-28,2.553973715034354e-28,2.5539737151600024e-28,2.553973637471916e-28,2.553973604407497e-28,2.5539736044075186e-28,2.553973604407515e-28,2.553973604407613e-28,2.5539735758497146e-28,2.553973563390027e-28,2.553972911740789e-28,2.5539729117310936e-28,2.553972911731094e-28,2.553972911731096e-28,2.5539729117310694e-28,2.553973150129848e-28,2.553973164490396e-28,2.5539731962219437e-28,2.553973307980671e-28,2.5539733110239692e-28,2.55397331102397e-28,2.553973573587228e-28,2.5539734001059574e-28,2.553973400105958e-28,2.553984595194341e-28,2.553984587143492e-28,2.553984587143492e-28,2.5539845871468697e-28,2.55398382337853e-28,2.55398413118138e-28,2.5539841311815394e-28,2.5539841310504093e-28,2.553984132297007e-28,2.5539841322970075e-28,2.5539841322970115e-28,2.5539845420009003e-28,2.553984528993766e-28,2.553982847046977e-28,2.553983733626605e-28,2.5539850678207456e-28,2.5539850678205227e-28,2.5539854525328152e-28,2.5539854525328152e-28,2.5539854117167586e-28,2.553985418493079e-28,2.55398549197788e-28,2.553985318911886e-28,2.553985304532269e-28,2.5539847801691778e-28,2.5539844272919793e-28,2.5539844272919793e-28,2.5539844272919797e-28,2.5539828817788996e-28,2.5539828791252717e-28,2.5539827286989644e-28,2.553982729461505e-28,2.5539682210086536e-28,2.553968221008636e-28,2.5539681527726245e-28,2.553968143573092e-28,2.5539682050398666e-28,2.553966735953128e-28,2.5539667359531295e-28,2.5539667405826497e-28,2.553966807636388e-28,2.553966807636388e-28,2.5539668193790923e-28,2.5539450754443685e-28,2.553944778433811e-28,2.553945092582551e-28,2.5539450125835704e-28,2.5539449342042354e-28,2.553944934204236e-28,2.553944727240044e-28,2.553944906789947e-28,2.5539447292688855e-28,2.553945362642822e-28,2.5539453085085873e-28,2.553945131146913e-28,2.5539446985444705e-28,2.5539461769081326e-28,2.553946376624093e-28,2.5539459958369144e-28,2.5539458615569703e-28,2.553945372947795e-28,2.5539454085472327e-28,2.5539454063453758e-28,2.553945433700875e-28,2.553947461877272e-28,2.553947435484094e-28,2.553947431701363e-28,2.5539473645915905e-28,2.5539473862163687e-28,2.553947680691977e-28,2.5539477033133315e-28,2.553947703742241e-28,2.5539477369822633e-28,2.5539477369822633e-28,2.5539477391396253e-28,2.55394890175674e-28,2.553948921501377e-28,2.5539489215013776e-28,2.5539488788019144e-28,2.553948550665746e-28,2.5539487263401657e-28,2.553948752224198e-28,2.5539486680342477e-28,2.5539487001225768e-28,2.553950208852041e-28,2.553949117405351e-28,2.5539491174053526e-28,2.5539491212349654e-28,2.553949097112991e-28,2.5539490971120204e-28,2.5539491157915092e-28,2.553949071665789e-28,2.5539491039009604e-28,2.553949103900961e-28,2.553949116637662e-28,2.5539491152392317e-28,2.5539491054958327e-28,2.553949105495832e-28,2.5539479637841762e-28,2.5539479641169203e-28,2.55394796081094e-28,2.553944676377966e-28,2.5539446763779637e-28,2.553937679116328e-28,2.5539376791243697e-28,2.553937679124369e-28,2.55393767932355e-28,2.5539376793235504e-28,2.5539376807623512e-28,2.5539376683133623e-28,2.553937665892691e-28,2.55393766592141e-28,2.5539376641858227e-28,2.553937634862072e-28,2.5539376348603013e-28,2.553937174227139e-28,2.553937170728874e-28,2.5539371740299825e-28,2.553937174029983e-28,2.5539399887760163e-28,2.553939967528874e-28,2.5539395724718127e-28,2.5539393435336708e-28,2.5539393435336708e-28,2.5539392031064307e-28,2.553939887427934e-28,2.553939854691601e-28,2.553941225647216e-28,2.5539412256472143e-28,2.553928878691345e-28,2.553928870771149e-28,2.5539288708065044e-28,2.553928870806587e-28,2.5539289032670784e-28,2.55393104162481e-28,2.5539310650070683e-28,2.5539310640247926e-28,2.5539310640349793e-28,2.553931066824036e-28,2.553931174491558e-28,2.553931197443056e-28,2.5539311994605834e-28,2.553931199460579e-28,2.553931167139859e-28,2.553931169772325e-28,2.553931206609139e-28,2.5539312066091387e-28,2.5539312148164514e-28,2.553931199502121e-28,2.5539311995021215e-28,2.5539302458746637e-28,2.5539302458746632e-28,2.5539303178507316e-28,2.553930318051348e-28,2.5539303398898883e-28,2.553930337097645e-28,2.553930277996915e-28,2.553930229646528e-28,2.5539302299568853e-28,2.553930232874387e-28,2.553929724183682e-28,2.5539320934799604e-28,2.5539322233106757e-28,2.5539322233106757e-28,2.5539322222419585e-28,2.553932250220797e-28,2.5539305966828093e-28,2.5539301624530895e-28,2.553930162453089e-28,2.5539301206800267e-28,2.553930180861112e-28,2.5539301808611125e-28,2.553930221286014e-28,2.5539272456865227e-28,2.553927244609618e-28,2.5539272446096058e-28,2.5539271025653672e-28,2.553927102565366e-28,2.5539271090609793e-28,2.553927109060979e-28,2.5539271701980946e-28,2.553927150925556e-28,2.553926922473311e-28,2.5539269739627787e-28,2.553926973962779e-28,2.553926964393358e-28,2.553926865355826e-28,2.5539229063685695e-28,2.553927200017149e-28,2.5539273398969673e-28,2.553927493279891e-28,2.553904187582864e-28,2.553905386903927e-28,2.5539057780228223e-28,2.5539083027219446e-28,2.5539083027219424e-28,2.5539083024994113e-28,2.553896286907039e-28,2.5538963075216117e-28,2.553896307524859e-28,2.553896283669894e-28,2.5538940994965954e-28,2.5538940994966026e-28,2.5538940952506597e-28,2.5538940950599145e-28,2.5538856010763766e-28,2.5538855372545797e-28,2.5537100998717295e-28,2.553714716994676e-28,2.5536547367481424e-28,2.5536364978159674e-28,2.5536364851877844e-28,2.5536364851869333e-28,2.553636489260917e-28,2.5536364109413955e-28,2.553636399918209e-28,2.553634316178978e-28,2.553634319287989e-28,2.553633062474679e-28,2.553636949641368e-28,2.5536366681440526e-28,2.553636668144048e-28,2.553636783464084e-28,2.5536359615240864e-28,2.5536358147348755e-28,2.5536350918962835e-28,2.5536352049474742e-28,2.5536338448362614e-28,2.553622165883887e-28,2.553622099740487e-28,2.5536220701785384e-28,2.5536697739753855e-28,2.5536699728159435e-28,2.5536699895452643e-28,2.553669989545251e-28,2.5536699963697937e-28,2.553670162951711e-28,2.5536701629520768e-28,2.553669746296803e-28,2.553669754260754e-28,2.553669585098559e-28,2.553670051101146e-28,2.553670051203295e-28,2.5536700512045254e-28,2.553670051395028e-28,2.55367005149828e-28,2.5536700515037235e-28,2.5536700517751615e-28,2.5536700517748947e-28,2.553670051774895e-28,2.5536700517758525e-28,2.553670051775874e-28,2.553670046136226e-28,2.553670052174604e-28,2.553669916814253e-28,2.553669915010686e-28,2.5536706561106583e-28,2.5536706559561644e-28,2.553670734013149e-28,2.5536707483477115e-28,2.553670754488025e-28,2.553670757187195e-28,2.553671086765383e-28,2.5536799328894793e-28,2.5536804280284275e-28,2.5536804280284292e-28,2.5536797148984796e-28,2.553679715525292e-28,2.553679718355461e-28,2.553679717628885e-28,2.553677342707903e-28,2.5536773711874406e-28,2.5536773976477627e-28,2.5536773976477066e-28,2.553677341866423e-28,2.5536773417181352e-28,2.5536773449475574e-28,2.5536779795857914e-28,2.553677967115232e-28,2.5536779671101738e-28,2.5536779762132853e-28,2.553677963246085e-28,2.5536779632636193e-28,2.553677954246445e-28,2.553678150969829e-28,2.553677892048635e-28,2.553673677695063e-28,2.5536736807319757e-28,2.553672346001285e-28,2.5536723460113726e-28,2.5536720574216496e-28,2.553671605908463e-28,2.553671115598915e-28,2.5536711155989135e-28,2.553671128739917e-28,2.5536711329675847e-28,2.5536809718010396e-28,2.553680969483923e-28,2.553680616648883e-28,2.553680628208408e-28,2.5536848222764567e-28,2.5536848345349883e-28,2.5537872719524873e-28,2.5536870474253488e-28,2.5536870469242467e-28,2.553687025428451e-28,2.5536870891267956e-28,2.5536870891267956e-28,2.553667634350583e-28,2.5536652118682642e-28,2.553665231236995e-28,2.553665238189217e-28,2.5536653740527656e-28,2.5536653740527642e-28,2.5536653767567187e-28,2.553665377377268e-28,2.5536654539931575e-28,2.5536654540022302e-28,2.553665454002058e-28,2.5536654539843775e-28,2.5536654539865613e-28,2.5536654539867545e-28,2.553665454062085e-28,2.553665445121249e-28,2.5536653937399615e-28,2.5536653607718377e-28,2.5536698494667955e-28,2.5536698495994283e-28,2.5536698495567876e-28,2.553669849556787e-28,2.55366985022748e-28,2.55366985021742e-28,2.5536698469312915e-28,2.5536698463407206e-28,2.5536698461244714e-28,2.5536698461244714e-28,2.5536698461309747e-28,2.5536698467374863e-28,2.553669846797502e-28,2.553669845888467e-28,2.553669846982312e-28,2.553669846982311e-28,2.5536699325840826e-28,2.553669934896648e-28,2.5536699348966475e-28,2.5536701088531577e-28,2.5536702750895402e-28,2.5536702789191477e-28,2.553670280384306e-28,2.5536703905007705e-28,2.5536703905007705e-28,2.5536751437458243e-28,2.553675143745861e-28,2.5536751445028286e-28,2.5536751444810692e-28,2.5536751229569504e-28,2.553675122956951e-28,2.5536751229569504e-28,2.5536919718758526e-28,2.553696268059667e-28,2.5536962680596567e-28,2.5536919909510775e-28,2.5536919909510775e-28,2.553691988839051e-28,2.5536919888390226e-28,2.553701951439598e-28,2.5537019576087274e-28,2.5537019575333694e-28,2.5537020934875437e-28,2.5537020934875024e-28,2.553702074177678e-28,2.5537020741776777e-28,2.553703894744868e-28,2.5537038914986946e-28,2.5537043513846378e-28,2.553684116645675e-28,2.5536753605385793e-28,2.5536753605386277e-28,2.553678537333758e-28,2.5535523120944856e-28,2.553552311919844e-28,2.553474463969479e-28,2.553473731621171e-28,2.553473858872751e-28,2.5534738402743956e-28,2.5534725288929943e-28,2.5534361154647236e-28,2.5534235570159885e-28,2.5534233253012277e-28,2.5534233298855094e-28,2.553424296826837e-28,2.553424296826837e-28,2.5534230859586284e-28,2.5534230859588343e-28,2.5534230860141943e-28,2.553448841138944e-28,2.553432476575306e-28,2.5534325729589366e-28,2.5534328874291024e-28,2.5534402701370856e-28,2.5534402213125414e-28,2.5534402220393736e-28,2.5534406024218974e-28,2.553991783494922e-28,2.553991812748212e-28,2.553991832631866e-28,2.553991587953398e-28,2.553991496197242e-28,2.553991496230555e-28,2.553991496230555e-28,2.554000182523743e-28,2.554000137728117e-28,2.5540000269601752e-28,2.5540000271961225e-28,2.553999953826912e-28,2.553999953826853e-28,2.5540000094857565e-28,2.5539999701675327e-28,2.55399997016754e-28,2.5539978137023917e-28,2.553997812989719e-28,2.5539978032481886e-28,2.5539978025063313e-28,2.5538749354642837e-28,2.553874939621041e-28,2.5538718313177544e-28,2.553869854723599e-28,2.553869854723606e-28,2.5538698541453914e-28,2.5538708783268533e-28,2.5538708783268542e-28,2.553870877357402e-28,2.553870877357413e-28,2.5538707595594303e-28,2.553870759559409e-28,2.553869167877713e-28,2.553872680165229e-28,2.5538726787517384e-28,2.553870930609267e-28,2.5538707808297284e-28,2.553872190332575e-28,2.5538721593226777e-28,2.5538721712811095e-28,2.5538722026090954e-28,2.5538722026090954e-28,2.5538719325872424e-28,2.5538714198490376e-28,2.5538714181342626e-28,2.5538714246965097e-28,2.553871424528743e-28,2.55387143034618e-28,2.5538714303461863e-28,2.553871683056136e-28,2.553871760724891e-28,2.5538717605849014e-28,2.5538729245666356e-28,2.553872924566611e-28,2.553872955286159e-28,2.55387295282178e-28,2.553872952821463e-28,2.5538794597066057e-28,2.553879394583562e-28,2.553879394366053e-28,2.5538793943664717e-28,2.553879840603411e-28,2.553879838019391e-28,2.5538798364757493e-28,2.5538810556216388e-28,2.553881055621639e-28,2.5538810556219823e-28,2.5539815548694405e-28,2.553981573460376e-28,2.553981444938944e-28,2.5539694443585165e-28,2.553969800053239e-28,2.553969800053239e-28,2.553969800053224e-28,2.5539695375949223e-28,2.5539696008056643e-28,2.5539695864687927e-28,2.553969711895836e-28,2.553969627678118e-28,2.553962471082537e-28,2.5539624710825364e-28,2.5539644551924806e-28,2.553963073234808e-28,2.5539632448722177e-28,2.5539632448722155e-28,2.5539632865739327e-28,2.5539637200873832e-28,2.5539636226043713e-28,2.5539667150284135e-28,2.5539667097260817e-28,2.5539669191486857e-28,2.553966918800002e-28,2.553967041801338e-28,2.553966947540055e-28,2.5539675474238906e-28,2.5539675491929234e-28,2.5539347313183343e-28,2.5539347016743244e-28,2.5539346978317367e-28,2.553933286280782e-28,2.5539332862808015e-28,2.5539304946848165e-28,2.55392340712326e-28,2.5539273951104796e-28,2.553927382963434e-28,2.5539252632040856e-28,2.55392526249846e-28,2.553925456711665e-28,2.5539394574645183e-28,2.553939457464527e-28,2.553939361721313e-28,2.5539384939119634e-28,2.5539385130159623e-28,2.5539385130159623e-28,2.553938512515229e-28,2.553926824311706e-28,2.553922026046951e-28,2.55392279168649e-28,2.5539227916864893e-28,2.5539235206198475e-28,2.553923517705783e-28,2.553923615063865e-28,2.553923452210127e-28,2.553942819429022e-28,2.553942768199722e-28,2.553942985695346e-28,2.5539443370037525e-28,2.5539443367723024e-28,2.5539443344036614e-28,2.5539443344036605e-28,2.5539443134526135e-28,2.553989989767705e-28,2.553989989807233e-28,2.553990175802896e-28,2.5539902165780883e-28,2.5539902382539694e-28,2.5539901247334647e-28,2.554000535321758e-28,2.5539678804092323e-28,2.5539350073275557e-28,2.5540437443326734e-28,2.5540434671292595e-28,2.554043471760893e-28,2.5540521329039608e-28,2.5540521275954054e-28,2.554056841071293e-28,2.5540497471448385e-28,2.5540494984176112e-28,2.5540481902130786e-28,2.554048190213079e-28,2.554047325723083e-28,2.554047325723073e-28,2.5540486034984535e-28,2.5540486027586657e-28,2.554075310888545e-28,2.554075814751008e-28,2.5540755106035725e-28,2.5540665939203344e-28,2.5540668046051697e-28,2.5540668277363456e-28,2.5540660127212e-28,2.554066248880466e-28,2.5540662488803713e-28,2.554066165544825e-28,2.5540661655448256e-28,2.5540784926797865e-28,2.5540784971508236e-28,2.5540784971508227e-28,2.554078490083277e-28,2.5540783780835814e-28,2.5540784123764615e-28,2.554078405620655e-28,2.5540779838844745e-28,2.5540779838847113e-28,2.5540779838847113e-28,2.5540781213529296e-28,2.5540781213529305e-28,2.5540781202518907e-28,2.5540781202522234e-28,2.5540773161289616e-28,2.554077316128949e-28,2.5540773161289495e-28,2.554077757970172e-28,2.55407775411863e-28,2.554080450089975e-28,2.5540804451700734e-28,2.554080447781683e-28,2.5540804478458422e-28,2.5540804176326685e-28,2.5540931620289615e-28,2.5540931597881386e-28,2.5540931911641045e-28,2.5540931911641085e-28,2.5540698960746797e-28,2.5540836812873617e-28,2.5540835754948642e-28,2.5540835046143382e-28,2.554087037406864e-28,2.554087106236502e-28,2.5540871053373044e-28,2.5540870125894123e-28,2.554086957591176e-28,2.5540869573889493e-28,2.55408891365513e-28,2.5540814273463556e-28,2.554081442277576e-28,2.554081328157241e-28,2.554075815902992e-28,2.554068906209093e-28,2.554068894916977e-28,2.5540717890684987e-28,2.554071780929819e-28,2.554071787230542e-28,2.554072087594694e-28,2.5540724945320045e-28,2.554065696997483e-28,2.5540657931891816e-28,2.5540657884714344e-28,2.554065788471434e-28,2.554066862870529e-28,2.5541243083306145e-28,2.5541244606212595e-28,2.554124141012608e-28,2.5541547758089737e-28,2.554154245652099e-28,2.554154703099693e-28,2.554164595347049e-28,2.554164416901317e-28,2.5541651923987742e-28,2.5541651819567183e-28,2.5541651903270565e-28,2.5541651896285152e-28,2.5541744879672786e-28,2.554174895541721e-28,2.5541748955417205e-28,2.554171381076639e-28,2.554171380335364e-28,2.5541713966565597e-28,2.554171394347996e-28,2.554171394347995e-28,2.5541714075603483e-28,2.5541713966057238e-28,2.5541713841880266e-28,2.554171099752508e-28,2.554173922798729e-28,2.5541744910781665e-28,2.5541732728471277e-28,2.554173272639511e-28,2.5541362698676306e-28,2.554136301315822e-28,2.5541364667774994e-28,2.554155588874326e-28,2.5541555014823216e-28,2.5541555001458295e-28,2.554155499387836e-28,2.5541554993335813e-28,2.5541543961222105e-28,2.5541543961222105e-28,2.554154417989598e-28,2.554154417989657e-28,2.554154417488903e-28,2.554154415315124e-28,2.554154107200745e-28,2.5541541166644505e-28,2.5541541166644496e-28,2.5541552276042586e-28,2.5541552381324843e-28,2.554155240186028e-28,2.5541552230303715e-28,2.5541552230303706e-28,2.554201524107668e-28,2.554201524107669e-28,2.55420144714135e-28,2.5542014108243793e-28,2.554201410824379e-28,2.5542014108234206e-28,2.554221470013628e-28,2.554226435965893e-28,2.554226190747271e-28,2.554226190879984e-28,2.554226260798371e-28,2.5542325744889965e-28,2.5542352850790957e-28,2.554235279835251e-28,2.5542352811691057e-28,2.554232896476448e-28,2.5542505394608206e-28,2.5542505027989673e-28,2.554255278834968e-28,2.5542583872992127e-28,2.554256114761719e-28,2.554256114761721e-28,2.554585111644186e-28,2.554579031216356e-28,2.5545797849903343e-28,2.554579647044559e-28,2.5545578360216823e-28,2.5545578207430345e-28,2.5545578333462726e-28,2.5545576526290085e-28,2.5545576526545175e-28,2.5545568967980683e-28,2.5545579355318955e-28,2.554606178185774e-28,2.55460531954759e-28,2.554607130073671e-28,2.5546070374201697e-28,2.554610291702226e-28,2.5546101436611497e-28,2.554610217964689e-28,2.55460979803801e-28,2.55460979803801e-28,2.5546112042201377e-28,2.554611203945643e-28,2.5546248135827128e-28,2.554624419550205e-28,2.554624419550205e-28,2.5546400513355024e-28,2.5546400936395914e-28,2.5546400941487107e-28,2.5546400850149855e-28,2.5546400850149913e-28,2.554640375299456e-28,2.5546403752994563e-28,2.5546326825832057e-28,2.55463260182502e-28,2.554631149899363e-28,2.554631150193678e-28,2.554577987240159e-28,2.554577986921672e-28,2.554589362612386e-28,2.5545909867108233e-28,2.5545909138345277e-28,2.5545909210281057e-28,2.5545830195533773e-28,2.554557592542966e-28,2.5544403902857912e-28,2.5544403902857917e-28,2.5544403872720467e-28,2.5544400083144296e-28,2.554456495163265e-28,2.554456496073461e-28,2.5544511129487117e-28,2.5544364320842588e-28,2.5544364337621937e-28,2.5544364337618014e-28,2.55443604647162e-28,2.5544360393787867e-28,2.5544327753826453e-28,2.554437765317972e-28,2.5544461311909987e-28,2.5544434369890554e-28,2.5544434998513678e-28,2.5544434297876015e-28,2.5544437823494168e-28,2.5543973785344493e-28,2.554397378534449e-28,2.554463622130671e-28,2.554487235411924e-28,2.5544872359562856e-28,2.554448137477018e-28,2.554448137477101e-28,2.554448139461026e-28,2.554447767738595e-28,2.5544477677402613e-28,2.5544477677402635e-28,2.554447775283622e-28,2.5544477752836218e-28,2.5544475660402235e-28,2.5544475657237224e-28,2.554499485456643e-28,2.5544934173811687e-28,2.554493403316174e-28,2.5544937641793017e-28,2.5544949391107314e-28,2.554496604526394e-28,2.5544950433415537e-28,2.554490844617228e-28,2.554490845628198e-28,2.5544912173526726e-28,2.554491164597462e-28,2.554490549382173e-28,2.5544965667922657e-28,2.5544965667923114e-28,2.554496279831877e-28,2.554496219581914e-28,2.554498118792978e-28,2.554498118792945e-28,2.554506010758749e-28,2.5545059704406655e-28,2.5545059704406655e-28,2.5544893839057624e-28,2.554489383905791e-28,2.5544891580879386e-28,2.554489166308513e-28,2.5544921716980427e-28,2.554492171698043e-28,2.5544921713345244e-28,2.5544921713345244e-28,2.5544923400984287e-28,2.554491617693604e-28,2.554491594728108e-28,2.554492272702597e-28,2.554492272702779e-28,2.5544923424946554e-28,2.554466408223931e-28,2.554062497190837e-28,2.554064219723926e-28,2.5540544262739143e-28,2.554054426273637e-28,2.554054904555336e-28,2.554057580866517e-28,2.554054387927783e-28,2.5540543879277836e-28,2.5540551834672825e-28,2.55405414192808e-28,2.5540541419280992e-28,2.5538145711502285e-28,2.553815161446059e-28,2.5536437518601582e-28,2.553643753383317e-28,2.5536446754207176e-28,2.553644725884515e-28,2.553645027847471e-28,2.553645027847469e-28,2.5536450291095693e-28,2.5536450261596566e-28,2.553645057169721e-28,2.553641675156414e-28,2.5536416751564132e-28,2.553640228698444e-28,2.5536388621059357e-28,2.55363603082444e-28,2.5536059669930303e-28,2.55364162944511e-28,2.553641874592462e-28,2.553653632595079e-28,2.5536353239146153e-28,2.5536318487687823e-28,2.553655873944008e-28,2.5536559257439394e-28,2.553659013708572e-28,2.55365821132983e-28,2.5536844233630894e-28,2.5536881351134854e-28,2.553688135113907e-28,2.5536880512635354e-28,2.553688051263535e-28,2.553688051264027e-28,2.55368806057495e-28,2.553677473657163e-28,2.5536781391288025e-28,2.5538487480730705e-28,2.5532155779071e-28,2.5532153576389356e-28,2.553219864785137e-28,2.553219739745577e-28,2.553219778745301e-28,2.553219778745301e-28,2.5532197829728426e-28,2.5532199435899107e-28,2.5532208058918463e-28,2.5532209858912654e-28,2.5532209810627186e-28,2.5532209830833108e-28,2.5532207834926186e-28,2.5532207803968857e-28,2.553221008157986e-28,2.5532218350386903e-28,2.553221839160858e-28,2.553221877746402e-28,2.5532218776869804e-28,2.5532218993377506e-28,2.5532218886450456e-28,2.5532216206474587e-28,2.55322224998657e-28,2.553222409809451e-28,2.5532292104730525e-28,2.553211404580183e-28,2.5532114242112277e-28,2.5532115346967778e-28,2.5532113498891055e-28,2.553216574774095e-28,2.553216574774097e-28,2.553218068231222e-28,2.553218050742877e-28,2.553219876221788e-28,2.5532639540769345e-28,2.553276429006034e-28,2.5532764296101354e-28,2.553484626807003e-28,2.5534848155317985e-28,2.553786534718968e-28,2.5537849654232385e-28,2.5537849620282686e-28,2.5537857588689594e-28,2.5537857408108377e-28,2.5537856282936336e-28,2.5537856732729776e-28,2.55378567353638e-28,2.5537845177808956e-28,2.5537845808885226e-28,2.5537842505465042e-28,2.553784250546506e-28,2.5538095874492364e-28,2.553809549601958e-28,2.5538092054130562e-28,2.55380920541306e-28,2.553809204700915e-28,2.5538131394361267e-28,2.553822127863508e-28,2.553825349901498e-28,2.553822807831502e-28,2.5538222042898502e-28,2.553821626994005e-28,2.5538207386515355e-28,2.5538494383757067e-28,2.553850014023503e-28,2.553853453419289e-28,2.553864530071371e-28,2.553864530071358e-28,2.5538645271787186e-28,2.5538235858080697e-28,2.553821374569234e-28,2.5538219530215993e-28,2.553821537358319e-28,2.5538274110924614e-28,2.5538397287604816e-28,2.5538397289403716e-28,2.5538418380884454e-28,2.553841838317559e-28,2.553841841819568e-28,2.5538421581136e-28,2.5538403628526438e-28,2.5538374838789293e-28,2.5538397420182583e-28,2.5538382988600256e-28,2.553838224029566e-28,2.55383871925168e-28,2.553840588263586e-28,2.5538405882377376e-28,2.5538405882377628e-28,2.553840587975468e-28,2.553840587836187e-28,2.5538405878361735e-28,2.5538411018431126e-28,2.553842808302001e-28,2.5538428587294127e-28,2.5538391841955394e-28,2.5538391811187647e-28,2.553823582604979e-28,2.5538234994223816e-28,2.5538084483443727e-28,2.5538076957400413e-28,2.5538076315119e-28,2.5538076315119006e-28,2.553807578294721e-28,2.553807578296013e-28,2.553811539842446e-28,2.553810875969029e-28,2.5538108731613637e-28,2.5537940205843366e-28,2.553799247126054e-28,2.5537992326031663e-28,2.5537992326031887e-28,2.5537992378365142e-28,2.553799240950013e-28,2.55379924131073e-28,2.5537995843436063e-28,2.5537995832584457e-28,2.5537995832629985e-28,2.5537615349616885e-28,2.553761519095233e-28,2.553761517895314e-28,2.5537021773667106e-28,2.553702177340075e-28,2.55370233013526e-28,2.55370229844231e-28,2.553451983216674e-28,2.5534519896096805e-28,2.5533979199267065e-28,2.553389195254976e-28,2.5533925425282706e-28,2.553392542528106e-28,2.553407642038258e-28,2.55340727614846e-28,2.553425539718734e-28,2.5535021519262467e-28,2.5535021519262467e-28,2.5535021444979017e-28,2.5535047198570732e-28,2.553531576052132e-28,2.553491283979335e-28,2.5536054997128454e-28,2.5534653497545527e-28,2.5534653056235866e-28,2.553452730007732e-28,2.5534528145373077e-28,2.5534370785371124e-28,2.5534455455785654e-28,2.5534419497812714e-28,2.553444609106554e-28,2.5534444877934076e-28,2.5534452128214883e-28,2.553445726767372e-28,2.5533727594069528e-28,2.5533808253483946e-28,2.553380826493192e-28,2.5533808264931935e-28,2.5533835274239716e-28,2.553383535215139e-28,2.5533831255893e-28,2.5533835669978267e-28,2.55338358933298e-28,2.55338358933298e-28,2.553384931074259e-28,2.553385050303639e-28,2.5533862094612675e-28,2.553385837473887e-28,2.553385838012368e-28,2.5533398341598683e-28,2.553339834158813e-28,2.5533324622601427e-28,2.5533324929270712e-28,2.553332492927063e-28,2.5533241276042137e-28,2.5532955125385345e-28,2.5532942425171846e-28,2.553292504899172e-28,2.5532791445115995e-28,2.5532791445116004e-28,2.553280538663088e-28,2.553297727630642e-28,2.5533011409754694e-28,2.5532993538903054e-28,2.5532975718898625e-28,2.553538723031376e-28,2.5535387230313757e-28,2.5535387230313676e-28,2.553538723032415e-28,2.553536592075639e-28,2.553536617325681e-28,2.5535366599601536e-28,2.5535366677688164e-28,2.5535366668311325e-28,2.553536720229667e-28,2.5540680512718086e-28,2.5540864916186153e-28,2.554086253236641e-28,2.554085835864222e-28,2.554085799349431e-28,2.5539983957607123e-28,2.5542339525050985e-28,2.5542060796533298e-28,2.554206391400928e-28,2.554206440189836e-28,2.554193771808295e-28,2.5541869766612626e-28,2.554252625902338e-28,2.5544165691598925e-28,2.5544150238947324e-28,2.5544211962428407e-28,2.5542751903223554e-28,2.5542751851025235e-28,2.5543502096750387e-28,2.554350672751244e-28,2.554360158864887e-28,2.554360158853648e-28,2.554360265202068e-28,2.55436026563132e-28,2.554351323328362e-28,2.5543527282663266e-28,2.5543382689417386e-28,2.5543384058379545e-28,2.554344327755879e-28,2.554413910354198e-28,2.5544117377358477e-28,2.554415871238013e-28,2.5544163138252205e-28,2.5544287489989486e-28,2.554428750070814e-28,2.554461878688883e-28,2.5546195138950697e-28,2.554631156833816e-28,2.554632587821778e-28,2.5546339624413147e-28,2.554633946232104e-28,2.554636760230244e-28,2.554620623778316e-28,2.5546207085861934e-28,2.5546208321793767e-28,2.5546208292400534e-28,2.554620802056128e-28,2.5546227981530516e-28,2.554622796708695e-28,2.554625798563705e-28,2.554624776812247e-28,2.5546241413131807e-28,2.554624619175685e-28,2.554624619175659e-28,2.554624278594462e-28,2.5546208185178095e-28,2.5546219122906575e-28,2.5546219179700875e-28,2.554621980215761e-28,2.5546219802157505e-28,2.55462198021575e-28,2.5546219139760806e-28,2.554621913975961e-28,2.55462194494979e-28,2.554621946740717e-28,2.554621946740717e-28,2.5546219467407166e-28,2.554621888094401e-28,2.554621872356129e-28,2.5546173032517916e-28,2.554617303251792e-28,2.5546173032517875e-28,2.5546173141880015e-28,2.5546204922530634e-28,2.5546204984425556e-28,2.5546119036239662e-28,2.5546112260962475e-28,2.554608671401318e-28,2.554608615963186e-28,2.5546086139755614e-28,2.554592773865293e-28,2.554594912465597e-28,2.554594924484282e-28,2.5545948937884543e-28,2.5545885956028135e-28,2.5545885954500423e-28,2.554587664892834e-28,2.554587664926036e-28,2.554588135102976e-28,2.554597058671194e-28,2.5545988944319555e-28,2.5545990624784e-28,2.5545976886145427e-28,2.554597706798023e-28,2.554597760418733e-28,2.5546143902189426e-28,2.554614402200439e-28,2.5546143450761045e-28,2.5546139109146887e-28,2.5545960408430667e-28,2.554618979105369e-28,2.554618979105383e-28,2.5545477593750196e-28,2.554551206531416e-28,2.554551206531416e-28,2.5545402980779083e-28,2.5545970606539317e-28,2.5545934997625402e-28,2.5545934997625407e-28,2.5545922562973034e-28,2.5545910029645e-28,2.5545914335976664e-28,2.5545949362857965e-28,2.554593651821511e-28,2.5545921690664955e-28,2.554592659422418e-28,2.5545926594223725e-28,2.5545973077887804e-28,2.5545982493211414e-28,2.554598249319585e-28,2.554598759572614e-28,2.554598928110038e-28,2.554602777394891e-28,2.5546027773948906e-28,2.554602785330029e-28,2.554602785330003e-28,2.5546129919105905e-28,2.554609791422742e-28,2.554610437496587e-28,2.554610433422032e-28,2.5546101857730093e-28,2.5546101857730124e-28,2.5545978709978744e-28,2.554592638189913e-28,2.5545926381899157e-28,2.554629654881012e-28,2.554629641653151e-28,2.554627247371254e-28,2.554627881293892e-28,2.5546279071452245e-28,2.5546279071188397e-28,2.554627917478838e-28,2.5546280726000022e-28,2.55463088507048e-28,2.5546309992445134e-28,2.554630999243556e-28,2.5546309711429955e-28,2.554632914446745e-28,2.5546343105853015e-28,2.5546344026168794e-28,2.5546324731494317e-28,2.5546324192384754e-28,2.5546305114847774e-28,2.5546124128642337e-28,2.5546107738972994e-28,2.554610741891489e-28,2.5546076575336375e-28,2.554579452469752e-28,2.5545794739397386e-28,2.554578661771715e-28,2.5545786643099608e-28,2.5545831237528217e-28,2.554583097094425e-28,2.554578489315668e-28,2.554496620988414e-28,2.554496620988412e-28,2.554498627279715e-28,2.5544992667302697e-28,2.554513870220526e-28,2.554503470610653e-28,2.5545038720702494e-28,2.554503813854034e-28,2.554503798403298e-28,2.5545039895774187e-28,2.5545039895839113e-28,2.5545085568586998e-28,2.5545085150164635e-28,2.5545065168670616e-28,2.5544936963816776e-28,2.554397454423775e-28,2.5543918041199307e-28,2.5543934200970825e-28,2.5543932379881663e-28,2.554393169500473e-28,2.5543933519773687e-28,2.5543999946165564e-28,2.5544024711133976e-28,2.5544024711134016e-28,2.55444674081814e-28,2.5544467408199397e-28,2.5544467444380883e-28,2.554457149849824e-28,2.554451600605228e-28,2.5544516006052274e-28,2.5544589997106883e-28,2.5544590254234716e-28,2.554459341808595e-28,2.554307134435953e-28,2.5546447541344796e-28,2.5546440704065416e-28,2.5545879383459514e-28,2.5545881958653764e-28,2.554582403991078e-28,2.554582404577911e-28,2.55458240457751e-28,2.554582575835675e-28,2.5545825763266352e-28,2.554582576326644e-28,2.554578241415077e-28,2.554578162263511e-28,2.5545781658412445e-28,2.5545747928568415e-28,2.5545748039261367e-28,2.554545665029086e-28,2.5545453710527924e-28,2.554545371052762e-28,2.5545456679164856e-28,2.5545448855583808e-28,2.5545551731191814e-28,2.5545551779622084e-28,2.554555653872054e-28,2.554555211759504e-28,2.5545551724532194e-28,2.5545551724532194e-28,2.554561077040015e-28,2.554561597662872e-28,2.5545615976043784e-28,2.554584113984992e-28,2.554584113891459e-28,2.5545702345249076e-28,2.5545553101799425e-28,2.554553547980824e-28,2.5545567955134704e-28,2.554558031508024e-28,2.5545529036184293e-28,2.5545529036178738e-28,2.554554677405631e-28,2.554499548709435e-28,2.5545120139280696e-28,2.5545122097985215e-28,2.554508156379046e-28,2.5546377032428614e-28,2.5546377032429757e-28,2.554637894623066e-28,2.554637907921975e-28,2.554637773008044e-28,2.554652948769026e-28,2.554652637785261e-28,2.5546526378130645e-28,2.554656638302729e-28,2.5546566383043094e-28,2.554665133384225e-28,2.554665133384553e-28,2.55466958001729e-28,2.554669580017317e-28,2.5546695471581897e-28,2.5546687835975213e-28,2.5546687700560496e-28,2.554727209529112e-28,2.5547272095291124e-28,2.5547400528589953e-28,2.5547400604322023e-28,2.554737710487698e-28,2.5547383444711114e-28,2.5547383047927333e-28,2.554741748964997e-28,2.5547419061039704e-28,2.55474190610397e-28,2.5547419061039704e-28,2.554755973366458e-28,2.554755973365719e-28,2.5547559085247317e-28,2.5547559085246658e-28,2.5547551372572854e-28,2.554715231846085e-28,2.5547186021213984e-28,2.5547187967971723e-28,2.5547196810974427e-28,2.5547190393893306e-28,2.554698639241776e-28,2.554718910098477e-28,2.554718910102318e-28,2.5547189458174014e-28,2.554702718269885e-28,2.5547027062118956e-28,2.554697991613857e-28,2.5546958815156828e-28,2.5546972354725367e-28,2.55469691533562e-28,2.554696915335356e-28,2.5547115128530617e-28,2.5547211080937523e-28,2.5547211080937523e-28,2.5547384289614046e-28,2.5547386088363515e-28,2.554734875127662e-28,2.554734875127661e-28,2.554734878387617e-28,2.5547319820833707e-28,2.5547307182965358e-28,2.5547307251531066e-28,2.554730269307874e-28,2.554718212726857e-28,2.5547182126821517e-28,2.554741451374353e-28,2.5547533146542276e-28,2.5546776512110597e-28,2.554678936365131e-28,2.554677249021277e-28,2.554679540283418e-28,2.5546799420369638e-28,2.5546838740784457e-28,2.5546852676705084e-28,2.5546849979477047e-28,2.5546541485353583e-28,2.5546540997121495e-28,2.5546540997121535e-28,2.554630165870756e-28,2.5546301663305267e-28,2.554660391801122e-28,2.5546459768848732e-28,2.5546460230006703e-28,2.5546500492824058e-28,2.5547842469732397e-28,2.5547839880869954e-28,2.554784101947528e-28,2.5547841024318923e-28,2.554783775102218e-28,2.5547556219526152e-28,2.5547556219526166e-28,2.5547556183668283e-28,2.5547556183695565e-28,2.554756730231156e-28,2.5547567302305122e-28,2.5547605215984005e-28,2.5547557826776344e-28,2.5547555414531577e-28,2.5547319637959324e-28,2.5547079007865427e-28,2.5546868467388483e-28,2.5549056298111293e-28,2.5551011379265854e-28,2.5551010144252617e-28,2.5550890699303788e-28,2.555082185516401e-28,2.555086271120509e-28,2.5550862286378836e-28,2.5550862286378827e-28,2.555086228938786e-28,2.555160556738898e-28,2.5551612580458327e-28,2.55514547576194e-28,2.555145871543078e-28,2.5551168503321584e-28,2.555112531046634e-28,2.5551125310466595e-28,2.555111628934146e-28,2.555111556163453e-28,2.5551250084518163e-28,2.555127778029181e-28,2.555169099383995e-28,2.5551701347303223e-28,2.5548869543042553e-28,2.5548877174777784e-28,2.554839345514508e-28,2.5548392548686585e-28,2.5548396030575006e-28,2.5548393136900825e-28,2.5548414092271174e-28,2.5548391236574647e-28,2.5548392226506337e-28,2.5548392226512104e-28,2.5548385335763336e-28,2.554835103263225e-28,2.554835103263225e-28,2.554835103262889e-28,2.5548349592171407e-28,2.554868192010843e-28,2.5547525497282922e-28,2.55473763048721e-28,2.5547439676177956e-28,2.5547474564428137e-28,2.5547492367039174e-28,2.555233904234429e-28,2.5552336770308304e-28,2.5552429129605353e-28,2.5552429129605277e-28,2.555243131931003e-28,2.5552125358807046e-28,2.5552127386701e-28,2.555211605618183e-28,2.5552159105000946e-28,2.5551840307127404e-28,2.5551962761547294e-28,2.5552000720795847e-28,2.555200072079633e-28,2.5552000720796295e-28,2.5551992356533916e-28,2.5552089338642672e-28,2.5552089338651623e-28,2.5552088141523537e-28,2.5552088125909077e-28,2.5552095666329704e-28,2.555209566632945e-28,2.5552095758688927e-28,2.555209575865017e-28,2.5552095783186705e-28,2.5552095783186382e-28,2.5552093942644045e-28,2.5552084233638324e-28,2.5552249276777705e-28,2.5551575200480152e-28,2.5551573776427735e-28,2.555153789170914e-28,2.5551537891709163e-28,2.555153789170916e-28,2.555152763322304e-28,2.5551508575795494e-28,2.555150857961466e-28,2.555148399323051e-28,2.555133252752338e-28,2.555133235203446e-28,2.5551357812632215e-28,2.5554227800140616e-28,2.5554259329279003e-28,2.5554259329278994e-28,2.5554284142921873e-28,2.5554284142911425e-28,2.5554284142911425e-28,2.5554283373790414e-28,2.555428337379034e-28,2.5554283373790234e-28,2.555428572278718e-28,2.5554299705862062e-28,2.555429970641191e-28,2.5554214477139135e-28,2.5554214481262526e-28,2.555421429630326e-28,2.55542200633201e-28,2.555422021881863e-28,2.5554183986366865e-28,2.555417768384097e-28,2.555417746100667e-28,2.555417913389835e-28,2.5554149133952953e-28,2.5554239113590962e-28,2.555423902031386e-28,2.5554261737081187e-28,2.5554484853952224e-28,2.5554467479654946e-28,2.555446746462241e-28,2.5554467464622426e-28,2.5554469022941545e-28,2.55543665295851e-28,2.5554238730998833e-28,2.5554241590491824e-28,2.555424388251401e-28,2.5553583169535875e-28,2.5554405701277155e-28,2.555548527388487e-28,2.5555491010340764e-28,2.55574267375928e-28,2.555807843984298e-28,2.555813598608409e-28,2.5558192047311227e-28,2.5558192047298335e-28,2.555818836386456e-28,2.555819321627773e-28,2.555775304844488e-28,2.5557753047169315e-28,2.5557753053236287e-28,2.5558138413546554e-28,2.5557873421357644e-28,2.555787344527676e-28,2.555784938719582e-28,2.555784938719582e-28,2.5557394153703762e-28,2.5557348962915826e-28,2.5557348962916225e-28,2.5557356584661404e-28,2.555735658466141e-28,2.555682037459815e-28,2.555692264891694e-28,2.555735449842397e-28,2.5557354498423985e-28,2.555735079955774e-28,2.555735046500279e-28,2.5557340496978884e-28,2.555853414893989e-28,2.5558534745830835e-28,2.555853472640546e-28,2.5558534726405354e-28,2.5558568456696275e-28,2.5558545382179925e-28,2.5558546241941486e-28,2.555891219986302e-28,2.5559367892942517e-28,2.5559372402662493e-28,2.5559374931461925e-28,2.555937493267805e-28,2.55592726715305e-28,2.555923703406367e-28,2.555923703406407e-28,2.5559261355510756e-28,2.555925786021347e-28,2.555925786021345e-28,2.5559263573534255e-28,2.5559210494880024e-28,2.5554705753213744e-28,2.555470575321376e-28,2.5554776721300573e-28,2.5554808239771465e-28,2.555471914163894e-28,2.5554689455325465e-28,2.555469031037892e-28,2.5554690182607757e-28,2.555466287007947e-28,2.555453044470577e-28,2.5554531177595013e-28,2.5554546495607665e-28,2.555454652702204e-28,2.5554549289428156e-28,2.555433305564848e-28,2.5554344951891942e-28,2.5554340594112674e-28,2.555435447392018e-28,2.5554785698247667e-28,2.5554654944265123e-28,2.5554654944265114e-28,2.5554508344276446e-28,2.555450834428895e-28,2.555450684378954e-28,2.555450674067691e-28,2.555450674069169e-28,2.555450532025351e-28,2.555474112933451e-28,2.555477538019292e-28,2.555505296808261e-28,2.555894065647867e-28,2.5559378655573983e-28,2.5559378757818607e-28,2.555937875782207e-28,2.555938001890338e-28,2.5559380018903317e-28,2.5559380459311313e-28,2.556053435928367e-28,2.5560568007329096e-28,2.5560568007328652e-28,2.5559468715395833e-28,2.55594688705305e-28,2.5559468870530497e-28,2.555946924732471e-28,2.5559476949002583e-28,2.5559476947336706e-28,2.5556698867694996e-28,2.5556698621250398e-28,2.5560428330026016e-28,2.556045996353747e-28,2.5560605087856668e-28,2.5560444507155125e-28,2.55604439045291e-28,2.556045787987421e-28,2.5560457709800426e-28,2.55603052823658e-28,2.5560305282366767e-28,2.5560304926593997e-28,2.5560280592429435e-28,2.5560280519749797e-28,2.555982888132976e-28,2.5559386061554404e-28,2.555990901911457e-28,2.555990901911457e-28,2.5559909018415427e-28,2.555981627572923e-28,2.555981166540625e-28,2.5559808071488292e-28,2.5559817245395925e-28,2.5559833671993056e-28,2.555983367190525e-28,2.555983367190537e-28,2.555983419751083e-28,2.555984436361224e-28,2.555984448640324e-28,2.555979411121663e-28,2.555995016710417e-28,2.5559722956312095e-28,2.555965878599497e-28,2.5559619044498783e-28,2.5557372934434878e-28,2.5557377600259695e-28,2.55573774816134e-28,2.555761194813882e-28,2.5557611902546555e-28,2.5557611897105495e-28,2.555761189210359e-28,2.5557611891639866e-28,2.5557618996681294e-28,2.5557403441207357e-28,2.555741505100411e-28,2.5557419780759855e-28,2.555741978075991e-28,2.5557026371120634e-28,2.5557026371193148e-28,2.555704592753612e-28,2.5557045927535217e-28,2.5557046041338607e-28,2.5557067779424105e-28,2.5557067756946533e-28,2.5557115408091566e-28,2.555711029561257e-28,2.5556952205504366e-28,2.555693924959607e-28,2.5558227680121473e-28,2.5558232152180505e-28,2.5558231677455602e-28,2.5558121598327293e-28,2.5558075458879977e-28,2.5558075458879995e-28,2.555807545825852e-28,2.55596761287177e-28,2.5558999940681785e-28,2.5559071196058413e-28,2.5559071205379828e-28,2.5559036903795213e-28,2.5559036905487627e-28,2.5559033323641075e-28,2.555903899832707e-28,2.555903905020719e-28,2.5559036553959213e-28,2.5559036567500653e-28,2.555903656750064e-28,2.5558735716513546e-28,2.5558754115832494e-28,2.555875422475925e-28,2.555875430635642e-28,2.5558754128692773e-28,2.555875412869278e-28,2.5558869661618676e-28,2.555886871287395e-28,2.555886866169982e-28,2.555885648025694e-28,2.555905108501044e-28,2.555914708964284e-28,2.555914708910999e-28,2.5559142748154107e-28,2.555911339417751e-28,2.5559038752146765e-28,2.555903875214676e-28,2.555904639920112e-28,2.5559046355265275e-28,2.5559046134910845e-28,2.5558984154212855e-28,2.555898467292421e-28,2.555884662622278e-28,2.5558846626216508e-28,2.555884024320812e-28,2.555884220991649e-28,2.555883958044639e-28,2.55588315726984e-28,2.5558832185677116e-28,2.555881658362158e-28,2.555702154637615e-28,2.555702180520564e-28,2.5555848479522046e-28,2.5555713406480496e-28,2.555553923451582e-28,2.5555946118557604e-28,2.5555939720914318e-28,2.555687243627174e-28,2.5556872379112904e-28,2.5556872379112904e-28,2.55568723791129e-28,2.5556907150236483e-28,2.555690700318541e-28,2.5556910944702123e-28,2.555692550769269e-28,2.5556951743938126e-28,2.5556911131457707e-28,2.5557076604876965e-28,2.5557053997110767e-28,2.5557054268961158e-28,2.55570386665277e-28,2.5557019216387096e-28,2.5556996736421945e-28,2.55569954860255e-28,2.5556986080891366e-28,2.5556989761561786e-28,2.5556974288518544e-28,2.555697347200651e-28,2.5558192724183424e-28,2.555785631489784e-28,2.555787578069969e-28,2.5557874560984175e-28,2.5557757835922392e-28,2.555775743539113e-28,2.5557757435391893e-28,2.5557757386085564e-28,2.555785859928048e-28,2.555457136285568e-28,2.555457137234753e-28,2.5554632336178577e-28,2.5554639643617927e-28,2.5554639643617923e-28,2.5554684329206486e-28,2.5554479188979517e-28,2.5554478721834128e-28,2.555447166714965e-28,2.5554436668020053e-28,2.5554439204245856e-28,2.5554535959472495e-28,2.555451826122554e-28,2.555451823501603e-28,2.5554516927624047e-28,2.555451692762391e-28,2.555450828332844e-28,2.555450828332842e-28,2.555450925328399e-28,2.5554536651137714e-28,2.555452064186337e-28,2.555451718434691e-28,2.555459170350454e-28,2.5554571824709073e-28,2.555457548100542e-28,2.555618698376156e-28,2.5556186983761546e-28,2.5556489646085635e-28,2.5556489646085626e-28,2.555648585830081e-28,2.555648585830106e-28,2.5556487744087714e-28,2.555644972053803e-28,2.5556449720538525e-28,2.555625874409495e-28,2.5556244945941414e-28,2.5556244945940903e-28,2.55562465657611e-28,2.555624655597752e-28,2.555624515405767e-28,2.5556246091893896e-28,2.555624194225215e-28,2.5556225234470596e-28,2.5552711646179275e-28,2.5552712152861262e-28,2.555261165091688e-28,2.555258871787779e-28,2.5552331002517665e-28,2.555233100251767e-28,2.55523310025176e-28,2.5552321103052354e-28,2.555232070518549e-28,2.5552320705185385e-28,2.5552361819549624e-28,2.5552369143465e-28,2.55523540277437e-28,2.5549666062108377e-28,2.5549665544231243e-28,2.5549725726756426e-28,2.554978781635214e-28,2.5549788442318195e-28,2.5549815156180225e-28,2.5549815156223627e-28,2.554984936700493e-28,2.554984725389441e-28,2.554980464918697e-28,2.5549804649186866e-28,2.5549839809279703e-28,2.554983983316305e-28,2.5554425063172354e-28,2.5554393016791243e-28,2.555439301684135e-28,2.5554350904085074e-28,2.5554350179513744e-28,2.5554350178529885e-28,2.555435012115251e-28,2.555435012115289e-28,2.5554348279785846e-28,2.5554349837534773e-28,2.5554349832451907e-28,2.5554260565362468e-28,2.555418152055977e-28,2.5554181523094355e-28,2.555413982216312e-28,2.5554117900608695e-28,2.555417813039128e-28,2.555420471916472e-28,2.555420429416471e-28,2.555422227689844e-28,2.555413507164284e-28,2.5554025610121723e-28,2.55540327664078e-28,2.555398730397221e-28,2.5549342498851263e-28,2.554933066242991e-28,2.554933066242991e-28,2.554941704563069e-28,2.5549417045630696e-28,2.5549446499702712e-28,2.5549446608160393e-28,2.5549733794477876e-28,2.554973379447245e-28,2.5549683689548e-28,2.5549805393077757e-28,2.55498056295701e-28,2.5549805311749985e-28,2.554982982689795e-28,2.554986572785544e-28,2.554986572785504e-28,2.554962906725448e-28,2.5549629690399105e-28,2.5549618725490694e-28,2.5549581160602887e-28,2.554958149210526e-28,2.554956690504077e-28,2.5549569823563714e-28,2.5549569441751415e-28,2.554954818101613e-28,2.554954678090303e-28,2.554954678090325e-28,2.5549488195414937e-28,2.55495591803289e-28,2.5549568320071077e-28,2.5549568320071064e-28,2.5549535665521513e-28,2.5549536057613693e-28,2.554950502722619e-28,2.55495036483811e-28,2.5549504014470138e-28,2.5549503728953943e-28,2.5549503728953997e-28,2.5549508054902056e-28,2.554951005779708e-28,2.554951003245313e-28,2.554964181783229e-28,2.5550447771954416e-28,2.55504478401009e-28,2.555032826736533e-28,2.5550311984221686e-28,2.5550497298322892e-28,2.5550518844753445e-28,2.555051883406578e-28,2.5550615903732414e-28,2.555061624653132e-28,2.5550615309374253e-28,2.555053685276186e-28,2.5550546300351465e-28,2.555054708705746e-28,2.5550547021432283e-28,2.5550547021578274e-28,2.5550546084577733e-28,2.555044386428703e-28,2.5550445798546047e-28,2.5550448152105094e-28,2.5550450229065952e-28,2.55504655974053e-28,2.5550375822868033e-28,2.555037582863289e-28,2.5550309806262036e-28,2.5550309694180226e-28,2.5550294662161115e-28,2.55502908543856e-28,2.555029085438559e-28,2.555028779533452e-28,2.5550287795334517e-28,2.5550287562830887e-28,2.5550295456816116e-28,2.554992291703512e-28,2.5549938113917753e-28,2.5549891666805167e-28,2.5550698725147553e-28,2.555070900044203e-28,2.555078590419207e-28,2.5550785904192275e-28,2.5550635103402007e-28,2.5550635107355117e-28,2.5550423061824365e-28,2.555041802678048e-28,2.555041788482615e-28,2.555041809225126e-28,2.555041500481693e-28,2.5550422563405365e-28,2.555042233688589e-28,2.55506435080356e-28,2.555064350662901e-28,2.5550642351135397e-28,2.555064202848226e-28,2.555063894981859e-28,2.5550485996793174e-28,2.5550487132487967e-28,2.5550448340925945e-28,2.5550496173720913e-28,2.5550496173720913e-28,2.555049922327452e-28,2.555049922509133e-28,2.5550512922746664e-28,2.5550514991499344e-28,2.555051797861471e-28,2.5550515945934997e-28,2.555051594593499e-28,2.5550515495535424e-28,2.5550527971472785e-28,2.555055893217374e-28,2.555056107277407e-28,2.555056808902863e-28,2.555056803424727e-28,2.55505669447486e-28,2.55505669447486e-28,2.555056861264788e-28,2.5550705337618597e-28,2.5550705337618593e-28,2.5550705939297146e-28,2.555070593929718e-28,2.555070429507632e-28,2.555070428392159e-28,2.5550701678723557e-28,2.555078658156915e-28,2.555080407672111e-28,2.5550813559005323e-28,2.5550813883245887e-28,2.555081610684578e-28,2.5550816165495545e-28,2.555082345258049e-28,2.555079056808034e-28,2.5550790568080274e-28,2.555079056808028e-28,2.555079056807786e-28,2.5550790568074615e-28,2.5550676432363012e-28,2.5550676424478505e-28,2.555065934333879e-28,2.555065934603795e-28,2.5550682049336942e-28,2.555068645675419e-28,2.5550601389186603e-28,2.5550601221405967e-28,2.555060031384817e-28,2.555061044958669e-28,2.5550611621984196e-28,2.55506131073268e-28,2.555061742957032e-28,2.555061743107711e-28,2.555061743107711e-28,2.555062971347115e-28,2.555062975784492e-28,2.555062283338239e-28,2.555062283315083e-28,2.555062235338819e-28,2.5550622912100255e-28,2.5551255901216692e-28,2.5551255901216692e-28,2.555141784486423e-28,2.5551342506824487e-28,2.555134250682514e-28,2.555134336802719e-28,2.5551343368027206e-28,2.5551574149754785e-28,2.555162506608388e-28,2.555162490590526e-28,2.555164124874097e-28,2.555163779801767e-28,2.5551637799434944e-28,2.555163779224198e-28,2.5551637792241834e-28,2.555167932542046e-28,2.555166583150432e-28,2.5551664892942493e-28,2.5551664891173216e-28,2.555207980340503e-28,2.555209266521929e-28,2.55519928331664e-28,2.5552011290988587e-28,2.555200940678581e-28,2.555203718881852e-28,2.555202665695783e-28,2.555202577199581e-28,2.5552057733318916e-28,2.555198152666108e-28,2.5551970236054976e-28,2.555189452691365e-28,2.555191661441044e-28,2.5551921382508846e-28,2.555196123751393e-28,2.5551961257087147e-28,2.555196267950122e-28,2.5551962679501224e-28,2.5551924706807915e-28,2.555191628583676e-28,2.55519144265767e-28,2.5551912930148724e-28,2.5551962308572705e-28,2.5551962308572705e-28,2.5551707565927743e-28,2.5551694456010666e-28,2.5551694456012347e-28,2.555171018578826e-28,2.5551702092454107e-28,2.5551696987206198e-28,2.555169699444516e-28,2.555169699443656e-28,2.5551690579598576e-28,2.555169057959857e-28,2.5551690579600643e-28,2.555168898073819e-28,2.5551699122379403e-28,2.55517029955625e-28,2.5550481318464173e-28,2.555044801569376e-28,2.5550437515858574e-28,2.5550437516626925e-28,2.555043800831554e-28,2.5550010304633335e-28,2.554996577330186e-28,2.5550230227459983e-28,2.5550234553397217e-28,2.55502365816357e-28,2.5550213189373954e-28,2.555021333184003e-28,2.5550213331839633e-28,2.554996762055307e-28,2.554989720032877e-28,2.5549855799280383e-28,2.5548503285020667e-28,2.554878755332775e-28,2.554900469203568e-28,2.5548984010564906e-28,2.5548984028053636e-28,2.554898402804267e-28,2.554895970395666e-28,2.5548796586918082e-28,2.55497906305365e-28,2.5549842604827916e-28,2.5549799018382533e-28,2.554980130139035e-28,2.5549801766571414e-28,2.5549801766571428e-28,2.554980176179455e-28,2.5549838230468435e-28,2.5549861914282357e-28,2.554986191428236e-28,2.554986185987702e-28,2.5549900522688997e-28,2.5549901558832986e-28,2.554993694026823e-28,2.5550079810799825e-28,2.5550103066072175e-28,2.55528873858137e-28,2.55528396232245e-28,2.5552964535890834e-28,2.5552972753111947e-28,2.5552972753111956e-28,2.5552982440825133e-28,2.5552982440825146e-28,2.5552982467524788e-28,2.555298042542362e-28,2.555298849708922e-28,2.5553111462331987e-28,2.5553755525215287e-28,2.555167874303264e-28,2.555167600471836e-28,2.555240727413384e-28,2.555240698161224e-28,2.555246720188666e-28,2.55539972421876e-28,2.5554021275280877e-28,2.5554021275280047e-28,2.55538761934674e-28,2.5553876218556996e-28,2.5555797460802776e-28,2.5555797314767405e-28,2.5555713843729414e-28,2.5555714643538377e-28,2.555573239999034e-28,2.555740910741187e-28,2.555732239878981e-28,2.5557733424404272e-28,2.55577334242496e-28,2.555758035868055e-28,2.5565523024371503e-28,2.5565522717358835e-28,2.5565522717448186e-28,2.5565511101708622e-28,2.556552043983128e-28,2.5565520459597484e-28,2.5565520435331896e-28,2.5565520965141285e-28,2.556606243716153e-28,2.5566066797221493e-28,2.556606602593072e-28,2.556604002506385e-28,2.55660402642029e-28,2.556767008723469e-28,2.5567591886179365e-28,2.55663008055401e-28,2.5566300701518056e-28,2.5566276575875262e-28,2.556626889480056e-28,2.5566268894781403e-28,2.5566302763004805e-28,2.556631100923047e-28,2.556631104428596e-28,2.556635789259364e-28,2.5566340719247852e-28,2.556679644461144e-28,2.5566801088590697e-28,2.55668019275914e-28,2.556680242146768e-28,2.556680240253061e-28,2.5567198163850625e-28,2.5567210498196754e-28,2.5567210703606446e-28,2.556721108096767e-28,2.556720924472539e-28,2.556718551681565e-28,2.5567616706855072e-28,2.5567616706853898e-28,2.5567609697318974e-28,2.5567609690416756e-28,2.5567601077903192e-28,2.5567278635745077e-28,2.5567308409495594e-28,2.5572899181002944e-28,2.55728994070563e-28,2.55688775949448e-28,2.5569162664712363e-28,2.5569162664712345e-28,2.5569155142689193e-28,2.556918399731986e-28,2.5569174431467956e-28,2.556913767773973e-28,2.5569137704799537e-28,2.5569077013011767e-28,2.5569077005869266e-28,2.556903606703676e-28,2.5569518892220806e-28,2.5569517699182535e-28,2.556952715351222e-28,2.556949446430163e-28,2.5569494464301624e-28,2.5569494277664068e-28,2.5569482154854453e-28,2.5570371019070807e-28,2.5570347210733127e-28,2.5569482157390485e-28,2.5569484141600013e-28,2.5569484141599977e-28,2.5571242428125343e-28,2.557124242812537e-28,2.557124868350216e-28,2.5571248683502115e-28,2.5571280166367227e-28,2.5571282479035326e-28,2.557193315763868e-28,2.5571973247200213e-28,2.5571972549456556e-28,2.5571986356410695e-28,2.5571984152904334e-28,2.557197482431848e-28,2.5572014507956888e-28,2.5572025754243676e-28,2.5572048863329593e-28,2.557204572746341e-28,2.557199062455325e-28,2.557189190847196e-28,2.5571891908475984e-28,2.557189354942502e-28,2.557189354942511e-28,2.5571893549421633e-28,2.557191121428991e-28,2.557190821436594e-28,2.5572059482333155e-28,2.5572252458074615e-28,2.557234878657404e-28,2.557311585952751e-28,2.5573016754536364e-28,2.557294199651011e-28,2.5572941167152463e-28,2.5572941167152468e-28,2.5572963068163095e-28,2.5572963263133405e-28,2.557349455438575e-28,2.5573550685237056e-28,2.5573477283040944e-28,2.5573452966319894e-28,2.5573452966319634e-28,2.5573453052393924e-28,2.5573453029034857e-28,2.557347129822506e-28,2.5573471301380165e-28,2.5573730138440954e-28,2.557373013844092e-28,2.55737210475552e-28,2.5573700192970547e-28,2.557370787548561e-28,2.557370637433275e-28,2.5573696736964803e-28,2.5573695360574726e-28,2.557369535715268e-28,2.5573685494742103e-28,2.557374764390525e-28,2.557374711491243e-28,2.557365031329151e-28,2.557365048605716e-28,2.557365122735021e-28,2.5573656132850495e-28,2.557365649393735e-28,2.5573658036613698e-28,2.5573640995924303e-28,2.55736409959243e-28,2.5573630646917037e-28,2.557362824299148e-28,2.5573628263683843e-28,2.5573627554320144e-28,2.557362632172596e-28,2.5573626321723567e-28,2.5573619887066966e-28,2.557361502877985e-28,2.5573667601910184e-28,2.557331069657621e-28,2.5573323913969173e-28,2.557187470579288e-28,2.557178632625351e-28,2.5571786330973083e-28,2.5571504095505314e-28,2.5571466960434485e-28,2.5571467048130357e-28,2.5571466990067526e-28,2.557146888540169e-28,2.5571405719371083e-28,2.5571406303996345e-28,2.5571451045119098e-28,2.5571451045119313e-28,2.5571436022428837e-28,2.557143602243043e-28,2.557141492534013e-28,2.5571415181278626e-28,2.5571369962980837e-28,2.5571435866954355e-28,2.557143586695436e-28,2.5571677328798086e-28,2.5571677328799144e-28,2.5571671751781444e-28,2.5571398961453433e-28,2.5571399335479983e-28,2.5571399335479875e-28,2.5571399277600944e-28,2.5571398030382304e-28,2.5571392498511763e-28,2.557138853258964e-28,2.5571388532589638e-28,2.557138649537677e-28,2.5571386495376773e-28,2.5570565346321494e-28,2.5570542385441934e-28,2.5570794181505107e-28,2.557079417909926e-28,2.5570795109347325e-28,2.5570656333328746e-28,2.5570282635901785e-28,2.5570311212668204e-28,2.55703112126682e-28,2.5574375948807693e-28,2.557436673058766e-28,2.557436673091672e-28,2.557435429547781e-28,2.557435429547776e-28,2.5574696185123225e-28,2.5574696135359417e-28,2.5574697471640574e-28,2.557487523057663e-28,2.5574735920112846e-28,2.557473592011203e-28,2.5574737562991233e-28,2.55753479812506e-28,2.5575319523724745e-28,2.557531952372475e-28,2.5575681137516257e-28,2.5575677779647853e-28,2.5575677779644207e-28,2.55756788828286e-28,2.5575678882806473e-28,2.557566323606284e-28,2.5575662331417184e-28,2.5575314269411633e-28,2.557531112767512e-28,2.5575234760907333e-28,2.5575208134216233e-28,2.5575777193385764e-28,2.557593039692405e-28,2.557593044968667e-28,2.5575887275285053e-28,2.5577357723013847e-28,2.557735749398554e-28,2.557775090833411e-28,2.5577744330372563e-28,2.557790812576107e-28,2.5577903406707987e-28,2.557790347212267e-28,2.5577903512278024e-28,2.557789852620012e-28,2.55778067730611e-28,2.5577812300319563e-28,2.5577812447869215e-28,2.557776720263151e-28,2.557775020854937e-28,2.5577706972183283e-28,2.557770681037755e-28,2.5576904425507517e-28,2.5576904425507544e-28,2.5576903119166834e-28,2.5576903073768553e-28,2.5576882393500787e-28,2.5576849068963428e-28,2.557251821748814e-28,2.5572668843737836e-28,2.5572668434934124e-28,2.5572668434934183e-28,2.557442279177573e-28,2.557437832553868e-28,2.5574378325471823e-28,2.5574378392775283e-28,2.5578291598097823e-28,2.557818061550672e-28,2.557818060022642e-28,2.5577930388570783e-28,2.5577930388570774e-28,2.557792255223317e-28,2.5577923035916284e-28,2.5577884750771277e-28,2.5577894285947456e-28,2.557784806697399e-28,2.55778480192137e-28,2.557784646056282e-28,2.55778342634918e-28,2.557784338345478e-28,2.557833638774211e-28,2.557860581007754e-28,2.557811370479824e-28,2.557806589145795e-28,2.557796483913942e-28,2.5577963078909393e-28,2.5577913829073985e-28,2.557793352681002e-28,2.557813997888769e-28,2.557818280378754e-28,2.5578277290157345e-28,2.557826841026207e-28,2.5578285593552835e-28,2.5578274724302618e-28,2.557790086665206e-28,2.5577895134004112e-28,2.55778951340041e-28,2.557791922166813e-28,2.557591071869253e-28,2.557591995214462e-28,2.5575919952144598e-28,2.5576449966726957e-28,2.557644996672689e-28,2.5576461771175833e-28,2.557646234732773e-28,2.5576452664752734e-28,2.557645272009391e-28,2.5576448273191204e-28,2.5576296253546923e-28,2.557629625354691e-28,2.5576296253535362e-28,2.5576296253535362e-28,2.5576025547987236e-28,2.557602554798701e-28,2.557602555054629e-28,2.557600436889705e-28,2.5575753873795783e-28,2.5575753727728463e-28,2.557558753386921e-28,2.5575592853881044e-28,2.5575592853880994e-28,2.557563613773993e-28,2.5575299512705233e-28,2.5576092105479346e-28,2.557609210547934e-28,2.5576050910144243e-28,2.5576064377921253e-28,2.557607754964545e-28,2.55760514378155e-28,2.5576051437815108e-28,2.5576055285957523e-28,2.5576065807994886e-28,2.5576065807995227e-28,2.5576949818360894e-28,2.5576936756114458e-28,2.5577000286632137e-28,2.5577123752384424e-28,2.557706649563381e-28,2.5577065710588014e-28,2.5577072184905586e-28,2.5577091790779453e-28,2.5577091790787094e-28,2.5575367629185318e-28,2.557536813903895e-28,2.5575565467269315e-28,2.55758974618482e-28,2.5575926358123327e-28,2.557594090387503e-28,2.5575940903875024e-28,2.557595160392314e-28,2.557521774258943e-28,2.557521922979948e-28,2.557520216249225e-28,2.5575193174871475e-28,2.557519317487073e-28,2.557519638305479e-28,2.5574980401348803e-28,2.557498044061058e-28,2.5574980290267707e-28,2.5575239924020784e-28,2.557489557264123e-28,2.557489555072842e-28,2.5574920929144843e-28,2.5574903337703534e-28,2.5574911644701953e-28,2.5574911644703424e-28,2.5574911644703424e-28,2.557491818234168e-28,2.55749183143809e-28,2.557491831438091e-28,2.557493060618951e-28,2.5573964903298617e-28,2.557398327693264e-28,2.5574757129489873e-28,2.557474334411485e-28,2.5601723060630403e-28,2.560167451936417e-28,2.5601833636903853e-28,2.5601836725434608e-28,2.5601836495459647e-28,2.5601505492445215e-28,2.560150721565891e-28,2.560158774540502e-28,2.560102273606861e-28,2.560102273606263e-28,2.560101428650115e-28,2.56010142865012e-28,2.5601012856546925e-28,2.560111331819521e-28,2.560109937739691e-28,2.560186873882047e-28,2.5601868762442996e-28,2.560187200645236e-28,2.560187201068869e-28,2.5601869365183173e-28,2.5601868533855693e-28,2.560186721419135e-28,2.560186721378277e-28,2.56018671736041e-28,2.5601876806540546e-28,2.5601912912199793e-28,2.5601891590814137e-28,2.5598074485508265e-28,2.5598067936819923e-28,2.5599316183557603e-28,2.559933577086688e-28,2.5599331974559647e-28,2.5599332853018717e-28,2.559864952119585e-28,2.5598652999593335e-28,2.5598531198361205e-28,2.559853194146662e-28,2.5598531602593934e-28,2.559852375120818e-28,2.559852375120818e-28,2.5598523751208174e-28,2.5599523469057274e-28,2.5599522212842253e-28,2.559952207204825e-28,2.5599522073431902e-28,2.5599712356938324e-28,2.5599712250733775e-28,2.559971045447637e-28,2.559971045384815e-28,2.559971045325321e-28,2.559971984269455e-28,2.5599723686282557e-28,2.559972046522317e-28,2.559968515805424e-28,2.559959342864104e-28,2.559957122309197e-28,2.5599571223091945e-28,2.559958820739484e-28,2.559958661152291e-28,2.559958318511189e-28,2.559958329330273e-28,2.5599578660338993e-28,2.5599578411367165e-28,2.5599581092716307e-28,2.5599611780284695e-28,2.5599611669119146e-28,2.5599611669119074e-28,2.559962249380102e-28,2.5599643334637236e-28,2.5599643334571386e-28,2.5599633826376672e-28,2.5599633826386035e-28,2.5599689293181983e-28,2.5599682856577393e-28,2.5599680813790253e-28,2.559967685139694e-28,2.559969522541073e-28,2.559975909455513e-28,2.559981822427735e-28,2.559981844100284e-28,2.5599818441001128e-28,2.5599814753714606e-28,2.5599823551614176e-28,2.5599809102984925e-28,2.559980911631452e-28,2.559842974562353e-28,2.55984297456236e-28,2.5598429733421946e-28,2.5598510849027734e-28,2.559852303433377e-28,2.559864739601686e-28,2.55986476592481e-28,2.5598936853681364e-28,2.5598936853681364e-28,2.559893686095181e-28,2.5598923638529907e-28,2.559893714732822e-28,2.5598992048525507e-28,2.559899204850367e-28,2.5598988958570096e-28,2.559897479532133e-28,2.5598974795506154e-28,2.5598977354348125e-28,2.559901584589078e-28,2.5598999915434305e-28,2.5599002798259552e-28,2.5599002726184746e-28,2.559892012041359e-28,2.5598899263352232e-28,2.559889928620101e-28,2.5598998877841637e-28,2.5598998877711444e-28,2.559894521035803e-28,2.5598945309808006e-28,2.55989453098025e-28,2.5598899538918804e-28,2.5598901449371357e-28,2.5598901449970866e-28,2.559890144997087e-28,2.5598901553507057e-28,2.5598901758995544e-28,2.559887792685334e-28,2.5598434300467105e-28,2.55984329240497e-28,2.5598432923632195e-28,2.559841019463398e-28,2.5598230340574603e-28,2.5598230022394325e-28,2.559823002239257e-28,2.559825301919572e-28,2.5598330556459364e-28,2.559833055646895e-28,2.559834370539247e-28,2.5598351682722765e-28,2.5598351683168584e-28,2.5575886041519443e-28,2.557588603591341e-28,2.5576624505058813e-28,2.557643241796952e-28,2.557643269916421e-28,2.55764333141753e-28,2.557642773438308e-28,2.557620423639542e-28,2.5576163761911433e-28,2.557619492605679e-28,2.5576197958949976e-28,2.557534839891887e-28,2.5575348737169165e-28,2.5575348737169125e-28,2.557519634699991e-28,2.557519018543195e-28,2.557511225948885e-28,2.558007281297994e-28,2.558006337400986e-28,2.55776449433455e-28,2.557636745319732e-28,2.5576360206165793e-28,2.557633397512245e-28,2.5576331900946407e-28,2.55763515151839e-28,2.5576591393501826e-28,2.557659139350183e-28,2.5576597458020867e-28,2.5576610122714383e-28,2.5576681082285137e-28,2.5576525868280637e-28,2.5576834315570374e-28,2.5576834315570383e-28,2.557699925063099e-28,2.5576999241919124e-28,2.5577006710858504e-28,2.5577004695191345e-28,2.557702110402834e-28,2.557702110402825e-28,2.557702019995562e-28,2.557693391630398e-28,2.5576927210058713e-28,2.5576927185014766e-28,2.5576939620565243e-28,2.5576930267559084e-28,2.5576938916652147e-28,2.557695918505529e-28,2.557849050909307e-28,2.5578557616115305e-28,2.5578919955476074e-28,2.557889582636546e-28,2.5578487604008024e-28,2.557848760388257e-28,2.5578550532498072e-28,2.5578573684380716e-28,2.557848386068003e-28,2.5579294686222863e-28,2.5579296620203984e-28,2.5579179494766424e-28,2.557895582909009e-28,2.557893384285413e-28,2.5579049117022787e-28,2.5579049117022796e-28,2.5579108130397986e-28,2.557910813039797e-28,2.5579093852992447e-28,2.5579093852992187e-28,2.557897330506682e-28,2.557897330506682e-28,2.5578962809241e-28,2.5578911732357686e-28,2.5578935433671315e-28,2.557891826058165e-28,2.5578926758201357e-28,2.5578844765300465e-28,2.557836610760298e-28,2.5578306986188424e-28,2.5578306986188904e-28,2.557834373343223e-28,2.5578342566540065e-28,2.557834256661565e-28,2.557834916005455e-28,2.557834641272995e-28,2.557834641272906e-28,2.557843895275865e-28,2.5578438952758653e-28,2.557841951217683e-28,2.557842324002916e-28,2.557838527570121e-28,2.5578266007167214e-28,2.5578565550277937e-28,2.557857952922366e-28,2.557857952922362e-28,2.557856729075247e-28,2.5578567290754883e-28,2.557855582050639e-28,2.5578555820519345e-28,2.5578611407215747e-28,2.5578611407207236e-28,2.557859414105285e-28,2.5578652114150915e-28,2.5578652193304127e-28,2.557859898162413e-28,2.5578563996888725e-28,2.557856034971137e-28,2.5578455257868333e-28,2.557844231736769e-28,2.557843905280359e-28,2.5578110350034786e-28,2.5578126212246204e-28,2.5578227210049687e-28,2.557730893839611e-28,2.55773307179319e-28,2.5577643803823417e-28,2.557769387867965e-28,2.5577693878679443e-28,2.557766892818368e-28,2.557796581564203e-28,2.557796529373205e-28,2.5577965531643923e-28,2.55779697195694e-28,2.557788252107429e-28,2.5577883091158064e-28,2.5577895115010227e-28,2.55782498915126e-28,2.5578248493275444e-28,2.5577919929341285e-28,2.557803105532022e-28,2.5578124927274995e-28,2.5578121789770806e-28,2.5578121789911424e-28,2.5578173764527137e-28,2.557817376452447e-28,2.5578142125127e-28,2.5580849931397647e-28,2.558088265288724e-28,2.558091441204522e-28,2.558091489770844e-28,2.558090623322342e-28,2.5580906233223296e-28,2.5580911320291664e-28,2.558091132034659e-28,2.558088668980532e-28,2.5580814955585276e-28,2.5580817491551137e-28,2.5580817491550065e-28,2.5580853543128196e-28,2.5580869872489285e-28,2.5580869994713116e-28,2.558086999471313e-28,2.558086999471314e-28,2.55808699947144e-28,2.558070232421716e-28,2.5580706342836875e-28,2.5580699784574243e-28,2.5580699784613744e-28,2.5580699118518985e-28,2.5581319613345845e-28,2.558160071428114e-28,2.5581602963923623e-28,2.558160296404972e-28,2.5581586716098487e-28,2.558158671609851e-28,2.558158189847862e-28,2.5581481340124766e-28,2.558131824665086e-28,2.5581309505493215e-28,2.5581294971731965e-28,2.5581624225729333e-28,2.558162422572824e-28,2.558162694652213e-28,2.5581626946521955e-28,2.5581626786618554e-28,2.55817044391475e-28,2.5581704347822393e-28,2.5581688985269086e-28,2.558164892001087e-28,2.5581648920005946e-28,2.5581686849906224e-28,2.5580356613830864e-28,2.558035675589518e-28,2.55801925820589e-28,2.5580195785958984e-28,2.5580198675200367e-28,2.5580056015927326e-28,2.558005601592737e-28,2.5580222830637807e-28,2.5581029270847477e-28,2.558092953596165e-28,2.5580824138634626e-28,2.558081819714452e-28,2.5580752230006115e-28,2.558075223105667e-28,2.5580752257861014e-28,2.5580752357153776e-28,2.5580752227644723e-28,2.5580783419599947e-28,2.558094865573103e-28,2.558097494552781e-28,2.5580920482699633e-28,2.5580936346146354e-28,2.558093634614636e-28,2.5580938728491617e-28,2.558096107134351e-28,2.5580961979721596e-28,2.5580961979793333e-28,2.5580974536897143e-28,2.5580974536918676e-28,2.5580989504204735e-28,2.5581006183993526e-28,2.5580985075728936e-28,2.5580985075493226e-28,2.5579609767089105e-28,2.5579604636586036e-28,2.557931361588199e-28,2.5579309246383302e-28,2.5579315218944484e-28,2.557884919526458e-28,2.5578849142430365e-28,2.557884914237733e-28,2.557884914237893e-28,2.5578849142378927e-28,2.5578747714932334e-28,2.5578868692023677e-28,2.5579063876028304e-28,2.55790638760283e-28,2.5579062743005345e-28,2.5579070970563414e-28,2.557921693299038e-28,2.557911733455436e-28,2.5579139340365653e-28,2.5580445451924876e-28,2.5580471509517e-28,2.558045712125861e-28,2.5580395964773506e-28,2.558040895725857e-28,2.558047497448605e-28,2.5581233416665026e-28,2.558123341666504e-28,2.5581231322393593e-28,2.558121669654688e-28,2.558122401657967e-28,2.5581260293483247e-28,2.5581260293733095e-28,2.5581256099071864e-28,2.5581256099072313e-28,2.5581256099109926e-28,2.5581262518336823e-28,2.5581362071429566e-28,2.5581398487366804e-28,2.558042380459963e-28,2.558042380459963e-28,2.558044476171027e-28,2.5580445371471224e-28,2.5580445371470166e-28,2.5580439776696633e-28,2.5580438746826084e-28,2.558043874682686e-28,2.5580438221798777e-28,2.5580438206508225e-28,2.558043858943611e-28,2.5580612890922675e-28,2.558061288237913e-28,2.5580622958456934e-28,2.5580618795915783e-28,2.5580627283963824e-28,2.558063502847435e-28,2.558064734923115e-28,2.558016071661093e-28,2.5580160882866102e-28,2.5580160882866085e-28,2.558019355880476e-28,2.5580212544284976e-28,2.5580212544285824e-28,2.558019848468891e-28,2.558019848468517e-28,2.558020086552676e-28,2.5580189553969046e-28,2.55805856963173e-28,2.5580585769424388e-28,2.5580596268866757e-28,2.5580437880358456e-28,2.5580434322873354e-28,2.558042621963177e-28,2.5580436045898507e-28,2.558040976991375e-28,2.5580409769919925e-28,2.5580368630205317e-28,2.558036934414558e-28,2.5580368738293557e-28,2.5580369373886457e-28,2.558040713760418e-28,2.5580407137604274e-28,2.5580376522839977e-28,2.5580380968009285e-28,2.558049402925684e-28,2.558049402925688e-28,2.5580494107460964e-28,2.5580410866116315e-28,2.558042085687928e-28,2.5580420856848653e-28,2.5580418726426033e-28,2.5580409263287056e-28,2.558040926328613e-28,2.5580409259777367e-28,2.5580275140916953e-28,2.558027845330892e-28,2.558027845330911e-28,2.5580286564293613e-28,2.5580263189765836e-28,2.5580260207306523e-28,2.557975166865002e-28,2.557976921761097e-28,2.5579769217610985e-28,2.5580086543339035e-28,2.5580086543340143e-28,2.558000486737737e-28,2.558000486737737e-28,2.558009882433696e-28,2.558009886659851e-28,2.5580096004938292e-28,2.5580121661240183e-28,2.55801216612401e-28,2.558012166128482e-28,2.5580119618436317e-28,2.5580114087137735e-28,2.5580114087138408e-28,2.5580285096606564e-28,2.5580298669644407e-28,2.5580298670098657e-28,2.5579685007847782e-28,2.557968500845679e-28,2.5579685008312843e-28,2.557871847871634e-28,2.5578718488101423e-28,2.557871848721071e-28,2.5578719621293677e-28,2.557868481214853e-28,2.5578559484464463e-28,2.557855948447213e-28,2.557855554220355e-28,2.5578474402527872e-28,2.5578474402527464e-28,2.5578474402681495e-28,2.557847326466491e-28,2.557847413268727e-28,2.5578463803005153e-28,2.5578612400064627e-28,2.557861310326408e-28,2.5578589223576604e-28,2.5578589341075028e-28,2.557858821675892e-28,2.5578588216758926e-28,2.557857767934894e-28,2.5578560856575665e-28,2.557855952844639e-28,2.5578543288646647e-28,2.557835782015485e-28,2.557835782015445e-28,2.5578832742046384e-28,2.5578774227416286e-28,2.557875214060252e-28,2.5578752140602513e-28,2.5578791799987827e-28,2.5578791795987673e-28,2.557879179598768e-28,2.5578791796147237e-28,2.5578758831017635e-28,2.557875883101761e-28,2.557876018517069e-28,2.557876316125127e-28,2.5578757688134647e-28,2.557871953249802e-28,2.5578794473902365e-28,2.557885536350034e-28,2.557888608991635e-28,2.557895278524184e-28,2.5578952807470964e-28,2.557900429053222e-28,2.5578871850690003e-28,2.557883778153157e-28,2.5578889830135776e-28,2.5578862515462837e-28,2.557921560586946e-28,2.5579215605468113e-28,2.5579215604858886e-28,2.5579189171506393e-28,2.557925033092594e-28,2.5579250343168517e-28,2.5577936193146466e-28,2.557793708627328e-28,2.557723385571157e-28,2.5577226887365257e-28,2.5577226715492915e-28,2.5577226105555315e-28,2.5577226105553445e-28,2.557722610555344e-28,2.557722610558052e-28,2.5577232951881796e-28,2.557595836330166e-28,2.5575954465022004e-28,2.5575909882772404e-28,2.557559783708048e-28,2.557559679026849e-28,2.5575596344621026e-28,2.5575596344623923e-28,2.5575596344623923e-28,2.557559510887947e-28,2.5575595108879186e-28,2.557558655899982e-28,2.557558655899982e-28,2.557559336248897e-28,2.5575593362487626e-28,2.557559336248743e-28,2.5575593909026613e-28,2.557536105505092e-28,2.5575335426981826e-28,2.5575335426981898e-28,2.5575345851697244e-28,2.5575390245242795e-28,2.5575391072754523e-28,2.557539088844419e-28,2.557538920158984e-28,2.557528180992853e-28,2.5575282341041336e-28,2.5575325018131174e-28,2.5575323689211035e-28,2.5575323689217515e-28,2.5575270292533377e-28,2.5575266507177267e-28,2.55752667372092e-28,2.557527457396068e-28,2.5575223970992626e-28,2.557522397099349e-28,2.5575223974681377e-28,2.5575216452741047e-28,2.5575225120566744e-28,2.557521981991515e-28,2.5575228399454914e-28,2.5575191058318544e-28,2.557519105831855e-28,2.5575077508605355e-28,2.557508146217231e-28,2.55750814621723e-28,2.5575062046942517e-28,2.5575135685813302e-28,2.557506590815826e-28,2.5575032875436703e-28,2.55748473489183e-28,2.557483657075259e-28,2.5574836571103977e-28,2.5574838393551762e-28,2.5574838393551744e-28,2.5574838391577618e-28,2.5574785338677037e-28,2.5574785338573426e-28,2.5574607551749335e-28,2.5574607551727538e-28,2.557458337147175e-28,2.557462331802635e-28,2.5574623318026353e-28,2.5574623226049153e-28,2.5574627072059483e-28,2.557462706956317e-28,2.557458755390027e-28,2.5574662405416686e-28,2.5574659121017356e-28,2.557465963201219e-28,2.5574683540918137e-28,2.5574479879836888e-28,2.5574465738116654e-28,2.557447938000935e-28,2.557447938000934e-28,2.557447891525546e-28,2.557379282054334e-28,2.5573754821755974e-28,2.5573828667826947e-28,2.55738259344623e-28,2.557382593446085e-28,2.557382593486583e-28,2.557435167372845e-28,2.5574278705944475e-28,2.5574284261555576e-28,2.5574284532854183e-28,2.5574285573117595e-28,2.557447364264764e-28,2.5574473609931768e-28,2.5574076453239435e-28,2.557407621875146e-28,2.5570821541646692e-28,2.557082151306482e-28,2.557112798450499e-28,2.5571146012909566e-28,2.5575543264186334e-28,2.557554246944261e-28,2.5575268825765464e-28,2.5575300843918707e-28,2.557530084391972e-28,2.5575304904386592e-28,2.557528924609372e-28,2.55752892499548e-28,2.557526768746664e-28,2.557559467389683e-28,2.557573589859245e-28,2.5575739366568504e-28,2.557597263372379e-28,2.557595649726637e-28,2.5575945792508943e-28,2.5575945792492867e-28,2.55758441477116e-28,2.557582846518799e-28,2.5575828325740744e-28,2.557596617646337e-28,2.557597022429981e-28,2.5575970224299807e-28,2.5575913293205366e-28,2.5575913304364796e-28,2.557602418832857e-28,2.5576034481843433e-28,2.5576033574483338e-28,2.557616933455523e-28,2.557619874848399e-28,2.557619874848737e-28,2.5576371161270307e-28,2.5576479453162313e-28,2.5577551790729655e-28,2.5577551790729175e-28,2.5577551790728983e-28,2.557755112740632e-28,2.557754614808433e-28,2.5577421771850766e-28,2.557742161826658e-28,2.557742213281739e-28,2.5577416048783947e-28,2.5577411457773615e-28,2.557743859903668e-28,2.557743906310124e-28,2.5577406113660886e-28,2.5577406113648106e-28,2.5577402659973033e-28,2.5577473801124177e-28,2.5577473801124146e-28,2.5577473958140266e-28,2.557817075341005e-28,2.5578170753409504e-28,2.557827202597914e-28,2.557826934393107e-28,2.5578270083093955e-28,2.557827008309404e-28,2.557826704678464e-28,2.557825744862539e-28,2.5578257627792653e-28,2.5578260959850593e-28,2.5578263962636307e-28,2.5578268402221923e-28,2.5578284396069735e-28,2.557811865831264e-28,2.557811865831253e-28,2.5578117042360983e-28,2.557811704237659e-28,2.5578117042541636e-28,2.5578118266070714e-28,2.5578100982367404e-28,2.5578100982347234e-28,2.557805139580921e-28,2.557805139581294e-28,2.5578027890222223e-28,2.5578027890221963e-28,2.5578031342397077e-28,2.5577844613100696e-28,2.5577830220851067e-28,2.5578036892044674e-28,2.5578041334223153e-28,2.5578037751765406e-28,2.5579818650020094e-28,2.557982036399296e-28,2.557982559501526e-28,2.5579612221310626e-28,2.557982521165126e-28,2.5579914055728655e-28,2.55799145232698e-28,2.5580027874019645e-28,2.557955670758948e-28,2.557953136423711e-28,2.5577702540468086e-28,2.55776691481319e-28,2.557767489264849e-28,2.5577671907169337e-28,2.557767190716306e-28,2.557767394629398e-28,2.557767394629399e-28,2.5577673698600424e-28,2.557768869343864e-28,2.557768869343866e-28,2.557764336011474e-28,2.5577643360113477e-28,2.5577649847738017e-28,2.5577650784339333e-28,2.557766350918316e-28,2.556867896092297e-28,2.5569013549335635e-28,2.557039157014752e-28,2.5570442889787836e-28,2.5570442889763523e-28,2.557050482274503e-28,2.557053041659895e-28,2.557053041660156e-28,2.557059095373095e-28,2.557050658905923e-28,2.557048247463909e-28,2.557048146410145e-28,2.557042442971005e-28,2.5570534740026972e-28,2.5570575667439325e-28,2.5570568426492098e-28,2.557058394746581e-28,2.5570736413246847e-28,2.5570736413246843e-28,2.557073641324834e-28,2.5570733414891886e-28,2.557073341489162e-28,2.557074111974143e-28,2.5570741119733504e-28,2.5570662550640256e-28,2.557066255106736e-28,2.55706633755382e-28,2.5570663375538206e-28,2.5570718546846548e-28,2.5570722624538373e-28,2.557072503100308e-28,2.5570769701558475e-28,2.5570769701558574e-28,2.5570757195295204e-28,2.557066494323098e-28,2.5570568092941527e-28,2.5570567963283115e-28,2.5570567943990576e-28,2.5570580645473418e-28,2.557062093993477e-28,2.5570610329223297e-28,2.5570610329223293e-28,2.5570597014739864e-28,2.5570888567251944e-28,2.555871107792043e-28,2.555870422656478e-28,2.5558704508739774e-28,2.5558674601447575e-28,2.5558674512041904e-28,2.5558599588102474e-28,2.5558586844195327e-28,2.5558622691544803e-28,2.555859996471378e-28,2.555859996471377e-28,2.5558642822476613e-28,2.555871942053871e-28,2.555871693640988e-28,2.5558716936409806e-28,2.5558716936409147e-28,2.5558740173433066e-28,2.5558823343095743e-28,2.555882334309574e-28,2.55588169662838e-28,2.5558974172978935e-28,2.55591969951962e-28,2.555871355520271e-28,2.5558774677765283e-28,2.555892742525666e-28,2.555891657940692e-28,2.5558923128295842e-28,2.5559128410575584e-28,2.555907559310284e-28,2.555907559500931e-28,2.555915076094329e-28,2.555913841055989e-28,2.555912659976032e-28,2.5559126599758424e-28,2.555912884280694e-28,2.5559128842806943e-28,2.555913258628537e-28,2.5558246324589296e-28,2.555829936095167e-28,2.5558543478583184e-28,2.5558538558571237e-28,2.554207334023721e-28,2.554206453428487e-28,2.554206453428484e-28,2.5542101219102704e-28,2.5542235442166707e-28,2.554224255275999e-28,2.554224255275999e-28,2.5542245423680837e-28,2.5542254143382886e-28,2.5542105108354208e-28,2.5542097285368763e-28,2.554209748621389e-28,2.5542314630645656e-28,2.5542305512156655e-28,2.5542305732427994e-28,2.554230573242792e-28,2.5542314569557406e-28,2.55423141581492e-28,2.5542306581677592e-28,2.5542426295855847e-28,2.554240095635101e-28,2.554247127688949e-28,2.554263633994276e-28,2.554261406819042e-28,2.5542613591285753e-28,2.5542612595330717e-28,2.5542687463516996e-28,2.5542687463867514e-28,2.5542685757884742e-28,2.5542685802125497e-28,2.5542685802157913e-28,2.5542685800682613e-28,2.5542693173007655e-28,2.5542693173008413e-28,2.5542693167808784e-28,2.5541372993792445e-28,2.5541361591708648e-28,2.554139057664607e-28,2.5541917082728805e-28,2.5542167338301985e-28,2.5542167338302716e-28,2.554216027792763e-28,2.554216028170084e-28,2.5542397811581525e-28,2.5542981239757807e-28,2.5542981234772696e-28,2.5543267471533874e-28,2.5543269336639476e-28,2.5543314183057074e-28,2.5543311567393033e-28,2.5543309014063474e-28,2.5543310028414797e-28,2.554331002841461e-28,2.5543310028414586e-28,2.5543309776980585e-28,2.554365154340985e-28,2.5543659251872003e-28,2.5543586484096973e-28,2.5543717789047796e-28,2.554369558031871e-28,2.55437020055991e-28,2.5543701807551867e-28,2.5543700680319406e-28,2.5543918774287657e-28,2.554390877105024e-28,2.5543908771050235e-28,2.5543906678485373e-28,2.5543906548071175e-28,2.5543906548071166e-28,2.554380969051985e-28,2.554380969051984e-28,2.5543808579422103e-28,2.554379853655755e-28,2.554451684339531e-28,2.554451684339837e-28,2.5544544424007865e-28,2.5544544424007847e-28,2.5544544984737006e-28,2.5544380863150866e-28,2.5544338167169044e-28,2.5544338170460495e-28,2.5544342961613e-28,2.5544334683223714e-28,2.554433556158802e-28,2.5544336892527782e-28,2.554411417527133e-28,2.5544114175271723e-28,2.5544155487003255e-28,2.5544155487003546e-28,2.5544203462393246e-28,2.554418202828277e-28,2.5544192630137528e-28,2.5544167603730364e-28,2.554416969072761e-28,2.5544165871068614e-28,2.554417392726579e-28,2.554406989063357e-28,2.554403274487395e-28,2.5544095195230095e-28,2.55440951952314e-28,2.554404404816861e-28,2.5543843832838108e-28,2.554384142366701e-28,2.554384813352746e-28,2.5543832877062862e-28,2.5543948996955994e-28,2.554394902396968e-28,2.554394491375475e-28,2.5543938722012714e-28,2.55439900052439e-28,2.554400381617579e-28,2.5544003816173994e-28,2.554414313007283e-28,2.5544196352570135e-28,2.554419635256951e-28,2.5543943036456866e-28,2.554393721790895e-28,2.554393721790893e-28,2.5543950152550713e-28,2.554169799340064e-28,2.554169799340067e-28,2.5541698498533797e-28,2.5541702750288936e-28,2.5541350662604664e-28,2.554135061366025e-28,2.554126759048078e-28,2.554126136628049e-28,2.5541261310866815e-28,2.5541263186627626e-28,2.554074073659041e-28,2.5540740736590416e-28,2.554074073659022e-28,2.5540740736357414e-28,2.554074073595491e-28,2.55407362612572e-28,2.554528141893213e-28,2.5545290502040096e-28,2.554529134415546e-28,2.554527908565739e-28,2.5545279050409174e-28,2.5545112016567567e-28,2.5545112016561886e-28,2.554511187708386e-28,2.55451129130506e-28,2.5545210323766138e-28,2.5545215519746405e-28,2.5545215427051184e-28,2.554519272658217e-28,2.5545145162024834e-28,2.5545144296183737e-28,2.554514429618374e-28,2.5545215595952163e-28,2.5545026604335104e-28,2.5545028153044275e-28,2.554502815304428e-28,2.554492754116336e-28,2.5544932495921564e-28,2.5544977771989776e-28,2.5545042675692456e-28,2.5545042584452074e-28,2.5544863835266704e-28,2.5544870208634846e-28,2.5544873154954748e-28,2.5544872949618574e-28,2.554484700752177e-28,2.5544849959954137e-28,2.554488951946278e-28,2.5544893144142657e-28,2.5544813858415456e-28,2.5544814680167282e-28,2.5544814680167646e-28,2.554494577279507e-28,2.554494199766986e-28,2.5544947814074404e-28,2.554494746493891e-28,2.554494746575665e-28,2.554494746575665e-28,2.5544938431778806e-28,2.5544938561320235e-28,2.554462954725474e-28,2.5544614708469548e-28,2.554461688564842e-28,2.5544618180748407e-28,2.5543945027176813e-28,2.5543954433063403e-28,2.5543954792425367e-28,2.554395494318419e-28,2.554395390997461e-28,2.5544010838679825e-28,2.554401711667894e-28,2.5544030872144425e-28,2.554402544285861e-28,2.5543928390333578e-28,2.554385591138219e-28,2.5543814800102653e-28,2.5543810072637325e-28,2.5543806361551186e-28,2.554380682131074e-28,2.554380787287946e-28,2.5543801845962586e-28,2.5543801845961774e-28,2.554375659193238e-28,2.5543756591932377e-28,2.5543756591932386e-28,2.5543738354735284e-28,2.5543876279045145e-28,2.5543871737469494e-28,2.554387163505609e-28,2.5543889574062086e-28,2.5543863160122665e-28,2.554392043429381e-28,2.5543931443642317e-28,2.5543931220988744e-28,2.5543932498129693e-28,2.554395936793582e-28,2.5543959367935826e-28,2.554395936337609e-28,2.5543959363394753e-28,2.5543958850227045e-28,2.5544027655267314e-28,2.554402980112732e-28,2.5544029801127314e-28,2.554396232815949e-28,2.5543962328159487e-28,2.5543964131493064e-28,2.5543962178212762e-28,2.5543962178212762e-28,2.554400187243698e-28,2.554400106851747e-28,2.5543997790318597e-28,2.554400957828561e-28,2.5544009579608805e-28,2.5544010753644716e-28,2.55441425535543e-28,2.5544142553554285e-28,2.5544167387817525e-28,2.5544167387817507e-28,2.5544167387817494e-28,2.55441673878175e-28,2.554416374341523e-28,2.5544163743373553e-28,2.554406735474571e-28,2.554366409730267e-28,2.554366079717999e-28,2.554366079718001e-28,2.554365269974987e-28,2.554365278638427e-28,2.5543408026090105e-28,2.554339380854326e-28,2.554339047595251e-28,2.554337942913934e-28,2.5543307956458533e-28,2.554330797084775e-28,2.554330797084633e-28,2.5543310398743014e-28,2.554331040992278e-28,2.5543299551063264e-28,2.5543297240263434e-28,2.5543358572367157e-28,2.5544392218152985e-28,2.554439221815299e-28,2.5542979307966285e-28,2.554284643160155e-28,2.5542942796892554e-28,2.5542225895417538e-28,2.554223209495871e-28,2.554226363148071e-28,2.55422630489886e-28,2.554247538495135e-28,2.55424727472036e-28,2.554233866560429e-28,2.5543745806491766e-28,2.5543365763855964e-28,2.554336354475946e-28,2.554335960220571e-28,2.554333226444819e-28,2.55433311622195e-28,2.5543353788745984e-28,2.554335378874599e-28,2.5543325739284976e-28,2.554332448010264e-28,2.5543324480167693e-28,2.55433243339083e-28,2.554332433390766e-28,2.554334240160564e-28,2.55433379084031e-28,2.5543374843854453e-28,2.55433429813523e-28,2.5543148960022305e-28,2.5543150629624996e-28,2.554315062962507e-28,2.554315230715758e-28,2.5543150128798114e-28,2.5543148672439225e-28,2.554314868644093e-28,2.5545322289450054e-28,2.5545150776858e-28,2.5545152643533152e-28,2.5545149273554045e-28,2.5545141174559904e-28,2.554515975196898e-28,2.5545171653116327e-28,2.554517165311633e-28,2.5545137816234053e-28,2.5545135929505577e-28,2.554513591315002e-28,2.554576859906854e-28,2.554576859906855e-28,2.554582644777694e-28,2.5545876225989884e-28,2.5545869430469337e-28,2.5545914989849845e-28,2.5545785787788934e-28,2.5545785787792535e-28,2.5545785787792535e-28,2.5545781572760505e-28,2.5545779695356753e-28,2.554584770495219e-28,2.554584441123891e-28,2.5545843536964535e-28,2.5545844802239814e-28,2.5545844783170684e-28,2.554584675723794e-28,2.554584746752105e-28,2.5545850971573447e-28,2.5545875361347015e-28,2.5546093396146383e-28,2.5546053562136743e-28,2.554605540098415e-28,2.554610544254722e-28,2.554608708332041e-28,2.554608708341197e-28,2.554618406648914e-28,2.554587997186388e-28,2.5545882804689313e-28,2.554586597100584e-28,2.554587887087579e-28,2.554575321089378e-28,2.5545713121458573e-28,2.554571312361883e-28,2.55458007222155e-28,2.5546113024341755e-28,2.5546100542632838e-28,2.554583149544688e-28,2.5545831468965313e-28,2.554484493212323e-28,2.5544837859557244e-28,2.5544838487773242e-28,2.5544837851568677e-28,2.5544837851570117e-28,2.5544183710459484e-28,2.554418371075624e-28,2.554418770747512e-28,2.5544216565646214e-28,2.554423750036375e-28,2.5544237500363764e-28,2.554421702947275e-28,2.554421808784788e-28,2.5544217947927313e-28,2.554421579776125e-28,2.554420851010348e-28,2.554420924641896e-28,2.554424441226267e-28,2.554424508189213e-28,2.5544375299131435e-28,2.5544292240513926e-28,2.554422230404835e-28,2.554427710432792e-28,2.554419140304009e-28,2.55441871630872e-28,2.55441921748677e-28,2.5544707766835523e-28,2.5544731129415054e-28,2.554472121473859e-28,2.5544728775698856e-28,2.5544690297454987e-28,2.5544714220853387e-28,2.5544707824477605e-28,2.554468917726993e-28,2.554480018005265e-28,2.554480018005265e-28,2.55447490583281e-28,2.554474818585548e-28,2.5544771306009657e-28,2.554479594653533e-28,2.55447959465351e-28,2.5544793988557106e-28,2.554479307469354e-28,2.5544849297582783e-28,2.5544849298310027e-28,2.554484224258587e-28,2.5544842245790885e-28,2.55448928433036e-28,2.554489220906657e-28,2.554428794271125e-28,2.554428796303944e-28,2.554162241832426e-28,2.554162241800733e-28,2.554158208018002e-28,2.554157411084919e-28,2.554158166400442e-28,2.5541499400643853e-28,2.5541496161143484e-28,2.5541548173291378e-28,2.5541532000465847e-28,2.554152976274168e-28,2.5541529844017523e-28,2.554158516723478e-28,2.55434457792733e-28,2.5543447701613785e-28,2.554345040720516e-28,2.554343990187746e-28,2.554339963849402e-28,2.554340973658657e-28,2.5543441345987377e-28,2.554344134599419e-28,2.5543436315511333e-28,2.554343645887494e-28,2.554343695080064e-28,2.5543437514327294e-28,2.5543437521251897e-28,2.5543439182887177e-28,2.554345629037264e-28,2.5543473541186856e-28,2.5543473452615892e-28,2.554356744378664e-28,2.554384414628816e-28,2.5543902619118635e-28,2.5543902659756313e-28,2.554391155472088e-28,2.554392214248234e-28,2.5543768389776308e-28,2.5543789272218897e-28,2.5546545630237034e-28,2.5532446498204387e-28,2.5525421199014707e-28,2.552535552230748e-28,2.55253555223072e-28,2.552543433127756e-28,2.5525432206397555e-28,2.5525482605919754e-28,2.552908259083166e-28,2.5529082590831657e-28,2.5530036331548205e-28,2.5530031115125235e-28,2.5530031153046e-28,2.5530029895804506e-28,2.553002989772901e-28,2.5530029953064597e-28,2.553001942158903e-28,2.5530001091104336e-28,2.553103181329037e-28,2.5528909996456208e-28,2.5528937147288313e-28,2.5529291243518017e-28,2.5529294578782912e-28,2.552929457878243e-28,2.552929435473613e-28,2.552931800272478e-28,2.5529112924794795e-28,2.5529101558283957e-28,2.552917887654583e-28,2.5529254436300595e-28,2.55292579522078e-28,2.5529210444760874e-28,2.552910434081838e-28,2.5529169326978727e-28,2.5529130153627338e-28,2.5529130153615056e-28,2.5529158342843895e-28,2.5529169826920603e-28,2.552921164754458e-28,2.552969842426345e-28,2.552969651362973e-28,2.552973366774202e-28,2.5529678728096697e-28,2.5529678580779813e-28,2.5529701957845425e-28,2.5529692725865772e-28,2.5529579405436908e-28,2.5529579847802417e-28,2.5527491919382362e-28,2.552749150213448e-28,2.552840437220482e-28,2.55283906883085e-28,2.552839068830851e-28,2.552830880336342e-28,2.5528296007877507e-28,2.5528063610010783e-28,2.5520852366245902e-28,2.5520847808077707e-28,2.552086491046221e-28,2.552086503185292e-28,2.552073506120564e-28,2.552073506120558e-28,2.552022294567236e-28,2.552097114170107e-28,2.5521068783539205e-28,2.552112602488746e-28,2.5521125022675805e-28,2.5521125022692464e-28,2.552124775392493e-28,2.5521255414101334e-28,2.5521247772234016e-28,2.552123912285097e-28,2.552123912027635e-28,2.5521232784753243e-28,2.5521243732527258e-28,2.552124373252726e-28,2.552120744050864e-28,2.552120744050773e-28,2.5521206917590026e-28,2.5521206915308318e-28,2.5521202097301523e-28,2.5521067309511987e-28,2.5521069548705295e-28,2.5520858018585745e-28,2.552085801298507e-28,2.5520843146883936e-28,2.5520849507724026e-28,2.552084950772431e-28,2.55208495077266e-28,2.5520831294137947e-28,2.5520837425694726e-28,2.552083535664989e-28,2.5520868002347203e-28,2.55210135309869e-28,2.552101187171474e-28,2.552101590534578e-28,2.5519652280461654e-28,2.5519653326336695e-28,2.551965332633723e-28,2.5519654357055072e-28,2.551965435705507e-28,2.5519359751688762e-28,2.5519359751688762e-28,2.5519359859234016e-28,2.551948536745011e-28,2.55195343257185e-28,2.5519541104438e-28,2.551954015808917e-28,2.551916527936018e-28,2.5519144277148906e-28,2.5519144277148897e-28,2.5519147789081077e-28,2.551914778785547e-28,2.5519147787855526e-28,2.5519147707455226e-28,2.551914749344894e-28,2.551914749344894e-28,2.5519147493448934e-28,2.5517181079124475e-28,2.55168991728463e-28,2.551689271896519e-28,2.5516892718965186e-28,2.5516892507030157e-28,2.5516921956337826e-28,2.5516922034298117e-28,2.5517223529697475e-28,2.5517196538182284e-28,2.551719653818152e-28,2.5517196538181517e-28,2.5517102295928315e-28,2.5517097339258615e-28,2.551708245864522e-28,2.551707816250119e-28,2.5517078181238966e-28,2.551715093318698e-28,2.5517209057702646e-28,2.5517203216536947e-28,2.5517203216536943e-28,2.5517201597619795e-28,2.5517200023040297e-28,2.5517200023040247e-28,2.551720016965923e-28,2.5517123102937953e-28,2.5517102311453325e-28,2.5517102311453267e-28,2.5519065498617765e-28,2.55190636283204e-28,2.5518912506827965e-28,2.5518912506825808e-28,2.551891251855732e-28,2.5518923284321997e-28,2.551892328432199e-28,2.5519105413941323e-28,2.55190350652144e-28,2.55190350652144e-28,2.5518977433496904e-28,2.5518969851331694e-28,2.5518950013339767e-28,2.5518950072263023e-28,2.5518950342913104e-28,2.5518950340859944e-28,2.5518950340860697e-28,2.5518950342523247e-28,2.5518968507190884e-28,2.551898183307532e-28,2.551896973542745e-28,2.5518970201722353e-28,2.5518970201722353e-28,2.551892400243358e-28,2.5518924041025827e-28,2.551893238616911e-28,2.551892207534272e-28,2.55189239597271e-28,2.551892334873404e-28,2.551951532641451e-28,2.5519460574666456e-28,2.551946032268001e-28,2.5519507327777812e-28,2.5519509887461867e-28,2.5519686127663892e-28,2.5519666803361267e-28,2.551945599228267e-28,2.552024419714881e-28,2.55202441971491e-28,2.55202016111206e-28,2.552018519797977e-28,2.5520281977928913e-28,2.552029372595814e-28,2.552029986288965e-28,2.5520318466311815e-28,2.5520324401203345e-28,2.552032560681521e-28,2.5520041848139633e-28,2.5520064996346552e-28,2.5519961595073107e-28,2.5520017652961925e-28,2.552001765296191e-28,2.5519860095565882e-28,2.551986009556337e-28,2.5519860096137433e-28,2.551986419042954e-28,2.5519864190429538e-28,2.55198641904521e-28,2.5519784204767636e-28,2.551978067047154e-28,2.5519800453506706e-28,2.551979828651213e-28,2.5519918825065656e-28,2.551992271157357e-28,2.5519919182558203e-28,2.5519863270750123e-28,2.551985599857877e-28,2.551985605701023e-28,2.5519816722177353e-28,2.5519828528516897e-28,2.55198285285169e-28,2.551983157342187e-28,2.551982018992668e-28,2.5519787607130253e-28,2.5519721544214764e-28,2.551973328795343e-28,2.551971672362692e-28,2.551972853694723e-28,2.5519728536894615e-28,2.552028990202428e-28,2.552029299621134e-28,2.552029402189891e-28,2.5520348912469625e-28,2.5525438713732404e-28,2.5525441118335274e-28,2.55254413820698e-28,2.5525411709035223e-28,2.552541690303322e-28,2.552541690303306e-28,2.5525416903031185e-28,2.5525418155730157e-28,2.552518852548004e-28,2.5520887246586796e-28,2.5520842433693235e-28,2.5520842383593183e-28,2.552247138414288e-28,2.552247138410537e-28,2.5522779393220733e-28,2.552181943640182e-28,2.552181988808623e-28,2.5521529074472607e-28,2.55178327499997e-28,2.551782753785622e-28,2.5517827256387504e-28,2.5517504812980758e-28,2.551587060105972e-28,2.5515828538329265e-28,2.5515828155750704e-28,2.5515895100867973e-28,2.5515903295604233e-28,2.551590329560432e-28,2.551590047676793e-28,2.5515900404782656e-28,2.5515809949749582e-28,2.5515810239051834e-28,2.5515816913401582e-28,2.5515816913401596e-28,2.551592330015846e-28,2.551592330012135e-28,2.5515923300121097e-28,2.551590488875509e-28,2.551602085505914e-28,2.551621271494944e-28,2.5516212716560926e-28,2.5516205820980598e-28,2.551623275341198e-28,2.5516232449096906e-28,2.5515863738489466e-28,2.5515863738452925e-28,2.5515864963698142e-28,2.5515864511924894e-28,2.5515935226731066e-28,2.5515931482584426e-28,2.5515935118074324e-28,2.551592919843326e-28,2.551592878293424e-28,2.5515928782934254e-28,2.551634479902792e-28,2.551632476447151e-28,2.5516325216681194e-28,2.551621809842182e-28,2.551621809841328e-28,2.5516220121591845e-28,2.5516220121593342e-28,2.551622012157141e-28,2.5515710609671393e-28,2.55156751236103e-28,2.551567639181251e-28,2.551566956935623e-28,2.5515669961897925e-28,2.5515727859020407e-28,2.551572667032831e-28,2.551570053814742e-28,2.5502597626874434e-28,2.5500862916420877e-28,2.5500862555701653e-28,2.550097886515555e-28,2.5500978865155553e-28,2.550097886576904e-28,2.550097886579384e-28,2.5500657839791097e-28,2.5500379423073493e-28,2.55003681741388e-28,2.5500408130423144e-28,2.5500407480931207e-28,2.5500368621746477e-28,2.5500366047238155e-28,2.5500546498372275e-28,2.55005464983707e-28,2.5500538057270858e-28,2.5500541482857793e-28,2.5500207024964574e-28,2.550015457596289e-28,2.5500143335902893e-28,2.550013410133222e-28,2.550013410133221e-28,2.550115028379133e-28,2.550164296196103e-28,2.550163304222134e-28,2.5501669874539236e-28,2.5501666122610865e-28,2.5501835918860662e-28,2.549926263583625e-28,2.5499262635837803e-28,2.5499245230302107e-28,2.549943458499631e-28,2.5499432820488666e-28,2.5499451910873624e-28,2.549943876995867e-28,2.549943805350722e-28,2.5499803857032523e-28,2.549973155244907e-28,2.549966425064298e-28,2.5499668871615758e-28,2.5499646380814328e-28,2.549964638081588e-28,2.5499646907473163e-28,2.5499879149109615e-28,2.5499900477221674e-28,2.549990047722092e-28,2.5499899084729055e-28,2.5500412662889266e-28,2.5500587836955748e-28,2.550056436213304e-28,2.550206040768363e-28,2.5502061075368488e-28,2.5502061075366228e-28,2.5502059131306627e-28,2.550207726386456e-28,2.550003439309353e-28,2.5500034393093526e-28,2.5500018520090106e-28,2.550004821172354e-28,2.550002932328918e-28,2.5500030151788518e-28,2.549984772295765e-28,2.5499592368664587e-28,2.5499592294746846e-28,2.549959273648735e-28,2.549964284932681e-28,2.5499642476612014e-28,2.5499642476612072e-28,2.5499575419281997e-28,2.549953049813899e-28,2.5499530497900434e-28,2.5499287237856283e-28,2.550016447116847e-28,2.5500198662833267e-28,2.550019866283326e-28,2.5500192064577797e-28
3,0.0662633991614029,0.0662633991614029,0.0662633991614029,0.0662633991614029,0.06626339916140292,0.06626339916140292,0.06626339916140293,0.06626339916140293,0.06626339916140293,0.06626339916140293,0.06626339916140293,0.06626339916140296,0.06626339916140296,0.06626339916140296,0.06626339916140296,0.06626339916140293,0.06626339916140296,0.06626339916140296,0.06626339916140293,0.06626339916140293,0.06626339916140293,0.06626339916140293,0.06626339916140293,0.06626339916140293,0.06626339916140293,0.06626339916140293,0.06626339916140293,0.06626339916140293,0.06626339916140293,0.06626339916140295,0.06626339916140295,0.06626339916140293,0.06626339916140293,0.06626339916140293,0.06626339916140293,0.06626339916140293,0.06626339916140293,0.06626339916140293,0.06626339916140293,0.06626339916140293,0.06626339916140293,0.06626339916140293,0.06626339916140293,0.06626339916140293,0.06626339916140293,0.06626339916140293,0.06626339916140293,0.06626339916140293,0.06626339916140293,0.06626339916140295,0.06626339916140295,0.06626339916140293,0.06626339916140293,0.06626339916140293,0.06626339916140293,0.06626339916140295,0.06626339916140293,0.06626339916140293,0.06626339916140293,0.06626339916140293,0.06626339916140293,0.06626339916140293,0.06626339916140295,0.06626339916140295,0.06626339916140293,0.06626339916140293,0.06626339916140293,0.06626339916140293,0.06626339916140293,0.06626339916140293,0.06626339916140295,0.06626339916140295,0.06626339916140293,0.06626339916140293,0.06626339916140293,0.06626339916140293,0.06626339916140293,0.06626339916140293,0.06626339916140293,0.06626339916140293,0.06626339916140293,0.06626339916140293,0.06626339916140295,0.06626339916140293,0.06626339916140293,0.06626339916140293,0.06626339916140293,0.06626339916140293,0.06626339916140293,0.06626339916140293,0.06626339916140293,0.06626339916140293,0.06626339916140293,0.06626339916140293,0.06626339916140293,0.06626339916140295,0.06626339916140293,0.06626339916140293,0.06626339916140293,0.06626339916140295,0.06626339916140295,0.06626339916140293,0.06626339916140293,0.06626339916140293,0.06626339916140293,0.06626339916140293,0.06626339916140293,0.06626339916140293,0.06626339916140293,0.06626339916140295,0.06626339916140295,0.06626339916140293,0.06626339916140295,0.06626339916140293,0.06626339916140293,0.06626339916140293,0.06626339916140293,0.06626339916140293,0.06626339916140293,0.06626339916140293,0.06626339916140295,0.06626339916140293,0.06626339916140293,0.06626339916140293,0.06626339916140293,0.06626339916140293,0.06626339916140293,0.06626339916140293,0.06626339916140293,0.06626339916140295,0.06626339916140295,0.06626339916140293,0.06626339916140293,0.06626339916140295,0.06626339916140293,0.06626339916140293,0.06626339916140293,0.06626339916140293,0.06626339916140295,0.06626339916140293,0.06626339916140293,0.06626339916140293,0.06626339916140293,0.06626339916140293,0.06626339916140295,0.06626339916140295,0.06626339916140295,0.06626339916140293,0.06626339916140293,0.06626339916140293,0.06626339916140293,0.06626339916140293,0.06626339916140295,0.06626339916140295,0.06626339916140295,0.06626339916140295,0.06626339916140293,0.06626339916140293,0.06626339916140293,0.06626339916140293,0.06626339916140293,0.06626339916140293,0.06626339916140293,0.06626339916140293,0.06626339916140293,0.06626339916140293,0.06626339916140295,0.06626339916140295,0.06626339916140293,0.06626339916140295,0.06626339916140293,0.06626339916140293,0.06626339916140293,0.06626339916140293,0.06626339916140293,0.06626339916140295,0.06626339916140293,0.06626339916140295,0.06626339916140293,0.06626339916140293,0.06626339916140293,0.06626339916140293,0.06626339916140293,0.06626339916140293,0.06626339916140293,0.06626339916140293,0.06626339916140293,0.06626339916140293,0.06626339916140293,0.06626339916140293,0.06626339916140295,0.06626339916140293,0.06626339916140293,0.06626339916140295,0.06626339916140295,0.06626339916140293,0.06626339916140293,0.06626339916140295,0.06626339916140293,0.06626339916140293,0.06626339916140293,0.06626339916140293,0.06626339916140293,0.06626339916140293,0.06626339916140295,0.06626339916140295,0.06626339916140295,0.06626339916140293,0.06626339916140295,0.06626339916140295,0.06626339916140293,0.06626339916140293,0.06626339916140295,0.06626339916140293,0.06626339916140293,0.06626339916140293,0.06626339916140293,0.06626339916140293,0.06626339916140295,0.06626339916140293,0.06626339916140293,0.06626339916140293,0.06626339916140293,0.06626339916140293,0.06626339916140293,0.06626339916140293,0.06626339916140293,0.06626339916140293,0.06626339916140293,0.06626339916140293,0.06626339916140293,0.06626339916140293,0.06626339916140293,0.06626339916140295,0.06626339916140293,0.06626339916140295,0.06626339916140293,0.06626339916140293,0.06626339916140295,0.06626339916140293,0.06626339916140293,0.06626339916140293,0.06626339916140293,0.06626339916140293,0.06626339916140293,0.06626339916140293,0.06626339916140293,0.06626339916140293,0.06626339916140293,0.06626339916140293,0.06626339916140295,0.06626339916140295,0.06626339916140295,0.06626339916140293,0.06626339916140293,0.06626339916140293,0.06626339916140295,0.06626339916140293,0.06626339916140293,0.06626339916140295,0.06626339916140295,0.06626339916140293,0.06626339916140293,0.06626339916140295,0.06626339916140293,0.06626339916140293,0.06626339916140295,0.06626339916140295,0.06626339916140293,0.06626339916140293,0.06626339916140293,0.06626339916140293,0.06626339916140293,0.06626339916140293,0.06626339916140293,0.06626339916140293,0.06626339916140293,0.06626339916140293,0.06626339916140295,0.06626339916140293,0.06626339916140293,0.06626339916140293,0.06626339916140295,0.06626339916140295,0.06626339916140293,0.06626339916140293,0.06626339916140293,0.06626339916140293,0.06626339916140293,0.06626339916140293,0.06626339916140293,0.06626339916140293,0.06626339916140293,0.06626339916140293,0.06626339916140293,0.06626339916140293,0.06626339916140295,0.06626339916140293,0.06626339916140293,0.06626339916140293,0.06626339916140293,0.06626339916140295,0.06626339916140293,0.06626339916140293,0.06626339916140293,0.06626339916140293,0.06626339916140293,0.06626339916140293,0.06626339916140293,0.06626339916140293,0.06626339916140295,0.06626339916140295,0.06626339916140295,0.06626339916140295,0.06626339916140295,0.06626339916140293,0.06626339916140293,0.06626339916140295,0.06626339916140295,0.06626339916140293,0.06626339916140293,0.06626339916140293,0.06626339916140293,0.06626339916140293,0.06626339916140293,0.06626339916140293,0.06626339916140293,0.06626339916140293,0.06626339916140293,0.06626339916140295,0.06626339916140293,0.06626339916140295,0.06626339916140295,0.06626339916140295,0.06626339916140295,0.06626339916140293,0.06626339916140293,0.06626339916140293,0.06626339916140295,0.06626339916140295,0.06626339916140293,0.06626339916140295,0.06626339916140295,0.06626339916140295,0.06626339916140293,0.06626339916140293,0.06626339916140293,0.06626339916140293,0.06626339916140293,0.06626339916140295,0.06626339916140295,0.06626339916140293,0.06626339916140293,0.06626339916140293,0.06626339916140293,0.06626339916140293,0.06626339916140293,0.06626339916140293,0.06626339916140293,0.06626339916140293,0.06626339916140293,0.06626339916140293,0.06626339916140293,0.06626339916140293,0.06626339916140293,0.06626339916140293,0.06626339916140293,0.06626339916140293,0.06626339916140293,0.06626339916140293,0.06626339916140293,0.06626339916140293,0.06626339916140293,0.06626339916140293,0.06626339916140293,0.06626339916140295,0.06626339916140293,0.06626339916140293,0.06626339916140293,0.06626339916140293,0.06626339916140293,0.06626339916140295,0.06626339916140295,0.06626339916140293,0.06626339916140293,0.06626339916140293,0.06626339916140295,0.06626339916140295,0.06626339916140293,0.06626339916140293,0.06626339916140295,0.06626339916140293,0.06626339916140293,0.06626339916140295,0.06626339916140293,0.06626339916140293,0.06626339916140293,0.06626339916140293,0.06626339916140293,0.06626339916140293,0.06626339916140293,0.06626339916140293,0.06626339916140293,0.06626339916140293,0.06626339916140293,0.06626339916140293,0.06626339916140293,0.06626339916140295,0.06626339916140293,0.06626339916140293,0.06626339916140293,0.06626339916140293,0.06626339916140293,0.06626339916140293,0.06626339916140295,0.06626339916140295,0.06626339916140293,0.06626339916140293,0.06626339916140293,0.06626339916140293,0.06626339916140293,0.06626339916140293,0.06626339916140293,0.06626339916140293,0.06626339916140293,0.06626339916140293,0.06626339916140293,0.06626339916140293,0.06626339916140293,0.06626339916140295,0.06626339916140293,0.06626339916140295,0.06626339916140293,0.06626339916140293,0.06626339916140293,0.06626339916140295,0.06626339916140293,0.06626339916140293,0.06626339916140293,0.06626339916140293,0.06626339916140295,0.06626339916140293,0.06626339916140293,0.06626339916140295,0.06626339916140293,0.06626339916140295,0.06626339916140295,0.06626339916140295,0.06626339916140295,0.06626339916140293,0.06626339916140293,0.06626339916140293,0.06626339916140293,0.06626339916140293,0.06626339916140293,0.06626339916140293,0.06626339916140295,0.06626339916140295,0.06626339916140295,0.06626339916140295,0.06626339916140293,0.06626339916140293,0.06626339916140293,0.06626339916140293,0.06626339916140293,0.06626339916140293,0.06626339916140295,0.06626339916140295,0.06626339916140295,0.06626339916140295,0.06626339916140293,0.06626339916140293,0.06626339916140293,0.06626339916140293,0.06626339916140293,0.06626339916140293,0.06626339916140293,0.06626339916140293,0.06626339916140293,0.06626339916140293,0.06626339916140293,0.06626339916140293,0.06626339916140293,0.06626339916140293,0.06626339916140293,0.06626339916140293,0.06626339916140293,0.06626339916140293,0.06626339916140293,0.06626339916140293,0.06626339916140293,0.06626339916140293,0.06626339916140293,0.06626339916140293,0.06626339916140293,0.06626339916140293,0.06626339916140295,0.06626339916140295,0.06626339916140293,0.06626339916140293,0.06626339916140293,0.06626339916140293,0.06626339916140293,0.06626339916140293,0.06626339916140293,0.06626339916140295,0.06626339916140293,0.06626339916140293,0.06626339916140295,0.06626339916140295,0.06626339916140293,0.06626339916140293,0.06626339916140293,0.06626339916140293,0.06626339916140293,0.06626339916140293,0.06626339916140293,0.06626339916140295,0.06626339916140295,0.06626339916140293,0.06626339916140293,0.06626339916140293,0.06626339916140295,0.06626339916140295,0.06626339916140293,0.06626339916140293,0.06626339916140293,0.06626339916140293,0.06626339916140293,0.06626339916140293,0.06626339916140293,0.06626339916140293,0.06626339916140293,0.06626339916140293,0.06626339916140293,0.06626339916140295,0.06626339916140295,0.06626339916140293,0.06626339916140293,0.06626339916140293,0.06626339916140293,0.06626339916140293,0.06626339916140293,0.06626339916140293,0.06626339916140293,0.06626339916140293,0.06626339916140293,0.06626339916140293,0.06626339916140293,0.06626339916140293,0.06626339916140293,0.06626339916140293,0.06626339916140293,0.06626339916140293,0.06626339916140293,0.06626339916140293,0.06626339916140293,0.06626339916140293,0.06626339916140293,0.06626339916140293,0.06626339916140295,0.06626339916140293,0.06626339916140293,0.06626339916140293,0.06626339916140293,0.06626339916140293,0.06626339916140293,0.06626339916140293,0.06626339916140293,0.06626339916140293,0.06626339916140293,0.06626339916140293,0.06626339916140293,0.06626339916140293,0.06626339916140295,0.06626339916140293,0.06626339916140293,0.06626339916140293,0.06626339916140293,0.06626339916140295,0.06626339916140295,0.06626339916140295,0.06626339916140293,0.06626339916140293,0.06626339916140293,0.06626339916140293,0.06626339916140295,0.06626339916140293,0.06626339916140295,0.06626339916140293,0.06626339916140295,0.06626339916140293,0.06626339916140293,0.06626339916140293,0.06626339916140295,0.06626339916140293,0.06626339916140293,0.06626339916140295,0.06626339916140295,0.06626339916140295,0.06626339916140293,0.06626339916140295,0.06626339916140293,0.06626339916140293,0.06626339916140295,0.06626339916140293,0.06626339916140295,0.06626339916140293,0.06626339916140293,0.06626339916140295,0.06626339916140295,0.06626339916140293,0.06626339916140293,0.06626339916140293,0.06626339916140293,0.06626339916140293,0.06626339916140293,0.06626339916140293,0.06626339916140293,0.06626339916140293,0.06626339916140293,0.06626339916140293,0.06626339916140295,0.06626339916140295,0.06626339916140293,0.06626339916140293,0.06626339916140295,0.06626339916140295,0.06626339916140293,0.06626339916140293,0.06626339916140293,0.06626339916140293,0.06626339916140293,0.06626339916140293,0.06626339916140293,0.06626339916140293,0.06626339916140293,0.06626339916140293,0.06626339916140295,0.06626339916140295,0.06626339916140295,0.06626339916140293,0.06626339916140293,0.06626339916140293,0.06626339916140293,0.06626339916140295,0.06626339916140293,0.06626339916140293,0.06626339916140293,0.06626339916140293,0.06626339916140295,0.06626339916140293,0.06626339916140293,0.06626339916140293,0.06626339916140293,0.06626339916140293,0.06626339916140293,0.06626339916140293,0.06626339916140293,0.06626339916140293,0.06626339916140293,0.06626339916140293,0.06626339916140293,0.06626339916140293,0.06626339916140293,0.06626339916140293,0.06626339916140293,0.06626339916140293,0.06626339916140293,0.06626339916140295,0.06626339916140293,0.06626339916140293,0.06626339916140293,0.06626339916140293,0.06626339916140293,0.06626339916140293,0.06626339916140295,0.06626339916140293,0.06626339916140293,0.06626339916140293,0.06626339916140293,0.06626339916140293,0.06626339916140293,0.06626339916140293,0.06626339916140295,0.06626339916140293,0.06626339916140293,0.06626339916140295,0.06626339916140293,0.06626339916140293,0.06626339916140295,0.06626339916140293,0.06626339916140293,0.06626339916140293,0.06626339916140293,0.06626339916140293,0.06626339916140295,0.06626339916140295,0.06626339916140295,0.06626339916140295,0.06626339916140293,0.06626339916140295,0.06626339916140295,0.06626339916140293,0.06626339916140293,0.06626339916140295,0.06626339916140293,0.06626339916140293,0.06626339916140293,0.06626339916140295,0.06626339916140293,0.06626339916140293,0.06626339916140293,0.06626339916140293,0.06626339916140295,0.06626339916140293,0.06626339916140293,0.06626339916140295,0.06626339916140293,0.06626339916140293,0.06626339916140293,0.06626339916140293,0.06626339916140295,0.06626339916140293,0.06626339916140293,0.06626339916140293,0.06626339916140293,0.06626339916140293,0.06626339916140295,0.06626339916140293,0.06626339916140293,0.06626339916140293,0.06626339916140293,0.06626339916140293,0.06626339916140293,0.06626339916140295,0.06626339916140295,0.06626339916140293,0.06626339916140293,0.06626339916140293,0.06626339916140293,0.06626339916140293,0.06626339916140293,0.06626339916140293,0.06626339916140293,0.06626339916140293,0.06626339916140293,0.06626339916140295,0.06626339916140295,0.06626339916140293,0.06626339916140295,0.06626339916140295,0.06626339916140295,0.06626339916140295,0.06626339916140293,0.06626339916140293,0.06626339916140295,0.06626339916140295,0.06626339916140293,0.06626339916140293,0.06626339916140293,0.06626339916140295,0.06626339916140293,0.06626339916140295,0.06626339916140293,0.06626339916140295,0.06626339916140295,0.06626339916140293,0.06626339916140293,0.06626339916140293,0.06626339916140293,0.06626339916140293,0.06626339916140293,0.06626339916140293,0.06626339916140295,0.06626339916140293,0.06626339916140293,0.06626339916140293,0.06626339916140293,0.06626339916140295,0.06626339916140293,0.06626339916140293,0.06626339916140293,0.06626339916140293,0.06626339916140293,0.06626339916140293,0.06626339916140295,0.06626339916140293,0.06626339916140293,0.06626339916140293,0.06626339916140293,0.06626339916140295,0.06626339916140295,0.06626339916140293,0.06626339916140293,0.06626339916140293,0.06626339916140293,0.06626339916140293,0.06626339916140293,0.06626339916140293,0.06626339916140293,0.06626339916140293,0.06626339916140293,0.06626339916140293,0.06626339916140293,0.06626339916140293,0.06626339916140293,0.06626339916140293,0.06626339916140293,0.06626339916140293,0.06626339916140293,0.06626339916140293,0.06626339916140293,0.06626339916140293,0.06626339916140293,0.06626339916140293,0.06626339916140293,0.06626339916140293,0.06626339916140293,0.06626339916140293,0.06626339916140295,0.06626339916140293,0.06626339916140293,0.06626339916140293,0.06626339916140293,0.06626339916140295,0.06626339916140293,0.06626339916140293,0.06626339916140295,0.06626339916140295,0.06626339916140295,0.06626339916140293,0.06626339916140295,0.06626339916140295,0.06626339916140293,0.06626339916140293,0.06626339916140293,0.06626339916140293,0.06626339916140295,0.06626339916140293,0.06626339916140293,0.06626339916140293,0.06626339916140295,0.06626339916140293,0.06626339916140293,0.06626339916140293,0.06626339916140295,0.06626339916140293,0.06626339916140293,0.06626339916140293,0.06626339916140293,0.06626339916140295,0.06626339916140293,0.06626339916140295,0.06626339916140293,0.06626339916140293,0.06626339916140295,0.06626339916140295,0.06626339916140293,0.06626339916140293,0.06626339916140293,0.06626339916140293,0.06626339916140295,0.06626339916140293,0.06626339916140293,0.06626339916140293,0.06626339916140293,0.06626339916140293,0.06626339916140295,0.06626339916140295,0.06626339916140295,0.06626339916140293,0.06626339916140295,0.06626339916140295,0.06626339916140293,0.06626339916140293,0.06626339916140295,0.06626339916140293,0.06626339916140293,0.06626339916140295,0.06626339916140295,0.06626339916140293,0.06626339916140295,0.06626339916140293,0.06626339916140295,0.06626339916140293,0.06626339916140293,0.06626339916140293,0.06626339916140293,0.06626339916140293,0.06626339916140293,0.06626339916140293,0.06626339916140293,0.06626339916140293,0.06626339916140293,0.06626339916140293,0.06626339916140293,0.06626339916140295,0.06626339916140293,0.06626339916140293,0.06626339916140293,0.06626339916140293,0.06626339916140293,0.06626339916140293,0.06626339916140295,0.06626339916140295,0.06626339916140293,0.06626339916140293,0.06626339916140293,0.06626339916140293,0.06626339916140293,0.06626339916140293,0.06626339916140293,0.06626339916140295,0.06626339916140293,0.06626339916140293,0.06626339916140293,0.06626339916140295,0.06626339916140295,0.06626339916140295,0.06626339916140293,0.06626339916140295,0.06626339916140293,0.06626339916140295,0.06626339916140293,0.06626339916140293,0.06626339916140293,0.06626339916140293,0.06626339916140293,0.06626339916140295,0.06626339916140295,0.06626339916140293,0.06626339916140293,0.06626339916140295,0.06626339916140295,0.06626339916140295,0.06626339916140295,0.06626339916140295,0.06626339916140295,0.06626339916140293,0.06626339916140295,0.06626339916140293,0.06626339916140293,0.06626339916140295,0.06626339916140295,0.06626339916140293,0.06626339916140293,0.06626339916140295,0.06626339916140295,0.06626339916140295,0.06626339916140295,0.06626339916140295,0.06626339916140295,0.06626339916140293,0.06626339916140295,0.06626339916140295,0.06626339916140295,0.06626339916140293,0.06626339916140293,0.06626339916140293,0.06626339916140293,0.06626339916140293,0.06626339916140295,0.06626339916140293,0.06626339916140293,0.06626339916140295,0.06626339916140293,0.06626339916140293,0.06626339916140293,0.06626339916140293,0.06626339916140293,0.06626339916140293,0.06626339916140293,0.06626339916140295,0.06626339916140293,0.06626339916140295,0.06626339916140293,0.06626339916140293,0.06626339916140293,0.06626339916140293,0.06626339916140295,0.06626339916140293,0.06626339916140295,0.06626339916140295,0.06626339916140293,0.06626339916140295,0.06626339916140293,0.06626339916140293,0.06626339916140295,0.06626339916140295,0.06626339916140295,0.06626339916140293,0.06626339916140293,0.06626339916140293,0.06626339916140293,0.06626339916140293,0.06626339916140293,0.06626339916140293,0.06626339916140295,0.06626339916140293,0.0662596275957099,0.0662558268204458,0.06625199642657893,0.06624813599653724,0.06624424510397584,0.06624032331353617,0.06623637018059798,0.06623238525102172,0.06622836806088266,0.06622431813619578,0.06622023499263076,0.06621611813521736,0.0662119670580402,0.06620778124392239,0.06620356016409862,0.06619930327787538,0.06619501003227987,0.06619067986169531,0.06618631218748354,0.06618190641759267,0.06617746194615105,0.06617297815304539,0.06616845440348312,0.066163890047538,0.06615928441967821,0.06615463683827644,0.06614994660510042,0.06614521300478397,0.06614043530427667,0.0661356127522718,0.06613074457861146,0.06612582999366728,0.06612086818769605,0.0661158583301689,0.06611079956907254,0.06610569103018162,0.06610053181630014,0.06609532100647092,0.06609005765515095,0.06608474079135179,0.06607936941774216,0.06607394250971098,0.06606845901438985,0.06606291784963106,0.06605731790294034,0.066051658030361,0.06604593705530698,0.06604015376734246,0.06603430692090419,0.06602839523396457,0.0660224173866308,0.06601637201967753,0.0660102577330088,0.06600407308404505,0.06599781658603104,0.0659914867062599,0.06598508186420884,0.0659786004295799,0.06597204072024175,0.06596540100006523,0.0659586794766464,0.0659518742989104,0.06594498355458807,0.06593800526755791,0.06593093739504412,0.06592377782466168,0.06591652437129855,0.06590917477382392,0.06590172669161126,0.06589417770086298,0.06588652529072417,0.06587876685916966,0.06587089970864965,0.06586292104147637,0.06585482795493258,0.06584661743608382,0.06583828635627005,0.06582983146525562,0.06582124938501013,0.06581253660309318,0.06580368946561264,0.06579470416972279,0.06578557675562693,0.06577630309804489,0.06576687889710232,0.0657572996685944,0.06574756073357296,0.0657376572072,0.06572758398680559,0.06571733573908181,0.06570690688633755,0.06569629159173161,0.06568548374339232,0.06567447693732226,0.06566326445897774,0.06565183926339765,0.06564019395374493,0.06562832075810823,0.06561621150439319,0.06560385759311421,0.06559124996787544,0.06557837908330404,0.06556523487017078,0.06555180669740081,0.06553808333064007,0.06552405288700083,0.06550970278556122,0.06549501969313805,0.06547998946478863,0.06546459707842223,0.06544882656281834,0.06543266091824743,0.06541608202877698,0.06539907056520956,0.0653816058774438,0.06536366587486413,0.06534522689314963,0.06532626354563609,0.06530674855706246,0.06528665257717586,0.06526594397123804,0.06524458858396646,0.06522254947282699,0.06519978660585275,0.0651762565182665,0.06515191192109036,0.06512670125359288,0.06510056816978312,0.06507345094714295,0.06504528180327647,0.06501598610303311,0.06498548143473554,0.0649536765291937,0.06492046998889993,0.06488574878675854,0.06484938648335067,0.06481124109829901,0.06477115255372344,0.0647289395846026,0.06468439598001065,0.0646372859777589,0.06458733857873702,0.06453424047013061,0.06447762713969446,0.06441707161305661,0.06435207003241558,0.0642820229870729,0.06420621105596183,0.06412376235385368,0.06403360886478088,0.0639344268011907,0.06382455381936725,0.06370187211959324,0.06356364035427588,0.0634062474410223,0.06322484559897985,0.0630127955133165,0.06276082291551559,0.062455757313738265,0.06207877864347648,0.06160353916494146,0.060996209057890056,0.060223314390693436,0.059274092771024786,0.058185338366965114,0.057034461610321135,0.05590119327933898,0.05483849638842642,0.0538681096590738,0.05298796985917632,0.05218038547550689,0.05141800955239954,0.0506668737771619,0.04988874975270936,0.04905812447117186,0.04818218958726445,0.04729028284600416,0.04641317079425866,0.04557296489819893,0.044782123914096514,0.04404584270230587,0.04336472551862466,0.04273678817063419,0.04215874331490291,0.04162676179880565,0.04113690065136089,0.0406853324005205,0.04026845986064083,0.039882966145187417,0.03952582863214422,0.0391943133404509,0.038885959140387505,0.03859855719657572,0.03833012872471867,0.03807890279610953,0.03784329513404191,0.037621888379948086,0.03741341403189877,0.03721673609753941,0.037030836412316706,0.03685480152347551,0.036687811017518314,0.03652912715928375,0.036378085712120936,0.036234087813920846,0.03609659279286653,0.03596511181625951,0.03583920227615122,0.03571846282535424,0.03560252898686825,0.03549106926846441,0.03538378172213335,0.035280390894872685,0.03518064512447396,0.035084314138720624,0.03499118692200366,0.034901069817640025,0.034813784838043024,0.03472916815829081,0.03464706877173184,0.03456734728876553,0.03448987486233649,0.03441453222558265,0.03434120882899592,0.034269802065716025,0.03420021657529952,0.034132363617235116,0.03406616050623871,0.03400153010306867,0.03393840035455309,0.03387670387763747,0.033816377582787244,0.03375736233263762,0.033699602632193286,0.03364304634741271,0.033587644449030195,0.03353335077940631,0.03348012183990618,0.033427916596768845,0.03337669630367083,0.033326424339489256,0.033277066059565714,0.03322858865948462,0.03318096104979392,0.03313415374105974,0.033088138738195855,0.03304288944279766,0.032998380563521244,0.032954588033071455,0.03291148893170413,0.03286906141643077,0.032827284655336325,0.03278613876707006,0.03274560476438834,0.032705664501930375,0.032666300627618175,0.032627496537515725,0.03258923633378991,0.03255150478546971,0.03251428729200688,0.032477569849133185,0.03244133901703069,0.0324055818905682,0.03237028607150032,0.03233543964230235,0.03230103114180401,0.03226704954227121,0.03223348422782691,0.03220032497437591,0.032167561930578834,0.03213518559996543,0.03210318682416393,0.03207155676710306,0.032040286899990764,0.032009368987397833,0.03197879507390236,0.03194855747153171,0.031918648748022985,0.031889061715517565,0.03185978941998152,0.03183082513129654,0.03180216233360597,0.031773794716388574,0.031745716165959455,0.03171792075733829,0.03169040274657855,0.03166315656332399,0.03163617680416293,0.0316094582258285,0.031582995738982024,0.031556784402199015,0.03153081941638293,0.03150509611928192,0.03147960998035713,0.03145435659497299,0.03142933168235194,0.03140453107849488,0.03137995073273932,0.031355586703638014,0.0313314351551734,0.03130749235297778,0.031283754660749036,0.03126021853687399,0.031236880531144217,0.031213737281591134,0.031190785511700198,0.031168022027294368,0.031145443713865465,0.03112304753397741,0.03110083052478059,0.031078789795470792,0.03105692252506704,0.0310352259601036,0.03101369741266932,0.03099233425799731,0.03097113393282963,0.030950093933349385,0.030929211813382148,0.030908485182647966,0.030887911705052094,0.03086748909706525,0.030847215126174766,0.030827087609291846,0.030807104411426353,0.030787263444197164,0.030767562664490742,0.03074800007316471,0.03072857371385724,0.03070928167162233,0.030690122071960424,0.030671093079491056,0.030652192896960723,0.03063341976425916,0.030614771957311257,0.030596247787120737,0.03057784559873768,0.030559563770618643,0.03054140071338585,0.030523354869184813,0.030505424710822706,0.03048760874090395,0.03046990549118505,0.03045231352178831,0.030434831420143738,0.030417457800870504,0.030400191304692844,0.03038303059795443,0.03036597437182971,0.030349021341840178,0.030332170247187543,0.030315419850199372,0.03029876893575519,0.0302822163107466,0.030265760803541736,0.030249401263440355,0.03023313656029917,0.03021696558386312,0.03020088724343588,0.030184900467347793,0.03016900420256969,0.030153197414245117,0.03013747908529569,0.030121848215977493,0.030106303823553473,0.030090844941801174,0.030075470620819084,0.030060179926470483,0.03004497194008259,0.03002984575827059,0.03001480049238835,0.0299998352682617,0.029984949225973136,0.02997014151943981,0.029955411316175504,0.029940757796955115,0.02992618015559964,0.029911677598647705,0.029897249345110143,0.029882894626193646,0.02986861268506728,0.029854402776601056,0.029840264167097914,0.029826196134158094,0.029812197966324106,0.029798268962919407,0.02978440843387947,0.029770615699411033,0.029756890089897743,0.02974323094570362,0.02972963761685629,0.029716109462999386,0.029702645853107012,0.02968924616535324,0.029675909786915942,0.029662636113787715,0.02964942455063349,0.0296362745106215,0.029623185415235464,0.029610156694147557,0.029597187785052062,0.029584278133531778,0.02957142719288045,0.029558634423980375,0.0295458992951446,0.02953322128196853,0.02952059986727027,0.02950803454087862,0.029495524799562394,0.029483070146849383,0.029470670092944764,0.0294583241545802,0.029446031854945896,0.029433792723604843,0.02942160629621969,0.02940947211460251,0.029397389726524687,0.029385358685683004,0.029373378551443934,0.02936144888907487,0.029349569269320922,0.029337739268331834,0.029325958467761013,0.02931422645451028,0.029302542820727615,0.02929090716362463,0.029279319085558083,0.029267778193791363,0.029256284100402086,0.02924483642237596,0.02923343478135865,0.02922207880366998,0.02921076812007265,0.0291995023659456,0.029188281181036318,0.029177104209419793,0.02916597109950225,0.029154881503841122,0.029143835079149933,0.029132831486215517,0.02912187038985394,0.029110951458754055,0.029100074365534006,0.02908923878670297,0.029078444402428676,0.02906769089663461,0.029056977956928128,0.02904630527436811,0.029035672543703477,0.029025079463093295,0.029014525734063722,0.029004011061724757,0.028993535154436034,0.02898309772356269,0.028972698484001705,0.02896233715378685,0.028952013453997893,0.028941727108869875,0.028931477845624495,0.02892126539451389,0.02891108948873236,0.02890094986440979,0.02889084626043447,0.028880778418685294,0.02887074608367656,0.028860749002796237,0.028850786925991304,0.028840859605988,0.028830966798088123,0.028821108260232448,0.02881128375285361,0.028801493038981798,0.0287917358840281,0.028782012055920826,0.028772321324999996,0.02876266346395227,0.028753038247844233,0.02874344545406429,0.028733884862202914,0.0287243562542313,0.0287148594142584,0.028705394128530206,0.028695960185660976,0.028686557376210852,0.02867718549288376,0.02866784433047369,0.028658533685826965,0.028649253357794,0.028640003147236363,0.02863078285698648,0.0286215922917726,0.028612431258269674,0.0286032995651927,0.028594197022815626,0.028585123443442762,0.028576078641229883,0.028567062432031633,0.028558074633514504,0.028549115065094867,0.028540183547885782,0.02853127990477562,0.02852240396027156,0.02851355554055521,0.028504734473393887,0.028495940588360046,0.028487173716433552,0.028478433690242267,0.028469720343980105,0.028461033513345304,0.028452373035614265,0.028443738749526166,0.028435130495287963,0.02842654811464698,0.028417991450720315,0.028409460348096157,0.028400954652763172,0.02839247421210056,0.028384018874858852,0.02837558849117865,0.028367182912518878,0.028358801991685247,0.028350445582773567,0.028342113541288284,0.028333805723797498,0.02832552198831701,0.028317262194051753,0.028309026201465977,0.02830081387222465,0.028292625069215295,0.028284459656518716,0.028276317499391065,0.028268198464259188,0.028260102418648573,0.028252029231384475,0.028243978772263686,0.028235950912247933,0.028227945523404706,0.0282199624788818,0.028212001652910344,0.02820406292080249,0.02819614615886757,0.028188251244511922,0.02818037805614611,0.02817252647319916,0.028164696376081592,0.028156887646315572,0.028149100166255058,0.028141333819304257,0.028133588489813805,0.028125864063096202,0.028118160425372987,0.028110477463844104,0.02810281506664502,0.02809517312271428,0.028087551521979774,0.02807995015522345,0.02807236891414433,0.02806480769129173,0.028057266380056598,0.02804974487475315,0.028042243070475405,0.028034760863170038,0.028027298149636514,0.028019854827411803,0.028012430794882356,0.028005025951323585,0.027997640196722764,0.02799027343176681,0.02798292555808783,0.027975596477978353,0.027968286094513573,0.02796099431151345,0.027953721033573097,0.02794646616598507,0.027939229614756624,0.027932011286710717,0.027924811089287672,0.02791762893066942,0.02791046471971595,0.027903318366004893,0.027896189779789672,0.027889078872000622,0.027881985554243906,0.027874909738802772,0.027867851338537947,0.027860810267072742,0.027853786438648383,0.027846779768106993,0.027839790170923338,0.027832817563222156,0.027825861861744117,0.027818922983864573,0.027812000847475343,0.027805095371167935,0.02779820647406337,0.027791334075983536,0.02778447809719555,0.027777638458607427,0.0277708150817199,0.027764007888558925,0.02775721680174542,0.02775044174443367,0.0277436826403373,0.02773693941371905,0.02773021198937777,0.02772350029264218,0.02771680424937927,0.027710123785970885,0.027703458829353173,0.02769680930693494,0.02769017514667061,0.027683556276983056,0.02767695262682176,0.027670364125608686,0.02766379070330976,0.027657232290304378,0.02765068881752202,0.027644160216339773,0.027637646418601114,0.027631147356632666,0.027624662963222132,0.027618193171600233,0.027611737915479547,0.02760529712900344,0.0275988707468034,0.027592458703915138,0.027586060935821197,0.02757967737844755,0.027573307968164415,0.027566952641742925,0.027560611336384915,0.027554283989736784,0.02754797053984081,0.02754167092515652,0.02753538508455042,0.02752911295730555,0.027522854483085193,0.02751660960197603,0.02751037825440825,0.02750416038133004,0.02749795592393918,0.02749176482387349,0.027485587023129556,0.027479422464167055,0.02747327108969913,0.027467132842891838,0.027461007667258952,0.02745489550666282,0.027448796305352567,0.027442710007947967,0.027436636559338437,0.02743057590486429,0.027424527990179474,0.027418492761312543,0.027412470164559395,0.027406460146625813,0.02740046265454543,0.027394477635666284,0.027388505037664292,0.027382544808640167,0.027376596896857886,0.027370661251025354,0.027364737820088844,0.027358826553454157,0.02735292740068344,0.027347040311724496,0.027341165236885373,0.027335302126649908,0.027329450931903556,0.02732361160382424,0.027317784093855522,0.027311968353815604,0.027306164335846102,0.027300371992119345,0.02729459127534858,0.027288822138484086,0.027283064534758678,0.02727731841767002,0.027271583740962932,0.02726586045876291,0.027260148525431103,0.027254447895530068,0.027248758523992344,0.027243080365962884,0.0272374133768687,0.027231757512402994,0.027226112728530195,0.02722047898147288,0.027214856227715734,0.027209244424006754,0.02720364352730673,0.02719805349488554,0.027192474284242815,0.027186905853140615,0.027181348159548705,0.027175801161726527,0.027170264818156722,0.027164739087591063,0.027159223928975375,0.027153719301510292,0.02714822516464207,0.027142741478022356,0.02713726820163126,0.027131805295582043,0.02712635272024203,0.027120910436204588,0.027115478404264728,0.027110056585535575,0.027104644941255356,0.027099243432941282,0.02709385202225594,0.027088470671138377,0.027083099341758676,0.02707773799644298,0.02707238659774064,0.027067045108489275,0.027061713491638925,0.027056391710363146,0.027051079728133764,0.027045777508544384,0.027040485015341568,0.027035202212584705,0.027029929064454294,0.02702466553541922,0.027019411590025133,0.027014167193113697,0.027008932309636847,0.02700370690483139,0.02699849094406974,0.026993284392895136,0.026988087217079116,0.026982899382573235,0.026977720855496632,0.026972551602169405,0.026967391589096612,0.02696224078295396,0.026957099150596003,0.026951966659070747,0.02694684327559539,0.026941728967554066,0.026936623702505647,0.026931527448215305,0.02692644017259423,0.026921361843731874,0.02691629242988447,0.02691123189947299,0.02690618022109578,0.026901137363510914,0.026896103295645134,0.026891077986600752,0.026886061405619624,0.026881053522101173,0.02687605430565602,0.026871063726009115,0.026866081753052568,0.026861108356841055,0.02685614350758844,0.026851187175650493,0.026846239331552436,0.026841299945963383,0.02683636898970241,0.026831446433789284,0.026826532249277536,0.026821626407460285,0.02681672887977677,0.026811839637791317,0.026806958653223315,0.026802085897928037,0.026797221343952342,0.026792364963357344,0.026787516728474604,0.02678267661173524,0.026777844585706288,0.026773020623101867,0.026768204696762762,0.026763396779672523,0.026758596844968292,0.026753804865886632,0.026749020815822436,0.02674424466830382,0.02673947639698592,0.026734715975659414,0.026729963378241,0.02672521857877924,0.026720481551428744,0.026715752270552822,0.0267110307105628,0.02670631684597679,0.02670161065154085,0.026696912102046517,0.026692221172422897,0.026687537837732513,0.026682862073152364,0.02667819385399602,0.026673533155674185,0.02666887995373552,0.02666423422386382,0.02665959594182169,0.026654965083492282,0.026650341624932645,0.026645725542262886,0.026641116811718636,0.02663651540967856,0.026631921312606947,0.026627334497106424,0.026622754939886348,0.026618182617739822,0.026613617507604697,0.026609059586523934,0.02660450883163339,0.026599965220194068,0.026595428729564066,0.02659089933722054,0.02658637702074218,0.026581861757813303,0.026577353526224708,0.026572852303871557,0.026568358068750877,0.02656387079897128,0.026559390472736318,0.02655491706835357,0.026550450564234943,0.026545990938891085,0.0265415381709323,0.026537092239076812,0.026532653122076318,0.026528220798944516,0.02652379524860917,0.026519376450226825,0.026514964382905976,0.02651055902606984,0.026506160359062017,0.026501768361363094,0.026497383012550554,0.026493004292298998,0.026488632180388487,0.026484266656681837,0.026479907701116502,0.026475555293744374,0.02647120941470548,0.026466870044225425,0.02646253716261954,0.026458210750279442,0.02645389078772794,0.026449577255504685,0.026445270134313883,0.026440969404907685,0.026436675048150747,0.026432387044955107,0.026428105376319504,0.026423830023370707,0.026419560967286888,0.02641529818936935,0.02641104167090106,0.02640679139335464,0.026402547338258565,0.02639830948719077,0.026394077821846957,0.026389852323993764,0.026385632975473767,0.026381419758220247,0.026377212654216768,0.0263730116455688,0.026368816714415953,0.026364627843011516,0.026360445013671664,0.026356268208791136,0.0263520974108448,0.026347932602384053,0.026343773766025275,0.02633962088447612,0.026335473940512572,0.026331332916991378,0.026327197796831674,0.026323068563039564,0.02631894519867233,0.02631482768687971,0.02631071601088734,0.026306610153980507,0.02630251009952418,0.026298415830948826,0.026294327331757062,0.026290244585513118,0.026286167575854804,0.02628209628654786,0.02627803070127103,0.026273970804024185,0.026269916578653584,0.026265868009151188,0.026261825079574388,0.026257787774046863,0.026253756076762724,0.026249729971983923,0.0262457094440238,0.026241694477278938,0.02623768505621328,0.026233681165323514,0.026229682789229644,0.026225689912538472,0.02622170252001495,0.026217720596413457,0.026213744126595925,0.026209773095407174,0.02620580748786686,0.026201847288983116,0.0261978924838712,0.026193943057662778,0.026189998995570795,0.026186060282892967,0.026182126904945764,0.02617819884713202,0.026174276094908747,0.026170358633839524,0.0261664464493986,0.026162539527272044,0.026158637853161415,0.02615474141280121,0.02615085019202261,0.026146964176662003,0.0261430833526552,0.02613920770598852,0.026135337222705977,0.026131471888887134,0.026127611690702858,0.026123756614348514,0.026119906646097816,0.026116061772244542,0.026112221979173806,0.026108387253309398,0.026104557581142947,0.02610073294922418,0.026096913344128524,0.02609309875248707,0.02608928916095146,0.026085484556338634,0.026081684925389488,0.026077890255036658,0.026074100532153133,0.026070315743687636,0.026066535876651427,0.026062760918114502,0.026058990855174317,0.026055225675002916,0.02605146536481177,0.026047709911863025,0.026043959303473082,0.026040213527001744,0.026036472569861514,0.02603273641949502,0.02602900506339432,0.0260252784892139,0.02602155668449523,0.02601783963689714,0.02601412733412234,0.0260104197639364,0.026006716914124716,0.02600301877254604,0.025999325327078417,0.025995636565660438,0.02599195247626476,0.025988273046960074,0.02598459826581123,0.02598092812092953,0.02597726260048962,0.02597360169270762,0.025969945385836097,0.025966293668184537,0.02596264652812927,0.02595900395402243,0.025955365934365343,0.025951732457536018,0.025948103512101958,0.02594447908665221,0.025940859169786223,0.025937243750174442,0.025933632816459346,0.02593002635744163,0.025926424361890767,0.025922826818622666,0.025919233716500803,0.025915645044428955,0.025912060791365613,0.02590848094630682,0.02590490549827598,0.025901334436347977,0.025897767749640668,0.02589420542729024,0.025890647458526324,0.025887093832559382,0.025883544538666127,0.025879999566186664,0.025876458904431365,0.02587292254281357,0.025869390470756527,0.025865862677745696,0.025862339153283228,0.025858819886934923,0.025855304868282233,0.025851794086913397,0.02584828753254965,0.02584478519486806,0.0258441746753242,0.025843854851059028,0.025843583483629508,0.02584332321011211,0.02584306837656293,0.02584281820182201,0.025842572622347806,0.025842331651669066,0.02584209528445094,0.0258418634850613,0.025841636189292548,0.025841413308097978,0.025841194731532686,0.02584098033255845,0.02584076997060568,0.02584056349484707,0.025840360747155802,0.02584016156473588,0.025839965782425783,0.025839773234683654,0.025839583757270926,0.025839397188653114,0.025839213371143872,0.025839032151815336,0.025838853383201712,0.025838676923820695,0.025838502638537198,0.02583833039879211,0.025838160082716694,0.0258379915751528,0.025837824767593675,0.025837659558063088,0.02583749585094422,0.02583733355677021,0.025837172591986746,0.025837012878693635,0.025836854344374875,0.025836696921618902,0.025836540547837995,0.025836385164988703,0.02583623071929729,0.025836077160989183,0.025835924444030208,0.02583577252587602,0.025835621367232473,0.025835470931827885,0.025835321186196507,0.025835172099475404,0.0258350236432108,0.02583487579117812,0.02583472851921351,0.025834581805053932,0.025834435628193063,0.025834289969740493,0.02583414481229574,0.025834000139830095,0.02583385593757653,0.025833712191928714,0.025833568890344744,0.025833426021263813,0.025833283574023803,0.025833141538787952,0.02583299990647692,0.025832858668705598,0.025832717817726194,0.025832577346374456,0.02583243724802124,0.025832297516527464,0.025832158146203304,0.025832019131769985,0.025831880468325248,0.0258317421513117,0.02583160417648744,0.025831466539899827,0.025831329237859246,0.02583119226691868,0.02583105562385334,0.02583091930564027,0.02583078330944119,0.025830647632588074,0.02583051227256739,0.02583037722700784,0.025830242493667638,0.02583010807042411,0.025829973955262733,0.02582984014626827,0.02582970664161686,0.02582957343956781,0.02582944053845646,0.02582930793668797,0.025829175632731363,0.02582904362511395,0.02582891191241641,0.025828780493269508,0.025828649366348235,0.02582851853036847,0.025828387984083948,0.02582825772628457,0.025828127755790582,0.025827998071452016,0.025827868672145697,0.025827739556774122,0.025827610724260056,0.02582748217354976,0.025827353903607724,0.025827225913416657,0.02582709820197554,0.02582697076829845,0.025826843611413644,0.025826716730362506,0.025826590124198426,0.025826463791986012,0.025826337732800266,0.025826211945725937,0.025826086429857037,0.025825961184295778,0.02582583620815244,0.025825711500544638,0.025825587060596965,0.025825462887440757,0.025825338980213382,0.02582521533805798,0.025825091960123406,0.025824968845563588,0.02582484599353756,0.025824723403208943,0.025824601073746116,0.025824479004321478,0.025824357194111896,0.025824235642297928,0.025824114348064354,0.02582399331059918,0.02582387252909418,0.025823752002744678,0.025823631730749395,0.02582351171231002,0.025823391946631243,0.025823272432921457,0.02582315317039143,0.02582303415825446,0.025822915395729236,0.025822796882034572,0.025822678616392734,0.025822560598028885,0.0258224428261709,0.025822325300049104,0.025822208018896658,0.02582209098194925,0.025821974188444976,0.025821857637624453,0.025821741328730698,0.025821625261009284,0.02582150943370815,0.025821393846077643,0.02582127849737046,0.025821163386841626,0.025821048513748557,0.025820933877351532,0.025820819476911935,0.025820705311693476,0.02582059138096392,0.025820477683991122,0.025820364220046587,0.025820250988403796,0.02582013798833814,0.02582002521912706,0.025819912680051266,0.025819800370392488,0.025819688289435077,0.02581957643646551,0.02581946481077246,0.02581935341164679,0.025819242238381387,0.025819131290271545,0.025819020566614184,0.025818910066708896,0.02581879978985754,0.025818689735362988,0.025818579902531166,0.02581847029066954,0.02581836089908861,0.02581825172709957,0.02581814277401716,0.025818034039157747,0.02581792552184037,0.025817817221383745,0.025817709137109107,0.025817601268341553,0.025817493614407636,0.025817386174636033,0.02581727894835673,0.02581717193490237,0.025817065133606647,0.02581695854380742,0.02581685216484213,0.025816745996051407,0.025816640036777666,0.025816534286366637,0.025816428744161953,0.025816323409513266,0.025816218281770966,0.02581611336028731,0.025816008644416466,0.025815904133514565,0.025815799826939705,0.02581569572405197,0.025815591824213276,0.025815488126787592,0.025815384631140952,0.025815281336640867,0.025815178242656934,0.025815075348561027,0.025814972653726224,0.02581487015752813,0.02581476785934398,0.025814665758552888,0.025814563854535552,0.025814462146675456,0.025814360634357443,0.02581425931696739,0.02581415819389341,0.025814057264527276,0.025813956528260483,0.025813855984486943,0.025813755632602672,0.025813655472005297,0.025813555502094333,0.02581345572227115,0.025813356131938664,0.02581325673050229,0.025813157517368485,0.025813058491946136,0.025812959653645447,0.02581286100187858,0.025812762536059502,0.025812664255603947,0.02581256615992952,0.02581246824845541,0.025812370520602642,0.025812272975794047,0.025812175613454284,0.025812078433009842,0.025811981433888468,0.025811884615519892,0.02581178797733608,0.02581169151877017,0.02581159523925733,0.0258114991382339,0.025811403215138563,0.025811307469411467,0.02581121190049409,0.025811116507830613,0.025811021290866105,0.02581092624904787,0.025810831381824197,0.025810736688645503,0.025810642168963675,0.025810547822232615,0.025810453647907582,0.025810359645445705,0.02581026581430575,0.025810172153948065,0.025810078663834425,0.02580998534343053,0.025809892192197034,0.02580979920960439,0.025809706395120313,0.02580961374821493,0.02580952126836056,0.025809428955029953,0.02580933680769836,0.025809244825842494,0.025809153008940676,0.02580906135647265,0.025808969867920036,0.025808878542765708,0.025808787380494923,0.02580869638059278,0.025808605542547543,0.025808514865848647,0.025808424349986706,0.025808333994454754,0.0258082437987467,0.02580815376235773,0.025808063884785622,0.025807974165528824,0.02580788460408754,0.02580779519996304,0.02580770595265973,0.025807616861681922,0.025807527926535966,0.02580743914672972,0.025807350521772635,0.02580726205117563,0.025807173734451114,0.025807085571113008,0.0258069975606767,0.025806909702659152,0.02580682199657875,0.025806734441955387,0.025806647038310447,0.025806559785166792,0.025806472682048633,0.02580638572848192,0.02580629892399376,0.025806212268112298,0.02580612576036891,0.025806039400294627,0.025805953187422483,0.025805867121286904,0.025805781201424138,0.025805695427371354,0.025805609798666657,0.02580552431485119,0.025805438975465292,0.02580535378005464,0.025805268728162134,0.02580518381933395,0.025805099053117186,0.025805014429060497,0.025804929946714024,0.02580484560562963,0.02580476140535949,0.02580467734545867,0.02580459342548202,0.025804509644986772,0.02580442600353147,0.025804342500675807,0.025804259135980927,0.02580417590900924,0.025804092819325043,0.02580400986649319,0.025803927050080257,0.02580384436965411,0.025803761824783902,0.025803679415040293,0.025803597139995207,0.025803514999221882,0.025803432992294657,0.025803351118789737,0.025803269378284307,0.025803187770356957,0.02580310629458571,0.025803024950554754,0.025802943737845262,0.02580286265604072,0.025802781704724213,0.025802700883485973,0.025802620191911634,0.02580253962959028,0.025802459196111974,0.025802378891068026,0.025802298714051194,0.02580221866465569,0.025802138742476267,0.02580205894710993,0.02580197927815462,0.025801899735208758,0.02580182031787123,0.02580174102574663,0.025801661858436242,0.02580158281554407,0.02580150389667454,0.025801425101434863,0.025801346429433658,0.02580126788027891,0.025801189453581168,0.025801111148950905,0.02580103296600114,0.025800954904345405,0.025800876963599357,0.025800799143378596,0.025800721443302886,0.02580064386298652,0.025800566402051327,0.025800489060118267,0.025800411836808937,0.025800334731747945,0.02580025774455872,0.025800180874867226,0.025800104122299678,0.02580002748648557,0.025799950967053065,0.025799874563632662,0.02579979827585583,0.025799722103355238,0.025799646045763982,0.0257995701027197,0.025799494273855052,0.025799418558808587,0.0257993429572192,0.025799267468725514,0.02579919209296859,0.025799116829590855,0.025799041678233072,0.025798966638541206,0.025798891710159907,0.025798816892735173,0.025798742185914342,0.02579866758934575,0.02579859310267912,0.025798518725564944,0.025798444457655084,0.025798370298602324,0.02579829624806068,0.025798222305684952,0.025798148471130378,0.02579807474405594,0.02579800112411909,0.02579792761097908,0.02579785420429617,0.025797780903731693,0.02579770770894836,0.02579763461960969,0.025797561635380325,0.02579748875592607,0.025797415980913525,0.02579734331001047,0.025797270742885785,0.02579719827920917,0.025797125918651652,0.02579705366088518,0.025796981505582905,0.025796909452418405,0.025796837501066844,0.02579676565120319,0.025796693902505913,0.02579662225465429,0.025796550707326286,0.025796479260201732,0.025796407912961106,0.025796336665287127,0.025796265516862833,0.02579619446737313,0.025796123516501717,0.025796052663935476,0.02579598190936144,0.025795911252467683,0.025795840692943304,0.02579577023047786,0.02579569986476298,0.025795629595490765,0.025795559422353957,0.02579548934504651,0.025795419363263263,0.02579534947670009,0.025795279685053858,0.025795209988022184,0.02579514038530217,0.025795070876597104,0.025795001461605908,0.025794932140030147,0.02579486291157187,0.025794793775934178,0.02579472473282268,0.025794655781943145,0.02579458692300091,0.025794518155702606,0.025794449479757744,0.025794380894874916,0.025794312400762326,0.025794243997132538,0.025794175683696217,0.025794107460167453,0.02579403932625906,0.025793971281686017,0.025793903326163468,0.025793835459407423,0.025793767681135542,0.02579369999106606,0.025793632388917402,0.025793564874409744,0.025793497447263846,0.025793430107201688,0.025793362853945432,0.025793295687218668,0.025793228606745253,0.025793161612250693,0.025793094703458936,0.025793027880101183,0.025792961141902878,0.02579289448858896,0.025792827919895338,0.025792761435550263,0.02579269503528365,0.02579262871882998,0.0257925624859205,0.025792496336288995,0.02579243026967002,0.025792364285799015,0.025792298384412226,0.02579223256524763,0.025792166828042164,0.02579210117253404,0.025792035598463717,0.025791970105571504,0.02579190469359748,0.02579183936228558,0.0257917741113782,0.025791708940618552,0.025791643849751883,0.02579157883852312,0.025791513906677745,0.025791449053963203,0.025791384280128806,0.02579131958492149,0.025791254968090847,0.025791190429387004,0.02579112596856092,0.025791061585364317,0.0257909972795497,0.025790933050870407,0.025790868899080506,0.02579080482393491,0.025790740825189208,0.02579067690259986,0.025790613055924064,0.02579054928491979,0.025790485589345807,0.0257904219689616,0.025790358423527452,0.025790294952804396,0.025790231556554237,0.025790168234539543,0.025790104986523593,0.025790041812270494,0.025789978711545,0.025789915684112735,0.02578985272974001,0.025789789848193828,0.02578972703924153,0.025789664302652584,0.025789601638195797,0.025789539045641185,0.025789476524759453,0.02578941407532216,0.025789351697101445,0.025789289389870216,0.025789227153402115,0.025789164987471507,0.025789102891853474,0.025789040866323817,0.025788978910658986,0.02578891702463635,0.02578885520803351,0.02578879346062962,0.025788731782203776,0.02578867017253604,0.025788608631407146,0.025788547158598487,0.02578848575389229,0.025788424417071375,0.025788363147919366,0.025788301946220338,0.025788240811759098,0.02578817974432164,0.02578811874369405,0.02578805780966319,0.02578799694201665,0.025787936140542873,0.025787875405030945,0.025787814735270472,0.02578775413105185,0.025787693592166053,0.02578763311840476,0.025787572709560336,0.025787512365425966,0.025787452085795116,0.025787391870462487,0.025787331719222338,0.025787271631871184,0.02578721160820429,0.025787151648019268,0.025787091751113336,0.025787031917285257,0.025786972146333426,0.025786912438057495,0.025786852792257713,0.025786793208734997,0.025786733687290318,0.025786674227726167,0.02578661482984445,0.02578655549344974,0.025786496218345483,0.025786437004336252,0.025786377851227383,0.025786318758824433,0.0257862597269342,0.025786200755363513,0.025786141843920033,0.025786082992412175,0.02578602420064891,0.02578596546843971,0.025785906795594917,0.02578584818192511,0.02578578962724141,0.025785731131355516,0.02578567269408079,0.0257856143152304,0.025785555994617654,0.025785497732055226,0.0257854395273612,0.02578538138034956,0.02578532329083749,0.025785265258641055,0.025785207283578443,0.02578514936546532,0.02578509150412133,0.025785033699365627,0.02578497595101779,0.02578491825889783,0.02578486062282602,0.025784803042625183,0.025784745518116783,0.02578468804912336,0.025784630635469086,0.02578457327697654,0.025784515973469598,0.02578445872477363,0.025784401530713562,0.025784344391114516,0.025784287305803115,0.02578423027460423,0.025784173297347904,0.025784116373860348,0.02578405950397264,0.025784002687513977,0.025783945924313684,0.025783889214202087,0.025783832557010083,0.025783775952569116,0.025783719400710975,0.025783662901268076,0.025783606454074005,0.025783550058962136,0.025783493715765635,0.025783437424320176,0.02578338118446036,0.025783324996023912,0.02578326885884293,0.025783212772757455,0.025783156737603622,0.025783100753217558,0.02578304481943905,0.0257829889361069,0.02578293310306043,0.02578287732013924,0.025782821587186217,0.025782765904037625,0.025782710270537138,0.025782654686526647,0.02578259915184853,0.025782543666345716,0.025782488229861587,0.025782432842240046,0.025782377503325522,0.025782322212962915,0.025782266970997607,0.02578221177727525,0.02578215663164251,0.02578210153394618,0.02578204648403357,0.025781991481752916,0.025781936526952105,0.025781881619480373,0.02578182675918749,0.02578177194592273,0.025781717179535587,0.025781662459877598,0.025781607786800963,0.02578155316015643,0.025781498579796384,0.025781444045573195,0.025781389557340294,0.02578133511495312,0.025781280718262405,0.025781226367124203,0.02578117206139372,0.02578111780092643,0.02578106358557806,0.025781009415205038,0.025780955289664457,0.025780901208813992,0.025780847172510887,0.025780793180613635,0.02578073923298131,0.025780685329472478,0.025780631469947378,0.025780577654265526,0.02578052388228776,0.02578047015387511,0.025780416468889185,0.025780362827191625,0.025780309228644736,0.025780255673111315,0.025780202160454325,0.02578014869053794,0.02578009526322602,0.02578004187838282,0.025779988535873766,0.02577993523556253,0.025779881977317384,0.025779828761003914,0.025779775586488404,0.025779722453638087,0.025779669362321116,0.025779616312404188,0.025779563303757268,0.02577951033624734,0.025779457409742808,0.02577940452411685,0.025779351679237564,0.025779298874975744,0.025779246111202515,0.02577919338778886,0.025779140704606632,0.02577908806152765,0.025779035458425026,0.025778982895171717,0.02577893037164089,0.025778877887706303,0.025778825443242354,0.025778773038123266,0.0257787206722245,0.025778668345421373,0.025778616057589604,0.025778563808605364,0.025778511598345582,0.02577845942668577,0.025778407293506066,0.02577835519868245,0.025778303142093513,0.025778251123617132,0.02577819914313383,0.025778147200522065,0.025778095295661843,0.025778043428433033,0.02577799159871641,0.025777939806392702,0.02577788805134313,0.025777836333449725,0.025777784652594553,0.025777733008660875,0.025777681401529803,0.025777629831085037,0.02577757829721132,0.025777526799791436,0.025777475338709412,0.025777423913850503,0.025777372525099953,0.025777321172342906,0.02577726985546394,0.025777218574351828,0.025777167328890245,0.025777116118971193,0.025777064944477204,0.025777013805297306,0.025776962701319444,0.0257769116324321,0.02577686059852492,0.025776809599485095,0.025776758635203015,0.025776707705568464,0.02577665681047163,0.025776605949802998,0.02577655512345345,0.02577650433131518,0.025776453573278575,0.025776402849234676,0.02577635215907711,0.025776301502694433,0.025776250879987386,0.025776200290845083,0.025776149735160826,0.025776099212829803,0.02577604872374423,0.025775998267801744,0.025775947844893794,0.025775897454917995,0.0257758470977718,0.025775796773349288,0.025775746481546857,0.025775696222261592,0.0257756459953898,0.02577559580082876,0.025775545638477823,0.025775495508233062,0.025775445409993294,0.0257753953436573,0.025775345309124755,0.02577529530629462,0.025775245335066598,0.025775195395340424,0.025775145487015528,0.025775095609994438,0.02577504576417727,0.025774995949465227,0.02577494616576246,0.02577489641296854,0.02577484669098318,0.025774796999710886,0.025774747339055257,0.025774697708918718,0.025774648109205243,0.025774598539815268,0.025774549000662252,0.02577449949164126,0.02577445001266088,0.02577440056362557,0.025774351144440228,0.025774301755011175,0.025774252395245004,0.025774203065046176,0.025774153764320025,0.02577410449297574,0.02577405525092199,0.025774006038067662,0.025773956854314044,0.025773907699571608,0.025773858573750807,0.025773809476758915,0.025773760408505122,0.025773711368898545,0.025773662357848368,0.02577361337526531,0.02577356442105896,0.025773515495139832,0.02577346659741873,0.025773417727806197,0.025773368886214242,0.02577332007255362,0.025773271286736527,0.02577322252867359,0.025773173798282673,0.025773125095470015,0.025773076420151073,0.02577302777223963,0.025772979151648483,0.025772930558291565,0.025772881992083215,0.02577283345293451,0.025772784940766538,0.025772736455491045,0.0257726879970232,0.025772639565278484,0.025772591160173094,0.025772542781622117,0.02577249442954232,0.025772446103850738,0.025772397804463484,0.025772349531298186,0.025772301284271954,0.025772253063302282,0.02577220486830728,0.02577215669920478,0.02577210855591411,0.025772060438353995,0.025772012346438295,0.02577196428009521,0.025771916239239287,0.025771868223791992,0.02577182023367083,0.02577177226879737,0.02577172432909213,0.025771676414475874,0.02577162852486964,0.02577158066019467,0.025771532820372436,0.025771485005325095,0.025771437214974297,0.025771389449242704,0.02577134170805275,0.025771293991326483,0.025771246298988398,0.02577119863096084,0.025771150987167857,0.02577110336753103,0.02577105577197837,0.025771008200432224,0.025770960652818174,0.025770913129058833,0.025770865629079535,0.025770818152807164,0.025770770700165337,0.025770723271081954,0.025770675865480177,0.02577062848328786,0.025770581124432788,0.02577053378883962,0.025770486476437707,0.025770439187152782,0.025770391920912274,0.025770344677645027,0.025770297457276395,0.025770250259735623,0.02577020308495114,0.025770155932851764,0.025770108803366176,0.025770061696422455,0.025770014611951667,0.025769967549882526,0.025769920510143082,0.025769873492666635,0.02576982649738169,0.02576977952421954,0.025769732573109043,0.02576968564398195,0.02576963873676926,0.02576959185140247,0.025769544987813156,0.02576949814593272,0.025769451325693388,0.025769404527032167,0.025769357749871796,0.02576931099414973,0.025769264259798867,0.025769217546752262,0.02576917085494379,0.025769124184305776,0.02576907753477251,0.025769030906278044,0.025768984298756337,0.025768937712141924,0.025768891146369186,0.025768844601373016,0.025768798077088484,0.02576875157345102,0.02576870509039547,0.02576865862785773,0.025768612185773632,0.025768565764079363,0.02576851936270977,0.02576847298160359,0.025768426620696557,0.025768380279925222,0.02576833395922683,0.025768287658538763,0.025768241377798574,0.0257681951169438,0.02576814887591234,0.025768102654642282,0.0257680564530718,0.025768010271139462,0.025767964108784045,0.025767917965944454,0.02576787184255994,0.02576782573856919,0.025767779653911967,0.025767733588527877,0.02576768754235678,0.025767641515338897,0.025767595507414545,0.02576754951852396,0.02576750354860782,0.02576745759760701,0.025767411665465964,0.02576736575211952,0.02576731985751155,0.025767273981584324,0.025767228124279448,0.0257671822855389,0.025767136465304846,0.025767090663519544,0.02576704488012551,0.02576699911506558,0.025766953368282646,0.02576690763971994,0.025766861929320827,0.025766816237028162,0.025766770562786347,0.025766724906538824,0.025766679268229595,0.025766633647802743,0.025766588045202675,0.02576654246037405,0.025766496893262096,0.02576645134381069,0.025766405811965622,0.025766360297671823,0.025766314800874823,0.02576626932152064,0.02576622385955462,0.025766178414923194,0.025766132987572063,0.025766087577447395,0.02576604218449607,0.025765996808664638,0.02576595144989977,0.025765906108148634,0.025765860783358414,0.025765815475476288,0.025765770184450056,0.0257657249102276,0.02576567965275624,0.025765634411984224,0.025765589187859893,0.02576554398033153,0.025765498789347693,0.02576545361485709,0.025765408456808612,0.02576536331515124,0.025765318189834234,0.025765273080806953,0.025765227988019154,0.02576518291141998,0.025765137850959664,0.025765092806588154,0.025765047778255924,0.025765002765912766,0.025764957769509465,0.025764912788996668,0.02576486782432523,0.02576482287544613,0.02576477794231076,0.025764733024870156,0.025764688123075533,0.02576464323687844,0.02576459836623137,0.02576455351108566,0.025764508671393658,0.025764463847107587,0.02576441903817975,0.025764374244562488,0.025764329466209032,0.025764284703071592,0.025764239955104146,0.02576419522225894,0.02576415050448972,0.025764105801750085,0.025764061113993174,0.025764016441172998,0.025763971783243446,0.025763927140158863,0.025763882511874378,0.02576383789834184,0.02576379329951748,0.025763748715355472,0.025763704145810747,0.025763659590838373,0.025763615050392968,0.025763570524430394,0.025763526012905758,0.025763481515774667,0.025763437032992626,0.025763392564515417,0.02576334811029941,0.02576330367030057,0.025763259244474708,0.025763214832778693,0.02576317043516905,0.02576312605160202,0.025763081682034762,0.02576303732642345,0.025762992984726018,0.025762948656898512,0.025762904342900954,0.025762860042689444,0.025762815756221503,0.025762771483454735,0.025762727224347633,0.025762682978857598,0.02576263874694307,0.025762594528562596,0.025762550323674013,0.025762506132236306,0.025762461954208227,0.02576241778954865,0.025762373638216512,0.025762329500171034,0.0257622853753715,0.025762241263777217,0.025762197165347847,0.025762153080042993,0.025762109007822477,0.025762064948646114,0.02576202090247414,0.025761976869266515,0.025761932848983617,0.02576188884158597,0.02576184484703415,0.025761800865288835,0.025761756896310772,0.025761712940060893,0.025761668996500363,0.025761625065590352,0.025761581147292177,0.025761537241567344,0.02576149334837766,0.025761449467685715,0.025761405599450855,0.02576136174363812,0.025761317900206193,0.02576127406911893,0.02576123025033861,0.0257611864438273,0.025761142649548856,0.02576109886746514,0.025761055097537906,0.025761011339731528,0.025760967594009004,0.025760923860332154,0.025760880138665135,0.0257608364289727,0.02576079273121637,0.025760749045361325,0.025760705371369576,0.025760661709205945,0.025760618058835477,0.025760574420220648,0.0257605307933255,0.025760487178115344,0.02576044357455423,0.02576039998260656,0.025760356402237363,0.025760312833412385,0.025760269276094698,0.025760225730249976,0.025760182195843598,0.02576013867284046,0.02576009516120667,0.025760051660907564,0.02576000817190838,0.02575996469417735,0.025759921227675505,0.02575987777237156,0.025759834328233304,0.025759790895223015,0.02575974747330849,0.02575970406245586,0.02575966066263244,0.025759617273806153,0.025759573895940434,0.025759530529003403,0.025759487172962434,0.02575944382778425,0.025759400493437872,0.02575935716988765,0.025759313857101125,0.025759270555046825,0.025759227263692064,0.025759183983004443,0.02575914071295179,0.02575909745350196,0.02575905420462291,0.025759010966282726,0.025758967738449556,0.025758924521091697,0.025758881314177542,0.02575883811767555,0.025758794931554318,0.02575875175577891,0.025758708590325696,0.025758665435159173,0.025758622290248834,0.0257585791555636,0.025758536031072875,0.02575849291674768,0.02575844981255406,0.02575840671846291,0.025758363634443924,0.025758320560466542,0.02575827749650083,0.025758234442519387,0.0257581913984867,0.025758148364375788,0.025758105340156424,0.02575806232579904,0.02575801932127437,0.02575797632655217,0.02575793334160315,0.025757890366398792,0.025757847400909008,0.02575780444510517,0.02575776149895775,0.025757718562438064,0.025757675635516775,0.025757632718165967,0.025757589810355648,0.025757546912058567,0.025757504023245233,0.025757461143888345,0.025757418273958922,0.0257573754134333,0.02575733256227434,0.0257572897204589,0.025757246887958236,0.025757204064744806,0.02575716125079099,0.025757118446069156,0.02575707565055164,0.02575703286421051,0.02575699008701888,0.025756947318950237,0.02575690455997555,0.025756861810068615,0.025756819069202283,0.025756776337349643,0.02575673361448372,0.025756690900577688,0.025756648195605195,0.025756605499542774,0.025756562812353202,0.025756520134020824,0.025756477464516037,0.02575643480381165,0.02575639215188253,0.02575634950870841,0.025756306874250925,0.025756264248489973,0.025756221631400168,0.025756179022955013,0.02575613642312971,0.025756093831898235,0.025756051249234916,0.025756008675114492,0.02575596610951161,0.025755923552400976,0.025755881003757565,0.025755838463555968,0.025755795931771304,0.025755753408378646,0.025755710893353233,0.025755668386670143,0.025755625888304892,0.02575558339823268,0.02575554091642859,0.02575549844286846,0.025755455977527954,0.025755413520382745,0.025755371071408628,0.025755328630581355,0.025755286197877,0.025755243773271524,0.025755201356740396,0.025755158948260946,0.02575511654780889,0.025755074155360436,0.02575503177089204,0.025754989394380156,0.02575494702580133,0.025754904665132177,0.025754862312349552,0.02575481996743006,0.025754777630350476,0.02575473530108782,0.025754692979619107,0.025754650665921357,0.025754608359971752,0.02575456606174748,0.02575452377122602,0.02575448148838406,0.025754439213199982,0.025754396945650862,0.02575435468571387,0.025754312433367663,0.025754270188589282,0.025754227951356057,0.0257541857216423,0.02575414349943445,0.025754101284705046,0.02575405907743455,0.025754016877600365,0.025753974685179825,0.02575393250015144,0.02575389032249389,0.025753848152186124,0.025753805989205836,0.025753763833531083,0.025753721685141305,0.025753679544015636,0.02575363741013208,0.025753595283470362,0.02575355316400892,0.025753511051726248,0.025753468946602368,0.025753426848614345,0.0257533847577445,0.025753342673969323,0.025753300597271055,0.02575325852762672,0.025753216465016736,0.025753174409420855,0.025753132360823834,0.02575309031919318,0.02575304828451937,0.025753006256780803,0.025752964235948268,0.02575292222200781,0.02575288021493996,0.025752838214724443,0.025752796221341297,0.02575275423477432,0.02575271225499662,0.025752670281995092,0.025752628315750682,0.025752586356233675,0.025752544403430905,0.025752502457328522,0.025752460517896335,0.02575241858512069,0.02575237665898528,0.02575233473946964,0.02575229282655176,0.025752250920214357,0.025752209020428418,0.02575216712718793,0.025752125240471126,0.025752083360263647,0.025752041486536287,0.025751999619281325,0.025751957758473415,0.025751915904091045,0.025751874056125584,0.0257518322145523,0.025751790379347314,0.025751748550503824,0.025751706727992308,0.025751664911804723,0.025751623101914502,0.02575158129830842,0.025751539500966213,0.02575149770987235,0.025751455925006737,0.025751414146352354,0.02575137237389128,0.02575133060760583,0.02575128884747895,0.02575124709349246,0.025751205345628837,0.02575116360387062,0.025751121868199448,0.025751080138600002,0.02575103841505631,0.02575099669754579,0.025750954986053724,0.025750913280563403,0.025750871581057325,0.025750829887518555,0.02575078819993013,0.025750746518274845,0.02575070484253623,0.02575066317269694,0.025750621508740773,0.02575057985065089,0.025750538198410076,0.025750496552001133,0.025750454911409492,0.025750413276617434,0.02575037164760674,0.025750330024364415,0.02575028840687276,0.025750246795116796,0.025750205189077315,0.025750163588738873,0.025750121994086755,0.025750080405101336,0.025750038821768816,0.025749997244073928,0.025749955672002632,0.02574991410553698,0.025749872544660882,0.025749830989358728,0.025749789439618174,0.025749747895416786,0.02574970635674222,0.02574966482357925,0.025749623295911586,0.02574958177372393,0.025749540257004388,0.025749498745731035,0.02574945723989162,0.025749415739476096,0.02574937424446274,0.025749332754834136,0.02574929127057914,0.02574924979168127,0.025749208318127135,0.025749166849901074,0.0257491253869871,0.025749083929372172,0.025749042477039855,0.025749001029977,0.025748959588167492,0.025748918151597164,0.025748876720251664,0.025748835294115452,0.025748793873175836,0.025748752457416094,0.02574871104682314,0.025748669641381474,0.025748628241077987,0.02574858684589668,0.025748545455825406,0.025748504070847323,0.02574846269095114,0.025748421316121376,0.025748379946344442,0.0257483385816064,0.025748297221891446,0.02574825586718652,0.025748214517479037,0.025748173172751646,0.025748131832994632,0.025748090498192544,0.025748049168332853,0.025748007843399215,0.025747966523378917,0.025747925208259515,0.025747883898026437,0.025747842592667006,0.025747801292166934,0.025747759996512874,0.02574771870569169,0.025747677419689717,0.025747636138494373,0.025747594862091997,0.02574755359047062,0.025747512323614247,0.025747471061510634,0.02574742980414857,0.02574738855151386,0.025747347303592794,0.02574730606037334,0.02574726482184251,0.025747223587989265,0.02574718235879686,0.025747141134254498,0.025747099914349897,0.02574705869906814,0.02574701748839924,0.025746976282329435,0.025746935080846325,0.025746893883935477,0.02574685269158807,0.02574681150378997,0.025746770320528186,0.0257467291417906,0.025746687967565397,0.02574664679783907,0.025746605632601526,0.02574656447183858,0.025746523315539848,0.025746482163687162,0.025746441016275646,0.025746399873290114,0.025746358734721017,0.025746317600553827,0.025746276470778002,0.025746235345381202,0.02574619422435292,0.025746153107678207,0.02574611199534643,0.0257460708873457,0.025746029783665435,0.02574598868429476,0.025745947589217645,0.02574590649842167,0.025745865411904087,0.02574582432964893,0.025745783251643943,0.02574574217787583,0.025745701108336374,0.02574566004301281,0.02574561898188869,0.025745577924964104,0.025745536872220833,0.025745495823648167,0.02574545477923576,0.025745413738971004,0.025745372702844098,0.025745331670843977,0.025745290642957094,0.02574524961917606,0.02574520859948756,0.0257451675838817,0.025745126572347142,0.02574508556487308,0.025745044561448653,0.025745003562063037,0.025744962566704208,0.025744921575367757,0.025744880588032575,0.025744839604695837,0.025744798625343263,0.025744757649965356,0.0257447166785502,0.025744675711089855,0.02574463474757273,0.02574459378798815,0.02574455283232589,0.02574451188057615,0.025744470932727005,0.025744429988768976,0.02574438904869166,0.02574434811248553,0.02574430718013848,0.025744266251641647,0.025744225326985205,0.025744184406156233,0.025744143489149312,0.0257441025759518,0.025744061666552263,0.025744020760944092,0.025743979859115536,0.025743938961056548,0.025743898066757653,0.025743857176208428,0.025743816289399285,0.025743775406320533,0.025743734526962245,0.025743693651314285,0.025743652779368145,0.025743611911113226,0.025743571046539352,0.02574353018563785,0.02574348932839996,0.025743448474813566,0.02574340762487051,0.025743366778560227,0.02574332593587363,0.025743285096804427,0.02574324426134127,0.02574320342947229,0.02574316260119097,0.02574312177648766,0.025743080955351414,0.02574304013777461,0.025742999323751015,0.025742958513265607,0.025742917706311087,0.02574287690287901,0.025742836102960354,0.025742795306545645,0.02574275451362371,0.025742713724189677,0.025742672938232982,0.02574263215574389,0.025742591376714277,0.025742550601134884,0.025742509828996823,0.02574246906029132,0.02574242829500945,0.025742387533142414,0.02574234677468173,0.025742306019618307,0.025742265267943838,0.025742224519648676,0.025742183774726375,0.025742143033159946,0.025742102294954022,0.025742061560093094,0.025742020828569495,0.025741980100373874,0.025741939375498898,0.02574189865393553,0.02574185793567538,0.025741817220710027,0.025741776509031054,0.025741735800630567,0.02574169509549953,0.02574165439362503,0.02574161369500848,0.02574157299963681,0.02574153230750182,0.025741491618596336,0.02574145093290981,0.02574141025043671,0.025741369571167412,0.02574132889509437,0.02574128822220916,0.02574124755250389,0.02574120688597208,0.025741166222602856,0.025741125562389684,0.025741084905325153,0.025741044251400346,0.025741003600607902,0.025740962952939976,0.025740922308387062,0.025740881666941898,0.025740841028600674,0.02574080039335227,0.025740759761189967,0.02574071913210588,0.025740678506093174,0.025740637883141806,0.02574059726324607,0.025740556646396358,0.025740516032587108,0.025740475421809676,0.025740434814056117,0.025740394209320137,0.025740353607594434,0.025740313008869448,0.025740272413140936,0.025740231820399872,0.025740191230638906,0.02574015064384933,0.025740110060026484,0.02574006947916307,0.025740028901250624,0.025739988326279908,0.02573994775424806,0.025739907185143452,0.02573986661896192,0.025739826055695022,0.025739785495335687,0.025739744937876525,0.025739704383309688,0.025739663831630018,0.025739623282829718,0.025739582736901415,0.025739542193838005,0.025739501653632032,0.025739461116277257,0.02573942058176637,0.025739380050093085,0.02573933952125098,0.025739298995232557,0.025739258472030725,0.025739217951637926,0.025739177434049097,0.025739136919256472,0.025739096407252682,0.02573905589803099,0.02573901539158532,0.025738974887910368,0.025738934386997182,0.025738893888840132,0.02573885339343127,0.025738812900766,0.02573877241083658,0.025738731923636207,0.025738691439160463,0.02573865095739872,0.025738610478348675,0.025738570001997113,0.025738529528348025,0.025738489057389177,0.0257384485891151,0.025738408123518366,0.025738367660592922,0.025738327200334365,0.02573828674272637,0.025738246287774765,0.025738205835470686,0.025738165385800038,0.025738124938768214,0.02573808449436397,0.02573804405258156,0.02573800361341264,0.025737963176852906,0.025737922742896206,0.025737882311535384,0.025737841882760383,0.02573780145657425,0.025737761032966457,0.025737720611929846,0.02573768019345419,0.02573763977754415,0.02573759936418713,0.025737558953373922,0.0257375185451045,0.025737478139373188,0.025737437736171875,0.025737397335494565,0.025737356937335365,0.025737316541687354,0.02573727614854643,0.025737235757906894,0.025737195369761857,0.025737154984104844,0.025737114600931678,0.025737074220234822,0.02573703384201137,0.02573699346624942,0.025736953092955057,0.0257369127221135,0.025736872353719582,0.025736831987769673,0.025736791624257384,0.025736751263177038,0.02573671090452285,0.025736670548290416,0.0257366301944723,0.02573658984306467,0.02573654949406069,0.02573650914745428,0.02573646880324269,0.025736428461418968,0.025736388121977455,0.025736347784907986,0.025736307450210147,0.025736267117883703,0.025736226787919782,0.025736186460308518,0.025736146135048345,0.025736105812132145,0.025736065491555712,0.02573602517331264,0.025735984857398076,0.025735944543807936,0.025735904232537278,0.025735863923577473,0.025735823616925845,0.025735783312575214,0.025735743010525936,0.025735702710761327,0.0257356624132897,0.025735622118101396,0.02573558182518767,0.02573554153454541,0.025735501246170883,0.02573546096005757,0.025735420676200573,0.025735380394595123,0.025735340115236847,0.025735299838120524,0.02573525956323187,0.02573521929058318,0.02573517902017205,0.02573513875197143,0.025735098485985985,0.025735058222216913,0.025735017960651387,0.025734977701288714,0.025734937444121614,0.025734897189148412,0.02573485693636265,0.025734816685758905,0.025734776437331658,0.025734736191079546,0.02573469594699652,0.025734655705076034,0.02573461546531561,0.025734575227708223,0.0257345349922482,0.02573449475892925,0.025734454527757356,0.025734414298720542,0.025734374071807654,0.025734333847027457,0.025734293624368382,0.025734253403827418,0.025734213185400524,0.025734172969079133,0.025734132754861083,0.0257340925427407,0.025734052332715956,0.02573401212478013,0.02573397191893006,0.025733931715160353,0.025733891513467944,0.0257338513138522,0.025733811116299635,0.025733770920808315,0.02573373072737601,0.025733690535997344,0.025733650346668302,0.02573361015938484,0.025733569974144894,0.025733529790939236,0.025733489609765587,0.025733449430619976,0.0257334092534981,0.02573336907839601,0.0257333289053091,0.025733288734233098,0.025733248565163767,0.025733208398096886,0.02573316823302835,0.025733128069953426,0.025733087908868604,0.025733047749769446,0.02573300759265187,0.025732967437510846,0.025732927284343392,0.02573288713314577,0.025732846983913194,0.025732806836641132,0.02573276669132534,0.02573272654796203,0.025732686406547,0.02573264626707788,0.025732606129549262,0.02573256599395701,0.025732525860297676,0.025732485728566228,0.025732445598759535,0.025732405470873753,0.025732365344904258,0.025732325220847903,0.025732285098700847,0.025732244978457185,0.025732204860114297,0.025732164743669152,0.025732124629123915,0.025732084516457216,0.025732044405685457,0.025732004296790106,0.025731964189763944,0.02573192408462111,0.025731883981347382,0.025731843879939924,0.025731803780392436,0.025731763682707225,0.025731723586874835,0.025731683492895136,0.025731643400762422,0.02573160331047407,0.025731563222026587,0.025731523135413742,0.025731483050634992,0.02573144296768421,0.025731402886560072,0.02573136280725712,0.025731322729772438,0.0257312826541056,0.025731242580245596,0.025731202508193635,0.02573116243794486,0.025731122369495672,0.02573108230284391,0.025731042237987545,0.025731002174917802,0.02573096211363487,0.025730922054134197,0.025730881996413026,0.02573084194046468,0.025730801886290556,0.025730761833882444,0.025730721783240554,0.025730681734360102,0.025730641687237685,0.025730601641870764,0.025730561598254025,0.025730521556385208,0.025730481516260315,0.025730441477876547,0.025730401441230167,0.025730361406317768,0.02573032137313637,0.025730281341682443,0.025730241311951917,0.025730201283949004,0.025730161257657817,0.025730121233080286,0.025730081210214396,0.025730041189056533,0.025730001169600582,0.02572996115184692,0.025729921135788664,0.025729881121426924,0.02572984110875642,0.025729801097771662,0.025729761088474502,0.025729721080859143,0.025729681074921337,0.02572964107066135,0.02572960106807066,0.025729561067150675,0.02572952106789605,0.025729481070303324,0.02572944107436874,0.025729401080087155,0.025729361087464302,0.025729321096492144,0.025729281107165727,0.02572924111948492,0.025729201133438878,0.02572916114903623,0.02572912116626701,0.025729081185139488,0.02572904120563199,0.025729001227750393,0.02572896125149124,0.02572892127685174,0.02572888130382503,0.025728841332417707,0.02572880136261492,0.025728761394424735,0.025728721427839128,0.025728681462861485,0.02572864149948129,0.025728601537692762,0.02572856157749447,0.025728521618891616,0.025728481661868995,0.025728441706433028,0.025728401752581495,0.025728361800308068,0.025728321849616268,0.025728281900487898,0.025728241952931108,0.02572820200694914,0.02572816206252342,0.025728122119659812,0.02572808217835702,0.025728042238607522,0.02572800230041397,0.025727962363770805,0.025727922428674957,0.025727882495124522,0.025727842563117515,0.025727802632648337,0.02572776270371585,0.02572772277631539,0.025727682850447565,0.025727642926108463,0.025727603003294935,0.025727563082004884,0.0257275231622352,0.025727483243982923,0.025727443327245646,0.02572740341202062,0.025727363498305362,0.02572732358609948,0.025727283675395823,0.02572724376619357,0.025727203858490855,0.025727163952285154,0.025727124047571413,0.02572708414435277,0.025727044242619186,0.025727004342374196,0.02572696444361263,0.02572692454633589,0.025726884650532817,0.02572684475620606,0.025726804863352375,0.02572676497197132,0.025726725082057637,0.02572668519360829,0.02572664530662401,0.025726605421098732,0.02572656553703241,0.025726525654422062,0.02572648577326748,0.02572644589356113,0.02572640601530386,0.025726366138488468,0.025726326263120776,0.025726286389194532,0.025726246516710193,0.02572620664566153,0.025726166776044102,0.02572612690785816,0.025726087041103903,0.025726047175776083,0.025726007311870806,0.02572596744938623,0.025725927588324683,0.025725887728680723,0.025725847870444966,0.025725808013635137,0.025725768158221314,0.02572572830421968,0.025725688451622427,0.025725648600428336,0.025725608750639097,0.025725568902246143,0.025725529055249257,0.02572548920964853,0.02572544936544039,0.025725409522618623,0.025725369681185228,0.025725329841137706,0.025725290002467156,0.025725250165180822,0.025725210329272843,0.025725170494740785,0.02572513066158182,0.02572509082979387,0.02572505099937853,0.025725011170329243,0.025724971342644145,0.025724931516322592,0.02572489169136473,0.02572485186776178,0.02572481204551483,0.025724772224622633,0.025724732405081663,0.025724692586891605,0.025724652770048158,0.02572461295455659,0.025724573140402173,0.02572453332758839,0.025724493516114433,0.025724453705977608,0.025724413897177976,0.025724374089710133,0.025724334283572136,0.02572429447876515,0.025724254675282453,0.02572421487312464,0.025724175072289232,0.025724135272772605,0.025724095474576596,0.025724055677696426,0.025724015882130646,0.025723976087878787,0.025723936294935846,0.025723896503301105,0.025723856712972698,0.025723816923948734,0.02572377713622702,0.025723737349805147,0.025723697564682086,0.025723657780855724,0.025723617998323605,0.025723578217083876,0.025723538437134544,0.025723498658473745,0.025723458881099677,0.025723419105012166,0.025723379330205482,0.02572333955667904,0.025723299784431972,0.02572326001346183,0.025723220243766762,0.025723180475345057,0.025723140708193357,0.02572310094231261,0.02572306117770332,0.0257230214143552,0.025722981652269668,0.02572294189144715,0.025722902131883683,0.025722862373579295,0.025722822616531343,0.025722782860737772,0.025722743106197203,0.025722703352907404,0.02572266360086536,0.025722623850070094,0.02572258410052159,0.025722544352216627,0.025722504605159572,0.025722464859336144,0.025722425114750907,0.02572238537140192,0.02572234562928745,0.02572230588840472,0.02572226614875424,0.02572222641033308,0.025722186673139455,0.025722146937172227,0.02572210720243389,0.02572206746891235,0.02572202773661138,0.02572198800552877,0.0257219482756637,0.025721908547013186,0.025721868819583285,0.025721829093358597,0.02572178936834442,0.02572174964453962,0.02572170992194114,0.025721670200547848,0.0257216304803581,0.02572159076137066,0.025721551043582636,0.02572151132699337,0.025721471611601248,0.025721431897403932,0.025721392184400088,0.02572135247258887,0.025721312761967357,0.025721273052534244,0.02572123334428816,0.025721193637227427,0.02572115393135032,0.02572111422665557,0.02572107452314103,0.025721034820805542,0.02572099511964737,0.02572095541966514,0.025720915720854057,0.025720876023216623,0.0257208363267518,0.025720796631457515,0.025720756937329687,0.025720717244366413,0.02572067755256979,0.025720637861936412,0.025720598172464963,0.02572055848415308,0.025720518796999717,0.0257204791110032,0.02572043942616218,0.025720399742475263,0.025720360059940287,0.025720320378561066,0.025720280698328737,0.02572024101924226,0.02572020134130105,0.025720161664506164,0.025720121988855017,0.025720082314344896,0.02572004264097517,0.025720002968744108,0.025719963297650836,0.02571992362769355,0.025719883958870957,0.025719844291181956,0.02571980462462384,0.025719764959199143,0.025719725294899853,0.025719685631731243,0.0257196459696846,0.02571960630876357,0.025719566648968555,0.02571952699029129,0.025719487332736126,0.025719447676302812,0.02571940802098183,0.025719368366776612,0.025719328713699738,0.025719289061722952,0.025719249410857285,0.025719209761101782,0.02571917011245443,0.025719130464917632,0.025719090818483278,0.025719051173155188,0.025719011528930663,0.025718971885809107,0.025718932243787487,0.025718892602865622,0.025718852963041192,0.025718813324313375,0.02571877368667731,0.0257187340501397,0.02571869441469292,0.02571865478034062,0.02571861514707706,0.025718575514899627,0.02571853588380954,0.02571849625380995,0.025718456624894557,0.025718416997060532,0.0257183773703186,0.025718337744649693,0.02571829812005938,0.025718258496543182,0.02571821887410912,0.025718179252748656,0.025718139632461372,0.025718100013248167,0.025718060395107933,0.02571802077803767,0.025717981162036826,0.02571794154710345,0.025717901933237565,0.025717862320437313,0.025717822708701654,0.02571778309802823,0.025717743488417356,0.02571770387986884,0.02571766427237839,0.02571762466594507,0.02571758506056981,0.025717545456251958,0.025717505852986277,0.025717466250774482,0.025717426649619218,0.02571738704951054,0.025717347450450737,0.025717307852440162,0.025717268255475073,0.0257172286595586,0.025717189064685453,0.025717149470857497,0.025717109878074868,0.025717070286331176,0.025717030695627766,0.025716991105962272,0.025716951517335506,0.02571691192974602,0.02571687234319652,0.025716832757677104,0.025716793173190932,0.025716753589745227,0.025716714007324424,0.025716674425930983,0.02571663484556754,0.02571659526623081,0.025716555687921146,0.025716516110632325,0.0257164765343791,0.025716436959138025,0.025716397384923238,0.025716357811729335,0.025716318239554784,0.025716278668399525,0.025716239098253334,0.02571619952913561,0.02571615996102889,0.02571612039393847,0.025716080827860706,0.0257160412627993,0.025716001698736043,0.0257159621356917,0.025715922573656357,0.025715883012617714,0.025715843452597358,0.025715803893582696,0.025715764335581696,0.025715724778575828,0.025715685222572397,0.02571564566757044,0.02571560611356722,0.025715566560568576,0.02571552700856598,0.025715487457560134,0.02571544790755032,0.02571540835853636,0.025715368810516503,0.025715329263489625,0.025715289717454824,0.025715250172411615,0.025715210628359294,0.025715171085296924,0.025715131543222365,0.025715092002135252,0.02571505246203283,0.025715012922914005,0.025714973384789265,0.025714933847644547,0.025714894311477828,0.02571485477629448,0.025714815242089878,0.025714775708861343,0.025714736176614798,0.025714696645344905,0.02571465711505196,0.0257146175857356,0.025714578057392037,0.025714538530017893,0.025714499003623218,0.025714459478204464,0.025714419953754487,0.025714380430268524,0.025714340907745825,0.025714301386196584,0.02571426186561792,0.025714222346002808,0.02571418282734981,0.02571414330966626,0.025714103792946037,0.02571406427718552,0.02571402476238663,0.025713985248547677,0.025713945735669392,0.025713906223747827,0.02571386671278354,0.025713827202777838,0.02571378769372739,0.025713748185632598,0.025713708678490186,0.02571366917230146,0.025713629667067448,0.02571359016278271,0.02571355065944687,0.02571351115706202,0.025713471655624025,0.02571343215513117,0.025713392655590597,0.025713353156993614,0.025713313659341847,0.02571327416263708,0.025713234666873034,0.02571319517205514,0.025713155678175847,0.025713116185237483,0.02571307669324,0.02571303720218034,0.02571299771205939,0.025712958222871708,0.025712918734625563,0.025712879247316363,0.025712839760938844,0.0257128002754989,0.02571276079098956,0.025712721307412725,0.025712681824764765,0.025712642343050925,0.02571260286226924,0.025712563382411905,0.02571252390348307,0.025712484425481186,0.025712444948408325,0.025712405472261255,0.025712365997040732,0.025712326522742694,0.025712287049367642,0.025712247576916612,0.025712208105386287,0.025712168634771777,0.025712129165082115,0.02571208969631215,0.02571205022846268,0.025712010761529094,0.025711971295510765,0.025711931830409252,0.025711892366224526,0.025711852902954444,0.025711813440605583,0.025711773979161818,0.0257117345186269,0.02571169505900761,0.025711655600299286,0.025711616142500747,0.025711576685611606,0.02571153722963096,0.025711497774560742,0.02571145832038875,0.025711418867129056,0.025711379414772,0.025711339963320482,0.025711300512775356,0.025711261063132766,0.025711221614386923,0.02571118216654447,0.025711142719606474,0.025711103273569815,0.02571106382843426,0.025711024384188107,0.025710984940846594,0.025710945498403855,0.025710906056854953,0.025710866616204434,0.025710827176444722,0.025710787737583108,0.02571074829961611,0.025710708862542536,0.025710669426355512,0.025710629991062058,0.025710590556658402,0.025710551123147848,0.025710511690523997,0.025710472258796156,0.025710432827949457,0.025710393397993407,0.025710353968925174,0.02571031454074186,0.025710275113444966,0.025710235687031766,0.025710196261503445,0.02571015683685851,0.025710117413095986,0.02571007799021547,0.025710038568206854,0.0257099991470888,0.025709959726849,0.025709920307491217,0.025709880889010796,0.02570984147140798,0.025709802054681766,0.025709762638829348,0.025709723223856278,0.025709683809758167,0.0257096443965336,0.025709604984183773,0.02570956557270518,0.025709526162101606,0.02570948675237017,0.025709447343508794,0.02570940793551444,0.025709368528395136,0.02570932912214064,0.025709289716758694,0.025709250312244757,0.025709210908595185,0.025709171505815347,0.0257091321039015,0.02570909270285437,0.02570905330267137,0.02570901390335246,0.02570897450489737,0.025708935107306347,0.02570889571057475,0.025708856314709205,0.025708816919703843,0.025708777525558373,0.025708738132274478,0.025708698739848886,0.025708659348282887,0.025708619957574598,0.025708580567723554,0.025708541178729512,0.025708501790593193,0.025708462403309356,0.025708423016883232,0.025708383631310134,0.025708344246590478,0.025708304862727852,0.0257082654797158,0.02570822609755553,0.025708186716246802,0.025708147335784637,0.025708107956177447,0.0257080685774219,0.025708029199513968,0.025707989822457675,0.025707950446244295,0.025707911070883615,0.02570787169636776,0.02570783232268861,0.025707792949869985,0.02570775357789225,0.025707714206762104,0.025707674836472127,0.02570763546702935,0.025707596098425683,0.02570755673066597,0.025707517363748194,0.025707477997670314,0.025707438632438268,0.02570739926803937,0.025707359904482304,0.025707320541763622,0.025707281179883596,0.02570724181884628,0.02570720245864254,0.025707163099276946,0.025707123740745772,0.025707084383051013,0.02570704502619104,0.02570700567016573,0.025706966314976796,0.025706926960620265,0.025706887607096936,0.025706848254406646,0.025706808902549082,0.02570676955151868,0.025706730201322334,0.02570669085195603,0.02570665150342031,0.025706612155715482,0.0257065728088388,0.02570653346279097,0.02570649411757093,0.025706454773174448,0.02570641542960778,0.025706376086868547,0.02570633674495402,0.025706297403866478,0.02570625806360633,0.02570621872416624,0.02570617938555164,0.025706140047758556,0.025706100710787893,0.025706061374640914,0.025706022039316004,0.025705982704811378,0.02570594337112846,0.025705904038267863,0.025705864706226333,0.025705825375004116,0.025705786044599423,0.02570574671501345,0.025705707386245485,0.025705668058297146,0.02570562873116545,0.025705589404848347,0.02570555007934603,0.02570551075466038,0.025705471430791136,0.025705432107734946,0.025705392785489257,0.02570535346406553,0.025705314143452177,0.025705274823646485,0.025705235504655748,0.02570519618647701,0.025705156869110245,0.02570511755255469,0.025705078236806896,0.025705038921869715,0.025704999607742623,0.025704960294424734,0.0257049209819127,0.025704881670212253,0.025704842359317796,0.02570480304923403,0.025704763739960456,0.025704724431486824,0.025704685123818384,0.02570464581695536,0.025704606510900303,0.02570456720564255,0.025704527901192688,0.02570448859754644,0.025704449294706024,0.02570440999266352,0.025704370691425203,0.02570433139098907,0.025704292091353845,0.025704252792519117,0.025704213494484943,0.02570417419725325,0.02570413490081831,0.025704095605180784,0.025704056310344538,0.02570401701630869,0.025703977723068146,0.025703938430625344,0.02570389913898169,0.02570385984813405,0.02570382055808171,0.025703781268826734,0.025703741980364535,0.02570370269269956,0.025703663405827058,0.025703624119750402,0.02570358483446331,0.02570354554996975,0.02570350626627086,0.025703466983364603,0.0257034277012507,0.025703388419927684,0.025703349139396037,0.02570330985965499,0.025703270580704412,0.02570323130254384,0.02570319202517271,0.025703152748589645,0.025703113472795972,0.025703074197791612,0.02570303492357106,0.02570299565014272,0.025702956377495596,0.025702917105640335,0.025702877834573038,0.02570283856429065,0.025702799294794004,0.025702760026082298,0.025702720758154954,0.025702681491012548,0.02570264222465431,0.02570260295907974,0.02570256369428843,0.025702524430280198,0.025702485167054027,0.02570244590461028,0.02570240664294793,0.025702367382067666,0.02570232812196994,0.025702288862651832,0.025702249604115348,0.025702210346356686,0.0257021710893775,0.025702131833179476,0.025702092577755627,0.025702053323112345,0.025702014069246985,0.02570197481615782,0.02570193556384681,0.02570189631231574,0.02570185706155997,0.02570181781157961,0.025701778562374517,0.02570173931394974,0.025701700066294984,0.025701660819415693,0.025701621573313262,0.025701582327988325,0.025701543083431137,0.02570150383964724,0.02570146459663669,0.02570142535439834,0.025701386112931386,0.025701346872236925,0.025701307632314464,0.02570126839316129,0.02570122915478069,0.025701189917170516,0.02570115068033422,0.025701111444266247,0.0257010722089656,0.025701032974433876,0.025700993740673823,0.025700954507679206,0.025700915275452527,0.02570087604399422,0.02570083681330065,0.025700797583375793,0.025700758354218083,0.02570071912582681,0.025700679898202107,0.025700640671343596,0.02570060144524927,0.025700562219920106,0.025700522995356367,0.025700483771559316,0.025700444548524066,0.025700405326251816,0.02570036610474369,0.025700326884004348,0.025700287664020747,0.025700248444799755,0.025700209226341923,0.025700170008647636,0.02570013079171361,0.02570009157554068,0.025700052360132904,0.02570001314548089,0.025699973931588568,0.02569993471845611,0.02569989550608784,0.025699856294479677,0.025699817083628066,0.02569977787353165,0.02569973866419151,0.025699699455611652,0.025699660247790686,0.025699621040726872,0.025699581834425465,0.02569954262887515,0.025699503424081654,0.02569946422004397,0.02569942501676234,0.025699385814241523,0.02569934661246997,0.025699307411450965,0.025699268211188588,0.025699229011682374,0.02569918981292988,0.025699150614933282,0.02569911141768603,0.025699072221190014,0.025699033025450034,0.025698993830463205,0.025698954636228892,0.025698915442745784,0.02569887625002137,0.02569883705804017,0.025698797866811295,0.025698758676333536,0.025698719486606368,0.02569868029762933,0.025698641109412397,0.025698601921934686,0.025698562735205564,0.025698523549231325,0.025698484364000795,0.025698445179519042,0.025698405995785368,0.025698366812799366,0.025698327630562533,0.02569828844907747,0.02569824926833388,0.02569821008833686,0.02569817090908535,0.025698131730580796,0.02569809255282337,0.025698053375812192,0.025698014199544858,0.02569797502402306,0.02569793584924415,0.025697896675212033,0.02569785750192381,0.02569781832937949,0.025697779157590164,0.025697739986529133,0.025697700816215436,0.025697661646644356,0.02569762247781691,0.025697583309731317,0.02569754414239338,0.025697504975792342,0.025697465809942303,0.025697426644823492,0.02569738748044592,0.025697348316809455,0.025697309153913175,0.025697269991757775,0.025697230830342692,0.02569719166966697,0.025697152509730394,0.025697113350538148,0.025697074192079818,0.02569703503436053,0.02569699587737945,0.02569695672113696,0.02569691756563202,0.025696878410864814,0.025696839256831163,0.025696800103538996,0.02569676095098387,0.025696721799164934,0.025696682648082975,0.025696643497736888,0.02569660434812728,0.025696565199252563,0.025696526051113985,0.025696486903710507,0.02569644775704519,0.02569640861111122,0.025696369465911223,0.02569633032144637,0.025696291177715335,0.025696252034712437,0.025696212892447994,0.02569617375091709,0.02569613461011979,0.025696095470054497,0.025696056330722233,0.02569601719212223,0.025695978054254318,0.025695938917117682,0.0256958997807077,0.025695860645034287,0.025695821510092493,0.02569578237588103,0.02569574324240034,0.02569570410965031,0.025695664977630414,0.02569562584634014,0.025695586715779276,0.025695547585948678,0.025695508456847423,0.025695469328474933,0.025695430200831315,0.025695391073916184,0.02569535194772995,0.025695312822270982,0.02569527369754008,0.025695234573536622,0.025695195450260975,0.02569515632771256,0.025695117205890874,0.0256950780847957,0.02569503896442734,0.02569499984478518,0.02569496072586926,0.025694921607678584,0.025694882490214118,0.02569484337347507,0.025694804257460752,0.025694765142171803,0.025694726027607293,0.02569468691376759,0.02569464780065224,0.0256946086882614,0.02569456957659333,0.02569453046564948,0.02569449135542959,0.02569445224593267,0.025694413137158104,0.025694374029106973,0.02569433492177868,0.02569429581517237,0.025694256709285792,0.025694217604123222,0.02569417849968287,0.02569413939596422,0.025694100292966867,0.025694061190690246,0.02569402208913463,0.025693982988299748,0.02569394388818529,0.02569390478879093,0.025693865690110663,0.025693826592156507,0.025693787494922318,0.025693748398407306,0.025693709302611608,0.025693670207534824,0.02569363111317785,0.025693592019539156,0.025693552926618592,0.025693513834415708,0.025693474742932043,0.025693435652165517,0.025693396562116614,0.02569335747278473,0.025693318384170067,0.025693279296266417,0.025693240209086237,0.025693201122622123,0.025693162036874908,0.02569312295184433,0.025693083867529984,0.02569304478393109,0.025693005701048235,0.025692966618879782,0.0256929275374266,0.02569288845668868,0.02569284937666632,0.025692810297356473,0.025692771218762626,0.025692732140882545,0.025692693063716906,0.025692653987265467,0.02569261491152744,0.025692575836503136,0.025692536762192734,0.025692497688595214,0.025692458615711143,0.02569241954354055,0.02569238047208127,0.025692341401334612,0.025692302331300203,0.025692263261978383,0.025692224193367974,0.025692185125469093,0.025692146058282288,0.02569210699180622,0.025692067926041496,0.025692028860987547,0.025691989796630336,0.02569195073299777,0.025691911670075635,0.02569187260785149,0.025691833546350462,0.025691794485558164,0.025691755425477143,0.025691716366102336,0.025691677307439223,0.025691638249484658,0.025691599192239806,0.025691560135703704,0.0256915210798759,0.025691482024756292,0.025691442970345143,0.025691403916642992,0.025691364863638422,0.025691325811351525,0.02569128675977222,0.02569124770890032,0.025691208658735507,0.02569116960927765,0.025691130560526968,0.02569109151248282,0.025691052465145248,0.025691013418514326,0.025690974372589027,0.025690935327370146,0.0256908962828582,0.02569085723905082,0.025690818195949094,0.025690779153553,0.025690740111861846,0.02569070107087599,0.025690662030594787,0.025690622991019475,0.025690583952147412,0.025690544913979867,0.025690505876516806,0.025690466839757488,0.025690427803702037,0.025690388768350638,0.025690349733702232,0.025690310699757513,0.02569027166651577,0.025690232633977683,0.02569019360214231,0.02569015457100826,0.02569011554057841,0.025690076510849966,0.02569003748182459,0.02568999845350104,0.02568995942588001,0.025689920398960217,0.025689881372742633,0.025689842347226242,0.025689803322411477,0.025689764298297293,0.025689725274884712,0.025689686252173057,0.025689647230167794,0.02568960820884975,0.025689569188239746,0.02568953016833049,0.02568949114912074,0.025689452130610857,0.025689413112800798,0.025689374095680128,0.025689335079269182,0.025689296063559096,0.02568925704854671,0.025689218034233248,0.025689179020618447,0.025689140007704062,0.02568910099550328,0.025689061983983463,0.025689022973164374,0.0256889839630433,0.02568894495361573,0.025688905944888787,0.02568886693686083,0.02568882792952907,0.025688788922895747,0.02568874991695868,0.025688710911719627,0.02568867190717637,0.025688632903333633,0.02568859390018424,0.025688554897729924,0.025688515895973252,0.02568847689491439,0.025688437894550505,0.025688398894880147,0.02568835989590735,0.025688320897630203,0.025688281900048886,0.025688242903162222,0.025688203906971782,0.025688164911476342,0.025688125916675353,0.025688086922569162,0.02568804792917394,0.02568800893645638,0.025687969944435087,0.025687930953106137,0.02568789196247133,0.025687852972530973,0.025687813983284374,0.02568777499473142,0.025687736006873123,0.025687697019706336,0.025687658033233658,0.025687619047451496,0.02568758006236468,0.02568754107797185,0.025687502094270745,0.025687463111262177,0.02568742412894608,0.025687385147321485,0.025687346166385648,0.025687307186147056,0.025687268206599025,0.025687229227743406,0.025687190249579498,0.025687151272106745,0.025687112295324454,0.025687073319228718,0.025687034343829417,0.025686995369120814,0.025686956395104217,0.025686917421778033,0.025686878449142147,0.02568683947720031,0.025686800505944747,0.02568676153537969,0.025686722565505245,0.025686683596319905,0.025686644627824603,0.02568660566002007,0.02568656669291905,0.025686527726492464,0.025686488760756573,0.025686449795708503,0.02568641083134963,0.02568637186767861,0.02568633290469693,0.025686293942405816,0.025686254980801876,0.025686216019884214,0.02568617705966026,0.025686138100128597,0.025686099141277223,0.025686060183112855,0.025686021225637855,0.02568598226884954,0.02568594331275005,0.02568590435733707,0.025685865402618045,0.025685826448580088,0.02568578749522879,0.025685748542564335,0.025685709590586085,0.025685670639295534,0.025685631688689668,0.02568559273877036,0.02568555378953929,0.02568551484099354,0.025685475893134347,0.025685436945960295,0.02568539799947397,0.025685359053672172,0.02568532010854835,0.02568528116411849,0.025685242220374115,0.025685203277314175,0.025685164334938407,0.025685125393250102,0.02568508645224467,0.02568504751192398,0.025685008572287917,0.025684969633337124,0.025684930695062964,0.025684891757482224,0.02568485282058263,0.025684813884368555,0.025684774948837898,0.025684736013992137,0.025684697079829632,0.025684658146350438,0.025684619213555738,0.025684580281441903,0.025684541350022527,0.025684502419276826,0.025684463489222507,0.025684424559843648,0.025684385631153325,0.025684346703138287,0.025684307775806988,0.025684268849159603,0.025684229923193795,0.025684190997909598,0.025684152073306814,0.025684113149394745,0.025684074226157812,0.02568403530360185,0.025683996381727584,0.025683957460521174,0.025683918540010113,0.025683879620181944,0.025683840701025053,0.02568380178255628,0.025683762864768978,0.02568372394766406,0.0256836850312425,0.025683646115498466,0.025683607200435804,0.02568356828605285,0.02568352937235098,0.025683490459329432,0.0256834515469704,0.025683412635308447,0.02568337372432769,0.025683334814026876,0.02568329590440521,0.025683256995463807,0.02568321808719961,0.025683179179618515,0.02568314027271639,0.025683101366491292,0.02568306246094542,0.02568302355608071,0.025682984651895047,0.025682945748386934,0.025682906845557685,0.025682867943401893,0.025682829041932483,0.025682790141138338,0.025682751241023514,0.02568271234158653,0.025682673442827576,0.02568263454474717,0.025682595647343768,0.02568255675061779,0.02568251785457009,0.025682478959199433,0.025682440064507168,0.025682401170493602,0.025682362277143378,0.02568232338448461,0.02568228449250275,0.0256822456011985,0.02568220671057064,0.025682167820609777,0.025682128931334758,0.02568209004273722,0.02568205115481553,0.025682012267568843,0.025681973380988477,0.025681934495096426,0.025681895609880052,0.025681856725332915,0.025681817841466715,0.025681778958277463,0.02568174007576328,0.025681701193926848,0.025681662312765998,0.025681623432273582,0.025681584552455835,0.02568154567331844,0.025681506794856493,0.025681467917059976,0.025681429039948862,0.02568139016351269,0.025681351287751723,0.02568131241267044,0.025681273538257228,0.02568123466450392,0.025681195791441645,0.02568115691905849,0.025681118047339028,0.025681079176299672,0.025681040305935304,0.02568100143624429,0.02568096256722713,0.025680923698882963,0.025680884831219282,0.025680845964223674,0.025680807097901586,0.02568076823225158,0.025680729367273083,0.025680690502969783,0.02568065163934253,0.025680612776385475,0.025680573914102587,0.025680535052492032,0.02568049619155322,0.02568045733128717,0.02568041847169429,0.02568037961277396,0.025680340754524404,0.025680301896947904,0.025680263040044504,0.025680224183813286,0.02568018532826021,0.025680146473371822,0.025680107619160807,0.025680068765607723,0.025680029912719105,0.0256799910605189,0.025679952208996052,0.02567991335813757,0.02567987450795048,0.02567983565843574,0.025679796809589487,0.025679757961416538,0.02567971911391499,0.025679680267085697,0.02567964142091366,0.02567960257542506,0.025679563730621587,0.02567952488647554,0.02567948604299971,0.025679447200192294,0.02567940835805612,0.025679369516591766,0.025679330675783738,0.025679291835657404,0.02567925299620696,0.02567921415742208,0.025679175319306097,0.025679136481853836,0.025679097645077267,0.02567905880897182,0.02567901997353329,0.025678981138764195,0.02567894230466584,0.025678903471236286,0.025678864638475928,0.025678825806385558,0.025678786974964972,0.02567874814421328,0.02567870931412959,0.0256786704847083,0.025678631655960828,0.025678592827882898,0.025678554000473502,0.025678515173732614,0.025678476347661235,0.025678437522255983,0.025678398697518784,0.025678359873449547,0.025678321050054548,0.025678282227322147,0.025678243405268628,0.02567820458387342,0.025678165763144408,0.025678126943088755,0.025678088123695073,0.025678049304969152,0.025678010486908792,0.025677971669516533,0.025677932852792643,0.025677894036736586,0.025677855221347128,0.025677816406621933,0.02567777759256268,0.025677738779161713,0.025677699966436606,0.02567766115438129,0.025677622342983045,0.025677583532258994,0.025677544722203627,0.025677505912814626,0.025677467104091613,0.02567742829603493,0.025677389488645116,0.02567735068191718,0.025677311875858713,0.025677273070466137,0.025677234265739524,0.02567719546167869,0.02567715665828311,0.025677117855554054,0.025677079053490853,0.025677040252092442,0.025677001451351187,0.025676962651283455,0.025676923851877972,0.025676885053140707,0.02567684625506806,0.025676807457661346,0.02567676866091991,0.02567672986484226,0.025676691069429727,0.02567665227468247,0.02567661348059903,0.025676574687175834,0.025676535894422436,0.025676497102334755,0.025676458310910012,0.025676419520148087,0.025676380730051383,0.025676341940614543,0.0256763031518527,0.025676264363743116,0.025676225576310215,0.025676186789535878,0.025676148003424,0.025676109217974502,0.02567607043319472,0.025676031649074678,0.02567599286561682,0.025675954082822514,0.02567591530069078,0.025675876519219234,0.02567583773841415,0.02567579895827538,0.025675760178796248,0.02567572139998126,0.025675682621829933,0.025675643844335076,0.025675605067502702,0.025675566291338492,0.025675527515836766,0.025675488740998426,0.02567544996682172,0.025675411193301276,0.025675372420450156,0.02567533364826189,0.025675294876735495,0.02567525610587075,0.025675217335667987,0.025675178566127273,0.025675139797248673,0.025675101029032876,0.02567506226147747,0.025675023494583605,0.02567498472835315,0.02567494596277701,0.02567490719786826,0.025674868433616913,0.025674829670030746,0.02567479090710687,0.025674752144844323,0.025674713383242745,0.025674674622298072,0.025674635862032027,0.02567459710241527,0.025674558343455403,0.025674519585158873,0.025674480827525815,0.025674442070549277,0.025674403314234713,0.025674364558584857,0.025674325803585304,0.02567428704925359,0.02567424829558118,0.02567420954256964,0.02567417079021832,0.025674132038525057,0.025674093287493992,0.02567405453712388,0.025674015787413976,0.02567397703836238,0.025673938289970978,0.025673899542240048,0.025673860795168257,0.025673822048756192,0.025673783303004873,0.02567374455791215,0.025673705813473644,0.025673667069698782,0.025673628326583035,0.025673589584128218,0.025673550842330903,0.025673512101194052,0.025673473360714245,0.025673434620895004,0.025673395881730354,0.02567335714323103,0.02567331840538958,0.025673279668208815,0.02567324093167782,0.025673202195812546,0.025673163460605802,0.02567312472605669,0.025673085992182706,0.025673047258947295,0.02567300852637057,0.025672969794456046,0.025672931063199848,0.025672892332600724,0.025672853602661572,0.025672814873376477,0.025672776144750987,0.025672737416785472,0.025672698689475446,0.02567265996282549,0.025672621236834295,0.025672582511498832,0.025672543786818387,0.025672505062798643,0.025672466339436737,0.025672427616732475,0.025672388894684667,0.025672350173295003,0.025672311452562588,0.025672272732486626,0.025672234013067757,0.02567219529430588,0.025672156576195055,0.02567211785874872,0.025672079141957214,0.02567204042581518,0.025672001710338815,0.02567196299552179,0.02567192428135885,0.025671885567852104,0.025671846855000593,0.025671808142806618,0.025671769431254387,0.02567173072037206,0.025671692010146182,0.025671653300578124,0.025671614591667734,0.0256715758834117,0.02567153717581161,0.02567149846886963,0.025671459762582095,0.025671421056949993,0.025671382351970598,0.025671343647651182,0.025671304943987013,0.025671266240972906,0.02567122753862008,0.025671188836922525,0.025671150135881275,0.025671111435495445,0.025671072735761087,0.025671034036686097,0.02567099533826565,0.025670956640501442,0.025670917943392175,0.025670879246938127,0.025670840551139436,0.025670801855995715,0.025670763161506002,0.025670724467672733,0.02567068577448611,0.025670647081960967,0.0256706083900947,0.025670569698878903,0.02567053100831625,0.025670492318410006,0.025670453629158957,0.025670414940561326,0.025670376252618362,0.025670337565330683,0.02567029887869734,0.025670260192735755,0.02567022150740854,0.02567018282273543,0.02567014413871692,0.02567010545535538,0.02567006677264941,0.025670028090594564,0.025669989409187365,0.02566995072843841,0.025669912048340977,0.025669873368899834,0.02566983469011302,0.02566979601198492,0.02566975733450479,0.02566971865767853,0.025669679981505277,0.025669641305985338,0.02566960263111814,0.025669563956905103,0.025669525283353544,0.025669486610446553,0.025669447938192713,0.025669409266592322,0.025669370595648864,0.02566933192535395,0.025669293255711528,0.02566925458672222,0.025669215918385665,0.025669177250704212,0.025669138583672712,0.025669099917293853,0.025669061251587202,0.02566902258651353,0.025668983922083416,0.02566894525831664,0.025668906595203267,0.025668867932739182,0.025668829270930248,0.025668790609770984,0.025668751949264254,0.025668713289408902,0.02566867463020703,0.025668635971655588,0.025668597313756134,0.02566855865651677,0.025668519999921324,0.025668481343977718,0.02566844268868586,0.025668404034044013,0.02566836538005427,0.025668326726716904,0.025668288074031,0.025668249421996595,0.025668210770613608,0.025668172119882208,0.025668133469802037,0.0256680948203728,0.02566805617159772,0.02566801752347096,0.025667978875995066,0.025667940229169923,0.02566790158299795,0.025667862937475416,0.02566782429260359,0.025667785648382752,0.025667747004812603,0.025667708361893336,0.02566766971962482,0.02566763107800826,0.02566759243703847,0.025667553796723693,0.025667515157058292,0.025667476518044362,0.02566743787967905,0.025667399241964654,0.025667360604908738,0.025667321968492654,0.02566728333272807,0.025667244697613955,0.025667206063150552,0.025667167429340183,0.025667128796196877,0.025667090163685933,0.02566705153182195,0.025667012900598588,0.02566697427003428,0.025666935640117232,0.025666897010852674,0.025666858382239924,0.025666819754287362,0.025666781126970753,0.025666742500304384,0.025666703874286437,0.02566666524892137,0.02566662662420068,0.025666588000131052,0.02566654937671771,0.025666510753946953,0.025666472131825966,0.02566643351035345,0.025666394889530136,0.02566635626935982,0.02566631764983475,0.025666279030959357,0.02566624041273359,0.025666201795155556,0.025666163178225437,0.025666124561944767,0.02566608594631181,0.025666047331329687,0.025666008716995276,0.025665970103322923,0.025665931490287935,0.02566589287792004,0.025665854266179292,0.02566581565508725,0.02566577704464303,0.025665738434847332,0.02566569982571837,0.025665661217219797,0.02566562260936901,0.02566558400218677,0.025665545395632147,0.02566550678972553,0.025665468184466994,0.02566542957985452,0.02566539097588484,0.025665352372570355,0.02566531376990309,0.025665275167886446,0.025665236566518004,0.025665197965793807,0.025665159365717182,0.02566512076630337,0.025665082167519438,0.02566504356938577,0.025665004971898664,0.02566496637505887,0.025664927778885783,0.025664889183353343,0.02566485058845528,0.02566481199421533,0.02566477340062452,0.02566473480766848,0.025664696215359505,0.02566465762369781,0.025664619032680927,0.02566458044231281,0.02566454185260266,0.025664503263527774,0.02566446467510328,0.025664426087322417,0.02566438750018443,0.02566434891369642,0.025664310327856,0.025664271742660005,0.025664233158122343,0.02566419457423814,0.025664155991004724,0.025664117408389007,0.025664078826427034,0.02566404024511443,0.02566400166444466,0.025663963084423945,0.02566392450505016,0.025663885926319175,0.025663847348233605,0.025663808770794782,0.025663770194002546,0.025663731617850818,0.02566369304234874,0.025663654467492924,0.025663615893282834,0.025663577319719175,0.025663538746800947,0.02566350017452787,0.025663461602900377,0.02566342303191882,0.025663384461584848,0.025663345891894417,0.025663307322849306,0.02566326875445248,0.025663230186698187,0.025663191619589253,0.02566315305312868,0.02566311448731038,0.025663075922143674,0.025663037357615437,0.02566299879373259,0.025662960230494924,0.02566292166790272,0.025662883105955603,0.02566284454465622,0.02566280598400194,0.02566276742399521,0.02566272886460687,0.025662690305883803,0.025662651747801784,0.02566261319037979,0.02566257463358999,0.025662536077445324,0.02566249752194772,0.02566245896708036,0.025662420412869705,0.025662381859305965,0.025662343306380796,0.025662304754093118,0.025662266202464108,0.025662227651475022,0.025662189101133485,0.02566215055142983,0.02566211200237549,0.025662073453966223,0.025662034906206575,0.025661996359082208,0.0256619578126017,0.02566191926676588,0.02566188072157449,0.025661842177026484,0.02566180363312363,0.025661765089863824,0.025661726547247177,0.02566168800527485,0.025661649463936925,0.02566161092325364,0.025661572383213486,0.025661533843815424,0.025661495305065275,0.025661456766956404,0.025661418229484787,0.025661379692659407,0.025661341156480038,0.02566130262094043,0.02566126408604453,0.025661225551793322,0.025661187018191967,0.025661148485226166,0.02566110995291969,0.02566107142123957,0.02566103289021411,0.025660994359821252,0.025660955830070057,0.025660917300961962,0.025660878772498102,0.025660840244685304,0.025660801717508796,0.02566076319097224,0.025660724665064073,0.02566068613981382,0.025660647615201322,0.02566060909125335,0.025660570567938763,0.025660532045257572,0.025660493523222208,0.025660455001824983,0.02566041648107909,0.025660377960967484,0.02566033944149807,0.025660300922676203,0.025660262404490226,0.025660223886950873,0.02566018537005511,0.025660146853797763,0.02566010833819184,0.02566006982321766,0.025660031308881167,0.02565999279519183,0.02565995428215385,0.02565991576974712,0.025659877257984447,0.02565983874685681,0.02565980023637787,0.02565976172653826,0.025659723217340776,0.025659684708785113,0.025659646200869163,0.02565960769359748,0.02565956918697192,0.02565953068098456,0.025659492175634978,0.025659453670922178,0.0256594151668599,0.025659376663429802,0.025659338160646458,0.025659299658513195,0.025659261157012343,0.025659222656150806,0.02565918415594488,0.02565914565636801,0.02565910715744395,0.025659068659141006,0.025659030161479305,0.025658991664464916,0.025658953168093596,0.025658914672363184,0.0256588761772729,0.02565883768281019,0.025658799188990687,0.025658760695823297,0.025658722203291334,0.025658683711404645,0.02565864522015699,0.025658606729551448,0.025658568239587114,0.025658529750261772,0.025658491261578247,0.025658452773535144,0.025658414286122894,0.025658375799360714,0.025658337313238074,0.025658298827756432,0.025658260342915,0.025658221858715285,0.02565818337515349,0.025658144892231078,0.025658106409951982,0.025658067928308072,0.025658029447317803,0.02565799096695057,0.025657952487228155,0.025657914008141748,0.02565787552969985,0.02565783705190039,0.025657798574737385,0.0256577600982218,0.025657721622334224,0.025657683147099954,0.025657644672491257,0.02565760619852784,0.02565756772520317,0.025657529252529766,0.025657490780480015,0.02565745230907683,0.025657413838306248,0.025657375368177818,0.02565733689869049,0.025657298429850484,0.02565725996165095,0.025657221494083223,0.02565718302715226,0.025657144560860757,0.025657106095197973,0.02565706763018002,0.025657029165805447,0.025656990702064182,0.025656952238966645,0.025656913776509627,0.02565687531469158,0.025656836853511153,0.025656798392970925,0.02565675993306444,0.025656721473789584,0.025656683015152986,0.025656644557161545,0.025656606099814606,0.025656567643106233,0.025656529187045696,0.02565649073161185,0.025656452276819175,0.025656413822668225,0.025656375369152204,0.025656336916256274,0.02565629846402233,0.02565626001241447,0.025656221561447857,0.025656183111124612,0.025656144661436456,0.025656106212392307,0.025656067763980918,0.02565602931621804,0.025655990869076974,0.0256559524225812,0.025655913976718767,0.025655875531499034,0.02565583708691767,0.025655798642973248,0.02565576019966332,0.025655721756995282,0.02565568331496765,0.02565564487357115,0.02565560643281649,0.025655567992695055,0.025655529553209922,0.025655491114363462,0.02565545267615923,0.025655414238593594,0.025655375801671716,0.025655337365367323,0.025655298929713712,0.025655260494700932,0.025655222060322225,0.025655183626579516,0.02565514519347411,0.02565510676100297,0.025655068329175787,0.02565502989798269,0.025654991467427446,0.025654953037507575,0.025654914608224753,0.02565487617958014,0.025654837751573328,0.025654799324198715,0.025654760897467276,0.025654722471370163,0.025654684045910935,0.025654645621080434,0.025654607196895246,0.025654568773341036,0.025654530350429233,0.025654491928153722,0.02565445350651465,0.025654415085506633,0.025654376665135436,0.02565433824540254,0.025654299826298056,0.02565426140784059,0.025654222990019366,0.02565418457283792,0.025654146156288016,0.02565410774037847,0.025654069325108168,0.02565403091047101,0.025653992496460058,0.025653954083099763,0.02565391567036591,0.025653877258272617,0.025653838846829084,0.025653800436009126,0.02565376202582523,0.02565372361627264,0.025653685207358817,0.025653646799083187,0.02565360839144164,0.025653569984437116,0.025653531578070918,0.025653493172339923,0.025653454767241325,0.025653416362777643,0.025653377958952426,0.025653339555757448,0.025653301153199144,0.025653262751280253,0.025653224349996895,0.02565318594934585,0.02565314754935118,0.02565310914997629,0.025653070751231896,0.025653032353130423,0.025652993955655828,0.025652955558817157,0.025652917162610304,0.02565287876704996,0.02565284037212223,0.025652801977823415,0.02565276358416706,0.025652725191144542,0.02565268679875739,0.025652648406997977,0.025652610015881164,0.02565257162539976,0.02565253323555098,0.025652494846339823,0.025652456457763272,0.0256524180698204,0.02565237968251278,0.02565234129584235,0.025652302909796223,0.025652264524394956,0.025652226139626866,0.025652187755489646,0.02565214937199137,0.02565211098912339,0.02565207260688077,0.0256520342252853,0.02565199584433638,0.02565195746401071,0.025651919084321986,0.025651880705254503,0.025651842326828232,0.025651803949040763,0.025651765571887773,0.025651727195369022,0.02565168881948733,0.02565165044423672,0.02565161206962049,0.02565157369563677,0.025651535322285087,0.025651496949570564,0.0256514585774874,0.025651420206041785,0.02565138183523035,0.02565134346505285,0.025651305095513756,0.02565126672660358,0.025651228358326946,0.02565118999068485,0.025651151623672548,0.025651113257303303,0.025651074891556745,0.025651036526453723,0.025650998161997996,0.025650959798159328,0.025650921434954538,0.02565088307238277,0.025650844710445885,0.025650806349138928,0.025650767988458535,0.025650729628421003,0.02565069126901698,0.02565065291024509,0.02565061455210828,0.025650576194605812,0.025650537837735715,0.02565049948149689,0.025650461125895044,0.02565042277091816,0.025650384416580504,0.025650346062878193,0.025650307709804105,0.025650269357369974,0.025650231005563587,0.025650192654383994,0.025650154303849478,0.025650115953953376,0.025650077604678054,0.02565003925603286,0.02565000090802582,0.02564996256065154,0.02564992421391405,0.025649885867805734,0.02564984752233159,0.025649809177496832,0.025649770833285995,0.025649732489708005,0.02564969414675832,0.02564965580444498,0.0256496174627657,0.025649579121716604,0.02564954078131591,0.025649502441534338,0.02564946410238441,0.025649425763867535,0.025649387425983432,0.025649349088729307,0.025649310752109546,0.025649272416116895,0.02564923408076239,0.025649195746039504,0.02564915741194979,0.02564911907848878,0.025649080745666457,0.025649042413461682,0.02564900408190018,0.02564896575097861,0.02564892742067638,0.025648889091011724,0.02564885076197792,0.025648812433575908,0.025648774105807914,0.02564873577866924,0.025648697452157747,0.025648659126284976,0.025648620801046292,0.02564858247643542,0.025648544152457244,0.025648505829115497,0.025648467506399878,0.025648429184314776,0.02564839086286239,0.0256483525420414,0.025648314221851404,0.02564827590228613,0.02564823758335867,0.025648199265063808,0.025648160947401397,0.025648122630370307,0.025648084313967673,0.0256480459981981,0.025648007683061812,0.02564796936855524,0.025647931054677116,0.02564789274143343,0.025647854428819766,0.025647816116839278,0.02564777780550232,0.025647739494774516,0.025647701184692052,0.025647662875238716,0.0256476245664098,0.02564758625821391,0.025647547950650686,0.025647509643722942,0.02564747133742633,0.025647433031754995,0.02564739472671394,0.025647356422302304,0.025647318118531486,0.025647279815383315,0.025647241512870372,0.025647203210983592,0.02564716490972732,0.025647126609101407,0.025647088309105944,0.02564705000974105,0.025647011711007254,0.025646973412903267,0.02564693511543034,0.02564689681858929,0.025646858522377306,0.02564682022679389,0.02564678193184057,0.025646743637519027,0.0256467053438273,0.025646667050766875,0.025646628758336558,0.025646590466536553,0.0256465521753663,0.025646513884823252,0.025646475594913315,0.025646437305635497,0.02564639901697939,0.025646360728955195,0.02564632244155893,0.025646284154798967,0.02564624586866892,0.025646207583169014,0.02564616929829301,0.02564613101405276,0.025646092730434708,0.025646054447454162,0.025646016165107217,0.02564597788338391,0.025645939602287563,0.025645901321825752,0.02564586304199419,0.02564582476279141,0.025645786484224147,0.025645748206278744,0.025645709928966375,0.025645671652282126,0.02564563337622573,0.02564559510078402,0.02564555682598633,0.025645518551820814,0.025645480278275377,0.025645442005365178,0.02564540373308432,0.02564536546142955,0.02564532719041412,0.025645288920020836,0.025645250650259608,0.025645212381115834,0.02564517411261208,0.025645135844737873,0.02564509757749209,0.025645059310876146,0.02564502104488317,0.02564498277952944,0.02564494451480077,0.025644906250696632,0.02564486798722318,0.025644829724380876,0.025644791462163287,0.0256447532005776,0.0256447149396243,0.02564467667930307,0.025644638419607076,0.025644600160538475,0.025644561902097886,0.025644523644282755,0.02564448538709832,0.02564444713054377,0.0256444088746152,0.02564437061931761,0.02564433236463879,0.025644294110597692,0.025644255857176834,0.025644217604422804,0.025644179352267333,0.025644141100733178,0.025644102849837362,0.025644064599566915,0.02564402634991937,0.02564398810090556,0.025643949852535517,0.02564391160477796,0.02564387335764873,0.02564383511114627,0.025643796865272434,0.02564375862002524,0.025643720375402152,0.025643682131413274,0.02564364388804985,0.025643605645313886,0.025643567403209194,0.02564352916173344,0.02564349092088364,0.025643452680646352,0.02564341444106366,0.025643376202097903,0.02564333796375875,0.025643299726061646,0.02564326148897618,0.02564322325252053,0.025643185016690457,0.025643146781503586,0.02564310854693454,0.025643070312989628,0.025643032079670232,0.025642993846980253,0.025642955614915284,0.025642917383480034,0.025642879152671837,0.02564284092249138,0.025642802692930084,0.02564276446400001,0.025642726235709967,0.02564268800802183,0.02564264978097578,0.025642611554566833,0.025642573328809058,0.02564253510365077,0.025642496879108547,0.025642458655188417,0.0256424204319001,0.025642382209241355,0.02564234398721396,0.025642305765814322,0.025642267545041102,0.025642229324894714,0.02564219110537603,0.025642152886485556,0.02564211466822065,0.025642076450586634,0.025642038233575578,0.025642000017198602,0.025641961801440415,0.02564192358630658,0.02564188537180924,0.025641847157912095,0.02564180894465019,0.025641770732026954,0.025641732520028472,0.025641694308653047,0.025641656097903837,0.02564161788777424,0.025641579678283434,0.02564154146942788,0.02564150326118992,0.02564146505357783,0.025641426846588572,0.025641388640230627,0.025641350434490555,0.02564131222937582,0.025641274024895522,0.025641235821047062,0.02564119761781959,0.025641159415203948,0.025641121213227057,0.025641083011876332,0.025641044811153948,0.025641006611058052,0.025640968411580936,0.025640930212761016,0.025640892014550852,0.02564085381695779,0.025640815619987392,0.02564077742364446,0.02564073922792836,0.02564070103284145,0.025640662838376863,0.02564062464453636,0.025640586451311863,0.02564054825871778,0.025640510066748792,0.025640471875413216,0.025640433684696016,0.025640395494612285,0.025640357305150737,0.02564031911631094,0.02564028092809312,0.02564024274049978,0.025640204553537292,0.02564016636720489,0.025640128181503633,0.025640089996430356,0.025640051811975106,0.025640013628159226,0.025639975444960876,0.0256399372623717,0.025639899080415446,0.025639860899083437,0.02563982271838673,0.025639784538309805,0.025639746358861647,0.02563970818003418,0.02563967000183178,0.025639631824255566,0.025639593647300958,0.025639555470973338,0.025639517295271284,0.025639479120194247,0.02563944094572763,0.025639402771893353,0.025639364598686168,0.025639326426107733,0.025639288254139074,0.02563925008281148,0.025639211912108967,0.025639173742025755,0.025639135572572386,0.025639097403739746,0.02563905923554241,0.02563902106796431,0.025638982900998707,0.025638944734669673,0.02563890656896425,0.025638868403880622,0.025638830239414413,0.025638792075575956,0.02563875391236969,0.025638715749786885,0.02563867758782603,0.02563863942649207,0.02563860126578298,0.025638563105694213,0.02563852494624159,0.025638486787406205,0.025638448629194326,0.025638410471602452,0.02563837231462737,0.02563833415828636,0.025638296002568426,0.025638257847461442,0.025638219692982005,0.02563818153913835,0.025638143385920163,0.02563810523330868,0.025638067081334467,0.02563802892997127,0.025637990779247846,0.025637952629149578,0.02563791447967011,0.025637876330815868,0.02563783818259522,0.02563780003498793,0.025637761888012495,0.025637723741656352,0.02563768559592454,0.02563764745081108,0.025637609306321182,0.025637571162459842,0.025637533019223908,0.02563749487662122,0.025637456734628587,0.02563741859326136,0.025637380452518153,0.02563734231238542,0.02563730417289034,0.025637266034025403,0.025637227895781108,0.02563718975814804,0.025637151621137607,0.025637113484758108,0.025637075349001774,0.02563703721388539,0.02563699907938148,0.02563696094549112,0.025636922812221536,0.02563688467958273,0.02563684654756292,0.025636808416164215,0.025636770285394715,0.02563673215524538,0.02563669402571819,0.02563665589681696,0.025636617768538948,0.025636579640883284,0.02563654151385215,0.0256365033874401,0.02563646526164832,0.02563642713649029,0.02563638901194863,0.025636350888030995,0.025636312764735956,0.025636274642059,0.025636236520009507,0.025636198398583734,0.02563616027777946,0.02563612215759861,0.02563608403803965,0.025636045919090474,0.02563600780077719,0.025635969683086315,0.02563593156601183,0.02563589344955623,0.02563585533374293,0.02563581721853816,0.02563577910395953,0.025635740990004496,0.025635702876669147,0.02563566476395888,0.025635626651869806,0.02563558854040385,0.025635550429560068,0.02563551231933834,0.025635474209738798,0.025635436100757195,0.025635397992401637,0.025635359884674726,0.02563532177756266,0.025635283671066617,0.025635245565198514,0.025635207459959283,0.02563516935533678,0.02563513125133618,0.025635093147957533,0.02563505504519993,0.02563501694306074,0.025634978841547237,0.0256349407406611,0.025634902640392844,0.02563486454074204,0.0256348264417019,0.02563478834329708,0.02563475024550267,0.02563471214834213,0.02563467405179197,0.025634635955872113,0.025634597860576307,0.025634559765902887,0.02563452167185687,0.02563448357842624,0.02563444548562315,0.02563440739343586,0.025634369301858768,0.02563433121091422,0.025634293120589534,0.025634255030887385,0.025634216941806877,0.02563417885334816,0.025634140765515172,0.025634102678283775,0.02563406459168916,0.02563402650571764,0.02563398842035096,0.02563395033561826,0.025633912251511824,0.02563387416802343,0.025633836085155494,0.025633798002908926,0.02563375992128566,0.025633721840276676,0.025633683759899037,0.025633645680122892,0.025633607600980355,0.025633569522460327,0.02563353144455784,0.02563349336725519,0.02563345529059607,0.025633417214559112,0.02563337913914296,0.02563334106434767,0.02563330299017069,0.025633264916617247,0.02563322684368345,0.025633188771371294,0.02563315069967511,0.025633112628608262,0.025633074558158532,0.025633036488329666,0.025632998419120943,0.025632960350533973,0.02563292228256208,0.02563288421521531,0.025632846148487955,0.025632808082381185,0.025632770016885752,0.025632731952019733,0.025632693887759697,0.025632655824134452,0.025632617761128112,0.02563257969874431,0.025632541636979103,0.025632503575835953,0.02563246551531298,0.0256324274554067,0.025632389396124413,0.025632351337459936,0.02563231327941267,0.025632275221986807,0.025632237165182585,0.025632199108998093,0.025632161053437602,0.025632122998496116,0.02563208494417462,0.025632046890469357,0.025632008837390023,0.02563197078492846,0.025631932733086605,0.025631894681862003,0.02563185663125904,0.02563181858127572,0.02563178053191323,0.025631742483170537,0.025631704435050605,0.02563166638754662,0.025631628340663213,0.025631590294398023,0.02563155224875334,0.025631514203729208,0.025631476159323065,0.025631438115540344,0.02563140007237809,0.02563136202982101,0.025631323987892102,0.025631285946568095,0.02563124790587914,0.025631209865805405,0.0256311718263565,0.02563113378752641,0.025631095749315543,0.025631057711720872,0.0256310196747373,0.025630981638384932,0.02563094360265194,0.025630905567537242,0.025630867533047077,0.025630829499171656,0.025630791465914085,0.025630753433273937,0.025630715401257786,0.02563067736985839,0.0256306393390782,0.025630601308917464,0.02563056327937052,0.02563052525044699,0.02563048722213039,0.025630449194444134,0.025630411167376854,0.025630373140929884,0.025630335115096416,0.025630297089886664,0.025630259065296226,0.025630221041322548,0.025630183017968194,0.02563014499523391,0.025630106973117604,0.025630068951620684,0.025630030930741118,0.025629992910482256,0.025629954890841827,0.025629916871817406,0.025629878853413807,0.02562984083562803,0.025629802818456053,0.025629764801894446,0.02562972678596941,0.025629688770657695,0.025629650755964895,0.025629612741890503,0.02562957472843437,0.025629536715596816,0.0256294987033681,0.02562946069176745,0.02562942268078476,0.02562938467042064,0.02562934666067365,0.025629308651545554,0.02562927064303694,0.025629232635141826,0.025629194627866923,0.02562915662121006,0.02562911861517235,0.02562908060974828,0.025629042604945782,0.025629004600763124,0.025628966597197066,0.025628928594248958,0.02562889059191928,0.025628852590203314,0.025628814589109893,0.02562877658863356,0.025628738588774517,0.025628700589516596,0.025628662590893195,0.025628624592885695,0.025628586595496324,0.025628548598733928,0.025628510602582318,0.02562847260705329,0.025628434612140278,0.025628396617833726,0.025628358624144504,0.025628320631082762,0.025628282638637475,0.025628244646808195,0.025628206655595485,0.025628168665001796,0.02562813067502354,0.025628092685666588,0.02562805469692632,0.02562801670880348,0.025627978721289392,0.025627940734401087,0.02562790274812971,0.025627864762476003,0.025627826777440032,0.025627788793020318,0.025627750809212285,0.025627712826023098,0.025627674843455836,0.025627636861500068,0.025627598880161268,0.02562756089944523,0.025627522919338043,0.025627484939856022,0.025627446960995594,0.025627408982746586,0.025627371005115536,0.02562733302810075,0.025627295051703695,0.02562725707592497,0.02562721910076415,0.025627181126212005,0.025627143152281616,0.0256271051789689,0.025627067206272783,0.025627029234206077,0.025626991262738527,0.025626953291891172,0.025626915321646987,0.0256268773520314,0.025626839383036067,0.025626801414656297,0.025626763446872747,0.025626725479722893,0.025626687513193774,0.0256266495472763,0.025626611581976606,0.025626573617299496,0.025626535653235753,0.025626497689788915,0.025626459726957606,0.025626421764743737,0.025626383803144626,0.025626345842158955,0.02562630788178924,0.025626269922037096,0.025626231962905317,0.025626194004388862,0.02562615604648663,0.025626118089202957,0.025626080132531745,0.02562604217647972,0.025626004221042758,0.02562596626622373,0.025625928312020586,0.025625890358438524,0.025625852405464195,0.025625814453108763,0.02562577650136998,0.02562573855025346,0.02562570059974035,0.025625662649849223,0.02562562470056911,0.025625586751907844,0.025625548803867877,0.025625510856443354,0.02562547290962783,0.025625434963431844,0.025625397017850955,0.025625359072880077,0.02562532112853305,0.02562528318480161,0.02562524524168397,0.02562520729917767,0.025625169357291096,0.025625131416019662,0.025625093475368337,0.025625055535328678,0.02562501759590441,0.025624979657096196,0.02562494171890318,0.025624903781328597,0.025624865844365085,0.025624827908018104,0.025624789972291603,0.025624752037184284,0.025624714102678275,0.02562467616879579,0.025624638235527367,0.025624600302872398,0.02562456237083434,0.02562452443940863,0.025624486508603776,0.025624448578408433,0.025624410648833123,0.025624372719873077,0.02562433479152526,0.025624296863789628,0.025624258936666196,0.02562422101016522,0.025624183084282888,0.025624145159009657,0.0256241072343502,0.025624069310301832,0.025624031386877133,0.025623993464061502,0.02562395554185872,0.025623917620274963,0.025623879699306018,0.025623841778953528,0.025623803859215626,0.02562376594008665,0.025623728021576128,0.025623690103679396,0.025623652186398938,0.025623614269728312,0.02562357635368125,0.025623538438238388,0.02562350052341077,0.025623462609206178,0.02562342469561023,0.02562338678263191,0.025623348870267095,0.025623310958517786,0.025623273047382943,0.025623235136862512,0.025623197226954393,0.025623159317659627,0.02562312140897754,0.02562308350091324,0.025623045593464597,0.025623007686630252,0.025622969780410162,0.025622931874802107,0.025622893969810698,0.02562285606543993,0.025622818161676678,0.025622780258527496,0.02562274235599254,0.02562270445407365,0.025622666552767414,0.025622628652071208,0.025622590751987535,0.02562255285252168,0.025622514953669618,0.025622477055429818,0.025622439157809308,0.025622401260797498,0.025622363364402632,0.025622325468621688,0.025622287573452848,0.025622249678896456,0.02562221178495182,0.02562217389161668,0.025622135998897087,0.02562209810680308,0.025622060215321315,0.025622022324450447,0.025621984434193237,0.025621946544545235,0.025621908655513805,0.025621870767095743,0.025621832879290835,0.025621794992099593,0.025621757105504385,0.02562171921954159,0.025621681334191855,0.025621643449456936,0.02562160556533365,0.025621567681818697,0.025621529798926155,0.025621491916645988,0.025621454034974886,0.025621416153921436,0.025621378273479645,0.02562134039365399,0.025621302514439726,0.025621264635839074,0.02562122675785288,0.025621188880487075,0.025621151003723145,0.02562111312757118,0.02562107525203953,0.025621037377112785,0.025620999502804224,0.02562096162910995,0.025620923756026603,0.02562088588355432,0.025620848011697294,0.025620810140450527,0.025620772269817772,0.025620734399797493,0.02562069653039191,0.025620658661597056,0.02562062079342406,0.025620582925855735,0.0256205450588935,0.025620507192552062,0.02562046932682064,0.025620431461698862,0.02562039359719269,0.025620355733302052,0.025620317870024542,0.025620280007357086,0.025620242145304516,0.025620204283863173,0.025620166423035745,0.025620128562821518,0.02562009070322155,0.025620052844231175,0.025620014985859734,0.02561997712809555,0.025619939270934783,0.02561990141439393,0.02561986355847091,0.025619825703149357,0.02561978784844611,0.025619749994356157,0.025619712140878114,0.02561967428801235,0.025619636435758066,0.025619598584116755,0.02561956073308794,0.025619522882671088,0.02561948503286647,0.025619447183674125,0.025619409335093844,0.025619371487129505,0.02561933363977336,0.025619295793030804,0.02561925794689877,0.02561922010137911,0.025619182256471123,0.02561914441214936,0.025619106568465264,0.02561906872538752,0.025619030882927312,0.025618993041074758,0.025618955199832445,0.025618917359207228,0.025618879519194362,0.02561884167979863,0.025618803841009553,0.025618766002832024,0.02561872816526624,0.025618690328312495,0.025618652491969696,0.025618614656238946,0.025618576821119024,0.02561853898661166,0.025618501152714114,0.025618463319429668,0.025618425486756635,0.025618387654696383,0.025618349823246428,0.025618311992408212,0.025618274162183843,0.025618236332569197,0.025618198503563117,0.025618160675170594,0.025618122847391896,0.02561808502022201,0.025618047193664055,0.025618009367717076,0.025617971542381296,0.025617933717656638,0.02561789589355079,0.02561785807004889,0.02561782024715828,0.025617782424871272,0.025617744603209636,0.02561770678215458,0.025617668961708386,0.02561763114187319,0.025617593322649086,0.025617555504037104,0.025617517686035027,0.025617479868643152,0.025617442051861037,0.025617404235689333,0.025617366420130783,0.025617328605182517,0.02561729079084462,0.025617252977119073,0.025617215164002647,0.025617177351498696,0.0256171395396072,0.02561710172832603,0.02561706391765151,0.025617026107591638,0.025616988298140214,0.025616950489300776,0.025616912681071805,0.025616874873453616,0.0256168370664509,0.025616799260053974,0.025616761454266966,0.02561672364908587,0.025616685844520606,0.025616648040566372,0.025616610237235774,0.025616572434501952,0.025616534632378066,0.025616496830865015,0.025616459029965653,0.02561642122967018,0.025616383429988586,0.025616345630920502,0.02561630783245922,0.025616270034608184,0.0256162322373675,0.02561619444073755,0.025616156644717183,0.02561611884930635,0.02561608105450566,0.025616043260316624,0.02561600546673733,0.02561596767377208,0.025615929881414083,0.0256158920896651,0.025615854298543485,0.025615816508013204,0.02561577871809664,0.025615740928787618,0.025615703140087282,0.02561566535199803,0.025615627564519936,0.02561558977764881,0.02561555199138504,0.025615514205734304,0.025615476420694387,0.02561543863626303,0.025615400852442415,0.0256153630692205,0.02561532528661304,0.02561528750462192,0.02561524972324075,0.025615211942473452,0.025615174162310676,0.025615136382758117,0.025615098603803226,0.025615060825470794,0.025615023047743612,0.025614985270628682,0.025614947494124025,0.02561490971822941,0.025614871942943748,0.02561483416826447,0.02561479639419776,0.02561475862073105,0.02561472084788349,0.025614683075645243,0.02561464530402705,0.025614607533008735,0.025614569762598835,0.025614531992805216,0.025614494223611423,0.025614456455029223,0.02561441868705572,0.02561438091968992,0.025614343152933206,0.025614305386787332,0.025614267621246155,0.025614229856318074,0.025614192091999263,0.025614154328290846,0.025614116565190047,0.025614078802698365,0.02561404104081447,0.02561400327954026,0.025613965518879345,0.02561392775882779,0.02561388999938055,0.025613852240537423,0.02561381448230771,0.025613776724686246,0.02561373896766856,0.02561370121126516,0.02561366345547119,0.025613625700286007,0.025613587945713064,0.025613550191744914,0.02561351243838562,0.02561347468563189,0.025613436933488654,0.025613399181954325,0.025613361431029873,0.025613323680714013,0.025613285931005977,0.02561324818190457,0.025613210433413983,0.02561317268553222,0.025613134938274336,0.02561309719160963,0.025613059445557283,0.025613021700110546,0.02561298395527086,0.02561294621104637,0.02561290846742183,0.025612870724400397,0.025612832981993263,0.025612795240195246,0.025612757499008112,0.02561271975842574,0.025612682018456644,0.02561264427909569,0.025612606540343315,0.025612568802193075,0.025612531064646872,0.025612493327714078,0.025612455591391553,0.02561241785567526,0.025612380120566845,0.025612342386074967,0.02561230465218328,0.025612266918897543,0.02561222918622062,0.025612191454151965,0.02561215372268976,0.02561211599183599,0.025612078261573527,0.025612040531937916,0.0256120028028997,0.025611965074478455,0.025611927346663524,0.025611889619458723,0.025611851892860856,0.02561181416687075,0.02561177644147399,0.02561173871669716,0.025611700992529574,0.025611663268968746,0.025611625546009143,0.025611587823661623,0.02561155010193019,0.025611512380801102,0.025611474660280655,0.02561143694036042,0.025611399221054484,0.025611361502352707,0.025611323784259586,0.025611286066775315,0.025611248349893184,0.025611210633621605,0.025611172917960216,0.025611135202905668,0.025611097488458186,0.025611059774629644,0.025611022061396548,0.025610984348768445,0.025610946636753736,0.02561090892534203,0.025610871214545045,0.025610833504353416,0.02561079579476371,0.025610758085781123,0.02561072037740605,0.02561068266963862,0.025610644962472635,0.025610607255917798,0.02561056954997071,0.02561053184462998,0.025610494139889774,0.025610456435763065,0.025610418732244348,0.025610381029327077,0.025610343327021647,0.02561030562532081,0.02561026792423229,0.025610230223750374,0.025610192523872182,0.025610154824600908,0.025610117125936305,0.025610079427878053,0.02561004173041986,0.025610004033575287,0.025609966337337902,0.02560992864170666,0.025609890946681726,0.025609853252264187,0.025609815558452778,0.025609777865248172,0.02560974017264936,0.025609702480657474,0.025609664789267694,0.025609627098489372,0.02560958940831824,0.025609551718753717,0.025609514029795225,0.025609476341440708,0.02560943865369417,0.025609400966572483,0.02560936328003848,0.02560932559411084,0.02560928790879344,0.025609250224075668,0.02560921253996738,0.025609174856463128,0.025609137173566724,0.025609099491275416,0.025609061809589957,0.025609024128522746,0.025608986448051388,0.025608948768185747,0.025608911088926743,0.025608873410274315,0.025608835732235387,0.025608798054793002,0.025608760377957583,0.025608722701722503,0.0256086850260994,0.025608647351089062,0.02560860967667789,0.02560857200286315,0.025608534329664985,0.02560849665707054,0.02560845898508258,0.025608421313700173,0.02560838364292322,0.025608345972751953,0.025608308303186292,0.02560827063422758,0.025608232965871183,0.02560819529812171,0.025608157630980528,0.025608119964446546,0.025608082298514735
4,0.03011972689154677,0.03011972689154677,0.03011972689154677,0.03011972689154677,0.03011972689154677,0.03011972689154677,0.03011972689154677,0.03011972689154677,0.03011972689154677,0.03011972689154677,0.03011972689154677,0.030119726891546766,0.030119726891546766,0.030119726891546766,0.030119726891546763,0.030119726891546766,0.030119726891546763,0.030119726891546763,0.030119726891546766,0.030119726891546766,0.030119726891546766,0.030119726891546766,0.030119726891546766,0.030119726891546766,0.030119726891546766,0.03011972689154676,0.030119726891546753,0.03011972689154675,0.030119726891546742,0.03011972689154675,0.030119726891546742,0.03011972689154675,0.030119726891546742,0.030119726891546742,0.03011972689154675,0.030119726891546742,0.03011972689154675,0.030119726891546742,0.030119726891546742,0.03011972689154675,0.030119726891546742,0.03011972689154675,0.03011972689154675,0.030119726891546742,0.03011972689154675,0.030119726891546742,0.030119726891546742,0.03011972689154675,0.030119726891546742,0.03011972689154675,0.03011972689154675,0.030119726891546742,0.030119726891546742,0.030119726891546742,0.03011972689154675,0.030119726891546742,0.030119726891546742,0.03011972689154675,0.030119726891546742,0.030119726891546742,0.03011972689154675,0.03011972689154675,0.030119726891546742,0.030119726891546742,0.030119726891546742,0.03011972689154675,0.030119726891546742,0.03011972689154675,0.03011972689154675,0.030119726891546742,0.03011972689154675,0.03011972689154675,0.030119726891546742,0.03011972689154675,0.030119726891546742,0.03011972689154675,0.030119726891546742,0.03011972689154675,0.030119726891546742,0.030119726891546742,0.03011972689154675,0.030119726891546742,0.03011972689154675,0.030119726891546742,0.03011972689154675,0.03011972689154675,0.030119726891546742,0.030119726891546742,0.03011972689154675,0.03011972689154675,0.030119726891546742,0.03011972689154675,0.030119726891546742,0.03011972689154675,0.03011972689154675,0.03011972689154675,0.030119726891546742,0.03011972689154675,0.030119726891546742,0.030119726891546742,0.030119726891546742,0.030119726891546742,0.030119726891546742,0.030119726891546742,0.03011972689154675,0.030119726891546742,0.03011972689154675,0.03011972689154675,0.030119726891546742,0.03011972689154675,0.03011972689154675,0.03011972689154675,0.03011972689154675,0.030119726891546742,0.03011972689154675,0.030119726891546742,0.030119726891546742,0.030119726891546742,0.03011972689154675,0.030119726891546742,0.03011972689154675,0.030119726891546742,0.03011972689154675,0.030119726891546742,0.030119726891546742,0.030119726891546742,0.03011972689154675,0.03011972689154675,0.030119726891546742,0.030119726891546742,0.030119726891546742,0.03011972689154675,0.030119726891546742,0.03011972689154675,0.030119726891546742,0.03011972689154675,0.030119726891546742,0.030119726891546742,0.030119726891546742,0.03011972689154675,0.03011972689154675,0.03011972689154675,0.030119726891546742,0.030119726891546742,0.030119726891546742,0.030119726891546742,0.03011972689154675,0.030119726891546742,0.030119726891546742,0.030119726891546742,0.030119726891546742,0.03011972689154675,0.03011972689154675,0.03011972689154675,0.03011972689154675,0.030119726891546742,0.030119726891546742,0.03011972689154675,0.03011972689154675,0.030119726891546742,0.030119726891546742,0.030119726891546742,0.030119726891546742,0.030119726891546742,0.030119726891546742,0.03011972689154675,0.030119726891546742,0.030119726891546742,0.030119726891546742,0.030119726891546742,0.03011972689154675,0.030119726891546742,0.030119726891546742,0.03011972689154675,0.030119726891546742,0.03011972689154675,0.030119726891546742,0.03011972689154675,0.030119726891546742,0.03011972689154675,0.030119726891546742,0.030119726891546742,0.03011972689154675,0.03011972689154675,0.030119726891546742,0.030119726891546742,0.03011972689154675,0.030119726891546742,0.03011972689154675,0.030119726891546742,0.030119726891546742,0.030119726891546742,0.03011972689154675,0.030119726891546742,0.030119726891546742,0.030119726891546742,0.03011972689154675,0.030119726891546742,0.03011972689154675,0.03011972689154675,0.030119726891546742,0.03011972689154675,0.03011972689154675,0.030119726891546742,0.030119726891546742,0.030119726891546742,0.030119726891546742,0.030119726891546742,0.030119726891546742,0.030119726891546742,0.03011972689154675,0.030119726891546742,0.03011972689154675,0.030119726891546742,0.03011972689154675,0.030119726891546742,0.03011972689154675,0.030119726891546742,0.030119726891546742,0.03011972689154675,0.030119726891546742,0.030119726891546742,0.030119726891546742,0.030119726891546742,0.03011972689154675,0.030119726891546742,0.03011972689154675,0.030119726891546742,0.030119726891546742,0.030119726891546742,0.030119726891546742,0.030119726891546742,0.030119726891546742,0.030119726891546742,0.030119726891546742,0.03011972689154675,0.030119726891546742,0.03011972689154675,0.03011972689154675,0.030119726891546742,0.030119726891546742,0.03011972689154675,0.030119726891546742,0.030119726891546742,0.030119726891546742,0.030119726891546742,0.030119726891546742,0.030119726891546742,0.030119726891546742,0.030119726891546742,0.030119726891546742,0.030119726891546742,0.030119726891546742,0.030119726891546742,0.030119726891546742,0.030119726891546742,0.030119726891546742,0.030119726891546742,0.030119726891546742,0.030119726891546742,0.030119726891546742,0.030119726891546742,0.030119726891546742,0.030119726891546742,0.030119726891546742,0.030119726891546742,0.030119726891546742,0.030119726891546742,0.030119726891546742,0.030119726891546742,0.030119726891546742,0.030119726891546742,0.030119726891546742,0.030119726891546742,0.030119726891546742,0.030119726891546742,0.030119726891546742,0.030119726891546742,0.030119726891546742,0.030119726891546742,0.030119726891546742,0.030119726891546742,0.030119726891546742,0.030119726891546742,0.03011972689154675,0.030119726891546742,0.030119726891546742,0.030119726891546742,0.030119726891546742,0.030119726891546742,0.030119726891546742,0.030119726891546742,0.030119726891546742,0.030119726891546742,0.030119726891546742,0.030119726891546742,0.030119726891546742,0.030119726891546742,0.030119726891546742,0.030119726891546742,0.030119726891546742,0.03011972689154675,0.030119726891546742,0.030119726891546742,0.030119726891546742,0.030119726891546742,0.030119726891546742,0.030119726891546742,0.030119726891546742,0.030119726891546742,0.030119726891546742,0.030119726891546742,0.030119726891546742,0.030119726891546742,0.030119726891546742,0.030119726891546742,0.030119726891546742,0.030119726891546742,0.030119726891546742,0.03011972689154675,0.03011972689154675,0.030119726891546742,0.030119726891546742,0.030119726891546742,0.030119726891546742,0.030119726891546742,0.030119726891546742,0.030119726891546742,0.030119726891546742,0.030119726891546742,0.030119726891546742,0.030119726891546742,0.030119726891546742,0.030119726891546742,0.03011972689154675,0.03011972689154675,0.030119726891546742,0.030119726891546742,0.03011972689154675,0.03011972689154675,0.03011972689154675,0.03011972689154675,0.030119726891546742,0.030119726891546742,0.030119726891546742,0.030119726891546742,0.030119726891546742,0.030119726891546742,0.030119726891546742,0.03011972689154675,0.030119726891546742,0.030119726891546742,0.030119726891546742,0.030119726891546742,0.030119726891546742,0.030119726891546742,0.030119726891546742,0.030119726891546742,0.030119726891546742,0.030119726891546742,0.030119726891546742,0.030119726891546742,0.030119726891546742,0.030119726891546742,0.030119726891546742,0.030119726891546742,0.030119726891546742,0.030119726891546742,0.030119726891546742,0.030119726891546742,0.030119726891546742,0.030119726891546742,0.030119726891546742,0.030119726891546742,0.030119726891546742,0.03011972689154675,0.03011972689154675,0.03011972689154675,0.030119726891546742,0.030119726891546742,0.030119726891546742,0.030119726891546742,0.030119726891546742,0.030119726891546742,0.030119726891546742,0.030119726891546742,0.030119726891546742,0.030119726891546742,0.030119726891546742,0.030119726891546742,0.03011972689154675,0.030119726891546742,0.030119726891546742,0.030119726891546742,0.030119726891546742,0.030119726891546742,0.030119726891546742,0.030119726891546742,0.030119726891546742,0.030119726891546742,0.030119726891546742,0.030119726891546742,0.030119726891546742,0.030119726891546742,0.030119726891546742,0.030119726891546742,0.030119726891546742,0.030119726891546742,0.030119726891546742,0.030119726891546742,0.030119726891546742,0.030119726891546742,0.030119726891546742,0.030119726891546742,0.030119726891546742,0.030119726891546742,0.03011972689154675,0.030119726891546742,0.030119726891546742,0.030119726891546742,0.030119726891546742,0.030119726891546742,0.03011972689154675,0.030119726891546742,0.030119726891546742,0.030119726891546742,0.030119726891546742,0.030119726891546742,0.030119726891546742,0.03011972689154675,0.030119726891546742,0.030119726891546742,0.030119726891546742,0.030119726891546742,0.030119726891546742,0.030119726891546742,0.030119726891546742,0.030119726891546742,0.030119726891546742,0.030119726891546742,0.030119726891546742,0.030119726891546742,0.030119726891546742,0.03011972689154675,0.03011972689154675,0.030119726891546742,0.03011972689154675,0.030119726891546742,0.030119726891546742,0.030119726891546742,0.03011972689154675,0.030119726891546742,0.03011972689154675,0.030119726891546742,0.030119726891546742,0.030119726891546742,0.030119726891546742,0.030119726891546742,0.030119726891546742,0.030119726891546742,0.03011972689154675,0.030119726891546742,0.03011972689154675,0.030119726891546742,0.03011972689154675,0.03011972689154675,0.03011972689154675,0.030119726891546742,0.030119726891546742,0.030119726891546742,0.030119726891546742,0.030119726891546742,0.030119726891546742,0.030119726891546742,0.030119726891546742,0.030119726891546742,0.030119726891546742,0.030119726891546742,0.030119726891546742,0.030119726891546742,0.030119726891546742,0.030119726891546742,0.030119726891546742,0.03011972689154675,0.03011972689154675,0.030119726891546742,0.030119726891546742,0.030119726891546742,0.030119726891546742,0.030119726891546742,0.030119726891546742,0.03011972689154675,0.030119726891546742,0.030119726891546742,0.03011972689154675,0.030119726891546742,0.03011972689154675,0.03011972689154675,0.030119726891546742,0.03011972689154675,0.03011972689154675,0.03011972689154675,0.030119726891546742,0.030119726891546742,0.03011972689154675,0.03011972689154675,0.030119726891546742,0.030119726891546742,0.03011972689154675,0.030119726891546742,0.030119726891546742,0.030119726891546742,0.030119726891546742,0.030119726891546742,0.030119726891546742,0.030119726891546742,0.030119726891546742,0.03011972689154675,0.030119726891546742,0.030119726891546742,0.03011972689154675,0.030119726891546742,0.030119726891546742,0.030119726891546742,0.030119726891546742,0.030119726891546742,0.030119726891546742,0.030119726891546742,0.03011972689154675,0.030119726891546742,0.030119726891546742,0.030119726891546742,0.030119726891546742,0.030119726891546742,0.030119726891546742,0.030119726891546742,0.030119726891546742,0.030119726891546742,0.030119726891546742,0.030119726891546742,0.030119726891546742,0.030119726891546742,0.03011972689154675,0.030119726891546742,0.03011972689154675,0.030119726891546742,0.030119726891546742,0.030119726891546742,0.030119726891546742,0.030119726891546742,0.030119726891546742,0.03011972689154675,0.030119726891546742,0.030119726891546742,0.030119726891546742,0.030119726891546742,0.030119726891546742,0.030119726891546742,0.030119726891546742,0.030119726891546742,0.030119726891546742,0.030119726891546742,0.03011972689154675,0.030119726891546742,0.03011972689154675,0.030119726891546742,0.030119726891546742,0.03011972689154675,0.030119726891546742,0.03011972689154675,0.030119726891546742,0.030119726891546742,0.03011972689154675,0.030119726891546742,0.03011972689154675,0.030119726891546742,0.030119726891546742,0.030119726891546742,0.03011972689154675,0.03011972689154675,0.030119726891546742,0.030119726891546742,0.030119726891546742,0.030119726891546742,0.030119726891546742,0.030119726891546742,0.030119726891546742,0.030119726891546742,0.030119726891546742,0.030119726891546742,0.03011972689154675,0.030119726891546742,0.03011972689154675,0.030119726891546742,0.030119726891546742,0.030119726891546742,0.03011972689154675,0.03011972689154675,0.030119726891546742,0.030119726891546742,0.03011972689154675,0.030119726891546742,0.03011972689154675,0.030119726891546742,0.030119726891546742,0.030119726891546742,0.03011972689154675,0.030119726891546742,0.030119726891546742,0.030119726891546742,0.030119726891546742,0.03011972689154675,0.030119726891546742,0.030119726891546742,0.030119726891546742,0.030119726891546742,0.030119726891546742,0.030119726891546742,0.030119726891546742,0.030119726891546742,0.030119726891546742,0.03011972689154675,0.030119726891546742,0.030119726891546742,0.030119726891546742,0.030119726891546742,0.030119726891546742,0.03011972689154675,0.030119726891546742,0.030119726891546742,0.030119726891546742,0.030119726891546742,0.030119726891546742,0.03011972689154675,0.03011972689154675,0.03011972689154675,0.030119726891546742,0.03011972689154675,0.030119726891546742,0.030119726891546742,0.03011972689154675,0.030119726891546742,0.030119726891546742,0.03011972689154675,0.030119726891546742,0.030119726891546742,0.030119726891546742,0.030119726891546742,0.03011972689154675,0.030119726891546742,0.030119726891546742,0.030119726891546742,0.030119726891546742,0.030119726891546742,0.03011972689154675,0.030119726891546742,0.030119726891546742,0.030119726891546742,0.030119726891546742,0.030119726891546742,0.03011972689154675,0.030119726891546742,0.030119726891546742,0.030119726891546742,0.030119726891546742,0.03011972689154675,0.030119726891546742,0.030119726891546742,0.030119726891546742,0.030119726891546742,0.03011972689154675,0.030119726891546742,0.03011972689154675,0.030119726891546742,0.03011972689154675,0.030119726891546742,0.030119726891546742,0.03011972689154675,0.030119726891546742,0.03011972689154675,0.030119726891546742,0.030119726891546742,0.03011972689154675,0.030119726891546742,0.03011972689154675,0.030119726891546742,0.030119726891546742,0.03011972689154675,0.030119726891546742,0.030119726891546742,0.03011972689154675,0.030119726891546742,0.03011972689154675,0.030119726891546742,0.030119726891546742,0.03011972689154675,0.03011972689154675,0.03011972689154675,0.03011972689154675,0.030119726891546742,0.03011972689154675,0.03011972689154675,0.03011972689154675,0.03011972689154675,0.030119726891546742,0.03011972689154675,0.030119726891546742,0.03011972689154675,0.030119726891546742,0.03011972689154675,0.030119726891546742,0.030119726891546742,0.030119726891546742,0.03011972689154675,0.03011972689154675,0.030119726891546742,0.03011972689154675,0.03011972689154675,0.030119726891546742,0.030119726891546742,0.030119726891546742,0.03011972689154675,0.030119726891546742,0.03011972689154675,0.030119726891546742,0.03011972689154675,0.030119726891546742,0.030119726891546742,0.03011972689154675,0.030119726891546742,0.03011972689154675,0.030119726891546742,0.03011972689154675,0.030119726891546742,0.03011972689154675,0.03011972689154675,0.030119726891546742,0.03011972689154675,0.030119726891546742,0.030119726891546742,0.03011972689154675,0.030119726891546742,0.030119726891546742,0.03011972689154675,0.030119726891546742,0.03011972689154675,0.030119726891546742,0.030119726891546742,0.030119726891546742,0.030119726891546742,0.030119726891546742,0.030119726891546742,0.030119726891546742,0.03011972689154675,0.03011972689154675,0.030119726891546742,0.030119726891546742,0.03011972689154675,0.03011972689154675,0.030119726891546742,0.03011972689154675,0.03011972689154675,0.030119726891546742,0.03011972689154675,0.030119726891546742,0.030119726891546742,0.030119726891546742,0.030119726891546742,0.030119726891546742,0.030119726891546742,0.030119726891546742,0.03011972689154675,0.030119726891546742,0.030119726891546742,0.030119726891546742,0.03011972689154675,0.030119726891546742,0.030119726891546742,0.03011972689154675,0.030119726891546742,0.030119726891546742,0.030119726891546742,0.030119726891546742,0.03011972689154675,0.030119726891546742,0.030119726891546742,0.030119726891546742,0.03011972689154675,0.030119726891546742,0.03011972689154675,0.030119726891546742,0.030119726891546742,0.030119726891546742,0.03011972689154675,0.030119726891546742,0.03011972689154675,0.030119726891546742,0.03011972689154675,0.030119726891546742,0.030119726891546742,0.03011972689154675,0.030119726891546742,0.03011972689154675,0.030119726891546742,0.03011972689154675,0.030119726891546742,0.03011972689154675,0.030119726891546742,0.03011972689154675,0.030119726891546742,0.03011972689154675,0.030119726891546742,0.03011972689154675,0.030119726891546742,0.03011972689154675,0.03011972689154675,0.030119726891546742,0.03011972689154675,0.030119726891546742,0.030119726891546742,0.03011972689154675,0.030119726891546742,0.030119726891546742,0.030119726891546742,0.030119726891546742,0.030119726891546742,0.030119726891546742,0.030119726891546742,0.03011972689154675,0.030119726891546742,0.030119726891546742,0.030119726891546742,0.030119726891546742,0.03011972689154675,0.030119726891546742,0.03011972689154675,0.030119726891546742,0.03011972689154675,0.030119726891546742,0.030119726891546742,0.03011972689154675,0.030119726891546742,0.030119726891546742,0.030119726891546742,0.030119726891546742,0.03011972689154675,0.030119726891546742,0.030119726891546742,0.03011972689154675,0.030119726891546742,0.030119726891546742,0.03011972689154675,0.030119726891546742,0.03011972689154675,0.030119726891546742,0.030119726891546742,0.03011972689154675,0.030119726891546742,0.03011972689154675,0.030119726891546742,0.030119726891546742,0.030119726891546742,0.03011972689154675,0.030119726891546742,0.030119726891546742,0.030119726891546742,0.030119726891546742,0.030119726891546742,0.030119726891546742,0.03011972689154675,0.030119726891546742,0.030119726891546742,0.030119726891546742,0.030119726891546742,0.03011972689154675,0.03011972689154675,0.030119726891546742,0.030119726891546742,0.03011972689154675,0.030119726891546742,0.030119726891546742,0.030119726891546742,0.03011972689154675,0.030119726891546742,0.030119726891546742,0.030119726891546742,0.03011972689154675,0.030119726891546742,0.03011972689154675,0.030119726891546742,0.030119726891546742,0.03011972689154675,0.030119726891546742,0.03011972689154675,0.030119726891546742,0.03011972689154675,0.030119726891546742,0.03011972689154675,0.03011972689154675,0.030119726891546742,0.030119726891546742,0.03011972689154675,0.030119726891546742,0.030119726891546742,0.030119726891546742,0.030119726891546742,0.030119726891546742,0.030119726891546742,0.030119726891546742,0.030119726891546742,0.030119726891546742,0.030119726891546742,0.03011972689154675,0.030119726891546742,0.03011972689154675,0.030119726891546742,0.030119726891546742,0.03011972689154675,0.03011972689154675,0.030119726891546742,0.030119726891546742,0.030119726891546742,0.03011972689154675,0.03011972689154675,0.030119726891546742,0.030119726891546742,0.030119726891546742,0.030119726891546742,0.03011972689154675,0.030119726891546742,0.03011972689154675,0.03011972689154675,0.03011972689154675,0.03011972689154675,0.03011972689154675,0.030119726891546742,0.030119726891546742,0.030119726891546742,0.030119726891546742,0.03011972689154675,0.030119726891546742,0.03011972689154675,0.03011972689154675,0.030119726891546742,0.03011972689154675,0.03011972689154675,0.03011972689154675,0.030119726891546742,0.030119726891546742,0.030119726891546742,0.030119726891546742,0.030119726891546742,0.030119726891546742,0.030119726891546742,0.03011972689154675,0.030119726891546742,0.03011972689154675,0.030119726891546742,0.030119726891546742,0.030119726891546742,0.030119726891546742,0.030119726891546742,0.03011972689154675,0.030119726891546742,0.030119726891546742,0.030119726891546742,0.030119726891546742,0.030119726891546742,0.030119726891546742,0.030119726891546742,0.030119726891546742,0.030119726891546742,0.030119726891546742,0.03011972689154675,0.03011972689154675,0.030119726891546742,0.03011972689154675,0.03011972689154675,0.03011972689154675,0.03011972689154675,0.03011972689154675,0.030119726891546742,0.030119726891546742,0.03011972689154675,0.03011972689154675,0.030119726891546742,0.030119726891546742,0.03011972689154675,0.030119726891546742,0.030119726891546742,0.030119726891546742,0.030119726891546742,0.030119726891546742,0.030119726891546742,0.03011972689154675,0.030119726891546742,0.030119726891546742,0.030119726891546742,0.03011972689154675,0.03011972689154675,0.03011405110028376,0.03010832195889269,0.030102538748688623,0.030096700736382435,0.030090807173733195,0.03008485729713957,0.030078850327218225,0.030072785468365563,0.030066661908306567,0.030060478817625903,0.030054235349284142,0.030047930638117216,0.030041563800317313,0.03003513393289597,0.03002864011312796,0.030022081397974885,0.030015456823488867,0.030008765404192388,0.030002006132439998,0.0299951779777494,0.029988279886114282,0.029981310779287833,0.029974269554040724,0.029967155081389887,0.029959966205798636,0.029952701744345556,0.029945360485861276,0.029937941190031955,0.029930442586466148,0.02992286337372621,0.029915202218319868,0.029907457753652365,0.02989962857893446,0.02989171325804712,0.029883710318358937,0.02987561824949468,0.02986743550205143,0.02985916048626189,0.02985079157059971,0.029842327080325616,0.029833765295970743,0.029825104451753046,0.02981634273392534,0.029807478279048956,0.029798509172191047,0.02978943344504072,0.029780249073938576,0.029770953977817042,0.029761546016044627,0.029752022986170107,0.02974238262156009,0.029732622588924784,0.029722740485725017,0.02971273383745367,0.029702600094784645,0.029692336630581236,0.029681940736756174,0.029671409620973102,0.02966074040318214,0.029649930111976853,0.029638975680764228,0.029627873943734083,0.029616621631615894,0.029605215367210946,0.029593651660682823,0.029581926904593124,0.02957003736866451,0.029557979194252144,0.02954574838850949,0.02953334081821703,0.029520752203263587,0.02950797810974789,0.029495013942676073,0.02948185493823017,0.02946849615556895,0.029454932468137608,0.02944115855444309,0.02942716888825892,0.029412957728215734,0.029398519106732808,0.029383846818240363,0.029368934406633462,0.029353775151904928,0.02933836205588501,0.02932268782702559,0.02930674486413755,0.029290525239009275,0.029274020677804956,0.029257222541143255,0.029240121802740115,0.02922270902649536,0.02920497434188549,0.02918690741750867,0.029168497432616187,0.029149733046451524,0.0291306023651837,0.029111092906216208,0.0290911915596144,0.02907088454637355,0.029050157373217318,0.029028994783573746,0.029007380704345942,0.02898529818803412,0.028962729349726553,0.02893965529840558,0.028916056061953948,0.028891910505156285,0.02886719623991592,0.028841889526787415,0.028815965166809347,0.028789396382489545,0.028762154686619475,0.0287342097374191,0.028705529178285918,0.028676078460171554,0.028645820644303592,0.028614716182622554,0.028582722672889346,0.028549794584908427,0.02851588295376695,0.028480935035238554,0.02844489391772302,0.028407698084058765,0.02836928091534842,0.028329570127488057,0.028288487129313457,0.028245946289113064,0.028201854093600903,0.028156108180194993,0.028108596219343373,0.028059194618636485,0.028007767014084733,0.027954162505946106,0.027898213586370228,0.02783973369315202,0.02777851430723152,0.0277143214899481,0.027646891727825862,0.027575926915442032,0.02750108825744644,0.02742198880438549,0.02733818424690841,0.027249161469672788,0.027154324195238,0.027052974808616806,0.026944291112730674,0.026827296274980084,0.02670081950966047,0.026563443980408236,0.026413436810400058,0.026248653646174208,0.026066406423190164,0.02586327700631502,0.025634849796725055,0.0253753210698297,0.025076918301302698,0.02472902517238917,0.024316857130371038,0.023819492441463714,0.023207161570878536,0.02243841425775917,0.02146045061996363,0.020221847755082876,0.018707925068075,0.016979227814807797,0.015159618441966628,0.013376042785701347,0.011714047926945798,0.010212836246802103,0.008879549126022172,0.007704599243177121,0.0066724695232995845,0.005768278878714449,0.004980634594959723,0.004299453602846178,0.00371288618043678,0.0032082742355816992,0.0027738633127651646,0.0023994381700334043,0.002076323938272765,0.0017971926760697301,0.0015558467940036238,0.0013470276125310005,0.0011662567498423797,0.0010097070500435746,0.0008740977606292116,0.0007566090589217483,0.0006548119056529856,0.0005666100589585028,0.0004901917932290484,0.00042398942550021535,0.0003666451787160168,0.0003169822341558438,0.0002739800692770457,0.0002367533623671142,0.0002045338869015833,0.0001766549276259123,0.00015253783536318196,0.00013168040441630796,0.00011364680958429785,9.805888242867893e-05,8.458854101840436e-05,7.295121559194082e-05,6.290013588409058e-05,5.422136520109866e-05,4.67294825319542e-05,4.026382762117758e-05,3.4685235495234726e-05,2.9873196784237617e-05,2.5723388614502253e-05,2.214552809212196e-05,1.906150664743212e-05,1.6403768910776113e-05,1.4113904478411777e-05,1.2141424990599688e-05,1.0442702485936027e-05,8.980048077147514e-06,7.720912680590606e-06,6.637193875496222e-06,5.704635014988908e-06,4.902304496169681e-06,4.212144655865675e-06,3.61858111966303e-06,3.108184619905415e-06,2.669378335138011e-06,2.2921847083621827e-06,1.9680064903133587e-06,1.6894374417385145e-06,1.4500987287613494e-06,1.2444975670072829e-06,1.0679051253243398e-06,9.162510956010571e-07,7.860326794615758e-07,6.742360420619199e-07,5.782685433760316e-07,4.959002833050596e-07,4.252136934580767e-07,3.6456007855463267e-07,3.1252215832203826e-07,2.678817889104297e-07,2.2959215395780946e-07,1.9675381164307558e-07,1.685940675342043e-07,1.4444921513455715e-07,1.2374924860280514e-07,1.0600470611613613e-07,9.079534909026934e-08,7.776042297669541e-08,6.659028018314749e-08,5.701917593389442e-08,4.88190739166119e-08,4.179432109083834e-08,3.577707048016573e-08,3.06233475163852e-08,2.620967000628834e-08,2.243014425487972e-08,1.9193970652666024e-08,1.6423301311891568e-08,1.4051400335866285e-08,1.2021064200697e-08,1.028326566333402e-08,8.795989728275442e-09,7.523234607906618e-09,6.434154404499262e-09,5.502323505277851e-09,4.705105493497253e-09,4.0231117931656046e-09,3.439737346295643e-09,2.9407624103057428e-09,2.514011100345057e-09,2.1490586251211518e-09,1.8369803015383393e-09,1.5701364105599802e-09,1.3419877967534825e-09,1.1469378361085936e-09,9.801970160222654e-10,8.376669046092186e-10,7.158407437547949e-10,6.11718292905219e-10,5.227328883499629e-10,4.466889719501808e-10,3.817085918513082e-10,3.26185591316301e-10,2.787463845717131e-10,2.382163757863187e-10,2.035912120135324e-10,1.7401217656917775e-10,1.4874512849858522e-10,1.2716247860225425e-10,1.087277657157322e-10,9.298245922368802e-11,7.953466749824574e-11,6.804947782472605e-11,5.824069281508092e-11,4.986376204536744e-11,4.270973641619473e-11,3.6600097951180666e-11,3.13823383674321e-11,2.6926178402721623e-11,2.312033528995068e-11,1.9869759106942693e-11,1.7093270187784442e-11,1.4721539543039718e-11,1.2695362625415506e-11,1.0964183941544116e-11,9.484836157506725e-12,8.220462584464424e-12,7.139596454631437e-12,6.215374220900563e-12,5.424863422469508e-12,4.748488473288249e-12,4.169540141079416e-12,3.673756548216349e-12,3.248965291501873e-12,2.884777784034546e-12,2.5723282202869838e-12,2.3040506607749787e-12,2.0734886845763773e-12,1.875132861322276e-12,1.7042819858200332e-12,1.5569246087063129e-12,1.4296379009265574e-12,1.3195013210658506e-12,1.2240229237680386e-12,1.1410764616706402e-12,1.0688477034293417e-12,1.0057886200728297e-12,9.50578288704258e-13,9.020895303141038e-13,8.593604427241187e-13,8.215701112184448e-13,7.880178853312304e-13,7.581056989570486e-13,7.313229875060143e-13,7.07233821462614e-13,6.854659310335267e-13,6.657013446071675e-13,6.476684036375034e-13,6.311349523916145e-13,6.159025296008253e-13,6.018014148927723e-13,5.886864044582226e-13,5.764332085777681e-13,5.649353794862344e-13,5.541016920715839e-13,5.438539099711356e-13,5.341248809720372e-13,5.248569128779674e-13,5.160003887570335e-13,5.075125861352421e-13,4.993566701848257e-13,4.915008352197153e-13,4.839175726530603e-13,4.765830467606039e-13,4.694765623475513e-13,4.625801108186539e-13,4.558779829486676e-13,4.493564386924915e-13,4.430034254684819e-13,4.3680833785977135e-13,4.307618125554792e-13,4.248555533763378e-13,4.1908218191118713e-13,4.134351100304426e-13,4.0790843097162053e-13,4.024968263845151e-13,3.971954868024082e-13,3.9200004372427886e-13,3.869065115658639e-13,3.8191123789046256e-13,3.7701086087289133e-13,3.722022728725233e-13,3.674825891511666e-13,3.6284912107914917e-13,3.5829935309873285e-13,3.538309229500683e-13,3.4944160462410233e-13,3.451292936909579e-13,3.4089199463026963e-13,3.3672780988938196e-13,3.326349304024322e-13,3.2861162736223985e-13,3.246562450977066e-13,3.2076719481695843e-13,3.169429491840007e-13,3.13182037566744e-13,3.094830418245079e-13,3.058445926482809e-13,3.0226536630449927e-13,2.987440817184671e-13,2.9527949793462633e-13,2.9187041179697623e-13,2.885156558985058e-13,2.852140967211919e-13,2.819646329534891e-13,2.7876619397234544e-13,2.756177384521954e-13,2.725182530874848e-13,2.6946675142974226e-13,2.664622728062386e-13,2.635038813233127e-13,2.6059066493258135e-13,2.5772173456698605e-13,2.54896223327135e-13,2.5211328571706015e-13,2.4937209694096404e-13,2.466718522103868e-13,2.440117661138833e-13,2.413910719973582e-13,2.3880902139307163e-13,2.3626488346218897e-13,2.337579444766397e-13,2.312875073203539e-13,2.288528909782951e-13,2.2645343010168282e-13,2.2408847454906192e-13,2.2175738897110077e-13,2.1945955237355794e-13,2.1719435777614025e-13,2.1496121177645844e-13,2.1275953418597431e-13,2.1058875770440836e-13,2.0844832755098593e-13,2.0633770114502816e-13,2.0425634777061758e-13,2.022037482901614e-13,2.0017939482047714e-13,1.9818279043971805e-13,1.9621344893085677e-13,1.942708944828128e-13,1.9235466143835988e-13,1.9046429401401484e-13,1.8859934608701245e-13,1.8675938092721988e-13,1.849439709667089e-13,1.8315269758216713e-13,1.8138515085744316e-13,1.7964092937883974e-13,1.7791964002398084e-13,1.7622089776155497e-13,1.745443254417516e-13,1.7288955362123474e-13,1.7125622037848473e-13,1.696439711120705e-13,1.6805245838420066e-13,1.6648134174774423e-13,1.6493028755840713e-13,1.6339896884955712e-13,1.6188706514707462e-13,1.6039426231778267e-13,1.589202524536739e-13,1.574647336922433e-13,1.5602741005335524e-13,1.5460799137075326e-13,1.532061931173378e-13,1.518217362702844e-13,1.5045434720311592e-13,1.4910375754848147e-13,1.47769704088424e-13,1.464519286329967e-13,1.4515017791046583e-13,1.4386420344241277e-13,1.4259376146556917e-13,1.413386127927138e-13,1.4009852274092475e-13,1.3887326100176178e-13,1.3766260157277072e-13,1.3646632264463256e-13,1.3528420652002134e-13,1.3411603951195498e-13,1.3296161187105854e-13,1.3182071768157855e-13,1.306931547957249e-13,1.2957872474522404e-13,1.284772326588848e-13,1.2738848719239106e-13,1.2631230045017885e-13,1.2524848790382528e-13,1.2419686834050687e-13,1.2315726377276885e-13,1.2212949937350115e-13,1.2111340343381125e-13,1.201088072613174e-13,1.1911554513820463e-13,1.1813345425686113e-13,1.1716237465876918e-13,1.162021491737036e-13,1.1525262336552056e-13,1.1431364547452125e-13,1.1338506635862115e-13,1.124667394464503e-13,1.115585206957238e-13,1.1066026850189509e-13,1.0977184369238738e-13,1.0889310946372894e-13,1.0802393132328239e-13,1.0716417705451523e-13,1.0631371666822092e-13,1.054724223557843e-13,1.0464016845411017e-13,1.0381683139233465e-13,1.0300228965681198e-13,1.0219642374526206e-13,1.0139911614664011e-13,1.0061025127216076e-13,9.982971543859293e-14,9.905739682637079e-14,9.829318544029828e-14,9.753697308143107e-14,9.678865330529218e-14,9.604812139000682e-14,9.531527431006411e-14,9.459001069283852e-14,9.387223079585439e-14,9.316183647204246e-14,9.245873114015038e-14,9.176281975511517e-14,9.10740087816871e-14,9.039220616239656e-14,8.971732129288263e-14,8.904926499221136e-14,8.838794948574012e-14,8.773328835608747e-14,8.708519654598328e-14,8.64435903162864e-14,8.580838722765927e-14,8.517950611381723e-14,8.455686706074469e-14,8.394039138292027e-14,8.333000160075413e-14,8.272562141939453e-14,8.212717570330403e-14,8.153459047030393e-14,8.09477928490581e-14,8.036671107348465e-14,7.979127445980407e-14,7.922141338651841e-14,7.86570592764751e-14,7.809814457912204e-14,7.754460274784565e-14,7.69963682292401e-14,7.645337644076686e-14,7.59155637552884e-14,7.538286748295628e-14,7.48552258630592e-14,7.43325780323569e-14,7.381486402283555e-14,7.330202474086184e-14,7.279400195367532e-14,7.22907382720706e-14,7.179217714064705e-14,7.129826282170579e-14,7.080894037424455e-14,7.032415565167278e-14,6.984385528120596e-14,6.936798665490825e-14,6.889649791356345e-14,6.842933793420687e-14,6.796645632264162e-14,6.750780339412365e-14,6.705333016580777e-14,6.660298834556502e-14,6.615673031507982e-14,6.571450912466962e-14,6.527627848523638e-14,6.484199274815537e-14,6.441160689491288e-14,6.398507653963877e-14,6.356235790467824e-14,6.314340781733859e-14,6.272818369847134e-14,6.231664355486976e-14,6.190874596617575e-14,6.150445007697531e-14,6.11037155929647e-14,6.070650276266964e-14,6.031277237510046e-14,5.992248574845306e-14,5.953560472387621e-14,5.91520916555055e-14,5.877190940272575e-14,5.83950213224387e-14,5.802139126155397e-14,5.765098354511921e-14,5.728376297745331e-14,5.691969482841769e-14,5.655874482563193e-14,5.620087914906323e-14,5.584606442507777e-14,5.549426771824694e-14,5.5145456525674233e-14,5.479959876539288e-14,5.445666277816126e-14,5.411661731376887e-14,5.377943153258995e-14,5.344507498832706e-14,5.311351763076903e-14,5.2784729797940086e-14,5.2458682207558596e-14,5.213534595446067e-14,5.181469250253585e-14,5.149669368049209e-14,5.118132167614157e-14,5.086854903070254e-14,5.055834863346729e-14,5.025069371712676e-14,4.994555785194237e-14,4.9642914942514124e-14,4.9342739219699984e-14,4.904500523892375e-14,4.874968787253486e-14,4.845676230757093e-14,4.8166204039293294e-14,4.7877988869353334e-14,4.7592092896815565e-14,4.7308492519046964e-14,4.702716442359945e-14,4.674808558492123e-14,4.647123326100917e-14,4.6196584988568393e-14,4.592411857856085e-14,4.565381211382523e-14,4.538564394341894e-14,4.511959268104197e-14,4.485563719836931e-14,4.459375662306314e-14,4.433393033511035e-14,4.4076137963441195e-14,4.3820359380976835e-14,4.3566574702339666e-14,4.331476428114087e-14,4.306490870495498e-14,4.2816988792940724e-14,4.257098559235226e-14,4.2326880375828735e-14,4.2084654637062936e-14,4.184429008938945e-14,4.1605768660069155e-14,4.1369072493418014e-14,4.113418393876738e-14,4.09010855542124e-14,4.066976010110675e-14,4.0440190544831656e-14,4.0212360045185584e-14,3.998625196039744e-14,3.976184984104187e-14,3.953913742756914e-14,3.9318098649063076e-14,3.909871762022149e-14,3.888097863576478e-14,3.866486617382415e-14,3.845036488919111e-14,3.823745961301838e-14,3.8026135347109083e-14,3.7816377266214327e-14,3.7608170713231363e-14,3.7401501196641205e-14,3.719635438875152e-14,3.699271612671362e-14,3.6790572402253206e-14,3.658990936833762e-14,3.63907133308946e-14,3.61929707534926e-14,3.599666824631487e-14,3.5801792571107504e-14,3.5608330638538465e-14,3.541626950078002e-14,3.522559635658113e-14,3.5036298546033374e-14,3.4848363548094116e-14,3.466177898202122e-14,3.447653260408707e-14,3.429261229763346e-14,3.411000608588514e-14,3.392870212166406e-14,3.3748688687053373e-14,3.356995419132893e-14,3.339248716890038e-14,3.321627628143644e-14,3.304131031232605e-14,3.286757816427141e-14,3.26950688623933e-14,3.2523771548480686e-14,3.23536754814473e-14,3.2184770035483e-14,3.201704469878645e-14,3.1850489071843284e-14,3.1685092866180257e-14,3.152084590300032e-14,3.1357738110647746e-14,3.1195759525740536e-14,3.103490028984218e-14,3.0875150649058274e-14,3.0716500951356394e-14,3.0558941647490713e-14,3.040246328804369e-14,3.024705652342529e-14,3.0092712100785524e-14,2.9939420864407034e-14,2.9787173754328206e-14,2.963596180421747e-14,2.948577614325455e-14,2.9336607990301084e-14,2.9188448655748455e-14,2.904128953977656e-14,2.889512213073121e-14,2.87499380068452e-14,2.860572883063984e-14,2.846248635151076e-14,2.8320202401801617e-14,2.8178868898566565e-14,2.8038477841792206e-14,2.7899021311608507e-14,2.7760491468912165e-14,2.7622880555998994e-14,2.748618089153197e-14,2.7350384872242725e-14,2.7215484973620064e-14,2.708147374523301e-14,2.694834381040511e-14,2.6816087869095014e-14,2.6684698692589175e-14,2.6554169126582418e-14,2.6424492085526767e-14,2.629566055675605e-14,2.6167667595550434e-14,2.604050632821672e-14,2.591416994800946e-14,2.5788651715153096e-14,2.5663944957371804e-14,2.554004306805402e-14,2.541693950526686e-14,2.529462779175059e-14,2.517310151385455e-14,2.505235432052424e-14,2.493237992282324e-14,2.4813172093481567e-14,2.4694724665755332e-14,2.457703153272183e-14,2.44600866467468e-14,2.4343884019502694e-14,2.4228417720094662e-14,2.4113681875072952e-14,2.3999670667566487e-14,2.3886378336649738e-14,2.377379917695844e-14,2.366192753776321e-14,2.3550757822534058e-14,2.3440284488491748e-14,2.3330502045328403e-14,2.3221405054974256e-14,2.3112988132125682e-14,2.3005245941725168e-14,2.2898173199503727e-14,2.2791764671322215e-14,2.268601517257203e-14,2.2580919567326437e-14,2.2476472768327695e-14,2.2372669736001513e-14,2.2269505478057683e-14,2.216697504992284e-14,2.2065073551159644e-14,2.196379612879455e-14,2.186313797507879e-14,2.1763094326650566e-14,2.166366046460001e-14,2.1564831713663752e-14,2.1466603442745695e-14,2.1368971061319323e-14,2.127193002353938e-14,2.1175475824750197e-14,2.1079604001699414e-14,2.098431013230151e-14,2.0889589834855634e-14,2.0795438767910367e-14,2.0701852630015596e-14,2.0608827158390837e-14,2.0516358129544643e-14,2.0424441358425246e-14,2.0333072697921704e-14,2.024224803862097e-14,2.0151963308262505e-14,2.006221447144785e-14,1.997299752887805e-14,1.9884308518537064e-14,1.9796143512892516e-14,1.970849861930733e-14,1.9621369981819803e-14,1.9534753777666855e-14,1.9448646218518654e-14,1.9363043550044938e-14,1.9277942051266536e-14,1.9193338034577645e-14,1.910922784477951e-14,1.9025607859380464e-14,1.8942474488268173e-14,1.885982417245663e-14,1.8777653384443514e-14,1.869595862874971e-14,1.861473643983236e-14,1.853398338263386e-14,1.8453696052692355e-14,1.837387107495443e-14,1.82945051042953e-14,1.821559482472978e-14,1.8137136948783966e-14,1.805912821813937e-14,1.7981565402739043e-14,1.7904445300334467e-14,1.782776473669166e-14,1.77515205648961e-14,1.7675709665415236e-14,1.7600328945567398e-14,1.7525375339323295e-14,1.7450845807055774e-14,1.737673733525421e-14,1.7303046936231025e-14,1.7229771648022835e-14,1.715690853388324e-14,1.708445468218198e-14,1.701240720616251e-14,1.694076324362393e-14,1.686951995669685e-14,1.679867453172547e-14,1.6728224177969292e-14,1.6658166130660045e-14,1.6588497645777533e-14,1.651921600433934e-14,1.6450318508222147e-14,1.638180248509869e-14,1.6313665282645633e-14,1.6245904271377904e-14,1.6178516843882492e-14,1.6111500414611242e-14,1.6044852419789795e-14,1.5978570316894974e-14,1.5912651584340796e-14,1.584709372183695e-14,1.578189424982064e-14,1.5717050709232256e-14,1.5652560661372597e-14,1.5588421687537635e-14,1.552463138957046e-14,1.5461187388171067e-14,1.5398087324576778e-14,1.5335328858946763e-14,1.5272909670962895e-14,1.521082745887533e-14,1.5149079939782005e-14,1.5087664849955194e-14,1.5026579943766654e-14,1.4965822994379845e-14,1.4905391791786443e-14,1.4845284145298502e-14,1.478549788167831e-14,1.472603084487436e-14,1.4666880896759352e-14,1.460804591635789e-14,1.4549523799750915e-14,1.4491312460114922e-14,1.4433409827053265e-14,1.437581384733879e-14,1.4318522483675366e-14,1.426153371552945e-14,1.4204845538360068e-14,1.4148455963658112e-14,1.4092363018826556e-14,1.4036564746991544e-14,1.3981059206719704e-14,1.392584447219978e-14,1.3870918632822955e-14,1.3816279793197623e-14,1.3761926072791411e-14,1.3707855606095167e-14,1.3654066542054384e-14,1.3600557044442496e-14,1.3547325291524452e-14,1.3494369475738159e-14,1.3441687803804718e-14,1.3389278496433223e-14,1.3337139788282319e-14,1.3285269927717656e-14,1.3233667176784298e-14,1.3182329811774404e-14,1.3131256120607741e-14,1.308044440740387e-14,1.3029892986908581e-14,1.2979600187819798e-14,1.292956435175345e-14,1.2879783833134825e-14,1.2830256999143722e-14,1.278098222956066e-14,1.273195791648379e-14,1.268318246456943e-14,1.2634654290752504e-14,1.2586371823754867e-14,1.2538333504976822e-14,1.2490537786911428e-14,1.2442983134858769e-14,1.2395668025064418e-14,1.2348590945848651e-14,1.230175039618284e-14,1.2255144887637426e-14,1.2208772942297197e-14,1.2162633093935426e-14,1.2116723886940204e-14,1.2071043876916268e-14,1.202559163063059e-14,1.1980365725212561e-14,1.1935364748781968e-14,1.189058730001611e-14,1.1846031988602275e-14,1.1801697433130569e-14,1.1757582264105128e-14,1.1713685121833348e-14,1.1670004656527434e-14,1.1626539528861191e-14,1.1583288408964097e-14,1.1540249977288781e-14,1.1497422924014023e-14,1.1454805949069209e-14,1.1412397761810789e-14,1.1370197081497292e-14,1.132820263655049e-14,1.128641316499965e-14,1.1244827413862623e-14,1.1203444139717342e-14,1.1162262108143084e-14,1.1121280093918095e-14,1.1080496880860343e-14,1.1039911261414295e-14,1.0999522036895434e-14,1.0959328017071683e-14,1.0919328021467302e-14,1.0879520876987026e-14,1.0839905420416521e-14,1.0800480495931982e-14,1.0761244956330056e-14,1.0722197662843202e-14,1.0683337485018268e-14,1.0644663300368034e-14,1.0606173994737283e-14,1.0567868461913205e-14,1.0529745603661814e-14,1.049180432969814e-14,1.0454043557520348e-14,1.0416462212428205e-14,1.0379059227268294e-14,1.0341833542568117e-14,1.0304784107349793e-14,1.0267909876813415e-14,1.0231209814197904e-14,1.0194682890100791e-14,1.015832808256881e-14,1.0122144376694683e-14,1.0086130765000347e-14,1.0050286246912425e-14,1.001460982907451e-14,9.979100525045725e-15,9.94375735579429e-15,9.908579348768196e-15,9.873565538279838e-15,9.838714965597642e-15,9.804026678695114e-15,9.769499732170337e-15,9.735133187348027e-15,9.700926112327256e-15,9.666877581147233e-15,9.632986675216902e-15,9.599252480930017e-15,9.565674092299263e-15,9.532250609453525e-15,9.498981138512968e-15,9.465864792042307e-15,9.43290068817289e-15,9.400087952116752e-15,9.367425714529152e-15,9.334913112110943e-15,9.302549287578947e-15,9.27033338955286e-15,9.23826457262016e-15,9.206341997157075e-15,9.174564829206872e-15,9.14293224062661e-15,9.111443408963975e-15,9.080097517223496e-15,9.048893754428378e-15,9.017831314673841e-15,8.98690939776164e-15,8.956127209135145e-15,8.925483959106236e-15,8.894978863857932e-15,8.864611144671369e-15,8.834380028289596e-15,8.804284746528775e-15,8.774324536600896e-15,8.744498640696528e-15,8.714806305888721e-15,8.685246785057696e-15,8.655819335486527e-15,8.655818593355978e-15,8.655817904208503e-15,8.655817234140603e-15,8.655816578436334e-15,8.655815936800251e-15,8.655815309469488e-15,8.655814696641756e-15,8.655814098400301e-15,8.655813514713375e-15,8.655812945445312e-15,8.655812390369492e-15,8.655811849181523e-15,8.65581132151202e-15,8.655810806938765e-15,8.655810304998074e-15,8.655809815195138e-15,8.655809337013421e-15,8.655808869922933e-15,8.655808413387465e-15,8.655807966870824e-15,8.655807529842113e-15,8.655807101780048e-15,8.655806682176537e-15,8.655806270539479e-15,8.655805866394916e-15,8.655805469288588e-15,8.655805078787069e-15,8.655804694478374e-15,8.655804315972274e-15,8.655803942900335e-15,8.655803574915636e-15,8.655803211692374e-15,8.655802852925263e-15,8.655802498328823e-15,8.655802147636626e-15,8.655801800600387e-15,8.655801456989172e-15,8.65580111658839e-15,8.655800779198942e-15,8.65580044463629e-15,8.655800112729596e-15,8.655799783320803e-15,8.655799456263844e-15,8.655799131423823e-15,8.655798808676225e-15,8.655798487906206e-15,8.655798169007894e-15,8.655797851883728e-15,8.655797536443858e-15,8.655797222605584e-15,8.655796910292671e-15,8.655796599435031e-15,8.655796289968202e-15,8.65579598183283e-15,8.655795674974386e-15,8.65579536934264e-15,8.655795064891424e-15,8.655794761578248e-15,8.655794459364042e-15,8.65579415821285e-15,8.655793858091573e-15,8.655793558969758e-15,8.65579326081935e-15,8.65579296361452e-15,8.655792667331455e-15,8.655792371948207e-15,8.65579207744453e-15,8.65579178380174e-15,8.655791491002584e-15,8.655791199031108e-15,8.655790907872564e-15,8.6557906175133e-15,8.655790327940666e-15,8.655790039142928e-15,8.65578975110919e-15,8.655789463829341e-15,8.655789177293949e-15,8.655788891494243e-15,8.65578860642202e-15,8.65578832206965e-15,8.655788038429951e-15,8.65578775549622e-15,8.655787473262166e-15,8.655787191721858e-15,8.655786910869714e-15,8.655786630700473e-15,8.65578635120915e-15,8.655786072391043e-15,8.655785794241659e-15,8.655785516756759e-15,8.655785239932282e-15,8.655784963764362e-15,8.655784688249293e-15,8.655784413383534e-15,8.655784139163681e-15,8.655783865586448e-15,8.65578359264866e-15,8.655783320347308e-15,8.655783048679425e-15,8.655782777642151e-15,8.655782507232706e-15,8.655782237448396e-15,8.65578196828659e-15,8.655781699744726e-15,8.655781431820292e-15,8.655781164510847e-15,8.65578089781399e-15,8.655780631727366e-15,8.65578036624866e-15,8.65578010137561e-15,8.655779837105973e-15,8.655779573437555e-15,8.65577931036818e-15,8.655779047895714e-15,8.655778786018039e-15,8.65577852473307e-15,8.655778264038737e-15,8.655778003933e-15,8.65577774441383e-15,8.655777485479225e-15,8.6557772271272e-15,8.655776969355784e-15,8.655776712163013e-15,8.655776455546962e-15,8.655776199505691e-15,8.655775944037293e-15,8.655775689139862e-15,8.655775434811518e-15,8.655775181050374e-15,8.655774927854568e-15,8.655774675222238e-15,8.655774423151543e-15,8.655774171640641e-15,8.65577392068771e-15,8.655773670290916e-15,8.655773420448464e-15,8.655773171158537e-15,8.655772922419343e-15,8.655772674229095e-15,8.655772426586006e-15,8.655772179488315e-15,8.655771932934249e-15,8.655771686922048e-15,8.655771441449961e-15,8.655771196516234e-15,8.655770952119141e-15,8.655770708256937e-15,8.655770464927898e-15,8.655770222130304e-15,8.655769979862439e-15,8.655769738122592e-15,8.655769496909065e-15,8.655769256220153e-15,8.655769016054169e-15,8.655768776409431e-15,8.65576853728425e-15,8.655768298676953e-15,8.655768060585877e-15,8.65576782300935e-15,8.655767585945715e-15,8.655767349393326e-15,8.655767113350525e-15,8.655766877815675e-15,8.65576664278714e-15,8.655766408263283e-15,8.655766174242481e-15,8.65576594072311e-15,8.655765707703563e-15,8.655765475182218e-15,8.655765243157468e-15,8.655765011627718e-15,8.65576478059137e-15,8.655764550046825e-15,8.65576431999251e-15,8.655764090426835e-15,8.655763861348228e-15,8.65576363275512e-15,8.655763404645933e-15,8.655763177019117e-15,8.65576294987311e-15,8.655762723206363e-15,8.655762497017319e-15,8.655762271304453e-15,8.655762046066224e-15,8.655761821301092e-15,8.655761597007534e-15,8.65576137318402e-15,8.655761149829042e-15,8.655760926941077e-15,8.65576070451862e-15,8.655760482560168e-15,8.655760261064218e-15,8.655760040029279e-15,8.655759819453861e-15,8.655759599336474e-15,8.65575937967564e-15,8.655759160469888e-15,8.65575894171774e-15,8.65575872341773e-15,8.655758505568394e-15,8.655758288168276e-15,8.655758071215921e-15,8.655757854709881e-15,8.655757638648713e-15,8.655757423030975e-15,8.655757207855229e-15,8.65575699312005e-15,8.655756778824007e-15,8.655756564965677e-15,8.655756351543643e-15,8.655756138556495e-15,8.65575592600282e-15,8.655755713881215e-15,8.655755502190288e-15,8.655755290928627e-15,8.655755080094848e-15,8.655754869687569e-15,8.655754659705394e-15,8.655754450146957e-15,8.655754241010877e-15,8.655754032295786e-15,8.655753824000322e-15,8.655753616123114e-15,8.65575340866281e-15,8.65575320161806e-15,8.655752994987512e-15,8.655752788769821e-15,8.655752582963648e-15,8.655752377567654e-15,8.65575217258051e-15,8.655751968000885e-15,8.655751763827456e-15,8.655751560058907e-15,8.655751356693916e-15,8.655751153731177e-15,8.65575095116938e-15,8.655750749007221e-15,8.655750547243402e-15,8.65575034587663e-15,8.655750144905605e-15,8.65574994432905e-15,8.655749744145681e-15,8.655749544354214e-15,8.655749344953374e-15,8.65574914594189e-15,8.655748947318499e-15,8.655748749081931e-15,8.655748551230932e-15,8.655748353764244e-15,8.655748156680618e-15,8.655747959978813e-15,8.655747763657561e-15,8.655747567715646e-15,8.655747372151817e-15,8.655747176964853e-15,8.655746982153522e-15,8.655746787716601e-15,8.655746593652866e-15,8.6557463999611e-15,8.655746206640096e-15,8.655746013688638e-15,8.655745821105524e-15,8.655745628889552e-15,8.655745437039535e-15,8.655745245554255e-15,8.655745054432533e-15,8.655744863673188e-15,8.655744673275029e-15,8.655744483236883e-15,8.655744293557572e-15,8.655744104235917e-15,8.655743915270762e-15,8.655743726660935e-15,8.655743538405279e-15,8.655743350502634e-15,8.655743162951847e-15,8.655742975751765e-15,8.655742788901245e-15,8.655742602399146e-15,8.655742416244327e-15,8.65574223043565e-15,8.655742044971985e-15,8.655741859852202e-15,8.655741675075174e-15,8.655741490639788e-15,8.655741306544912e-15,8.655741122789438e-15,8.655740939372265e-15,8.65574075629227e-15,8.655740573548359e-15,8.65574039113943e-15,8.655740209064384e-15,8.655740027322126e-15,8.655739845911569e-15,8.655739664831623e-15,8.655739484081202e-15,8.65573930365923e-15,8.655739123564634e-15,8.655738943796331e-15,8.655738764353261e-15,8.655738585234354e-15,8.655738406438542e-15,8.65573822796477e-15,8.655738049811983e-15,8.655737871979124e-15,8.655737694465144e-15,8.655737517268994e-15,8.655737340389636e-15,8.655737163826025e-15,8.65573698757713e-15,8.655736811641913e-15,8.655736636019345e-15,8.655736460708386e-15,8.655736285708037e-15,8.655736111017246e-15,8.655735936635037e-15,8.655735762560368e-15,8.65573558879224e-15,8.655735415329638e-15,8.655735242171555e-15,8.655735069316995e-15,8.655734896764961e-15,8.655734724514454e-15,8.655734552564475e-15,8.655734380914046e-15,8.655734209562177e-15,8.655734038507886e-15,8.655733867750193e-15,8.655733697288127e-15,8.655733527120703e-15,8.655733357246966e-15,8.655733187665933e-15,8.65573301837665e-15,8.655732849378153e-15,8.655732680669479e-15,8.65573251224968e-15,8.6557323441178e-15,8.655732176272894e-15,8.655732008714003e-15,8.6557318414402e-15,8.65573167445054e-15,8.655731507744085e-15,8.6557313413199e-15,8.655731175177048e-15,8.655731009314609e-15,8.655730843731654e-15,8.655730678427262e-15,8.655730513400511e-15,8.655730348650486e-15,8.655730184176272e-15,8.655730019976962e-15,8.655729856051645e-15,8.655729692399415e-15,8.655729529019372e-15,8.655729365910613e-15,8.65572920307224e-15,8.655729040503369e-15,8.655728878203103e-15,8.655728716170547e-15,8.655728554404828e-15,8.655728392905056e-15,8.655728231670353e-15,8.655728070699843e-15,8.655727909992645e-15,8.6557277495479e-15,8.655727589364728e-15,8.655727429442271e-15,8.655727269779662e-15,8.65572711037604e-15,8.655726951230548e-15,8.655726792342337e-15,8.655726633710539e-15,8.655726475334324e-15,8.655726317212829e-15,8.65572615934522e-15,8.655726001730654e-15,8.655725844368288e-15,8.655725687257292e-15,8.655725530396817e-15,8.65572537378605e-15,8.655725217424149e-15,8.655725061310304e-15,8.655724905443676e-15,8.655724749823457e-15,8.655724594448818e-15,8.655724439318954e-15,8.655724284433044e-15,8.655724129790282e-15,8.655723975389866e-15,8.65572382123098e-15,8.655723667312827e-15,8.655723513634608e-15,8.655723360195523e-15,8.655723206994777e-15,8.65572305403159e-15,8.655722901305154e-15,8.655722748814687e-15,8.655722596559407e-15,8.655722444538533e-15,8.655722292751277e-15,8.655722141196877e-15,8.655721989874546e-15,8.655721838783513e-15,8.65572168792301e-15,8.655721537292271e-15,8.655721386890526e-15,8.655721236717016e-15,8.655721086770984e-15,8.655720937051662e-15,8.655720787558311e-15,8.655720638290165e-15,8.655720489246475e-15,8.655720340426498e-15,8.65572019182948e-15,8.655720043454686e-15,8.655719895301371e-15,8.655719747368794e-15,8.655719599656221e-15,8.655719452162918e-15,8.655719304888153e-15,8.6557191578312e-15,8.65571901099133e-15,8.655718864367817e-15,8.655718717959937e-15,8.655718571766973e-15,8.655718425788185e-15,8.655718280022895e-15,8.655718134470379e-15,8.655717989129917e-15,8.6557178440008e-15,8.65571769908233e-15,8.655717554373793e-15,8.655717409874498e-15,8.655717265583735e-15,8.655717121500807e-15,8.655716977625026e-15,8.655716833955693e-15,8.655716690492119e-15,8.655716547233612e-15,8.655716404179495e-15,8.655716261329072e-15,8.655716118681668e-15,8.655715976236601e-15,8.655715833993194e-15,8.655715691950772e-15,8.65571555010866e-15,8.655715408466184e-15,8.655715267022679e-15,8.65571512577747e-15,8.655714984729905e-15,8.655714843879326e-15,8.65571470322505e-15,8.655714562766432e-15,8.655714422502812e-15,8.65571428243354e-15,8.655714142557962e-15,8.655714002875423e-15,8.655713863385278e-15,8.655713724086881e-15,8.655713584979594e-15,8.655713446062765e-15,8.655713307335751e-15,8.65571316879793e-15,8.655713030448658e-15,8.655712892287294e-15,8.655712754313222e-15,8.655712616525803e-15,8.655712478924404e-15,8.655712341508408e-15,8.65571220427719e-15,8.655712067230122e-15,8.655711930366593e-15,8.655711793685976e-15,8.655711657187664e-15,8.65571152087104e-15,8.65571138473549e-15,8.655711248780405e-15,8.655711113005178e-15,8.655710977409196e-15,8.65571084199187e-15,8.655710706752588e-15,8.655710571690744e-15,8.655710436805751e-15,8.65571030209701e-15,8.655710167563919e-15,8.655710033205898e-15,8.655709899022351e-15,8.655709765012681e-15,8.65570963117632e-15,8.655709497512659e-15,8.655709364021126e-15,8.65570923070115e-15,8.655709097552129e-15,8.65570896457351e-15,8.655708831764698e-15,8.655708699125129e-15,8.655708566654225e-15,8.655708434351422e-15,8.655708302216148e-15,8.655708170247842e-15,8.655708038445929e-15,8.655707906809852e-15,8.655707775339052e-15,8.655707644032964e-15,8.655707512891037e-15,8.655707381912711e-15,8.655707251097431e-15,8.655707120444647e-15,8.655706989953812e-15,8.655706859624369e-15,8.655706729455772e-15,8.655706599447484e-15,8.655706469598954e-15,8.655706339909646e-15,8.655706210379014e-15,8.655706081006524e-15,8.65570595179164e-15,8.655705822733824e-15,8.655705693832545e-15,8.65570556508727e-15,8.65570543649747e-15,8.655705308062619e-15,8.655705179782186e-15,8.655705051655653e-15,8.65570492368249e-15,8.655704795862188e-15,8.655704668194206e-15,8.655704540678046e-15,8.655704413313184e-15,8.655704286099111e-15,8.655704159035305e-15,8.655704032121255e-15,8.655703905356459e-15,8.655703778740404e-15,8.65570365227258e-15,8.655703525952495e-15,8.655703399779636e-15,8.655703273753503e-15,8.6557031478736e-15,8.655703022139418e-15,8.655702896550472e-15,8.655702771106258e-15,8.655702645806294e-15,8.655702520650081e-15,8.655702395637121e-15,8.655702270766939e-15,8.65570214603904e-15,8.655702021452942e-15,8.655701897008154e-15,8.655701772704204e-15,8.655701648540608e-15,8.655701524516879e-15,8.65570140063254e-15,8.655701276887127e-15,8.655701153280147e-15,8.655701029811146e-15,8.655700906479647e-15,8.655700783285168e-15,8.655700660227246e-15,8.65570053730541e-15,8.65570041451921e-15,8.655700291868171e-15,8.655700169351835e-15,8.655700046969735e-15,8.65569992472141e-15,8.655699802606402e-15,8.655699680624264e-15,8.655699558774532e-15,8.655699437056756e-15,8.655699315470478e-15,8.655699194015248e-15,8.655699072690624e-15,8.65569895149615e-15,8.655698830431378e-15,8.655698709495871e-15,8.655698588689182e-15,8.655698468010866e-15,8.655698347460489e-15,8.655698227037595e-15,8.655698106741767e-15,8.655697986572552e-15,8.655697866529521e-15,8.655697746612244e-15,8.655697626820284e-15,8.65569750715321e-15,8.655697387610597e-15,8.655697268192001e-15,8.655697148897019e-15,8.65569702972521e-15,8.655696910676153e-15,8.655696791749422e-15,8.655696672944601e-15,8.655696554261267e-15,8.655696435699e-15,8.655696317257386e-15,8.655696198936008e-15,8.655696080734448e-15,8.6556959626523e-15,8.655695844689144e-15,8.655695726844574e-15,8.65569560911817e-15,8.65569549150954e-15,8.655695374018268e-15,8.655695256643958e-15,8.655695139386192e-15,8.65569502224458e-15,8.655694905218712e-15,8.655694788308187e-15,8.655694671512606e-15,8.655694554831584e-15,8.655694438264705e-15,8.655694321811588e-15,8.655694205471831e-15,8.655694089245046e-15,8.65569397313085e-15,8.655693857128837e-15,8.655693741238629e-15,8.65569362545984e-15,8.655693509792074e-15,8.65569339423495e-15,8.655693278788084e-15,8.655693163451092e-15,8.655693048223591e-15,8.655692933105203e-15,8.655692818095548e-15,8.655692703194251e-15,8.655692588400935e-15,8.655692473715228e-15,8.65569235913675e-15,8.655692244665134e-15,8.655692130300004e-15,8.655692016040993e-15,8.655691901887727e-15,8.655691787839842e-15,8.655691673896973e-15,8.655691560058752e-15,8.655691446324811e-15,8.655691332694792e-15,8.655691219168333e-15,8.655691105745066e-15,8.655690992424642e-15,8.655690879206692e-15,8.65569076609086e-15,8.655690653076795e-15,8.655690540164137e-15,8.655690427352531e-15,8.655690314641632e-15,8.655690202031084e-15,8.655690089520534e-15,8.655689977109633e-15,8.655689864798036e-15,8.655689752585388e-15,8.655689640471356e-15,8.655689528455585e-15,8.655689416537735e-15,8.655689304717459e-15,8.655689192994424e-15,8.655689081368276e-15,8.655688969838685e-15,8.655688858405312e-15,8.655688747067821e-15,8.655688635825868e-15,8.655688524679126e-15,8.655688413627261e-15,8.655688302669936e-15,8.65568819180682e-15,8.655688081037582e-15,8.655687970361894e-15,8.655687859779426e-15,8.655687749289851e-15,8.655687638892843e-15,8.655687528588076e-15,8.655687418375227e-15,8.655687308253967e-15,8.65568719822398e-15,8.655687088284945e-15,8.65568697843651e-15,8.655686868678385e-15,8.655686759010292e-15,8.655686649431869e-15,8.655686539942785e-15,8.655686430542752e-15,8.655686321231451e-15,8.655686212008568e-15,8.655686102873786e-15,8.655685993826799e-15,8.655685884867294e-15,8.65568577599496e-15,8.655685667209495e-15,8.655685558510591e-15,8.655685449897936e-15,8.655685341371231e-15,8.655685232930169e-15,8.655685124574445e-15,8.655685016303764e-15,8.655684908117817e-15,8.655684800016306e-15,8.655684691998934e-15,8.655684584065398e-15,8.65568447621541e-15,8.655684368448663e-15,8.65568426076487e-15,8.655684153163732e-15,8.655684045644955e-15,8.655683938208253e-15,8.655683830853329e-15,8.655683723579892e-15,8.655683616387658e-15,8.65568350927633e-15,8.655683402245618e-15,8.655683295295247e-15,8.655683188424925e-15,8.65568308163437e-15,8.65568297492329e-15,8.655682868291411e-15,8.655682761738443e-15,8.655682655264107e-15,8.655682548868127e-15,8.655682442550227e-15,8.655682336310118e-15,8.655682230147521e-15,8.65568212406217e-15,8.655682018053777e-15,8.655681912122076e-15,8.65568180626679e-15,8.655681700487651e-15,8.655681594784379e-15,8.655681489156704e-15,8.655681383604352e-15,8.65568127812707e-15,8.655681172724564e-15,8.655681067396582e-15,8.655680962142855e-15,8.655680856963114e-15,8.655680751857101e-15,8.65568064682454e-15,8.655680541865176e-15,8.655680436978746e-15,8.655680332164981e-15,8.655680227423624e-15,8.655680122754411e-15,8.655680018157094e-15,8.655679913631407e-15,8.655679809177085e-15,8.655679704793879e-15,8.655679600481538e-15,8.6556794962398e-15,8.655679392068409e-15,8.655679287967116e-15,8.65567918393566e-15,8.6556790799738e-15,8.655678976081272e-15,8.655678872257836e-15,8.655678768503243e-15,8.655678664817242e-15,8.655678561199583e-15,8.65567845765002e-15,8.655678354168311e-15,8.655678250754201e-15,8.655678147407451e-15,8.65567804412782e-15,8.655677940915061e-15,8.65567783776893e-15,8.655677734689188e-15,8.655677631675593e-15,8.655677528727906e-15,8.655677425845887e-15,8.655677323029295e-15,8.655677220277901e-15,8.655677117591462e-15,8.655677014969739e-15,8.6556769124125e-15,8.655676809919511e-15,8.65567670749054e-15,8.655676605125354e-15,8.655676502823715e-15,8.655676400585395e-15,8.655676298410158e-15,8.655676196297783e-15,8.655676094248034e-15,8.655675992260688e-15,8.655675890335515e-15,8.655675788472283e-15,8.65567568667077e-15,8.655675584930752e-15,8.655675483251999e-15,8.655675381634291e-15,8.655675280077405e-15,8.655675178581116e-15,8.6556750771452e-15,8.65567497576944e-15,8.655674874453614e-15,8.6556747731975e-15,8.655674672000881e-15,8.65567457086354e-15,8.655674469785258e-15,8.655674368765813e-15,8.655674267805e-15,8.655674166902595e-15,8.655674066058386e-15,8.655673965272152e-15,8.655673864543682e-15,8.655673763872773e-15,8.6556736632592e-15,8.655673562702755e-15,8.65567346220324e-15,8.655673361760424e-15,8.655673261374116e-15,8.655673161044098e-15,8.655673060770158e-15,8.655672960552095e-15,8.655672860389712e-15,8.655672760282777e-15,8.655672660231104e-15,8.655672560234483e-15,8.655672460292714e-15,8.655672360405598e-15,8.655672260572917e-15,8.655672160794477e-15,8.655672061070077e-15,8.655671961399514e-15,8.655671861782592e-15,8.65567176221911e-15,8.655671662708867e-15,8.655671563251667e-15,8.65567146384731e-15,8.655671364495604e-15,8.655671265196348e-15,8.655671165949342e-15,8.655671066754406e-15,8.655670967611337e-15,8.655670868519937e-15,8.65567076948002e-15,8.655670670491392e-15,8.655670571553855e-15,8.655670472667224e-15,8.655670373831306e-15,8.655670275045914e-15,8.655670176310855e-15,8.655670077625942e-15,8.65566997899098e-15,8.65566988040579e-15,8.655669781870187e-15,8.655669683383983e-15,8.65566958494699e-15,8.655669486559023e-15,8.655669388219897e-15,8.655669289929431e-15,8.655669191687438e-15,8.655669093493739e-15,8.655668995348149e-15,8.655668897250488e-15,8.655668799200573e-15,8.655668701198228e-15,8.655668603243267e-15,8.655668505335514e-15,8.655668407474793e-15,8.655668309660918e-15,8.655668211893725e-15,8.65566811417303e-15,8.655668016498663e-15,8.65566791887043e-15,8.655667821288169e-15,8.655667723751704e-15,8.655667626260858e-15,8.655667528815462e-15,8.655667431415343e-15,8.655667334060322e-15,8.655667236750242e-15,8.655667139484918e-15,8.655667042264176e-15,8.655666945087866e-15,8.655666847955795e-15,8.655666750867812e-15,8.655666653823742e-15,8.655666556823414e-15,8.655666459866654e-15,8.65566636295331e-15,8.655666266083214e-15,8.655666169256198e-15,8.655666072472092e-15,8.655665975730739e-15,8.655665879031964e-15,8.655665782375614e-15,8.655665685761523e-15,8.655665589189534e-15,8.655665492659467e-15,8.655665396171179e-15,8.655665299724491e-15,8.655665203319267e-15,8.655665106955327e-15,8.65566501063252e-15,8.655664914350685e-15,8.655664818109663e-15,8.6556647219093e-15,8.655664625749435e-15,8.655664529629913e-15,8.655664433550578e-15,8.655664337511272e-15,8.655664241511843e-15,8.65566414555213e-15,8.655664049631996e-15,8.655663953751263e-15,8.655663857909789e-15,8.655663762107427e-15,8.655663666344014e-15,8.655663570619405e-15,8.655663474933445e-15,8.655663379285982e-15,8.655663283676874e-15,8.655663188105963e-15,8.655663092573103e-15,8.655662997078156e-15,8.655662901620949e-15,8.655662806201352e-15,8.655662710819206e-15,8.655662615474377e-15,8.655662520166711e-15,8.65566242489606e-15,8.655662329662285e-15,8.655662234465235e-15,8.655662139304772e-15,8.655662044180751e-15,8.655661949093021e-15,8.655661854041444e-15,8.655661759025883e-15,8.655661664046186e-15,8.655661569102213e-15,8.655661474193827e-15,8.655661379320887e-15,8.655661284483251e-15,8.655661189680776e-15,8.655661094913325e-15,8.65566100018076e-15,8.655660905482944e-15,8.655660810819729e-15,8.655660716190994e-15,8.65566062159659e-15,8.655660527036382e-15,8.655660432510233e-15,8.655660338018009e-15,8.655660243559577e-15,8.655660149134791e-15,8.65566005474353e-15,8.655659960385655e-15,8.655659866061031e-15,8.655659771769529e-15,8.65565967751101e-15,8.655659583285344e-15,8.655659489092397e-15,8.655659394932048e-15,8.655659300804152e-15,8.655659206708584e-15,8.655659112645215e-15,8.655659018613912e-15,8.655658924614551e-15,8.655658830647003e-15,8.655658736711125e-15,8.655658642806807e-15,8.655658548933911e-15,8.655658455092313e-15,8.655658361281888e-15,8.655658267502506e-15,8.655658173754041e-15,8.65565808003637e-15,8.655657986349367e-15,8.655657892692905e-15,8.655657799066861e-15,8.655657705471109e-15,8.655657611905532e-15,8.655657518369999e-15,8.655657424864388e-15,8.655657331388585e-15,8.655657237942454e-15,8.655657144525886e-15,8.65565705113875e-15,8.655656957780932e-15,8.655656864452314e-15,8.655656771152768e-15,8.655656677882179e-15,8.655656584640421e-15,8.65565649142739e-15,8.65565639824296e-15,8.655656305087006e-15,8.655656211959413e-15,8.655656118860065e-15,8.65565602578885e-15,8.655655932745644e-15,8.655655839730333e-15,8.655655746742805e-15,8.655655653782939e-15,8.655655560850622e-15,8.655655467945742e-15,8.65565537506818e-15,8.655655282217823e-15,8.655655189394561e-15,8.655655096598278e-15,8.65565500382886e-15,8.6556549110862e-15,8.655654818370186e-15,8.65565472568069e-15,8.655654633017621e-15,8.65565454038086e-15,8.655654447770295e-15,8.655654355185816e-15,8.655654262627313e-15,8.655654170094677e-15,8.6556540775878e-15,8.655653985106569e-15,8.655653892650881e-15,8.655653800220622e-15,8.65565370781569e-15,8.655653615435977e-15,8.655653523081372e-15,8.655653430751768e-15,8.655653338447064e-15,8.655653246167147e-15,8.655653153911915e-15,8.655653061681263e-15,8.655652969475085e-15,8.655652877293279e-15,8.655652785135733e-15,8.655652693002349e-15,8.655652600893022e-15,8.655652508807654e-15,8.65565241674613e-15,8.655652324708357e-15,8.65565223269423e-15,8.655652140703645e-15,8.655652048736502e-15,8.655651956792706e-15,8.655651864872142e-15,8.655651772974717e-15,8.65565168110033e-15,8.655651589248881e-15,8.655651497420275e-15,8.655651405614408e-15,8.655651313831177e-15,8.655651222070488e-15,8.655651130332248e-15,8.655651038616349e-15,8.655650946922695e-15,8.655650855251195e-15,8.65565076360174e-15,8.655650671974244e-15,8.655650580368608e-15,8.655650488784736e-15,8.655650397222527e-15,8.655650305681889e-15,8.655650214162728e-15,8.655650122664946e-15,8.655650031188452e-15,8.655649939733146e-15,8.655649848298942e-15,8.655649756885738e-15,8.655649665493448e-15,8.655649574121974e-15,8.655649482771223e-15,8.655649391441109e-15,8.65564930013153e-15,8.655649208842402e-15,8.65564911757363e-15,8.65564902632512e-15,8.655648935096782e-15,8.655648843888539e-15,8.655648752700279e-15,8.655648661531918e-15,8.655648570383377e-15,8.655648479254552e-15,8.655648388145358e-15,8.655648297055718e-15,8.65564820598553e-15,8.655648114934714e-15,8.655648023903175e-15,8.655647932890822e-15,8.655647841897579e-15,8.655647750923348e-15,8.655647659968045e-15,8.65564756903159e-15,8.655647478113888e-15,8.655647387214867e-15,8.655647296334423e-15,8.655647205472477e-15,8.655647114628945e-15,8.655647023803748e-15,8.655646932996795e-15,8.655646842207991e-15,8.655646751437266e-15,8.655646660684532e-15,8.655646569949701e-15,8.655646479232704e-15,8.655646388533444e-15,8.65564629785184e-15,8.655646207187811e-15,8.655646116541276e-15,8.65564602591215e-15,8.65564593530036e-15,8.655645844705815e-15,8.655645754128429e-15,8.655645663568139e-15,8.655645573024855e-15,8.655645482498484e-15,8.655645391988959e-15,8.655645301496211e-15,8.655645211020143e-15,8.655645120560676e-15,8.65564503011774e-15,8.655644939691249e-15,8.655644849281122e-15,8.655644758887289e-15,8.655644668509661e-15,8.655644578148179e-15,8.655644487802747e-15,8.655644397473297e-15,8.655644307159747e-15,8.655644216862026e-15,8.65564412658005e-15,8.655644036313747e-15,8.65564394606304e-15,8.65564385582785e-15,8.655643765608105e-15,8.655643675403733e-15,8.655643585214659e-15,8.655643495040802e-15,8.655643404882088e-15,8.655643314738443e-15,8.655643224609795e-15,8.655643134496068e-15,8.655643044397188e-15,8.655642954313089e-15,8.655642864243688e-15,8.655642774188918e-15,8.655642684148698e-15,8.655642594122966e-15,8.655642504111644e-15,8.655642414114667e-15,8.655642324131954e-15,8.655642234163434e-15,8.655642144209041e-15,8.6556420542687e-15,8.65564196434234e-15,8.655641874429896e-15,8.655641784531291e-15,8.65564169464646e-15,8.65564160477533e-15,8.65564151491783e-15,8.655641425073892e-15,8.65564133524345e-15,8.655641245426429e-15,8.655641155622764e-15,8.655641065832379e-15,8.65564097605522e-15,8.65564088629121e-15,8.65564079654028e-15,8.65564070680237e-15,8.655640617077402e-15,8.655640527365325e-15,8.655640437666051e-15,8.655640347979522e-15,8.655640258305679e-15,8.655640168644442e-15,8.655640078995754e-15,8.655639989359548e-15,8.655639899735759e-15,8.65563981012431e-15,8.655639720525153e-15,8.655639630938215e-15,8.655639541363431e-15,8.655639451800733e-15,8.65563936225006e-15,8.65563927271135e-15,8.655639183184536e-15,8.655639093669556e-15,8.655639004166344e-15,8.655638914674836e-15,8.655638825194976e-15,8.65563873572669e-15,8.655638646269922e-15,8.65563855682461e-15,8.655638467390687e-15,8.655638377968098e-15,8.65563828855677e-15,8.655638199156663e-15,8.655638109767689e-15,8.655638020389796e-15,8.655637931022925e-15,8.655637841667015e-15,8.655637752322003e-15,8.655637662987832e-15,8.655637573664446e-15,8.655637484351771e-15,8.655637395049754e-15,8.655637305758338e-15,8.655637216477461e-15,8.655637127207061e-15,8.655637037947082e-15,8.655636948697465e-15,8.655636859458148e-15,8.655636770229075e-15,8.655636681010194e-15,8.65563659180144e-15,8.655636502602743e-15,8.655636413414066e-15,8.65563632423534e-15,8.655636235066506e-15,8.655636145907517e-15,8.655636056758318e-15,8.65563596761883e-15,8.655635878489014e-15,8.655635789368804e-15,8.65563570025815e-15,8.655635611156995e-15,8.655635522065282e-15,8.655635432982954e-15,8.655635343909957e-15,8.655635254846237e-15,8.655635165791733e-15,8.655635076746397e-15,8.65563498771017e-15,8.655634898682995e-15,8.655634809664827e-15,8.6556347206556e-15,8.655634631655268e-15,8.655634542663772e-15,8.655634453681058e-15,8.655634364707079e-15,8.65563427574177e-15,8.655634186785084e-15,8.655634097836968e-15,8.655634008897373e-15,8.655633919966245e-15,8.655633831043521e-15,8.655633742129158e-15,8.655633653223098e-15,8.655633564325291e-15,8.655633475435689e-15,8.655633386554238e-15,8.655633297680886e-15,8.655633208815582e-15,8.655633119958271e-15,8.655633031108905e-15,8.655632942267436e-15,8.655632853433803e-15,8.655632764607965e-15,8.655632675789872e-15,8.655632586979466e-15,8.655632498176703e-15,8.655632409381533e-15,8.655632320593904e-15,8.655632231813762e-15,8.655632143041065e-15,8.65563205427576e-15,8.6556319655178e-15,8.65563187676713e-15,8.65563178802371e-15,8.655631699287484e-15,8.655631610558408e-15,8.65563152183642e-15,8.655631433121491e-15,8.655631344413567e-15,8.6556312557126e-15,8.655631167018537e-15,8.655631078331339e-15,8.655630989650947e-15,8.655630900977325e-15,8.655630812310423e-15,8.655630723650185e-15,8.655630634996578e-15,8.655630546349548e-15,8.655630457709043e-15,8.655630369075025e-15,8.655630280447446e-15,8.65563019182626e-15,8.65563010321142e-15,8.655630014602881e-15,8.655629926000593e-15,8.655629837404514e-15,8.655629748814603e-15,8.65562966023081e-15,8.65562957165309e-15,8.655629483081402e-15,8.655629394515693e-15,8.655629305955942e-15,8.655629217402067e-15,8.655629128854051e-15,8.655629040311852e-15,8.655628951775395e-15,8.655628863244657e-15,8.655628774719601e-15,8.65562868620017e-15,8.655628597686327e-15,8.655628509178035e-15,8.655628420675239e-15,8.655628332177905e-15,8.655628243685998e-15,8.655628155199453e-15,8.655628066718223e-15,8.655627978242297e-15,8.655627889771604e-15,8.655627801306113e-15,8.655627712845787e-15,8.655627624390588e-15,8.655627535940458e-15,8.655627447495366e-15,8.655627359055244e-15,8.655627270620087e-15,8.65562718218984e-15,8.655627093764472e-15,8.655627005343926e-15,8.655626916928169e-15,8.655626828517168e-15,8.655626740110861e-15,8.655626651709232e-15,8.655626563312226e-15,8.655626474919797e-15,8.655626386531923e-15,8.655626298148545e-15,8.655626209769637e-15,8.655626121395148e-15,8.655626033025046e-15,8.65562594465929e-15,8.655625856297846e-15,8.655625767940664e-15,8.655625679587713e-15,8.65562559123895e-15,8.65562550289434e-15,8.655625414553843e-15,8.655625326217421e-15,8.655625237885034e-15,8.655625149556636e-15,8.655625061232209e-15,8.655624972911697e-15,8.655624884595082e-15,8.6556247962823e-15,8.655624707973325e-15,8.655624619668123e-15,8.655624531366651e-15,8.655624443068874e-15,8.655624354774757e-15,8.655624266484262e-15,8.65562417819735e-15,8.655624089913986e-15,8.655624001634132e-15,8.655623913357752e-15,8.655623825084808e-15,8.65562373681526e-15,8.655623648549086e-15,8.65562356028624e-15,8.655623472026685e-15,8.65562338377039e-15,8.655623295517314e-15,8.655623207267429e-15,8.65562311902069e-15,8.655623030777063e-15,8.655622942536518e-15,8.655622854299013e-15,8.655622766064515e-15,8.655622677832998e-15,8.655622589604421e-15,8.655622501378745e-15,8.655622413155941e-15,8.65562232493597e-15,8.655622236718809e-15,8.655622148504412e-15,8.65562206029274e-15,8.655621972083769e-15,8.655621883877463e-15,8.655621795673788e-15,8.655621707472714e-15,8.655621619274198e-15,8.655621531078211e-15,8.655621442884732e-15,8.655621354693715e-15,8.655621266505116e-15,8.655621178318919e-15,8.65562109013508e-15,8.655621001953578e-15,8.655620913774369e-15,8.655620825597428e-15,8.655620737422721e-15,8.655620649250209e-15,8.655620561079872e-15,8.65562047291167e-15,8.655620384745569e-15,8.655620296581541e-15,8.655620208419553e-15,8.655620120259575e-15,8.655620032101569e-15,8.65561994394551e-15,8.655619855791365e-15,8.6556197676391e-15,8.655619679488683e-15,8.65561959134009e-15,8.655619503193281e-15,8.655619415048233e-15,8.655619326904911e-15,8.65561923876329e-15,8.655619150623326e-15,8.655619062484998e-15,8.655618974348272e-15,8.655618886213122e-15,8.655618798079514e-15,8.65561870994742e-15,8.655618621816806e-15,8.65561853368765e-15,8.655618445559918e-15,8.655618357433572e-15,8.655618269308591e-15,8.655618181184946e-15,8.65561809306264e-15,8.655618004941603e-15,8.655617916821782e-15,8.655617828703177e-15,8.655617740585759e-15,8.655617652469496e-15,8.655617564354365e-15,8.655617476240336e-15,8.655617388127378e-15,8.65561730001546e-15,8.655617211904555e-15,8.655617123794638e-15,8.65561703568568e-15,8.655616947577646e-15,8.655616859470518e-15,8.65561677136427e-15,8.655616683258854e-15,8.655616595154258e-15,8.655616507050452e-15,8.655616418947404e-15,8.655616330845096e-15,8.655616242743488e-15,8.655616154642555e-15,8.65561606654228e-15,8.655615978442626e-15,8.655615890343574e-15,8.65561580224508e-15,8.655615714147135e-15,8.655615626049705e-15,8.655615537952764e-15,8.655615449856292e-15,8.655615361760244e-15,8.655615273664611e-15,8.655615185569353e-15,8.655615097474448e-15,8.655615009379881e-15,8.655614921285615e-15,8.655614833191624e-15,8.655614745097886e-15,8.655614657004377e-15,8.655614568911066e-15,8.655614480817924e-15,8.655614392724928e-15,8.655614304632057e-15,8.655614216539279e-15,8.655614128446574e-15,8.655614040353912e-15,8.655613952261259e-15,8.655613864168613e-15,8.655613776075935e-15,8.655613687983205e-15,8.65561359989039e-15,8.655613511797467e-15,8.655613423704417e-15,8.655613335611198e-15,8.655613247517813e-15,8.65561315942422e-15,8.655613071330399e-15,8.655612983236328e-15,8.655612895141973e-15,8.65561280704732e-15,8.65561271895234e-15,8.655612630857003e-15,8.655612542761298e-15,8.655612454665188e-15,8.655612366568667e-15,8.65561227847169e-15,8.655612190374246e-15,8.65561210227631e-15,8.655612014177854e-15,8.655611926078856e-15,8.655611837979302e-15,8.65561174987915e-15,8.655611661778395e-15,8.655611573677e-15,8.655611485574947e-15,8.655611397472211e-15,8.655611309368778e-15,8.655611221264622e-15,8.65561113315971e-15,8.655611045054028e-15,8.655610956947552e-15,8.655610868840262e-15,8.655610780732128e-15,8.655610692623134e-15,8.655610604513256e-15,8.65561051640247e-15,8.655610428290751e-15,8.655610340178086e-15,8.655610252064445e-15,8.65561016394981e-15,8.655610075834158e-15,8.655609987717462e-15,8.655609899599711e-15,8.655609811480874e-15,8.655609723360935e-15,8.655609635239872e-15,8.65560954711766e-15,8.655609458994278e-15,8.655609370869706e-15,8.655609282743924e-15,8.655609194616907e-15,8.65560910648864e-15,8.655609018359096e-15,8.655608930228258e-15,8.655608842096091e-15,8.655608753962595e-15,8.65560866582773e-15,8.655608577691493e-15,8.655608489553853e-15,8.655608401414793e-15,8.655608313274296e-15,8.655608225132334e-15,8.655608136988886e-15,8.655608048843937e-15,8.65560796069747e-15,8.655607872549447e-15,8.655607784399865e-15,8.655607696248717e-15,8.655607608095947e-15,8.655607519941555e-15,8.65560743178552e-15,8.655607343627823e-15,8.655607255468439e-15,8.655607167307348e-15,8.655607079144539e-15,8.655606990979985e-15,8.655606902813673e-15,8.655606814645581e-15,8.655606726475687e-15,8.655606638303974e-15,8.655606550130418e-15,8.655606461955004e-15,8.655606373777713e-15,8.655606285598527e-15,8.655606197417423e-15,8.655606109234384e-15,8.655606021049392e-15,8.655605932862428e-15,8.65560584467346e-15,8.655605756482493e-15,8.655605668289493e-15,8.655605580094455e-15,8.655605491897348e-15,8.655605403698158e-15,8.655605315496859e-15,8.655605227293439e-15,8.655605139087883e-15,8.655605050880173e-15,8.65560496267028e-15,8.655604874458196e-15,8.65560478624389e-15,8.655604698027362e-15,8.655604609808583e-15,8.655604521587542e-15,8.655604433364224e-15,8.655604345138598e-15,8.655604256910654e-15,8.655604168680372e-15,8.655604080447736e-15,8.655603992212729e-15,8.655603903975326e-15,8.655603815735526e-15,8.655603727493296e-15,8.655603639248625e-15,8.655603551001493e-15,8.655603462751888e-15,8.65560337449979e-15,8.655603286245177e-15,8.655603197988038e-15,8.655603109728339e-15,8.655603021466097e-15,8.655602933201272e-15,8.655602844933857e-15,8.655602756663829e-15,8.655602668391177e-15,8.65560258011588e-15,8.65560249183792e-15,8.655602403557276e-15,8.655602315273938e-15,8.655602226987889e-15,8.655602138699111e-15,8.65560205040759e-15,8.65560196211331e-15,8.65560187381625e-15,8.655601785516401e-15,8.655601697213743e-15,8.655601608908263e-15,8.655601520599936e-15,8.655601432288758e-15,8.655601343974705e-15,8.655601255657771e-15,8.655601167337924e-15,8.655601079015165e-15,8.65560099068946e-15,8.655600902360816e-15,8.655600814029201e-15,8.655600725694605e-15,8.655600637357006e-15,8.655600549016391e-15,8.655600460672754e-15,8.655600372326074e-15,8.655600283976326e-15,8.655600195623508e-15,8.655600107267597e-15,8.655600018908582e-15,8.655599930546444e-15,8.655599842181175e-15,8.655599753812752e-15,8.65559966544117e-15,8.655599577066403e-15,8.655599488688441e-15,8.655599400307272e-15,8.655599311922877e-15,8.655599223535242e-15,8.65559913514435e-15,8.655599046750193e-15,8.655598958352754e-15,8.655598869952013e-15,8.655598781547964e-15,8.655598693140581e-15,8.655598604729863e-15,8.655598516315788e-15,8.65559842789834e-15,8.655598339477512e-15,8.655598251053284e-15,8.655598162625643e-15,8.655598074194569e-15,8.655597985760064e-15,8.655597897322104e-15,8.655597808880677e-15,8.655597720435773e-15,8.655597631987366e-15,8.655597543535452e-15,8.655597455080001e-15,8.655597366621019e-15,8.655597278158491e-15,8.655597189692382e-15,8.65559710122271e-15,8.655597012749442e-15,8.655596924272573e-15,8.655596835792077e-15,8.655596747307959e-15,8.655596658820186e-15,8.65559657032876e-15,8.655596481833649e-15,8.655596393334866e-15,8.655596304832384e-15,8.655596216326185e-15,8.655596127816252e-15,8.655596039302589e-15,8.655595950785179e-15,8.65559586226399e-15,8.655595773739034e-15,8.655595685210288e-15,8.655595596677741e-15,8.655595508141376e-15,8.655595419601184e-15,8.655595331057145e-15,8.655595242509257e-15,8.655595153957498e-15,8.655595065401866e-15,8.655594976842336e-15,8.655594888278902e-15,8.655594799711549e-15,8.655594711140269e-15,8.65559462256504e-15,8.655594533985867e-15,8.655594445402724e-15,8.655594356815603e-15,8.65559426822449e-15,8.655594179629373e-15,8.655594091030245e-15,8.655594002427083e-15,8.655593913819885e-15,8.655593825208628e-15,8.655593736593313e-15,8.655593647973917e-15,8.655593559350435e-15,8.655593470722855e-15,8.65559338209116e-15,8.655593293455344e-15,8.655593204815383e-15,8.655593116171272e-15,8.655593027523014e-15,8.65559293887059e-15,8.655592850213976e-15,8.655592761553172e-15,8.655592672888163e-15,8.655592584218935e-15,8.65559249554548e-15,8.655592406867781e-15,8.655592318185839e-15,8.655592229499631e-15,8.655592140809148e-15,8.65559205211438e-15,8.655591963415311e-15,8.655591874711948e-15,8.65559178600425e-15,8.655591697292238e-15,8.65559160857588e-15,8.655591519855157e-15,8.65559143113008e-15,8.655591342400623e-15,8.655591253666783e-15,8.65559116492855e-15,8.655591076185906e-15,8.655590987438846e-15,8.655590898687356e-15,8.655590809931408e-15,8.655590721171039e-15,8.655590632406218e-15,8.655590543636903e-15,8.655590454863105e-15,8.65559036608482e-15,8.65559027730203e-15,8.655590188514717e-15,8.655590099722881e-15,8.655590010926517e-15,8.655589922125601e-15,8.655589833320131e-15,8.655589744510085e-15,8.655589655695472e-15,8.655589566876272e-15,8.655589478052468e-15,8.655589389224065e-15,8.655589300391037e-15,8.655589211553371e-15,8.655589122711074e-15,8.65558903386413e-15,8.655588945012528e-15,8.65558885615624e-15,8.655588767295294e-15,8.655588678429656e-15,8.655588589559322e-15,8.65558850068428e-15,8.655588411804518e-15,8.655588322920029e-15,8.655588234030795e-15,8.65558814513682e-15,8.655588056238084e-15,8.65558796733458e-15,8.655587878426299e-15,8.655587789513235e-15,8.655587700595392e-15,8.655587611672725e-15,8.655587522745236e-15,8.655587433812931e-15,8.655587344875782e-15,8.655587255933795e-15,8.655587166986954e-15,8.655587078035252e-15,8.655586989078674e-15,8.655586900117213e-15,8.655586811150863e-15,8.655586722179614e-15,8.655586633203454e-15,8.655586544222374e-15,8.655586455236366e-15,8.655586366245422e-15,8.65558627724953e-15,8.655586188248687e-15,8.655586099242874e-15,8.65558601023209e-15,8.65558592121632e-15,8.655585832195563e-15,8.6555857431698e-15,8.655585654139032e-15,8.655585565103244e-15,8.65558547606243e-15,8.655585387016578e-15,8.655585297965683e-15,8.655585208909732e-15,8.655585119848718e-15,8.655585030782636e-15,8.655584941711468e-15,8.655584852635218e-15,8.655584763553868e-15,8.65558467446741e-15,8.655584585375839e-15,8.655584496279144e-15,8.65558440717732e-15,8.655584318070354e-15,8.655584228958236e-15,8.655584139840967e-15,8.655584050718527e-15,8.655583961590914e-15,8.655583872458136e-15,8.655583783320146e-15,8.655583694176972e-15,8.655583605028582e-15,8.655583515874935e-15,8.655583426716106e-15,8.655583337552043e-15,8.655583248382735e-15,8.655583159208184e-15,8.655583070028375e-15,8.655582980843289e-15,8.655582891652946e-15,8.655582802457311e-15,8.655582713256394e-15,8.655582624050187e-15,8.655582534838664e-15,8.655582445621837e-15,8.655582356399686e-15,8.655582267172206e-15,8.655582177939391e-15,8.655582088701233e-15,8.655581999457732e-15,8.655581910208859e-15,8.655581820954618e-15,8.655581731695005e-15,8.65558164243001e-15,8.655581553159623e-15,8.655581463883845e-15,8.655581374602647e-15,8.655581285316044e-15,8.655581196024021e-15,8.655581106726565e-15,8.655581017423669e-15,8.655580928115337e-15,8.655580838801555e-15,8.655580749482305e-15,8.655580660157594e-15,8.655580570827405e-15,8.65558048149174e-15,8.655580392150585e-15,8.655580302803934e-15,8.655580213451773e-15,8.65558012409411e-15,8.655580034730927e-15,8.655579945362217e-15,8.655579855987977e-15,8.6555797666082e-15,8.655579677222869e-15,8.655579587832002e-15,8.65557949843556e-15,8.65557940903355e-15,8.655579319625967e-15,8.655579230212802e-15,8.655579140794046e-15,8.655579051369688e-15,8.655578961939732e-15,8.655578872504165e-15,8.655578783062985e-15,8.655578693616172e-15,8.655578604163739e-15,8.655578514705665e-15,8.655578425241945e-15,8.655578335772574e-15,8.655578246297542e-15,8.655578156816847e-15,8.655578067330481e-15,8.655577977838432e-15,8.655577888340698e-15,8.655577798837264e-15,8.655577709328136e-15,8.655577619813312e-15,8.65557753029277e-15,8.655577440766515e-15,8.655577351234519e-15,8.655577261696804e-15,8.655577172153348e-15,8.65557708260417e-15,8.655576993049218e-15,8.655576903488512e-15,8.655576813922036e-15,8.655576724349792e-15,8.655576634771762e-15,8.655576545187957e-15,8.65557645559835e-15,8.655576366002958e-15,8.655576276401763e-15,8.655576186794774e-15,8.655576097181966e-15,8.655576007563325e-15,8.65557591793885e-15,8.65557582830855e-15,8.655575738672395e-15,8.6555756490304e-15,8.655575559382558e-15,8.655575469728854e-15,8.655575380069304e-15,8.655575290403857e-15,8.655575200732536e-15,8.655575111055347e-15,8.65557502137225e-15,8.655574931683261e-15,8.655574841988375e-15,8.65557475228758e-15,8.655574662580875e-15,8.655574572868243e-15,8.65557448314969e-15,8.65557439342521e-15,8.655574303694795e-15,8.655574213958431e-15,8.65557412421612e-15,8.655574034467847e-15,8.655573944713617e-15,8.655573854953425e-15,8.655573765187257e-15,8.655573675415116e-15,8.655573585636985e-15,8.655573495852871e-15,8.655573406062759e-15,8.655573316266646e-15,8.655573226464526e-15,8.655573136656399e-15,8.655573046842251e-15,8.655572957022077e-15,8.655572867195872e-15,8.65557277736364e-15,8.655572687525356e-15,8.65557259768104e-15,8.655572507830664e-15,8.655572417974234e-15,8.655572328111746e-15,8.655572238243196e-15,8.655572148368561e-15,8.655572058487848e-15,8.655571968601053e-15,8.655571878708171e-15,8.655571788809192e-15,8.65557169890411e-15,8.655571608992926e-15,8.655571519075629e-15,8.655571429152213e-15,8.655571339222679e-15,8.655571249287021e-15,8.655571159345225e-15,8.655571069397295e-15,8.655570979443213e-15,8.655570889482993e-15,8.655570799516615e-15,8.655570709544092e-15,8.655570619565401e-15,8.655570529580538e-15,8.655570439589502e-15,8.655570349592292e-15,8.655570259588898e-15,8.655570169579312e-15,8.65557007956353e-15,8.65556998954155e-15,8.655569899513373e-15,8.655569809478972e-15,8.65556971943839e-15,8.655569629391563e-15,8.655569539338512e-15,8.655569449279228e-15,8.65556935921371e-15,8.655569269141966e-15,8.655569179063971e-15,8.65556908897973e-15,8.65556899888924e-15,8.655568908792499e-15,8.655568818689482e-15,8.655568728580196e-15,8.655568638464652e-15,8.655568548342807e-15,8.655568458214688e-15,8.655568368080284e-15,8.655568277939592e-15,8.655568187792602e-15,8.655568097639309e-15,8.655568007479723e-15,8.655567917313816e-15,8.655567827141596e-15,8.655567736963061e-15,8.655567646778206e-15,8.655567556587015e-15,8.65556746638949e-15,8.655567376185625e-15,8.655567285975416e-15,8.655567195758864e-15,8.655567105535958e-15,8.655567015306711e-15,8.655566925071086e-15,8.655566834829097e-15,8.65556674458074e-15,8.655566654326012e-15,8.655566564064907e-15,8.655566473797416e-15,8.655566383523538e-15,8.655566293243272e-15,8.655566202956604e-15,8.655566112663535e-15,8.655566022364063e-15,8.655565932058175e-15,8.655565841745881e-15,8.655565751427164e-15,8.65556566110203e-15,8.655565570770469e-15,8.655565480432477e-15,8.655565390088049e-15,8.655565299737183e-15,8.65556520937987e-15,8.65556511901611e-15,8.6555650286459e-15,8.655564938269231e-15,8.655564847886105e-15,8.655564757496513e-15,8.655564667100455e-15,8.655564576697923e-15,8.655564486288911e-15,8.65556439587342e-15,8.65556430545145e-15,8.655564215022986e-15,8.655564124588024e-15,8.655564034146573e-15,8.655563943698614e-15,8.655563853244154e-15,8.655563762783183e-15,8.655563672315696e-15,8.6555635818417e-15,8.655563491361187e-15,8.65556340087414e-15,8.655563310380556e-15,8.655563219880442e-15,8.655563129373794e-15,8.655563038860609e-15,8.655562948340876e-15,8.655562857814595e-15,8.655562767281762e-15,8.655562676742372e-15,8.655562586196417e-15,8.6555624956439e-15,8.655562405084815e-15,8.655562314519162e-15,8.655562223946946e-15,8.655562133368136e-15,8.655562042782743e-15,8.65556195219076e-15,8.655561861592191e-15,8.65556177098702e-15,8.655561680375257e-15,8.655561589756894e-15,8.655561499131924e-15,8.65556140850035e-15,8.655561317862168e-15,8.65556122721736e-15,8.655561136565933e-15,8.655561045907882e-15,8.655560955243202e-15,8.655560864571891e-15,8.65556077389396e-15,8.655560683209377e-15,8.655560592518155e-15,8.655560501820288e-15,8.655560411115769e-15,8.6555603204046e-15,8.65556022968677e-15,8.655560138962289e-15,8.65556004823114e-15,8.655559957493329e-15,8.65555986674884e-15,8.655559775997683e-15,8.655559685239847e-15,8.655559594475333e-15,8.655559503704135e-15,8.65555941292625e-15,8.655559322141674e-15,8.655559231350404e-15,8.655559140552438e-15,8.655559049747775e-15,8.655558958936405e-15,8.655558868118325e-15,8.655558777293534e-15,8.655558686462027e-15,8.655558595623798e-15,8.655558504778854e-15,8.655558413927189e-15,8.655558323068799e-15,8.655558232203674e-15,8.655558141331811e-15,8.655558050453216e-15,8.655557959567883e-15,8.655557868675808e-15,8.655557777776981e-15,8.655557686871409e-15,8.655557595959078e-15,8.655557505039992e-15,8.655557414114147e-15,8.655557323181542e-15,8.655557232242177e-15,8.655557141296044e-15,8.65555705034313e-15,8.655556959383438e-15,8.655556868416973e-15,8.655556777443724e-15,8.655556686463689e-15,8.655556595476868e-15,8.655556504483255e-15,8.655556413482857e-15,8.655556322475649e-15,8.655556231461648e-15,8.655556140440844e-15,8.65555604941323e-15,8.655555958378816e-15,8.655555867337582e-15,8.655555776289544e-15,8.655555685234677e-15,8.655555594172994e-15,8.655555503104488e-15,8.655555412029144e-15,8.655555320946986e-15,8.65555522985799e-15,8.655555138762157e-15,8.655555047659483e-15,8.655554956549997e-15,8.655554865433639e-15,8.655554774310426e-15,8.655554683180375e-15,8.655554592043459e-15,8.655554500899696e-15,8.655554409749071e-15,8.655554318591584e-15,8.655554227427233e-15,8.655554136256017e-15,8.655554045077928e-15,8.655553953892966e-15,8.655553862701131e-15,8.655553771502413e-15,8.655553680296809e-15,8.655553589084328e-15,8.655553497864959e-15,8.655553406638706e-15,8.655553315405562e-15,8.655553224165511e-15,8.655553132918565e-15,8.655553041664732e-15,8.655552950403989e-15,8.655552859136338e-15,8.655552767861805e-15,8.655552676580339e-15,8.655552585291962e-15,8.655552493996655e-15,8.655552402694437e-15,8.655552311385299e-15,8.65555222006923e-15,8.655552128746234e-15,8.655552037416318e-15,8.655551946079463e-15,8.655551854735674e-15,8.655551763384949e-15,8.655551672027282e-15,8.655551580662677e-15,8.655551489291127e-15,8.655551397912621e-15,8.655551306527173e-15,8.655551215134769e-15,8.655551123735416e-15,8.655551032329097e-15,8.655550940915821e-15,8.655550849495587e-15,8.655550758068385e-15,8.655550666634215e-15,8.655550575193083e-15,8.655550483744971e-15,8.65555039228988e-15,8.655550300827812e-15,8.655550209358763e-15,8.655550117882734e-15,8.655550026399714e-15,8.65554993490972e-15,8.655549843412736e-15,8.655549751908757e-15,8.65554966039778e-15,8.655549568879803e-15,8.655549477354822e-15,8.655549385822856e-15,8.65554929428389e-15,8.655549202737905e-15,8.655549111184917e-15,8.655549019624934e-15,8.655548928057923e-15,8.65554883648389e-15,8.655548744902844e-15,8.655548653314776e-15,8.65554856171969e-15,8.655548470117559e-15,8.655548378508429e-15,8.655548286892247e-15,8.655548195269046e-15,8.65554810363881e-15,8.655548012001532e-15,8.655547920357223e-15,8.655547828705839e-15,8.65554773704745e-15,8.65554764538201e-15,8.655547553709527e-15,8.655547462029991e-15,8.655547370343416e-15,8.655547278649752e-15,8.655547186949057e-15,8.655547095241304e-15,8.655547003526471e-15,8.655546911804593e-15,8.655546820075653e-15,8.655546728339667e-15,8.65554663659659e-15,8.655546544846443e-15,8.655546453089223e-15,8.655546361324923e-15,8.655546269553557e-15,8.655546177775104e-15,8.655546085989571e-15,8.655545994196955e-15,8.65554590239725e-15,8.655545810590464e-15,8.655545718776576e-15,8.655545626955604e-15,8.655545535127536e-15,8.655545443292376e-15,8.655545351450116e-15,8.655545259600756e-15,8.655545167744297e-15,8.655545075880725e-15,8.655544984010047e-15,8.655544892132286e-15,8.655544800247406e-15,8.655544708355402e-15,8.655544616456292e-15,8.65554452455006e-15,8.655544432636705e-15,8.655544340716232e-15,8.655544248788644e-15,8.65554415685393e-15,8.655544064912089e-15,8.655543972963121e-15,8.655543881007016e-15,8.655543789043787e-15,8.65554369707344e-15,8.655543605095958e-15,8.655543513111323e-15,8.655543421119534e-15,8.655543329120618e-15,8.655543237114568e-15,8.655543145101367e-15,8.65554305308101e-15,8.65554296105352e-15,8.655542869018878e-15,8.655542776977081e-15,8.65554268492813e-15,8.655542592872022e-15,8.655542500808758e-15,8.655542408738336e-15,8.655542316660744e-15,8.655542224575998e-15,8.65554213248408e-15,8.655542040385003e-15,8.655541948278752e-15,8.655541856165335e-15,8.655541764044746e-15,8.655541671916983e-15,8.655541579782035e-15,8.655541487639917e-15,8.655541395490613e-15,8.655541303334123e-15,8.655541211170464e-15,8.655541118999615e-15,8.655541026821576e-15,8.655540934636362e-15,8.655540842443947e-15,8.655540750244355e-15,8.655540658037556e-15,8.655540565823565e-15,8.655540473602382e-15,8.655540381374e-15,8.655540289138412e-15,8.65554019689562e-15,8.655540104645633e-15,8.655540012388446e-15,8.655539920124043e-15,8.655539827852436e-15,8.655539735573624e-15,8.655539643287595e-15,8.655539550994348e-15,8.65553945869389e-15,8.655539366386225e-15,8.655539274071328e-15,8.655539181749217e-15,8.655539089419879e-15,8.655538997083325e-15,8.655538904739549e-15,8.655538812388549e-15,8.655538720030316e-15,8.655538627664855e-15,8.655538535292168e-15,8.655538442912245e-15,8.655538350525075e-15,8.655538258130682e-15,8.65553816572905e-15,8.65553807332019e-15,8.655537980904082e-15,8.65553788848073e-15,8.655537796050135e-15,8.655537703612292e-15,8.655537611167213e-15,8.655537518714914e-15,8.655537426255334e-15,8.655537333788492e-15,8.655537241314408e-15,8.655537148833076e-15,8.655537056344486e-15,8.655536963848641e-15,8.655536871345535e-15,8.655536778835176e-15,8.655536686317534e-15,8.655536593792644e-15,8.655536501260488e-15,8.655536408721066e-15,8.655536316174381e-15,8.655536223620427e-15,8.655536131059191e-15,8.655536038490688e-15,8.655535945914922e-15,8.655535853331885e-15,8.655535760741572e-15,8.655535668143964e-15,8.655535575539091e-15,8.655535482926944e-15,8.655535390307512e-15,8.655535297680798e-15,8.655535205046793e-15,8.655535112405509e-15,8.655535019756938e-15,8.655534927101082e-15,8.655534834437917e-15,8.655534741767473e-15,8.655534649089737e-15,8.655534556404716e-15,8.655534463712385e-15,8.655534371012781e-15,8.65553427830585e-15,8.65553418559164e-15,8.655534092870132e-15,8.655534000141322e-15,8.655533907405207e-15,8.655533814661787e-15,8.655533721911065e-15,8.655533629153034e-15,8.6555335363877e-15,8.655533443615049e-15,8.655533350835068e-15,8.655533258047799e-15,8.655533165253218e-15,8.655533072451326e-15,8.655532979642113e-15,8.655532886825583e-15,8.655532794001709e-15,8.655532701170536e-15,8.65553260833205e-15,8.65553251548624e-15,8.655532422633102e-15,8.655532329772646e-15,8.655532236904856e-15,8.655532144029744e-15,8.655532051147308e-15,8.65553195825754e-15,8.655531865360429e-15,8.655531772455996e-15,8.655531679544224e-15,8.655531586625128e-15,8.655531493698694e-15,8.655531400764917e-15,8.655531307823808e-15,8.65553121487536e-15,8.655531121919574e-15,8.655531028956447e-15,8.655530935985972e-15,8.65553084300816e-15,8.655530750023006e-15,8.655530657030487e-15,8.655530564030642e-15,8.655530471023442e-15,8.655530378008894e-15,8.655530284986995e-15,8.655530191957744e-15,8.655530098921141e-15,8.655530005877184e-15,8.655529912825868e-15,8.655529819767199e-15,8.655529726701174e-15,8.655529633627782e-15,8.655529540547042e-15,8.65552944745893e-15,8.655529354363458e-15,8.655529261260634e-15,8.655529168150441e-15,8.655529075032879e-15,8.65552898190795e-15,8.655528888775644e-15,8.65552879563598e-15,8.65552870248895e-15,8.655528609334547e-15,8.655528516172777e-15,8.655528423003621e-15,8.655528329827107e-15,8.65552823664321e-15,8.655528143451916e-15,8.655528050253278e-15,8.655527957047256e-15,8.655527863833856e-15,8.655527770613068e-15,8.65552767738491e-15,8.655527584149366e-15,8.655527490906436e-15,8.65552739765612e-15,8.655527304398416e-15,8.655527211133341e-15,8.65552711786086e-15,8.655527024580994e-15,8.655526931293742e-15,8.655526837999096e-15,8.655526744697072e-15,8.655526651387646e-15,8.655526558070833e-15,8.655526464746617e-15,8.655526371415005e-15,8.655526278076002e-15,8.655526184729595e-15,8.655526091375802e-15,8.655525998014606e-15,8.655525904646003e-15,8.655525811270007e-15,8.655525717886606e-15,8.655525624495794e-15,8.655525531097587e-15,8.655525437691967e-15,8.65552534427895e-15,8.655525250858524e-15,8.65552515743069e-15,8.655525063995442e-15,8.655524970552792e-15,8.655524877102721e-15,8.655524783645248e-15,8.655524690180364e-15,8.65552459670806e-15,8.655524503228351e-15,8.655524409741234e-15,8.65552431624669e-15,8.65552422274473e-15,8.65552412923535e-15,8.655524035718547e-15,8.655523942194333e-15,8.655523848662695e-15,8.655523755123633e-15,8.655523661577155e-15,8.655523568023257e-15,8.655523474461932e-15,8.655523380893179e-15,8.655523287317003e-15,8.655523193733399e-15,8.65552310014237e-15,8.655523006543918e-15,8.655522912938036e-15,8.655522819324712e-15,8.65552272570396e-15,8.655522632075778e-15,8.655522538440167e-15,8.655522444797121e-15,8.655522351146631e-15,8.655522257488727e-15,8.65552216382338e-15,8.655522070150588e-15,8.655521976470363e-15,8.655521882782698e-15,8.655521789087597e-15,8.655521695385058e-15,8.65552160167507e-15,8.655521507957643e-15,8.655521414232775e-15,8.655521320500466e-15,8.655521226760708e-15,8.65552113301351e-15,8.655521039258866e-15,8.65552094549678e-15,8.65552085172726e-15,8.655520757950272e-15,8.65552066416584e-15,8.655520570373956e-15,8.655520476574633e-15,8.655520382767838e-15,8.655520288953603e-15,8.655520195131914e-15,8.655520101302783e-15,8.65552000746618e-15,8.655519913622129e-15,8.655519819770624e-15,8.655519725911662e-15,8.655519632045242e-15,8.655519538171364e-15,8.655519444290032e-15,8.65551935040124e-15,8.655519256504977e-15,8.655519162601261e-15,8.655519068690089e-15,8.655518974771449e-15,8.655518880845348e-15,8.655518786911788e-15,8.655518692970764e-15,8.655518599022265e-15,8.655518505066311e-15,8.655518411102888e-15,8.655518317131999e-15,8.655518223153639e-15,8.65551812916781e-15,8.655518035174505e-15,8.655517941173735e-15,8.655517847165498e-15,8.655517753149786e-15,8.655517659126603e-15,8.655517565095944e-15,8.655517471057815e-15,8.655517377012215e-15,8.655517282959138e-15,8.655517188898583e-15,8.65551709483055e-15,8.655517000755041e-15,8.655516906672057e-15,8.655516812581595e-15,8.655516718483649e-15,8.655516624378232e-15,8.655516530265315e-15,8.655516436144932e-15,8.655516342017075e-15,8.655516247881732e-15,8.655516153738905e-15,8.655516059588597e-15,8.655515965430801e-15,8.65551587126552e-15,8.65551577709276e-15,8.65551568291251e-15,8.655515588724777e-15,8.655515494529555e-15,8.655515400326843e-15,8.655515306116647e-15,8.655515211898956e-15,8.655515117673781e-15,8.655515023441121e-15,8.655514929200965e-15,8.655514834953322e-15,8.655514740698184e-15,8.655514646435552e-15,8.655514552165434e-15,8.655514457887807e-15,8.655514363602692e-15,8.655514269310084e-15,8.655514175009973e-15,8.655514080702376e-15,8.655513986387278e-15,8.655513892064685e-15,8.655513797734594e-15,8.655513703397002e-15,8.655513609051921e-15,8.65551351469933e-15,8.655513420339243e-15,8.655513325971659e-15,8.655513231596577e-15,8.65551313721399e-15,8.655513042823898e-15,8.6555129484263e-15,8.655512854021194e-15,8.655512759608589e-15,8.65551266518848e-15,8.655512570760864e-15,8.65551247632574e-15,8.655512381883112e-15,8.655512287432974e-15,8.655512192975345e-15,8.655512098510198e-15,8.655512004037538e-15,8.655511909557371e-15,8.655511815069698e-15,8.655511720574508e-15,8.65551162607181e-15,8.6555115315616e-15,8.655511437043878e-15,8.655511342518642e-15,8.655511247985893e-15,8.655511153445635e-15,8.655511058897865e-15,8.655510964342578e-15,8.655510869779778e-15,8.655510775209464e-15,8.655510680631633e-15,8.655510586046292e-15,8.655510491453426e-15,8.655510396853043e-15,8.655510302245144e-15,8.65551020762973e-15,8.655510113006792e-15,8.655510018376333e-15,8.65550992373836e-15,8.655509829092867e-15,8.655509734439851e-15,8.655509639779312e-15,8.655509545111268e-15,8.655509450435687e-15,8.655509355752585e-15,8.655509261061957e-15,8.655509166363818e-15,8.655509071658156e-15,8.655508976944964e-15,8.655508882224238e-15,8.65550878749598e-15,8.655508692760206e-15,8.655508598016905e-15,8.655508503266077e-15,8.655508408507737e-15,8.655508313741853e-15,8.655508218968443e-15,8.655508124187503e-15,8.655508029399037e-15,8.65550793460305e-15,8.655507839799523e-15,8.655507744988456e-15,8.655507650169868e-15,8.655507555343752e-15,8.6555074605101e-15,8.655507365668924e-15,8.65550727082021e-15,8.655507175963947e-15,8.655507081100167e-15,8.655506986228848e-15,8.655506891350004e-15,8.655506796463616e-15,8.655506701569717e-15,8.655506606668258e-15,8.655506511759263e-15,8.655506416842744e-15,8.655506321918682e-15,8.655506226987084e-15,8.65550613204797e-15,8.655506037101297e-15,8.655505942147077e-15,8.655505847185334e-15,8.655505752216044e-15,8.655505657239213e-15,8.655505562254841e-15,8.655505467262928e-15,8.655505372263481e-15,8.655505277256504e-15,8.65550518224197e-15,8.655505087219893e-15,8.655504992190272e-15,8.65550489715311e-15,8.655504802108407e-15,8.655504707056163e-15,8.655504611996371e-15,8.655504516929037e-15,8.655504421854152e-15,8.655504326771731e-15,8.655504231681763e-15,8.655504136584248e-15,8.655504041479213e-15,8.655503946366591e-15,8.65550385124644e-15,8.655503756118742e-15,8.655503660983496e-15,8.6555035658407e-15,8.655503470690368e-15,8.655503375532475e-15,8.655503280367063e-15,8.655503185194071e-15,8.655503090013532e-15,8.655502994825441e-15,8.6555028996298e-15,8.655502804426609e-15,8.655502709215867e-15,8.655502613997576e-15,8.655502518771731e-15,8.655502423538347e-15,8.655502328297398e-15,8.655502233048895e-15,8.655502137792848e-15,8.655502042529238e-15,8.655501947258073e-15,8.65550185197936e-15,8.655501756693076e-15,8.655501661399253e-15,8.655501566097876e-15,8.655501470788945e-15,8.655501375472453e-15,8.655501280148408e-15,8.655501184816802e-15,8.655501089477648e-15,8.655500994130933e-15,8.655500898776657e-15,8.655500803414839e-15,8.65550070804545e-15,8.655500612668499e-15,8.655500517284e-15,8.655500421891941e-15,8.655500326492307e-15,8.655500231085123e-15,8.655500135670381e-15,8.65550004024808e-15,8.655499944818222e-15,8.6554998493808e-15,8.65549975393582e-15,8.655499658483278e-15,8.655499563023174e-15,8.655499467555497e-15,8.655499372080271e-15,8.655499276597482e-15,8.655499181107132e-15,8.655499085609215e-15,8.655498990103747e-15,8.655498894590701e-15,8.655498799070098e-15,8.65549870354193e-15,8.655498608006197e-15,8.655498512462898e-15,8.65549841691204e-15,8.655498321353617e-15,8.655498225787625e-15,8.655498130214068e-15,8.655498034632944e-15,8.655497939044258e-15,8.655497843448001e-15,8.655497747844178e-15,8.65549765223279e-15,8.655497556613837e-15,8.655497460987312e-15,8.655497365353227e-15,8.655497269711568e-15,8.655497174062344e-15,8.65549707840555e-15,8.655496982741185e-15,8.655496887069255e-15,8.655496791389755e-15,8.655496695702687e-15,8.65549660000805e-15,8.65549650430584e-15,8.655496408596065e-15,8.655496312878717e-15,8.655496217153796e-15,8.655496121421306e-15,8.655496025681246e-15,8.655495929933615e-15,8.655495834178408e-15,8.655495738415632e-15,8.655495642645288e-15,8.655495546867368e-15,8.65549545108187e-15,8.655495355288802e-15,8.655495259488165e-15,8.655495163679954e-15,8.655495067864173e-15,8.655494972040819e-15,8.655494876209886e-15,8.655494780371381e-15,8.655494684525307e-15,8.655494588671656e-15,8.655494492810415e-15,8.65549439694162e-15,8.655494301065243e-15,8.655494205181292e-15,8.655494109289768e-15,8.655494013390666e-15,8.655493917483988e-15,8.655493821569735e-15,8.655493725647905e-15,8.6554936297185e-15,8.655493533781517e-15,8.655493437836958e-15,8.655493341884822e-15,8.655493245925104e-15,8.65549314995781e-15,8.655493053982924e-15,8.655492958000476e-15,8.65549286201045e-15,8.655492766012846e-15,8.655492670007666e-15,8.655492573994908e-15,8.655492477974573e-15,8.655492381946652e-15,8.655492285911154e-15,8.655492189868079e-15,8.655492093817421e-15,8.655491997759187e-15,8.655491901693367e-15,8.65549180561997e-15,8.655491709538995e-15,8.655491613450434e-15,8.655491517354298e-15,8.65549142125058e-15,8.655491325139276e-15,8.655491229020399e-15,8.655491132893938e-15,8.655491036759896e-15,8.655490940618276e-15,8.655490844469068e-15,8.655490748312283e-15,8.655490652147912e-15,8.655490555975958e-15,8.655490459796425e-15,8.655490363609307e-15,8.65549026741461e-15,8.655490171212325e-15,8.655490075002464e-15,8.655489978785013e-15,8.655489882559946e-15,8.655489786327332e-15,8.655489690087133e-15,8.655489593839324e-15,8.655489497583956e-15,8.655489401321002e-15,8.65548930505047e-15,8.655489208772349e-15,8.655489112486643e-15,8.655489016193348e-15,8.655488919892482e-15,8.655488823584025e-15,8.655488727267978e-15,8.65548863094435e-15,8.655488534613136e-15,8.655488438274338e-15,8.65548834192793e-15,8.655488245573955e-15,8.655488149212399e-15,8.655488052843256e-15,8.655487956466526e-15,8.65548786008221e-15,8.655487763690306e-15,8.655487667290819e-15,8.655487570883741e-15,8.655487474469081e-15,8.655487378046832e-15,8.65548728161699e-15,8.655487185179572e-15,8.655487088734561e-15,8.655486992281964e-15,8.655486895821779e-15,8.655486799354003e-15,8.655486702878638e-15,8.655486606395693e-15,8.655486509905156e-15,8.655486413407028e-15,8.655486316901315e-15,8.655486220388015e-15,8.65548612386712e-15,8.65548602733864e-15,8.65548593080257e-15,8.655485834258913e-15,8.655485737707666e-15,8.655485641148832e-15,8.655485544582408e-15,8.655485448008393e-15,8.65548535142679e-15,8.655485254837595e-15,8.655485158240813e-15,8.65548506163644e-15,8.655484965024474e-15,8.655484868404925e-15,8.655484771777782e-15,8.655484675143053e-15,8.65548457850073e-15,8.655484481850819e-15,8.655484385193316e-15,8.655484288528225e-15,8.655484191855538e-15,8.655484095175278e-15,8.655483998487394e-15,8.655483901791942e-15,8.655483805088894e-15,8.65548370837826e-15,8.655483611660027e-15,8.655483514934212e-15,8.655483418200773e-15,8.655483321459773e-15,8.655483224711182e-15,8.655483127955e-15,8.655483031191221e-15,8.655482934419857e-15,8.655482837640899e-15,8.655482740854387e-15,8.65548264406024e-15,8.655482547258507e-15,8.655482450449189e-15,8.65548235363226e-15,8.655482256807744e-15,8.655482159975642e-15,8.655482063135945e-15,8.655481966288658e-15,8.655481869433775e-15,8.655481772571302e-15,8.655481675701235e-15,8.655481578823583e-15,8.655481481938328e-15,8.655481385045478e-15,8.655481288145041e-15,8.655481191237012e-15,8.655481094321387e-15,8.655480997398167e-15,8.655480900467355e-15,8.65548080352895e-15,8.655480706582953e-15,8.655480609629365e-15,8.65548051266818e-15,8.655480415699404e-15,8.655480318723032e-15,8.655480221739067e-15,8.655480124747546e-15,8.65548002774839e-15,8.655479930741644e-15,8.655479833727305e-15,8.65547973670537e-15,8.655479639675842e-15,8.65547954263872e-15,8.655479445594004e-15,8.655479348541695e-15,8.65547925148179e-15,8.655479154414288e-15,8.655479057339186e-15,8.655478960256496e-15,8.655478863166222e-15,8.655478766068345e-15,8.655478668962875e-15,8.655478571849807e-15,8.655478474729151e-15,8.655478377600887e-15,8.65547828046504e-15,8.6554781833216e-15,8.655478086170564e-15,8.655477989011934e-15,8.655477891845708e-15,8.655477794671882e-15,8.655477697490455e-15,8.655477600301444e-15,8.65547750310483e-15,8.655477405900638e-15,8.655477308688845e-15,8.655477211469455e-15,8.655477114242481e-15,8.6554770170079e-15,8.655476919765725e-15,8.655476822515952e-15,8.655476725258589e-15,8.65547662799363e-15,8.655476530721075e-15,8.655476433440962e-15,8.655476336153216e-15,8.655476238857879e-15,8.655476141554944e-15,8.65547604424441e-15,8.65547594692628e-15,8.655475849600565e-15,8.65547575226725e-15,8.655475654926335e-15,8.655475557577822e-15,8.655475460221728e-15,8.655475362858045e-15,8.655475265486753e-15,8.655475168107857e-15,8.655475070721374e-15,8.655474973327294e-15,8.655474875925619e-15,8.65547477851635e-15,8.655474681099499e-15,8.655474583675036e-15,8.655474486242979e-15,8.655474388803325e-15,8.655474291356077e-15,8.655474193901233e-15,8.655474096438792e-15,8.655473998968752e-15,8.655473901491123e-15,8.655473804005896e-15,8.655473706513074e-15,8.655473609012654e-15,8.65547351150464e-15,8.655473413989033e-15,8.655473316465809e-15,8.655473218935015e-15,8.655473121396617e-15,8.655473023850625e-15,8.655472926297038e-15,8.655472828735862e-15,8.655472731167084e-15,8.655472633590708e-15,8.655472536006736e-15,8.655472438415174e-15,8.655472340815994e-15,8.655472243209243e-15,8.65547214559489e-15,8.655472047972939e-15,8.655471950343397e-15,8.655471852706264e-15,8.655471755061533e-15,8.6554716574092e-15,8.655471559749279e-15,8.655471462081757e-15,8.655471364406663e-15,8.655471266723956e-15,8.655471169033676e-15,8.655471071335771e-15,8.655470973630293e-15,8.655470875917198e-15,8.65547077819651e-15,8.655470680468234e-15,8.655470582732355e-15,8.65547048498888e-15,8.655470387237817e-15,8.655470289479167e-15,8.655470191712907e-15,8.655470093939055e-15,8.65546999615761e-15,8.65546989836853e-15,8.655469800571892e-15,8.655469702767663e-15,8.65546960495581e-15,8.655469507136379e-15,8.655469409309355e-15,8.655469311474742e-15,8.655469213632542e-15,8.655469115782735e-15,8.655469017925338e-15,8.65546892006034e-15,8.655468822187749e-15,8.655468724307564e-15,8.655468626419742e-15,8.655468528524366e-15,8.655468430621395e-15,8.655468332710835e-15,8.655468234792678e-15,8.655468136866927e-15,8.655468038933575e-15,8.655467940992635e-15,8.655467843044105e-15,8.655467745087968e-15,8.65546764712424e-15,8.655467549152924e-15,8.655467451174013e-15,8.655467353187503e-15,8.6554672551934e-15,8.655467157191691e-15,8.655467059182404e-15,8.65546696116552e-15,8.655466863141039e-15,8.655466765108965e-15,8.655466667069297e-15,8.655466569022033e-15,8.655466470967175e-15,8.655466372904722e-15,8.655466274834678e-15,8.655466176757037e-15,8.655466078671804e-15,8.655465980578981e-15,8.655465882478525e-15,8.655465784370517e-15,8.655465686254911e-15,8.655465588131714e-15,8.655465490000918e-15,8.655465391862513e-15,8.655465293716529e-15,8.655465195562959e-15,8.655465097401794e-15,8.65546499923303e-15,8.655464901056646e-15,8.655464802872696e-15,8.655464704681158e-15,8.655464606482006e-15,8.655464508275274e-15,8.65546441006095e-15,8.655464311839036e-15,8.655464213609536e-15,8.65546411537244e-15,8.655464017127734e-15,8.655463918875435e-15,8.655463820615555e-15,8.65546372234808e-15,8.655463624072994e-15,8.655463525790336e-15,8.65546342750009e-15,8.65546332920225e-15,8.655463230896827e-15,8.6554631325838e-15,8.655463034263142e-15,8.655462935934933e-15,8.655462837599145e-15,8.655462739255739e-15,8.655462640904756e-15,8.655462542546185e-15,8.655462444180017e-15,8.655462345806262e-15,8.655462247424911e-15,8.655462149035983e-15,8.655462050639448e-15,8.655461952235325e-15,8.655461853823608e-15,8.655461755404293e-15,8.655461656977394e-15,8.655461558542909e-15,8.655461460100827e-15,8.655461361651158e-15,8.655461263193894e-15,8.655461164729044e-15,8.655461066256593e-15,8.655460967776554e-15,8.65546086928893e-15,8.65546077079371e-15,8.655460672290899e-15,8.655460573780502e-15,8.655460475262514e-15,8.655460376736954e-15,8.655460278203779e-15,8.655460179663035e-15,8.655460081114657e-15,8.655459982558678e-15,8.65545988399515e-15,8.655459785424045e-15,8.655459686845332e-15,8.65545958825903e-15,8.655459489665133e-15,8.65545939106365e-15,8.655459292454578e-15,8.655459193837922e-15,8.655459095213675e-15,8.655458996581809e-15,8.65545889794238e-15,8.655458799295411e-15,8.65545870064081e-15,8.655458601978622e-15,8.655458503308845e-15,8.655458404631472e-15,8.655458305946519e-15,8.65545820725394e-15,8.655458108553807e-15,8.655458009846093e-15,8.655457911130788e-15,8.655457812407888e-15,8.655457713677384e-15,8.65545761493931e-15,8.65545751619365e-15,8.655457417440396e-15,8.655457318679553e-15,8.655457219911124e-15,8.655457121135108e-15,8.655457022351503e-15,8.655456923560317e-15,8.655456824761546e-15,8.655456725955185e-15,8.655456627141233e-15,8.655456528319684e-15,8.655456429490555e-15,8.65545633065385e-15,8.65545623180955e-15,8.655456132957665e-15,8.655456034098199e-15,8.655455935231142e-15,8.6554558363565e-15,8.655455737474262e-15,8.65545563858447e-15,8.655455539687062e-15,8.65545544078209e-15,8.655455341869524e-15,8.655455242949359e-15,8.65545514402163e-15,8.655455045086301e-15,8.655454946143386e-15,8.65545484719288e-15,8.655454748234792e-15,8.655454649269121e-15,8.65545455029587e-15,8.655454451315029e-15,8.655454352326596e-15,8.655454253330575e-15,8.655454154326947e-15,8.655454055315762e-15,8.655453956296996e-15,8.655453857270622e-15,8.655453758236685e-15,8.65545365919517e-15,8.655453560146071e-15,8.65545346108939e-15,8.655453362025119e-15,8.655453262953267e-15,8.655453163873822e-15,8.655453064786803e-15,8.655452965692202e-15,8.655452866590016e-15,8.655452767480247e-15,8.655452668362894e-15,8.65545256923796e-15,8.655452470105445e-15,8.655452370965346e-15,8.655452271817642e-15,8.655452172662373e-15,8.655452073499524e-15,8.655451974329093e-15,8.655451875151083e-15,8.65545177596549e-15,8.655451676772315e-15,8.65545157757156e-15,8.655451478363224e-15,8.655451379147304e-15,8.655451279923804e-15,8.655451180692706e-15,8.655451081454042e-15,8.655450982207804e-15,8.655450882953982e-15,8.655450783692574e-15,8.655450684423588e-15,8.65545058514701e-15,8.65545048586288e-15,8.65545038657114e-15,8.655450287271854e-15,8.65545018796497e-15,8.655450088650503e-15,8.655449989328454e-15,8.655449889998837e-15,8.655449790661633e-15,8.655449691316845e-15,8.655449591964481e-15,8.655449492604532e-15,8.655449393236999e-15,8.655449293861894e-15,8.655449194479217e-15,8.655449095088956e-15,8.655448995691114e-15,8.6554488962857e-15,8.65544879687269e-15,8.6554486974521e-15,8.65544859802395e-15,8.655448498588214e-15,8.655448399144905e-15,8.655448299694015e-15,8.655448200235532e-15,8.65544810076949e-15,8.655448001295878e-15,8.655447901814675e-15,8.655447802325903e-15,8.655447702829551e-15,8.655447603325626e-15,8.655447503814122e-15,8.655447404295043e-15,8.655447304768385e-15,8.655447205234151e-15,8.655447105692345e-15,8.655447006142939e-15,8.655446906585975e-15,8.655446807021432e-15,8.655446707449312e-15,8.655446607869618e-15,8.655446508282357e-15,8.655446408687514e-15,8.655446309085086e-15,8.655446209475129e-15,8.655446109857565e-15,8.655446010232421e-15,8.6554459105997e-15,8.655445810959416e-15,8.655445711311547e-15,8.65544561165611e-15,8.655445511993105e-15,8.655445412322502e-15,8.655445312644346e-15,8.655445212958611e-15,8.655445113265307e-15,8.655445013564423e-15,8.655444913855966e-15,8.655444814139941e-15,8.655444714416344e-15,8.655444614685174e-15,8.655444514946424e-15,8.655444415200103e-15,8.655444315446216e-15,8.655444215684747e-15,8.655444115915718e-15,8.655444016139107e-15,8.655443916354935e-15,8.655443816563168e-15,8.655443716763833e-15,8.655443616956934e-15,8.65544351714247e-15,8.65544341732043e-15,8.65544331749082e-15,8.655443217653635e-15,8.655443117808883e-15,8.655443017956547e-15,8.655442918096661e-15,8.655442818229196e-15,8.655442718354174e-15,8.655442618471553e-15,8.655442518581383e-15,8.655442418683637e-15,8.655442318778325e-15,8.655442218865487e-15,8.655442118945026e-15,8.655442019016999e-15,8.655441919081408e-15,8.655441819138251e-15,8.655441719187524e-15,8.655441619229232e-15,8.655441519263361e-15,8.655441419289924e-15,8.65544131930893e-15,8.655441219320357e-15,8.655441119324225e-15,8.655441019320526e-15,8.655440919309256e-15,8.655440819290413e-15,8.655440719264009e-15,8.655440619230035e-15,8.655440519188497e-15,8.655440419139392e-15,8.655440319082722e-15,8.655440219018485e-15,8.655440118946678e-15,8.655440018867305e-15,8.655439918780366e-15,8.655439818685851e-15,8.655439718583785e-15,8.655439618474148e-15,8.655439518356921e-15,8.655439418232161e-15,8.655439318099832e-15,8.65543921795994e-15,8.655439117812483e-15,8.655439017657454e-15,8.655438917494864e-15,8.655438817324673e-15,8.655438717146954e-15,8.655438616961665e-15,8.655438516768825e-15,8.655438416568418e-15,8.655438316360444e-15,8.655438216144908e-15,8.655438115921815e-15,8.65543801569115e-15,8.655437915452926e-15,8.655437815207131e-15,8.655437714953784e-15,8.65543761469287e-15,8.65543751442438e-15,8.655437414148346e-15,8.655437313864747e-15,8.655437213573586e-15,8.655437113274868e-15,8.655437012968576e-15,8.655436912654734e-15,8.65543681233333e-15,8.655436712004367e-15,8.655436611667839e-15,8.655436511323755e-15,8.655436410972112e-15,8.655436310612906e-15,8.655436210246133e-15,8.655436109871811e-15,8.655436009489898e-15,8.655435909100455e-15,8.655435808703454e-15,8.655435708298896e-15,8.655435607886769e-15,8.655435507467088e-15,8.655435407039848e-15,8.655435306605048e-15,8.655435206162685e-15,8.655435105712772e-15,8.655435005255298e-15,8.655434904790308e-15,8.655434804317714e-15,8.655434703837565e-15,8.655434603349856e-15,8.655434502854595e-15,8.655434402351786e-15,8.655434301841409e-15,8.655434201323462e-15,8.655434100797973e-15,8.655434000264913e-15,8.655433899724312e-15,8.655433799176153e-15,8.655433698620446e-15,8.655433598057173e-15,8.655433497486348e-15,8.655433396907963e-15,8.655433296322027e-15,8.655433195728531e-15,8.655433095127484e-15,8.655432994518904e-15,8.65543289390275e-15,8.655432793279037e-15,8.655432692647777e-15,8.655432592008965e-15,8.655432491362588e-15,8.655432390708664e-15,8.655432290047182e-15,8.655432189378146e-15,8.655432088701562e-15,8.655431988017422e-15,8.65543188732573e-15,8.655431786626533e-15,8.655431685919735e-15,8.65543158520536e-15,8.655431484483464e-15,8.65543138375402e-15,8.655431283017013e-15,8.655431182272459e-15,8.655431081520346e-15,8.655430980760688e-15,8.655430879993475e-15,8.655430779218715e-15,8.655430678436399e-15,8.655430577646536e-15,8.65543047684914e-15,8.655430376044177e-15,8.655430275231666e-15,8.655430174411598e-15,8.65543007358398e-15,8.65542997274881e-15,8.655429871906095e-15,8.655429771055832e-15,8.655429670198019e-15,8.655429569332659e-15,8.655429468459746e-15,8.655429367579291e-15,8.655429266691284e-15,8.655429165795735e-15,8.655429064892631e-15,8.655428963981981e-15,8.65542886306378e-15,8.655428762138038e-15,8.655428661204749e-15,8.655428560263908e-15,8.655428459315525e-15,8.655428358359593e-15,8.655428257396111e-15,8.65542815642509e-15,8.65542805544652e-15,8.655427954460397e-15,8.655427853466738e-15,8.655427752465529e-15,8.65542765145678e-15,8.655427550440483e-15,8.655427449416638e-15,8.655427348385269e-15,8.655427247346334e-15,8.655427146299855e-15,8.655427045245833e-15,8.655426944184267e-15,8.655426843115165e-15,8.655426742038567e-15,8.655426640954376e-15,8.655426539862638e-15,8.655426438763326e-15,8.655426337656503e-15,8.655426236542124e-15,8.655426135420215e-15,8.655426034290765e-15,8.655425933153805e-15,8.655425832009261e-15,8.655425730857182e-15,8.655425629697558e-15,8.655425528530397e-15,8.655425427355689e-15,8.65542532617344e-15,8.655425224983671e-15,8.65542512378634e-15,8.655425022581474e-15,8.655424921369065e-15,8.655424820149113e-15,8.655424718921633e-15,8.655424617686604e-15,8.655424516444037e-15,8.655424415193931e-15,8.655424313936282e-15,8.655424212671099e-15,8.655424111398372e-15,8.655424010118103e-15,8.655423908830305e-15,8.655423807534964e-15,8.655423706232121e-15,8.655423604921713e-15,8.655423503603816e-15,8.655423402278323e-15,8.655423300945294e-15,8.65542319960473e-15,8.65542309825663e-15,8.655422996901036e-15,8.65542289553786e-15,8.655422794167148e-15,8.655422692788955e-15,8.655422591403175e-15,8.655422490009858e-15,8.655422388608999e-15,8.65542228720061e-15,8.655422185784664e-15,8.655422084361205e-15,8.655421982930208e-15,8.655421881491686e-15,8.65542178004563e-15,8.655421678592032e-15,8.6554215771309e-15,8.655421475662277e-15,8.655421374186075e-15,8.655421272702343e-15,8.655421171211075e-15,8.65542106971228e-15,8.655420968205998e-15,8.655420866692166e-15,8.655420765170769e-15,8.655420663641865e-15,8.65542056210544e-15,8.655420460561445e-15,8.65542035900992e-15,8.655420257450867e-15,8.655420155884278e-15,8.65542005431016e-15,8.655419952728543e-15,8.655419851139363e-15,8.655419749542662e-15,8.655419647938421e-15,8.65541954632664e-15,8.655419444707337e-15,8.65541934308051e-15,8.655419241446148e-15,8.655419139804284e-15,8.65541903815491e-15,8.655418936498025e-15,8.655418834833533e-15,8.655418733161526e-15,8.655418631482007e-15,8.655418529794947e-15,8.655418428100369e-15,8.655418326398264e-15,8.655418224688624e-15,8.655418122971452e-15,8.655418021246755e-15,8.655417919514534e-15,8.655417817774779e-15,8.655417716027496e-15,8.655417614272693e-15,8.655417512510363e-15,8.655417410740511e-15,8.655417308963127e-15,8.655417207178222e-15,8.65541710538579e-15,8.655417003585836e-15,8.655416901778359e-15,8.655416799963354e-15,8.655416698140823e-15,8.655416596310775e-15,8.6554164944732e-15,8.655416392628096e-15,8.655416290775483e-15,8.655416188915332e-15,8.655416087047678e-15,8.655415985172482e-15,8.655415883289766e-15,8.655415781399524e-15,8.655415679501763e-15,8.65541557759648e-15,8.65541547568368e-15,8.655415373763359e-15,8.655415271835525e-15,8.655415169900097e-15,8.655415067957204e-15,8.655414966006781e-15,8.655414864048882e-15,8.655414762083424e-15,8.655414660110453e-15,8.655414558129961e-15,8.655414456141918e-15,8.655414354146382e-15,8.655414252143338e-15,8.655414150132757e-15,8.655414048114638e-15,8.65541394608904e-15,8.655413844055914e-15,8.655413742015273e-15,8.6554136399671e-15,8.655413537911421e-15,8.655413435848225e-15,8.655413333777528e-15,8.655413231699292e-15,8.655413129613539e-15,8.65541302752027e-15,8.655412925419487e-15,8.655412823311186e-15,8.655412721195369e-15,8.655412619072038e-15,8.655412516941183e-15,8.655412414802819e-15,8.655412312656914e-15,8.655412210503521e-15,8.655412108342612e-15,8.655412006174184e-15,8.655411903998257e-15,8.655411801814806e-15,8.655411699623827e-15,8.655411597425345e-15,8.65541149521935e-15,8.655411393005837e-15,8.65541129078481e-15,8.65541118855627e-15,8.655411086320236e-15,8.655410984076674e-15,8.655410881825635e-15,8.655410779567044e-15,8.655410677300971e-15,8.655410575027359e-15,8.65541047274623e-15,8.655410370457594e-15,8.65541026816145e-15,8.655410165857815e-15,8.655410063546655e-15,8.655409961227968e-15,8.655409858901744e-15,8.655409756568047e-15,8.655409654226825e-15,8.655409551878152e-15,8.655409449521946e-15,8.65540934715821e-15,8.655409244786968e-15,8.65540914240821e-15,8.655409040021961e-15,8.655408937628188e-15,8.655408835226907e-15,8.655408732818126e-15,8.655408630401825e-15,8.65540852797803e-15,8.655408425546728e-15,8.655408323107911e-15,8.655408220661614e-15,8.655408118207779e-15,8.655408015746428e-15,8.655407913277584e-15,8.655407810801261e-15,8.655407708317399e-15,8.655407605826042e-15,8.655407503327155e-15,8.65540740082079e-15,8.65540729830691e-15,8.655407195785528e-15,8.65540709325664e-15,8.655406990720242e-15,8.655406888176346e-15,8.655406785624963e-15,8.655406683066067e-15,8.655406580499656e-15,8.655406477925731e-15,8.655406375344324e-15,8.655406272755392e-15,8.655406170158976e-15,8.655406067555074e-15,8.655405964943649e-15,8.655405862324718e-15,8.655405759698325e-15,8.655405657064396e-15,8.655405554423003e-15,8.655405451774047e-15,8.655405349117593e-15,8.655405246453658e-15,8.655405143782227e-15,8.655405041103298e-15,8.655404938416867e-15,8.655404835722902e-15,8.655404733021443e-15,8.655404630312512e-15,8.655404527596071e-15,8.655404424872147e-15,8.655404322140715e-15,8.655404219401794e-15,8.655404116655372e-15,8.655404013901449e-15,8.655403911140032e-15,8.655403808371122e-15,8.655403705594678e-15,8.655403602810773e-15,8.655403500019367e-15,8.655403397220465e-15,8.655403294414067e-15,8.655403191600178e-15,8.65540308877879e-15,8.655402985949899e-15,8.655402883113521e-15,8.655402780269635e-15,8.655402677418295e-15,8.655402574559407e-15,8.655402471693043e-15,8.655402368819175e-15,8.655402265937823e-15,8.655402163048987e-15,8.655402060152652e-15,8.655401957248837e-15,8.655401854337497e-15,8.655401751418704e-15,8.655401648492382e-15,8.655401545558583e-15,8.655401442617288e-15,8.655401339668531e-15,8.655401236712238e-15,8.655401133748472e-15,8.655401030777204e-15,8.655400927798451e-15,8.655400824812204e-15,8.655400721818491e-15,8.655400618817292e-15,8.655400515808578e-15,8.655400412792371e-15,8.655400309768675e-15,8.655400206737465e-15,8.655400103698774e-15,8.65540000065261e-15,8.655399897598939e-15,8.655399794537794e-15,8.655399691469166e-15,8.655399588393049e-15,8.65539948530944e-15,8.655399382218344e-15,8.655399279119749e-15,8.655399176013649e-15,8.65539907290006e-15,8.655398969778999e-15,8.65539886665047e-15,8.655398763514454e-15,8.655398660370977e-15,8.655398557219984e-15,8.655398454061513e-15,8.655398350895562e-15,8.655398247722117e-15,8.655398144541137e-15,8.655398041352737e-15,8.65539793815682e-15,8.655397834953426e-15,8.655397731742564e-15,8.655397628524204e-15,8.65539752529838e-15,8.65539742206506e-15,8.65539731882428e-15,8.655397215575978e-15,8.655397112320207e-15,8.655397009056947e-15,8.655396905786214e-15,8.655396802508e-15,8.655396699222305e-15,8.655396595929112e-15,8.655396492628453e-15,8.65539638932032e-15,8.655396286004683e-15,8.655396182681581e-15,8.655396079350988e-15,8.655395976012908e-15,8.655395872667353e-15,8.655395769314335e-15,8.655395665953832e-15,8.655395562585872e-15,8.655395459210379e-15,8.655395355827448e-15,8.65539525243704e-15,8.655395149039142e-15,8.655395045633769e-15,8.655394942220914e-15,8.655394838800578e-15,8.655394735372777e-15,8.655394631937495e-15,8.655394528494735e-15,8.655394425044498e-15,8.655394321586777e-15,8.65539421812159e-15,8.655394114648928e-15,8.655394011168777e-15,8.655393907681163e-15,8.655393804186067e-15,8.655393700683504e-15,8.655393597173444e-15,8.655393493655926e-15,8.655393390130918e-15,8.655393286598454e-15,8.655393183058517e-15,8.655393079511101e-15,8.655392975956199e-15,8.655392872393823e-15,8.655392768823972e-15,8.655392665246634e-15,8.65539256166185e-15,8.655392458069595e-15,8.655392354469878e-15,8.655392250862672e-15,8.65539214724801e-15,8.655392043625882e-15,8.655391939996274e-15,8.655391836359168e-15,8.655391732714627e-15,8.655391629062593e-15,8.655391525403102e-15,8.65539142173617e-15,8.655391318061741e-15,8.65539121437984e-15,8.65539111069046e-15,8.65539100699362e-15,8.655390903289314e-15,8.655390799577536e-15,8.655390695858292e-15,8.655390592131585e-15,8.655390488397411e-15,8.655390384655762e-15,8.65539028090664e-15,8.655390177150058e-15,8.655390073385994e-15,8.655389969614472e-15,8.65538986583549e-15,8.655389762049036e-15,8.655389658255112e-15,8.655389554453784e-15,8.65538945064494e-15,8.655389346828623e-15,8.65538924300486e-15,8.655389139173608e-15,8.655389035334893e-15,8.655388931488705e-15,8.655388827635078e-15,8.65538872377399e-15,8.655388619905414e-15,8.655388516029396e-15,8.655388412145908e-15,8.655388308254962e-15,8.655388204356536e-15,8.655388100450664e-15,8.655387996537333e-15,8.655387892616535e-15,8.655387788688277e-15,8.655387684752564e-15,8.655387580809381e-15,8.655387476858739e-15,8.655387372900643e-15,8.65538726893506e-15,8.655387164962043e-15,8.655387060981558e-15,8.65538695699361e-15,8.655386852998203e-15,8.655386748995332e-15,8.655386644984981e-15,8.655386540967204e-15,8.655386436942001e-15,8.655386332909305e-15,8.655386228869159e-15,8.655386124821518e-15,8.65538602076644e-15,8.655385916703919e-15,8.655385812633936e-15,8.655385708556505e-15,8.655385604471613e-15,8.655385500379263e-15,8.655385396279455e-15,8.65538529217219e-15,8.655385188057464e-15,8.655385083935287e-15,8.655384979805649e-15,8.655384875668564e-15,8.655384771524028e-15,8.655384667372037e-15,8.655384563212604e-15,8.6553844590457e-15,8.655384354871337e-15,8.65538425068953e-15,8.655384146500259e-15,8.655384042303557e-15,8.655383938099373e-15,8.655383833887764e-15,8.655383729668738e-15,8.655383625442216e-15,8.655383521208247e-15,8.655383416966821e-15,8.655383312717949e-15,8.655383208461613e-15,8.655383104197809e-15,8.655382999926583e-15,8.655382895647901e-15,8.655382791361767e-15,8.655382687068193e-15,8.65538258276717e-15,8.655382478458691e-15,8.655382374142764e-15,8.65538226981939e-15,8.655382165488553e-15,8.655382061150279e-15,8.655381956804565e-15,8.65538185245139e-15,8.655381748090784e-15,8.655381643722716e-15,8.655381539347189e-15,8.655381434964243e-15,8.655381330573868e-15,8.655381226176012e-15,8.655381121770705e-15,8.655381017357967e-15,8.655380912937776e-15,8.655380808510157e-15,8.655380704075082e-15,8.655380599632561e-15,8.655380495182617e-15,8.655380390725206e-15,8.655380286260351e-15,8.655380181788035e-15,8.655380077308293e-15,8.655379972821108e-15,8.655379868326474e-15,8.65537976382444e-15,8.655379659314926e-15,8.655379554797969e-15,8.655379450273569e-15,8.655379345741735e-15,8.655379241202445e-15,8.655379136655724e-15,8.655379032101544e-15,8.655378927539942e-15,8.655378822970899e-15,8.655378718394414e-15,8.655378613810482e-15,8.655378509219127e-15,8.655378404620287e-15,8.655378300014045e-15,8.655378195400384e-15,8.655378090779256e-15,8.655377986150697e-15,8.655377881514698e-15,8.65537777687126e-15,8.655377672220387e-15,8.655377567562075e-15,8.655377462896313e-15,8.65537735822313e-15,8.655377253542514e-15,8.655377148854456e-15,8.655377044158959e-15,8.655376939456038e-15,8.65537683474567e-15,8.655376730027861e-15,8.65537662530262e-15,8.655376520569943e-15,8.655376415829828e-15,8.655376311082262e-15,8.655376206327276e-15,8.655376101564866e-15,8.65537599679502e-15,8.655375892017741e-15,8.65537578723302e-15,8.655375682440869e-15,8.655375577641295e-15,8.655375472834278e-15,8.655375368019826e-15,8.655375263197953e-15,8.655375158368638e-15,8.655375053531901e-15,8.655374948687764e-15,8.655374843836137e-15,8.655374738977123e-15,8.65537463411066e-15,8.655374529236762e-15,8.655374424355431e-15,8.655374319466682e-15,8.655374214570508e-15,8.65537410966691e-15,8.655374004755868e-15,8.655373899837395e-15,8.655373794911485e-15,8.655373689978186e-15,8.655373585037427e-15,8.655373480089251e-15,8.655373375133638e-15,8.655373270170597e-15,8.655373165200128e-15,8.655373060222233e-15,8.655372955236908e-15,8.655372850244163e-15,8.655372745243986e-15,8.65537264023639e-15,8.655372535221366e-15,8.655372430198914e-15,8.655372325169033e-15,8.65537222013173e-15,8.655372115087002e-15,8.65537201003485e-15,8.655371904975271e-15,8.655371799908277e-15,8.655371694833855e-15,8.655371589752007e-15,8.655371484662733e-15,8.65537137956604e-15,8.655371274461934e-15,8.655371169350376e-15,8.655371064231407e-15,8.65537095910501e-15,8.655370853971206e-15,8.655370748829982e-15,8.655370643681341e-15,8.65537053852526e-15,8.655370433361772e-15,8.655370328190847e-15,8.655370223012516e-15,8.655370117826783e-15,8.655370012633607e-15,8.655369907433009e-15,8.655369802225004e-15,8.655369697009583e-15,8.65536959178674e-15,8.655369486556496e-15,8.655369381318816e-15,8.655369276073721e-15,8.655369170821209e-15,8.655369065561272e-15,8.655368960293881e-15,8.655368855019109e-15,8.655368749736931e-15,8.655368644447314e-15,8.655368539150291e-15,8.655368433845857e-15,8.655368328533997e-15,8.655368223214746e-15,8.655368117888065e-15,8.655368012553979e-15,8.655367907212442e-15,8.65536780186352e-15,8.65536769650719e-15,8.655367591143442e-15,8.65536748577229e-15,8.655367380393696e-15,8.655367275007727e-15,8.655367169614328e-15,8.65536706421351e-15,8.655366958805277e-15,8.655366853389644e-15,8.655366747966585e-15,8.655366642536127e-15,8.655366537098264e-15,8.655366431653002e-15,8.655366326200318e-15,8.65536622074022e-15,8.655366115272712e-15,8.65536600979778e-15,8.655365904315455e-15,8.655365798825718e-15,8.655365693328565e-15,8.655365587824013e-15,8.655365482312018e-15,8.655365376792645e-15,8.655365271265836e-15,8.65536516573173e-15,8.655365060190134e-15,8.65536495464111e-15,8.655364849084706e-15,8.655364743520892e-15,8.655364637949658e-15,8.65536453237103e-15,8.65536442678504e-15,8.655364321191596e-15,8.65536421559075e-15,8.655364109982495e-15,8.655364004366832e-15,8.655363898743762e-15,8.655363793113283e-15,8.655363687475408e-15,8.655363581830127e-15,8.65536347617744e-15,8.65536337051736e-15,8.655363264849879e-15,8.655363159174987e-15,8.655363053492664e-15,8.655362947802998e-15,8.655362842105905e-15,8.655362736401406e-15,8.655362630689542e-15,8.655362524970229e-15,8.655362419243528e-15,8.655362313509413e-15,8.655362207767946e-15,8.655362102019052e-15,8.655361996262748e-15,8.655361890499037e-15,8.655361784727934e-15,8.655361678949423e-15,8.655361573163522e-15,8.65536146737022e-15,8.65536136156952e-15,8.655361255761392e-15,8.655361149945886e-15,8.655361044123016e-15,8.655360938292681e-15,8.655360832454976e-15,8.655360726609911e-15,8.655360620757521e-15,8.655360514897646e-15,8.655360409030356e-15,8.655360303155654e-15,8.65536019727357e-15,8.655360091384091e-15,8.655359985487235e-15,8.65535987958298e-15,8.655359773671334e-15,8.655359667752288e-15,8.655359561825857e-15,8.65535945589203e-15,8.655359349950809e-15,8.655359244002203e-15,8.655359138046194e-15,8.655359032082814e-15,8.655358926112019e-15,8.655358820133828e-15,8.655358714148273e-15,8.655358608155243e-15,8.65535850215485e-15,8.655358396147103e-15,8.655358290131957e-15,8.65535818410941e-15,8.655358078079471e-15,8.655357972042125e-15,8.65535786599742e-15,8.65535775994535e-15,8.655357653885866e-15,8.655357547818998e-15,8.655357441744724e-15,8.655357335663082e-15,8.65535722957402e-15,8.655357123477573e-15,8.655357017373758e-15,8.655356911262573e-15,8.655356805143983e-15,8.655356699017975e-15,8.655356592884606e-15,8.655356486743853e-15,8.655356380595722e-15,8.655356274440206e-15,8.65535616827728e-15,8.655356062107058e-15,8.655355955929405e-15,8.655355849744342e-15,8.655355743551885e-15,8.655355637352049e-15,8.655355531144832e-15,8.65535542493024e-15,8.655355318708257e-15,8.65535521247888e-15,8.655355106242095e-15,8.655354999997942e-15,8.655354893746404e-15,8.655354787487508e-15,8.655354681221208e-15,8.655354574947546e-15,8.655354468666497e-15,8.655354362378052e-15,8.655354256082214e-15,8.65535414977899e-15,8.655354043468408e-15,8.655353937150453e-15,8.655353830825137e-15,8.655353724492454e-15,8.655353618152365e-15,8.655353511804936e-15,8.655353405450103e-15,8.65535329908785e-15,8.655353192718243e-15,8.655353086341249e-15,8.655352979956911e-15,8.655352873565178e-15,8.655352767166076e-15,8.655352660759586e-15,8.655352554345718e-15,8.655352447924474e-15,8.65535234149585e-15,8.655352235059853e-15,8.655352128616483e-15,8.655352022165734e-15,8.655351915707573e-15,8.655351809242056e-15,8.655351702769169e-15,8.655351596288921e-15,8.655351489801253e-15,8.655351383306266e-15,8.655351276803896e-15,8.65535117029414e-15,8.655351063777025e-15,8.655350957252526e-15,8.655350850720688e-15,8.655350744181457e-15,8.655350637634823e-15,8.655350531080849e-15,8.655350424519503e-15,8.655350317950773e-15,8.655350211374654e-15,8.655350104791172e-15,8.655349998200345e-15,8.655349891602145e-15,8.65534978499657e-15,8.65534967838363e-15,8.655349571763321e-15,8.655349465135635e-15,8.655349358500614e-15,8.655349251858204e-15,8.655349145208419e-15,8.655349038551259e-15,8.655348931886705e-15,8.65534882521482e-15,8.65534871853556e-15,8.65534861184889e-15,8.655348505154863e-15,8.655348398453508e-15,8.655348291744788e-15,8.65534818502866e-15,8.655348078305193e-15,8.655347971574335e-15,8.655347864836147e-15,8.655347758090604e-15,8.655347651337679e-15,8.655347544577395e-15,8.65534743780977e-15,8.655347331034755e-15,8.6553472242524e-15,8.655347117462668e-15,8.655347010665572e-15,8.655346903861101e-15,8.655346797049273e-15,8.655346690230085e-15,8.655346583403553e-15,8.655346476569676e-15,8.655346369728404e-15,8.655346262879776e-15,8.655346156023789e-15,8.655346049160398e-15,8.65534594228969e-15,8.655345835411642e-15,8.65534572852623e-15,8.655345621633418e-15,8.655345514733242e-15,8.655345407825738e-15,8.65534530091087e-15,8.65534519398869e-15,8.655345087059128e-15,8.655344980122172e-15,8.655344873177853e-15,8.655344766226201e-15,8.655344659267175e-15,8.655344552300792e-15,8.655344445327064e-15,8.655344338345976e-15,8.655344231357527e-15,8.655344124361732e-15,8.655344017358581e-15,8.655343910348075e-15,8.655343803330217e-15,8.655343696304995e-15,8.655343589272407e-15,8.655343482232495e-15,8.655343375185213e-15,8.655343268130588e-15,8.655343161068599e-15,8.655343053999246e-15,8.655342946922556e-15,8.655342839838513e-15,8.655342732747115e-15,8.655342625648374e-15,8.65534251854227e-15,8.655342411428782e-15,8.655342304307979e-15,8.655342197179827e-15,8.655342090044308e-15,8.655341982901428e-15,8.65534187575125e-15,8.655341768593687e-15,8.655341661428782e-15,8.655341554256533e-15,8.655341447076928e-15,8.655341339889976e-15,8.65534123269568e-15,8.655341125494033e-15,8.65534101828504e-15,8.655340911068697e-15,8.655340803845006e-15,8.655340696613959e-15,8.655340589375573e-15,8.655340482129859e-15,8.65534037487678e-15,8.655340267616331e-15,8.655340160348557e-15,8.655340053073458e-15,8.655339945790999e-15,8.655339838501193e-15,8.655339731204045e-15,8.655339623899547e-15,8.655339516587698e-15,8.65533940926851e-15,8.655339301942001e-15,8.655339194608133e-15,8.65533908726691e-15,8.655338979918316e-15,8.655338872562414e-15,8.655338765199135e-15,8.655338657828554e-15,8.655338550450608e-15,8.655338443065327e-15,8.655338335672716e-15,8.655338228272766e-15,8.655338120865497e-15,8.655338013450864e-15,8.65533790602891e-15,8.6553377985996e-15,8.655337691162921e-15,8.655337583718933e-15,8.655337476267604e-15,8.655337368808936e-15,8.655337261342926e-15,8.655337153869586e-15,8.655337046388918e-15,8.655336938900853e-15,8.655336831405497e-15,8.65533672390281e-15,8.65533661639274e-15,8.655336508875365e-15,8.655336401350675e-15,8.655336293818632e-15,8.655336186279257e-15,8.655336078732542e-15,8.65533597117851e-15,8.655335863617113e-15,8.655335756048411e-15,8.655335648472322e-15,8.655335540888939e-15,8.655335433298224e-15,8.65533532570016e-15,8.655335218094708e-15,8.655335110481985e-15,8.655335002861927e-15,8.655334895234548e-15,8.655334787599828e-15,8.655334679957772e-15,8.655334572308395e-15,8.655334464651676e-15,8.655334356987632e-15,8.655334249316247e-15,8.655334141637554e-15,8.65533403395152e-15,8.655333926258155e-15,8.65533381855746e-15,8.655333710849441e-15,8.65533360313408e-15,8.655333495411397e-15,8.655333387681385e-15,8.655333279944048e-15,8.655333172199351e-15,8.655333064447352e-15,8.655332956687984e-15,8.655332848921334e-15,8.655332741147351e-15,8.655332633366045e-15,8.655332525577413e-15,8.655332417781459e-15,8.655332309978174e-15,8.655332202167554e-15,8.65533209434962e-15,8.655331986524357e-15,8.655331878691758e-15,8.655331770851838e-15,8.655331663004598e-15,8.655331555150035e-15,8.655331447288157e-15,8.655331339418953e-15,8.655331231542426e-15,8.655331123658566e-15,8.655331015767399e-15,8.655330907868904e-15,8.655330799963088e-15,8.65533069204994e-15,8.65533058412948e-15,8.655330476201691e-15,8.655330368266594e-15,8.655330260324168e-15,8.655330152374433e-15,8.655330044417366e-15,8.655329936452983e-15,8.655329828481277e-15,8.655329720502255e-15,8.655329612515912e-15,8.655329504522247e-15,8.655329396521271e-15,8.655329288512983e-15,8.65532918049734e-15,8.655329072474396e-15,8.655328964444101e-15,8.655328856406524e-15,8.655328748361625e-15,8.655328640309422e-15,8.655328532249904e-15,8.655328424183066e-15,8.655328316108904e-15,8.655328208027401e-15,8.655328099938618e-15,8.655327991842523e-15,8.655327883739106e-15,8.655327775628393e-15,8.655327667510356e-15,8.655327559384994e-15,8.655327451252318e-15,8.65532734311234e-15,8.655327234965048e-15,8.655327126810435e-15,8.655327018648516e-15,8.655326910479268e-15,8.655326802302723e-15,8.655326694118834e-15,8.655326585927663e-15,8.655326477729179e-15,8.65532636952339e-15,8.655326261310276e-15,8.655326153089864e-15,8.655326044862143e-15,8.655325936627107e-15,8.65532582838476e-15,8.65532572013511e-15,8.65532561187815e-15,8.655325503613884e-15,8.655325395342304e-15,8.655325287063423e-15,8.655325178777231e-15,8.655325070483723e-15,8.655324962182917e-15,8.655324853874806e-15,8.655324745559371e-15,8.65532463723661e-15,8.655324528906586e-15,8.655324420569244e-15,8.655324312224598e-15,8.65532420387265e-15,8.655324095513393e-15,8.655323987146833e-15,8.655323878772943e-15,8.655323770391771e-15,8.6553236620033e-15,8.655323553607523e-15,8.655323445204443e-15,8.655323336794057e-15,8.655323228376373e-15,8.655323119951374e-15,8.65532301151908e-15,8.655322903079479e-15,8.655322794632582e-15,8.65532268617837e-15,8.655322577716868e-15,8.655322469248071e-15,8.655322360771969e-15,8.655322252288567e-15,8.655322143797863e-15,8.65532203529985e-15,8.65532192679455e-15,8.655321818281947e-15,8.655321709762049e-15,8.655321601234794e-15,8.655321492700292e-15,8.655321384158495e-15,8.655321275609392e-15,8.655321167053017e-15,8.655321058489332e-15,8.655320949918362e-15,8.655320841340085e-15,8.655320732754482e-15,8.655320624161586e-15,8.655320515561418e-15,8.655320406953954e-15,8.65532029833919e-15,8.655320189717128e-15,8.655320081087774e-15,8.655319972451123e-15,8.655319863807186e-15,8.655319755155955e-15,8.655319646497427e-15,8.655319537831585e-15,8.655319429158471e-15,8.655319320478062e-15,8.655319211790365e-15,8.655319103095372e-15,8.655318994393087e-15,8.655318885683497e-15,8.655318776966617e-15,8.65531866824246e-15,8.655318559510991e-15,8.655318450772238e-15,8.655318342026205e-15,8.655318233272862e-15,8.655318124512248e-15,8.65531801574436e-15,8.65531790696917e-15,8.655317798186686e-15,8.655317689396919e-15,8.655317580599856e-15,8.65531747179552e-15,8.655317362983895e-15,8.65531725416496e-15,8.65531714533875e-15,8.655317036505255e-15,8.655316927664473e-15,8.655316818816442e-15,8.655316709961071e-15,8.655316601098429e-15,8.655316492228458e-15,8.655316383351234e-15,8.655316274466742e-15,8.655316165574954e-15,8.655316056675824e-15,8.655315947769463e-15,8.655315838855829e-15,8.655315729934899e-15,8.655315621006685e-15,8.655315512071208e-15,8.655315403128435e-15,8.65531529417839e-15,8.655315185221056e-15,8.655315076256442e-15,8.655314967284542e-15,8.655314858305347e-15,8.655314749318876e-15,8.655314640325123e-15,8.655314531324107e-15,8.655314422315803e-15,8.655314313300213e-15,8.655314204277354e-15,8.655314095247199e-15,8.655313986209775e-15,8.655313877165068e-15,8.65531376811309e-15,8.65531365905383e-15,8.655313549987306e-15,8.655313440913488e-15,8.655313331832394e-15,8.655313222744025e-15,8.655313113648396e-15,8.65531300454545e-15,8.655312895435256e-15,8.655312786317764e-15,8.65531267719301e-15,8.655312568060992e-15,8.6553124589217e-15,8.655312349775113e-15,8.655312240621262e-15,8.655312131460135e-15,8.655312022291713e-15,8.655311913116044e-15,8.655311803933099e-15,8.655311694742876e-15,8.655311585545364e-15,8.655311476340597e-15,8.655311367128555e-15,8.655311257909252e-15,8.655311148682667e-15,8.65531103944881e-15,8.655310930207683e-15,8.655310820959285e-15,8.65531071170362e-15,8.655310602440674e-15,8.65531049317046e-15,8.655310383892997e-15,8.65531027460827e-15,8.655310165316236e-15,8.655310056016957e-15,8.655309946710403e-15,8.655309837396574e-15,8.655309728075482e-15,8.655309618747114e-15,8.655309509411495e-15,8.655309400068593e-15,8.655309290718438e-15,8.655309181361017e-15,8.655309071996318e-15,8.655308962624345e-15,8.655308853245095e-15,8.655308743858603e-15,8.655308634464857e-15,8.655308525063824e-15,8.65530841565553e-15,8.655308306239956e-15,8.655308196817145e-15,8.655308087387051e-15,8.655307977949683e-15,8.655307868505068e-15,8.655307759053189e-15,8.655307649594056e-15,8.655307540127712e-15,8.655307430654004e-15,8.655307321173074e-15,8.655307211684883e-15,8.655307102189427e-15,8.655306992686701e-15,8.655306883176737e-15,8.655306773659485e-15,8.655306664134971e-15,8.655306554603226e-15,8.655306445064196e-15,8.655306335517918e-15,8.65530622596438e-15,8.655306116403587e-15,8.655306006835532e-15,8.655305897260217e-15,8.655305787677641e-15,8.6553056780878e-15,8.655305568490701e-15,8.655305458886353e-15,8.655305349274749e-15,8.655305239655889e-15,8.655305130029775e-15,8.655305020396403e-15,8.655304910755775e-15,8.655304801107909e-15,8.655304691452769e-15,8.655304581790377e-15,8.655304472120726e-15,8.65530436244383e-15,8.655304252759671e-15,8.655304143068256e-15,8.655304033369571e-15,8.655303923663651e-15,8.655303813950476e-15,8.655303704230044e-15,8.655303594502371e-15,8.655303484767433e-15,8.655303375025252e-15,8.655303265275816e-15,8.655303155519128e-15,8.655303045755183e-15,8.65530293598398e-15,8.655302826205506e-15,8.655302716419792e-15,8.655302606626868e-15,8.655302496826687e-15,8.655302387019246e-15,8.655302277204565e-15,8.65530216738261e-15,8.655302057553425e-15,8.655301947716984e-15,8.655301837873295e-15,8.65530172802236e-15,8.655301618164122e-15,8.655301508298697e-15,8.65530139842602e-15,8.655301288546109e-15,8.655301178658941e-15,8.655301068764511e-15,8.655300958862868e-15,8.655300848953969e-15,8.655300739037812e-15,8.655300629114422e-15,8.655300519183783e-15,8.65530040924591e-15,8.655300299300787e-15,8.655300189348425e-15,8.655300079388817e-15,8.655299969421989e-15,8.655299859447883e-15,8.655299749466533e-15,8.655299639477959e-15,8.655299529482121e-15,8.655299419479055e-15,8.65529930946875e-15,8.655299199451199e-15,8.655299089426399e-15,8.655298979394368e-15,8.65529886935509e-15,8.65529875930857e-15,8.655298649254812e-15,8.655298539193818e-15,8.655298429125581e-15,8.65529831905013e-15,8.655298208967416e-15,8.655298098877445e-15,8.655297988780257e-15,8.655297878675822e-15,8.655297768564141e-15,8.655297658445235e-15,8.655297548319099e-15,8.655297438185725e-15,8.655297328045109e-15,8.655297217897267e-15,8.655297107742178e-15,8.655296997579857e-15,8.655296887410308e-15,8.655296777233524e-15,8.655296667049503e-15,8.655296556858261e-15,8.655296446659771e-15,8.655296336454019e-15,8.655296226241055e-15,8.655296116020877e-15,8.655296005793432e-15,8.655295895558774e-15,8.655295785316882e-15,8.655295675067755e-15,8.655295564811402e-15,8.655295454547811e-15,8.655295344276992e-15,8.65529523399894e-15,8.655295123713665e-15,8.65529501342115e-15,8.655294903121412e-15,8.655294792814437e-15,8.655294682500248e-15,8.655294572178819e-15,8.655294461850159e-15,8.65529435151427e-15,8.655294241171155e-15,8.655294130820811e-15,8.655294020463163e-15,8.65529391009836e-15,8.65529379972632e-15,8.655293689347058e-15,8.655293578960567e-15,8.65529346856684e-15,8.6552933581659e-15,8.65529324775774e-15,8.655293137342368e-15,8.655293026919755e-15,8.655292916489916e-15,8.655292806052852e-15,8.655292695608567e-15,8.655292585157053e-15,8.655292474698315e-15,8.65529236423235e-15,8.65529225375917e-15,8.655292143278758e-15,8.655292032791127e-15,8.655291922296275e-15,8.655291811794207e-15,8.65529170128491e-15,8.655291590768395e-15,8.655291480244662e-15,8.655291369713707e-15,8.655291259175514e-15,8.655291148630112e-15,8.655291038077496e-15,8.655290927517654e-15,8.655290816950594e-15,8.65529070637631e-15,8.655290595794811e-15,8.655290485206091e-15,8.655290374610179e-15,8.655290264007022e-15,8.655290153396648e-15,8.655290042779036e-15,8.65528993215425e-15,8.655289821522229e-15,8.655289710882985e-15,8.655289600236523e-15,8.655289489582852e-15,8.655289378921964e-15,8.655289268253855e-15,8.655289157578524e-15,8.655289046895978e-15,8.655288936206217e-15,8.655288825509244e-15,8.655288714805061e-15,8.655288604093657e-15,8.655288493375047e-15,8.65528838264922e-15,8.655288271916182e-15,8.655288161175938e-15,8.655288050428478e-15,8.655287939673797e-15,8.655287828911912e-15,8.655287718142808e-15,8.6552876073665e-15,8.655287496582979e-15,8.655287385792245e-15,8.655287274994315e-15,8.655287164189165e-15,8.655287053376804e-15,8.655286942557209e-15,8.655286831730426e-15,8.655286720896437e-15,8.655286610055276e-15,8.655286499206866e-15,8.655286388351247e-15,8.655286277488418e-15,8.655286166618397e-15,8.65528605574115e-15,8.655285944856699e-15,8.655285833965054e-15,8.655285723066191e-15,8.65528561216013e-15,8.655285501246851e-15,8.65528539032637e-15,8.655285279398687e-15,8.655285168463794e-15,8.655285057521695e-15,8.655284946572399e-15,8.655284835615894e-15,8.655284724652198e-15,8.65528461368129e-15,8.655284502703175e-15,8.655284391717913e-15,8.655284280725387e-15,8.655284169725673e-15,8.655284058718748e-15,8.655283947704616e-15,8.655283836683291e-15,8.655283725654761e-15,8.655283614619025e-15,8.655283503576081e-15,8.655283392525942e-15,8.655283281468611e-15,8.655283170404073e-15,8.65528305933234e-15,8.655282948253355e-15,8.65528283716721e-15,8.65528272607388e-15,8.655282614973348e-15,8.655282503865635e-15,8.655282392750708e-15,8.655282281628583e-15,8.655282170499224e-15,8.655282059362711e-15,8.655281948218981e-15,8.655281837068068e-15,8.655281725909961e-15,8.655281614744658e-15,8.655281503572153e-15,8.655281392392454e-15,8.655281281205558e-15,8.655281170011442e-15,8.65528105881016e-15,8.655280947601688e-15,8.655280836386049e-15,8.655280725163193e-15,8.655280613933138e-15,8.655280502695912e-15,8.655280391451467e-15,8.655280280199836e-15,8.65528016894101e-15,8.655280057674986e-15,8.655279946401774e-15,8.655279835121377e-15,8.655279723833771e-15,8.655279612538987e-15,8.655279501237013e-15,8.655279389927856e-15,8.6552792786115e-15,8.655279167287958e-15,8.655279055957224e-15,8.655278944619296e-15,8.655278833274198e-15,8.655278721921909e-15,8.65527861056242e-15,8.65527849919573e-15,8.655278387821864e-15,8.655278276440815e-15,8.655278165052557e-15,8.655278053657132e-15,8.65527794225452e-15,8.655277830844724e-15,8.65527771942775e-15,8.655277608003579e-15,8.655277496572224e-15,8.655277385133673e-15,8.655277273687945e-15,8.655277162235032e-15,8.655277050774939e-15,8.655276939307664e-15,8.6552768278332e-15,8.655276716351548e-15,8.655276604862718e-15,8.655276493366711e-15,8.655276381863564e-15,8.655276270353187e-15,8.655276158835644e-15,8.655276047310912e-15,8.655275935778988e-15,8.655275824239908e-15,8.65527571269362e-15,8.65527560114014e-15,8.655275489579496e-15,8.655275378011674e-15,8.655275266436677e-15,8.655275154854497e-15,8.655275043265147e-15,8.655274931668622e-15,8.655274820064918e-15,8.655274708454022e-15,8.65527459683593e-15,8.65527448521068e-15,8.655274373578256e-15,8.655274261938654e-15,8.655274150291869e-15,8.655274038637937e-15,8.655273926976806e-15,8.655273815308488e-15,8.655273703633004e-15,8.655273591950342e-15,8.655273480260506e-15,8.65527336856349e-15,8.655273256859255e-15,8.6552731451479e-15,8.655273033429336e-15,8.65527292170363e-15,8.655272809970746e-15,8.655272698230696e-15,8.65527258648347e-15,8.655272474729073e-15,8.655272362967463e-15,8.655272251198719e-15,8.655272139422805e-15,8.655272027639716e-15,8.655271915849434e-15,8.655271804051999e-15,8.655271692247424e-15,8.655271580435655e-15,8.655271468616723e-15,8.6552713567906e-15,8.655271244957329e-15,8.655271133116875e-15,8.655271021269257e-15,8.65527090941448e-15,8.655270797552514e-15,8.65527068568339e-15,8.65527057380711e-15,8.655270461923658e-15,8.655270350033041e-15,8.655270238135293e-15,8.65527012623034e-15,8.655270014318216e-15,8.655269902398941e-15,8.655269790472489e-15,8.655269678538898e-15,8.655269566598126e-15,8.655269454650186e-15,8.655269342695076e-15,8.655269230732808e-15,8.655269118763375e-15,8.655269006786764e-15,8.655268894803001e-15,8.655268782812075e-15,8.655268670813987e-15,8.65526855880872e-15,8.655268446796309e-15,8.655268334776742e-15,8.655268222749992e-15,8.655268110716094e-15,8.655267998675033e-15,8.655267886626821e-15,8.655267774571453e-15,8.65526766250892e-15,8.655267550439225e-15,8.655267438362365e-15,8.655267326278351e-15,8.655267214187155e-15,8.655267102088824e-15,8.655266989983333e-15,8.655266877870684e-15,8.655266765750878e-15,8.655266653623916e-15,8.655266541489794e-15,8.655266429348516e-15,8.655266317200078e-15,8.655266205044488e-15,8.655266092881726e-15,8.655265980711825e-15,8.655265868534771e-15,8.65526575635056e-15,8.655265644159195e-15,8.65526553196067e-15,8.655265419754992e-15,8.655265307542217e-15,8.655265195322233e-15,8.655265083095093e-15,8.655264970860815e-15,8.655264858619361e-15,8.65526474637077e-15,8.655264634115014e-15,8.655264521852116e-15,8.655264409582055e-15,8.655264297304849e-15,8.655264185020529e-15,8.655264072729028e-15,8.655263960430373e-15,8.655263848124569e-15,8.655263735811619e-15,8.655263623491541e-15,8.655263511164282e-15,8.655263398829877e-15,8.655263286488315e-15,8.655263174139616e-15,8.65526306178379e-15,8.655262949420798e-15,8.655262837050626e-15,8.655262724673345e-15,8.655262612288907e-15,8.655262499897324e-15,8.655262387498598e-15,8.655262275092718e-15,8.655262162679693e-15,8.655262050259525e-15,8.655261937832212e-15,8.655261825397748e-15,8.655261712956139e-15,8.655261600507396e-15,8.655261488051516e-15,8.655261375588479e-15
5,0.0,0.0,0.0,0.0,0.0,0.0,0.0,0.0,0.0,0.0,0.0,0.0,0.0,0.0,0.0,0.0,0.0,0.0,0.0,0.0,0.0,0.0,0.0,0.0,0.0,0.0,0.0,0.0,0.0,0.0,0.0,0.0,0.0,0.0,0.0,0.0,0.0,0.0,0.0,0.0,0.0,0.0,0.0,0.0,0.0,0.0,0.0,0.0,0.0,0.0,0.0,0.0,0.0,0.0,0.0,0.0,0.0,0.0,0.0,0.0,0.0,0.0,0.0,0.0,0.0,0.0,0.0,0.0,0.0,0.0,0.0,0.0,0.0,0.0,0.0,0.0,0.0,0.0,0.0,0.0,0.0,0.0,0.0,0.0,0.0,0.0,0.0,0.0,0.0,0.0,0.0,0.0,0.0,0.0,0.0,0.0,0.0,0.0,0.0,0.0,0.0,0.0,0.0,0.0,0.0,0.0,0.0,0.0,0.0,0.0,0.0,0.0,0.0,0.0,0.0,0.0,0.0,0.0,0.0,0.0,0.0,0.0,0.0,0.0,0.0,0.0,0.0,0.0,0.0,0.0,0.0,0.0,0.0,0.0,0.0,0.0,0.0,0.0,0.0,0.0,0.0,0.0,0.0,0.0,0.0,0.0,0.0,0.0,0.0,0.0,0.0,0.0,0.0,0.0,0.0,0.0,0.0,0.0,0.0,0.0,0.0,0.0,0.0,0.0,0.0,0.0,0.0,0.0,0.0,0.0,0.0,0.0,0.0,0.0,0.0,0.0,0.0,0.0,0.0,0.0,0.0,0.0,0.0,0.0,0.0,0.0,0.0,0.0,0.0,0.0,0.0,0.0,0.0,0.0,0.0,0.0,0.0,0.0,0.0,0.0,0.0,0.0,0.0,0.0,0.0,0.0,0.0,0.0,0.0,0.0,0.0,0.0,0.0,0.0,0.0,0.0,0.0,0.0,0.0,0.0,0.0,0.0,0.0,0.0,0.0,0.0,0.0,0.0,0.0,0.0,0.0,0.0,0.0,0.0,0.0,0.0,0.0,0.0,0.0,0.0,0.0,0.0,0.0,0.0,0.0,0.0,0.0,0.0,0.0,0.0,0.0,0.0,0.0,0.0,0.0,0.0,0.0,0.0,0.0,0.0,0.0,0.0,0.0,0.0,0.0,0.0,0.0,0.0,0.0,0.0,0.0,0.0,0.0,0.0,0.0,0.0,0.0,0.0,0.0,0.0,0.0,0.0,0.0,0.0,0.0,0.0,0.0,0.0,0.0,0.0,0.0,0.0,0.0,0.0,0.0,0.0,0.0,0.0,0.0,0.0,0.0,0.0,0.0,0.0,0.0,0.0,0.0,0.0,0.0,0.0,0.0,0.0,0.0,0.0,0.0,0.0,0.0,0.0,0.0,0.0,0.0,0.0,0.0,0.0,0.0,0.0,0.0,0.0,0.0,0.0,0.0,0.0,0.0,0.0,0.0,0.0,0.0,0.0,0.0,0.0,0.0,0.0,0.0,0.0,0.0,0.0,0.0,0.0,0.0,0.0,0.0,0.0,0.0,0.0,0.0,0.0,0.0,0.0,0.0,0.0,0.0,0.0,0.0,0.0,0.0,0.0,0.0,0.0,0.0,0.0,0.0,0.0,0.0,0.0,0.0,0.0,0.0,0.0,0.0,0.0,0.0,0.0,0.0,0.0,0.0,0.0,0.0,0.0,0.0,0.0,0.0,0.0,0.0,0.0,0.0,0.0,0.0,0.0,0.0,0.0,0.0,0.0,0.0,0.0,0.0,0.0,0.0,0.0,0.0,0.0,0.0,0.0,0.0,0.0,0.0,0.0,0.0,0.0,0.0,0.0,0.0,0.0,0.0,0.0,0.0,0.0,0.0,0.0,0.0,0.0,0.0,0.0,0.0,0.0,0.0,0.0,0.0,0.0,0.0,0.0,0.0,0.0,0.0,0.0,0.0,0.0,0.0,0.0,0.0,0.0,0.0,0.0,0.0,0.0,0.0,0.0,0.0,0.0,0.0,0.0,0.0,0.0,0.0,0.0,0.0,0.0,0.0,0.0,0.0,0.0,0.0,0.0,0.0,0.0,0.0,0.0,0.0,0.0,0.0,0.0,0.0,0.0,0.0,0.0,0.0,0.0,0.0,0.0,0.0,0.0,0.0,0.0,0.0,0.0,0.0,0.0,0.0,0.0,0.0,0.0,0.0,0.0,0.0,0.0,0.0,0.0,0.0,0.0,0.0,0.0,0.0,0.0,0.0,0.0,0.0,0.0,0.0,0.0,0.0,0.0,0.0,0.0,0.0,0.0,0.0,0.0,0.0,0.0,0.0,0.0,0.0,0.0,0.0,0.0,0.0,0.0,0.0,0.0,0.0,0.0,0.0,0.0,0.0,0.0,0.0,0.0,0.0,0.0,0.0,0.0,0.0,0.0,0.0,0.0,0.0,0.0,0.0,0.0,0.0,0.0,0.0,0.0,0.0,0.0,0.0,0.0,0.0,0.0,0.0,0.0,0.0,0.0,0.0,0.0,0.0,0.0,0.0,0.0,0.0,0.0,0.0,0.0,0.0,0.0,0.0,0.0,0.0,0.0,0.0,0.0,0.0,0.0,0.0,0.0,0.0,0.0,0.0,0.0,0.0,0.0,0.0,0.0,0.0,0.0,0.0,0.0,0.0,0.0,0.0,0.0,0.0,0.0,0.0,0.0,0.0,0.0,0.0,0.0,0.0,0.0,0.0,0.0,0.0,0.0,0.0,0.0,0.0,0.0,0.0,0.0,0.0,0.0,0.0,0.0,0.0,0.0,0.0,0.0,0.0,0.0,0.0,0.0,0.0,0.0,0.0,0.0,0.0,0.0,0.0,0.0,0.0,0.0,0.0,0.0,0.0,0.0,0.0,0.0,0.0,0.0,0.0,0.0,0.0,0.0,0.0,0.0,0.0,0.0,0.0,0.0,0.0,0.0,0.0,0.0,0.0,0.0,0.0,0.0,0.0,0.0,0.0,0.0,0.0,0.0,0.0,0.0,0.0,0.0,0.0,0.0,0.0,0.0,0.0,0.0,0.0,0.0,0.0,0.0,0.0,0.0,0.0,0.0,0.0,0.0,0.0,0.0,0.0,0.0,0.0,0.0,0.0,0.0,0.0,0.0,0.0,0.0,0.0,0.0,0.0,0.0,0.0,0.0,0.0,0.0,0.0,0.0,0.0,0.0,0.0,0.0,0.0,0.0,0.0,0.0,0.0,0.0,0.0,0.0,0.0,0.0,0.0,0.0,0.0,0.0,0.0,0.0,0.0,0.0,0.0,0.0,0.0,0.0,0.0,0.0,0.0,0.0,0.0,0.0,0.0,0.0,0.0,0.0,0.0,0.0,0.0,0.0,0.0,0.0,0.0,0.0,0.0,0.0,0.0,0.0,0.0,0.0,0.0,0.0,0.0,0.0,0.0,0.0,0.0,0.0,0.0,0.0,0.0,0.0,0.0,0.0,0.0,0.0,0.0,0.0,0.0,0.0,0.0,0.0,0.0,0.0,0.0,0.0,0.0,0.0,0.0,0.0,0.0,0.0,0.0,0.0,0.0,0.0,0.0,0.0,0.0,0.0,0.0,0.0,0.0,0.0,0.0,0.0,0.0,0.0,0.0,0.0,0.0,0.0,0.0,0.0,0.0,0.0,0.0,0.0,0.0,0.0,0.0,0.0,0.0,0.0,0.0,0.0,0.0,0.0,0.0,0.0,0.0,0.0,0.0,0.0,0.0,0.0,0.0,0.0,0.0,0.0,0.0,0.0,0.0,0.0,0.0,0.0,0.0,0.0,0.0,0.0,0.0,0.0,0.0,0.0,0.0,0.0,0.0,0.0,0.0,0.0,0.0,0.0,0.0,0.0,0.0,0.0,0.0,0.0,0.0,0.0,0.0,0.0,0.0,0.0,0.0,0.0,0.0,0.0,0.0,0.0,0.0,0.0,0.0,0.0,0.0,0.0,0.0,0.0,0.0,0.0,0.0,0.0,0.0,0.0,0.0,0.0,0.0,0.0,0.0,0.0,0.0,0.0,0.0,0.0,0.0,0.0,0.0,0.0,0.0,0.0,0.0,0.0,0.0,0.0,0.0,0.0,0.0,0.0,0.0,0.0,0.0,0.0,0.0,0.0,0.0,0.0,0.0,0.0,0.0,0.0,0.0,0.0,0.0,0.0,0.0,0.0,0.0,0.0,0.0,0.0,0.0,0.0,0.0,0.0,0.0,0.0,0.0,0.0,0.0,0.0,0.0,0.0,0.0,0.0,0.0,0.0,0.0,0.0,0.0,0.0,0.0,0.0,0.0,0.0,0.0,0.0,0.0,0.0,0.0,0.0,0.0,0.0,0.0,0.0,0.0,0.0,0.0,0.0,0.0,0.0,0.0,0.0,0.0,0.0,7.408350227776358e-08,1.6723371905230822e-07,2.796609051010341e-07,4.115788022448294e-07,5.63204732814645e-07,7.347596962028359e-07,9.264684685575448e-07,1.1385597058023927e-06,1.3712660500452358e-06,1.6248242395865697e-06,1.8994752226023993e-06,2.195464274670281e-06,2.513041120315135e-06,2.852460058709757e-06,3.213980093710318e-06,3.5978650684087326e-06,4.004383804358261e-06,4.433810245759504e-06,4.886423608587763e-06,5.3625085352740855e-06,5.86235525470275e-06,6.3862597481024404e-06,6.934523920906959e-06,7.507455780948001e-06,8.105369623164781e-06,8.728586221187533e-06,9.377433026062951e-06,1.0052244372428161e-05,1.0753361692560651e-05,1.1481133738509136e-05,1.2235916812821046e-05,1.301807500813049e-05,1.3827980456175029e-05,1.466601358652003e-05,1.5532563395550952e-05,1.6428027726174085e-05,1.735281355880609e-05,1.830733731406888e-05,1.929202516790359e-05,2.0307313379612256e-05,2.1353648633495006e-05,2.243148839481245e-05,2.3541301280681633e-05,2.4683567446790196e-05,2.585877899063357e-05,2.7067440372150763e-05,2.8310068852757427e-05,2.9587194953580094e-05,3.089936293404266e-05,3.2247131291818344e-05,3.363107328533049e-05,3.505177748000317e-05,3.6509848319569965e-05,3.800590672386313e-05,3.954059071449412e-05,4.1114556070057194e-05,4.2728477012470324e-05,4.438304692634914e-05,4.6078979113163933e-05,4.781700758241654e-05,4.9597887881807884e-05,5.1422397968889813e-05,5.32913391266611e-05,5.520553692564621e-05,5.71658422355611e-05,5.917313228940629e-05,6.122831180339828e-05,6.333231415636852e-05,6.5486102631926e-05,6.769067172845668e-05,6.994704854023742e-05,7.225629421511926e-05,7.461950549373583e-05,7.703781633538353e-05,7.951239963729669e-05,8.204446905278193e-05,8.463528091583236e-05,8.72861362794526e-05,8.999838307595087e-05,9.277341840785632e-05,9.56126909790218e-05,9.8517703676751e-05,0.00010149001631551863,0.00010453124855530117,0.00010764308300695157,0.00011082726854066428,0.00011408562381203938,0.00011742004102400999,0.00012083248994331392,0.00012432502219280575,0.00012789977584202572,0.00013155898032128033,0.0001353049616872191,0.00013914014827017733,0.00014306707673622803,0.00014708839860194477,0.00015120688724185093,0.00015542544543448064,0.00015974711349688657,0.0001641750780630935,0.00016871268156890928,0.0001733634325112422,0.00017813101655960492,0.00018301930860488988,0.0001880323858419828,0.00019317454199334835,0.0001984503027954394,0.0002038644428828571,0.0002094220042243992,0.0002151283162844241,0.00022098901810502157,0.00022701008253247,0.00023319784284054465,0.0002395590220395857,0.0002461007652007127,0.00025283067517316266,0.00025975685212814424,0.00026688793742816113,0.00027423316240005524,0.00028180240267656337,0.0002896062388855813,0.00029765602458803076,0.00030596396252214854,0.00031454319039405336,0.0003234078776732688,0.0003325733351177165,0.0003420561390740973,0.00035187427299093114,0.0003620472890569781,0.0003725964934711984,0.0003835451595705569,0.00039491877394678867,0.0004067453218103668,0.0004190556192731929,0.0004318837020137781,0.0004452672820657826,0.0004592482873934956,0.0004738735026879565,0.0004891953347259686,0.0005052727320730243,0.0005221722974313997,0.0005399696423172383,0.0005587510490795152,0.0005786155261761021,0.000599677371367058,0.0006220693975008086,0.0006459470319012913,0.0006714935806106602,0.0006989270644518951,0.0007285092026800025,0.0007605573689380516,0.0007954607168312671,0.0008337022171941268,0.000875889200366069,0.000922796178381618,0.0009754254161838254,0.0010350926500906008,0.001103546226505601,0.0011831224189295378,0.0012769097913595546,0.001388789577077376,0.0015229362851031632,0.001681954418382744,0.0018634091748747756,0.0020577609474562676,0.0022517927638219847,0.0024345640845626327,0.002599929734052536,0.0027453658611021614,0.0028697925999395077,0.0029720579005358696,0.0030506682604122108,0.0031051489217566062,0.0031386810418665726,0.0031579403308859633,0.0031690148375034016,0.003175630475217935,0.0031797826667398256,0.0031825247041991243,0.00318442690700376,0.0031858092653338165,0.0031868579600560685,0.0031876851545134086,0.00318836069090316,0.0031889294454510533,0.0031894211224372435,0.00318985593897685,0.0031902480138431754,0.003190607440234072,0.0031909415857225274,0.0031912559277000345,0.003191554603207537,0.0031918407791902527,0.003192116907351477,0.003192384903250675,0.003192646274632782,0.003192902215052532,0.0031931536733215064,0.003193401405806197,0.0031936460163530483,0.0031938879871457283,0.003194127702814185,0.0031943654694543563,0.0031946015297584156,0.0031948360751390477,0.003195069255504015,0.0031953011871770514,0.00319553195934314,0.0031957616393101405,0.0031959902768144977,0.003196217907549996,0.0031964445560618646,0.0031966702381215715,0.0031968949626721994,0.0031971187334210575,0.003197341550139952,0.0031975634097232393,0.003197784307045151,0.0031980042356508226,0.0031982231883092124,0.0031984411574518903,0.0031986581355172173,0.0031988741152167697,0.003199089089737275,0.0031993030528904795,0.0031995159992195305,0.0031997279240702273,0.0031999388236352393,0.0032001486949746346,0.003200357536018923,0.0032005653455581405,0.003200772123220185,0.003200977869440883,0.003201182585428132,0.0032013862731215792,0.003201588935150309,0.00320179057478822,0.0032019911959089028,0.003202190802940791,0.003202389400823106,0.003202586994962364,0.0032027835911910296,0.003202979195727004,0.0032031738151361926,0.0032033674562960586,0.0032035601263608383,0.0032037518327306547,0.0032039425830204553,0.0032041323850326084,0.00320432124673042,0.003204509176213878,0.0032046961816980463,0.0032048822714912354,0.0032050674539767622,0.003205251737595204,0.0032054351308285554,0.0032056176421854238,0.0032057992801876383,0.003205980053358512,0.0032061599702113046,0.0032063390392395455,0.0032065172689079557,0.0032066946676443144,0.0032068712438318918,0.003207047005803438,0.0032072219618349603,0.0032073961201405854,0.00320756948886841,0.0032077420760957633,0.003207913889825917,0.0032080849379852324,0.0032082552284203006,0.003208424768895496,0.003208593567091736,0.0032087616306039216,0.0032089289669401484,0.0032090955835207893,0.0032092614876770517,0.0032094266866510186,0.0032095911875951954,0.003209754997571542,0.0032099181235523758,0.00321008057242,0.0032102423509666853,0.0032104034658952366,0.003210563923819306,0.0032107237312648594,0.003210882894668927,0.003211041420381599,0.003211199314666419,0.0032113565837014876,0.0032115132335796895,0.0032116692703100455,0.0032118246998184747,0.0032119795279558615,0.0032121337604777,0.00321228740306669,0.003212440461326362,0.003212592940782563,0.0032127448468837975,0.00321289618500264,0.0032130469604369763,0.0032131971784108483,0.0032133468440756863,0.0032134959625116847,0.0032136445387274757,0.0032137925776628906,0.0032139400841895587,0.0032140870631116912,0.003214233519166839,0.0032143794570278143,0.003214524881302978,0.0032146697965378147,0.003214814207214647,0.0032149581177561334,0.0032151015325238333,0.0032152444558203536,0.0032153868918901062,0.0032155288449201825,0.0032156703190414104,0.0032158113183292205,0.0032159518468044203,0.0032160919084346894,0.003216231507134402,0.0032163706467665198,0.0032165093311430026,0.0032166475640257354,0.003216785349126879,0.003216922690110824,0.003217059590593511,0.003217196054144716,0.003217332084288092,0.0032174676845014446,0.003217602858218164,0.003217737608827779,0.003217871939677339,0.0032180058540700104,0.0032181393552684944,0.0032182724464940716,0.003218405130927551,0.0032185374117103976,0.003218669291944405,0.0032188007746926013,0.003218931862982426,0.0032190625598018698,0.0032191928681031706,0.003219322790802059,0.0032194523307795186,0.0032195814908812983,0.0032197102739190014,0.0032198386826704163,0.0032199667198801528,0.0032200943882601013,0.0032202216904900077,0.003220348629218233,0.0032204752070612323,0.003220601426605571,0.003220727290407243,0.003220852800992768,0.0032209779608592015,0.00322110277247489,0.003221227238279735,0.0032213513606859307,0.0032214751420778674,0.003221598584813435,0.003221721691222973,0.0032218444636112767,0.003221966904257578,0.0032220890154145664,0.0032222107993105627,0.0032223322581494186,0.0032224533941100824,0.0032225742093478925,0.0032226947059944685,0.003222814886158419,0.0032229347519251296,0.003223054305357552,0.003223173548496348,0.003223292483360341,0.0032234111119466722,0.0032235294362312353,0.003223647458169204,0.0032237651796945066,0.003223882602721189,0.00322399972914319,0.003224116560834204,0.003224233099649077,0.00322434934742312,0.0032244653059723322,0.003224580977094714,0.0032246963625692762,0.003224811464157165,0.0032249262836014526,0.0032250408226275644,0.003225155082943627,0.0032252690662405064,0.003225382774192059,0.003225496208455594,0.0032256093706718473,0.003225722262465294,0.003225834885444241,0.003225947241201306,0.0032260593313134527,0.003226171157342349,0.0032262827208346763,0.003226394023321686,0.0032265050663201106,0.0032266158513318587,0.003226726379844706,0.0032268366533321287,0.0032269466732537653,0.0032270564410551736,0.0032271659581677506,0.003227275226010365,0.0032273842459880995,0.003227493019493187,0.0032276015479045283,0.00322770983258926,0.0032278178748999164,0.0032279256761775306,0.0032280332377516057,0.003228140560938512,0.0032282476470431275,0.0032283544973582008,0.003228461113165365,0.0032285674957337326,0.0032286736463214834,0.0032287795661760836,0.003228885256532812,0.0032289907186164755,0.0032290959536406803,0.0032292009628094097,0.0032293057473148775,0.0032294103083392515,0.003229514647054519,0.0032296187646219214,0.003229722662193124,0.0032298263409096524,0.0032299298019031805,0.003230033046295463,0.003230136075199309,0.0032302388897176076,0.0032303414909432087,0.0032304438799606707,0.0032305460578449002,0.003230648025661407,0.0032307497844680584,0.003230851335312424,0.0032309526792340068,0.00323105381726426,0.003231154750424119,0.0032312554797268023,0.003231356006179764,0.0032314563307792956,0.00323155645451393,0.003231656378364955,0.0032317561033050066,0.0032318556302993475,0.0032319549603051076,0.0032320540942717916,0.0032321530331410105,0.0032322517778478835,0.003232350329318463,0.0032324486884728683,0.0032325468562226585,0.003232644833473605,0.003232742621123231,0.003232840220062528,0.0032329376311750267,0.003233034855337972,0.0032331318934210006,0.003233228746287997,0.0032333254147954853,0.0032334218997934097,0.003233518202125508,0.0032336143226287285,0.0032337102621335613,0.00323380602146497,0.0032339016014403836,0.003233997002871863,0.00323409222656588,0.0032341872733207813,0.003234282143930764,0.0032343768391836936,0.003234471359861409,0.0032345657067398867,0.003234659880589507,0.0032347538821747845,0.0032348477122545525,0.003234941371582529,0.0032350348609065972,0.0032351281809676574,0.0032352213325043165,0.0032353143162479046,0.0032354071329241197,0.0032354997832543765,0.0032355922679544826,0.0032356845877350876,0.0032357767433020546,0.0032358687353554764,0.0032359605645911065,0.0032360522316996197,0.00323614373736736,0.003236235082273924,0.003236326267096078,0.003236417292505133,0.0032365081591676313,0.0032365988677458264,0.003236689418896769,0.0032367798132733544,0.0032368700515241163,0.003236960134292337,0.0032370500622176702,0.003237139835934944,0.0032372294560747703,0.003237318923263489,0.0032374082381232535,0.003237497401271699,0.0032375864133225474,0.0032376752748852025,0.0032377639865651922,0.0032378525489628216,0.0032379409626766566,0.0032380292282993732,0.003238117346420355,0.003238205317624835,0.0032382931424944006,0.0032383808216066455,0.003238468355535362,0.0032385557448506223,0.003238642990118724,0.0032387300919028395,0.0032388170507607577,0.0032389038672482953,0.00323899054191712,0.0032390770753152748,0.0032391634679873596,0.0032392497204743824,0.003239335833313703,0.0032394218070398145,0.0032395076421832,0.0032395933392712095,0.003239678898827828,0.003239764321373975,0.0032398496074260257,0.0032399347574987056,0.0032400197721026815,0.003240104651745572,0.0032401893969316964,0.0032402740081625705,0.0032403584859360722,0.0032404428307468086,0.0032405270430874837,0.0032406111234467862,0.0032406950723107937,0.0032407788901621954,0.0032408625774809495,0.003240946134744292,0.003241029562425788,0.0032411128609967977,0.0032411960309256323,0.0032412790726774666,0.003241361986715513,0.003241444773499771,0.003241527433486481,0.0032416099671300157,0.003241692374882932,0.003241774657193238,0.0032418568145074224,0.0032419388472690624,0.003242020755919172,0.003242102540895808,0.0032421842026348537,0.003242265741569777,0.00324234715813045,0.003242428452745274,0.0032425096258397574,0.0032425906778371454,0.003242671609157941,0.003242752420220298,0.00324283311143995,0.0032429136832301765,0.0032429941360017337,0.0032430744701638873,0.0032431546861223268,0.003243234784280703,0.00324331476504077,0.003243394628801985,0.003243474375961255,0.003243554006913269,0.003243633522050241,0.0032437129217631785,0.0032437922064397847,0.003243871376466319,0.003243950432225617,0.003244029374099926,0.0032441082024686485,0.0032441869177088517,0.0032442655201959645,0.0032443440103029552,0.003244422388400986,0.0032445006548590676,0.0032445788100441326,0.003244656854321144,0.003244734788053116,0.0032448126116009827,0.003244890325323823,0.0032449679295783627,0.003245045424719869,0.0032451228111012843,0.003245200089074042,0.003245277258987404,0.003245354321188993,0.0032454312760239875,0.003245508123836526,0.00324558486496814,0.003245661499758873,0.0032457380285470425,0.0032458144516689918,0.0032458907694593304,0.003245966982251092,0.003246043090375249,0.003246119094161274,0.003246194993936445,0.003246270790026778,0.003246346482756486,0.0032464220724480134,0.0032464975594219707,0.00324657294399761,0.0032466482264924515,0.0032467234072220868,0.0032467984865007108,0.003246873464640848,0.003246948341953433,0.0032470231187476796,0.003247097795331464,0.0032471723720107902,0.0032472468490907006,0.0032473212268732065,0.0032473955056603904,0.003247469685752152,0.003247543767447139,0.0032476177510414907,0.0032476916368312614,0.0032477654251100614,0.003247839116170265,0.003247912710302968,0.003247986207797519,0.0032480596089416755,0.003248132914022762,0.0032482061233255286,0.0032482792371337317,0.0032483522557293816,0.0032484251793939937,0.0032484980084068853,0.0032485707430461013,0.0032486433835885657,0.0032487159303099013,0.003248788383483237,0.003248860743382299,0.0032489330102780634,0.0032490051844411556,0.0032490772661392287,0.0032491492556405072,0.0032492211532110667,0.003249292959115101,0.003249364673617109,0.003249436296979157,0.003249507829462186,0.0032495792713263,0.0032496506228294362,0.003249721884227977,0.0032497930557801886,0.0032498641377401456,0.00324993513036132,0.0032500060338960224,0.003250076848595589,0.0032501475747105848,0.003250218212489174,0.003250288762178845,0.0032503592240267923,0.0032504295982779,0.0032504998851765813,0.003250570084965948,0.0032506401978879755,0.0032507102241834183,0.003250780164091966,0.0032508500178521477,0.003250919785701343,0.003250989467876326,0.003251059064612126,0.0032511285761429505,0.003251198002701764,0.003251267344520962,0.00325133660183133,0.0032514057748628555,0.0032514748638441397,0.0032515438690033037,0.003251612790567231,0.0032516816287616575,0.0032517503838116516,0.0032518190559401067,0.0032518876453700874,0.0032519561523233547,0.003252024577020683,0.0032520929196821527,0.0032521611805257145,0.003252229359769514,0.003252297457630024,0.003252365474323624,0.0032524334100650335,0.003252501265067815,0.0032525690395452957,0.0032526367337097246,0.0032527043477714604,0.0032527718819411163,0.00325283933642818,0.003252906711440106,0.0032529740071844276,0.0032530412238683955,0.0032531083616969794,0.003253175420875231,0.003253242401606197,0.0032533093040935167,0.003253376128538716,0.0032534428751434703,0.003253509544107452,0.003253576135630153,0.0032536426499104446,0.0032537090871458435,0.0032537754475331078,0.0032538417312683783,0.0032539079385467424,0.003253974069562439,0.003254040124509007,0.0032541061035791805,0.003254172006964698,0.003254237834856594,0.0032543035874451993,0.0032543692649200564,0.0032544348674695086,0.0032545003952814257,0.003254565848542804,0.003254631227439905,0.003254696532158254,0.0032547617628824873,0.003254826919796552,0.0032548920030835856,0.0032549570129258272,0.003255021949505047,0.003255086813002323,0.0032551516035973413,0.0032552163214696187,0.003255280966797829,0.003255345539759834,0.003255410040532736,0.003255474469293073,0.0032555388262164708,0.0032556031114779494,0.003255667325251835,0.003255731467711128,0.003255795539029577,0.0032558595393790807,0.0032559234689308724,0.0032559873278557587,0.003256051116323741,0.0032561148345042375,0.003256178482565406,0.003256242060676313,0.003256305569003754,0.003256369007714366,0.003256432376974168,0.0032564956769484186,0.003256558907801853,0.003256622069698481,0.0032566851628014486,0.003256748187273694,0.0032568111432772144,0.0032568740309733687,0.0032569368505229413,0.003256999602086038,0.003257062285822195,0.003257124901890297,0.0032571874504488817,0.0032572499316548815,0.00325731234566558,0.003257374692637923,0.0032574369727269275,0.0032574991860880205,0.003257561332875856,0.0032576234132443566,0.0032576854273469458,0.003257747375336266,0.003257809257364669,0.0032578710735836898,0.003257932824144078,0.0032579945091965015,0.003258056128891027,0.0032581176833764033,0.0032581791728014953,0.0032582405973145974,0.003258301957063072,0.003258363252194084,0.0032584244828539116,0.0032584856491883587,0.0032585467513430296,0.0032586077894625385,0.0032586687636910376,0.0032587296741723283,0.003258790521049474,0.003258851304465138,0.0032589120245612962,0.003258972681479468,0.0032590332753606407,0.0032590938063452647,0.003259154274573276,0.003259214680184109,0.0032592750233165807,0.0032593353041090907,0.003259395522699507,0.003259455679225143,0.0032595157738228345,0.0032595758066289223,0.003259635777779138,0.003259695687409564,0.0032597555356536504,0.00325981532264675,0.0032598750485220065,0.0032599347134139645,0.003259994317453824,0.0032600538607745837,0.003260113343508206,0.0032601727657861463,0.0032602321277393344,0.0032602914294980615,0.003260350671192272,0.00326040985295167,0.003260468974905191,0.0032605280371813374,0.0032605870399082114,0.003260645983213451,0.0032607048672244113,0.0032607636920674297,0.003260822457869312,0.003260881164755425,0.0032609398128511944,0.0032609984022812597,0.003261056933170305,0.0032611154056425657,0.003261173819821282,0.0032612321758296744,0.0032612904737900207,0.0032613487138255,0.0032614068960574605,0.003261465020607165,0.0032615230875958903,0.003261581097143995,0.00326163904937156,0.003261696944398294,0.003261754782343351,0.0032618125633258614,0.003261870287463966,0.003261927954875987,0.0032619855656793643,0.0032620431199913277,0.0032621006179286804,0.00326215805960778,0.0032622154451445767,0.003262272774654768,0.0032623300482534407,0.0032623872660553746,0.003262444428174873,0.0032625015347260023,0.0032625585858222627,0.0032626155815770625,0.003262672522103161,0.0032627294075128817,0.0032627862379183345,0.0032628430134311426,0.003262899734162622,0.003262956400223691,0.0032630130117250085,0.0032630695687768285,0.0032631260714882384,0.003263182519970045,0.003263238914329306,0.0032632952546756896,0.0032633515411174627,0.003263407773762549,0.003263463952718534,0.0032635200780925843,0.0032635761499915,0.0032636321685219163,0.003263688133789882,0.0032637440459010636,0.0032637999049612123,0.0032638557110749393,0.0032639114643475426,0.0032639671648827277,0.00326402281278483,0.0032640784081572564,0.0032641339511041423,0.0032641894417277783,0.0032642448801311038,0.003264300266416107,0.003264355600685059,0.003264410883039619,0.0032644661135807873,0.003264521292409802,0.0032645764196272188,0.0032646314953333378,0.003264686519627499,0.0032647414926107224,0.003264796414381635,0.003264851285039133,0.003264906104682124,0.003264960873408676,0.003265015591317247,0.0032650702585054077,0.003265124875070509,0.003265179441109564,0.0032652339567195566,0.0032652884219966905,0.003265342837037277,0.003265397201937012,0.003265451516791753,0.0032655057816965696,0.003265559996746437,0.0032656141620358453,0.0032656682776589247,0.0032657223437098917,0.003265776360282627,0.0032658303274711634,0.0032658842453677068,0.0032659381140659207,0.0032659919336572663,0.003266045704234449,0.003266099425889546,0.003266153098714198,0.003266206722799656,0.003266260298237203,0.0032663138251175098,0.00326636730353111,0.0032664207335682564,0.0032664741153188483,0.0032665274488725957,0.0032665807343188876,0.0032666339717470835,0.0032666871612462406,0.0032667403029036524,0.003266793396808485,0.003266846443048686,0.003266899441711999,0.0032669523928856923,0.00326700529665713,0.0032670581531130507,0.0032671109623403096,0.0032671637244252936,0.003267216439454303,0.0032672691075126842,0.0032673217286862104,0.0032673743030603706,0.0032674268307201553,0.0032674793117503475,0.003267531746235586,0.0032675841342600866,0.0032676364759075018,0.0032676887712621686,0.0032677410204067186,0.0032677932234258518,0.003267845380401986,0.0032678974914175994,0.003267949556555368,0.0032680015758973337,0.0032680535495262747,0.003268105477523109,0.0032681573599695367,0.003268209196946955,0.0032682609885364327,0.003268312734818813,0.0032683644358745254,0.003268416091783806,0.003268467702626838,0.003268519268483416,0.0032685707894330764,0.0032686222655554167,0.0032686736969290663,0.0032687250836332376,0.003268776425746544,0.003268827723347042,0.0032688789765135118,0.0032689301853236195,0.0032689813498552093,0.0032690324701855696,0.0032690835463920686,0.0032691345785514974,0.003269185566740738,0.0032692365110368825,0.003269287411515471,0.0032693382682529694,0.0032693382682529703,0.0032693382682529686,0.0032693382682529673,0.0032693382682529686,0.003269338268252968,0.0032693382682529673,0.0032693382682529677,0.003269338268252969,0.003269338268252968,0.0032693382682529686,0.003269338268252969,0.003269338268252968,0.0032693382682529686,0.0032693382682529677,0.003269338268252969,0.0032693382682529694,0.003269338268252969,0.003269338268252969,0.0032693382682529694,0.003269338268252969,0.003269338268252969,0.0032693382682529694,0.003269338268252968,0.0032693382682529673,0.003269338268252968,0.0032693382682529655,0.0032693382682529677,0.003269338268252969,0.0032693382682529673,0.0032693382682529673,0.003269338268252967,0.003269338268252967,0.0032693382682529664,0.0032693382682529673,0.003269338268252969,0.003269338268252967,0.0032693382682529677,0.003269338268252967,0.0032693382682529664,0.003269338268252967,0.0032693382682529677,0.0032693382682529673,0.0032693382682529655,0.003269338268252967,0.0032693382682529673,0.003269338268252967,0.00326933826825297,0.0032693382682529673,0.003269338268252968,0.0032693382682529677,0.0032693382682529755,0.0032693382682529746,0.003269338268252975,0.0032693382682529746,0.0032693382682529755,0.0032693382682529755,0.0032693382682529772,0.003269338268252976,0.0032693382682529755,0.003269338268252976,0.003269338268252976,0.0032693382682529755,0.0032693382682529755,0.003269338268252976,0.003269338268252977,0.0032693382682529764,0.003269338268252976,0.003269338268252975,0.0032693382682529755,0.0032693382682529764,0.003269338268252973,0.0032693382682529746,0.0032693382682529755,0.0032693382682529755,0.003269338268252973,0.003269338268252974,0.0032693382682529746,0.003269338268252975,0.0032693382682529725,0.0032693382682529755,0.0032693382682529755,0.003269338268252974,0.003269338268252975,0.0032693382682529755,0.003269338268252975,0.0032693382682529746,0.0032693382682529725,0.0032693382682529755,0.003269338268252973,0.0032693382682529733,0.003269338268252974,0.0032693382682529746,0.003269338268252973,0.0032693382682529733,0.0032693382682529725,0.003269338268252973,0.0032693382682529733,0.003269338268252973,0.0032693382682529725,0.0032693382682529725,0.0032693382682529725,0.003269338268252972,0.0032693382682529725,0.0032693382682529738,0.0032693382682529738,0.003269338268252975,0.003269338268252975,0.0032693382682529764,0.003269338268252975,0.003269338268252975,0.0032693382682529746,0.003269338268252975,0.0032693382682529755,0.003269338268252975,0.003269338268252975,0.0032693382682529755,0.003269338268252976,0.0032693382682529755,0.003269338268252976,0.003269338268252975,0.0032693382682529755,0.003269338268252977,0.003269338268252975,0.003269338268252975,0.0032693382682529755,0.003269338268252975,0.0032693382682529746,0.0032693382682529755,0.003269338268252975,0.003269338268252975,0.003269338268252975,0.003269338268252974,0.0032693382682529746,0.003269338268252975,0.003269338268252974,0.003269338268252975,0.0032693382682529746,0.003269338268252975,0.0032693382682529746,0.003269338268252975,0.0032693382682529755,0.0032693382682529755,0.0032693382682529764,0.003269338268252977,0.0032693382682529755,0.0032693382682529764,0.003269338268252975,0.003269338268252975,0.003269338268252975,0.0032693382682529746,0.0032693382682529746,0.003269338268252975,0.003269338268252975,0.0032693382682529746,0.0032693382682529746,0.003269338268252975,0.0032693382682529746,0.003269338268252975,0.0032693382682529755,0.0032693382682529746,0.003269338268252975,0.003269338268252976,0.0032693382682529755,0.003269338268252976,0.003269338268252976,0.003269338268252976,0.0032693382682529755,0.003269338268252976,0.0032693382682529772,0.003269338268252976,0.0032693382682529764,0.0032693382682529772,0.003269338268252976,0.0032693382682529764,0.0032693382682529746,0.003269338268252975,0.003269338268252975,0.003269338268252974,0.003269338268252975,0.003269338268252975,0.0032693382682529755,0.003269338268252978,0.003269338268252978,0.00326933826825298,0.0032693382682529785,0.0032693382682529785,0.003269338268252978,0.003269338268252979,0.0032693382682529785,0.003269338268252978,0.0032693382682529794,0.0032693382682529785,0.0032693382682529785,0.0032693382682529794,0.0032693382682529785,0.0032693382682529785,0.003269338268252978,0.0032693382682529785,0.0032693382682529794,0.0032693382682529785,0.0032693382682529785,0.003269338268252979,0.0032693382682529785,0.003269338268252978,0.0032693382682529785,0.003269338268252978,0.0032693382682529785,0.0032693382682529777,0.0032693382682529785,0.0032693382682529772,0.0032693382682529777,0.003269338268252978,0.0032693382682529764,0.003269338268252979,0.003269338268252978,0.0032693382682529794,0.00326933826825298,0.0032693382682529794,0.0032693382682529794,0.0032693382682529794,0.003269338268252979,0.00326933826825298,0.0032693382682529794,0.00326933826825298,0.00326933826825298,0.0032693382682529803,0.00326933826825298,0.0032693382682529803,0.00326933826825298,0.0032693382682529794,0.0032693382682529807,0.0032693382682529785,0.0032693382682529803,0.0032693382682529807,0.0032693382682529807,0.0032693382682529803,0.0032693382682529807,0.0032693382682529807,0.0032693382682529807,0.0032693382682529807,0.00326933826825298,0.0032693382682529807,0.003269338268252981,0.0032693382682529807,0.0032693382682529803,0.0032693382682529807,0.0032693382682529807,0.0032693382682529803,0.00326933826825298,0.0032693382682529803,0.00326933826825298,0.0032693382682529785,0.00326933826825298,0.0032693382682529785,0.0032693382682529785,0.0032693382682529777,0.003269338268252978,0.0032693382682529777,0.0032693382682529772,0.0032693382682529785,0.0032693382682529777,0.003269338268252978,0.0032693382682529785,0.0032693382682529794,0.003269338268252979,0.0032693382682529777,0.0032693382682529785,0.003269338268252978,0.0032693382682529785,0.0032693382682529794,0.0032693382682529785,0.003269338268252979,0.003269338268252978,0.0032693382682529785,0.0032693382682529785,0.003269338268252978,0.003269338268252978,0.0032693382682529772,0.0032693382682529777,0.003269338268252978,0.0032693382682529772,0.003269338268252977,0.003269338268252977,0.003269338268252977,0.0032693382682529777,0.003269338268252977,0.0032693382682529755,0.0032693382682529772,0.003269338268252975,0.0032693382682529746,0.0032693382682529746,0.0032693382682529746,0.0032693382682529746,0.003269338268252975,0.003269338268252975,0.003269338268252974,0.003269338268252974,0.0032693382682529746,0.003269338268252974,0.003269338268252974,0.0032693382682529755,0.0032693382682529746,0.003269338268252975,0.0032693382682529755,0.0032693382682529746,0.003269338268252975,0.0032693382682529746,0.003269338268252975,0.0032693382682529746,0.003269338268252976,0.0032693382682529764,0.0032693382682529764,0.003269338268252975,0.003269338268252976,0.003269338268252976,0.0032693382682529764,0.003269338268252975,0.003269338268252975,0.003269338268252975,0.0032693382682529746,0.003269338268252975,0.003269338268252975,0.0032693382682529772,0.0032693382682529764,0.003269338268252976,0.0032693382682529755,0.0032693382682529764,0.003269338268252975,0.0032693382682529755,0.0032693382682529738,0.0032693382682529755,0.0032693382682529746,0.0032693382682529746,0.003269338268252975,0.003269338268252975,0.003269338268252975,0.0032693382682529746,0.0032693382682529764,0.0032693382682529746,0.003269338268252975,0.0032693382682529755,0.003269338268252975,0.0032693382682529772,0.003269338268252975,0.0032693382682529746,0.003269338268252976,0.003269338268252976,0.003269338268252976,0.003269338268252976,0.0032693382682529755,0.0032693382682529764,0.003269338268252976,0.003269338268252975,0.003269338268252976,0.0032693382682529777,0.003269338268252975,0.0032693382682529746,0.0032693382682529755,0.0032693382682529746,0.0032693382682529746,0.003269338268252975,0.0032693382682529746,0.003269338268252975,0.0032693382682529746,0.003269338268252975,0.003269338268252974,0.003269338268252975,0.003269338268252975,0.0032693382682529746,0.0032693382682529746,0.003269338268252976,0.0032693382682529755,0.0032693382682529755,0.003269338268252975,0.0032693382682529746,0.0032693382682529764,0.003269338268252972,0.003269338268252975,0.0032693382682529733,0.0032693382682529746,0.0032693382682529733,0.003269338268252975,0.003269338268252974,0.003269338268252975,0.0032693382682529746,0.003269338268252975,0.0032693382682529764,0.003269338268252974,0.003269338268252975,0.0032693382682529755,0.003269338268252975,0.003269338268252975,0.003269338268252976,0.003269338268252973,0.003269338268252976,0.0032693382682529764,0.0032693382682529764,0.0032693382682529755,0.0032693382682529764,0.0032693382682529755,0.003269338268252976,0.0032693382682529764,0.0032693382682529755,0.003269338268252976,0.0032693382682529755,0.0032693382682529755,0.0032693382682529755,0.003269338268252976,0.003269338268252975,0.0032693382682529764,0.0032693382682529755,0.0032693382682529755,0.003269338268252976,0.003269338268252976,0.003269338268252976,0.003269338268252976,0.0032693382682529755,0.0032693382682529755,0.003269338268252976,0.0032693382682529755,0.0032693382682529755,0.0032693382682529755,0.0032693382682529755,0.003269338268252975,0.003269338268252976,0.0032693382682529755,0.003269338268252976,0.003269338268252978,0.0032693382682529772,0.003269338268252977,0.003269338268252977,0.003269338268252977,0.003269338268252978,0.0032693382682529777,0.003269338268252977,0.003269338268252977,0.0032693382682529772,0.0032693382682529772,0.003269338268252977,0.003269338268252978,0.0032693382682529772,0.003269338268252977,0.0032693382682529764,0.003269338268252977,0.003269338268252977,0.0032693382682529772,0.003269338268252977,0.003269338268252978,0.003269338268252977,0.003269338268252977,0.0032693382682529772,0.003269338268252975,0.003269338268252975,0.003269338268252975,0.0032693382682529746,0.0032693382682529755,0.0032693382682529755,0.003269338268252975,0.0032693382682529746,0.003269338268252975,0.0032693382682529772,0.003269338268252975,0.0032693382682529755,0.003269338268252977,0.0032693382682529755,0.003269338268252976,0.0032693382682529772,0.0032693382682529755,0.003269338268252976,0.003269338268252976,0.003269338268252975,0.0032693382682529764,0.0032693382682529755,0.0032693382682529755,0.0032693382682529764,0.0032693382682529764,0.003269338268252977,0.003269338268252975,0.003269338268252975,0.0032693382682529746,0.0032693382682529755,0.0032693382682529755,0.003269338268252975,0.0032693382682529746,0.003269338268252973,0.0032693382682529746,0.0032693382682529746,0.0032693382682529733,0.0032693382682529764,0.0032693382682529755,0.0032693382682529746,0.003269338268252976,0.0032693382682529733,0.0032693382682529746,0.0032693382682529755,0.0032693382682529746,0.0032693382682529746,0.0032693382682529746,0.0032693382682529738,0.003269338268252974,0.0032693382682529738,0.0032693382682529738,0.0032693382682529738,0.0032693382682529725,0.0032693382682529738,0.0032693382682529738,0.0032693382682529733,0.003269338268252973,0.0032693382682529738,0.0032693382682529738,0.003269338268252973,0.003269338268252973,0.003269338268252973,0.0032693382682529738,0.003269338268252973,0.003269338268252973,0.0032693382682529733,0.003269338268252973,0.0032693382682529733,0.0032693382682529738,0.003269338268252973,0.003269338268252973,0.0032693382682529725,0.0032693382682529733,0.003269338268252973,0.003269338268252975,0.003269338268252973,0.0032693382682529738,0.0032693382682529725,0.0032693382682529746,0.003269338268252974,0.0032693382682529738,0.0032693382682529733,0.0032693382682529746,0.0032693382682529725,0.0032693382682529725,0.003269338268252974,0.0032693382682529733,0.003269338268252975,0.0032693382682529738,0.003269338268252975,0.003269338268252974,0.0032693382682529746,0.003269338268252975,0.0032693382682529746,0.003269338268252975,0.0032693382682529738,0.0032693382682529746,0.0032693382682529733,0.0032693382682529746,0.0032693382682529755,0.003269338268252975,0.0032693382682529746,0.0032693382682529746,0.0032693382682529746,0.003269338268252974,0.0032693382682529764,0.0032693382682529746,0.003269338268252974,0.0032693382682529716,0.0032693382682529733,0.003269338268252972,0.0032693382682529733,0.003269338268252973,0.003269338268252973,0.003269338268252973,0.0032693382682529725,0.003269338268252974,0.003269338268252974,0.003269338268252975,0.0032693382682529725,0.003269338268252974,0.0032693382682529738,0.003269338268252974,0.003269338268252974,0.0032693382682529738,0.0032693382682529738,0.0032693382682529755,0.003269338268252974,0.0032693382682529746,0.003269338268252973,0.0032693382682529738,0.003269338268252974,0.0032693382682529738,0.003269338268252974,0.003269338268252975,0.0032693382682529738,0.003269338268252974,0.003269338268252974,0.0032693382682529746,0.003269338268252974,0.0032693382682529746,0.0032693382682529746,0.0032693382682529746,0.0032693382682529733,0.0032693382682529738,0.0032693382682529738,0.0032693382682529746,0.003269338268252975,0.003269338268252974,0.0032693382682529746,0.003269338268252974,0.003269338268252973,0.0032693382682529746,0.003269338268252974,0.0032693382682529738,0.003269338268252974,0.0032693382682529738,0.0032693382682529725,0.003269338268252975,0.0032693382682529746,0.003269338268252976,0.003269338268252975,0.003269338268252974,0.003269338268252974,0.0032693382682529738,0.0032693382682529738,0.0032693382682529738,0.003269338268252975,0.0032693382682529746,0.003269338268252975,0.003269338268252974,0.0032693382682529746,0.0032693382682529733,0.0032693382682529738,0.003269338268252974,0.003269338268252974,0.0032693382682529738,0.0032693382682529738,0.003269338268252974,0.003269338268252974,0.0032693382682529746,0.003269338268252975,0.003269338268252974,0.003269338268252974,0.0032693382682529746,0.0032693382682529746,0.003269338268252974,0.003269338268252974,0.003269338268252974,0.0032693382682529755,0.003269338268252975,0.0032693382682529746,0.003269338268252974,0.0032693382682529738,0.0032693382682529738,0.003269338268252974,0.003269338268252974,0.0032693382682529738,0.003269338268252973,0.0032693382682529733,0.003269338268252972,0.0032693382682529733,0.0032693382682529733,0.003269338268252973,0.0032693382682529733,0.0032693382682529738,0.0032693382682529725,0.0032693382682529738,0.0032693382682529738,0.0032693382682529738,0.003269338268252972,0.0032693382682529738,0.0032693382682529733,0.003269338268252973,0.0032693382682529738,0.003269338268252973,0.0032693382682529733,0.003269338268252973,0.0032693382682529733,0.003269338268252973,0.0032693382682529733,0.0032693382682529738,0.0032693382682529733,0.0032693382682529733,0.0032693382682529746,0.0032693382682529642,0.00326933826825296,0.0032693382682529625,0.0032693382682529677,0.0032693382682529647,0.003269338268252964,0.0032693382682529647,0.003269338268252964,0.003269338268252964,0.0032693382682529642,0.0032693382682529634,0.0032693382682529634,0.003269338268252964,0.0032693382682529647,0.0032693382682529642,0.0032693382682529647,0.003269338268252965,0.003269338268252964,0.003269338268252965,0.0032693382682529655,0.0032693382682529647,0.0032693382682529642,0.0032693382682529642,0.0032693382682529642,0.0032693382682529642,0.0032693382682529655,0.0032693382682529655,0.0032693382682529642,0.003269338268252965,0.003269338268252965,0.003269338268252965,0.0032693382682529655,0.003269338268252965,0.0032693382682529655,0.0032693382682529655,0.003269338268252965,0.0032693382682529655,0.0032693382682529647,0.003269338268252966,0.003269338268252966,0.0032693382682529642,0.0032693382682529642,0.003269338268252966,0.003269338268252966,0.0032693382682529647,0.003269338268252966,0.0032693382682529642,0.0032693382682529655,0.0032693382682529655,0.0032693382682529664,0.0032693382682529655,0.0032693382682529655,0.0032693382682529647,0.0032693382682529673,0.0032693382682529664,0.0032693382682529655,0.0032693382682529655,0.0032693382682529655,0.003269338268252966,0.0032693382682529655,0.0032693382682529655,0.003269338268252966,0.0032693382682529664,0.0032693382682529664,0.003269338268252966,0.0032693382682529664,0.0032693382682529673,0.003269338268252966,0.0032693382682529655,0.0032693382682529655,0.0032693382682529655,0.0032693382682529655,0.003269338268252966,0.0032693382682529655,0.0032693382682529655,0.003269338268252965,0.0032693382682529634,0.0032693382682529642,0.0032693382682529642,0.0032693382682529642,0.003269338268252965,0.003269338268252965,0.0032693382682529647,0.003269338268252965,0.0032693382682529647,0.003269338268252965,0.0032693382682529647,0.0032693382682529655,0.003269338268252965,0.003269338268252966,0.0032693382682529655,0.003269338268252965,0.0032693382682529655,0.0032693382682529655,0.003269338268252966,0.003269338268252966,0.0032693382682529655,0.0032693382682529655,0.003269338268252965,0.003269338268252966,0.0032693382682529655,0.003269338268252966,0.003269338268252966,0.003269338268252965,0.003269338268252966,0.0032693382682529664,0.003269338268252966,0.0032693382682529664,0.0032693382682529664,0.0032693382682529655,0.0032693382682529655,0.0032693382682529655,0.003269338268252966,0.003269338268252966,0.0032693382682529664,0.0032693382682529664,0.003269338268252966,0.0032693382682529664,0.003269338268252966,0.0032693382682529677,0.0032693382682529677,0.0032693382682529664,0.0032693382682529655,0.0032693382682529677,0.0032693382682529664,0.003269338268252965,0.003269338268252966,0.003269338268252966,0.003269338268252967,0.0032693382682529664,0.003269338268252965,0.003269338268252966,0.003269338268252967,0.0032693382682529655,0.0032693382682529642,0.0032693382682529673,0.0032693382682529655,0.003269338268252965,0.0032693382682529664,0.003269338268252966,0.0032693382682529664,0.003269338268252966,0.003269338268252966,0.0032693382682529664,0.003269338268252966,0.003269338268252966,0.003269338268252966,0.003269338268252966,0.0032693382682529664,0.0032693382682529655,0.003269338268252967,0.0032693382682529664,0.0032693382682529647,0.003269338268252966,0.0032693382682529655,0.003269338268252966,0.0032693382682529664,0.003269338268252966,0.003269338268252966,0.0032693382682529655,0.003269338268252966,0.0032693382682529664,0.003269338268252966,0.0032693382682529655,0.0032693382682529694,0.0032693382682529673,0.003269338268252967,0.003269338268252967,0.003269338268252967,0.003269338268252968,0.0032693382682529686,0.0032693382682529677,0.0032693382682529677,0.003269338268252968,0.0032693382682529686,0.0032693382682529686,0.0032693382682529677,0.0032693382682529677,0.003269338268252968,0.0032693382682529673,0.0032693382682529673,0.003269338268252965,0.0032693382682529673,0.0032693382682529677,0.0032693382682529686,0.0032693382682529686,0.003269338268252968,0.0032693382682529686,0.0032693382682529673,0.0032693382682529677,0.003269338268252967,0.003269338268252966,0.0032693382682529673,0.0032693382682529673,0.0032693382682529655,0.0032693382682529673,0.003269338268252966,0.003269338268252967,0.0032693382682529673,0.003269338268252967,0.0032693382682529673,0.0032693382682529673,0.003269338268252967,0.0032693382682529677,0.003269338268252966,0.0032693382682529686,0.003269338268252967,0.0032693382682529673,0.0032693382682529673,0.0032693382682529703,0.003269338268252965,0.0032693382682529664,0.003269338268252962,0.0032693382682529655,0.0032693382682529655,0.0032693382682529655,0.0032693382682529655,0.0032693382682529642,0.003269338268252966,0.0032693382682529655,0.0032693382682529655,0.003269338268252966,0.0032693382682529642,0.003269338268252965,0.0032693382682529655,0.003269338268252966,0.0032693382682529655,0.003269338268252966,0.0032693382682529655,0.003269338268252965,0.003269338268252966,0.003269338268252966,0.003269338268252965,0.003269338268252965,0.0032693382682529655,0.003269338268252966,0.0032693382682529655,0.003269338268252966,0.003269338268252966,0.003269338268252966,0.0032693382682529655,0.003269338268252966,0.0032693382682529655,0.0032693382682529655,0.0032693382682529655,0.0032693382682529647,0.003269338268252966,0.0032693382682529655,0.003269338268252965,0.003269338268252966,0.003269338268252967,0.003269338268252966,0.0032693382682529655,0.0032693382682529655,0.003269338268252966,0.0032693382682529664,0.0032693382682529655,0.003269338268252965,0.0032693382682529655,0.0032693382682529634,0.0032693382682529655,0.003269338268252966,0.0032693382682529655,0.0032693382682529655,0.003269338268252965,0.0032693382682529673,0.003269338268252966,0.003269338268252966,0.003269338268252966,0.003269338268252965,0.0032693382682529664,0.003269338268252965,0.003269338268252967,0.003269338268252966,0.0032693382682529664,0.0032693382682529664,0.0032693382682529664,0.0032693382682529673,0.003269338268252967,0.0032693382682529655,0.0032693382682529677,0.0032693382682529655,0.003269338268252967,0.0032693382682529673,0.003269338268252966,0.003269338268252966,0.0032693382682529655,0.0032693382682529655,0.003269338268252966,0.0032693382682529655,0.003269338268252965,0.003269338268252967,0.0032693382682529664,0.003269338268252967,0.003269338268252966,0.003269338268252966,0.003269338268252967,0.0032693382682529664,0.0032693382682529664,0.0032693382682529655,0.0032693382682529655,0.003269338268252966,0.0032693382682529655,0.003269338268252966,0.003269338268252964,0.003269338268252965,0.003269338268252965,0.003269338268252966,0.0032693382682529655,0.003269338268252965,0.003269338268252965,0.003269338268252965,0.003269338268252965,0.0032693382682529664,0.0032693382682529655,0.003269338268252966,0.003269338268252966,0.003269338268252966,0.003269338268252966,0.003269338268252966,0.0032693382682529655,0.0032693382682529655,0.0032693382682529655,0.0032693382682529677,0.0032693382682529655,0.0032693382682529655,0.003269338268252966,0.0032693382682529655,0.003269338268252967,0.003269338268252966,0.003269338268252966,0.0032693382682529664,0.0032693382682529664,0.0032693382682529664,0.0032693382682529655,0.003269338268252966,0.003269338268252966,0.003269338268252967,0.0032693382682529655,0.003269338268252966,0.003269338268252966,0.003269338268252966,0.003269338268252965,0.0032693382682529655,0.003269338268252967,0.0032693382682529664,0.0032693382682529655,0.003269338268252965,0.003269338268252967,0.003269338268252966,0.003269338268252966,0.0032693382682529655,0.003269338268252965,0.003269338268252965,0.0032693382682529655,0.0032693382682529655,0.003269338268252965,0.0032693382682529664,0.0032693382682529655,0.0032693382682529664,0.003269338268252967,0.003269338268252967,0.0032693382682529664,0.003269338268252967,0.0032693382682529677,0.0032693382682529664,0.0032693382682529673,0.0032693382682529664,0.0032693382682529655,0.003269338268252966,0.003269338268252966,0.003269338268252966,0.0032693382682529664,0.003269338268252966,0.0032693382682529664,0.0032693382682529655,0.003269338268252965,0.0032693382682529664,0.003269338268252966,0.0032693382682529664,0.003269338268252967,0.003269338268252966,0.0032693382682529673,0.0032693382682529664,0.003269338268252967,0.0032693382682529673,0.003269338268252967,0.003269338268252962,0.0032693382682529664,0.0032693382682529664,0.0032693382682529647,0.0032693382682529664,0.0032693382682529655,0.003269338268252966,0.0032693382682529655,0.0032693382682529655,0.003269338268252965,0.0032693382682529655,0.0032693382682529655,0.0032693382682529655,0.0032693382682529664,0.0032693382682529634,0.0032693382682529634,0.0032693382682529647,0.0032693382682529655,0.003269338268252965,0.003269338268252965,0.003269338268252965,0.0032693382682529655,0.003269338268252964,0.0032693382682529642,0.0032693382682529642,0.0032693382682529634,0.003269338268252963,0.0032693382682529647,0.0032693382682529647,0.0032693382682529655,0.003269338268252966,0.0032693382682529655,0.003269338268252965,0.0032693382682529642,0.003269338268252966,0.0032693382682529634,0.003269338268252964,0.003269338268252966,0.003269338268252964,0.003269338268252963,0.0032693382682529655,0.0032693382682529655,0.003269338268252964,0.003269338268252966,0.003269338268252966,0.0032693382682529655,0.003269338268252966,0.0032693382682529634,0.003269338268252965,0.003269338268252965,0.0032693382682529655,0.003269338268252964,0.0032693382682529655,0.0032693382682529642,0.0032693382682529655,0.003269338268252965,0.003269338268252965,0.0032693382682529647,0.0032693382682529642,0.0032693382682529647,0.0032693382682529655,0.003269338268252965,0.0032693382682529642,0.0032693382682529647,0.0032693382682529647,0.0032693382682529634,0.003269338268252966,0.003269338268252964,0.0032693382682529642,0.003269338268252965,0.003269338268252964,0.0032693382682529647,0.0032693382682529642,0.003269338268252964,0.0032693382682529642,0.0032693382682529647,0.003269338268252964,0.0032693382682529634,0.003269338268252964,0.0032693382682529642,0.0032693382682529642,0.003269338268252965,0.003269338268252965,0.0032693382682529647,0.0032693382682529655,0.003269338268252965,0.003269338268252965,0.0032693382682529655,0.0032693382682529647,0.003269338268252965,0.0032693382682529642,0.0032693382682529642,0.0032693382682529642,0.003269338268252965,0.0032693382682529647,0.0032693382682529647,0.003269338268252966,0.003269338268252965,0.0032693382682529647,0.0032693382682529634,0.003269338268252966,0.0032693382682529647,0.0032693382682529647,0.0032693382682529655,0.003269338268252966,0.0032693382682529664,0.003269338268252965,0.0032693382682529647,0.0032693382682529647,0.003269338268252965,0.003269338268252966,0.0032693382682529655,0.003269338268252966,0.0032693382682529655,0.003269338268252966,0.0032693382682529664,0.0032693382682529647,0.003269338268252967,0.0032693382682529655,0.003269338268252966,0.003269338268252966,0.003269338268252965,0.0032693382682529655,0.003269338268252966,0.0032693382682529655,0.0032693382682529647,0.0032693382682529664,0.0032693382682529664,0.0032693382682529664,0.003269338268252965,0.0032693382682529655,0.003269338268252966,0.0032693382682529655,0.0032693382682529655,0.0032693382682529655,0.0032693382682529655,0.0032693382682529664,0.0032693382682529655,0.0032693382682529655,0.0032693382682529664,0.003269338268252966,0.0032693382682529655,0.003269338268252966,0.003269338268252966,0.0032693382682529655,0.003269338268252966,0.0032693382682529655,0.003269338268252966,0.003269338268252966,0.0032693382682529664,0.0032693382682529655,0.003269338268252966,0.0032693382682529673,0.003269338268252966,0.003269338268252966,0.003269338268252966,0.003269338268252965,0.0032693382682529664,0.003269338268252967,0.003269338268252967,0.0032693382682529664,0.003269338268252966,0.0032693382682529677,0.003269338268252967,0.0032693382682529664,0.003269338268252965,0.003269338268252966,0.0032693382682529664,0.0032693382682529655,0.003269338268252967,0.0032693382682529664,0.0032693382682529655,0.0032693382682529655,0.0032693382682529664,0.003269338268252966,0.003269338268252967,0.003269338268252966,0.003269338268252966,0.0032693382682529664,0.003269338268252965,0.003269338268252966,0.0032693382682529664,0.0032693382682529664,0.003269338268252966,0.003269338268252966,0.003269338268252966,0.0032693382682529655,0.0032693382682529655,0.0032693382682529664,0.0032693382682529664,0.0032693382682529655,0.003269338268252966,0.0032693382682529655,0.0032693382682529664,0.0032693382682529647,0.0032693382682529655,0.0032693382682529655,0.003269338268252966,0.0032693382682529655,0.0032693382682529664,0.0032693382682529655,0.003269338268252966,0.0032693382682529655,0.0032693382682529642,0.0032693382682529647,0.003269338268252967,0.0032693382682529655,0.003269338268252965,0.003269338268252965,0.0032693382682529642,0.003269338268252966,0.0032693382682529655,0.003269338268252965,0.0032693382682529642,0.0032693382682529655,0.0032693382682529647,0.0032693382682529647,0.003269338268252966,0.0032693382682529655,0.0032693382682529655,0.0032693382682529655,0.003269338268252966,0.0032693382682529655,0.0032693382682529655,0.0032693382682529647,0.003269338268252966,0.0032693382682529655,0.0032693382682529655,0.003269338268252965,0.003269338268252966,0.003269338268252966,0.0032693382682529655,0.0032693382682529677,0.003269338268252966,0.0032693382682529655,0.003269338268252965,0.003269338268252966,0.0032693382682529647,0.0032693382682529677,0.0032693382682529647,0.003269338268252967,0.0032693382682529655,0.003269338268252966,0.0032693382682529655,0.0032693382682529664,0.0032693382682529673,0.003269338268252965,0.0032693382682529647,0.0032693382682529647,0.0032693382682529642,0.0032693382682529642,0.0032693382682529647,0.0032693382682529647,0.0032693382682529655,0.0032693382682529655,0.003269338268252966,0.0032693382682529655,0.0032693382682529655,0.0032693382682529664,0.0032693382682529655,0.003269338268252966,0.003269338268252966,0.0032693382682529655,0.003269338268252966,0.003269338268252967,0.003269338268252967,0.003269338268252965,0.003269338268252966,0.003269338268252966,0.003269338268252967,0.0032693382682529664,0.003269338268252966,0.003269338268252967,0.0032693382682529664,0.0032693382682529664,0.003269338268252966,0.003269338268252966,0.0032693382682529655,0.0032693382682529655,0.003269338268252966,0.0032693382682529664,0.003269338268252966,0.003269338268252964,0.0032693382682529647,0.0032693382682529647,0.0032693382682529655,0.003269338268252965,0.003269338268252966,0.003269338268252966,0.003269338268252966,0.003269338268252966,0.0032693382682529655,0.0032693382682529655,0.0032693382682529647,0.0032693382682529647,0.003269338268252966,0.003269338268252965,0.003269338268252965,0.0032693382682529647,0.003269338268252965,0.003269338268252966,0.003269338268252966,0.003269338268252966,0.003269338268252966,0.003269338268252966,0.003269338268252966,0.003269338268252966,0.003269338268252965,0.0032693382682529655,0.0032693382682529647,0.003269338268252965,0.003269338268252966,0.003269338268252966,0.003269338268252966,0.0032693382682529655,0.003269338268252966,0.003269338268252967,0.0032693382682529655,0.003269338268252965,0.0032693382682529655,0.003269338268252965,0.0032693382682529655,0.003269338268252966,0.0032693382682529655,0.0032693382682529647,0.003269338268252966,0.0032693382682529664,0.003269338268252966,0.0032693382682529664,0.0032693382682529655,0.003269338268252966,0.0032693382682529655,0.003269338268252966,0.003269338268252966,0.0032693382682529655,0.003269338268252965,0.0032693382682529647,0.0032693382682529655,0.003269338268252967,0.0032693382682529664,0.003269338268252966,0.003269338268252966,0.0032693382682529673,0.0032693382682529655,0.0032693382682529655,0.003269338268252966,0.0032693382682529486,0.0032693382682529594,0.00326933826825296,0.0032693382682529616,0.003269338268252961,0.003269338268252961,0.003269338268252961,0.003269338268252961,0.0032693382682529616,0.003269338268252962,0.003269338268252961,0.00326933826825296,0.003269338268252961,0.00326933826825296,0.00326933826825296,0.0032693382682529625,0.00326933826825296,0.00326933826825296,0.00326933826825296,0.0032693382682529603,0.003269338268252961,0.0032693382682529603,0.0032693382682529607,0.003269338268252961,0.00326933826825296,0.0032693382682529616,0.0032693382682529603,0.0032693382682529607,0.0032693382682529603,0.0032693382682529603,0.003269338268252962,0.0032693382682529616,0.003269338268252961,0.003269338268252961,0.003269338268252958,0.0032693382682529616,0.0032693382682529616,0.0032693382682529594,0.0032693382682529603,0.0032693382682529603,0.00326933826825296,0.0032693382682529607,0.00326933826825296,0.0032693382682529603,0.0032693382682529603,0.003269338268252961,0.0032693382682529616,0.0032693382682529603,0.0032693382682529603,0.0032693382682529594,0.00326933826825296,0.00326933826825296,0.0032693382682529594,0.0032693382682529603,0.0032693382682529603,0.00326933826825296,0.00326933826825296,0.00326933826825296,0.0032693382682529603,0.0032693382682529603,0.0032693382682529607,0.003269338268252961,0.0032693382682529607,0.003269338268252961,0.0032693382682529594,0.0032693382682529603,0.0032693382682529607,0.0032693382682529603,0.0032693382682529603,0.0032693382682529607,0.0032693382682529603,0.00326933826825296,0.00326933826825296,0.003269338268252961,0.0032693382682529607,0.003269338268252961,0.0032693382682529603,0.0032693382682529607,0.003269338268252962,0.0032693382682529607,0.0032693382682529603,0.00326933826825296,0.00326933826825296,0.0032693382682529594,0.0032693382682529603,0.00326933826825296,0.00326933826825296,0.00326933826825296,0.00326933826825296,0.0032693382682529603,0.0032693382682529603,0.0032693382682529603,0.0032693382682529603,0.00326933826825296,0.00326933826825296,0.0032693382682529594,0.003269338268252961,0.003269338268252961,0.0032693382682529603,0.0032693382682529603,0.0032693382682529607,0.0032693382682529607,0.0032693382682529603,0.0032693382682529616,0.0032693382682529616,0.003269338268252961,0.003269338268252962,0.0032693382682529603,0.003269338268252961,0.0032693382682529607,0.0032693382682529603,0.003269338268252962,0.003269338268252961,0.0032693382682529607,0.0032693382682529607,0.0032693382682529616,0.00326933826825296,0.00326933826825296,0.003269338268252962,0.0032693382682529607,0.0032693382682529603,0.0032693382682529607,0.003269338268252961,0.003269338268252961,0.0032693382682529616,0.003269338268252961,0.00326933826825296,0.0032693382682529594,0.0032693382682529603,0.0032693382682529603,0.0032693382682529616,0.003269338268252961,0.0032693382682529603,0.0032693382682529603,0.0032693382682529607,0.003269338268252961,0.0032693382682529607,0.003269338268252961,0.003269338268252961,0.0032693382682529616,0.003269338268252961,0.0032693382682529577,0.0032693382682529603,0.00326933826825296,0.0032693382682529603,0.0032693382682529603,0.0032693382682529603,0.0032693382682529603,0.0032693382682529616,0.0032693382682529594,0.00326933826825296,0.00326933826825296,0.0032693382682529607,0.0032693382682529586,0.003269338268252958,0.0032693382682529603,0.0032693382682529594,0.00326933826825296,0.0032693382682529603,0.00326933826825296,0.0032693382682529607,0.00326933826825296,0.00326933826825296,0.0032693382682529607,0.0032693382682529594,0.00326933826825296,0.00326933826825296,0.0032693382682529603,0.0032693382682529594,0.0032693382682529603,0.0032693382682529603,0.003269338268252961,0.0032693382682529607,0.0032693382682529607,0.0032693382682529594,0.0032693382682529603,0.0032693382682529607,0.0032693382682529616,0.003269338268252961,0.0032693382682529603,0.0032693382682529607,0.00326933826825296,0.003269338268252961,0.0032693382682529607,0.003269338268252961,0.003269338268252961,0.0032693382682529603,0.003269338268252961,0.0032693382682529603,0.0032693382682529616,0.0032693382682529594,0.0032693382682529616,0.0032693382682529603,0.0032693382682529616,0.0032693382682529607,0.0032693382682529603,0.00326933826825296,0.0032693382682529603,0.00326933826825296,0.00326933826825296,0.0032693382682529607,0.003269338268252961,0.0032693382682529607,0.003269338268252961,0.0032693382682529603,0.003269338268252961,0.0032693382682529603,0.003269338268252961,0.003269338268252961,0.003269338268252961,0.0032693382682529603,0.003269338268252961,0.003269338268252961,0.00326933826825296,0.00326933826825296,0.0032693382682529603,0.0032693382682529603,0.0032693382682529603,0.00326933826825296,0.0032693382682529603,0.0032693382682529603,0.0032693382682529603,0.0032693382682529603,0.0032693382682529603,0.0032693382682529603,0.0032693382682529603,0.0032693382682529603,0.00326933826825296,0.0032693382682529603,0.00326933826825296,0.0032693382682529603,0.0032693382682529603,0.0032693382682529603,0.0032693382682529594,0.0032693382682529594,0.003269338268252959,0.0032693382682529603,0.0032693382682529586,0.0032693382682529586,0.003269338268252959,0.00326933826825296,0.0032693382682529586,0.00326933826825296,0.003269338268252959,0.0032693382682529586,0.0032693382682529594,0.0032693382682529586,0.0032693382682529607,0.0032693382682529603,0.003269338268252961,0.0032693382682529594,0.0032693382682529603,0.0032693382682529594,0.003269338268252961,0.0032693382682529607,0.0032693382682529607,0.0032693382682529603,0.003269338268252961,0.0032693382682529607,0.003269338268252962,0.00326933826825296,0.0032693382682529607,0.00326933826825296,0.0032693382682529603,0.0032693382682529603,0.00326933826825296,0.0032693382682529616,0.003269338268252961,0.003269338268252961,0.003269338268252961,0.0032693382682529603,0.0032693382682529607,0.003269338268252962,0.0032693382682529607,0.003269338268252961,0.0032693382682529603,0.0032693382682529607,0.0032693382682529607,0.003269338268252961,0.003269338268252961,0.0032693382682529616,0.0032693382682529616,0.0032693382682529616,0.003269338268252961,0.0032693382682529616,0.0032693382682529616,0.003269338268252961,0.003269338268252961,0.0032693382682529607,0.0032693382682529607,0.003269338268252961,0.00326933826825296,0.0032693382682529603,0.0032693382682529603,0.00326933826825296,0.0032693382682529603,0.0032693382682529594,0.0032693382682529603,0.0032693382682529555,0.0032693382682529594,0.00326933826825296,0.003269338268252958,0.003269338268252961,0.0032693382682529603,0.003269338268252958,0.0032693382682529594,0.00326933826825296,0.00326933826825296,0.00326933826825296,0.003269338268252956,0.0032693382682529603,0.003269338268252958,0.0032693382682529573,0.0032693382682529586,0.0032693382682529586,0.00326933826825296,0.0032693382682529586,0.003269338268252959,0.00326933826825296,0.0032693382682529603,0.0032693382682529603,0.003269338268252959,0.0032693382682529594,0.00326933826825296,0.0032693382682529586,0.00326933826825296,0.0032693382682529603,0.0032693382682529577,0.003269338268252961,0.0032693382682529607,0.0032693382682529607,0.0032693382682529607,0.0032693382682529607,0.003269338268252961,0.003269338268252961,0.0032693382682529603,0.0032693382682529603,0.0032693382682529603,0.003269338268252961,0.003269338268252961,0.003269338268252961,0.0032693382682529616,0.0032693382682529616,0.003269338268252961,0.003269338268252963,0.003269338268252964,0.003269338268252964,0.003269338268252963,0.003269338268252961,0.003269338268252962,0.003269338268252962,0.003269338268252963,0.0032693382682529625,0.0032693382682529616,0.0032693382682529634,0.0032693382682529634,0.003269338268252963,0.0032693382682529625,0.003269338268252963,0.0032693382682529625,0.003269338268252963,0.0032693382682529634,0.0032693382682529634,0.003269338268252963,0.003269338268252962,0.0032693382682529634,0.0032693382682529634,0.0032693382682529634,0.003269338268252963,0.003269338268252963,0.003269338268252963,0.003269338268252963,0.0032693382682529625,0.0032693382682529634,0.003269338268252964,0.0032693382682529625,0.0032693382682529642,0.003269338268252964,0.0032693382682529634,0.0032693382682529634,0.0032693382682529634,0.0032693382682529634,0.0032693382682529642,0.003269338268252962,0.003269338268252964,0.0032693382682529634,0.0032693382682529634,0.0032693382682529634,0.003269338268252964,0.0032693382682529625,0.0032693382682529625,0.0032693382682529673,0.003269338268252967,0.0032693382682529655,0.0032693382682529655,0.0032693382682529677,0.0032693382682529664,0.0032693382682529673,0.0032693382682529677,0.0032693382682529664,0.0032693382682529655,0.0032693382682529673,0.0032693382682529673,0.003269338268252966,0.0032693382682529664,0.0032693382682529655,0.003269338268252966,0.0032693382682529664,0.0032693382682529664,0.003269338268252967,0.003269338268252966,0.0032693382682529664,0.003269338268252966,0.0032693382682529655,0.003269338268252966,0.0032693382682529655,0.003269338268252966,0.0032693382682529664,0.003269338268252966,0.0032693382682529655,0.003269338268252965,0.0032693382682529664,0.003269338268252965,0.0032693382682529655,0.0032693382682529655,0.003269338268252965,0.0032693382682529655,0.0032693382682529664,0.003269338268252965,0.003269338268252965,0.0032693382682529664,0.003269338268252966,0.003269338268252966,0.0032693382682529664,0.0032693382682529655,0.003269338268252966,0.003269338268252965,0.0032693382682529655,0.0032693382682529655,0.0032693382682529642,0.0032693382682529664,0.003269338268252964,0.003269338268252965,0.003269338268252965,0.0032693382682529664,0.0032693382682529664,0.0032693382682529655,0.0032693382682529655,0.0032693382682529664,0.003269338268252965,0.0032693382682529647,0.0032693382682529642,0.003269338268252965,0.003269338268252963,0.003269338268252964,0.003269338268252966,0.0032693382682529634,0.003269338268252965,0.003269338268252965,0.0032693382682529655,0.0032693382682529642,0.0032693382682529642,0.003269338268252965,0.0032693382682529634,0.0032693382682529642,0.0032693382682529655,0.0032693382682529642,0.0032693382682529647,0.003269338268252966,0.003269338268252964,0.003269338268252964,0.0032693382682529642,0.0032693382682529642,0.0032693382682529647,0.0032693382682529642,0.003269338268252964,0.0032693382682529647,0.0032693382682529642,0.003269338268252965,0.0032693382682529642,0.0032693382682529642,0.0032693382682529634,0.003269338268252966,0.003269338268252965,0.003269338268252966,0.0032693382682529647,0.0032693382682529647,0.003269338268252965,0.0032693382682529647,0.003269338268252966,0.003269338268252966,0.003269338268252964,0.0032693382682529647,0.0032693382682529647,0.0032693382682529642,0.003269338268252964,0.0032693382682529642,0.0032693382682529647,0.0032693382682529647,0.003269338268252965,0.0032693382682529647,0.0032693382682529664,0.0032693382682529634,0.003269338268252964,0.0032693382682529647,0.003269338268252965,0.0032693382682529647,0.0032693382682529642,0.0032693382682529647,0.0032693382682529642,0.0032693382682529642,0.0032693382682529647,0.0032693382682529642,0.0032693382682529655,0.0032693382682529642,0.0032693382682529647,0.0032693382682529655,0.0032693382682529647,0.0032693382682529647,0.0032693382682529642,0.0032693382682529647,0.003269338268252964,0.0032693382682529642,0.003269338268252965,0.0032693382682529642,0.003269338268252965,0.0032693382682529642,0.0032693382682529655,0.0032693382682529647,0.0032693382682529642,0.0032693382682529642,0.0032693382682529647,0.003269338268252965,0.003269338268252964,0.003269338268252965,0.003269338268252964,0.0032693382682529642,0.0032693382682529647,0.003269338268252965,0.0032693382682529642,0.003269338268252965,0.003269338268252965,0.003269338268252964,0.003269338268252965,0.003269338268252965,0.003269338268252964,0.003269338268252965,0.0032693382682529642,0.0032693382682529647,0.0032693382682529655,0.003269338268252965,0.0032693382682529642,0.0032693382682529647,0.0032693382682529634,0.003269338268252966,0.0032693382682529647,0.0032693382682529634,0.0032693382682529647,0.003269338268252966,0.0032693382682529655,0.0032693382682529642,0.003269338268252965,0.003269338268252965,0.0032693382682529655,0.0032693382682529664,0.003269338268252965,0.0032693382682529655,0.0032693382682529655,0.003269338268252964,0.0032693382682529655,0.003269338268252966,0.003269338268252966,0.0032693382682529655,0.0032693382682529655,0.003269338268252966,0.0032693382682529655,0.0032693382682529655,0.0032693382682529655,0.003269338268252966,0.003269338268252966,0.0032693382682529655,0.003269338268252966,0.003269338268252966,0.003269338268252966,0.0032693382682529655,0.003269338268252966,0.003269338268252966,0.0032693382682529655,0.003269338268252966,0.003269338268252965,0.003269338268252966,0.0032693382682529647,0.0032693382682529647,0.0032693382682529647,0.0032693382682529664,0.003269338268252965,0.003269338268252966,0.0032693382682529655,0.0032693382682529655,0.0032693382682529655,0.0032693382682529655,0.003269338268252966,0.0032693382682529664,0.0032693382682529655,0.0032693382682529655,0.0032693382682529655,0.0032693382682529655,0.003269338268252965,0.0032693382682529655,0.003269338268252965,0.0032693382682529655,0.003269338268252966,0.0032693382682529655,0.003269338268252967,0.003269338268252967,0.003269338268252967,0.0032693382682529677,0.0032693382682529664,0.003269338268252966,0.0032693382682529664,0.003269338268252967,0.0032693382682529664,0.0032693382682529664,0.003269338268252967,0.003269338268252967,0.003269338268252967,0.003269338268252965,0.0032693382682529655,0.003269338268252967,0.0032693382682529664,0.0032693382682529655,0.0032693382682529655,0.003269338268252966,0.003269338268252966,0.0032693382682529655,0.003269338268252965,0.003269338268252965,0.0032693382682529664,0.0032693382682529655,0.0032693382682529655,0.0032693382682529655,0.0032693382682529655,0.0032693382682529655,0.003269338268252966,0.003269338268252966,0.0032693382682529655,0.003269338268252966,0.0032693382682529655,0.003269338268252966,0.0032693382682529655,0.0032693382682529655,0.003269338268252966,0.0032693382682529655,0.003269338268252966,0.003269338268252966,0.0032693382682529664,0.0032693382682529655,0.003269338268252966,0.003269338268252966,0.003269338268252966,0.0032693382682529664,0.0032693382682529655,0.0032693382682529655,0.0032693382682529655,0.003269338268252966,0.0032693382682529655,0.0032693382682529655,0.003269338268252966,0.0032693382682529647,0.003269338268252965,0.0032693382682529655,0.0032693382682529642,0.0032693382682529655,0.003269338268252965,0.0032693382682529647,0.0032693382682529647,0.0032693382682529655,0.003269338268252965,0.003269338268252965,0.0032693382682529647,0.0032693382682529647,0.0032693382682529642,0.0032693382682529655,0.0032693382682529642,0.0032693382682529655,0.003269338268252965,0.003269338268252965,0.0032693382682529655,0.003269338268252964,0.003269338268252964,0.0032693382682529642,0.003269338268252964,0.0032693382682529664,0.0032693382682529642,0.003269338268252966,0.0032693382682529647,0.0032693382682529647,0.0032693382682529655,0.0032693382682529642,0.0032693382682529647,0.0032693382682529655,0.0032693382682529664,0.0032693382682529655,0.0032693382682529642,0.003269338268252967,0.003269338268252965,0.003269338268252966,0.003269338268252966,0.0032693382682529655,0.003269338268252965,0.003269338268252963,0.003269338268252966,0.0032693382682529655,0.003269338268252965,0.003269338268252965,0.003269338268252966,0.003269338268252966,0.0032693382682529655,0.003269338268252966,0.0032693382682529655,0.0032693382682529664,0.003269338268252966,0.003269338268252966,0.0032693382682529647,0.003269338268252965,0.003269338268252965,0.003269338268252966,0.003269338268252965,0.0032693382682529647,0.003269338268252966,0.0032693382682529642,0.0032693382682529655,0.003269338268252966,0.0032693382682529655,0.0032693382682529664,0.0032693382682529664,0.0032693382682529642,0.003269338268252965,0.003269338268252966,0.003269338268252965,0.0032693382682529655,0.0032693382682529664,0.0032693382682529655,0.003269338268252966,0.003269338268252966,0.003269338268252966,0.003269338268252966,0.0032693382682529655,0.003269338268252966,0.0032693382682529642,0.0032693382682529664,0.0032693382682529655,0.003269338268252965,0.0032693382682529647,0.0032693382682529655,0.0032693382682529655,0.003269338268252965,0.003269338268252965,0.0032693382682529647,0.003269338268252965,0.003269338268252965,0.0032693382682529647,0.0032693382682529634,0.0032693382682529655,0.003269338268252965,0.0032693382682529664,0.003269338268252966,0.003269338268252966,0.0032693382682529655,0.003269338268252966,0.0032693382682529664,0.003269338268252966,0.0032693382682529664,0.0032693382682529664,0.0032693382682529664,0.003269338268252965,0.003269338268252966,0.0032693382682529664,0.003269338268252967,0.003269338268252966,0.003269338268252965,0.003269338268252965,0.003269338268252966,0.0032693382682529655,0.0032693382682529655,0.0032693382682529655,0.0032693382682529655,0.0032693382682529642,0.003269338268252965,0.0032693382682529655,0.0032693382682529655,0.0032693382682529655,0.0032693382682529642,0.003269338268252965,0.0032693382682529647,0.003269338268252964,0.0032693382682529634,0.003269338268252965,0.003269338268252964,0.003269338268252964,0.0032693382682529642,0.0032693382682529647,0.0032693382682529642,0.0032693382682529642,0.0032693382682529634,0.0032693382682529634,0.0032693382682529642,0.0032693382682529634,0.0032693382682529664,0.0032693382682529634,0.003269338268252964,0.003269338268252964,0.003269338268252964,0.003269338268252964,0.003269338268252964,0.0032693382682529634,0.003269338268252964,0.003269338268252964,0.003269338268252965,0.0032693382682529647,0.0032693382682529647,0.003269338268252965,0.0032693382682529647,0.0032693382682529655,0.0032693382682529634,0.003269338268252965,0.0032693382682529647,0.0032693382682529647,0.003269338268252965,0.003269338268252965,0.0032693382682529647,0.0032693382682529642,0.0032693382682529647,0.0032693382682529647,0.003269338268252965,0.0032693382682529655,0.0032693382682529655,0.003269338268252966,0.0032693382682529647,0.0032693382682529647,0.003269338268252965,0.0032693382682529647,0.003269338268252965,0.0032693382682529647,0.0032693382682529647,0.0032693382682529655,0.0032693382682529655,0.003269338268252966,0.0032693382682529655,0.0032693382682529655,0.003269338268252966,0.0032693382682529664,0.003269338268252966,0.0032693382682529664,0.003269338268252966,0.003269338268252966,0.0032693382682529655,0.0032693382682529655,0.0032693382682529655,0.0032693382682529664,0.0032693382682529655,0.003269338268252966,0.0032693382682529655,0.003269338268252967,0.003269338268252966,0.0032693382682529655,0.0032693382682529655,0.0032693382682529655,0.003269338268252965,0.0032693382682529664,0.0032693382682529655,0.003269338268252966,0.003269338268252965,0.0032693382682529634,0.0032693382682529655,0.003269338268252966,0.0032693382682529655,0.0032693382682529655,0.0032693382682529655,0.0032693382682529655,0.003269338268252966,0.0032693382682529655,0.003269338268252966,0.0032693382682529655,0.003269338268252966,0.0032693382682529655,0.003269338268252966,0.003269338268252966,0.003269338268252966,0.0032693382682529664,0.0032693382682529664,0.003269338268252965,0.0032693382682529664,0.003269338268252966,0.0032693382682529655,0.003269338268252966,0.0032693382682529655,0.003269338268252966,0.0032693382682529664,0.003269338268252966,0.0032693382682529655,0.0032693382682529655,0.0032693382682529655,0.003269338268252967,0.0032693382682529673,0.0032693382682529664,0.0032693382682529664,0.003269338268252966,0.0032693382682529655,0.003269338268252966,0.0032693382682529655,0.0032693382682529655,0.0032693382682529664,0.003269338268252966,0.003269338268252965,0.0032693382682529655,0.0032693382682529655,0.0032693382682529647,0.003269338268252964,0.0032693382682529642,0.0032693382682529647,0.0032693382682529664,0.0032693382682529655,0.003269338268252965,0.003269338268252965,0.003269338268252965,0.0032693382682529664,0.0032693382682529655,0.0032693382682529655,0.003269338268252966,0.003269338268252966,0.0032693382682529655,0.0032693382682529655,0.0032693382682529655,0.003269338268252966,0.003269338268252965,0.0032693382682529664,0.003269338268252966,0.003269338268252966,0.003269338268252966,0.0032693382682529655,0.003269338268252967,0.003269338268252966,0.003269338268252966,0.0032693382682529655,0.0032693382682529677,0.0032693382682529673,0.0032693382682529673,0.0032693382682529673,0.003269338268252963,0.003269338268252964,0.003269338268252964,0.0032693382682529642,0.003269338268252964,0.0032693382682529642,0.003269338268252965,0.0032693382682529642,0.003269338268252964,0.003269338268252966,0.0032693382682529642,0.0032693382682529642,0.0032693382682529642,0.003269338268252965,0.0032693382682529642,0.0032693382682529642,0.003269338268252964,0.003269338268252964,0.003269338268252963,0.003269338268252964,0.0032693382682529634,0.0032693382682529642,0.0032693382682529664,0.0032693382682529634,0.0032693382682529642,0.0032693382682529642,0.0032693382682529655,0.0032693382682529647,0.003269338268252965,0.003269338268252965,0.0032693382682529642,0.0032693382682529642,0.003269338268252965,0.0032693382682529647,0.003269338268252964,0.0032693382682529642,0.0032693382682529642,0.0032693382682529634,0.003269338268252964,0.0032693382682529647,0.0032693382682529655,0.0032693382682529655,0.0032693382682529655,0.0032693382682529647,0.003269338268252965,0.003269338268252965,0.0032693382682529647,0.0032693382682529642,0.0032693382682529647,0.0032693382682529647,0.003269338268252967,0.003269338268252966,0.003269338268252966,0.0032693382682529655,0.0032693382682529647,0.0032693382682529642,0.0032693382682529664,0.0032693382682529655,0.003269338268252966,0.0032693382682529655,0.003269338268252966,0.0032693382682529655,0.0032693382682529655,0.0032693382682529655,0.003269338268252966,0.0032693382682529664,0.003269338268252966,0.003269338268252966,0.0032693382682529664,0.003269338268252966,0.0032693382682529655,0.003269338268252965,0.0032693382682529655,0.003269338268252967,0.0032693382682529655,0.003269338268252966,0.0032693382682529664,0.0032693382682529664,0.003269338268252967,0.0032693382682529655,0.0032693382682529673,0.003269338268252967,0.003269338268252966,0.003269338268252966,0.003269338268252966,0.003269338268252966,0.0032693382682529655,0.0032693382682529655,0.003269338268252965,0.0032693382682529664,0.003269338268252966,0.0032693382682529664,0.0032693382682529664,0.003269338268252967,0.0032693382682529655,0.003269338268252967,0.0032693382682529664,0.0032693382682529664,0.0032693382682529664,0.0032693382682529664,0.003269338268252967,0.0032693382682529655,0.003269338268252966,0.003269338268252966,0.003269338268252966,0.003269338268252965,0.003269338268252966,0.0032693382682529647,0.003269338268252965,0.0032693382682529642,0.0032693382682529642,0.0032693382682529647,0.003269338268252965,0.0032693382682529655,0.0032693382682529647,0.0032693382682529655,0.0032693382682529664,0.0032693382682529647,0.0032693382682529647,0.0032693382682529655,0.003269338268252966,0.003269338268252966,0.0032693382682529655,0.0032693382682529664,0.0032693382682529673,0.0032693382682529655,0.003269338268252965,0.0032693382682529655,0.0032693382682529664,0.0032693382682529655,0.0032693382682529664,0.0032693382682529664,0.003269338268252967,0.003269338268252966,0.0032693382682529655,0.003269338268252965,0.0032693382682529664,0.003269338268252966,0.0032693382682529655,0.0032693382682529655,0.003269338268252965,0.003269338268252965,0.0032693382682529655,0.0032693382682529655,0.003269338268252966,0.0032693382682529655,0.003269338268252966,0.0032693382682529655,0.0032693382682529655,0.0032693382682529655,0.0032693382682529655,0.003269338268252966,0.003269338268252965,0.0032693382682529642,0.003269338268252965,0.0032693382682529647,0.0032693382682529655,0.003269338268252965,0.003269338268252965,0.0032693382682529642,0.003269338268252965,0.0032693382682529642,0.0032693382682529647,0.003269338268252963,0.003269338268252964,0.0032693382682529642,0.0032693382682529647,0.0032693382682529647,0.003269338268252964,0.0032693382682529642,0.003269338268252965,0.0032693382682529642,0.003269338268252964,0.0032693382682529642,0.003269338268252966,0.0032693382682529655,0.0032693382682529655,0.0032693382682529642,0.003269338268252964,0.0032693382682529642,0.0032693382682529647,0.003269338268252964,0.0032693382682529647,0.003269338268252964,0.0032693382682529647,0.0032693382682529647,0.0032693382682529647,0.0032693382682529655,0.003269338268252965,0.003269338268252965,0.0032693382682529642,0.003269338268252964,0.0032693382682529647,0.0032693382682529642,0.0032693382682529642,0.0032693382682529655,0.0032693382682529642,0.003269338268252964,0.0032693382682529647,0.003269338268252964,0.003269338268252966,0.0032693382682529642,0.0032693382682529634,0.0032693382682529647,0.0032693382682529647,0.0032693382682529634,0.003269338268252964,0.003269338268252964,0.003269338268252964,0.0032693382682529607,0.003269338268252961,0.0032693382682529625,0.003269338268252962,0.0032693382682529616,0.0032693382682529616,0.0032693382682529616,0.003269338268252962,0.0032693382682529616,0.003269338268252962,0.0032693382682529616,0.003269338268252962,0.0032693382682529607,0.003269338268252961,0.0032693382682529616,0.003269338268252961,0.0032693382682529607,0.003269338268252961,0.003269338268252962,0.0032693382682529625,0.0032693382682529616,0.0032693382682529607,0.003269338268252962,0.0032693382682529616,0.003269338268252961,0.0032693382682529616,0.0032693382682529625,0.003269338268252962,0.003269338268252963,0.003269338268252962,0.003269338268252963,0.003269338268252963,0.003269338268252961,0.003269338268252961,0.0032693382682529616,0.0032693382682529625,0.003269338268252961,0.003269338268252961,0.0032693382682529603,0.0032693382682529616,0.003269338268252961,0.0032693382682529625,0.0032693382682529616,0.003269338268252961,0.003269338268252961,0.003269338268252961,0.003269338268252961,0.0032693382682529616,0.0032693382682529616,0.003269338268252962,0.0032693382682529616,0.003269338268252961,0.003269338268252963,0.003269338268252963,0.003269338268252962,0.003269338268252962,0.0032693382682529607,0.0032693382682529616,0.0032693382682529603,0.003269338268252961,0.0032693382682529616,0.0032693382682529607,0.0032693382682529607,0.0032693382682529634,0.003269338268252961,0.0032693382682529616,0.0032693382682529616,0.0032693382682529625,0.0032693382682529603,0.0032693382682529616,0.003269338268252961,0.0032693382682529586,0.0032693382682529603,0.0032693382682529603,0.0032693382682529603,0.00326933826825296,0.0032693382682529603,0.00326933826825296,0.0032693382682529594,0.0032693382682529607,0.0032693382682529607,0.0032693382682529616,0.0032693382682529594,0.00326933826825296,0.0032693382682529603,0.0032693382682529603,0.0032693382682529603,0.00326933826825296,0.00326933826825296,0.0032693382682529603,0.00326933826825296,0.00326933826825296,0.00326933826825296,0.003269338268252959,0.00326933826825296,0.0032693382682529603,0.0032693382682529607,0.0032693382682529607,0.003269338268252959,0.0032693382682529603,0.003269338268252961,0.0032693382682529607,0.003269338268252961,0.003269338268252961,0.0032693382682529607,0.0032693382682529607,0.0032693382682529607,0.0032693382682529607,0.003269338268252961,0.0032693382682529607,0.0032693382682529607,0.0032693382682529607,0.003269338268252961,0.0032693382682529616,0.0032693382682529616,0.003269338268252961,0.00326933826825296,0.003269338268252962,0.0032693382682529616,0.0032693382682529594,0.0032693382682529603,0.00326933826825296,0.0032693382682529594,0.00326933826825296,0.003269338268252962,0.003269338268252961,0.003269338268252962,0.0032693382682529603,0.0032693382682529607,0.003269338268252961,0.0032693382682529603,0.003269338268252962,0.003269338268252961,0.0032693382682529594,0.0032693382682529603,0.0032693382682529616,0.0032693382682529625,0.0032693382682529616,0.003269338268252962,0.003269338268252961,0.0032693382682529616,0.00326933826825296,0.0032693382682529603,0.0032693382682529603,0.00326933826825296,0.00326933826825296,0.0032693382682529607,0.0032693382682529594,0.0032693382682529603,0.003269338268252959,0.0032693382682529616,0.0032693382682529594,0.0032693382682529603,0.0032693382682529594,0.0032693382682529603,0.00326933826825296,0.00326933826825296,0.0032693382682529603,0.0032693382682529607,0.0032693382682529607,0.0032693382682529603,0.003269338268252961,0.0032693382682529607,0.0032693382682529607,0.0032693382682529607,0.003269338268252961,0.0032693382682529607,0.0032693382682529616,0.00326933826825296,0.00326933826825296,0.0032693382682529603,0.0032693382682529594,0.00326933826825296,0.0032693382682529603,0.00326933826825296,0.0032693382682529603,0.0032693382682529603,0.0032693382682529603,0.00326933826825296,0.00326933826825296,0.00326933826825296,0.00326933826825296,0.0032693382682529603,0.00326933826825296,0.0032693382682529594,0.0032693382682529603,0.00326933826825296,0.003269338268252961,0.0032693382682529603,0.0032693382682529603,0.0032693382682529594,0.00326933826825296,0.0032693382682529616,0.00326933826825296,0.00326933826825296,0.00326933826825296,0.003269338268252961,0.0032693382682529573,0.00326933826825296,0.0032693382682529586,0.003269338268252959,0.0032693382682529586,0.00326933826825296,0.00326933826825296,0.0032693382682529586,0.0032693382682529594,0.00326933826825296,0.003269338268252959,0.0032693382682529594,0.00326933826825296,0.003269338268252959,0.0032693382682529586,0.003269338268252959,0.0032693382682529586,0.0032693382682529586,0.0032693382682529586,0.003269338268252959,0.0032693382682529586,0.00326933826825296,0.0032693382682529577,0.003269338268252958,0.003269338268252958,0.0032693382682529586,0.0032693382682529586,0.0032693382682529594,0.003269338268252959,0.00326933826825296,0.003269338268252959,0.0032693382682529594,0.0032693382682529594,0.003269338268252958,0.003269338268252959,0.003269338268252959,0.0032693382682529594,0.0032693382682529586,0.0032693382682529586,0.003269338268252959,0.0032693382682529594,0.0032693382682529577,0.003269338268252958,0.0032693382682529577,0.0032693382682529577,0.003269338268252958,0.00326933826825296,0.003269338268252958,0.0032693382682529577,0.003269338268252959,0.0032693382682529594,0.00326933826825296,0.0032693382682529586,0.003269338268252958,0.0032693382682529586,0.003269338268252959,0.0032693382682529594,0.0032693382682529577,0.003269338268252959,0.00326933826825296,0.0032693382682529577,0.0032693382682529577,0.003269338268252958,0.0032693382682529594,0.003269338268252959,0.0032693382682529586,0.003269338268252959,0.0032693382682529586,0.0032693382682529586,0.0032693382682529586,0.0032693382682529577,0.003269338268252959,0.003269338268252958,0.003269338268252959,0.003269338268252959,0.0032693382682529573,0.003269338268252959,0.003269338268252959,0.003269338268252959,0.00326933826825296,0.003269338268252959,0.0032693382682529586,0.003269338268252959,0.003269338268252959,0.003269338268252958,0.0032693382682529586,0.0032693382682529603,0.003269338268252959,0.0032693382682529594,0.0032693382682529586,0.0032693382682529586,0.003269338268252958,0.0032693382682529586,0.0032693382682529586,0.003269338268252958,0.00326933826825296,0.0032693382682529586,0.003269338268252959,0.0032693382682529586,0.0032693382682529586,0.003269338268252959,0.003269338268252958,0.0032693382682529594,0.003269338268252959,0.0032693382682529577,0.0032693382682529586,0.0032693382682529603,0.0032693382682529594,0.0032693382682529586,0.003269338268252959,0.003269338268252959,0.0032693382682529586,0.003269338268252959,0.003269338268252958,0.0032693382682529594,0.0032693382682529573,0.0032693382682529586,0.0032693382682529577,0.0032693382682529594,0.0032693382682529577,0.0032693382682529594,0.003269338268252958,0.003269338268252959,0.0032693382682529586,0.003269338268252958,0.00326933826825296,0.00326933826825296,0.0032693382682529594,0.0032693382682529586,0.003269338268252959,0.0032693382682529586,0.0032693382682529586,0.0032693382682529586,0.0032693382682529594,0.0032693382682529594,0.003269338268252958,0.0032693382682529586,0.0032693382682529603,0.003269338268252958,0.0032693382682529577,0.003269338268252959,0.003269338268252958,0.0032693382682529577,0.0032693382682529586,0.00326933826825296,0.003269338268252959,0.003269338268252959,0.0032693382682529594,0.0032693382682529586,0.003269338268252959,0.0032693382682529594,0.0032693382682529573,0.003269338268252958,0.003269338268252958,0.0032693382682529586,0.003269338268252958,0.003269338268252958,0.0032693382682529603,0.003269338268252959,0.0032693382682529586,0.0032693382682529577,0.0032693382682529577,0.0032693382682529594,0.0032693382682529586,0.0032693382682529586,0.0032693382682529577,0.0032693382682529586,0.0032693382682529577,0.003269338268252956,0.0032693382682529586,0.003269338268252958,0.0032693382682529586,0.0032693382682529577,0.0032693382682529577,0.0032693382682529577,0.0032693382682529577,0.003269338268252956,0.0032693382682529573,0.003269338268252958,0.003269338268252958,0.003269338268252958,0.003269338268252958,0.003269338268252958,0.0032693382682529573,0.0032693382682529577,0.003269338268252958,0.0032693382682529577,0.0032693382682529577,0.0032693382682529577,0.0032693382682529577,0.003269338268252959,0.0032693382682529577,0.0032693382682529577,0.0032693382682529594,0.003269338268252959,0.003269338268252958,0.003269338268252958,0.0032693382682529586,0.003269338268252958,0.0032693382682529586,0.003269338268252958,0.0032693382682529577,0.0032693382682529573,0.0032693382682529573,0.003269338268252958,0.003269338268252958,0.0032693382682529577,0.003269338268252958,0.003269338268252958,0.0032693382682529577,0.003269338268252958,0.0032693382682529577,0.003269338268252958,0.003269338268252958,0.0032693382682529577,0.0032693382682529586,0.0032693382682529594,0.0032693382682529573,0.0032693382682529586,0.0032693382682529577,0.003269338268252959,0.0032693382682529577,0.0032693382682529573,0.0032693382682529577,0.003269338268252958,0.003269338268252959,0.003269338268252958,0.0032693382682529577,0.003269338268252959,0.0032693382682529577,0.0032693382682529577,0.0032693382682529573,0.0032693382682529573,0.0032693382682529577,0.0032693382682529577,0.0032693382682529586,0.003269338268252957,0.0032693382682529577,0.003269338268252958,0.003269338268252957,0.0032693382682529573,0.003269338268252958,0.0032693382682529577,0.003269338268252958,0.0032693382682529577,0.0032693382682529577,0.0032693382682529577,0.0032693382682529577,0.0032693382682529564,0.003269338268252959,0.0032693382682529586,0.0032693382682529573,0.0032693382682529577,0.003269338268252958,0.0032693382682529577,0.0032693382682529586,0.0032693382682529586,0.0032693382682529577,0.0032693382682529564,0.0032693382682529573,0.0032693382682529577,0.0032693382682529577,0.0032693382682529577,0.0032693382682529594,0.0032693382682529573,0.0032693382682529577,0.0032693382682529577,0.003269338268252959,0.003269338268252958,0.003269338268252958,0.0032693382682529577,0.0032693382682529586,0.003269338268252958,0.0032693382682529586,0.0032693382682529577,0.0032693382682529586,0.0032693382682529577,0.0032693382682529577,0.003269338268252958,0.003269338268252958,0.003269338268252958,0.0032693382682529586,0.0032693382682529586,0.003269338268252958,0.0032693382682529586,0.0032693382682529586,0.003269338268252958,0.003269338268252958,0.003269338268252958,0.0032693382682529577,0.0032693382682529577,0.0032693382682529577,0.003269338268252958,0.0032693382682529577,0.0032693382682529573,0.0032693382682529577,0.0032693382682529577,0.003269338268252958,0.0032693382682529573,0.0032693382682529564,0.0032693382682529586,0.003269338268252957,0.0032693382682529573,0.003269338268252958,0.003269338268252958,0.00326933826825296,0.0032693382682529573,0.0032693382682529577,0.003269338268252957,0.0032693382682529573,0.003269338268252956,0.003269338268252956,0.0032693382682529577,0.003269338268252957,0.0032693382682529573,0.0032693382682529577,0.0032693382682529577,0.0032693382682529577,0.0032693382682529564,0.003269338268252956,0.003269338268252957,0.003269338268252957,0.003269338268252956,0.0032693382682529564,0.0032693382682529577,0.0032693382682529564,0.003269338268252956,0.003269338268252956,0.003269338268252956,0.0032693382682529555,0.0032693382682529555,0.0032693382682529555,0.0032693382682529564,0.003269338268252956,0.0032693382682529555,0.003269338268252956,0.0032693382682529564,0.003269338268252956,0.0032693382682529564,0.0032693382682529555,0.0032693382682529555,0.003269338268252956,0.003269338268252955,0.003269338268252958,0.0032693382682529564,0.0032693382682529555,0.0032693382682529555,0.0032693382682529555,0.0032693382682529555,0.0032693382682529555,0.003269338268252956,0.003269338268252956,0.003269338268252956,0.003269338268252956,0.0032693382682529547,0.003269338268252954,0.003269338268252955,0.0032693382682529547,0.0032693382682529555,0.0032693382682529586,0.0032693382682529547,0.0032693382682529555,0.003269338268252955,0.003269338268252956,0.0032693382682529555,0.0032693382682529555,0.003269338268252954,0.003269338268252957,0.003269338268252956,0.0032693382682529555,0.0032693382682529577,0.0032693382682529573,0.0032693382682529564,0.003269338268252956,0.0032693382682529573,0.003269338268252956,0.003269338268252957,0.003269338268252956,0.003269338268252956,0.003269338268252957,0.003269338268252957,0.0032693382682529573,0.003269338268252956,0.0032693382682529555,0.003269338268252956,0.003269338268252955,0.003269338268252955,0.0032693382682529564,0.0032693382682529564,0.003269338268252955,0.003269338268252956,0.0032693382682529555,0.0032693382682529577,0.003269338268252957,0.0032693382682529555,0.0032693382682529555,0.003269338268252956,0.0032693382682529577,0.0032693382682529555,0.0032693382682529577,0.003269338268252956,0.003269338268252956,0.0032693382682529555,0.0032693382682529542,0.0032693382682529555,0.0032693382682529564,0.003269338268252956,0.0032693382682529555,0.0032693382682529555,0.003269338268252956,0.003269338268252956,0.003269338268252956,0.0032693382682529555,0.0032693382682529555,0.0032693382682529547,0.0032693382682529564,0.0032693382682529555,0.003269338268252956,0.003269338268252956,0.0032693382682529564,0.0032693382682529555,0.0032693382682529573,0.003269338268252956,0.003269338268252956,0.003269338268252956,0.0032693382682529555,0.003269338268252956,0.0032693382682529555,0.0032693382682529555,0.003269338268252956,0.003269338268252956,0.0032693382682529555,0.0032693382682529555,0.0032693382682529564,0.0032693382682529555,0.0032693382682529577,0.003269338268252956,0.003269338268252956,0.003269338268252956,0.003269338268252956,0.003269338268252957,0.0032693382682529577,0.0032693382682529573,0.003269338268252957,0.0032693382682529564,0.003269338268252955,0.0032693382682529564,0.0032693382682529564,0.0032693382682529564,0.0032693382682529564,0.0032693382682529564,0.003269338268252956,0.003269338268252957,0.003269338268252957,0.0032693382682529564,0.003269338268252957,0.003269338268252957,0.0032693382682529573,0.0032693382682529564,0.003269338268252956,0.0032693382682529573,0.0032693382682529564,0.003269338268252956,0.0032693382682529564,0.003269338268252956,0.0032693382682529564,0.0032693382682529555,0.0032693382682529555,0.003269338268252956,0.0032693382682529555,0.0032693382682529573,0.0032693382682529555,0.0032693382682529564,0.0032693382682529555,0.003269338268252956,0.003269338268252956,0.0032693382682529577,0.003269338268252956,0.003269338268252956,0.003269338268252955,0.003269338268252956,0.0032693382682529564,0.003269338268252956,0.0032693382682529555,0.0032693382682529564,0.0032693382682529564,0.0032693382682529547,0.003269338268252955,0.0032693382682529573,0.0032693382682529564,0.003269338268252955,0.003269338268252956,0.003269338268252956,0.0032693382682529564,0.0032693382682529542,0.0032693382682529547,0.0032693382682529577,0.0032693382682529555,0.003269338268252956,0.003269338268252956,0.0032693382682529564,0.003269338268252956,0.003269338268252954,0.0032693382682529564,0.003269338268252955,0.0032693382682529564,0.0032693382682529547,0.0032693382682529542,0.0032693382682529547,0.0032693382682529555,0.003269338268252955,0.0032693382682529542,0.0032693382682529542,0.003269338268252955,0.0032693382682529542,0.003269338268252956,0.003269338268252953,0.003269338268252956,0.003269338268252956,0.003269338268252955,0.0032693382682529547,0.003269338268252955,0.0032693382682529555,0.0032693382682529555,0.0032693382682529555,0.003269338268252956,0.003269338268252955,0.003269338268252956,0.003269338268252954,0.003269338268252957,0.0032693382682529564,0.0032693382682529564,0.003269338268252955,0.003269338268252957,0.003269338268252957,0.003269338268252956,0.003269338268252957,0.003269338268252956,0.0032693382682529564,0.003269338268252957,0.003269338268252957,0.0032693382682529573,0.0032693382682529564,0.0032693382682529573,0.0032693382682529573,0.0032693382682529573,0.003269338268252957,0.003269338268252957,0.003269338268252958,0.0032693382682529577,0.003269338268252958,0.0032693382682529573,0.0032693382682529577,0.003269338268252958,0.0032693382682529577,0.0032693382682529586,0.0032693382682529573,0.003269338268252956,0.0032693382682529573,0.003269338268252957,0.0032693382682529577,0.0032693382682529577,0.003269338268252958,0.0032693382682529555,0.0032693382682529555,0.003269338268252957,0.0032693382682529564,0.0032693382682529555,0.0032693382682529555,0.003269338268252957,0.0032693382682529555,0.0032693382682529564,0.003269338268252956,0.0032693382682529555,0.0032693382682529555,0.0032693382682529564,0.003269338268252955,0.0032693382682529555,0.003269338268252956,0.003269338268252956,0.0032693382682529555,0.003269338268252956,0.003269338268252956,0.003269338268252956,0.003269338268252956,0.003269338268252956,0.0032693382682529564,0.003269338268252957,0.003269338268252958,0.0032693382682529577,0.0032693382682529555,0.003269338268252956,0.003269338268252956,0.0032693382682529564,0.0032693382682529555,0.0032693382682529555,0.0032693382682529555,0.003269338268252955,0.0032693382682529542,0.0032693382682529564,0.0032693382682529542,0.0032693382682529555,0.0032693382682529555,0.003269338268252956,0.003269338268252955,0.003269338268252956,0.003269338268252956,0.003269338268252955,0.003269338268252956,0.003269338268252957,0.0032693382682529564,0.003269338268252956,0.0032693382682529564,0.003269338268252956,0.003269338268252955,0.0032693382682529577,0.0032693382682529555,0.0032693382682529555,0.003269338268252957,0.0032693382682529555,0.003269338268252956,0.0032693382682529564,0.0032693382682529555,0.003269338268252956,0.003269338268252956,0.0032693382682529564,0.003269338268252955,0.0032693382682529564,0.003269338268252956,0.0032693382682529573,0.003269338268252957,0.003269338268252956,0.0032693382682529564,0.003269338268252956,0.0032693382682529555,0.0032693382682529555,0.0032693382682529555,0.0032693382682529555,0.0032693382682529555,0.003269338268252956,0.0032693382682529555,0.0032693382682529547,0.0032693382682529555,0.0032693382682529564,0.003269338268252956,0.003269338268252956,0.0032693382682529564,0.003269338268252956,0.003269338268252956,0.003269338268252956,0.0032693382682529564,0.0032693382682529547,0.0032693382682529555,0.0032693382682529573,0.0032693382682529555,0.0032693382682529573,0.0032693382682529564,0.0032693382682529555,0.0032693382682529564,0.0032693382682529555,0.0032693382682529555,0.003269338268252955,0.0032693382682529555,0.003269338268252956,0.0032693382682529555,0.0032693382682529555,0.003269338268252956,0.003269338268252957,0.0032693382682529555,0.0032693382682529573,0.003269338268252956,0.003269338268252956,0.0032693382682529564,0.0032693382682529547,0.003269338268252956,0.0032693382682529555,0.003269338268252956,0.0032693382682529573,0.003269338268252956,0.003269338268252956,0.0032693382682529555,0.0032693382682529555,0.0032693382682529555,0.0032693382682529555,0.0032693382682529555,0.0032693382682529555,0.0032693382682529555,0.003269338268252956,0.003269338268252955,0.003269338268252955,0.0032693382682529555,0.0032693382682529542,0.003269338268252956,0.0032693382682529564,0.003269338268252956,0.003269338268252956,0.0032693382682529564,0.003269338268252956,0.0032693382682529564,0.0032693382682529564,0.0032693382682529555,0.003269338268252956,0.003269338268252955,0.003269338268252956,0.003269338268252956,0.003269338268252956,0.003269338268252956,0.003269338268252956,0.003269338268252956,0.003269338268252955,0.0032693382682529555,0.003269338268252955,0.003269338268252954,0.003269338268252956,0.0032693382682529564,0.0032693382682529555,0.003269338268252956,0.003269338268252956,0.003269338268252956,0.003269338268252957,0.003269338268252955,0.0032693382682529555,0.003269338268252955,0.0032693382682529555,0.003269338268252957,0.0032693382682529573,0.0032693382682529564,0.0032693382682529555,0.0032693382682529555,0.003269338268252956,0.003269338268252956,0.0032693382682529542,0.003269338268252956,0.0032693382682529555,0.003269338268252956,0.0032693382682529555,0.0032693382682529555,0.0032693382682529555,0.0032693382682529555,0.0032693382682529555,0.0032693382682529555,0.003269338268252957,0.0032693382682529555,0.0032693382682529555,0.003269338268252956,0.0032693382682529555,0.003269338268252955,0.0032693382682529564,0.003269338268252956,0.003269338268252956,0.0032693382682529555,0.003269338268252955,0.003269338268252956,0.0032693382682529555,0.0032693382682529555,0.003269338268252956,0.0032693382682529555,0.003269338268252956,0.0032693382682529564,0.0032693382682529555,0.0032693382682529555,0.0032693382682529555,0.003269338268252956,0.003269338268252956,0.0032693382682529555,0.0032693382682529555,0.0032693382682529577,0.0032693382682529555,0.0032693382682529577,0.003269338268252957,0.003269338268252957,0.003269338268252957,0.0032693382682529577,0.0032693382682529564,0.003269338268252956,0.0032693382682529555,0.0032693382682529577,0.0032693382682529564,0.0032693382682529564,0.0032693382682529564,0.003269338268252957,0.0032693382682529564,0.003269338268252957,0.003269338268252956,0.0032693382682529564,0.0032693382682529564,0.0032693382682529573,0.003269338268252956,0.003269338268252955,0.003269338268252957,0.003269338268252956,0.0032693382682529573,0.0032693382682529564,0.0032693382682529547,0.003269338268252956,0.0032693382682529564,0.0032693382682529564,0.003269338268252956,0.0032693382682529555,0.003269338268252956,0.0032693382682529555,0.003269338268252955,0.0032693382682529564,0.0032693382682529555,0.003269338268252956,0.0032693382682529564,0.0032693382682529555,0.0032693382682529564,0.003269338268252956,0.003269338268252958,0.0032693382682529573,0.0032693382682529564,0.0032693382682529555,0.003269338268252956,0.0032693382682529555,0.0032693382682529564,0.0032693382682529555,0.0032693382682529555,0.0032693382682529555,0.003269338268252955,0.0032693382682529555,0.0032693382682529555,0.0032693382682529564,0.003269338268252956,0.0032693382682529555,0.0032693382682529564,0.0032693382682529547,0.003269338268252956,0.0032693382682529555,0.003269338268252956,0.0032693382682529564,0.003269338268252956,0.0032693382682529564,0.0032693382682529555,0.003269338268252956,0.003269338268252955,0.003269338268252955,0.0032693382682529564,0.0032693382682529555,0.0032693382682529573,0.0032693382682529577,0.0032693382682529564,0.003269338268252955,0.003269338268252957,0.003269338268252957,0.003269338268252956,0.0032693382682529577,0.0032693382682529573,0.0032693382682529573,0.003269338268252956,0.003269338268252957,0.0032693382682529573,0.0032693382682529573,0.003269338268252956,0.003269338268252957,0.0032693382682529577,0.0032693382682529564,0.0032693382682529577,0.003269338268252957,0.003269338268252958,0.003269338268252957,0.0032693382682529577,0.003269338268252957,0.003269338268252958,0.0032693382682529573,0.003269338268252957,0.003269338268252957,0.0032693382682529573,0.0032693382682529564,0.003269338268252957,0.0032693382682529577,0.0032693382682529577,0.0032693382682529573,0.0032693382682529564,0.003269338268252958,0.0032693382682529573,0.0032693382682529577,0.003269338268252957,0.0032693382682529586,0.0032693382682529573,0.0032693382682529573,0.003269338268252957,0.003269338268252957,0.003269338268252956,0.0032693382682529564,0.0032693382682529573,0.003269338268252957,0.0032693382682529573,0.003269338268252957,0.0032693382682529564,0.0032693382682529573,0.0032693382682529577,0.003269338268252957,0.003269338268252957,0.003269338268252957,0.003269338268252956,0.0032693382682529573,0.003269338268252957,0.003269338268252957,0.003269338268252957,0.003269338268252957,0.0032693382682529573,0.003269338268252957,0.003269338268252957,0.003269338268252956,0.0032693382682529555,0.003269338268252956,0.0032693382682529564,0.0032693382682529555,0.0032693382682529573,0.0032693382682529555,0.0032693382682529555,0.0032693382682529564,0.0032693382682529555,0.003269338268252955,0.0032693382682529555,0.0032693382682529564,0.003269338268252956,0.0032693382682529564,0.0032693382682529555,0.003269338268252957,0.0032693382682529564,0.0032693382682529564,0.0032693382682529555,0.0032693382682529573,0.003269338268252956,0.0032693382682529555,0.003269338268252956,0.003269338268252956,0.0032693382682529555,0.0032693382682529564,0.0032693382682529555,0.003269338268252955,0.0032693382682529555,0.003269338268252956,0.003269338268252956,0.0032693382682529555,0.0032693382682529555,0.0032693382682529555,0.0032693382682529542,0.003269338268252955,0.0032693382682529564,0.0032693382682529555,0.003269338268252956,0.0032693382682529555,0.0032693382682529555,0.003269338268252956,0.003269338268252956,0.0032693382682529564,0.0032693382682529555,0.0032693382682529555,0.0032693382682529555,0.003269338268252956,0.0032693382682529555,0.0032693382682529555,0.0032693382682529555,0.0032693382682529555,0.003269338268252956,0.0032693382682529564,0.0032693382682529564,0.0032693382682529564,0.0032693382682529555,0.003269338268252956,0.0032693382682529564,0.003269338268252957,0.003269338268252957,0.0032693382682529573,0.0032693382682529564,0.0032693382682529577,0.0032693382682529577,0.003269338268252958,0.003269338268252957,0.0032693382682529577,0.003269338268252957,0.0032693382682529577,0.0032693382682529577,0.0032693382682529573,0.003269338268252958,0.0032693382682529564,0.0032693382682529577,0.0032693382682529573,0.0032693382682529577,0.003269338268252958,0.0032693382682529573,0.003269338268252957,0.003269338268252958,0.003269338268252957,0.0032693382682529577,0.0032693382682529577,0.003269338268252956,0.003269338268252957,0.003269338268252958,0.003269338268252957,0.0032693382682529577,0.0032693382682529577,0.003269338268252959,0.003269338268252959,0.0032693382682529577,0.003269338268252958,0.003269338268252958,0.0032693382682529586,0.0032693382682529577,0.003269338268252958,0.0032693382682529577,0.0032693382682529586,0.0032693382682529577,0.0032693382682529586,0.0032693382682529586,0.0032693382682529603,0.003269338268252958,0.0032693382682529577,0.003269338268252958,0.003269338268252959,0.003269338268252958,0.0032693382682529586,0.003269338268252959,0.0032693382682529594,0.003269338268252958,0.003269338268252959,0.003269338268252959,0.0032693382682529573,0.003269338268252959,0.0032693382682529586,0.003269338268252958,0.003269338268252958,0.0032693382682529573,0.003269338268252958,0.003269338268252959,0.0032693382682529586,0.003269338268252959,0.0032693382682529586,0.0032693382682529577,0.003269338268252958,0.0032693382682529586,0.0032693382682529577,0.003269338268252958,0.0032693382682529577,0.0032693382682529577,0.003269338268252958,0.0032693382682529577,0.003269338268252958,0.003269338268252958,0.0032693382682529573,0.003269338268252958,0.003269338268252958,0.0032693382682529577,0.0032693382682529573,0.003269338268252959,0.0032693382682529594,0.0032693382682529577,0.0032693382682529573,0.0032693382682529603,0.0032693382682529577,0.0032693382682529577,0.0032693382682529577,0.003269338268252958,0.0032693382682529577,0.0032693382682529594,0.0032693382682529577,0.00326933826825296,0.003269338268252959,0.003269338268252959,0.0032693382682529586,0.003269338268252958,0.0032693382682529594,0.0032693382682529586,0.0032693382682529594,0.0032693382682529594,0.0032693382682529586,0.0032693382682529594,0.003269338268252959,0.0032693382682529594,0.0032693382682529586,0.0032693382682529586,0.0032693382682529586,0.0032693382682529577,0.0032693382682529603,0.0032693382682529577,0.003269338268252958,0.003269338268252958,0.0032693382682529586,0.0032693382682529594,0.0032693382682529586,0.003269338268252958,0.0032693382682529586,0.0032693382682529586,0.0032693382682529594,0.0032693382682529586,0.0032693382682529603,0.0032693382682529586,0.0032693382682529586,0.003269338268252958,0.0032693382682529586,0.003269338268252958,0.003269338268252958,0.003269338268252958,0.0032693382682529577,0.003269338268252958,0.003269338268252958,0.0032693382682529586,0.00326933826825296,0.0032693382682529573,0.0032693382682529586,0.003269338268252958,0.003269338268252958,0.0032693382682529577,0.0032693382682529573,0.0032693382682529577,0.0032693382682529573,0.003269338268252958,0.0032693382682529586,0.0032693382682529586,0.0032693382682529577,0.0032693382682529577,0.003269338268252959,0.0032693382682529577,0.0032693382682529577,0.003269338268252958,0.0032693382682529577,0.0032693382682529577,0.0032693382682529586,0.0032693382682529573,0.003269338268252958,0.003269338268252959,0.003269338268252958,0.0032693382682529594,0.003269338268252958,0.003269338268252958,0.0032693382682529594,0.0032693382682529586,0.003269338268252959,0.0032693382682529577,0.0032693382682529577,0.00326933826825296,0.0032693382682529577,0.0032693382682529586,0.003269338268252959,0.003269338268252958,0.0032693382682529586,0.003269338268252959,0.0032693382682529586,0.0032693382682529586,0.003269338268252959,0.0032693382682529586,0.0032693382682529586,0.003269338268252958,0.003269338268252959,0.003269338268252958,0.0032693382682529577,0.0032693382682529594,0.003269338268252958,0.0032693382682529577,0.003269338268252958,0.0032693382682529586,0.003269338268252958,0.0032693382682529573,0.003269338268252958,0.0032693382682529607,0.0032693382682529603,0.0032693382682529594,0.003269338268252959,0.0032693382682529586,0.0032693382682529577,0.003269338268252958,0.003269338268252958,0.0032693382682529577,0.003269338268252958,0.003269338268252958,0.003269338268252959,0.0032693382682529577,0.00326933826825296,0.003269338268252958,0.0032693382682529577,0.003269338268252958,0.003269338268252958,0.003269338268252959,0.003269338268252958,0.003269338268252958,0.003269338268252958,0.0032693382682529577,0.003269338268252958,0.003269338268252958,0.0032693382682529586,0.0032693382682529577,0.0032693382682529573,0.0032693382682529577,0.0032693382682529577,0.0032693382682529573,0.0032693382682529586,0.0032693382682529577,0.0032693382682529577,0.0032693382682529577,0.0032693382682529577,0.0032693382682529586,0.0032693382682529564,0.0032693382682529577,0.0032693382682529564,0.003269338268252958,0.0032693382682529564,0.0032693382682529573,0.0032693382682529573,0.0032693382682529573,0.003269338268252957,0.003269338268252958,0.0032693382682529577,0.0032693382682529573,0.0032693382682529573,0.003269338268252957,0.0032693382682529573,0.0032693382682529577,0.0032693382682529573,0.003269338268252958,0.0032693382682529564,0.0032693382682529577,0.003269338268252957,0.003269338268252957,0.0032693382682529564,0.0032693382682529577,0.003269338268252956,0.003269338268252958,0.0032693382682529555,0.0032693382682529564,0.0032693382682529564,0.003269338268252956,0.0032693382682529564,0.003269338268252957,0.003269338268252958,0.003269338268252956,0.0032693382682529564,0.003269338268252956,0.0032693382682529555,0.0032693382682529555,0.003269338268252956,0.0032693382682529555,0.0032693382682529555,0.0032693382682529564,0.0032693382682529555,0.003269338268252956,0.003269338268252955,0.0032693382682529555,0.003269338268252956,0.0032693382682529547,0.003269338268252956,0.0032693382682529555,0.0032693382682529564,0.0032693382682529555,0.0032693382682529555,0.0032693382682529555,0.003269338268252956,0.0032693382682529564,0.0032693382682529555,0.003269338268252956,0.003269338268252956,0.003269338268252956,0.0032693382682529564,0.0032693382682529555,0.0032693382682529564,0.003269338268252957,0.003269338268252957,0.0032693382682529564,0.003269338268252957,0.0032693382682529555,0.0032693382682529586,0.003269338268252955,0.003269338268252956,0.0032693382682529555,0.003269338268252958,0.003269338268252956,0.0032693382682529564,0.003269338268252956,0.003269338268252956,0.0032693382682529564,0.0032693382682529555,0.0032693382682529555,0.0032693382682529555,0.003269338268252956,0.0032693382682529547,0.0032693382682529564,0.0032693382682529547,0.0032693382682529555,0.003269338268252956,0.003269338268252954,0.003269338268252955,0.003269338268252957,0.003269338268252957,0.0032693382682529564,0.0032693382682529555,0.0032693382682529555,0.003269338268252956,0.003269338268252955,0.003269338268252956,0.0032693382682529555,0.003269338268252956,0.003269338268252956,0.003269338268252956,0.0032693382682529555,0.0032693382682529555,0.003269338268252957,0.0032693382682529555,0.003269338268252956,0.0032693382682529555,0.003269338268252956,0.0032693382682529555,0.0032693382682529555,0.003269338268252956,0.003269338268252956,0.0032693382682529555,0.0032693382682529564,0.003269338268252956,0.0032693382682529555,0.003269338268252956,0.0032693382682529542,0.0032693382682529547,0.0032693382682529547,0.0032693382682529547,0.0032693382682529542,0.0032693382682529542,0.0032693382682529542,0.0032693382682529542,0.003269338268252955,0.0032693382682529555,0.003269338268252953,0.0032693382682529534,0.0032693382682529534,0.003269338268252958,0.0032693382682529555,0.0032693382682529555,0.003269338268252959,0.003269338268252955,0.0032693382682529577,0.003269338268252956,0.003269338268252956,0.0032693382682529555,0.003269338268252956,0.0032693382682529555,0.003269338268252955,0.0032693382682529555,0.003269338268252956,0.0032693382682529547,0.003269338268252956,0.0032693382682529555,0.0032693382682529564,0.003269338268252956,0.0032693382682529555,0.0032693382682529555,0.003269338268252958,0.0032693382682529577,0.003269338268252957,0.0032693382682529577,0.0032693382682529573,0.0032693382682529573,0.0032693382682529573,0.0032693382682529577,0.0032693382682529573,0.003269338268252957,0.003269338268252957,0.0032693382682529577,0.0032693382682529564,0.003269338268252957,0.003269338268252956,0.003269338268252957,0.003269338268252956,0.003269338268252957,0.0032693382682529564,0.003269338268252958,0.0032693382682529573,0.0032693382682529573,0.0032693382682529573,0.0032693382682529573,0.003269338268252957,0.003269338268252958,0.003269338268252958,0.003269338268252958,0.003269338268252958,0.0032693382682529577,0.003269338268252958,0.0032693382682529577,0.0032693382682529577,0.0032693382682529573,0.0032693382682529573,0.003269338268252958,0.003269338268252958,0.0032693382682529586,0.003269338268252958,0.0032693382682529573,0.0032693382682529586,0.0032693382682529586,0.0032693382682529586,0.003269338268252957,0.0032693382682529577,0.003269338268252956,0.0032693382682529573,0.0032693382682529577,0.0032693382682529577,0.003269338268252958,0.003269338268252957,0.0032693382682529564,0.0032693382682529573,0.0032693382682529577,0.0032693382682529573,0.003269338268252958,0.0032693382682529577,0.003269338268252958,0.0032693382682529577,0.003269338268252957,0.0032693382682529573,0.003269338268252957,0.003269338268252958,0.003269338268252957,0.0032693382682529573,0.0032693382682529577,0.0032693382682529577,0.0032693382682529577,0.003269338268252955,0.0032693382682529573,0.0032693382682529555,0.0032693382682529564,0.0032693382682529564,0.0032693382682529547,0.003269338268252957,0.0032693382682529555,0.003269338268252956,0.0032693382682529555,0.003269338268252957,0.003269338268252956,0.0032693382682529555,0.003269338268252956,0.0032693382682529555,0.0032693382682529555,0.0032693382682529573,0.0032693382682529564,0.003269338268252956,0.003269338268252956,0.0032693382682529564,0.0032693382682529564,0.0032693382682529564,0.003269338268252956,0.003269338268252955,0.003269338268252956,0.0032693382682529573,0.0032693382682529555,0.003269338268252956,0.0032693382682529573,0.003269338268252956,0.0032693382682529564,0.003269338268252955,0.0032693382682529564,0.003269338268252955,0.003269338268252956,0.0032693382682529555,0.0032693382682529555,0.003269338268252955,0.0032693382682529555,0.003269338268252956,0.003269338268252956,0.003269338268252955,0.003269338268252955,0.0032693382682529564,0.0032693382682529547,0.0032693382682529573,0.003269338268252955,0.003269338268252956,0.0032693382682529555,0.0032693382682529564,0.003269338268252956,0.0032693382682529555,0.0032693382682529555,0.003269338268252957,0.003269338268252957,0.0032693382682529555,0.003269338268252957,0.003269338268252957,0.0032693382682529542,0.003269338268252956,0.003269338268252956,0.0032693382682529555,0.003269338268252956,0.0032693382682529555,0.0032693382682529564,0.0032693382682529555,0.0032693382682529555,0.003269338268252957,0.003269338268252956,0.0032693382682529555,0.003269338268252956,0.0032693382682529555,0.0032693382682529564,0.003269338268252956,0.003269338268252956,0.0032693382682529555,0.0032693382682529577,0.003269338268252956,0.003269338268252956,0.003269338268252956,0.003269338268252955,0.0032693382682529555,0.003269338268252958,0.003269338268252957,0.003269338268252957,0.0032693382682529555,0.0032693382682529555,0.003269338268252956,0.0032693382682529564,0.0032693382682529564,0.003269338268252957,0.003269338268252956,0.003269338268252957,0.0032693382682529573,0.0032693382682529564,0.003269338268252957,0.0032693382682529564,0.0032693382682529564,0.003269338268252956,0.0032693382682529555,0.0032693382682529564,0.003269338268252956,0.003269338268252956,0.003269338268252956,0.0032693382682529555,0.0032693382682529564,0.003269338268252956,0.0032693382682529555,0.0032693382682529555,0.003269338268252956,0.0032693382682529555,0.0032693382682529564,0.0032693382682529555,0.003269338268252956,0.0032693382682529555,0.0032693382682529555,0.003269338268252955,0.003269338268252956,0.0032693382682529547,0.0032693382682529555,0.0032693382682529577,0.003269338268252956,0.0032693382682529555,0.003269338268252956,0.0032693382682529555,0.0032693382682529555,0.0032693382682529555,0.0032693382682529555,0.0032693382682529555,0.0032693382682529555,0.003269338268252956,0.0032693382682529564,0.0032693382682529547,0.0032693382682529555,0.0032693382682529555,0.003269338268252956,0.0032693382682529555,0.0032693382682529555,0.003269338268252956,0.0032693382682529555,0.003269338268252956,0.003269338268252955,0.0032693382682529555,0.003269338268252954,0.0032693382682529555,0.0032693382682529555,0.003269338268252956,0.003269338268252955,0.0032693382682529555,0.003269338268252957,0.0032693382682529555,0.003269338268252957,0.003269338268252957,0.003269338268252955,0.003269338268252957,0.0032693382682529547,0.0032693382682529555,0.003269338268252956,0.0032693382682529547,0.0032693382682529555,0.003269338268252956,0.003269338268252957,0.0032693382682529564,0.003269338268252956,0.0032693382682529555,0.0032693382682529564,0.003269338268252957,0.003269338268252956,0.0032693382682529555,0.0032693382682529564,0.003269338268252956,0.0032693382682529555,0.0032693382682529555,0.003269338268252956,0.003269338268252957,0.0032693382682529555,0.003269338268252956,0.003269338268252956,0.003269338268252956,0.0032693382682529547,0.0032693382682529547,0.003269338268252956,0.0032693382682529555,0.0032693382682529555,0.003269338268252955,0.003269338268252956,0.0032693382682529555,0.003269338268252956,0.0032693382682529564,0.003269338268252956,0.003269338268252956,0.0032693382682529564,0.0032693382682529564,0.003269338268252956,0.0032693382682529564,0.0032693382682529555,0.0032693382682529573,0.003269338268252956,0.0032693382682529564,0.0032693382682529555,0.003269338268252956,0.003269338268252956,0.0032693382682529555,0.003269338268252955,0.003269338268252956,0.0032693382682529564,0.0032693382682529555,0.0032693382682529577,0.0032693382682529555,0.0032693382682529577,0.0032693382682529555,0.0032693382682529555,0.003269338268252956,0.0032693382682529564,0.0032693382682529555,0.0032693382682529564,0.0032693382682529555,0.0032693382682529564,0.003269338268252956,0.003269338268252956,0.003269338268252957,0.0032693382682529577,0.003269338268252956,0.003269338268252957,0.003269338268252956,0.0032693382682529577,0.0032693382682529555,0.0032693382682529555,0.0032693382682529555,0.003269338268252956,0.0032693382682529555,0.003269338268252956,0.003269338268252956,0.0032693382682529555,0.003269338268252956,0.003269338268252956,0.003269338268252956,0.0032693382682529555,0.0032693382682529547,0.003269338268252955,0.003269338268252955,0.0032693382682529555,0.0032693382682529555,0.0032693382682529564,0.003269338268252956,0.003269338268252956,0.0032693382682529555,0.0032693382682529564,0.0032693382682529564,0.003269338268252956,0.0032693382682529555,0.0032693382682529555,0.003269338268252955,0.003269338268252956,0.0032693382682529555,0.0032693382682529555,0.003269338268252958,0.003269338268252956,0.003269338268252956,0.003269338268252955,0.0032693382682529564,0.0032693382682529555,0.0032693382682529555,0.003269338268252956,0.0032693382682529564,0.0032693382682529555,0.003269338268252955,0.003269338268252956,0.003269338268252956,0.0032693382682529564,0.003269338268252956,0.003269338268252956,0.0032693382682529555,0.0032693382682529564,0.0032693382682529555,0.003269338268252956,0.0032693382682529555,0.0032693382682529555,0.003269338268252954,0.003269338268252957,0.003269338268252956,0.0032693382682529547,0.003269338268252957,0.0032693382682529564,0.003269338268252955,0.0032693382682529564,0.003269338268252956,0.003269338268252955,0.0032693382682529564,0.0032693382682529555,0.0032693382682529555,0.0032693382682529555,0.003269338268252955,0.003269338268252956,0.0032693382682529564,0.003269338268252955,0.003269338268252956,0.0032693382682529555,0.0032693382682529555,0.003269338268252956,0.0032693382682529555,0.003269338268252956,0.0032693382682529564,0.003269338268252956,0.0032693382682529564,0.0032693382682529555,0.003269338268252956,0.0032693382682529547,0.0032693382682529555,0.0032693382682529547,0.003269338268252955,0.003269338268252958,0.0032693382682529555,0.0032693382682529564,0.0032693382682529542,0.0032693382682529555,0.003269338268252956,0.003269338268252956,0.0032693382682529555,0.0032693382682529564,0.0032693382682529564,0.003269338268252956,0.0032693382682529555,0.0032693382682529564,0.0032693382682529547,0.003269338268252955,0.0032693382682529555,0.003269338268252955,0.003269338268252955,0.0032693382682529555,0.0032693382682529555,0.0032693382682529555,0.0032693382682529555,0.003269338268252956,0.0032693382682529555,0.0032693382682529564,0.0032693382682529555,0.003269338268252956,0.0032693382682529555,0.0032693382682529547,0.003269338268252956,0.0032693382682529555,0.0032693382682529564,0.0032693382682529547,0.0032693382682529547,0.0032693382682529564,0.003269338268252955,0.003269338268252956,0.003269338268252956,0.003269338268252956,0.0032693382682529555,0.0032693382682529555,0.0032693382682529564,0.003269338268252956,0.003269338268252956,0.003269338268252956,0.003269338268252955,0.0032693382682529555,0.003269338268252956,0.003269338268252956,0.0032693382682529555,0.003269338268252956,0.003269338268252956,0.003269338268252956,0.0032693382682529564,0.003269338268252956,0.003269338268252956,0.0032693382682529555,0.0032693382682529564,0.003269338268252955,0.003269338268252956,0.0032693382682529555,0.003269338268252955,0.0032693382682529555,0.003269338268252956,0.0032693382682529555,0.003269338268252956,0.003269338268252956,0.0032693382682529564,0.003269338268252955,0.0032693382682529564,0.003269338268252956,0.0032693382682529564,0.003269338268252957,0.003269338268252957,0.0032693382682529555,0.003269338268252956,0.003269338268252956,0.003269338268252956,0.003269338268252956,0.003269338268252956,0.0032693382682529573,0.0032693382682529564,0.003269338268252957,0.003269338268252956,0.0032693382682529564,0.0032693382682529564,0.003269338268252956,0.0032693382682529573,0.003269338268252956,0.003269338268252956,0.0032693382682529564,0.0032693382682529564,0.0032693382682529555,0.003269338268252956,0.0032693382682529573,0.003269338268252974,0.003269338268252964,0.0032693382682529642,0.003269338268252966,0.003269338268252965,0.0032693382682529647,0.0032693382682529634,0.0032693382682529647,0.0032693382682529647,0.0032693382682529655,0.0032693382682529642,0.0032693382682529647,0.0032693382682529655,0.0032693382682529664,0.003269338268252966,0.0032693382682529655,0.003269338268252966,0.003269338268252965,0.003269338268252966,0.003269338268252966,0.0032693382682529655,0.003269338268252965,0.0032693382682529655,0.0032693382682529673,0.0032693382682529673,0.003269338268252966,0.003269338268252967,0.0032693382682529673,0.003269338268252966,0.0032693382682529664,0.003269338268252966,0.0032693382682529677,0.0032693382682529664,0.0032693382682529677,0.003269338268252967,0.0032693382682529673,0.0032693382682529664,0.0032693382682529673,0.0032693382682529673,0.003269338268252966,0.0032693382682529664,0.003269338268252966,0.0032693382682529664,0.0032693382682529664,0.003269338268252967,0.0032693382682529673,0.003269338268252967,0.0032693382682529655,0.003269338268252967,0.003269338268252965,0.0032693382682529673,0.0032693382682529664,0.0032693382682529655,0.003269338268252966,0.0032693382682529655,0.0032693382682529655,0.003269338268252965,0.0032693382682529664,0.0032693382682529655,0.0032693382682529642,0.003269338268252967,0.003269338268252966,0.0032693382682529664,0.0032693382682529655,0.003269338268252965,0.0032693382682529664,0.003269338268252965,0.003269338268252966,0.0032693382682529655,0.003269338268252965,0.0032693382682529647,0.0032693382682529655,0.003269338268252966,0.0032693382682529655,0.0032693382682529655,0.0032693382682529655,0.0032693382682529664,0.0032693382682529655,0.003269338268252966,0.0032693382682529664,0.0032693382682529655,0.003269338268252966,0.0032693382682529647,0.0032693382682529655,0.0032693382682529655,0.0032693382682529655,0.0032693382682529664,0.0032693382682529664,0.0032693382682529655,0.0032693382682529655,0.0032693382682529655,0.003269338268252967,0.003269338268252967,0.003269338268252966,0.003269338268252967,0.003269338268252967,0.0032693382682529664,0.003269338268252966,0.003269338268252965,0.0032693382682529664,0.0032693382682529655,0.003269338268252966,0.0032693382682529655,0.0032693382682529647,0.0032693382682529647,0.003269338268252966,0.003269338268252966,0.0032693382682529655,0.0032693382682529642,0.003269338268252965,0.003269338268252966,0.0032693382682529655,0.0032693382682529647,0.003269338268252966,0.0032693382682529655,0.003269338268252966,0.003269338268252965,0.0032693382682529655,0.003269338268252966,0.003269338268252965,0.0032693382682529642,0.003269338268252965,0.003269338268252965,0.0032693382682529655,0.0032693382682529655,0.003269338268252966,0.0032693382682529642,0.003269338268252966,0.003269338268252967,0.003269338268252966,0.0032693382682529664,0.003269338268252967,0.003269338268252966,0.0032693382682529655,0.003269338268252966,0.003269338268252967,0.0032693382682529664,0.003269338268252966,0.0032693382682529664,0.003269338268252967,0.003269338268252966,0.003269338268252965,0.0032693382682529655,0.003269338268252966,0.0032693382682529655,0.0032693382682529664,0.0032693382682529655,0.003269338268252967,0.0032693382682529664,0.003269338268252966,0.0032693382682529655,0.003269338268252967,0.0032693382682529664,0.0032693382682529664,0.0032693382682529664,0.0032693382682529664,0.003269338268252967,0.003269338268252967,0.0032693382682529664,0.003269338268252966,0.0032693382682529673,0.003269338268252967,0.0032693382682529664,0.0032693382682529655,0.003269338268252967,0.0032693382682529673,0.0032693382682529673,0.0032693382682529673,0.003269338268252967,0.0032693382682529673,0.0032693382682529664,0.0032693382682529673,0.003269338268252967,0.0032693382682529673,0.003269338268252967,0.003269338268252967,0.0032693382682529673,0.0032693382682529673,0.0032693382682529677,0.003269338268252967,0.003269338268252967,0.0032693382682529673,0.003269338268252967,0.0032693382682529673,0.003269338268252966,0.003269338268252966,0.0032693382682529677,0.003269338268252968,0.0032693382682529673,0.0032693382682529673,0.0032693382682529673,0.0032693382682529677,0.0032693382682529677,0.003269338268252967,0.003269338268252967,0.003269338268252967,0.0032693382682529673,0.003269338268252967,0.0032693382682529664,0.0032693382682529686,0.0032693382682529664,0.0032693382682529673,0.003269338268252967,0.003269338268252967,0.003269338268252967,0.0032693382682529673,0.0032693382682529664,0.003269338268252967,0.0032693382682529673,0.003269338268252967,0.0032693382682529677,0.003269338268252967,0.003269338268252967,0.003269338268252967,0.003269338268252967,0.0032693382682529673,0.003269338268252967,0.0032693382682529673,0.003269338268252968,0.0032693382682529664,0.003269338268252967,0.003269338268252967,0.0032693382682529677,0.003269338268252962,0.0032693382682529664,0.0032693382682529655,0.0032693382682529655,0.003269338268252966,0.003269338268252966,0.0032693382682529655,0.0032693382682529647,0.003269338268252965,0.003269338268252965,0.0032693382682529647,0.003269338268252966,0.0032693382682529655,0.0032693382682529642,0.003269338268252966,0.003269338268252965,0.003269338268252967,0.0032693382682529655,0.003269338268252966,0.0032693382682529655,0.003269338268252966,0.0032693382682529655,0.003269338268252967,0.0032693382682529664,0.0032693382682529673,0.0032693382682529664,0.0032693382682529655,0.0032693382682529655,0.0032693382682529673,0.0032693382682529664,0.0032693382682529655,0.003269338268252966,0.0032693382682529664,0.003269338268252966,0.003269338268252966,0.003269338268252966,0.0032693382682529647,0.003269338268252967,0.0032693382682529664,0.003269338268252966,0.003269338268252966,0.003269338268252965,0.003269338268252966,0.003269338268252966,0.0032693382682529655,0.003269338268252965,0.003269338268252966,0.0032693382682529655,0.0032693382682529655,0.003269338268252966,0.003269338268252965,0.0032693382682529655,0.0032693382682529655,0.0032693382682529647,0.0032693382682529655,0.0032693382682529655,0.003269338268252966,0.0032693382682529655,0.0032693382682529664,0.0032693382682529655,0.0032693382682529655,0.0032693382682529655,0.0032693382682529664,0.0032693382682529664,0.003269338268252966,0.003269338268252967,0.003269338268252965,0.003269338268252966,0.003269338268252966,0.0032693382682529655,0.003269338268252966,0.0032693382682529655,0.0032693382682529655,0.003269338268252966,0.003269338268252966,0.0032693382682529655,0.003269338268252966,0.0032693382682529655,0.0032693382682529664,0.003269338268252965,0.0032693382682529655,0.0032693382682529655,0.0032693382682529655,0.0032693382682529655,0.0032693382682529655,0.0032693382682529664,0.003269338268252966,0.003269338268252965,0.003269338268252965,0.0032693382682529647,0.0032693382682529655,0.0032693382682529655,0.003269338268252965,0.003269338268252965,0.003269338268252966,0.0032693382682529655,0.003269338268252966,0.003269338268252965,0.003269338268252966,0.003269338268252965,0.0032693382682529647,0.0032693382682529673,0.0032693382682529664,0.003269338268252967,0.0032693382682529655,0.003269338268252966,0.0032693382682529655,0.0032693382682529655,0.0032693382682529655,0.003269338268252966,0.0032693382682529655,0.0032693382682529655,0.003269338268252966,0.0032693382682529655,0.003269338268252966,0.003269338268252965,0.0032693382682529655,0.0032693382682529655,0.0032693382682529655,0.003269338268252967,0.0032693382682529647,0.0032693382682529655,0.003269338268252966,0.0032693382682529664,0.0032693382682529655,0.003269338268252966,0.003269338268252966,0.003269338268252965,0.0032693382682529655,0.0032693382682529655,0.0032693382682529647,0.003269338268252966,0.0032693382682529655,0.003269338268252965,0.003269338268252966,0.0032693382682529655,0.0032693382682529647,0.0032693382682529655,0.003269338268252966,0.003269338268252965,0.003269338268252965,0.0032693382682529647,0.0032693382682529655,0.0032693382682529655,0.0032693382682529655,0.003269338268252966,0.0032693382682529655,0.0032693382682529655,0.003269338268252966,0.0032693382682529655,0.0032693382682529655,0.0032693382682529655,0.003269338268252965,0.0032693382682529647,0.0032693382682529647,0.0032693382682529655,0.003269338268252966,0.0032693382682529655,0.003269338268252965,0.0032693382682529664,0.0032693382682529655,0.003269338268252966,0.0032693382682529655,0.0032693382682529664,0.0032693382682529655,0.0032693382682529664,0.0032693382682529647,0.003269338268252965,0.0032693382682529647,0.0032693382682529664,0.003269338268252966,0.003269338268252966,0.0032693382682529655,0.0032693382682529664,0.0032693382682529655,0.0032693382682529655,0.0032693382682529673,0.003269338268252965,0.0032693382682529647,0.003269338268252966,0.003269338268252964,0.003269338268252965,0.0032693382682529647,0.003269338268252965,0.003269338268252966,0.0032693382682529647,0.003269338268252965,0.0032693382682529655,0.003269338268252965,0.003269338268252966,0.003269338268252965,0.003269338268252965,0.0032693382682529655,0.003269338268252966
6,1.8374020658259624e-41,7.015283326708286e-41,1.6662954522134487e-40,3.162221406769055e-40,5.252006020327229e-40,7.982346559068208e-40,1.1388021722316136e-39,1.5494933605284838e-39,2.032237328270571e-39,2.588470814681609e-39,3.219263858431758e-39,3.925413391028722e-39,4.707512942263175e-39,5.5660045546557425e-39,6.501217447721622e-39,7.513396813912299e-39,8.602725264936664e-39,9.769338804313451e-39,1.101333872323169e-38,1.2334800460217544e-38,1.3733780199537805e-38,1.5210319785486367e-38,1.676445038239128e-38,1.8396195200474418e-38,2.010557152598691e-38,2.1892592233190737e-38,2.375726691043537e-38,2.569960269882568e-38,2.7719604916833984e-38,2.9817277525493003e-38,3.199262347485689e-38,3.4245644962033926e-38,3.657634362336225e-38,3.8984720677535407e-38,4.1470777032198567e-38,4.4034513363337426e-38,4.667593017440538e-38,4.939502784035835e-38,5.219180664045232e-38,5.506626678266825e-38,5.801840842190412e-38,6.10482316735227e-38,6.415573662344299e-38,6.734092333565464e-38,7.060379185781511e-38,7.39443422254183e-38,7.736257446489876e-38,8.085848859594441e-38,8.443208463321784e-38,8.808336258763957e-38,9.181232246734296e-38,9.561896427838505e-38,9.950328802527744e-38,1.0346529371138002e-37,1.0750498133919482e-37,1.1162235091058574e-37,1.1581740242694062e-37,1.2009013588929325e-37,1.2444055129841369e-37,1.2886864865487515e-37,1.3337442795910474e-37,1.3795788921142052e-37,1.4261903241205953e-37,1.4735785756119776e-37,1.521743646589669e-37,1.5706855370546474e-37,1.620404247007643e-37,1.6708997764491963e-37,1.7221721253797131e-37,1.7742212937994952e-37,1.8270472817087661e-37,1.8806500891076913e-37,1.935029715996397e-37,1.9901861623749746e-37,2.046119428243493e-37,2.102829513602005e-37,2.1603164184505473e-37,2.2185801427891493e-37,2.277620686617833e-37,2.337438049936611e-37,2.3980322327455012e-37,2.4594032350445054e-37,2.5215510568336343e-37,2.584475698112891e-37,2.64817715888228e-37,2.712655439141805e-37,2.7779105388914666e-37,2.843942458131265e-37,2.910751196861204e-37,2.9783367550812804e-37,3.0466991327914985e-37,3.115838329991858e-37,3.1857543466823596e-37,3.2564471828630046e-37,3.3279168385337894e-37,3.4001633136947182e-37,3.473186608345788e-37,3.5469867224870003e-37,3.6215636561183573e-37,3.696917409239855e-37,3.773047981851495e-37,3.849955373953277e-37,3.927639585545203e-37,4.006100616627272e-37,4.0853384671994835e-37,4.165353137261838e-37,4.246144626814338e-37,4.327712935856983e-37,4.4100580643897666e-37,4.49318001241269e-37,4.577078779925758e-37,4.661754366928965e-37,4.747206773422319e-37,4.833435999405815e-37,4.920442044879454e-37,5.008224909843239e-37,5.096784594297163e-37,5.186121098241229e-37,5.276234421675437e-37,5.367124564599788e-37,5.458791527014284e-37,5.551235308918922e-37,5.644455910313703e-37,5.738453331198628e-37,5.833227571573695e-37,5.928778631438904e-37,6.025106510794254e-37,6.122211209639746e-37,6.220092727975379e-37,6.318751065801157e-37,6.41818622311708e-37,6.518398199923145e-37,6.619386996219351e-37,6.721152612005699e-37,6.823695047282191e-37,6.927014302048824e-37,7.0311103763056e-37,7.1359832700525195e-37,7.241632983289584e-37,7.348059516016789e-37,7.455262868234131e-37,7.563243039941623e-37,7.672000031139258e-37,7.781533841827036e-37,7.891844472004955e-37,8.002931921673017e-37,8.114796190831221e-37,8.227437279479567e-37,8.340855187618052e-37,8.455049915246686e-37,8.570021462365461e-37,8.685769828974373e-37,8.802295015073428e-37,8.919597020662629e-37,9.037675845741975e-37,9.15653149031147e-37,9.276163954371099e-37,9.39657323792087e-37,9.517759340960787e-37,9.639722263490846e-37,9.76246200551105e-37,9.885978567021396e-37,1.0010271948021883e-36,1.0135342148512514e-36,1.0261189168493289e-36,1.0387813007964204e-36,1.0515213666925263e-36,1.0643391145376463e-36,1.0772345443317805e-36,1.0902076560749296e-36,1.1032584497670919e-36,1.1163869254082692e-36,1.1295930829984605e-36,1.1428769225376659e-36,1.1562384440258863e-36,1.1696776474631203e-36,1.1831945328493689e-36,1.1967891001846318e-36,1.2104613494689088e-36,1.2242112807022001e-36,1.238038893884505e-36,1.2519441890158251e-36,1.2659271660961592e-36,1.2799878251255076e-36,1.29412616610387e-36,1.308342189031247e-36,1.322635893907639e-36,1.337007280733044e-36,1.351456349507464e-36,1.3659831002308978e-36,1.3805875329033464e-36,1.395269647524809e-36,1.410029444095286e-36,1.424866922614777e-36,1.4397820830832824e-36,1.454774925500802e-36,1.4698454498673359e-36,1.4849936561828838e-36,1.5002195444474459e-36,1.5155231146610228e-36,1.5309043668236138e-36,1.546363300935219e-36,1.5618999169958386e-36,1.5775142150054724e-36,1.5932061949641198e-36,1.6089758568717817e-36,1.6248232007284578e-36,1.640748226534149e-36,1.656750934288854e-36,1.6728313239925732e-36,1.6889893956453067e-36,1.7052251492470537e-36,1.7215385847978153e-36,1.737929702297591e-36,1.7543985017463817e-36,1.7709449831441868e-36,1.7875691464910054e-36,1.804270991786839e-36,1.8210505190316863e-36,1.8379077282255485e-36,1.8548426193684246e-36,1.871855192460314e-36,1.888945447501218e-36,1.9061133844911366e-36,1.923359003430069e-36,1.9406823043180158e-36,1.9580832871549773e-36,1.975561951940952e-36,1.9931182986759413e-36,2.010752327359945e-36,2.028464037992963e-36,2.046253430574995e-36,2.0641205051060412e-36,2.0820652615861017e-36,2.1000877000151754e-36,2.1181878203932633e-36,2.136365622720366e-36,2.1546211069964834e-36,2.1729542732216152e-36,2.1913651213957605e-36,2.20985365151892e-36,2.2284198635910944e-36,2.2470637576122823e-36,2.2657853335824847e-36,2.2845845915017013e-36,2.3034615313699328e-36,2.3224161531871778e-36,2.3414484569534373e-36,2.3605584426687103e-36,2.379746110332998e-36,2.3990114599462993e-36,2.4183544915086145e-36,2.437775205019945e-36,2.457273600480289e-36,2.4768496778896478e-36,2.4965034372480208e-36,2.5162348785554047e-36,2.5360440018118054e-36,2.5559308070172213e-36,2.5758952941716515e-36,2.595937463275096e-36,2.616057314327554e-36,2.6362548473290273e-36,2.6565300622795138e-36,2.6768829591790142e-36,2.6973135380275288e-36,2.7178217988250602e-36,2.7384077415716038e-36,2.7590713662671616e-36,2.779812672911734e-36,2.8006316615053208e-36,2.8215283320479212e-36,2.842502684539536e-36,2.8635547189801662e-36,2.8846844353698095e-36,2.9058918337084666e-36,2.927176913996139e-36,2.9485396762328255e-36,2.9699801204185258e-36,2.991498246553241e-36,3.013094054636969e-36,3.034767544669713e-36,3.056518716651471e-36,3.0783475705822425e-36,3.100254106462029e-36,3.122238324290829e-36,3.144300224068643e-36,3.166439805795471e-36,3.188657069471314e-36,3.2109520150961714e-36,3.2333246426700434e-36,3.2557749521929285e-36,3.27830294366483e-36,3.3009086170857444e-36,3.323591972455672e-36,3.346353009774615e-36,3.369191729042573e-36,3.392108130259544e-36,3.4151022134255306e-36,3.438173978540533e-36,3.4613234256045465e-36,3.484550554617574e-36,3.507855365579617e-36,3.531237858490673e-36,3.554698033350743e-36,3.5782358901598284e-36,3.601851428917928e-36,3.625544649625042e-36,3.6493155522811696e-36,3.673164136886312e-36,3.697090403440469e-36,3.72109435194364e-36,3.7451759823958243e-36,3.7693352947970237e-36,3.7935722891472375e-36,3.8178869654464645e-36,3.842279323694707e-36,3.866749363891963e-36,3.891297086038234e-36,3.915922490133518e-36,3.940625576177816e-36,3.96540634417113e-36,3.9902647941134604e-36,4.015200926004803e-36,4.040214739845158e-36,4.065306235634529e-36,4.090475413372915e-36,4.115722273060314e-36,4.141046814696727e-36,4.166449038282153e-36,4.1919289438165935e-36,4.21748653130005e-36,4.243121800732519e-36,4.2688347521140026e-36,4.294625385444501e-36,4.3204937007240163e-36,4.346439697952543e-36,4.372463377130084e-36,4.39856473825664e-36,4.42474378133221e-36,4.451000506356794e-36,4.477334913330391e-36,4.503747002253003e-36,4.530236773124629e-36,4.55680422594527e-36,4.583449360714924e-36,4.610172177433593e-36,4.636972676101276e-36,4.663850856717973e-36,4.690806719283686e-36,4.717840263798411e-36,4.744951490262151e-36,4.7721403986749055e-36,4.7994069890366744e-36,4.8267512613474565e-36,4.8541732156072544e-36,4.8816728518160656e-36,4.909250169973891e-36,4.936905170080731e-36,4.964637852136586e-36,4.992448216141454e-36,5.020336262095336e-36,5.0483019899982326e-36,5.0763453998501434e-36,5.104466491651067e-36,5.1326652654010065e-36,5.160941721099962e-36,5.18929585874793e-36,5.2177276783449125e-36,5.2462371798909104e-36,5.27482436338592e-36,5.303489228829949e-36,5.332231776222988e-36,5.361052005565041e-36,5.389949916856109e-36,5.418925510096193e-36,5.4479787852852864e-36,5.4771097424233985e-36,5.506318381510524e-36,5.535604702546662e-36,5.5649687055318166e-36,5.594410390465983e-36,5.623929757349165e-36,5.6535268061813634e-36,5.683201536962576e-36,5.712953949692799e-36,5.742784044372038e-36,5.7726918210002916e-36,5.8026772795775594e-36,5.832740420103842e-36,5.862881242579136e-36,5.893099747003447e-36,5.9233959333767714e-36,5.95376980169911e-36,5.984221351970463e-36,6.01475058419083e-36,6.045357498360212e-36,6.076042094478607e-36,6.106804372546019e-36,6.137644332562444e-36,6.168561974527882e-36,6.199557298442332e-36,6.230630304305799e-36,6.261780992118279e-36,6.293009361879775e-36,6.32431541359029e-36,6.355699147249814e-36,6.387160562858351e-36,6.418699660415904e-36,6.450316439922469e-36,6.48201090137805e-36,6.513783044782646e-36,6.545632870136254e-36,6.577560377438879e-36,6.609565566690517e-36,6.641648437891168e-36,6.673808991040835e-36,6.706047226139517e-36,6.738363143187211e-36,6.770756742183921e-36,6.803228023129644e-36,6.835776986024383e-36,6.868403630868134e-36,6.901107957660901e-36,6.93388996640268e-36,6.966749657093477e-36,6.999687029733286e-36,7.032702084322108e-36,7.065794820859945e-36,7.098965239346796e-36,7.132213339782663e-36,7.165539122167545e-36,7.198942586501438e-36,7.23242373278435e-36,7.265982561016273e-36,7.299619071197211e-36,7.333333263327164e-36,7.367125137406129e-36,7.40099469343411e-36,7.434941931411104e-36,7.46896685133711e-36,7.503069453212134e-36,7.537249737036168e-36,7.571507702809219e-36,7.605843350531283e-36,7.64025668020236e-36,7.674747691822454e-36,7.709316385391561e-36,7.743962760909682e-36,7.778686818376817e-36,7.813488557792965e-36,7.848367979158128e-36,7.883325082472305e-36,7.918359867735495e-36,7.953472334947703e-36,7.988662484108922e-36,8.023930315219158e-36,8.05927582827841e-36,8.094699023286671e-36,8.130199900243948e-36,8.165778459150238e-36,8.201434700005542e-36,8.23716862280986e-36,8.272980227563193e-36,8.308869514265538e-36,8.344836482916899e-36,8.380881133517276e-36,8.417003466066664e-36,8.45320348056507e-36,8.489481177012489e-36,8.525836555408922e-36,8.562269615754367e-36,8.59878035804883e-36,8.635368782292305e-36,8.672034888484796e-36,8.708778676626301e-36,8.745600146716822e-36,8.782499298756354e-36,8.819476132744902e-36,8.856530648682464e-36,8.89366284656904e-36,8.930872726404627e-36,8.968160288189232e-36,9.00552553192285e-36,9.042968457605482e-36,9.080489065237129e-36,9.118087354817789e-36,9.155763326347465e-36,9.193516979826155e-36,9.231348315253859e-36,9.269257332630577e-36,9.30724403195631e-36,9.345308413231055e-36,9.383450476454816e-36,9.421670221627591e-36,9.45996764874938e-36,9.498342757820182e-36,9.536795548840002e-36,9.575326021808834e-36,9.61393417672668e-36,9.652620013593538e-36,9.691383532409413e-36,9.730224733174301e-36,9.769143615888205e-36,9.80814018055112e-36,9.847214427163054e-36,9.886366355724004e-36,9.925595966233962e-36,9.96490325869294e-36,1.0004288233100929e-35,1.0043750889457935e-35,1.0083291227763952e-35,1.0122909248018984e-35,1.016260495022303e-35,1.0202378334376088e-35,1.0242229400478163e-35,1.0282158148529252e-35,1.0322164578529352e-35,1.036224869047847e-35,1.0402410484376602e-35,1.0442649960223744e-35,1.0482967118019902e-35,1.0523361957765075e-35,1.0563834479459262e-35,1.0604384683102466e-35,1.064501256869468e-35,1.0685718136235909e-35,1.0726501385726156e-35,1.0767362317165416e-35,1.0808300930553689e-35,1.0849317225890978e-35,1.0890411203177277e-35,1.0931582862412595e-35,1.0972832203596925e-35,1.1014159226730275e-35,1.1055563931812631e-35,1.1097046318844004e-35,1.1138606387824392e-35,1.1180244138753793e-35,1.122195957163221e-35,1.1263752686459639e-35,1.1305623483236085e-35,1.1347571961961544e-35,1.1389598122636016e-35,1.1431701965259504e-35,1.1473883489832007e-35,1.1516142696353522e-35,1.1558479584824053e-35,1.1600894155243597e-35,1.1643386407612155e-35,1.1685956341929727e-35,1.1728603958196311e-35,1.1771329256411911e-35,1.1814132236576528e-35,1.1857012898690155e-35,1.1899971242752799e-35,1.1943007268764454e-35,1.1986120976725127e-35,1.2029312366634813e-35,1.2072581438493514e-35,1.211592819230123e-35,1.2159352628057956e-35,1.22028547457637e-35,1.2246434545418456e-35,1.2290092027022227e-35,1.2333827190575014e-35,1.2377640036076815e-35,1.2421530563527627e-35,1.2465498772927457e-35,1.2509544664276296e-35,1.2553668237574152e-35,1.2597869492821026e-35,1.264214843001691e-35,1.268650504916181e-35,1.2730939350255728e-35,1.2775451333298657e-35,1.28200409982906e-35,1.2864708345231558e-35,1.2909453374121528e-35,1.2954276084960512e-35,1.299917647774851e-35,1.3044154552485522e-35,1.308921030917155e-35,1.3134343747806592e-35,1.317955486839065e-35,1.322484367092372e-35,1.3270210155405804e-35,1.3315654321836904e-35,1.3361176170217009e-35,1.3406775700546138e-35,1.345245291282428e-35,1.3498207807051433e-35,1.35440403832276e-35,1.3589950641352783e-35,1.363593858142698e-35,1.3682004203450193e-35,1.3728147507422417e-35,1.3774368493343657e-35,1.3820667161213915e-35,1.386704351103318e-35,1.3913497542801465e-35,1.3960029256518758e-35,1.4006638652185069e-35,1.4053325729800393e-35,1.4100090489364733e-35,1.4146932930878087e-35,1.4193853054340452e-35,1.4240850859751835e-35,1.4287926347112233e-35,1.433507951642164e-35,1.4382310367680063e-35,1.4429618900887502e-35,1.4477005116043952e-35,1.4524469013149417e-35,1.4572010592203896e-35,1.4619629853207387e-35,1.4667326796159895e-35,1.4715101421061415e-35,1.4762953727911953e-35,1.4810883716711502e-35,1.4858891387460068e-35,1.4906976740157646e-35,1.495513977480424e-35,1.5003380491399844e-35,1.5051698889944463e-35,1.51000949704381e-35,1.514856873288075e-35,1.5197120177272413e-35,1.524574930361309e-35,1.529445611190278e-35,1.5343240602141483e-35,1.53921027743292e-35,1.544104262846593e-35,1.549006016455168e-35,1.553915538258644e-35,1.5588328282570213e-35,1.5637578864503006e-35,1.5686907128384812e-35,1.573631307421563e-35,1.5785796701995463e-35,1.5835358011724312e-35,1.588499700340217e-35,1.5934713677029042e-35,1.598450803260493e-35,1.6034380070129836e-35,1.6084329789603753e-35,1.6134357191026683e-35,1.6184462274398628e-35,1.623464503971959e-35,1.6284905486989567e-35,1.6335243616208556e-35,1.6385659427376554e-35,1.643615292049357e-35,1.6486724095559601e-35,1.6537372952574643e-35,1.6588099491538704e-35,1.663890371245178e-35,1.6689785615313868e-35,1.674074520012497e-35,1.6791782466885084e-35,1.6842897415594213e-35,1.689409004625236e-35,1.6945360358859516e-35,1.699670835341569e-35,1.704813402992088e-35,1.7099637388375081e-35,1.71512184287783e-35,1.720287715113053e-35,1.7254613555431778e-35,1.7306427641682037e-35,1.735831940988131e-35,1.7410288860029594e-35,1.7462335992126894e-35,1.751446080617321e-35,1.756666330216854e-35,1.7618943480112887e-35,1.7671301340006248e-35,1.7723736881848623e-35,1.7776250105640008e-35,1.7828841011380405e-35,1.7881509599069818e-35,1.793425586870825e-35,1.7987079820295692e-35,1.803998145383215e-35,1.809296076931762e-35,1.8146017766752107e-35,1.8199152446135606e-35,1.8252364807468116e-35,1.8305654850749643e-35,1.8359022575980185e-35,1.8412467983159744e-35,1.8465991072288317e-35,1.8519591843365902e-35,1.85732702963925e-35,1.8627026431368114e-35,1.868086024829274e-35,1.8734771747166383e-35,1.878876092798904e-35,1.8842827790760708e-35,1.8896972335481393e-35,1.8951194562151092e-35,1.9005494470769802e-35,1.9059872061337527e-35,1.911432733385427e-35,1.9168860288320021e-35,1.9223470924734788e-35,1.9278159243098568e-35,1.9332925243411366e-35,1.9387768925673176e-35,1.9442690289884e-35,1.9497689336043847e-35,1.9552766064152697e-35,1.9607920474210568e-35,1.9663152566217447e-35,1.971846234017334e-35,1.977384979607825e-35,1.982931493393218e-35,1.9884857753735127e-35,1.9940478255487084e-35,1.9996176439188054e-35,2.0051952304838038e-35,2.010780585243704e-35,2.016373708198505e-35,2.0219745993482077e-35,2.027583258692812e-35,2.0331996862323167e-35,2.038823881966724e-35,2.0444558458960316e-35,2.0500955780202414e-35,2.0557430783393523e-35,2.0613983468533647e-35,2.0670613835622785e-35,2.0727321884660935e-35,2.0784107615648105e-35,2.0840971028584282e-35,2.0897912123469478e-35,2.0954930900303697e-35,2.101202735908692e-35,2.106920149981916e-35,2.1126453322500412e-35,2.1183782827130678e-35,2.1241190013709954e-35,2.1298674882238244e-35,2.1356237432715549e-35,2.1413877665141878e-35,2.1471595579517217e-35,2.152939117584157e-35,2.158726445411494e-35,2.1645215414337316e-35,2.170324405650871e-35,2.1761350380629122e-35,2.1819534386698538e-35,2.1877796074716976e-35,2.1936135444684423e-35,2.1994552496600887e-35,2.205304723046637e-35,2.211161964628086e-35,2.2170269744044365e-35,2.2228997523756887e-35,2.2287802985418422e-35,2.2346686129028965e-35,2.2405646954588526e-35,2.2464685462097106e-35,2.25238016515547e-35,2.2582995522961298e-35,2.2642267076316922e-35,2.2701616311621552e-35,2.2761043228875198e-35,2.282054782807786e-35,2.2880130109229537e-35,2.2939790072330225e-35,2.299952771737993e-35,2.3059343044378652e-35,2.311923605332639e-35,2.317920674422313e-35,2.3239255117068892e-35,2.329938117186367e-35,2.335958490860746e-35,2.3419866327300271e-35,2.3480225427942083e-35,2.3540662210532914e-35,2.3601176675072757e-35,2.366176882156162e-35,2.3722438649999492e-35,2.3783186160386387e-35,2.384401135272229e-35,2.3904914227007204e-35,2.3965894783241142e-35,2.4026953021424092e-35,2.4088088941556057e-35,2.414930254363703e-35,2.421059382766702e-35,2.4271962793646025e-35,2.433340944157405e-35,2.439493377145108e-35,2.445653578327713e-35,2.4518215477052187e-35,2.457997285277627e-35,2.4641807910449355e-35,2.470372065007146e-35,2.476571107164259e-35,2.482777917516272e-35,2.4889924960631866e-35,2.495214842805003e-35,2.501444957741721e-35,2.50768284087334e-35,2.5139284921998614e-35,2.520181911721283e-35,2.526443099437606e-35,2.532712055348831e-35,2.5389887794549574e-35,2.5452732717559855e-35,2.5515655322519143e-35,2.557865560942745e-35,2.5641733578284765e-35,2.5704889229091105e-35,2.5768122561846446e-35,2.583143357655081e-35,2.5894822273204184e-35,2.5958288651806576e-35,2.6021832712357975e-35,2.6085454454858397e-35,2.614915387930783e-35,2.621293098570628e-35,2.6276785774053737e-35,2.634071824435021e-35,2.640472839659569e-35,2.6468816230790195e-35,2.6532981746933715e-35,2.659722494502625e-35,2.666154582506779e-35,2.6725944387058353e-35,2.679042063099792e-35,2.685497455688651e-35,2.691960616472411e-35,2.698431545451072e-35,2.704910242624635e-35,2.711396707993099e-35,2.7178909415564656e-35,2.724392943314733e-35,2.7309027132679007e-35,2.737420251415971e-35,2.743945557758943e-35,2.7504786322968157e-35,2.7570194750295904e-35,2.7635680859572663e-35,2.7701244650798435e-35,2.7766886123973223e-35,2.783260527909703e-35,2.7898402116169846e-35,2.796427663519167e-35,2.803022883616251e-35,2.809625871908237e-35,2.8162366283951244e-35,2.8228551530769126e-35,2.8294814459536025e-35,2.8361155070251936e-35,2.842757336291686e-35,2.8494069337530794e-35,2.856064299409375e-35,2.8627294332605715e-35,2.8694023353066696e-35,2.876083005547669e-35,2.88277144398357e-35,2.889467650614372e-35,2.8961716254400754e-35,2.902883368460681e-35,2.909602879676186e-35,2.916330159086594e-35,2.9230652066919023e-35,2.9298080224921127e-35,2.9365586064872253e-35,2.9433169586772385e-35,2.950083079062153e-35,2.95685696764197e-35,2.963638624416688e-35,2.9704280493863077e-35,2.9772252425508285e-35,2.98403020391025e-35,2.9908429334645737e-35,2.997663431213798e-35,3.0044916971579246e-35,3.011327731296952e-35,3.0181715336308803e-35,3.025023104159711e-35,3.0318824428834424e-35,3.038749549802076e-35,3.045624424915611e-35,3.052507068224046e-35,3.0593974797273833e-35,3.066295659425622e-35,3.073201607318762e-35,3.0801153234068035e-35,3.087036807689747e-35,3.0939660601675917e-35,3.1009030808403375e-35,3.107847869707985e-35,3.1148004267705334e-35,3.121760752027984e-35,3.1287288454803355e-35,3.1357047071275873e-35,3.142688336969742e-35,3.149679735006798e-35,3.1566789012387557e-35,3.1636858356656144e-35,3.170700538287375e-35,3.1777230091040363e-35,3.1847532481155996e-35,3.191791255322064e-35,3.19883703072343e-35,3.205890574319697e-35,3.212951886110866e-35,3.2200209660969365e-35,3.2270978142779075e-35,3.23418243065378e-35,3.241274815224554e-35,3.2483749679902306e-35,3.255482888950808e-35,3.2625985781062864e-35,3.269722035456667e-35,3.2768532610019485e-35,3.2839922547421316e-35,3.291139016677216e-35,3.298293546807202e-35,3.3054558451320896e-35,3.3126259116518785e-35,3.3198037463665685e-35,3.3269893492761603e-35,3.3341827203806533e-35,3.341383859680048e-35,3.3485927671743434e-35,3.35580944286354e-35,3.3630338867476393e-35,3.3702660988266393e-35,3.3775060791005404e-35,3.384753827569343e-35,3.392009344233047e-35,3.399272629091652e-35,3.406543682145159e-35,3.4138225033935673e-35,3.4211090928368766e-35,3.428403450475088e-35,3.435705576308201e-35,3.443015470336215e-35,3.45033313255913e-35,3.4576585629769465e-35,3.4649917615896646e-35,3.4723327283972844e-35,3.479681463399805e-35,3.487037966597227e-35,3.4944022379895503e-35,3.501774277576776e-35,3.5091540853589016e-35,3.51654166133593e-35,3.523937005507859e-35,3.531340117874689e-35,3.5387509984364205e-35,3.5461696471930543e-35,3.553596064144588e-35,3.5610302492910243e-35,3.5684722026323617e-35,3.5759219241686e-35,3.58337941389974e-35,3.5908446718257824e-35,3.598317697946725e-35,3.6057984922625693e-35,3.613287054773315e-35,3.620783385478962e-35,3.628287484379511e-35,3.635799351474961e-35,3.643318986765312e-35,3.650846390250565e-35,3.6583815619307197e-35,3.6659245018057745e-35,3.6734752098757317e-35,3.68103368614059e-35,3.6885999306003495e-35,3.6961739432550107e-35,3.703755724104574e-35,3.7113452731490367e-35,3.718942590388402e-35,3.7265476758226685e-35,3.734160529451836e-35,3.7417811512759045e-35,3.7494095412948756e-35,3.757045699508748e-35,3.764689625917521e-35,3.772341320521195e-35,3.780000783319772e-35,3.7876680143132495e-35,3.795343013501629e-35,3.80302578088491e-35,3.8107163164630904e-35,3.8184146202361743e-35,3.8261206922041583e-35,3.8338345323670446e-35,3.841556140724832e-35,3.849285517277521e-35,3.857022662025111e-35,3.864767574967603e-35,7.520776192833975e-06,1.5099974071334101e-05,2.27384117665596e-05,3.0436924492048397e-05,3.819636500796295e-05,4.601760410281547e-05,5.390153109007856e-05,6.184905432314406e-05,6.98611017266102e-05,7.793862134747872e-05,8.608258192457032e-05,9.429397347791223e-05,0.00010257380791947491,0.00011092311968533834,0.00011934296639054815,0.00012783442950770404,0.00013639861506968014,0.00014503665439942066,0.00015374970486352265,0.0001625389506584849,0.00017140560362195119,0.0001803509040767909,0.00018937612170616421,0.0001984825564627612,0.00020767153951225866,0.00021694443421371566,0.00022630263713802328,0.0002357475791260566,0.0002452807263896435,0.00025490358165528157,0.0002646176853546539,0.00027442461686245673,0.0002843259957858262,0.00029432348330583896,0.0003044187835749541,0.0003146136451725937,0.0003249098626225245,0.0003353092779737283,0.0003458137824495965,0.0003564253181678324,0.00036714587993504587,0.0003779775171204375,0.0003889223356116043,0.00039998249985808635,0.0004111602350063114,0.00042245782913112226,0.0004338776355699835,0.0004454220753640017,0.0004570936398129142,0.0004688948931497287,0.0004808284753420366,0.0004928971050269808,0.0005051035825875934,0.000517450793378962,0.0005299417111124086,0.0005425794014074722,0.0005553670255211542,0.0005683078442658973,0.0005814052221264533,0.000594662631589345,0.0006080836576963949,0.0006216720028375647,0.0006354314917978493,0.0006493660770734074,0.0006634798444760157,0.0006777770190428196,0.0006922619712722914,0.0007069392237086008,0.0007218134578942114,0.0007368895217225441,0.0007521724372101049,0.00076766740872225,0.0007833798316831318,0.0007993153018016721,0.0008154796248556763,0.0008318788270679307,0.0008485191661222212,0.0008654071428646402,0.0008825495137422267,0.0008999533040336948,0.000917625821932933,0.0009355746735541291,0.0009538077789261778,0.0009723333890595534,0.0009911601041659559,0.001010296893133576,0.0010297531143525565,0.0010495385380088686,0.0010696633699685955,0.0010901382773916457,0.0011109744162224376,0.0011321834607239587,0.0011537776352400244,0.0011757697483868752,0.0011981732298943773,0.0012210021703501978,0.001244271364116621,0.001267996355729223,0.0012921934901155285,0.001316879967011654,0.0013420739000029021,0.001367794380657295,0.0013940615482866934,0.0014208966659261778,0.0014483222032032506,0.0014763619268471585,0.0015050409996934188,0.0015343860891386765,0.0015644254861391657,0.0015951892359904,0.0016267092822921745,0.0016590196257095361,0.0016921564993630522,0.001726158562955371,0.0017610671180516538,0.0017969263473030996,0.0018337835808326056,0.0018716895935119249,0.0019106989374752192,0.0019508703149082127,0.0019922669970426016,0.0020349572962759456,0.002079015099589272,0.0021245204729138357,0.0021715603478902217,0.002220229304651666,0.0022706304669337287,0.0023228765290912996,0.0023770909386325724,0.0024334092629245143,0.0024919807749472583,0.002552970300835469,0.002616560381848349,0.002682953815972143,0.002752376660449678,0.0028250817972307538,0.002901353190216855,0.002981510998309596,0.0030659177546295195,0.0031549858839589806,0.0032491869133350055,0.0033490628432039883,0.0034552403007354114,0.0035684483109227776,0.0036895408214634618,0.003819525544613287,0.00395960129501492,0.004111206902973792,0.004276086119514014,0.004456374945593113,0.004654720907543612,0.004874448615963091,0.005119793548082342,0.005396238201048257,0.005711004409698373,0.006073787165183551,0.00649786406207599,0.007001781643890941,0.007611876766144536,0.008365780253949798,0.00931616459628933,0.010530627588291205,0.012075942797269772,0.01397316085591575,0.016147573053234335,0.01844221819702352,0.02069426670795282,0.022792811890981285,0.024686310008900272,0.02636462975448549,0.027838394735788884,0.029121569961248848,0.030214718519159366,0.031092994485297336,0.03172705657794673,0.03212164471327563,0.03231445430135909,0.03235419180979425,0.03228563773840733,0.032144224717445095,0.03195584371816426,0.03173857996056269,0.03150474573508556,0.031262604155571104,0.03101765719480938,0.030773549260849634,0.030532680253493018,0.030296614660248303,0.030066352896969805,0.029842511451959167,0.029625443177577024,0.02941531834829125,0.029212179901649763,0.029015981564174266,0.028826614518096705,0.028643926306152576,0.028467734411050265,0.02829783613128955,0.02813401584468708,0.02797605040300967,0.02782371316959016,0.027676777058104382,0.027535016825201795,0.027398210798633152,0.027266142172531982,0.027138599967257114,0.027015379726409213,0.02689628400626349,0.02678112270007148,0.026669713230433684,0.026561880636008346,0.026457457573656282,0.026356284252799508,0.026258208316330908,0.026163084679200033,0.026070775334304165,0.0259811491335935,0.025894081550964735,0.025809454432400823,0.02572715573798261,0.02564707927951543,0.02556912445693652,0.025493195996030556,0.025419203689617476,0.025347062143752947,0.0252766905304294,0.025208012347773485,0.02514095518824548,0.025075450515815924,0.02501143345219664,0.02494884257241702,0.024887619709838014,0.02482770977060221,0.024769060557399972,0.024711622602455782,0.024655349009276135,0.024600195303220208,0.024546119290397038,0.024493080924572825,0.024441042181769165,0.02438996694231732,0.024339820879800918,0.02429057135681014,0.024242187326802448,0.02419463924210814,0.02414789896764287,0.024101939699623647,0.024056735889684513,0.02401226317342555,0.02396849830356476,0.02392541908719703,0.023883004326823547,0.023841233765349495,0.023800088034200396,0.023759548604817913,0.023719597743089075,0.02368021846663464,0.023641394504709902,0.023603110260495025,0.023565350775816923,0.023528101697897093,0.023491349248162208,0.02345508019292184,0.023419281815839472,0.02338394189192016,0.02334904866316911,0.023314590815617965,0.0232805574576291,0.023246938099622378,0.023213722634829653,0.02318090132115346,0.023148464764109908,0.0231164039007271,0.0230847099842265,0.023053374569768994,0.02302238950079088,0.022991746896128564,0.02296143913795041,0.022931458860151417,0.022901798937469922,0.0228724524752669,0.02284341279960258,0.02281467344802306,0.022786228160788027,0.022758070872488417,0.022730195704120482,0.02270259695542239,0.02267526909797058,0.022648206768181557,0.022621404760883153,0.022594858023105135,0.022568561648293916,0.022542510870655792,0.022516701059849306,0.022491127715311445,0.02246578646297009,0.022440673049412614,0.022415783337619392,0.02239111330275316,0.022366659028256953,0.02234241670196268,0.022318382612399313,0.022294553145299212,0.02227092478021361,0.022247494087250047,0.022224257724174253,0.022201212433219965,0.022178355038336275,0.02215568244250053,0.02213319162514425,0.02211087963956093,0.022088743610593986,0.022066780732271828,0.02204498826576175,0.02202336353693451,0.022001903934636573,0.021980606908580773,0.02195946996749182,0.02193849067730552,0.021917666659412676,0.021896995588990654,0.02187647519340841,0.02185610325060029,0.02183587758768477,0.021815796079445404,0.021795856646951096,0.021776057256223214,0.021756395917004363,0.021736870681375323,0.021717479642734575,0.021698220934460936,0.021679092728881102,0.021660093236254764,0.021641220703646182,0.021622473413940784,0.021603849684797734,0.021585347867956357,0.0215669663480109,0.02154870354172344,0.021530557897145135,0.021512527892738297,0.021494612036699622,0.021476808866158853,0.021459116946129793,0.021441534869328514,0.021424061255104154,0.02140669474892177,0.021389434021574567,0.021372277768670695,0.02135522470995993,0.02133827358876221,0.021321423171382012,0.021304672246554933,0.021288019624900695,0.021271464138370628,0.021255004639841882,0.021238640002469503,0.021222369119321485,0.021206190902847716,0.02119010428447812,0.021174108214148963,0.02115820165989574,0.02114238360740665,0.02112665305967737,0.02111100903652386,0.021095450574359572,0.02107997672565328,0.02106458655861553,0.02104927915699814,0.02103405361955793,0.021018909059781044,0.02100384460564899,0.020988859399220534,0.02097395259638456,0.02095912336652088,0.02094437089227314,0.02092969436922013,0.020915093005622883,0.020900566022144483,0.020886112651609036,0.020871732138737605,0.02085742373987702,0.020843186722850324,0.020829020366609524,0.020814923961064206,0.02080089680690247,0.020786938215260075,0.02077304750760965,0.02075922401556198,0.020745467080554754,0.02073177605378804,0.02071815029594568,0.020704589177054665,0.020691092076289087,0.020677658381777497,0.020664287490456925,0.020650978807899362,0.02063773174812375,0.020624545733463402,0.02061142019439844,0.020598354569415507,0.0205853483048344,0.02057240085467745,0.02055951168051331,0.02054668025130539,0.020533906043343635,0.020521188540037327,0.02050852723183877,0.020495921616062125,0.02048337119679797,0.020470875484762705,0.02045843399722369,0.020446046257910227,0.020433711796751367,0.020421430149910644,0.02040920085960108,0.020397023474043825,0.020384897547223436,0.02037282263908829,0.020360798315155165,0.020348824146433242,0.020336899709499083,0.02032502458626271,0.02031319836394995,0.020301420634932607,0.020289690996784723,0.020278009052063915,0.020266374408216676,0.020254786677653548,0.02024324547751759,0.02023175042968686,0.020220301160555322,0.020208897301185642,0.02019753848707383,0.020186224358104573,0.020174954558548695,0.02016372873688971,0.02015254654582246,0.02014140764217138,0.02013031168684257,0.020119258344674377,0.020108247284485743,0.020097278179025856,0.020086350704768528,0.020075464541987,0.02006461937468245,0.020053814890371332,0.02004305078029064,0.020032326739141668,0.02002164246504346,0.020010997659724705,0.020000392028213968,0.01998982527861561,0.019979297122578146,0.019968807274933744,0.019958355453608672,0.019947941379718354,0.019937564777410068,0.019927225373895886,0.019916922899370346,0.019906657086996668,0.019896427672747144,0.01988623439560227,0.019876076997228345,0.019865955222189435,0.019855868817654075,0.019845817533596113,0.01983580112260172,0.019825819339925745,0.019815871943352076,0.019805958693286618,0.019796079352556954,0.01978623368653245,0.019776421463025093,0.019766642452225015,0.01975689642673003,0.019747183161487016,0.019737502433682493,0.019727854022898363,0.019718237710889652,0.019708653281581247,0.019699100521272623,0.019689579218253532,0.019680089162980294,0.019670630148022363,0.019661201968026443,0.01965180441966921,0.01964243730166253,0.019633100414711294,0.019623793561445002,0.019614516546458922,0.01960526917640046,0.019596051259521685,0.019586862606114534,0.019577703028339583,0.019568572340086285,0.019559470357074157,0.019550396896792926,0.019541351778452717,0.019532334823052337,0.01952334585323554,0.019514384693339007,0.019505451169308928,0.019496545108900892,0.019487666341312167,0.01947881469740112,0.01946999000961006,0.019461192111907052,0.019452420839850465,0.019443676030483206,0.01943495752233496,0.01942626515548498,0.019417598771407425,0.01940895821305999,0.019400343324818353,0.01939175395246536,0.019383189943172046,0.01937465114551222,0.01936613740939698,0.019357648586096742,0.019349184528190188,0.019340745089669938,0.019332330125624155,0.019323939492589762,0.019315573048311913,0.01930723065180731,0.019298912163309253,0.01929061744428612,0.019282346357413438,0.019274098766555794,0.019265874536761464,0.019257673534191746,0.019249495626317174,0.01924134068159551,0.019233208569661268,0.019225099161266575,0.019217012328257243,0.019208947943573182,0.019200905881247014,0.01919288601632401,0.019184888224953376,0.019176912384302622,0.019168958372568778,0.019161026068944677,0.01915311535373264,0.01914522610809388,0.019137358214242985,0.019129511555353026,0.019121686015568937,0.019113881479956622,0.019106097834567588,0.019098334966398237,0.01909059276326562,0.019082871113979747,0.01907516990821701,0.01906748903657819,0.019059828390525117,0.019052187862372866,0.019044567345362168,0.01903696673352969,0.01902938592177143,0.01902182480584223,0.01901428328225299,0.01900676124836513,0.018999258602434437,0.018991775243440683,0.018984311071081,0.0189768659859906,0.018969439889482482,0.018962032683659043,0.01895464427137528,0.018947274556267917,0.018939923442681247,0.01893259083568384,0.018925276641159044,0.018917980765623964,0.0189107031163414,0.01890344360126193,0.018896202129058785,0.01888897860908897,0.018881772951393837,0.018874585066697196,0.01886741486640514,0.018860262262517562,0.018853127167791965,0.01884600949561373,0.018838909159979173,0.018831826075523486,0.01882476015753661,0.01881771132193114,0.018810679485258882,0.018803664564602963,0.018796666477743428,0.018789685143001306,0.018782720479396987,0.018775772406412594,0.018768840844171877,0.018761925713395987,0.01875502693534087,0.018748144431860292,0.01874127812534906,0.01873442793876657,0.018727593795626524,0.018720775619984892,0.018713973336433657,0.01870718687010743,0.018700416146662405,0.01869366109231191,0.018686921633750218,0.018680197698219575,0.01867348921343969,0.018666796107659315,0.018660118309608686,0.018653455748557608,0.01864680835420526,0.018640176056799566,0.01863355878704266,0.018626956476108736,0.018620369055659173,0.018613796457820454,0.018607238615169153,0.018600695460766464,0.018594166928110643,0.01858765295118866,0.018581153464400122,0.01857466840259568,0.018568197701072698,0.018561741295576552,0.018555299122260366,0.01854887111771084,0.01854245721896284,0.018536057363452315,0.018529671489036423,0.018523299533983642,0.018516941436982595,0.018510597137107194,0.0185042665738576,0.018497949687085107,0.018491646417153746,0.01848535670469126,0.01847908049076523,0.01847281771680773,0.018466568324710525,0.018460332256632808,0.018454109455184053,0.018447899863326365,0.018441703424375625,0.01843552008203639,0.018429349780385865,0.01842319246378246,0.018417048077030634,0.01841091656525419,0.018404797873953948,0.018398691948906788,0.018392598736297838,0.018386518182644085,0.018380450234782124,0.018374394839878672,0.01836835194552447,0.01836232149948655,0.01835630344997069,0.01835029774543069,0.018344304334771834,0.018338323167071822,0.01833235419179116,0.018326397358750742,0.018320452617957433,0.01831451991981979,0.01830859921504026,0.018302690454592402,0.01829679358982226,0.018290908572399105,0.01828503535404782,0.018279173887016442,0.01827332412379717,0.018267486017167607,0.018261659520174892,0.01825584458611897,0.01825004116867474,0.018244249221758803,0.01823846869949806,0.018232699556384065,0.018226941747128092,0.018221195226724985,0.018215459950438488,0.018209735873805363,0.018204022952623963,0.018198321142957045,0.01819263040113136,0.01818695068369432,0.018181281947499597,0.018175624149634775,0.018169977247451674,0.018164341198514695,0.01815871596067783,0.01815310149202166,0.018147497750896444,0.018141904695852112,0.018136322285694582,0.018130750479477254,0.018125189236463696,0.018119638516239083,0.018114098278533493,0.0181085684833308,0.018103049090843117,0.01809754006148888,0.018092041355997925,0.018086552935236498,0.01808107476034441,0.01807560679262232,0.018070148993636615,0.018064701325188975,0.018059263749243645,0.018053836227988337,0.01804841872389656,0.018043011199563547,0.01803761361780939,0.01803222594174269,0.018026848134607844,0.018021480159805186,0.018016121981043513,0.01801077356215718,0.018005434867267207,0.018000105860580973,0.017994786506596708,0.017989476769930745,0.01798417661547964,0.017978886008280945,0.017973604913546066,0.017968333296714583,0.017963071123407885,0.017957818359418207,0.017952574970739214,0.017947340923551113,0.017942116184206856,0.017936900719241793,0.01793169449538352,0.017926497479531723,0.01792130963875616,0.017916130940302175,0.01791096135162081,0.017905800840313294,0.01790064937416009,0.017895506921109847,0.017890373449278536,0.017885248926959665,0.01788013332260933,0.017875026604853322,0.017869928742493612,0.01786483970447543,0.017859759459902754,0.017854687978090058,0.01784962522846921,0.01784457118064123,0.017839525804370523,0.017834489069581856,0.01782946094634486,0.017824441404898392,0.017819430415627772,0.017814427949069903,0.017809433975959223,0.017804448467075722,0.017799471393432766,0.017794502726190792,0.017789542436639126,0.01778459049622258,0.017779646876524256,0.01777471154931521,0.01776978448639464,0.017764865659821487,0.017759955041759406,0.017755052604509707,0.01775015832052132,0.01774527216237227,0.017740394102784426,0.017735524114632324,0.01773066217089459,0.017725808244707868,0.017720962309343065,0.017716124338199784,0.01771129430481412,0.01770647218285003,0.017701657946104104,0.0176968515684847,0.017692053024095787,0.01768726228710577,0.017682479331787956,0.017677704132639284,0.01767293666420758,0.017668176901179167,0.017663424818373904,0.01765868039072803,0.01765394359331433,0.017649214401306394,0.017644492790013833,0.017639778734882747,0.017635072211442046,0.017630373195341848,0.017625681662403025,0.017620997588514382,0.017616320949681928,0.017611651722053055,0.01760698988186456,0.01760233540549041,0.017597688269412555,0.017593048450200544,0.017588415924566676,0.01758379066932971,0.017579172661404106,0.01757456187782901,0.01756995829574261,0.01756536189240223,0.01756077264516817,0.01755619053150746,0.01755161552899446,0.017547047615309005,0.0175424867682338,0.017537932965663944,0.017533386185590628,0.017528846406110063,0.017524313605423454,0.017519787761832,0.017515268853737526,0.01751075685965001,0.017506251758118548,0.01750175352794371,0.0174972621478541,0.017492777596798948,0.01748829985368995,0.017483828897739116,0.017479364708092783,0.01747490726403145,0.01747045654493345,0.017466012530274952,0.017461575199637758,0.017457144532687836,0.017452720509167605,0.017448303108933583,0.017443892311931303,0.017439488098193238,0.017435090447842087,0.017430699341078694,0.017426314758233263,0.01742193667966125,0.01741756508587215,0.017413199957430632,0.01740884127501039,0.01740448901934023,0.01740014317123542,0.0173958037116332,0.017391470621529178,0.017387143882038665,0.017382823474267554,0.01737850937950362,0.017374201579093897,0.01736990005443687,0.017365604787047944,0.01736131575851488,0.017357032950502088,0.017352756344765134,0.017348485923112503,0.017344221667472074,0.017339963559810115,0.017335711582204573,0.017331465716798326,0.017327225945813127,0.017322992251551574,0.017318764616393482,0.017314543022785067,0.01731032745326353,0.01730611789043556,0.01730191431698892,0.017297716715675197,0.01729352506933298,0.017289339360853678,0.01728515957322109,0.017280985689495137,0.01727681769279695,0.01727265556632754,0.017268499293354257,0.017264348857217726,0.017260204241322193,0.017256065429142625,0.017251932404281273,0.017247805150264077,0.01724368365092281,0.01723956788994978,0.017235457851178866,0.017231353518510236,0.017227254875910807,0.017223161907418877,0.017219074597140616,0.017214992929235475,0.017210916887945335,0.017206846457580274,0.017202781622485706,0.01719872236712698,0.017194668675963476,0.01719062053360313,0.01718657792465269,0.017182540833822712,0.01717850924581329,0.017174483145491328,0.017170462517718203,0.017166447347460426,0.01716243761970402,0.01715843331951542,0.01715443443204543,0.017150440942466406,0.017146452836036098,0.017142470098067263,0.017138492713976515,0.017134520669102534,0.01713055394898516,0.01712659253918326,0.01712263642529133,0.017118685592998038,0.017114740028001996,0.017110799716098916,0.01710686464313434,0.017102934795013774,0.017099010157679898,0.017095090717164387,0.017091176459526403,0.017087267370901413,0.017083363437450674,0.017079464645421955,0.017075570981104286,0.01707168243085378,0.01706779898108603,0.017063920618243116,0.017060047328824168,0.017056179099351965,0.017052315916506362,0.017048457766900487,0.017044604637331488,0.017040756514543922,0.01703691338535661,0.01703307523665167,0.01702924205536913,0.0170254138284791,0.017021590543024736,0.017017772186090064,0.01701395874481011,0.017010150206374426,0.01700634655801685,0.0170025477870237,0.016998753880714354,0.016994964826461192,0.016991180611779035,0.01698740122409468,0.01698362665094325,0.016979856879904914,0.016976091898620174,0.016972331694754365,0.01696857625604343,0.016964825570245087,0.016961079625177497,0.016957338408693866,0.016953601908740096,0.016949870113262586,0.01694614301025455,0.01694242058777182,0.01693870283391168,0.016934989736810083,0.016931281284658126,0.01692757746571337,0.01692387826821438,0.0169201836805426,0.016916493690966317,0.016912808287935576,0.016909127459922697,0.016905451195413722,0.016901779482964063,0.016898112311105887,0.01689444966852305,0.01689079154387283,0.01688713792585896,0.016883488803233433,0.016879844164788962,0.01687620399937169,0.016872568295865985,0.016868937043185674,0.016865310230295902,0.016861687846204135,0.01685806987993809,0.01685445632061617,0.016850847157342305,0.01684724237928468,0.01684364197567348,0.016840045935714733,0.016836454248713262,0.016832866903986443,0.01682928389091203,0.016825705198886813,0.01682213081736994,0.01681856073583762,0.016814994943776078,0.016811433430798002,0.016807876186477493,0.01680787782394702,0.016807877942578275,0.01680787779808787,0.016807877612488684,0.01680787742094783,0.016807877228928278,0.01680787703726393,0.01680787684606722,0.01680787665533584,0.01680787646504733,0.016807876275174233,0.01680787608568698,0.016807875896554796,0.01680787570774619,0.016807875519229444,0.016807875330972923,0.016807875142945475,0.01680787495511659,0.016807874767456654,0.01680787457993708,0.016807874392530498,0.016807874205210755,0.016807874017953015,0.016807873830733795,0.01680787364353098,0.01680787345632378,0.016807873269092773,0.01680787308181981,0.01680787289448798,0.01680787270708166,0.016807872519586296,0.016807872331988518,0.016807872144275957,0.016807871956437258,0.016807871768462008,0.016807871580340628,0.016807871392064442,0.01680787120362548,0.016807871015016504,0.016807870826230975,0.016807870637262943,0.01680787044810703,0.016807870258758423,0.01680787006921281,0.016807869879466295,0.016807869689515434,0.016807869499357184,0.01680786930898881,0.01680786911840798,0.01680786892761257,0.016807868736600937,0.01680786854537141,0.016807868353922766,0.016807868162253936,0.016807867970364022,0.016807867778252335,0.016807867585918367,0.01680786739336173,0.016807867200582208,0.0168078670075797,0.01680786681435421,0.016807866620905863,0.016807866427234877,0.01680786623334156,0.016807866039226294,0.016807865844889552,0.016807865650331853,0.016807865455553784,0.016807865260556006,0.016807865065339208,0.01680786486990412,0.016807864674251542,0.016807864478382287,0.016807864282297216,0.0168078640859972,0.016807863889483177,0.016807863692756064,0.016807863495816852,0.016807863298666483,0.016807863101306,0.016807862903736384,0.016807862705958684,0.016807862507973954,0.01680786230978324,0.01680786211138761,0.016807861912788137,0.01680786171398589,0.016807861514981995,0.01680786131577751,0.01680786111637356,0.016807860916771247,0.01680786071697168,0.016807860516975963,0.016807860316785227,0.016807860116400578,0.01680785991582313,0.01680785971505403,0.016807859514094352,0.01680785931294524,0.01680785911160782,0.016807858910083195,0.0168078587083725,0.01680785850647684,0.016807858304397343,0.016807858102135097,0.016807857899691254,0.0168078576970669,0.01680785749426316,0.016807857291281123,0.016807857088121915,0.016807856884786622,0.016807856681276358,0.016807856477592215,0.016807856273735284,0.016807856069706664,0.016807855865507454,0.016807855661138727,0.016807855456601573,0.016807855251897076,0.016807855047026306,0.016807854841990353,0.016807854636790288,0.016807854431427162,0.016807854225902065,0.01680785402021605,0.016807853814370173,0.0168078536083655,0.016807853402203088,0.01680785319588398,0.016807852989409226,0.016807852782779867,0.01680785257599695,0.016807852369061516,0.016807852161974602,0.01680785195473722,0.016807851747350427,0.016807851539815226,0.016807851332132643,0.01680785112430371,0.016807850916329425,0.016807850708210812,0.01680785049994888,0.01680785029154464,0.016807850082999082,0.01680784987431321,0.016807849665488022,0.016807849456524512,0.016807849247423665,0.01680784903818647,0.01680784882881391,0.016807848619306974,0.01680784840966663,0.016807848199893848,0.016807847989989612,0.016807847779954876,0.016807847569790604,0.016807847359497776,0.016807847149077335,0.01680784693853024,0.016807846727857432,0.016807846517059875,0.016807846306138505,0.016807846095094264,0.0168078458839281,0.01680784567264094,0.016807845461233716,0.016807845249707364,0.01680784503806281,0.01680784482630099,0.0168078446144228,0.01680784440242917,0.01680784419032102,0.01680784397809924,0.016807843765764763,0.01680784355331848,0.01680784334076131,0.01680784312809413,0.016807842915317842,0.016807842702433358,0.01680784248944155,0.016807842276343306,0.016807842063139525,0.01680784184983107,0.01680784163641883,0.01680784142290368,0.016807841209286477,0.01680784099556811,0.01680784078174944,0.01680784056783133,0.016807840353814635,0.016807840139700225,0.01680783992548894,0.01680783971118164,0.01680783949677918,0.016807839282282393,0.01680783906769213,0.016807838853009235,0.016807838638234537,0.01680783842336888,0.016807838208413087,0.01680783799336799,0.016807837778234417,0.01680783756301319,0.01680783734770513,0.01680783713231106,0.016807836916831787,0.016807836701268137,0.016807836485620894,0.01680783626989088,0.0168078360540789,0.016807835838185747,0.016807835622212237,0.016807835406159145,0.016807835190027282,0.016807834973817427,0.016807834757530365,0.016807834541166883,0.016807834324727763,0.01680783410821379,0.01680783389162573,0.016807833674964374,0.016807833458230476,0.0168078332414248,0.016807833024548125,0.01680783280760122,0.01680783259058483,0.01680783237349972,0.016807832156346642,0.016807831939126352,0.016807831721839597,0.01680783150448713,0.01680783128706968,0.016807831069588018,0.016807830852042852,0.01680783063443494,0.016807830416765004,0.016807830199033782,0.016807829981242008,0.016807829763390396,0.016807829545479675,0.016807829327510567,0.016807829109483797,0.016807828891400072,0.016807828673260108,0.016807828455064615,0.016807828236814315,0.016807828018509892,0.01680782780015207,0.016807827581741545,0.016807827363279005,0.01680782714476518,0.016807826926200708,0.016807826707586324,0.016807826488922685,0.0168078262702105,0.016807826051450456,0.016807825832643227,0.01680782561378949,0.01680782539488992,0.016807825175945215,0.016807824956956006,0.016807824737922996,0.01680782451884684,0.016807824299728203,0.016807824080567742,0.016807823861366117,0.016807823642123996,0.016807823422842025,0.01680782320352087,0.016807822984161166,0.016807822764763558,0.01680782254532871,0.01680782232585725,0.01680782210634984,0.016807821886807097,0.01680782166722966,0.01680782144761817,0.016807821227973255,0.016807821008295556,0.016807820788585684,0.016807820568844282,0.016807820349071953,0.016807820129269326,0.016807819909437017,0.016807819689575655,0.016807819469685834,0.01680781924976817,0.016807819029823298,0.01680781880985179,0.01680781858985427,0.016807818369831338,0.016807818149783594,0.01680781792971163,0.016807817709616056,0.016807817489497456,0.016807817269356415,0.01680781704919353,0.016807816829009403,0.016807816608804593,0.016807816388579703,0.016807816168335304,0.016807815948071975,0.016807815727790297,0.016807815507490838,0.016807815287174184,0.016807815066840887,0.01680781484649153,0.01680781462612667,0.01680781440574687,0.01680781418535271,0.01680781396494473,0.016807813744523486,0.016807813524089537,0.01680781330364345,0.01680781308318578,0.016807812862717056,0.016807812642237834,0.016807812421748655,0.01680781220125007,0.016807811980742604,0.016807811760226825,0.01680781153970325,0.016807811319172427,0.016807811098634856,0.016807810878091103,0.016807810657541684,0.016807810436987133,0.01680781021642797,0.016807809995864727,0.016807809775297902,0.016807809554728048,0.016807809334155658,0.016807809113581252,0.016807808893005354,0.01680780867242846,0.01680780845185109,0.01680780823127374,0.016807808010696947,0.016807807790121167,0.01680780756954694,0.016807807348974753,0.0168078071284051,0.016807806907838486,0.016807806687275387,0.016807806466716323,0.016807806246161777,0.016807806025612215,0.016807805805068153,0.01680780558453005,0.016807805363998413,0.016807805143473718,0.016807804922956433,0.01680780470244704,0.016807804481946024,0.01680780426145385,0.016807804040970983,0.016807803820497905,0.01680780360003509,0.016807803379582986,0.016807803159142074,0.016807802938712816,0.01680780271829566,0.016807802497891076,0.016807802277499513,0.016807802057121443,0.016807801836757313,0.01680780161640757,0.016807801396072665,0.01680780117575305,0.01680780095544918,0.016807800735161495,0.016807800514890434,0.016807800294636445,0.01680780007439995,0.016807799854181404,0.016807799633981255,0.01680779941379991,0.01680779919363784,0.01680779897349543,0.016807798753373144,0.016807798533271384,0.016807798313190608,0.016807798093131217,0.016807797873093656,0.016807797653078327,0.01680779743308566,0.016807797213116066,0.01680779699316996,0.01680779677324777,0.01680779655334991,0.01680779633347677,0.016807796113628787,0.016807795893806352,0.016807795674009862,0.016807795454239764,0.01680779523449642,0.01680779501478024,0.016807794795091632,0.016807794575431002,0.016807794355798728,0.016807794136195226,0.016807793916620874,0.016807793697076058,0.0168077934775612,0.01680779325807666,0.01680779303862284,0.016807792819200123,0.016807792599808902,0.016807792380449535,0.016807792161122437,0.016807791941827965,0.016807791722566502,0.016807791503338436,0.01680779128414412,0.016807791064983948,0.01680779084585829,0.016807790626767512,0.016807790407711975,0.016807790188692065,0.016807789969708137,0.016807789750760554,0.016807789531849686,0.0168077893129759,0.01680778909413954,0.016807788875340977,0.016807788656580565,0.016807788437858667,0.016807788219175633,0.01680778800053181,0.01680778778192755,0.016807787563363215,0.01680778734483914,0.016807787126355684,0.01680778690791319,0.01680778668951199,0.016807786471152445,0.016807786252834887,0.016807786034559666,0.016807785816327105,0.016807785598137552,0.016807785379991336,0.0168077851618888,0.016807784943830277,0.0168077847258161,0.016807784507846587,0.016807784289922082,0.016807784072042906,0.01680778385420938,0.01680778363642183,0.0168077834186806,0.016807783200986054,0.01680778298333839,0.016807782765737994,0.016807782548185192,0.016807782330680292,0.016807782113223618,0.016807781895815468,0.016807781678456164,0.016807781461146018,0.01680778124388535,0.016807781026674455,0.01680778080951363,0.0168077805924032,0.016807780375343487,0.016807780158334753,0.016807779941377336,0.016807779724471526,0.016807779507617603,0.016807779290815898,0.01680777907406669,0.01680777885737027,0.016807778640726953,0.016807778424137016,0.016807778207600755,0.01680777799111847,0.016807777774690436,0.016807777558316958,0.016807777341998304,0.01680777712573478,0.01680777690952666,0.016807776693374233,0.016807776477277752,0.01680777626123753,0.016807776045253846,0.016807775829326983,0.016807775613457216,0.016807775397644813,0.016807775181890038,0.0168077749661932,0.016807774750554536,0.016807774534974323,0.016807774319452858,0.016807774103990376,0.016807773888587174,0.016807773673243497,0.01680777345795962,0.016807773242735805,0.016807773027572324,0.01680777281246941,0.016807772597427374,0.016807772382446445,0.016807772167526876,0.01680777195266895,0.016807771737872894,0.016807771523138986,0.01680777130846747,0.016807771093858597,0.016807770879312622,0.0168077706648298,0.016807770450410375,0.016807770236054596,0.016807770021762716,0.01680776980753497,0.01680776959337162,0.016807769379272895,0.016807769165239045,0.01680776895127031,0.01680776873736693,0.01680776852352915,0.016807768309757203,0.01680776809605133,0.016807767882411763,0.016807767668838743,0.016807767455332506,0.016807767241893277,0.0168077670285213,0.016807766815216788,0.016807766601979992,0.01680776638881112,0.01680776617571043,0.01680776596267811,0.01680776574971441,0.01680776553681956,0.016807765323993782,0.016807765111237275,0.016807764898550286,0.016807764685933032,0.016807764473385726,0.016807764260908596,0.016807764048501844,0.0168077638361657,0.016807763623900372,0.016807763411706082,0.016807763199583044,0.016807762987531456,0.016807762775551554,0.01680776256364352,0.016807762351807597,0.01680776214004397,0.01680776192835286,0.01680776171673446,0.016807761505188982,0.01680776129371663,0.016807761082317615,0.016807760870992148,0.016807760659740403,0.016807760448562605,0.016807760237458936,0.016807760026429606,0.0168077598154748,0.016807759604594748,0.016807759393789614,0.016807759183059604,0.016807758972404937,0.016807758761825758,0.016807758551322285,0.016807758340894714,0.01680775813054324,0.01680775792026802,0.01680775771006928,0.016807757499947187,0.01680775728990195,0.016807757079933733,0.016807756870042732,0.016807756660229125,0.0168077564504931,0.01680775624083484,0.01680775603125453,0.016807755821752333,0.016807755612328456,0.016807755402983043,0.016807755193716304,0.016807754984528408,0.016807754775419525,0.016807754566389835,0.016807754357439517,0.016807754148568728,0.016807753939777664,0.01680775373106648,0.016807753522435357,0.016807753313884455,0.016807753105413957,0.016807752897024013,0.016807752688714806,0.0168077524804865,0.016807752272339264,0.016807752064273252,0.01680775185628864,0.01680775164838559,0.016807751440564258,0.016807751232824804,0.016807751025167402,0.0168077508175922,0.016807750610099374,0.01680775040268907,0.016807750195361456,0.01680774998811667,0.016807749780954874,0.016807749573876235,0.01680774936688091,0.016807749159969035,0.016807748953140775,0.01680774874639627,0.016807748539735688,0.016807748333159175,0.016807748126666872,0.016807747920258947,0.016807747713935537,0.01680774750769679,0.016807747301542848,0.01680774709547386,0.01680774688948996,0.01680774668359131,0.016807746477778038,0.016807746272050297,0.016807746066408242,0.016807745860851986,0.016807745655381685,0.016807745449997483,0.016807745244699523,0.01680774503948793,0.01680774483436285,0.016807744629324415,0.016807744424372762,0.016807744219508036,0.01680774401473036,0.016807743810039875,0.016807743605436704,0.016807743400920998,0.016807743196492867,0.016807742992152475,0.016807742787899912,0.016807742583735324,0.016807742379658847,0.0168077421756706,0.016807741971770717,0.01680774176795932,0.016807741564236544,0.0168077413606025,0.016807741157057327,0.016807740953601137,0.016807740750234054,0.01680774054695622,0.01680774034376774,0.01680774014066873,0.016807739937659327,0.016807739734739646,0.01680773953190979,0.0168077393291699,0.016807739126520078,0.016807738923960456,0.016807738721491133,0.016807738519112245,0.016807738316823893,0.01680773811462619,0.01680773791251926,0.016807737710503208,0.016807737508578155,0.016807737306744203,0.01680773710500148,0.016807736903350072,0.01680773670179011,0.016807736500321687,0.016807736298944928,0.01680773609765993,0.01680773589646681,0.016807735695365804,0.016807735494356716,0.01680773529343987,0.016807735092615322,0.016807734891883128,0.016807734691243456,0.01680773449069639,0.016807734290242033,0.016807734089880476,0.016807733889611844,0.016807733689436215,0.016807733489353698,0.0168077332893644,0.016807733089468407,0.01680773288966582,0.016807732689956743,0.01680773249034127,0.016807732290819492,0.016807732091391518,0.016807731892057417,0.016807731692817306,0.01680773149367128,0.01680773129461941,0.016807731095661818,0.016807730896798583,0.016807730698029794,0.016807730499355546,0.016807730300775932,0.01680773010229104,0.016807729903900955,0.01680772970560576,0.01680772950740556,0.01680772930930043,0.016807729111290453,0.016807728913375734,0.016807728715556337,0.016807728517832368,0.016807728320203892,0.016807728122671024,0.01680772792523381,0.016807727727892352,0.01680772753064673,0.016807727333497044,0.016807727136443348,0.016807726939485724,0.016807726742624277,0.016807726545859054,0.016807726349190165,0.01680772615261767,0.016807725956141658,0.0168077257597622,0.016807725563479373,0.01680772536729325,0.016807725171203935,0.016807724975211463,0.016807724779315924,0.016807724583517404,0.016807724387815966,0.016807724192211684,0.01680772399670464,0.016807723801294895,0.01680772360598253,0.016807723410767614,0.01680772321565021,0.01680772302063039,0.016807722825708242,0.01680772263088383,0.016807722436157198,0.016807722241528433,0.01680772204699761,0.016807721852564787,0.016807721658230027,0.016807721463993407,0.01680772126985498,0.01680772107581482,0.016807720881872993,0.01680772068802955,0.016807720494284577,0.016807720300638134,0.01680772010709027,0.016807719913641054,0.01680771972029055,0.016807719527038818,0.016807719333885925,0.016807719140831918,0.016807718947876867,0.016807718755020833,0.016807718562263874,0.016807718369606043,0.016807718177047407,0.016807717984588015,0.01680771779222793,0.01680771759996721,0.01680771740780591,0.01680771721574407,0.01680771702378178,0.016807716831919062,0.016807716640155998,0.016807716448492625,0.016807716256928996,0.016807716065465175,0.016807715874101205,0.016807715682837142,0.016807715491673047,0.016807715300608962,0.01680771510964495,0.016807714918781042,0.016807714728017297,0.01680771453735377,0.016807714346790504,0.01680771415632755,0.016807713965964963,0.016807713775702778,0.01680771358554105,0.01680771339547983,0.01680771320551916,0.016807713015659087,0.016807712825899653,0.01680771263624091,0.016807712446682915,0.01680771225722569,0.016807712067869292,0.01680771187861378,0.016807711689459166,0.01680771150040549,0.016807711311452814,0.01680771112260119,0.01680771093385064,0.016807710745201203,0.01680771055665296,0.0168077103682059,0.016807710179860096,0.01680770999161557,0.016807709803472366,0.016807709615430527,0.016807709427490103,0.0168077092396511,0.016807709051913585,0.016807708864277588,0.016807708676743142,0.01680770848931031,0.01680770830197908,0.016807708114749523,0.01680770792762166,0.016807707740595538,0.016807707553671176,0.01680770736684863,0.016807707180127914,0.016807706993509072,0.01680770680699214,0.016807706620577144,0.01680770643426412,0.01680770624805309,0.01680770606194411,0.016807705875937193,0.016807705690032378,0.016807705504229685,0.016807705318529167,0.016807705132930825,0.016807704947434707,0.016807704762040843,0.016807704576749256,0.016807704391559975,0.016807704206473022,0.016807704021488463,0.016807703836606264,0.01680770365182649,0.016807703467149163,0.01680770328257431,0.016807703098101968,0.01680770291373214,0.01680770272946486,0.01680770254530016,0.016807702361238054,0.01680770217727858,0.016807701993421756,0.016807701809667605,0.016807701626016146,0.016807701442467415,0.01680770125902142,0.0168077010756782,0.016807700892437747,0.016807700709300138,0.016807700526265346,0.016807700343333416,0.01680770016050435,0.016807699977778184,0.01680769979515493,0.01680769961263461,0.016807699430217246,0.016807699247902853,0.01680769906569145,0.016807698883583078,0.016807698701577726,0.016807698519675413,0.016807698337876185,0.016807698156180023,0.016807697974586974,0.01680769779309704,0.016807697611710238,0.016807697430426583,0.0168076972492461,0.0168076970681688,0.016807696887194707,0.016807696706323812,0.016807696525556158,0.01680769634489173,0.016807696164330563,0.016807695983872672,0.016807695803518062,0.016807695623266745,0.016807695443118744,0.016807695263074046,0.016807695083132713,0.016807694903294715,0.016807694723560074,0.016807694543928806,0.016807694364400907,0.016807694184976407,0.016807694005655318,0.016807693826437636,0.01680769364732338,0.016807693468312554,0.016807693289405172,0.016807693110601242,0.016807692931900767,0.01680769275330377,0.016807692574810247,0.016807692396420222,0.01680769221813368,0.016807692039950643,0.016807691861871116,0.016807691683895093,0.016807691506022605,0.01680769132825364,0.016807691150588215,0.01680769097302635,0.016807690795568007,0.016807690618213224,0.016807690440961993,0.016807690263814325,0.016807690086770233,0.016807689909829705,0.01680768973299275,0.016807689556259376,0.01680768937962959,0.016807689203103385,0.016807689026680766,0.016807688850361744,0.016807688674146323,0.016807688498034504,0.01680768832202627,0.01680768814612165,0.01680768797032063,0.016807687794623213,0.0168076876190294,0.01680768744353919,0.016807687268152596,0.016807687092869613,0.016807686917690218,0.016807686742614455,0.016807686567642286,0.016807686392773726,0.016807686218008773,0.01680768604334742,0.01680768586878967,0.016807685694335515,0.016807685519984964,0.016807685345738017,0.016807685171594658,0.016807684997554896,0.01680768482361872,0.016807684649786138,0.016807684476057135,0.01680768430243173,0.016807684128909886,0.016807683955491617,0.01680768378217691,0.016807683608965777,0.01680768343585821,0.016807683262854197,0.01680768308995372,0.016807682917156796,0.016807682744463412,0.016807682571873563,0.01680768239938724,0.016807682227004444,0.01680768205472516,0.016807681882549386,0.01680768171047711,0.016807681538508326,0.01680768136664304,0.01680768119488123,0.016807681023222894,0.016807680851668026,0.016807680680216614,0.01680768050886866,0.01680768033762414,0.01680768016648305,0.016807679995445378,0.016807679824511118,0.016807679653680272,0.016807679482952812,0.016807679312328738,0.016807679141808037,0.01680767897139072,0.01680767880107675,0.016807678630866126,0.016807678460758833,0.01680767829075486,0.016807678120854205,0.01680767795105684,0.016807677781362777,0.016807677611771987,0.016807677442284456,0.01680767727290019,0.016807677103619162,0.016807676934441358,0.016807676765366774,0.01680767659639539,0.01680767642752719,0.01680767625876217,0.01680767609010032,0.01680767592154163,0.016807675753086053,0.016807675584733613,0.016807675416484286,0.016807675248338046,0.016807675080294886,0.01680767491235479,0.01680767474451774,0.016807674576783723,0.016807674409152727,0.01680767424162473,0.01680767407419972,0.016807673906877693,0.016807673739658618,0.016807673572542484,0.01680767340552927,0.01680767323861897,0.016807673071811555,0.016807672905107013,0.01680767273850533,0.016807672572006487,0.016807672405610468,0.016807672239317253,0.016807672073126816,0.016807671907039152,0.016807671741054252,0.016807671575172066,0.016807671409392606,0.016807671243715835,0.016807671078141746,0.016807670912670308,0.01680767074730152,0.016807670582035344,0.016807670416871767,0.01680767025181077,0.016807670086852328,0.01680766992199644,0.016807669757243068,0.0168076695925922,0.016807669428043806,0.016807669263597877,0.016807669099254387,0.01680766893501331,0.016807668770874643,0.01680766860683834,0.01680766844290439,0.01680766827907279,0.016807668115343493,0.01680766795171649,0.016807667788191753,0.016807667624769256,0.01680766746144899,0.016807667298230914,0.016807667135115025,0.016807666972101294,0.01680766680918969,0.0168076666463802,0.016807666483672806,0.016807666321067456,0.016807666158564168,0.016807665996162884,0.0168076658338636,0.01680766567166629,0.016807665509570916,0.016807665347577452,0.016807665185685917,0.016807665023896246,0.0168076648622084,0.016807664700622397,0.01680766453913818,0.01680766437775575,0.01680766421647506,0.016807664055296108,0.01680766389421884,0.016807663733243248,0.016807663572369298,0.016807663411596976,0.016807663250926252,0.016807663090357076,0.016807662929889465,0.016807662769523363,0.016807662609258745,0.016807662449095595,0.01680766228903388,0.016807662129073572,0.01680766196921466,0.016807661809457086,0.016807661649800878,0.016807661490245932,0.01680766133079229,0.016807661171439843,0.016807661012188647,0.01680766085303864,0.0168076606939898,0.016807660535042075,0.01680766037619546,0.01680766021744993,0.01680766005880545,0.016807659900261993,0.016807659741819508,0.016807659583477998,0.016807659425237424,0.016807659267097735,0.01680765910905894,0.016807658951120994,0.01680765879328387,0.016807658635547514,0.016807658477911925,0.01680765832037705,0.016807658162942878,0.016807658005609374,0.016807657848376494,0.016807657691244232,0.016807657534212542,0.016807657377281404,0.016807657220450772,0.01680765706372063,0.016807656907090927,0.016807656750561655,0.01680765659413278,0.016807656437804252,0.016807656281576055,0.016807656125448153,0.01680765596942053,0.016807655813493135,0.016807655657665933,0.016807655501938912,0.01680765534631202,0.016807655190785236,0.016807655035358512,0.016807654880031855,0.01680765472480519,0.016807654569678504,0.016807654414651763,0.016807654259724924,0.01680765410489797,0.016807653950170868,0.016807653795543567,0.01680765364101605,0.016807653486588282,0.01680765333226021,0.016807653178031824,0.01680765302390309,0.01680765286987396,0.01680765271594441,0.01680765256211441,0.016807652408383913,0.01680765225475289,0.016807652101221315,0.016807651947789146,0.016807651794456348,0.016807651641222884,0.016807651488088726,0.01680765133505384,0.016807651182118185,0.016807651029281737,0.016807650876544452,0.01680765072390631,0.016807650571367252,0.01680765041892725,0.01680765026658628,0.016807650114344288,0.01680764996220126,0.016807649810157147,0.016807649658211927,0.016807649506365527,0.016807649354617954,0.016807649202969163,0.016807649051419103,0.016807648899967744,0.01680764874861505,0.01680764859736099,0.01680764844620553,0.01680764829514862,0.016807648144190234,0.016807647993330333,0.016807647842568885,0.01680764769190584,0.01680764754134117,0.016807647390874845,0.016807647240506804,0.016807647090237045,0.0168076469400655,0.01680764678999216,0.01680764664001696,0.01680764649013987,0.016807646340360863,0.016807646190679894,0.016807646041096927,0.01680764589161192,0.01680764574222485,0.016807645592935655,0.016807645443744308,0.01680764529465078,0.016807645145655022,0.016807644996757,0.01680764484795667,0.016807644699254005,0.016807644550648957,0.01680764440214149,0.016807644253731577,0.016807644105419167,0.016807643957204205,0.016807643809086687,0.016807643661066542,0.016807643513143754,0.016807643365318273,0.016807643217590075,0.016807643069959095,0.016807642922425307,0.01680764277498867,0.016807642627649153,0.016807642480406716,0.01680764233326131,0.01680764218621289,0.01680764203926143,0.01680764189240689,0.016807641745649218,0.016807641598988385,0.016807641452424343,0.016807641305957056,0.01680764115958649,0.0168076410133126,0.016807640867135345,0.01680764072105468,0.016807640575070573,0.01680764042918299,0.01680764028339186,0.016807640137697172,0.016807639992098874,0.01680763984659694,0.016807639701191313,0.01680763955588195,0.016807639410668818,0.01680763926555187,0.016807639120531074,0.01680763897560638,0.01680763883077776,0.016807638686045154,0.016807638541408536,0.016807638396867854,0.016807638252423072,0.016807638108074157,0.016807637963821048,0.01680763781966372,0.01680763767560213,0.01680763753163622,0.016807637387765976,0.016807637243991334,0.01680763710031226,0.01680763695672871,0.016807636813240646,0.016807636669848018,0.01680763652655079,0.016807636383348916,0.016807636240242358,0.01680763609723107,0.016807635954315028,0.01680763581149415,0.016807635668768424,0.016807635526137808,0.016807635383602252,0.01680763524116171,0.01680763509881614,0.016807634956565502,0.016807634814409764,0.016807634672348866,0.016807634530382767,0.016807634388511437,0.016807634246734832,0.016807634105052892,0.016807633963465587,0.016807633821972867,0.016807633680574703,0.016807633539271036,0.01680763339806183,0.016807633256947032,0.01680763311592661,0.016807632975000528,0.016807632834168723,0.016807632693431156,0.016807632552787808,0.016807632412238604,0.016807632271783526,0.0168076321314225,0.016807631991155522,0.01680763185098252,0.01680763171090344,0.01680763157091825,0.016807631431026922,0.01680763129122939,0.01680763115152562,0.016807631011915587,0.01680763087239921,0.01680763073297647,0.01680763059364733,0.01680763045441171,0.01680763031526958,0.01680763017622092,0.016807630037265653,0.016807629898403755,0.016807629759635172,0.01680762962095989,0.016807629482377816,0.016807629343888943,0.016807629205493176,0.016807629067190515,0.01680762892898091,0.016807628790864344,0.016807628652840714,0.01680762851491001,0.016807628377072184,0.016807628239327174,0.016807628101674972,0.016807627964115505,0.016807627826648703,0.01680762768927456,0.016807627551993016,0.016807627414804044,0.01680762727770757,0.01680762714070357,0.016807627003791986,0.016807626866972788,0.016807626730245908,0.016807626593611322,0.01680762645706898,0.016807626320618826,0.016807626184260824,0.016807626047994934,0.0168076259118211,0.01680762577573927,0.016807625639749423,0.0168076255038515,0.016807625368045448,0.016807625232331227,0.01680762509670879,0.016807624961178106,0.01680762482573911,0.01680762469039176,0.01680762455513602,0.016807624419971832,0.016807624284899157,0.01680762414991794,0.016807624015028153,0.016807623880229734,0.01680762374552264,0.016807623610906822,0.01680762347638225,0.016807623341948866,0.016807623207606627,0.01680762307335548,0.016807622939195382,0.016807622805126293,0.01680762267114817,0.016807622537260952,0.0168076224034646,0.01680762226975906,0.016807622136144295,0.016807622002620263,0.01680762186918691,0.016807621735844196,0.01680762160259206,0.016807621469430475,0.016807621336359393,0.016807621203378757,0.016807621070488502,0.016807620937688613,0.016807620804979027,0.016807620672359705,0.01680762053983061,0.016807620407391664,0.016807620275042838,0.016807620142784103,0.016807620010615396,0.016807619878536666,0.016807619746547868,0.01680761961464895,0.016807619482839875,0.016807619351120587,0.016807619219491057,0.016807619087951222,0.01680761895650103,0.016807618825140456,0.01680761869386944,0.016807618562687934,0.016807618431595887,0.01680761830059327,0.016807618169680013,0.016807618038856074,0.016807617908121426,0.016807617777475994,0.016807617646919744,0.016807617516452628,0.0168076173860746,0.016807617255785615,0.016807617125585626,0.016807616995474582,0.016807616865452443,0.01680761673551915,0.016807616605674654,0.016807616475918913,0.0168076163462519,0.01680761621667353,0.01680761608718377,0.01680761595778258,0.01680761582846992,0.016807615699245725,0.016807615570109943,0.016807615441062546,0.016807615312103483,0.016807615183232656,0.016807615054450168,0.016807614925755797,0.016807614797149567,0.016807614668631423,0.01680761454020133,0.01680761441185923,0.016807614283605082,0.016807614155438827,0.016807614027360425,0.016807613899369828,0.016807613771466983,0.01680761364365186,0.016807613515924386,0.016807613388284532,0.016807613260732258,0.01680761313326748,0.01680761300589018,0.016807612878600303,0.0168076127513978,0.016807612624282625,0.016807612497254723,0.016807612370314053,0.016807612243460564,0.016807612116694216,0.016807611990014966,0.016807611863422733,0.016807611736917503,0.016807611610499214,0.01680761148416782,0.01680761135792329,0.01680761123176554,0.016807611105694547,0.01680761097971025,0.016807610853812615,0.016807610728001594,0.01680761060227712,0.016807610476639156,0.01680761035108766,0.016807610225622584,0.016807610100243873,0.01680760997495148,0.016807609849745355,0.016807609724625455,0.01680760959959172,0.016807609474644124,0.016807609349782586,0.01680760922500707,0.01680760910031756,0.016807608975713983,0.016807608851196282,0.016807608726764425,0.01680760860241835,0.01680760847815802,0.016807608353983365,0.016807608229894366,0.01680760810589096,0.016807607981973106,0.01680760785814075,0.016807607734393843,0.016807607610732345,0.016807607487156193,0.016807607363665343,0.016807607240259762,0.016807607116939377,0.01680760699370417,0.016807606870554062,0.016807606747489025,0.016807606624509003,0.016807606501613944,0.016807606378803807,0.01680760625607855,0.016807606133438104,0.016807606010882437,0.016807605888411487,0.016807605766025222,0.016807605643723567,0.016807605521506515,0.016807605399373995,0.016807605277325947,0.01680760515536234,0.016807605033483122,0.01680760491168824,0.016807604789977643,0.01680760466835129,0.016807604546809133,0.01680760442535112,0.016807604303977194,0.01680760418268732,0.01680760406148145,0.016807603940359527,0.016807603819321504,0.016807603698367327,0.016807603577496968,0.016807603456710358,0.016807603336007455,0.016807603215388225,0.016807603094852602,0.016807602974400537,0.016807602854031975,0.0168076027337469,0.016807602613545226,0.01680760249342693,0.01680760237339196,0.016807602253440253,0.016807602133571763,0.01680760201378647,0.016807601894084277,0.016807601774465174,0.0168076016549291,0.016807601535476,0.01680760141610584,0.01680760129681856,0.016807601177614116,0.01680760105849246,0.01680760093945355,0.016807600820497304,0.016807600701623716,0.01680760058283274,0.016807600464124283,0.016807600345498334,0.01680760022695483,0.01680760010849372,0.016807599990114965,0.016807599871818502,0.016807599753604296,0.016807599635472296,0.016807599517422455,0.016807599399454722,0.016807599281569042,0.016807599163765383,0.016807599046043675,0.016807598928403878,0.016807598810845953,0.016807598693369844,0.016807598575975503,0.016807598458662882,0.016807598341431935,0.016807598224282603,0.01680759810721483,0.0168075979902286,0.016807597873323837,0.016807597756500526,0.01680759763975858,0.016807597523097975,0.016807597406518646,0.01680759729002055,0.01680759717360364,0.016807597057267882,0.016807596941013192,0.01680759682483956,0.016807596708746902,0.016807596592735206,0.0168075964768044,0.016807596360954438,0.016807596245185283,0.01680759612949687,0.01680759601388916,0.01680759589836211,0.016807595782915664,0.01680759566754977,0.016807595552264378,0.01680759543705946,0.016807595321934946,0.016807595206890787,0.016807595091926957,0.01680759497704338,0.01680759486224003,0.016807594747516846,0.01680759463287378,0.016807594518310768,0.016807594403827803,0.0168075942894248,0.01680759417510174,0.01680759406085855,0.0168075939466952,0.016807593832611635,0.0168075937186078,0.016807593604683646,0.016807593490839132,0.016807593377074208,0.016807593263388813,0.016807593149782925,0.016807593036256473,0.016807592922809415,0.016807592809441715,0.01680759269615331,0.016807592582944154,0.01680759246981419,0.016807592356763403,0.01680759224379171,0.016807592130899086,0.016807592018085463,0.016807591905350815,0.016807591792695063,0.016807591680118184,0.016807591567620128,0.01680759145520084,0.016807591342860268,0.016807591230598364,0.016807591118415087,0.01680759100631039,0.016807590894284213,0.016807590782336523,0.01680759067046726,0.01680759055867638,0.01680759044696383,0.016807590335329584,0.01680759022377356,0.016807590112295743,0.016807590000896065,0.016807589889574474,0.01680758977833094,0.016807589667165394,0.016807589556077814,0.016807589445068122,0.016807589334136286,0.01680758922328227,0.016807589112506002,0.016807589001807444,0.016807588891186543,0.016807588780643264,0.016807588670177547,0.016807588559789345,0.01680758844947863,0.016807588339245325,0.0168075882290894,0.016807588119010782,0.01680758800900946,0.016807587899085378,0.016807587789238472,0.016807587679468706,0.01680758756977602,0.01680758746016038,0.016807587350621715,0.016807587241159997,0.016807587131775194,0.016807587022467204,0.016807586913236038,0.016807586804081627,0.016807586695003922,0.016807586586002867,0.016807586477078428,0.01680758636823055,0.016807586259459183,0.016807586150764265,0.016807586042145786,0.016807585933603684,0.016807585825137895,0.016807585716748372,0.01680758560843508,0.01680758550019798,0.016807585392037003,0.01680758528395211,0.016807585175943256,0.016807585068010396,0.016807584960153475,0.01680758485237245,0.016807584744667262,0.01680758463703788,0.016807584529484252,0.016807584422006333,0.016807584314604062,0.0168075842072774,0.01680758410002629,0.01680758399285071,0.01680758388575059,0.01680758377872589,0.016807583671776566,0.016807583564902563,0.01680758345810383,0.016807583351380335,0.016807583244732027,0.01680758313815884,0.016807583031660744,0.01680758292523768,0.01680758281888962,0.016807582712616502,0.016807582606418278,0.016807582500294908,0.016807582394246342,0.016807582288272532,0.01680758218237341,0.016807582076548953,0.016807581970799127,0.016807581865123877,0.01680758175952313,0.01680758165399686,0.01680758154854502,0.016807581443167543,0.016807581337864412,0.016807581232635555,0.016807581127480944,0.016807581022400528,0.016807580917394236,0.016807580812462045,0.016807580707603905,0.016807580602819776,0.016807580498109563,0.0168075803934733,0.016807580288910887,0.016807580184422275,0.01680758008000744,0.01680757997566631,0.016807579871398855,0.016807579767205028,0.016807579663084785,0.016807579559038072,0.016807579455064833,0.016807579351164982,0.016807579247338604,0.016807579143585563,0.016807579039905797,0.01680757893629928,0.016807578832765978,0.016807578729305828,0.016807578625918775,0.01680757852260479,0.01680757841936383,0.016807578316195834,0.016807578213100756,0.016807578110078544,0.016807578007129172,0.016807577904252594,0.016807577801448734,0.016807577698717577,0.016807577596059053,0.016807577493473114,0.01680757739095974,0.016807577288518862,0.016807577186150443,0.01680757708385443,0.01680757698163079,0.016807576879479466,0.016807576777400416,0.016807576675393582,0.01680757657345893,0.01680757647159641,0.016807576369805965,0.016807576268087564,0.016807576166441154,0.016807576064866686,0.01680757596336413,0.01680757586193342,0.016807575760574532,0.01680757565928738,0.01680757555807194,0.016807575456928178,0.016807575355856027,0.016807575254855465,0.016807575153926425,0.01680757505306887,0.016807574952282744,0.016807574851568016,0.016807574750924627,0.016807574650352538,0.016807574549851698,0.016807574449422064,0.01680757434906359,0.01680757424877623,0.016807574148559937,0.01680757404841467,0.016807573948340374,0.016807573848337008,0.01680757374840452,0.016807573648542885,0.016807573548752022,0.01680757344903191,0.0168075733493825,0.016807573249803746,0.016807573150295598,0.01680757305085801,0.016807572951490938,0.01680757285219434,0.016807572752968163,0.01680757265381236,0.016807572554726907,0.016807572455711725,0.016807572356766793,0.016807572257892058,0.01680757215908747,0.016807572060352983,0.01680757196168856,0.016807571863094138,0.016807571764569696,0.016807571666115163,0.016807571567730516,0.01680757146941572,0.016807571371170674,0.016807571272995394,0.016807571174889797,0.016807571076853774,0.016807570978887423,0.016807570880990635,0.01680757078316335,0.01680757068540554,0.016807570587717147,0.01680757049009813,0.016807570392548453,0.01680757029506805,0.016807570197656895,0.016807570100314938,0.016807570003042126,0.016807569905838413,0.01680756980870375,0.01680756971163811,0.016807569614641443,0.0168075695177137,0.01680756942085484,0.016807569324064804,0.016807569227343555,0.016807569130691043,0.016807569034107232,0.01680756893759208,0.016807568841145544,0.016807568744767548,0.016807568648458084,0.016807568552217093,0.01680756845604452,0.016807568359940336,0.016807568263904494,0.016807568167936934,0.016807568072037617,0.016807567976206514,0.016807567880443564,0.016807567784748727,0.01680756768912196,0.016807567593563215,0.01680756749807245,0.016807567402649614,0.01680756730729467,0.016807567212007577,0.01680756711678828,0.016807567021636736,0.0168075669265529,0.01680756683153674,0.01680756673658819,0.016807566641707218,0.016807566546893776,0.016807566452147826,0.016807566357469314,0.016807566262858193,0.016807566168314435,0.01680756607383798,0.016807565979428795,0.016807565885086823,0.01680756579081203,0.016807565696604368,0.016807565602463805,0.016807565508390274,0.01680756541438374,0.01680756532044416,0.016807565226571498,0.016807565132765687,0.016807565039026716,0.01680756494535451,0.016807564851749023,0.016807564758210245,0.01680756466473811,0.016807564571332572,0.016807564477993572,0.0168075643847211,0.01680756429151509,0.01680756419837553,0.016807564105302326,0.016807564012295464,0.016807563919354885,0.016807563826480555,0.016807563733672422,0.016807563640930452,0.01680756354825458,0.016807563455644804,0.01680756336310105,0.0168075632706233,0.016807563178211485,0.016807563085865552,0.01680756299358547,0.01680756290137121,0.016807562809222694,0.016807562717139905,0.016807562625122792,0.016807562533171318,0.01680756244128545,0.0168075623494651,0.01680756225771026,0.016807562166020893,0.01680756207439692,0.016807561982838327,0.016807561891345066,0.016807561799917083,0.016807561708554346,0.016807561617256793,0.01680756152602441,0.016807561434857135,0.01680756134375492,0.016807561252717734,0.016807561161745532,0.016807561070838264,0.01680756097999589,0.01680756088921836,0.016807560798505646,0.0168075607078577,0.016807560617274456,0.016807560526755905,0.016807560436301987,0.016807560345912655,0.01680756025558787,0.016807560165327588,0.016807560075131775,0.016807559985000373,0.016807559894933346,0.016807559804930657,0.016807559714992246,0.0168075596251181,0.01680755953530814,0.016807559445562347,0.016807559355880675,0.016807559266263074,0.0168075591767095,0.016807559087219908,0.016807558997794268,0.01680755890843253,0.016807558819134653,0.016807558729900585,0.01680755864073029,0.016807558551623733,0.01680755846258086,0.01680755837360164,0.01680755828468602,0.016807558195833953,0.01680755810704541,0.016807558018320335,0.016807557929658705,0.016807557841060448,0.016807557752525557,0.016807557664053962,0.016807557575645633,0.01680755748730052,0.01680755739901859,0.016807557310799793,0.01680755722264408,0.016807557134551423,0.01680755704652177,0.016807556958555108,0.01680755687065135,0.016807556782810477,0.016807556695032422,0.016807556607317167,0.016807556519664677,0.016807556432074884,0.01680755634454777,0.016807556257083276,0.016807556169681367,0.016807556082342,0.01680755599506515,0.016807555907850744,0.01680755582069874,0.016807555733609134,0.01680755564658183,0.016807555559616827,0.016807555472714068,0.01680755538587353,0.016807555299095146,0.016807555212378884,0.016807555125724714,0.01680755503913257,0.016807554952602426,0.016807554866134247,0.016807554779727975,0.01680755469338357,0.016807554607100993,0.016807554520880195,0.016807554434721143,0.016807554348623802,0.01680755426258812,0.016807554176614073,0.016807554090701587,0.016807554004850633,0.016807553919061184,0.016807553833333193,0.016807553747666616,0.016807553662061405,0.016807553576517517,0.016807553491034927,0.016807553405613577,0.016807553320253424,0.016807553234954448,0.01680755314971658,0.016807553064539803,0.01680755297942406,0.016807552894369318,0.016807552809375532,0.01680755272444266,0.016807552639570657,0.0168075525547595,0.016807552470009115,0.01680755238531949,0.01680755230069057,0.016807552216122318,0.016807552131614695,0.01680755204716766,0.016807551962781168,0.016807551878455177,0.016807551794189645,0.016807551709984537,0.016807551625839814,0.016807551541755433,0.016807551457731336,0.01680755137376751,0.016807551289863894,0.01680755120602046,0.016807551122237155,0.016807551038513942,0.016807550954850793,0.01680755087124766,0.016807550787704493,0.01680755070422124,0.016807550620797883,0.016807550537434376,0.016807550454130692,0.01680755037088677,0.016807550287702564,0.01680755020457806,0.0168075501215132,0.016807550038507944,0.016807549955562228,0.01680754987267605,0.01680754978984937,0.016807549707082155,0.016807549624374314,0.016807549541725832,0.016807549459136678,0.016807549376606803,0.01680754929413616,0.016807549211724726,0.016807549129372452,0.0168075490470793,0.01680754896484524,0.016807548882670217,0.016807548800554184,0.016807548718497118,0.016807548636498963,0.016807548554559692,0.016807548472679255,0.01680754839085764,0.01680754830909477,0.01680754822739061,0.016807548145745126,0.016807548064158292,0.016807547982630053,0.016807547901160364,0.016807547819749205,0.016807547738396517,0.01680754765710227,0.016807547575866423,0.016807547494688938,0.016807547413569768,0.016807547332508877,0.016807547251506225,0.016807547170561772,0.01680754708967548,0.016807547008847307,0.016807546928077226,0.01680754684736517,0.016807546766711118,0.016807546686115026,0.016807546605576863,0.0168075465250966,0.016807546444674148,0.016807546364309513,0.016807546284002637,0.016807546203753486,0.016807546123562025,0.016807546043428195,0.016807545963351975,0.01680754588333333,0.016807545803372213,0.01680754572346858,0.01680754564362239,0.016807545563833615,0.016807545484102206,0.016807545404428127,0.016807545324811338,0.016807545245251805,0.016807545165749498,0.016807545086304342,0.016807545006916332,0.01680754492758542,0.016807544848311547,0.016807544769094702,0.01680754468993483,0.0168075446108319,0.016807544531785887,0.016807544452796704,0.01680754437386436,0.016807544294988794,0.016807544216169968,0.01680754413740786,0.016807544058702405,0.016807543980053585,0.01680754390146135,0.01680754382292567,0.0168075437444465,0.01680754366602379,0.01680754358765753,0.016807543509347662,0.016807543431094144,0.01680754335289694,0.016807543274756045,0.01680754319667136,0.016807543118642868,0.01680754304067056,0.016807542962754357,0.016807542884894246,0.016807542807090174,0.01680754272934212,0.016807542651650038,0.016807542574013887,0.01680754249643362,0.01680754241890921,0.01680754234144062,0.016807542264027798,0.01680754218667072,0.01680754210936934,0.016807542032123632,0.016807541954933555,0.016807541877799058,0.016807541800720097,0.016807541723696653,0.016807541646728697,0.01680754156981615,0.016807541492959013,0.016807541416157253,0.01680754133941079,0.016807541262719616,0.01680754118608368,0.016807541109502937,0.016807541032977377,0.016807540956506935,0.016807540880091582,0.01680754080373129,0.01680754072742601,0.016807540651175703,0.01680754057498035,0.01680754049883989,0.016807540422754296,0.016807540346723528,0.016807540270747552,0.016807540194826324,0.016807540118959796,0.016807540043147964,0.016807539967390758,0.016807539891688154,0.01680753981604011,0.016807539740446593,0.016807539664907563,0.016807539589422986,0.01680753951399281,0.016807539438617014,0.016807539363295553,0.01680753928802839,0.01680753921281549,0.016807539137656806,0.016807539062552328,0.016807538987501997,0.016807538912505783,0.016807538837563623,0.016807538762675503,0.016807538687841385,0.016807538613061234,0.016807538538335023,0.016807538463662685,0.016807538389044203,0.016807538314479547,0.016807538239968656,0.016807538165511497,0.016807538091108052,0.01680753801675827,0.01680753794246212,0.01680753786821956,0.01680753779403056,0.016807537719895068,0.016807537645813057,0.016807537571784492,0.016807537497809326,0.01680753742388754,0.016807537350019077,0.01680753727620391,0.016807537202442022,0.016807537128733348,0.01680753705507786,0.01680753698147552,0.01680753690792626,0.016807536834430113,0.016807536760986994,0.01680753668759687,0.016807536614259724,0.01680753654097551,0.016807536467744195,0.01680753639456572,0.01680753632144007,0.0168075362483672,0.016807536175347082,0.01680753610237967,0.01680753602946492,0.016807535956602816,0.016807535883793315,0.016807535811036375,0.01680753573833197,0.016807535665680037,0.016807535593080566,0.016807535520533518,0.016807535448038848,0.016807535375596528,0.016807535303206514,0.016807535230868777,0.016807535158583266,0.01680753508634996,0.01680753501416884,0.016807534942039834,0.016807534869962917,0.016807534797938055,0.016807534725965214,0.016807534654044352,0.016807534582175435,0.016807534510358445,0.016807534438593327,0.016807534366880046,0.01680753429521857,0.016807534223608867,0.01680753415205089,0.016807534080544622,0.016807534009090016,0.016807533937687025,0.01680753386633561,0.016807533795035762,0.01680753372378744,0.016807533652590592,0.016807533581445183,0.01680753351035119,0.016807533439308582,0.016807533368317307,0.01680753329737733,0.01680753322648862,0.016807533155651144,0.016807533084864875,0.016807533014129756,0.01680753294344577,0.016807532872812867,0.016807532802231028,0.016807532731700207,0.01680753266122037,0.01680753259079148,0.0168075325204135,0.016807532450086392,0.016807532379810138,0.016807532309584677,0.016807532239409995,0.01680753216928605,0.016807532099212815,0.016807532029190234,0.0168075319592183,0.016807531889296946,0.016807531819426163,0.0168075317496059,0.016807531679836122,0.016807531610116805,0.016807531540447913,0.016807531470829404,0.016807531401261244,0.016807531331743394,0.01680753126227584,0.01680753119285852,0.016807531123491416,0.016807531054174485,0.01680753098490769,0.016807530915691,0.016807530846524386,0.016807530777407813,0.016807530708341234,0.016807530639324622,0.01680753057035794,0.01680753050144116,0.01680753043257424,0.016807530363757154,0.016807530294989853,0.016807530226272308,0.0168075301576045,0.016807530088986368,0.01680753002041789,0.016807529951899037,0.016807529883429772,0.016807529815010065,0.016807529746639863,0.016807529678319146,0.01680752961004787,0.01680752954182601,0.016807529473653535,0.016807529405530416,0.016807529337456592,0.016807529269432034,0.016807529201456724,0.016807529133530626,0.016807529065653703,0.01680752899782592,0.016807528930047236,0.016807528862317633,0.016807528794637053,0.016807528727005482,0.016807528659422873,0.016807528591889196,0.016807528524404425,0.016807528456968517,0.01680752838958144,0.016807528322243158,0.01680752825495365,0.016807528187712868,0.01680752812052078,0.016807528053377346,0.01680752798628255,0.016807527919236346,0.016807527852238695,0.016807527785289572,0.01680752771838894,0.01680752765153677,0.01680752758473303,0.01680752751797768,0.016807527451270666,0.016807527384611987,0.0168075273180016,0.016807527251439473,0.01680752718492556,0.016807527118459852,0.016807527052042283,0.01680752698567285,0.0168075269193515,0.016807526853078212,0.01680752678685293,0.016807526720675644,0.016807526654546313,0.01680752658846491,0.01680752652243139,0.016807526456445718,0.016807526390507865,0.016807526324617794,0.016807526258775497,0.01680752619298091,0.016807526127234,0.016807526061534756,0.016807525995883036,0.016807525930278996,0.01680752586472252,0.016807525799213557,0.016807525733752073,0.016807525668338062,0.016807525602971458,0.016807525537652242,0.016807525472380385,0.016807525407155854,0.016807525341978585,0.0168075252768486,0.016807525211765824,0.016807525146730257,0.016807525081741832,0.01680752501680053,0.016807524951906332,0.016807524887059194,0.016807524822259074,0.016807524757505958,0.016807524692799784,0.016807524628140554,0.016807524563528218,0.01680752449896272,0.016807524434444075,0.01680752436997222,0.016807524305547137,0.016807524241168773,0.016807524176837115,0.01680752411255212,0.016807524048313757,0.016807523984121997,0.0168075239199768,0.01680752385587814,0.016807523791825978,0.0168075237278203,0.016807523663861047,0.0168075235999482,0.01680752353608174,0.01680752347226161,0.01680752340848778,0.016807523344760232,0.016807523281078922,0.016807523217443828,0.016807523153854923,0.016807523090312155,0.016807523026815503,0.016807522963364935,0.016807522899960417,0.016807522836601915,0.01680752277328938,0.016807522710022813,0.016807522646802173,0.016807522583627426,0.01680752252049852,0.01680752245741545,0.016807522394378178,0.016807522331386656,0.016807522268440865,0.01680752220554076,0.01680752214268634,0.016807522079877537,0.016807522017114336,0.01680752195439671,0.01680752189172461,0.016807521829098036,0.016807521766516915,0.01680752170398125,0.016807521641490988,0.016807521579046095,0.016807521516646558,0.016807521454292332,0.016807521391983393,0.01680752132971971,0.016807521267501232,0.01680752120532795,0.01680752114319983,0.016807521081116814,0.016807521019078904,0.01680752095708605,0.016807520895138237,0.016807520833235414,0.016807520771377555,0.016807520709564636,0.01680752064779662,0.016807520586073467,0.016807520524395162,0.016807520462761672,0.016807520401172955,0.01680752033962899,0.01680752027812974,0.016807520216675174,0.016807520155265255,0.01680752009389996,0.01680752003257925,0.016807519971303107,0.01680751991007149,0.016807519848884366,0.016807519787741712,0.01680751972664349,0.016807519665589667,0.01680751960458022,0.016807519543615115,0.016807519482694315,0.016807519421817803,0.016807519360985533,0.01680751930019749,0.01680751923945361,0.016807519178753897,0.01680751911809831,0.01680751905748681,0.01680751899691938,0.01680751893639597,0.01680751887591658,0.016807518815481145,0.016807518755089637,0.016807518694742053,0.016807518634438332,0.016807518574178473,0.016807518513962425,0.016807518453790155,0.016807518393661645,0.016807518333576854,0.016807518273535757,0.016807518213538316,0.016807518153584514,0.016807518093674312,0.01680751803380769,0.016807517973984606,0.01680751791420502,0.016807517854468924,0.01680751779477627,0.016807517735127037,0.016807517675521178,0.016807517615958688,0.016807517556439524,0.016807517496963662,0.01680751743753105,0.01680751737814168,0.016807517318795515,0.016807517259492526,0.016807517200232682,0.016807517141015946,0.016807517081842305,0.016807517022711712,0.016807516963624144,0.01680751690457957,0.016807516845577956,0.016807516786619275,0.016807516727703496,0.016807516668830593,0.016807516610000538,0.016807516551213285,0.016807516492468814,0.016807516433767104,0.016807516375108116,0.016807516316491817,0.016807516257918178,0.016807516199387175,0.016807516140898798,0.016807516082452966,0.01680751602404968,0.016807515965688913,0.016807515907370615,0.016807515849094783,0.016807515790861375,0.016807515732670354,0.0168075156745217,0.016807515616415376,0.016807515558351357,0.016807515500329624,0.01680751544235012,0.016807515384412847,0.016807515326517752,0.016807515268664808,0.01680751521085399,0.016807515153085276,0.01680751509535865,0.016807515037674036,0.016807514980031437,0.016807514922430815,0.016807514864872145,0.016807514807355393,0.016807514749880532,0.016807514692447536,0.016807514635056368,0.016807514577707,0.01680751452039941,0.01680751446313356,0.016807514405909423,0.01680751434872697,0.016807514291586174,0.016807514234487012,0.016807514177429445,0.016807514120413442,0.01680751406343899,0.016807514006506027,0.016807513949614557,0.016807513892764536,0.016807513835955933,0.016807513779188734,0.016807513722462884,0.016807513665778376,0.01680751360913518,0.01680751355253325,0.016807513495972582,0.016807513439453126,0.01680751338297486,0.016807513326537765,0.016807513270141804,0.01680751321378694,0.01680751315747315,0.0168075131012004,0.016807513044968664,0.01680751298877792,0.01680751293262813,0.016807512876519274,0.016807512820451315,0.016807512764424232,0.016807512708437992,0.016807512652492574,0.016807512596587932,0.016807512540724052,0.016807512484900904,0.016807512429118456,0.016807512373376677,0.016807512317675542,0.016807512262015028,0.01680751220639509,0.016807512150815707,0.01680751209527686,0.016807512039778517,0.016807511984320643,0.016807511928903212,0.0168075118735262,0.016807511818189572,0.016807511762893305,0.016807511707637373,0.016807511652421732,0.016807511597246368,0.01680751154211125,0.016807511487016348,0.016807511431961637,0.016807511376947082,0.016807511321972664,0.016807511267038347,0.01680751121214411,0.01680751115728991,0.016807511102475747,0.016807511047701562,0.01680751099296734,0.016807510938273054,0.016807510883618676,0.01680751082900418,0.01680751077442953,0.0168075107198947,0.01680751066539966,0.016807510610944393,0.016807510556528866,0.01680751050215305,0.016807510447816927,0.016807510393520443,0.016807510339263598,0.016807510285046342,0.016807510230868655,0.016807510176730524,0.016807510122631902,0.01680751006857276,0.016807510014553082,0.016807509960572845,0.016807509906632004,0.016807509852730544,0.01680750979886844,0.016807509745045635,0.016807509691262146,0.016807509637517915,0.016807509583812923,0.016807509530147133,0.016807509476520547,0.016807509422933097,0.016807509369384785,0.016807509315875577,0.01680750926240544,0.016807509208974346,0.01680750915558228,0.016807509102229196,0.016807509048915065,0.016807508995639885,0.016807508942403602,0.016807508889206204,0.016807508836047657,0.016807508782927933,0.016807508729847015,0.01680750867680488,0.01680750862380147,0.01680750857083678,0.016807508517910782,0.01680750846502344,0.016807508412174738,0.016807508359364648,0.01680750830659313,0.016807508253860175,0.016807508201165743,0.01680750814850981,0.01680750809589235,0.016807508043313334,0.016807507990772748,0.01680750793827053,0.016807507885806684,0.016807507833381197,0.016807507780993994,0.01680750772864509,0.016807507676334436,0.016807507624062006,0.01680750757182779,0.01680750751963174,0.01680750746747384,0.016807507415354063,0.016807507363272384,0.016807507311228768,0.01680750725922319,0.01680750720725563,0.016807507155326064,0.016807507103434455,0.016807507051580777,0.016807506999765003,0.016807506947987126,0.016807506896247087,0.016807506844544875,0.016807506792880476,0.01680750674125384,0.016807506689664953,0.016807506638113794,0.016807506586600334,0.016807506535124528,0.016807506483686372,0.016807506432285818,0.016807506380922866,0.016807506329597474,0.016807506278309608,0.01680750622705927,0.016807506175846396,0.016807506124670978,0.016807506073533,0.016807506022432424,0.01680750597136921,0.016807505920343357,0.01680750586935483,0.016807505818403606,0.01680750576748965,0.016807505716612933,0.01680750566577344,0.016807505614971144,0.01680750556420601,0.016807505513478014,0.01680750546278714,0.01680750541213335,0.016807505361516626,0.016807505310936933,0.01680750526039427,0.016807505209888562,0.01680750515941983,0.01680750510898802,0.016807505058593124,0.0168075050082351,0.016807504957913937,0.016807504907629604,0.016807504857382066,0.0168075048071713,0.01680750475699729,0.016807504706860005,0.01680750465675941,0.016807504606695493,0.016807504556668223,0.01680750450667758,0.01680750445672352,0.01680750440680604,0.016807504356925095,0.016807504307080674,0.016807504257272746,0.016807504207501284,0.016807504157766266,0.016807504108067656,0.016807504058405438,0.016807504008779586,0.016807503959190073,0.01680750390963686,0.016807503860119945,0.016807503810639283,0.016807503761194865,0.01680750371178666,0.01680750366241463,0.016807503613078756,0.016807503563779018,0.016807503514515394,0.016807503465287844,0.016807503416096364,0.016807503366940903,0.016807503317821448,0.016807503268737978,0.016807503219690465,0.016807503170678893,0.016807503121703204,0.01680750307276341,0.016807503023859464,0.016807502974991357,0.016807502926159026,0.016807502877362508,0.016807502828601727,0.016807502779876676,0.016807502731187324,0.01680750268253366,0.016807502633915644,0.016807502585333253,0.016807502536786464,0.01680750248827526,0.01680750243979959,0.016807502391359464,0.016807502342954833,0.01680750229458568,0.016807502246251983,0.016807502197953704,0.01680750214969083,0.01680750210146334,0.016807502053271195,0.016807502005114387,0.016807501956992873,0.016807501908906643,0.016807501860855653,0.0168075018128399,0.01680750176485935,0.01680750171691398,0.01680750166900376,0.016807501621128665,0.016807501573288672,0.016807501525483767,0.01680750147771391,0.016807501429979086,0.016807501382279263,0.016807501334614415,0.01680750128698453,0.016807501239389577,0.016807501191829527,0.016807501144304363,0.016807501096814052,0.01680750104935858,0.016807501001937907,0.01680750095455201,0.016807500907200883,0.016807500859884486,0.016807500812602807,0.016807500765355806,0.016807500718143475,0.016807500670965772,0.016807500623822656,0.016807500576714162,0.01680750052964022,0.016807500482600806,0.016807500435595916,0.016807500388625524,0.01680750034168959,0.0168075002947881,0.016807500247921024,0.01680750020108834,0.016807500154290035,0.01680750010752607,0.01680750006079642,0.016807500014101067,0.016807499967439986,0.016807499920813162,0.01680749987422055,0.016807499827662137,0.016807499781137904,0.016807499734647822,0.016807499688191865,0.01680749964177001,0.016807499595382237,0.01680749954902852,0.01680749950270883,0.01680749945642315,0.016807499410171456,0.016807499363953707,0.01680749931776991,0.016807499271620015,0.016807499225504008,0.016807499179421863,0.016807499133373552,0.01680749908735906,0.016807499041378366,0.016807498995431432,0.016807498949518246,0.016807498903638775,0.016807498857793014,0.01680749881198091,0.016807498766202463,0.01680749872045764,0.016807498674746416,0.016807498629068766,0.016807498583424677,0.016807498537814117,0.016807498492237064,0.016807498446693495,0.01680749840118338,0.0168074983557067,0.01680749831026343,0.016807498264853556,0.016807498219477048,0.01680749817413387,0.016807498128824025,0.01680749808354747,0.016807498038304176,0.01680749799309414,0.01680749794791733,0.01680749790277371,0.01680749785766327,0.01680749781258599,0.016807497767541837,0.01680749772253079,0.016807497677552827,0.01680749763260792,0.01680749758769606,0.016807497542817178,0.016807497497971325,0.01680749745315843,0.016807497408378485,0.016807497363631446,0.016807497318917324,0.016807497274236062,0.016807497229587676,0.01680749718497209,0.016807497140389305,0.016807497095839324,0.016807497051322076,0.016807497006837573,0.01680749696238578,0.016807496917966683,0.016807496873580248,0.016807496829226456,0.016807496784905288,0.016807496740616715,0.016807496696360724,0.016807496652137266,0.016807496607946344,0.01680749656378793,0.016807496519661992,0.016807496475568513,0.01680749643150747,0.01680749638747884,0.016807496343482605,0.016807496299518738,0.016807496255587216,0.016807496211688012,0.016807496167821113,0.016807496123986486,0.016807496080184104,0.016807496036413985,0.016807495992676048,0.016807495948970293,0.01680749590529671,0.01680749586165526,0.016807495818045932,0.016807495774468693,0.016807495730923536,0.01680749568741043,0.01680749564392934,0.016807495600480258,0.016807495557063155,0.01680749551367801,0.016807495470324816,0.016807495427003518,0.016807495383714118,0.016807495340456582,0.0168074952972309,0.016807495254037026,0.016807495210874955,0.01680749516774468,0.016807495124646157,0.016807495081579363,0.01680749503854428,0.016807494995540885,0.01680749495256916,0.01680749490962908,0.016807494866720615,0.016807494823843767,0.01680749478099849,0.016807494738184766,0.016807494695402582,0.016807494652651904,0.016807494609932715,0.016807494567244976,0.0168074945245887,0.016807494481963847,0.016807494439370383,0.01680749439680833,0.016807494354277603,0.01680749431177821,0.016807494269310132,0.016807494226873332,0.016807494184467805,0.016807494142093538,0.016807494099750474,0.016807494057438612,0.016807494015157937,0.01680749397290842,0.01680749393069003,0.016807493888502768,0.01680749384634658,0.016807493804221467,0.0168074937621274,0.016807493720064362,0.01680749367803233,0.016807493636031283,0.016807493594061182,0.016807493552122025,0.016807493510213784,0.016807493468336432,0.01680749342648996,0.01680749338467433,0.016807493342889526,0.01680749330113554,0.016807493259412335,0.0168074932177199,0.016807493176058192,0.016807493134427205,0.016807493092826926,0.01680749305125731,0.016807493009718368,0.016807492968210047,0.016807492926732337,0.016807492885285224,0.01680749284386868,0.016807492802482688,0.01680749276112721,0.01680749271980224,0.016807492678507754,0.01680749263724372,0.016807492596010137,0.016807492554806965,0.01680749251363419,0.01680749247249179,0.016807492431379748,0.016807492390298037,0.016807492349246625,0.016807492308225522,0.016807492267234676,0.016807492226274083,0.016807492185343713,0.01680749214444356,0.01680749210357357,0.016807492062733752,0.016807492021924064,0.0168074919811445,0.016807491940395037,0.01680749189967564,0.016807491858986303,0.016807491818327004,0.01680749177769772,0.016807491737098418,0.01680749169652909,0.016807491655989718,0.016807491615480247,0.016807491575000704,0.016807491534551054,0.016807491494131247,0.016807491453741285,0.016807491413381156,0.01680749137305083,0.01680749133275029,0.0168074912924795,0.01680749125223846,0.01680749121202712,0.016807491171845483,0.01680749113169352,0.0168074910915712,0.016807491051478524,0.016807491011415467,0.016807490971381997,0.0168074909313781,0.016807490891403754,0.016807490851458936,0.016807490811543625,0.016807490771657805,0.01680749073180144,0.016807490691974535,0.01680749065217705,0.016807490612408972,0.016807490572670274,0.01680749053296094,0.016807490493280945,0.01680749045363027,0.0168074904140089,0.016807490374416808,0.016807490334853976,0.016807490295320388,0.01680749025581601,0.016807490216340825,0.016807490176894833,0.016807490137477992,0.016807490098090284,0.01680749005873169,0.016807490019402193,0.01680748998010176,0.01680748994083039,0.016807489901588056,0.016807489862374732,0.016807489823190393,0.016807489784035037,0.01680748974490862,0.01680748970581114,0.016807489666742573,0.016807489627702888,0.016807489588692076,0.016807489549710102,0.01680748951075698,0.01680748947183264,0.016807489432937105,0.016807489394070334,0.01680748935523231,0.016807489316423025,0.01680748927764244,0.016807489238890534,0.016807489200167298,0.016807489161472705,0.016807489122806742,0.016807489084169368,0.016807489045560595,0.016807489006980394,0.01680748896842873,0.016807488929905596,0.016807488891410965,0.0168074888529448,0.016807488814507113,0.01680748877609788,0.01680748873771705,0.01680748869936464,0.01680748866104062,0.01680748862274496,0.016807488584477646,0.01680748854623866,0.016807488508027976,0.016807488469845575,0.016807488431691435,0.016807488393565544,0.016807488355467866,0.016807488317398398,0.016807488279357116,0.016807488241344006,0.016807488203359033,0.016807488165402187,0.016807488127473458,0.016807488089572796,0.016807488051700206,0.016807488013855666,0.016807487976039145,0.016807487938250636,0.016807487900490112,0.016807487862757556,0.01680748782505296,0.016807487787376275,0.016807487749727505,0.016807487712106595,0.01680748767451355,0.016807487636948375,0.01680748759941104,0.016807487561901507,0.016807487524419757,0.016807487486965762,0.016807487449539537,0.01680748741214104,0.016807487374770256,0.016807487337427162,0.01680748730011173,0.016807487262823953,0.016807487225563834,0.016807487188331312,0.016807487151126385,0.016807487113949034,0.016807487076799233,0.016807487039676966,0.016807487002582215,0.01680748696551497,0.016807486928475193,0.016807486891462883,0.016807486854478006,0.016807486817520544,0.01680748678059049,0.016807486743687816,0.016807486706812494,0.016807486669964518,0.01680748663314386,0.016807486596350518,0.01680748655958445,0.016807486522845652,0.016807486486134105,0.016807486449449776,0.016807486412792654,0.01680748637616272,0.016807486339559946,0.016807486302984342,0.016807486266435853,0.016807486229914483,0.0168074861934202,0.01680748615695299,0.016807486120512846,0.016807486084099717,0.016807486047713618,0.016807486011354497,0.016807485975022407,0.01680748593871724,0.016807485902438996,0.01680748586618769,0.016807485829963283,0.016807485793765755,0.016807485757595084,0.01680748572145127,0.01680748568533428,0.016807485649244093,0.01680748561318069,0.01680748557714406,0.016807485541134173,0.016807485505151005,0.016807485469194573,0.016807485433264824,0.016807485397361745,0.016807485361485328,0.016807485325635547,0.016807485289812386,0.016807485254015837,0.016807485218245852,0.016807485182502434,0.016807485146785553,0.016807485111095196,0.016807485075431356,0.016807485039794002,0.01680748500418311,0.016807484968598668,0.016807484933040656,0.016807484897509065,0.016807484862003858,0.01680748482652503,0.01680748479107255,0.016807484755646418,0.016807484720246603,0.016807484684873086,0.016807484649525858,0.016807484614204882,0.016807484578910164,0.01680748454364167,0.016807484508399372,0.016807484473183275,0.016807484437993337,0.01680748440282956,0.016807484367691916,0.01680748433258039,0.016807484297494957,0.01680748426243561,0.01680748422740231,0.01680748419239507,0.016807484157413843,0.01680748412245863,0.016807484087529398,0.01680748405262614,0.01680748401774882,0.016807483982897442,0.016807483948071973,0.0168074839132724,0.01680748387849871,0.016807483843750862,0.016807483809028852,0.016807483774332683,0.016807483739662312,0.016807483705017726,0.016807483670398905,0.01680748363580584,0.016807483601238498,0.01680748356669687,0.016807483532180954,0.01680748349769069,0.016807483463226098,0.016807483428787143,0.016807483394373806,0.01680748335998608,0.01680748332562395,0.01680748329128737,0.01680748325697636,0.01680748322269087,0.016807483188430904,0.01680748315419643,0.016807483119987428,0.016807483085803886,0.0168074830516458,0.016807483017513128,0.01680748298340585,0.016807482949323976,0.016807482915267475,0.01680748288123632,0.016807482847230493,0.016807482813249997,0.016807482779294787,0.016807482745364866,0.01680748271146021,0.016807482677580796,0.016807482643726623,0.01680748260989763,0.01680748257609386,0.016807482542315243,0.016807482508561792,0.016807482474833484,0.016807482441130287,0.016807482407452213,0.016807482373799202,0.016807482340171275,0.016807482306568384,0.01680748227299054,0.016807482239437704,0.01680748220590987,0.016807482172407014,0.016807482138929117,0.016807482105476165,0.016807482072048137,0.016807482038645016,0.016807482005266806,0.01680748197191344,0.016807481938584966,0.016807481905281297,0.016807481872002455,0.016807481838748424,0.01680748180551918,0.01680748177231471,0.016807481739134992,0.016807481705979992,0.016807481672849726,0.016807481639744142,0.016807481606663257,0.016807481573607026,0.016807481540575462,0.0168074815075685,0.01680748147458617,0.016807481441628417,0.016807481408695254,0.016807481375786668,0.0168074813429026,0.016807481310043063,0.01680748127720803,0.016807481244397498,0.016807481211611436,0.016807481178849833,0.016807481146112663,0.016807481113399907,0.016807481080711575,0.016807481048047607,0.01680748101540802,0.016807480982792795,0.016807480950201903,0.01680748091763533,0.01680748088509305,0.016807480852575066,0.016807480820081336,0.016807480787611875,0.016807480755166634,0.01680748072274561,0.016807480690348795,0.01680748065797615,0.016807480625627667,0.016807480593303347,0.01680748056100315,0.01680748052872707,0.0168074804964751,0.016807480464247196,0.01680748043204334,0.01680748039986355,0.016807480367707787,0.01680748033557603,0.016807480303468268,0.016807480271384474,0.01680748023932465,0.016807480207288766,0.01680748017527682,0.016807480143288783,0.016807480111324637,0.016807480079384363,0.016807480047467963,0.016807480015575388,0.016807479983706648,0.016807479951861718,0.016807479920040575,0.016807479888243212,0.016807479856469597,0.016807479824719737,0.0168074797929936,0.016807479761291173,0.016807479729612444,0.016807479697957383,0.016807479666325984,0.016807479634718223,0.01680747960313409,0.016807479571573566,0.016807479540036637,0.016807479508523286,0.01680747947703349,0.01680747944556723,0.0168074794141245,0.01680747938270528,0.01680747935130955,0.016807479319937303,0.01680747928858852,0.016807479257263162,0.01680747922596125,0.016807479194682735,0.016807479163427615,0.016807479132195866,0.016807479100987486,0.016807479069802445,0.016807479038640744,0.01680747900750234,0.016807478976387232,0.0168074789452954,0.01680747891422683,0.01680747888318151,0.016807478852159417,0.016807478821160522,0.01680747879018485,0.016807478759232334,0.01680747872830299,0.0168074786973968,0.016807478666513748,0.016807478635653794,0.016807478604816944,0.01680747857400316,0.016807478543212462,0.016807478512444806,0.016807478481700184,0.01680747845097857,0.01680747842027998,0.016807478389604356,0.01680747835895171,0.016807478328322013,0.016807478297715242,0.0168074782671314,0.016807478236570455,0.0168074782060324,0.016807478175517216,0.01680747814502489,0.0168074781145554,0.01680747808410873,0.016807478053684877,0.016807478023283803,0.016807477992905513,0.01680747796254998,0.016807477932217187,0.01680747790190712,0.016807477871619753,0.01680747784135509,0.016807477811113105,0.01680747778089378,0.016807477750697103,0.016807477720523056,0.01680747769037162,0.01680747766024279,0.016807477630136545,0.016807477600052852,0.016807477569991725,0.016807477539953118,0.01680747750993704,0.016807477479943465,0.01680747744997237,0.016807477420023757,0.016807477390097587,0.016807477360193866,0.016807477330312563,0.01680747730045367,0.016807477270617165,0.016807477240803042,0.01680747721101128,0.016807477181241863,0.016807477151494787,0.01680747712177001,0.016807477092067532,0.01680747706238734,0.0168074770327294,0.016807477003093728,0.016807476973480288,0.016807476943889066,0.01680747691432005,0.016807476884773208,0.016807476855248554,0.016807476825746053,0.016807476796265694,0.016807476766807456,0.01680747673737132,0.01680747670795729,0.016807476678565334,0.016807476649195442,0.016807476619847606,0.016807476590521817,0.016807476561218025,0.016807476531936233,0.01680747650267641,0.016807476473438585,0.016807476444222695,0.01680747641502875,0.01680747638585673,0.016807476356706628,0.016807476327578404,0.01680747629847206,0.016807476269387583,0.016807476240324946,0.016807476211284145,0.016807476182265156,0.016807476153267973,0.016807476124292564,0.016807476095338933,0.016807476066407052,0.016807476037496907,0.01680747600860849,0.016807475979741776,0.016807475950896766,0.016807475922073423,0.01680747589327174,0.016807475864491717,0.016807475835733318,0.016807475806996527,0.016807475778281348,0.016807475749587755,0.01680747572091574,0.01680747569226527,0.01680747566363635,0.01680747563502895,0.016807475606443054,0.01680747557787866,0.01680747554933575,0.016807475520814307,0.016807475492314303,0.016807475463835733,0.016807475435378597,0.016807475406942857,0.016807475378528506,0.016807475350135513,0.0168074753217639,0.016807475293413615,0.016807475265084665,0.016807475236777024,0.016807475208490685,0.016807475180225635,0.016807475151981846,0.016807475123759318,0.01680747509555804,0.016807475067377977,0.01680747503921912,0.016807475011081457,0.016807474982964976,0.016807474954869676,0.016807474926795515,0.016807474898742476,0.016807474870710562,0.016807474842699757,0.01680747481471003,0.016807474786741373,0.016807474758793794,0.01680747473086725,0.01680747470296174,0.01680747467507725,0.01680747464721375,0.016807474619371245,0.0168074745915497,0.016807474563749113,0.01680747453596947,0.016807474508210754,0.016807474480472952,0.016807474452756054,0.01680747442506005,0.016807474397384902,0.0168074743697306,0.016807474342097124,0.016807474314484497,0.016807474286892665,0.016807474259321626,0.01680747423177138,0.016807474204241887,0.016807474176733145,0.016807474149245136,0.016807474121777854,0.016807474094331285,0.016807474066905394,0.01680747403950019,0.016807474012115645,0.016807473984751756,0.016807473957408493,0.016807473930085852,0.016807473902783816,0.016807473875502375,0.016807473848241505,0.016807473821001197,0.016807473793781433,0.016807473766582207,0.0168074737394035,0.01680747371224529,0.016807473685107578,0.016807473657990332,0.016807473630893556,0.016807473603817222,0.01680747357676132,0.01680747354972583,0.016807473522710743,0.016807473495716044,0.016807473468741722,0.016807473441787752,0.016807473414854134,0.016807473387940832,0.016807473361047858,0.016807473334175177,0.01680747330732281,0.016807473280490696,0.016807473253678852,0.01680747322688724,0.01680747320011588,0.01680747317336472,0.01680747314663376,0.01680747311992299,0.016807473093232394,0.01680747306656196,0.016807473039911678,0.01680747301328152,0.016807472986671474,0.016807472960081542,0.016807472933511692,0.016807472906961926,0.01680747288043221,0.016807472853922548,0.016807472827432914,0.016807472800963296,0.016807472774513686,0.016807472748084064,0.016807472721674425,0.016807472695284733,0.016807472668915,0.016807472642565196,0.016807472616235313,0.016807472589925338,0.01680747256363525,0.016807472537365042,0.0168074725111147,0.016807472484884203,0.016807472458673547,0.016807472432482706,0.016807472406311686,0.01680747238016045,0.016807472354028984,0.01680747232791729,0.01680747230182536,0.016807472275753157,0.016807472249700677,0.016807472223667925,0.016807472197654855,0.016807472171661463,0.01680747214568774,0.01680747211973368,0.016807472093799264,0.016807472067884473,0.016807472041989277,0.016807472016113677,0.016807471990257682,0.016807471964421252,0.016807471938604397,0.016807471912807074,0.016807471887029284,0.01680747186127101,0.01680747183553224,0.01680747180981296,0.016807471784113157,0.01680747175843281,0.016807471732771914,0.01680747170713045,0.01680747168150841,0.01680747165590578,0.016807471630322535,0.01680747160475869,0.01680747157921419,0.016807471553689043,0.016807471528183238,0.016807471502696777,0.0168074714772296,0.016807471451781738,0.016807471426353145,0.01680747140094384,0.016807471375553783,0.016807471350182967,0.01680747132483139,0.016807471299499024,0.016807471274185855,0.016807471248891887,0.016807471223617098,0.016807471198361464,0.016807471173124977,0.016807471147907628,0.016807471122709396,0.016807471097530283,0.016807471072370267,0.016807471047229322,0.016807471022107452,0.016807470997004637,0.01680747097192086,0.016807470946856116,0.016807470921810376,0.016807470896783645,0.016807470871775903,0.01680747084678714,0.01680747082181733,0.016807470796866474,0.016807470771934542,0.01680747074702153,0.016807470722127436,0.01680747069725223,0.016807470672395918,0.016807470647558467,0.016807470622739882,0.016807470597940126,0.016807470573159202,0.0168074705483971,0.016807470523653795,0.016807470498929267,0.016807470474223523,0.01680747044953655,0.016807470424868312,0.016807470400218814,0.01680747037558804,0.016807470350975986,0.016807470326382617,0.016807470301807927,0.016807470277251907,0.016807470252714566,0.01680747022819584,0.01680747020369575,0.016807470179214284,0.01680747015475142,0.016807470130307155,0.016807470105881468,0.01680747008147434,0.01680747005708575,0.016807470032715724,0.016807470008364214,0.016807469984031216,0.016807469959716714,0.01680746993542072,0.016807469911143177,0.016807469886884096,0.016807469862643473,0.016807469838421282,0.016807469814217504,0.016807469790032135,0.016807469765865175,0.016807469741716586,0.016807469717586367,0.016807469693474505,0.01680746966938099,0.0168074696453058,0.016807469621248933,0.01680746959721037,0.016807469573190098,0.01680746954918811,0.016807469525204392,0.016807469501238924,0.016807469477291698,0.016807469453362697,0.016807469429451913,0.01680746940555933,0.01680746938168494,0.01680746935782872,0.016807469333990674,0.016807469310170787,0.016807469286369028,0.0168074692625854,0.016807469238819886,0.01680746921507246,0.016807469191343117,0.016807469167631862,0.016807469143938658,0.016807469120263513,0.016807469096606412,0.01680746907296732,0.016807469049346258,0.016807469025743184,0.0168074690021581,0.01680746897859098,0.016807468955041826,0.016807468931510628,0.016807468907997353,0.016807468884502016,0.016807468861024584,0.01680746883756504,0.016807468814123386,0.01680746879069961,0.016807468767293686,0.016807468743905617,0.016807468720535384,0.016807468697182953,0.016807468673848344,0.016807468650531544,0.016807468627232522,0.01680746860395128,0.016807468580687785,0.01680746855744205,0.01680746853421404,0.016807468511003745,0.016807468487811172,0.016807468464636287,0.01680746844147909,0.016807468418339563,0.016807468395217705,0.01680746837211349,0.01680746834902691,0.01680746832595795,0.016807468302906615,0.016807468279872867,0.0168074682568567,0.01680746823385811,0.016807468210877075,0.0168074681879136,0.01680746816496766,0.016807468142039237,0.01680746811912832,0.01680746809623492,0.016807468073359,0.016807468050500547,0.016807468027659558,0.016807468004836023,0.016807467982029912,0.016807467959241235,0.016807467936469977,0.01680746791371612,0.016807467890979647,0.016807467868260553,0.01680746784555883,0.01680746782287446,0.01680746780020742,0.01680746777755771,0.016807467754925316,0.016807467732310222,0.016807467709712424,0.016807467687131913,0.016807467664568657,0.01680746764202266,0.016807467619493904,0.016807467596982376,0.01680746757448807,0.016807467552010975,0.016807467529551066,0.016807467507108344,0.016807467484682793,0.0168074674622744,0.01680746743988314,0.01680746741750902,0.016807467395152025,0.01680746737281214,0.01680746735048936,0.016807467328183646,0.016807467305895017,0.016807467283623468,0.016807467261368943,0.016807467239131468,0.016807467216911013,0.016807467194707573,0.01680746717252113,0.01680746715035168,0.016807467128199204,0.016807467106063706,0.016807467083945156,0.016807467061843547,0.016807467039758866,0.016807467017691105,0.01680746699564025,0.016807466973606286,0.016807466951589214,0.016807466929589007,0.016807466907605657,0.016807466885639163,0.016807466863689495,0.01680746684175665,0.016807466819840612,0.016807466797941376,0.016807466776058932,0.016807466754193263,0.016807466732344366,0.0168074667105122,0.016807466688696787,0.016807466666898106,0.01680746664511614,0.01680746662335089,0.016807466601602317,0.016807466579870433,0.016807466558155213,0.01680746653645665,0.016807466514774744,0.016807466493109467,0.016807466471460825,0.016807466449828782,0.016807466428213343,0.016807466406614492,0.01680746638503222,0.016807466363466514,0.016807466341917356,0.016807466320384743,0.01680746629886866,0.016807466277369097,0.016807466255886038,0.01680746623441948,0.016807466212969403,0.01680746619153578,0.01680746617011864,0.01680746614871794,0.016807466127333682,0.016807466105965844,0.01680746608461442,0.016807466063279423,0.016807466041960796,0.01680746602065855,0.01680746599937268,0.016807465978103155,0.016807465956849975,0.016807465935613126,0.016807465914392607,0.016807465893188392,0.016807465872000472,0.016807465850828856,0.01680746582967351,0.01680746580853442,0.0168074657874116,0.016807465766305003,0.016807465745214644,0.016807465724140512,0.016807465703082582,0.016807465682040848,0.016807465661015302,0.016807465640005924,0.01680746561901271,0.016807465598035646,0.016807465577074736,0.016807465556129934,0.01680746553520126,0.016807465514288692,0.01680746549339221,0.016807465472511825,0.0168074654516475,0.016807465430799234,0.016807465409967026,0.01680746538915085,0.0168074653683507,0.016807465347566563,0.016807465326798436,0.0168074653060463,0.016807465285310144,0.016807465264589958,0.01680746524388574,0.016807465223197454,0.016807465202525115,0.01680746518186871,0.016807465161228205,0.016807465140603606,0.016807465119994897,0.016807465099402074,0.016807465078825117,0.016807465058264012,0.016807465037718766,0.016807465017189355,0.01680746499667576,0.016807464976177983,0.01680746495569601,0.01680746493522984,0.016807464914779427,0.0168074648943448,0.01680746487392593,0.016807464853522802,0.016807464833135416,0.01680746481276375,0.016807464792407804,0.01680746477206755,0.016807464751743006,0.016807464731434126,0.01680746471114092,0.016807464690863375,0.016807464670601478,0.016807464650355222,0.016807464630124586,0.01680746460990956,0.01680746458971015,0.016807464569526323,0.016807464549358088,0.01680746452920542,0.01680746450906831,0.016807464488946752,0.016807464468840728,0.016807464448750236,0.016807464428675263,0.016807464408615785,0.016807464388571815,0.016807464368543322,0.016807464348530303,0.016807464328532744,0.016807464308550638,0.016807464288583984,0.01680746426863274,0.016807464248696932,0.016807464228776516,0.01680746420887151,0.01680746418898189,0.016807464169107642,0.016807464149248764,0.01680746412940523,0.016807464109577043,0.016807464089764204,0.016807464069966666,0.016807464050184445,0.01680746403041753,0.016807464010665893,0.016807463990929538,0.016807463971208452,0.01680746395150262,0.016807463931812042,0.01680746391213669,0.01680746389247658,0.01680746387283166,0.01680746385320196,0.01680746383358744,0.01680746381398812,0.01680746379440396,0.01680746377483497,0.01680746375528112,0.016807463735742413,0.016807463716218843,0.016807463696710385,0.016807463677217034,0.016807463657738782,0.016807463638275618,0.016807463618827522,0.0168074635993945,0.016807463579976534,0.016807463560573607,0.016807463541185712,0.016807463521812848,0.016807463502454992,0.01680746348311214,0.016807463463784277,0.016807463444471392,0.016807463425173478,0.016807463405890524,0.016807463386622524,0.016807463367369463,0.01680746334813132,0.016807463328908107,0.016807463309699802,0.016807463290506388,0.016807463271327858,0.016807463252164204,0.016807463233015418,0.01680746321388148,0.0168074631947624,0.01680746317565815,0.016807463156568725,0.01680746313749411,0.0168074631184343,0.016807463099389283,0.016807463080359047,0.016807463061343585,0.01680746304234288,0.01680746302335693,0.016807463004385716,0.016807462985429237,0.01680746296648748,0.016807462947560442,0.01680746292864808,0.016807462909750433,0.01680746289086745,0.016807462871999145,0.01680746285314548,0.01680746283430648,0.016807462815482104,0.016807462796672366,0.01680746277787724,0.016807462759096725,0.016807462740330806,0.01680746272157947,0.016807462702842717,0.016807462684120516,0.01680746266541289,0.0168074626467198,0.016807462628041246,0.016807462609377224,0.016807462590727695,0.016807462572092688,0.01680746255347217,0.016807462534866157,0.016807462516274598,0.016807462497697507,0.01680746247913487,0.01680746246058668,0.016807462442052914,0.01680746242353358,0.016807462405028655,0.01680746238653813,0.016807462368062,0.016807462349600257,0.01680746233115288,0.016807462312719873,0.01680746229430122,0.0168074622758969,0.016807462257506924,0.01680746223913126,0.016807462220769915,0.016807462202422865,0.01680746218409011,0.016807462165771638,0.016807462147467447,0.01680746212917751,0.016807462110901828,0.01680746209264039,0.016807462074393178,0.016807462056160197,0.016807462037941413,0.016807462019736846,0.016807462001546487,0.016807461983370284,0.01680746196520826,0.016807461947060398,0.01680746192892669,0.016807461910807116,0.01680746189270169,0.01680746187461038,0.016807461856533173,0.016807461838470077,0.016807461820421078,0.016807461802386167,0.016807461784365308,0.016807461766358528,0.016807461748365816,0.016807461730387115,0.016807461712422464,0.016807461694471837,0.016807461676535226,0.01680746165861261,0.016807461640704,0.01680746162280937,0.016807461604928714,0.016807461587062027,0.016807461569209294,0.0168074615513705,0.016807461533545655,0.016807461515734725,0.01680746149793771,0.016807461480154606,0.0168074614623854,0.01680746144463008,0.016807461426888638,0.016807461409161048,0.01680746139144732,0.016807461373747456,0.01680746135606142,0.01680746133838921,0.01680746132073083,0.01680746130308625,0.016807461285455474,0.016807461267838483,0.016807461250235276,0.016807461232645846,0.016807461215070166,0.016807461197508245,0.016807461179960057,0.016807461162425603,0.016807461144904872,0.016807461127397862,0.016807461109904543,0.016807461092424925,0.016807461074958986,0.016807461057506724,0.016807461040068132,0.01680746102264319,0.01680746100523188,0.016807460987834227,0.01680746097045019,0.01680746095307977,0.01680746093572295,0.01680746091837974,0.01680746090105011,0.01680746088373406,0.016807460866431586,0.016807460849142655,0.01680746083186728,0.01680746081460545,0.016807460797357145,0.01680746078012237,0.016807460762901107,0.01680746074569334,0.016807460728499073,0.01680746071131829,0.01680746069415097,0.016807460676997104,0.016807460659856718,0.01680746064272976,0.01680746062561626,0.01680746060851618,0.016807460591429516,0.01680746057435626,0.0168074605572964,0.016807460540249917,0.016807460523216838,0.016807460506197115,0.016807460489190757,0.016807460472197753,0.01680746045521809,0.016807460438251754,0.016807460421298746,0.016807460404359046,0.01680746038743266,0.016807460370519563,0.016807460353619765,0.016807460336733228,0.01680746031985996,0.016807460302999944,0.016807460286153198,0.016807460269319677,0.016807460252499386,0.016807460235692337,0.01680746021889848,0.016807460202117826,0.016807460185350367,0.016807460168596095,0.01680746015185501,0.016807460135127076,0.016807460118412297,0.01680746010171067,0.01680746008502218,0.01680746006834681,0.016807460051684566,0.016807460035035433,0.016807460018399403,0.01680746000177646,0.016807459985166605,0.016807459968569825,0.016807459951986105,0.01680745993541544,0.01680745991885783,0.01680745990231325,0.016807459885781702,0.016807459869263172,0.01680745985275764,0.01680745983626512,0.016807459819785597,0.016807459803319047,0.01680745978686547,0.01680745977042486,0.016807459753997202,0.016807459737582495,0.016807459721180716,0.016807459704791878,0.01680745968841595,0.01680745967205293,0.016807459655702812,0.01680745963936559,0.01680745962304125,0.016807459606729778,0.016807459590431173,0.016807459574145422,0.016807459557872512,0.016807459541612446,0.016807459525365217,0.016807459509130786,0.01680745949290919,0.016807459476700374,0.01680745946050436,0.01680745944432113,0.01680745942815068,0.016807459411992975,0.01680745939584804,0.016807459379715856,0.016807459363596417,0.016807459347489697,0.016807459331395685,0.016807459315314403,0.016807459299245823,0.016807459283189934,0.016807459267146743,0.01680745925111621,0.01680745923509834,0.01680745921909314,0.016807459203100582,0.016807459187120677,0.01680745917115339,0.01680745915519874,0.0168074591392567,0.016807459123327262,0.016807459107410418,0.016807459091506168,0.016807459075614498,0.016807459059735397,0.016807459043868853,0.016807459028014865,0.01680745901217342,0.016807458996344518,0.016807458980528128,0.01680745896472426,0.0168074589489329,0.016807458933154037,0.016807458917387674,0.016807458901633793,0.016807458885892374,0.01680745887016343,0.016807458854446938,0.016807458838742895,0.01680745882305129,0.01680745880737211,0.016807458791705362,0.016807458776051023,0.016807458760409084,0.01680745874477954,0.01680745872916239,0.01680745871355761,0.0168074586979652,0.016807458682385153,0.016807458666817456,0.0168074586512621,0.016807458635719082,0.01680745862018839,0.016807458604670013,0.01680745858916395,0.016807458573670185,0.0168074585581887,0.016807458542719506,0.016807458527262592,0.01680745851181794,0.016807458496385534,0.016807458480965383,0.016807458465557475,0.0168074584501618,0.016807458434778343,0.016807458419407104,0.01680745840404807,0.016807458388701232,0.016807458373366575,0.016807458358044102,0.016807458342733794,0.016807458327435656,0.016807458312149682,0.016807458296875837,0.016807458281614132,0.01680745826636456,0.016807458251127106,0.01680745823590176,0.01680745822068852,0.01680745820548737,0.01680745819029831,0.01680745817512134,0.01680745815995643,0.01680745814480358,0.016807458129662774,0.016807458114534032,0.016807458099417312,0.01680745808431262,0.016807458069219947,0.016807458054139288,0.016807458039070623,0.016807458024013955,0.016807458008969274,0.016807457993936563,0.016807457978915828,0.016807457963907046,0.016807457948910233,0.016807457933925345,0.0168074579189524,0.01680745790399137,0.016807457889042275,0.016807457874105085,0.01680745785917978,0.01680745784426637,0.016807457829364852,0.016807457814475207,0.016807457799597452,0.016807457784731528,0.01680745776987747,0.016807457755035254,0.016807457740204864,0.01680745772538631,0.01680745771057958,0.016807457695784653,0.016807457681001524,0.016807457666230194,0.01680745765147064,0.016807457636722874,0.016807457621986877,0.01680745760726263,0.01680745759255014,0.0168074575778494,0.016807457563160388,0.016807457548483104,0.01680745753381754,0.016807457519163693,0.016807457504521547,0.016807457489891084,0.016807457475272323,0.016807457460665233,0.016807457446069814,0.01680745743148605,0.016807457416913942,0.01680745740235349,0.016807457387804668,0.016807457373267474,0.016807457358741895,0.016807457344227943,0.016807457329725585,0.016807457315234826,0.01680745730075566,0.01680745728628807,0.016807457271832055,0.01680745725738761,0.016807457242954713,0.01680745722853336,0.016807457214123557,0.01680745719972528,0.016807457185338534,0.016807457170963293,0.01680745715659957,0.016807457142247347,0.01680745712790661,0.016807457113577354,0.01680745709925958,0.01680745708495327,0.01680745707065842,0.016807457056375028,0.016807457042103065,0.01680745702784254,0.016807457013593437,0.016807456999355774,0.0168074569851295,0.016807456970914646,0.016807456956711184,0.016807456942519113,0.01680745692833841,0.016807456914169083,0.01680745690001111,0.01680745688586451,0.01680745687172925,0.01680745685760533,0.01680745684349275,0.01680745682939149,0.016807456815301536,0.016807456801222902,0.016807456787155558,0.016807456773099524,0.016807456759054748,0.016807456745021262,0.016807456730999044,0.016807456716988092,0.01680745670298838,0.016807456688999925,0.0168074566750227,0.016807456661056708,0.016807456647101933,0.01680745663315837,0.016807456619226016,0.016807456605304857,0.016807456591394886,0.0168074565774961,0.016807456563608488,0.016807456549732043,0.016807456535866752,0.01680745652201262,0.016807456508169626,0.016807456494337764,0.01680745648051703,0.01680745646670742,0.016807456452908914,0.016807456439121512,0.016807456425345212,0.016807456411579998,0.016807456397825864,0.016807456384082806,0.016807456370350814,0.016807456356629873,0.016807456342919993,0.016807456329221142,0.016807456315533334,0.016807456301856545,0.016807456288190782,0.016807456274536028,0.016807456260892275,0.01680745624725952,0.016807456233637753,0.016807456220026957,0.01680745620642714,0.016807456192838292,0.016807456179260397,0.01680745616569346,0.016807456152137454,0.016807456138592386,0.01680745612505824,0.01680745611153503,0.016807456098022713,0.01680745608452131,0.016807456071030798,0.01680745605755118,0.016807456044082427,0.016807456030624567,0.016807456017177556,0.01680745600374141,0.01680745599031612,0.016807455976901666,0.016807455963498037,0.016807455950105247,0.016807455936723274,0.01680745592335211,0.016807455909991758,0.016807455896642193,0.01680745588330343,0.016807455869975445,0.016807455856658233,0.01680745584335179,0.01680745583005611,0.016807455816771177,0.01680745580349698,0.016807455790233534,0.016807455776980812,0.016807455763738818,0.016807455750507527,0.01680745573728695,0.01680745572407707,0.01680745571087788,0.016807455697689384,0.016807455684511547,0.0168074556713444,0.0168074556581879,0.016807455645042064,0.016807455631906863,0.016807455618782316,0.016807455605668396,0.01680745559256509,0.016807455579472413,0.016807455566390336,0.016807455553318872,0.016807455540258007,0.016807455527207724,0.016807455514168016,0.01680745550113889,0.01680745548812032,0.016807455475112316,0.016807455462114856,0.01680745544912795,0.01680745543615156,0.016807455423185715,0.01680745541023039,0.01680745539728558,0.016807455384351265,0.016807455371427457,0.01680745535851414,0.01680745534561131,0.016807455332718952,0.01680745531983707,0.01680745530696564,0.016807455294104677,0.016807455281254158,0.016807455268414075,0.01680745525558443,0.016807455242765206,0.01680745522995641,0.016807455217158013,0.016807455204370034,0.01680745519159244,0.016807455178825235,0.016807455166068422,0.016807455153321972,0.016807455140585896,0.01680745512786018,0.016807455115144813,0.016807455102439788,0.016807455089745113,0.016807455077060766,0.016807455064386745,0.01680745505172304,0.016807455039069646,0.016807455026426554,0.016807455013793757,0.01680745500117125,0.01680745498855902,0.016807454975957065,0.01680745496336538,0.016807454950783944,0.016807454938212767,0.016807454925651836,0.01680745491310114,0.016807454900560685,0.01680745488803044,0.016807454875510414,0.016807454863000598,0.01680745485050099,0.016807454838011573,0.016807454825532343,0.016807454813063297,0.016807454800604422,0.016807454788155714,0.016807454775717164,0.01680745476328877,0.01680745475087051,0.016807454738462395,0.01680745472606442,0.016807454713676562,0.016807454701298824,0.016807454688931196,0.016807454676573668,0.016807454664226232,0.016807454651888886,0.016807454639561622,0.01680745462724443,0.016807454614937316,0.01680745460264026,0.01680745459035326,0.016807454578076295,0.016807454565809374,0.016807454553552464,0.016807454541305604,0.016807454529068757,0.01680745451684192,0.016807454504625095,0.01680745449241826,0.016807454480221414,0.01680745446803456,0.016807454455857667,0.016807454443690747,0.016807454431533798,0.01680745441938681,0.01680745440724973,0.016807454395122563,0.016807454383005398,0.016807454370898155,0.01680745435880083,0.01680745434671342,0.016807454334635912,0.016807454322568312,0.0168074543105106,0.01680745429846278,0.01680745428642483,0.016807454274396758,0.016807454262378552,0.016807454250370207,0.016807454238371697,0.016807454226383044,0.016807454214404226,0.01680745420243523,0.016807454190476072,0.016807454178526724,0.01680745416658719,0.016807454154657453,0.01680745414273752,0.01680745413082738,0.016807454118927017,0.016807454107036428,0.016807454095155612,0.01680745408328456,0.01680745407142325,0.0168074540595717,0.01680745404772989,0.016807454035897822,0.016807454024075463,0.016807454012262843,0.016807454000459927,0.01680745398866673,0.01680745397688323,0.016807453965109423,0.016807453953345302,0.016807453941590864,0.0168074539298461,0.016807453918111,0.016807453906385567,0.016807453894669776,0.016807453882963643,0.01680745387126715,0.016807453859580285,0.01680745384790304,0.016807453836235435,0.016807453824577424,0.016807453812929037,0.016807453801290236,0.016807453789661034,0.016807453778041416,0.016807453766431377,0.016807453754830916,0.016807453743240018,0.01680745373165869,0.0168074537200869,0.01680745370852466,0.016807453696971973,0.016807453685428804,0.016807453673895165,0.016807453662371043,0.01680745365085643,0.01680745363935134,0.016807453627855736,0.016807453616369632,0.016807453604893007,0.016807453593425864,0.01680745358196819,0.01680745357051999,0.016807453559081247,0.01680745354765195,0.016807453536232114,0.016807453524821707,0.016807453513420743,0.016807453502029192,0.01680745349064707,0.016807453479274363,0.016807453467911054,0.01680745345655716,0.016807453445212645,0.01680745343387753,0.016807453422551782,0.01680745341123541,0.016807453399928413,0.016807453388630777,0.016807453377342494,0.016807453366063558,0.016807453354793972,0.016807453343533722,0.016807453332282788,0.016807453321041183,0.016807453309808897,0.016807453298585916,0.016807453287372237,0.01680745327616786,0.01680745326497276,0.01680745325378696,0.016807453242610425,0.016807453231443163,0.01680745322028516,0.016807453209136416,0.01680745319799694,0.01680745318686669,0.016807453175745685,0.016807453164633904,0.016807453153531347,0.01680745314243801,0.016807453131353886,0.016807453120278964,0.016807453109213236,0.016807453098156715,0.01680745308710937,0.016807453076071212,0.01680745306504222,0.016807453054022405,0.016807453043011743,0.016807453032010235,0.01680745302101787,0.016807453010034657,0.016807452999060574,0.016807452988095616,0.01680745297713978,0.016807452966193077,0.01680745295525546,0.01680745294432696,0.016807452933407553,0.016807452922497232,0.016807452911596,0.01680745290070385,0.016807452889820766,0.016807452878946742,0.016807452868081788,0.016807452857225878,0.016807452846379016,0.01680745283554119,0.016807452824712407,0.016807452813892645,0.0168074528030819,0.016807452792280173,0.01680745278148746,0.01680745277070375,0.01680745275992903,0.0168074527491633,0.016807452738406555,0.016807452727658795,0.016807452716919993,0.01680745270619015,0.016807452695469266,0.016807452684757345,0.016807452674054365,0.016807452663360322,0.01680745265267521,0.01680745264199903,0.016807452631331772,0.016807452620673423,0.01680745261002398,0.01680745259938344,0.016807452588751808,0.016807452578129052,0.01680745256751518,0.01680745255691018,0.01680745254631407,0.01680745253572681,0.016807452525148415,0.016807452514578856,0.01680745250401815,0.01680745249346629,0.01680745248292326,0.016807452472389062,0.01680745246186368,0.016807452451347113,0.016807452440839362,0.01680745243034041,0.016807452419850256,0.016807452409368897,0.01680745239889631,0.01680745238843251,0.016807452377977476,0.01680745236753121,0.01680745235709371,0.016807452346664954,0.016807452336244956,0.016807452325833697,0.016807452315431178,0.016807452305037395,0.016807452294652317,0.016807452284275964,0.016807452273908313,0.016807452263549377,0.016807452253199136,0.01680745224285758,0.016807452232524722,0.01680745222220054,0.016807452211885034,0.016807452201578192,0.016807452191280017,0.016807452180990508,0.01680745217070963,0.016807452160437407,0.016807452150173815,0.016807452139918865,0.016807452129672534,0.016807452119434824,0.01680745210920573,0.016807452098985244,0.016807452088773364,0.016807452078570078,0.01680745206837539,0.016807452058189277,0.01680745204801174,0.016807452037842778,0.01680745202768238,0.016807452017530554,0.01680745200738727,0.016807451997252535,0.01680745198712634,0.01680745197700868,0.01680745196689956,0.016807451956798957,0.01680745194670688,0.016807451936623332,0.016807451926548287,0.01680745191648172,0.016807451906423656,0.016807451896374087,0.01680745188633299,0.016807451876300374,0.016807451866276225,0.016807451856260546,0.016807451846253305,0.016807451836254535,0.01680745182626422,0.016807451816282334,0.01680745180630888,0.01680745179634387,0.016807451786387272,0.016807451776439084,0.01680745176649932,0.01680745175656797,0.016807451746645018,0.01680745173673046,0.01680745172682429,0.016807451716926505,0.01680745170703709,0.016807451697156053,0.016807451687283377,0.016807451677419056,0.016807451667563096,0.01680745165771549,0.016807451647876212,0.016807451638045277,0.016807451628222673,0.016807451618408395,0.016807451608602426,0.01680745159880478,0.01680745158901544,0.01680745157923439,0.016807451569461652,0.0168074515596972,0.01680745154994102,0.016807451540193127,0.016807451530453505,0.016807451520722157,0.016807451510999053,0.016807451501284213,0.01680745149157762,0.016807451481879277,0.016807451472189164,0.016807451462507284,0.01680745145283363,0.0168074514431682,0.01680745143351098,0.01680745142386197,0.01680745141422117,0.01680745140458856,0.016807451394964146,0.01680745138534792,0.016807451375739867,0.016807451366139994,0.016807451356548292,0.01680745134696475,0.016807451337389367,0.016807451327822142,0.016807451318263045,0.016807451308712102,0.01680745129916929,0.016807451289634606,0.016807451280108045,0.016807451270589604,0.016807451261079274,0.016807451251577052,0.016807451242082928,0.0168074512325969,0.01680745122311897,0.016807451213649113,0.01680745120418733,0.016807451194733633,0.016807451185287998,0.016807451175850426,0.016807451166420902,0.01680745115699944,0.01680745114758602,0.016807451138180628,0.016807451128783273,0.01680745111939395,0.01680745111001265,0.016807451100639366,0.01680745109127409,0.01680745108191682,0.016807451072567547,0.016807451063226272,0.01680745105389299,0.016807451044567673,0.016807451035250345,0.016807451025940997,0.016807451016639597,0.016807451007346177,0.016807450998060698,0.016807450988783175,0.016807450979513583,0.01680745097025194,0.01680745096099824,0.016807450951752453,0.016807450942514592,0.01680745093328465,0.016807450924062613,0.016807450914848483,0.016807450905642257,0.016807450896443924,0.016807450887253484,0.016807450878070923,0.016807450868896234,0.016807450859729425,0.016807450850570477,0.01680745084141941,0.01680745083227618,0.016807450823140804,0.016807450814013275,0.01680745080489358,0.016807450795781723,0.016807450786677683,0.01680745077758148,0.016807450768493087,0.01680745075941251,0.01680745075033973,0.016807450741274765,0.01680745073221759,0.016807450723168204,0.016807450714126603,0.016807450705092784,0.016807450696066734,0.01680745068704846,0.016807450678037943,0.01680745066903518,0.016807450660040173,0.016807450651052915,0.016807450642073396,0.016807450633101614,0.016807450624137573,0.016807450615181244,0.01680745060623264,0.016807450597291752,0.016807450588358572,0.016807450579433093,0.016807450570515314,0.01680745056160523,0.016807450552702833,0.016807450543808118,0.016807450534921074,0.0168074505260417,0.01680745051717,0.01680745050830596,0.016807450499449577,0.01680745049060084,0.01680745048175975,0.016807450472926304,0.016807450464100482,0.016807450455282296,0.016807450446471743,0.016807450437668802,0.016807450428873466,0.016807450420085742,0.016807450411305613,0.016807450402533095,0.01680745039376815,0.01680745038501081,0.016807450376261034,0.016807450367518847,0.016807450358784226,0.016807450350057176,0.01680745034133768,0.016807450332625738,0.01680745032392135,0.016807450315224508,0.01680745030653519,0.016807450297853417,0.01680745028917918,0.016807450280512455,0.01680745027185325,0.016807450263201566,0.01680745025455738,0.016807450245920702,0.016807450237291518,0.016807450228669817,0.016807450220055618,0.016807450211448888,0.016807450202849638,0.016807450194257858,0.016807450185673544,0.016807450177096697,0.016807450168527294,0.016807450159965345,0.016807450151410844,0.016807450142863778
7,3.587130191100347e-24,9.84584333617096e-24,1.809426833994553e-23,2.782456882686066e-23,3.865852406555772e-23,5.0314447023531394e-23,6.258254596357068e-23,7.530657452740028e-23,8.837016528893129e-23,1.0168665140994535e-22,1.151914861259476e-22,1.2883659701509316e-22,1.4258618123334947e-22,1.5641357393647572e-22,1.7029891597814613e-22,1.8422741688408996e-22,1.9818806116927227e-22,2.121726448431803e-22,2.26175057828945e-22,2.401907495314276e-22,2.5421633080895897e-22,2.6824927753427564e-22,2.8228770981592953e-22,2.96330227569262e-22,3.103757880547826e-22,3.2442361467256376e-22,3.384731290351416e-22,3.5252390037753104e-22,3.6657560787937366e-22,3.806280126036482e-22,3.9468093659749703e-22,4.087342473271667e-22,4.2278784608564376e-22,4.368416593590142e-22,4.508956323964027e-22,4.649497244210608e-22,4.790039050637354e-22,4.930581517063506e-22,5.071124475036688e-22,5.211667799098799e-22,5.352211395812554e-22,5.492755195588767e-22,5.63329914659958e-22,5.773843210245219e-22,5.914387357777773e-22,6.054931567786692e-22,6.195475824326058e-22,6.336020115519861e-22,6.476564432523207e-22,6.617108768748694e-22,6.757653119290241e-22,6.89819748049394e-22,7.038741849638481e-22,7.179286224697115e-22,7.319830604160373e-22,7.460374986904068e-22,7.60091937209092e-22,7.741463759097365e-22,7.882008147458986e-22,8.022552536829901e-22,8.163096926952502e-22,8.303641317634939e-22,8.444185708734331e-22,8.584730100144245e-22,8.72527449178543e-22,8.865818883598861e-22,9.006363275540578e-22,9.146907667577831e-22,9.287452059686244e-22,9.42799645184765e-22,9.568540844048532e-22,9.709085236278801e-22,9.849629628530965e-22,9.990174020799435e-22,1.0130718413080048e-21,1.0271262805369707e-21,1.0411807197666097e-21,1.0552351589967505e-21,1.0692895982272653e-21,1.0833440374580578e-21,1.097398476689058e-21,1.1114529159202124e-21,1.1255073551514817e-21,1.1395617943828364e-21,1.153616233614255e-21,1.1676706728457214e-21,1.181725112077223e-21,1.195779551308751e-21,1.209833990540298e-21,1.2238884297718596e-21,1.2379428690034323e-21,1.2519973082350133e-21,1.2660517474666003e-21,1.2801061866981917e-21,1.2941606259297862e-21,1.3082150651613836e-21,1.3222695043929828e-21,1.3363239436245835e-21,1.350378382856185e-21,1.3644328220877873e-21,1.3784872613193905e-21,1.3925417005509936e-21,1.4065961397825972e-21,1.420650579014201e-21,1.4347050182458052e-21,1.4487594574774094e-21,1.462813896709014e-21,1.4768683359406195e-21,1.4909227751722238e-21,1.504977214403828e-21,1.519031653635433e-21,1.5330860928670368e-21,1.547140532098641e-21,1.5611949713302457e-21,1.5752494105618506e-21,1.5893038497934552e-21,1.6033582890250597e-21,1.6174127282566644e-21,1.631467167488269e-21,1.6455216067198739e-21,1.6595760459514787e-21,1.6736304851830834e-21,1.6876849244146878e-21,1.701739363646293e-21,1.7157938028778973e-21,1.7298482421095018e-21,1.743902681341107e-21,1.757957120572712e-21,1.772011559804316e-21,1.7860659990359208e-21,1.8001204382675253e-21,1.8141748774991294e-21,1.8282293167307342e-21,1.8422837559623383e-21,1.8563381951939428e-21,1.8703926344255476e-21,1.8844470736571517e-21,1.898501512888756e-21,1.9125559521203614e-21,1.926610391351966e-21,1.9406648305835696e-21,1.954719269815174e-21,1.968773709046779e-21,1.9828281482783837e-21,1.9968825875099886e-21,2.010937026741593e-21,2.0249914659731975e-21,2.039045905204802e-21,2.0531003444364065e-21,2.067154783668011e-21,2.0812092228996158e-21,2.095263662131219e-21,2.1093181013628236e-21,2.1233725405944277e-21,2.1374269798260318e-21,2.1514814190576366e-21,2.165535858289241e-21,2.1795902975208455e-21,2.19364473675245e-21,2.2076991759840545e-21,2.221753615215659e-21,2.235808054447263e-21,2.249862493678868e-21,2.2639169329104727e-21,2.2779713721420776e-21,2.292025811373682e-21,2.306080250605287e-21,2.3201346898368913e-21,2.334189129068496e-21,2.3482435683001007e-21,2.362298007531705e-21,2.3763524467633096e-21,2.390406885994914e-21,2.404461325226518e-21,2.4185157644581234e-21,2.432570203689728e-21,2.4466246429213327e-21,2.4606790821529375e-21,2.4747335213845424e-21,2.488787960616147e-21,2.502842399847751e-21,2.5168968390793558e-21,2.5309512783109602e-21,2.5450057175425643e-21,2.559060156774169e-21,2.573114596005774e-21,2.587169035237379e-21,2.601223474468984e-21,2.6152779137005886e-21,2.629332352932193e-21,2.6433867921637986e-21,2.657441231395403e-21,2.6714956706270083e-21,2.6855501098586135e-21,2.6996045490902187e-21,2.7136589883218236e-21,2.7277134275534277e-21,2.7417678667850325e-21,2.755822306016637e-21,2.769876745248242e-21,2.783931184479847e-21,2.797985623711452e-21,2.8120400629430567e-21,2.8260945021746612e-21,2.8401489414062653e-21,2.854203380637871e-21,2.868257819869475e-21,2.8823122591010802e-21,2.8963666983326843e-21,2.9104211375642884e-21,2.924475576795893e-21,2.9385300160274977e-21,2.9525844552591014e-21,2.9666388944907055e-21,2.9806933337223104e-21,2.994747772953915e-21,3.008802212185519e-21,3.0228566514171234e-21,3.0369110906487282e-21,3.0509655298803323e-21,3.0650199691119368e-21,3.079074408343541e-21,3.0931288475751454e-21,3.1071832868067483e-21,3.1212377260383524e-21,3.1352921652699557e-21,3.149346604501559e-21,3.1634010437331628e-21,3.1774554829647658e-21,3.1915099221963695e-21,3.205564361427974e-21,3.219618800659577e-21,3.23367323989118e-21,3.2477276791227836e-21,3.2617821183543858e-21,3.2758365575859876e-21,3.2898909968175914e-21,3.3039454360491936e-21,3.3179998752807958e-21,3.332054314512399e-21,3.346108753744002e-21,3.360163192975605e-21,3.3742176322072073e-21,3.3882720714388095e-21,3.402326510670412e-21,3.416380949902014e-21,3.4304353891336165e-21,3.44448982836522e-21,3.458544267596822e-21,3.4725987068284235e-21,3.486653146060025e-21,3.500707585291627e-21,3.5147620245232305e-21,3.528816463754832e-21,3.542870902986434e-21,3.556925342218036e-21,3.5709797814496356e-21,3.5850342206812374e-21,3.599088659912839e-21,3.613143099144441e-21,3.627197538376042e-21,3.641251977607643e-21,3.655306416839246e-21,3.669360856070848e-21,3.68341529530245e-21,3.697469734534053e-21,3.711524173765654e-21,3.725578612997256e-21,3.7396330522288576e-21,3.753687491460459e-21,3.7677419306920605e-21,3.781796369923662e-21,3.795850809155264e-21,3.809905248386867e-21,3.823959687618468e-21,3.838014126850069e-21,3.852068566081671e-21,3.866123005313273e-21,3.880177444544876e-21,3.894231883776478e-21,3.9082863230080796e-21,3.922340762239681e-21,3.9363952014712825e-21,3.9504496407028866e-21,3.964504079934488e-21,3.9785585191660895e-21,3.9926129583976906e-21,4.0066673976292925e-21,4.020721836860894e-21,4.034776276092497e-21,4.048830715324099e-21,4.0628851545557e-21,4.0769395937873024e-21,4.090994033018905e-21,4.105048472250506e-21,4.119102911482109e-21,4.1331573507137105e-21,4.147211789945312e-21,4.161266229176915e-21,4.175320668408519e-21,4.189375107640121e-21,4.203429546871723e-21,4.2174839861033245e-21,4.231538425334926e-21,4.245592864566528e-21,4.259647303798131e-21,4.2737017430297326e-21,4.2877561822613344e-21,4.301810621492936e-21,4.315865060724538e-21,4.329919499956141e-21,4.343973939187743e-21,4.358028378419345e-21,4.372082817650947e-21,4.386137256882548e-21,4.4001916961141506e-21,4.4142461353457524e-21,4.428300574577354e-21,4.442355013808957e-21,4.456409453040559e-21,4.47046389227216e-21,4.484518331503762e-21,4.4985727707353665e-21,4.512627209966968e-21,4.526681649198569e-21,4.540736088430171e-21,4.5547905276617745e-21,4.5688449668933764e-21,4.582899406124979e-21,4.596953845356581e-21,4.611008284588182e-21,4.6250627238197845e-21,4.639117163051387e-21,4.653171602282988e-21,4.66722604151459e-21,4.6812804807461926e-21,4.6953349199777944e-21,4.709389359209396e-21,4.723443798440999e-21,4.7374982376726014e-21,4.751552676904204e-21,4.765607116135806e-21,4.7796615553674084e-21,4.79371599459901e-21,4.807770433830613e-21,4.821824873062215e-21,4.835879312293816e-21,4.8499337515254176e-21,4.863988190757019e-21,4.87804262998862e-21,4.8920970692202216e-21,4.906151508451823e-21,4.920205947683425e-21,4.934260386915027e-21,4.948314826146629e-21,4.96236926537823e-21,4.976423704609831e-21,4.990478143841433e-21,5.0045325830730355e-21,5.018587022304638e-21,5.032641461536241e-21,5.0466959007678425e-21,5.060750339999444e-21,5.074804779231047e-21,5.088859218462649e-21,5.10291365769425e-21,5.116968096925852e-21,5.1310225361574535e-21,5.145076975389056e-21,5.159131414620659e-21,5.1731858538522605e-21,5.187240293083864e-21,5.2012947323154665e-21,5.215349171547068e-21,5.22940361077867e-21,5.243458050010272e-21,5.257512489241872e-21,5.271566928473474e-21,5.285621367705076e-21,5.299675806936679e-21,5.313730246168281e-21,5.327784685399882e-21,5.341839124631484e-21,5.355893563863087e-21,5.36994800309469e-21,5.384002442326292e-21,5.398056881557894e-21,5.4121113207894955e-21,5.426165760021097e-21,5.440220199252699e-21,5.454274638484301e-21,5.468329077715903e-21,5.482383516947505e-21,5.496437956179107e-21,5.510492395410709e-21,5.524546834642312e-21,5.538601273873913e-21,5.552655713105515e-21,5.566710152337117e-21,5.580764591568719e-21,5.594819030800321e-21,5.608873470031921e-21,5.622927909263523e-21,5.636982348495125e-21,5.651036787726727e-21,5.66509122695833e-21,5.679145666189932e-21,5.693200105421534e-21,5.707254544653136e-21,5.721308983884738e-21,5.73536342311634e-21,5.749417862347942e-21,5.763472301579544e-21,5.7775267408111455e-21,5.791581180042747e-21,5.805635619274349e-21,5.81969005850595e-21,5.8337444977375536e-21,5.8477989369691554e-21,5.861853376200758e-21,5.87590781543236e-21,5.889962254663964e-21,5.904016693895566e-21,5.9180711331271676e-21,5.9321255723587694e-21,5.946180011590371e-21,5.960234450821973e-21,5.974288890053575e-21,5.988343329285177e-21,6.002397768516779e-21,6.016452207748381e-21,6.030506646979983e-21,6.044561086211585e-21,6.0586155254431874e-21,6.072669964674791e-21,6.086724403906394e-21,6.100778843137995e-21,6.114833282369597e-21,6.128887721601199e-21,6.142942160832801e-21,6.156996600064404e-21,6.171051039296004e-21,6.185105478527605e-21,6.199159917759208e-21,6.213214356990808e-21,6.22726879622241e-21,6.241323235454011e-21,6.255377674685613e-21,6.269432113917214e-21,6.283486553148815e-21,6.297540992380417e-21,6.311595431612018e-21,6.325649870843619e-21,6.33970431007522e-21,6.3537587493068214e-21,6.367813188538423e-21,6.381867627770025e-21,6.3959220670016254e-21,6.409976506233225e-21,6.424030945464825e-21,6.438085384696429e-21,6.452139823928029e-21,6.466194263159629e-21,6.48024870239123e-21,6.494303141622831e-21,6.5083575808544296e-21,6.52241202008603e-21,6.5364664593176295e-21,6.55052089854923e-21,6.5645753377808294e-21,6.5786297770124305e-21,6.5926842162440316e-21,6.606738655475632e-21,6.620793094707234e-21,6.634847533938834e-21,6.6489019731704344e-21,6.662956412402035e-21,6.677010851633635e-21,6.691065290865236e-21,6.705119730096838e-21,6.719174169328438e-21,6.733228608560039e-21,6.7472830477916375e-21,6.7613374870232385e-21,6.775391926254837e-21,6.789446365486437e-21,6.80350080471804e-21,6.817555243949642e-21,6.831609683181242e-21,6.845664122412844e-21,6.859718561644444e-21,6.873773000876043e-21,6.887827440107645e-21,6.901881879339247e-21,6.915936318570847e-21,6.929990757802446e-21,6.944045197034047e-21,6.958099636265647e-21,6.97215407549725e-21,6.986208514728849e-21,7.00026295396045e-21,7.014317393192053e-21,7.028371832423654e-21,7.042426271655255e-21,7.056480710886855e-21,7.070535150118457e-21,7.084589589350057e-21,7.09864402858166e-21,7.112698467813259e-21,7.126752907044861e-21,7.140807346276461e-21,7.154861785508062e-21,7.168916224739662e-21,7.182970663971264e-21,7.197025103202865e-21,7.211079542434465e-21,7.225133981666066e-21,7.239188420897666e-21,7.253242860129268e-21,7.267297299360869e-21,7.28135173859247e-21,7.295406177824071e-21,7.309460617055671e-21,7.323515056287272e-21,7.337569495518872e-21,7.351623934750474e-21,7.365678373982074e-21,7.379732813213676e-21,7.393787252445276e-21,7.407841691676877e-21,7.421896130908478e-21,7.435950570140079e-21,7.45000500937168e-21,7.464059448603281e-21,7.478113887834882e-21,7.492168327066482e-21,7.506222766298085e-21,7.520277205529684e-21,7.534331644761287e-21,7.548386083992886e-21,7.562440523224486e-21,7.576494962456087e-21,7.59054940168769e-21,7.604603840919289e-21,7.618658280150889e-21,7.632712719382491e-21,7.646767158614092e-21,7.660821597845694e-21,7.674876037077296e-21,7.688930476308897e-21,7.702984915540495e-21,7.717039354772098e-21,7.731093794003697e-21,7.745148233235299e-21,7.759202672466898e-21,7.773257111698498e-21,7.787311550930099e-21,7.8013659901617e-21,7.815420429393302e-21,7.829474868624904e-21,7.843529307856505e-21,7.857583747088104e-21,7.871638186319705e-21,7.885692625551308e-21,7.899747064782909e-21,7.913801504014509e-21,7.92785594324611e-21,7.94191038247771e-21,7.955964821709312e-21,7.970019260940913e-21,7.984073700172512e-21,7.998128139404115e-21,8.012182578635715e-21,8.026237017867316e-21,8.040291457098917e-21,8.054345896330516e-21,8.068400335562119e-21,8.08245477479372e-21,8.096509214025323e-21,8.110563653256922e-21,8.124618092488523e-21,8.138672531720123e-21,8.152726970951724e-21,8.166781410183325e-21,8.180835849414925e-21,8.194890288646527e-21,8.208944727878127e-21,8.222999167109726e-21,8.237053606341326e-21,8.251108045572925e-21,8.265162484804528e-21,8.279216924036128e-21,8.293271363267729e-21,8.30732580249933e-21,8.32138024173093e-21,8.33543468096253e-21,8.34948912019413e-21,8.363543559425731e-21,8.377597998657332e-21,8.391652437888932e-21,8.405706877120533e-21,8.419761316352132e-21,8.43381575558373e-21,8.447870194815332e-21,8.461924634046931e-21,8.47597907327853e-21,8.490033512510133e-21,8.504087951741733e-21,8.518142390973332e-21,8.532196830204932e-21,8.546251269436532e-21,8.560305708668131e-21,8.574360147899731e-21,8.588414587131329e-21,8.602469026362928e-21,8.616523465594527e-21,8.630577904826126e-21,8.644632344057724e-21,8.658686783289322e-21,8.67274122252092e-21,8.686795661752518e-21,8.700850100984116e-21,8.714904540215716e-21,8.728958979447314e-21,8.743013418678912e-21,8.75706785791051e-21,8.77112229714211e-21,8.785176736373708e-21,8.799231175605306e-21,8.813285614836906e-21,8.827340054068502e-21,8.8413944933001e-21,8.855448932531698e-21,8.869503371763296e-21,8.883557810994894e-21,8.897612250226491e-21,8.911666689458089e-21,8.925721128689687e-21,8.939775567921287e-21,8.953830007152885e-21,8.967884446384484e-21,8.981938885616082e-21,8.99599332484768e-21,9.010047764079279e-21,9.024102203310877e-21,9.038156642542473e-21,9.052211081774073e-21,9.066265521005671e-21,9.080319960237269e-21,9.094374399468869e-21,9.108428838700465e-21,9.122483277932063e-21,9.136537717163661e-21,9.150592156395258e-21,9.164646595626854e-21,9.178701034858452e-21,9.192755474090049e-21,9.206809913321649e-21,9.220864352553247e-21,9.234918791784845e-21,9.248973231016443e-21,9.26302767024804e-21,9.277082109479637e-21,9.291136548711236e-21,9.305190987942834e-21,9.319245427174432e-21,9.333299866406031e-21,9.347354305637628e-21,9.361408744869226e-21,9.375463184100822e-21,9.38951762333242e-21,9.403572062564017e-21,9.417626501795615e-21,9.431680941027213e-21,9.445735380258813e-21,9.459789819490411e-21,9.473844258722007e-21,9.487898697953604e-21,9.501953137185202e-21,9.516007576416799e-21,9.530062015648397e-21,9.544116454879996e-21,9.558170894111594e-21,9.572225333343191e-21,9.586279772574789e-21,9.600334211806387e-21,9.614388651037984e-21,9.62844309026958e-21,9.642497529501178e-21,9.656551968732776e-21,9.670606407964374e-21,9.684660847195973e-21,9.69871528642757e-21,9.712769725659169e-21,9.726824164890765e-21,9.740878604122363e-21,9.754933043353961e-21,9.768987482585561e-21,9.783041921817158e-21,9.797096361048757e-21,9.811150800280355e-21,9.825205239511952e-21,9.839259678743548e-21,9.853314117975145e-21,9.867368557206743e-21,9.88142299643834e-21,9.895477435669936e-21,9.909531874901534e-21,9.92358631413313e-21,9.937640753364727e-21,9.951695192596324e-21,9.96574963182792e-21,9.97980407105952e-21,9.993858510291118e-21,1.0007912949522715e-20,1.0021967388754313e-20,1.0036021827985911e-20,1.0050076267217509e-20,1.0064130706449105e-20,1.0078185145680704e-20,1.0092239584912303e-20,1.0106294024143901e-20,1.0120348463375498e-20,1.0134402902607096e-20,1.0148457341838694e-20,1.016251178107029e-20,1.0176566220301889e-20,1.0190620659533485e-20,1.0204675098765085e-20,1.0218729537996683e-20,1.023278397722828e-20,1.0246838416459879e-20,1.0260892855691477e-20,1.0274947294923074e-20,1.028900173415467e-20,1.0303056173386268e-20,1.0317110612617868e-20,1.0331165051849466e-20,1.0345219491081062e-20,1.0359273930312662e-20,1.0373328369544259e-20,1.0387382808775855e-20,1.0401437248007452e-20,1.0415491687239051e-20,1.0429546126470648e-20,1.0443600565702246e-20,1.0457655004933843e-20,1.0471709444165439e-20,1.0485763883397037e-20,1.0499818322628635e-20,1.0513872761860232e-20,1.052792720109183e-20,1.0541981640323426e-20,1.0556036079555025e-20,1.0570090518786623e-20,1.0584144958018219e-20,1.0598199397249819e-20,1.0612253836481415e-20,1.062630827571301e-20,1.0640362714944608e-20,1.0654417154176207e-20,1.0668471593407803e-20,1.0682526032639401e-20,1.0696580471870998e-20,1.0710634911102594e-20,1.0724689350334191e-20,1.0738743789565789e-20,1.0752798228797384e-20,1.0766852668028982e-20,1.0780907107260579e-20,1.0794961546492174e-20,1.0809015985723772e-20,1.082307042495537e-20,1.0837124864186968e-20,1.0851179303418566e-20,1.0865233742650163e-20,1.0879288181881759e-20,1.0893342621113357e-20,1.0907397060344955e-20,1.0921451499576552e-20,1.093550593880815e-20,1.094956037803975e-20,1.0963614817271346e-20,1.0977669256502943e-20,1.099172369573454e-20,1.1005778134966137e-20,1.1019832574197734e-20,1.103388701342933e-20,1.1047941452660931e-20,1.106199589189253e-20,1.1076050331124126e-20,1.1090104770355724e-20,1.1104159209587322e-20,1.1118213648818919e-20,1.1132268088050515e-20,1.1146322527282113e-20,1.116037696651371e-20,1.1174431405745308e-20,1.1188485844976906e-20,1.1202540284208503e-20,1.12165947234401e-20,1.1230649162671697e-20,1.1244703601903294e-20,1.1258758041134892e-20,1.1272812480366489e-20,1.1286866919598085e-20,1.1300921358829682e-20,1.1314975798061278e-20,1.1329030237292878e-20,1.1343084676524476e-20,1.1357139115756074e-20,1.1371193554987674e-20,1.1385247994219269e-20,1.139930243345087e-20,1.1413356872682465e-20,1.1427411311914063e-20,1.1441465751145664e-20,1.1455520190377262e-20,1.146957462960886e-20,1.1483629068840455e-20,1.1497683508072053e-20,1.1511737947303648e-20,1.1525792386535246e-20,1.1539846825766845e-20,1.1553901264998443e-20,1.156795570423004e-20,1.1582010143461639e-20,1.1596064582693237e-20,1.1610119021924832e-20,1.162417346115643e-20,1.1638227900388028e-20,1.1652282339619626e-20,1.1666336778851223e-20,1.168039121808282e-20,1.1694445657314419e-20,1.1708500096546015e-20,1.1722554535777613e-20,1.1736608975009209e-20,1.1750663414240807e-20,1.1764717853472405e-20,1.1778772292704e-20,1.17928267319356e-20,1.1806881171167196e-20,1.1820935610398794e-20,1.1834990049630389e-20,1.1849044488861987e-20,1.1863098928093585e-20,1.187715336732518e-20,1.1891207806556778e-20,1.1905262245788376e-20,1.1919316685019974e-20,1.193337112425157e-20,1.1947425563483168e-20,1.1961480002714766e-20,1.197553444194636e-20,1.1989588881177959e-20,1.2003643320409557e-20,1.2017697759641155e-20,1.203175219887275e-20,1.2045806638104348e-20,1.2059861077335946e-20,1.2073915516567541e-20,1.208796995579914e-20,1.2102024395030734e-20,1.2116078834262331e-20,1.2130133273493926e-20,1.2144187712725524e-20,1.2158242151957119e-20,1.2172296591188713e-20,1.2186351030420309e-20,1.2200405469651903e-20,1.2214459908883501e-20,1.2228514348115099e-20,1.2242568787346694e-20,1.2256623226578289e-20,1.2270677665809886e-20,1.2284732105041484e-20,1.2298786544273076e-20,1.2312840983504671e-20,1.2326895422736269e-20,1.2340949861967865e-20,1.235500430119946e-20,1.2369058740431056e-20,1.238311317966265e-20,1.2397167618894247e-20,1.2411222058125844e-20,1.242527649735744e-20,1.2439330936589035e-20,1.245338537582063e-20,1.2467439815052226e-20,1.2481494254283822e-20,1.2495548693515417e-20,1.2509603132747009e-20,1.2523657571978606e-20,1.2537712011210198e-20,1.2551766450441794e-20,1.256582088967339e-20,1.2579875328904982e-20,1.2593929768136578e-20,1.260798420736817e-20,1.2622038646599765e-20,1.2636093085831362e-20,1.2650147525062957e-20,1.2664201964294549e-20,1.2678256403526145e-20,1.2692310842757744e-20,1.2706365281989339e-20,1.2720419721220934e-20,1.2734474160452532e-20,1.2748528599684127e-20,1.2762583038915723e-20,1.2776637478147315e-20,1.279069191737891e-20,1.2804746356610507e-20,1.2818800795842099e-20,1.2832855235073697e-20,1.2846909674305291e-20,1.2860964113536889e-20,1.2875018552768481e-20,1.2889072992000076e-20,1.290312743123167e-20,1.2917181870463265e-20,1.293123630969486e-20,1.2945290748926453e-20,1.2959345188158048e-20,1.2973399627389645e-20,1.2987454066621237e-20,1.3001508505852832e-20,1.3015562945084429e-20,1.3029617384316024e-20,1.3043671823547622e-20,1.3057726262779214e-20,1.3071780702010812e-20,1.3085835141242405e-20,1.3099889580474e-20,1.3113944019705591e-20,1.3127998458937186e-20,1.3142052898168781e-20,1.3156107337400375e-20,1.317016177663197e-20,1.3184216215863563e-20,1.3198270655095158e-20,1.3212325094326753e-20,1.322637953355835e-20,1.3240433972789947e-20,1.325448841202154e-20,1.3268542851253134e-20,1.3282597290484729e-20,1.3296651729716324e-20,1.3310706168947919e-20,1.332476060817951e-20,1.3338815047411107e-20,1.3352869486642703e-20,1.3366923925874296e-20,1.338097836510589e-20,1.3395032804337482e-20,1.3409087243569075e-20,1.3423141682800667e-20,1.3437196122032261e-20,1.3451250561263853e-20,1.3465305000495447e-20,1.347935943972704e-20,1.3493413878958629e-20,1.350746831819022e-20,1.3521522757421813e-20,1.3535577196653405e-20,1.3549631635884996e-20,1.356368607511659e-20,1.3577740514348183e-20,1.3591794953579777e-20,1.360584939281137e-20,1.361990383204296e-20,1.3633958271274554e-20,1.3648012710506142e-20,1.3662067149737735e-20,1.367612158896933e-20,1.369017602820092e-20,1.3704230467432513e-20,1.3718284906664107e-20,1.3732339345895697e-20,1.374639378512729e-20,1.3760448224358878e-20,1.3774502663590472e-20,1.3788557102822062e-20,1.3802611542053653e-20,1.3816665981285246e-20,1.3830720420516837e-20,1.3844774859748424e-20,1.3858829298980015e-20,1.3872883738211606e-20,1.3886938177443196e-20,1.3900992616674787e-20,1.3915047055906374e-20,1.3929101495137965e-20,1.3943155934369555e-20,1.395721037360115e-20,1.397126481283274e-20,1.398531925206433e-20,1.3999373691295918e-20,1.4013428130527508e-20,9.745228452688196e-14,1.9687594394124207e-13,2.9832351407863113e-13,4.0184927650761036e-13,5.075093433284836e-13,6.153617314256733e-13,7.25466440220833e-13,8.378855332222735e-13,9.52683223454549e-13,1.069925963100111e-12,1.1896825374760217e-12,1.3120241636275175e-12,1.4370245938211776e-12,1.5647602241779097e-12,1.6953102087537435e-12,1.8287565793845185e-12,1.9651843715978114e-12,2.1046817570364786e-12,2.247340182558545e-12,2.393254516791221e-12,2.542523204133691e-12,2.695248426988084e-12,2.8515362765487782e-12,3.011496932762317e-12,3.1752448539408525e-12,3.34289897668537e-12,3.514582926728537e-12,3.690425241373673e-12,3.870559604332672e-12,4.055125093633599e-12,4.24426644355046e-12,4.438134321360653e-12,4.636885620014112e-12,4.840683767636983e-12,5.049699055062005e-12,5.264108982553223e-12,5.484098627064346e-12,5.709861031331264e-12,5.941597616395746e-12,6.179518619103048e-12,6.423843556330715e-12,6.674801717858805e-12,6.932632689827929e-12,7.19758691105651e-12,7.469926264507622e-12,7.749924706473518e-12,8.037868936303878e-12,8.334059109559152e-12,8.638809597920369e-12,8.952449799319327e-12,9.275325002123129e-12,9.60779730749534e-12,9.950246614435134e-12,1.0303071672409371e-11,1.0666691206853322e-11,1.1041545123376442e-11,1.1428095796944786e-11,1.182682945300662e-11,1.2238257647966966e-11,1.2662918857372397e-11,1.3101380180639662e-11,1.3554239172282246e-11,1.4022125810384144e-11,1.4505704614033126e-11,1.5005676922859728e-11,1.5522783352748018e-11,1.605780644346377e-11,1.661157351550643e-11,1.7184959754765424e-11,1.7778891546704697e-11,1.83943500822847e-11,1.9032375261738198e-11,1.969406992433531e-11,2.0380604435117447e-11,2.109322166395968e-11,2.1833242394641438e-11,2.260207120730362e-11,2.34012028816572e-11,2.4232229374089754e-11,2.509684742767917e-11,2.5996866881166818e-11,2.693421975120843e-11,2.791097016993633e-11,2.8929325271320196e-11,2.9991647129539733e-11,3.1100465868014543e-11,3.225849406957378e-11,3.346864263748264e-11,3.473403827507752e-11,3.6058042774757676e-11,3.7444274331464785e-11,3.889663112561596e-11,4.0419317454391275e-11,4.201687272850215e-11,4.3694203695837614e-11,4.545662030741698e-11,4.730987569899762e-11,4.9260210834030816e-11,5.131440443431866e-11,5.3479828920691006e-11,5.576451319934475e-11,5.817721325946893e-11,6.072749170552802e-11,6.342580752849526e-11,6.628361763943713e-11,6.931349194482564e-11,7.25292440523884e-11,7.59460800589897e-11,7.958076831420577e-11,8.345183357952433e-11,8.757977963687444e-11,9.198734517216938e-11,9.669979868958717e-11,1.0174527935095745e-10,1.0715519202298541e-10,1.1296466652275434e-10,1.1921309315343602e-10,1.259447492246729e-10,1.3320953449462867e-10,1.4106383749946963e-10,1.4957155982890586e-10,1.5880533178539162e-10,1.6884796099006194e-10,1.7979416583889013e-10,1.9175265896918977e-10,2.048486630015438e-10,2.1922696302015453e-10,2.350556292557794e-10,2.5253058156900177e-10,2.718812179089446e-10,2.933773963884222e-10,3.17338151483459e-10,3.441426482117063e-10,3.742440470920241e-10,4.0818718638159727e-10,4.466313145538704e-10,4.903795670647151e-10,5.404175401011406e-10,5.979642665211503e-10,6.645402947955521e-10,7.420596454448458e-10,8.329555475123946e-10,9.403546528190036e-10,1.0683219071481314e-09,1.2222101518307363e-09,1.4091678324929779e-09,1.6388902267536878e-09,1.9247540798810886e-09,2.2855706890582747e-09,2.748363626438538e-09,3.3528953385190954e-09,4.159278913149676e-09,5.261239281855012e-09,6.810158058658065e-09,9.06069467840175e-09,1.2461932048664125e-08,1.785049861341853e-08,2.688791486738644e-08,4.3127099496059295e-08,7.482621022504286e-08,1.4294896098608426e-07,3.050602989869903e-07,7.253429717364305e-07,1.8509813156693352e-06,4.725200662410865e-06,1.1268019259777344e-05,2.4227200122442103e-05,4.69061012888357e-05,8.337639494062778e-05,0.00014003263544088427,0.00022943627073436393,0.00037902869406437184,0.0006500993349006081,0.001154367884582876,0.001999527654538981,0.003197309554411567,0.004671077575944448,0.006315245044850628,0.008034986548886366,0.009759883639513573,0.011443555709234762,0.013058456267478315,0.014590227134780396,0.016033121265670847,0.01738671925504308,0.018653724938931908,0.01983854564919064,0.020946405062799107,0.021982803651344134,0.022953200558334077,0.023862834208814156,0.024716628676048454,0.025519152315598197,0.02627460766591557,0.02698683951855472,0.027659353032260935,0.028295336885078595,0.028897688415806363,0.029469038933300707,0.030011778140571987,0.030528077103706808,0.03101990949099274,0.031489070993228924,0.03193719694377808,0.03236577822127753,0.032776175550043064,0.03316963232911647,0.033547286123958284,0.033910178951825916,0.034259266484544595,0.03459542628323605,0.034919465169426483,0.03523212582790863,0.03553409272486507,0.03582599741809844,0.03610842332630411,0.036381910017104516,0.036646957066790435,0.03690402753867164,0.037153551121243404,0.037395926962915015,0.037631526235539815,0.037860694455512704,0.03808375358752426,0.03830100395387109,0.03851272596871133,0.038719181715056124,0.03892061638105959,0.039117259568270404,0.03930932648525521,0.03949701903750449,0.0396805268235735,0.03986002804631865,0.040035690347283624,0.040207671571168356,0.04037612046754032,0.040541177334561015,0.040702974610548684,0.04086163741806025,0.04101728406467565,0.04117002650395923,0.04131997076074191,0.04146721732299607,0.041611861504265775,0.04175399377803229,0.041893700086684096,0.04203106212840101,0.042166157621671474,0.04229906055128321,0.04242984139595641,0.04255856733977523,0.0426853024689875,0.042810107953984454,0.04293304221950672,0.043054161102574776,0.04317351799981479,0.043291164004643355,0.04340714803528734,0.043521516954501384,0.043634315680991485,0.043745587293941984,0.043855373130629365,0.043963712877822615,0.044070644657275025,0.04417620510623296,0.044280429452532626,0.04438335158527557,0.04448500412140027,0.04458541846772616,0.044684624879732425,0.04478265251685141,0.04487952949435554,0.044975282932254675,0.04506993900175635,0.04516352296841017,0.04525605923343838,0.045347571372627085,0.0454380821727298,0.04552761366645881,0.0456161871652636,0.045703823290075114,0.045790542001162546,0.04587636262581354,0.04596130388467622,0.04604538391692893,0.046128620304054326,0.04621103009283936,0.04629262981604302,0.04637343551338831,0.046453462750817805,0.04653272663909522,0.04661124185111899,0.046689022638864076,0.04676608284926445,0.04684243594130293,0.04691809499546125,0.04699307273163749,0.04706738152170753,0.04714103340211596,0.04721404008554432,0.047286412972555286,0.04735816316263886,0.047429301464652567,0.04749983840694466,0.04756978424711172,0.047639148980644884,0.047707942350485345,0.04777617385525518,0.047843852757282035,0.04791098809028437,0.047977588667143606,0.04804366308679705,0.048109219741318265,0.04817426682201242,0.04823881232673403,0.0483028640650171,0.048366429664395895,0.04842951657594619,0.048492132079667016,0.04855428328973199,0.04861597715947556,0.048677220486159196,0.04873801991584198,0.048798381947495334,0.04885831293755285,0.04891781910403524,0.04897690653053372,0.04903558116988487,0.04909384884832019,0.04915171526849679,0.049209186013516655,0.04926626655000149,0.04932296223112364,0.04937927829998632,0.04943521989256212,0.04949079204083459,0.04954599967484132,0.04960084762637613,0.04965534063101981,0.04970948333077209,0.0497632802766825,0.04981673593086201,0.049869854668882774,0.049922640782941674,0.04997509848235736,0.05002723189679936,0.05007904507781856,0.05013054200121927,0.050181726568579055,0.05023260260926984,0.0502831738821633,0.050333444077384125,0.050383416817963336,0.05043309566147559,0.05048248410169525,0.05053158556979052,0.05058040343629267,0.05062894101216261,0.05067720155039048,0.05072518824719169,0.050772904243426974,0.05082035262581718,0.050867536428283976,0.05091445863297416,0.05096112217172956,0.05100752992673236,0.051053684732148774,0.051099589375061094,0.05114524659605053,0.05119065909082125,0.05123582951102224,0.05128076046493572,0.05132545451873722,0.051369914197232525,0.05141414198487406,0.05145814032643395,0.05150191162799275,0.05154545825769363,0.051588782546581835,0.05163188678932339,0.05167477324499726,0.05171744413790791,0.05175990165802359,0.05180214796202729,0.05184418517382377,0.05188601538506909,0.05192764065617435,0.05196906301662493,0.05201028446557624,0.05205130697279423,0.0520921324788351,0.05213276289588927,0.052173200108195136,0.0522134459726295,0.05225350231928273,0.05229337095189579,0.052333053648377384,0.05237255216136928,0.05241186821864073,0.052451003523590424,0.052489959755663,0.05252873857087434,0.05256734160219658,0.05260577046002945,0.05264402673265298,0.052682111986425764,0.0527200277664116,0.05275777559660446,0.05279535698047274,0.05283277340121284,0.05287002632220225,0.05290711718721874,0.05294404742070524,0.052980818428567,0.05301743159805471,0.05305388829832479,0.0530901898805575,0.0531263376787017,0.053162333008846485,0.05319817717043308,0.053233871446481146,0.05326941710334234,0.05330481539142222,0.05334006754521992,0.053375174783849774,0.05341013831084948,0.05344495931485581,0.05347963896988645,0.053514178435097745,0.05354857885549592,0.0535828413619184,0.05361696707170306,0.053650957088211895,0.05368481250154838,0.05371853438868861,0.053752123813483974,0.053785581827187796,0.053818909468453746,0.05385210776358283,0.05388517772666411,0.053918120360029145,0.053950936654100855,0.05398362758753274,0.05401619412785161,0.05404863723121244,0.05408095784261401,0.05411315689655456,0.05414523531638664,0.05417719401510721,0.054209033895494654,0.05424075584951071,0.05427236075925224,0.05430384949764201,0.05433522292697109,0.054366481900012364,0.05439762726029015,0.05442865984178237,0.05445958046940328,0.05449038995889482,0.05452108911707945,0.05455167874189465,0.05458215962288858,0.05461253254059249,0.054642798267518,0.054672957567497446,0.0547030111965835,0.05473295990242899,0.05476280442487624,0.054792545495781164,0.05482218383943964,0.05485172017229696,0.054881155203563826,0.05491048963484152,0.05493972416042546,0.05496885946749912,0.05499789623604211,0.05502683513900593,0.05505567684265175,0.0550844220060624,0.05511307128182807,0.055141625316053974,0.05517008474772235,0.05519845020987973,0.055226722329089255,0.05525490172559051,0.05528298901340967,0.055310984800501777,0.055338889688734086,0.05536670427401042,0.055394429146483,0.055422064890419905,0.055449612083940045,0.05547707130038573,0.05550444310698481,0.05553172806537125,0.055558926732015956,0.055586039657912874,0.05561306738876027,0.05564001046511374,0.05566686942217163,0.05569364479021815,0.05572033709447242,0.055746946855343794,0.055773474587814606,0.055799920802570395,0.05582628600532241,0.05585257069704398,0.055878775374147885,0.05590490052828456,0.055930946646668235,0.05595691421206769,0.05598280370260898,0.05600861559225416,0.05603435035052369,0.05606000844269807,0.05608559032984911,0.05611109646889748,0.05613652731256512,0.056161883309577554,0.05618716490459178,0.05621237253835472,0.05623750664737473,0.05626256766490057,0.056287556019834185,0.05631247213746865,0.056337316439291886,0.056362089343155015,0.056386791263213935,0.056411422610014084,0.056435983790544916,0.05646047520825539,0.056484897263266685,0.05650925035178092,0.05653353486705026,0.05655775119880671,0.056581899733439,0.05660598085406599,0.05662999494053273,0.05665394236941613,0.056677823514267735,0.056701638745333106,0.05672538842981438,0.05674907293183455,0.056772692612541226,0.05679624782975086,0.05681973893872682,0.056843166291574716,0.056866530237534865,0.05688983112294019,0.05691306929137096,0.05693624508345651,0.05695935883699953,0.056982410887355874,0.05700540156690529,0.057028331205439084,0.057051200129981466,0.057074008664982835,0.057096757132343745,0.05711944585118969,0.05714207513827244,0.05716464530777144,0.05718715667129473,0.05720960953819848,0.05723200421528809,0.05725434100669047,0.05727662021437121,0.05729884213815916,0.05732100707506294,0.05734311532007279,0.05736516716581679,0.057387162902672026,0.057409102818676346,0.05743098719975358,0.057452816329663405,0.057474590489720305,0.05749630995935194,0.057517975015752676,0.05753958593406196,0.05756114298725605,0.057582646446266914,0.05760409657998001,0.057625493655239425,0.05764683793684721,0.057668129687838604,0.05768936916897156,0.05771055663912943,0.057731692355371816,0.05775277657284736,0.05777380954474472,0.057794791522390865,0.05781572275519922,0.05783660349100271,0.05785743397554104,0.05787821445294149,0.05789894516523206,0.05791962635307051,0.05794025825519032,0.057960841108537386,0.05798137514846193,0.05800186060852326,0.05802229772066492,0.05804268671514134,0.058063027820548965,0.05808332126386329,0.058103567270457325,0.05812376606408032,0.058143917866923286,0.0581640228995083,0.05818408138092252,0.05820409352861144,0.05822405955859631,0.058243979685314105,0.05826385412176543,0.05828368307932841,0.05830346676810769,0.05832320539656098,0.058342899171789274,0.0583625482994829,0.05838215298387441,0.058401713427805084,0.05842122983277258,0.05844070239882346,0.058460131324699,0.05847951680767513,0.05849885904379791,0.05851815822776415,0.058537414552933986,0.05855662821132715,0.05857579939374662,0.05859492828969743,0.05861401508734388,0.058633059973651896,0.05865206313432778,0.05867102475384797,0.058689945015432295,0.05870882410114933,0.05872766219179201,0.05874645946710683,0.0587652161052982,0.05878393228379202,0.05880260817869483,0.058821243965025416,0.058839839816420735,0.0588583959057284,0.05887691240444311,0.058895389483006495,0.058913827310803926,0.05893222605605689,0.058950585885870994,0.05896890696651896,0.05898718946293153,0.0590054335390869,0.05902363935783478,0.05904180708120469,0.05905993687000079,0.059078028884035176,0.05909608328216648,0.05911410022226503,0.059132079860929616,0.0591500223542413,0.05916792785696112,0.05918579652311492,0.05920362850536755,0.05922142395588121,0.05923918302566756,0.05925690586465788,0.05927459262223455,0.05929224344657582,0.059309858484979806,0.05932743788393653,0.05934498178881713,0.05936249034402351,0.059379963693812945,0.0593974019808582,0.05941480534710619,0.05943217393365062,0.05944950788078118,0.059466807328034645,0.059484072413818284,0.05950130327582009,0.059518500051105254,0.059535662875641174,0.059552791884742655,0.05956988721287554,0.05958694899370211,0.059603977360067416,0.05962097244403534,0.05963793437687873,0.059654863289079985,0.059671759310466484,0.05968862256994517,0.05970545319572508,0.059722251315224656,0.05973901705522945,0.05975575054165651,0.05977245189974662,0.05978912125393244,0.059805758728053,0.05982236444518089,0.05983893852764832,0.059855481097161795,0.059871992274457005,0.0598884721798462,0.05990492093288029,0.05992133865242768,0.05993772545674277,0.05995408146313981,0.059970406788534526,0.05998670154901734,0.060002965860210956,0.06001919983693106,0.060035403593291965,0.0600515772429264,0.06006772089879735,0.060083834673008825,0.0600999186773083,0.06011597302277024,0.060131997819595065,0.06014799317758907,0.060163959206093576,0.060179896013521375,0.06019580370791238,0.060211682396446135,0.0602275321860514,0.06024335318278068,0.060259145492339204,0.06027490921958816,0.060290644468970596,0.06030635134441126,0.060322029949150716,0.060337680385886036,0.060353302756805206,0.06036889716349245,0.06038446370697468,0.06040000248776221,0.06041551360582229,0.06043099716054445,0.06044645325080509,0.0604618819749734,0.06047728343089312,0.06049265771579081,0.06050800492644648,0.06052332515910363,0.06053861850950306,0.06055388507288616,0.06056912494396217,0.060584338216955705,0.06059952498558343,0.060614685343034554,0.06062981938207207,0.06064492719498431,0.060660008873427824,0.06067506450870991,0.06069009419163297,0.06070509801251001,0.06072007606117454,0.0607350284270285,0.060749955198966345,0.06076485646544574,0.06077973231447141,0.060794582833453154,0.06080940810967498,0.060824208229715446,0.06083898327971334,0.060853733345424425,0.06086845851213886,0.060883158864734124,0.06089783448752162,0.06091248546474039,0.06092711187984145,0.06094171381596652,0.06095629135584638,0.06097084458176973,0.06098537357564042,0.060999878418932195,0.06101435919266049,0.06102881597753258,0.061043248853782164,0.06105765790124134,0.061072043199357856,0.06108640482717128,0.0611007428633396,0.06111505738612397,0.0611293484734558,0.06114361620266767,0.06115786065091478,0.061172081895035715,0.0611862800111952,0.06120045507540985,0.06121460716328228,0.061228736350014926,0.06124284271046307,0.06125692631907275,0.06127098724999131,0.06128502557695625,0.061299041373297614,0.0613130347121007,0.06132700566608815,0.06134095430746786,0.0613548807082486,0.061368784940089495,0.061382667074224184,0.061396527181621995,0.061410365332839834,0.06142418159811239,0.061437976047414994,0.06145174875029335,0.06146549977597563,0.061479229193405385,0.06149293707115219,0.06150662347749045,0.06152028848033761,0.06153393214730389,0.061547554545680484,0.06156115574243775,0.06157473580423103,0.061588294797407996,0.06160183278798043,0.061615349841673134,0.061628846023897024,0.061642321399748894,0.061655776034027096,0.06166920999122913,0.06168262333552882,0.06169601613098761,0.06170938844090385,0.061722740328804204,0.061736071857546815,0.061749383090111735,0.06176267408856599,0.06177594491518619,0.06178919563184393,0.06180242630011881,0.06181563698129772,0.06182882773635129,0.061841998625998915,0.0618551497107327,0.06186828105070247,0.06188139270579217,0.06189448473562631,0.06190755719955939,0.061920610156713525,0.06193364366582156,0.06194665778554838,0.061959652574087296,0.06197262808947314,0.061985584389410514,0.061998521531446416,0.062011439572868476,0.06202433857059272,0.06203721858136691,0.06205007966157716,0.062062921867645685,0.062075745255442676,0.06208854988066381,0.06210133579885236,0.06211410306520035,0.0621268517346846,0.06213958186205252,0.06215229350177887,0.062164986708182386,0.06217766153522143,0.06219031803674347,0.062202956266259414,0.062215576277087466,0.06222817812230946,0.062240761854766014,0.06225332752706682,0.062265875191623854,0.06227840490057623,0.062290916705855834,0.062303410659151966,0.06231588681196387,0.062328345215530274,0.06234078592093293,0.06235320897897683,0.06236561444023889,0.06237800235511415,0.062390372773758515,0.062402725746129754,0.062415061321967134,0.06242737955082127,0.06243968048202777,0.0624519641645408,0.06246423064755244,0.06247647997932499,0.062488712208551,0.06250092738349546,0.06251312555222503,0.06252530676260723,0.06253747106229629,0.06254961849874324,0.06256174911924112,0.06257386297083517,0.06258596010036717,0.06259804055457527,0.06261010437983523,0.0626221516225474,0.06263418232865783,0.06264619654412511,0.06265819431459325,0.06267017568574366,0.06268214070275059,0.06269408941081027,0.0627060218548022,0.06271793807955024,0.06272983812963641,0.06274172204938964,0.06275358988307678,0.06276544167470807,0.06277727746812953,0.06278909730687364,0.06280090123471667,0.06281268929482246,0.0628244615303012,0.0628362179841586,0.06284795869911601,0.06285968371786929,0.06287139308282136,0.06288308683622498,0.06289476502015542,0.06290642767657814,0.0629180748471897,0.06292970657360723,0.06294132289721702,0.06295292385933376,0.06296450950100832,0.06297607986317016,0.06298763498654722,0.06299917491169063,0.06301069967907257,0.06302220932899559,0.06303370390169444,0.06304518343692564,0.06305664797465399,0.06306809755428616,0.06307953221539285,0.06309095199732041,0.06310235693922678,0.06311374708009544,0.0631251224588222,0.06313648311408249,0.06314782908443063,0.06315916040826863,0.06317047712383511,0.06318177926923702,0.06319306688242377,0.06320434000124847,0.06321559866340895,0.06322684290615695,0.06323807276703232,0.06324928828324097,0.0632604894918555,0.06327167642976497,0.0632828491337891,0.06329400764053328,0.06330515198654,0.06331628220817055,0.06332739834168213,0.06333850042305116,0.06334958848825675,0.06336066257313762,0.06337172271334468,0.06338276894440435,0.06339380130172949,0.06340481982056582,0.06341582453595988,0.06342681548301962,0.06343779269641946,0.06344875621118187,0.06345970606177774,0.06347064228261202,0.06348156490805153,0.06349247397225379,0.06350336950945025,0.06351425155341213,0.06352512013799404,0.06353597529691206,0.0635468170637379,0.06355764547192182,0.06356846055475276,0.06357926234540587,0.06359005087696978,0.06360082618237956,0.06361158829444263,0.06362233724590749,0.06363307306924862,0.06364379579698808,0.06365450546145354,0.06366520209478574,0.06367588572920284,0.06368655639662324,0.06369721412893027,0.06370785895782446,0.06371849091495162,0.06372911003176966,0.0637397163396865,0.06375030987008307,0.06376089065395552,0.06377145872242058,0.06377192095039891,0.06377209457625521,0.063772222144585,0.06377234118578888,0.06377245746514769,0.0637725718389906,0.06377268441735459,0.06377279520795469,0.06377290421469123,0.06377301145158058,0.06377311694355531,0.06377322072523706,0.0637733228394358,0.06377342333566914,0.06377352226877105,0.06377361969761045,0.06377371568393254,0.0637738102913275,0.0637739035843265,0.06377399562762233,0.06377408648540811,0.06377417622082653,0.06377426489552003,0.06377435256927291,0.06377443929973417,0.06377452514221214,0.06377461014953165,0.06377469437194311,0.0637747778570778,0.06377486064993969,0.06377494279292825,0.06377502432588611,0.06377510528616595,0.06377518570871296,0.06377526562615783,0.06377534506891835,0.06377542406530551,0.06377550264163295,0.06377558082232766,0.06377565863003937,0.06377573608574835,0.06377581320887157,0.06377589001736439,0.06377596652781875,0.06377604275555689,0.06377611871472098,0.06377619441835781,0.06377626987849826,0.06377634510623352,0.06377642011178515,0.0637764949045712,0.06377656949326847,0.06377664388586961,0.0637767180897374,0.06377679211165466,0.06377686595786972,0.06377693963414002,0.06377701314577096,0.06377708649765429,0.06377715969429981,0.06377723273986784,0.06377730563819793,0.06377737839283516,0.06377745100705483,0.06377752348388455,0.06377759582612529,0.06377766803637008,0.06377774011702175,0.06377781207030857,0.06377788389829919,0.06377795560291612,0.0637780271859479,0.06377809864906057,0.06377816999380782,0.06377824122164136,0.06377831233391872,0.06377838333191073,0.06377845421681007,0.06377852498973759,0.06377859565174808,0.06377866620383604,0.06377873664694078,0.06377880698195122,0.06377887720970973,0.06377894733101662,0.06377901734663358,0.06377908725728637,0.06377915706366862,0.06377922676644375,0.06377929636624825,0.06377936586369336,0.06377943525936751,0.0637795045538381,0.06377957374765283,0.06377964284134187,0.06377971183541932,0.06377978073038436,0.0637798495267214,0.06377991822490317,0.06377998682539039,0.06378005532863293,0.06378012373507037,0.06378019204513442,0.06378026025924693,0.06378032837782238,0.06378039640126788,0.06378046432998384,0.06378053216436454,0.06378059990479826,0.06378066755166793,0.06378073510535133,0.06378080256622168,0.06378086993464764,0.06378093721099384,0.06378100439562086,0.0637810714888858,0.06378113849114218,0.06378120540274039,0.0637812722240277,0.06378133895534839,0.06378140559704408,0.06378147214945382,0.06378153861291387,0.06378160498775846,0.06378167127431932,0.06378173747292602,0.063781803583906,0.06378186960758488,0.06378193554428592,0.06378200139433088,0.06378206715803936,0.0637821328357295,0.06378219842771762,0.06378226393431821,0.06378232935584419,0.06378239469260706,0.06378245994491676,0.06378252511308141,0.06378259019740805,0.06378265519820246,0.06378272011576751,0.06378278495040623,0.06378284970241999,0.06378291437210848,0.06378297895977013,0.06378304346570225,0.06378310789020049,0.06378317223355945,0.0637832364960724,0.06378330067803134,0.06378336477972711,0.06378342880144927,0.06378349274348608,0.0637835566061247,0.0637836203896511,0.06378368409435,0.06378374772050494,0.06378381126839806,0.06378387473831093,0.06378393813052399,0.06378400144531554,0.06378406468296395,0.06378412784374565,0.06378419092793622,0.06378425393581014,0.06378431686764101,0.06378437972370062,0.06378444250426045,0.06378450520959061,0.06378456783996003,0.06378463039563675,0.06378469287688766,0.06378475528397848,0.06378481761717404,0.06378487987673812,0.0637849420629334,0.06378500417602125,0.06378506621626262,0.06378512818391703,0.06378519007924321,0.06378525190249835,0.06378531365393937,0.06378537533382145,0.06378543694239894,0.06378549847992478,0.06378555994665243,0.06378562134283405,0.06378568266871967,0.06378574392455877,0.06378580511059977,0.06378586622709057,0.06378592727427765,0.06378598825240717,0.06378604916172309,0.06378611000246973,0.06378617077488982,0.0637862314792253,0.06378629211571633,0.06378635268460459,0.06378641318612835,0.06378647362052571,0.06378653398803409,0.06378659428888975,0.06378665452332816,0.06378671469158384,0.06378677479389037,0.06378683483048053,0.06378689480158606,0.06378695470743781,0.06378701454826584,0.0637870743242994,0.06378713403576662,0.063787193682895,0.06378725326591105,0.06378731278504025,0.06378737224050748,0.06378743163253679,0.06378749096135086,0.06378755022717189,0.0637876094302216,0.06378766857072078,0.06378772764888814,0.0637877866649429,0.06378784561910311,0.06378790451158585,0.06378796334260746,0.06378802211238337,0.06378808082112827,0.06378813946905611,0.06378819805637968,0.06378825658331136,0.06378831505006233,0.06378837345684342,0.06378843180386431,0.06378849009133404,0.0637885483194608,0.06378860648845196,0.06378866459851422,0.06378872264985339,0.06378878064267453,0.06378883857718191,0.06378889645357894,0.06378895427206849,0.06378901203285259,0.06378906973613217,0.06378912738210785,0.06378918497097914,0.06378924250294521,0.06378929997820412,0.06378935739695331,0.06378941475938961,0.06378947206570867,0.0637895293161059,0.0637895865107754,0.06378964364991124,0.06378970073370631,0.06378975776235299,0.06378981473604269,0.06378987165496629,0.06378992851931391,0.06378998532927478,0.06379004208503769,0.0637900987867907,0.06379015543471978,0.06379021202901448,0.06379026856985835,0.06379032505743723,0.0637903814919354,0.06379043787353655,0.06379049420242411,0.0637905504787803,0.06379060670278688,0.06379066287462483,0.06379071899447464,0.06379077506251586,0.0637908310789276,0.06379088704388787,0.063790942957575,0.06379099882016577,0.06379105463183649,0.06379111039276306,0.06379116610312018,0.06379122176308236,0.06379127737282358,0.06379133293251667,0.06379138844233412,0.06379144390244781,0.06379149931302938,0.06379155467424849,0.06379160998627552,0.06379166524927972,0.06379172046342978,0.06379177562889365,0.06379183074583877,0.06379188581443196,0.06379194083483934,0.06379199580722646,0.06379205073175831,0.06379210560859916,0.06379216043791273,0.06379221521986221,0.06379226995460997,0.0637923246423181,0.06379237928314774,0.06379243387725969,0.06379248842481448,0.06379254292597086,0.06379259738088809,0.06379265178972458,0.06379270615263823,0.06379276046978592,0.06379281474132445,0.06379286896741027,0.06379292314819837,0.06379297728384434,0.06379303137450092,0.06379308542032282,0.06379313942146309,0.0637931933780745,0.06379324729030908,0.06379330115831837,0.06379335498225307,0.06379340876226405,0.06379346249850053,0.06379351619111243,0.06379356984024832,0.06379362344605635,0.06379367700868413,0.06379373052827894,0.06379378400498721,0.06379383743895489,0.06379389083032756,0.0637939441792503,0.0637939974858675,0.06379405075032317,0.06379410397276063,0.06379415715332276,0.06379421029215195,0.06379426338939002,0.06379431644517825,0.0637943694596574,0.06379442243296767,0.06379447536525004,0.06379452825664171,0.06379458110728237,0.06379463391731041,0.06379468668686482,0.06379473941608031,0.06379479210509487,0.06379484475404465,0.06379489736306553,0.06379494993229279,0.06379500246186119,0.06379505495190492,0.06379510740255806,0.06379515981395353,0.06379521218622417,0.06379526451950265,0.06379531681392175,0.06379536906961086,0.06379542128670182,0.06379547346532509,0.06379552560561116,0.06379557770768902,0.06379562977168708,0.06379568179773454,0.06379573378595921,0.06379578573648931,0.06379583764945167,0.06379588952497321,0.06379594136317976,0.06379599316419741,0.06379604492815,0.06379609665516522,0.06379614834536619,0.06379619999887692,0.06379625161582124,0.06379630319632151,0.06379635474050088,0.0637964062484816,0.06379645772038577,0.06379650915633374,0.06379656055644707,0.06379661192084621,0.06379666324965108,0.06379671454298137,0.06379676580095668,0.06379681702369384,0.06379686821131368,0.06379691936393309,0.06379697048166909,0.06379702156463947,0.06379707261296048,0.06379712362674775,0.06379717460611885,0.06379722555118751,0.06379727646206909,0.06379732733887832,0.06379737818172931,0.06379742899073583,0.06379747976601115,0.06379753050766823,0.06379758121581948,0.06379763189057712,0.06379768253205276,0.06379773314035783,0.06379778371560384,0.06379783425790006,0.06379788476735716,0.06379793524408496,0.0637979856881928,0.06379803609978973,0.06379808647898423,0.06379813682588444,0.06379818714059819,0.06379823742323279,0.06379828767389535,0.06379833789269247,0.06379838807973047,0.06379843823511526,0.06379848835895233,0.06379853845134675,0.06379858851240315,0.06379863854222627,0.06379868854092002,0.0637987385085887,0.0637987884453348,0.06379883835126023,0.0637988882264683,0.06379893807106145,0.06379898788514196,0.06379903766881086,0.06379908742216929,0.0637991371453174,0.0637991868383566,0.06379923650138636,0.06379928613450643,0.06379933573781607,0.06379938531141424,0.06379943485539995,0.06379948436987093,0.06379953385492508,0.06379958331066014,0.06379963273717333,0.06379968213456151,0.0637997315029213,0.06379978084234879,0.06379983015293998,0.06379987943479153,0.06379992868799608,0.06379997791264991,0.06380002710884704,0.06380007627668224,0.06380012541624967,0.06380017452764193,0.06380022361095188,0.06380027266627301,0.06380032169369826,0.06380037069331879,0.06380041966522686,0.06380046860951527,0.06380051752627393,0.06380056641559471,0.0638006152775671,0.0638006641122819,0.06380071291982879,0.06380076170029761,0.0638008104537778,0.06380085918035813,0.06380090788012717,0.06380095655317367,0.06380100519958555,0.06380105381945056,0.06380110241285589,0.06380115097988902,0.06380119952063656,0.06380124803518544,0.06380129652362157,0.06380134498603245,0.06380139342250055,0.06380144183311291,0.06380149021795725,0.06380153857711353,0.06380158691066776,0.06380163521870497,0.06380168350130731,0.0638017317585595,0.06380177999054466,0.06380182819734598,0.06380187637904594,0.06380192453572699,0.0638019726674707,0.06380202077435938,0.06380206885647521,0.06380211691389864,0.06380216494671072,0.06380221295499303,0.06380226093882455,0.06380230889828571,0.0638023568334568,0.06380240474441677,0.06380245263124518,0.0638025004940215,0.0638025483328241,0.06380259614773023,0.06380264393881924,0.06380269170616888,0.06380273944985673,0.06380278716996021,0.06380283486655636,0.06380288253972195,0.06380293018953358,0.06380297781606749,0.06380302541939971,0.06380307299960596,0.06380312055676175,0.06380316809094229,0.06380321560222252,0.06380326309067715,0.0638033105563806,0.06380335799940705,0.06380340541983043,0.06380345281772441,0.06380350019316239,0.06380354754621748,0.06380359487696265,0.06380364218547041,0.06380368947181331,0.06380373673606335,0.06380378397829253,0.06380383119857275,0.06380387839697475,0.06380392557357001,0.06380397272842944,0.0638040198616236,0.06380406697322297,0.0638041140632977,0.06380416113191768,0.06380420817915267,0.06380425520507195,0.06380430220974487,0.06380434919324027,0.06380439615562697,0.06380444309697335,0.06380449001734784,0.06380453691681809,0.06380458379545204,0.06380463065331725,0.06380467749048095,0.06380472430701038,0.06380477110297222,0.06380481787843309,0.06380486463345929,0.06380491136811711,0.06380495808247255,0.06380500477659097,0.06380505145053805,0.06380509810437895,0.06380514473817879,0.06380519135200227,0.06380523794591393,0.06380528451997812,0.06380533107425897,0.06380537760882027,0.06380542412372572,0.06380547061903884,0.06380551709482268,0.06380556355114045,0.06380560998805454,0.06380565640562821,0.06380570280392309,0.06380574918300219,0.06380579554292684,0.06380584188375908,0.06380588820556003,0.06380593450839134,0.06380598079231402,0.06380602705738887,0.06380607330367642,0.06380611953123762,0.06380616574013222,0.06380621193042106,0.06380625810216291,0.0638063042554178,0.06380635039024524,0.0638063965067043,0.06380644260485419,0.06380648868475354,0.06380653474646113,0.06380658079003536,0.06380662681553437,0.06380667282301619,0.06380671881253859,0.06380676478415907,0.06380681073793518,0.06380685667392436,0.06380690259218379,0.06380694849276969,0.06380699437573865,0.06380704024114749,0.06380708608905379,0.06380713191951107,0.06380717773257645,0.06380722352830484,0.06380726930675211,0.06380731506797292,0.06380736081202411,0.06380740653895961,0.06380745224883409,0.06380749794170226,0.06380754361761841,0.06380758927663722,0.06380763491881147,0.06380768054419535,0.0638077261528425,0.06380777174480533,0.06380781732013797,0.06380786287889371,0.06380790842112506,0.06380795394688495,0.06380799945622648,0.06380804494920186,0.06380809042586502,0.0638081358862659,0.06380818133045782,0.0638082267584905,0.06380827217041533,0.06380831756628398,0.06380836294614749,0.06380840831005677,0.06380845365806251,0.0638084989902154,0.0638085443065659,0.06380858960716375,0.06380863489205914,0.06380868016130269,0.06380872541494326,0.06380877065303082,0.06380881587561309,0.06380886108274264,0.0638089062744658,0.0638089514508323,0.0638089966118922,0.0638090417576928,0.0638090868882825,0.06380913200370954,0.06380917710402213,0.06380922218926614,0.06380926725949296,0.06380931231474832,0.06380935735507962,0.06380940238053404,0.06380944739115874,0.06380949238700057,0.06380953736810628,0.0638095823345225,0.06380962728629565,0.06380967222347197,0.0638097171460979,0.06380976205421908,0.06380980694788145,0.06380985182713066,0.063809896692012,0.06380994154257114,0.06380998637885295,0.06381003120090212,0.06381007600876396,0.0638101208024839,0.06381016558210585,0.06381021034767347,0.06381025509923187,0.06381029983682503,0.06381034456049717,0.06381038927029184,0.06381043396625133,0.06381047864842194,0.06381052331684642,0.06381056797156714,0.06381061261262691,0.06381065724006867,0.06381070185393622,0.06381074645427175,0.06381079104111743,0.06381083561451605,0.06381088017450966,0.06381092472114008,0.06381096925444972,0.06381101377447984,0.06381105828127265,0.06381110277486936,0.06381114725531127,0.0638111917226395,0.06381123617689531,0.06381128061811965,0.06381132504635337,0.06381136946163728,0.06381141386401146,0.06381145825351651,0.06381150263019295,0.0638115469940805,0.06381159134522056,0.06381163568365096,0.06381168000941195,0.06381172432254346,0.06381176862308491,0.06381181291107503,0.06381185718655408,0.06381190144955984,0.06381194570013274,0.06381198993831225,0.0638120341641341,0.06381207837763848,0.06381212257886355,0.06381216676784736,0.06381221094462843,0.06381225510924457,0.06381229926173397,0.06381234340213399,0.06381238753048228,0.06381243164681648,0.06381247575117395,0.06381251984359186,0.06381256392410757,0.0638126079927578,0.06381265204957944,0.06381269609460936,0.06381274012788417,0.06381278414944014,0.06381282815931488,0.06381287215754242,0.0638129161441603,0.06381296011920429,0.06381300408271089,0.0638130480347145,0.06381309197525163,0.06381313590435753,0.06381317982206784,0.06381322372841768,0.06381326762344235,0.06381331150717699,0.06381335537965621,0.06381339924091486,0.06381344309098697,0.06381348692990846,0.06381353075771348,0.06381357457443541,0.06381361838010943,0.06381366217476989,0.06381370595845039,0.06381374973118457,0.06381379349300656,0.06381383724395105,0.0638138809840493,0.0638139247133374,0.06381396843184411,0.0638140121396068,0.06381405583665739,0.06381409952302886,0.06381414319875402,0.06381418686386486,0.06381423051839565,0.06381427416237814,0.06381431779584479,0.06381436141882786,0.06381440503135961,0.06381444863347216,0.06381449222519663,0.06381453580656594,0.06381457937761266,0.06381462293836727,0.06381466648886494,0.06381471002913029,0.06381475355919833,0.06381479707910066,0.06381484058886744,0.06381488408853148,0.06381492757812116,0.06381497105767048,0.06381501452720814,0.0638150579867633,0.06381510143636819,0.06381514487605316,0.0638151883058482,0.06381523172578422,0.06381527513589146,0.06381531853619835,0.06381536192673663,0.06381540530753572,0.06381544867862522,0.06381549204003416,0.06381553539179248,0.06381557873392947,0.06381562206647472,0.06381566538945824,0.06381570870290747,0.06381575200685224,0.06381579530132145,0.06381583858634174,0.06381588186194392,0.06381592512815885,0.06381596838501329,0.06381601163253503,0.06381605487075322,0.06381609809969555,0.06381614131939324,0.06381618452986611,0.06381622773115032,0.06381627092327045,0.06381631410625473,0.0638163572801312,0.06381640044492697,0.06381644360066902,0.06381648674738617,0.063816529885107,0.06381657301385672,0.06381661613366102,0.06381665924454577,0.06381670234654363,0.06381674543967937,0.06381678852397787,0.06381683159946709,0.06381687466617345,0.06381691772412354,0.0638169607733441,0.06381700381386071,0.06381704684570005,0.06381708986888825,0.06381713288345123,0.06381717588941538,0.06381721888680607,0.06381726187564969,0.06381730485597176,0.06381734782779927,0.06381739079115287,0.06381743374606376,0.06381747669255522,0.06381751963065209,0.06381756256038021,0.06381760548176459,0.06381764839483013,0.0638176912996047,0.06381773419610748,0.06381777708436615,0.06381781996440546,0.06381786283625002,0.06381790569992402,0.06381794855545272,0.06381799140286014,0.06381803424217018,0.0638180770734077,0.06381811989659641,0.0638181627117606,0.06381820551892438,0.0638182483181115,0.06381829110934613,0.06381833389265117,0.06381837666805032,0.06381841943557169,0.06381846219523084,0.06381850494705556,0.0638185476910677,0.06381859042729275,0.0638186331557528,0.06381867587647097,0.06381871858947032,0.0638187612947738,0.06381880399240443,0.06381884668238497,0.06381888936473802,0.06381893203948645,0.0638189747066526,0.06381901736625918,0.06381906001832915,0.06381910266288378,0.06381914529994608,0.06381918792953786,0.0638192305516833,0.06381927316640087,0.06381931577371439,0.06381935837364483,0.06381940096621593,0.06381944355144932,0.0638194861293651,0.06381952869998675,0.06381957126333386,0.06381961381943041,0.06381965636829634,0.06381969890995204,0.06381974144442042,0.0638197839717207,0.06381982649187512,0.06381986900490486,0.06381991151082984,0.0638199540096732,0.0638199965014549,0.06382003898619562,0.06382008146391584,0.06382012393463637,0.06382016639837863,0.06382020885516157,0.06382025130500632,0.0638202937479348,0.0638203361839643,0.0638203786131166,0.06382042103541105,0.06382046345086939,0.06382050585951086,0.06382054826135554,0.06382059065642308,0.0638206330447334,0.06382067542630655,0.06382071780116207,0.0638207601693152,0.06382080253079428,0.06382084488561447,0.06382088723379518,0.06382092957535586,0.06382097191031527,0.0638210142386937,0.06382105656050988,0.06382109887578281,0.06382114118453176,0.06382118348677557,0.06382122578253331,0.0638212680718238,0.06382131035466583,0.06382135263107787,0.06382139490107917,0.06382143716468817,0.06382147942192339,0.06382152167280324,0.06382156391734742,0.06382160615557217,0.06382164838749675,0.06382169061313972,0.06382173283251903,0.06382177504565291,0.06382181725255918,0.06382185945325607,0.06382190164776151,0.06382194383609344,0.0638219860182698,0.06382202819430824,0.06382207036422648,0.06382211252804214,0.06382215468577267,0.06382219683743616,0.06382223898304983,0.06382228112263123,0.06382232325619766,0.0638223653837664,0.06382240750535456,0.06382244962097955,0.06382249173065857,0.06382253383440856,0.06382257593224343,0.06382261802418619,0.06382266011025124,0.06382270219045506,0.0638227442648145,0.06382278633334633,0.06382282839606727,0.06382287045299408,0.0638229125041433,0.06382295454953142,0.06382299658917491,0.06382303862309002,0.06382308065129316,0.06382312267380111,0.06382316469062949,0.06382320670179481,0.06382324870731328,0.06382329070720114,0.06382333270147429,0.06382337469014873,0.0638234166732399,0.06382345865076468,0.06382350062273827,0.06382354258917673,0.06382358455009572,0.06382362650551056,0.06382366845543741,0.0638237103998913,0.06382375233888819,0.0638237942724437,0.06382383620057291,0.06382387812329135,0.06382392004061446,0.06382396195255738,0.06382400385913535,0.06382404576036367,0.06382408765625727,0.06382412954683102,0.06382417143210045,0.06382421331208034,0.06382425518678554,0.06382429705623091,0.06382433892043135,0.06382438077940161,0.06382442263315648,0.0638244644817105,0.06382450632507844,0.06382454816327485,0.06382458999631399,0.06382463182421096,0.06382467364697976,0.06382471546463488,0.06382475727719043,0.0638247990846612,0.0638248408870612,0.06382488268440457,0.06382492447670558,0.06382496626397831,0.06382500804623652,0.06382504982349449,0.06382509159576655,0.06382513336306656,0.06382517512540775,0.06382521688280454,0.06382525863527046,0.06382530038281932,0.06382534212546481,0.06382538386322084,0.06382542559610055,0.06382546732411815,0.06382550904728605,0.06382555076561884,0.06382559247912939,0.063825634187831,0.0638256758917375,0.06382571759086193,0.06382575928521754,0.06382580097481728,0.06382584265967362,0.0638258843398018,0.06382592601521346,0.06382596768592207,0.0638260093519404,0.06382605101328141,0.06382609266995846,0.06382613432198384,0.06382617596937054,0.06382621761213139,0.0638262592502792,0.06382630088382679,0.06382634251278646,0.06382638413717087,0.06382642575699306,0.0638264673722651,0.06382650898299948,0.0638265505892091,0.06382659219090599,0.06382663378810327,0.06382667538081255,0.06382671696904714,0.06382675855281687,0.06382680013213524,0.06382684170701451,0.06382688327746709,0.06382692484350436,0.06382696640513913,0.06382700796238314,0.0638270495152481,0.06382709106374651,0.06382713260789014,0.06382717414769057,0.0638272156831596,0.06382725721430926,0.06382729874115108,0.06382734026369674,0.06382738178195804,0.06382742329594643,0.06382746480567349,0.0638275063111509,0.06382754781239017,0.06382758930940255,0.0638276308021997,0.06382767229079302,0.06382771377519376,0.06382775525541323,0.06382779673146266,0.06382783820335348,0.06382787967109686,0.06382792113470392,0.06382796259418579,0.06382800404955344,0.0638280455008183,0.06382808694799075,0.06382812839108121,0.06382816983010278,0.06382821126506363,0.06382825269597774,0.06382829412285443,0.0638283355457045,0.06382837696453912,0.06382841837936781,0.06382845979020206,0.06382850119705358,0.0638285425999315,0.06382858399884661,0.06382862539381076,0.06382866678483348,0.06382870817192411,0.06382874955509506,0.06382879093435521,0.06382883230971663,0.06382887368118886,0.06382891504878115,0.06382895641250531,0.0638289977723719,0.06382903912839007,0.06382908048057061,0.06382912182892365,0.06382916317345909,0.06382920451418604,0.06382924585111645,0.0638292871842596,0.06382932851362536,0.06382936983922399,0.06382941116106472,0.06382945247915757,0.06382949379351276,0.06382953510413773,0.06382957641104683,0.06382961771424714,0.06382965901374674,0.06382970030955903,0.06382974160169223,0.06382978289015617,0.06382982417495976,0.0638298654561111,0.06382990673362304,0.06382994800750377,0.06382998927776229,0.06383003054440839,0.06383007180744965,0.0638301130668982,0.06383015432276323,0.06383019557505303,0.06383023682377709,0.06383027806894473,0.06383031931056521,0.06383036054864766,0.06383040178320128,0.06383044301423521,0.06383048424175859,0.06383052546578047,0.06383056668630999,0.06383060790335605,0.06383064911692776,0.06383069032703752,0.06383073153368696,0.06383077273688927,0.0638308139366528,0.0638308551329866,0.0638308963258993,0.06383093751539805,0.06383097870149473,0.06383101988419679,0.0638310610635129,0.06383110223945186,0.06383114341202212,0.06383118458122972,0.06383122574708854,0.06383126690960415,0.0638313080687857,0.06383134922464145,0.06383139037717955,0.06383143152640913,0.06383147267233845,0.06383151381497515,0.0638315549543284,0.06383159609040609,0.06383163722321691,0.06383167835276893,0.06383171947907086,0.06383176060213007,0.06383180172195611,0.06383184283855582,0.06383188395193828,0.06383192506211069,0.06383196616908161,0.06383200727285496,0.06383204837344723,0.06383208947086183,0.06383213056510754,0.06383217165619202,0.06383221274412304,0.06383225382890848,0.06383229491055642,0.06383233598907499,0.0638323770644716,0.06383241813675332,0.06383245920592963,0.06383250027200742,0.0638325413349945,0.06383258239489856,0.06383262345172735,0.06383266450548859,0.06383270555618963,0.06383274660383495,0.0638327876484425,0.06383282869000945,0.06383286972854642,0.06383291076406186,0.06383295179656225,0.06383299282604933,0.06383303385254253,0.06383307487604369,0.06383311589655966,0.06383315691409859,0.06383319792866696,0.06383323894027246,0.06383327994892254,0.06383332095462435,0.06383336195738512,0.06383340295721203,0.06383344395411221,0.06383348494809316,0.06383352593916178,0.06383356692732534,0.06383360791259074,0.06383364889496523,0.06383368987445566,0.06383373085106926,0.06383377182481345,0.06383381279569479,0.06383385376372033,0.06383389472889701,0.06383393569123179,0.0638339766507316,0.0638340176074032,0.06383405856125353,0.06383409951228998,0.06383414046051825,0.06383418140594561,0.06383422234857902,0.06383426328842513,0.06383430422549066,0.06383434515978233,0.06383438609130686,0.06383442702007076,0.06383446794608075,0.06383450886934364,0.06383454978986591,0.06383459070765406,0.06383463162271476,0.0638346725350545,0.06383471344467977,0.06383475435159697,0.06383479525581316,0.06383483615733392,0.06383487705616607,0.06383491795231644,0.06383495884579046,0.06383499973659516,0.06383504062473741,0.06383508151022682,0.06383512239306166,0.06383516327325345,0.06383520415080612,0.06383524502572667,0.06383528589802223,0.06383532676769875,0.0638353676347622,0.06383540849921816,0.0638354493610736,0.06383549022033519,0.06383553107700826,0.06383557193109843,0.06383561278261259,0.06383565363155592,0.06383569447793493,0.06383573532175613,0.06383577616302454,0.06383581700174819,0.06383585783792989,0.0638358986715784,0.0638359395026967,0.063835980331293,0.06383602115737233,0.06383606198094022,0.06383610280199756,0.06383614362056195,0.06383618443662877,0.06383622525020505,0.06383626606130552,0.06383630686992987,0.06383634767608344,0.06383638847977209,0.06383642928100165,0.06383647007977429,0.06383651087610259,0.06383655166998577,0.0638365924614289,0.06383663325044747,0.06383667403704077,0.06383671482120903,0.06383675560296835,0.06383679638231873,0.0638368371592628,0.06383687793380736,0.06383691870596049,0.06383695947572614,0.06383700024311932,0.06383704100813299,0.06383708177077531,0.06383712253104738,0.06383716328896467,0.06383720404452183,0.0638372447977308,0.06383728554859971,0.06383732629712421,0.06383736704331575,0.06383740778718494,0.06383744852872573,0.06383748926795436,0.06383753000486607,0.06383757073947433,0.0638376114717795,0.06383765220178897,0.06383769292950547,0.06383773365493621,0.06383777437808555,0.06383781509895864,0.06383785581756049,0.06383789653389556,0.06383793724796945,0.06383797795978707,0.0638380186693534,0.06383805937667443,0.06383810008175293,0.06383814078459273,0.06383818148520369,0.06383822218358834,0.06383826287975126,0.06383830357369762,0.06383834426543217,0.06383838495495978,0.06383842564228549,0.06383846632741372,0.06383850701034982,0.06383854769109795,0.06383858836966302,0.06383862904605035,0.06383866972026518,0.0638387103923104,0.06383875106219182,0.06383879172991587,0.06383883239548388,0.06383887305890186,0.0638389137201732,0.06383895437930541,0.06383899503630236,0.0638390356911673,0.0638390763439083,0.06383911699452767,0.06383915764302933,0.063839198289416,0.06383923893369417,0.06383927957586864,0.06383932021594374,0.06383936085392068,0.06383940148981058,0.06383944212361459,0.06383948275533684,0.06383952338498254,0.06383956401255596,0.06383960463805802,0.0638396452614995,0.06383968588288179,0.06383972650220415,0.0638397671194773,0.0638398077347077,0.06383984834789584,0.06383988895904734,0.0638399295681649,0.06383997017525346,0.06384001078031837,0.06384005138336205,0.06384009198439024,0.06384013258340561,0.06384017318041378,0.06384021377541828,0.06384025436842311,0.06384029495943336,0.06384033554845132,0.06384037613548331,0.06384041672053219,0.06384045730360306,0.0638404978846988,0.06384053846382519,0.06384057904098417,0.06384061961618244,0.06384066018942114,0.06384070076070571,0.06384074133003964,0.06384078189742678,0.063840822462873,0.06384086302638135,0.06384090358795448,0.06384094414759993,0.06384098470531746,0.06384102526111271,0.06384106581498844,0.06384110636695119,0.06384114691700384,0.06384118746514923,0.06384122801139225,0.06384126855573594,0.0638413090981852,0.0638413496387432,0.06384139017741389,0.06384143071420131,0.06384147124910865,0.06384151178214004,0.06384155231329808,0.06384159284258932,0.06384163337001664,0.0638416738955819,0.06384171441929001,0.06384175494114544,0.06384179546115082,0.06384183597931009,0.06384187649562513,0.06384191701010328,0.06384195752274638,0.06384199803355758,0.06384203854254276,0.06384207904970285,0.06384211955504253,0.06384216005856529,0.06384220056027654,0.06384224106017626,0.06384228155826972,0.0638423220545609,0.0638423625490532,0.06384240304174957,0.06384244353265471,0.06384248402177009,0.06384252450910102,0.06384256499464924,0.06384260547842426,0.06384264596042233,0.06384268644065008,0.06384272691910829,0.06384276739580307,0.06384280787073641,0.06384284834391218,0.06384288881533234,0.06384292928500346,0.06384296975292768,0.0638430102191086,0.06384305068354833,0.0638430911462495,0.0638431316072197,0.06384317206646312,0.06384321252397436,0.06384325297976114,0.06384329343382743,0.06384333388617836,0.06384337433681402,0.06384341478573906,0.06384345523296171,0.063843495678474,0.063843536122286,0.0638435765644004,0.06384361700481964,0.06384365744354822,0.06384369788058813,0.06384373831594242,0.06384377874961678,0.06384381918161079,0.06384385961192984,0.06384390004057611,0.06384394046755307,0.06384398089286376,0.06384402131651139,0.06384406173849896,0.06384410215883086,0.0638441425775039,0.0638441829945314,0.06384422340990872,0.06384426382364243,0.06384430423573453,0.06384434464618938,0.06384438505500745,0.06384442546219282,0.06384446586774865,0.06384450627167775,0.06384454667398252,0.0638445870746675,0.06384462747373479,0.06384466787118741,0.06384470826702757,0.06384474866126011,0.06384478905388659,0.06384482944490963,0.06384486983433488,0.06384491022216056,0.06384495060839215,0.06384499099303391,0.06384503137608533,0.06384507175755101,0.06384511213743393,0.06384515251573658,0.06384519289246221,0.06384523326761346,0.06384527364119297,0.0638453140132038,0.06384535438364904,0.0638453947525303,0.0638454351198513,0.06384547548561527,0.06384551584982404,0.06384555621247953,0.06384559657358702,0.06384563693314796,0.06384567729116604,0.0638457176476436,0.06384575800258036,0.06384579835598077,0.06384583870785009,0.06384587905818817,0.06384591940699803,0.06384595975428387,0.06384600010004692,0.0638460404442868,0.06384608078701177,0.06384612112822277,0.0638461614679217,0.06384620180611109,0.06384624214279391,0.06384628247797489,0.06384632281165245,0.0638463631438308,0.06384640347451327,0.06384644380370165,0.06384648413139875,0.06384652445760726,0.06384656478232952,0.0638466051055682,0.06384664542732586,0.06384668574760478,0.06384672606640776,0.06384676638373692,0.0638468066995957,0.06384684701398441,0.06384688732691385,0.06384692763837332,0.06384696794837218,0.06384700825691213,0.0638470485639963,0.06384708886962602,0.06384712917380432,0.06384716947653357,0.0638472097778162,0.06384725007765471,0.06384729037605091,0.06384733067300806,0.06384737096853306,0.0638474112626187,0.06384745155527208,0.06384749184649562,0.06384753213629067,0.06384757242466185,0.063847612711609,0.06384765299713592,0.06384769328124443,0.06384773356393719,0.06384777384521631,0.06384781412508268,0.06384785440354145,0.06384789468059343,0.06384793495624046,0.06384797523048577,0.06384801550333118,0.06384805577477884,0.06384809604483277,0.06384813631349452,0.0638481765807626,0.06384821684664244,0.06384825711113537,0.06384829737424368,0.06384833763596887,0.06384837789631541,0.0638484181552836,0.0638484584128776,0.06384849866909763,0.06384853892394693,0.06384857917742809,0.06384861942954208,0.06384865968029084,0.06384869992967863,0.06384874017770444,0.06384878042437193,0.0638488206696833,0.06384886091364189,0.06384890115624729,0.06384894139750145,0.06384898163740778,0.06384902187597018,0.06384906211318649,0.06384910234906307,0.06384914258359908,0.06384918281679783,0.06384922304866124,0.06384926327919162,0.06384930350839187,0.06384934373626203,0.06384938396280487,0.06384942418802272,0.06384946441191776,0.06384950463449245,0.06384954485574805,0.06384958507568692,0.06384962529431044,0.06384966551162011,0.06384970572761851,0.06384974594230787,0.06384978615569092,0.06384982636776783,0.06384986657854154,0.06384990678801461,0.06384994699618897,0.0638499872030659,0.06385002740864593,0.06385006761293326,0.06385010781592877,0.06385014801763568,0.06385018821805391,0.06385022841718646,0.06385026861503551,0.06385030881160077,0.06385034900688824,0.06385038920089557,0.0638504293936314,0.06385046958508707,0.06385050977527026,0.06385054996418184,0.06385059015182476,0.06385063033820042,0.06385067052330876,0.06385071070716153,0.06385075088974845,0.06385079107107396,0.06385083125114753,0.06385087142995943,0.06385091160751642,0.06385095178381985,0.06385099195887355,0.06385103213267755,0.0638510723052335,0.06385111247654426,0.06385115264661552,0.06385119281543988,0.06385123298302361,0.06385127314936939,0.06385131331448324,0.06385135347835624,0.06385139364099672,0.06385143380240954,0.06385147396259061,0.06385151412154125,0.06385155427926538,0.06385159443576484,0.06385163459104132,0.06385167474509748,0.06385171489793341,0.06385175504955051,0.06385179519995166,0.06385183534913909,0.06385187549711296,0.06385191564387663,0.063851955789429,0.06385199593377788,0.06385203607691309,0.0638520762188454,0.06385211635957594,0.06385215649910429,0.06385219663743293,0.06385223677456348,0.06385227691049768,0.06385231704523604,0.06385235717878206,0.06385239731113561,0.0638524374422996,0.06385247757227618,0.0638525177010642,0.06385255782866672,0.06385259795508555,0.06385263808032693,0.06385267820438746,0.0638527183272636,0.06385275844896035,0.06385279856948368,0.06385283868883145,0.06385287880700695,0.06385291892401058,0.06385295903984506,0.06385299915451138,0.06385303926801,0.06385307938034208,0.0638531194915125,0.06385315960152027,0.06385319971036887,0.06385323981805428,0.06385327992458938,0.06385332002996248,0.06385336013417936,0.06385340023724514,0.06385344033915945,0.06385348043992224,0.06385352053953654,0.0638535606380037,0.06385360073532487,0.0638536408315008,0.0638536809265332,0.06385372102043274,0.06385376111318389,0.06385380120478519,0.06385384129526028,0.0638538813846011,0.06385392147280286,0.06385396155987498,0.06385400164581456,0.06385404173062562,0.06385408181430631,0.06385412189685964,0.06385416197828762,0.06385420205859237,0.0638542421377719,0.06385428221582885,0.06385432229276636,0.06385436236858358,0.06385440244328419,0.06385444251687043,0.06385448258934545,0.0638545226606998,0.06385456273094217,0.06385460280008048,0.06385464286810262,0.06385468293501687,0.063854723000823,0.06385476306552178,0.06385480312911858,0.06385484319161229,0.06385488325300535,0.06385492331329665,0.06385496337248957,0.0638550034305842,0.06385504348758275,0.06385508354348506,0.06385512359828867,0.06385516365200379,0.06385520370462927,0.06385524375616425,0.06385528380661096,0.06385532385597033,0.06385536390424326,0.06385540395142879,0.06385544399753298,0.06385548404255505,0.063855524086496,0.063855564129357,0.06385560417113899,0.06385564421184353,0.06385568425147188,0.06385572429002526,0.06385576432750491,0.06385580436391194,0.06385584439924806,0.06385588443351387,0.06385592446671076,0.06385596449883994,0.06385600452990345,0.06385604455990139,0.06385608458883449,0.0638561246167047,0.0638561646435136,0.06385620466926255,0.06385624469395244,0.06385628471758466,0.06385632474015862,0.06385636476167687,0.0638564047821408,0.06385644480155092,0.06385648481990942,0.0638565248372167,0.06385656485347373,0.06385660486868235,0.06385664488284293,0.06385668489595639,0.06385672490802606,0.06385676491905169,0.06385680492903353,0.06385684493796677,0.06385688494586993,0.06385692495272384,0.06385696495854443,0.06385700496333614,0.06385704496708214,0.06385708496979395,0.06385712497147168,0.06385716497211906,0.06385720497173099,0.06385724497031427,0.06385728496786651,0.06385732496439055,0.06385736495988661,0.06385740495435552,0.06385744494780074,0.06385748494022028,0.0638575249316177,0.06385756492199167,0.06385760491134514,0.0638576448996784,0.06385768488698927,0.06385772487328628,0.06385776485856559,0.0638578048428296,0.06385784482607927,0.06385788480831428,0.0638579247895342,0.06385796476974515,0.06385800474894457,0.06385804472713447,0.06385808470431513,0.06385812468049068,0.06385816465565734,0.06385820462982089,0.06385824460297851,0.06385828457513264,0.06385832454628422,0.06385836451643337,0.06385840448558298,0.0638584444537329,0.0638584844208847,0.06385852438703879,0.06385856435219654,0.06385860431635894,0.06385864427952659,0.06385868424170064,0.06385872420288283,0.0638587641630666,0.06385880412226544,0.06385884408047512,0.06385888403769534,0.06385892399392731,0.06385896394917494,0.06385900390343542,0.06385904385671348,0.06385908380900558,0.06385912376031481,0.0638591637106443,0.06385920365999,0.0638592436083554,0.06385928355574254,0.06385932350214876,0.0638593634475805,0.06385940339203404,0.06385944333551255,0.06385948327801716,0.06385952321954959,0.06385956316011267,0.06385960309969836,0.06385964303831272,0.0638596829759584,0.06385972291263335,0.06385976284834625,0.06385980278308635,0.06385984271686142,0.06385988264966103,0.06385992258150475,0.06385996251238457,0.06386000244230171,0.06386004237125698,0.06386008229925508,0.06386012222628723,0.06386016215236624,0.06386020207748201,0.06386024200164042,0.06386028192483593,0.06386032184707713,0.0638603617683676,0.0638604016887068,0.06386044160808738,0.06386048152652259,0.06386052144400389,0.06386056136053152,0.06386060127610975,0.06386064119073313,0.06386068110441764,0.06386072101715332,0.06386076092893478,0.06386080083977871,0.0638608407496772,0.06386088065862959,0.06386092056664143,0.06386096047370804,0.06386100037983301,0.06386104028501759,0.06386108018926161,0.06386112009256514,0.06386115999493182,0.06386119989636087,0.06386123979685504,0.0638612796964118,0.06386131959503313,0.06386135949272027,0.06386139938947348,0.06386143928529381,0.06386147918018255,0.06386151907414012,0.06386155896716737,0.0638615988592649,0.06386163875043126,0.06386167864067178,0.06386171852998539,0.06386175841837209,0.06386179830583263,0.06386183819237018,0.06386187807797981,0.06386191796266964,0.06386195784643443,0.0638619977292775,0.06386203761119563,0.06386207749219819,0.0638621173722807,0.06386215725144469,0.06386219712968873,0.06386223700701636,0.06386227688342885,0.06386231675892372,0.06386235663350522,0.06386239650717164,0.0638624363799243,0.06386247625176156,0.06386251612268927,0.06386255599270485,0.0638625958618138,0.06386263573000854,0.06386267559729356,0.06386271546366683,0.06386275532913274,0.06386279519369412,0.06386283505734898,0.06386287492009546,0.06386291478193709,0.06386295464287614,0.06386299450291275,0.06386303436204288,0.0638630742202704,0.06386311407760296,0.0638631539340213,0.06386319378955367,0.0638632336441821,0.06386327349791296,0.06386331335074566,0.06386335320267701,0.0638633930537139,0.06386343290385499,0.06386347275309856,0.06386351260144665,0.06386355244890367,0.06386359229546616,0.06386363214113512,0.06386367198591768,0.06386371182980514,0.06386375167280176,0.06386379151490848,0.06386383135612647,0.06386387119645633,0.06386391103589488,0.06386395087444707,0.06386399071211332,0.06386403054889268,0.06386407038478345,0.06386411021979299,0.06386415005391857,0.06386418988715999,0.0638642297195192,0.0638642695509951,0.06386430938159043,0.06386434921129844,0.06386438904013235,0.06386442886808723,0.06386446869516238,0.06386450852135904,0.06386454834667561,0.06386458817111608,0.0638646279946809,0.06386466781736751,0.06386470763918109,0.06386474746011965,0.0638647872801842,0.06386482709937694,0.06386486691769463,0.06386490673514053,0.06386494655171476,0.06386498636741626,0.06386502618224872,0.0638650659962114,0.06386510580930481,0.06386514562152933,0.06386518543288584,0.06386522524337535,0.06386526505299743,0.06386530486175288,0.06386534466964272,0.06386538447666751,0.06386542428282779,0.06386546408812407,0.06386550389255682,0.06386554369612484,0.06386558349883252,0.06386562330067906,0.06386566310166403,0.06386570290178849,0.063865742701053,0.0638657824994579,0.06386582229700524,0.06386586209369279,0.0638659018895186,0.06386594168449176,0.06386598147860952,0.06386602127187006,0.06386606106427616,0.06386610085582646,0.06386614064652228,0.0638661804363644,0.06386622022535289,0.06386626001348875,0.06386629980077368,0.06386633958720743,0.06386637937278859,0.0638664191575193,0.06386645894139392,0.06386649872442535,0.06386653850660781,0.06386657828794205,0.06386661806842861,0.06386665784806889,0.06386669762686116,0.06386673740480715,0.06386677718190745,0.06386681695816195,0.0638668567335669,0.06386689650813322,0.06386693628185594,0.06386697605473601,0.06386701582677304,0.06386705559796887,0.06386709536831622,0.06386713513782927,0.06386717490650153,0.06386721467433294,0.06386725444132545,0.06386729420747896,0.06386733397279393,0.06386737373727046,0.06386741350091024,0.06386745326371278,0.0638674930256785,0.06386753278680865,0.06386757254710337,0.06386761230656236,0.06386765206518744,0.06386769182297868,0.06386773157993637,0.06386777133606107,0.06386781109135337,0.06386785084581335,0.06386789059944217,0.06386793035223971,0.06386797010420672,0.06386800985534351,0.06386804960565351,0.06386808935513327,0.06386812910378274,0.06386816885160285,0.06386820859859661,0.06386824834476483,0.06386828809010435,0.06386832783461745,0.06386836757830439,0.06386840732116646,0.06386844706320362,0.06386848680441647,0.0638685265448053,0.06386856628437046,0.06386860602311305,0.06386864576102812,0.06386868549812366,0.06386872523439949,0.06386876496985519,0.0638688047044887,0.06386884443830149,0.06386888417129531,0.06386892390346975,0.0638689636348255,0.06386900336536247,0.06386904309508123,0.06386908282398232,0.06386912255206564,0.06386916227933298,0.06386920200578076,0.06386924173141598,0.0638692814562324,0.06386932118023773,0.06386936090342729,0.06386940062579968,0.06386944034736218,0.06386948006810957,0.0638695197880409,0.06386955950716491,0.06386959922547707,0.06386963894296387,0.06386967865965258,0.06386971837553117,0.06386975809059976,0.06386979780485923,0.06386983751830629,0.06386987723094814,0.06386991694277996,0.0638699566538035,0.06386999636401841,0.06387003607342678,0.06387007578202786,0.06387011548982303,0.06387015519681218,0.06387019490299925,0.06387023460837656,0.06387027431295085,0.06387031401671756,0.06387035371968151,0.06387039342184433,0.06387043312320397,0.06387047282375635,0.06387051252350677,0.0638705522224573,0.06387059192059617,0.06387063161794167,0.06387067131448734,0.06387071101023667,0.06387075070518074,0.06387079039932736,0.06387083009267593,0.06387086978522465,0.06387090947697383,0.06387094916792556,0.0638709888580795,0.06387102854743679,0.06387106823599648,0.06387110792375959,0.06387114761072629,0.06387118729689809,0.06387122698227378,0.06387126666685268,0.0638713063506384,0.06387134603363082,0.06387138571582825,0.06387142539723047,0.06387146507784196,0.0638715047576601,0.06387154443668137,0.06387158411491498,0.06387162379235775,0.06387166346900855,0.0638717031448702,0.06387174281993885,0.06387178249421892,0.06387182216770783,0.06387186184040446,0.06387190151231453,0.06387194118343581,0.06387198085376986,0.06387202052331507,0.06387206019207217,0.06387209986003754,0.06387213952722037,0.06387217919361668,0.06387221885921841,0.06387225852404041,0.06387229818807937,0.06387233785133192,0.0638723775138006,0.06387241717548418,0.06387245683638815,0.06387249649649696,0.06387253615583341,0.06387257581438248,0.06387261547214883,0.0638726551291332,0.06387269478533493,0.06387273444076333,0.0638727740953985,0.06387281374925705,0.06387285340233298,0.0638728930546291,0.063872932706141,0.06387297235688616,0.06387301200684306,0.06387305165602085,0.06387309130443115,0.06387313095205156,0.06387317059889398,0.06387321024494967,0.06387324989023652,0.06387328953474647,0.06387332917847975,0.06387336882143836,0.06387340846361575,0.06387344810501974,0.06387348774564895,0.06387352738550338,0.06387356702458244,0.06387360666288729,0.06387364630041815,0.0638736859371754,0.06387372557315876,0.06387376520836827,0.06387380484280412,0.06387384447646777,0.06387388410935894,0.06387392374147964,0.0638739633728303,0.06387400300339979,0.06387404263320141,0.06387408226223658,0.06387412189049922,0.06387416151799326,0.06387420114472075,0.06387424077067504,0.06387428039586088,0.06387432002027725,0.06387435964392381,0.06387439926680379,0.06387443888891985,0.06387447851026125,0.0638745181308309,0.06387455775063537,0.0638745973696787,0.063874636987961,0.06387467660547141,0.0638747162222122,0.06387475583818975,0.06387479545340481,0.06387483506784944,0.06387487468152912,0.06387491429444686,0.06387495390660007,0.06387499351798985,0.06387503312861481,0.06387507273847831,0.06387511234757909,0.06387515195591528,0.06387519156348954,0.0638752311703009,0.06387527077635206,0.063875310381641,0.06387534998616609,0.06387538958993223,0.06387542919293913,0.06387546879518412,0.06387550839667072,0.06387554799740006,0.06387558759736435,0.06387562719657175,0.06387566679501994,0.06387570639270665,0.06387574598963747,0.06387578558580648,0.06387582518122054,0.06387586477587677,0.06387590436977467,0.0638759439629167,0.06387598355530134,0.06387602314693354,0.06387606273780434,0.06387610232791784,0.06387614191727872,0.06387618150588041,0.06387622109372953,0.06387626068082339,0.06387630026716515,0.06387633985274899,0.0638763794375763,0.06387641902165435,0.06387645860497843,0.06387649818754941,0.06387653776936486,0.06387657735042734,0.0638766169307356,0.06387665651029306,0.06387669608909875,0.06387673566715106,0.06387677524445276,0.06387681482100822,0.06387685439680783,0.0638768939718562,0.06387693354615204,0.06387697311969937,0.06387701269249828,0.06387705226454672,0.06387709183584417,0.06387713140639226,0.06387717097618383,0.06387721054523453,0.06387725011354006,0.0638772896810931,0.06387732924789782,0.06387736881395491,0.06387740837926419,0.06387744794382602,0.063877487507638,0.0638775270707118,0.06387756663303287,0.06387760619461032,0.06387764575544078,0.0638776853155228,0.06387772487485985,0.06387776443345716,0.06387780399130759,0.06387784354840957,0.06387788310476568,0.06387792266037567,0.06387796221525083,0.06387800176937534,0.06387804132275461,0.06387808087539312,0.0638781204272857,0.06387815997843957,0.06387819952884691,0.06387823907851069,0.06387827862743169,0.06387831817561625,0.06387835772305686,0.06387839726975689,0.06387843681571247,0.06387847636092951,0.06387851590539832,0.06387855544913328,0.06387859499212437,0.06387863453437392,0.06387867407588446,0.06387871361665391,0.06387875315668462,0.06387879269597492,0.0638788322345258,0.06387887177233785,0.06387891130941092,0.06387895084575478,0.06387899038135014,0.06387902991620907,0.06387906945032717,0.06387910898370873,0.06387914851635303,0.06387918804826087,0.06387922757943416,0.06387926710986713,0.06387930663956368,0.0638793461685248,0.0638793856967489,0.06387942522423899,0.06387946475099086,0.06387950427700695,0.06387954380228897,0.0638795833268394,0.06387962285064987,0.06387966237373016,0.06387970189607214,0.06387974141767983,0.06387978093855654,0.06387982045869642,0.0638798599781028,0.0638798994967745,0.06387993901471377,0.06387997853192015,0.06388001804839354,0.06388005756413329,0.06388009707914347,0.06388013659341722,0.06388017610695994,0.06388021561977152,0.06388025513184976,0.0638802946431977,0.06388033415381347,0.06388037366369864,0.06388041317285328,0.0638804526812772,0.06388049218896925,0.0638805316959343,0.06388057120216674,0.06388061070767079,0.06388065021244567,0.06388068971648744,0.0638807292198021,0.06388076872238807,0.06388080822424518,0.06388084772537803,0.06388088722577778,0.06388092672544744,0.06388096622439061,0.06388100572260288,0.06388104522009257,0.06388108471684957,0.06388112421288132,0.06388116370819562,0.06388120320276812,0.06388124269661825,0.0638812821897388,0.06388132168213691,0.06388136117380512,0.06388140066475123,0.06388144015496987,0.0638814796444628,0.06388151913323163,0.06388155862127007,0.06388159810859045,0.06388163759518375,0.06388167708105302,0.06388171656619757,0.06388175605061303,0.06388179553430816,0.0638818350172781,0.0638818744995261,0.06388191398104985,0.06388195346185066,0.06388199294192826,0.06388203242128059,0.06388207189991128,0.0638821113778191,0.06388215085500396,0.06388219033146576,0.06388222980720974,0.06388226928222866,0.06388230875652615,0.06388234823010142,0.06388238770295364,0.06388242717508533,0.06388246664649545,0.06388250611718467,0.06388254558715692,0.06388258505640557,0.06388262452493268,0.06388266399274065,0.06388270345982683,0.06388274292619045,0.06388278239183863,0.0638828218567655,0.06388286132097473,0.06388290078446505,0.06388294024723497,0.06388297970928562,0.06388301917061857,0.06388305863123207,0.0638830980911251,0.06388313755030064,0.0638831770087581,0.06388321646649901,0.06388325592352179,0.06388329537982686,0.06388333483541221,0.06388337429028063,0.06388341374443368,0.063883453197871,0.0638834926505903,0.06388353210259158,0.0638835715538779,0.06388361100445146,0.06388365045430043,0.06388368990343614,0.06388372935186103,0.06388376879956749,0.06388380824655808,0.06388384769283262,0.06388388713839153,0.06388392658323794,0.0638839660273687,0.06388400547078403,0.06388404491348451,0.06388408435547328,0.06388412379674416,0.06388416323730249,0.06388420267714327,0.06388424211626673,0.0638842815546828,0.06388432099238599,0.0638843604293757,0.06388439986564914,0.06388443930121668,0.0638844787360674,0.06388451817020528,0.0638845576036279,0.06388459703634279,0.0638846364683434,0.0638846758996315,0.06388471533020805,0.06388475476007316,0.06388479418922653,0.06388483361766592,0.06388487304539678,0.06388491247241816,0.06388495189872594,0.06388499132432068,0.06388503074920722,0.06388507017338282,0.06388510959684579,0.06388514901959905,0.06388518844164294,0.06388522786297522,0.06388526728360024,0.06388530670351311,0.06388534612271846,0.06388538554121254,0.06388542495900142,0.06388546437608075,0.06388550379244935,0.06388554320810882,0.06388558262305925,0.06388562203730176,0.0638856614508357,0.06388570086366152,0.06388574027577906,0.06388577968718857,0.06388581909789033,0.06388585850788545,0.06388589791717236,0.06388593732575085,0.06388597673362623,0.06388601614078976,0.06388605554725221,0.06388609495300264,0.06388613435804477,0.06388617376238137,0.06388621316601133,0.06388625256893522,0.06388629197115336,0.0638863313726649,0.06388637077347041,0.06388641017357007,0.06388644957296413,0.06388648897165243,0.0638865283696358,0.06388656776691362,0.06388660716348665,0.06388664655935396,0.06388668595451485,0.06388672534897202,0.06388676474272323,0.06388680413577202,0.06388684352811652,0.06388688291975476,0.0638869223106935,0.06388696170092613,0.06388700109045503,0.0638870404792817,0.06388707986740401,0.06388711925481974,0.06388715864153349,0.06388719802754488,0.06388723741285376,0.0638872767974549,0.06388731618135834,0.06388735556455842,0.06388739494705346,0.06388743432884263,0.06388747370993553,0.06388751309032631,0.06388755247001465,0.06388759184900149,0.0638876312272875,0.06388767060487126,0.06388770998175305,0.0638877493579354,0.06388778873341477,0.06388782810819305,0.06388786748226662,0.06388790685564072,0.06388794622831627,0.0638879856002914,0.06388802497156315,0.06388806434213747,0.0638881037120117,0.06388814308118519,0.06388818244966134,0.06388822181743592,0.0638882611845103,0.06388830055088507,0.06388833991655976,0.0638883792815346,0.06388841864581137,0.0638884580093889,0.06388849737226666,0.06388853673444325,0.06388857609592329,0.0638886154567054,0.06388865481678825,0.06388869417616677,0.0638887335348542,0.06388877289284321,0.06388881225013313,0.06388885160672325,0.06388889096261677,0.06388893031781258,0.06388896967230649,0.06388900902610761,0.0638890483792119,0.06388908773161886,0.06388912708332406,0.06388916643433132,0.06388920578464405,0.06388924513426344,0.06388928448318816,0.06388932383141399,0.06388936317894217,0.06388940252577414,0.06388944187190454,0.0638894812173445,0.06388952056208808,0.06388955990613605,0.06388959924948803,0.06388963859213904,0.06388967793410048,0.06388971727536881,0.06388975661593982,0.06388979595581376,0.06388983529499283,0.06388987463347473,0.06388991397126591,0.06388995330836403,0.06388999264476437,0.06389003198046946,0.06389007131547984,0.06389011064979656,0.06389014998341205,0.06389018931634151,0.06389022864857564,0.06389026798011566,0.06389030731096167,0.06389034664111407,0.06389038597056261,0.06389042529932809,0.06389046462740093,0.06389050395477464,0.06389054328146024,0.06389058260745248,0.06389062193275188,0.06389066125735866,0.06389070058127114,0.06389073990448658,0.06389077922701507,0.06389081854885133,0.06389085786999624,0.06389089719044821,0.0638909365102069,0.06389097582927301,0.06389101514764876,0.06389105446533226,0.06389109378232606,0.06389113309862604,0.0638911724142349,0.0638912117291525,0.06389125104336751,0.06389129035690655,0.06389132966975045,0.06389136898190372,0.06389140829336509,0.06389144760413625,0.06389148691421116,0.06389152622360048,0.06389156553228989,0.06389160484029914,0.06389164414761793,0.06389168345424627,0.06389172276018489,0.06389176206543294,0.06389180136999083,0.06389184067385935,0.06389187997703857,0.0638919192795231,0.06389195858132325,0.06389199788243369,0.06389203718285522,0.0638920764825871,0.0638921157816303,0.06389215507998457,0.06389219437765378,0.06389223367462996,0.06389227297091732,0.06389231226651666,0.06389235156142688,0.06389239085564904,0.06389243014918232,0.06389246944202825,0.0638925087341854,0.06389254802565454,0.06389258731643262,0.06389262660652617,0.06389266589593245,0.06389270518465025,0.06389274447268066,0.06389278376002913,0.06389282304668531,0.06389286233265394,0.06389290161793477,0.06389294090252934,0.06389298018643631,0.0638930194696565,0.0638930587521898,0.06389309803403695,0.06389313731520241,0.06389317659567606,0.06389321587546277,0.06389325515456372,0.06389329443297818,0.06389333371070635,0.06389337298774832,0.0638934122641047,0.06389345153977548,0.06389349081475965,0.06389353008905799,0.06389356936267097,0.06389360863559831,0.0638936479078403,0.06389368717939628,0.06389372645026785,0.06389376572045409,0.0638938049899554,0.06389384425877132,0.0638938835269023,0.06389392279434872,0.0638939620611106,0.0638940013271876,0.0638940405925801,0.06389407985728794,0.06389411912131207,0.06389415838465128,0.06389419764730626,0.0638942369092776,0.06389427617056452,0.0638943154311678,0.06389435469108695,0.06389439395032227,0.06389443320887349,0.06389447246674225,0.06389451172392695,0.06389455098042769,0.06389459023624534,0.0638946294913804,0.06389466874583165,0.0638947079995996,0.06389474725268493,0.06389478650508981,0.06389482575680977,0.0638948650078465,0.06389490425820042,0.06389494350787184,0.06389498275686116,0.06389502200516785,0.06389506125279228,0.06389510049973451,0.06389513974599483,0.06389517899157901,0.06389521823647504,0.06389525748068875,0.06389529672422095,0.06389533596707134,0.06389537520924024,0.06389541445072656,0.06389545369153178,0.0638954929316559,0.06389553217109928,0.06389557140986019,0.06389561064794066,0.06389564988534009,0.06389568912205888,0.0638957283580968,0.06389576759345993,0.06389580682813563,0.06389584606213128,0.06389588529544586,0.06389592452807953,0.06389596376003259,0.06389600299130575,0.06389604222189818,0.06389608145181155,0.06389612068104478,0.06389615990959782,0.06389619913747024,0.06389623836466497,0.06389627759117836,0.06389631681701263,0.06389635604216692,0.0638963952666414,0.06389643449043675,0.06389647371355243,0.06389651293598833,0.06389655215774527,0.06389659137882259,0.06389663059922011,0.06389666981893995,0.06389670903798066,0.06389674825634249,0.06389678747402495,0.06389682669102927,0.06389686590735505,0.06389690512300174,0.06389694433797052,0.06389698355226076,0.0638970227658728,0.06389706197882067,0.06389710119107629,0.0638971404026538,0.06389717961356556,0.06389721882378624,0.06389725803333021,0.06389729724219481,0.06389733645038502,0.06389737565789522,0.0638974148647284,0.06389745407088344,0.0638974932763611,0.06389753248116169,0.06389757168528531,0.06389761088873154,0.06389765009149978,0.06389768929360135,0.06389772849501592,0.06389776769575363,0.0638978068958145,0.06389784609519877,0.06389788529390647,0.06389792449193724,0.06389796368929174,0.06389800288596968,0.06389804208197099,0.06389808127729654,0.06389812047194542,0.06389815966591715,0.06389819885921388,0.06389823805183446,0.06389827724377882,0.06389831643504752,0.06389835562564014,0.06389839481555724,0.06389843400479747,0.06389847319336338,0.06389851238125362,0.06389855156846816,0.06389859075500755,0.06389862994087163,0.06389866912606011,0.06389870831057397,0.06389874749441242,0.06389878667757612,0.06389882586006422,0.0638988650418776,0.06389890422301761,0.06389894340348118,0.06389898258327112,0.0638990217623856,0.0638990609408258,0.06389910011859097,0.06389913929568225,0.06389917847209864,0.06389921764784098,0.06389925682290877,0.06389929599730305,0.06389933517102266,0.06389937434406813,0.06389941351643393,0.06389945268813925,0.06389949185916308,0.06389953102951262,0.06389957019918908,0.06389960936819197,0.0638996485365213,0.06389968770418739,0.06389972687116982,0.06389976603747731,0.06389980520311304,0.06389984436807558,0.06389988353236525,0.06389992269598005,0.06389996185890681,0.06390000102117809,0.063900040182774,0.06390007934369726,0.06390011850395219,0.06390015766353162,0.06390019682243711,0.06390023598067139,0.06390027513823213,0.0639003142951214,0.06390035345133736,0.06390039260688223,0.06390043176175111,0.0639004709159511,0.06390051006948047,0.06390054922233653,0.06390058837451892,0.06390062752603054,0.06390066667687277,0.06390070582704138,0.06390074497653828,0.06390078412536321,0.06390082327351727,0.06390086242099878,0.0639009015678089,0.06390094071394813,0.06390097985941595,0.06390101900419616,0.06390105814832207,0.06390109729177491,0.06390113643455862,0.06390117557667123,0.06390121471811241,0.06390125385888272,0.06390129299898227,0.06390133213840993,0.06390137127716874,0.06390141041525609,0.0639014495526754,0.06390148868942189,0.06390152782549686,0.06390156696090239,0.06390160609563762,0.06390164522970257,0.06390168436309814,0.06390172349582696,0.06390176262788044,0.06390180175926538,0.06390184088997965,0.06390188002002396,0.06390191914939876,0.0639019582781047,0.06390199740614569,0.06390203653351162,0.0639020756602082,0.0639021147862342,0.063902153911591,0.06390219303627867,0.06390223216029337,0.06390227128364283,0.06390231040632278,0.06390234952833294,0.06390238864967493,0.06390242777034763,0.0639024668903502,0.0639025060096698,0.06390254512833561,0.06390258424633123,0.06390262336365947,0.06390266248031876,0.06390270159631053,0.06390274071163325,0.06390277982628548,0.06390281894027058,0.06390285805358947,0.0639028971662346,0.06390293627820728,0.06390297538951956,0.06390301450016453,0.0639030536101398,0.06390309271944802,0.06390313182808699,0.06390317093605898,0.06390321004335639,0.06390324914999204,0.0639032882559604,0.06390332736126113,0.0639033664658948,0.06390340556985986,0.06390344467315931,0.06390348377579114,0.06390352287775371,0.06390356197904977,0.06390360107967807,0.06390364017964,0.06390367927893274,0.06390371837755966,0.06390375747552714,0.06390379657281914,0.063903835669444,0.06390387476540282,0.06390391386069579,0.06390395295531949,0.06390399204927852,0.06390403114257087,0.06390407023519667,0.0639041093271552,0.06390414841845503,0.06390418750907928,0.06390422659904019,0.06390426568833334,0.06390430477696077,0.06390434386492094,0.06390438295221544,0.06390442203884407,0.06390446112480573,0.06390450021010395,0.06390453929472492,0.0639045783786896,0.0639046174619801,0.06390465654461229,0.063904695626573,0.06390473470787554,0.06390477378851134,0.06390481286848014,0.06390485194778424,0.06390489102642354,0.06390493010439828,0.06390496918169891,0.06390500825834104,0.06390504733431887,0.06390508640963154,0.06390512548429282,0.0639051645582752,0.06390520363159108,0.06390524270425198,0.06390528177624095,0.06390532084756476,0.06390535991822231,0.0639053989882126,0.06390543805754138,0.06390547712620484,0.06390551619420445,0.0639055552615389,0.06390559432820886,0.06390563339423219,0.06390567245957407,0.0639057115242504,0.06390575058826241,0.06390578965161087,0.06390582871429454,0.0639058677763165,0.0639059068376707,0.06390594589836136,0.06390598495839027,0.06390602401775522,0.0639060630764542,0.06390610213448927,0.06390614119186189,0.06390618024857071,0.06390621930462109,0.06390625835999995,0.06390629741471852,0.06390633646877256,0.06390637552216356,0.0639064145748913,0.06390645362695516,0.06390649267835666,0.06390653172909536,0.0639065707791703,0.06390660982858273,0.06390664887733119,0.06390668792541533,0.06390672697285048,0.06390676601960844,0.06390680506570376,0.06390684411113567,0.06390688315590533,0.0639069222000222,0.06390696124346713,0.06390700028624866,0.06390703932836828,0.06390707836982683,0.06390711741063297,0.06390715645076449,0.06390719549023419,0.06390723452904837,0.06390727356719525,0.06390731260467881,0.06390735164150092,0.06390739067765884,0.06390742971315462,0.06390746874799545,0.06390750778217504,0.06390754681568755,0.06390758584853798,0.06390762488073623,0.06390766391226226,0.06390770294312655,0.06390774197332873,0.06390778100286429,0.06390782003174486,0.06390785905997859,0.06390789808753408,0.06390793711442339,0.0639079761406619,0.0639080151662331,0.06390805419114205,0.06390809321539037,0.06390813223897752,0.06390817126190435,0.06390821028416321,0.06390824930576655,0.0639082883267089,0.06390832734699166,0.0639083663666153,0.06390840538557613,0.0639084444038732,0.06390848342151242,0.0639085224384897,0.06390856145480682,0.06390860047046447,0.06390863948546138,0.06390867849979721,0.06390871751347257,0.06390875652648914,0.06390879553884463,0.06390883455053888,0.06390887356157286,0.06390891257194045,0.0639089515816552,0.06390899059070432,0.0639090295991072,0.0639090686068574,0.06390910761393073,0.06390914662033823,0.06390918562609295,0.0639092246311878,0.06390926363562166,0.06390930263939858,0.0639093416425135,0.0639093806449684,0.0639094196467623,0.06390945864791034,0.06390949764838601,0.06390953664818773,0.06390957564734323,0.06390961464583962,0.06390965364367873,0.06390969264085757,0.06390973163737555,0.06390977063324824,0.06390980962845014,0.06390984862298693,0.06390988761686905,0.06390992661009307,0.06390996560266415,0.06391000459457027,0.06391004358581595,0.06391008257640536,0.06391012156633591,0.06391016055560629,0.06391019954421845,0.06391023853217188,0.06391027751946578,0.06391031650610036,0.06391035549207641,0.06391039447739479,0.06391043346206113,0.06391047244606392,0.06391051142940743,0.06391055041209256,0.06391058939411938,0.06391062837548679,0.0639106673561982,0.06391070633625164,0.06391074531564707,0.06391078429437845,0.06391082327245698,0.06391086224986657,0.06391090122662778,0.06391094020273258,0.0639109791781739,0.06391101815296305,0.06391105712709413,0.06391109610056937,0.06391113507338622,0.06391117404554432,0.06391121301704418,0.06391125198788701,0.06391129095807513,0.0639113299276068,0.06391136889648966,0.06391140786470613,0.06391144683226216,0.0639114857991705,0.06391152476541397,0.06391156373099806,0.063911602695925,0.06391164166019529,0.06391168062380836,0.06391171958676374,0.06391175854906643,0.06391179751070869,0.06391183647169417,0.06391187543202267,0.06391191439169443,0.06391195335070989,0.06391199230906777,0.06391203126676873,0.06391207022381372,0.06391210918021048,0.06391214813594241,0.06391218709102099,0.06391222604543999,0.06391226499920315,0.06391230395230904,0.06391234290475828,0.06391238185655242,0.06391242080769,0.0639124597581708,0.06391249870799634,0.06391253765717016,0.06391257660568261,0.0639126155535378,0.06391265450073846,0.06391269344728466,0.063912732393174,0.06391277133841176,0.06391281028298282,0.0639128492269099,0.06391288817016844,0.0639129271127766,0.06391296605473051,0.06391300499603017,0.06391304393666813,0.06391308287665447,0.06391312181598667,0.06391316075466337,0.0639131996926854,0.0639132386300553,0.06391327756676662,0.06391331650281945,0.06391335543822058,0.06391339437296532,0.06391343330705425,0.06391347224049453,0.06391351117328004,0.06391355010540516,0.06391358903687534,0.06391362796768986,0.06391366689785041,0.06391370582736229,0.06391374475621239,0.06391378368440725,0.06391382261194765,0.06391386153883398,0.06391390046506577,0.063913939390643,0.06391397831556549,0.06391401723983252,0.06391405616344652,0.06391409508640634,0.06391413400871003,0.06391417293036665,0.06391421185136313,0.06391425077170952,0.06391428969139779,0.06391432861043093,0.06391436752880994,0.06391440644653504,0.06391444536361036,0.06391448428001398,0.06391452319577544,0.06391456211088703,0.06391460102534219,0.0639146399391409,0.06391467885228996,0.063914717764784,0.06391475667662012,0.06391479558781282,0.06391483449834458,0.06391487340822373,0.06391491231744885,0.0639149512260204,0.06391499013394064,0.0639150290412054,0.06391506794781582,0.06391510685377269,0.06391514575907785,0.06391518466372942,0.06391522356772708,0.06391526247107208,0.06391530137376399,0.0639153402758015,0.06391537917718702,0.06391541807792465,0.06391545697800503,0.06391549587743271,0.06391553477620586,0.06391557367432782,0.06391561257179565,0.06391565146861271,0.06391569036477547,0.06391572926028989,0.0639157681551452,0.06391580704934875,0.06391584594289787,0.06391588483580335,0.0639159237280492,0.06391596261964258,0.06391600151058445,0.06391604040085717,0.06391607929049742,0.06391611817948498,0.06391615706781625,0.06391619595549523,0.06391623484252307,0.06391627372889683,0.06391631261462237,0.06391635149969416,0.06391639038411187,0.06391642926787987,0.06391646815099361,0.06391650703345433,0.06391654591526508,0.0639165847964266,0.06391662367693306,0.06391666255678734,0.06391670143598964,0.06391674031454116,0.0639167791924401,0.06391681806968741,0.06391685694628382,0.06391689582222868,0.06391693469752205,0.06391697357216995,0.06391701244615874,0.06391705131949821,0.0639170901921937,0.06391712906422888,0.06391716793561002,0.06391720680634252,0.0639172456764242,0.06391728454585593,0.0639173234146354,0.06391736228277849,0.06391740115025693,0.06391744001708408,0.06391747888325867,0.06391751774878075,0.0639175566136537,0.06391759547787586,0.06391763434144504,0.06391767320436484,0.06391771206663432,0.0639177509282562,0.06391778978922312,0.06391782864953982,0.06391786750921148,0.06391790636822683,0.06391794522659189,0.06391798408430559,0.06391802294136881,0.06391806179778547,0.06391810065354764,0.06391813950866015,0.06391817836312123,0.06391821721693218,0.06391825607009276,0.06391829492260276,0.06391833377446256,0.06391837262567306,0.06391841147623188,0.06391845032614885,0.06391848917540893,0.06391852802401475,0.06391856687197488,0.06391860571928638,0.06391864456594618,0.06391868341195531,0.06391872225731558,0.06391876110202574,0.06391879994608515,0.06391883878949471,0.06391887763223685,0.06391891647434929,0.06391895531581214,0.06391899415662475,0.06391903299678482,0.0639190718362937,0.06391911067515581,0.06391914951337464,0.06391918835093968,0.06391922718785742,0.06391926602412319,0.06391930485973896,0.06391934369470027,0.06391938252901785,0.0639194213626858,0.06391946019570492,0.06391949902807496,0.06391953785979644,0.06391957669086791,0.06391961552128197,0.06391965435105573,0.06391969318018037,0.06391973200865565,0.06391977083647798,0.06391980966365589,0.06391984849018538,0.06391988731606572,0.06391992614129732,0.06391996496587779,0.06392000378981232,0.06392004261309817,0.06392008143571554,0.06392012025770402,0.0639201590790529,0.06392019789974225,0.06392023671978207,0.06392027553917644,0.06392031435791942,0.06392035317601655,0.06392039199346498,0.06392043081026577,0.06392046962641687,0.06392050844192124,0.06392054725677737,0.06392058607097703,0.06392062488453656,0.06392066369744795,0.06392070250971116,0.06392074132132812,0.06392078013229649,0.06392081894261613,0.06392085775228791,0.06392089656131175,0.06392093536968775,0.06392097417741566,0.06392101298449589,0.0639210517909287,0.06392109059671083,0.0639211294018481,0.063921168206338,0.06392120701018059,0.0639212458133734,0.06392128461592025,0.06392132341781974,0.06392136221907163,0.06392140101967621,0.0639214398196332,0.06392147861894289,0.06392151741760385,0.06392155621562141,0.06392159501298723,0.06392163380970689,0.06392167260577837,0.06392171140120449,0.06392175019598288,0.06392178899010596,0.06392182778359247,0.06392186657643062,0.06392190536862151,0.06392194416016476,0.06392198295105816,0.06392202174128744,0.06392206053088763,0.06392209931984397,0.06392213810816275,0.06392217689582558,0.06392221568284412,0.06392225446921322,0.06392229325493354,0.06392233203999659,0.06392237082442674,0.06392240960820963,0.06392244839134707,0.06392248717383452,0.0639225259556806,0.06392256473687846,0.06392260351742297,0.06392264229732779,0.0639226810765857,0.063922719855198,0.06392275863316389,0.06392279741047963,0.0639228361871529,0.06392287496317933,0.0639229137385589,0.06392295251329348,0.06392299128738303,0.06392303006082578,0.06392306883362352,0.06392310760577315,0.06392314637727778,0.06392318514812298,0.06392322391833355,0.06392326268787957,0.06392330145680121,0.06392334022507677,0.06392337899270716,0.0639234177596916,0.06392345652601185,0.06392349529170431,0.06392353405675155,0.0639235728211327,0.06392361158488892,0.0639236503479996,0.06392368911046467,0.06392372787228628,0.06392376663346756,0.06392380539399607,0.06392384415387979,0.06392388291311536,0.06392392167170517,0.06392396042965312,0.06392399918695593,0.06392403794359827,0.0639240766996132,0.06392411545498017,0.06392415420970296,0.06392419296378081,0.06392423171719418,0.06392427046996925,0.06392430922211227,0.06392434797359942,0.06392438672443972,0.06392442547464751,0.0639244642242105,0.0639245029731285,0.06392454172140387,0.0639245804690327,0.06392461921600576,0.06392465796234574,0.06392469670803747,0.06392473545308777,0.06392477419749734,0.06392481294125904,0.06392485168437535,0.06392489042684933,0.06392492916866703,0.06392496790983328,0.06392500665035086,0.06392504539025297,0.06392508412950328,0.06392512286810634,0.06392516160606854,0.0639252003433837,0.06392523908005396,0.06392527781608341,0.06392531655146942,0.06392535528621066,0.06392539402030725,0.06392543275376539,0.06392547148657568,0.06392551021874168,0.06392554895026387,0.06392558768114155,0.06392562641137566,0.06392566514096652,0.06392570386991366,0.0639257425982167,0.06392578132587401,0.0639258200528896,0.06392585877926167,0.06392589750498728,0.06392593623007223,0.06392597495451352,0.06392601367830829,0.06392605240146246,0.06392609112396683,0.06392612984583453,0.06392616856705856,0.06392620728763909,0.06392624600757588,0.06392628472686926,0.06392632344551659,0.06392636216352049,0.06392640088087846,0.06392643959761991,0.06392647831369756,0.0639265170291358,0.0639265557439156,0.06392659445806487,0.06392663317157063,0.06392667188443085,0.06392671059666255,0.06392674930823897,0.06392678801917007,0.06392682672946415,0.06392686543912232,0.0639269041481233,0.06392694285648588,0.0639269815642024,0.06392702027128254,0.06392705897771485,0.0639270976835035,0.06392713638864407,0.06392717509315077,0.06392721379701512,0.06392725250023615,0.06392729120281421,0.06392732990475031,0.0639273686060426,0.06392740730669329,0.06392744600670214,0.0639274847060681,0.06392752340480105,0.06392756210288064,0.06392760080031847,0.0639276394971155,0.06392767819326596,0.06392771688877645,0.063927755583651,0.06392779427788063,0.06392783297146547,0.0639278716644119,0.06392791035671587,0.06392794904837631,0.06392798773938817,0.06392802642976579,0.06392806511948514,0.06392810380857944,0.06392814249702028,0.06392818118482974,0.06392821987199872,0.06392825855852577,0.06392829724440977,0.06392833592964382,0.06392837461424275,0.06392841329820284,0.06392845198153578,0.06392849066421186,0.06392852934625128,0.06392856802762727,0.06392860670837092,0.06392864538848234,0.06392868406794892,0.0639287227467785,0.06392876142495774,0.06392880010250378,0.06392883877940864,0.06392887745566694,0.06392891613129043,0.06392895480626828,0.06392899348060353,0.06392903215430139,0.06392907082734876,0.0639291094997654,0.06392914817154528,0.06392918684267898,0.06392922551316227,0.0639292641830152,0.06392930285222505,0.06392934152080078,0.06392938018872873,0.06392941885601823,0.06392945752266649,0.06392949618867384,0.06392953485404233,0.06392957351876741,0.06392961218284725,0.06392965084628974,0.06392968950909529,0.06392972817126491,0.06392976683278478,0.06392980549367333,0.06392984415391594,0.0639298828135092,0.06392992147247085,0.063929960130794,0.06392999878846223,0.06393003744550221,0.06393007610189015,0.06393011475765778,0.06393015341278489,0.0639301920672654,0.06393023072110354,0.06393026937430149,0.06393030802686,0.0639303466787917,0.06393038533008084,0.06393042398071852,0.06393046263072148,0.06393050128007985,0.06393053992879977,0.06393057857687831,0.06393061722431619,0.06393065587111575,0.06393069451727415,0.0639307331627927,0.063930771807681,0.06393081045191984,0.06393084909551974,0.06393088773847919,0.06393092638079902,0.06393096502247769,0.06393100366351906,0.06393104230392156,0.06393108094368126,0.06393111958280633,0.0639311582212783,0.06393119685912771,0.06393123549633284,0.06393127413290255,0.06393131276882819,0.06393135140411185,0.06393139003875958,0.0639314286727603,0.06393146730613351,0.06393150593885386,0.06393154457094916,0.06393158320239958,0.06393162183321167,0.0639316604633729,0.06393169909291095,0.06393173772180277,0.06393177635006256,0.06393181497768054,0.06393185360465774,0.06393189223098797,0.06393193085667809,0.06393196948173682,0.06393200810615915,0.0639320467299424,0.06393208535309733,0.0639321239756077,0.06393216259747503,0.06393220121870942,0.06393223983930037,0.06393227845925108,0.06393231707856317,0.06393235569723792,0.06393239431527273,0.06393243293267413,0.0639324715494442,0.06393251016557629,0.06393254878106344,0.06393258739590632,0.0639326260101109,0.06393266462366788,0.06393270323659841,0.06393274184888799,0.06393278046053608,0.06393281907154941,0.06393285768194289,0.06393289629167458,0.06393293490078038,0.06393297350924511,0.06393301211706665,0.06393305072425325,0.06393308933079601,0.0639331279367062,0.06393316654196797,0.06393320514660816,0.06393324375060314,0.06393328235396498,0.06393332095668416,0.06393335955876514,0.0639333981602093,0.06393343676101904,0.06393347536118694,0.06393351396071459,0.06393355255961117,0.063933591157866,0.06393362975548772,0.06393366835247309,0.06393370694881995,0.0639337455445246,0.06393378413959068,0.063933822734013,0.06393386132781795,0.06393389992097215,0.06393393851348546,0.06393397710536472,0.06393401569660802,0.06393405428721398,0.06393409287718574,0.06393413146651344,0.06393417005520712,0.06393420864326285,0.06393424723068325,0.06393428581746648,0.06393432440361155,0.06393436298911871,0.06393440157399367,0.0639344401582253,0.06393447874182256,0.0639345173247819,0.0639345559071125,0.06393459448879757,0.06393463306985162,0.06393467165026315,0.0639347102300383,0.06393474880917685,0.06393478738768428,0.06393482596555475,0.06393486454278674,0.0639349031193903,0.06393494169534664,0.06393498027066657,0.06393501884534655,0.06393505741939488,0.06393509599280268,0.06393513456557105,0.06393517313770608,0.06393521170921476,0.06393525028007252,0.06393528885030371,0.06393532741989412,0.06393536598883456,0.0639354045571512,0.06393544312483157,0.0639354816918804,0.06393552025829029,0.06393555882406171,0.0639355973891988,0.06393563595369861,0.06393567451755984,0.06393571308078558,0.06393575164337875,0.06393579020533666,0.06393582876665584,0.06393586732734449,0.06393590588739625,0.06393594444680828,0.06393598300558437,0.06393602156372796,0.06393606012121485,0.06393609867808156,0.06393613723431754,0.06393617578991025,0.06393621434487576,0.063936252899205,0.06393629145290214,0.0639363300059523,0.0639363685583696,0.06393640711015759,0.06393644566130273,0.06393648421181365,0.06393652276168885,0.06393656131093596,0.06393659985954002,0.06393663840750834,0.0639366769548436,0.06393671550154081,0.06393675404760307,0.06393679259303121,0.06393683113782371,0.06393686968197854,0.06393690822550871,0.06393694676839355,0.06393698531064475,0.06393702385226471,0.06393706239324515,0.06393710093359493,0.06393713947331894,0.06393717801239528,0.06393721655082457,0.06393725508863012,0.06393729362579825,0.06393733216234469,0.06393737069824941,0.06393740923351486,0.06393744776814528,0.06393748630214102,0.0639375248354991,0.06393756336822563,0.06393760190031723,0.06393764043177584,0.06393767896260191,0.06393771749279023,0.06393775602234668,0.06393779455126497,0.06393783307954859,0.06393787160719769,0.06393791013420781,0.06393794866058841,0.06393798718633492,0.06393802571144637,0.06393806423592743,0.06393810275976484,0.06393814128297898,0.06393817980554896,0.06393821832747103,0.06393825684877544,0.06393829536944542,0.06393833388948175,0.06393837240888256,0.06393841092765283,0.06393844944579594,0.06393848796329553,0.06393852648016095,0.06393856499639357,0.06393860351199053,0.06393864202695244,0.06393868054128132,0.06393871905497835,0.06393875756803764,0.06393879608047137,0.06393883459226518,0.06393887310342292,0.06393891161395178,0.06393895012383999,0.06393898863309976,0.06393902714173211,0.06393906564971857,0.06393910415706593,0.06393914266379179,0.06393918116988684,0.06393921967534304,0.06393925818016566,0.06393929668435082,0.06393933518790607,0.06393937369082639,0.06393941219310655,0.06393945069476209,0.06393948919578402,0.06393952769617688,0.06393956619593266,0.06393960469505358,0.06393964319354356,0.06393968169138431,0.06393972018860523,0.06393975868519368,0.06393979718114831,0.06393983567646941,0.06393987417115966,0.06393991266521479,0.06393995115864204,0.06393998965143029,0.0639400281435861,0.06394006663510791,0.06394010512600024,0.06394014361625305,0.06394018210588746,0.06394022059487775,0.06394025908322722,0.06394029757095661,0.0639403360580475,0.06394037454450675,0.06394041303033329,0.06394045151552495,0.06394049000008649,0.06394052848401995,0.06394056696731379,0.06394060544997264,0.0639406439320029,0.06394068241339948,0.06394072089415874,0.06394075937429103,0.0639407978537919,0.06394083633265914,0.06394087481089406,0.06394091328849708,0.06394095176547451,0.06394099024181316,0.06394102871751833,0.06394106719259009,0.0639411056670296,0.06394114414083972,0.06394118261401582,0.06394122108655773,0.06394125955846897,0.06394129802975085,0.06394133650039732,0.06394137497041273,0.06394141343979405,0.06394145190853079,0.06394149037665758,0.06394152884413798,0.06394156731098817,0.06394160577721311,0.06394164424280395,0.06394168270776118,0.06394172117208191,0.06394175963577052,0.06394179809883285,0.06394183656126388,0.06394187502306449,0.06394191348422329,0.0639419519447584,0.06394199040465723,0.06394202886392891,0.06394206732256905,0.06394210578057781,0.06394214423795508,0.06394218269470073,0.06394222115081426,0.06394225960629692,0.06394229806114753,0.06394233651536509,0.06394237496895258,0.06394241342191043,0.06394245187423718,0.06394249032593102,0.06394252877699404,0.06394256722742458,0.06394260567722398,0.063942644126392,0.06394268257492915,0.06394272102283803,0.06394275947011271,0.06394279791675418,0.06394283636277281,0.06394287480815848,0.0639429132529151,0.06394295169703425,0.06394299014052238,0.06394302858337927,0.06394306702561114,0.0639431054672061,0.06394314390817782,0.06394318234851076,0.06394322078820901,0.06394325922728247,0.06394329766572787,0.06394333610353757,0.06394337454071582,0.06394341297726419,0.06394345141317585,0.06394348984846451,0.06394352828311894,0.0639435667171441,0.06394360515054025,0.06394364358332058,0.06394368201545565,0.06394372044695737,0.06394375887783782,0.06394379730808186,0.06394383573769535,0.0639438741666816,0.0639439125950272,0.06394395102274952,0.06394398944983858,0.06394402787630904,0.06394406630213817,0.06394410472733658,0.0639441431519053,0.06394418157584306,0.06394421999915653,0.06394425842182958,0.06394429684387623,0.06394433526529725,0.06394437368608621,0.06394441210624284,0.06394445052577351,0.06394448894467104,0.0639445273629349,0.06394456578056544,0.0639446041975695,0.06394464261394489,0.06394468102969104,0.06394471944481038,0.06394475785929787,0.06394479627315415,0.06394483468638316,0.06394487309897995,0.0639449115109566,0.06394494992229431,0.06394498833301047,0.0639450267430584,0.06394506515250654,0.06394510356133211,0.06394514196951802,0.06394518037707728,0.0639452187840123,0.0639452571903123,0.06394529559596712,0.06394533400100819,0.06394537240541961,0.06394541080920293,0.0639454492123563,0.06394548761488171,0.06394552601678172,0.0639455644180461,0.06394560281868372,0.06394564121869253,0.06394567961806873,0.0639457180168146,0.06394575641493318,0.06394579481243805,0.06394583320928672,0.0639458716055172,0.06394591000111971,0.06394594839607873,0.06394598679042478,0.0639460251841397,0.06394606357722757,0.06394610196967088,0.06394614036149504,0.06394617875269365,0.06394621714326534,0.06394625553320625,0.06394629392252077,0.06394633231120411,0.06394637069925907,0.06394640908668485,0.06394644747349001,0.06394648585966262,0.06394652424519374,0.06394656263012169,0.06394660101440591,0.06394663939805167,0.06394667778104476,0.0639467161634369,0.06394675454521175,0.063946792926363,0.06394683130688104,0.06394686968676806,0.06394690806602228,0.06394694644464727,0.0639469848226444,0.06394702320001325,0.06394706157675295,0.06394709995286293,0.06394713832834596,0.06394717670319655,0.06394721507742276,0.06394725345101339,0.06394729182398379,0.0639473301963284,0.06394736856803504,0.06394740693913996,0.06394744530960822,0.06394748367943631,0.06394752204863813,0.06394756041721546,0.06394759878516507,0.06394763715249359,0.06394767551918173,0.06394771388523314,0.06394775225066546,0.06394779061547044,0.06394782897965104,0.06394786734319884,0.06394790570612728,0.06394794406842888,0.06394798243009449,0.06394802079112671,0.06394805915153644,0.0639480975113329,0.06394813587048898,0.06394817422901736,0.06394821258691588,0.06394825094418637,0.06394828930083656,0.06394832765682784,0.06394836601220792,0.06394840436696941,0.06394844272110667,0.06394848107461494,0.06394851942749481,0.0639485577797439,0.06394859613136913,0.0639486344823687,0.06394867283275077,0.06394871118250083,0.06394874953162424,0.06394878788011263,0.06394882622798108,0.06394886457521443,0.06394890292182409,0.0639489412678104,0.06394897961317311,0.06394901795790976,0.063949056302014,0.06394909464548647,0.06394913298832625,0.06394917133053644,0.06394920967212706,0.0639492480130766,0.063949286353407,0.0639493246931267,0.0639493630322119,0.06394940137067119,0.06394943970849354,0.06394947804569452,0.06394951638226508,0.06394955471821334,0.06394959305353493,0.06394963138822866,0.06394966972229921,0.0639497080557411,0.06394974638855583,0.06394978472074386,0.06394982305231994,0.06394986138326196,0.06394989971357526,0.06394993804325813,0.06394997637232963,0.06395001470075842,0.06395005302856036,0.06395009135574141,0.06395012968229094,0.06395016800821805,0.06395020633350827,0.0639502446581775,0.06395028298223267,0.06395032130564952,0.06395035962844113,0.06395039795060922,0.06395043627215824,0.06395047459307786,0.06395051291336352,0.06395055123302407,0.06395058955206102,0.06395062787046936,0.0639506661882511,0.06395070450541088,0.06395074282193276,0.06395078113783571,0.06395081945311348,0.06395085776776957,0.06395089608180715,0.06395093439520898,0.06395097270798603,0.06395101102015036,0.06395104933168545,0.06395108764258305,0.06395112595285339,0.06395116426251542,0.06395120257153837,0.0639512408799487,0.0639512791877174,0.06395131749485924,0.06395135580138053,0.06395139410727489,0.06395143241253386,0.06395147071717777,0.06395150902118808,0.06395154732457735,0.06395158562734053,0.06395162392948367,0.0639516622310015,0.06395170053188892,0.0639517388321493,0.06395177713177454,0.06395181543078807,0.06395185372917439,0.06395189202693496,0.06395193032408329,0.06395196862059217,0.06395200691646909,0.06395204521172368,0.06395208350636523,0.06395212180038236,0.06395216009376682,0.06395219838652631,0.06395223667864398,0.06395227497014754,0.06395231326103569,0.0639523515513013,0.06395238984093433,0.06395242812994655,0.06395246641833592,0.06395250470609422,0.0639525429932306,0.06395258127974306,0.06395261956562769,0.06395265785088732,0.06395269613552282,0.06395273441953192,0.06395277270292019,0.06395281098568636,0.06395284926781691,0.0639528875493293,0.0639529258302159,0.06395296411047802,0.06395300239012026,0.06395304066913321,0.06395307894752057,0.06395311722528461,0.06395315550242349,0.06395319377893854,0.06395323205484206,0.06395327033010777,0.06395330860474928,0.06395334687877255,0.06395338515217514,0.06395342342493349,0.06395346169708152,0.06395349996860153,0.0639535382394961,0.06395357650976914,0.06395361477941516,0.06395365304843822,0.06395369131683627,0.06395372958461032,0.0639537678517604,0.06395380611828647,0.06395384438419273,0.06395388264947106,0.06395392091411885,0.06395395917814994,0.06395399744156313,0.06395403570434652,0.06395407396649909,0.06395411222803313,0.06395415048894333,0.06395418874922974,0.0639542270088932,0.06395426526793638,0.06395430352635192,0.06395434178413827,0.06395438004130483,0.06395441829785202,0.0639544565537867,0.06395449480908415,0.0639545330637692,0.06395457131781856,0.0639546095712557,0.06395464782406048,0.06395468607623933,0.06395472432779391,0.06395476257871911,0.06395480082902705,0.0639548390787055,0.06395487732776622,0.06395491557621495,0.06395495382402913,0.06395499207122157,0.06395503031778953,0.06395506856373384,0.06395510680905453,0.06395514505374751,0.06395518329783706,0.0639552215412878,0.06395525978411352,0.06395529802633247,0.06395533626791546,0.06395537450887026,0.06395541274920506,0.06395545098891747,0.06395548922800652,0.06395552746647042,0.06395556570431803,0.0639556039415323,0.06395564217814316,0.0639556804141185,0.06395571864946935,0.06395575688420067,0.06395579511833036,0.06395583335181437,0.06395587158467422,0.06395590981691142,0.06395594804852567,0.06395598627951969,0.06395602450988823,0.06395606273963504,0.06395610096875834,0.0639561391972637,0.06395617742513772,0.06395621565239261,0.06395625387902464,0.06395629210503453,0.06395633033042074,0.0639563685551899,0.06395640677933187,0.06395644500285246,0.06395648322575052,0.06395652144803522,0.0639565596696885,0.06395659789073381,0.06395663611114233,0.06395667433092994,0.06395671255009296,0.06395675076863547,0.06395678898655385,0.06395682720385004,0.06395686542052753,0.06395690363657901,0.06395694185201072,0.06395698006682318,0.06395701828101222,0.06395705649457756,0.06395709470752121,0.06395713291983879,0.06395717113153533,0.0639572093426099,0.06395724755306617,0.0639572857628945,0.06395732397210303,0.0639573621806898,0.06395740038865727,0.06395743859600111,0.06395747680272323,0.06395751500882257,0.06395755321429995,0.06395759141915261,0.06395762962338725,0.06395766782699927,0.06395770602999104,0.06395774423236025,0.06395778243410684,0.06395782063523342,0.06395785883573446,0.06395789703561294,0.06395793523488434,0.0639579734335254,0.06395801163155962,0.06395804982895659,0.06395808802573637,0.06395812622188923,0.06395816441742125,0.06395820261233189,0.06395824080662432,0.06395827900030358,0.06395831719334955,0.06395835538577406,0.06395839357757821,0.06395843176875574,0.06395846995931646,0.0639585081492572,0.06395854633857852,0.06395858452727368,0.06395862271535008,0.06395866090280515,0.06395869908963865,0.06395873727585633,0.06395877546144851,0.06395881364643166,0.06395885183078238,0.06395889001451198,0.06395892819761918,0.06395896638011081,0.0639590045619766,0.06395904274322096,0.06395908092384646,0.06395911910385052,0.06395915728323243,0.06395919546199423,0.06395923364013453,0.06395927181765537,0.06395930999455345,0.06395934817083093,0.06395938634649032,0.06395942452152674,0.06395946269594327,0.06395950086974386,0.06395953904293206,0.0639595772154814,0.06395961538741532,0.06395965355872821,0.06395969172942058,0.06395972989949256,0.06395976806894382,0.06395980623778423,0.06395984440599428,0.06395988257358429,0.06395992074055358,0.06395995890690365,0.06395999707263261,0.06396003523773998,0.06396007340223173,0.06396011156610114,0.06396014972935031,0.06396018789197822,0.06396022605399038,0.06396026421537877,0.06396030237614518,0.06396034053629282,0.0639603786958204,0.06396041685472734,0.06396045501301849,0.06396049317068488,0.06396053132773205,0.06396056948415976,0.06396060763998429,0.06396064579517198,0.06396068394974173,0.06396072210369111,0.06396076025701129,0.0639607984097186,0.06396083656180111,0.0639608747132654,0.06396091286412119,0.06396095101435745,0.06396098916396396,0.0639610273129519,0.06396106546132162,0.06396110360907263,0.0639611417562024,0.06396117990271456,0.06396121804860326,0.06396125619387308,0.06396129433852325,0.06396133248256256,0.06396137062597383,0.063961408768766,0.06396144691093832,0.06396148505249065,0.06396152319342459,0.06396156133374466,0.06396159947344367,0.06396163761251855,0.06396167575097973,0.06396171388882184,0.06396175202603888,0.06396179016264494,0.06396182829862354,0.06396186643397835,0.06396190456871961,0.06396194270284059,0.06396198083634318,0.06396201896922572,0.06396205710148782,0.06396209523312978,0.06396213336416089,0.06396217149456797,0.06396220962435516,0.06396224775352355,0.0639622858820602,0.06396232400999559,0.06396236213730859,0.06396240026401617,0.0639624383900929,0.06396247651554716,0.0639625146403836,0.06396255276462169,0.06396259088822381,0.06396262901120293,0.0639626671335682,0.06396270525531342,0.06396274337643378,0.06396278149693857,0.06396281961682425,0.06396285773609209,0.06396289585474027,0.06396293397277149,0.06396297209018698,0.06396301020698436,0.06396304832316185,0.06396308643871677,0.06396312455365405,0.06396316266797489,0.06396320078167494,0.06396323889476024,0.0639632770072241,0.06396331511907064,0.06396335323029698,0.06396339134090516,0.06396342945089,0.0639634675602649,0.06396350566901861,0.06396354377715342,0.06396358188466367,0.06396361999156827,0.06396365809784864,0.06396369620351572,0.06396373430856171,0.06396377241298407,0.06396381051678873,0.06396384861998211,0.06396388672255372,0.06396392482450794,0.06396396292584991,0.06396400102656571,0.06396403912666361,0.06396407722614549,0.0639641153250137,0.06396415342325995,0.06396419152088878,0.06396422961789514,0.06396426771428759,0.06396430581006239,0.06396434390521882,0.06396438199975776,0.06396442009367595,0.0639644581869808,0.06396449627966681,0.06396453437173008,0.06396457246317183,0.06396461055401004,0.0639646486442224,0.06396468673381837,0.06396472482279861,0.06396476291115961,0.063964800998906,0.06396483908602918,0.0639648771725406,0.06396491525842966,0.06396495334370117,0.06396499142835808,0.06396502951240056,0.06396506759582853,0.06396510567863171,0.06396514376081391,0.0639651818423847,0.06396521992333944,0.06396525800368075,0.06396529608339604,0.06396533416249998,0.06396537224098879,0.06396541031885619,0.06396544839610649,0.06396548647273803,0.0639655245487526,0.06396556262415566,0.06396560069893824,0.06396563877310472,0.06396567684665254,0.06396571491958822,0.06396575299189793,0.06396579106360123,0.0639658291346869,0.06396586720514723,0.06396590527499653,0.0639659433442259,0.06396598141283945,0.06396601948083509,0.06396605754821393,0.06396609561497602,0.06396613368112349,0.06396617174665518,0.06396620981157196,0.06396624787586856,0.06396628593954715,0.06396632400260904,0.06396636206505442,0.06396640012688541,0.06396643818809734,0.06396647624868625,0.06396651430866536,0.06396655236802803,0.06396659042677405,0.06396662848490176,0.06396666654241438,0.06396670459931472,0.06396674265560004,0.06396678071126526,0.0639668187663143,0.06396685682074872,0.06396689487456146,0.06396693292776318,0.06396697098034554,0.06396700903231162,0.06396704708366324,0.06396708513440005,0.06396712318452275,0.0639671612340336,0.06396719928292652,0.06396723733119143,0.06396727537884171,0.0639673134258787,0.06396735147229975,0.06396738951810912,0.06396742756329961,0.06396746560787431,0.06396750365183348,0.06396754169517661,0.06396757973792137,0.06396761778003131,0.06396765582152578,0.06396769386240307,0.0639677319026663,0.06396776994231884,0.0639678079813466,0.06396784601975954,0.06396788405756103,0.06396792209474245,0.06396796013130983,0.06396799816725873,0.06396803620259378,0.06396807423731288,0.06396811227141506,0.06396815030489443,0.06396818833776957,0.06396822637003038,0.06396826440166843,0.06396830243269919,0.06396834046310933,0.06396837849290278,0.06396841652208292,0.06396845455064953,0.06396849257859855,0.06396853060593488,0.06396856863265475,0.0639686066587598,0.06396864468424765,0.06396868270912244,0.0639687207333729,0.06396875875701628,0.06396879678005125,0.06396883480246293,0.06396887282426217,0.06396891084544937,0.06396894886601852,0.06396898688596975,0.06396902490530539,0.06396906292402854,0.06396910094213447,0.06396913895962668,0.06396917697650255,0.06396921499276279,0.06396925300840631,0.06396929102343787,0.063969329037848,0.06396936705164848,0.06396940506484311,0.06396944307741538,0.06396948108936742,0.06396951910071554,0.06396955711144293,0.06396959512155455,0.0639696331310518,0.06396967113993439,0.06396970914820307,0.06396974715585627,0.06396978516289455,0.06396982316931847,0.06396986117512764,0.06396989918032216,0.0639699371849021,0.06396997518886369,0.06397001319221463,0.0639700511949495,0.06397008919707144,0.06397012719857857,0.06397016519947155,0.06397020319977599,0.06397024119944016,0.06397027919849557,0.0639703171969309,0.06397035519475623,0.06397039319196884,0.06397043118856187,0.06397046918454008,0.0639705071798987,0.06397054517464819,0.06397058316878365,0.06397062116230495,0.06397065915521176,0.06397069714750511,0.06397073513918396,0.06397077313024954,0.06397081112070009,0.06397084911053834,0.06397088709976098,0.06397092508836977,0.06397096307636335,0.0639710010637441,0.06397103905051071,0.06397107703666095,0.06397111502219902,0.06397115300712598,0.06397119099143694,0.0639712289751316,0.063971266958215,0.06397130494068394,0.06397134292253945,0.06397138090378124,0.06397141888440946,0.06397145686441637,0.06397149484381687,0.06397153282260357,0.06397157080078421,0.06397160877833696,0.06397164675528064,0.06397168473161298,0.06397172270733183,0.06397176068243715,0.0639717986569278,0.06397183663080606,0.06397187460407164,0.06397191257672497,0.0639719505487654,0.06397198852019015,0.06397202649100214,0.06397206446120124,0.06397210243078551,0.06397214039975817,0.0639721783681158,0.0639722163358585,0.0639722543029884,0.06397229226950917,0.06397233023541271,0.06397236820070533,0.06397240616538347,0.06397244412944862,0.0639724820929005,0.06397252005573437,0.06397255801795995,0.06397259597957318,0.06397263394057798,0.06397267190096434,0.0639727098607372,0.06397274781988382,0.06397278577843124,0.06397282373636619,0.06397286169368777,0.06397289965039318,0.06397293760649221,0.0639729755619748,0.06397301351684133,0.06397305147109855,0.0639730894247431,0.06397312737777464,0.06397316533019298,0.06397320328199921,0.0639732412331934,0.06397327918377489,0.06397331713374223,0.06397335508309727,0.06397339303183576,0.06397343097996447,0.06397346892748162,0.06397350687436884,0.06397354482066221,0.06397358276633937,0.06397362071140646,0.06397365865586231,0.06397369659970456,0.06397373454293306,0.06397377248555211,0.06397381042756127,0.06397384836895482,0.06397388630973505,0.06397392424990417,0.06397396218946004,0.06397400012841467,0.06397403806675234,0.06397407600447103,0.0639741139415772,0.06397415187806703,0.06397418981394976,0.06397422774921971,0.06397426568388946,0.06397430361793421,0.06397434155137122,0.06397437948419336,0.0639744174164027,0.06397445534799936,0.06397449327898455,0.06397453120936089,0.06397456913912199,0.06397460706828059,0.06397464499681745,0.06397468292474251,0.06397472085204486,0.06397475877874481,0.0639747967048338,0.06397483463030394,0.06397487255517173,0.06397491047942537,0.06397494840306771,0.06397498632609978,0.06397502424852025,0.06397506217032733,0.06397510009152713,0.06397513801211122,0.0639751759320835,0.06397521385144284,0.06397525177019196,0.06397528968832941,0.06397532760585652,0.06397536552277133,0.06397540343907032,0.06397544135475733,0.06397547926983746,0.06397551718431096,0.06397555509816844,0.06397559301141513,0.06397563092405543,0.06397566883607887,0.0639757067474903,0.06397574465829037,0.06397578256847557,0.06397582047805342,0.06397585838701986,0.06397589629537817,0.0639759342031234,0.0639759721102571,0.06397601001677836,0.06397604792268846,0.06397608582798814,0.06397612373267862,0.06397616163675567,0.06397619954022132,0.06397623744306039,0.06397627534530378,0.06397631324693223,0.0639763511479525,0.06397638904836309,0.06397642694815589,0.06397646484734619,0.06397650274593077,0.06397654064389849,0.06397657854125445,0.06397661643799692,0.06397665433413206,0.06397669222965129,0.0639767301245598,0.06397676801885713,0.06397680591254974,0.06397684380563574,0.06397688169810571,0.0639769195899628,0.06397695748121104,0.06397699537184878,0.0639770332618674,0.06397707115128323,0.06397710904009048,0.06397714692828634,0.06397718481587131,0.06397722270284724,0.06397726058921213,0.06397729847498321,0.06397733636012469,0.06397737424466621,0.06397741212858812,0.06397745001190112,0.06397748789460132,0.06397752577669201,0.06397756365817232,0.06397760153905672,0.06397763941931857,0.0639776772989685,0.06397771517800908,0.0639777530564458,0.0639777909342678,0.06397782881147113,0.06397786668806946,0.06397790456405654,0.06397794243944079,0.06397798031420811,0.06397801818836867,0.06397805606191795,0.06397809393485576,0.06397813180718884,0.06397816967890871,0.06397820755001574,0.06397824542051328,0.06397828329040116,0.06397832115966742,0.06397835902833564,0.06397839689639626,0.06397843476384085,0.0639784726306798,0.06397851049690134,0.06397854836251485,0.06397858622752393,0.06397862409192322,0.06397866195571235,0.06397869981889119,0.06397873768146603,0.06397877554342701,0.06397881340477761,0.06397885126551921,0.0639788891256577,0.06397892698518,0.06397896484409173,0.06397900270239928,0.06397904056009235,0.06397907841717823,0.06397911627364908,0.06397915412951068,0.06397919198476598,0.06397922983941172,0.06397926769344808,0.06397930554687549,0.06397934339970018,0.06397938125190863,0.06397941910350721,0.06397945695449701,0.06397949480487784,0.06397953265464862,0.06397957050381059,0.06397960835236313,0.06397964620030724,0.06397968404764175,0.06397972189437154,0.06397975974048717,0.06397979758599294,0.06397983543088946,0.06397987327517732,0.06397991111885856,0.06397994896192911,0.06397998680437211,0.0639800246462248,0.06398006248746847,0.06398010032809927,0.06398013816812774,0.06398017600754412,0.06398021384635373,0.06398025168455287,0.0639802895221442,0.06398032735912706,0.06398036519548896,0.06398040303125244,0.06398044086640746,0.0639804787009532,0.0639805165348897,0.06398055436820999,0.06398059220093107,0.06398063003304252,0.06398066786455102,0.0639807056954448,0.06398074352572312,0.0639807813553997,0.06398081918447715,0.06398085701293534,0.06398089484078712,0.06398093266802973,0.06398097049466413,0.06398100832069036,0.06398104614610822,0.06398108397091784,0.06398112179511779,0.0639811596187128,0.06398119744169815,0.06398123526407254,0.06398127308583704,0.06398131090699671
8,0.0,0.0,0.0,0.0,0.0,0.0,0.0,0.0,0.0,0.0,0.0,0.0,0.0,0.0,0.0,0.0,0.0,0.0,0.0,0.0,0.0,0.0,0.0,0.0,0.0,0.0,0.0,0.0,0.0,0.0,0.0,0.0,0.0,0.0,0.0,0.0,0.0,0.0,0.0,0.0,0.0,0.0,0.0,0.0,0.0,0.0,0.0,0.0,0.0,0.0,0.0,0.0,0.0,0.0,0.0,0.0,0.0,0.0,0.0,0.0,0.0,0.0,0.0,0.0,0.0,0.0,0.0,0.0,0.0,0.0,0.0,0.0,0.0,0.0,0.0,0.0,0.0,0.0,0.0,0.0,0.0,0.0,0.0,0.0,0.0,0.0,0.0,0.0,0.0,0.0,0.0,0.0,0.0,0.0,0.0,0.0,0.0,0.0,0.0,0.0,0.0,0.0,0.0,0.0,0.0,0.0,0.0,0.0,0.0,0.0,0.0,0.0,0.0,0.0,0.0,0.0,0.0,0.0,0.0,0.0,0.0,0.0,0.0,0.0,0.0,0.0,0.0,0.0,0.0,0.0,0.0,0.0,0.0,0.0,0.0,0.0,0.0,0.0,0.0,0.0,0.0,0.0,0.0,0.0,0.0,0.0,0.0,0.0,0.0,0.0,0.0,0.0,0.0,0.0,0.0,0.0,0.0,0.0,0.0,0.0,0.0,0.0,0.0,0.0,0.0,0.0,0.0,0.0,0.0,0.0,0.0,0.0,0.0,0.0,0.0,0.0,0.0,0.0,0.0,0.0,0.0,0.0,0.0,0.0,0.0,0.0,0.0,0.0,0.0,0.0,0.0,0.0,0.0,0.0,0.0,0.0,0.0,0.0,0.0,0.0,0.0,0.0,0.0,0.0,0.0,0.0,0.0,0.0,0.0,0.0,0.0,0.0,0.0,0.0,0.0,0.0,0.0,0.0,0.0,0.0,0.0,0.0,0.0,0.0,0.0,0.0,0.0,0.0,0.0,0.0,0.0,0.0,0.0,0.0,0.0,0.0,0.0,0.0,0.0,0.0,0.0,0.0,0.0,0.0,0.0,0.0,0.0,0.0,0.0,0.0,0.0,0.0,0.0,0.0,0.0,0.0,0.0,0.0,0.0,0.0,0.0,0.0,0.0,0.0,0.0,0.0,0.0,0.0,0.0,0.0,0.0,0.0,0.0,0.0,0.0,0.0,0.0,0.0,0.0,0.0,0.0,0.0,0.0,0.0,0.0,0.0,0.0,0.0,0.0,0.0,0.0,0.0,0.0,0.0,0.0,0.0,0.0,0.0,0.0,0.0,0.0,0.0,0.0,0.0,0.0,0.0,0.0,0.0,0.0,0.0,0.0,0.0,0.0,0.0,0.0,0.0,0.0,0.0,0.0,0.0,0.0,0.0,0.0,0.0,0.0,0.0,0.0,0.0,0.0,0.0,0.0,0.0,0.0,0.0,0.0,0.0,0.0,0.0,0.0,0.0,0.0,0.0,0.0,0.0,0.0,0.0,0.0,0.0,0.0,0.0,0.0,0.0,0.0,0.0,0.0,0.0,0.0,0.0,0.0,0.0,0.0,0.0,0.0,0.0,0.0,0.0,0.0,0.0,0.0,0.0,0.0,0.0,0.0,0.0,0.0,0.0,0.0,0.0,0.0,0.0,0.0,0.0,0.0,0.0,0.0,0.0,0.0,0.0,0.0,0.0,0.0,0.0,0.0,0.0,0.0,0.0,0.0,0.0,0.0,0.0,0.0,0.0,0.0,0.0,0.0,0.0,0.0,0.0,0.0,0.0,0.0,0.0,0.0,0.0,0.0,0.0,0.0,0.0,0.0,0.0,0.0,0.0,0.0,0.0,0.0,0.0,0.0,0.0,0.0,0.0,0.0,0.0,0.0,0.0,0.0,0.0,0.0,0.0,0.0,0.0,0.0,0.0,0.0,0.0,0.0,0.0,0.0,0.0,0.0,0.0,0.0,0.0,0.0,0.0,0.0,0.0,0.0,0.0,0.0,0.0,0.0,0.0,0.0,0.0,0.0,0.0,0.0,0.0,0.0,0.0,0.0,0.0,0.0,0.0,0.0,0.0,0.0,0.0,0.0,0.0,0.0,0.0,0.0,0.0,0.0,0.0,0.0,0.0,0.0,0.0,0.0,0.0,0.0,0.0,0.0,0.0,0.0,0.0,0.0,0.0,0.0,0.0,0.0,0.0,0.0,0.0,0.0,0.0,0.0,0.0,0.0,0.0,0.0,0.0,0.0,0.0,0.0,0.0,0.0,0.0,0.0,0.0,0.0,0.0,0.0,0.0,0.0,0.0,0.0,0.0,0.0,0.0,0.0,0.0,0.0,0.0,0.0,0.0,0.0,0.0,0.0,0.0,0.0,0.0,0.0,0.0,0.0,0.0,0.0,0.0,0.0,0.0,0.0,0.0,0.0,0.0,0.0,0.0,0.0,0.0,0.0,0.0,0.0,0.0,0.0,0.0,0.0,0.0,0.0,0.0,0.0,0.0,0.0,0.0,0.0,0.0,0.0,0.0,0.0,0.0,0.0,0.0,0.0,0.0,0.0,0.0,0.0,0.0,0.0,0.0,0.0,0.0,0.0,0.0,0.0,0.0,0.0,0.0,0.0,0.0,0.0,0.0,0.0,0.0,0.0,0.0,0.0,0.0,0.0,0.0,0.0,0.0,0.0,0.0,0.0,0.0,0.0,0.0,0.0,0.0,0.0,0.0,0.0,0.0,0.0,0.0,0.0,0.0,0.0,0.0,0.0,0.0,0.0,0.0,0.0,0.0,0.0,0.0,0.0,0.0,0.0,0.0,0.0,0.0,0.0,0.0,0.0,0.0,0.0,0.0,0.0,0.0,0.0,0.0,0.0,0.0,0.0,0.0,0.0,0.0,0.0,0.0,0.0,0.0,0.0,0.0,0.0,0.0,0.0,0.0,0.0,0.0,0.0,0.0,0.0,0.0,0.0,0.0,0.0,0.0,0.0,0.0,0.0,0.0,0.0,0.0,0.0,0.0,0.0,0.0,0.0,0.0,0.0,0.0,0.0,0.0,0.0,0.0,0.0,0.0,0.0,0.0,0.0,0.0,0.0,0.0,0.0,0.0,0.0,0.0,0.0,0.0,0.0,0.0,0.0,0.0,0.0,0.0,0.0,0.0,0.0,0.0,0.0,0.0,0.0,0.0,0.0,0.0,0.0,0.0,0.0,0.0,0.0,0.0,0.0,0.0,0.0,0.0,0.0,0.0,0.0,0.0,0.0,0.0,0.0,0.0,0.0,0.0,0.0,0.0,0.0,0.0,0.0,0.0,0.0,0.0,0.0,0.0,0.0,0.0,0.0,0.0,0.0,0.0,0.0,0.0,0.0,0.0,0.0,0.0,0.0,0.0,0.0,0.0,0.0,0.0,0.0,0.0,0.0,0.0,0.0,0.0,0.0,0.0,0.0,0.0,0.0,0.0,0.0,0.0,0.0,0.0,0.0,0.0,0.0,0.0,0.0,0.0,0.0,0.0,0.0,0.0,0.0,0.0,0.0,0.0,0.0,0.0,0.0,0.0,0.0,0.0,0.0,0.0,0.0,0.0,0.0,0.0,0.0,0.0,0.0,0.0,0.0,0.0,0.0,0.0,0.0,0.0,0.0,0.0,0.0,0.0,0.0,0.0,0.0,0.0,0.0,0.0,0.0,0.0,0.0,0.0,0.0,0.0,0.0,0.0,0.0,0.0,0.0,0.0,0.0,0.0,0.0,0.0,0.0,0.0,0.0,0.0,0.0,0.0,0.0,0.0,0.0,0.0,0.0,0.0,0.0,0.0,0.0,0.0,0.0,0.0,0.0,0.0,0.0,0.0,0.0,0.0,0.0,0.0,0.0,0.0,0.0,0.0,0.0,0.0,0.0,0.0,0.0,0.0,0.0,0.0,0.0,0.0,0.0,0.0,0.0,0.0,0.0,0.0,0.0,0.0,0.0,0.0,0.0,0.0,0.0,0.0,0.0,0.0,0.0,0.0,0.0,0.0,0.0,0.0,0.0,0.0,0.0,0.0,0.0,0.0,0.0,0.0,0.0,0.0,0.0,0.0,0.0,0.0,0.0,0.0,0.0,0.0,0.0,0.0,0.0,0.0,0.0,0.0,0.0,0.0,0.0,0.0,0.0,0.0,0.0,0.0,0.0,0.0,0.0,0.0,0.0,0.0,0.0,0.0,0.0,0.0,0.0,0.0,0.0,0.0,0.0,0.0,0.0,0.0,0.0,0.0,0.0,0.0,0.0,0.0,0.0,0.0,0.0,0.0,0.0,0.0,0.0,0.0,0.0,0.0,0.0,0.0,0.0,0.0,0.0,0.0,0.0,0.0,0.0,0.0,0.0,0.0,0.0,0.0,0.0,0.0,0.0,0.0,3.682593194073332e-06,7.375331054319147e-06,1.1078412404587554e-05,1.4792041123180932e-05,1.851642628143582e-05,2.225178228805271e-05,2.599832903770087e-05,2.9756292065497734e-05,3.352590270623405e-05,3.730739825998854e-05,4.110102216315542e-05,4.490702416561206e-05,4.8725660514556175e-05,5.2557194144895424e-05,5.640189487664838e-05,6.0260039619699464e-05,6.413191258592795e-05,6.801780550996751e-05,7.191801787679599e-05,7.583285716029508e-05,7.976263906881498e-05,8.370768780135933e-05,8.766833631325146e-05,9.164492659259152e-05,9.563780994727416e-05,9.964734730362113e-05,0.00010367390951689234,0.0001077178776941837,0.00011177964353090755,0.0001158596096605076,0.00011995819001902245,0.00012407581022439728,0.00012821290797222846,0.00013236993344778802,0.00013654734975577105,0.00014074563336839322,0.00014496527459313465,0.00014920677806047074,0.00015347066323339096,0.0001577574649393222,0.00016206773392579932,0.00016640203744138732,0.00017076095984268818,0.0001751451032294418,0.000179555088108777,0.00018399155409034554,0.0001884551606144477,0.00019294658771431246,0.0001974665368150417,0.00020201573157100378,0.00020659491874402183,0.00021120486912463497,0.00021584637849898387,0.00022052026866415072,0.00022522738849459366,0.00022996861506297765,0.000234744854818477,0.0002395570448264554,0.0002444061540727531,0.0002492931848373168,0.00025421917414081415,0.0002591851952694539,0.0002641923593829071,0.00026924181721030364,0.0002743347608408814,0.0002794724256148068,0.0002846560921212762,0.0002898870883114205,0.0002951667917323581,0.000300496631893769,0.00030587809277281454,0.0003113127154694213,0.0003168021010221653,0.00032234791339535307,0.00032795188265202985,0.00033361580832389165,0.0003393415629947953,0.0003451310961131787,0.0003509864380512197,0.00035690970442937657,0.00036290310072709006,0.00036896892720344766,0.00037510958415072463,0.00038132757750971533,0.0003876255248741388,0.000394006161920148,0.00040047234929307187,0.0004070270799926168,0.0004136734872986753,0.000420414853286133,0.000427254617979824,0.00043419638920763495,0.0004412439532163292,0.00044840128612032455,0.00045567256626038413,0.0004630621875613075,0.0004705747739831174,0.0004782151951746963,0.00048598858344896896,0.000493900352213084,0.0005019562160043619,0.0005101622122980871,0.0005185247252770897,0.0005270505117731134,0.0005357467296193645,0.0005446209686820792,0.0005536812848771124,0.000562936237513809,0.0005723949303589012,0.0005820670568658516,0.0005919629500759742,0.0006020936377734475,0.0006124709035581527,0.0006231073546010362,0.0006340164969613304,0.0006452128194823764,0.000656711887442122,0.0006685304473239451,0.0006806865443024467,0.0006931996542982954,0.0007060908327886897,0.0007193828829319562,0.0007331005460349287,0.0007472707179490991,0.0007619226956583747,0.0007770884591499621,0.0007928029946736764,0.0008091046667430947,0.000826035647770352,0.0008436424161565292,0.000861976336049758,0.0008810943350093325,0.0009010596996389528,0.0009219430141197254,0.0009438232728271544,0.000966789206288799,0.000990940870256929,0.001016391561468442,0.0010432701419349814,0.001071723878011627,0.0011019219334094212,0.0011340597001794049,0.0011683642134606446,0.001205100981902886,0.0012445826871162506,0.001287180379096477,0.0013333380461589875,0.0013835918079319178,0.0014385955327241538,0.001499155519885578,0.0015662781838277594,0.0016412367116480863,0.0017256659235374788,0.001821699818856547,0.0019321749349871203,0.002060936729639954,0.0022133086796382287,0.002396816527455474,0.002622294165105406,0.0029054724737396626,0.0032688167105062544,0.0037419794549203387,0.004355823528990394,0.005123528400135608,0.00601778906466791,0.00697426866740927,0.007923772744022596,0.008818385847899337,0.009636269088424815,0.010375382736343053,0.011046492622622053,0.0116695396043503,0.012274620304479844,0.012903122503233356,0.013591435235695327,0.014346543798733496,0.015148742825624496,0.01596889078330014,0.016780512733366813,0.01756432809503936,0.01830839167216299,0.019006574719620226,0.01965680328054323,0.020259590053991132,0.020816968485178184,0.021331776830143305,0.021807202199478095,0.02224650287109303,0.022652847145758076,0.02302922597269293,0.023378411093763696,0.023702940582912935,0.02400512037341576,0.02428703469296605,0.02455056106684989,0.0247973872666569,0.02502902865124217,0.0252468450091845,0.025452056420093065,0.025645757901385107,0.025828932758541243,0.026002464644741465,0.026167148387166505,0.026323699663235233,0.026472763622444884,0.026614922552055355,0.026750702682897354,0.0268805802261799,0.027004986725516288,0.02712431380095147,0.027238917354345846,0.027349121298230333,0.027455220863838486,0.02755748553712007,0.02765616166667702,0.027751474781989416,0.02784363165587839,0.027932822141128688,0.02801922080763173,0.02810298840315715,0.02818427315818055,0.028263211952655794,0.02833993136054275,0.028414548585887475,0.02848717230280884,0.028557903409982942,0.028626835709137877,0.0286940565161877,0.028759647211957264,0.028823683739313925,0.028886237052393952,0.028947373523019827,0.02900715530880929,0.029065640686998007,0.02912288435745295,0.02917893771826435,0.029233849116390313,0.029287664076046913,0.029340425507060123,0.029392173895142884,0.02944294747575199,0.029492782393323536,0.029541712847023224,0.029589771224637556,0.029636988225356178,0.029683392972569292,0.02972901311797641,0.0297738749371156,0.02981800341772387,0.029861422341135216,0.029904154357541114,0.029946221055733153,0.029987643027368786,0.030028439926825357,0.03006863052655771,0.030108232768563,0.03014726381216006,0.030185740078445985,0.030223677291752717,0.030261090518144955,0.030297994201441244,0.030334402196783104,0.030370327802002814,0.030405783786910442,0.030440782420817696,0.030475335498177814,0.030509454362675756,0.03054314992988363,0.030576432708358012,0.030609312819594357,0.030641800016777833,0.030673903702363784,0.03070563294462928,0.030736996493379548,0.03076800279453328,0.030798660004073466,0.030828976001168497,0.030858958400451508,0.030888614563807527,0.030917951611413502,0.030946976432092974,0.030975695693355496,0.031004115850709422,0.031032243156519364,0.031060083668462923,0.031087643257519202,0.0311149276156874,0.031141942262936526,0.031168692554244475,0.03119518368606121,0.03122142070254817,0.031247408501388838,0.0312731518394678,0.031298655338197,0.03132392348919102,0.03134896065761574,0.03137377108798002,0.03139835890843371,0.03142272813498504,0.03144688267540996,0.03147082633314974,0.03149456281100851,0.03151809571465118,0.03154142855599176,0.03156456475645915,0.03158750764989796,0.03161026048576006,0.03163282643186033,0.03165520857706448,0.03167740993386331,0.03169943344096748,0.0317212819656189,0.03174295830595658,0.03176446519306241,0.03178580529339728,0.03180698121052845,0.03182799548723869,0.031848850607380554,0.03186954899767674,0.03189009302947576,0.03191048502041988,0.0319307272360395,0.031950821891378815,0.03197077115237662,0.03199057713738375,0.032010241918543146,0.03202976752312157,0.032049155934740066,0.032068409094756355,0.03208752890328429,0.032106517220530685,0.03212537586782654,0.03214410662864166,0.03216271124971184,0.032181191442021466,0.032199548881850434,0.032217785211466274,0.0322359020403493,0.03225390094587819,0.03227178347420841,0.03228955114114893,0.03230720543283854,0.03232474780654631,0.03234217969171868,0.03235950249016243,0.03237671757711171,0.03239382630174464,0.03241082998797045,0.03242772993494181,0.03244452741772739,0.03246122368788247,0.03247781997403409,0.03249431748243335,0.03251071739750202,0.03252702088238421,0.032543229079350665,0.032559343110447725,0.03257536407786,0.03259129306444131,0.03260713113411589,0.0326228793323513,0.03263853868656482,0.03265411020656946,0.032669594884918524,0.03268499369739217,0.032700307603219306,0.03271553754561948,0.032730684452115605,0.03274574923473412,0.03276073279054019,0.03277563600191316,0.03279045973678007,0.03280520484903256,0.03281987217877422,0.032834462552658684,0.03284897678411635,0.03286341567368256,0.032877780009249964,0.032892070566348096,0.03290628810838397,0.03292043338690572,0.03293450714187299,0.032948510101806376,0.032962442984133894,0.03297630649536211,0.032990101331254525,0.033003828177162034,0.033017487708133314,0.033031080589113256,0.033044607475253326,0.03305806901197596,0.03307146583525277,0.03308479857174448,0.03309806783899699,0.03311127424563301,0.033124418391498316,0.03313750086783435,0.033150522257466,0.03316348313493391,0.03317638406666149,0.0331892256110949,0.033202008318875986,0.033214732732972735,0.03322739938883496,0.03324000881454532,0.03325256153088766,0.033265058051553394,0.03327749888321807,0.03328988452572151,0.03330221547215334,0.03331449220900305,0.03332671521623482,0.0333388849673763,0.033351001929779814,0.033363066564587915,0.03337507932691792,0.0333870406659031,0.03339895102493655,0.03341081084147176,0.03342262054741654,0.033434380569208964,0.03344609132774216,0.033457753238598335,0.03346936671206583,0.03348093215330903,0.03349244996231114,0.033503920534093345,0.03351534425880872,0.03352672152166717,0.03353805270316678,0.03354933817909085,0.033560578320726155,0.03357177349471124,0.033582924063270694,0.03359403038425959,0.033605092811166366,0.03361611169328539,0.03362708737571831,0.033638020199455776,0.03364891050142515,0.033659758614639025,0.033670564868148005,0.033681329587089366,0.03369205309289363,0.03370273570320907,0.033713377731973124,0.03372397948962445,0.03373454128289829,0.03374506341508179,0.03375554618606038,0.03376598989212678,0.03377639482628939,0.03378676127849569,0.03379708953516556,0.033807379879550764,0.03381763259182365,0.03382784794898282,0.03383802622500975,0.03384816769083591,0.03385827261442506,0.03386834126078645,0.03387837389213466,0.033888370767690454,0.03389833214400225,0.03390825827473518,0.033918149410962724,0.033928005800967206,0.033937827690431854,0.03394761532238463,0.033957368937337314,0.033967088773192954,0.03397677506544528,0.03398642804705928,0.03399604794856996,0.034005634998146274,0.03401518942156205,0.03402471144225423,0.034034201281432,0.03404365915792148,0.03405308528838709,0.03406247988733493,0.034071843166908894,0.03408117533727321,0.03409047660643732,0.03409974718030851,0.034108987262728076,0.03411819705551816,0.034127376758476886,0.034136526569419935,0.03414564668424899,0.034154737296910494,0.034163798599310305,0.0341728307817578,0.03418183403253424,0.03419080853806245,0.03419975448304584,0.03420867205036802,0.03421756142115211,0.03422642277481061,0.03423525628897725,0.03424406213965008,0.034252840501143744,0.03426159154617246,0.034270315445651504,0.03427901236906249,0.0342876824842354,0.03429632595742541,0.03430494295337071,0.03431353363522822,0.03432209816467904,0.034330636701926064,0.03433914940563148,0.0343476364330709,0.03435609794004492,0.03436453408094457,0.03437294500876185,0.034381330875108834,0.03438969183020303,0.03439802802293279,0.034406339600834966,0.03441462671014605,0.03442288949569717,0.03443112810123006,0.03443934266904679,0.03444753334024834,0.03445570025467186,0.03446384355094522,0.03447196336646877,0.034480059837443004,0.034488133098886604,0.03449618328464184,0.034504210527444235,0.03451221495872979,0.03452019670895167,0.034528155907394165,0.03453609268223082,0.0345440071605484,0.03455189946834622,0.03455976973053797,0.03456761807103071,0.034575444612634766,0.03458324947714839,0.03459103278534693,0.034598794657016284,0.034606535210839624,0.0346142545646469,0.03462195283522141,0.034629630138394076,0.03463728658903014,0.0346449223010797,0.034652537387513754,0.034660131960364556,0.03466770613084875,0.03467526000919662,0.034682793704777636,0.034690307326043036,0.034697800980588514,0.034705274775162116,0.03471272881559228,0.03472016320691685,0.034727578053319906,0.034734973458132166,0.034742349523933846,0.03474970635245963,0.03475704404455639,0.03476436270035138,0.03477166241925937,0.03477894329976356,0.034786205439673645,0.03479344893601539,0.03480067388506685,0.03480788038232996,0.03481506852260355,0.034822238399967224,0.03482939010769139,0.03483652373841693,0.03484363938404416,0.03485073713579028,0.03485781708415487,0.03486487931895843,0.03487192392934175,0.03487895100376787,0.03488596063002231,0.03489295289530099,0.034899927886047385,0.034906885688081465,0.03491382638661657,0.03492075006623159,0.034927656810855204,0.03493454670379788,0.034941419827735375,0.034948276264815795,0.03495511609649529,0.034961939403692806,0.0349687462666331,0.03497553676508229,0.03498231097816934,0.0349890689844303,0.03499581086187013,0.03500253668790024,0.03500924653939491,0.03501594049266788,0.035022618623482576,0.03502928100706409,0.035035927718105334,0.03504255883076053,0.035049174418666146,0.035055774554905605,0.03506235931208479,0.03506892876226568,0.035075482977036186,0.03508202202745922,0.035088545984119764,0.03509505491706676,0.03510154889592331,0.035108027989768,0.03511449226722828,0.03512094179646309,0.03512737664514785,0.03513379688049622,0.03514020256927525,0.03514659377777098,0.035152970571835626,0.035159333016836304,0.03516568117773068,0.03517201511902871,0.03517833490479703,0.03518464059865765,0.035190932263827954,0.03519720996309485,0.035203473758800743,0.03520972371288985,0.03521595988688845,0.035222182341914515,0.03522839113866929,0.035234586337471466,0.03524076799821689,0.03524693618045279,0.035253090943218095,0.035259232345289535,0.03526536044500752,0.03527147530035091,0.03527757696884235,0.035283665507739134,0.03528974097385185,0.035295803423641144,0.03530185291321659,0.03530788949830228,0.03531391323425246,0.035319924176142325,0.03532592237860467,0.03533190789595534,0.03533788078213629,0.03534384109081533,0.03534978887525552,0.03535572418839053,0.035361647082837046,0.03536755761088386,0.03537345582440014,0.03537934177507911,0.03538521551417922,0.03539107709271263,0.035396926561244074,0.035402763970166846,0.035408589369494634,0.03541440280888394,0.03542020433780594,0.035425994005334326,0.03543177186025084,0.035437537951068215,0.03544329232592999,0.035449035032659226,0.03545476611902305,0.03546048563227045,0.03546619361940803,0.035471890127159324,0.03547757520198047,0.035483248890076924,0.035488911237282345,0.03549456228919066,0.035500202091187025,0.03550583068829525,0.03551144812532105,0.03551705444678888,0.03552264969695668,0.03552823391981145,0.035533807159081124,0.03553936945823106,0.03554492086046496,0.035550461408767664,0.03555599114582045,0.035561510114072534,0.03556701835571114,0.03557251591271265,0.03557800282676637,0.03558347913933688,0.03558894489162143,0.03559440012461916,0.03559984487907544,0.0356052791954903,0.035610703114155366,0.03561611667504334,0.03562151991798331,0.0356269128825528,0.03563229560810284,0.035637668133780116,0.03564303049842245,0.035648382740732454,0.03565372489914122,0.0356590570119214,0.03566437911708106,0.03566969125239549,0.035674993455478754,0.03568028576372321,0.03568556821423833,0.03569084084401266,0.035696103689811944,0.035701356788115444,0.03570660017526845,0.03571183388746118,0.03571705796057866,0.035722272430380654,0.03572747733234367,0.035732672701857884,0.03573785857402567,0.03574303498383194,0.035748201965984265,0.03575335955505011,0.03575850778542461,0.03576364669127704,0.035768776306596244,0.03577389666520184,0.035779007800713705,0.03578410974656702,0.035789202536025404,0.035794286202172156,0.035799360777899705,0.03580442629593008,0.035809482788816675,0.03581453028893889,0.03581956882847235,0.0358245984394438,0.03582961915370235,0.035834631002930425,0.035839634018644644,0.035844628232185656,0.03584961367473306,0.035854590377298205,0.03585955837071802,0.03586451768568728,0.03586946835274349,0.03587441040221583,0.03587934386431678,0.03588426876909147,0.035889185146422996,0.03589409302603562,0.03589899243751007,0.03590388341025938,0.03590876597355147,0.03591364015650404,0.035918505988039175,0.035923363497033664,0.03592821271213318,0.03593305366183767,0.035937886374519376,0.035942710878396546,0.03594752720155024,0.03595233537187558,0.03595713541723954,0.035961927365251944,0.03596671124341881,0.035971487079109805,0.035976254899548345,0.03598101473182993,0.03598576660290761,0.03599051053958319,0.035995246568555225,0.03599997471636595,0.03600469500942453,0.03600940747401258,0.036014112136276526,0.03601880902223622,0.03602349815778004,0.03602817956868596,0.036032853280537284,0.0360375193188546,0.036042177709053845,0.03604682847633007,0.036051471645827365,0.036056107242552884,0.03606073529138149,0.03606535581707273,0.036069968844250955,0.036074574397440835,0.036079172501031875,0.036083763179278854,0.036088346456354344,0.036092922356310835,0.036097490903031874,0.036102052120333517,0.03610660603191592,0.036111152661339116,0.03611569203207466,0.03612022416745823,0.0361247490907186,0.03612926682499769,0.03613377739329612,0.036138280818509144,0.036142777123437206,0.03614726633075724,0.03615174846304813,0.03615622354277079,0.036160691592284216,0.03616515263384161,0.03616960668958996,0.03617405378157186,0.0361784939317279,0.036182927161887556,0.03618735349378504,0.03619177294905063,0.03619618554921058,0.036200591315692185,0.03620499026982313,0.03620938243282399,0.03621376782587643,0.03621814646991362,0.03622251838593943,0.036226883594739766,0.036231242117137116,0.0362355939736574,0.03623993918489109,0.036244277771295734,0.03624860975323224,0.03625293515096459,0.036257253984652286,0.036261566274371375,0.036265872040122195,0.036270171301792255,0.036274464079180925,0.03627875039200149,0.036283030259877815,0.036287303702356444,0.03629157073885608,0.03629583138877053,0.036300085671340465,0.036304333605752435,0.03630857521108467,0.036312810506361454,0.03631703951052134,0.03632126224238163,0.03632547872070232,0.03632968896412493,0.036333892991300035,0.03633809082069841,0.036342282470732165,0.03634646795976228,0.036350647306034135,0.03635482052772167,0.036358987642922676,0.0363631486696449,0.03636730362584368,0.03637145252935613,0.036375595397981395,0.03637973224940814,0.0363838631012608,0.036387987971085556,0.03639210687634878,0.03639621983444037,0.036400326862684455,0.036404427978315175,0.03640852319849791,0.03641261254031782,0.03641669602079684,0.03642077365687091,0.036424845465423523,0.03642891146324693,0.03643297166705793,0.03643702609351281,0.03644107475918886,0.03644511768059762,0.0364491548741782,0.03645318635630691,0.036457212143289466,0.036461232251306416,0.036465246696612996,0.03646925549516305,0.03647325866304729,0.03647725621621682,0.036481248170556965,0.036485234541887165,0.03648921534595618,0.036493190598445635,0.03649716031498441,0.03650112451111978,0.0365050832023317,0.036509036404064985,0.03651298413164598,0.03651692640040688,0.03652086322553262,0.0365247946222097,0.0365287206055218,0.03653264119056281,0.03653655639226181,0.036540466225553146,0.03654437070526739,0.03654826984621563,0.03655216366312936,0.03655605217065686,0.036559935383424814,0.03656381331597563,0.03656768598279716,0.036571553398274746,0.03657541557687042,0.036579272532847526,0.036583124280450616,0.03658697083388884,0.036590812207278306,0.03659464841472519,0.03659847947023985,0.03660230538778296,0.0366061261812562,0.03660994186452438,0.036613752451364306,0.03661755795552561,0.036621358390682264,0.03662515377048313,0.036628944108491185,0.036632729418228635,0.03663650971315137,0.036640285006656656,0.036644055312115176,0.036647820642841375,0.03665158101212623,0.03665533643310567,0.03665908691898108,0.03666283248277257,0.036666573137551846,0.036670308896316915,0.03667403977200362,0.03667776577749037,0.03668148692562581,0.03668520322918638,0.03668891470090806,0.036692621353476486,0.036696323199523276,0.0367000202516363,0.03670371252235149,0.036707400024172145,0.03671108276954986,0.03671476077079318,0.03671843404030002,0.036722102590360184,0.03672576643321918,0.03672942558106254,0.036733080046051594,0.036736729840277704,0.03674037497581069,0.03674401546466059,0.03674765131880283,0.03675128255012121,0.036754909170499075,0.03675853119177326,0.036762148625718985,0.03676576148407023,0.03676936977852295,0.03677297352071839,0.03677657272223231,0.03678016739465894,0.03678375754945179,0.036787343198175386,0.03679092435221525,0.03679450102293473,0.03679807322168355,0.03680164095974293,0.03680520424841678,0.03680876309885962,0.03681231752225171,0.03681586752972761,0.03681941313237414,0.03682295434123789,0.03682649116731259,0.03683002362155415,0.03683355171488943,0.036837075458194604,0.036840594862303955,0.036844109938031576,0.036847620696102236,0.03685112714725486,0.03685462930216479,0.03685812717144623,0.03686162076573704,0.03686511009557763,0.03686859517149596,0.036872076003960245,0.03687555260341994,0.03687902498026295,0.03688249314486013,0.03688595710757247,0.03688941687863621,0.03689287246832537,0.03689287251922862,0.03689287252360203,0.03689287252080773,0.03689287251699615,0.036892872513124675,0.03689287250934399,0.036892872505678694,0.036892872502132974,0.03689287249870701,0.03689287249539974,0.03689287249220922,0.036892872489132866,0.03689287248616762,0.03689287248330992,0.03689287248055594,0.036892872477901524,0.036892872475342425,0.03689287247287426,0.036892872470492596,0.036892872468192985,0.03689287246597108,0.03689287246382257,0.03689287246174327,0.03689287245972915,0.03689287245777631,0.036892872455880986,0.036892872454039674,0.036892872452248954,0.0368928724505056,0.036892872448806624,0.03689287244714916,0.03689287244553054,0.03689287244394827,0.03689287244239996,0.03689287244088347,0.0368928724393967,0.036892872437937846,0.03689287243650505,0.036892872435096716,0.0368928724337113,0.03689287243234745,0.036892872431003795,0.03689287242967915,0.03689287242837243,0.03689287242708257,0.03689287242580863,0.03689287242454973,0.03689287242330502,0.03689287242207385,0.036892872420855094,0.03689287241964895,0.036892872418454264,0.036892872417270635,0.03689287241609744,0.03689287241493442,0.036892872413781023,0.03689287241263691,0.036892872411501645,0.036892872410374956,0.036892872409256545,0.03689287240814609,0.03689287240704334,0.03689287240594806,0.03689287240486003,0.03689287240377903,0.03689287240270487,0.03689287240163736,0.03689287240057636,0.0368928723995217,0.036892872398473255,0.03689287239743087,0.036892872396394445,0.036892872395363825,0.036892872394338916,0.036892872393319606,0.036892872392305855,0.036892872391297536,0.036892872390294575,0.036892872389296845,0.03689287238830436,0.03689287238731696,0.03689287238633463,0.0368928723853573,0.03689287238438492,0.03689287238341741,0.03689287238245474,0.03689287238149682,0.036892872380543666,0.03689287237959516,0.03689287237865131,0.03689287237771206,0.03689287237677736,0.03689287237584716,0.03689287237492144,0.036892872374000144,0.03689287237308326,0.03689287237217077,0.03689287237126257,0.036892872370358674,0.03689287236945904,0.03689287236856364,0.036892872367672434,0.036892872366785415,0.036892872365902545,0.036892872365023734,0.036892872364149065,0.036892872363278435,0.03689287236241185,0.03689287236154926,0.03689287236069066,0.036892872359835995,0.036892872358985286,0.03689287235813844,0.0368928723572955,0.036892872356456406,0.03689287235562114,0.03689287235478968,0.03689287235396199,0.03689287235313807,0.03689287235231786,0.03689287235150139,0.036892872350688624,0.03689287234987949,0.03689287234907401,0.036892872348272175,0.03689287234747392,0.03689287234667925,0.03689287234588815,0.03689287234510057,0.03689287234431653,0.03689287234353596,0.03689287234275887,0.03689287234198525,0.03689287234121508,0.03689287234044828,0.03689287233968492,0.03689287233892492,0.03689287233816827,0.03689287233741496,0.03689287233666496,0.03689287233591826,0.03689287233517485,0.03689287233443471,0.0368928723336978,0.036892872332964094,0.03689287233223362,0.036892872331506316,0.03689287233078219,0.03689287233006122,0.03689287232934338,0.03689287232862865,0.03689287232791703,0.03689287232720847,0.03689287232650298,0.036892872325800546,0.036892872325101134,0.03689287232440473,0.03689287232371133,0.0368928723230209,0.03689287232233343,0.0368928723216489,0.03689287232096731,0.03689287232028862,0.036892872319612836,0.036892872318939916,0.03689287231826986,0.03689287231760265,0.03689287231693829,0.036892872316276755,0.03689287231561799,0.03689287231496203,0.03689287231430885,0.03689287231365839,0.03689287231301068,0.036892872312365696,0.03689287231172343,0.03689287231108386,0.03689287231044696,0.036892872309812724,0.03689287230918115,0.036892872308552205,0.03689287230792585,0.03689287230730213,0.03689287230668102,0.03689287230606245,0.03689287230544648,0.03689287230483305,0.03689287230422215,0.03689287230361379,0.03689287230300791,0.03689287230240457,0.03689287230180367,0.036892872301205255,0.036892872300609295,0.036892872300015776,0.03689287229942468,0.03689287229883601,0.036892872298249745,0.03689287229766587,0.03689287229708437,0.036892872296505244,0.03689287229592846,0.03689287229535402,0.0368928722947819,0.036892872294212106,0.03689287229364461,0.03689287229307941,0.03689287229251651,0.03689287229195586,0.03689287229139745,0.036892872290841296,0.036892872290287364,0.036892872289735625,0.03689287228918614,0.036892872288638835,0.03689287228809373,0.03689287228755079,0.03689287228701,0.03689287228647139,0.036892872285934894,0.03689287228540054,0.03689287228486831,0.03689287228433816,0.03689287228381011,0.036892872283284146,0.036892872282760274,0.03689287228223844,0.03689287228171868,0.03689287228120095,0.03689287228068525,0.03689287228017158,0.0368928722796599,0.03689287227915025,0.03689287227864257,0.03689287227813687,0.03689287227763313,0.03689287227713136,0.03689287227663155,0.03689287227613367,0.036892872275637714,0.036892872275143686,0.03689287227465158,0.03689287227416137,0.036892872273673036,0.03689287227318658,0.036892872272702014,0.0368928722722193,0.03689287227173844,0.036892872271259425,0.036892872270782244,0.03689287227030691,0.03689287226983335,0.03689287226936164,0.03689287226889167,0.036892872268423534,0.03689287226795716,0.03689287226749257,0.03689287226702974,0.036892872266568656,0.03689287226610934,0.03689287226565173,0.03689287226519587,0.03689287226474172,0.03689287226428927,0.036892872263838535,0.03689287226338948,0.036892872262942134,0.03689287226249647,0.036892872262052456,0.03689287226161013,0.036892872261169406,0.036892872260730354,0.036892872260292926,0.036892872259857136,0.03689287225942299,0.036892872258990426,0.03689287225855946,0.036892872258130094,0.03689287225770233,0.03689287225727615,0.03689287225685154,0.0368928722564285,0.036892872256007014,0.03689287225558705,0.03689287225516868,0.0368928722547518,0.036892872254336455,0.036892872253922654,0.036892872253510345,0.036892872253099555,0.03689287225269028,0.03689287225228248,0.036892872251876166,0.03689287225147134,0.03689287225106798,0.036892872250666085,0.03689287225026563,0.03689287224986664,0.0368928722494691,0.03689287224907298,0.03689287224867831,0.036892872248285045,0.03689287224789321,0.03689287224750279,0.03689287224711375,0.036892872246726126,0.036892872246339886,0.03689287224595501,0.03689287224557152,0.03689287224518942,0.03689287224480867,0.036892872244429276,0.0368928722440512,0.03689287224367451,0.036892872243299124,0.03689287224292511,0.036892872242552395,0.03689287224218104,0.036892872241810974,0.03689287224144221,0.036892872241074764,0.0368928722407086,0.03689287224034375,0.03689287223998014,0.03689287223961783,0.03689287223925679,0.03689287223889703,0.03689287223853851,0.03689287223818127,0.036892872237825246,0.0368928722374705,0.036892872237116965,0.03689287223676468,0.03689287223641362,0.03689287223606376,0.03689287223571513,0.036892872235367705,0.0368928722350215,0.03689287223467646,0.03689287223433262,0.03689287223399,0.03689287223364853,0.03689287223330828,0.036892872232969144,0.036892872232631185,0.03689287223229441,0.03689287223195879,0.03689287223162432,0.03689287223129097,0.03689287223095879,0.03689287223062773,0.036892872230297816,0.03689287222996901,0.036892872229641334,0.03689287222931479,0.03689287222898932,0.03689287222866499,0.03689287222834175,0.036892872228019596,0.036892872227698555,0.03689287222737859,0.0368928722270597,0.03689287222674188,0.03689287222642514,0.03689287222610946,0.03689287222579484,0.036892872225481294,0.03689287222516879,0.03689287222485733,0.036892872224546916,0.03689287222423756,0.0368928722239292,0.0368928722236219,0.0368928722233156,0.03689287222301034,0.03689287222270611,0.03689287222240288,0.036892872222100685,0.03689287222179945,0.036892872221499236,0.03689287222119998,0.036892872220901755,0.036892872220604486,0.03689287222030823,0.03689287222001293,0.03689287221971862,0.03689287221942528,0.036892872219132865,0.03689287221884145,0.03689287221855102,0.036892872218261485,0.03689287221797293,0.036892872217685314,0.03689287221739859,0.036892872217112876,0.036892872216828076,0.0368928722165442,0.036892872216261245,0.036892872215979214,0.036892872215698085,0.036892872215417885,0.03689287221513861,0.03689287221486028,0.03689287221458279,0.036892872214306184,0.03689287221403049,0.03689287221375568,0.03689287221348176,0.036892872213208715,0.03689287221293656,0.036892872212665274,0.03689287221239486,0.03689287221212532,0.03689287221185663,0.03689287221158882,0.03689287221132186,0.036892872211055756,0.03689287221079049,0.036892872210526076,0.036892872210262495,0.03689287220999978,0.0368928722097379,0.03689287220947684,0.036892872209216596,0.03689287220895719,0.03689287220869854,0.03689287220844074,0.0368928722081838,0.03689287220792764,0.03689287220767231,0.036892872207417785,0.03689287220716406,0.036892872206911155,0.036892872206659016,0.03689287220640767,0.03689287220615712,0.036892872205907354,0.036892872205658386,0.036892872205410175,0.03689287220516277,0.03689287220491611,0.03689287220467022,0.0368928722044251,0.03689287220418075,0.03689287220393716,0.03689287220369433,0.03689287220345225,0.036892872203210934,0.03689287220297034,0.03689287220273051,0.03689287220249145,0.03689287220225307,0.036892872202015446,0.036892872201778566,0.03689287220154242,0.036892872201307006,0.036892872201072305,0.03689287220083831,0.03689287220060503,0.0368928722003725,0.03689287220014067,0.03689287219990952,0.03689287219967911,0.03689287219944941,0.036892872199220376,0.03689287219899208,0.03689287219876448,0.03689287219853754,0.03689287219831132,0.03689287219808578,0.0368928721978609,0.036892872197636734,0.03689287219741324,0.03689287219719041,0.036892872196968275,0.0368928721967468,0.036892872196526004,0.03689287219630585,0.03689287219608638,0.03689287219586757,0.03689287219564943,0.03689287219543193,0.03689287219521509,0.036892872194998906,0.036892872194783335,0.03689287219456845,0.03689287219435419,0.03689287219414055,0.0368928721939276,0.03689287219371526,0.03689287219350353,0.03689287219329248,0.03689287219308201,0.03689287219287219,0.036892872192663004,0.03689287219245441,0.03689287219224645,0.03689287219203909,0.03689287219183236,0.03689287219162628,0.036892872191420754,0.03689287219121584,0.03689287219101155,0.036892872190807835,0.03689287219060475,0.036892872190402236,0.036892872190200335,0.03689287218999902,0.036892872189798295,0.036892872189598164,0.0368928721893986,0.036892872189199635,0.03689287218900125,0.036892872188803445,0.03689287218860621,0.03689287218840955,0.03689287218821348,0.03689287218801796,0.03689287218782302,0.03689287218762864,0.036892872187434825,0.03689287218724156,0.03689287218704886,0.03689287218685674,0.036892872186665156,0.03689287218647415,0.03689287218628364,0.036892872186093724,0.036892872185904334,0.03689287218571552,0.036892872185527226,0.03689287218533946,0.03689287218515225,0.03689287218496558,0.036892872184779414,0.0368928721845938,0.03689287218440872,0.03689287218422416,0.03689287218404016,0.03689287218385664,0.036892872183673674,0.03689287218349122,0.036892872183309285,0.036892872183127874,0.03689287218294696,0.03689287218276657,0.036892872182586675,0.03689287218240732,0.03689287218222844,0.036892872182050104,0.03689287218187226,0.03689287218169491,0.03689287218151804,0.03689287218134169,0.036892872181165846,0.03689287218099049,0.03689287218081565,0.03689287218064124,0.036892872180467384,0.036892872180293974,0.03689287218012111,0.03689287217994867,0.036892872179776715,0.036892872179605254,0.03689287217943427,0.036892872179263736,0.036892872179093684,0.036892872178924126,0.036892872178755,0.036892872178586375,0.0368928721784182,0.03689287217825051,0.036892872178083284,0.03689287217791651,0.036892872177750204,0.03689287217758434,0.036892872177418955,0.03689287217725404,0.03689287217708954,0.03689287217692552,0.036892872176761925,0.0368928721765988,0.03689287217643612,0.036892872176273885,0.0368928721761121,0.03689287217595075,0.03689287217578984,0.036892872175629365,0.03689287217546934,0.03689287217530975,0.03689287217515058,0.03689287217499187,0.036892872174833564,0.036892872174675705,0.03689287217451826,0.03689287217436126,0.03689287217420468,0.036892872174048526,0.03689287217389278,0.036892872173737455,0.03689287217358256,0.03689287217342808,0.036892872173274006,0.03689287217312038,0.036892872172967134,0.03689287217281432,0.0368928721726619,0.03689287217250989,0.03689287217235828,0.03689287217220712,0.03689287217205632,0.036892872171905934,0.03689287217175594,0.036892872171606354,0.03689287217145718,0.036892872171308384,0.036892872171159996,0.036892872171012,0.03689287217086443,0.03689287217071721,0.03689287217057039,0.03689287217042396,0.03689287217027792,0.03689287217013224,0.03689287216998697,0.036892872169842085,0.036892872169697576,0.03689287216955344,0.036892872169409695,0.03689287216926634,0.03689287216912334,0.03689287216898072,0.03689287216883847,0.03689287216869659,0.036892872168555094,0.03689287216841397,0.03689287216827321,0.03689287216813281,0.03689287216799277,0.036892872167853114,0.03689287216771384,0.03689287216757489,0.03689287216743632,0.0368928721672981,0.03689287216716024,0.036892872167022736,0.0368928721668856,0.03689287216674882,0.036892872166612384,0.03689287216647629,0.03689287216634056,0.03689287216620516,0.03689287216607014,0.03689287216593545,0.03689287216580111,0.036892872165667105,0.036892872165533455,0.03689287216540013,0.03689287216526717,0.03689287216513454,0.03689287216500225,0.03689287216487028,0.036892872164738674,0.0368928721646074,0.03689287216447644,0.03689287216434583,0.036892872164215544,0.036892872164085586,0.03689287216395597,0.036892872163826675,0.03689287216369771,0.036892872163569075,0.03689287216344075,0.03689287216331273,0.03689287216318508,0.036892872163057755,0.0368928721629309,0.03689287216280427,0.03689287216267791,0.03689287216255194,0.036892872162426156,0.0368928721623007,0.036892872162175586,0.036892872162050776,0.03689287216192627,0.036892872161802086,0.0368928721616782,0.03689287216155461,0.03689287216143136,0.03689287216130841,0.03689287216118575,0.036892872161063406,0.03689287216094135,0.0368928721608196,0.03689287216069818,0.036892872160577045,0.03689287216045619,0.036892872160335655,0.03689287216021541,0.036892872160095465,0.03689287215997582,0.03689287215985645,0.036892872159737376,0.03689287215961859,0.036892872159500115,0.03689287215938192,0.03689287215926401,0.03689287215914639,0.03689287215902907,0.03689287215891203,0.036892872158795276,0.03689287215867879,0.0368928721585626,0.03689287215844668,0.036892872158331064,0.03689287215821571,0.03689287215810061,0.03689287215798581,0.03689287215787132,0.03689287215775709,0.03689287215764312,0.03689287215752945,0.036892872157416025,0.03689287215730289,0.036892872157190004,0.03689287215707742,0.03689287215696511,0.03689287215685305,0.03689287215674125,0.03689287215662976,0.03689287215651849,0.03689287215640749,0.03689287215629678,0.03689287215618631,0.03689287215607612,0.03689287215596618,0.03689287215585651,0.036892872155747096,0.03689287215563795,0.03689287215552905,0.036892872155420406,0.03689287215531203,0.0368928721552039,0.03689287215509601,0.036892872154988404,0.03689287215488105,0.03689287215477394,0.036892872154667085,0.03689287215456049,0.03689287215445414,0.03689287215434803,0.03689287215424219,0.03689287215413656,0.03689287215403122,0.0368928721539261,0.036892872153821234,0.036892872153716616,0.03689287215361223,0.03689287215350809,0.03689287215340418,0.03689287215330051,0.0368928721531971,0.03689287215309391,0.03689287215299097,0.03689287215288827,0.03689287215278581,0.03689287215268357,0.03689287215258155,0.036892872152479786,0.03689287215237825,0.03689287215227696,0.03689287215217589,0.03689287215207505,0.03689287215197445,0.03689287215187408,0.03689287215177394,0.036892872151674014,0.03689287215157437,0.03689287215147491,0.03689287215137567,0.03689287215127665,0.03689287215117787,0.03689287215107931,0.03689287215098097,0.03689287215088286,0.03689287215078496,0.036892872150687296,0.03689287215058986,0.03689287215049262,0.0368928721503956,0.036892872150298815,0.03689287215020225,0.036892872150105865,0.036892872150009734,0.03689287214991379,0.0368928721498181,0.036892872149722596,0.0368928721496273,0.03689287214953222,0.03689287214943738,0.036892872149342726,0.03689287214924826,0.03689287214915403,0.03689287214906001,0.03689287214896619,0.036892872148872574,0.03689287214877916,0.03689287214868599,0.036892872148593,0.0368928721485002,0.03689287214840761,0.03689287214831526,0.03689287214822306,0.03689287214813107,0.03689287214803932,0.036892872147947744,0.03689287214785638,0.03689287214776521,0.03689287214767424,0.036892872147583466,0.03689287214749288,0.03689287214740251,0.03689287214731233,0.036892872147222346,0.036892872147132556,0.03689287214704295,0.03689287214695357,0.036892872146864354,0.03689287214677531,0.03689287214668649,0.03689287214659786,0.036892872146509416,0.03689287214642118,0.036892872146333126,0.03689287214624523,0.03689287214615756,0.03689287214607005,0.03689287214598274,0.03689287214589561,0.03689287214580866,0.036892872145721865,0.03689287214563527,0.03689287214554887,0.03689287214546267,0.036892872145376655,0.03689287214529082,0.03689287214520516,0.03689287214511969,0.03689287214503439,0.03689287214494927,0.03689287214486433,0.03689287214477958,0.03689287214469498,0.036892872144610574,0.03689287214452637,0.036892872144442306,0.036892872144358435,0.0368928721442747,0.0368928721441912,0.03689287214410785,0.03689287214402468,0.03689287214394167,0.036892872143858835,0.03689287214377618,0.0368928721436937,0.03689287214361139,0.036892872143529244,0.03689287214344725,0.03689287214336546,0.03689287214328382,0.03689287214320232,0.036892872143121036,0.03689287214303988,0.03689287214295893,0.03689287214287812,0.03689287214279747,0.036892872142716984,0.03689287214263666,0.036892872142556515,0.036892872142476524,0.036892872142396685,0.03689287214231706,0.03689287214223755,0.0368928721421582,0.03689287214207904,0.036892872142000044,0.03689287214192115,0.03689287214184247,0.03689287214176391,0.036892872141685566,0.036892872141607344,0.036892872141529275,0.036892872141451365,0.03689287214137359,0.036892872141295996,0.03689287214121856,0.03689287214114126,0.03689287214106413,0.036892872140987146,0.036892872140910325,0.036892872140833644,0.03689287214075708,0.0368928721406807,0.03689287214060448,0.03689287214052842,0.036892872140452504,0.03689287214037673,0.03689287214030112,0.03689287214022564,0.03689287214015031,0.03689287214007513,0.0368928721400001,0.03689287213992523,0.03689287213985049,0.0368928721397759,0.036892872139701445,0.03689287213962714,0.036892872139552994,0.03689287213947897,0.0368928721394051,0.03689287213933136,0.036892872139257765,0.03689287213918433,0.03689287213911102,0.03689287213903786,0.03689287213896484,0.03689287213889195,0.0368928721388192,0.036892872138746605,0.03689287213867414,0.03689287213860184,0.03689287213852966,0.03689287213845761,0.036892872138385685,0.03689287213831392,0.036892872138242265,0.036892872138170794,0.03689287213809943,0.03689287213802821,0.036892872137957104,0.03689287213788614,0.03689287213781532,0.036892872137744614,0.03689287213767405,0.036892872137603616,0.036892872137533325,0.036892872137463166,0.036892872137393125,0.03689287213732323,0.03689287213725343,0.036892872137183785,0.036892872137114285,0.03689287213704491,0.03689287213697566,0.036892872136906535,0.036892872136837514,0.03689287213676868,0.036892872136699915,0.03689287213663132,0.03689287213656283,0.036892872136494455,0.03689287213642622,0.036892872136358126,0.03689287213629014,0.036892872136222284,0.03689287213615456,0.03689287213608695,0.03689287213601947,0.0368928721359521,0.036892872135884866,0.03689287213581774,0.03689287213575073,0.03689287213568387,0.0368928721356171,0.03689287213555048,0.03689287213548395,0.03689287213541756,0.03689287213535128,0.03689287213528512,0.036892872135219086,0.03689287213515313,0.036892872135087365,0.03689287213502168,0.03689287213495613,0.03689287213489068,0.03689287213482534,0.036892872134760134,0.036892872134695026,0.03689287213463004,0.03689287213456517,0.0368928721345004,0.036892872134435754,0.036892872134371237,0.03689287213430681,0.036892872134242506,0.03689287213417832,0.03689287213411424,0.03689287213405027,0.03689287213398641,0.0368928721339227,0.03689287213385904,0.03689287213379552,0.03689287213373214,0.03689287213366883,0.036892872133605654,0.03689287213354259,0.03689287213347961,0.03689287213341675,0.03689287213335401,0.036892872133291364,0.03689287213322881,0.03689287213316639,0.03689287213310406,0.03689287213304186,0.03689287213297973,0.03689287213291775,0.03689287213285585,0.03689287213279405,0.03689287213273237,0.036892872132670784,0.036892872132609306,0.03689287213254794,0.03689287213248668,0.036892872132425515,0.03689287213236449,0.03689287213230351,0.03689287213224266,0.03689287213218192,0.03689287213212127,0.03689287213206072,0.036892872132000286,0.036892872131939945,0.03689287213187968,0.03689287213181955,0.03689287213175948,0.036892872131699554,0.03689287213163972,0.036892872131579955,0.03689287213152031,0.03689287213146077,0.03689287213140133,0.03689287213134196,0.036892872131282714,0.03689287213122355,0.03689287213116448,0.036892872131105536,0.03689287213104667,0.036892872130987894,0.036892872130929226,0.036892872130870634,0.03689287213081215,0.03689287213075375,0.03689287213069546,0.03689287213063726,0.036892872130579145,0.03689287213052113,0.03689287213046321,0.03689287213040538,0.03689287213034767,0.03689287213029002,0.03689287213023247,0.036892872130175024,0.03689287213011766,0.03689287213006037,0.03689287213000321,0.03689287212994614,0.036892872129889134,0.03689287212983224,0.036892872129775406,0.03689287212971869,0.03689287212966205,0.03689287212960551,0.03689287212954905,0.036892872129492674,0.036892872129436385,0.036892872129380194,0.036892872129324086,0.03689287212926806,0.03689287212921214,0.03689287212915631,0.036892872129100564,0.0368928721290449,0.0368928721289893,0.03689287212893382,0.036892872128878415,0.036892872128823063,0.03689287212876782,0.036892872128712666,0.036892872128657606,0.036892872128602566,0.036892872128547645,0.03689287212849284,0.03689287212843812,0.036892872128383464,0.03689287212832889,0.036892872128274405,0.036892872128220004,0.036892872128165714,0.03689287212811143,0.03689287212805731,0.036892872128003254,0.03689287212794924,0.03689287212789531,0.0368928721278415,0.03689287212778777,0.036892872127734073,0.0368928721276805,0.03689287212762699,0.036892872127573556,0.03689287212752021,0.036892872127466926,0.03689287212741376,0.036892872127360636,0.0368928721273076,0.03689287212725464,0.03689287212720178,0.036892872127148965,0.03689287212709625,0.036892872127043626,0.03689287212699106,0.03689287212693856,0.03689287212688615,0.03689287212683383,0.036892872126781585,0.036892872126729405,0.03689287212667729,0.03689287212662526,0.03689287212657331,0.03689287212652141,0.03689287212646962,0.03689287212641787,0.03689287212636623,0.03689287212631465,0.03689287212626314,0.03689287212621171,0.036892872126160346,0.03689287212610906,0.036892872126057845,0.036892872126006705,0.03689287212595563,0.03689287212590463,0.03689287212585371,0.03689287212580286,0.03689287212575208,0.03689287212570138,0.03689287212565075,0.036892872125600176,0.03689287212554969,0.03689287212549925,0.036892872125448915,0.03689287212539863,0.036892872125348405,0.03689287212529826,0.03689287212524818,0.036892872125198185,0.03689287212514825,0.03689287212509841,0.036892872125048604,0.036892872124998866,0.036892872124949225,0.03689287212489963,0.03689287212485011,0.036892872124800635,0.03689287212475128,0.03689287212470192,0.03689287212465267,0.036892872124603494,0.03689287212455439,0.03689287212450534,0.03689287212445634,0.03689287212440741,0.03689287212435856,0.03689287212430978,0.03689287212426106,0.0368928721242124,0.03689287212416381,0.03689287212411528,0.03689287212406682,0.03689287212401843,0.03689287212397009,0.03689287212392185,0.03689287212387363,0.0368928721238255,0.036892872123777426,0.03689287212372941,0.036892872123681454,0.036892872123633576,0.03689287212358575,0.03689287212353799,0.03689287212349032,0.0368928721234427,0.036892872123395114,0.036892872123347596,0.03689287212330015,0.03689287212325276,0.03689287212320543,0.03689287212315817,0.03689287212311096,0.036892872123063816,0.03689287212301675,0.036892872122969725,0.03689287212292277,0.036892872122875876,0.03689287212282903,0.03689287212278226,0.036892872122735544,0.0368928721226889,0.03689287212264229,0.03689287212259575,0.036892872122549256,0.03689287212250284,0.036892872122456476,0.03689287212241017,0.036892872122363925,0.03689287212231774,0.03689287212227162,0.03689287212222552,0.03689287212217951,0.03689287212213356,0.036892872122087646,0.03689287212204182,0.03689287212199603,0.036892872121950304,0.03689287212190463,0.036892872121859016,0.036892872121813476,0.036892872121767964,0.0368928721217225,0.036892872121677106,0.03689287212163179,0.03689287212158652,0.03689287212154129,0.03689287212149614,0.03689287212145103,0.03689287212140596,0.03689287212136096,0.03689287212131602,0.03689287212127112,0.036892872121226286,0.0368928721211815,0.036892872121136774,0.0368928721210921,0.03689287212104745,0.036892872121002895,0.036892872120958375,0.03689287212091391,0.03689287212086951,0.036892872120825156,0.036892872120780844,0.03689287212073659,0.03689287212069239,0.03689287212064825,0.03689287212060415,0.036892872120560104,0.03689287212051612,0.03689287212047216,0.036892872120428286,0.036892872120384466,0.036892872120340675,0.03689287212029693,0.03689287212025325,0.03689287212020961,0.03689287212016603,0.03689287212012249,0.036892872120079016,0.03689287212003558,0.03689287211999218,0.03689287211994886,0.03689287211990558,0.03689287211986235,0.036892872119819155,0.036892872119776016,0.03689287211973294,0.03689287211968991,0.03689287211964692,0.03689287211960399,0.0368928721195611,0.036892872119518264,0.036892872119475464,0.036892872119432714,0.03689287211939003,0.03689287211934738,0.036892872119304775,0.036892872119262225,0.03689287211921971,0.03689287211917726,0.036892872119134834,0.03689287211909246,0.03689287211905015,0.03689287211900789,0.036892872118965664,0.036892872118923475,0.036892872118881356,0.03689287211883926,0.03689287211879722,0.03689287211875527,0.036892872118713296,0.0368928721186714,0.03689287211862956,0.036892872118587744,0.03689287211854598,0.036892872118504276,0.03689287211846257,0.03689287211842095,0.03689287211837934,0.0368928721183378,0.03689287211829632,0.03689287211825488,0.03689287211821348,0.03689287211817212,0.03689287211813081,0.036892872118089545,0.03689287211804831,0.03689287211800712,0.036892872117965984,0.036892872117924885,0.03689287211788384,0.03689287211784282,0.03689287211780186,0.03689287211776092,0.03689287211772004,0.0368928721176792,0.0368928721176384,0.03689287211759765,0.036892872117556944,0.03689287211751627,0.03689287211747565,0.03689287211743507,0.036892872117394525,0.036892872117353995,0.036892872117313555,0.03689287211727314,0.03689287211723278,0.03689287211719245,0.03689287211715215,0.03689287211711191,0.03689287211707169,0.03689287211703152,0.03689287211699138,0.0368928721169513,0.03689287211691126,0.03689287211687125,0.03689287211683128,0.03689287211679136,0.03689287211675148,0.03689287211671161,0.03689287211667181,0.03689287211663205,0.03689287211659232,0.036892872116552636,0.03689287211651299,0.03689287211647338,0.0368928721164338,0.03689287211639427,0.03689287211635477,0.036892872116315326,0.03689287211627591,0.03689287211623652,0.0368928721161972,0.036892872116157896,0.03689287211611863,0.03689287211607942,0.036892872116040226,0.03689287211600109,0.036892872115961976,0.03689287211592291,0.036892872115883865,0.036892872115844876,0.036892872115805914,0.036892872115766986,0.036892872115728094,0.03689287211568925,0.03689287211565044,0.03689287211561169,0.03689287211557296,0.03689287211553426,0.03689287211549559,0.036892872115456964,0.03689287211541838,0.03689287211537984,0.03689287211534133,0.03689287211530285,0.036892872115264416,0.036892872115226,0.036892872115187644,0.03689287211514931,0.03689287211511101,0.03689287211507273,0.03689287211503451,0.03689287211499632,0.03689287211495816,0.03689287211492003,0.036892872114881944,0.0368928721148439,0.03689287211480587,0.036892872114767904,0.03689287211472997,0.036892872114692055,0.03689287211465418,0.03689287211461634,0.036892872114578486,0.036892872114540724,0.03689287211450298,0.036892872114465264,0.03689287211442759,0.03689287211438996,0.03689287211435237,0.03689287211431478,0.036892872114277254,0.03689287211423977,0.03689287211420243,0.03689287211416499,0.0368928721141276,0.036892872114090224,0.036892872114052885,0.03689287211401558,0.036892872113978306,0.03689287211394107,0.03689287211390387,0.03689287211386669,0.036892872113829536,0.036892872113792455,0.03689287211375536,0.03689287211371832,0.03689287211368135,0.03689287211364435,0.036892872113607394,0.03689287211357049,0.03689287211353362,0.03689287211349679,0.03689287211345995,0.03689287211342315,0.03689287211338641,0.03689287211334967,0.036892872113313005,0.036892872113276326,0.036892872113239696,0.036892872113203086,0.036892872113166504,0.03689287211313,0.036892872113093486,0.036892872113056994,0.036892872113020565,0.036892872112984136,0.03689287211294779,0.03689287211291143,0.0368928721128751,0.036892872112838815,0.036892872112802566,0.036892872112766324,0.036892872112730124,0.036892872112693945,0.036892872112657814,0.036892872112621704,0.036892872112585615,0.036892872112549546,0.03689287211251352,0.03689287211247754,0.03689287211244158,0.03689287211240565,0.03689287211236974,0.036892872112333865,0.036892872112298025,0.03689287211226222,0.03689287211222642,0.03689287211219066,0.03689287211215494,0.036892872112119245,0.03689287211208357,0.036892872112047934,0.03689287211201231,0.03689287211197672,0.036892872111941165,0.03689287211190563,0.036892872111870145,0.03689287211183466,0.036892872111799216,0.03689287211176379,0.036892872111728404,0.036892872111693044,0.036892872111657704,0.03689287211162239,0.03689287211158712,0.036892872111551865,0.03689287211151663,0.03689287211148142,0.036892872111446255,0.03689287211141113,0.036892872111376,0.036892872111340916,0.036892872111305854,0.036892872111270826,0.036892872111235826,0.03689287211120084,0.03689287211116589,0.03689287211113097,0.03689287211109606,0.03689287211106119,0.036892872111026355,0.036892872110991536,0.03689287211095673,0.03689287211092196,0.036892872110887216,0.0368928721108525,0.0368928721108178,0.036892872110783154,0.03689287211074852,0.03689287211071392,0.03689287211067934,0.0368928721106448,0.03689287211061024,0.03689287211057572,0.03689287211054126,0.03689287211050681,0.03689287211047237,0.036892872110437985,0.03689287211040357,0.03689287211036922,0.03689287211033489,0.03689287211030058,0.0368928721102663,0.03689287211023205,0.03689287211019783,0.036892872110163615,0.036892872110129454,0.03689287211009529,0.03689287211006116,0.036892872110027085,0.03689287210999299,0.03689287210995893,0.036892872109924896,0.036892872109890895,0.0368928721098569,0.03689287210982295,0.036892872109789,0.03689287210975509,0.0368928721097212,0.03689287210968735,0.03689287210965351,0.03689287210961972,0.03689287210958592,0.03689287210955215,0.03689287210951841,0.036892872109484685,0.036892872109451004,0.036892872109417336,0.03689287210938368,0.03689287210935006,0.03689287210931646,0.03689287210928287,0.036892872109249304,0.036892872109215796,0.03689287210918229,0.03689287210914882,0.03689287210911535,0.0368928721090819,0.03689287210904848,0.036892872109015075,0.03689287210898169,0.03689287210894835,0.03689287210891503,0.03689287210888174,0.036892872108848444,0.03689287210881519,0.03689287210878198,0.03689287210874876,0.03689287210871558,0.036892872108682404,0.03689287210864927,0.03689287210861615,0.03689287210858303,0.036892872108549954,0.03689287210851691,0.03689287210848387,0.03689287210845085,0.03689287210841785,0.0368928721083849,0.036892872108351946,0.03689287210831903,0.0368928721082861,0.03689287210825321,0.036892872108220336,0.03689287210818751,0.036892872108154666,0.03689287210812187,0.036892872108089114,0.036892872108056356,0.03689287210802362,0.03689287210799091,0.03689287210795822,0.03689287210792554,0.036892872107892896,0.036892872107860276,0.03689287210782766,0.03689287210779508,0.0368928721077625,0.036892872107729964,0.036892872107697434,0.03689287210766494,0.03689287210763244,0.0368928721076,0.036892872107567545,0.03689287210753515,0.03689287210750273,0.036892872107470345,0.036892872107437996,0.036892872107405654,0.03689287210737332,0.03689287210734102,0.03689287210730875,0.03689287210727649,0.036892872107244234,0.03689287210721203,0.03689287210717983,0.03689287210714766,0.03689287210711549,0.036892872107083356,0.03689287210705123,0.03689287210701913,0.036892872106987044,0.03689287210695499,0.03689287210692295,0.03689287210689093,0.03689287210685894,0.03689287210682697,0.03689287210679502,0.03689287210676308,0.03689287210673116,0.03689287210669926,0.03689287210666736,0.036892872106635506,0.036892872106603664,0.036892872106571835,0.03689287210654002,0.03689287210650824,0.03689287210647646,0.036892872106444735,0.036892872106413,0.03689287210638128,0.03689287210634958,0.03689287210631792,0.03689287210628626,0.03689287210625461,0.03689287210622299,0.03689287210619139,0.03689287210615982,0.03689287210612823,0.036892872106096694,0.03689287210606517,0.03689287210603366,0.03689287210600216,0.036892872105970705,0.03689287210593924,0.0368928721059078,0.03689287210587637,0.03689287210584496,0.036892872105813594,0.036892872105782216,0.03689287210575088,0.03689287210571953,0.03689287210568822,0.036892872105656914,0.036892872105625654,0.03689287210559439,0.03689287210556314,0.03689287210553191,0.036892872105500726,0.03689287210546953,0.03689287210543837,0.036892872105407204,0.03689287210537608,0.03689287210534496,0.03689287210531386,0.03689287210528277,0.036892872105251696,0.03689287210522067,0.03689287210518962,0.03689287210515862,0.036892872105127615,0.03689287210509662,0.03689287210506566,0.03689287210503473,0.03689287210500378,0.03689287210497287,0.03689287210494198,0.03689287210491111,0.03689287210488025,0.0368928721048494,0.036892872104818585,0.036892872104787776,0.03689287210475698,0.03689287210472621,0.036892872104695454,0.03689287210466472,0.036892872104633996,0.03689287210460328,0.0368928721045726,0.036892872104541924,0.036892872104511254,0.03689287210448062,0.036892872104449984,0.036892872104419376,0.036892872104388796,0.03689287210435821,0.03689287210432765,0.036892872104297106,0.03689287210426658,0.0368928721042361,0.03689287210420565,0.036892872104175176,0.036892872104144686,0.036892872104114266,0.036892872104083825,0.03689287210405339,0.036892872104022985,0.0368928721039926,0.03689287210396224,0.03689287210393186,0.0368928721039015,0.03689287210387123,0.03689287210384091,0.03689287210381061,0.03689287210378036,0.03689287210375009,0.03689287210371986,0.036892872103689606,0.0368928721036594,0.036892872103629196,0.036892872103599025,0.03689287210356886,0.03689287210353869,0.036892872103508556,0.03689287210347845,0.03689287210344833,0.03689287210341824,0.03689287210338815,0.03689287210335806,0.03689287210332803,0.03689287210329798,0.036892872103267964,0.03689287210323793,0.03689287210320795,0.03689287210317797,0.03689287210314801,0.03689287210311806,0.036892872103088135,0.036892872103058215,0.036892872103028315,0.03689287210299843,0.03689287210296856,0.03689287210293871,0.03689287210290884,0.03689287210287901,0.036892872102849236,0.036892872102819406,0.03689287210278962,0.036892872102759856,0.03689287210273009,0.036892872102700355,0.03689287210267063,0.036892872102640924,0.036892872102611225,0.036892872102581534,0.03689287210255188,0.03689287210252223,0.03689287210249259,0.03689287210246296,0.03689287210243335,0.03689287210240376,0.036892872102374186,0.03689287210234462,0.036892872102315066,0.03689287210228552,0.036892872102255996,0.03689287210222649,0.036892872102197,0.03689287210216753,0.036892872102138055,0.0368928721021086,0.036892872102079165,0.036892872102049744,0.036892872102020316,0.036892872101990916,0.03689287210196153,0.03689287210193215,0.036892872101902806,0.03689287210187347,0.036892872101844124,0.03689287210181481,0.0368928721017855,0.036892872101756215,0.036892872101726946,0.03689287210169765,0.03689287210166841,0.03689287210163917,0.03689287210160994,0.036892872101580744,0.036892872101551545,0.036892872101522346,0.036892872101493175,0.03689287210146404,0.03689287210143488,0.03689287210140575,0.036892872101376616,0.03689287210134754,0.03689287210131843,0.036892872101289366,0.0368928721012603,0.036892872101231225,0.03689287210120219,0.03689287210117319,0.03689287210114417,0.036892872101115165,0.036892872101086216,0.03689287210105723,0.036892872101028276,0.036892872100999334,0.0368928721009704,0.036892872100941485,0.03689287210091256,0.03689287210088367,0.03689287210085478,0.03689287210082592,0.036892872100797065,0.036892872100768206,0.03689287210073938,0.036892872100710565,0.03689287210068177,0.03689287210065297,0.0368928721006242,0.03689287210059544,0.036892872100566666,0.03689287210053793,0.0368928721005092,0.03689287210048047,0.036892872100451765,0.03689287210042307,0.036892872100394374,0.03689287210036571,0.03689287210033706,0.03689287210030841,0.03689287210027977,0.03689287210025115,0.036892872100222546,0.03689287210019395,0.036892872100165355,0.03689287210013678,0.03689287210010823,0.03689287210007966,0.03689287210005113,0.03689287210002259,0.03689287209999409,0.0368928720999656,0.03689287209993711,0.03689287209990862,0.03689287209988017,0.03689287209985172,0.036892872099823296,0.03689287209979485,0.03689287209976644,0.036892872099738024,0.036892872099709643,0.03689287209968124,0.0368928720996529,0.03689287209962456,0.036892872099596186,0.03689287209956787,0.036892872099539537,0.03689287209951123,0.03689287209948293,0.03689287209945464,0.036892872099426356,0.03689287209939808,0.03689287209936984,0.03689287209934161,0.03689287209931336,0.03689287209928514,0.03689287209925693,0.036892872099228716,0.03689287209920053,0.03689287209917236,0.03689287209914422,0.03689287209911605,0.036892872099087926,0.03689287209905979,0.03689287209903168,0.03689287209900357,0.03689287209897548,0.036892872098947385,0.03689287209891931,0.03689287209889124,0.03689287209886321,0.036892872098835156,0.03689287209880713,0.036892872098779096,0.03689287209875109,0.0368928720987231,0.036892872098695115,0.036892872098667165,0.0368928720986392,0.036892872098611224,0.03689287209858329,0.036892872098555365,0.036892872098527464,0.03689287209849954,0.03689287209847166,0.036892872098443774,0.03689287209841591,0.036892872098388055,0.0368928720983602,0.03689287209833238,0.036892872098304524,0.03689287209827671,0.03689287209824891,0.03689287209822111,0.03689287209819332,0.036892872098165545,0.03689287209813778,0.03689287209811003,0.03689287209808228,0.03689287209805455,0.03689287209802682,0.03689287209799912,0.0368928720979714,0.036892872097943716,0.036892872097916043,0.036892872097888364,0.0368928720978607,0.03689287209783305,0.03689287209780542,0.03689287209777777,0.036892872097750155,0.036892872097722566,0.036892872097694956,0.03689287209766737,0.03689287209763978,0.03689287209761224,0.03689287209758467,0.03689287209755712,0.03689287209752959,0.036892872097502055,0.03689287209747455,0.036892872097447016,0.036892872097419545,0.036892872097392046,0.03689287209736458,0.03689287209733711,0.03689287209730966,0.03689287209728221,0.03689287209725478,0.03689287209722735,0.03689287209719993,0.03689287209717255,0.03689287209714515,0.03689287209711772,0.036892872097090364,0.036892872097063,0.03689287209703565,0.03689287209700829,0.03689287209698095,0.036892872096953626,0.03689287209692631,0.036892872096899,0.03689287209687174,0.03689287209684444,0.036892872096817145,0.0368928720967899,0.036892872096762654,0.0368928720967354,0.036892872096708135,0.03689287209668091,0.03689287209665369,0.03689287209662648,0.03689287209659929,0.03689287209657209,0.03689287209654492,0.03689287209651776,0.0368928720964906,0.03689287209646346,0.036892872096436324,0.036892872096409186,0.036892872096382055,0.03689287209635494,0.03689287209632784,0.03689287209630076,0.036892872096273684,0.0368928720962466,0.03689287209621954,0.0368928720961925,0.03689287209616546,0.03689287209613842,0.0368928720961114,0.03689287209608439,0.03689287209605739,0.036892872096030385,0.0368928720960034,0.03689287209597642,0.03689287209594946,0.03689287209592249,0.036892872095895556,0.036892872095868605,0.036892872095841675,0.03689287209581476,0.03689287209578786,0.03689287209576094,0.036892872095734046,0.03689287209570717,0.03689287209568028,0.03689287209565342,0.036892872095626555,0.036892872095599716,0.03689287209557288,0.03689287209554604,0.03689287209551922,0.036892872095492406,0.0368928720954656,0.03689287209543881,0.036892872095412026,0.036892872095385255,0.03689287209535849,0.03689287209533173,0.03689287209530497,0.03689287209527825,0.036892872095251515,0.036892872095224793,0.03689287209519807,0.03689287209517135,0.03689287209514465,0.03689287209511797,0.036892872095091296,0.03689287209506462,0.03689287209503798,0.03689287209501132,0.0368928720949847,0.03689287209495804,0.0368928720949314,0.0368928720949048,0.036892872094878223,0.03689287209485162,0.03689287209482502,0.03689287209479845,0.036892872094771885,0.036892872094745344,0.03689287209471878,0.03689287209469223,0.0368928720946657,0.036892872094639186,0.03689287209461267,0.03689287209458616,0.036892872094559666,0.0368928720945332,0.03689287209450671,0.03689287209448023,0.036892872094453785,0.03689287209442731,0.036892872094400855,0.0368928720943744,0.03689287209434797,0.03689287209432154,0.03689287209429512,0.036892872094268725,0.036892872094242316,0.036892872094215934,0.03689287209418952,0.03689287209416316,0.03689287209413679,0.03689287209411043,0.03689287209408409,0.03689287209405774,0.036892872094031415,0.036892872094005096,0.036892872093978776,0.03689287209395249,0.03689287209392622,0.036892872093899916,0.03689287209387364,0.03689287209384737,0.0368928720938211,0.03689287209379484,0.036892872093768604,0.036892872093742354,0.036892872093716125,0.0368928720936899,0.03689287209366368,0.03689287209363748,0.03689287209361129,0.0368928720935851,0.036892872093558925,0.03689287209353275,0.03689287209350658,0.03689287209348042,0.03689287209345427,0.03689287209342815,0.036892872093402036,0.036892872093375904,0.03689287209334981,0.036892872093323696,0.03689287209329758,0.03689287209327149,0.0368928720932454,0.03689287209321933,0.0368928720931933,0.03689287209316721,0.036892872093141175,0.03689287209311512,0.036892872093089085,0.03689287209306307,0.03689287209303702,0.03689287209301102,0.03689287209298502,0.036892872092959036,0.03689287209293303,0.036892872092907036,0.0368928720928811,0.03689287209285511,0.03689287209282917,0.036892872092803224,0.036892872092777286,0.03689287209275135,0.036892872092725404,0.036892872092699515,0.0368928720926736,0.03689287209264769,0.0368928720926218,0.03689287209259591,0.03689287209257004,0.036892872092544174,0.03689287209251831,0.03689287209249245,0.03689287209246662,0.036892872092440784,0.03689287209241496,0.03689287209238912,0.036892872092363305,0.03689287209233751,0.03689287209231172,0.036892872092285915,0.036892872092260144,0.03689287209223437,0.03689287209220859,0.03689287209218283,0.036892872092157074,0.03689287209213133,0.036892872092105594,0.036892872092079865,0.03689287209205412,0.03689287209202842,0.03689287209200272,0.036892872091977,0.036892872091951315,0.036892872091925634,0.03689287209189995,0.036892872091874286,0.036892872091848626,0.03689287209182297,0.03689287209179732,0.036892872091771695,0.036892872091746076,0.03689287209172043,0.03689287209169484,0.03689287209166923,0.03689287209164363,0.036892872091618026,0.03689287209159245,0.03689287209156687,0.0368928720915413,0.03689287209151573,0.03689287209149017,0.03689287209146462,0.036892872091439086,0.03689287209141355,0.036892872091387995,0.0368928720913625,0.03689287209133698,0.03689287209131148,0.03689287209128598,0.036892872091260485,0.03689287209123499,0.0368928720912095,0.036892872091184026,0.036892872091158574,0.03689287209113311,0.03689287209110767,0.036892872091082225,0.03689287209105678,0.03689287209103137,0.03689287209100596,0.03689287209098054,0.03689287209095515,0.03689287209092975,0.036892872090904354,0.03689287209087898,0.0368928720908536,0.036892872090828234,0.03689287209080288,0.036892872090777566,0.03689287209075221,0.03689287209072688,0.03689287209070156,0.03689287209067623,0.03689287209065092,0.03689287209062561,0.03689287209060032,0.03689287209057503,0.03689287209054976,0.03689287209052448,0.036892872090499206,0.03689287209047394,0.03689287209044867,0.036892872090423426,0.03689287209039818,0.03689287209037293,0.0368928720903477,0.03689287209032247,0.036892872090297256,0.03689287209027204,0.03689287209024684,0.036892872090221664,0.036892872090196455,0.03689287209017127,0.03689287209014609,0.036892872090120925,0.03689287209009577,0.03689287209007061,0.036892872090045464,0.03689287209002031,0.03689287208999518,0.036892872089970066,0.03689287208994494,0.03689287208991983,0.036892872089894724,0.036892872089869605,0.03689287208984453,0.03689287208981941,0.03689287208979435,0.03689287208976927,0.0368928720897442,0.036892872089719135,0.03689287208969408,0.03689287208966903,0.036892872089643994,0.03689287208961898,0.03689287208959395,0.036892872089568936,0.03689287208954392,0.03689287208951892,0.03689287208949392,0.036892872089468925,0.036892872089443945,0.036892872089418965,0.036892872089393985,0.03689287208936902,0.03689287208934406,0.03689287208931911,0.036892872089294176,0.036892872089269245,0.03689287208924431,0.036892872089219375,0.036892872089194464,0.036892872089169554,0.03689287208914466,0.03689287208911975,0.03689287208909487,0.03689287208906998,0.03689287208904509,0.03689287208902023,0.03689287208899536,0.0368928720889705,0.036892872088945664,0.03689287208892081,0.03689287208889598,0.03689287208887114,0.03689287208884632,0.03689287208882149,0.03689287208879668,0.036892872088771865,0.03689287208874708,0.03689287208872229,0.03689287208869752,0.03689287208867275,0.036892872088647985,0.03689287208862323,0.03689287208859845,0.03689287208857372,0.03689287208854897,0.03689287208852423,0.0368928720884995,0.036892872088474776,0.03689287208845006,0.03689287208842536,0.03689287208840066,0.03689287208837597,0.03689287208835128,0.036892872088326596,0.0368928720883019,0.03689287208827722,0.03689287208825256,0.03689287208822789,0.03689287208820325,0.036892872088178603,0.036892872088153957,0.03689287208812933,0.036892872088104704,0.03689287208808009,0.03689287208805547,0.03689287208803086,0.036892872088006276,0.03689287208798167,0.03689287208795708,0.036892872087932495,0.03689287208790791,0.03689287208788334,0.03689287208785879,0.036892872087834226,0.03689287208780967,0.036892872087785133,0.0368928720877606,0.03689287208773606,0.03689287208771153,0.036892872087687024,0.0368928720876625,0.03689287208763801,0.0368928720876135,0.036892872087589006,0.03689287208756453,0.036892872087540045,0.036892872087515564,0.03689287208749112,0.03689287208746666,0.03689287208744219,0.036892872087417754,0.03689287208739331,0.03689287208736884,0.03689287208734441,0.03689287208731999,0.03689287208729556,0.036892872087271135,0.036892872087246724,0.03689287208722234,0.03689287208719796,0.03689287208717354,0.03689287208714916,0.036892872087124794,0.036892872087100424,0.036892872087076055,0.03689287208705171,0.03689287208702736,0.036892872087003,0.03689287208697866,0.036892872086954326,0.03689287208693001,0.036892872086905684,0.036892872086881356,0.03689287208685703,0.03689287208683275,0.036892872086808456,0.03689287208678415,0.03689287208675987,0.03689287208673572,0.03689287208671145,0.03689287208668719,0.03689287208666293,0.03689287208663867,0.03689287208661443,0.03689287208659019,0.03689287208656594,0.03689287208654171,0.0368928720865175,0.036892872086493285,0.036892872086469075,0.036892872086444865,0.036892872086420676,0.03689287208639648,0.0368928720863723,0.0368928720863481,0.03689287208632393,0.03689287208629976,0.036892872086275605,0.03689287208625145,0.036892872086227296,0.03689287208620317,0.036892872086178995,0.036892872086154875,0.03689287208613075,0.03689287208610665,0.036892872086082516,0.03689287208605841,0.03689287208603431,0.0368928720860102,0.036892872085986114,0.036892872085962036,0.03689287208593795,0.03689287208591387,0.03689287208588981,0.03689287208586575,0.03689287208584169,0.036892872085817624,0.036892872085793595,0.03689287208576955,0.03689287208574552,0.03689287208572149,0.03689287208569748,0.03689287208567346,0.036892872085649446,0.036892872085625444,0.03689287208560144,0.03689287208557746,0.036892872085553474,0.036892872085529514,0.036892872085505526,0.036892872085481566,0.03689287208545759,0.036892872085433626,0.03689287208540968,0.036892872085385754,0.03689287208536181,0.036892872085337876,0.03689287208531394,0.03689287208529002,0.0368928720852661,0.036892872085242175,0.03689287208521827,0.03689287208519438,0.03689287208517049,0.03689287208514659,0.03689287208512273,0.036892872085098866,0.036892872085074975,0.03689287208505112,0.036892872085027256,0.03689287208500341,0.036892872084979586,0.03689287208495572,0.0368928720849319,0.036892872084908074,0.036892872084884246,0.03689287208486044,0.03689287208483662,0.03689287208481284,0.03689287208478902,0.036892872084765216,0.03689287208474143,0.03689287208471765,0.03689287208469386,0.03689287208467009,0.03689287208464633,0.03689287208462256,0.03689287208459881,0.03689287208457506,0.03689287208455132,0.03689287208452758,0.03689287208450385,0.036892872084480124,0.036892872084456414,0.03689287208443269,0.03689287208440898,0.03689287208438529,0.0368928720843616,0.03689287208433792,0.03689287208431421,0.03689287208429055,0.03689287208426688,0.03689287208424322,0.03689287208421957,0.03689287208419593,0.03689287208417226,0.03689287208414862,0.03689287208412497,0.03689287208410134,0.03689287208407771,0.0368928720840541,0.036892872084030484,0.036892872084006864,0.03689287208398326,0.03689287208395967,0.036892872083936046,0.03689287208391246,0.036892872083888875,0.03689287208386528,0.03689287208384171,0.03689287208381813,0.03689287208379457,0.03689287208377102,0.036892872083747454,0.03689287208372391,0.03689287208370037,0.036892872083676836,0.0368928720836533,0.036892872083629784,0.03689287208360627,0.03689287208358276,0.03689287208355925,0.03689287208353574,0.036892872083512246,0.03689287208348877,0.03689287208346529,0.03689287208344181,0.03689287208341834,0.03689287208339486,0.0368928720833714,0.03689287208334795,0.036892872083324486,0.03689287208330104,0.036892872083277614,0.03689287208325418,0.036892872083230756,0.03689287208320734,0.03689287208318392,0.036892872083160486,0.03689287208313708,0.03689287208311367,0.03689287208309025,0.03689287208306688,0.036892872083043475,0.036892872083020105,0.03689287208299672,0.03689287208297336,0.036892872082950015,0.03689287208292666,0.0368928720829033,0.03689287208287995,0.03689287208285659,0.03689287208283326,0.036892872082809926,0.0368928720827866,0.03689287208276328,0.036892872082739954,0.03689287208271664,0.03689287208269335,0.03689287208267004,0.03689287208264676,0.03689287208262347,0.036892872082600156,0.03689287208257686,0.03689287208255358,0.03689287208253031,0.03689287208250706,0.0368928720824838,0.036892872082460546,0.03689287208243728,0.03689287208241404,0.0368928720823908,0.03689287208236758,0.036892872082344354,0.03689287208232114,0.03689287208229793,0.036892872082274715,0.03689287208225151,0.03689287208222832,0.03689287208220513,0.036892872082181935,0.03689287208215875,0.03689287208213557,0.036892872082112414,0.03689287208208924,0.03689287208206607,0.03689287208204292,0.03689287208201976,0.03689287208199664,0.03689287208197348,0.03689287208195033,0.03689287208192721,0.03689287208190409,0.03689287208188097,0.03689287208185786,0.03689287208183475,0.03689287208181165,0.036892872081788604,0.036892872081765525,0.036892872081742446,0.03689287208171937,0.03689287208169629,0.03689287208167322,0.03689287208165016,0.0368928720816271,0.036892872081604036,0.036892872081580985,0.036892872081557934,0.0368928720815349,0.03689287208151183,0.03689287208148881,0.03689287208146579,0.03689287208144276,0.03689287208141974,0.03689287208139673,0.03689287208137373,0.036892872081350725,0.03689287208132773,0.03689287208130471,0.036892872081281745,0.03689287208125876,0.03689287208123578,0.036892872081212814,0.03689287208118987,0.03689287208116691,0.03689287208114396,0.036892872081121006,0.036892872081098066,0.036892872081075126,0.036892872081052186,0.036892872081029274,0.036892872081006334,0.036892872080983435,0.0368928720809605,0.0368928720809376,0.03689287208091469,0.03689287208089181,0.03689287208086891,0.03689287208084603,0.03689287208082315,0.03689287208080028,0.0368928720807774,0.03689287208075453,0.03689287208073167,0.0368928720807088,0.03689287208068596,0.036892872080663115,0.036892872080640265,0.03689287208061743,0.03689287208059461,0.03689287208057178,0.03689287208054895,0.03689287208052613,0.03689287208050332,0.03689287208048052,0.03689287208045771,0.03689287208043492,0.03689287208041214,0.03689287208038936,0.03689287208036657,0.036892872080343836,0.036892872080321035,0.036892872080298275,0.0368928720802755,0.03689287208025277,0.036892872080229996,0.03689287208020727,0.03689287208018454,0.0368928720801618,0.036892872080139104,0.036892872080116386,0.03689287208009367,0.03689287208007094,0.03689287208004824,0.036892872080025535,0.036892872080002824,0.03689287207998014,0.036892872079957444,0.036892872079934774,0.03689287207991208,0.03689287207988941,0.03689287207986674,0.036892872079844076,0.036892872079821414,0.03689287207979876,0.0368928720797761,0.03689287207975346,0.03689287207973081,0.03689287207970819,0.03689287207968555,0.036892872079662936,0.03689287207964032,0.036892872079617715,0.0368928720795951,0.03689287207957249,0.03689287207954986,0.03689287207952726,0.036892872079504695,0.036892872079482115,0.03689287207945953,0.03689287207943695,0.036892872079414364,0.03689287207939179,0.03689287207936924,0.036892872079346675,0.036892872079324145,0.03689287207930159,0.036892872079279056,0.036892872079256504,0.03689287207923398,0.03689287207921146,0.03689287207918893,0.03689287207916642,0.036892872079143886,0.03689287207912141,0.036892872079098894,0.0368928720790764,0.036892872079053916,0.036892872079031414,0.03689287207900893,0.03689287207898646,0.036892872078964016,0.03689287207894153,0.03689287207891908,0.036892872078896605,0.036892872078874164,0.036892872078851724,0.03689287207882926,0.03689287207880684,0.03689287207878441,0.036892872078761955,0.036892872078739536,0.03689287207871715,0.03689287207869471,0.03689287207867229,0.03689287207864989,0.03689287207862749,0.036892872078605095,0.03689287207858269,0.036892872078560325,0.03689287207853794,0.03689287207851557,0.036892872078493205,0.03689287207847084,0.036892872078448484,0.03689287207842615,0.03689287207840378,0.03689287207838146,0.03689287207835908,0.03689287207833676,0.03689287207831443,0.036892872078292095,0.03689287207826978,0.036892872078247464,0.03689287207822515,0.03689287207820285,0.03689287207818053,0.03689287207815824,0.03689287207813595,0.03689287207811365,0.03689287207809135,0.036892872078069065,0.03689287207804679,0.03689287207802453,0.03689287207800227,0.036892872077980005,0.03689287207795775,0.03689287207793551,0.03689287207791326,0.03689287207789102,0.036892872077868795,0.03689287207784656,0.036892872077824344,0.036892872077802126,0.036892872077779915,0.036892872077757696,0.0368928720777355,0.036892872077713294,0.036892872077691104,0.03689287207766891,0.036892872077646716,0.036892872077624525,0.036892872077602355,0.03689287207758018,0.03689287207755801,0.03689287207753584,0.03689287207751366,0.03689287207749151,0.03689287207746937,0.03689287207744724,0.03689287207742509,0.036892872077402945,0.036892872077380824,0.03689287207735872,0.03689287207733661,0.036892872077314516,0.036892872077292395,0.03689287207727028,0.03689287207724818,0.0368928720772261,0.036892872077204,0.03689287207718189,0.03689287207715981,0.03689287207713775,0.03689287207711567,0.0368928720770936,0.03689287207707154,0.03689287207704947,0.03689287207702741,0.03689287207700536,0.03689287207698332,0.03689287207696128,0.03689287207693924,0.03689287207691722,0.03689287207689519,0.03689287207687318,0.03689287207685115,0.03689287207682914,0.03689287207680713,0.036892872076785134,0.03689287207676314,0.03689287207674115,0.036892872076719145,0.03689287207669717,0.03689287207667518,0.03689287207665321,0.03689287207663124,0.03689287207660926,0.036892872076587306,0.036892872076565345,0.03689287207654339,0.036892872076521435,0.03689287207649951,0.03689287207647757,0.036892872076455634,0.03689287207643369,0.03689287207641177,0.03689287207638986,0.03689287207636795,0.03689287207634603,0.03689287207632415,0.03689287207630224,0.03689287207628033,0.036892872076258444,0.03689287207623656,0.03689287207621468,0.036892872076192795,0.03689287207617092,0.03689287207614905,0.036892872076127195,0.03689287207610533,0.03689287207608345,0.03689287207606162,0.036892872076039786,0.03689287207601793,0.03689287207599609,0.03689287207597426,0.036892872075952446,0.03689287207593062,0.0368928720759088,0.036892872075886984,0.03689287207586517,0.03689287207584337,0.03689287207582157,0.036892872075799776,0.036892872075778,0.0368928720757562,0.03689287207573443,0.03689287207571265,0.03689287207569086,0.0368928720756691,0.036892872075647336,0.03689287207562558,0.036892872075603836,0.03689287207558208,0.036892872075560336,0.036892872075538596,0.03689287207551686,0.03689287207549512,0.036892872075473385,0.03689287207545167,0.036892872075429954,0.03689287207540825,0.03689287207538653,0.036892872075364826,0.036892872075343114,0.03689287207532144,0.036892872075299746,0.036892872075278055,0.0368928720752564,0.03689287207523471,0.036892872075213044,0.03689287207519137,0.0368928720751697,0.036892872075148034,0.03689287207512637,0.03689287207510474,0.0368928720750831,0.03689287207506144,0.03689287207503981,0.03689287207501819,0.03689287207499656,0.03689287207497493,0.03689287207495332,0.036892872074931714,0.03689287207491009,0.03689287207488849,0.03689287207486689,0.036892872074845304,0.036892872074823675,0.03689287207480211,0.036892872074780515,0.03689287207475895,0.03689287207473736,0.03689287207471582,0.03689287207469425,0.036892872074672706,0.03689287207465113,0.03689287207462958,0.036892872074608056,0.03689287207458651,0.036892872074564965,0.03689287207454343,0.0368928720745219,0.03689287207450037,0.036892872074478854,0.036892872074457336,0.03689287207443584,0.03689287207441434,0.03689287207439282,0.036892872074371336,0.03689287207434985,0.03689287207432835,0.036892872074306866,0.036892872074285404,0.03689287207426391,0.03689287207424244,0.036892872074220984,0.03689287207419952,0.03689287207417807,0.03689287207415661,0.03689287207413517,0.036892872074113715,0.03689287207409229,0.03689287207407087,0.036892872074049426,0.036892872074028006,0.036892872074006586,0.03689287207398518,0.03689287207396376,0.03689287207394236,0.03689287207392096,0.03689287207389956,0.03689287207387817,0.03689287207385677,0.03689287207383537,0.036892872073814025,0.03689287207379264,0.03689287207377127,0.03689287207374988,0.03689287207372853,0.03689287207370716,0.03689287207368579,0.036892872073664464,0.03689287207364311,0.03689287207362178,0.036892872073600445,0.0368928720735791,0.03689287207355777,0.03689287207353645,0.036892872073515104,0.03689287207349381,0.036892872073472506,0.0368928720734512,0.03689287207342991,0.0368928720734086,0.03689287207338732,0.03689287207336601,0.036892872073344726,0.036892872073323445,0.03689287207330218,0.03689287207328089,0.03689287207325963,0.03689287207323837,0.03689287207321712,0.036892872073195845,0.036892872073174605,0.036892872073153386,0.03689287207313213,0.03689287207311089,0.03689287207308966,0.03689287207306844,0.036892872073047214,0.03689287207302601,0.03689287207300479,0.036892872072983564,0.03689287207296235,0.03689287207294116,0.036892872072919976,0.03689287207289879,0.036892872072877586,0.03689287207285641,0.03689287207283523,0.036892872072814054,0.03689287207279288,0.03689287207277171,0.03689287207275053,0.036892872072729385,0.03689287207270823,0.036892872072687086,0.03689287207266596,0.0368928720726448,0.03689287207262367,0.03689287207260253,0.03689287207258141,0.03689287207256028,0.03689287207253915,0.03689287207251805,0.036892872072496946,0.036892872072475845,0.03689287207245474,0.03689287207243365,0.03689287207241257,0.03689287207239148,0.0368928720723704,0.036892872072349314,0.036892872072328234,0.03689287207230716,0.0368928720722861,0.03689287207226505,0.03689287207224397,0.03689287207222292,0.036892872072201884,0.03689287207218082,0.036892872072159785,0.03689287207213877,0.03689287207211771,0.03689287207209668,0.03689287207207566,0.03689287207205464,0.03689287207203363,0.03689287207201261,0.03689287207199159,0.036892872071970624,0.036892872071949634,0.03689287207192862,0.03689287207190763,0.03689287207188665,0.03689287207186566,0.03689287207184468,0.03689287207182371,0.036892872071802744,0.036892872071781775,0.03689287207176081,0.03689287207173987,0.036892872071718916,0.03689287207169797,0.036892872071677046,0.03689287207165608,0.036892872071635156,0.03689287207161422,0.03689287207159331,0.03689287207157238,0.03689287207155146,0.03689287207153055,0.03689287207150965,0.036892872071488746,0.036892872071467846,0.036892872071446925,0.036892872071426046,0.03689287207140515,0.036892872071384274,0.036892872071363395,0.036892872071342515,0.03689287207132164,0.03689287207130079,0.03689287207127993,0.036892872071259075,0.03689287207123822,0.03689287207121737,0.03689287207119652,0.036892872071175684,0.036892872071154846,0.03689287207113401,0.036892872071113185,0.03689287207109236,0.03689287207107156,0.03689287207105074,0.036892872071029925,0.036892872071009136,0.03689287207098835,0.03689287207096754,0.03689287207094674,0.03689287207092593,0.03689287207090519,0.03689287207088438,0.036892872070863614,0.03689287207084284,0.03689287207082208,0.036892872070801344,0.036892872070780555,0.03689287207075981,0.03689287207073904,0.036892872070718306,0.036892872070697545,0.03689287207067681,0.0368928720706561,0.036892872070635366,0.03689287207061462,0.03689287207059393,0.03689287207057321,0.03689287207055249,0.03689287207053176,0.036892872070511055,0.036892872070490364,0.036892872070469665,0.03689287207044896,0.036892872070428274,0.03689287207040761,0.036892872070386926,0.03689287207036624,0.03689287207034558,0.036892872070324906,0.03689287207030425,0.03689287207028358,0.03689287207026293,0.03689287207024229,0.036892872070221655,0.036892872070201,0.03689287207018036,0.03689287207015974,0.036892872070139096,0.03689287207011847,0.03689287207009783,0.03689287207007723,0.03689287207005662,0.036892872070036005,0.036892872070015424,0.0368928720699948,0.03689287206997419,0.03689287206995362,0.03689287206993304,0.03689287206991246,0.036892872069891884,0.03689287206987131,0.03689287206985072,0.036892872069830156,0.0368928720698096,0.03689287206978903,0.036892872069768476,0.03689287206974794,0.03689287206972739,0.036892872069706845,0.03689287206968631,0.036892872069665746,0.03689287206964522,0.03689287206962469,0.03689287206960417,0.036892872069583645,0.036892872069563126,0.0368928720695426,0.0368928720695221,0.03689287206950159,0.03689287206948108,0.03689287206946061,0.036892872069440114,0.03689287206941962,0.03689287206939914,0.03689287206937868,0.03689287206935818,0.03689287206933773,0.03689287206931726,0.0368928720692968,0.03689287206927637,0.03689287206925591,0.03689287206923547,0.03689287206921501,0.03689287206919455,0.036892872069174125,0.03689287206915368,0.03689287206913325,0.03689287206911284,0.03689287206909241,0.03689287206907199,0.036892872069051584,0.03689287206903118,0.036892872069010776,0.036892872068990376,0.03689287206896997,0.03689287206894958,0.03689287206892919,0.03689287206890883,0.03689287206888844,0.03689287206886807,0.03689287206884768,0.03689287206882735,0.036892872068806995,0.0368928720687866,0.03689287206876626,0.03689287206874592,0.03689287206872557,0.03689287206870522,0.03689287206868489,0.03689287206866456,0.03689287206864423,0.036892872068623905,0.03689287206860358,0.036892872068583264,0.03689287206856294,0.036892872068542644,0.03689287206852234,0.03689287206850203,0.036892872068481734,0.036892872068461445,0.03689287206844114,0.03689287206842088,0.0368928720684006,0.03689287206838032,0.03689287206836006,0.03689287206833979,0.03689287206831953,0.03689287206829926,0.036892872068279,0.036892872068258746,0.036892872068238505,0.03689287206821826,0.03689287206819801,0.036892872068177776,0.03689287206815753,0.036892872068137336,0.03689287206811709,0.036892872068096876,0.036892872068076656,0.03689287206805644,0.03689287206803625,0.03689287206801606,0.036892872067995824,0.036892872067975625,0.03689287206795543,0.03689287206793524,0.03689287206791506,0.036892872067894884,0.036892872067874706,0.03689287206785454,0.03689287206783437,0.03689287206781422,0.03689287206779406,0.03689287206777391,0.03689287206775375,0.03689287206773362,0.03689287206771347,0.03689287206769332,0.03689287206767319,0.03689287206765306,0.03689287206763295,0.036892872067612804,0.03689287206759268,0.036892872067572566,0.03689287206755246,0.03689287206753235,0.03689287206751223,0.03689287206749215,0.036892872067472056,0.03689287206745197,0.0368928720674319,0.03689287206741179,0.03689287206739171,0.036892872067371636,0.036892872067351576,0.03689287206733149,0.03689287206731144,0.03689287206729136,0.03689287206727131,0.03689287206725126,0.03689287206723123,0.036892872067211195,0.036892872067191156,0.036892872067171116,0.036892872067151104,0.036892872067131065,0.03689287206711104,0.03689287206709102,0.03689287206707102,0.036892872067051004,0.036892872067030985,0.036892872067010994,0.03689287206699099,0.036892872066970984,0.03689287206695097,0.03689287206693099,0.03689287206691101,0.036892872066891,0.03689287206687104,0.03689287206685106,0.0368928720668311,0.036892872066811126,0.036892872066791156,0.03689287206677122,0.03689287206675126,0.03689287206673132,0.036892872066711366,0.03689287206669144,0.03689287206667151,0.03689287206665158,0.03689287206663165,0.036892872066611716,0.036892872066591795,0.03689287206657188,0.03689287206655195,0.036892872066532086,0.03689287206651216,0.036892872066492284,0.03689287206647239,0.03689287206645246,0.036892872066432575,0.03689287206641269,0.0368928720663928,0.036892872066372935,0.036892872066353055,0.03689287206633318,0.03689287206631331,0.03689287206629346,0.03689287206627358,0.03689287206625374,0.03689287206623389,0.03689287206621404,0.03689287206619418,0.036892872066174365,0.03689287206615451,0.03689287206613468,0.036892872066114864,0.036892872066095025,0.036892872066075215,0.03689287206605539,0.03689287206603559,0.03689287206601577,0.03689287206599596,0.03689287206597616,0.03689287206595638,0.03689287206593659,0.0368928720659168,0.03689287206589701,0.036892872065877234,0.03689287206585745,0.036892872065837676,0.0368928720658179,0.036892872065798145,0.036892872065778376,0.03689287206575863,0.03689287206573889,0.03689287206571912,0.03689287206569936,0.036892872065679636,0.036892872065659894,0.03689287206564017,0.03689287206562047,0.036892872065600754,0.03689287206558101,0.0368928720655613,0.03689287206554161,0.03689287206552188,0.03689287206550218,0.03689287206548249,0.0368928720654628,0.036892872065443096,0.036892872065423424,0.03689287206540374,0.03689287206538405,0.03689287206536437,0.03689287206534471,0.03689287206532502,0.03689287206530536,0.036892872065285715,0.03689287206526606,0.0368928720652464,0.03689287206522674,0.036892872065207104,0.03689287206518745,0.036892872065167816,0.03689287206514818,0.03689287206512854,0.036892872065108925,0.03689287206508931,0.036892872065069686,0.03689287206505006,0.03689287206503045,0.03689287206501085,0.03689287206499126,0.036892872064971646,0.036892872064952044,0.03689287206493244,0.03689287206491287,0.03689287206489325,0.03689287206487369,0.0368928720648541,0.03689287206483454,0.03689287206481498,0.03689287206479542,0.03689287206477584,0.03689287206475629,0.03689287206473673,0.036892872064717155,0.03689287206469761,0.03689287206467808,0.036892872064658536,0.036892872064638996,0.03689287206461948,0.03689287206459995,0.036892872064580404,0.03689287206456091,0.03689287206454137,0.036892872064521874,0.036892872064502376,0.03689287206448287,0.036892872064463365,0.03689287206444389,0.03689287206442437,0.03689287206440488,0.0368928720643854,0.03689287206436592,0.03689287206434643,0.03689287206432699,0.03689287206430752,0.03689287206428807,0.036892872064268584,0.03689287206424913,0.036892872064229684,0.03689287206421023,0.03689287206419078,0.036892872064171335,0.0368928720641519,0.03689287206413246,0.036892872064113034,0.03689287206409362,0.03689287206407418,0.036892872064054755,0.036892872064035354,0.03689287206401596,0.03689287206399654,0.03689287206397712,0.03689287206395773,0.03689287206393833,0.03689287206391892,0.03689287206389952,0.036892872063880144,0.03689287206386075,0.036892872063841384,0.03689287206382203,0.036892872063802644,0.03689287206378329,0.03689287206376391,0.03689287206374455,0.0368928720637252,0.03689287206370585,0.036892872063686515,0.036892872063667155,0.03689287206364782,0.036892872063628485,0.036892872063609146,0.03689287206358981,0.03689287206357049,0.03689287206355117,0.03689287206353184,0.036892872063512536,0.036892872063493225,0.03689287206347393,0.036892872063454624,0.036892872063435306,0.03689287206341603,0.03689287206339674,0.03689287206337744,0.03689287206335818,0.03689287206333888,0.036892872063319614,0.03689287206330036,0.03689287206328109,0.03689287206326182,0.03689287206324258,0.036892872063223316,0.03689287206320406,0.03689287206318481,0.03689287206316556,0.03689287206314632,0.03689287206312708,0.03689287206310785,0.036892872063088604,0.0368928720630694,0.03689287206305018,0.03689287206303096,0.03689287206301175,0.036892872062992535,0.03689287206297332,0.03689287206295412,0.03689287206293493,0.036892872062915714,0.03689287206289654,0.03689287206287734,0.03689287206285818,0.03689287206283899,0.036892872062819826,0.03689287206280065,0.036892872062781475,0.03689287206276232,0.036892872062743144,0.036892872062723986,0.03689287206270483,0.03689287206268566,0.03689287206266653,0.03689287206264739,0.036892872062628236,0.036892872062609085,0.03689287206258996,0.03689287206257084,0.03689287206255173,0.03689287206253261,0.036892872062513495,0.03689287206249437,0.036892872062475275,0.03689287206245617,0.03689287206243706,0.03689287206241796,0.03689287206239886,0.036892872062379775,0.0368928720623607,0.03689287206234163,0.03689287206232253,0.03689287206230347,0.03689287206228438,0.03689287206226532,0.036892872062246236,0.036892872062227175,0.036892872062208114,0.03689287206218905,0.03689287206217,0.03689287206215095,0.03689287206213192,0.03689287206211287,0.036892872062093844,0.03689287206207482,0.036892872062055784,0.03689287206203676,0.036892872062017745,0.03689287206199872,0.036892872061979706,0.03689287206196069,0.036892872061941674,0.03689287206192268,0.03689287206190369,0.03689287206188469,0.03689287206186571,0.036892872061846715,0.036892872061827744,0.03689287206180875,0.036892872061789775,0.03689287206177079,0.036892872061751826,0.03689287206173286,0.03689287206171392,0.036892872061694934,0.03689287206167597,0.03689287206165704,0.03689287206163807,0.03689287206161915,0.0368928720616002,0.03689287206158127,0.03689287206156232,0.0368928720615434,0.03689287206152447,0.036892872061505544,0.03689287206148663,0.03689287206146774,0.0368928720614488,0.0368928720614299,0.036892872061410995,0.03689287206139211,0.036892872061373205,0.03689287206135432,0.03689287206133544,0.03689287206131655,0.03689287206129767,0.036892872061278795,0.036892872061259914,0.03689287206124104,0.0368928720612222,0.03689287206120333,0.03689287206118448,0.03689287206116562,0.03689287206114677,0.03689287206112792,0.0368928720611091,0.03689287206109025,0.036892872061071405,0.03689287206105257,0.03689287206103375,0.03689287206101491,0.03689287206099608,0.03689287206097729,0.03689287206095847,0.036892872060939656,0.03689287206092085,0.03689287206090204,0.03689287206088326,0.03689287206086445,0.03689287206084569,0.0368928720608269,0.03689287206080811,0.036892872060789325,0.03689287206077057,0.036892872060751786,0.03689287206073302,0.03689287206071426,0.03689287206069549,0.03689287206067673,0.036892872060657965,0.036892872060639216,0.03689287206062045,0.036892872060601725,0.03689287206058297,0.036892872060564234,0.03689287206054551,0.03689287206052678,0.03689287206050807,0.036892872060489336,0.03689287206047062,0.03689287206045191,0.036892872060433186,0.03689287206041448,0.036892872060395765,0.036892872060377065,0.03689287206035837,0.03689287206033967,0.03689287206032099,0.03689287206030229,0.03689287206028363,0.03689287206026496,0.03689287206024626,0.03689287206022758,0.036892872060208935,0.036892872060190256,0.03689287206017159,0.03689287206015293,0.03689287206013427,0.03689287206011562,0.03689287206009697,0.03689287206007833,0.03689287206005971,0.03689287206004107,0.03689287206002242,0.036892872060003815,0.03689287205998519,0.03689287205996655,0.03689287205994794,0.03689287205992931,0.03689287205991071,0.0368928720598921,0.0368928720598735,0.036892872059854906,0.036892872059836324,0.03689287205981772,0.036892872059799124,0.036892872059780535,0.036892872059761966,0.03689287205974338,0.03689287205972481,0.036892872059706254,0.03689287205968768,0.03689287205966911,0.03689287205965054,0.03689287205963202,0.03689287205961345,0.036892872059594906,0.03689287205957636,0.036892872059557824,0.03689287205953928,0.03689287205952075,0.03689287205950221,0.036892872059483675,0.03689287205946517,0.03689287205944665,0.03689287205942815,0.03689287205940963,0.03689287205939113,0.03689287205937261,0.036892872059354105,0.03689287205933562,0.036892872059317114,0.03689287205929862,0.036892872059280137,0.03689287205926167,0.03689287205924319,0.036892872059224716,0.036892872059206244,0.03689287205918777,0.036892872059169295,0.03689287205915084,0.03689287205913238,0.036892872059113915,0.036892872059095486,0.03689287205907705,0.036892872059058585,0.03689287205904015,0.036892872059021725,0.03689287205900328,0.03689287205898487,0.03689287205896644,0.03689287205894802,0.036892872058929604,0.03689287205891119,0.036892872058892766,0.03689287205887436,0.03689287205885596,0.036892872058837546,0.03689287205881915,0.03689287205880074,0.036892872058782375,0.03689287205876398,0.0368928720587456,0.036892872058727204,0.03689287205870885,0.03689287205869045,0.036892872058672074,0.03689287205865372,0.03689287205863537,0.03689287205861701,0.036892872058598654,0.03689287205858029,0.03689287205856193,0.036892872058543594,0.03689287205852526,0.03689287205850692,0.03689287205848859,0.036892872058470264,0.03689287205845193,0.03689287205843359,0.03689287205841529,0.03689287205839698,0.03689287205837865,0.03689287205836033,0.03689287205834202,0.036892872058323714,0.03689287205830541,0.03689287205828712,0.03689287205826883,0.03689287205825053,0.036892872058232225,0.03689287205821395,0.03689287205819566,0.03689287205817738,0.03689287205815912,0.036892872058140846,0.03689287205812257,0.03689287205810431,0.03689287205808606,0.03689287205806781,0.036892872058049545,0.036892872058031295,0.03689287205801305,0.03689287205799483,0.03689287205797659,0.03689287205795836,0.03689287205794013,0.03689287205792191,0.03689287205790367,0.036892872057885454,0.03689287205786723,0.03689287205784902,0.036892872057830824,0.036892872057812595,0.0368928720577944,0.03689287205777621,0.036892872057758014,0.036892872057739834,0.036892872057721626,0.03689287205770347,0.03689287205768527,0.0368928720576671,0.03689287205764894,0.03689287205763075,0.03689287205761258,0.036892872057594416,0.03689287205757625,0.03689287205755809,0.036892872057539945,0.03689287205752177,0.03689287205750364,0.0368928720574855,0.03689287205746735,0.0368928720574492,0.03689287205743108,0.03689287205741297,0.036892872057394846,0.03689287205737671,0.0368928720573586,0.03689287205734047,0.03689287205732237,0.036892872057304245,0.03689287205728615,0.03689287205726803,0.03689287205724994,0.036892872057231824,0.036892872057213755,0.036892872057195665,0.0368928720571776,0.036892872057159506,0.03689287205714142,0.036892872057123355,0.03689287205710529,0.03689287205708722,0.03689287205706917,0.036892872057051114,0.03689287205703306,0.03689287205701501,0.036892872056996956,0.03689287205697893,0.036892872056960874,0.03689287205694286,0.03689287205692482,0.03689287205690679,0.03689287205688875,0.03689287205687073,0.036892872056852724,0.0368928720568347,0.03689287205681668,0.03689287205679868,0.03689287205678067,0.03689287205676265,0.036892872056744665,0.03689287205672671,0.036892872056708714,0.036892872056690715,0.03689287205667273,0.03689287205665476,0.03689287205663677,0.03689287205661881,0.036892872056600835,0.036892872056582864,0.0368928720565649,0.03689287205654694,0.036892872056528976,0.03689287205651102,0.036892872056493047,0.03689287205647514,0.03689287205645719,0.03689287205643922,0.03689287205642129,0.03689287205640338,0.036892872056385424,0.03689287205636751,0.036892872056349585,0.03689287205633167,0.03689287205631374,0.03689287205629583,0.03689287205627789,0.03689287205626002,0.0368928720562421,0.03689287205622421,0.03689287205620631,0.03689287205618842,0.03689287205617054,0.03689287205615264,0.03689287205613478,0.036892872056116896,0.036892872056099014,0.036892872056081154,0.03689287205606327,0.03689287205604542,0.03689287205602755,0.0368928720560097,0.036892872055991836,0.03689287205597398,0.03689287205595615,0.03689287205593828,0.03689287205592045,0.036892872055902616,0.03689287205588479,0.03689287205586697,0.03689287205584914,0.03689287205583131,0.03689287205581349,0.03689287205579567,0.036892872055777855,0.03689287205576005,0.03689287205574226,0.03689287205572443,0.03689287205570664,0.036892872055688836,0.036892872055671044,0.03689287205565327,0.03689287205563547,0.0368928720556177,0.03689287205559991,0.03689287205558214,0.03689287205556437,0.036892872055546616,0.03689287205552884,0.03689287205551106,0.036892872055493305,0.03689287205547555,0.036892872055457784,0.03689287205544004,0.036892872055422285,0.03689287205540457,0.03689287205538683,0.0368928720553691,0.03689287205535137,0.03689287205533365,0.036892872055315905,0.03689287205529818,0.036892872055280475,0.03689287205526275,0.036892872055245024,0.03689287205522733,0.03689287205520962,0.036892872055191914,0.03689287205517424,0.03689287205515652,0.03689287205513883,0.03689287205512115,0.03689287205510346,0.03689287205508578,0.0368928720550681,0.03689287205505042,0.036892872055032756,0.036892872055015076,0.03689287205499741,0.03689287205497974,0.03689287205496207,0.036892872054944445,0.03689287205492677,0.03689287205490913,0.036892872054891494,0.03689287205487385,0.03689287205485622,0.03689287205483858,0.03689287205482095,0.03689287205480332,0.0368928720547857,0.036892872054768086,0.03689287205475046,0.03689287205473285,0.03689287205471524,0.036892872054697635,0.036892872054680025,0.03689287205466244,0.036892872054644824,0.03689287205462724,0.03689287205460966,0.03689287205459207,0.03689287205457448,0.03689287205455689,0.03689287205453931,0.03689287205452175,0.036892872054504165,0.0368928720544866,0.03689287205446902,0.0368928720544515,0.03689287205443392,0.03689287205441639,0.03689287205439883,0.036892872054381284,0.03689287205436376,0.036892872054346215,0.03689287205432868,0.036892872054311146,0.03689287205429363,0.036892872054276105,0.036892872054258556,0.03689287205424105,0.03689287205422353,0.036892872054206015,0.0368928720541885,0.03689287205417099,0.03689287205415351,0.036892872054135994,0.03689287205411851,0.03689287205410101,0.03689287205408352,0.03689287205406604,0.03689287205404855,0.03689287205403108,0.03689287205401361,0.03689287205399614,0.03689287205397868,0.03689287205396121,0.03689287205394374,0.036892872053926266,0.03689287205390882,0.03689287205389138,0.03689287205387392,0.03689287205385649,0.03689287205383903,0.036892872053821614,0.03689287205380417,0.036892872053786746,0.03689287205376932,0.0368928720537519,0.03689287205373447,0.03689287205371707,0.03689287205369965,0.036892872053682246,0.03689287205366484,0.036892872053647434,0.03689287205363003,0.036892872053612635,0.036892872053595226,0.036892872053577844,0.03689287205356045,0.036892872053543094,0.03689287205352569,0.03689287205350831,0.036892872053490934,0.03689287205347358,0.036892872053456205,0.03689287205343885,0.03689287205342147,0.036892872053404115,0.03689287205338677,0.036892872053369406,0.03689287205335206,0.03689287205333472,0.03689287205331738,0.036892872053300024,0.03689287205328269,0.03689287205326537,0.036892872053248024,0.036892872053230705,0.03689287205321338,0.03689287205319607,0.03689287205317875,0.03689287205316144,0.036892872053144114,0.03689287205312682,0.0368928720531095,0.03689287205309222,0.03689287205307493,0.03689287205305762,0.036892872053040336,0.03689287205302306,0.03689287205300579,0.036892872052988496,0.03689287205297122,0.03689287205295394,0.03689287205293665,0.03689287205291937,0.036892872052902106,0.036892872052884856,0.036892872052867585,0.03689287205285032,0.036892872052833085,0.03689287205281581,0.03689287205279857,0.036892872052781335,0.036892872052764106,0.03689287205274687,0.03689287205272965,0.036892872052712404,0.036892872052695216,0.03689287205267797,0.03689287205266078,0.03689287205264355,0.03689287205262636,0.03689287205260912,0.03689287205259191,0.03689287205257471,0.036892872052557514,0.036892872052540326,0.036892872052523125,0.03689287205250593,0.03689287205248874,0.036892872052471576,0.03689287205245437,0.036892872052437214,0.03689287205242004,0.03689287205240289,0.03689287205238574,0.03689287205236855,0.0368928720523514,0.03689287205233424,0.03689287205231711,0.03689287205229994,0.03689287205228279,0.03689287205226566,0.03689287205224854,0.03689287205223139,0.03689287205221426,0.036892872052197115,0.03689287205217999,0.036892872052162864,0.03689287205214574,0.036892872052128614,0.0368928720521115,0.0368928720520944,0.03689287205207729,0.03689287205206019,0.036892872052043085,0.036892872052026,0.03689287205200891,0.03689287205199181,0.03689287205197478,0.03689287205195768,0.0368928720519406,0.036892872051923535,0.03689287205190645,0.03689287205188938,0.03689287205187231,0.03689287205185523,0.03689287205183818,0.03689287205182117,0.03689287205180412,0.036892872051787054,0.036892872051770005,0.03689287205175296,0.036892872051735914,0.036892872051718886,0.03689287205170186,0.0368928720516848,0.03689287205166778,0.03689287205165077,0.03689287205163376,0.036892872051616704,0.03689287205159968,0.03689287205158268,0.03689287205156563,0.03689287205154864,0.03689287205153161,0.036892872051514626,0.03689287205149762,0.03689287205148063,0.03689287205146364,0.036892872051446646,0.036892872051429666,0.03689287205141269,0.0368928720513957,0.03689287205137874,0.03689287205136175,0.03689287205134478,0.03689287205132782,0.036892872051310845,0.036892872051293886,0.03689287205127695,0.03689287205125997,0.036892872051243,0.036892872051226065,0.03689287205120913,0.036892872051192176,0.036892872051175245,0.036892872051158314,0.036892872051141376,0.03689287205112444,0.03689287205110752,0.036892872051090604,0.03689287205107367,0.03689287205105677,0.03689287205103985,0.03689287205102295,0.03689287205100605,0.03689287205098915,0.036892872050972254,0.036892872050955365,0.03689287205093847,0.03689287205092158,0.036892872050904704,0.036892872050887815,0.03689287205087094,0.036892872050854064,0.03689287205083717,0.036892872050820306,0.03689287205080345,0.03689287205078658,0.03689287205076973,0.03689287205075287,0.03689287205073601,0.03689287205071915,0.03689287205070231,0.03689287205068547,0.036892872050668636,0.036892872050651816,0.03689287205063497,0.036892872050618135,0.036892872050601315,0.03689287205058449,0.03689287205056768,0.03689287205055084,0.03689287205053404,0.03689287205051721,0.036892872050500417,0.036892872050483604,0.03689287205046682,0.036892872050450026,0.03689287205043321,0.036892872050416414,0.036892872050399636,0.03689287205038285,0.03689287205036607,0.0368928720503493,0.03689287205033252,0.036892872050315745,0.036892872050298973,0.03689287205028219,0.036892872050265445,0.036892872050248667,0.03689287205023192,0.03689287205021515,0.036892872050198415,0.03689287205018168,0.03689287205016493,0.036892872050148184,0.03689287205013146,0.03689287205011475,0.036892872050098,0.03689287205008127,0.036892872050064564,0.03689287205004783,0.03689287205003114,0.03689287205001441,0.03689287204999769,0.03689287204998096,0.03689287204996426,0.03689287204994757,0.03689287204993085,0.036892872049914156,0.036892872049897454,0.03689287204988076,0.03689287204986408,0.03689287204984738,0.03689287204983071,0.036892872049814035,0.03689287204979737,0.03689287204978069,0.03689287204976403,0.036892872049747366,0.03689287204973069,0.036892872049714046,0.03689287204969741,0.03689287204968074,0.03689287204966409,0.03689287204964746,0.03689287204963081,0.03689287204961417,0.03689287204959752,0.0368928720495809,0.036892872049564256,0.03689287204954764,0.036892872049531004,0.03689287204951438,0.03689287204949775,0.03689287204948114,0.03689287204946454,0.03689287204944792,0.036892872049431306,0.03689287204941471,0.036892872049398125,0.03689287204938151,0.03689287204936494,0.03689287204934833,0.036892872049331754,0.036892872049315156,0.036892872049298586,0.036892872049282,0.03689287204926541,0.03689287204924884,0.036892872049232285,0.036892872049215715,0.036892872049199124,0.036892872049182575,0.03689287204916602,0.036892872049149456,0.03689287204913293,0.03689287204911638,0.03689287204909983,0.0368928720490833,0.03689287204906676,0.03689287204905023,0.036892872049033666,0.036892872049017145,0.03689287204900064,0.03689287204898411,0.03689287204896758,0.03689287204895107,0.036892872048934565,0.03689287204891806,0.03689287204890155,0.036892872048885035,0.03689287204886854,0.03689287204885207,0.036892872048835554,0.03689287204881907,0.03689287204880257,0.03689287204878608,0.0368928720487696,0.03689287204875315,0.036892872048736654,0.03689287204872019,0.036892872048703715,0.036892872048687256,0.03689287204867079,0.036892872048654324,0.03689287204863786,0.03689287204862141,0.03689287204860496,0.036892872048588515,0.03689287204857208,0.03689287204855561,0.036892872048539194,0.036892872048522755,0.036892872048506324,0.03689287204848989,0.03689287204847347,0.03689287204845705,0.036892872048440634,0.036892872048424216,0.036892872048407806,0.036892872048391395,0.03689287204837499,0.03689287204835858,0.036892872048342185,0.036892872048325795,0.0368928720483094,0.036892872048293,0.03689287204827663,0.03689287204826023,0.036892872048243854,0.03689287204822748,0.0368928720482111,0.03689287204819473,0.03689287204817837,0.03689287204816198,0.03689287204814562,0.03689287204812929,0.03689287204811292,0.03689287204809654,0.0368928720480802,0.03689287204806386,0.03689287204804752,0.03689287204803117,0.036892872048014815,0.03689287204799847,0.03689287204798216,0.03689287204796585,0.036892872047949526,0.03689287204793318,0.03689287204791687,0.03689287204790055,0.03689287204788424,0.03689287204786792,0.03689287204785161,0.03689287204783531,0.036892872047819006,0.03689287204780271,0.036892872047786414,0.03689287204777012,0.03689287204775381,0.03689287204773755,0.03689287204772126,0.03689287204770497,0.03689287204768868,0.03689287204767241,0.03689287204765615,0.036892872047639864,0.03689287204762363,0.036892872047607356,0.03689287204759108,0.036892872047574854,0.036892872047558575,0.03689287204754233,0.036892872047526094,0.03689287204750983,0.03689287204749359,0.03689287204747735,0.03689287204746112,0.03689287204744489,0.03689287204742866,0.036892872047412414,0.036892872047396205,0.03689287204737998,0.03689287204736376,0.03689287204734755,0.03689287204733136,0.03689287204731515,0.036892872047298936,0.03689287204728275,0.03689287204726656,0.03689287204725038,0.03689287204723416,0.036892872047217994,0.03689287204720182,0.03689287204718563,0.03689287204716945,0.036892872047153275,0.03689287204713712,0.036892872047120946,0.03689287204710478,0.0368928720470886,0.03689287204707244,0.03689287204705629,0.03689287204704012,0.036892872047023975,0.036892872047007814,0.03689287204699166,0.03689287204697552,0.03689287204695938,0.03689287204694323,0.036892872046927094,0.03689287204691095,0.036892872046894856,0.0368928720468787,0.0368928720468626,0.03689287204684648,0.03689287204683036,0.03689287204681425,0.03689287204679815,0.03689287204678204,0.03689287204676594,0.03689287204674983,0.036892872046733714,0.03689287204671762,0.03689287204670151,0.036892872046685427,0.036892872046669314,0.03689287204665324,0.03689287204663717,0.03689287204662111,0.03689287204660502,0.03689287204658895,0.03689287204657288,0.036892872046556814,0.03689287204654076,0.03689287204652471,0.03689287204650865,0.03689287204649261,0.03689287204647653,0.03689287204646049,0.03689287204644444,0.036892872046428424,0.03689287204641237,0.036892872046396324,0.03689287204638028,0.03689287204636427,0.036892872046348245,0.03689287204633223,0.036892872046316215,0.0368928720463002,0.036892872046284185,0.03689287204626817,0.03689287204625217,0.036892872046236154,0.03689287204622017,0.036892872046204166,0.03689287204618817,0.03689287204617217,0.03689287204615618,0.03689287204614021,0.036892872046124216,0.03689287204610824,0.03689287204609225,0.03689287204607629,0.03689287204606033,0.036892872046044335,0.036892872046028355,0.03689287204601239,0.036892872045996415,0.03689287204598046,0.0368928720459645,0.036892872045948544,0.036892872045932626,0.03689287204591666,0.03689287204590073,0.03689287204588479,0.03689287204586887,0.036892872045852926,0.03689287204583699,0.03689287204582107,0.03689287204580515,0.03689287204578922,0.03689287204577329,0.03689287204575738,0.03689287204574148,0.03689287204572556,0.03689287204570966,0.036892872045693755,0.036892872045677844,0.03689287204566195,0.03689287204564604,0.03689287204563015,0.03689287204561427,0.036892872045598386,0.03689287204558247,0.03689287204556663,0.03689287204555076,0.03689287204553488,0.036892872045519026,0.03689287204550316,0.03689287204548726,0.03689287204547141,0.03689287204545555,0.03689287204543968,0.03689287204542384,0.03689287204540798,0.03689287204539214,0.03689287204537631,0.03689287204536045,0.036892872045344624,0.03689287204532879,0.03689287204531295,0.03689287204529713,0.0368928720452813,0.03689287204526547,0.03689287204524965,0.03689287204523383,0.03689287204521802,0.03689287204520222,0.0368928720451864,0.03689287204517061,0.0368928720451548,0.036892872045139004,0.03689287204512319,0.03689287204510742,0.036892872045091604,0.03689287204507582,0.03689287204506007,0.03689287204504425,0.03689287204502848,0.03689287204501268,0.03689287204499693,0.036892872044981165,0.036892872044965414,0.03689287204494964,0.036892872044933876,0.03689287204491813,0.03689287204490236,0.0368928720448866,0.036892872044870864,0.03689287204485509,0.036892872044839355,0.036892872044823624,0.03689287204480788,0.03689287204479215,0.036892872044776426,0.03689287204476068,0.03689287204474497,0.03689287204472924,0.03689287204471352,0.03689287204469779,0.036892872044682085,0.03689287204466636,0.036892872044650644,0.036892872044634935,0.036892872044619225,0.036892872044603536,0.03689287204458784,0.036892872044572166,0.03689287204455647,0.03689287204454078,0.036892872044525106,0.03689287204450941,0.036892872044493735,0.03689287204447805,0.03689287204446237,0.0368928720444467,0.036892872044431035,0.03689287204441538,0.03689287204439972,0.03689287204438406,0.03689287204436839,0.03689287204435272,0.03689287204433708,0.03689287204432144,0.036892872044305795,0.03689287204429014,0.036892872044274515,0.03689287204425886,0.03689287204424324,0.036892872044227615,0.036892872044211975,0.03689287204419636,0.036892872044180736,0.036892872044165116,0.03689287204414948,0.036892872044133884,0.036892872044118286,0.03689287204410266,0.03689287204408706,0.03689287204407146,0.03689287204405587,0.03689287204404027,0.03689287204402466,0.03689287204400907,0.03689287204399346,0.036892872043977905,0.03689287204396232,0.036892872043946735,0.03689287204393117,0.0368928720439156,0.03689287204390002,0.03689287204388445,0.03689287204386889,0.03689287204385331,0.03689287204383776,0.03689287204382222,0.03689287204380668,0.036892872043791124,0.03689287204377559,0.036892872043759996,0.03689287204374447,0.03689287204372894,0.036892872043713394,0.036892872043697865,0.03689287204368234,0.03689287204366682,0.036892872043651305,0.03689287204363579,0.03689287204362026,0.03689287204360475,0.036892872043589264,0.03689287204357353,0.0368928720435579,0.03689287204354239,0.03689287204352691,0.0368928720435114,0.036892872043495895,0.036892872043480386,0.03689287204346492,0.03689287204344943,0.03689287204343396,0.03689287204341846,0.03689287204340298,0.03689287204338752,0.03689287204337205,0.03689287204335657,0.036892872043341095,0.036892872043325635,0.036892872043310154,0.0368928720432947,0.03689287204327925,0.03689287204326379,0.03689287204324832,0.036892872043232876,0.036892872043217464,0.03689287204320201,0.036892872043186566,0.03689287204317114,0.036892872043155715,0.03689287204314027,0.03689287204312486,0.03689287204310941,0.03689287204309402,0.036892872043078576,0.03689287204306317,0.03689287204304775,0.03689287204303235,0.03689287204301694,0.03689287204300155,0.03689287204298614,0.03689287204297076,0.036892872042955355,0.036892872042939964,0.036892872042924574,0.036892872042909204,0.03689287204289382,0.036892872042878444,0.03689287204286306,0.03689287204284768,0.03689287204283233,0.03689287204281695,0.036892872042801596,0.036892872042786226,0.036892872042770856,0.0368928720427555,0.03689287204274014,0.036892872042724796,0.03689287204270943,0.03689287204269412,0.03689287204267876,0.03689287204266342,0.03689287204264812,0.036892872042632766,0.03689287204261745,0.036892872042602116,0.036892872042586795,0.03689287204257148,0.03689287204255616,0.03689287204254086,0.03689287204252554,0.036892872042510225,0.03689287204249491,0.03689287204247962,0.03689287204246431,0.03689287204244901,0.03689287204243371,0.0368928720424184,0.03689287204240312,0.03689287204238781,0.036892872042372536,0.036892872042357264,0.03689287204234197,0.036892872042326705,0.03689287204231141,0.03689287204229616,0.036892872042280894,0.03689287204226561,0.036892872042250356,0.036892872042235104,0.03689287204221983,0.03689287204220457,0.03689287204218931,0.03689287204217407,0.036892872042158825,0.03689287204214358,0.036892872042128357,0.03689287204211311,0.036892872042097874,0.03689287204208264,0.03689287204206742,0.03689287204205221,0.03689287204203698,0.036892872042021754,0.03689287204200654,0.036892872041991306,0.03689287204197613,0.03689287204196092,0.036892872041945725,0.03689287204193052,0.036892872041915305,0.036892872041900115,0.03689287204188492,0.036892872041869716,0.03689287204185453,0.036892872041839345,0.03689287204182415,0.03689287204180898,0.03689287204179379,0.03689287204177863,0.036892872041763454,0.03689287204174828,0.0368928720417331,0.03689287204171795,0.036892872041702794,0.03689287204168766,0.03689287204167249,0.036892872041657344,0.03689287204164217,0.03689287204162703,0.03689287204161188,0.03689287204159673,0.036892872041581586,0.03689287204156646,0.036892872041551325,0.036892872041536184,0.03689287204152106,0.03689287204150594,0.036892872041490804,0.03689287204147569,0.03689287204146057,0.03689287204144545,0.03689287204143034,0.03689287204141522,0.03689287204140011,0.036892872041385014,0.03689287204136991,0.036892872041354816,0.036892872041339723,0.036892872041324645,0.03689287204130953,0.036892872041294426,0.03689287204127934,0.03689287204126428,0.0368928720412492,0.03689287204123413,0.036892872041219035,0.03689287204120398,0.03689287204118892,0.036892872041173856,0.0368928720411588,0.03689287204114373,0.03689287204112868,0.03689287204111362,0.03689287204109857,0.03689287204108352,0.03689287204106848,0.03689287204105343,0.03689287204103839,0.036892872041023345,0.0368928720410083,0.03689287204099328,0.03689287204097823,0.03689287204096322,0.03689287204094819,0.036892872040933174,0.03689287204091816,0.036892872040903135,0.036892872040888126,0.03689287204087313,0.03689287204085813,0.03689287204084312,0.036892872040828105,0.036892872040813124,0.03689287204079813,0.036892872040783134,0.036892872040768146,0.03689287204075316,0.03689287204073819,0.0368928720407232,0.0368928720407082,0.036892872040693234,0.03689287204067826,0.03689287204066329,0.036892872040648325,0.03689287204063336,0.036892872040618405,0.03689287204060345,0.0368928720405885,0.03689287204057353,0.036892872040558564,0.03689287204054365,0.036892872040528685,0.03689287204051374,0.0368928720404988,0.036892872040483866,0.036892872040468934,0.03689287204045401,0.03689287204043907,0.03689287204042416,0.03689287204040924,0.03689287204039432,0.036892872040379415,0.03689287204036449,0.03689287204034958,0.03689287204033467,0.03689287204031976,0.03689287204030488,0.036892872040289966,0.03689287204027506,0.03689287204026014,0.03689287204024524,0.036892872040230354,0.03689287204021547,0.03689287204020059,0.03689287204018577,0.03689287204017092,0.03689287204015603,0.03689287204014116,0.036892872040126305,0.03689287204011144,0.03689287204009657,0.03689287204008169,0.03689287204006683,0.03689287204005199,0.036892872040037133,0.0368928720400223,0.03689287204000744,0.03689287203999257,0.03689287203997776,0.0368928720399629,0.03689287203994809,0.03689287203993323,0.03689287203991841,0.03689287203990356,0.03689287203988873,0.036892872039873896,0.03689287203985908,0.03689287203984426,0.03689287203982946,0.03689287203981464,0.036892872039799816,0.03689287203978501,0.03689287203977023,0.036892872039755414,0.03689287203974061,0.036892872039725806,0.036892872039711026,0.03689287203969624,0.03689287203968145,0.03689287203966668,0.036892872039651886,0.03689287203963712,0.03689287203962233,0.036892872039607554,0.036892872039592794,0.03689287203957802,0.036892872039563276,0.03689287203954851,0.036892872039533744,0.036892872039518985,0.03689287203950424,0.03689287203948948,0.03689287203947473,0.03689287203945998,0.036892872039445225,0.036892872039430494,0.03689287203941574,0.036892872039401,0.03689287203938627,0.03689287203937154,0.036892872039356824,0.03689287203934209,0.03689287203932737,0.03689287203931262,0.036892872039297905,0.03689287203928319,0.036892872039268484,0.03689287203925376,0.036892872039239064,0.03689287203922435,0.036892872039209657,0.03689287203919497,0.03689287203918026,0.03689287203916556,0.036892872039150884,0.03689287203913618,0.03689287203912149,0.03689287203910682,0.03689287203909214,0.03689287203907745,0.03689287203906278,0.0368928720390481,0.036892872039033436,0.03689287203901877,0.0368928720390041,0.03689287203898944,0.036892872038974775,0.03689287203896012,0.03689287203894547,0.036892872038930824,0.036892872038916176,0.03689287203890153,0.03689287203888688,0.03689287203887223,0.036892872038857605,0.03689287203884298,0.036892872038828343,0.03689287203881371,0.03689287203879909,0.03689287203878447,0.036892872038769856,0.03689287203875523,0.03689287203874061,0.03689287203872599,0.03689287203871137,0.03689287203869678,0.03689287203868217,0.036892872038667576,0.03689287203865297,0.03689287203863837,0.03689287203862377,0.03689287203860919,0.03689287203859459,0.03689287203858001,0.03689287203856543,0.03689287203855086,0.036892872038536285,0.0368928720385217,0.03689287203850714,0.03689287203849258,0.03689287203847801,0.03689287203846344,0.036892872038448876,0.03689287203843432,0.03689287203841973,0.036892872038405196,0.03689287203839063,0.03689287203837608,0.03689287203836153,0.036892872038347,0.036892872038332455,0.03689287203831791,0.036892872038303375,0.03689287203828885,0.03689287203827432,0.03689287203825982,0.0368928720382453,0.036892872038230766,0.03689287203821625,0.03689287203820172,0.0368928720381872,0.036892872038172694,0.03689287203815819,0.03689287203814367,0.03689287203812917,0.03689287203811465,0.03689287203810017,0.036892872038085674,0.03689287203807118,0.0368928720380567,0.03689287203804221,0.03689287203802772,0.03689287203801323,0.03689287203799876,0.03689287203798426,0.0368928720379698,0.03689287203795533,0.036892872037940845,0.03689287203792638,0.036892872037911924,0.03689287203789746,0.036892872037882996,0.036892872037868535,0.03689287203785409,0.03689287203783962,0.03689287203782517,0.03689287203781071,0.03689287203779629,0.03689287203778183,0.0368928720377674,0.03689287203775293,0.0368928720377385,0.03689287203772408,0.036892872037709676,0.03689287203769524,0.036892872037680824,0.036892872037666405,0.03689287203765199,0.036892872037637574,0.036892872037623155,0.03689287203760876,0.036892872037594344,0.03689287203757993,0.036892872037565555,0.03689287203755118,0.03689287203753679,0.036892872037522395,0.036892872037508004,0.03689287203749363,0.03689287203747924,0.03689287203746485,0.036892872037450467,0.03689287203743609,0.036892872037421726,0.036892872037407355,0.03689287203739299,0.03689287203737862,0.03689287203736426
9,1.0351819320742621e-44,2.921521582948255e-44,5.782428152005438e-44,9.772049917493256e-44,1.503923938792225e-43,2.1729066214611864e-43,2.9984854682997413e-43,3.994942224776566e-43,5.176577266002177e-43,6.5577452361535106e-43,8.15287039361855e-43,9.976450095003088e-43,1.2043051692466667e-42,1.4367306101394152e-42,1.696390000773315e-42,1.984756786581665e-42,2.3033084322096084e-42,2.653525738012025e-42,3.036892242835241e-42,3.454893713918848e-42,3.909017718540017e-42,4.400753269022011e-42,4.931590531615187e-42,5.503020589807419e-42,6.116535253262121e-42,6.773626904522031e-42,7.47578837665186e-42,8.224512856018534e-42,9.021293805345426e-42,9.867624903029717e-42,1.0764999995433583e-41,1.171491305947579e-41,1.2718858173380215e-41,1.377832949384908e-41,1.489482123829019e-41,1.6069827671003187e-41,1.7304843092463991e-41,1.860136183102149e-41,1.9960878236481677e-41,2.1384886675144835e-41,2.2874881525982698e-41,2.443235717768935e-41,2.60588080264152e-41,2.7755728474022125e-41,2.9524612926744323e-41,3.1366955794160653e-41,3.3284251488406385e-41,3.5277994423570525e-41,3.7349679015232776e-41,3.9500799680110495e-41,4.1732850835788503e-41,4.4047326900512635e-41,4.644572229303286e-41,4.892953143248222e-41,5.150024873828533e-41,5.415936863008908e-41,5.690838552770932e-41,5.974879385108973e-41,6.268208802027179e-41,6.57097624553705e-41,6.883331157655724e-41,7.205422980404625e-41,7.537401155808405e-41,7.879415125894117e-41,8.231614332690725e-41,8.594148218228593e-41,8.967166224539154e-41,9.350817793654629e-41,9.745252367607866e-41,1.0150619388432183e-40,1.056706829816123e-40,1.0994748538828937e-40,1.1433809552469443e-40,1.1884400781117e-40,1.2346671666806002e-40,1.2820771651570934e-40,1.3306850177446352e-40,1.3805056686466828e-40,1.4315540620667021e-40,1.4838451422081553e-40,1.53739385327452e-40,1.5922151394692541e-40,1.6483239449958332e-40,1.7057352140577274e-40,1.7644638908584134e-40,1.8245249196013624e-40,1.8859332444900465e-40,1.9487038097279375e-40,2.0128515595185178e-40,2.0783914380652543e-40,2.1453383895716214e-40,2.2137073582410967e-40,2.2835132882771534e-40,2.3547711238832663e-40,2.427495809262908e-40,2.5017022886195554e-40,2.5774055061566807e-40,2.654620406077761e-40,2.7333619325862703e-40,2.813645029885683e-40,2.8954846421794743e-40,2.978895713671116e-40,3.0638931885640865e-40,3.150492011061858e-40,3.238707125367909e-40,3.3285534756857136e-40,3.420046006218737e-40,3.5131996611704688e-40,3.6080293847443718e-40,3.70455012114392e-40,3.802776814572597e-40,3.9027244092338725e-40,4.00440784933122e-40,4.107842079068122e-40,4.213042042648046e-40,4.32002268427447e-40,4.428798948150865e-40,4.539385778480708e-40,4.651798119467475e-40,4.766050915314637e-40,4.882159110225671e-40,5.000137648404051e-40,5.120001474053255e-40,5.2417655313767536e-40,5.365444764578022e-40,5.491054117860536e-40,5.618608535427769e-40,5.748122961483196e-40,5.879612340230292e-40,6.013091615872528e-40,6.148575732613387e-40,6.28607963465634e-40,6.425618266204854e-40,6.567206571462416e-40,6.710859494632502e-40,6.856591979918571e-40,7.004418971524108e-40,7.1543554136525886e-40,7.306416250507485e-40,7.460616426292269e-40,7.616970885210413e-40,7.775494571465404e-40,7.936202429260711e-40,8.099109402799804e-40,8.264230436286167e-40,8.431580473923267e-40,8.601174459914578e-40,8.773027338463574e-40,8.947154053773737e-40,9.123569550048536e-40,9.302288771491447e-40,9.48332666230594e-40,9.666698166695491e-40,9.852418228863585e-40,1.0040501793013687e-39,1.0230963803349282e-39,1.0423819204073834e-39,1.0619082939390823e-39,1.081676995350372e-39,1.1016895190616e-39,1.1219473594931143e-39,1.1424520110652619e-39,1.1632049681983903e-39,1.1842077253128472e-39,1.2054617768289793e-39,1.2269686171671343e-39,1.2487297407476609e-39,1.2707466419909061e-39,1.2930208153172168e-39,1.3155537551469407e-39,1.3383469559004232e-39,1.3614019119980153e-39,1.384720117860063e-39,1.4083030679069135e-39,1.4321522565589139e-39,1.4562691782364128e-39,1.4806553273597573e-39,1.505312198349295e-39,1.530241285625372e-39,1.555444083608337e-39,1.5809220867185373e-39,1.606676789376321e-39,1.632709686002035e-39,1.6590222710160266e-39,1.6856160388386425e-39,1.7124924838902313e-39,1.7396531005911412e-39,1.7670993833617182e-39,1.7948328266223096e-39,1.8228549247932638e-39,1.8511671722949298e-39,1.879771063547652e-39,1.9086680929717793e-39,1.9378597549876578e-39,1.9673475440156362e-39,1.9971329544760625e-39,2.0272174807892827e-39,2.0576026173756462e-39,2.0882898586554983e-39,2.119280699049188e-39,2.150576632977062e-39,2.182179154859469e-39,2.2140897591167553e-39,2.246309940169269e-39,2.2788411924373547e-39,2.3116850103413637e-39,2.3448428883016424e-39,2.3783163207385386e-39,2.4121068020723976e-39,2.44621582672357e-39,2.4806448891124008e-39,2.5153954836592383e-39,2.5504691047844287e-39,2.5858672469083217e-39,2.621591404451266e-39,2.6576430718336055e-39,2.6940237434756896e-39,2.730734913797866e-39,2.7677780772204804e-39,2.8051547281638815e-39,2.8428663610484153e-39,2.8809144702944312e-39,2.9193005503222748e-39,2.958026095552295e-39,2.99709260040484e-39,3.036501559300257e-39,3.0762544666588906e-39,3.116352816901092e-39,3.1567981044472056e-39,3.19759182371758e-39,3.2387354691325634e-39,3.2802305351125034e-39,3.322078516077746e-39,3.3642809064486404e-39,3.4068392006455313e-39,3.449754893088768e-39,3.4930294781986985e-39,3.5366644503956694e-39,3.58066130410003e-39,3.625021533732125e-39,3.669746633712304e-39,3.714838098460914e-39,3.7602974223983016e-39,3.806126099944815e-39,3.8523256255208006e-39,3.8988974935466084e-39,3.9458431984425836e-39,3.993164234629075e-39,4.040862096526427e-39,4.088938278554991e-39,4.137394275135112e-39,4.1862315806871384e-39,4.2354516896314175e-39,4.2850560963882966e-39,4.3350462953781234e-39,4.385423781021248e-39,4.436190047738005e-39,4.487346589948759e-39,4.538894902073851e-39,4.590836478533629e-39,4.64317281374844e-39,4.695905402138631e-39,4.74903573812455e-39,4.8025653161265436e-39,4.85649563056496e-39,4.910828175860146e-39,4.9655644464324503e-39,5.0207059367022195e-39,5.076254141089799e-39,5.13221055401554e-39,5.188576669899786e-39,5.2453539831628896e-39,5.302543988225192e-39,5.360148179507048e-39,5.4181680514288e-39,5.476605098410797e-39,5.535460814873385e-39,5.594736695236911e-39,5.6544342339217264e-39,5.714554925348173e-39,5.775100263936605e-39,5.8360717441073646e-39,5.897470860280804e-39,5.959299106877265e-39,6.021557978317097e-39,6.084248969020649e-39,6.147373573408268e-39,6.210933285900301e-39,6.274929600917095e-39,6.339364012878998e-39,6.404238016206361e-39,6.469553105319524e-39,6.535310774638844e-39,6.601512518584658e-39,6.668159831577318e-39,6.735254208037175e-39,6.802797142384573e-39,6.870790129039861e-39,6.93923466242339e-39,7.008132236955507e-39,7.077484347056545e-39,7.14729248714686e-39,7.217558151646807e-39,7.288282834976722e-39,7.35946803155696e-39,7.431115235807868e-39,7.503225942149791e-39,7.575801645003075e-39,7.648843838788075e-39,7.722354017925131e-39,7.796333676834599e-39,7.870784309936816e-39,7.945707411652132e-39,8.021104476400896e-39,8.09697699860346e-39,8.173326472680163e-39,8.250154393051361e-39,8.327462254137393e-39,8.405251550358611e-39,8.483523776135362e-39,8.562280425887996e-39,8.641522994036859e-39,8.721252975002307e-39,8.801471863204667e-39,8.882181153064298e-39,8.963382339001545e-39,9.045076915436767e-39,9.127266376790294e-39,9.209952217482483e-39,9.293135931933678e-39,9.376819014564228e-39,9.461002959794481e-39,9.545689262044782e-39,9.630879415735481e-39,9.716574915286929e-39,9.802777255119473e-39,9.889487929653454e-39,9.976708433309223e-39,1.006444026050713e-38,1.0152684905667516e-38,1.0241443863210734e-38,1.033071862755712e-38,1.0420510693127039e-38,1.051082155434083e-38,1.060165270561884e-38,1.0693005641381413e-38,1.0784881856048908e-38,1.087728284404166e-38,1.0970210099780025e-38,1.1063665117684345e-38,1.115764939217497e-38,1.1252164417672245e-38,1.134721168859652e-38,1.1442792699368145e-38,1.1538908944407463e-38,1.1635561918134829e-38,1.1732753114970583e-38,1.1830484029335072e-38,1.1928756155648643e-38,1.202757098833165e-38,1.2126930021804434e-38,1.2226834750487344e-38,1.232728666880073e-38,1.2428287271164937e-38,1.252983805200031e-38,1.26319405057272e-38,1.2734596126765957e-38,1.2837806409536922e-38,1.2941572848460448e-38,1.3045896937956883e-38,1.3150780172446572e-38,1.3256224046349874e-38,1.3362230054087112e-38,1.3468799690078647e-38,1.3575934448744822e-38,1.368363582450599e-38,1.379190531178249e-38,1.3900744404994682e-38,1.4010154598562913e-38,1.4120137386907518e-38,1.4230694264448859e-38,1.4341826725607275e-38,1.4453536264803112e-38,1.4565824376456724e-38,1.467869255498846e-38,1.4792142294818657e-38,1.4906175090367663e-38,1.5020792436055833e-38,1.5135995826303511e-38,1.5251786755531047e-38,1.536816671815878e-38,1.5485137208607067e-38,1.5602699721296257e-38,1.5720855750646688e-38,1.583960679107872e-38,1.5958954337012687e-38,1.6078899882868937e-38,1.6199444923067825e-38,1.6320590952029698e-38,1.6442339464174904e-38,1.6564691953923782e-38,1.6687649915696677e-38,1.6811214843913955e-38,1.6935388232995956e-38,1.7060171577363027e-38,1.7185566371435536e-38,1.7311574109633787e-38,1.743819628637814e-38,1.7565434396088953e-38,1.769328993318657e-38,1.7821764392091342e-38,1.795085926722362e-38,1.808057605300374e-38,1.8210916243852055e-38,1.8341881334188912e-38,1.8473472818434662e-38,1.8605692191009649e-38,1.8738540946334227e-38,1.8872020578828736e-38,1.9006132582913515e-38,1.914087845300893e-38,1.927625968353532e-38,1.9412277768913025e-38,1.9548934203562406e-38,1.9686230481903803e-38,1.9824168098357568e-38,1.996274854734404e-38,2.0101973323283567e-38,2.0241843920596515e-38,2.038236183370321e-38,2.0523528557024011e-38,2.0665345584979263e-38,2.0807814411989308e-38,2.0950936532474503e-38,2.109471344085519e-38,2.1239146631551716e-38,2.1384237598984427e-38,2.1529987837573663e-38,2.1676398841739789e-38,2.182347210590314e-38,2.197120912448407e-38,2.2119611391902919e-38,2.226868040258004e-38,2.2418417650935784e-38,2.2568824631390485e-38,2.2719902838364503e-38,2.287165376627818e-38,2.3024078909551872e-38,2.3177179762605917e-38,2.3330957819860657e-38,2.3485414575736442e-38,2.364055152465364e-38,2.3796370161032584e-38,2.3952871979293624e-38,2.4110058473857103e-38,2.426793113914337e-38,2.442649146957278e-38,2.458574095956567e-38,2.474568110354238e-38,2.4906313395923277e-38,2.5067639331128694e-38,2.522966040357898e-38,2.5392378107694496e-38,2.5555793937895573e-38,2.571990938860257e-38,2.5884725954235826e-38,2.6050245129215694e-38,2.6216468407962524e-38,2.6383397284896653e-38,2.6551033254438446e-38,2.671937781100824e-38,2.6888432449026376e-38,2.705819866291322e-38,2.7228677947089093e-38,2.7399871795974373e-38,2.757178170398938e-38,2.7744409165554485e-38,2.791775567509001e-38,2.8091822727016315e-38,2.826661181575375e-38,2.8442124435722655e-38,2.861836208134339e-38,2.879532624703629e-38,2.897301842722172e-38,2.915144011632e-38,2.933059280875151e-38,2.951047799893658e-38,2.9691097181295534e-38,2.9872451850248763e-38,3.005454350021659e-38,3.023737362561937e-38,3.042094372087743e-38,3.060525528041115e-38,3.079030979864086e-38,3.0976108769986907e-38,3.1162653688869644e-38,3.134994604970942e-38,3.153798734692657e-38,3.172677907494145e-38,3.1916322728174405e-38,3.210661980104579e-38,3.229767178797595e-38,3.2489480183385226e-38,3.268204648169397e-38,3.2875372177322537e-38,3.306945876469128e-38,3.3264307738220507e-38,3.3459920592330606e-38,3.3656298821441906e-38,3.385344391997476e-38,3.405135738234951e-38,3.4250040702986497e-38,3.4449495376306083e-38,3.464972289672862e-38,3.485072475867444e-38,3.5052502456563895e-38,3.5255057484817334e-38,3.5458391337855095e-38,3.566250551009754e-38,3.586740149596501e-38,3.6073080789877855e-38,3.6279544886256425e-38,3.648679527952104e-38,3.66948334640921e-38,3.690366093438991e-38,3.711327918483485e-38,3.7323689709847237e-38,3.753489400384743e-38,3.774689356125578e-38,3.7959689876492633e-38,3.8173284443978335e-38,3.838767875813322e-38,3.8602874313377665e-38,3.8818872604132e-38,3.9035675124816567e-38,3.9253283369851725e-38,3.9471698833657813e-38,3.969092301065519e-38,3.9910957395264184e-38,4.0131803481905154e-38,4.035346276499845e-38,4.0575936738964403e-38,4.0799226898223396e-38,4.1023334737195756e-38,4.124826175030181e-38,4.1474009431961944e-38,4.1700579276596496e-38,4.192797277862579e-38,4.215619143247018e-38,4.2385236732550026e-38,4.2615110173285674e-38,4.2845813249097466e-38,4.307734745440574e-38,4.330971428363087e-38,4.3542915231193176e-38,4.3776951791513025e-38,4.4011825459010744e-38,4.424753772810671e-38,4.448409009322125e-38,4.4721484048774707e-38,4.4959721089187445e-38,4.519880270887981e-38,4.543873040227213e-38,4.5679505663784774e-38,4.592112998783807e-38,4.616360486885238e-38,4.6406931801248055e-38,4.665111227944543e-38,4.6896147797864873e-38,4.71420398509267e-38,4.738878993305127e-38,4.763639953865894e-38,4.788487016217005e-38,4.813420329800495e-38,4.838440044058401e-38,4.863546308432753e-38,4.888739272365588e-38,4.914019085298942e-38,4.939385896674849e-38,4.964839855935341e-38,4.990381112522458e-38,5.016009815878232e-38,5.041726115444695e-38,5.067530160663887e-38,5.093422100977838e-38,5.119402085828586e-38,5.145470264658166e-38,5.171626786908612e-38,5.19787180202195e-38,5.224205459440231e-38,5.250627908605479e-38,5.277139298959734e-38,5.303739779945027e-38,5.330429501003394e-38,5.357208611576868e-38,5.384077261107486e-38,5.411035599037283e-38,5.438083774808293e-38,5.465221937862549e-38,5.492450237642089e-38,5.519768823588945e-38,5.547177845145154e-38,5.574677451752749e-38,5.602267792853763e-38,5.629949017890236e-38,5.657721276304198e-38,5.685584717537685e-38,5.713539491032734e-38,5.741585746231377e-38,5.76972363257565e-38,5.797953299507587e-38,5.826274896469224e-38,5.854688572902596e-38,5.883194478249734e-38,5.911792761952677e-38,5.940483573453459e-38,5.969267062194111e-38,5.998143377616673e-38,6.027112669163176e-38,6.056175086275657e-38,6.085330778396151e-38,6.114579894966691e-38,6.143922585429315e-38,6.173358999226052e-38,6.202889285798941e-38,6.232513594590015e-38,6.262232075041312e-38,6.292044876594864e-38,6.321952148692703e-38,6.351954040776869e-38,6.382050702289392e-38,6.41224228267231e-38,6.442528931367658e-38,6.472910797817468e-38,6.503388031463778e-38,6.533960781748623e-38,6.564629198114034e-38,6.595393430002048e-38,6.6262536268547e-38,6.657209938114024e-38,6.688262513222055e-38,6.719411501620828e-38,6.750657052752377e-38,6.781999316058736e-38,6.813438440981942e-38,6.844974576964027e-38,6.876607873447028e-38,6.90833847987298e-38,6.940166545683917e-38,6.972092220321873e-38,7.004115653228884e-38,7.036236993846982e-38,7.068456391618207e-38,7.100773995984591e-38,7.133189956388166e-38,7.165704422270971e-38,7.198317543075038e-38,7.231029468242403e-38,7.263840347215103e-38,7.296750329435167e-38,7.329759564344634e-38,7.362868201385536e-38,7.396076389999912e-38,7.429384279629792e-38,7.462792019717213e-38,7.496299759704211e-38,7.529907649032819e-38,7.563615837145073e-38,7.597424473483006e-38,7.631333707488654e-38,7.665343688604052e-38,7.699454566271231e-38,7.733666489932229e-38,7.767979609029081e-38,7.802394073003825e-38,7.836910031298491e-38,7.871527633355115e-38,7.906247028615728e-38,7.941068366522372e-38,7.975991796517079e-38,8.01101746804188e-38,8.046145530538813e-38,8.081376133449911e-38,8.116709426217213e-38,8.15214555828275e-38,8.187684679088558e-38,8.223326938076671e-38,8.259072484689123e-38,8.294921468367951e-38,8.33087403855519e-38,8.366930344692868e-38,8.403090536223031e-38,8.439354762587705e-38,8.475723173228925e-38,8.512195917588732e-38,8.548773145109156e-38,8.585455005232233e-38,8.622241647399996e-38,8.659133221054485e-38,8.69612987563773e-38,8.733231760591764e-38,8.770439025358626e-38,8.807751819380349e-38,8.845170292098965e-38,8.882694592956516e-38,8.920324871395031e-38,8.958061276856545e-38,8.995903958783094e-38,9.033853066616714e-38,9.071908749799442e-38,9.110071157773305e-38,9.148340439980342e-38,9.186716745862588e-38,9.225200224862079e-38,9.263791026420846e-38,9.302489299980929e-38,9.341295194984356e-38,9.380208860873168e-38,9.419230447089397e-38,9.458360103075079e-38,9.497597978272246e-38,9.536944222122934e-38,9.576398984069178e-38,9.615962413553016e-38,9.655634660016478e-38,9.695415872901604e-38,9.73530620165042e-38,9.775305795704972e-38,9.815414804507283e-38,9.855633377499395e-38,9.895961664123342e-38,9.936399813821155e-38,9.976947976034872e-38,1.0017606300206531e-37,1.0058374935778158e-37,1.00992540321918e-37,1.014024373888948e-37,1.0181344205313235e-37,1.0222555580905104e-37,1.026387801510712e-37,1.0305311657361322e-37,1.0346856657109735e-37,1.0388513163794401e-37,1.0430281326857356e-37,1.0472161295740626e-37,1.0514153219886255e-37,1.0556257248736271e-37,1.0598473531732712e-37,1.0640802218317613e-37,1.068324345793301e-37,1.0725797400020937e-37,1.0768464194023427e-37,1.0811243989382514e-37,1.0854136935540236e-37,1.0897143181938626e-37,1.0940262878019714e-37,1.0983496173225547e-37,1.102684321699815e-37,1.107030415877956e-37,1.111387914801181e-37,1.1157568334136937e-37,1.1201371866596974e-37,1.1245289894833957e-37,1.1289322568289923e-37,1.1333470036406903e-37,1.1377732448626936e-37,1.1422109954392049e-37,1.1466602703144288e-37,1.151121084432568e-37,1.155593452737826e-37,1.1600773901744066e-37,1.164572911686513e-37,1.1690800322183486e-37,1.1735987667141172e-37,1.1781291301180221e-37,1.1826711373742663e-37,1.187224803427054e-37,1.1917901432205884e-37,1.1963671716990731e-37,1.2009559038067115e-37,1.205556354487707e-37,1.210168538686263e-37,1.2147924713465834e-37,1.2194281674128714e-37,1.2240756418293304e-37,1.2287349095401638e-37,1.2334059854895753e-37,1.2380888846217681e-37,1.2427836218809463e-37,1.2474902122113127e-37,1.252208670557071e-37,1.2569390118624247e-37,1.2616812510715772e-37,1.266435403128732e-37,1.2712014829780926e-37,1.2759795055638621e-37,1.2807694858302447e-37,1.2855714387214435e-37,1.2903853791816622e-37,1.2952113221551038e-37,1.3000492825859721e-37,1.3048992754184709e-37,1.309761315596803e-37,1.3146354180651724e-37,1.319521597767782e-37,1.3244198696488363e-37,1.3293302486525372e-37,1.3342527497230897e-37,1.3391873878046964e-37,1.3441341778415607e-37,1.3490931347778867e-37,1.3540642735578777e-37,1.359047609125737e-37,1.3640431564256676e-37,1.3690509304018738e-37,1.374070945998559e-37,1.3791032181599265e-37,1.3841477618301792e-37,1.3892045919535214e-37,1.3942737234741561e-37,1.3993551713362875e-37,1.404448950484118e-37,1.4095550758618519e-37,1.414673562413692e-37,1.4198044250838424e-37,1.4249476788165063e-37,1.430103338555887e-37,1.4352714192461882e-37,1.4404519358316134e-37,1.4456449032563659e-37,1.4508503364646491e-37,1.456068250400667e-37,1.4612986600086223e-37,1.466541580232719e-37,1.4717970260171607e-37,1.4770650123061503e-37,1.4823455540438918e-37,1.4876386661745885e-37,1.4929443636424444e-37,1.498262661391662e-37,1.5035935743664452e-37,1.5089371175109977e-37,1.5142933057695227e-37,1.5196621540862237e-37,1.525043677405304e-37,1.530437890670968e-37,1.535844808827418e-37,1.5412644468188577e-37,1.5466968195894913e-37,1.5521419420835217e-37,1.5575998292451524e-37,1.563070496018587e-37,1.5685539573480284e-37,1.5740502281776814e-37,1.5795593234517484e-37,1.585081258114433e-37,1.590616047109939e-37,1.5961637053824693e-37,1.6017242478762284e-37,1.6072976895354182e-37,1.6128840453042434e-37,1.6184833301269071e-37,1.6240955589476133e-37,1.6297207467105653e-37,1.6353589083599655e-37,1.6410100588400182e-37,1.6466742130949272e-37,1.6523513860688956e-37,1.6580415927061263e-37,1.663744847950824e-37,1.6694611667471918e-37,1.6751905640394323e-37,1.68093305477175e-37,1.6866886538883473e-37,1.692457376333429e-37,1.6982392370511987e-37,1.7040342509858581e-37,1.7098424330816117e-37,1.7156637982826631e-37,1.7214983615332157e-37,1.727346137777473e-37,1.7332071419596379e-37,1.7390813890239145e-37,1.7449688939145066e-37,1.7508696715756173e-37,1.7567837369514495e-37,1.7627111049862074e-37,1.7686517906240942e-37,1.774605808809313e-37,1.780573174486068e-37,1.7865539025985623e-37,1.7925480080909995e-37,1.7985555059075826e-37,1.8045764109925162e-37,1.8106107382900028e-37,1.8166585027442458e-37,1.82271971929945e-37,1.8287944028998166e-37,1.834882568489551e-37,1.8409842310128562e-37,1.847099405413935e-37,1.8532281066369918e-37,1.8593703496262293e-37,1.8655261493258511e-37,1.8716955206800618e-37,1.877878478633064e-37,1.884075038129061e-37,1.890285214112256e-37,1.8965090215268535e-37,1.902746475317056e-37,1.9089975904270673e-37,1.915262381801091e-37,1.9215408643833303e-37,1.9278330531179886e-37,1.93413896294927e-37,1.9404586088213775e-37,1.946792005678515e-37,1.9531391684648856e-37,1.9595001121246925e-37,1.96587485160214e-37,1.9722634018414306e-37,1.978665777786769e-37,1.9850819943823577e-37,1.9915120665724003e-37,1.997956009301101e-37,2.0044138375126617e-37,2.0108855661512874e-37,2.017371210161181e-37,2.023870784486545e-37,2.0303843040715855e-37,2.036911783860503e-37,2.0434532387975025e-37,2.050008683826788e-37,2.056578133892562e-37,2.063161603939028e-37,2.069759108910389e-37,2.07637066375085e-37,2.0829962834046135e-37,2.0896359828158837e-37,2.0962897769288628e-37,2.102957680687756e-37,2.1096397090367647e-37,2.1163358769200936e-37,2.1230461992819463e-37,2.1297706910665255e-37,2.136509367218035e-37,2.1432622426806796e-37,2.1500293323986605e-37,2.156810651316183e-37,2.1636062143774492e-37,2.1704160365266635e-37,2.177240132708029e-37,2.184078517865749e-37,2.1909312069440276e-37,2.1977982148870678e-37,2.204679556639073e-37,2.2115752471442466e-37,2.2184853013467927e-37,2.225409734190915e-37,2.2323485606208154e-37,2.2393017955806986e-37,2.2462694540147686e-37,2.2532515508672273e-37,2.2602481010822793e-37,2.2672591196041277e-37,2.274284621376976e-37,2.2813246213450277e-37,2.2883791344524865e-37,2.2954481756435554e-37,2.3025317598624387e-37,2.3096299020533393e-37,2.3167426171604602e-37,2.323869920128006e-37,2.331011825900179e-37,2.3381683494211834e-37,2.3453395056352226e-37,2.3525253094864994e-37,2.3597257759192183e-37,2.366940919877582e-37,2.3741707563057933e-37,2.3814153001480573e-37,2.3886745663485773e-37,2.3959485698515563e-37,2.4032373256011967e-37,2.4105408485417034e-37,2.41785915361728e-37,2.4251922557721292e-37,2.4325401699504548e-37,2.4399029110964602e-37,2.4472804941543495e-37,2.4546729340683256e-37,2.462080245782592e-37,2.469502444241352e-37,2.476939544388808e-37,2.4843915611691654e-37,2.4918585095266274e-37,2.499340404405397e-37,2.506837260749678e-37,2.514349093503674e-37,2.5218759176115874e-37,7.4221314480728734e-09,1.4843180710775428e-08,2.2263121423936094e-08,2.9681926758896737e-08,3.709956940948065e-08,4.451602157895897e-08,5.1931254966627314e-08,5.934524075399923e-08,6.675794959057383e-08,7.416935157918886e-08,8.15794162609231e-08,8.898811259954019e-08,9.639540896546174e-08,1.0380127311924514e-07,1.1120567219455195e-07,1.186085726805874e-07,1.26009940403987e-07,1.3340974051014297e-07,1.4080793744392185e-07,1.4820449492979287e-07,1.5559937595129794e-07,1.6299254272987054e-07,1.7038395670296363e-07,1.7777357850146528e-07,1.8516136792637072e-07,1.9254728392468226e-07,1.9993128456450695e-07,2.07313327009318e-07,2.1469336749134971e-07,2.2207136128408513e-07,2.294472626738028e-07,2.3682102493014245e-07,2.4419260027564975e-07,2.5156193985425465e-07,2.589289936986397e-07,2.662937106964522e-07,2.7365603855530607e-07,2.8101592376652627e-07,2.8837331156757515e-07,2.957281459031081e-07,3.0308036938459356e-07,3.1042992324843206e-07,3.177767473125131e-07,3.251207799311291e-07,3.3246195794817917e-07,3.3980021664858006e-07,3.4713548970779764e-07,3.544677091394171e-07,3.6179680524065135e-07,3.691227065356957e-07,3.764453397168178e-07,3.837646295830787e-07,3.910804989765645e-07,3.983928687160065e-07,4.0570165752765834e-07,4.130067819732924e-07,4.203081563751711e-07,4.276056927378287e-07,4.3489930066651144e-07,4.4218888728208733e-07,4.494743571322513e-07,4.567556120988165e-07,4.6403255130088923e-07,4.7130507099370296e-07,4.78573064462866e-07,4.858364219137772e-07,4.930950303559344e-07,5.00348773481841e-07,5.0759753154023e-07,5.148411812032219e-07,5.220795954271263e-07,5.29312643306471e-07,5.365401899208654e-07,5.437620961742841e-07,5.509782186262671e-07,5.581884093145966e-07,5.65392515568875e-07,5.725903798144535e-07,5.797818393660912e-07,5.869667262106899e-07,5.941448667783973e-07,6.013160817012895e-07,6.084801855588441e-07,6.156369866092788e-07,6.227862865058416e-07,6.29927879996936e-07,6.370615546090341e-07,6.44187090311115e-07,6.513042591593214e-07,6.584128249203868e-07,6.655125426722916e-07,6.726031583804592e-07,6.79684408447612e-07,6.867560192353019e-07,6.938177065549436e-07,7.008691751258982e-07,7.079101179980414e-07,7.149402159359059e-07,7.219591367612674e-07,7.289665346507275e-07,7.359620493844714e-07,7.429453055420519e-07,7.499159116405498e-07,7.568734592100622e-07,7.638175218008643e-07,7.70747653916041e-07,7.776633898626378e-07,7.845642425137086e-07,7.91449701972686e-07,7.983192341305486e-07,8.0517227910519e-07,8.120082495510519e-07,8.18826528825719e-07,8.256264689984834e-07,8.324073886840355e-07,8.391685706822549e-07,8.459092594026228e-07,8.526286580489268e-07,8.593259255365332e-07,8.660001731108755e-07,8.726504606310634e-07,8.792757924776288e-07,8.858751130371572e-07,8.924473017094703e-07,8.989911673746879e-07,9.055054422475541e-07,9.119887750346688e-07,9.184397232962638e-07,9.248567448975832e-07,9.312381884146563e-07,9.375822823353417e-07,9.438871228671882e-07,9.501506601280868e-07,9.563706824523963e-07,9.62544798491796e-07,9.686704167243734e-07,9.747447219036765e-07,9.807646478774793e-07,9.867268460778127e-07,9.926276488218476e-07,9.984630263570794e-07,1.0042285363201842e-06,1.0099192639388024e-06,1.0155297508630717e-06,1.0210539099358056e-06,1.0264849224488446e-06,1.0318151134239062e-06,1.0370357991108672e-06,1.0421370990941572e-06,1.0471077029788119e-06,1.0519345783856633e-06,1.0566026026748168e-06,1.0610940952570452e-06,1.0653882203792531e-06,1.0694602228596658e-06,1.0732804537479867e-06,1.076813147680288e-06,1.080014950660008e-06,1.0828333162741373e-06,1.0852051995239618e-06,1.0870570977929967e-06,1.0883080902584318e-06,1.0888753906484517e-06,1.0886684237492955e-06,1.0875120269412437e-06,1.084891995583621e-06,1.0808826993922749e-06,1.093619282792857e-06,1.2689887671254084e-06,2.2432424482329745e-06,5.649658299579025e-06,1.3856695312861652e-05,2.83556437677183e-05,4.81198127595306e-05,6.966657025732459e-05,8.883913363648355e-05,0.00010274530578649757,0.00011049269275061796,0.00011273347816226085,0.00011082756613635529,0.00010620246642863073,0.00010003867292147814,9.318904984711766e-05,8.621340109061172e-05,7.944933075492684e-05,7.308135268469071e-05,6.719527765965334e-05,6.181667427206503e-05,5.693635466635133e-05,5.2526515096019804e-05,4.8550592851495646e-05,4.496907802492228e-05,4.1742799318567126e-05,3.8834670083177694e-05,3.62105165676788e-05,3.38393728322836e-05,3.1693476268565774e-05,2.9748104079952837e-05,2.7981333630287017e-05,2.6373774649875404e-05,2.4908300235288243e-05,2.356979101975593e-05,2.2344899466856735e-05,2.122183694535694e-05,2.019018381506085e-05,1.9240721453895938e-05,1.836528451535084e-05,1.7556631454569422e-05,1.6808331328383026e-05,1.6114664961652824e-05,1.547053871828218e-05,1.4871409285759168e-05,1.4313218054915919e-05,1.3792333847546161e-05,1.330550289572271e-05,1.2849805119367675e-05,1.2422615872890344e-05,1.2021572441721878e-05,1.1644544665851301e-05,1.1289609151680393e-05,1.0955026605833973e-05,1.0639221887845175e-05,1.034076643271643e-05,1.0058362741698569e-05,9.790830679345404e-06,9.53709535079938e-06,9.29617636263363e-06,9.067178295829484e-06,8.849282243933948e-06,8.641738286506929e-06,8.443858785788126e-06,8.255012408681479e-06,8.074618788641774e-06,7.90214375274384e-06,7.737095048797912e-06,7.579018514707112e-06,7.427494640731487e-06,7.2821354800941995e-06,7.142581869231393e-06,7.008500923652026e-06,6.879583779628243e-06,6.755543554718773e-06,6.636113504337895e-06,6.521045352882291e-06,6.410107781915991e-06,6.303085058914053e-06,6.199775791372778e-06,6.099991794924916e-06,6.003557062696853e-06,5.910306826675268e-06,5.820086701585463e-06,5.732751903073066e-06,5.648166533792778e-06,5.566202929802276e-06,5.486741062371993e-06,5.409667989589613e-06,5.334877353325784e-06,5.2622689172716725e-06,5.191748142212463e-06,5.123225795495429e-06,5.056617591223405e-06,4.991843858725009e-06,4.928829236718425e-06,4.867502391005203e-06,4.807795753420433e-06,4.749645280614944e-06,4.6929902306901245e-06,4.63777295619482e-06,4.583938712457762e-06,4.531435479549285e-06,4.4802137969727855e-06,4.430226610129736e-06,4.38142912752902e-06,4.333778687737662e-06,4.287234635762337e-06,4.241758207569673e-06,4.197312422440885e-06,4.1538619826486e-06,4.111373179512557e-06,4.069813805737406e-06,4.0291530735373965e-06,3.989361537709484e-06,3.950411023842915e-06,3.912274561002851e-06,3.87492631854038e-06,3.838341546842684e-06,3.8024965215492386e-06,3.7673684916044023e-06,3.7329356299063585e-06,3.699176987168071e-06,3.666072448389923e-06,3.63360269202272e-06,3.6017491513258123e-06,3.5704939780383243e-06,3.5398200082059426e-06,3.5097107334257475e-06,3.480150259612432e-06,3.4511232873198542e-06,3.422615082895157e-06,3.3946114523268955e-06,3.3670987166488195e-06,3.340063688794227e-06,3.313493651744705e-06,3.2873763377968324e-06,3.2616999088891493e-06,3.236452938180654e-06,3.211624392147919e-06,3.187203613911123e-06,3.163180307346983e-06,3.1395445219993835e-06,3.1162866386223292e-06,3.0933973556042857e-06,3.070867675916219e-06,3.0486888949083694e-06,3.026852588244491e-06,3.0053506009987217e-06,2.9841750368394904e-06,2.9633182478886416e-06,2.9427728250369175e-06,2.9225315886862998e-06,2.902587579937844e-06,2.882934052191773e-06,2.863564463046605e-06,2.8444724667267597e-06,2.8256519066867037e-06,2.8070968086085246e-06,2.7888013737106794e-06,2.770759972394912e-06,2.7529671379984353e-06,2.7354175610874538e-06,2.718106083690381e-06,2.701027693998318e-06,2.684177521273112e-06,2.6675508308416088e-06,2.6511430193898984e-06,2.6349496103708735e-06,2.6189662498624584e-06,2.6031887021386417e-06,2.5876128458284375e-06,2.5722346700532414e-06,2.5570502706969254e-06,2.542055846962449e-06,2.5272476979462474e-06,2.5126222191306685e-06,2.498175899675503e-06,2.4839053191045433e-06,2.469807144529702e-06,2.4558781277577794e-06,2.442115102700047e-06,2.4285149827440846e-06,2.4150747582863425e-06,2.4017914943324726e-06,2.388662328197675e-06,2.3756844672837544e-06,2.362855186921622e-06,2.350171828387404e-06,2.3376317968053433e-06,2.3252325593173153e-06,2.3129716431898932e-06,2.3008466340709966e-06,2.288855174247615e-06,2.27699496100272e-06,2.265263744993497e-06,2.2536593287482003e-06,2.2421795651081417e-06,2.2308223558989097e-06,2.219585650418988e-06,2.208467444129594e-06,2.1974657774596403e-06,2.186578734414976e-06,2.175804441405011e-06,2.1651410661298446e-06,2.154586816374632e-06,2.14413993895263e-06,2.1337987186154194e-06,2.1235614770679445e-06,2.113426571943204e-06,2.1033923958548427e-06,2.0934573754573427e-06,2.0836199705570725e-06,2.0738786732323553e-06,2.064232006972012e-06,2.05467852591532e-06,2.0452168139850928e-06,2.035845484155755e-06,2.0265631777355e-06,2.017368563571183e-06,2.008260337412067e-06,1.999237221235235e-06,1.9902979625171295e-06,1.9814413336775913e-06,1.972666131405345e-06,1.9639711760850406e-06,1.955355311205209e-06,1.9468174027822912e-06,1.9383563388280994e-06,1.929971028812994e-06,1.921660403133695e-06,1.9134234126274638e-06,1.9052590280771044e-06,1.8971662397435984e-06,1.8891440568919125e-06,1.881191507350871e-06,1.8733076370706891e-06,1.8654915096924232e-06,1.8577422061767995e-06,1.8500588243605025e-06,1.8424404785991354e-06,1.8348862993571107e-06,1.8273954328628625e-06,1.8199670407341864e-06,1.812600299655531e-06,1.8052944010547757e-06,1.798048550688452e-06,1.7908619684048197e-06,1.7837338877880777e-06,1.7766635558913987e-06,1.7696502328617659e-06,1.7626931918217493e-06,1.7557917184225183e-06,1.748945110583535e-06,1.7421526783208456e-06,1.7354137434103632e-06,1.728727639175698e-06,1.7220937101982775e-06,1.7155113121558262e-06,1.7089798115162615e-06,1.7024985853044167e-06,1.6960670209651578e-06,1.689684516065177e-06,1.6833504781257319e-06,1.6770643243408075e-06,1.670825481499245e-06,1.6646333857022382e-06,1.658487482187655e-06,1.6523872251801664e-06,1.6463320776544607e-06,1.6403215111935894e-06,1.6343550058081576e-06,1.6284320497766081e-06,1.6225521394362915e-06,1.61671477908087e-06,1.6109194808081413e-06,1.6051657642930787e-06,1.5994531567067876e-06,1.5937811925632742e-06,1.5881494134980768e-06,1.582557368261388e-06,1.5770046124798792e-06,1.5714907085277196e-06,1.5660152255196846e-06,1.5605777390541396e-06,1.5551778310036282e-06,1.549815089652135e-06,1.5444891094209235e-06,1.5391994907325082e-06,1.5339458399680418e-06,1.5287277693019155e-06,1.5235448966321287e-06,1.5183968454562082e-06,1.5132832447822675e-06,1.5082037289716666e-06,1.5031579377568274e-06,1.4981455160087283e-06,1.4931661137644133e-06,1.48821938601225e-06,1.4833049927173223e-06,1.4784225986583512e-06,1.4735718733863695e-06,1.4687524910910285e-06,1.463964130579141e-06,1.4592064751158125e-06,1.4544792124183532e-06,1.449782034547999e-06,1.445114637819481e-06,1.440476722756207e-06,1.435867994004965e-06,1.4312881602290576e-06,1.4267369341248912e-06,1.422214032265189e-06,1.4177191750449525e-06,1.4132520867230897e-06,1.408812495195755e-06,1.4044001320274145e-06,1.4000147323776317e-06,1.3956560349370634e-06,1.3913237818593148e-06,1.387017718717638e-06,1.3827375944408272e-06,1.3784831612388277e-06,1.374254174578006e-06,1.3700503931774362e-06,1.3658715787678624e-06,1.3617174962457564e-06,1.357587913556602e-06,1.3534826015944737e-06,1.3494013342087012e-06,1.3453438881399807e-06,1.3413100429619662e-06,1.3372995810750858e-06,1.333312287608578e-06,1.3293479504069426e-06,1.3254063599598712e-06,1.3214873094554822e-06,1.3175905945886024e-06,1.3137160136238726e-06,1.3098633673309717e-06,1.3060324589290176e-06,1.302223094083908e-06,1.2984350808336601e-06,1.2946682295604107e-06,1.2909223529883746e-06,1.287197266090586e-06,1.2834927860988614e-06,1.2798087324492338e-06,1.276144926751062e-06,1.2725011927531596e-06,1.2688773563243457e-06,1.2652732454013668e-06,1.2616886899732517e-06,1.2581235220363208e-06,1.2545775756140613e-06,1.2510506866024783e-06,1.2475426928932797e-06,1.2440534342521525e-06,1.2405827523229243e-06,1.237130490583502e-06,1.233696494332285e-06,1.2302806106559631e-06,1.226882688401748e-06,1.2235025781551403e-06,1.2201401321915504e-06,1.2167952045367499e-06,1.2134676508169066e-06,1.21015732831714e-06,1.2068640959391185e-06,1.20358781417348e-06,1.200328345082274e-06,1.1970855522809816e-06,1.1938593008896528e-06,1.1906494575522426e-06,1.1874558903862739e-06,1.1842784689709556e-06,1.1811170643181215e-06,1.1779715489007208e-06,1.1748417965397071e-06,1.171727682464749e-06,1.1686290832622834e-06,1.1655458768661055e-06,1.1624779425231654e-06,1.1594251608044501e-06,1.156387413575309e-06,1.153364583933838e-06,1.1503565562639014e-06,1.1473632161730996e-06,1.1443844505020292e-06,1.1414201472871864e-06,1.1384701957455209e-06,1.1355344862894173e-06,1.1326129104653946e-06,1.1297053609660696e-06,1.1268117316181412e-06,1.123931917332254e-06,1.1210658141268453e-06,1.1182133191336348e-06,1.1153743305222576e-06,1.11254874748754e-06,1.109736470320769e-06,1.1069374003022587e-06,1.1041514397325885e-06,1.1013784919086846e-06,1.0986184611246169e-06,1.0958712526342323e-06,1.0931367726477658e-06,1.0904149283553442e-06,1.087705627851224e-06,1.0850087801655315e-06,1.082324295234033e-06,1.0796520839017737e-06,1.076992057900101e-06,1.0743441298381841e-06,1.0717082131937305e-06,1.069084222304428e-06,1.0664720723279218e-06,1.0638716792924135e-06,1.061282960041951e-06,1.0587058322224634e-06,1.0561402142840088e-06,1.0535860254787324e-06,1.051043185841765e-06,1.0485116161896579e-06,1.0459912380748108e-06,1.0434819738368897e-06,1.0409837465404426e-06,1.038496480023867e-06,1.0360200988085973e-06,1.0335545281557661e-06,1.0310996940438294e-06,1.0286555231400257e-06,1.0262219428159189e-06,1.0237988811211034e-06,1.0213862667851322e-06,1.0189840292076604e-06,1.0165920984481165e-06,1.014210405217504e-06,1.0118388808746814e-06,1.0094774574132459e-06,1.0071260674679483e-06,1.0047846442827463e-06,1.0024531217282125e-06,1.0001314342718648e-06,9.978195169902631e-07,9.955173055475014e-07,9.932247362093669e-07,9.909417458010334e-07,9.886682717421662e-07,9.864042520098e-07,9.841496251393964e-07,9.819043302250297e-07,9.796683069069486e-07,9.774414953618584e-07,9.75223836309697e-07,9.730152709930156e-07,9.708157411895741e-07,9.686251891824515e-07,9.664435577683858e-07,9.642707902518427e-07,9.621068304410935e-07,9.599516226305823e-07,9.578051116052107e-07,9.556672426409848e-07,9.535379614853093e-07,9.514172143595742e-07,9.493049479518627e-07,9.47201109415914e-07,9.451056463557479e-07,9.430185068352522e-07,9.409396393498674e-07,9.388689928753533e-07,9.368065167831752e-07,9.347521608940856e-07,9.327058754500645e-07,9.306676111414455e-07,9.28637319041453e-07,9.266149506616477e-07,9.246004579170254e-07,9.225937931230724e-07,9.205949090036008e-07,9.186037586822687e-07,9.166202956502991e-07,9.146444738157079e-07,9.126762474597779e-07,9.107155712523302e-07,9.08762400216625e-07,9.068166897681919e-07,9.048783956876287e-07,9.029474741138099e-07,9.010238815442539e-07,8.991075748617969e-07,8.97198511253897e-07,8.952966482921871e-07,8.934019438700109e-07,8.915143562630912e-07,8.896338440399239e-07,8.877603661246306e-07,8.858938817872441e-07,8.840343505869954e-07,8.821817324367952e-07,8.803359875670764e-07,8.784970765163638e-07,8.766649601600174e-07,8.748395996924491e-07,8.730209565429312e-07,8.712089925163784e-07,8.694036697054878e-07,8.676049505010412e-07,8.658127975848272e-07,8.640271739223029e-07,8.62248042797405e-07,8.604753677698448e-07,8.587091126635475e-07,8.5694924161111e-07,8.551957190078915e-07,8.53448509529198e-07,8.517075781237487e-07,8.499728900128665e-07,8.482444106850034e-07,8.465221058946099e-07,8.448059416599132e-07,8.430958842482219e-07,8.413919001993493e-07,8.396939563021995e-07,8.38002019601899e-07,8.363160573825778e-07,8.346360371884153e-07,8.329619268030823e-07,8.31293694260699e-07,8.296313078234074e-07,8.279747359962386e-07,8.263239475228431e-07,8.246789113728413e-07,8.230395967726618e-07,8.214059731522645e-07,8.197780101752899e-07,8.181556777299683e-07,8.165389459211443e-07,8.149277850990984e-07,8.133221658072668e-07,8.117220588203432e-07,8.101274351103807e-07,8.085382658751903e-07,8.06954522528274e-07,8.053761766763326e-07,8.038032001353219e-07,8.022355649468687e-07,8.006732433297611e-07,7.991162077081464e-07,7.97564430728047e-07,7.960178852126967e-07,7.944765441667572e-07,7.929403808184347e-07,7.914093685660061e-07,7.898834810223221e-07,7.883626919566912e-07,7.868469753514497e-07,7.853363053518847e-07,7.838306563106395e-07,7.823300027472471e-07,7.808343193561471e-07,7.79343581020752e-07,7.778577627991525e-07,7.763768399198627e-07,7.749007877892037e-07,7.734295819859252e-07,7.719631982562185e-07,7.705016125152804e-07,7.690448008488418e-07,7.675927395064766e-07,7.661454048999742e-07,7.647027736037023e-07,7.632648223618327e-07,7.618315280719801e-07,7.604028677921094e-07,7.589788187364295e-07,7.575593582741599e-07,7.561444639312488e-07,7.547341133852923e-07,7.533282844664482e-07,7.519269551581813e-07,7.50530103587346e-07,7.491377080273953e-07,7.477497469115029e-07,7.463661988062562e-07,7.449870424248141e-07,7.436122566243882e-07,7.422418204044744e-07,7.408757129017837e-07,7.395139133958689e-07,7.381564013021171e-07,7.368031561722375e-07,7.354541577056331e-07,7.341093857079539e-07,7.327688201404186e-07,7.314324410958397e-07,7.301002287929916e-07,7.287721635828318e-07,7.274482259431307e-07,7.261283964907357e-07,7.248126559385937e-07,7.235009851561125e-07,7.22193365127392e-07,7.208897769591583e-07,7.195902018826003e-07,7.182946212477416e-07,7.170030165265482e-07,7.157153693144466e-07,7.144316613169122e-07,7.131518743628174e-07,7.11875990397482e-07,7.106039914804986e-07,7.093358597870461e-07,7.080715776049434e-07,7.068111273351701e-07,7.055544914858519e-07,7.04301652692998e-07,7.030525936862705e-07,7.018072972985216e-07,7.005657464958818e-07,6.993279243324437e-07,6.980938139722641e-07,6.968633986874137e-07,6.956366618529287e-07,6.944135869513404e-07,6.93194157562904e-07,6.91978357373963e-07,6.907661701764531e-07,6.895575798536149e-07,6.883525703891822e-07,6.871511258793461e-07,6.859532305060373e-07,6.847588685488921e-07,6.835680243907527e-07,6.823806825039579e-07,6.811968274618344e-07,6.800164439307397e-07,6.788395166644325e-07,6.776660305173459e-07,6.764959704349125e-07,6.753293214503553e-07,6.741660686913939e-07,6.730061973732946e-07,6.71849692803363e-07,6.70696540376381e-07,6.69546725575036e-07,6.684002339695486e-07,6.672570512167014e-07,6.661171630587e-07,6.649805553250295e-07,6.638472139279111e-07,6.627171248640369e-07,6.615902742140724e-07,6.604666481409413e-07,6.59346232889511e-07,6.582290147879556e-07,6.571149802303815e-07,6.560041157284051e-07,6.548964078314363e-07,6.537918431978773e-07,6.526904085315645e-07,6.515920906637631e-07,6.50496876463472e-07,6.494047528857191e-07,6.483157069622634e-07,6.472297258011771e-07,6.461467965882881e-07,6.450669065815676e-07,6.4399004310884e-07,6.429161935764953e-07,6.418453454629821e-07,6.407774863179322e-07,6.397126037625319e-07,6.386506854862346e-07,6.375917192586473e-07,6.365356929042402e-07,6.354825943326244e-07,6.344324115146961e-07,6.333851324950079e-07,6.323407453786502e-07,6.312992383382824e-07,6.302605996221273e-07,6.292248175386352e-07,6.281918804705471e-07,6.271617768440504e-07,6.261344951736295e-07,6.251100240327319e-07,6.240883520515517e-07,6.230694679321867e-07,6.220533604377212e-07,6.210400183929348e-07,6.200294306873642e-07,6.190215862659909e-07,6.180164741444924e-07,6.170140833899502e-07,6.160144031376505e-07,6.150174225798517e-07,6.140231309687152e-07,6.130315176164269e-07,6.120425718940532e-07,6.110562832287136e-07,6.100726411089774e-07,6.090916350795588e-07,6.081132547437038e-07,6.071374897588964e-07,6.061643298419128e-07,6.051937647606376e-07,6.042257843429e-07,6.032603784724202e-07,6.022975370850909e-07,6.013372501729808e-07,6.003795077809467e-07,5.994243000079485e-07,5.984716170045692e-07,5.975214489743048e-07,5.965737861862265e-07,5.95628618928375e-07,5.946859375943574e-07,5.937457325818663e-07,5.928079943562919e-07,5.918727134333673e-07,5.909398803789774e-07,5.900094858099856e-07,5.890815203931429e-07,5.881559748415749e-07,5.872328399210857e-07,5.863121064466908e-07,5.85393765275009e-07,5.8447780732298e-07,5.835642235394305e-07,5.826530049393438e-07,5.817441425702325e-07,5.808376275352966e-07,5.799334509677395e-07,5.790316040699867e-07,5.781320780751123e-07,5.772348642712089e-07,5.763399539821398e-07,5.754473385808441e-07,5.745570094899638e-07,5.736689581677196e-07,5.727831761218132e-07,5.718996549024953e-07,5.710183861130768e-07,5.701393613697833e-07,5.692625723628595e-07,5.683880108163158e-07,5.675156684914161e-07,5.666455371992544e-07,5.657776087821566e-07,5.649118751325052e-07,5.640483281821841e-07,5.631869599046337e-07,5.623277623096701e-07,5.614707274545407e-07,5.606158474303798e-07,5.59763114372592e-07,5.589125204497682e-07,5.580640578765482e-07,5.57217718903702e-07,5.563734958234941e-07,5.555313809678578e-07,5.54691366701085e-07,5.538534454262747e-07,5.530176095779602e-07,5.521838516505092e-07,5.513521641499952e-07,5.505225396477147e-07,5.496949707293486e-07,5.488694500219614e-07,5.480459701914686e-07,5.472245239412836e-07,5.464051040062516e-07,5.455877031615982e-07,5.447723142159286e-07,5.439589300132033e-07,5.431475434333287e-07,5.423381473898116e-07,5.415307348313292e-07,5.407252987374964e-07,5.399218321229546e-07,5.391203280557187e-07,5.383207796089968e-07,5.375231799020477e-07,5.367275220867754e-07,5.359337993507403e-07,5.351420049096542e-07,5.343521320167296e-07,5.335641739523576e-07,5.327781240320346e-07,5.319939756009021e-07,5.312117220455865e-07,5.304313567748817e-07,5.296528732292535e-07,5.288762648839514e-07,5.281015252444698e-07,5.273286478458508e-07,5.265576262559225e-07,5.25788454077497e-07,5.250211249306218e-07,5.242556324857789e-07,5.234919704110414e-07,5.22730132432654e-07,5.219701123020121e-07,5.212119037938433e-07,5.204555007174569e-07,5.19700896897676e-07,5.189480862104697e-07,5.181970625463692e-07,5.17447819825271e-07,5.167003519966977e-07,5.159546530381143e-07,5.152107169573639e-07,5.144685377894652e-07,5.137281095947304e-07,5.129894264630625e-07,5.122524825119814e-07,5.115172718820756e-07,5.107837887510788e-07,5.100520273125515e-07,5.093219817916224e-07,5.085936464443927e-07,5.078670155405352e-07,5.071420833878548e-07,5.064188443148678e-07,5.056972926802517e-07,5.049774228644813e-07,5.042592292783537e-07,5.035427063538333e-07,5.028278485425746e-07,5.021146503389604e-07,5.014031062471422e-07,5.065051026729532e-07,5.141334254962996e-07,5.241134541856604e-07,5.365128862867619e-07,5.51418195882836e-07,5.688949806715544e-07,5.889825481803288e-07,6.116947964149006e-07,6.370223816678087e-07,6.649352275381729e-07,6.953851398679598e-07,7.283084237359817e-07,7.636284334176566e-07,8.012580009965142e-07,8.411017061411129e-07,8.830579590592034e-07,9.270208806855729e-07,9.728819729513837e-07,1.0205315790266473e-06,1.0698601396563784e-06,1.1207592554999375e-06,1.1731225693642075e-06,1.2268464826461613e-06,1.2818307230067334e-06,1.337978779297462e-06,1.395198220193798e-06,1.4534009121905043e-06,1.5125031513043032e-06,1.572425722379269e-06,1.6330938976123249e-06,1.6944373862180764e-06,1.7563902438639544e-06,1.818890751097318e-06,1.8818812679152547e-06,1.945308070478268e-06,2.0091211760043327e-06,2.0732741591042487e-06,2.137723964973382e-06,2.2024307209849108e-06,2.2673575495727926e-06,2.3324703841338717e-06,2.3977377910609253e-06,2.4631307962460966e-06,2.528622719139374e-06,2.5941890141665223e-06,2.659807119770195e-06,2.7254563156366643e-06,2.7911175873045784e-06,2.8567734998619056e-06,2.9224080783609115e-06,2.988006696675022e-06,3.053555973222227e-06,3.1190436731533333e-06,3.1844586193763275e-06,3.2497906078318182e-06,3.315030329779652e-06,3.3801692996866044e-06,3.4451997882294245e-06,3.5101147616887396e-06,3.574907823382219e-06,3.6395731621540796e-06,3.7041055036882642e-06,3.768500065774686e-06,3.832752517472803e-06,3.896858940912065e-06,3.960815796879562e-06,4.024619892723464e-06,4.088268353087746e-06,4.151758592851544e-06,4.2150882925561305e-06,4.278255375694007e-06,4.34125798784306e-06,4.404094477692631e-06,4.466763379341883e-06,4.5292633971009325e-06,4.591593389923443e-06,4.653752357875881e-06,4.715739430585317e-06,4.777553855954958e-06,4.839194989301431e-06,4.900662284480688e-06,4.9619552849140986e-06,5.023073615992333e-06,5.08401697757078e-06,5.144785137793077e-06,5.205377926932288e-06,5.26579523161636e-06,5.326036990096708e-06,5.386103187601134e-06,5.445993852151642e-06,5.505709050703379e-06,5.565248885750271e-06,5.624613492141899e-06,5.683803033665361e-06,5.74281770111732e-06,5.801657709746148e-06,5.860323296862815e-06,5.9188147190938814e-06,5.97713225202732e-06,6.035276187497786e-06,6.093246832346542e-06,6.151044506603813e-06,6.208669543690082e-06,6.266122287030646e-06,6.3234030905896835e-06,6.380512317315751e-06,6.437450338374795e-06,6.494217532449747e-06,6.550814284805351e-06,6.6072409867066045e-06,6.663498034817645e-06,6.719585830662523e-06,6.775504780095328e-06,6.831255292840721e-06,6.886837781965533e-06,6.942252663724052e-06,6.997500357008877e-06,7.052581283142271e-06,7.1074958655530895e-06,7.162244529413987e-06,7.2168277015670035e-06,7.271245810255808e-06,7.325499284798664e-06,7.379588555595812e-06,7.43351405381036e-06,7.487276211335689e-06,7.540875460507912e-06,7.594312234205643e-06,7.647586965443904e-06,7.70070008756823e-06,7.753652033837435e-06,7.806443237723333e-06,7.859074132541159e-06,7.911545151406697e-06,7.96385672720429e-06,8.016009292686237e-06,8.068003280332848e-06,8.119839121974392e-06,8.171517249309875e-06,8.223038093760916e-06,8.274402085127587e-06,8.325609653870545e-06,8.376661229597402e-06,8.427557241214891e-06,8.478298117010735e-06,8.52888428471569e-06,8.579316171274543e-06,8.629594202986468e-06,8.679718805480555e-06,8.729690403661526e-06,8.77950942173665e-06,8.829176283118492e-06,8.878691410470956e-06,8.928055225691656e-06,8.97726814992394e-06,9.02633060350302e-06,9.07524300596787e-06,9.124005775809021e-06,9.172619331215086e-06,9.221084089533939e-06,9.269400466549203e-06,9.317568878111294e-06,9.365589738649644e-06,9.413463461875219e-06,9.461190460757723e-06,9.508771147521605e-06,9.556205933061583e-06,9.60349522792661e-06,9.650639441617517e-06,9.697638982785653e-06,9.744494259218826e-06,9.791205677820732e-06,9.837773644655779e-06,9.884198564853982e-06,9.93048084283503e-06,9.976620881956322e-06,1.0022619084615755e-05,1.0068475852785755e-05,1.0114191587192264e-05,1.0159766687884854e-05,1.0205201553658722e-05,1.0250496582987497e-05,1.029565217288351e-05,1.034066871964373e-05,1.0385546618421985e-05,1.0430286264482061e-05,1.0474888052001419e-05,1.0519352373540283e-05,1.0563679620994363e-05,1.0607870185354253e-05,1.0651924457011547e-05,1.0695842825212432e-05,1.0739625678707522e-05,1.0783273404495658e-05,1.0826786389659074e-05,1.0870165019922458e-05,1.0913409680203941e-05,1.0956520753994768e-05,1.0999498625559768e-05,1.1042343676632897e-05,1.1085056288562437e-05,1.1127636841856954e-05,1.1170085716151507e-05,1.1212403290190772e-05,1.1254589941838352e-05,1.1296646048040755e-05,1.1338571984920496e-05,1.1380368127648673e-05,1.1422034850472363e-05,1.146357252691419e-05,1.1504981529574432e-05,1.1546262229995838e-05,1.1587414999127012e-05,1.1628440206811732e-05,1.1669338222075714e-05,1.1710109413099208e-05,1.1750754147281464e-05,1.179127279078988e-05,1.1831665709128977e-05,1.1871933267235132e-05,1.1912075829030579e-05,1.1952093756846228e-05,1.1991987412972812e-05,1.203175715861106e-05,1.2071403353974238e-05,1.2110926358498325e-05,1.2150326530710129e-05,1.2189604228269333e-05,1.222875980805267e-05,1.2267793625809292e-05,1.2306706036724216e-05,1.2345497394843276e-05,1.238416805357341e-05,1.2422718365350909e-05,1.2461148681756678e-05,1.2499459353505784e-05,1.2537650730422564e-05,1.2575723161533528e-05,1.261367699497109e-05,1.2651512577996166e-05,1.2689230256976756e-05,1.2726830377391984e-05,1.2764313284053938e-05,1.2801679320813221e-05,1.2838928830484109e-05,1.2876062155233636e-05,1.2913079636255862e-05,1.2949981614097783e-05,1.2986768428226888e-05,1.3023440417335887e-05,1.3059997919422601e-05,1.3096441271240664e-05,1.3132770809023359e-05,1.316898686792408e-05,1.320508978253463e-05,1.3241079886420467e-05,1.3276957512393541e-05,1.3312722992276125e-05,1.3348376657172769e-05,1.3383918837281526e-05,1.3419349861940152e-05,1.3454670059696552e-05,1.348987975833268e-05,1.3524979283950317e-05,1.3559968964297178e-05,1.3594849123244047e-05,1.3629620085475312e-05,1.366428217451178e-05,1.3698835712868352e-05,1.3733281022650778e-05,1.3767618424798412e-05,1.380184823949657e-05,1.3835970786086052e-05,1.3869986383156468e-05,1.3903895348364101e-05,1.3937697998653946e-05,1.3971394649876876e-05,1.4004985617680713e-05,1.403847121632525e-05,1.4071851759390822e-05,1.4105127559781768e-05,1.413829892927091e-05,1.4171366179076175e-05,1.4204329619675995e-05,1.4237189560398348e-05,1.4269946310040001e-05,1.430260017652438e-05,1.4335151467148696e-05,1.4367600487789723e-05,1.43999475441376e-05,1.44321929408703e-05,1.4464336981874089e-05,1.4496379970198641e-05,1.4528322208111068e-05,1.4560163997091133e-05,1.4591905637801132e-05,1.46235474301244e-05,1.4655089673126757e-05,1.4686532665089164e-05,1.4717876703498188e-05,1.4749122085047555e-05,1.4780269105627258e-05,1.4811318060393967e-05,1.4842269243616649e-05,1.4873122948874846e-05,1.4903879469128524e-05,1.4934539095918491e-05,1.496510212063554e-05,1.4995568833689957e-05,1.5025939524745457e-05,1.5056214482531805e-05,1.5086393995192882e-05,1.511647835026103e-05,1.5146467833949649e-05,1.5176362732439451e-05,1.5206163329827364e-05,1.5235869910848063e-05,1.5265482758852964e-05,1.529500215657206e-05,1.532442838591879e-05,1.5353761728020443e-05,1.5383002463122478e-05,1.5412150871079587e-05,1.5441207230460097e-05,1.547017181963738e-05,1.5499044915868156e-05,1.552782679569302e-05,1.5556517734945046e-05,1.5585118008706838e-05,1.5613627891305665e-05,1.5642047656184344e-05,1.5670377576259694e-05,1.569861792360487e-05,1.572676896955424e-05,1.5754830984720144e-05,1.578280423890821e-05,1.5810689001215896e-05,1.5838485540002816e-05,1.586619412295206e-05,1.5893815016851e-05,1.5921348487848573e-05,1.594879480132984e-05,1.5976154222567762e-05,1.6003427014499676e-05,1.603061344077333e-05,1.6057713763951195e-05,1.608472824643258e-05,1.6111657147972894e-05,1.6138500729529428e-05,1.6165259250637033e-05,1.6191932970200368e-05,1.6218522146407095e-05,1.6245027036684792e-05,1.6271447897677057e-05,1.6297784985548053e-05,1.632403855541025e-05,1.635020886180493e-05,1.637629615877974e-05,1.640230069994099e-05,1.6428222736747706e-05,1.6454062521416398e-05,1.6479820304987266e-05,1.650549633804889e-05,1.6531090869998993e-05,1.655660414947612e-05,1.65820364250175e-05,1.6607387944029557e-05,1.6632658953632927e-05,1.6657849699830628e-05,1.6682960428166854e-05,1.670799138318686e-05,1.6732942809147578e-05,1.6757814948695098e-05,1.6782608045876513e-05,1.6807322342065136e-05,1.6831958078595753e-05,1.6856515496285814e-05,1.6880994834710258e-05,1.690539633348317e-05,1.692972023114292e-05,1.695396676581806e-05,1.697813617431812e-05,1.700222869354239e-05,1.7026244559369022e-05,1.7050184007050324e-05,1.7074047271163966e-05,1.7097834585839778e-05,1.7121546183489384e-05,1.7145182297772878e-05,1.7168743160196663e-05,1.719222900185069e-05,1.7215640053616597e-05,1.7238976545299682e-05,1.7262238705977363e-05,1.7285426764944884e-05,1.730854094956332e-05,1.7331581487307775e-05,1.735454860492398e-05,1.73774425284392e-05,1.7400263483259197e-05,1.742301169407466e-05,1.744568738501512e-05,1.7468290779481225e-05,1.7490822100308314e-05,1.7513281569631014e-05,1.7535669409030466e-05,1.7557985839659897e-05,1.7580231081227234e-05,1.760240535359269e-05,1.7624508875772635e-05,1.7646541866153435e-05,1.766850454250323e-05,1.7690397121863058e-05,1.771221982072871e-05,1.7733972854947518e-05,1.7755656439712116e-05,1.7777270789664024e-05,1.779881611878922e-05,1.7820292640443083e-05,1.784170056741719e-05,1.7863040111811853e-05,1.7884311485140805e-05,1.790551489825554e-05,1.792665056158094e-05,1.7947718684750407e-05,1.7968719477154654e-05,1.7989653146842963e-05,1.801051990136231e-05,1.803131994827546e-05,1.8052053494319454e-05,1.807272074573989e-05,1.8093321907807794e-05,1.81138571854092e-05,1.813432678256852e-05,1.8154730903356338e-05,1.817506975062231e-05,1.8195343526858992e-05,1.8215552433954533e-05,1.823569667319031e-05,1.8255776445415443e-05,1.82757919505739e-05,1.829574338817348e-05,1.8315630957229965e-05,1.8335454856108822e-05,1.8355215282611914e-05,1.837491243394544e-05,1.839454650672949e-05,1.8414117697061827e-05,1.843362620086994e-05,1.8453072212059606e-05,1.8472455925470004e-05,1.84917775348072e-05,1.8511037233423826e-05,1.8530235214043193e-05,1.8549371668389138e-05,1.8568446787830148e-05,1.8587460763551062e-05,1.8606413786068334e-05,1.8625306044805735e-05,1.864413772913895e-05,1.8662909028223682e-05,1.8681620129728814e-05,1.8700271221546074e-05,1.8718862490315756e-05,1.873739412271494e-05,1.8755866304547567e-05,1.877427922125357e-05,1.8792633057725306e-05,1.8810927998134267e-05,1.882916422616546e-05,1.8847341925158076e-05,1.8865461277682012e-05,1.8883522465841704e-05,1.8901525671109066e-05,1.8919471074618352e-05,1.8937358856801525e-05,1.8955189197725253e-05,1.8972962276718903e-05,1.8990678273207666e-05,1.9008337364430657e-05,1.9025939728815876e-05,1.9043485544607515e-05,1.906097498691499e-05,1.9078408232519396e-05,1.9095785457472713e-05,1.9113106836344785e-05,1.9130372544228903e-05,1.914758275526447e-05,1.9164737643107232e-05,1.9181837380858713e-05,1.9198882141125146e-05,1.9215872095776076e-05,1.923280741662847e-05,1.9249688274894382e-05,1.9266514840891444e-05,1.9283287284691612e-05,1.930000577611814e-05,1.9316670483724584e-05,1.9333281576151002e-05,1.9349839221533152e-05,1.9366343587204773e-05,1.9382794840269955e-05,1.939919314739469e-05,1.941553867446682e-05,1.943183158662199e-05,1.944807204926167e-05,1.9464260226854092e-05,1.9480396283424935e-05,1.9496480382508214e-05,1.9512512687146838e-05,1.9528493359893913e-05,1.954442256281433e-05,1.956030045748619e-05,1.9576127204996618e-05,1.959190296596329e-05,1.960762790050612e-05,1.9623302168268114e-05,1.9638925928411754e-05,1.965449933962033e-05,1.9670022560099242e-05,1.9685495747577398e-05,1.9700919059308246e-05,1.971629265207128e-05,1.973161668217317e-05,1.9746891305449203e-05,1.976211667726446e-05,1.9777292952515037e-05,1.979242028562955e-05,1.9807498830560597e-05,1.982252874082436e-05,1.9837510169549398e-05,1.9852443269096232e-05,1.9867328191680122e-05,1.9882165088952495e-05,1.989695411210117e-05,1.991169541184702e-05,1.9926389138477394e-05,1.9941035441813158e-05,1.99556344712295e-05,1.997018637563164e-05,1.9984691303494074e-05,1.999914940282195e-05,2.001356082120151e-05,2.0027925705717457e-05,2.0042244203111124e-05,2.005651645950001e-05,2.007074262071888e-05,2.0084922832109035e-05,2.0099057238569223e-05,2.0113145984574786e-05,2.0127189214127018e-05,2.0141187070806886e-05,2.0155139697742987e-05,2.01690472376781e-05,2.0182909832910622e-05,2.0196727625199968e-05,2.021050075599872e-05,2.0224229366303306e-05,2.0237913596686844e-05,2.0251553587229188e-05,2.026514947762413e-05,2.027870140714499e-05,2.0292209514629643e-05,2.030567393850636e-05,2.031909481677232e-05,2.033247228700751e-05,2.0345806486331184e-05,2.035909755152421e-05,2.0372345618824014e-05,2.0385550824301758e-05,2.039871330325266e-05,2.0411833190981932e-05,2.0424910621999338e-05,2.0437945730640733e-05,2.04509386506397e-05,2.0463889515523146e-05,2.04767984582979e-05,2.048966561155659e-05,2.05024911074845e-05,2.051527507799477e-05,2.0528017654389632e-05,2.0540718967847717e-05,2.0553379148704394e-05,2.0565998327266585e-05,2.0578576633339373e-05,2.059111419629914e-05,2.0603611145204955e-05,2.0616067608605015e-05,2.0628483714756976e-05,2.0640859591490502e-05,2.0653195366213252e-05,2.0665491165955383e-05,2.0677747117371213e-05,2.0689963346683073e-05,2.0702139979791887e-05,2.0714277142238038e-05,2.0726374959161296e-05,2.0738433555121644e-05,2.0750453054439877e-05,2.0762433581157237e-05,2.0774375259173725e-05,2.0786278211053154e-05,2.079814255990746e-05,2.080996842796425e-05,2.08217559373957e-05,2.083350520970714e-05,2.0845216366641856e-05,2.0856889528893905e-05,2.0868524816997187e-05,2.0880122351151647e-05,2.0891682251199638e-05,2.0903204636691293e-05,2.0914689626411352e-05,2.0926137339158633e-05,2.093754789327516e-05,2.0948921406515014e-05,2.0960257996704918e-05,2.097155778115219e-05,2.098282087662846e-05,2.0994047399732603e-05,2.100523746678255e-05,2.101639119354644e-05,2.102750869588563e-05,2.1038590088406863e-05,2.1049635486212424e-05,2.106064500322029e-05,2.107161875346026e-05,2.1082556850687468e-05,2.1093459408219802e-05,2.1104326539023563e-05,2.1115158355707843e-05,2.112595497057332e-05,2.113671649555414e-05,2.114744304212124e-05,2.1158134721542725e-05,2.1168791644872737e-05,2.1179413922461663e-05,2.1190001664607788e-05,2.120055498079766e-05,2.1211073981303767e-05,2.1221558774693513e-05,2.1232009470013918e-05,2.124242617606688e-05,2.125280900074659e-05,2.1263158051884554e-05,2.1273473436978577e-05,2.1283755263230628e-05,2.1294003637019346e-05,2.1304218665667968e-05,2.131440045493031e-05,2.132454911064406e-05,2.1334664738317064e-05,2.1344747443129272e-05,2.1354797329934657e-05,2.136481450326068e-05,2.1374799067309356e-05,2.138475112595823e-05,2.1394670782762823e-05,2.1404558141009444e-05,2.1414413303551202e-05,2.1424236373001742e-05,2.143402745164325e-05,2.144378664136968e-05,2.145351404389359e-05,2.1463209760471827e-05,2.1472873892029274e-05,2.148250653934844e-05,2.149210780294919e-05,2.1501677782754586e-05,2.151121657836178e-05,2.152072428937689e-05,2.1530201014900003e-05,2.153964685380387e-05,2.15490619045555e-05,2.1558446265062185e-05,2.1567800033784096e-05,2.157712330806397e-05,2.1586416185169365e-05,2.1595678762085497e-05,2.160491113551228e-05,2.161411340186047e-05,2.162328565717017e-05,2.1632427997165204e-05,2.1641540517417478e-05,2.1650623313070108e-05,2.1659676478951324e-05,2.1668700109744934e-05,2.1677694299645184e-05,2.168665914274524e-05,2.1695594732696618e-05,2.170450116289553e-05,2.1713378526436158e-05,2.1722226916181083e-05,2.1731046424665245e-05,2.1739837144133955e-05,2.1748599166579906e-05,2.175733258358725e-05,2.1766037486576114e-05,2.1774713966684055e-05,2.1783362114647636e-05,2.1791982021262687e-05,2.180057377638752e-05,2.1809137470086347e-05,2.181767319210026e-05,2.1826181031809325e-05,2.183466107823427e-05,2.184311342041104e-05,2.185153814665495e-05,2.1859935345531488e-05,2.186830510517278e-05,2.1876647512763424e-05,2.1884962656057705e-05,2.1893250622198408e-05,2.190151149805293e-05,2.190974537030776e-05,2.1917952325304665e-05,2.1926132449185608e-05,2.1934285827685905e-05,2.1942412546365577e-05,2.1950512690531056e-05,2.195858634520201e-05,2.196663359509818e-05,2.197465452475146e-05,2.198264921831276e-05,2.1990617759745578e-05,2.199856023274977e-05,2.2006476720752906e-05,2.201436730686994e-05,2.2022232074219146e-05,2.2030071105038287e-05,2.203788448197076e-05,2.2045672287077418e-05,2.2053434602326438e-05,2.206117150909168e-05,2.2068883088856702e-05,2.2076569422671067e-05,2.2084230591411675e-05,2.2091866675624414e-05,2.209947775566272e-05,2.210706391161187e-05,2.2114625223242298e-05,2.2122161770126282e-05,2.2129673631467923e-05,2.2137160886574654e-05,2.2144623614201545e-05,2.2152061892755214e-05,2.215947580072477e-05,2.2166865416230344e-05,2.2174230817024105e-05,2.218157208066521e-05,2.2188889284542253e-05,2.2196182505921897e-05,2.2203451821295317e-05,2.221069730767697e-05,2.2217919040728578e-05,2.222511709724051e-05,2.223229155290772e-05,2.2239442483387257e-05,2.2246569964074008e-05,2.2253674070016345e-05,2.2260754876406555e-05,2.2267812457815806e-05,2.227484688870823e-05,2.2281858243305795e-05,2.2288846595605574e-05,2.2295812019365593e-05,2.2302754587980423e-05,2.230967437490056e-05,2.231657145330744e-05,2.2323445895848154e-05,2.2330297775665926e-05,2.2337127164097557e-05,2.234393413383937e-05,2.2350718756856416e-05,2.2357481104680352e-05,2.2364221249046453e-05,2.237093926080114e-05,2.2377635211422215e-05,2.238430917139642e-05,2.2390961211058794e-05,2.2397591401001514e-05,2.240419981133382e-05,2.2410786511899504e-05,2.241735157246366e-05,2.2423895062490113e-05,2.2430417050997402e-05,2.2436917607248466e-05,2.2443396799978947e-05,2.24498546977505e-05,2.2456291368839724e-05,2.2462706881437075e-05,2.2469101303461497e-05,2.2475474702659052e-05,2.248182714663511e-05,2.248815870243498e-05,2.249446943723643e-05,2.2500759417899904e-05,2.2507028710758238e-05,2.2513277382536807e-05,2.2519505499764987e-05,2.252571312821354e-05,2.25319003335939e-05,2.253806718159862e-05,2.2544213737548703e-05,2.2550340067037616e-05,2.2556446233902547e-05,2.256253230404117e-05,2.256859834155132e-05,2.257464441085614e-05,2.258067057616247e-05,2.258667690133812e-05,2.259266345005651e-05,2.259863028606772e-05,2.2604577472863882e-05,2.261050507330721e-05,2.2616413150159014e-05,2.2622301765996148e-05,2.2628170984119266e-05,2.2634020866586068e-05,2.2639851475296285e-05,2.264566287235806e-05,2.2651455119494192e-05,2.2657228278273898e-05,2.2662982410094546e-05,2.2668717576017704e-05,2.2674433837071814e-05,2.268013125402539e-05,2.2685809887443216e-05,2.26914697977674e-05,2.2697111045115787e-05,2.2702733689582366e-05,2.2708337790944132e-05,2.2713923408998345e-05,2.271949060256327e-05,2.2725039431616697e-05,2.2730569954936055e-05,2.2736082231336548e-05,2.274157631958356e-05,2.274705227815879e-05,2.2752510165349475e-05,2.275795003964035e-05,2.2763371958265504e-05,2.2768775979333672e-05,2.2774162160419027e-05,2.2779530558910363e-05,2.2784881231964906e-05,2.279021423670877e-05,2.2795529629932838e-05,2.2800827468247946e-05,2.280610780821422e-05,2.281137070607662e-05,2.2816616217984862e-05,2.282184439989626e-05,2.2827055307556085e-05,2.2832248996587923e-05,2.2837425522304115e-05,2.2842584939941243e-05,2.2847727305094012e-05,2.2852852671694652e-05,2.2857961094972506e-05,2.2863052629286726e-05,2.2868127329246436e-05,2.2873185248908474e-05,2.287822644228669e-05,2.2883250963222674e-05,2.2888258865386563e-05,2.2893250202281446e-05,2.2898225027239938e-05,2.290318339338883e-05,2.2908125353752648e-05,2.2913050961114762e-05,2.29179602681415e-05,2.2922853327386425e-05,2.2927730191025733e-05,2.2932590911301607e-05,2.2937435540146023e-05,2.2942264129601127e-05,2.2947076730913682e-05,2.2951873395770696e-05,2.2956654175388835e-05,2.296141912113808e-05,2.29661682839867e-05,2.2970901714603188e-05,2.297561946384373e-05,2.298032158200917e-05,2.2985008119723892e-05,2.298967912700247e-05,2.2994334653753304e-05,2.299897475003655e-05,2.3003599465331094e-05,2.3008208849318896e-05,2.3012802951390706e-05,2.3017381820666406e-05,2.3021945506457422e-05,2.3026494057577763e-05,2.3031027522780533e-05,2.303554595064695e-05,2.304004938964274e-05,2.3044537888151166e-05,2.3049011494146484e-05,2.3053470255690522e-05,2.3057914220774584e-05,2.306234343676474e-05,2.3066757951348216e-05,2.3071157811824223e-05,2.3075543065573568e-05,2.3079913759592128e-05,2.3084269940812163e-05,2.3088611655987862e-05,2.3092938951742033e-05,2.3097251874578844e-05,2.3101550470802754e-05,2.310583478616142e-05,2.31101048675504e-05,2.3114360760419987e-05,2.311860251050288e-05,2.3122830163390098e-05,2.3127043764475595e-05,2.3131243359156668e-05,2.313542899253869e-05,2.313960070962078e-05,2.3143758555284146e-05,2.3147902574234495e-05,2.3152032811065545e-05,2.315614931020442e-05,2.3160252115938696e-05,2.316434127239969e-05,2.3168416823645053e-05,2.3172478813522398e-05,2.317652728576035e-05,2.3180562283935567e-05,2.3184583851614e-05,2.318859203191228e-05,2.3192586868081344e-05,2.3196568403180588e-05,2.3200536680089602e-05,2.320449174156025e-05,2.320843363020238e-05,2.3212362388514088e-05,2.321627805884151e-05,2.3220180683397116e-05,2.3224070304269252e-05,2.322794696338833e-05,2.3231810702558113e-05,2.3235661563450123e-05,2.3239499587590517e-05,2.324332481643457e-05,2.324713729123211e-05,2.325093705313305e-05,2.325472414314561e-05,2.325849860213751e-05,2.326226047084986e-05,2.3266009789917904e-05,2.3269746599825234e-05,2.3273470940924738e-05,2.327718285317371e-05,2.3280882377179357e-05,2.328456955270967e-05,2.3288244419560144e-05,2.3291907017455613e-05,2.3295557385981754e-05,2.3299195564600082e-05,2.3302821592650207e-05,2.3306435509340183e-05,2.3310037353743456e-05,2.3313627164816308e-05,2.3317204981378887e-05,2.332077084213292e-05,2.3324324785702438e-05,2.3327866850493183e-05,2.3331397074866078e-05,2.3334915497033506e-05,2.3338422155094596e-05,2.334191708701141e-05,2.3345400330622843e-05,2.334887192361281e-05,2.3352331903663508e-05,2.3355780308205192e-05,2.3359217174622145e-05,2.3362642540150383e-05,2.3366056441882407e-05,2.3369458916857284e-05,2.3372850001921143e-05,2.3376229733874076e-05,2.3379598149374962e-05,2.3382955284925302e-05,2.3386301176947354e-05,2.338963586174852e-05,2.3392959375495532e-05,2.339627175425316e-05,2.3399573033979053e-05,2.3402863250486668e-05,2.340614243948043e-05,2.3409410636598447e-05,2.3412667877314775e-05,2.3415914196992896e-05,2.3419149630897442e-05,2.342237421417481e-05,2.342558798185848e-05,2.342879096886938e-05,2.343198321001615e-05,2.3435164739995664e-05,2.343833559339235e-05,2.3441495804663972e-05,2.3444645408213877e-05,2.344778443826769e-05,2.3450912928972786e-05,2.345403091434441e-05,2.3457138428341953e-05,2.346023550476217e-05,2.3463322177310918e-05,2.346639847958579e-05,2.3469464445076262e-05,2.3472520107146267e-05,2.3475565499088357e-05,2.347860065408798e-05,2.3481625605208572e-05,2.3484640385357505e-05,2.3487645027423425e-05,2.3490639564131195e-05,2.3493624028121484e-05,2.3496598451930108e-05,2.3499562868000862e-05,2.3502517308622977e-05,2.350546180605847e-05,2.3508396392358196e-05,2.3511321099598112e-05,2.3514235959658343e-05,2.3517141004336542e-05,2.352003626537e-05,2.3522921774345783e-05,2.3525797562766196e-05,2.3528663662011508e-05,2.353152010333154e-05,2.3534366918069836e-05,2.3537204137222488e-05,2.3540031791817597e-05,2.3542849912743658e-05,2.3545658530793338e-05,2.3548457676695684e-05,2.3551247381012e-05,2.3554027674260973e-05,2.355679858684379e-05,2.355956014907487e-05,2.356231239116714e-05,2.3565055343206416e-05,2.3567789035214888e-05,2.3570513497136003e-05,2.3573228758763234e-05,2.3575934849821636e-05,2.357863179996677e-05,2.3581319638711688e-05,2.358399839554088e-05,2.358666809975082e-05,2.35893287806593e-05,2.3591980467266934e-05,2.3594623188717727e-05,2.359725697398687e-05,2.3599881851961787e-05,2.3602497851387376e-05,2.360510500099383e-05,2.3607703329362262e-05,2.361029286498418e-05,2.3612873636307628e-05,2.3615445671635962e-05,2.361800899919344e-05,2.362056364711811e-05,2.3623109643464894e-05,2.3625647016185232e-05,2.362817579314751e-05,2.3630696002134133e-05,2.3633207670825586e-05,2.3635710826824644e-05,2.3638205497640283e-05,2.3640691710700427e-05,2.3643169493328956e-05,2.3645638872781316e-05,2.364809987621332e-05,2.3650552530689315e-05,2.3652996863193724e-05,2.365543290061963e-05,2.365786066978299e-05,2.3660280197406188e-05,2.3662691510121888e-05,2.3665094634481662e-05,2.3667489596950488e-05,2.3669876423910286e-05,2.3672255141637398e-05,2.367462577629843e-05,2.3676988354150944e-05,2.3679342901068134e-05,2.3681689443191826e-05,2.3684028006306965e-05,2.368635861620452e-05,2.3688681298611447e-05,2.3690996079083942e-05,2.369330298320837e-05,2.3695602036498673e-05,2.369789326425388e-05,2.370017669177525e-05,2.370245234434482e-05,2.3704720247048003e-05,2.3706980424868772e-05,2.3709232902881544e-05,2.3711477705895254e-05,2.371371485880994e-05,2.371594438630764e-05,2.3718166312985203e-05,2.3720380663494822e-05,2.372258746233737e-05,2.3724786733875453e-05,2.3726978502465248e-05,2.3729162792368293e-05,2.373133962774468e-05,2.373350903264531e-05,2.373567103118515e-05,2.3737825647272803e-05,2.373997290476476e-05,2.374211282746641e-05,2.374424543905541e-05,2.374637076317461e-05,2.3748488823400703e-05,2.3750599643097243e-05,2.3752703245900165e-05,2.3754799655008707e-05,2.375688889359766e-05,2.3758970985031686e-05,2.3761045952345534e-05,2.376311381858139e-05,2.3765174606660714e-05,2.3767228339403207e-05,2.3769275039772864e-05,2.3771314730443503e-05,2.377334743405658e-05,2.37753731732172e-05,2.377739197035505e-05,2.3779403848047082e-05,2.378140882865445e-05,2.3783406934429112e-05,2.378539818760853e-05,2.3787382610351053e-05,2.3789360224739274e-05,2.379133105278645e-05,2.3793295116434797e-05,2.3795252437555697e-05,2.379720303794989e-05,2.3799146939347758e-05,2.3801084163409533e-05,2.380301473172545e-05,2.3804938665816117e-05,2.3806855987289126e-05,2.3808766717198082e-05,2.381067087704624e-05,2.381256848805575e-05,2.3814459571409312e-05,2.381634414820505e-05,2.381822223940855e-05,2.3820093866131755e-05,2.3821959049219195e-05,2.3823817809502022e-05,2.3825670167758127e-05,2.3827516144677397e-05,2.382935576078069e-05,2.383118903686673e-05,2.3833015993311883e-05,2.3834836650569363e-05,2.3836651029001464e-05,2.3838459148896175e-05,2.3840261030520216e-05,2.384205669403984e-05,2.3843846159528453e-05,2.3845629447062902e-05,2.384740657659966e-05,2.3849177568069655e-05,2.3850942441310773e-05,2.3852701216126232e-05,2.38544539122013e-05,2.3856200549246206e-05,2.385794114680061e-05,2.385967572443339e-05,2.3861404301568818e-05,2.3863126897635925e-05,2.3864843531799566e-05,2.386655422369012e-05,2.3868258992331927e-05,2.3869957856911448e-05,2.3871650836508607e-05,2.387333795014821e-05,2.3875019216797977e-05,2.3876694655370104e-05,2.3878364284726154e-05,2.3880028123633635e-05,2.3881686190787433e-05,2.38833385049199e-05,2.3884985084600436e-05,2.388662594837627e-05,2.3888261114730768e-05,2.3889890602091255e-05,2.38915144288252e-05,2.389313261322467e-05,2.3894745173420573e-05,2.3896352127994314e-05,2.3897953494676683e-05,2.3899549291657213e-05,2.3901139536981925e-05,2.390272424856621e-05,2.390430344409467e-05,2.3905877141850654e-05,2.3907445359403697e-05,2.3909008114459596e-05,2.391056542471008e-05,2.39121173077316e-05,2.3913663781089975e-05,2.3915204862285577e-05,2.3916740568750224e-05,2.3918270917865727e-05,2.3919795926957462e-05,2.392131561328975e-05,2.392282999408664e-05,2.392433908650091e-05,2.3925842907635097e-05,2.3927341474531885e-05,2.3928834804188462e-05,2.3930322913534263e-05,2.3931805819457787e-05,2.3933283538800307e-05,2.3934756088322835e-05,2.3936223484744568e-05,2.393768574473061e-05,2.3939142884892197e-05,2.3940594921789184e-05,2.394204187192078e-05,2.394348375173975e-05,2.394492057766248e-05,2.3946352365995944e-05,2.3947779133048456e-05,2.3949200895062525e-05,2.395061766822261e-05,2.395202946866286e-05,2.39534363124647e-05,2.3954838215658807e-05,2.3956235194218026e-05,2.3957627264073007e-05,2.3959014441102213e-05,2.3960396741125413e-05,2.3961774179913566e-05,2.396314677319025e-05,2.3964514536624756e-05,2.3965877485837483e-05,2.3967235636392312e-05,2.3968589003828497e-05,2.396993760358581e-05,2.397128145109635e-05,2.3972620561741483e-05,2.3973954950809956e-05,2.3975284633591812e-05,2.397660962532287e-05,2.3977929941280073e-05,2.3979245596328412e-05,2.3980556605706296e-05,2.3981862984366764e-05,2.398316474730832e-05,2.3984461909485036e-05,2.3985754485768666e-05,2.3987042490981693e-05,2.3988325939891205e-05,2.3989604847255713e-05,2.3990879227778734e-05,2.3992149096076424e-05,2.3993414466728145e-05,2.3994675354302424e-05,2.3995931773272217e-05,2.399718373810267e-05,2.399843126321283e-05,2.399967436293229e-05,2.400091305163173e-05,2.4002147343486314e-05,2.400337725279481e-05,2.400460279364688e-05,2.4005823980237182e-05,2.4007040826620617e-05,2.400825334682565e-05,2.400946155469912e-05,2.4010665464525792e-05,2.401186508990591e-05,2.401306044473397e-05,2.401425154307102e-05,2.401543839851251e-05,2.401662102476507e-05,2.4017799435513485e-05,2.4018973644392774e-05,2.4020143664892374e-05,2.4021309510751415e-05,2.402247119529096e-05,2.4023628731953575e-05,2.4024782134425706e-05,2.4025931415904546e-05,2.4027076589569307e-05,2.4028217668991234e-05,2.402935466726022e-05,2.4030487597495683e-05,2.4031616472887767e-05,2.4032741306622864e-05,2.4033862111725936e-05,2.4034978901484168e-05,2.4036091688544803e-05,2.4037200485927583e-05,2.403830530642023e-05,2.403940616315011e-05,2.4040503068654354e-05,2.4041596035881813e-05,2.4042685077641305e-05,2.404377020637608e-05,2.4044851434899553e-05,2.4045928775960438e-05,2.4047002241840088e-05,2.4048071845350796e-05,2.404913759872832e-05,2.4050199514631594e-05,2.40512576053478e-05,2.405231188330152e-05,2.4053362360761387e-05,2.405440905006905e-05,2.40554519634539e-05,2.4056491113127364e-05,2.4057526511258457e-05,2.4058558169962293e-05,2.4059586101343695e-05,2.406061031745293e-05,2.406163083030222e-05,2.4062647651888006e-05,2.4063660794094965e-05,2.406467026878815e-05,2.4065676087951564e-05,2.4066678263344686e-05,2.4067676806739313e-05,2.4068671729886854e-05,2.4069663044490063e-05,2.407065076221571e-05,2.4071634894699223e-05,2.4072615453522516e-05,2.407359245025205e-05,2.4074565896391355e-05,2.407553580342329e-05,2.407650218280203e-05,2.4077465045945952e-05,2.407842440418029e-05,2.4079380268862542e-05,2.4080332651327236e-05,2.4081281562756822e-05,2.408222701440344e-05,2.4083169017425377e-05,2.4084107583035395e-05,2.408504272233117e-05,2.4085974446359287e-05,2.4086902766237832e-05,2.408782769292355e-05,2.4088749237371604e-05,2.4089667410476297e-05,2.409058222318098e-05,2.4091493686355773e-05,2.4092401810825405e-05,2.409330660731263e-05,2.4094208086719347e-05,2.4095106259699592e-05,2.4096001136935626e-05,2.4096892729097888e-05,2.4097781046802863e-05,2.4098666100563465e-05,2.409954790106654e-05,2.4100426458765995e-05,2.4101301784037743e-05,2.410217388746597e-05,2.4103042779509677e-05,2.4103908470470464e-05,2.4104770970723713e-05,2.4105630290551756e-05,2.4106486440249544e-05,2.410733943008601e-05,2.4108189270239374e-05,2.410903597092242e-05,2.410987954225207e-05,2.411071999437152e-05,2.4111557337352637e-05,2.4112391581241003e-05,2.4113222736072673e-05,2.411405081179714e-05,2.4114875818410288e-05,2.4115697765807243e-05,2.4116516663897315e-05,2.4117332522512844e-05,2.4118145351511523e-05,2.4118955160645573e-05,2.4119761959726357e-05,2.41205657584286e-05,2.4121366566476102e-05,2.4122164393526594e-05,2.412295924921346e-05,2.412375114317508e-05,2.4124540084967727e-05,2.4125326084110157e-05,2.412610915017663e-05,2.412688929257276e-05,2.4127666520779156e-05,2.412844084419392e-05,2.4129212272253793e-05,2.4129980814299538e-05,2.4130746479639184e-05,2.413150927758895e-05,2.413226921740256e-05,2.4133026308331972e-05,2.4133780559581276e-05,2.4134531980326266e-05,2.4135280579720382e-05,2.4136026366870144e-05,2.4136769350871914e-05,2.41375095407639e-05,2.4138246945625622e-05,2.4138981574442466e-05,2.413971343615507e-05,2.4140442539725615e-05,2.4141168894080963e-05,2.414189250808942e-05,2.4142613390609444e-05,2.4143331550438294e-05,2.4144046996439534e-05,2.414475973735126e-05,2.4145469781907758e-05,2.4146177138859572e-05,2.4146881816847904e-05,2.4147583824548904e-05,2.414828317058938e-05,2.4148979863601103e-05,2.4149673912098606e-05,2.4150365324655022e-05,2.415105410979706e-05,2.4151740276011538e-05,2.415242383175317e-05,2.4153104785477174e-05,2.415378314555717e-05,2.4154458920405634e-05,2.415513211834795e-05,2.4155802747806885e-05,2.41564708169676e-05,2.4157136334153723e-05,2.4157799307570546e-05,2.415845974547859e-05,2.4159117656049383e-05,2.4159773047456e-05,2.416042592781742e-05,2.4161076305295227e-05,2.416172418795898e-05,2.4162369583872204e-05,2.4163012501052015e-05,2.4163652947496167e-05,2.4164290931252394e-05,2.4164926460291874e-05,2.4165559542412844e-05,2.41661901855882e-05,2.416681839770935e-05,2.4167444186658173e-05,2.4168067560216244e-05,2.416868852620835e-05,2.4169307092487167e-05,2.4169923266639673e-05,2.4170537056496186e-05,2.4171148469752066e-05,2.4171757514073393e-05,2.4172364197134248e-05,2.4172968526544675e-05,2.417357050990812e-05,2.417417015483903e-05,2.4174767468841187e-05,2.4175362459477645e-05,2.4175955134239622e-05,2.4176545500614603e-05,2.4177133566059e-05,2.4177719338006542e-05,2.4178302823866438e-05,2.4178884031041355e-05,2.4179462966805236e-05,2.418003963863876e-05,2.418061405374775e-05,2.4181186219471925e-05,2.4181756143062875e-05,2.418232383178141e-05,2.4182889292812227e-05,2.4183452533366207e-05,2.4184013560618233e-05,2.418457238171556e-05,2.4185129003776523e-05,2.4185683433925077e-05,2.4186235679229918e-05,2.4186785746749816e-05,2.4187333643509824e-05,2.4187879376545636e-05,2.4188422952829233e-05,2.4188964379322543e-05,2.418950366300529e-05,2.419004081073805e-05,2.4190575829452924e-05,2.4191108726044257e-05,2.419163950732357e-05,2.419216818014511e-05,2.4192694751320223e-05,2.4193219227631803e-05,2.4193741615852025e-05,2.419426192272199e-05,2.419478015496211e-05,2.4195296319275003e-05,2.419581042234387e-05,2.4196322470811152e-05,2.4196832471323463e-05,2.4197340430500747e-05,2.4197846354924233e-05,2.4198350251155317e-05,2.4198852125774454e-05,2.419935198529401e-05,2.4199849836234025e-05,2.4200345685076737e-05,2.4200839538250224e-05,2.4201331402221892e-05,2.4201821283444922e-05,2.420230918828881e-05,2.4202795123139933e-05,2.4203279094378524e-05,2.42037611083268e-05,2.420424117127162e-05,2.420471928957853e-05,2.4205195469506015e-05,2.420566971730529e-05,2.420614203921418e-05,2.420661244145583e-05,2.4207080930252585e-05,2.420754751173607e-05,2.4208012192082707e-05,2.4208474977439445e-05,2.4208935873916245e-05,2.4209394887615305e-05,2.420985202461633e-05,2.4210307290977434e-05,2.4210760692739752e-05,2.421121223592325e-05,2.4211661926525977e-05,2.4212109770532773e-05,2.4212555773901305e-05,2.42129999425844e-05,2.4213442282482248e-05,2.4213882799586694e-05,2.4214321499643838e-05,2.4214758388592627e-05,2.4215193472271313e-05,2.4215626756515862e-05,2.4216058247124205e-05,2.4216487949892446e-05,2.421691587059179e-05,2.421734201497535e-05,2.4217766388778003e-05,2.4218188997710356e-05,2.4218609847477403e-05,2.421902894380391e-05,2.4219446292252994e-05,2.421986189851531e-05,2.4220275768214394e-05,2.4220687906945977e-05,2.4221098320320778e-05,2.422150701388273e-05,2.42219139931976e-05,2.4222319263793797e-05,2.422272283119021e-05,2.422312470088261e-05,2.4223524878336105e-05,2.422392336904131e-05,2.4224320178428123e-05,2.4224715311918517e-05,2.4225108774931095e-05,2.4225500572852614e-05,2.422589071105697e-05,2.4226279194916692e-05,2.4226666029765903e-05,2.4227051220889835e-05,2.422743477362432e-05,2.4227816693248362e-05,2.4228196985033878e-05,2.422857565422697e-05,2.4228952706085614e-05,2.4229328145811997e-05,2.42297019786265e-05,2.423007420969694e-05,2.423044484420203e-05,2.4230813887297557e-05,2.4231181344108437e-05,2.4231547219752014e-05,2.4231911519349115e-05,2.4232274247957475e-05,2.423263541066065e-05,2.4232995012511506e-05,2.423335305855786e-05,2.423370955379736e-05,2.4234064503233743e-05,2.423441791186534e-05,2.4234769784679595e-05,2.4235120126596253e-05,2.4235468942590733e-05,2.423581623756205e-05,2.4236162016428092e-05,2.4236506284079808e-05,2.4236849045395056e-05,2.423719030524028e-05,2.423753006844408e-05,2.4237868339841168e-05,2.423820512424694e-05,2.4238540426459806e-05,2.4238874251265305e-05,2.4239206603424113e-05,2.423953748768995e-05,2.423986690879347e-05,2.4240194871451114e-05,2.4240521380372962e-05,2.424084644025034e-05,2.4241170055763698e-05,2.4241492231558773e-05,2.4241812972287577e-05,2.4242132282583853e-05,2.4242450167061945e-05,2.424276663031614e-05,2.4243081676920464e-05,2.4243395311461687e-05,2.4243707538487046e-05,2.4244018362546218e-05,2.4244327788149566e-05,2.4244635819816458e-05,2.424494246204473e-05,2.4245247719300204e-05,2.4245551596079904e-05,2.4245854096806e-05,2.424615522596536e-05,2.424645498790608e-05,2.4246753387079784e-05,2.4247050427874597e-05,2.4247346114679096e-05,2.4247640451857546e-05,2.4247933443748817e-05,2.4248225094761368e-05,2.4248515409134923e-05,2.4248804391198157e-05,2.4249092045300914e-05,2.4249378375646334e-05,2.424966338653744e-05,2.4249947082226186e-05,2.4250229466968047e-05,2.4250510544978157e-05,2.425079032047009e-05,2.4251068797650975e-05,2.425134598073368e-05,2.4251621873830014e-05,2.4251896481129483e-05,2.4252169806784998e-05,2.4252441854956843e-05,2.4252712629694104e-05,2.4252982135146127e-05,2.425325037542605e-05,2.42535173545751e-05,2.4253783076657645e-05,2.425404754574088e-05,2.4254310765865307e-05,2.4254572741057812e-05,2.425483347533841e-05,2.4255092972697433e-05,2.425535123712169e-05,2.4255608272592886e-05,2.425586408307717e-05,2.425611867251413e-05,2.4256372044851076e-05,2.4256624203994516e-05,2.4256875153892625e-05,2.425712489837304e-05,2.4257373441376443e-05,2.4257620786772666e-05,2.4257866938410452e-05,2.4258111900142503e-05,2.4258355675804903e-05,2.42585982692219e-05,2.4258839684197804e-05,2.425907992454206e-05,2.4259318994031113e-05,2.425955689644648e-05,2.4259793635553003e-05,2.426002921508528e-05,2.4260263638788966e-05,2.426049691039073e-05,2.426072903362982e-05,2.4260960012179362e-05,2.426118984970183e-05,2.4261418549893322e-05,2.426164611644379e-05,2.4261872552986292e-05,2.426209786317261e-05,2.426232205062662e-05,2.4262545118972723e-05,2.4262767071815045e-05,2.4262987912742557e-05,2.4263207645336765e-05,2.4263426273187336e-05,2.4263643799841073e-05,2.4263860228856895e-05,2.4264075563742987e-05,2.4264289808085858e-05,2.426450296532896e-05,2.426471503899909e-05,2.426492603260626e-05,2.4265135949620816e-05,2.426534479350491e-05,2.4265552567723808e-05,2.4265759275723226e-05,2.426596492093736e-05,2.426616950678742e-05,2.426637303668777e-05,2.426657551408727e-05,2.426677694229056e-05,2.426697732466705e-05,2.4267176664693027e-05,2.426737496568049e-05,2.4267572230947736e-05,2.4267768463869503e-05,2.42679636677516e-05,2.426815784592056e-05,2.42683510016664e-05,2.426854313829015e-05,2.4268734259077773e-05,2.4268924367305043e-05,2.426911346621813e-05,2.4269301559074387e-05,2.426948864912258e-05,2.426967473958302e-05,2.4269859833685826e-05,2.4270043934644557e-05,2.4270227045665173e-05,2.4270409169889803e-05,2.4270590310529174e-05,2.4270770470780363e-05,2.427094965374131e-05,2.4271127862590746e-05,2.4271305100459432e-05,2.4271481370472368e-05,2.427165667576372e-05,2.4271831019430504e-05,2.4272004404574413e-05,2.4272176834272293e-05,2.427234831161012e-05,2.427251883964989e-05,2.4272688421452105e-05,2.427285706005876e-05,2.4273024758492165e-05,2.4273191519815682e-05,2.427335734703739e-05,2.4273522243156682e-05,2.4273686211175677e-05,2.4273849254081646e-05,2.427401137485228e-05,2.4274172576448142e-05,2.427433286184779e-05,2.427449223399333e-05,2.427465069582423e-05,2.427480825027156e-05,2.4274964900255767e-05,2.4275120648690217e-05,2.427527549847775e-05,2.4275429452511696e-05,2.4275582513676076e-05,2.4275734684845133e-05,2.4275885968886167e-05,2.4276036368652833e-05,2.427618588699302e-05,2.427633452674418e-05,2.4276482290737633e-05,2.4276629181788917e-05,2.4276775202706927e-05,2.4276920356295274e-05,2.4277064645347338e-05,2.4277208072646747e-05,2.4277350640966517e-05,2.4277492353072322e-05,2.42776332117148e-05,2.4277773219645678e-05,2.4277912379603795e-05,2.4278050694316763e-05,2.4278188166508515e-05,2.427832479888826e-05,2.4278460594158734e-05,2.427859555501639e-05,2.427872968414453e-05,2.4278862984219496e-05,2.4278995457916174e-05,2.427912710789005e-05,2.4279257936789504e-05,2.4279387947238616e-05,2.427951714192527e-05,2.4279645523411664e-05,2.4279773094361463e-05,2.4279899857393294e-05,2.4280025815050958e-05,2.428015096995869e-05,2.4280275324696806e-05,2.42803988818479e-05,2.4280521643960274e-05,2.42806436136091e-05,2.4280764793334017e-05,2.4280885185682367e-05,2.4281004793184696e-05,2.4281123618365754e-05,2.4281241663749837e-05,2.428135893183724e-05,2.428147542513574e-05,2.4281591146131805e-05,2.4281706097315207e-05,2.4281820281160742e-05,2.4281933700128597e-05,2.428204635669952e-05,2.428215825331336e-05,2.4282269392418416e-05,2.4282379776451727e-05,2.428248940783872e-05,2.428259828899676e-05,2.4282706422352874e-05,2.4282813810303108e-05,2.428292045524791e-05,2.4283026359575778e-05,2.428313152567648e-05,2.4283235955912938e-05,2.4283339652663906e-05,2.4283442618279445e-05,2.4283544855114732e-05,2.4283646365513783e-05,2.4283747151811063e-05,2.4283847216340073e-05,2.4283946561419606e-05,2.428404518936497e-05,2.4284143102481315e-05,2.4284240303068487e-05,2.428433679341826e-05,2.428443257581391e-05,2.4284527652532693e-05,2.4284622025845718e-05,2.428471569799853e-05,2.4284808671273706e-05,2.42849009479072e-05,2.4284992530136482e-05,2.4285083420195263e-05,2.4285173620315545e-05,2.4285263132708075e-05,2.428535195959212e-05,2.428544010316264e-05,2.428552756562122e-05,2.4285614349162565e-05,2.4285700455959303e-05,2.4285785888192805e-05,2.4285870648034037e-05,2.4285954737638075e-05,2.4286038159170482e-05,2.4286120914770137e-05,2.428620300658243e-05,2.428628443674206e-05,2.4286365207377568e-05,2.428644532061265e-05,2.428652477854431e-05,2.4286603583288704e-05,2.4286681736948826e-05,2.428675924161269e-05,2.4286836099380578e-05,2.428691231231079e-05,2.428698788248871e-05,2.4287062811960094e-05,2.4287137102818244e-05,2.428721075709979e-05,2.428728377685161e-05,2.4287356164112932e-05,2.42874279209234e-05,2.4287499049293074e-05,2.4287569551261805e-05,2.428763942882452e-05,2.4287708683996533e-05,2.4287777318768112e-05,2.4287845335145317e-05,2.4287912735120126e-05,2.428797952067112e-05,2.428804569376023e-05,2.428811125637484e-05,2.4288176210462185e-05,2.428824055797707e-05,2.4288304300874028e-05,2.4288367441086603e-05,2.4288429980574077e-05,2.4288491921250582e-05,2.4288553265031545e-05,2.4288614013857793e-05,2.4288674169628457e-05,2.4288733734247014e-05,2.428879270961957e-05,2.4288851097631833e-05,2.428890890017487e-05,2.428896611913023e-05,2.428902275637168e-05,2.4289078813767183e-05,2.4289134293183565e-05,2.428918919647558e-05,2.4289243525496546e-05,2.4289297282087193e-05,2.4289350468087996e-05,2.428940308533257e-05,2.4289455135647355e-05,2.4289506620854024e-05,2.428955754276831e-05,2.4289607903199337e-05,2.428965770395083e-05,2.4289706946820386e-05,2.4289755633597517e-05,2.4289803766073556e-05,2.428985134602685e-05,2.4289898375231246e-05,2.428994485545569e-05,2.4289990788466025e-05,2.4290036176013776e-05,2.429008101985858e-05,2.42901253217404e-05,2.4290169083402508e-05,2.4290212306575792e-05,2.42902549929984e-05,2.4290297144388806e-05,2.4290338762465965e-05,2.429037984894068e-05,2.4290420405522328e-05,2.4290460433913347e-05,2.4290499935806843e-05,2.4290538912896614e-05,2.4290577366865624e-05,2.429061529939416e-05,2.4290652712154517e-05,2.4290689606820225e-05,2.4290725985051863e-05,2.4290761848511445e-05,2.4290797198845074e-05,2.4290832037703424e-05,2.4290866366726426e-05,2.429090018755399e-05,2.429093350181916e-05,2.4290966311146212e-05,2.429099861715435e-05,2.4291030421461684e-05,2.4291061725679572e-05,2.429109253141314e-05,2.4291122840259444e-05,2.4291152653815558e-05,2.4291181973675798e-05,2.4291210801412572e-05,2.4291239138623178e-05,2.4291266986870168e-05,2.429129434772662e-05,2.4291321222755797e-05,2.429134761351532e-05,2.4291373521562996e-05,2.4291398948446973e-05,2.4291423895710398e-05,2.4291448364893168e-05,2.429147235753175e-05,2.429149587515331e-05,2.4291518919282783e-05,2.4291541491442714e-05,2.429156359314308e-05,2.4291585225895544e-05,2.4291606391205137e-05,2.4291627090572125e-05,2.4291647325491737e-05,2.4291667097452794e-05,2.429168640794248e-05,2.429170525844163e-05,2.4291723650425483e-05,2.4291741585364658e-05,2.4291759064727982e-05,2.4291776089976076e-05,2.4291792662565605e-05,2.4291808783949405e-05,2.4291824455574583e-05,2.4291839678884744e-05,2.4291854455315938e-05,2.4291868786305865e-05,2.429188267328166e-05,2.4291896117667594e-05,2.4291909120883628e-05,2.4291921684344645e-05,2.4291933809461897e-05,2.429194549764169e-05,2.429195675028504e-05,2.4291967568789783e-05,2.429197795454808e-05,2.429198790894814e-05,2.429199743337382e-05,2.429200652920367e-05,2.429201519781284e-05,2.4292023440571567e-05,2.4292031258845512e-05,2.4292038653996467e-05,2.429204562738135e-05,2.4292052180352853e-05,2.4292058314259272e-05,2.4292064030444623e-05,2.429206933024855e-05,2.429207421500634e-05,2.429207868604904e-05,2.4292082744703363e-05,2.429208639229177e-05,2.4292089630132415e-05,2.429209245953923e-05,2.4292094881821923e-05,2.4292096898286064e-05,2.4292098510232724e-05,2.4292099718958975e-05,2.4292100525757813e-05,2.4292100931917877e-05,2.4292100938723736e-05,2.4292100547455826e-05,2.4292099759390314e-05,2.4292098575799562e-05,2.4292096997951975e-05,2.4292095027110628e-05,2.4292092664535703e-05,2.429208991148335e-05,2.4292086769205025e-05,2.429208323894884e-05,2.4292079321958365e-05,2.429207501947328e-05,2.429207033272938e-05,2.4292065262958348e-05,2.4292059811387722e-05,2.429205397924142e-05,2.4292047767739715e-05,2.4292041178098265e-05,2.4292034211530155e-05,2.42920268692413e-05,2.4292019152437002e-05,2.4292011062317533e-05,2.4292002600079393e-05,2.4291993766914847e-05,2.4291984564013324e-05,2.4291974992559417e-05,2.4291965053734203e-05,2.429195474871522e-05,2.429194407867736e-05,2.4291933044786925e-05,2.429192164821166e-05,2.4291909890113576e-05,2.4291897771651445e-05,2.429188529397944e-05,2.4291872458251635e-05,2.4291859265610042e-05,2.4291845717200896e-05,2.4291831814164337e-05,2.4291817557636016e-05,2.4291802948748708e-05,2.429178798863135e-05,2.4291772678409426e-05,2.429175701920399e-05,2.4291741012133563e-05,2.4291724658312603e-05,2.429170795885158e-05,2.4291690914857914e-05,2.4291673527435733e-05,2.4291655797684476e-05,2.4291637726700903e-05,2.4291619315578206e-05,2.4291600565405873e-05,2.4291581477269877e-05,2.4291562052252987e-05,2.4291542291433813e-05,2.4291522195888217e-05,2.429150176668822e-05,2.4291481004902553e-05,2.4291459911594595e-05,2.4291438487828412e-05,2.4291416734662724e-05,2.4291394653152106e-05,2.4291372244346687e-05,2.4291349509294287e-05,2.4291326449042052e-05,2.429130306463019e-05,2.429127935709688e-05,2.4291255327476303e-05,2.429123097680014e-05,2.4291206306096357e-05,2.4291181316389825e-05,2.4291156008702015e-05,2.4291130384050665e-05,2.429110444345464e-05,2.429107818791988e-05,2.4291051618455304e-05,2.429102473606656e-05,2.42909975417574e-05,2.4290970036525666e-05,2.429094222136584e-05,2.4290914097270756e-05,2.429088566522924e-05,2.4290856926227558e-05,2.4290827881248093e-05,2.4290798531270475e-05,2.429076887727133e-05,2.429073892022285e-05,2.429070866109828e-05,2.4290678100859267e-05,2.4290647240475113e-05,2.429061608090046e-05,2.4290584623097176e-05,2.4290552868021414e-05,2.4290520816618724e-05,2.4290488469842492e-05,2.4290455828639086e-05,2.429042289394375e-05,2.42903896666999e-05,2.4290356147856164e-05,2.4290322338322154e-05,2.429028823903892e-05,2.4290253850934098e-05,2.429021917493133e-05,2.4290184211955365e-05,2.4290148962918314e-05,2.429011342874024e-05,2.4290077610332386e-05,2.429004150860491e-05,2.4290005124462764e-05,2.4289968458810655e-05,2.4289931512548365e-05,2.428989428657421e-05,2.4289856781779622e-05,2.4289818999064565e-05,2.4289780939311987e-05,2.4289742603413157e-05,2.42897039922471e-05,2.4289665106693025e-05,2.4289625947631327e-05,2.4289586515941612e-05,2.4289546812490843e-05,2.428950683814671e-05,2.4289466593788323e-05,2.4289426080260935e-05,2.4289385298432557e-05,2.4289344249157982e-05,2.42893029333025e-05,2.428926135171106e-05,2.428921950523444e-05,2.4289177394722244e-05,2.4289135021019143e-05,2.4289092384964947e-05,2.4289049487399476e-05,2.4289006329158274e-05,2.4288962911076444e-05,2.4288919233984265e-05,2.4288875298710257e-05,2.4288831106078766e-05,2.4288786656914537e-05,2.4288741952039126e-05,2.4288696992266652e-05,2.4288651778412432e-05,2.4288606311291543e-05,2.4288560591714442e-05,2.4288514620483494e-05,2.4288468398406872e-05,2.4288421926291226e-05,2.4288375204925477e-05,2.4288328235110677e-05,2.4288281017643002e-05,2.428823355331093e-05,2.4288185842909328e-05,2.4288137887219605e-05,2.4288089687029696e-05,2.4288041243122892e-05,2.4287992556271748e-05,2.4287943627256035e-05,2.4287894456848205e-05,2.4287845045822532e-05,2.4287795394947727e-05,2.4287745504995474e-05,2.428769537671862e-05,2.4287645010884462e-05,2.4287594408263302e-05,2.4287543569593033e-05,2.4287492495632736e-05,2.4287441187139427e-05,2.4287389644859722e-05,2.428733786954282e-05,2.4287285861926266e-05,2.4287233622774426e-05,2.4287181152796787e-05,2.428712845275162e-05,2.4287075523368277e-05,2.4287022365379025e-05,2.4286968979515848e-05,2.428691536649359e-05,2.42868615270677e-05,2.428680746193835e-05,2.4286753171835562e-05,2.4286698657474594e-05,2.4286643919578724e-05,2.428658895883784e-05,2.4286533775994902e-05,2.428647837174698e-05,2.428642274678472e-05,2.4286366901846854e-05,2.428631083761908e-05,2.4286254554815097e-05,2.4286198054107803e-05,2.4286141336205378e-05,2.428608440180175e-05,2.4286027251586015e-05,2.4285969886257724e-05,2.428591230649298e-05,2.428585451297924e-05,2.42857965063997e-05,2.4285738287436217e-05,2.428567985676604e-05,2.4285621215065214e-05,2.4285562363007878e-05,2.4285503301266693e-05,2.4285444030511916e-05,2.428538455141105e-05,2.4285324864627795e-05,2.4285264970826383e-05,2.428520487066516e-05,2.4285144564802934e-05,2.4285084053914652e-05,2.4285023338634653e-05,2.4284962419613937e-05,2.4284901297513006e-05,2.4284839972974602e-05,2.4284778446642338e-05,2.4284716719171554e-05,2.4284654791197524e-05,2.4284592663362454e-05,2.428453033630549e-05,2.4284467810658077e-05,2.428440508705036e-05,2.428434216613216e-05,2.4284279048529296e-05,2.4284215734859667e-05,2.4284152225742933e-05,2.428408852180317e-05,2.428402462368064e-05,2.4283960531992165e-05,2.4283896247345552e-05,2.4283831770355836e-05,2.4283767101650855e-05,2.4283702241833888e-05,2.428363719151042e-05,2.4283571951293294e-05,2.428350652178732e-05,2.4283440903599476e-05,2.4283375097326803e-05,2.4283309103572054e-05,2.4283242922937443e-05,2.4283176556015238e-05,2.428311000340221e-05,2.4283043265686882e-05,2.4282976343463758e-05,2.4282909237324976e-05,2.428284194784963e-05,2.4282774475623616e-05,2.4282706821235275e-05,2.428263898526023e-05,2.42825709682764e-05,2.4282502770875448e-05,2.4282434393619337e-05,2.4282365837086365e-05,2.4282297101853254e-05,2.4282228188480622e-05,2.428215909754794e-05,2.4282089829609912e-05,2.428202038523688e-05,2.42819507649932e-05,2.4281880969436022e-05,2.4281810999127738e-05,2.4281740854617546e-05,2.4281670536477654e-05,2.428160004525522e-05,2.4281529381494343e-05,2.4281458545757676e-05,2.4281387538582605e-05,2.4281316360521035e-05,2.4281245012112836e-05,2.428117349391256e-05,2.428110180645971e-05,2.4281029950281296e-05,2.4280957925924535e-05,2.4280885733924507e-05,2.4280813374821337e-05,2.4280740849143495e-05,2.428066815742512e-05,2.428059530018975e-05,2.4280522277967603e-05,2.428044909128837e-05,2.4280375740671695e-05,2.4280302226632655e-05,2.4280228549710967e-05,2.4280154710417852e-05,2.428008070927407e-05,2.428000654678851e-05,2.427993222347583e-05,2.427985773985341e-05,2.427978309643387e-05,2.4279708293724073e-05,2.4279633332246282e-05,2.4279558212476828e-05,2.427948293492914e-05,2.4279407500120984e-05,2.427933190854614e-05,2.4279256160703603e-05,2.4279180257092302e-05,2.427910419820859e-05,2.4279027984552696e-05,2.427895161659561e-05,2.4278875094858282e-05,2.4278798419813435e-05,2.4278721591956862e-05,2.427864461177902e-05,2.4278567479759242e-05,2.4278490196371454e-05,2.4278412762112826e-05,2.427833517746782e-05,2.427825744291112e-05,2.427817955892149e-05,2.427810152595329e-05,2.4278023344513236e-05,2.4277945015064315e-05,2.4277866538069613e-05,2.4277787914010276e-05,2.4277709143340944e-05,2.4277630226545116e-05,2.42775511640829e-05,2.427747195641753e-05,2.427739260399912e-05,2.4277313107304635e-05,2.4277233466787716e-05,2.4277153682914683e-05,2.4277073756130887e-05,2.427699368691216e-05,2.427691347568327e-05,2.427683312291764e-05,2.4276752629061886e-05,2.4276671994561002e-05,2.427659121986767e-05,2.4276510305424283e-05,2.4276429251679983e-05,2.427634805907694e-05,2.427626672805689e-05,2.4276185259061444e-05,2.427610365251035e-05,2.4276021908882355e-05,2.4275940028589705e-05,2.4275858012077214e-05,2.4275775859770392e-05,2.4275693572103738e-05,2.4275611149507453e-05,2.4275528592407255e-05,2.4275445901244565e-05,2.4275363076438503e-05,2.4275280118413156e-05,2.4275197027596756e-05,2.42751138044061e-05,2.427503044927247e-05,2.4274946962611273e-05,2.4274863344838323e-05,2.4274779596366167e-05,2.427469571762947e-05,2.427461170902256e-05,2.4274527570977056e-05,2.4274443303896848e-05,2.4274358908186305e-05,2.4274274384268048e-05,2.4274189732543656e-05,2.4274104953423073e-05,2.427402004730771e-05,2.427393501460326e-05,2.4273849855713536e-05,2.427376457104228e-05,2.4273679160981268e-05,2.427359362594552e-05,2.4273507966321552e-05,2.427342218250671e-05,2.4273336274901553e-05,2.4273250243894247e-05,2.427316408988194e-05,2.4273077813253443e-05,2.4272991414399433e-05,2.4272904893709857e-05,2.427281825157553e-05,2.4272731488372787e-05,2.4272644604499963e-05,2.4272557600332163e-05,2.427247047625455e-05,2.4272383232658177e-05,2.427229586991049e-05,2.427220838839474e-05,2.427212078848977e-05,2.4272033070562572e-05,2.4271945235009007e-05,2.4271857282197323e-05,2.4271769212493047e-05,2.4271681026278575e-05,2.4271592723906467e-05,2.427150430576974e-05,2.427141577222038e-05,2.4271327123608534e-05,2.427123836035572e-05,2.427114948278373e-05,2.4271060491272817e-05,2.4270971386169994e-05,2.427088216785402e-05,2.4270792836668082e-05,2.4270703392983737e-05,2.4270613837155604e-05,2.4270524169537195e-05,2.4270434390499096e-05,2.42703445003681e-05,2.4270254499518868e-05,2.4270164388297066e-05,2.4270074167055818e-05,2.426998383615584e-05,2.426989339592621e-05,2.426980284672661e-05,2.426971218889641e-05,2.426962142278715e-05,2.4269530548740775e-05,2.4269439567101672e-05,2.426934847821743e-05,2.4269257282421266e-05,2.4269165980056414e-05,2.4269074571462785e-05,2.4268983056978864e-05,2.42688914369297e-05,2.4268799711668542e-05,2.4268707881521926e-05,2.4268615946826023e-05,2.426852390791543e-05,2.426843176511637e-05,2.4268339518762313e-05,2.4268247169181283e-05,2.42681547166929e-05,2.4268062161640512e-05,2.4267969504345962e-05,2.4267876745129232e-05,2.4267783884321162e-05,2.4267690922247082e-05,2.4267597859212844e-05,2.426750469555371e-05,2.4267411431581438e-05,2.426731806761845e-05,2.4267224603986986e-05,2.426713104100141e-05,2.4267037378974603e-05,2.4266943618226157e-05,2.4266849759072767e-05,2.426675580182075e-05,2.426666174678387e-05,2.4266567594269966e-05,2.4266473344593073e-05,2.426637899806168e-05,2.426628455498899e-05,2.4266190015675792e-05,2.4266095380424453e-05,2.426600064954165e-05,2.426590582333721e-05,2.4265810902114786e-05,2.426571588616958e-05,2.426562077579768e-05,2.4265525571328397e-05,2.426543027303402e-05,2.4265334881207297e-05,2.4265239396164536e-05,2.4265143818196134e-05,2.4265048147598625e-05,2.4264952384665787e-05,2.4264856529683934e-05,2.426476058295379e-05,2.426466454476698e-05,2.4264568415413215e-05,2.4264472195175166e-05,2.4264375884357165e-05,2.426427948323448e-05,2.4264182992106975e-05,2.4264086411260695e-05,2.4263989740956663e-05,2.4263892981493324e-05,2.4263796133155784e-05,2.4263699196234017e-05,2.426360217098439e-05,2.426350505771491e-05,2.4263407856695992e-05,2.426331056821316e-05,2.4263213192525883e-05,2.426311572992808e-05,2.4263018180692115e-05,2.4262920545091305e-05,2.4262822823400268e-05,2.426272501589386e-05,2.4262627122850807e-05,2.4262529144529712e-05,2.4262431081204332e-05,2.426233293315572e-05,2.426223470065204e-05,2.426213638394999e-05,2.426203798332438e-05,2.4261939499046607e-05,2.426184093137571e-05,2.4261742280576035e-05,2.426164354691804e-05,2.4261544730654522e-05,2.4261445832060377e-05,2.4261346851386273e-05,2.4261247788902742e-05,2.4261148644854845e-05,2.426104941951284e-05,2.4260950113139163e-05,2.426085072598718e-05,2.4260751258313952e-05,2.4260651710372667e-05,2.426055208242068e-05,2.4260452374711355e-05,2.426035258749886e-05,2.42602527210357e-05,2.426015277557331e-05,2.4260052751360244e-05,2.4259952648651163e-05,2.425985246769638e-05,2.4259752208731398e-05,2.4259651872026704e-05,2.4259551457802223e-05,2.4259450966332476e-05,2.4259350397853998e-05,2.425924975260471e-05,2.425914903083167e-05,2.4259048232776967e-05,2.4258947358682537e-05,2.42588464087925e-05,2.4258745383346683e-05,2.425864428258488e-05,2.4258543106746344e-05,2.425844185607016e-05,2.425834053079246e-05,2.4258239131152218e-05,2.4258137657384065e-05,2.425803610972628e-05,2.425793448841584e-05,2.4257832793680095e-05,2.4257731025758558e-05,2.4257629184874853e-05,2.4257527271266066e-05,2.4257425285168594e-05,2.425732322679558e-05,2.425722109639419e-05,2.4257118894187405e-05,2.4257016620399808e-05,2.425691427526482e-05,2.4256811859014904e-05,2.4256709371864712e-05,2.4256606814040757e-05,2.4256504185768174e-05,2.4256401487284963e-05,2.425629871878812e-05,2.4256195880515316e-05,2.425609297269287e-05,2.4255989995544294e-05,2.4255886949265207e-05,2.4255783834090703e-05,2.4255680650240774e-05,2.425557739793148e-05,2.4255474077379073e-05,2.4255370688804197e-05,2.4255267232422593e-05,2.4255163708443405e-05,2.4255060117091e-05,2.4254956458574697e-05,2.425485273311791e-05,2.4254748940919548e-05,2.4254645082189826e-05,2.425454115714521e-05,2.425443716600463e-05,2.4254333108962447e-05,2.4254228986235476e-05,2.4254124798034515e-05,2.425402054455871e-05,2.4253916226026926e-05,2.4253811842642577e-05,2.425370739461067e-05,2.4253602882137804e-05,2.4253498305428604e-05,2.425339366468267e-05,2.4253288960106856e-05,2.4253184191905593e-05,2.4253079360285233e-05,2.4252974465435035e-05,2.4252869507559965e-05,2.4252764486864063e-05,2.4252659403560415e-05,2.4252554257813613e-05,2.4252449049841346e-05,2.4252343779843694e-05,2.4252238448019617e-05,2.4252133054557455e-05,2.425202759965618e-05,2.425192208352275e-05,2.4251816506327254e-05,2.4251710868275037e-05,2.4251605169560787e-05,2.4251499410389703e-05,2.425139359094376e-05,2.425128771140564e-05,2.4251181771963308e-05,2.4251075772810866e-05,2.425096971414966e-05,2.4250863596165824e-05,2.4250757419043974e-05,2.4250651182987066e-05,2.4250544888152387e-05,2.4250438534743092e-05,2.425033212294333e-05,2.4250225652940032e-05,2.425011912493194e-05,2.425001253907264e-05,2.424990589555572e-05,2.424979919457618e-05,2.4249692436316203e-05,2.4249585620951937e-05,2.4249478748671492e-05,2.4249371819638573e-05,2.4249264834039523e-05,2.4249157792067862e-05,2.424905069389568e-05,2.4248943539700573e-05,2.4248836329657707e-05,2.4248729063965868e-05,2.4248621742760218e-05,2.4248514366242855e-05,2.4248406934586914e-05,2.424829944796705e-05,2.4248191906557288e-05,2.424808431056001e-05,2.424797666009203e-05,2.424786895535281e-05,2.4247761196533e-05,2.424765338377437e-05,2.4247545517263005e-05,2.424743759716853e-05,2.424732962366087e-05,2.424722159691457e-05,2.4247113517106793e-05,2.4247005384378483e-05,2.424689719891254e-05,2.42467889608744e-05,2.4246680670435785e-05,2.4246572327764474e-05,2.4246463933024773e-05,2.4246355486376167e-05,2.424624698798909e-05,2.424613843802126e-05,2.4246029836648185e-05,2.4245921184025916e-05,2.4245812480318087e-05,2.424570372571862e-05,2.424559492031578e-05,2.424548606432451e-05,2.424537715789323e-05,2.424526820118585e-05,2.4245159194357863e-05,2.4245050137585523e-05,2.4244941030998232e-05,2.424483187479437e-05,2.424472266907715e-05,2.4244613414032555e-05,2.4244504109817685e-05,2.4244394756586933e-05,2.4244285354498765e-05,2.4244175903707572e-05,2.4244066404366195e-05,2.4243956856628994e-05,2.424384726066507e-05,2.4243737616599204e-05,2.4243627924599352e-05,2.4243518184816167e-05,2.424340839740336e-05,2.4243298562510077e-05,2.4243188680288375e-05,2.42430787508777e-05,2.4242968774450986e-05,2.4242858751145917e-05,2.4242748681109766e-05,2.4242638564494013e-05,2.4242528401444283e-05,2.4242418192110572e-05,2.424230793663622e-05,2.424219763517205e-05,2.4242087287862064e-05,2.4241976894861307e-05,2.424186645629651e-05,2.424175597232054e-05,2.4241645443081737e-05,2.4241534868721017e-05,2.42414242493663e-05,2.4241313585190513e-05,2.424120287632295e-05,2.4241092122906543e-05,2.4240981325079073e-05,2.4240870482985313e-05,2.424075959676447e-05,2.4240648666557068e-05,2.424053769250126e-05,2.424042667472398e-05,2.4240315613393064e-05,2.4240204508633618e-05,2.4240093360580746e-05,2.4239982169374035e-05,2.423987093515096e-05,2.4239759658047604e-05,2.423964833819938e-05,2.4239536975742306e-05,2.4239425570815017e-05,2.4239314123550518e-05,2.4239202634082476e-05,2.423909110254607e-05,2.4238979529074596e-05,2.4238867913803276e-05,2.4238756256861036e-05,2.423864455838329e-05,2.4238532818501035e-05,2.4238421037347613e-05,2.4238309215053313e-05,2.4238197351748144e-05,2.423808544756262e-05,2.423797350262817e-05,2.4237861517073377e-05,2.4237749491028175e-05,2.4237637424619115e-05,2.423752531797802e-05,2.423741317123123e-05,2.423730098450495e-05,2.4237188757928848e-05,2.4237076491627656e-05,2.4236964185729433e-05,2.4236851840359457e-05,2.4236739455644404e-05,2.4236627031705048e-05,2.4236514568670967e-05,2.4236402066666442e-05,2.4236289525813256e-05,2.4236176946233863e-05,2.4236064328055194e-05,2.4235951671398937e-05,2.4235838976385757e-05,2.4235726243131734e-05,2.423561347177157e-05,2.4235500662421963e-05,2.4235387815202885e-05,2.4235274930234375e-05,2.423516200763547e-05,2.4235049047527454e-05,2.4234936050029373e-05,2.4234823015260044e-05,2.4234709943337685e-05,2.423459683436388e-05,2.423448368849174e-05,2.4234370505821758e-05,2.423425728646927e-05,2.4234144030552088e-05,2.4234030738186026e-05,2.4233917409490345e-05,2.423380404457686e-05,2.4233690643560997e-05,2.4233577206557026e-05,2.4233463733684584e-05,2.4233350225052403e-05,2.4233236680776323e-05,2.4233123100968712e-05,2.4233009485743872e-05,2.4232895835197047e-05,2.423278214947763e-05,2.4232668428676614e-05,2.4232554672908747e-05,2.4232440882285257e-05,2.4232327056916527e-05,2.423221319691151e-05,2.4232099302382887e-05,2.4231985373436352e-05,2.423187141018467e-05,2.4231757412737647e-05,2.4231643381205685e-05,2.4231529315689016e-05,2.4231415216306706e-05,2.4231301083160616e-05,2.4231186916360938e-05,2.4231072716014727e-05,2.4230958482227103e-05,2.423084421510619e-05,2.4230729914759192e-05,2.423061558128962e-05,2.4230501214805225e-05,2.423038681541191e-05,2.4230272383208765e-05,2.42301579183047e-05,2.423004342080345e-05,2.4229928890810486e-05,2.4229814328426432e-05,2.422969973375547e-05,2.4229585106902654e-05,2.422947044796722e-05,2.422935575705377e-05,2.4229241034263144e-05,2.4229126279656214e-05,2.4229011493416937e-05,2.422889667560505e-05,2.4228781826285162e-05,2.422866694563215e-05,2.42285520337042e-05,2.4228437090609138e-05,2.4228322116431977e-05,2.422820711128852e-05,2.422809207526887e-05,2.422797700847536e-05,2.422786191100397e-05,2.4227746782951782e-05,2.422763162441647e-05,2.422751643549666e-05,2.422740121629142e-05,2.422728596686418e-05,2.422717068737121e-05,2.422705537787922e-05,2.422694003848398e-05,2.4226824669280443e-05,2.4226709270363895e-05,2.4226593841830424e-05,2.4226478383773013e-05,2.4226362896286732e-05,2.4226247379466153e-05,2.422613183340245e-05,2.4226016258191833e-05,2.422590065392939e-05,2.4225785020701384e-05,2.4225669358604045e-05,2.422555366773003e-05,2.4225437948169675e-05,2.422532220001617e-05,2.4225206423359426e-05,2.4225090618294636e-05,2.4224974784905267e-05,2.4224858923285975e-05,2.4224743033527403e-05,2.4224627115717774e-05,2.4224511169947527e-05,2.4224395196307086e-05,2.4224279194882844e-05,2.4224163165766123e-05,2.4224047109043795e-05,2.422393102480662e-05,2.422381491314024e-05,2.4223698774128657e-05,2.4223582607868357e-05,2.4223466414438567e-05,2.4223350193931635e-05,2.4223233946430887e-05,2.4223117672025195e-05,2.422300137079726e-05,2.422288504283623e-05,2.422276868822505e-05,2.4222652307050758e-05,2.4222535899395606e-05,2.4222419465347855e-05,2.4222303004990415e-05,2.422218651842427e-05,2.422207000567636e-05,2.4221953466893194e-05,2.42218369021368e-05,2.4221720311487005e-05,2.422160369502825e-05,2.422148705284344e-05,2.4221370384984182e-05,2.4221253691593846e-05,2.422113697272828e-05,2.422102022845995e-05,2.4220903458874396e-05,2.4220786664052267e-05,2.4220669844080202e-05,2.4220552999078663e-05,2.4220436129030577e-05,2.422031923407573e-05,2.4220202314286172e-05,2.4220085369728463e-05,2.4219968400503694e-05,2.421985140668641e-05,2.4219734388347548e-05,2.4219617345572825e-05,2.421950027843447e-05,2.4219383187016263e-05,2.4219266071389798e-05,2.4219148931647406e-05,2.4219031767845197e-05,2.421891458006594e-05,2.421879736839464e-05,2.421868013290894e-05,2.4218562873677048e-05,2.421844559077121e-05,2.4218328284279956e-05,2.4218210954273578e-05,2.4218093600828478e-05,2.4217976224016757e-05,2.4217858823918573e-05,2.421774140060535e-05,2.4217623954150377e-05,2.4217506484629436e-05,2.421738899216568e-05,2.421727147673291e-05,2.4217153938461278e-05,2.421703637741261e-05,2.421691879366594e-05,2.421680118729547e-05,2.421668355837222e-05,2.4216565906968665e-05,2.4216448233160546e-05,2.4216330537010692e-05,2.421621281859911e-05,2.4216095077986872e-05,2.4215977315260368e-05,2.4215859530486927e-05,2.4215741723731057e-05,2.4215623895066185e-05,2.4215506044563005e-05,2.4215388172289147e-05,2.421527027830674e-05,2.4215152362711628e-05,2.4215034425553456e-05,2.42149164669077e-05,2.4214798486841658e-05,2.4214680485423014e-05,2.4214562462718727e-05,2.4214444418785795e-05,2.4214326353722887e-05,2.4214208267581013e-05,2.4214090160432338e-05,2.4213972032340107e-05,2.421385388337177e-05,2.4213735713606312e-05,2.4213617523087522e-05,2.421349931189538e-05,2.421338108009726e-05,2.4213262827755223e-05,2.421314455493871e-05,2.421302626171635e-05,2.421290794819298e-05,2.4212789614346108e-05,2.4212671260290938e-05,2.421255288608421e-05,2.421243449179552e-05,2.421231607748576e-05,2.4212197643224467e-05,2.4212079189080076e-05,2.4211960715106795e-05,2.4211842221366148e-05,2.421172370794489e-05,2.421160517490267e-05,2.421148662226657e-05,2.4211368050120636e-05,2.4211249458535394e-05,2.421113084756574e-05,2.421101221728112e-05,2.421089356773722e-05,2.421077489901934e-05,2.4210656211150506e-05,2.421053750420985e-05,2.4210418778259954e-05,2.4210300033360593e-05,2.421018126957798e-05,2.421006248696426e-05,2.4209943685586334e-05,2.420982486551024e-05,2.4209706026788023e-05,2.420958716948401e-05,2.4209468293654324e-05,2.4209349399367225e-05,2.420923048667284e-05,2.4209111555611114e-05,2.4208992606290544e-05,2.420887363874481e-05,2.4208754653029953e-05,2.4208635649204316e-05,2.4208516627336932e-05,2.4208397587472537e-05,2.4208278529675458e-05,2.4208159454003728e-05,2.4208040360517533e-05,2.4207921249248515e-05,2.4207802120305913e-05,2.420768297370983e-05,2.420756380953119e-05,2.4207444627820876e-05,2.420732542864056e-05,2.4207206212042234e-05,2.420708697808286e-05,2.4206967726822662e-05,2.4206848458306944e-05,2.420672917263377e-05,2.420660986979542e-05,2.420649054990216e-05,2.4206371212960942e-05,2.4206251859067447e-05,2.4206132488236394e-05,2.4206013100548947e-05,2.4205893696060772e-05,2.420577427481956e-05,2.4205654836880168e-05,2.4205535382296492e-05,2.420541591115162e-05,2.4205296423451834e-05,2.4205176919269077e-05,2.420505739865953e-05,2.4204937861634366e-05,2.4204818308331636e-05,2.420469873876642e-05,2.420457915295631e-05,2.420445955100616e-05,2.420433993294828e-05,2.4204220298838322e-05,2.4204100648731866e-05,2.4203980982663376e-05,2.4203861300696886e-05,2.4203741602879446e-05,2.4203621889267125e-05,2.4203502159909394e-05,2.4203382414803073e-05,2.420326265410595e-05,2.4203142877820447e-05,2.420302308599383e-05,2.4202903278674632e-05,2.4202783455917135e-05,2.4202663617762524e-05,2.4202543764279517e-05,2.4202423895505668e-05,2.4202304011485277e-05,2.4202184112275067e-05,2.4202064197930927e-05,2.4201944268496088e-05,2.4201824324015522e-05,2.4201704364542628e-05,2.420158439011008e-05,2.420146440080686e-05,2.4201344396647544e-05,2.4201224377693594e-05,2.420110434398901e-05,2.4200984295582996e-05,2.4200864232525454e-05,2.4200744154859822e-05,2.4200624062635507e-05,2.4200503955903056e-05,2.420038383470641e-05,2.420026369909741e-05,2.420014354912447e-05,2.420002338478743e-05,2.4199903206220437e-05,2.4199783013425545e-05,2.41996628064518e-05,2.4199542585342236e-05,2.4199422350114297e-05,2.419930210087297e-05,2.4199181837638547e-05,2.4199061560452174e-05,2.4198941269357323e-05,2.4198820964372924e-05,2.4198700645613004e-05,2.4198580313083893e-05,2.4198459966811205e-05,2.4198339606876493e-05,2.4198219233312644e-05,2.4198098846158825e-05,2.419797844546834e-05,2.4197858031279208e-05,2.419773760361395e-05,2.4197617162536366e-05,2.4197496708108528e-05,2.419737624035939e-05,2.419725575930205e-05,2.4197135265042384e-05,2.419701475759175e-05,2.4196894236994732e-05,2.419677370330873e-05,2.4196653156541182e-05,2.419653259671002e-05,2.4196412023955068e-05,2.41962914382823e-05,2.419617083968679e-05,2.4196050228262254e-05,2.4195929604035454e-05,2.4195808967043782e-05,2.419568831733121e-05,2.4195567654937278e-05,2.4195446979927414e-05,2.4195326292305052e-05,2.4195205592128924e-05,2.4195084879436336e-05,2.419496415426711e-05,2.419484341667414e-05,2.4194722666701507e-05,2.419460190437216e-05,2.4194481129739604e-05,2.4194360342839114e-05,2.4194239543709584e-05,2.419411873239506e-05,2.4193997908937335e-05,2.4193877073374936e-05,2.419375622574274e-05,2.4193635366088037e-05,2.4193514494451095e-05,2.4193393610868986e-05,2.4193272715400217e-05,2.4193151808042577e-05,2.4193030888875185e-05,2.4192909957876978e-05,2.4192789015107713e-05,2.4192668060681148e-05,2.419254709460205e-05,2.4192426116868954e-05,2.4192305127542653e-05,2.419218412666494e-05,2.4192063114262336e-05,2.4191942090388522e-05,2.419182105507588e-05,2.419170000836546e-05,2.4191578950248568e-05,2.4191457880845086e-05,2.4191336800198163e-05,2.419121570825919e-05,2.4191094605105823e-05,2.419097349077004e-05,2.4190852365298206e-05,2.419073122872947e-05,2.4190610081052775e-05,2.4190488922384346e-05,2.419036775274324e-05,2.4190246572134062e-05,2.4190125380604106e-05,2.4190004178173856e-05,2.418988296491727e-05,2.4189761740856598e-05,2.4189640506015076e-05,2.418951926043684e-05,2.4189398004162063e-05,2.4189276737220736e-05,2.418915545965009e-05,2.4189034171488354e-05,2.418891287277056e-05,2.418879156352962e-05,2.418867024379821e-05,2.4188548913594153e-05,2.418842757298849e-05,2.4188306222002968e-05,2.4188184860669547e-05,2.4188063489023097e-05,2.4187942107101557e-05,2.418782071492913e-05,2.418769931254643e-05,2.41875778999878e-05,2.4187456477307204e-05,2.4187335044502637e-05,2.4187213601659147e-05,2.4187092148746618e-05,2.4186970685823687e-05,2.418684921294663e-05,2.4186727730113666e-05,2.4186606237376646e-05,2.418648473476223e-05,2.4186363222311866e-05,2.4186241700059847e-05,2.4186120168037717e-05,2.4185998626274877e-05,2.4185877074797074e-05,2.4185755513642563e-05,2.4185633942820276e-05,2.418551236241798e-05,2.4185390772449436e-05,2.4185269172907392e-05,2.4185147563877977e-05,2.4185025945376303e-05,2.4184904317427444e-05,2.418478268006236e-05,2.418466103331434e-05,2.418453937721698e-05,2.418441771178664e-05,2.4184296037078854e-05,2.4184174353114104e-05,2.4184052659924328e-05,2.418393095754042e-05,2.4183809245992156e-05,2.4183687525314883e-05,2.4183565795537706e-05,2.418344405668853e-05,2.418332230877431e-05,2.4183200551877502e-05,2.4183078785993485e-05,2.4182957011171885e-05,2.4182835227431952e-05,2.4182713434808487e-05,2.418259163332992e-05,2.4182469823021904e-05,2.418234800391901e-05,2.4182226176051968e-05,2.4182104339446215e-05,2.418198249412069e-05,2.4181860640135294e-05,2.4181738777507053e-05,2.4181616906256996e-05,2.418149502641445e-05,2.4181373138016532e-05,2.4181251241075932e-05,2.41811293356696e-05,2.4181007421755384e-05,2.418088549943932e-05,2.4180763568693604e-05,2.4180641629559463e-05,2.418051968206568e-05,2.418039772626421e-05,2.418027576215245e-05,2.4180153789766768e-05,2.4180031809140116e-05,2.4179909820297975e-05,2.417978782326126e-05,2.4179665818078057e-05,2.417954380477625e-05,2.417942178336293e-05,2.417929975388048e-05,2.4179177716355324e-05,2.417905567079279e-05,2.4178933617239685e-05,2.417881155574162e-05,2.4178689486308523e-05,2.41785674089707e-05,2.4178445323750194e-05,2.4178323230657553e-05,2.4178201129761244e-05,2.4178079021068163e-05,2.4177956904602478e-05,2.417783478039051e-05,2.4177712648460378e-05,2.4177590508839224e-05,2.4177468361554163e-05,2.4177346206634134e-05,2.4177224044098255e-05,2.4177101873976705e-05,2.4176979696302023e-05,2.4176857511071967e-05,2.4176735318354132e-05,2.41766131181433e-05,2.417649091049035e-05,2.417636869541221e-05,2.417624647293192e-05,2.4176124243074413e-05,2.417600200585273e-05,2.417587976136131e-05,2.4175757509533292e-05,2.417563525041831e-05,2.417551298406241e-05,2.4175390710491424e-05,2.4175268429709014e-05,2.4175146141757653e-05,2.417502384667137e-05,2.417490154442985e-05,2.4174779235113592e-05,2.4174656918720836e-05,2.417453459528141e-05,2.417441226481829e-05,2.4174289927349397e-05,2.4174167582912658e-05,2.4174045231528822e-05,2.4173922873220186e-05,2.4173800508005278e-05,2.417367813591457e-05,2.4173555756973303e-05,2.417343337120169e-05,2.4173310978625728e-05,2.4173188579272976e-05,2.41730661731606e-05,2.4172943760298994e-05,2.4172821340741816e-05,2.4172698914498648e-05,2.4172576481599106e-05,2.4172454042056077e-05,2.4172331595902637e-05,2.4172209143151604e-05,2.4172086683837674e-05,2.417196421796542e-05,2.4171841745592183e-05,2.4171719266717807e-05,2.4171596781374358e-05,2.41714742895506e-05,2.4171351791320087e-05,2.4171229286683166e-05,2.4171106775659948e-05,2.4170984258328724e-05,2.4170861734596733e-05,2.4170739204550358e-05,2.4170616668223485e-05,2.4170494125626447e-05,2.417037157677795e-05,2.4170249021709643e-05,2.417012646042532e-05,2.4170003892964897e-05,2.4169881319351775e-05,2.4169758739594176e-05,2.416963615372868e-05,2.41695135617733e-05,2.4169390963740513e-05,2.4169268359649947e-05,2.4169145749541707e-05,2.4169023133428477e-05,2.4168900511331468e-05,2.4168777883268585e-05,2.4168655249266975e-05,2.4168532609345306e-05,2.4168409963522643e-05,2.4168287311822496e-05,2.416816465426597e-05,2.416804199085551e-05,2.4167919321655085e-05,2.4167796646655247e-05,2.4167673965860152e-05,2.416755127934234e-05,2.416742858710274e-05,2.4167305889145625e-05,2.416718318549859e-05,2.4167060476179502e-05,2.4166937761216453e-05,2.4166815040580032e-05,2.4166692314380197e-05,2.4166569582594982e-05,2.416644684524916e-05,2.4166324102362812e-05,2.4166201353945834e-05,2.41660786000236e-05,2.416595584062335e-05,2.416583307575367e-05,2.4165710305437823e-05,2.4165587529687367e-05,2.4165464748545376e-05,2.416534196201689e-05,2.4165219170105367e-05,2.41650963728663e-05,2.4164973570300452e-05,2.4164850762430883e-05,2.4164727949274455e-05,2.4164605130838346e-05,2.4164482307167187e-05,2.4164359478265183e-05,2.4164236644157254e-05,2.4164113804858703e-05,2.41639909603897e-05,2.416386811077005e-05,2.416374525601778e-05,2.4163622396149033e-05,2.4163499531190655e-05,2.4163376661130544e-05,2.4163253786035006e-05,2.41631309059147e-05,2.4163008020761724e-05,2.4162885130603564e-05,2.4162762235469286e-05,2.4162639335373874e-05,2.4162516430330374e-05,2.4162393520361354e-05,2.4162270605487362e-05,2.416214768572393e-05,2.4162024761144974e-05,2.416190183164992e-05,2.416177889731992e-05,2.4161655958174935e-05,2.4161533014240714e-05,2.416141006553103e-05,2.4161287112049906e-05,2.4161164153804436e-05,2.4161041190846172e-05,2.4160918223171945e-05,2.4160795250814723e-05,2.4160672273786216e-05,2.4160549292118276e-05,2.416042630579438e-05,2.4160303314851092e-05,2.4160180319303362e-05,2.4160057319169765e-05,2.4159934314466076e-05,2.415981130521433e-05,2.4159688291455332e-05,2.4159565273152593e-05,2.415944225035091e-05,2.4159319223068518e-05,2.4159196191333785e-05,2.4159073155137205e-05,2.4158950114508487e-05,2.4158827069466826e-05,2.415870402002809e-05,2.415858096621678e-05,2.415845790803346e-05,2.415833484550362e-05,2.4158211778706535e-05,2.4158088707533992e-05,2.415796563203652e-05,2.4157842552293745e-05,2.4157719468290767e-05,2.415759638003114e-05,2.415747328755011e-05,2.415735019084674e-05,2.4157227089946605e-05,2.4157103984862526e-05,2.415698087561751e-05,2.4156857762218242e-05,2.4156734644685926e-05,2.4156611523062698e-05,2.4156488397313152e-05,2.4156365267478733e-05,2.415624213357529e-05,2.415611899561321e-05,2.4155995853615332e-05,2.4155872707598385e-05,2.4155749557575403e-05,2.4155626403562408e-05,2.4155503245574934e-05,2.4155380083629353e-05,2.415525691774019e-05,2.415513374792223e-05,2.4155010574201398e-05,2.41548873965747e-05,2.4154764215065764e-05,2.4154641029689738e-05,2.4154517840469845e-05,2.415439464740954e-05,2.4154271450528328e-05,2.4154148249842367e-05,2.4154025045366015e-05,2.415390183711516e-05,2.41537786251045e-05,2.4153655409353123e-05,2.4153532189859504e-05,2.4153408966665082e-05,2.4153285739766914e-05,2.415316250918662e-05,2.4153039274930016e-05,2.4152916037019393e-05,2.4152792795493705e-05,2.415266955030821e-05,2.4152546301514963e-05,2.415242304912537e-05,2.4152299793154943e-05,2.4152176533625654e-05,2.4152053270596947e-05,2.4151930003972578e-05,2.415180673381362e-05,2.4151683460114404e-05,2.4151560182948053e-05,2.4151436902291458e-05,2.4151313618175595e-05,2.4151190330612578e-05,2.4151067039643466e-05,2.4150943745205073e-05,2.415082044735721e-05,2.4150697146108166e-05,2.4150573841486357e-05,2.4150450533478628e-05,2.4150327222120406e-05,2.415020390744231e-05,2.415008058941453e-05,2.4149957268073896e-05,2.4149833943430173e-05,2.4149710615499484e-05,2.4149587284307748e-05,2.4149463949843925e-05,2.4149340612135876e-05,2.4149217271197102e-05,2.41490939270352e-05,2.4148970579664256e-05,2.414884722910281e-05,2.414872387535882e-05,2.4148600518455695e-05,2.414847715839685e-05,2.4148353795241584e-05,2.4148230428924287e-05,2.414810705955336e-05,2.4147983687014322e-05,2.414786031138936e-05,2.4147736932688864e-05,2.4147613550928194e-05,2.4147490166178728e-05,2.414736677833737e-05,2.414724338747281e-05,2.4147119993664362e-05,2.4146996596794183e-05,2.4146873196940426e-05,2.4146749794116232e-05,2.414662638832795e-05,2.414650297957801e-05,2.4146379567918863e-05,2.4146256153337777e-05,2.4146132735858243e-05,2.4146009315485326e-05,2.4145885892219005e-05,2.414576246608249e-05,2.4145639037137212e-05,2.4145515605290194e-05,2.4145392170619265e-05,2.4145268733125024e-05,2.414514529282227e-05,2.414502184978554e-05,2.414489840394373e-05,2.4144774955289177e-05,2.4144651503910097e-05,2.4144528049790063e-05,2.414440459289527e-05,2.4144281133277317e-05,2.414415767094895e-05,2.4144034205914493e-05,2.4143910738198614e-05,2.4143787267842828e-05,2.4143663794786525e-05,2.4143540319090115e-05,2.414341684074385e-05,2.4143293359757285e-05,2.4143169876165007e-05,2.4143046389971162e-05,2.414292290117757e-05,2.4142799409840445e-05,2.414267591595602e-05,2.414255241952734e-05,2.414242892046019e-05,2.4142305418881687e-05,2.4142181914789327e-05,2.4142058408173877e-05,2.4141934899066764e-05,2.4141811387472718e-05,2.4141687873389964e-05,2.4141564356838383e-05,2.414144083783366e-05,2.414131731638666e-05,2.4141193792489185e-05,2.4141070266182018e-05,2.4140946737465472e-05,2.414082320634913e-05,2.414069967284647e-05,2.4140576136965507e-05,2.414045259871647e-05,2.4140329058111955e-05,2.4140205515164165e-05,2.4140081969889443e-05,2.413995842228589e-05,2.4139834872370222e-05,2.413971132016289e-05,2.4139587765656442e-05,2.4139464208870847e-05,2.4139340649826585e-05,2.4139217088515133e-05,2.4139093524977033e-05,2.4138969959181084e-05,2.4138846391160204e-05,2.413872282092454e-05,2.413859924848566e-05,2.413847567385301e-05,2.4138352097045772e-05,2.413822851806612e-05,2.4138104936932477e-05,2.4137981353561903e-05,2.4137857768115267e-05,2.41377341805254e-05,2.4137610590863548e-05,2.4137486999051003e-05,2.4137363405139622e-05,2.413723980914603e-05,2.41371162110266e-05,2.4136992610876534e-05,2.4136869008674706e-05,2.413674540440466e-05,2.413662179807315e-05,2.413649818975831e-05,2.413637457941022e-05,2.413625096706349e-05,2.4136127352697243e-05,2.413600373635822e-05,2.4135880118042934e-05,2.413575649777597e-05,2.413563287552139e-05,2.4135509251316614e-05,2.4135385625174373e-05,2.4135261997103698e-05,2.4135138367111136e-05,2.4135014735212293e-05,2.413489110141024e-05,2.4134767465715182e-05,2.4134643828140584e-05,2.41345201886644e-05,2.413439654736135e-05,2.413427290420417e-05,2.4134149259199272e-05,2.4134025612374932e-05,2.413390196371957e-05,2.4133778313229808e-05,2.4133654660944064e-05,2.4133531006871226e-05,2.413340735100071e-05,2.413328369335467e-05,2.413316003394585e-05,2.4133036372800114e-05,2.4132912709881034e-05,2.4132789045274447e-05,2.413266537888376e-05,2.4132541710809136e-05,2.4132418040989197e-05,2.4132294369462266e-05,2.4132170696242262e-05,2.413204702134202e-05,2.4131923344792677e-05,2.4131799666556076e-05,2.4131675986653128e-05,2.413155230505581e-05,2.4131428621868013e-05,2.413130493703416e-05,2.413118125064926e-05,2.4131057562622342e-05,2.4130933872962476e-05,2.4130810181718606e-05,2.4130686488874933e-05,2.413056279448281e-05,2.413043909849644e-05,2.4130315400950096e-05,2.4130191701869847e-05,2.41300680012271e-05,2.412994429906511e-05,2.4129820595382988e-05,2.412969689017284e-05,2.4129573183485158e-05,2.4129449475265634e-05,2.4129325765541945e-05,2.412920205435316e-05,2.4129078341721496e-05,2.4128954627590966e-05,2.4128830912011288e-05,2.412870719496209e-05,2.4128583476495794e-05,2.412845975659094e-05,2.412833603526492e-05,2.412821231252529e-05,2.412808858837376e-05,2.4127964862833383e-05,2.4127841135918537e-05,2.41277174076122e-05,2.4127593677921356e-05,2.41274699468512e-05,2.4127346214454154e-05,2.4127222480679653e-05,2.4127098745582767e-05,2.4126975009182484e-05,2.412685127143027e-05,2.412672753235649e-05,2.4126603792021798e-05,2.4126480050348914e-05,2.4126356307422327e-05,2.4126232563148402e-05,2.4126108817599922e-05,2.412598507080443e-05,2.4125861322756367e-05,2.4125737573456863e-05,2.412561382291142e-05,2.4125490071087674e-05,2.412536631804388e-05,2.412524256381657e-05,2.4125118808360025e-05,2.4124995051713885e-05,2.4124871293865993e-05,2.4124747534834023e-05,2.4124623774623047e-05,2.4124500013233652e-05,2.4124376250682782e-05,2.4124252486973743e-05,2.4124128722083554e-05,2.412400495608171e-05,2.4123881188942075e-05,2.412375742067707e-05,2.4123633651291823e-05,2.4123509880798857e-05,2.412338610919357e-05,2.412326233648835e-05,2.412313856270341e-05,2.4123014787820185e-05,2.4122891011905578e-05,2.4122767234868753e-05,2.4122643456787226e-05,2.4122519677640148e-05,2.4122395897462413e-05,2.412227211625478e-05,2.4122148334005452e-05,2.412202455075712e-05,2.4121900766454734e-05,2.4121776981187053e-05,2.41216531948722e-05,2.412152940758096e-05,2.412140561929963e-05,2.4121281830075778e-05,2.4121158039827873e-05,2.412103424863688e-05,2.4120910456465024e-05,2.4120786663350406e-05,2.4120662869296816e-05,2.4120539074331448e-05,2.4120415278439433e-05,2.4120291481599958e-05,2.4120167683836183e-05,2.4120043885163813e-05,2.411992008555549e-05,2.4119796285070078e-05,2.4119672483709944e-05,2.4119548681449705e-05,2.4119424878329978e-05,2.41193010743474e-05,2.411917726950393e-05,2.4119053463802196e-05,2.4118929657257492e-05,2.41188058498559e-05,2.4118682041597572e-05,2.4118558232510735e-05,2.4118434422624452e-05,2.4118310611943455e-05,2.411818680045545e-05,2.4118062988197132e-05,2.4117939175107235e-05,2.411781536123911e-05,2.411769154660133e-05,2.4117567731178763e-05,2.411744391493045e-05,2.4117320097997817e-05,2.4117196280271997e-05,2.411707246180861e-05,2.4116948642621018e-05,2.4116824822689266e-05,2.4116701002048656e-05,2.4116577180669596e-05,2.4116453358609416e-05,2.4116329535788655e-05,2.4116205712289496e-05,2.411608188807998e-05,2.4115958063196782e-05,2.4115834237632464e-05,2.4115710411388853e-05,2.4115586584464645e-05,2.411546275689005e-05,2.4115338928666683e-05,2.411521509977114e-05,2.411509127024429e-05,2.411496744006478e-05,2.4114843609248907e-05,2.4114719777810603e-05,2.4114595945767665e-05,2.411447211311475e-05,2.4114348279874802e-05,2.41142244459694e-05,2.411410061151206e-05,2.4113976776477092e-05,2.4113852940848892e-05,2.4113729104639857e-05,2.4113605267860427e-05,2.4113481430506972e-05,2.4113357592616953e-05,2.4113233754164646e-05,2.4113109915168368e-05,2.411298607562624e-05,2.4112862235549793e-05,2.411273839494878e-05,2.411261455382804e-05,2.4112490712175513e-05,2.4112366870032724e-05,2.41122430273771e-05,2.41121191842261e-05,2.4111995340556263e-05,2.4111871496427043e-05,2.4111747651798114e-05,2.411162380671233e-05,2.4111499961155924e-05,2.41113761151353e-05,2.4111252268638938e-05,2.4111128421691348e-05,2.4111004574303247e-05,2.4110880726448485e-05,2.4110756878192978e-05,2.411063302950778e-05,2.411050918041014e-05,2.411038533087929e-05,2.411026148094938e-05,2.411013763062267e-05,2.411001377988523e-05,2.4109889928720443e-05,2.4109766077212828e-05,2.4109642225290017e-05,2.410951837300326e-05,2.4109394520387888e-05,2.410927066736517e-05,2.4109146813980968e-05,2.4109022960225625e-05,2.4108899106128783e-05,2.410877525169425e-05,2.4108651396914338e-05,2.4108527541804142e-05,2.4108403686373395e-05,2.4108279830617625e-05,2.410815597453322e-05,2.4108032118133928e-05,2.410790826143668e-05,2.4107784404420434e-05,2.4107660547111395e-05,2.4107536689523906e-05,2.4107412831650966e-05,2.4107288973487485e-05,2.410716511511658e-05,2.410704125642568e-05,2.4106917397454663e-05,2.410679353824902e-05,2.410666967876242e-05,2.410654581902935e-05,2.4106421959041875e-05,2.410629809885283e-05,2.4106174238422568e-05,2.41060503777446e-05,2.410592651686782e-05,2.4105802655769727e-05,2.4105678794460514e-05,2.4105554932920752e-05,2.410543107120377e-05,2.41053072092915e-05,2.410518334718018e-05,2.4105059484891165e-05,2.4104935622419826e-05,2.4104811759768442e-05,2.410468789694719e-05,2.4104564033967537e-05,2.4104440170792964e-05,2.410431630749493e-05,2.410419244404087e-05,2.410406858042838e-05,2.4103944716688724e-05,2.4103820852798934e-05,2.4103696988748193e-05,2.4103573124611855e-05,2.410344926039302e-05,2.410332539602154e-05,2.410320153154655e-05,2.4103077666922443e-05,2.4102953802218603e-05,2.4102829937432222e-05,2.4102706072554334e-05,2.4102582207589045e-05,2.4102458342550505e-05,2.4102334477424216e-05,2.410221061222582e-05,2.4102086746954096e-05,2.410196288161244e-05,2.410183901622231e-05,2.4101715150769802e-05,2.4101591285279774e-05,2.410146741974609e-05,2.4101343554172875e-05,2.4101219688579308e-05,2.4101095822939598e-05,2.4100971957273502e-05,2.4100848091588943e-05,2.4100724225875406e-05,2.410060036018043e-05,2.410047649444304e-05,2.4100352628735202e-05,2.4100228763073805e-05,2.4100104897365973e-05,2.4099981031670644e-05,2.409985716598978e-05,2.4099733300334054e-05,2.4099609434692108e-05,2.4099485569057724e-05,2.4099361703488163e-05,2.4099237837957886e-05,2.4099113972467075e-05,2.4098990107029745e-05,2.4098866241648214e-05,2.4098742376320633e-05,2.4098618511047997e-05,2.409849464585338e-05,2.409837078070244e-05,2.4098246915645847e-05,2.409812305067556e-05,2.4097999185773088e-05,2.4097875320980818e-05,2.4097751456263822e-05,2.4097627591623452e-05,2.4097503727123324e-05,2.4097379862746276e-05,2.409725599843992e-05,2.4097132134238765e-05,2.4097008270173188e-05,2.4096884406230238e-05,2.409676054242728e-05,2.409663667874414e-05,2.409651281520134e-05,2.4096388951820094e-05,2.4096265088554783e-05,2.409614122543862e-05,2.4096017362461255e-05,2.4095893499652974e-05,2.4095769637010744e-05,2.4095645774526344e-05,2.409552191226296e-05,2.409539805013021e-05,2.4095274188172925e-05,2.409515032639983e-05,2.409502646481427e-05,2.4094902603411575e-05,2.4094778742210067e-05,2.4094654881190553e-05,2.4094531020392917e-05,2.409440715980025e-05,2.4094283299421797e-05,2.4094159439247263e-05,2.4094035579313086e-05,2.4093911719555183e-05,2.4093787860060803e-05,2.4093664000823303e-05,2.4093540141780225e-05,2.4093416282994703e-05,2.4093292424449064e-05,2.4093168566150494e-05,2.4093044708110265e-05,2.4092920850317272e-05,2.4092796992768727e-05,2.4092673135505925e-05,2.4092549278517993e-05,2.409242542178863e-05,2.409230156533776e-05,2.4092177709181432e-05,2.409205385329034e-05,2.4091929997682654e-05,2.409180614236958e-05,2.4091682287350814e-05,2.4091558432628993e-05,2.4091434578187808e-05,2.4091310724073597e-05,2.409118687027339e-05,2.4091063016790716e-05,2.409093916362583e-05,2.409081531077341e-05,2.4090691458252212e-05,2.40905676060669e-05,2.409044375420981e-05,2.4090319902680736e-05,2.409019605150294e-05,2.409007220066606e-05,2.4089948350184067e-05,2.4089824500094337e-05,2.4089700650289495e-05,2.4089576800890446e-05,2.4089452951848615e-05,2.4089329103152498e-05,2.4089205254833833e-05,2.4089081406895184e-05,2.408895755934946e-05,2.4088833712186392e-05,2.4088709865390784e-05,2.408858601898263e-05,2.4088462172962828e-05,2.408833832737199e-05,2.40882144821552e-05,2.4088090637356748e-05,2.4087966792951046e-05,2.4087842948955912e-05,2.4087719105374533e-05,2.4087595262210896e-05,2.408747141946908e-05,2.408734757715443e-05,2.4087223735266508e-05,2.4087099893812943e-05,2.4086976052800106e-05,2.4086852212222496e-05,2.408672837208218e-05,2.4086604532387606e-05,2.4086480693147968e-05,2.4086356854360395e-05,2.408623301603345e-05,2.408610917816673e-05,2.4085985340764514e-05,2.4085861503828606e-05,2.408573766735429e-05,2.4085613831364204e-05,2.408548999585871e-05,2.408536616080775e-05,2.4085242326247732e-05,2.4085118492169382e-05,2.408499465860328e-05,2.408487082553226e-05,2.4084746992960562e-05,2.4084623160871502e-05,2.4084499329306898e-05,2.4084375498226312e-05,2.408425166768287e-05,2.4084127837667286e-05,2.408400400815086e-05,2.408388017914769e-05,2.408375635068579e-05,2.4083632522754713e-05,2.4083508695353083e-05,2.4083384868506158e-05,2.4083261042173124e-05,2.4083137216393575e-05,2.4083013391154955e-05,2.4082889566459778e-05,2.4082765742268867e-05,2.4082641918680457e-05,2.4082518095659593e-05,2.408239427317049e-05,2.4082270451265503e-05,2.408214662992895e-05,2.4082022809153577e-05,2.4081898988985686e-05,2.4081775169372815e-05,2.4081651350350387e-05,2.408152753187446e-05,2.4081403714021383e-05,2.4081279896760478e-05,2.4081156080091473e-05,2.408103226402207e-05,2.4080908448533504e-05,2.408078463368149e-05,2.408066081942357e-05,2.4080537005761083e-05,2.4080413192717342e-05,2.4080289380296947e-05,2.4080165568482335e-05,2.4080041757299976e-05,2.4079917946754657e-05,2.4079794136848516e-05,2.4079670327562654e-05,2.407954651890722e-05,2.407942271088737e-05,2.40792989034981e-05,2.407917509675935e-05,2.407905129067181e-05,2.4078927485225905e-05,2.4078803680440966e-05,2.407867987628068e-05,2.4078556072809346e-05,2.4078432269973677e-05,2.407830846792748e-05,2.407818466645292e-05,2.4078060865626763e-05,2.4077937065507116e-05,2.4077813266055153e-05,2.4077689467265988e-05,2.407756566917765e-05,2.4077441871825805e-05,2.4077318075112185e-05,2.407719427909112e-05,2.4077070483760633e-05,2.4076946689129745e-05,2.407682289519505e-05,2.4076699101951372e-05,2.4076575309434462e-05,2.407645151761893e-05,2.407632772651431e-05,2.4076203936135955e-05,2.4076080146479268e-05,2.407595635753762e-05,2.407583256927034e-05,2.4075708781816783e-05,2.4075584995057928e-05,2.407546120902804e-05,2.4075337423780095e-05,2.4075213639218582e-05,2.407508985540522e-05,2.4074966072329308e-05,2.407484229005074e-05,2.4074718508490305e-05,2.4074594727671353e-05,2.4074470947601307e-05,2.4074347168295617e-05,2.4074223389742912e-05,2.407409961196143e-05,2.4073975834945298e-05,2.407385205869966e-05,2.4073728283199672e-05,2.4073604508487126e-05,2.407348073459342e-05,2.4073356961398057e-05,2.4073233189033954e-05,2.4073109417487686e-05,2.407298564680763e-05,2.407286187682953e-05,2.407273810760956e-05,2.4072614339170266e-05,2.4072490571545828e-05,2.4072366804731807e-05,2.4072243038736782e-05,2.4072119273551907e-05,2.4071995509175596e-05,2.4071871745611953e-05,2.4071747982866577e-05,2.4071624220943957e-05,2.407150045983818e-05,2.4071376699569308e-05,2.407125294011434e-05,2.4071129181512093e-05,2.4071005423715764e-05,2.407088166674605e-05,2.4070757910645022e-05,2.4070634155297967e-05,2.407051040082086e-05,2.4070386647227627e-05,2.407026289447593e-05,2.4070139142562897e-05,2.407001539150152e-05,2.406989164127302e-05,2.4069767891942252e-05,2.4069644143500372e-05,2.4069520395892932e-05,2.4069396649149306e-05,2.40692729032624e-05,2.4069149158262184e-05,2.4069025414107924e-05,2.406890167082636e-05,2.406877792844963e-05,2.406865418697192e-05,2.4068530446360712e-05,2.4068406706588906e-05,2.4068282967746406e-05,2.4068159229795013e-05,2.4068035492744317e-05,2.4067911756590995e-05,2.4067788021312617e-05,2.4067664287036143e-05,2.4067540553610637e-05,2.406741682106233e-05,2.4067293089411883e-05,2.406716935867734e-05,2.4067045628859268e-05,2.4066921899967826e-05,2.4066798171983314e-05,2.4066674444914e-05,2.4066550718736198e-05,2.406642699349912e-05,2.4066303269188102e-05,2.406617954583259e-05,2.4066055823386332e-05,2.406593210190081e-05,2.4065808381341908e-05,2.4065684661710716e-05,2.4065560943010518e-05,2.406543722525188e-05,2.406531350845789e-05,2.406518979262861e-05,2.4065066077769908e-05,2.4064942363873928e-05,2.4064818650911e-05,2.4064694938952658e-05,2.4064571227930648e-05,2.4064447517820316e-05,2.4064323808700968e-05,2.406420010054705e-05,2.406407639339673e-05,2.4063952687202198e-05,2.4063828981994964e-05,2.4063705277751287e-05,2.406358157448776e-05,2.4063457872210422e-05,2.406333417090679e-05,2.4063210470596734e-05,2.406308677127801e-05,2.4062963072951274e-05,2.406283937557149e-05,2.4062715679212248e-05,2.4062591983858798e-05,2.4062468289518888e-05,2.4062344596133418e-05,2.406222090380605e-05,2.406209721248748e-05,2.4061973522161247e-05,2.406184983286387e-05,2.4061726144568143e-05,2.4061602457323607e-05,2.4061478771080614e-05,2.4061355085819505e-05,2.4061231401620754e-05,2.4061107718444562e-05,2.4060984036287452e-05,2.4060860355137522e-05,2.40607366750305e-05,2.406061299598312e-05,2.4060489317969366e-05,2.4060365640986587e-05,2.4060241965053168e-05,2.4060118290164793e-05,2.4059994616309023e-05,2.405987094353935e-05,2.4059747271796774e-05,2.405962360110387e-05,2.405949993145155e-05,2.405937626283166e-05,2.405925259530243e-05,2.405912892883048e-05,2.4059005263378767e-05,2.4058881599003302e-05,2.405875793573297e-05,2.4058634273536585e-05,2.405851061235557e-05,2.405838695229117e-05,2.405826329326049e-05,2.4058139635359027e-05,2.4058015978541518e-05,2.405789232278961e-05,2.4057768668126285e-05,2.405764501458089e-05,2.4057521362089985e-05,2.4057397710715723e-05,2.405727406041956e-05,2.405715041121999e-05,2.4057026763099817e-05,2.405690311607807e-05,2.405677947017315e-05,2.4056655825376852e-05,2.405653218171691e-05,2.4056408539120185e-05,2.4056284897638655e-05,2.4056161257269898e-05,2.405603761797221e-05,2.4055913979835774e-05,2.4055790342838368e-05,2.4055666706951243e-05,2.4055543072146124e-05,2.405541943846208e-05,2.4055295805928034e-05,2.4055172174520978e-05,2.4055048544297406e-05,2.4054924915170325e-05,2.4054801287145397e-05,2.4054677660248022e-05,2.4054554034512756e-05,2.4054430409903546e-05,2.405430678642919e-05,2.4054183164118083e-05,2.405405954294298e-05,2.405393592291231e-05,2.4053812304040575e-05,2.4053688686320914e-05,2.405356506975251e-05,2.4053441454344574e-05,2.405331784008141e-05,2.405319422696898e-05,2.4053070615052984e-05,2.4052947004279065e-05,2.405282339467408e-05,2.405269978623553e-05,2.405257617895064e-05,2.405245257285195e-05,2.4052328967929323e-05,2.405220536417755e-05,2.4052081761604803e-05,2.4051958160208243e-05,2.4051834559950532e-05,2.4051710960918312e-05,2.405158736306986e-05,2.405146376638767e-05,2.4051340170881823e-05,2.405121657663019e-05,2.4051092983525224e-05,2.405096939162605e-05,2.4050845800926366e-05,2.4050722211415426e-05,2.4050598623112775e-05,2.4050475036007612e-05,2.4050351450108255e-05,2.4050227865413487e-05,2.4050104281924965e-05,2.4049980699645017e-05,2.4049857118561787e-05,2.4049733538703513e-05,2.4049609960080576e-05,2.4049486382650118e-05,2.4049362806417938e-05,2.4049239231424512e-05,2.4049115657674823e-05,2.404899208513138e-05,2.4048868513812915e-05,2.4048744943721456e-05,2.404862137485597e-05,2.4048497807209853e-05,2.404837424080854e-05,2.4048250675659335e-05,2.404812711173345e-05,2.4048003549031333e-05,2.4047879987532836e-05,2.404775642731984e-05,2.4047632868313424e-05,2.4047509310591475e-05,2.4047385754079665e-05,2.4047262198844622e-05,2.4047138644867836e-05,2.4047015092145766e-05,2.4046891540696537e-05,2.4046767990483026e-05,2.4046644441546476e-05,2.4046520893850683e-05,2.4046397347379215e-05,2.4046273802206497e-05,2.4046150258293184e-05,2.40460267156498e-05,2.404590317427529e-05,2.4045779634171862e-05,2.4045656095354204e-05,2.4045532557745788e-05,2.404540902146257e-05,2.4045285486462013e-05,2.404516195268669e-05,2.404503842023289e-05,2.4044914889077365e-05,2.40447913591953e-05,2.4044667830596293e-05,2.4044544303285107e-05,2.404442077726972e-05,2.4044297252522752e-05,2.4044173729101304e-05,2.4044050206910415e-05,2.4043926686055792e-05,2.40438031665033e-05,2.4043679648238672e-05,2.4043556131206116e-05,2.4043432615549307e-05,2.4043309101200537e-05,2.404318558815714e-05,2.4043062076421193e-05,2.4042938565986033e-05,2.404281505687041e-05,2.4042691549063468e-05,2.4042568042573338e-05,2.4042444537383427e-05,2.404232103353875e-05,2.4042197531001495e-05,2.4042074029785507e-05,2.4041950529890142e-05,2.4041827031322345e-05,2.4041703534062173e-05,2.404158003814397e-05,2.4041456543550885e-05,2.4041333050288363e-05,2.4041209558328253e-05,2.4041086067730765e-05,2.40409625784217e-05,2.40408390904961e-05,2.4040715603904133e-05,2.4040592118659334e-05,2.4040468634750523e-05,2.4040345152190703e-05,2.4040221670975392e-05,2.4040098191095012e-05,2.4039974712574835e-05,2.403985123539652e-05,2.4039727759559794e-05,2.403960428507992e-05,2.4039480811959357e-05,2.4039357340193512e-05,2.403923386979792e-05,2.4039110400758063e-05,2.4038986933078684e-05,2.4038863466749333e-05,2.4038740001803086e-05,2.4038616538215086e-05,2.4038493075993317e-05,2.403836961513143e-05,2.4038246155645234e-05,2.403812269752994e-05,2.403799924079094e-05,2.4037875785426646e-05,2.4037752331448164e-05,2.40376288788351e-05,2.403750542760403e-05,2.4037381977748934e-05,2.4037258529278833e-05,2.4037135082195535e-05,2.403701163649224e-05,2.403688819218825e-05,2.4036764749275582e-05,2.403664130770611e-05,2.4036517867556162e-05,2.4036394428751733e-05,2.4036270991392356e-05,2.403614755541516e-05,2.403602412085293e-05,2.4035900687687725e-05,2.4035777255922526e-05,2.403565382554898e-05,2.4035530396552148e-05,2.4035406968998868e-05,2.4035283542852286e-05,2.403516011811052e-05,2.4035036694795253e-05,2.4034913272876395e-05,2.403478985236555e-05,2.4034666433262817e-05,2.4034543015591206e-05,2.403441959932862e-05,2.403429618448465e-05,2.403417277106165e-05,2.403404935904273e-05,2.403392594846066e-05,2.4033802539263515e-05,2.403367913152876e-05,2.4033555725221102e-05,2.4033432320346333e-05,2.403330891688395e-05,2.4033185514868517e-05,2.4033062114287365e-05,2.403293871513368e-05,2.4032815317417295e-05,2.403269192114214e-05,2.403256852630296e-05,2.4032445132905822e-05,2.4032321740945592e-05,2.4032198350434676e-05,2.4032074961367188e-05,2.4031951573736773e-05,2.403182818756053e-05,2.4031704802830225e-05,2.4031581419534284e-05,2.4031458037663083e-05,2.403133465730317e-05,2.4031211278380486e-05,2.4031087900914667e-05,2.4030964524905574e-05,2.403084115035421e-05,2.4030717777263074e-05,2.4030594405601984e-05,2.4030471035434902e-05,2.40303476667304e-05,2.4030224299491936e-05,2.403010093371631e-05,2.4029977569410742e-05,2.4029854206578528e-05,2.402973084520175e-05,2.4029607485303597e-05,2.4029484126878516e-05,2.402936076993151e-05,2.4029237414446172e-05,2.4029114060449643e-05,2.4028990707937797e-05,2.4028867356901526e-05,2.4028744007346608e-05,2.4028620659276087e-05,2.4028497312676033e-05,2.4028373967576576e-05,2.4028250623961388e-05,2.4028127281832573e-05,2.4028003941139144e-05,2.4027880601990798e-05,2.402775726432852e-05,2.402763392816104e-05,2.402751059351843e-05,2.4027387260349513e-05,2.4027263928694047e-05,2.4027140598532087e-05,2.4027017269834016e-05,2.4026893942636522e-05,2.4026770616973964e-05,2.402664729281192e-05,2.4026523970150342e-05,2.402640064899243e-05,2.4026277329347553e-05,2.402615401120541e-05,2.4026030694586446e-05,2.402590737947709e-05,2.402578406588111e-05,2.4025660753771726e-05,2.402553744320554e-05,2.4025414134155237e-05,2.4025290826624574e-05,2.402516752061517e-05,2.4025044216123507e-05,2.4024920913136167e-05,2.4024797611677747e-05,2.4024674311759563e-05,2.402455101334917e-05,2.4024427716465607e-05,2.4024304421129125e-05,2.402418112729584e-05,2.402405783502014e-05,2.402393454429172e-05,2.4023811255078875e-05,2.4023687967404274e-05,2.402356468126364e-05,2.402344139666316e-05,2.402331811360601e-05,2.402319483209223e-05,2.4023071552093115e-05,2.4022948273652538e-05,2.4022824996758518e-05,2.4022701721408917e-05,2.4022578447646673e-05,2.402245517537482e-05,2.4022331904662938e-05,2.4022208635457206e-05,2.4022085367841446e-05,2.4021962101789827e-05,2.4021838837288465e-05,2.4021715574275834e-05,2.402159231287494e-05,2.4021469053045024e-05,2.4021345794757848e-05,2.402122253803466e-05,2.4021099282892355e-05,2.4020976029302244e-05,2.402085277727713e-05,2.4020729526813884e-05,2.402060627791992e-05,2.402048303058787e-05,2.402035978481472e-05,2.4020236540609952e-05,2.4020113297980058e-05,2.4019990056935383e-05,2.4019866817460876e-05,2.4019743579554228e-05,2.4019620343230728e-05,2.4019497108471952e-05,2.4019373875300926e-05,2.4019250643705564e-05,2.4019127413696416e-05,2.4019004185268155e-05,2.4018880958438847e-05,2.4018757733166413e-05,2.4018634509488428e-05,2.401851128739876e-05,2.401838806691696e-05,2.401826484798302e-05,2.401814163065853e-05,2.401801841490912e-05,2.401789520076144e-05,2.401777198822476e-05,2.4017648777281214e-05,2.4017525567911227e-05,2.4017402360150153e-05,2.4017279153984847e-05,2.4017155949400024e-05,2.4017032746441857e-05,2.4016909545084806e-05,2.4016786345324194e-05,2.401666314715337e-05,2.4016539950600692e-05,2.401641675565253e-05,2.4016293562326227e-05,2.4016170370595627e-05,2.4016047180473997e-05,2.4015923991964717e-05,2.4015800805066234e-05,2.401567761979029e-05,2.4015554436114125e-05,2.4015431254056753e-05,2.4015308073632126e-05,2.401518489483725e-05,2.4015061717615332e-05,2.401493854203969e-05,2.401481536808083e-05,2.401469219573793e-05,2.401456902502342e-05,2.401444585592372e-05,2.401432268846759e-05,2.4014199522619378e-05,2.4014076358414503e-05,2.4013953195838614e-05,2.401383003488309e-05,2.401370687554889e-05,2.4013583717837353e-05,2.4013460561782863e-05,2.401333740737428e-05,2.4013214254581747e-05,2.4013091103421653e-05,2.401296795388646e-05,2.401284480601815e-05,2.4012721659770506e-05,2.4012598515156967e-05,2.401247537219875e-05,2.401235223088333e-05,2.4012229091217195e-05,2.4012105953195412e-05,2.401198281680109e-05,2.401185968206584e-05,2.401173654897586e-05,2.4011613417540447e-05,2.4011490287739787e-05,2.4011367159619617e-05,2.401124403311814e-05,2.4011120908272446e-05,2.4010997785108926e-05,2.4010874663582104e-05,2.4010751543722158e-05,2.401062842551689e-05,2.4010505308973984e-05,2.4010382194091183e-05,2.4010259080869435e-05,2.4010135969303025e-05,2.4010012859396493e-05,2.400988975114878e-05,2.4009766644577608e-05,2.4009643539677243e-05,2.4009520436444316e-05,2.4009397334879808e-05,2.4009274234977652e-05,2.4009151136754025e-05,2.40090280402229e-05,2.400890494534282e-05,2.4008781852136196e-05,2.4008658760604668e-05,2.4008535670755228e-05,2.400841258257802e-05,2.4008289496065555e-05,2.4008166411227186e-05,2.4008043328081016e-05,2.4007920246615197e-05,2.4007797166825845e-05,2.4007674088736872e-05,2.4007551012314968e-05,2.4007427937588037e-05,2.4007304864547336e-05,2.4007181793188067e-05,2.4007058723512454e-05,2.400693565551935e-05,2.4006812589202493e-05,2.4006689524582576e-05,2.4006566461693308e-05,2.4006443400492504e-05,2.4006320340976883e-05,2.4006197283156395e-05,2.4006074227017772e-05,2.4005951172585968e-05,2.4005828119851648e-05,2.400570506881519e-05,2.4005582019479356e-05,2.4005458971787945e-05,2.4005335925860172e-05,2.4005212881634295e-05,2.400508983911701e-05,2.4004966798299135e-05,2.4004843759170977e-05,2.400472072177928e-05,2.4004597686092617e-05,2.400447465210123e-05,2.4004351619834082e-05,2.400422858927279e-05,2.4004105560432878e-05,2.400398253330008e-05,2.4003859507882595e-05,2.4003736484184325e-05,2.40036134622255e-05,2.400349044194706e-05,2.4003367423382837e-05,2.400324440656098e-05,2.4003121391432476e-05,2.400299837804154e-05,2.400287536637649e-05,2.4002752356427533e-05,2.400262934819616e-05,2.4002506341696922e-05,2.400238333691474e-05,2.40022603338628e-05,2.40021373325371e-05,2.4002014332945965e-05,2.4001891335077466e-05,2.4001768338968857e-05,2.4001645344565306e-05,2.400152235187241e-05,2.400139936093902e-05,2.4001276371731127e-05,2.400115338424854e-05,2.4001030398511653e-05,2.4000907414521256e-05,2.4000784432270537e-05,2.4000661451750554e-05,2.4000538472978003e-05,2.400041549594201e-05,2.400029252065234e-05,2.4000169547107715e-05,2.4000046575312502e-05,2.3999923605252583e-05,2.3999800636959347e-05,2.399967767039584e-05,2.399955470555062e-05,2.3999431742478277e-05,2.3999308781172945e-05,2.3999185821582637e-05,2.399906286376295e-05,2.3998939907698628e-05,2.3998816953386192e-05,2.399869400082778e-05,2.3998571050021824e-05,2.399844810097422e-05,2.3998325153684335e-05,2.399820220815141e-05,2.3998079264377457e-05,2.3997956322363385e-05,2.3997833382109705e-05,2.3997710443629853e-05,2.3997587506899708e-05,2.3997464571937785e-05,2.3997341638735094e-05,2.3997218707298586e-05,2.3997095777627007e-05,2.3996972849638682e-05,2.399684992350169e-05,2.3996726999115217e-05,2.3996604076516688e-05,2.3996481155674838e-05,2.3996358236599153e-05,2.399623531931282e-05,2.399611240380138e-05,2.3995989490081376e-05,2.3995866578119728e-05,2.3995743667933284e-05,2.399562075952362e-05,2.3995497852892693e-05,2.399537494803792e-05,2.399525204496383e-05,2.3995129143667385e-05,2.3995006244155217e-05,2.3994883346419355e-05,2.399476045047142e-05,2.3994637556306886e-05,2.399451466393109e-05,2.399439177333702e-05,2.3994268884530233e-05,2.3994145997518536e-05,2.3994023112289522e-05,2.399390022884039e-05,2.3993777347188232e-05,2.3993654467334916e-05,2.399353158926502e-05,2.3993408712989704e-05,2.3993285838506763e-05,2.399316296581792e-05,2.3993040094923786e-05,2.399291722585031e-05,2.399279435855011e-05,2.399267149304804e-05,2.3992548629320017e-05,2.3992425767437643e-05,2.399230290734091e-05,2.3992180049038104e-05,2.399205719253709e-05,2.3991934337839053e-05,2.3991811484948348e-05,2.399168863385869e-05,2.3991565784572013e-05,2.3991442937087627e-05,2.3991320091408692e-05,2.399119724754506e-05,2.399107440548824e-05,2.3990951565239493e-05,2.399082872680615e-05,2.399070589017861e-05,2.3990583055368772e-05,2.399046022237739e-05,2.399033739119845e-05,2.3990214561821004e-05,2.3990091734271925e-05,2.398996890853193e-05,2.3989846084613443e-05,2.398972326251244e-05,2.3989600442230835e-05,2.3989477623784805e-05,2.3989354807143762e-05,2.398923199232199e-05,2.3989109179307468e-05,2.3988986368133284e-05,2.3988863558784697e-05,2.3988740751303614e-05,2.39886179456036e-05,2.398849514172838e-05,2.398837233968173e-05,2.3988249539473755e-05,2.3988126741073604e-05,2.398800394451459e-05,2.398788114979637e-05,2.3987758356898108e-05,2.3987635565831774e-05,2.3987512776598722e-05,2.3987389989201e-05,2.3987267203635783e-05,2.3987144419903742e-05,2.398702163800783e-05,2.3986898857953757e-05,2.398677607973621e-05,2.398665330337005e-05,2.3986530528834087e-05,2.398640775613494e-05,2.3986284985333106e-05,2.398616221631238e-05,2.398603944914632e-05,2.398591668381578e-05,2.3985793920325306e-05,2.39856711586836e-05,2.3985548398891787e-05,2.398542564093709e-05,2.3985302884821592e-05,2.3985180130564685e-05,2.398505737816e-05,2.398493462760106e-05,2.398481187889581e-05,2.398468913200591e-05,2.3984566386983564e-05,2.3984443643835708e-05,2.398432090254242e-05,2.398419816311728e-05,2.3984075425530777e-05,2.3983952689802275e-05,2.3983829955891902e-05,2.398370722388096e-05,2.3983584493714375e-05,2.3983461765415853e-05,2.3983339038979756e-05,2.3983216314406238e-05,2.3983093591692546e-05,2.398297087083118e-05,2.398284815184313e-05,2.398272543468837e-05,2.3982602719429923e-05,2.3982480006036697e-05,2.3982357294544447e-05,2.3982234584888456e-05,2.398211187709733e-05,2.39819891711974e-05,2.3981866467136067e-05,2.398174376495243e-05,2.3981621064637875e-05,2.3981498366190045e-05,2.3981375669614224e-05,2.3981252974916934e-05,2.3981130282079117e-05,2.3981007591128856e-05,2.3980884902054523e-05,2.3980762214860612e-05,2.3980639529538932e-05,2.398051684609517e-05,2.398039416452586e-05,2.3980271484837965e-05,2.3980148807044043e-05,2.398002613113217e-05,2.3979903457086723e-05,2.3979780784907847e-05,2.397965811462665e-05,2.3979535446227106e-05,2.3979412779695548e-05,2.3979290115066924e-05,2.397916745232628e-05,2.3979044791472305e-05,2.3978922132517097e-05,2.3978799475437207e-05,2.3978676820246674e-05,2.3978554166935596e-05,2.3978431515520785e-05,2.3978308865997994e-05,2.3978186218371076e-05,2.3978063572636697e-05,2.397794092879315e-05,2.397781828683738e-05,2.3977695646783786e-05,2.3977573008626714e-05,2.3977450372415916e-05,2.397732773805235e-05,2.3977205105599145e-05,2.397708247503525e-05,2.397695984636614e-05,2.3976837219618982e-05,2.397671459474508e-05,2.3976591971755556e-05,2.397646935068746e-05,2.3976346731524818e-05,2.397622411427413e-05,2.3976101498916313e-05,2.397597888547985e-05,2.3975856273948797e-05,2.3975733664325378e-05,2.3975611056589466e-05,2.397548845074801e-05,2.397536584683225e-05,2.397524324483275e-05,2.3975120644737205e-05,2.3974998046551753e-05,2.397487545030522e-05,2.3974752855945406e-05,2.3974630263491775e-05,2.3974507672954376e-05,2.39743850843322e-05,2.3974262497620138e-05,2.3974139912825433e-05,2.3974017329893154e-05,2.3973894748939655e-05,2.397377216986993e-05,2.3973649592748386e-05,2.397352701754118e-05,2.3973404444261487e-05,2.3973281872899644e-05,2.3973159303459095e-05,2.397303673589385e-05,2.3972914170291004e-05,2.3972791606616656e-05,2.3972669044863436e-05,2.3972546485014193e-05,2.3972423927104944e-05,2.397230137114936e-05,2.39721788171037e-05,2.3972056264989104e-05,2.3971933714778992e-05,2.397181116651984e-05,2.3971688620179492e-05,2.39715660757733e-05,2.397144353330268e-05,2.3971320992746565e-05,2.397119845413306e-05,2.397107591746171e-05,2.397095338272244e-05,2.3970830849916704e-05,2.3970708319083826e-05,2.3970585790148223e-05,2.39704632631417e-05,2.3970340738092268e-05,2.3970218214966935e-05,2.39700956938045e-05,2.3969973174575325e-05,2.3969850657268926e-05,2.3969728141902984e-05,2.396960562847955e-05,2.3969483116999738e-05,2.396936060744416e-05,2.3969238099845108e-05,2.3969115594192266e-05,2.3968993090481843e-05,2.396887058869563e-05,2.396874808887655e-05,2.3968625591007398e-05,2.396850309506769e-05,2.396838060109197e-05,2.3968258109057305e-05,2.3968135618989656e-05,2.3968013130871128e-05,2.3967890644693067e-05,2.3967768160466608e-05,2.396764567819174e-05,2.3967523197868045e-05,2.3967400719475908e-05,2.3967278243060065e-05,2.3967155768600376e-05,2.3967033296094132e-05,2.3966910825542657e-05,2.3966788356950163e-05,2.396666589031327e-05,2.3966543425634906e-05,2.3966420962912492e-05,2.3966298502150465e-05,2.3966176043333818e-05,2.3966053586493733e-05,2.396593113161704e-05,2.396580867870256e-05,2.3965686227749113e-05,2.3965563778750754e-05,2.3965441331721234e-05,2.3965318886716094e-05,2.396519644361525e-05,2.3965074002480124e-05,2.3964951563324e-05,2.3964829126113174e-05,2.396470669088028e-05,2.3964584257608456e-05,2.3964461826310697e-05,2.3964339396978827e-05,2.396421696961598e-05,2.396409454426315e-05,2.3963972120848243e-05,2.3963849699404103e-05,2.396372727993437e-05,2.3963604862439528e-05,2.3963482446942833e-05,2.3963360033389916e-05,2.3963237621815285e-05,2.396311521219811e-05,2.3962992804576944e-05,2.396287039895502e-05,2.396274799528883e-05,2.396262559357021e-05,2.3962503193865287e-05,2.3962380796133072e-05,2.396225840038319e-05,2.3962136006613278e-05,2.39620136148238e-05,2.396189122501612e-05,2.396176883719071e-05,2.396164645135258e-05,2.396152406748742e-05,2.3961401685610914e-05,2.3961279305728133e-05,2.3961156927836214e-05,2.3961034551919563e-05
10,0.0,0.0,0.0,0.0,0.0,0.0,0.0,0.0,0.0,0.0,0.0,0.0,0.0,0.0,0.0,0.0,0.0,0.0,0.0,0.0,0.0,0.0,0.0,0.0,0.0,0.0,0.0,0.0,0.0,0.0,0.0,0.0,0.0,0.0,0.0,0.0,0.0,0.0,0.0,0.0,0.0,0.0,0.0,0.0,0.0,0.0,0.0,0.0,0.0,0.0,0.0,0.0,0.0,0.0,0.0,0.0,0.0,0.0,0.0,0.0,0.0,0.0,0.0,0.0,0.0,0.0,0.0,0.0,0.0,0.0,0.0,0.0,0.0,0.0,0.0,0.0,0.0,0.0,0.0,0.0,0.0,0.0,0.0,0.0,0.0,0.0,0.0,0.0,0.0,0.0,0.0,0.0,0.0,0.0,0.0,0.0,0.0,0.0,0.0,0.0,0.0,0.0,0.0,0.0,0.0,0.0,0.0,0.0,0.0,0.0,0.0,0.0,0.0,0.0,0.0,0.0,0.0,0.0,0.0,0.0,0.0,0.0,0.0,0.0,0.0,0.0,0.0,0.0,0.0,0.0,0.0,0.0,0.0,0.0,0.0,0.0,0.0,0.0,0.0,0.0,0.0,0.0,0.0,0.0,0.0,0.0,0.0,0.0,0.0,0.0,0.0,0.0,0.0,0.0,0.0,0.0,0.0,0.0,0.0,0.0,0.0,0.0,0.0,0.0,0.0,0.0,0.0,0.0,0.0,0.0,0.0,0.0,0.0,0.0,0.0,0.0,0.0,0.0,0.0,0.0,0.0,0.0,0.0,0.0,0.0,0.0,0.0,0.0,0.0,0.0,0.0,0.0,0.0,0.0,0.0,0.0,0.0,0.0,0.0,0.0,0.0,0.0,0.0,0.0,0.0,0.0,0.0,0.0,0.0,0.0,0.0,0.0,0.0,0.0,0.0,0.0,0.0,0.0,0.0,0.0,0.0,0.0,0.0,0.0,0.0,0.0,0.0,0.0,0.0,0.0,0.0,0.0,0.0,0.0,0.0,0.0,0.0,0.0,0.0,0.0,0.0,0.0,0.0,0.0,0.0,0.0,0.0,0.0,0.0,0.0,0.0,0.0,0.0,0.0,0.0,0.0,0.0,0.0,0.0,0.0,0.0,0.0,0.0,0.0,0.0,0.0,0.0,0.0,0.0,0.0,0.0,0.0,0.0,0.0,0.0,0.0,0.0,0.0,0.0,0.0,0.0,0.0,0.0,0.0,0.0,0.0,0.0,0.0,0.0,0.0,0.0,0.0,0.0,0.0,0.0,0.0,0.0,0.0,0.0,0.0,0.0,0.0,0.0,0.0,0.0,0.0,0.0,0.0,0.0,0.0,0.0,0.0,0.0,0.0,0.0,0.0,0.0,0.0,0.0,0.0,0.0,0.0,0.0,0.0,0.0,0.0,0.0,0.0,0.0,0.0,0.0,0.0,0.0,0.0,0.0,0.0,0.0,0.0,0.0,0.0,0.0,0.0,0.0,0.0,0.0,0.0,0.0,0.0,0.0,0.0,0.0,0.0,0.0,0.0,0.0,0.0,0.0,0.0,0.0,0.0,0.0,0.0,0.0,0.0,0.0,0.0,0.0,0.0,0.0,0.0,0.0,0.0,0.0,0.0,0.0,0.0,0.0,0.0,0.0,0.0,0.0,0.0,0.0,0.0,0.0,0.0,0.0,0.0,0.0,0.0,0.0,0.0,0.0,0.0,0.0,0.0,0.0,0.0,0.0,0.0,0.0,0.0,0.0,0.0,0.0,0.0,0.0,0.0,0.0,0.0,0.0,0.0,0.0,0.0,0.0,0.0,0.0,0.0,0.0,0.0,0.0,0.0,0.0,0.0,0.0,0.0,0.0,0.0,0.0,0.0,0.0,0.0,0.0,0.0,0.0,0.0,0.0,0.0,0.0,0.0,0.0,0.0,0.0,0.0,0.0,0.0,0.0,0.0,0.0,0.0,0.0,0.0,0.0,0.0,0.0,0.0,0.0,0.0,0.0,0.0,0.0,0.0,0.0,0.0,0.0,0.0,0.0,0.0,0.0,0.0,0.0,0.0,0.0,0.0,0.0,0.0,0.0,0.0,0.0,0.0,0.0,0.0,0.0,0.0,0.0,0.0,0.0,0.0,0.0,0.0,0.0,0.0,0.0,0.0,0.0,0.0,0.0,0.0,0.0,0.0,0.0,0.0,0.0,0.0,0.0,0.0,0.0,0.0,0.0,0.0,0.0,0.0,0.0,0.0,0.0,0.0,0.0,0.0,0.0,0.0,0.0,0.0,0.0,0.0,0.0,0.0,0.0,0.0,0.0,0.0,0.0,0.0,0.0,0.0,0.0,0.0,0.0,0.0,0.0,0.0,0.0,0.0,0.0,0.0,0.0,0.0,0.0,0.0,0.0,0.0,0.0,0.0,0.0,0.0,0.0,0.0,0.0,0.0,0.0,0.0,0.0,0.0,0.0,0.0,0.0,0.0,0.0,0.0,0.0,0.0,0.0,0.0,0.0,0.0,0.0,0.0,0.0,0.0,0.0,0.0,0.0,0.0,0.0,0.0,0.0,0.0,0.0,0.0,0.0,0.0,0.0,0.0,0.0,0.0,0.0,0.0,0.0,0.0,0.0,0.0,0.0,0.0,0.0,0.0,0.0,0.0,0.0,0.0,0.0,0.0,0.0,0.0,0.0,0.0,0.0,0.0,0.0,0.0,0.0,0.0,0.0,0.0,0.0,0.0,0.0,0.0,0.0,0.0,0.0,0.0,0.0,0.0,0.0,0.0,0.0,0.0,0.0,0.0,0.0,0.0,0.0,0.0,0.0,0.0,0.0,0.0,0.0,0.0,0.0,0.0,0.0,0.0,0.0,0.0,0.0,0.0,0.0,0.0,0.0,0.0,0.0,0.0,0.0,0.0,0.0,0.0,0.0,0.0,0.0,0.0,0.0,0.0,0.0,0.0,0.0,0.0,0.0,0.0,0.0,0.0,0.0,0.0,0.0,0.0,0.0,0.0,0.0,0.0,0.0,0.0,0.0,0.0,0.0,0.0,0.0,0.0,0.0,0.0,0.0,0.0,0.0,0.0,0.0,0.0,0.0,0.0,0.0,0.0,0.0,0.0,0.0,0.0,0.0,0.0,0.0,0.0,0.0,0.0,0.0,0.0,0.0,0.0,0.0,0.0,0.0,0.0,0.0,0.0,0.0,0.0,0.0,0.0,0.0,0.0,0.0,0.0,0.0,0.0,0.0,0.0,0.0,0.0,0.0,0.0,0.0,0.0,0.0,0.0,0.0,0.0,0.0,0.0,0.0,0.0,0.0,0.0,0.0,0.0,0.0,0.0,0.0,0.0,0.0,0.0,0.0,0.0,0.0,0.0,0.0,0.0,0.0,0.0,0.0,0.0,0.0,0.0,0.0,0.0,0.0,0.0,0.0,0.0,0.0,0.0,0.0,0.0,0.0,0.0,0.0,0.0,0.0,0.0,0.0,0.0,0.0,0.0,0.0,0.0,0.0,0.0,0.0,0.0,0.0,0.0,0.0,0.0,0.0,0.0,0.0,0.0,0.0,0.0,0.0,0.0,0.0,0.0,0.0,0.0,0.0,0.0,0.0,0.0,0.0,0.0,0.0,0.0,0.0,0.0,0.0,0.0,0.0,0.0,0.0,0.0,0.0,0.0,0.0,0.0,0.0,0.0,0.0,0.0,0.0,0.0,0.0,0.0,0.0,0.0,0.0,0.0,0.0,0.0,0.0,0.0,0.0,0.0,0.0,0.0,0.0,0.0,0.0,0.0,0.0,0.0,0.0,0.0,0.0,0.0,0.0,0.0,0.0,0.0,0.0,0.0,0.0,0.0,0.0,0.0,0.0,0.0,0.0,0.0,0.0,0.0,0.0,0.0,0.0,0.0,0.0,0.0,0.0,0.0,0.0,0.0,0.0,0.0,0.0,0.0,0.0,0.0,0.0,0.0,0.0,0.0,0.0,0.0,0.0,0.0,0.0,0.0,0.0,0.0,0.0,0.0,0.0,0.0,0.0,0.0,0.0,0.0,0.0,0.0,0.0,0.0,0.0,0.0,0.0,0.0,0.0,0.0,0.0,0.0,0.0,0.0,0.0,0.0,0.0,0.0,0.0,0.0,0.0,0.0,0.0,0.0,0.0,0.0,0.0,0.0,0.0,0.0,0.0,0.0,0.0,0.0,0.0,0.0,0.0,0.0,0.0,0.0,0.0,0.0,0.0,0.0,0.0,0.0,0.0,0.0,0.0,0.0,0.0,0.0,0.0,0.0,0.0,0.0,0.0,0.0,0.0,0.0,0.0,0.0,0.0,0.0,0.0,0.0,0.0,0.0,0.0,0.0,0.0,0.0,0.0,0.0,0.0,0.0,0.0,0.0,0.0,0.0,5.685871364633803e-28,1.2976174735801156e-27,2.1949985127133743e-27,3.269016179764506e-27,4.528354582477433e-27,5.9821169059914256e-27,7.639847515923722e-27,9.511555350348841e-27,1.1607738684589277e-26,1.3939411361636162e-26,1.6518130583463197e-26,1.9356026367360687e-26,2.2465832778848742e-26,2.586092105942562e-26,2.955533477714223e-26,3.356382713729575e-26,3.7901900599747656e-26,4.2585848964189986e-26,4.7632802086905384e-26,5.306077342513116e-26,5.888871059195174e-26,6.513654914566232e-26,7.182526983750374e-26,7.897695956890064e-26,8.66148763222465e-26,9.476351835619124e-26,1.0344869797581567e-25,1.1269762021400008e-25,1.2253896679191726e-25,1.330029857469015e-25,1.4412158716021439e-25,1.5592844544161833e-25,1.6845910867851456e-25,1.817511155862315e-25,1.9584412065360595e-25,2.1078002812221336e-25,2.266031354983878e-25,2.4336028734841597e-25,2.6110104020697726e-25,2.798778394900597e-25,2.997462093897795e-25,3.2076495681818256e-25,3.4299639055470987e-25,3.6650655687154394e-25,3.9136549301530423e-25,4.176475000593244e-25,4.454314367879444e-25,4.748010364151752e-25,5.0584524813176955e-25,5.386586056533077e-25,5.733416251605324e-25,6.100012352540526e-25,6.487512418074314e-25,6.897128308936155e-25,7.330151132719826e-25,7.787957142886574e-25,8.272014134286497e-25,8.783888382136087e-25,9.325252176064482e-25,9.897892006641588e-25,1.0503717467544484e-24,1.1144770943704068e-24,1.1823238163249264e-24,1.2541459699522695e-24,1.3301943519461004e-24,1.41073786849259e-24,1.4960650326080974e-24,1.5864856019570862e-24,1.6823323718879137e-24,1.7839631403520135e-24,1.8917628630619668e-24,2.006146019699657e-24,2.1275592143882744e-24,2.2564840364519545e-24,2.393440210898116e-24,2.5389890714662788e-24,2.693737393530597e-24,2.8583416287694566e-24,3.0335125890363577e-24,3.2200206330547945e-24,3.41870141673114e-24,3.630462276180736e-24,3.8562893217448325e-24,4.097255332430353e-24,4.3545285523430376e-24,4.629382505700102e-24,4.923206963057829e-24,5.237520211324037e-24,5.5739828023562595e-24,5.9344129813838005e-24,6.320804026814707e-24,6.735343768876945e-24,7.180436596479677e-24,7.658728310633755e-24,8.173134240333273e-24,8.7268711054658e-24,9.323493191046829e-24,9.966933492956563e-24,1.0661550608099924e-23,1.1412182276605262e-23,1.2224206644753578e-23,1.3103612509054607e-23,1.4057080033559812e-23,1.5092073709520278e-23,1.6216949662621546e-23,1.7441079818566777e-23,1.8774995932174008e-23,2.0230557085087988e-23,2.1821144993879313e-23,2.356189237247352e-23,2.546995070368573e-23,2.756480515035326e-23,2.9868646041114405e-23,3.240680849263424e-23,3.520829438994291e-23,3.830639429155675e-23,4.173943104820994e-23,4.555165228120857e-23,4.9794305700522074e-23,5.452693998925268e-23,5.98189852706212e-23,6.575168177583601e-23,7.242044438240889e-23,7.993777566280097e-23,8.843687303373629e-23,9.807611937525748e-23,1.0904470505749837e-22,1.2156970825205804e-22,1.3592506761295854e-22,1.524430282622323e-22,1.7152884480528433e-22,1.936798078104878e-22,2.195100580568601e-22,2.4978321851571756e-22,2.8545568704307984e-22,3.2773461469406276e-22,3.7815633402594425e-22,4.386935952059842e-22,5.119038887286625e-22,6.0113715062132515e-22,7.108305286773714e-22,8.469327732916495e-22,1.017524873059097e-21,1.233743225357882e-21,1.5111784910609156e-21,1.872038675412761e-21,2.348569373369839e-21,2.9885966229846074e-21,3.8647583130704856e-21,5.090353878170464e-21,6.847501565303864e-21,9.439120451382322e-21,1.3389176780755404e-20,1.964587776229857e-20,3.0017807892459426e-20,4.817419734334751e-20,8.212299898162512e-20,1.5092898236175935e-19,3.049429331453687e-19,6.945156059695736e-19,1.836387328839277e-18,5.788308473629228e-18,2.181085623254572e-17,9.354339512222652e-17,4.149802863897364e-16,1.7600266383791907e-15,7.000121806725212e-15,2.6104003501843012e-14,8.911312164918176e-14,2.703147300733221e-13,7.210078568547642e-13,1.708053117733682e-12,3.6765306926920995e-12,7.363010812150807e-12,1.381990666248027e-11,2.4137315731061425e-11,3.9062969895433896e-11,5.881918929244172e-11,8.315092260330593e-11,1.1148660636521771e-10,1.4310471344836777e-10,1.7725795067836437e-10,2.1324870454345222e-10,2.504662431379116e-10,2.883988928685606e-10,3.2663184223750506e-10,3.648377742456377e-10,4.027647093177865e-10,4.4022350430820565e-10,4.770762425337182e-10,5.132260404190645e-10,5.486084052504767e-10,5.831840780640588e-10,6.169332051005413e-10,6.498506510679236e-10,6.819422685976324e-10,7.132219543763095e-10,7.437093442971367e-10,7.734280227103085e-10,8.024041421021377e-10,8.306653685367447e-10,8.582400840911795e-10,8.851567911643088e-10,9.114436744938616e-10,9.371282858455628e-10,9.622373235311576e-10,9.867964848351401e-10,1.010830374069165e-09,1.034362452716978e-09,1.0574150210775676e-09,1.08000922314976e-09,1.1021650683413131e-09,1.1239014651216911e-09,1.1452362627082995e-09,1.1661862979746387e-09,1.186767445347712e-09,1.2069946680425653e-09,1.22688206941604e-09,1.2464429435588188e-09,1.2656898244787726e-09,1.2846345334544113e-09,1.3032882242641368e-09,1.3216614261359862e-09,1.3397640843104674e-09,1.3576055982384127e-09,1.3751948573917531e-09,1.3925402747568332e-09,1.4096498181710923e-09,1.4265310394788325e-09,1.4431911016989103e-09,1.4596368042971617e-09,1.4758746066779662e-09,1.4919106500027707e-09,1.5077507774544814e-09,1.523400553032201e-09,1.5388652790479225e-09,1.5541500123262737e-09,1.5692595792561541e-09,1.5841985897800596e-09,1.5989714503965173e-09,1.613582376215284e-09,1.6280354022030472e-09,1.6423343935983895e-09,1.656483055669462e-09,1.6704849427494422e-09,1.6843434666338594e-09,1.6980619045097711e-09,1.7116434062339306e-09,1.7250910012146175e-09,1.7384076047867981e-09,1.7515960241876272e-09,1.7646589641904332e-09,1.7775990322776577e-09,1.7904187435855737e-09,1.8031205254852788e-09,1.8157067219022158e-09,1.8281795973543317e-09,1.8405413407504138e-09,1.8527940689833178e-09,1.8649398302646707e-09,1.8769806073040007e-09,1.8889183202848823e-09,1.9007548296727255e-09,1.912491938848977e-09,1.9241313966387277e-09,1.935674899651044e-09,1.947124094511671e-09,1.95848057999615e-09,1.9697459089890855e-09,1.9809215903879515e-09,1.992009090904656e-09,2.003009836753086e-09,2.013925215250725e-09,2.024756576380324e-09,2.0355052341941008e-09,2.0461724682178698e-09,2.056759524769447e-09,2.0672676181720216e-09,2.0776979319753644e-09,2.0880516200807364e-09,2.0983298077790923e-09,2.1085335928274266e-09,2.118664046403185e-09,2.128722214026224e-09,2.138709116460272e-09,2.148625750560239e-09,2.1584730901324368e-09,2.168252086615464e-09,2.1779636698921636e-09,2.1876087489818772e-09,2.1971882127367283e-09,2.206702930460973e-09,2.2161537525589676e-09,2.2255415111248855e-09,2.2348670212441534e-09,2.244131079365453e-09,2.2533344660003795e-09,2.2624779455098916e-09,2.2715622666115555e-09,2.2805881628072367e-09,2.289556352850523e-09,2.2984675411842844e-09,2.3073224183459265e-09,2.3161216613736e-09,2.324865934205674e-09,2.333555887978746e-09,2.3421921614730344e-09,2.3507753814260752e-09,2.359306162852186e-09,2.3677851093492294e-09,2.376212813443939e-09,2.384589856855012e-09,2.3929168108047277e-09,2.401194236231571e-09,2.409422684179452e-09,2.4176026959343064e-09,2.425734803331315e-09,2.43381952898415e-09,2.441857386513227e-09,2.449848880775771e-09,2.4577945080798575e-09,2.4656947563871763e-09,2.4735501055450504e-09,2.4813610274379078e-09,2.489127986207732e-09,2.4968514384355913e-09,2.504531833317701e-09,2.5121696128148743e-09,2.5197652118750516e-09,2.5273190585242046e-09,2.5348315740950732e-09,2.542303173345742e-09,2.549734264582318e-09,2.5571252498367786e-09,2.564476524997258e-09,2.5717884799736073e-09,2.5790614987299114e-09,2.586295959539398e-09,2.5934922350316806e-09,2.6006506923251212e-09,2.607771693166605e-09,2.6148555939979345e-09,2.621902746079377e-09,2.628913495719797e-09,2.635888184164794e-09,2.6428271478477066e-09,2.649730718424685e-09,2.656599222925064e-09,2.663432983796092e-09,2.6702323190180855e-09,2.67699754218343e-09,2.683728962586533e-09,2.690426885305395e-09,2.6970916112854244e-09,2.7037234374300167e-09,2.710322656635125e-09,2.7168895579281833e-09,2.723424426493985e-09,2.7299275437732676e-09,2.736399187512027e-09,2.7428396318437527e-09,2.7492491473479915e-09,2.7556280011284982e-09,2.7619764568530046e-09,2.768294774854492e-09,2.7745832121267692e-09,2.780842022454368e-09,2.787071456451306e-09,2.793271761556037e-09,2.7994431821669805e-09,2.80558595967381e-09,2.811700332473724e-09,2.817786536065794e-09,2.8238448030776714e-09,2.8298753633319796e-09,2.8358784438688648e-09,2.8418542690125087e-09,2.8478030604083534e-09,2.8537250370735442e-09,2.8596204154330832e-09,2.8654894093673676e-09,2.871332230264344e-09,2.8771490870231317e-09,2.8829401861410806e-09,2.8887057317296833e-09,2.894445925535051e-09,2.9001609670229985e-09,2.9058510533742217e-09,2.9115163795174488e-09,2.9171571382104617e-09,2.9227735200202202e-09,2.9283657133931387e-09,2.9339339046691463e-09,2.939478278120212e-09,2.9449990159883418e-09,2.950496298505645e-09,2.9559703039266203e-09,2.961421208567726e-09,2.9668491868249188e-09,2.972254411206658e-09,2.977637052356552e-09,2.9829972790908487e-09,2.9883352584188778e-09,2.993651155575145e-09,2.9989451340502633e-09,3.004217355588085e-09,3.0094679802414834e-09,3.0146971663745157e-09,3.0199050707088106e-09,3.025091848331025e-09,3.0302576527281003e-09,3.035402635791603e-09,3.040526947828703e-09,3.0456307376460445e-09,3.0507141525103817e-09,3.055777338201528e-09,3.0608204390059474e-09,3.0658435977958943e-09,3.070846955923055e-09,3.0758306533618695e-09,3.0807948287199482e-09,3.08573961918548e-09,3.0906651606050326e-09,3.095571587470728e-09,3.1004590329721214e-09,3.1053276289531906e-09,3.110177505985755e-09,3.1150087933909113e-09,3.1198216191897583e-09,3.124616110183332e-09,3.1293923919345453e-09,3.13415058884361e-09,3.1388908240679895e-09,3.143613219605334e-09,3.1483178962968682e-09,3.1530049738135568e-09,3.157674570714187e-09,3.162326804431652e-09,3.166961791293362e-09,3.1715796465277057e-09,3.176180484313395e-09,3.1807644177463724e-09,3.185331558847812e-09,3.189882018638562e-09,3.1944159070952858e-09,3.1989333331686696e-09,3.2034344048612744e-09,3.2079192291298497e-09,3.212387911981994e-09,3.2168405584848746e-09,3.221277272674024e-09,3.2256981576731275e-09,3.2301033157782494e-09,3.2344928482509305e-09,3.238866855460195e-09,3.2432254369106493e-09,3.247568691193328e-09,3.251896716042843e-09,3.2562096083146323e-09,3.26050746401104e-09,3.2647903782785138e-09,3.269058445466745e-09,3.273311759036556e-09,3.2775504116877476e-09,3.2817744952622293e-09,3.2859841008597396e-09,3.2901793187460837e-09,3.2943602384270338e-09,3.298526948617559e-09,3.3026795372936342e-09,3.306818091646363e-09,3.310942698159642e-09,3.31505344255315e-09,3.319150409817759e-09,3.3232336842363747e-09,3.3273033493655224e-09,3.3313594880540154e-09,3.3354021824832616e-09,3.3394315140959376e-09,3.3434475636839857e-09,3.3474504113845597e-09,3.3514401365885007e-09,3.355416818096841e-09,3.359380534041591e-09,3.363331361903077e-09,3.367269378520252e-09,3.371194660105733e-09,3.3751072822389933e-09,3.379007319879406e-09,3.3828948473906186e-09,3.3867699385187532e-09,3.3906326663518825e-09,3.3944831035038504e-09,3.398321321927301e-09,3.4021473929815246e-09,3.4059613874872882e-09,3.4097633756804457e-09,3.413553427233257e-09,3.417331611271692e-09,3.421097996342982e-09,3.424852650472573e-09,3.428595641140414e-09,3.432327035312633e-09,3.4360468993541607e-09,3.439755299180013e-09,3.4434523001598237e-09,3.4471379671471914e-09,3.4508123645010137e-09,3.4544755560553245e-09,3.4581276051608353e-09,3.461768574681089e-09,3.465398526963165e-09,3.469017523900009e-09,3.472625626890377e-09,3.4762228968637657e-09,3.479809394282299e-09,3.4833851791461874e-09,3.48695031098506e-09,3.490504848883039e-09,3.49404885146706e-09,3.4975823769259757e-09,3.5011054829638562e-09,3.504618226931419e-09,3.5081206656755287e-09,3.5116128556379958e-09,3.5150948528268575e-09,3.5185667128373877e-09,3.52202849084227e-09,3.525480241601323e-09,3.5289220194671358e-09,3.532353878385409e-09,3.535775871922613e-09,3.5391880531822096e-09,3.5425904749373514e-09,3.545983189550009e-09,3.549366248993918e-09,3.552739704862959e-09,3.556103608369235e-09,3.5594580103421344e-09,3.5628029612601907e-09,3.5661385112113113e-09,3.5694647099270955e-09,3.572781606776674e-09,3.576089250779357e-09,3.579387690555391e-09,3.582676974429831e-09,3.585957150349468e-09,3.5892282659212737e-09,3.5924903684054527e-09,3.5957435047354396e-09,3.5989877214896013e-09,3.6022230649069698e-09,3.6054495809380915e-09,3.6086673151716162e-09,3.6118763128861523e-09,3.6150766190248088e-09,3.618268278220574e-09,3.621451334798479e-09,3.6246258327441485e-09,3.627791815757118e-09,3.630949327223181e-09,3.6340984102135444e-09,3.6372391075269807e-09,3.6403714616491064e-09,3.6434955147332054e-09,3.646611308670507e-09,3.649718885092108e-09,3.6528182852756095e-09,3.6559095502531792e-09,3.658992720763996e-09,3.6620678372687367e-09,3.6651349399366063e-09,3.668194068675474e-09,3.6712452631241335e-09,3.6742885626135958e-09,3.6773240062420723e-09,3.680351632827382e-09,3.6833714809304097e-09,3.6863835888398204e-09,3.6893879945875736e-09,3.6923847359479735e-09,3.6953738504377872e-09,3.698355375315632e-09,3.7013293476183724e-09,3.704295804091847e-09,3.7072547812445724e-09,3.7102063153541884e-09,3.7131504424551408e-09,3.7160871983314465e-09,3.71901661852955e-09,3.7219387383507924e-09,3.724853592895986e-09,3.72776121699558e-09,3.730661645274347e-09,3.733554912084669e-09,3.736441051605277e-09,3.7393200977655576e-09,3.742192084263596e-09,3.745057044591804e-09,3.747915012010087e-09,3.750766019569143e-09,3.753610100100121e-09,3.756447286218481e-09,3.759277610328596e-09,3.762101104625894e-09,3.764917801093689e-09,3.767727731511567e-09,3.770530927440113e-09,3.7733274202523214e-09,3.776117241105227e-09,3.7789004209689474e-09,3.781676990604804e-09,3.784446980584803e-09,3.7872104212668974e-09,3.789967342840831e-09,3.792717775277916e-09,3.7954617483700424e-09,3.79819929172199e-09,3.800930434744754e-09,3.803655206664447e-09,3.806373636528265e-09,3.8090857531897735e-09,3.811791585328422e-09,3.814491161427722e-09,3.817184509806707e-09,3.819871658603599e-09,3.82255263577737e-09,3.8252274691069185e-09,3.8278961862076e-09,3.830558814520151e-09,3.833215381304464e-09,3.8358659136588495e-09,3.838510438511479e-09,3.841148982624231e-09,3.8437815725888155e-09,3.846408234841019e-09,3.849028995643474e-09,3.8516438811166745e-09,3.854252917171569e-09,3.856856129612907e-09,3.859453544065772e-09,3.862045186006772e-09,3.864631080724187e-09,3.8672112533978085e-09,3.869785729022664e-09,3.872354532449451e-09,3.874917688383902e-09,3.8774752213720994e-09,3.880027155806929e-09,3.882573515966001e-09,3.885114325942907e-09,3.887649609699738e-09,3.890179391042985e-09,3.892703693665313e-09,3.895222541090525e-09,3.8977359567051e-09,3.900243963763202e-09,3.90274658538209e-09,3.9052438445031566e-09,3.907735763994465e-09,3.910222366541771e-09,3.912703674727538e-09,3.915179710946361e-09,3.917650497520725e-09,3.920116056613495e-09,3.922576410237175e-09,3.925031580326078e-09,3.927481588646879e-09,3.929926456843063e-09,3.9323662064443526e-09,3.934800858824535e-09,3.93723043522182e-09,3.939654956849773e-09,3.9420744447032254e-09,3.944488919673934e-09,3.946898402533391e-09,3.949302913939321e-09,3.951702474442561e-09,3.95409710443625e-09,3.956486824211069e-09,3.95887165396818e-09,3.961251613755139e-09,3.963626723525904e-09,3.965997003114291e-09,3.968362472240025e-09,3.970723150506913e-09,3.973079057407567e-09,3.975430212322108e-09,3.977776634518333e-09,3.980118343169597e-09,3.9824553573192846e-09,3.984787695910707e-09,3.9871153777744965e-09,3.989438421649981e-09,3.9917568461531855e-09,3.994070669802913e-09,3.99637991100282e-09,3.998684588070393e-09,4.000984719213555e-09,4.003280322534159e-09,4.0055714160434065e-09,4.0078580176155685e-09,4.010140145061275e-09,4.012417816082285e-09,4.0146910482820135e-09,4.016959859174654e-09,4.019224266141515e-09,4.021484286503564e-09,4.023739937464458e-09,4.025991236157517e-09,4.028238199601768e-09,4.030480844714876e-09,4.032719188343118e-09,4.034953247236123e-09,4.037183038021121e-09,4.03940857727077e-09,4.041629881460458e-09,4.043846966941828e-09,4.046059850006196e-09,4.0482685468759825e-09,4.0504730736417336e-09,4.052673446337569e-09,4.054869680874782e-09,4.057061793124454e-09,4.059249798832998e-09,4.061433713693488e-09,4.063613553278692e-09,4.065789333098531e-09,4.067961068586558e-09,4.0701287750774674e-09,4.072292467826231e-09,4.074452162012651e-09,4.076607872728663e-09,4.078759614984531e-09,4.080907403714467e-09,4.083051253772766e-09,4.085191179929567e-09,4.087327196879294e-09,4.089459319241422e-09,4.091587561558217e-09,4.093711938282299e-09,4.095832463799545e-09,4.097949152417096e-09,4.100062018367932e-09,4.102171075811208e-09,4.104276338828024e-09,4.106377821427636e-09,4.1084755375444795e-09,4.1105695010355206e-09,4.112659725693822e-09,4.11474622524217e-09,4.116829013311728e-09,4.118908103480387e-09,4.120983509251532e-09,4.123055244056309e-09,4.125123321254944e-09,4.127187754143124e-09,4.1292485559419385e-09,4.13130573980728e-09,4.1333593188277425e-09,4.135409306005642e-09,4.137455714319808e-09,4.139498556647979e-09,4.141537845802493e-09,4.143573594537778e-09,4.145605815539391e-09,4.147634521431091e-09,4.149659724754395e-09,4.151681438034516e-09,4.153699673684785e-09,4.155714444070643e-09,4.1577257614960645e-09,4.15973363819944e-09,4.161738086361233e-09,4.163739118097915e-09,4.165736745458324e-09,4.167730980443689e-09,4.16972183498547e-09,4.171709320955093e-09,4.173693450166277e-09,4.175674234371841e-09,4.177651685267273e-09,4.179625814488769e-09,4.1815966336219e-09,4.183564154166792e-09,4.185528387592691e-09,4.187489345320896e-09,4.189447038676021e-09,4.1914014789570975e-09,4.193352677401572e-09,4.195300645187315e-09,4.197245393439715e-09,4.199186933223378e-09,4.201125275556919e-09,4.20306043139832e-09,4.204992411644936e-09,4.2069212271555195e-09,4.208846888734432e-09,4.210769407111241e-09,4.212688792983099e-09,4.214605056994492e-09,4.216518209727228e-09,4.218428261721935e-09,4.220335223458337e-09,4.222239105367341e-09,4.224139917839412e-09,4.2260376712018845e-09,4.227932375733953e-09,4.229824041671076e-09,4.231712679193077e-09,4.233598298434713e-09,4.235480909477416e-09,4.23736052235598e-09,4.239237147057001e-09,4.241110793518666e-09,4.2429814716315475e-09,4.244849191239638e-09,4.246713962136514e-09,4.248575794072013e-09,4.250434696748601e-09,4.252290679821377e-09,4.254143752900173e-09,4.255993925549287e-09,4.257841207284435e-09,4.259685607601132e-09,4.2615271358873584e-09,4.263365801556649e-09,4.265201613927748e-09,4.267034582330798e-09,4.268864715968376e-09,4.270692024066124e-09,4.2725165157904645e-09,4.274338200263653e-09,4.276157086563745e-09,4.277973183721427e-09,4.279786500728832e-09,4.2815970465427586e-09,4.283404830069203e-09,4.285209860173695e-09,4.287012145682147e-09,4.2888116953795154e-09,4.290608518014822e-09,4.292402622280103e-09,4.29419401685329e-09,4.2959827103450346e-09,4.297768711339663e-09,4.29955202837284e-09,4.301332669953996e-09,4.303110644553281e-09,4.3048859605868766e-09,4.306658626443404e-09,4.308428650458598e-09,4.310196040968444e-09,4.311960806230504e-09,4.313722954474379e-09,4.3154824939049255e-09,4.317239432675353e-09,4.318993778905615e-09,4.320745540680568e-09,4.322494726044092e-09,4.324241343014824e-09,4.3259853995587956e-09,4.327726903622826e-09,4.32946586310435e-09,4.331202285870686e-09,4.332936179753278e-09,4.334667552546965e-09,4.336396412011448e-09,4.33812276587576e-09,4.339846621828174e-09,4.3415679875250755e-09,4.34328687058619e-09,4.345003278601706e-09,4.346717219122772e-09,4.34842869967553e-09,4.350137727744917e-09,4.351844310781315e-09,4.353548456206736e-09,4.355250171407162e-09,4.3569494637380995e-09,4.358646340521775e-09,4.360340809051143e-09,4.362032876586827e-09,4.3637225503341225e-09,4.365409837526514e-09,4.367094745268781e-09,4.368777280719853e-09,4.37045745097746e-09,4.372135263108998e-09,4.3738107241514405e-09,4.375483841109383e-09,4.377154620956541e-09,4.378823070641745e-09,4.380489197076961e-09,4.382153007143206e-09,4.383814507704014e-09,4.385473705570712e-09,4.387130607554216e-09,4.38878522040138e-09,4.390437550856782e-09,4.392087605619443e-09,4.393735391389848e-09,4.395380914797084e-09,4.397024182469692e-09,4.3986652009902305e-09,4.40030397693044e-09,4.40194051682623e-09,4.403574827176116e-09,4.405206914466988e-09,4.406836785147944e-09,4.408464445642742e-09,4.410089902329782e-09,4.411713161616804e-09,4.4133342298262115e-09,4.414953113269952e-09,4.4165698182426786e-09,4.418184350997731e-09,4.419796717781761e-09,4.421406924798938e-09,4.4230149782303185e-09,4.424620884229803e-09,4.426224648933458e-09,4.427826278438235e-09,4.429425778827274e-09,4.431023156149812e-09,4.432618416442089e-09,4.434211565702234e-09,4.435802609908972e-09,4.437391555010998e-09,4.438978406930181e-09,4.44056317157501e-09,4.442145854828141e-09,4.443726462560145e-09,4.44530500057465e-09,4.446881474700292e-09,4.448455890687809e-09,4.45002825430717e-09,4.451598571295445e-09,4.453166847361451e-09,4.454733088187872e-09,4.456297299442751e-09,4.457859486761824e-09,4.459419655761778e-09,4.460977812036098e-09,4.4625339611536086e-09,4.464088108662728e-09,4.465640260088075e-09,4.467190420938518e-09,4.468738596699045e-09,4.470284792793588e-09,4.4718290146804925e-09,4.473371267771248e-09,4.4749115574567514e-09,4.4764498891009195e-09,4.47798626805543e-09,4.479520699640808e-09,4.481053189166549e-09,4.482583741915238e-09,4.484112363152995e-09,4.485639058105795e-09,4.48716383199739e-09,4.488686690030236e-09,4.490207637379079e-09,4.4917266791995885e-09,4.493243820629604e-09,4.4947590667822696e-09,4.496272422741491e-09,4.497783893597e-09,4.499293484377917e-09,4.500801200157849e-09,4.502307045933864e-09,4.503811026691936e-09,4.505313147410512e-09,4.506813413037653e-09,4.508311828529065e-09,4.509808398776306e-09,4.5113031286799546e-09,4.512796023119688e-09,4.514287086953507e-09,4.515776325020872e-09,4.517263742137459e-09,4.5187493431014396e-09,4.520233132697109e-09,4.5217151156859005e-09,4.523195296810073e-09,4.524673680801796e-09,4.526150272354267e-09,4.527625076164883e-09,4.529098096902898e-09,4.530569339210384e-09,4.53203880773763e-09,4.533506507092646e-09,4.534972441876609e-09,4.5364366166641865e-09,4.537899036020575e-09,4.539359704483712e-09,4.54081862658285e-09,4.5422758068415145e-09,4.543731249729647e-09,4.545184959731401e-09,4.545221381130723e-09,4.545255808896399e-09,4.545290064818258e-09,4.54532442182576e-09,4.545358920867312e-09,4.545393566278439e-09,4.545428356092717e-09,4.545463286841259e-09,4.545498354378779e-09,4.545533554089578e-09,4.545568880994482e-09,4.545604329838332e-09,4.545639895169872e-09,4.545675571414034e-09,4.5457113529374e-09,4.54574723410585e-09,4.545783209334648e-09,4.545819273131144e-09,4.5458554201303584e-09,4.545891645124015e-09,4.545927943083398e-09,4.545964309176959e-09,4.546000738782808e-09,4.546037227497127e-09,4.546073771138799e-09,4.54611036575093e-09,4.5461470075998165e-09,4.546183693171618e-09,4.5462204191674455e-09,4.546257182496861e-09,4.546293980270595e-09,4.54633080979225e-09,4.546367668549576e-09,4.5464045542054215e-09,4.546441464588407e-09,4.5464783976837745e-09,4.546515351623956e-09,4.546552324679806e-09,4.546589315251811e-09,4.5466263218615375e-09,4.546663343143241e-09,4.546700377836578e-09,4.5467374247788636e-09,4.546774482898117e-09,4.546811551206481e-09,4.546848628793965e-09,4.546885714822692e-09,4.5469228085211435e-09,4.5469599091794215e-09,4.546997016144182e-09,4.547034128814462e-09,4.54707124663738e-09,4.547108369103972e-09,4.5471454957463835e-09,4.547182626134073e-09,4.547219759870932e-09,4.547256896592433e-09,4.5472940359628885e-09,4.5473311776737226e-09,4.547368321440306e-09,4.547405467000553e-09,4.5474426141129385e-09,4.547479762554709e-09,4.547516912120463e-09,4.547554062620467e-09,4.547591213879533e-09,4.547628365735702e-09,4.547665518039175e-09,4.547702670651209e-09,4.547739823443253e-09,4.547776976296066e-09,4.5478141290989e-09,4.547851281748801e-09,4.547888434149814e-09,4.547925586212868e-09,4.547962737854666e-09,4.547999888997092e-09,4.548037039567207e-09,4.548074189496784e-09,4.54811133872159e-09,4.548148487181321e-09,4.548185634819079e-09,4.548222781581239e-09,4.548259927416968e-09,4.548297072278242e-09,4.548334216119531e-09,4.548371358897394e-09,4.548408500570493e-09,4.548445641099358e-09,4.548482780446263e-09,4.548519918575029e-09,4.548557055450972e-09,4.548594191040786e-09,4.5486313253121054e-09,4.548668458233871e-09,4.548705589776166e-09,4.5487427199100055e-09,4.5487798486068095e-09,4.548816975839279e-09,4.548854101580673e-09,4.5488912258049414e-09,4.5489283484863945e-09,4.54896546960065e-09,4.549002589123089e-09,4.549039707029895e-09,4.549076823297632e-09,4.549113937903272e-09,4.549151050824249e-09,4.549188162038287e-09,4.549225271523451e-09,4.549262379258105e-09,4.54929948522093e-09,4.549336589390865e-09,4.549373691747112e-09,4.549410792269031e-09,4.549447890936294e-09,4.549484987728728e-09,4.549522082626381e-09,4.54955917560949e-09,4.549596266658403e-09,4.549633355753685e-09,4.549670442876072e-09,4.5497075280063805e-09,4.549744611125636e-09,4.549781692214952e-09,4.549818771255603e-09,4.5498558482289366e-09,4.549892923116503e-09,4.5499299958998545e-09,4.549967066560758e-09,4.550004135080946e-09,4.550041201442415e-09,4.550078265627187e-09,4.550115327617343e-09,4.550152387395038e-09,4.550189444942623e-09,4.550226500242568e-09,4.550263553277227e-09,4.550300604029253e-09,4.5503376524815215e-09,4.5503746986161365e-09,4.550411742416183e-09,4.550448783864599e-09,4.5504858229443205e-09,4.550522859638355e-09,4.550559893929851e-09,4.550596925801931e-09,4.550633955237822e-09,4.550670982220843e-09,4.5507080067343736e-09,4.550745028761894e-09,4.5507820482869144e-09,4.550819065293013e-09,4.550856079763845e-09,4.550893091683152e-09,4.55093010103472e-09,4.550967107802408e-09,4.5510041119699455e-09,4.551041113521527e-09,4.551078112441398e-09,4.5511151087132865e-09,4.551152102321688e-09,4.551189093250698e-09,4.551226081484576e-09,4.551263067007719e-09,4.551300049804678e-09,4.551337029859672e-09,4.551374007157395e-09,4.551410981682453e-09,4.551447953419513e-09,4.551484922353309e-09,4.551521888468617e-09,4.551558851750292e-09,4.5515958121832035e-09,4.551632769752408e-09,4.551669724442867e-09,4.55170667623952e-09,4.551743625127748e-09,4.551780571092685e-09,4.5518175141196775e-09,4.5518544541938304e-09,4.551891391300763e-09,4.551928325425666e-09,4.551965256553928e-09,4.55200218467076e-09,4.5520391097622856e-09,4.55207603181451e-09,4.552112950812866e-09,4.552149866743031e-09,4.552186779590712e-09,4.552223689341924e-09,4.552260595982503e-09,4.552297499498688e-09,4.552334399876007e-09,4.552371297100888e-09,4.552408191159406e-09,4.5524450820377494e-09,4.552481969721686e-09,4.552518854198499e-09,4.5525557354540704e-09,4.5525926134747816e-09,4.55262948824709e-09,4.552666359757528e-09,4.552703227992673e-09,4.552740092939151e-09,4.552776954583613e-09,4.552813812912814e-09,4.552850667913494e-09,4.552887519572412e-09,4.5529243678765114e-09,4.552961212812761e-09,4.552998054368012e-09,4.553034892529422e-09,4.55307172728401e-09,4.553108558618881e-09,4.5531453865212345e-09,4.553182210978405e-09,4.553219031977442e-09,4.553255849505653e-09,4.553292663550679e-09,4.553329474100084e-09,4.553366281140802e-09,4.5534030846606045e-09,4.553439884647107e-09,4.553476681087865e-09,4.553513473970579e-09,4.553550263282951e-09,4.553587049012742e-09,4.553623831147845e-09,4.553660609675947e-09,4.553697384585085e-09,4.553734155863068e-09,4.553770923497993e-09,4.553807687477882e-09,4.553844447790827e-09,4.553881204424961e-09,4.553917957368441e-09,4.5539547066095315e-09,4.553991452136512e-09,4.554028193937697e-09,4.5540649320014215e-09,4.55410166631603e-09,4.554138396870104e-09,4.554175123652175e-09,4.554211846650627e-09,4.554248565854112e-09,4.554285281251198e-09,4.554321992830715e-09,4.5543587005813e-09,4.5543954044917215e-09,4.554432104550957e-09,4.554468800747597e-09,4.554505493070648e-09,4.554542181508894e-09,4.55457886605148e-09,4.554615546687395e-09,4.5546522234057695e-09,4.5546888961956245e-09,4.554725565046159e-09,4.554762229946546e-09,4.55479889088597e-09,4.554835547853727e-09,4.554872200839223e-09,4.554908849831006e-09,4.554945494820331e-09,4.554982135795226e-09,4.555018772745542e-09,4.555055405660796e-09,4.55509203453038e-09,4.555128659344171e-09,4.555165280091724e-09,4.5552018967627194e-09,4.555238509346856e-09,4.555275117833962e-09,4.555311722213777e-09,4.555348322476212e-09,4.555384918610915e-09,4.55542151060826e-09,4.555458098458039e-09,4.555494682150227e-09,4.555531261675001e-09,4.555567837022228e-09,4.5556044081821025e-09,4.555640975144947e-09,4.555677537900735e-09,4.555714096439798e-09,4.555750650752439e-09,4.555787200829215e-09,4.555823746659998e-09,4.555860288235432e-09,4.5558968255459485e-09,4.555933358582037e-09,4.555969887334181e-09,4.556006411792928e-09,4.556042931948877e-09,4.556079447792637e-09,4.556115959314887e-09,4.556152466506308e-09,4.556188969357635e-09,4.556225467859638e-09,4.556261962003122e-09,4.556298451778908e-09,4.5563349371779325e-09,4.556371418191042e-09,4.556407894809232e-09,4.556444367023749e-09,4.5564808348250894e-09,4.55651729820456e-09,4.556553757153261e-09,4.556590211662374e-09,4.5566266617229145e-09,4.5566631073261766e-09,4.556699548463696e-09,4.556735985126363e-09,4.556772417306028e-09,4.5568088449929196e-09,4.5568452681790875e-09,4.556881686855828e-09,4.556918101014669e-09,4.556954510647095e-09,4.5569909157446115e-09,4.557027316298595e-09,4.557063712300939e-09,4.55710010374288e-09,4.5571364906164395e-09,4.55717287291319e-09,4.557209250624796e-09,4.55724562374301e-09,4.557281992259631e-09,4.557318356166479e-09,4.5573547154552324e-09,4.557391070117891e-09,4.557427420146368e-09,4.557463765532615e-09,4.5575001062686465e-09,4.5575364423464225e-09,4.5575727737579834e-09,4.557609100495404e-09,4.5576454225508705e-09,4.5576817399163876e-09,4.557718052584129e-09,4.557754360546252e-09,4.557790663795803e-09,4.5578269623236515e-09,4.557863256122683e-09,4.5578995451853196e-09,4.557935829504789e-09,4.557972109071716e-09,4.558008383879396e-09,4.5580446539201995e-09,4.558080919186652e-09,4.558117179671311e-09,4.5581534353667054e-09,4.558189686265303e-09,4.558225932359931e-09,4.558262173642964e-09,4.558298410107021e-09,4.55833464174504e-09,4.558370868550384e-09,4.558407090514389e-09,4.558443307630508e-09,4.558479519891546e-09,4.55851572729071e-09,4.55855192982052e-09,4.558588127473441e-09,4.5586243202428324e-09,4.558660508121458e-09,4.5586966911027e-09,4.558732869179357e-09,4.5587690423446e-09,4.558805210591168e-09,4.558841373912422e-09,4.55887753230038e-09,4.558913685750198e-09,4.558949834254102e-09,4.558985977805304e-09,4.559022116397285e-09,4.5590582500227235e-09,4.559094378675381e-09,4.559130502348479e-09,4.55916662103565e-09,4.559202734729576e-09,4.559238843424126e-09,4.559274947112671e-09,4.559311045788668e-09,4.559347139445601e-09,4.559383228077314e-09,4.559419311676039e-09,4.559455390237017e-09,4.559491463753197e-09,4.5595275322179155e-09,4.5595635956252666e-09,4.559599653968703e-09,4.559635707241589e-09,4.5596717554387055e-09,4.559707798552799e-09,4.559743836577894e-09,4.5597798695079e-09,4.559815897336649e-09,4.559851920058027e-09,4.559887937665853e-09,4.559923950154088e-09,4.559959957516589e-09,4.5599959597473635e-09,4.5600319568403356e-09,4.5600679487896066e-09,4.560103935589636e-09,4.560139917233586e-09,4.560175893715925e-09,4.560211865030813e-09,4.560247831172424e-09,4.560283792134984e-09,4.560319747912579e-09,4.560355698499446e-09,4.560391643889817e-09,4.560427584077892e-09,4.5604635190580135e-09,4.560499448824492e-09,4.560535373371644e-09,4.5605712926938976e-09,4.560607206785582e-09,4.56064311564109e-09,4.560679019254764e-09,4.560714917621279e-09,4.56075081073503e-09,4.5607866985910915e-09,4.5608225811832276e-09,4.560858458505429e-09,4.5608943305528114e-09,4.5609301973201155e-09,4.560966058802302e-09,4.5610019149936884e-09,4.561037765888998e-09,4.561073611482497e-09,4.561109451769625e-09,4.5611452867447296e-09,4.561181116402595e-09,4.561216940738005e-09,4.561252759745737e-09,4.561288573420878e-09,4.561324381757947e-09,4.5613601847517684e-09,4.561395982397351e-09,4.5614317746896015e-09,4.561467561623484e-09,4.561503343193952e-09,4.561539119395967e-09,4.561574890224615e-09,4.5616106556757615e-09,4.56164641574258e-09,4.561682170421093e-09,4.561717919706271e-09,4.561753663593542e-09,4.561789402078224e-09,4.561825135154837e-09,4.56186086281832e-09,4.561896585064354e-09,4.561932301888448e-09,4.561968013285103e-09,4.5620037192498305e-09,4.562039419778819e-09,4.562075114866466e-09,4.562110804508722e-09,4.562146488700178e-09,4.562182167436603e-09,4.562217840713154e-09,4.562253508525375e-09,4.562289170868839e-09,4.562324827738782e-09,4.5623604791305794e-09,4.56239612504003e-09,4.562431765462495e-09,4.562467400393504e-09,4.5625030298284245e-09,4.562538653763048e-09,4.562574272192847e-09,4.56260988511367e-09,4.562645492520959e-09,4.562681094411489e-09,4.5627166907786186e-09,4.562752281619286e-09,4.562787866931172e-09,4.5628234467065606e-09,4.562859020942318e-09,4.56289458963491e-09,4.562930152778807e-09,4.562965710370694e-09,4.563001262406368e-09,4.563036808881728e-09,4.563072349792596e-09,4.563107885134871e-09,4.563143414904002e-09,4.563178939096416e-09,4.563214457708401e-09,4.5632499707354115e-09,4.5632854781734955e-09,4.5633209800192875e-09,4.563356476267783e-09,4.563391966915276e-09,4.5634274519580985e-09,4.563462931391904e-09,4.563498405213007e-09,4.563533873417861e-09,4.563569336002316e-09,4.56360479296166e-09,4.563640244292918e-09,4.563675689992148e-09,4.5637111300555415e-09,4.563746564479309e-09,4.563781993259677e-09,4.563817416392888e-09,4.563852833875204e-09,4.563888245702905e-09,4.563923651872279e-09,4.5639590523796586e-09,4.563994447221367e-09,4.564029836393753e-09,4.564065219893184e-09,4.564100597716043e-09,4.5641359698587295e-09,4.564171336317663e-09,4.564206697089279e-09,4.564242052170029e-09,4.564277401556381e-09,4.564312745244822e-09,4.564348083231857e-09,4.564383415513995e-09,4.5644187420877865e-09,4.564454062949751e-09,4.56448937809651e-09,4.564524687524883e-09,4.564559991230951e-09,4.564595289211597e-09,4.56463058146346e-09,4.564665867983184e-09,4.564701148767408e-09,4.564736423812843e-09,4.5647716931161854e-09,4.564806956674171e-09,4.5648422144835016e-09,4.564877466540959e-09,4.564912712843278e-09,4.564947953387298e-09,4.5649831881697285e-09,4.565018417187557e-09,4.565053640437336e-09,4.565088857916038e-09,4.565124069620535e-09,4.565159275547692e-09,4.565194475694454e-09,4.565229670057675e-09,4.5652648586342724e-09,4.56530004142114e-09,4.565335218415323e-09,4.565370389613843e-09,4.565405555013467e-09,4.565440714611306e-09,4.565475868404408e-09,4.565511016389864e-09,4.565546158564602e-09,4.565581294925677e-09,4.565616425470165e-09,4.565651550195142e-09,4.56568666909772e-09,4.565721782175012e-09,4.5657568894241555e-09,4.565791990842186e-09,4.565827086426376e-09,4.565862176173664e-09,4.565897260081692e-09,4.5659323381471264e-09,4.565967410367815e-09,4.566002476740565e-09,4.56603753726285e-09,4.566072591931634e-09,4.566107640744455e-09,4.566142683698551e-09,4.5661777207911604e-09,4.5662127520195236e-09,4.566247777381279e-09,4.566282796873475e-09,4.5663178104939935e-09,4.566352818239451e-09,4.5663878201075395e-09,4.566422816095678e-09,4.566457806201209e-09,4.566492790421712e-09,4.566527768754458e-09,4.566562741197023e-09,4.5665977077469026e-09,4.566632668401517e-09,4.566667623158343e-09,4.566702572014906e-09,4.566737514968624e-09,4.566772452017121e-09,4.566807383158118e-09,4.566842308389301e-09,4.566877227707788e-09,4.566912141111138e-09,4.566947048597236e-09,4.566981950164701e-09,4.567016845809292e-09,4.567051735529566e-09,4.567086619322567e-09,4.567121497186322e-09,4.56715636911799e-09,4.567191235116614e-09,4.567226095179186e-09,4.56726094930336e-09,4.567295797486924e-09,4.567330639727703e-09,4.5673654760238005e-09,4.567400306372063e-09,4.567435130770566e-09,4.567469949217103e-09,4.567504761708775e-09,4.567539568244073e-09,4.567574368821009e-09,4.567609163437061e-09,4.567643952090316e-09,4.5676787347791266e-09,4.567713511501252e-09,4.567748282255915e-09,4.567783047039464e-09,4.567817805850998e-09,4.5678525586869566e-09,4.5678873055452836e-09,4.56792204642419e-09,4.567956781321622e-09,4.567991510235537e-09,4.5680262331638736e-09,4.568060950104721e-09,4.568095661056116e-09,4.568130366015719e-09,4.568165064981674e-09,4.5681997579525805e-09,4.568234444925836e-09,4.568269125899834e-09,4.568303800871387e-09,4.5683384698411226e-09,4.568373132805073e-09,4.568407789762038e-09,4.568442440711162e-09,4.56847708564965e-09,4.568511724575653e-09,4.5685463574873275e-09,4.56858098438298e-09,4.568615605259218e-09,4.568650220117097e-09,4.568684828953384e-09,4.568719431766293e-09,4.5687540285540435e-09,4.568788619314866e-09,4.568823204047008e-09,4.568857782748723e-09,4.568892355418276e-09,4.568926922053942e-09,4.568961482654006e-09,4.568996037216963e-09,4.569030585740909e-09,4.5690651282242465e-09,4.56909966466534e-09,4.569134195062317e-09,4.569168719413807e-09,4.56920323771794e-09,4.569237749972801e-09,4.569272256177111e-09,4.569306756329801e-09,4.569341250428754e-09,4.56937573847182e-09,4.569410220458036e-09,4.5694446963857275e-09,4.56947916625354e-09,4.5695136300597494e-09,4.5695480878016895e-09,4.5695825394799755e-09,4.569616985092198e-09,4.569651424636651e-09,4.569685858111921e-09,4.569720285516559e-09,4.5697547068492285e-09,4.5697891221083204e-09,4.569823531292169e-09,4.569857934399677e-09,4.569892331429265e-09,4.569926722379295e-09,4.569961107248721e-09,4.569995486035764e-09,4.570029858739403e-09,4.570064225358052e-09,4.570098585890279e-09,4.5701329403346286e-09,4.570167288689885e-09,4.570201630954692e-09,4.570235967127716e-09,4.570270297207764e-09,4.570304621193174e-09,4.570338939082784e-09,4.570373250875465e-09,4.570407556569623e-09,4.570441856165074e-09,4.5704761496589776e-09,4.570510437050483e-09,4.570544718338598e-09,4.5705789935220085e-09,4.570613262599077e-09,4.570647525569396e-09,4.570681782430734e-09,4.570716033183067e-09,4.5707502778257344e-09,4.570784516355265e-09,4.5708187487717445e-09,4.570852975073837e-09,4.570887195260219e-09,4.57092140932997e-09,4.570955617281858e-09,4.5709898191149695e-09,4.57102401482782e-09,4.571058204419332e-09,4.571092387888497e-09,4.571126565234248e-09,4.571160736455373e-09,4.571194901551014e-09,4.571229060519819e-09,4.571263213360775e-09,4.571297360072891e-09,4.57133150065513e-09,4.57136563510625e-09,4.571399763426188e-09,4.571433885612148e-09,4.57146800166428e-09,4.571502111581319e-09,4.571536215362749e-09,4.5715703130065415e-09,4.571604404512332e-09,4.571638489878954e-09,4.571672569105635e-09,4.5717066421912515e-09,4.571740709134973e-09,4.571774769935909e-09,4.571808824592887e-09,4.571842873104988e-09,4.571876915470749e-09,4.571910951690366e-09,4.571944981762635e-09,4.571979005685879e-09,4.572013023459978e-09,4.5720470350842565e-09,4.572081040557467e-09,4.572115039878614e-09,4.572149033047064e-09,4.572183020062784e-09,4.572217000923188e-09,4.5722509756293774e-09,4.5722849441771185e-09,4.572318906568767e-09,4.57235286280258e-09,4.572386812877785e-09,4.572420756793512e-09,4.572454694548361e-09,4.572488626142807e-09,4.572522551575454e-09,4.572556470845538e-09,4.5725903839522725e-09,4.572624290894926e-09,4.572658191672743e-09,4.5726920862843215e-09,4.572725974729713e-09,4.5727598570088024e-09,4.572793733119942e-09,4.572827603065159e-09,4.5728614668385265e-09,4.57289532444214e-09,4.57292917587557e-09,4.572963021137337e-09,4.572996860228178e-09,4.5730306931454244e-09,4.573064519890833e-09,4.573098340462221e-09,4.5731321548577635e-09,4.573165963078138e-09,4.573199765122684e-09,4.573233560990508e-09,4.57326735068149e-09,4.573301134195084e-09,4.573334911529549e-09,4.573368682685628e-09,4.573402447662417e-09,4.573436206459252e-09,4.573469959075122e-09,4.57350370550971e-09,4.57353744576241e-09,4.573571179832853e-09,4.57360490772108e-09,4.573638629425254e-09,4.57367234494543e-09,4.573706054281087e-09,4.573739757429977e-09,4.573773454393182e-09,4.573807145171895e-09,4.57384082976427e-09,4.57387450816929e-09,4.573908180387016e-09,4.573941846416584e-09,4.573975506259844e-09,4.574009159909913e-09,4.574042807372715e-09,4.574076448645167e-09,4.574110083727186e-09,4.5741437126186316e-09,4.574177335318607e-09,4.574210951826255e-09,4.574244562142331e-09,4.57427816626729e-09,4.574311764199114e-09,4.574345355936344e-09,4.574378941477611e-09,4.5744125208269405e-09,4.574446093982298e-09,4.574479660941854e-09,4.574513221706169e-09,4.574546776274709e-09,4.574580324647198e-09,4.5746138668235035e-09,4.574647402802659e-09,4.574680932584669e-09,4.574714456169147e-09,4.5747479735556474e-09,4.574781484744152e-09,4.574814989733856e-09,4.574848488524966e-09,4.574881981116934e-09,4.5749154675105086e-09,4.574948947701593e-09,4.5749824216943714e-09,4.575015889486836e-09,4.575049351078358e-09,4.57508280646916e-09,4.575116255658885e-09,4.575149698647113e-09,4.575183135435804e-09,4.5752165660203535e-09,4.575249990402683e-09,4.575283408582561e-09,4.575316820559752e-09,4.575350226333709e-09,4.5753836259048544e-09,4.575417019272642e-09,4.575450406436524e-09,4.575483787396806e-09,4.575517162152913e-09,4.575550530704829e-09,4.575583893052452e-09,4.575617249195467e-09,4.575650599133924e-09,4.5756839428670074e-09,4.575717280394558e-09,4.575750611719923e-09,4.5757839368367446e-09,4.575817255748269e-09,4.575850568453174e-09,4.5758838749530076e-09,4.575917175246758e-09,4.575950469334294e-09,4.5759837572154854e-09,4.576017038890218e-09,4.5760503143584e-09,4.5760835836199545e-09,4.576116846674568e-09,4.576150103522375e-09,4.5761833541630326e-09,4.576216598596564e-09,4.576249836823366e-09,4.576283068842391e-09,4.576316294654212e-09,4.576349514258405e-09,4.576382727656478e-09,4.576415934845558e-09,4.576449135826984e-09,4.576482330599957e-09,4.576515519165928e-09,4.576548701524688e-09,4.576581877675012e-09,4.576615047618223e-09,4.576648211352789e-09,4.576681368880683e-09,4.576714520200667e-09,4.576747665311909e-09,4.576780804215765e-09,4.576813936910605e-09,4.5768470633973814e-09,4.57688018367612e-09,4.576913297745987e-09,4.5769464056087714e-09,4.5769795072637214e-09,4.577012602710798e-09,4.577045691949847e-09,4.5770787749810204e-09,4.577111851805016e-09,4.577144922420625e-09,4.577177986828452e-09,4.577211045029727e-09,4.577244097022158e-09,4.577277142806988e-09,4.57731018238367e-09,4.5773432157535104e-09,4.577376242915965e-09,4.577409263871179e-09,4.5774422786190824e-09,4.577475287159754e-09,4.577508289493527e-09,4.5775412856203194e-09,4.577574275536826e-09,4.577607259249998e-09,4.577640236756528e-09,4.577673208056502e-09,4.577706173150046e-09,4.577739132036874e-09,4.5777720847179216e-09,4.577805031192925e-09,4.577837971461939e-09,4.577870905525237e-09,4.577903833382833e-09,4.577936755034999e-09,4.577969670481823e-09,4.578002579723411e-09,4.5780354827597415e-09,4.5780683795913954e-09,4.5781012702183536e-09,4.578134154640789e-09,4.578167032858775e-09,4.578199904873471e-09,4.578232770683444e-09,4.578265630289545e-09,4.578298483692197e-09,4.5783313308914565e-09,4.578364171887487e-09,4.578397006680388e-09,4.578429835270488e-09,4.578462657657985e-09,4.578495473843093e-09,4.5785282838261335e-09,4.578561087607222e-09,4.578593885186556e-09,4.578626676564341e-09,4.578659461740683e-09,4.5786922407162595e-09,4.578725013491085e-09,4.578757780065481e-09,4.578790540439677e-09,4.578823294613832e-09,4.578856042588143e-09,4.578888784363032e-09,4.57892151993874e-09,4.578954249315497e-09,4.5789869724911194e-09,4.579019689470495e-09,4.579052400252079e-09,4.579085104835734e-09,4.579117803221845e-09,4.579150495410695e-09,4.579183181402597e-09,4.579215861197907e-09,4.5792485347969454e-09,4.5792812021999426e-09,4.579313863407212e-09,4.579346518418961e-09,4.579379167235468e-09,4.5794118098574565e-09,4.579444446284744e-09,4.579477076517912e-09,4.579509700557294e-09,4.5795423184033285e-09,4.579574930056301e-09,4.579607535516497e-09,4.579640134783886e-09,4.579672727859568e-09,4.579705314743404e-09,4.579737895435977e-09,4.579770469937592e-09,4.579803038248321e-09,4.579835600368888e-09,4.579868156299299e-09,4.579900706040257e-09,4.579933249592239e-09,4.5799657869553636e-09,4.579998318130107e-09,4.58003084311697e-09,4.580063361916225e-09,4.580095874528285e-09,4.580128380953657e-09,4.58016088119256e-09,4.5801933752452734e-09,4.580225863112575e-09,4.580258344794741e-09,4.580290820292084e-09,4.580323289605073e-09,4.580355752734129e-09,4.5803882096796774e-09,4.580420660442146e-09,4.5804531050219574e-09,4.580485543419556e-09,4.580517975635363e-09,4.580550401669647e-09,4.580582821523276e-09,4.580615235196402e-09,4.580647642689526e-09,4.580680044002911e-09,4.580712439137392e-09,4.58074482809324e-09,4.580777210870912e-09,4.5808095874708776e-09,4.580841957893605e-09,4.580874322139367e-09,4.580906680208832e-09,4.580939032102683e-09,4.580971377821419e-09,4.581003717365013e-09,4.581036050734383e-09,4.581068377929827e-09,4.581100698951869e-09,4.581133013801035e-09,4.581165322478002e-09,4.581197624982885e-09,4.581229921316674e-09,4.581262211479127e-09,4.5812944954714684e-09,4.581326773293874e-09,4.581359044946761e-09,4.581391310431004e-09,4.5814235697469535e-09,4.581455822895146e-09,4.581488069875889e-09,4.581520310689087e-09,4.581552545337056e-09,4.581584773819122e-09,4.581616996136165e-09,4.581649212288618e-09,4.5816814222769635e-09,4.581713626102088e-09,4.581745823764096e-09,4.581778015263729e-09,4.581810200601514e-09,4.581842379778109e-09,4.581874552794125e-09,4.581906719649829e-09,4.5819388803458806e-09,4.581971034883169e-09,4.582003183261925e-09,4.582035325482723e-09,4.582067461546459e-09,4.582099591453457e-09,4.582131715204861e-09,4.5821638328006695e-09,4.5821959442423065e-09,4.582228049528461e-09,4.582260148660727e-09,4.582292241639795e-09,4.5823243284664225e-09,4.582356409140749e-09,4.5823884836638925e-09,4.582420552036266e-09,4.582452614258314e-09,4.582484670331091e-09,4.582516720255e-09,4.582548764030565e-09,4.582580801658401e-09,4.582612833139218e-09,4.5826448584735486e-09,4.582676877662036e-09,4.5827088907053555e-09,4.582740897604036e-09,4.582772898358755e-09,4.582804892970128e-09,4.5828368814388724e-09,4.582868863765503e-09,4.582900839950801e-09,4.582932809995383e-09,4.58296477389983e-09,4.5829967316648066e-09,4.583028683290936e-09,4.583060628778952e-09,4.583092568129519e-09,4.5831245013432375e-09,4.583156428420786e-09,4.583188349362828e-09,4.583220264170049e-09,4.583252172842878e-09,4.583284075381399e-09,4.583315971788055e-09,4.583347862061259e-09,4.583379746204192e-09,4.58341162421633e-09,4.583443496098363e-09,4.583475361851254e-09,4.5835072214747485e-09,4.583539074970159e-09,4.583570922338936e-09,4.583602763580686e-09,4.583634598696192e-09,4.583666427687109e-09,4.583698250553476e-09,4.583730067295047e-09,4.583761877914e-09,4.5837936824098805e-09,4.583825480784688e-09,4.583857273038462e-09,4.583889059171151e-09,4.5839208391846345e-09,4.583952613079785e-09,4.583984380856603e-09,4.584016142516147e-09,4.584047898059235e-09,4.584079647486353e-09,4.584111390797524e-09,4.584143127994869e-09,4.584174859078612e-09,4.5842065840493435e-09,4.584238302908046e-09,4.58427001565493e-09,4.58430172229084e-09,4.584333422816781e-09,4.584365117231655e-09,4.58439680553971e-09,4.584428487739647e-09,4.584460163830948e-09,4.584491833817189e-09,4.584523497698007e-09,4.584555155474322e-09,4.584586807146306e-09,4.584618452713706e-09,4.584650092179703e-09,4.584681725544082e-09,4.584713352807256e-09,4.584744973970238e-09,4.58477658903239e-09,4.584808197996604e-09,4.584839800863493e-09,4.584871397633055e-09,4.584902988306222e-09,4.584934572883817e-09,4.584966151366589e-09,4.5849977237553205e-09,4.585029290050795e-09,4.585060850253804e-09,4.585092404365134e-09,4.5851239523855765e-09,4.585155494315929e-09,4.585187030156981e-09,4.5852185599095315e-09,4.585250083577026e-09,4.585281601154724e-09,4.585313112646638e-09,4.585344618053205e-09,4.585376117375357e-09,4.585407610613752e-09,4.585439097767945e-09,4.5854705788411555e-09,4.585502053833197e-09,4.5855335227448115e-09,4.5855649855769785e-09,4.585596442330321e-09,4.585627893003671e-09,4.5856593376018905e-09,4.585690776123611e-09,4.5857222085699845e-09,4.5857536349417185e-09,4.585785055239365e-09,4.585816469464272e-09,4.585847877617167e-09,4.5858792796982755e-09,4.585910675709056e-09,4.585942065649963e-09,4.58597344952216e-09,4.5860048273262924e-09,4.586036199063555e-09,4.586067564734132e-09,4.586098924339858e-09,4.586130277880586e-09,4.586161625357883e-09,4.586192966771811e-09,4.5862243021236754e-09,4.586255631411024e-09,4.5862869546413e-09,4.586318271811759e-09,4.5863495829238574e-09,4.586380887978223e-09,4.586412186975596e-09,4.5864434799168095e-09,4.586474766802808e-09,4.586506047634734e-09,4.5865373224130995e-09,4.586568591138172e-09,4.586599853812147e-09,4.586631110435206e-09,4.586662361008278e-09,4.586693605532219e-09,4.5867248440079516e-09,4.586756076436402e-09,4.586787302818179e-09,4.5868185231518515e-09,4.5868497374461305e-09,4.586880945694005e-09,4.5869121478987115e-09,4.586943344061832e-09,4.586974534183476e-09,4.587005718260246e-09,4.587036896302068e-09,4.5870680683055725e-09,4.587099234271308e-09,4.587130394200719e-09,4.587161548094037e-09,4.587192695952466e-09,4.587223837777023e-09,4.587254973568481e-09,4.587286103327745e-09,4.587317227055719e-09,4.587348344753199e-09,4.587379456421313e-09,4.587410562060858e-09,4.587441661672745e-09,4.587472755257789e-09,4.587503842817009e-09,4.587534924351155e-09,4.587565999861271e-09,4.587597069348569e-09,4.5876281328136924e-09,4.5876591902575685e-09,4.587690241681117e-09,4.587721287085261e-09,4.587752326470976e-09,4.587783359839078e-09,4.587814387190546e-09,4.587845408526732e-09,4.587876423847724e-09,4.587907433154831e-09,4.587938436449067e-09,4.587969433731323e-09,4.588000425002536e-09,4.5880314102636334e-09,4.5880623895155746e-09,4.588093362759177e-09,4.588124329995482e-09,4.588155291225515e-09,4.5881862464501355e-09,4.588217195670253e-09,4.58824813888687e-09,4.5882790761009066e-09,4.588310007313324e-09,4.588340932524947e-09,4.588371851737204e-09,4.588402764950369e-09,4.588433672165712e-09,4.588464573384482e-09,4.588495468606921e-09,4.588526357834469e-09,4.5885572410684645e-09,4.588588118312421e-09,4.588618989561129e-09,4.588649854819534e-09,4.588680714086868e-09,4.58871156736465e-09,4.5887424146545075e-09,4.588773255957229e-09,4.588804091273588e-09,4.588834920604164e-09,4.5888657439505155e-09,4.588896561314014e-09,4.588927372695054e-09,4.5889581780942784e-09,4.588988977513254e-09,4.589019770952323e-09,4.589050558412815e-09,4.589081339896076e-09,4.589112115402371e-09,4.5891428849341995e-09,4.589173648490241e-09,4.589204406073531e-09,4.5892351576828985e-09,4.589265903321081e-09,4.589296642988382e-09,4.589327376685591e-09,4.589358104409955e-09,4.589388826171314e-09,4.58941954196283e-09,4.589450251786509e-09,4.589480955649958e-09,4.589511653549705e-09,4.589542345486367e-09,4.589573031461154e-09,4.589603711475142e-09,4.589634385526666e-09,4.58966505362197e-09,4.589695715757218e-09,4.589726371933011e-09,4.589757022157776e-09,4.589787666427841e-09,4.58981830474017e-09,4.589848937103673e-09,4.5898795635152235e-09,4.589910183973666e-09,4.589940798480973e-09,4.58997140704021e-09,4.5900020096511446e-09,4.590032606322072e-09,4.590063197044565e-09,4.5900937818217525e-09,4.590124360651416e-09,4.590154933542171e-09,4.590185500487027e-09,4.5902160614919155e-09,4.590246616559987e-09,4.590277165685034e-09,4.590307708872693e-09,4.590338246127976e-09,4.59036877744348e-09,4.590399302828447e-09,4.590429822276469e-09,4.590460335794718e-09,4.590490843380643e-09,4.590521345036918e-09,4.590551840762779e-09,4.590582330560817e-09,4.590612814431477e-09,4.5906432923758465e-09,4.5906737643949235e-09,4.5907042304892665e-09,4.590734690660322e-09,4.590765144909054e-09,4.59079559323647e-09,4.590826035644289e-09,4.590856472131973e-09,4.590886902699606e-09,4.5909173273520336e-09,4.590947746088464e-09,4.590978158909622e-09,4.591008565816792e-09,4.591038966810925e-09,4.591069361893032e-09,4.591099751064331e-09,4.591130134325533e-09,4.591160511678055e-09,4.591190883122497e-09,4.591221248659995e-09,4.591251608291958e-09,4.591281962019849e-09,4.591312309843276e-09,4.591342651764129e-09,4.591372987784745e-09,4.591403317903654e-09,4.591433642122903e-09,4.591463960442572e-09,4.591494272865836e-09,4.591524579393214e-09,4.591554880024705e-09,4.5915851747639396e-09,4.591615463610315e-09,4.591645746564367e-09,4.591676023625768e-09,4.591706294797048e-09,4.591736560079465e-09,4.591766819473931e-09,4.591797072979048e-09,4.591827320600785e-09,4.5918575623377834e-09,4.591887798190858e-09,4.5919180281616164e-09,4.591948252250978e-09,4.591978470457441e-09,4.592008682786806e-09,4.592038889237904e-09,4.592069089808002e-09,4.5920992845028755e-09,4.592129473325185e-09,4.59215965627313e-09,4.5921898333487525e-09,4.592220004551943e-09,4.592250169884256e-09,4.592280329347518e-09,4.592310482941461e-09,4.592340630668279e-09,4.5923707725278725e-09,4.592400908522315e-09,4.592431038652244e-09,4.592461162918551e-09,4.5924912813229774e-09,4.592521393865238e-09,4.592551500548001e-09,4.592581601371369e-09,4.592611696337186e-09,4.59264178544559e-09,4.592671868698906e-09,4.592701946096642e-09,4.592732017641784e-09,4.592762083333305e-09,4.592792143173254e-09,4.5928221971623475e-09,4.59285224530157e-09,4.592882287593328e-09,4.5929123240380385e-09,4.592942354635834e-09,4.5929723793903265e-09,4.5930023982996e-09,4.593032411365949e-09,4.593062418589607e-09,4.593092419973587e-09,4.593122415518261e-09,4.593152405223902e-09,4.5931823890923436e-09,4.593212367124087e-09,4.593242339320827e-09,4.593272305683464e-09,4.593302266213006e-09,4.593332220910749e-09,4.593362169777288e-09,4.593392112814004e-09,4.593422050021094e-09,4.5934519814016905e-09,4.5934819069562655e-09,4.593511826684536e-09,4.59354174058843e-09,4.5935716486695805e-09,4.593601550928387e-09,4.593631447366023e-09,4.593661337982264e-09,4.593691222780991e-09,4.593721101761902e-09,4.59375097492575e-09,4.5937808422752424e-09,4.593810703809515e-09,4.59384055953049e-09,4.593870409439149e-09,4.5939002535379475e-09,4.593930091825344e-09,4.593959924303651e-09,4.5939897509743465e-09,4.5940195718383715e-09,4.594049386896438e-09,4.59407919615052e-09,4.594108999600174e-09,4.594138797247896e-09,4.594168589093498e-09,4.594198375142456e-09,4.594228155390625e-09,4.594257929841424e-09,4.594287698494091e-09,4.594317461351599e-09,4.594347218414061e-09,4.594376969682884e-09,4.594406715158175e-09,4.594436454843315e-09,4.594466188738568e-09,4.5944959168451565e-09,4.594525639163337e-09,4.594555355693669e-09,4.594585066440403e-09,4.59461477140526e-09,4.594644470582986e-09,4.594674163977898e-09,4.594703851591648e-09,4.594733533426692e-09,4.594763209481816e-09,4.59479287975915e-09,4.594822544263467e-09,4.594852202987687e-09,4.594881855937922e-09,4.59491150311491e-09,4.594941144519165e-09,4.594970780152831e-09,4.595000410016086e-09,4.595030034110013e-09,4.595059652437536e-09,4.595089264997162e-09,4.5951188717916785e-09,4.595148472821462e-09,4.5951780680879275e-09,4.59520765759214e-09,4.595237241335249e-09,4.5952668193183745e-09,4.595296391543549e-09,4.5953259580073305e-09,4.595355518718339e-09,4.595385073672047e-09,4.595414622872192e-09,4.595444166319128e-09,4.595473704014939e-09,4.595503235958892e-09,4.595532762152905e-09,4.595562282598229e-09,4.5955917972958606e-09,4.5956213062465e-09,4.595650809452401e-09,4.595680306914067e-09,4.5957097986327014e-09,4.5957392846089124e-09,4.595768764845176e-09,4.595798239341663e-09,4.595827708099265e-09,4.595857171121121e-09,4.5958866284049774e-09,4.595916079953825e-09,4.595945525769797e-09,4.595974965851604e-09,4.596004400201644e-09,4.596033828821129e-09,4.596063251710907e-09,4.596092668872471e-09,4.59612208030679e-09,4.596151486014895e-09,4.596180885998071e-09,4.5962102802576955e-09,4.596239668794048e-09,4.596269051608929e-09,4.596298428703839e-09,4.59632780007922e-09,4.596357165735648e-09,4.596386525676062e-09,4.596415879900637e-09,4.596445228411268e-09,4.596474571208814e-09,4.596503908292178e-09,4.5965332396638594e-09,4.59656256532682e-09,4.596591885280148e-09,4.5966211995252345e-09,4.596650508064386e-09,4.5966798108976e-09,4.596709108023873e-09,4.596738399448493e-09,4.596767685171295e-09,4.596796965192907e-09,4.596826239514416e-09,4.596855508137241e-09,4.596884771064059e-09,4.596914028293021e-09,4.59694327982641e-09,4.596972525665932e-09,4.597001765812152e-09,4.597031000266441e-09,4.597060229029987e-09,4.597089452103858e-09,4.597118669489291e-09,4.597147881187419e-09,4.597177087199207e-09,4.597206287526049e-09,4.597235482168803e-09,4.597264671129319e-09,4.5972938544071496e-09,4.5973230320094554e-09,4.597352203927896e-09,4.5973813701685895e-09,4.597410530732094e-09,4.597439685620118e-09,4.5974688348330035e-09,4.597497978372309e-09,4.597527116239159e-09,4.597556248434718e-09,4.597585374960182e-09,4.5976144958163335e-09,4.597643611004877e-09,4.5976727205302455e-09,4.597701824386673e-09,4.597730922578765e-09,4.5977600151076545e-09,4.597789101973782e-09,4.597818183179987e-09,4.5978472587255785e-09,4.5978763286127724e-09,4.5979053928423595e-09,4.597934451415746e-09,4.597963504333967e-09,4.597992551597118e-09,4.598021593208408e-09,4.598050629167964e-09,4.598079659476586e-09,4.598108684136145e-09,4.598137703147437e-09,4.598166716511599e-09,4.598195724231001e-09,4.59822472630638e-09,4.5982537227361045e-09,4.598282713523692e-09,4.598311698669623e-09,4.598340678175151e-09,4.598369652040856e-09,4.598398620269591e-09,4.598427582861135e-09,4.5984565398180725e-09,4.598485491140134e-09,4.5985144368292525e-09,4.598543376886872e-09,4.598572311313297e-09,4.598601240109557e-09,4.598630163278311e-09,4.598659080818433e-09,4.598687992732231e-09,4.598716899020862e-09,4.5987457996864195e-09,4.598774694728181e-09,4.598803584147257e-09,4.598832467945695e-09,4.598861346126005e-09,4.5988902186862715e-09,4.5989190856307455e-09,4.598947946958467e-09,4.598976802671489e-09,4.599005652770903e-09,4.599034497258048e-09,4.599063336134652e-09,4.599092169400484e-09,4.5991209970572355e-09,4.599149819106281e-09,4.599178635548879e-09,4.5992074463865065e-09,4.599236251619816e-09,4.599265051250209e-09,4.599293845278415e-09,4.599322633705239e-09,4.599351416532301e-09,4.599380193760904e-09,4.599408965392752e-09,4.599437731427749e-09,4.5994664918677535e-09,4.5994952467143545e-09,4.5995239959687075e-09,4.599552739631507e-09,4.599581477702931e-09,4.599610210185751e-09,4.599638937080398e-09,4.599667658388958e-09,4.599696374111171e-09,4.599725084249005e-09,4.599753788803785e-09,4.599782487775164e-09,4.5998111811672126e-09,4.599839868978105e-09,4.599868551213785e-09,4.599897227867976e-09,4.59992589894597e-09,4.5999545644482325e-09,4.599983224376668e-09,4.60001187873218e-09,4.6000405275145545e-09,4.600069170732026e-09,4.600097808377148e-09,4.600126440452921e-09,4.6001550669659984e-09,4.600183687909323e-09,4.6002123032875885e-09,4.6002409131016315e-09,4.600269517354106e-09,4.600298116044874e-09,4.60032670917507e-09,4.600355296746591e-09,4.600383878763392e-09,4.600412455220142e-09,4.600441026121176e-09,4.600469591468397e-09,4.600498151265958e-09,4.600526705507452e-09,4.6005552541987165e-09,4.600583797343168e-09,4.600612334937812e-09,4.600640866983587e-09,4.6006693934832145e-09,4.6006979144379245e-09,4.600726429848885e-09,4.600754939717983e-09,4.600783444045171e-09,4.600811942831501e-09,4.600840436078915e-09,4.6008689237890375e-09,4.600897405961915e-09,4.600925882599973e-09,4.600954353702374e-09,4.600982819274636e-09,4.601011279309607e-09,4.601039733814891e-09,4.60106818279128e-09,4.601096626238521e-09,4.601125064158326e-09,4.6011534965518995e-09,4.601181923420522e-09,4.601210344764557e-09,4.601238760586492e-09,4.601267170886288e-09,4.6012955756660314e-09,4.601323974927293e-09,4.6013523686693274e-09,4.6013807568943195e-09,4.6014091396035985e-09,4.601437516801641e-09,4.601465888486106e-09,4.601494254654548e-09,4.601522615310576e-09,4.601550970458499e-09,4.601579320096853e-09,4.6016076642280494e-09,4.601636002852466e-09,4.601664335972075e-09,4.601692663587714e-09,4.601720985699759e-09,4.601749302309131e-09,4.601777613419398e-09,4.601805919029947e-09,4.601834219143337e-09,4.601862513756853e-09,4.601890802879719e-09,4.601919086503732e-09,4.601947364633174e-09,4.601975637271765e-09,4.6020039044193125e-09,4.602032166076006e-09,4.602060422244051e-09,4.6020886729245205e-09,4.602116918118388e-09,4.602145157826364e-09,4.602173392049774e-09,4.602201620796327e-09,4.6022298440551e-09,4.602258061825414e-09,4.602286274123969e-09,4.6023144809452426e-09,4.602342682286099e-09,4.6023708781532745e-09,4.602399068544986e-09,4.602427253464147e-09,4.602455432909688e-09,4.602483606883907e-09,4.602511775388416e-09,4.602539938424876e-09,4.602568095992081e-09,4.602596248092102e-09,4.602624394727345e-09,4.602652535897413e-09,4.602680671605085e-09,4.602708801852193e-09,4.602736926641061e-09,4.602765045965375e-09,4.602793159831442e-09,4.602821268244957e-09,4.602849371197761e-09,4.602877468695861e-09,4.602905560739314e-09,4.6029336473289125e-09,4.60296172846863e-09,4.602989804157952e-09,4.603017874398838e-09,4.6030459391907236e-09,4.603073998536302e-09,4.6031020524358296e-09,4.603130100891099e-09,4.6031581439023114e-09,4.603186181467969e-09,4.603214213595525e-09,4.603242240284431e-09,4.603270261534335e-09,4.6032982773470814e-09,4.603326287723601e-09,4.603354292664817e-09,4.603382292170315e-09,4.603410286244657e-09,4.603438274887581e-09,4.603466258100033e-09,4.603494235883175e-09,4.603522208237943e-09,4.603550175165736e-09,4.6035781366677334e-09,4.603606092745102e-09,4.603634043399006e-09,4.6036619886305315e-09,4.603689928441212e-09,4.603717862831739e-09,4.603745791803476e-09,4.603773715357529e-09,4.603801633495671e-09,4.6038295462182804e-09,4.603857453526245e-09,4.60388535542121e-09,4.603913251904635e-09,4.603941142977817e-09,4.603969028641705e-09,4.6039969088976e-09,4.604024783745469e-09,4.604052653187449e-09,4.604080517224815e-09,4.604108375858317e-09,4.604136229089853e-09,4.604164076919996e-09,4.60419191934984e-09,4.6042197563809994e-09,4.604247588014117e-09,4.604275414250257e-09,4.604303235092015e-09,4.604331050539638e-09,4.604358860593689e-09,4.6043866652511726e-09,4.604414464525365e-09,4.604442258403392e-09,4.604470046896619e-09,4.604497830008515e-09,4.604525607727876e-09,4.604553380063058e-09,4.6045811470145465e-09,4.604608908585291e-09,4.604636664772203e-09,4.6046644155804095e-09,4.6046921610086035e-09,4.604719901059276e-09,4.60474763573287e-09,4.604775365030389e-09,4.604803088954732e-09,4.604830807504916e-09,4.604858520683783e-09,4.6048862284909e-09,4.604913930928689e-09,4.6049416279978065e-09,4.604969319697201e-09,4.604997006033164e-09,4.605024687003511e-09,4.605052362610302e-09,4.605080032854715e-09,4.605107697736934e-09,4.605135357257071e-09,4.605163011419906e-09,4.60519066022403e-09,4.605218303671311e-09,4.605245941762413e-09,4.605273574500649e-09,4.605301201883859e-09,4.605328823916488e-09,4.605356440597092e-09,4.605384051927799e-09,4.60541165790973e-09,4.605439258543444e-09,4.605466853831403e-09,4.605494443773986e-09,4.605522028372758e-09,4.605549607628473e-09,4.605577181542538e-09,4.605604750116157e-09,4.6056323133502255e-09,4.605659871246028e-09,4.6056874238052386e-09,4.605714971023843e-09,4.605742512911635e-09,4.605770049466194e-09,4.6057975806878e-09,4.605825106577826e-09,4.60585262713942e-09,4.60588014237121e-09,4.6059076522768894e-09,4.605935156854599e-09,4.60596265610693e-09,4.605990150036587e-09,4.606017638641259e-09,4.606045121923914e-09,4.606072599886412e-09,4.606100072527551e-09,4.606127539852183e-09,4.606155001858325e-09,4.606182458548655e-09,4.606209909924533e-09,4.606237355987588e-09,4.6062647967403435e-09,4.606292232177877e-09,4.606319662304785e-09,4.6063470871234695e-09,4.606374506633082e-09,4.6064019208401066e-09,4.606429329737704e-09,4.606456733331775e-09,4.6064841316157145e-09,4.606511524603478e-09,4.606538912290123e-09,4.6065662946770905e-09,4.606593671765423e-09,4.606621043558929e-09,4.606648410052194e-09,4.606675771254515e-09,4.606703127159522e-09,4.6067304777718235e-09,4.606757823088253e-09,4.606785163115147e-09,4.60681249785563e-09,4.60683982730985e-09,4.606867151473409e-09,4.6068944703558815e-09,4.6069217839520544e-09,4.6069490922626475e-09,4.606976395291184e-09,4.607003693034474e-09,4.607030985504115e-09,4.6070582726937976e-09,4.607085554600505e-09,4.6071128312361695e-09,4.607140102596015e-09,4.6071673686801676e-09,4.607194629493008e-09,4.607221885031981e-09,4.607249135300128e-09,4.6072763802988465e-09,4.607303620028669e-09,4.607330854490248e-09,4.607358083686675e-09,4.6073853076180314e-09,4.60741252628678e-09,4.607439739691827e-09,4.607466947835128e-09,4.607494150718156e-09,4.607521348341673e-09,4.607548540707084e-09,4.607575727815786e-09,4.6076029096687485e-09,4.607630086267169e-09,4.607657257612094e-09,4.6076844237031484e-09,4.607711584544572e-09,4.607738740136283e-09,4.607765890478928e-09,4.607793035573613e-09,4.60782017542315e-09,4.607847310024819e-09,4.607874439384803e-09,4.607901563500139e-09,4.607928682373738e-09,4.607955796004061e-09,4.607982904398118e-09,4.6080100075535235e-09,4.6080371054719255e-09,4.608064198153059e-09,4.60809128559993e-09,4.608118367814066e-09,4.608145444794411e-09,4.608172516544549e-09,4.60819958306396e-09,4.6082266443541665e-09,4.608253700414754e-09,4.608280751250341e-09,4.608307796859837e-09,4.608334837247602e-09,4.608361872409204e-09,4.608388902348366e-09,4.608415927064323e-09,4.608442946560781e-09,4.60846996084028e-09,4.608496969902169e-09,4.608523973745844e-09,4.6085509723743985e-09,4.608577965790006e-09,4.608604953993462e-09,4.6086319369827375e-09,4.608658914761074e-09,4.608685887334394e-09,4.6087128546902725e-09,4.608739816848514e-09,4.608766773797736e-09,4.608793725542828e-09,4.608820672084167e-09,4.6088476134202365e-09,4.608874549556408e-09,4.608901480492444e-09,4.6089284062278855e-09,4.6089553267647745e-09,4.608982242106874e-09,4.6090091522524845e-09,4.609036057202954e-09,4.609062956963881e-09,4.6090898515300225e-09,4.609116740904976e-09,4.609143625090057e-09,4.609170504086794e-09,4.60919737789626e-09,4.60922424651705e-09,4.60925110995322e-09,4.609277968205734e-09,4.6093048212746855e-09,4.60933166915965e-09,4.609358511866251e-09,4.609385349393423e-09,4.609412181741713e-09,4.609439008913184e-09,4.60946583090777e-09,4.609492647728074e-09,4.609519459370254e-09,4.609546265843943e-09,4.609573067146519e-09,4.609599863278264e-09,4.609626654240723e-09,4.60965344003357e-09,4.609680220660196e-09,4.6097069961216525e-09,4.609733766416913e-09,4.6097605315502354e-09,4.609787291520984e-09,4.609814046330601e-09,4.609840795981275e-09,4.609867540471556e-09,4.609894279804413e-09,4.60992101398063e-09,4.609947743000265e-09,4.609974466866509e-09,4.610001185579619e-09,4.610027899140655e-09,4.610054607550665e-09,4.610081310810963e-09,4.610108008922959e-09,4.610134701887143e-09,4.61016138970477e-09,4.610188072377311e-09,4.610214749905844e-09,4.6102414222915245e-09,4.610268089535434e-09,4.610294751638638e-09,4.61032140860109e-09,4.610348060426484e-09,4.61037470711505e-09,4.610401348667247e-09,4.610427985084556e-09,4.6104546163681074e-09,4.610481242518889e-09,4.610507863539032e-09,4.610534479427801e-09,4.610561090184714e-09,4.61058769581655e-09,4.6106142963222435e-09,4.6106408917013994e-09,4.61066748195658e-09,4.610694067087676e-09,4.610720647096344e-09,4.61074722198386e-09,4.610773791751078e-09,4.610800356399394e-09,4.610826915930755e-09,4.610853470345733e-09,4.6108800196442505e-09,4.610906563828419e-09,4.6109331028952555e-09,4.61095963685421e-09,4.610986165702197e-09,4.6110126894404636e-09,4.611039208070129e-09,4.611065721592972e-09,4.611092230008624e-09,4.6111187333189985e-09,4.611145231525272e-09,4.6111717246281646e-09,4.6111982126259875e-09,4.6112246955267665e-09,4.611251173327984e-09,4.6112776460311005e-09,4.6113041136366225e-09,4.6113305761465664e-09,4.6113570335568815e-09,4.611383485877801e-09,4.611409933105825e-09,4.611436375241704e-09,4.611462812287504e-09,4.611489244243972e-09,4.6115156711122214e-09,4.6115420928931055e-09,4.611568509588554e-09,4.611594921199052e-09,4.6116213277256865e-09,4.611647729170064e-09,4.611674125533098e-09,4.611700516815398e-09,4.6117269030189545e-09,4.611753284144671e-09,4.611779660193516e-09,4.611806031166662e-09,4.611832397065326e-09,4.611858757890377e-09,4.611885113643345e-09,4.611911464325039e-09,4.611937809936705e-09,4.611964150479346e-09,4.611990485956152e-09,4.612016816365606e-09,4.612043141708469e-09,4.612069461986189e-09,4.6120957772015856e-09,4.612122087355998e-09,4.612148392448151e-09,4.612174692480391e-09,4.6122009874537105e-09,4.612227277369767e-09,4.6122535622293715e-09,4.612279842033742e-09,4.612306116783896e-09,4.612332386480874e-09,4.612358651126238e-09,4.612384910717574e-09,4.612411165260914e-09,4.6124374147570335e-09,4.6124636592064846e-09,4.612489898608708e-09,4.61251613296553e-09,4.612542362278919e-09,4.6125685865494314e-09,4.612594805778356e-09,4.612621019966451e-09,4.612647229115018e-09,4.612673433225122e-09,4.612699632297622e-09,4.612725826334484e-09,4.6127520153342155e-09,4.612778199302254e-09,4.612804378235326e-09,4.612830552139344e-09,4.612856721012081e-09,4.612882884853451e-09,4.612909043669098e-09,4.612935197456366e-09,4.612961346215578e-09,4.61298748995324e-09,4.6130136286672625e-09,4.613039762349588e-09,4.613065891019003e-09,4.6130920146684576e-09,4.613118133298817e-09,4.613144246911583e-09,4.61317035550541e-09,4.613196459085857e-09,4.613222557650625e-09,4.613248651201718e-09,4.613274739739758e-09,4.613300823266965e-09,4.613326901783693e-09,4.613352975291714e-09,4.613379043791785e-09,4.613405107287366e-09,4.613431165774274e-09,4.613457219257787e-09,4.613483267735747e-09,4.61350931121218e-09,4.613535349689038e-09,4.613561383165802e-09,4.6135874116406654e-09,4.613613435118001e-09,4.613639453599961e-09,4.613665467079743e-09,4.613691475570161e-09,4.613717479067826e-09,4.613743477575941e-09,4.6137694710895216e-09,4.613795459614468e-09,4.6138214431513186e-09,4.613847421699771e-09,4.613873395260849e-09,4.613899363836808e-09,4.6139253274282935e-09,4.61395128603689e-09,4.613977239662879e-09,4.614003188307781e-09,4.6140291319725765e-09,4.614055070659105e-09,4.614081004367487e-09,4.6141069330981434e-09,4.614132856854223e-09,4.614158775636622e-09,4.6141846894450705e-09,4.6142105982802974e-09,4.6142365021460706e-09,4.614262401041582e-09,4.6142882949654265e-09,4.6143141839244504e-09,4.614340067917477e-09,4.614365946944623e-09,4.61439182100866e-09,4.614417690107879e-09,4.614443554246082e-09,4.6144694134224115e-09,4.614495267637101e-09,4.614521116894688e-09,4.6145469611946255e-09,4.6145728005388236e-09,4.614598634927117e-09,4.6146244643608105e-09,4.614650288838487e-09,4.614676108366968e-09,4.614701922944563e-09,4.614727732566925e-09,4.614753537244575e-09,4.614779336976265e-09,4.614805131760675e-09,4.614830921600315e-09,4.6148567064953225e-09,4.614882486450123e-09,4.614908261455517e-09,4.614934031527143e-09,4.614959796656188e-09,4.614985556846556e-09,4.615011312099621e-09,4.615037062415842e-09,4.615062807802245e-09,4.61508854824662e-09,4.615114283760717e-09,4.61514001434151e-09,4.615165739991757e-09,4.61519146070946e-09,4.6152171765068506e-09,4.615242887370876e-09,4.615268593308367e-09,4.615294294327723e-09,4.6153199904153546e-09,4.615345681579855e-09,4.615371367816465e-09,4.615397049137649e-09,4.615422725539085e-09,4.615448397021821e-09,4.615474063588056e-09,4.615499725234442e-09,4.61552538196694e-09,4.6155510337855285e-09,4.615576680691123e-09,4.615602322684259e-09,4.615627959766525e-09,4.6156535919390656e-09,4.615679219202943e-09,4.615704841558905e-09,4.615730459007861e-09,4.615756071550854e-09,4.615781679189727e-09,4.615807281925188e-09,4.615832879759454e-09,4.615858472693689e-09,4.615884060721607e-09,4.615909643852721e-09,4.615935222088821e-09,4.615960795426912e-09,4.615986363870421e-09,4.6160119274215736e-09,4.616037486077001e-09,4.616063039840641e-09,4.6160885887127614e-09,4.616114132694071e-09,4.616139671787512e-09,4.61616520599573e-09,4.61619073531273e-09,4.61621625974128e-09,4.616241779286484e-09,4.616267293951895e-09,4.6162928037384896e-09,4.616318308640182e-09,4.616343808659324e-09,4.616369303800935e-09,4.616394794066442e-09,4.616420279451619e-09,4.616445759960913e-09,4.616471235597149e-09,4.6164967063596046e-09,4.6165221722498656e-09,4.616547633267966e-09,4.616573089416971e-09,4.616598540697016e-09,4.6166239871077724e-09,4.616649428651898e-09,4.616674865329665e-09,4.616700297143687e-09,4.616725724093642e-09,4.6167511461793844e-09,4.6167765634049465e-09,4.616801975771082e-09,4.6168273832769785e-09,4.616852785925816e-09,4.616878183719226e-09,4.616903576653159e-09,4.616928964733724e-09,4.616954347960396e-09,4.616979726332588e-09,4.617005099854851e-09,4.617030468524259e-09,4.617055832346168e-09,4.6170811913196456e-09,4.617106545445258e-09,4.617131894725519e-09,4.617157239160391e-09,4.617182578753929e-09,4.6172079135013646e-09,4.617233243406204e-09,4.6172585684723706e-09,4.617283888696625e-09,4.617309204084032e-09,4.617334514633878e-09,4.617359820349079e-09,4.6173851212268256e-09,4.617410417268941e-09,4.617435708480978e-09,4.617460994860844e-09,4.6174862764101006e-09,4.617511553128001e-09,4.617536825017177e-09,4.617562092077708e-09,4.617587354312751e-09,4.6176126117225805e-09,4.617637864307105e-09,4.617663112069018e-09,4.61768835501202e-09,4.617713593130915e-09,4.617738826429574e-09,4.6177640549080865e-09,4.617789278569958e-09,4.617814497416179e-09,4.617839711446354e-09,4.6178649206610745e-09,4.617890125062306e-09,4.617915324646427e-09,4.617940519424337e-09,4.6179657093942185e-09,4.61799089455235e-09,4.618016074902309e-09,4.618041250445434e-09,4.618066421182573e-09,4.618091587114891e-09,4.618116748241769e-09,4.618141904571574e-09,4.618167056095964e-09,4.618192202821681e-09,4.618217344747482e-09,4.61824248187344e-09,4.61826761420262e-09,4.618292741739306e-09,4.6183178644799025e-09,4.618342982424325e-09,4.6183680955751655e-09,4.6183932039332025e-09,4.618418307506492e-09,4.6184434062859674e-09,4.618468500275972e-09,4.618493589480274e-09,4.618518673896581e-09,4.618543753530333e-09,4.618568828377554e-09,4.618593898441052e-09,4.618618963722229e-09,4.6186440242260684e-09,4.618669079948748e-09,4.6186941308933e-09,4.618719177058235e-09,4.618744218448247e-09,4.618769255058093e-09,4.6187942868978235e-09,4.618819313962046e-09,4.618844336253192e-09,4.618869353773749e-09,4.618894366523384e-09,4.618919374504488e-09,4.618944377716949e-09,4.618969376162341e-09,4.618994369841955e-09,4.6190193587566575e-09,4.619044342913513e-09,4.619069322301342e-09,4.619094296928635e-09,4.6191192667935935e-09,4.619144231899852e-09,4.6191691922479016e-09,4.619194147839126e-09,4.619219098675781e-09,4.619244044755083e-09,4.619268986080471e-09,4.619293922653494e-09,4.6193188544740725e-09,4.619343781545062e-09,4.619368703864744e-09,4.619393621435602e-09,4.619418534259621e-09,4.61944344233935e-09,4.61946834567042e-09,4.6194932442599554e-09,4.6195181381037445e-09,4.619543027205304e-09,4.619567911567618e-09,4.619592791187964e-09,4.619617666069379e-09,4.619642536212071e-09,4.6196674016183615e-09,4.619692262288933e-09,4.6197171182246535e-09,4.619741969426038e-09,4.619766815896658e-09,4.619791657633067e-09,4.61981649463961e-09,4.619841326917179e-09,4.619866154465359e-09,4.619890977286931e-09,4.619915795381749e-09,4.619940608751681e-09,4.619965417397722e-09,4.6199902213207e-09,4.620015020520852e-09,4.620039815002161e-09,4.62006460476204e-09,4.620089389804114e-09,4.620114170128817e-09,4.620138945734607e-09,4.620163716626208e-09,4.620188482803566e-09,4.62021324426753e-09,4.620238001021925e-09,4.620262753062157e-09,4.620287500391041e-09,4.620312243011783e-09,4.620336980922575e-09,4.620361714129579e-09,4.620386442627362e-09,4.620411166421576e-09,4.6204358855180115e-09,4.62046059990244e-09,4.6204853095878755e-09,4.620510014570828e-09,4.62053471485665e-09,4.620559410441664e-09,4.620584101331647e-09,4.620608787524249e-09,4.62063346902147e-09,4.620658145825286e-09,4.620682817932701e-09,4.620707485352377e-09,4.620732148079586e-09,4.6207568061172015e-09,4.6207814594657705e-09,4.620806108123475e-09,4.620830752096752e-09,4.620855391383473e-09,4.620880025986668e-09,4.62090465590581e-09,4.6209292811426555e-09,4.620953901698e-09,4.6209785175714986e-09,4.621003128766355e-09,4.6210277352827846e-09,4.621052337121634e-09,4.621076934283816e-09,4.621101526773537e-09,4.621126114587218e-09,4.6211506977280936e-09,4.621175276196569e-09,4.621199849993158e-09,4.621224419120326e-09,4.62124898357836e-09,4.621273543368657e-09,4.621298098494588e-09,4.6213226489529895e-09,4.621347194746084e-09,4.621371735876303e-09,4.621396272342969e-09,4.621420804146561e-09,4.6214453312924e-09,4.621469853777826e-09,4.621494371606063e-09,4.621518884777281e-09,4.6215433932914494e-09,4.621567897150299e-09,4.6215923963557e-09,4.621616890907509e-09,4.621641380806081e-09,4.621665866054192e-09,4.621690346652427e-09,4.621714822602664e-09,4.621739293904895e-09,4.621763760560313e-09,4.621788222568647e-09,4.621812679932531e-09,4.621837132653961e-09,4.621861580733589e-09,4.621886024170988e-09,4.621910462967085e-09,4.621934897124699e-09,4.621959326646187e-09,4.6219837515251736e-09,4.622008171769608e-09,4.622032587381941e-09,4.622056998358405e-09,4.622081404701566e-09,4.622105806412225e-09,4.622130203491616e-09,4.622154595942617e-09,4.62217898376424e-09,4.622203366957556e-09,4.622227745523886e-09,4.622252119466067e-09,4.622276488781303e-09,4.622300853473831e-09,4.622325213541503e-09,4.6223495689853896e-09,4.622373919812603e-09,4.62239826602067e-09,4.622422607610214e-09,4.622446944580424e-09,4.622471276938646e-09,4.62249560467913e-09,4.622519927805272e-09,4.6225442463164925e-09,4.622568560218425e-09,4.62259286950798e-09,4.622617174187169e-09,4.622641474257554e-09,4.622665769720155e-09,4.622690060575721e-09,4.622714346823829e-09,4.622738628468798e-09,4.622762905510979e-09,4.622787177948783e-09,4.62281144578352e-09,4.6228357090191125e-09,4.6228599676548346e-09,4.6228842216905945e-09,4.622908471129112e-09,4.622932715971592e-09,4.6229569562175616e-09,4.6229811918706295e-09,4.6230054229288216e-09,4.623029649395861e-09,4.623053871270432e-09,4.623078088557206e-09,4.6231023012545375e-09,4.623126509362474e-09,4.623150712883065e-09,4.623174911817278e-09,4.623199106166791e-09,4.623223295932115e-09,4.623247481114496e-09,4.623271661714797e-09,4.623295837734098e-09,4.623320009173533e-09,4.623344176034738e-09,4.6233683383176945e-09,4.623392496023223e-09,4.623416649155527e-09,4.623440797710204e-09,4.623464941694803e-09,4.623489081103583e-09,4.623513215939748e-09,4.623537346205948e-09,4.623561471902476e-09,4.6235855930306245e-09,4.623609709591529e-09,4.623633821585631e-09,4.62365792901421e-09,4.6236820318783605e-09,4.6237061301791416e-09,4.623730223917447e-09,4.623754313094707e-09,4.6237783977115e-09,4.623802477769242e-09,4.623826553268322e-09,4.623850624209265e-09,4.6238746905946515e-09,4.6238987524240624e-09,4.623922809700619e-09,4.6239468624241165e-09,4.623970910594335e-09,4.623994954216326e-09,4.624018993287007e-09,4.624043027808787e-09,4.624067057783517e-09,4.624091083210841e-09,4.624115104090419e-09,4.6241391204259334e-09,4.624163132218118e-09,4.624187139467855e-09,4.624211142172875e-09,4.624235140340275e-09,4.624259133967531e-09,4.624283123054598e-09,4.624307107601902e-09,4.624331087616217e-09,4.624355063094956e-09,4.624379034038879e-09,4.624403000449509e-09,4.624426962328158e-09,4.6244509196749636e-09,4.62447487249103e-09,4.624498820778826e-09,4.624522764537169e-09,4.624546703768165e-09,4.624570638470543e-09,4.624594568648475e-09,4.62461849430341e-09,4.624642415435191e-09,4.624666332042953e-09,4.624690244131288e-09,4.624714151699514e-09,4.624738054748166e-09,4.624761953280283e-09,4.624785847294257e-09,4.624809736791856e-09,4.624833621774344e-09,4.62485750224245e-09,4.6248813781972225e-09,4.6249052496406955e-09,4.624929116573109e-09,4.624952978995104e-09,4.62497683690675e-09,4.625000690311831e-09,4.625024539210433e-09,4.6250483836027075e-09,4.625072223486596e-09,4.625096058870926e-09,4.625119889752303e-09,4.625143716131221e-09,4.625167538008261e-09,4.625191355386256e-09,4.625215168265509e-09,4.625238976644397e-09,4.625262780529421e-09,4.625286579919042e-09,4.6253103748139614e-09,4.625334165212399e-09,4.625357951117652e-09,4.625381732532694e-09,4.6254055094591936e-09,4.625429281897301e-09,4.625453049845422e-09,4.625476813305237e-09,4.625500572278604e-09,4.625524326763192e-09,4.625548076766681e-09,4.625571822286414e-09,4.625595563323836e-09,4.625619299879641e-09,4.625643031951773e-09,4.625666759548057e-09,4.625690482667317e-09,4.625714201307941e-09,4.625737915471027e-09,4.625761625158878e-09,4.625785330371029e-09,4.625809031112268e-09,4.625832727382252e-09,4.625856419178955e-09,4.625880106504932e-09,4.625903789361412e-09,4.625927467750005e-09,4.6259511416670475e-09,4.625974811122685e-09,4.625998476112271e-09,4.6260221366374e-09,4.6260457926991774e-09,4.626069444298742e-09,4.626093091430905e-09,4.62611673410909e-09,4.626140372328499e-09,4.626164006086157e-09,4.626187635389653e-09,4.626211260236767e-09,4.626234880628751e-09,4.626258496566679e-09,4.626282108050511e-09,4.626305715079515e-09,4.626329317660709e-09,4.626352915791879e-09,4.626376509474492e-09,4.62640009870853e-09,4.626423683494723e-09,4.626447263834446e-09,4.626470839729982e-09,4.626494411181144e-09,4.6265179781903815e-09,4.626541540756177e-09,4.6265650988811185e-09,4.626588652566032e-09,4.6266122018051086e-09,4.626635746615214e-09,4.626659286985785e-09,4.626682822920486e-09,4.62670635441953e-09,4.626729881484843e-09,4.626753404113776e-09,4.626776922313632e-09,4.626800436076806e-09,4.626823945415998e-09,4.626847450326044e-09,4.626870950807869e-09,4.62689444686287e-09,4.626917938491469e-09,4.626941425694854e-09,4.626964908474446e-09,4.62698838683122e-09,4.627011860762912e-09,4.627035330276611e-09,4.6270587953700836e-09,4.6270822560446955e-09,4.627105712301039e-09,4.627129164140591e-09,4.627152611564113e-09,4.627176054574919e-09,4.627199493169128e-09,4.6272229273502494e-09,4.627246357119643e-09,4.627269782477667e-09,4.62729320342585e-09,4.627316619964663e-09,4.6273400320959195e-09,4.627363439819721e-09,4.627386843137523e-09,4.627410242048371e-09,4.627433636557155e-09,4.627457026663173e-09,4.627480412366587e-09,4.627503793669016e-09,4.6275271705747065e-09,4.627550543078364e-09,4.62757391118377e-09,4.627597274891729e-09,4.627620634204055e-09,4.627643989120975e-09,4.6276673396438195e-09,4.627690685773519e-09,4.62771402751143e-09,4.627737364861146e-09,4.62776069781762e-09,4.627784026384652e-09,4.627807350563867e-09,4.627830670355835e-09,4.627853985761515e-09,4.627877296782015e-09,4.62790060341855e-09,4.627923905672077e-09,4.627947203542929e-09,4.6279704970325274e-09,4.627993786142064e-09,4.628017070872331e-09,4.62804035122441e-09,4.628063627198904e-09,4.6280868987976505e-09,4.628110166021025e-09,4.628133428870246e-09,4.62815668734596e-09,4.628179941449361e-09,4.628203191181615e-09,4.628226436543688e-09,4.628249677536284e-09,4.628272914160593e-09,4.628296146417461e-09,4.628319374308343e-09,4.628342597833506e-09,4.628365816994287e-09,4.628389031791953e-09,4.628412242226976e-09,4.6284354483007675e-09,4.628458650013967e-09,4.628481847367699e-09,4.628505040362726e-09,4.628528229000947e-09,4.628551413282357e-09,4.6285745932079634e-09,4.6285977687792106e-09,4.628620939997316e-09,4.628644106862508e-09,4.6286672693760055e-09,4.6286904275391515e-09,4.628713581354165e-09,4.6287367308193484e-09,4.628759875936628e-09,4.628783016707184e-09,4.6288061531320986e-09,4.628829285212582e-09,4.628852412949294e-09,4.628875536343299e-09,4.628898655395618e-09,4.628921770107319e-09,4.628944880482786e-09,4.6289679865158106e-09,4.6289910882108375e-09,4.6290141855692296e-09,4.629037278591754e-09,4.6290603672795175e-09,4.6290834516328435e-09,4.629106531653496e-09,4.629129607342427e-09,4.629152678700765e-09,4.629175745728456e-09,4.6291988084275975e-09,4.6292218667987644e-09,4.629244920843166e-09,4.629267970561549e-09,4.629291015958453e-09,4.629314057027357e-09,4.6293370937735174e-09,4.6293601261973024e-09,4.629383154299716e-09,4.62940617808187e-09,4.629429197545092e-09,4.629452212689874e-09,4.6294752235180705e-09,4.629498230030013e-09,4.629521232226582e-09,4.629544230108465e-09,4.62956722367831e-09,4.629590212934919e-09,4.629613197880495e-09,4.629636178515483e-09,4.629659154840897e-09,4.629682126858069e-09,4.629705094567655e-09,4.629728057970447e-09,4.629751017067889e-09,4.629773971860518e-09,4.6297969223491774e-09,4.629819868536e-09,4.629842810421091e-09,4.6298657480055254e-09,4.629888681289959e-09,4.629911610275966e-09,4.629934534964328e-09,4.629957455355598e-09,4.629980371451418e-09,4.630003283252307e-09,4.630026190759446e-09,4.630049093981933e-09,4.63007199290429e-09,4.630094887535701e-09,4.630117777884314e-09,4.630140663936277e-09,4.630163545700894e-09,4.630186423177531e-09,4.630209296370018e-09,4.630232165276009e-09,4.630255029898199e-09,4.630277890236815e-09,4.630300746293246e-09,4.630323598068618e-09,4.630346445563886e-09,4.630369288779746e-09,4.630392127716752e-09,4.630414962382436e-09,4.630437792765917e-09,4.63046061887397e-09,4.630483440707553e-09,4.63050625826773e-09,4.63052907155544e-09,4.630551880571406e-09,4.630574685316906e-09,4.63059748579274e-09,4.630620281999757e-09,4.6306430739394074e-09,4.630665861612094e-09,4.6306886450184034e-09,4.6307114241605635e-09,4.6307341990388135e-09,4.6307569696540245e-09,4.6307797360074685e-09,4.630802498099806e-09,4.6308252559322845e-09,4.630848009505046e-09,4.630870758820488e-09,4.630893503878756e-09,4.63091624468073e-09,4.630938981227689e-09,4.63096171352045e-09,4.630984441559759e-09,4.631007165347102e-09,4.6310298848829474e-09,4.631052600168577e-09,4.6310753112044594e-09,4.631098017992004e-09,4.631120720532896e-09,4.6311434188263136e-09,4.6311661128747695e-09,4.6311888026781495e-09,4.63121148823805e-09,4.6312341695549356e-09,4.631256846630411e-09,4.63127951946479e-09,4.631302188059516e-09,4.631324852415205e-09,4.631347512533349e-09,4.631370168414212e-09,4.631392820059044e-09,4.6314154674655525e-09,4.631438110645736e-09,4.631460749588367e-09,4.631483384298545e-09,4.631506014777867e-09,4.631528641026978e-09,4.6315512630467895e-09,4.63157388084419e-09,4.631596494408294e-09,4.631619103745075e-09,4.631641708857263e-09,4.63166430974498e-09,4.6316869064092824e-09,4.631709498849985e-09,4.6317320870603594e-09,4.631754671060137e-09,4.631777250838751e-09,4.6317998263986615e-09,4.631822397743307e-09,4.631844964869458e-09,4.631867527778938e-09,4.631890086474218e-09,4.631912640954872e-09,4.631935191223026e-09,4.631957737278535e-09,4.631980279123554e-09,4.632002816756206e-09,4.632025350181506e-09,4.632047879399334e-09,4.632070404409071e-09,4.632092925211471e-09,4.63211544180906e-09,4.632137954203536e-09,4.632160462393423e-09,4.632182966380709e-09,4.632205466166164e-09,4.63222796175132e-09,4.632250453136135e-09,4.632272940322194e-09,4.632295423310676e-09,4.632317902102238e-09,4.632340376688455e-09,4.632362847089365e-09,4.632385313295111e-09,4.632407775308849e-09,4.6324302331303855e-09,4.632452686760423e-09,4.632475136200218e-09,4.63249758145071e-09,4.632520022512181e-09,4.632542459387302e-09,4.632564892075457e-09,4.6325873205795935e-09,4.632609744897767e-09,4.632632165031658e-09,4.6326545809834e-09,4.632676992753423e-09,4.6326994003426126e-09,4.6327218037524096e-09,4.6327442029852414e-09,4.632766598037109e-09,4.63278898891274e-09,4.632811375611902e-09,4.6328337581358854e-09,4.632856136485863e-09,4.632878510663102e-09,4.632900880670728e-09,4.632923246503917e-09,4.632945608166837e-09,4.632967965659624e-09,4.632990318984038e-09,4.633012668141007e-09,4.633035013129261e-09,4.633057353954106e-09,4.633079690614008e-09,4.633102023109744e-09,4.633124351443078e-09,4.6331466756143256e-09,4.633168995623924e-09,4.633191311465458e-09,4.633213623156441e-09,4.633235930688426e-09,4.6332582340639325e-09,4.633280533283017e-09,4.633302828347343e-09,4.633325119256917e-09,4.633347406011898e-09,4.633369688615087e-09,4.633391967067879e-09,4.633414241366896e-09,4.6334365115137985e-09,4.633458777516324e-09,4.633481039371484e-09,4.633503297078801e-09,4.633525550640678e-09,4.6335478000567695e-09,4.6335700453292574e-09,4.6335922864547465e-09,4.6336145234414555e-09,4.63363675628708e-09,4.633658984992366e-09,4.63368120955855e-09,4.633703429985636e-09,4.633725646276208e-09,4.633747858430068e-09,4.633770066447152e-09,4.6337922703299516e-09,4.633814470078646e-09,4.633836665694901e-09,4.633858857178092e-09,4.633881044530941e-09,4.633903227758019e-09,4.633925406851108e-09,4.6339475818158745e-09,4.633969752653799e-09,4.633991919365896e-09,4.634014081951156e-09,4.634036240413055e-09,4.634058394751384e-09,4.634080544967087e-09,4.634102691060668e-09,4.6341248330378795e-09,4.634146970890065e-09,4.634169104625056e-09,4.634191234241239e-09,4.634213359740669e-09,4.634235481123374e-09,4.634257598391146e-09,4.634279711544805e-09,4.634301820584572e-09,4.634323925513358e-09,4.634346026324301e-09,4.63436812303008e-09,4.634390215621511e-09,4.63441230410846e-09,4.634434388484408e-09,4.634456468757711e-09,4.634478544924459e-09,4.634500616985405e-09,4.634522684942739e-09,4.634544748797301e-09,4.6345668085500886e-09,4.6345888641966646e-09,4.6346109157467295e-09,4.634632963197856e-09,4.634655006550483e-09,4.6346770458133025e-09,4.634699080971627e-09,4.634721112033377e-09,4.6347431390059605e-09,4.634765161880714e-09,4.634787180662305e-09,4.634809195351045e-09,4.634831205947258e-09,4.634853212455088e-09,4.634875214873246e-09,4.634897213203507e-09,4.634919207445986e-09,4.6349411976019605e-09,4.6349631836823384e-09,4.634985165668483e-09,4.635007143570221e-09,4.6350291173891265e-09,4.635051087126505e-09,4.63507305278258e-09,4.63509501435995e-09,4.635116971856145e-09,4.635138925274372e-09,4.63516087461656e-09,4.635182819882357e-09,4.635204761071527e-09,4.635226698186116e-09,4.63524863122783e-09,4.635270560196803e-09,4.635292485096922e-09,4.635314405921775e-09,4.635336322678508e-09,4.635358235365663e-09,4.635380143984959e-09,4.6354020485371325e-09,4.6354239490227615e-09,4.63544584544358e-09,4.635467737800212e-09,4.635489626093028e-09,4.6355115103235945e-09,4.635533390492e-09,4.635555266598941e-09,4.63557713865391e-09,4.635599006641964e-09,4.6356208705721365e-09,4.635642730444903e-09,4.635664586261793e-09,4.63568643802897e-09,4.6357082857366614e-09,4.6357301293904635e-09,4.635751968992146e-09,4.635773804543033e-09,4.6357956360488664e-09,4.635817463498139e-09,4.635839286898842e-09,4.6358611062554166e-09,4.635882921562169e-09,4.635904732822188e-09,4.635926540037402e-09,4.635948343207157e-09,4.635970142333524e-09,4.635991937421369e-09,4.6360137284680605e-09,4.6360355154712634e-09,4.6360572984346e-09,4.636079077364513e-09,4.636100852250701e-09,4.636122623099881e-09,4.636144389912745e-09,4.636166152687658e-09,4.636187911431974e-09,4.6362096661511125e-09,4.636231416828516e-09,4.63625316347172e-09,4.636274906090199e-09,4.6362966446756365e-09,4.636318379231747e-09,4.6363401097603046e-09,4.6363618362618854e-09,4.636383558737833e-09,4.63640527718481e-09,4.636426991610604e-09,4.636448702013046e-09,4.63647040839378e-09,4.636492110753984e-09,4.636513809092464e-09,4.636535503409591e-09,4.6365571937095e-09,4.636578879990816e-09,4.636600562255421e-09,4.636622240504525e-09,4.636643914738374e-09,4.636665584957623e-09,4.636687251163473e-09,4.636708913357761e-09,4.6367305715400716e-09,4.636752225711235e-09,4.6367738758726275e-09,4.636795522021766e-09,4.636817164167009e-09,4.6368388023021565e-09,4.636860436438863e-09,4.636882066574361e-09,4.636903692696191e-09,4.636925314811342e-09,4.636946932927902e-09,4.636968547042813e-09,4.636990157156384e-09,4.6370117632716506e-09,4.637033365386751e-09,4.6370549635036265e-09,4.637076557622636e-09,4.637098147752978e-09,4.637119733880948e-09,4.637141316006494e-09,4.637162894145823e-09,4.637184468292695e-09,4.637206038448971e-09,4.637227604613913e-09,4.637249166788066e-09,4.637270724980871e-09,4.637292279179135e-09,4.637313829386894e-09,4.637335375610757e-09,4.6373569178497065e-09,4.6373784561074735e-09,4.637399990378282e-09,4.637421520665507e-09,4.637443046972327e-09,4.637464569298197e-09,4.63748608764326e-09,4.637507602009436e-09,4.637529112397346e-09,4.6375506188074134e-09,4.637572121240614e-09,4.63759361969827e-09,4.637615114181733e-09,4.6376366046949596e-09,4.637658091232475e-09,4.637679573797506e-09,4.637701052391445e-09,4.637722527015162e-09,4.637743997668962e-09,4.63776546435556e-09,4.637786927074749e-09,4.637808385827401e-09,4.6378298406109444e-09,4.6378512914326105e-09,4.6378727382843075e-09,4.637894181178203e-09,4.637915620110794e-09,4.637937055079006e-09,4.6379584860899496e-09,4.637979913141273e-09,4.638001336235049e-09,4.638022755370732e-09,4.6380441705490085e-09,4.638065581771039e-09,4.638086989038335e-09,4.638108392353038e-09,4.638129791715074e-09,4.638151187129497e-09,4.638172578587501e-09,4.638193966093253e-09,4.638215349654605e-09,4.638236729262988e-09,4.638258104922284e-09,4.638279476634605e-09,4.638300844401027e-09,4.638322208222177e-09,4.63834356809863e-09,4.638364924033962e-09,4.638386276024857e-09,4.638407624074138e-09,4.638428968182589e-09,4.6384503083511695e-09,4.6384716445810154e-09,4.638492976872275e-09,4.638514305226164e-09,4.6385356296440995e-09,4.638556950131139e-09,4.638578266679118e-09,4.6385995792950985e-09,4.6386208879766164e-09,4.638642192726527e-09,4.638663493544932e-09,4.63868479043304e-09,4.6387060833925286e-09,4.638727372423495e-09,4.63874865752669e-09,4.638769938703785e-09,4.638791215957556e-09,4.638812489283621e-09,4.63883375868507e-09,4.6388550241642654e-09,4.63887628572211e-09,4.638897543358137e-09,4.638918797076116e-09,4.638940046868615e-09,4.638961292748921e-09,4.638982534704507e-09,4.639003772746126e-09,4.639025006872506e-09,4.6390462370845194e-09,4.639067463378996e-09,4.639088685762238e-09,4.639109904233757e-09,4.63913111879365e-09,4.639152329443271e-09,4.639173536184787e-09,4.6391947390156075e-09,4.639215937936646e-09,4.639237132952409e-09,4.639258324061252e-09,4.639279511264303e-09,4.639300694566322e-09,4.63932187396486e-09,4.639343049457675e-09,4.639364221048668e-09,4.639385388738232e-09,4.639406552528148e-09,4.639427712422177e-09,4.639448868414047e-09,4.6394700205081346e-09,4.6394911687057875e-09,4.6395123130079956e-09,4.6395334534154005e-09,4.63955458992882e-09,4.639575722549037e-09,4.6395968512765285e-09,4.63961797611344e-09,4.639639097060004e-09,4.639660214116016e-09,4.639681327287272e-09,4.639702436567507e-09,4.639723541962997e-09,4.639744643470315e-09,4.639765741091903e-09,4.639786834829126e-09,4.639807924682995e-09,4.639829010656575e-09,4.639850092738877e-09,4.639871170946707e-09,4.639892245276767e-09,4.639913315726372e-09,4.639934382296323e-09,4.639955444991191e-09,4.639976503808883e-09,4.639997558748729e-09,4.6400186098194005e-09,4.6400396570122226e-09,4.64006070033263e-09,4.640081739780647e-09,4.640102775357429e-09,4.640123807065017e-09,4.640144834901984e-09,4.6401658588698424e-09,4.6401868789698285e-09,4.640207895203812e-09,4.6402289075716075e-09,4.640249916073902e-09,4.640270920712235e-09,4.640291921487158e-09,4.640312918398908e-09,4.640333911449536e-09,4.640354900642193e-09,4.640375885972631e-09,4.640396867444153e-09,4.6404178450566005e-09,4.640438818812658e-09,4.640459788711562e-09,4.640480754755989e-09,4.640501716944871e-09,4.640522675282273e-09,4.640543629763229e-09,4.640564580392582e-09,4.640585527169679e-09,4.640606470101215e-09,4.640627409179425e-09,4.6406483444090105e-09,4.640669275791311e-09,4.6406902033177e-09,4.640711127008743e-09,4.640732046854424e-09,4.640752962853664e-09,4.640773875009403e-09,4.640794783323132e-09,4.6408156877941295e-09,4.640836588426401e-09,4.640857485217793e-09,4.640878378168962e-09,4.640899267283118e-09,4.640920152558649e-09,4.640941033997078e-09,4.6409619116008676e-09,4.640982785371252e-09,4.641003655305967e-09,4.641024521407408e-09,4.6410453836765026e-09,4.641066242114735e-09,4.6410870967219995e-09,4.641107947499626e-09,4.6411287944488626e-09,4.641149637570191e-09,4.641170476864497e-09,4.641191312335821e-09,4.6412121439777395e-09,4.64123297179629e-09,4.641253795795179e-09,4.641274615966522e-09,4.64129543231455e-09,4.641316244842927e-09,4.6413370535513435e-09,4.6413578584411316e-09,4.641378659511882e-09,4.641399456772919e-09,4.64142025020994e-09,4.64144103983098e-09,4.641461825636161e-09,4.641482607626368e-09,4.641503385804216e-09,4.6415241601696786e-09,4.641544930722414e-09,4.6415656974652084e-09,4.641586460398379e-09,4.641607219524193e-09,4.6416279748395894e-09,4.641648726347922e-09,4.641669474052798e-09,4.641690217949037e-09,4.641710958040679e-09,4.641731694327993e-09,4.641752426812286e-09,4.641773155496485e-09,4.6417938803771955e-09,4.641814601457824e-09,4.6418353187382795e-09,4.64185603222008e-09,4.6418767419039175e-09,4.641897447790531e-09,4.641918149880949e-09,4.6419388481765025e-09,4.641959542676729e-09,4.641980233387685e-09,4.642000920302257e-09,4.642021603422653e-09,4.642042282754219e-09,4.642062958296306e-09,4.642083630048037e-09,4.642104298010849e-09,4.6421249621865166e-09,4.6421456225752036e-09,4.642166279177404e-09,4.642186931994439e-09,4.6422075810178315e-09,4.642228226268367e-09,4.642248867736336e-09,4.642269505422275e-09,4.642290139325757e-09,4.6423107694483456e-09,4.642331395793226e-09,4.642352018363059e-09,4.6423726371530695e-09,4.642393252167595e-09,4.642413863404964e-09,4.642434470867023e-09,4.642455074552249e-09,4.6424756744671924e-09,4.642496270609529e-09,4.64251686298053e-09,4.6425374515808625e-09,4.642558036411645e-09,4.642578617472939e-09,4.6425991947616706e-09,4.64261976828767e-09,4.642640338047161e-09,4.6426609040408195e-09,4.6426814662676e-09,4.6427020247327945e-09,4.642722579435125e-09,4.64274313037506e-09,4.642763677553618e-09,4.642784220970372e-09,4.642804760628876e-09,4.642825296528515e-09,4.642845828659709e-09,4.642866357044112e-09,4.64288688167691e-09,4.642907402548441e-09,4.64292791966479e-09,4.642948433028942e-09,4.6429689426386036e-09,4.642989448497504e-09,4.643009950604948e-09,4.6430304489623445e-09,4.643050943569414e-09,4.643071434428574e-09,4.643091921539829e-09,4.643112404899682e-09,4.643132884517532e-09,4.643153360389992e-09,4.643173832517906e-09,4.643194300903043e-09,4.643214765545072e-09,4.643235226444691e-09,4.643255683603186e-09,4.6432761370213486e-09,4.643296586700042e-09,4.643317032639976e-09,4.643337474842169e-09,4.643357913307585e-09,4.643378348035326e-09,4.643398779029293e-09,4.643419206288958e-09,4.643439629815196e-09,4.643460049607529e-09,4.64348046566876e-09,4.643500877999005e-09,4.643521286598944e-09,4.643541691469542e-09,4.6435620926114965e-09,4.643582490025717e-09,4.643602883712351e-09,4.643623273674964e-09,4.643643659910009e-09,4.643664042421261e-09,4.643684421208441e-09,4.64370479627386e-09,4.643725167617107e-09,4.6437455352350155e-09,4.643765899138223e-09,4.643786259321383e-09,4.643806615785855e-09,4.643826968532309e-09,4.64384731756035e-09,4.643867662863389e-09,4.643888004460505e-09,4.6439083423448254e-09,4.643928676520469e-09,4.643949006978593e-09,4.6439693337261655e-09,4.643989656761267e-09,4.64400997608506e-09,4.644030291693952e-09,4.644050603601476e-09,4.644070911800941e-09,4.644091216294111e-09,4.6441115170794376e-09,4.644131814162209e-09,4.6441521075397056e-09,4.644172397210014e-09,4.644192683181108e-09,4.6442129654500416e-09,4.644233244018285e-09,4.6442535188862695e-09,4.644273790052813e-09,4.644294057522778e-09,4.6443143212946575e-09,4.644334581369274e-09,4.644354837748424e-09,4.644375090432841e-09,4.6443953394224945e-09,4.6444155847191015e-09,4.644435826321845e-09,4.644456064233165e-09,4.64447629844635e-09,4.644496528975139e-09,4.644516755804755e-09,4.644536978956931e-09,4.644557198421176e-09,4.644577414198757e-09,4.6445976262901155e-09,4.644617834686523e-09,4.644638039407788e-09,4.644658240445616e-09,4.644678437789975e-09,4.644698631463047e-09,4.6447188214549724e-09,4.644739007766509e-09,4.644759190399538e-09,4.644779369356544e-09,4.64479954463186e-09,4.6448197162304475e-09,4.644839884151353e-09,4.64486004839662e-09,4.644880208969117e-09,4.644900365867916e-09,4.644920519085851e-09,4.644940668640931e-09,4.644960814523296e-09,4.64498095673569e-09,4.645001095278526e-09,4.645021230142478e-09,4.64504136134195e-09,4.64506148888099e-09,4.645081612748035e-09,4.645101732948564e-09,4.645121849490851e-09,4.64514196236929e-09,4.645162071584587e-09,4.6451821771388005e-09,4.645202279030686e-09,4.645222377256254e-09,4.645242471828109e-09,4.645262562739176e-09,4.645282649993779e-09,4.645302733593096e-09,4.645322813534239e-09,4.645342889819258e-09,4.645362962450574e-09,4.6453830314217725e-09,4.645403096736165e-09,4.645423158395964e-09,4.645443216419143e-09,4.645463270787755e-09,4.645483321504904e-09,4.645503368574747e-09,4.645523411994862e-09,4.645543451767149e-09,4.645563487894552e-09,4.645583520376494e-09,4.645603549213086e-09,4.645623574405208e-09,4.645643595956824e-09,4.645663613863946e-09,4.6456836281291584e-09,4.6457036387535255e-09,4.645723645737477e-09,4.645743649082321e-09,4.645763648789005e-09,4.645783644858085e-09,4.645803637290179e-09,4.645823626085228e-09,4.645843611246117e-09,4.645863592772714e-09,4.6458835706642886e-09,4.645903544924606e-09,4.645923515552987e-09,4.645943482548688e-09,4.6459634459156185e-09,4.6459834056497846e-09,4.646003361758754e-09,4.646023314239741e-09,4.646043263093632e-09,4.646063208321081e-09,4.646083149923078e-09,4.64610308789904e-09,4.6461230222511165e-09,4.64614295297884e-09,4.646162880098061e-09,4.646182803585349e-09,4.646202723454006e-09,4.6462226396950465e-09,4.646242552323598e-09,4.6462624613337905e-09,4.646282366725399e-09,4.646302268507907e-09,4.64632216666844e-09,4.646342061212853e-09,4.646361952146222e-09,4.646381839469905e-09,4.646401723173768e-09,4.64642160326826e-09,4.646441479750241e-09,4.646461352625478e-09,4.6464812218888735e-09,4.646501087543393e-09,4.6465209495874955e-09,4.646540808029335e-09,4.6465606628653054e-09,4.646580514095737e-09,4.646600361721571e-09,4.646620205744133e-09,4.646640046163282e-09,4.646659882980902e-09,4.646679716197709e-09,4.646699545813908e-09,4.646719371835379e-09,4.646739194252495e-09,4.646759013071969e-09,4.646778828295109e-09,4.6467986399197245e-09,4.646818447949995e-09,4.646838252388779e-09,4.646858053232252e-09,4.6468778504812985e-09,4.64689764413993e-09,4.6469174342068965e-09,4.646937220682461e-09,4.646957003564791e-09,4.646976782862e-09,4.646996558562647e-09,4.647016330684452e-09,4.647036099213701e-09,4.647055864162447e-09,4.647075625526849e-09,4.6470953833069435e-09,4.647115137502945e-09,4.6471348881121384e-09,4.647154635142859e-09,4.647174378594007e-09,4.647194118472299e-09,4.6472138547634045e-09,4.647233587478411e-09,4.64725331660442e-09,4.6472730421581305e-09,4.647292764140325e-09,4.6473124825454135e-09,4.647332197378129e-09,4.647351908632491e-09,4.647371616317999e-09,4.647391320431387e-09,4.647411020970704e-09,4.647430717942682e-09,4.647450411342626e-09,4.647470101172855e-09,4.647489787436802e-09,4.647509470128615e-09,4.647529149259079e-09,4.64754882482596e-09,4.647568496825215e-09,4.647588165255476e-09,4.647607830127763e-09,4.647627491436343e-09,4.647647149186581e-09,4.647666803372305e-09,4.647686453999037e-09,4.647706101066157e-09,4.64772574457459e-09,4.647745384526184e-09,4.6477650209194035e-09,4.6477846537540795e-09,4.647804283035018e-09,4.647823908763213e-09,4.647843530939946e-09,4.6478631495590034e-09,4.647882764630486e-09,4.6479023761477706e-09,4.647921984109928e-09,4.6479415885267204e-09,4.64796118939542e-09,4.647980786708511e-09,4.648000380480274e-09,4.648019970699422e-09,4.648039557382811e-09,4.648059140520995e-09,4.648078720111671e-09,4.64809829615777e-09,4.648117868661156e-09,4.648137437623001e-09,4.648157003050454e-09,4.648176564936352e-09,4.648196123276949e-09,4.648215678081496e-09,4.6482352293457586e-09,4.64825477707367e-09,4.648274321264463e-09,4.6482938619193375e-09,4.648313399040219e-09,4.6483329326264385e-09,4.64835246267947e-09,4.648371989204931e-09,4.648391512193865e-09,4.648411031652381e-09,4.6484305475805004e-09,4.648450059979405e-09,4.6484695688490974e-09,4.648489074192283e-09,4.648508576008968e-09,4.648528074297949e-09,4.648547569064106e-09,4.648567060298879e-09,4.648586548018504e-09,4.648606032212749e-09,4.648625512886842e-09,4.648644990037238e-09,4.648664463665763e-09,4.648683933776211e-09,4.648703400363805e-09,4.6487228634391274e-09,4.648742322990168e-09,4.648761779031705e-09,4.648781231554549e-09,4.648800680562764e-09,4.648820126050805e-09,4.648839568033371e-09,4.6488590064996665e-09,4.6488784414575306e-09,4.64889787290288e-09,4.648917300837011e-09,4.648936725257566e-09,4.648956146168764e-09,4.648975563575753e-09,4.6489949774767885e-09,4.64901438787129e-09,4.6490337947654174e-09,4.649053198151821e-09,4.649072598032009e-09,4.649091994411819e-09,4.649111387286761e-09,4.649130776659221e-09,4.649150162530748e-09,4.649169544902785e-09,4.649188923774792e-09,4.649208299150796e-09,4.649227671032608e-09,4.649247039417664e-09,4.649266404303259e-09,4.649285765690481e-09,4.649305123583098e-09,4.649324477977204e-09,4.649343828884186e-09,4.649363176297535e-09,4.649382520217737e-09,4.649401860648962e-09,4.649421197599419e-09,4.649440531048852e-09,4.649459861016047e-09,4.649479187494132e-09,4.649498510482834e-09,4.649517829987049e-09,4.649537146003079e-09,4.649556458537323e-09,4.649575767582631e-09,4.6495950731531785e-09,4.649614375237931e-09,4.649633673843659e-09,4.649652968966413e-09,4.6496722606091365e-09,4.649691548773312e-09,4.6497108334609024e-09,4.649730114668977e-09,4.64974939239905e-09,4.64976866665651e-09,4.649787937436765e-09,4.649807204744884e-09,4.649826468580073e-09,4.649845728941927e-09,4.64986498582942e-09,4.649884239245119e-09,4.649903489187205e-09,4.649922735669584e-09,4.649941978676365e-09,4.64996121821326e-09,4.64998045428442e-09,4.649999686889649e-09,4.650018916029041e-09,4.6500381417048815e-09,4.650057363913068e-09,4.650076582659312e-09,4.650095797942474e-09,4.650115009764557e-09,4.650134218125467e-09,4.650153423025409e-09,4.650172624465317e-09,4.650191822448764e-09,4.650211016970999e-09,4.650230208037216e-09,4.650249395646401e-09,4.650268579803863e-09,4.65028776050208e-09,4.650306937748978e-09,4.650326111539599e-09,4.650345281877748e-09,4.6503644487640985e-09,4.650383612202107e-09,4.650402772189645e-09,4.6504219287267096e-09,4.650441081819025e-09,4.650460231458045e-09,4.650479377649902e-09,4.650498520393582e-09,4.650517659693946e-09,4.650536795547363e-09,4.650555927955131e-09,4.650575056921036e-09,4.650594182449283e-09,4.6506133045284695e-09,4.650632423171389e-09,4.650651538371776e-09,4.650670650125815e-09,4.650689758447252e-09,4.650708863330651e-09,4.6507279647791184e-09,4.650747062789711e-09,4.65076615736345e-09,4.650785248503134e-09,4.65080433620805e-09,4.650823420478311e-09,4.650842501316207e-09,4.650861578723902e-09,4.650880652700871e-09,4.650899723246111e-09,4.6509187903644555e-09,4.650937854053471e-09,4.650956914312536e-09,4.650975971144314e-09,4.650995024551181e-09,4.651014074521952e-09,4.651033121075485e-09,4.65105216420725e-09,4.65107120391183e-09,4.651090240197908e-09,4.6511092730617606e-09,4.651128302506182e-09,4.651147328524619e-09,4.651166351124734e-09,4.65118537030907e-09,4.651204386071696e-09,4.65122339841761e-09,4.651242407346813e-09,4.6512614128638335e-09,4.651280414962037e-09,4.651299413645757e-09,4.6513184089171025e-09,4.651337400774346e-09,4.651356389219745e-09,4.6513753742544785e-09,4.6513943558785325e-09,4.651413334091681e-09,4.651432308901047e-09,4.6514512802972184e-09,4.651470248286708e-09,4.6514892128714144e-09,4.6515081740480616e-09,4.6515271318216984e-09,4.651546086195489e-09,4.651565037159429e-09,4.651583984714568e-09,4.6516029288731215e-09,4.651621869629098e-09,4.651640806990973e-09,4.651659740949651e-09,4.651678671507064e-09,4.651697598666079e-09,4.651716522427576e-09,4.651735442790876e-09,4.651754359759697e-09,4.6517732733331394e-09,4.651792183512881e-09,4.651811090299888e-09,4.651829993692372e-09,4.651848893693939e-09,4.651867790302276e-09,4.651886683519803e-09,4.651905573347364e-09,4.6519244597835126e-09,4.6519433428336465e-09,4.651962222496225e-09,4.651981098771521e-09,4.6519999716625906e-09,4.6520188411636624e-09,4.65203770728548e-09,4.652056570018551e-09,4.652075429361773e-09,4.652094285330717e-09,4.652113137917881e-09,4.652131987124413e-09,4.652150832950138e-09,4.652169675398229e-09,4.652188514471079e-09,4.652207350161433e-09,4.652226182474605e-09,4.6522450114120075e-09,4.652263836972959e-09,4.6522826591585355e-09,4.65230147797045e-09,4.652320293409987e-09,4.652339105475068e-09,4.652357914172337e-09,4.652376719495528e-09,4.6523955214472824e-09,4.65241432003183e-09,4.652433115244164e-09,4.652451907090992e-09,4.652470695573527e-09,4.652489480683541e-09,4.652508262425051e-09,4.652527040807394e-09,4.652545815826754e-09,4.652564587479944e-09,4.652583355770315e-09,4.652602120696657e-09,4.652620882263413e-09,4.6526396404688756e-09,4.652658395311234e-09,4.652677146798785e-09,4.6526958949278925e-09,4.652714639701515e-09,4.652733381116462e-09,4.652752119174578e-09,4.65277085387849e-09,4.652789585220037e-09,4.652808313214256e-09,4.652827037855748e-09,4.6528457591445785e-09,4.652864477081619e-09,4.652883191668937e-09,4.6529019029051515e-09,4.6529206107945265e-09,4.652939315332409e-09,4.652958016522715e-09,4.65297671436542e-09,4.652995408863439e-09,4.653014100012641e-09,4.653032787824036e-09,4.653051472285838e-09,4.653070153400406e-09,4.653088831178506e-09,4.653107505611972e-09,4.653126176704827e-09,4.653144844457327e-09,4.653163508869126e-09,4.653182169943245e-09,4.653200827681441e-09,4.653219482078847e-09,4.653238133138431e-09,4.653256780863996e-09,4.6532754252538684e-09,4.653294066306978e-09,4.653312704029065e-09,4.653331338418727e-09,4.653349969475608e-09,4.653368597201082e-09,4.653387221596078e-09,4.65340584266438e-09,4.653424460400336e-09,4.653443074807229e-09,4.653461685885838e-09,4.653480293637451e-09,4.653498898064178e-09,4.653517499164519e-09,4.653536096939093e-09,4.653554691390357e-09,4.653573282519647e-09,4.653591870324795e-09,4.653610454808647e-09,4.653629035970427e-09,4.653647613805826e-09,4.653666188332247e-09,4.653684759532868e-09,4.653703327416255e-09,4.6537218919854476e-09,4.653740453236968e-09,4.653759011171739e-09,4.6537775657891186e-09,4.653796117091933e-09,4.653814665083743e-09,4.653833209762843e-09,4.653851751130383e-09,4.653870289181585e-09,4.653888823925929e-09,4.653907355358078e-09,4.653925883483141e-09,4.653944408299724e-09,4.6539629298086375e-09,4.6539814480105534e-09,4.6539999629061375e-09,4.654018474495863e-09,4.654036982781063e-09,4.654055487761873e-09,4.654073989438599e-09,4.654092487813335e-09,4.654110982887032e-09,4.6541294746597e-09,4.6541479631312175e-09,4.654166448303282e-09,4.654184930175862e-09,4.654203408750287e-09,4.654221884027169e-09,4.654240356007489e-09,4.654258824693207e-09,4.654277290082196e-09,4.654295752175656e-09,4.654314210979304e-09,4.654332666488971e-09,4.6543511187072794e-09,4.6543695676309165e-09,4.654388013263683e-09,4.65440645560619e-09,4.654424894662157e-09,4.654443330426593e-09,4.6544617629067595e-09,4.65448019209598e-09,4.6544986179968776e-09,4.654517040614945e-09,4.654535459949321e-09,4.654553875997068e-09,4.654572288760962e-09,4.654590698242445e-09,4.65460910443898e-09,4.654627507357854e-09,4.654645906994405e-09,4.654664303351725e-09,4.654682696430656e-09,4.654701086238225e-09,4.654719472761076e-09,4.654737856005609e-09,4.654756235978344e-09,4.654774612672731e-09,4.6547929860923e-09,4.654811356239344e-09,4.654829723108199e-09,4.654848086707856e-09,4.6548664470342645e-09,4.65488480409514e-09,4.654903157880374e-09,4.6549215083957144e-09,4.654939855642395e-09,4.6549581996204855e-09,4.6549765403339405e-09,4.654994877775734e-09,4.6550132119533226e-09,4.655031542867717e-09,4.655049870516645e-09,4.65506819490063e-09,4.655086516023451e-09,4.655104833882384e-09,4.655123148477907e-09,4.655141459810892e-09,4.655159767885318e-09,4.65517807270086e-09,4.655196374257944e-09,4.655214672558477e-09,4.655232967600713e-09,4.655251259385711e-09,4.655269547916066e-09,4.6552878331901035e-09,4.6553061152143406e-09,4.65532439398048e-09,4.655342669497542e-09,4.655360941744023e-09,4.6553792107532084e-09,4.655397476514943e-09,4.655415739021836e-09,4.655433998280768e-09,4.6554522542936195e-09,4.655470507055955e-09,4.65548875656368e-09,4.655507002832429e-09,4.6555252458553574e-09,4.655543485633912e-09,4.655561722167922e-09,4.655579955459046e-09,4.655598185509199e-09,4.655616412314266e-09,4.655634635879139e-09,4.655652856203563e-09,4.655671073286434e-09,4.65568928712957e-09,4.655707497735093e-09,4.655725705110118e-09,4.655743909235323e-09,4.655762110129339e-09,4.655780307788271e-09,4.655798502205474e-09,4.6558166933961175e-09,4.6558348813522735e-09,4.655853066076648e-09,4.655871247561598e-09,4.655889425819873e-09,4.655907600849177e-09,4.6559257726495534e-09,4.655943941219871e-09,4.6559621065629246e-09,4.655980268677167e-09,4.655998427564594e-09,4.656016583225571e-09,4.65603473566486e-09,4.65605288487747e-09,4.656071030859924e-09,4.656089173630991e-09,4.656107313172309e-09,4.6561254494869875e-09,4.6561435825690594e-09,4.6561617124436766e-09,4.656179839103748e-09,4.656197962547073e-09,4.656216082769767e-09,4.656234199773591e-09,4.656252313558409e-09,4.656270424126619e-09,4.656288531479565e-09,4.656306635617756e-09,4.656324736541481e-09,4.656342834251186e-09,4.656360928748849e-09,4.6563790200326325e-09,4.656397108107006e-09,4.656415192967398e-09,4.656433274621746e-09,4.6564513530681275e-09,4.656469428301504e-09,4.6564875003396994e-09,4.656505569166892e-09,4.656523634782157e-09,4.6565416971927536e-09,4.6565597564001985e-09,4.656577812403689e-09,4.656595865207051e-09,4.65661391480192e-09,4.656631961190679e-09,4.6566500043823475e-09,4.656668044373734e-09,4.656686081166953e-09,4.6567041147587334e-09,4.656722145156074e-09,4.65674017235618e-09,4.6567581963554445e-09,4.656776217155803e-09,4.6567942347630615e-09,4.656812249182243e-09,4.656830260401341e-09,4.656848268426992e-09,4.65686627325888e-09,4.6568842748985586e-09,4.656902273350362e-09,4.656920268596917e-09,4.656938260661222e-09,4.65695624954054e-09,4.656974235232932e-09,4.65699221773685e-09,4.6570101970532765e-09,4.6570281731818035e-09,4.6570461461263585e-09,4.657064115886799e-09,4.657082082467632e-09,4.657100045862774e-09,4.657118006075416e-09,4.65713596310235e-09,4.657153916951334e-09,4.657171867615968e-09,4.657189815102259e-09,4.657207759411097e-09,4.657225700543066e-09,4.657243638497687e-09,4.6572615732726725e-09,4.657279504869059e-09,4.65729743328706e-09,4.6573153585288595e-09,4.657333280599801e-09,4.65735119949058e-09,4.657369115212121e-09,4.657387027769036e-09,4.657404937150901e-09,4.657422843362453e-09,4.657440746399221e-09,4.657458646269158e-09,4.657476542968752e-09,4.657494436502476e-09,4.657512326868968e-09,4.657530214068398e-09,4.657548098103608e-09,4.657565978972763e-09,4.657583856677229e-09,4.657601731217936e-09,4.65761960260243e-09,4.657637470821116e-09,4.657655335877157e-09,4.657673197770467e-09,4.6576910565106e-09,4.657708912083644e-09,4.657726764497727e-09,4.657744613756258e-09,4.657762459854997e-09,4.65778030279889e-09,4.657798142581834e-09,4.657815979211992e-09,4.6578338126932265e-09,4.65785164301497e-09,4.657869470183978e-09,4.657887294201764e-09,4.657905115071066e-09,4.657922932787759e-09,4.6579407473504565e-09,4.657958558763915e-09,4.657976367029542e-09,4.657994172145699e-09,4.658011974114024e-09,4.658029772937323e-09,4.658047568608915e-09,4.658065361138294e-09,4.658083150523231e-09,4.658100936766036e-09,4.658118719868886e-09,4.658136499824437e-09,4.658154276638485e-09,4.658172050317346e-09,4.658189820853995e-09,4.658207588245296e-09,4.658225352496718e-09,4.658243113617684e-09,4.658260871594658e-09,4.658278626440537e-09,4.658296378142625e-09,4.658314126708417e-09,4.6583318721415415e-09,4.658349614439703e-09,4.658367353599693e-09,4.6583850896316035e-09,4.6584028225275224e-09,4.658420552293964e-09,4.6584382789292756e-09,4.6584560024369155e-09,4.6584737228151524e-09,4.658491440062334e-09,4.658509154180644e-09,4.658526865167086e-09,4.658544573033129e-09,4.6585622777723144e-09,4.658579979385985e-09,4.658597677881084e-09,4.658615373245704e-09,4.658633065484012e-09,4.658650754601107e-09,4.658668440602001e-09,4.658686123482094e-09,4.65870380323825e-09,4.65872147987473e-09,4.6587391533844435e-09,4.658756823780808e-09,4.658774491063973e-09,4.6587921552312975e-09,4.65880981627883e-09,4.658827474212689e-09,4.658845129032601e-09,4.658862780735478e-09,4.658880429326192e-09,4.658898074804515e-09,4.658915717169343e-09,4.658933356422634e-09,4.658950992565476e-09,4.658968625597522e-09,4.658986255521984e-09,4.659003882338976e-09,4.65902150604296e-09,4.659039126642641e-09,4.65905674413517e-09,4.659074358521858e-09,4.659091969805494e-09,4.659109577982413e-09,4.659127183055018e-09,4.659144785025016e-09,4.659162383892211e-09,4.659179979657953e-09,4.6591975723285245e-09,4.659215161892561e-09,4.6592327483569615e-09,4.659250331725165e-09,4.659267911996698e-09,4.659285489161449e-09,4.659303063235661e-09,4.659320634211887e-09,4.659338202091979e-09,4.6593557668784176e-09,4.659373328569371e-09,4.65939088716734e-09,4.659408442672087e-09,4.6594259950847405e-09,4.659443544406011e-09,4.659461090636526e-09,4.659478633778909e-09,4.659496173830102e-09,4.659513710789586e-09,4.659531244664382e-09,4.659548775454611e-09,4.659566303155488e-09,4.659583827767247e-09,4.659601349296147e-09,4.659618867740474e-09,4.659636383100888e-09,4.659653895378474e-09,4.659671404575111e-09,4.65968891068813e-09,4.659706413717451e-09,4.659723913668079e-09,4.659741410540887e-09,4.65975890433966e-09,4.6597763950537626e-09,4.659793882695284e-09,4.659811367254156e-09,4.659828848741816e-09,4.659846327149772e-09,4.6598638024815845e-09,4.6598812747386885e-09,4.659898743919449e-09,4.659916210030047e-09,4.659933673065586e-09,4.659951133032108e-09,4.659968589932864e-09,4.659986043758275e-09,4.6600034945148226e-09,4.66002094220195e-09,4.660038386820724e-09,4.660055828371778e-09,4.660073266853952e-09,4.6600907022789595e-09,4.660108134631383e-09,4.660125563918143e-09,4.660142990148248e-09,4.660160413309057e-09,4.660177833404772e-09,4.6601952504398014e-09,4.660212664413719e-09,4.6602300753267655e-09,4.660247483178754e-09,4.660264887974437e-09,4.660282289706705e-09,4.660299688389832e-09,4.660317084009867e-09,4.660334476572527e-09,4.660351866080727e-09,4.6603692525432366e-09,4.660386635940758e-09,4.660404016283724e-09,4.660421393573435e-09,4.660438767810492e-09,4.660456138996761e-09,4.660473507130508e-09,4.660490872214162e-09,4.660508234247503e-09,4.660525593233765e-09,4.660542949167532e-09,4.660560302055023e-09,4.6605776518951995e-09,4.6605949986890555e-09,4.660612342436532e-09,4.6606296831413235e-09,4.660647020799513e-09,4.660664355414374e-09,4.660681686986045e-09,4.6606990155193694e-09,4.660716341006811e-09,4.6607336634596735e-09,4.660750982865538e-09,4.660768299232284e-09,4.660785612558912e-09,4.660802922847898e-09,4.660820230098308e-09,4.660837534311671e-09,4.660854835490221e-09,4.6608721336313225e-09,4.660889428738438e-09,4.660906720812497e-09,4.660924009852257e-09,4.660941295858268e-09,4.660958578832071e-09,4.660975858772378e-09,4.660993135682117e-09,4.661010409561516e-09,4.661027680412926e-09,4.661044948232612e-09,4.661062213024941e-09,4.661079474789683e-09,4.661096733528614e-09,4.661113989240415e-09,4.6611312419266395e-09,4.661148491587429e-09,4.661165738223878e-09,4.661182981835337e-09,4.661200222425524e-09,4.661217459993018e-09,4.661234694539539e-09,4.661251926064714e-09,4.66126915456917e-09,4.66128638005474e-09,4.661303602519612e-09,4.661320821965781e-09,4.661338038400835e-09,4.661355251815013e-09,4.6613724622195115e-09,4.6613896696013305e-09,4.661406873970126e-09,4.661424075322196e-09,4.66144127366092e-09,4.661458468986754e-09,4.661475661301741e-09,4.661492850608826e-09,4.661510036899598e-09,4.661527220180052e-09,4.66154440045132e-09,4.661561577711268e-09,4.661578751964946e-09,4.661595923211606e-09,4.661613091452118e-09,4.661630256684146e-09,4.66164741891164e-09,4.661664578134123e-09,4.6616817343521475e-09,4.661698887568925e-09,4.661716037780776e-09,4.661733184995771e-09,4.661750329204024e-09,4.661767470411298e-09,4.661784608617662e-09,4.661801743826822e-09,4.6618188760348455e-09,4.661836005244359e-09,4.661853131457165e-09,4.661870254672762e-09,4.661887374891479e-09,4.661904492114897e-09,4.661921606343038e-09,4.661938717577474e-09,4.661955825817348e-09,4.6619729310643356e-09,4.661990033320175e-09,4.662007132583355e-09,4.66202422885588e-09,4.662041322140203e-09,4.6620584124385095e-09,4.662075499739687e-09,4.662092584054834e-09,4.662109665382094e-09,4.662126743722342e-09,4.662143819076293e-09,4.66216089144445e-09,4.6621779608318485e-09,4.662195027230486e-09,4.6622120906455696e-09,4.662229151077468e-09,4.662246208527482e-09,4.662263262995453e-09,4.662280314481787e-09,4.662297362989803e-09,4.662314408517151e-09,4.662331451065439e-09,4.662348490634832e-09,4.662365527228442e-09,4.662382560843372e-09,4.662399591481034e-09,4.662416619143529e-09,4.662433643830913e-09,4.662450665543605e-09,4.6624676842843765e-09,4.662484700049911e-09,4.662501712843308e-09,4.662518722665121e-09,4.662535729523213e-09,4.662552733403307e-09,4.66256973431439e-09,4.662586732256087e-09,4.662603727225107e-09,4.662620719229341e-09,4.662637708264146e-09,4.662654694333107e-09,4.662671677441144e-09,4.662688657584039e-09,4.662705634757907e-09,4.662722608968323e-09,4.662739580216127e-09,4.662756548501715e-09,4.662773513824636e-09,4.66279047618714e-09,4.6628074355872554e-09,4.662824392027679e-09,4.6628413455087244e-09,4.662858296034908e-09,4.662875243599284e-09,4.662892188206439e-09,4.662909129856689e-09,4.66292606855064e-09,4.6629430042896116e-09,4.662959937076271e-09,4.662976866908073e-09,4.662993793784298e-09,4.6630107177102176e-09,4.663027638684059e-09,4.663044556703863e-09,4.663061471776487e-09,4.66307838389529e-09,4.6630952930625205e-09,4.663112199283348e-09,4.663129102555481e-09,4.663146002880348e-09,4.66316290025791e-09,4.663179794688573e-09,4.663196686173146e-09,4.663213574716382e-09,4.663230460313096e-09,4.663247342965754e-09,4.66326422267547e-09,4.663281099437192e-09,4.663297973265002e-09,4.663314844150212e-09,4.663331712100988e-09,4.6633485771067e-09,4.663365439171696e-09,4.663382298298689e-09,4.6633991544969045e-09,4.6634160077503585e-09,4.663432858065434e-09,4.6634497054468036e-09,4.663466549892384e-09,4.6634833914006845e-09,4.66350022997644e-09,4.6635170656187155e-09,4.663533898328753e-09,4.663550728106352e-09,4.663567554953339e-09,4.663584378870925e-09,4.6636011998586455e-09,4.6636180179164155e-09,4.663634833043645e-09,4.663651645243188e-09,4.663668454516176e-09,4.663685260861341e-09,4.663702064281991e-09,4.66371886477581e-09,4.6637356623452485e-09,4.6637524569896804e-09,4.663769248710634e-09,4.663786037506469e-09,4.663802823383713e-09,4.663819606338061e-09,4.663836386371155e-09,4.663853163481136e-09,4.663869937676977e-09,4.66388670895111e-09,4.663903477309007e-09,4.663920242747852e-09,4.663937005267187e-09,4.663953764870249e-09,4.663970521560495e-09,4.6639872753339304e-09,4.66400402619314e-09,4.6640207741409945e-09,4.664037519172037e-09,4.66405426129053e-09,4.664071000497914e-09,4.664087736795885e-09,4.664104470181401e-09,4.664121200657103e-09,4.66413792822144e-09,4.664154652878765e-09,4.66417137462807e-09,4.664188093469696e-09,4.664204809404651e-09,4.664221522432137e-09,4.6642382325560375e-09,4.6642549397745726e-09,4.66427164408665e-09,4.6642883454934684e-09,4.664305044003514e-09,4.6643217396076515e-09,4.6643384323106665e-09,4.664355122113467e-09,4.664371809015165e-09,4.664388493018388e-09,4.664405174120034e-09,4.664421852325723e-09,4.664438527631455e-09,4.664455200039963e-09,4.664471869553193e-09,4.66448853617182e-09,4.664505199896437e-09,4.664521860723199e-09,4.664538518654396e-09,4.6645551736948504e-09,4.66457182584314e-09,4.6645884751010615e-09,4.664605121463742e-09,4.6646217649382045e-09,4.664638405523415e-09,4.664655043217306e-09,4.664671678022355e-09,4.6646883099384665e-09,4.664704938967047e-09,4.664721565111216e-09,4.6647381883675104e-09,4.6647548087385464e-09,4.6647714262238495e-09,4.664788040826873e-09,4.6648046525422425e-09,4.6648212613790745e-09,4.664837867333134e-09,4.664854470401662e-09,4.66487107059155e-09,4.6648876678995305e-09,4.664904262328018e-09,4.664920853876756e-09,4.66493744254683e-09,4.664954028338892e-09,4.664970611254491e-09,4.664987191293786e-09,4.665003768457711e-09,4.6650203427446506e-09,4.665036914156153e-09,4.665053482693446e-09,4.665070048357186e-09,4.665086611148957e-09,4.665103171067353e-09,4.665119728111275e-09,4.665136282287077e-09,4.665152833592516e-09,4.66516938202814e-09,4.665185927593795e-09,4.6652024702915675e-09,4.665219010123245e-09,4.665235547088329e-09,4.665252081185178e-09,4.665268612416144e-09,4.665285140782525e-09,4.665301666281878e-09,4.665318188919446e-09,4.665334708692258e-09,4.665351225602252e-09,4.6653677396508444e-09,4.6653842508385e-09,4.6654007591661425e-09,4.665417264635378e-09,4.665433767244214e-09,4.6654502669888905e-09,4.665466763875825e-09,4.665483257906229e-09,4.665499749079542e-09,4.665516237398288e-09,4.6655327228599115e-09,4.665549205466412e-09,4.665565685218514e-09,4.665582162116606e-09,4.665598636168974e-09,4.6656151073604325e-09,4.665631575700003e-09,4.66564804118756e-09,4.6656645038250825e-09,4.66568096361464e-09,4.6656974205507445e-09,4.6657138746383455e-09,4.665730325879517e-09,4.6657467742711515e-09,4.665763219816464e-09,4.665779662514146e-09,4.665796102366853e-09,4.6658125393742596e-09,4.665828973536595e-09,4.66584540485192e-09,4.6658618333288795e-09,4.665878258963713e-09,4.665894681753425e-09,4.665911101705306e-09,4.665927518814221e-09,4.66594393308248e-09,4.6659603445121505e-09,4.665976753103781e-09,4.6659931588561965e-09,4.666009561772159e-09,4.666025961850661e-09,4.666042359092997e-09,4.666058753498804e-09,4.666075145070437e-09,4.666091533803677e-09,4.66610791970658e-09,4.666124302779158e-09,4.666140683015657e-09,4.666157060421352e-09,4.666173434997027e-09,4.666189806740711e-09,4.666206175653062e-09,4.666222541735726e-09,4.666238904990647e-09,4.66625526541636e-09,4.666271623015051e-09,4.666287977786171e-09,4.666304329730646e-09,4.6663206788486384e-09,4.666337025142779e-09,4.666353368609638e-09,4.666369709254875e-09,4.6663860470807556e-09,4.6664023820807734e-09,4.666418714256467e-09,4.666435043615466e-09,4.666451370151149e-09,4.666467693866282e-09,4.6664840147620685e-09,4.666500332838979e-09,4.666516648097958e-09,4.6665329605389665e-09,4.6665492701628376e-09,4.666565576970415e-09,4.666581880962169e-09,4.66659818213873e-09,4.666614480500762e-09,4.66663077604724e-09,4.66664706878209e-09,4.666663358703604e-09,4.666679645813718e-09,4.666695930112249e-09,4.666712211600102e-09,4.666728490288831e-09,4.666744766156921e-09,4.666761039218455e-09,4.666777309469225e-09,4.666793576914112e-09,4.666809841552586e-09,4.66682610338233e-09,4.6668423624059886e-09,4.6668586186221154e-09,4.666874872035815e-09,4.666891122645598e-09,4.6669073704519976e-09,4.666923615455489e-09,4.666939857657145e-09,4.666956097057109e-09,4.666972333656513e-09,4.666988567455215e-09,4.667004798455003e-09,4.667021026655077e-09,4.66703725205677e-09,4.667053474660112e-09,4.667069694466757e-09,4.667085911476709e-09,4.667102125689666e-09,4.667118337108002e-09,4.6671345457328105e-09,4.667150751562571e-09,4.6671669545977775e-09,4.667183154841186e-09,4.667199352292055e-09,4.667215546951409e-09,4.667231738819747e-09,4.6672479278977234e-09,4.667264114182649e-09,4.667280297681487e-09,4.6672964783916964e-09,4.667312656317173e-09,4.66732883144923e-09,4.667345003796481e-09,4.667361173358569e-09,4.667377340135182e-09,4.667393504126901e-09,4.667409665333867e-09,4.667425823757635e-09,4.667441979398681e-09,4.66745813225782e-09,4.667474282335358e-09,4.667490429630728e-09,4.667506574145772e-09,4.667522715881046e-09,4.6675388548363086e-09,4.66755499101355e-09,4.6675711244119236e-09,4.667587255032062e-09,4.667603382875473e-09,4.6676195079443074e-09,4.667635630235774e-09,4.667651749753118e-09,4.667667866495436e-09,4.667683980463968e-09,4.66770009165919e-09,4.6677162000796986e-09,4.667732305730228e-09,4.667748408609627e-09,4.6677645087201755e-09,4.667780606058272e-09,4.667796700626567e-09,4.667812792420285e-09,4.6678288814514674e-09,4.667844967715103e-09,4.667861051211412e-09,4.667877131939797e-09,4.667893209905008e-09,4.667909285103401e-09,4.66792535753574e-09,4.667941427205465e-09,4.667957494111736e-09,4.6679735582550705e-09,4.667989619635935e-09,4.668005678255404e-09,4.668021734114109e-09,4.668037787212377e-09,4.6680538375501755e-09,4.6680698851289105e-09,4.668085929947359e-09,4.668101972008999e-09,4.668118011313679e-09,4.668134047854217e-09,4.668150081646485e-09,4.668166112681603e-09,4.668182140962775e-09,4.668198166490123e-09,4.668214189263224e-09,4.668230209282636e-09,4.668246226550741e-09,4.668262241067967e-09,4.668278252832506e-09,4.668294261845902e-09,4.6683102681097e-09,4.668326271623577e-09,4.668342272393221e-09,4.668358270412571e-09,4.668374265681404e-09,4.668390258203037e-09,4.66840624797641e-09,4.668422235006063e-09,4.668438219290187e-09,4.668454200834674e-09,4.66847017962966e-09,4.668486155683004e-09,4.6685021289923384e-09,4.6685180995591025e-09,4.668534067383971e-09,4.668550032468011e-09,4.668565994812912e-09,4.668581954416633e-09,4.668597911285089e-09,4.668613865410794e-09,4.668629816798495e-09,4.6686457654442486e-09,4.668661711357161e-09,4.668677654534221e-09,4.668693594972714e-09,4.668709532680165e-09,4.668725467652205e-09,4.668741399890648e-09,4.668757329396506e-09,4.668773256169794e-09,4.668789180210368e-09,4.668805101521391e-09,4.6688210200999276e-09,4.6688369359481854e-09,4.6688528490662865e-09,4.668868759455979e-09,4.668884667117237e-09,4.668900572051201e-09,4.668916474257665e-09,4.668932373735712e-09,4.6689482704875726e-09,4.66896416451597e-09,4.668980055821587e-09,4.668995944401087e-09,4.669011830257248e-09,4.669027713392527e-09,4.6690435938031005e-09,4.669059471491601e-09,4.669075346458895e-09,4.669091218704107e-09,4.669107088230968e-09,4.669122955038358e-09,4.669138819128251e-09,4.669154680499171e-09,4.669170539152355e-09,4.6691863950880015e-09,4.6692022483072355e-09,4.669218098810968e-09,4.669233946600288e-09,4.6692497916740265e-09,4.669265634033611e-09,4.6692814736733035e-09,4.669297310606585e-09,4.669313144826003e-09,4.669328976334958e-09,4.669344805133433e-09,4.66936063121862e-09,4.669376454597487e-09,4.669392275269285e-09,4.669408093229933e-09,4.669423908482177e-09,4.669439721025867e-09,4.669455530864158e-09,4.669471337994059e-09,4.669487142418322e-09,4.669502944137348e-09,4.669518743154408e-09,4.6695345394693e-09,4.669550333078688e-09,4.669566123984473e-09,4.669581912188929e-09,4.669597697691947e-09,4.669613480490509e-09,4.669629260592016e-09,4.669645037994648e-09,4.669660812697798e-09,4.669676584702282e-09,4.669692354009444e-09,4.66970812061903e-09,4.669723884538786e-09,4.669739645754449e-09,4.669755404278905e-09,4.669771160104568e-09,4.6697869132364644e-09,4.669802663673588e-09,4.669818411417858e-09,4.669834156469522e-09,4.669849898835154e-09,4.669865638504271e-09,4.6698813754818935e-09,4.6698971097696574e-09,4.669912841370437e-09,4.669928570280295e-09,4.669944296498169e-09,4.6699600200303335e-09,4.669975740874768e-09,4.6699914590355515e-09,4.670007174507415e-09,4.670022887295152e-09,4.670038597397481e-09,4.670054304814896e-09,4.670070009550772e-09,4.670085711602187e-09,4.6701014109698805e-09,4.67011710765582e-09,4.670132801660499e-09,4.670148492979562e-09,4.670164181623353e-09,4.670179867588483e-09,4.670195550872044e-09,4.67021123147893e-09,4.6702269094048584e-09,4.670242584654287e-09,4.670258257229245e-09,4.670273927128138e-09,4.6702895943513824e-09,4.670305258899506e-09,4.670320920775666e-09,4.6703365799764046e-09,4.670352236503719e-09,4.670367890358764e-09,4.670383541544537e-09,4.670399190056232e-09,4.670414835896724e-09,4.670430479069289e-09,4.670446119570195e-09,4.670461757403045e-09,4.6704773925651946e-09,4.6704930250596e-09,4.67050865488804e-09,4.670524282049762e-09,4.670539906545432e-09,4.670555528375783e-09,4.670571147543977e-09,4.670586764044994e-09,4.67060237788206e-09,4.6706179890561945e-09,4.670633597567895e-09,4.670649203417297e-09,4.670664806605499e-09,4.6706804071327974e-09,4.670696005000186e-09,4.670711600207771e-09,4.6707271927581305e-09,4.670742782647961e-09,4.670758369879607e-09,4.67077395445389e-09,4.670789536371622e-09,4.670805115634225e-09,4.670820692240616e-09,4.670836266184397e-09,4.670851837481512e-09,4.670867406124809e-09,4.670882972113273e-09,4.670898535451843e-09,4.670914096137045e-09,4.670929654171674e-09,4.670945209554756e-09,4.6709607622879806e-09,4.67097631237163e-09,4.6709918598011555e-09,4.6710074045863765e-09,4.6710229467237775e-09,4.671038486213566e-09,4.671054023056342e-09,4.6710695572498195e-09,4.671085088801551e-09,4.671100617707827e-09,4.671116143971949e-09,4.6711316675896896e-09,4.671147188561303e-09,4.671162706892967e-09,4.671178222586359e-09,4.671193735633784e-09,4.6712092460410844e-09,4.6712247538077016e-09,4.671240258934597e-09,4.671255761422365e-09,4.671271261271497e-09,4.671286758482592e-09,4.671302253055673e-09,4.671317744993212e-09,4.671333234293879e-09,4.671348720957695e-09,4.671364204985676e-09,4.671379686380454e-09
11,7.562153909965804e-25,1.0208151748142513e-24,1.2571555239080322e-24,1.4845780422052218e-24,1.705794229976073e-24,1.9224037651815917e-24,2.135582969937103e-24,2.346207391446903e-24,2.554929090609336e-24,2.7622337013961594e-24,2.968482908853913e-24,3.1739460847507386e-24,3.378823848798097e-24,3.583265616314891e-24,3.787382667181535e-24,3.991257879190642e-24,4.194952977143433e-24,4.398513931751184e-24,4.601974980569427e-24,4.805361622664307e-24,5.00869284894652e-24,5.211982803255845e-24,5.4152420194839404e-24,5.6184783429455574e-24,5.821697616586716e-24,6.024904192052628e-24,6.228101310311938e-24,6.431291385138938e-24,6.634476214236121e-24,6.837657136477085e-24,7.040835149013247e-24,7.244010994491606e-24,7.447185226012827e-24,7.650358255508885e-24,7.853530389774302e-24,8.056701857299443e-24,8.259872828257456e-24,8.463043429387137e-24,8.666213755080829e-24,8.86938387563815e-24,9.072553843416512e-24,9.27572369740941e-24,9.478893466658745e-24,9.682063172793653e-24,9.885232831922981e-24,1.0088402456043833e-23,1.02915720540915e-23,1.0494741632720704e-23,1.0697911196887676e-23,1.0901080750283666e-23,1.1104250295657637e-23,1.1307419835056941e-23,1.1510589370007027e-23,1.1713758901642886e-23,1.1916928430810732e-23,1.2120097958140264e-23,1.2323267484101005e-23,1.252643700904201e-23,1.2729606533224023e-23,1.2932776056839967e-23,1.313594558003462e-23,1.333911510291593e-23,1.3542284625563522e-23,1.3745454148037073e-23,1.394862367038098e-23,1.4151793192628416e-23,1.4354962714804195e-23,1.4558132236926165e-23,1.4761301759008263e-23,1.4964471281060938e-23,1.5167640803090996e-23,1.5370810325105147e-23,1.5573979847107e-23,1.5777149369099324e-23,1.5980318891084858e-23,1.618348841306546e-23,1.6386657935042345e-23,1.6589827457016235e-23,1.6792996978988345e-23,1.6996166500958594e-23,1.7199336022927923e-23,1.7402505544896274e-23,1.7605675066863778e-23,1.780884458883099e-23,1.801201411079812e-23,1.82151836327645e-23,1.8418353154730998e-23,1.8621522676697083e-23,1.882469219866381e-23,1.902786172062976e-23,1.9231031242595412e-23,1.9434200764561555e-23,1.9637370286527388e-23,1.9840539808493296e-23,2.0043709330459064e-23,2.0246878852424946e-23,2.0450048374390725e-23,2.0653217896356584e-23,2.0856387418322555e-23,2.1059556940288316e-23,2.1262726462254216e-23,2.14658959842199e-23,2.1669065506185878e-23,2.1872235028151578e-23,2.2075404550117672e-23,2.2278574072083804e-23,2.2481743594049174e-23,2.2684913116014757e-23,2.288808263798078e-23,2.309125215994649e-23,2.3294421681912442e-23,2.3497591203878154e-23,2.3700760725843945e-23,2.3903930247809983e-23,2.4107099769775747e-23,2.4310269291741762e-23,2.4513438813707262e-23,2.471660833567325e-23,2.4919777857639173e-23,2.5122947379604788e-23,2.5326116901570506e-23,2.5529286423536588e-23,2.5732455945502476e-23,2.5935625467468273e-23,2.6138794989434064e-23,2.6341964511399993e-23,2.654513403336561e-23,2.6748303555331476e-23,2.695147307729722e-23,2.7154642599262676e-23,2.7357812121228975e-23,2.756098164319476e-23,2.776415116516025e-23,2.796732068712631e-23,2.817049020909275e-23,2.837365973105803e-23,2.8576829253024e-23,2.8779998774989833e-23,2.89831682969554e-23,2.9186337818921204e-23,2.9389507340887304e-23,2.9592676862853033e-23,2.979584638481893e-23,2.999901590678463e-23,3.0202185428750645e-23,3.0405354950716286e-23,3.0608524472681974e-23,3.0811693994647786e-23,3.1014863516613715e-23,3.1218033038579515e-23,3.1421202560545215e-23,3.1624372082511185e-23,3.1827541604476885e-23,3.2030711126442627e-23,3.223388064840823e-23,3.2437050170374115e-23,3.2640219692340414e-23,3.284338921430617e-23,3.304655873627204e-23,3.324972825823746e-23,3.3452897780203696e-23,3.3656067302169584e-23,3.385923682413552e-23,3.406240634610122e-23,3.426557586806679e-23,3.446874539003229e-23,3.467191491199857e-23,3.487508443396494e-23,3.5078253955930395e-23,3.528142347789617e-23,3.5484592999861355e-23,3.5687762521827754e-23,3.589093204379362e-23,3.6094101565759325e-23,3.62972710877249e-23,3.650044060969108e-23,3.670361013165692e-23,3.690677965362273e-23,3.710994917558818e-23,3.731311869755448e-23,3.7516288219520435e-23,3.771945774148596e-23,3.7922627263451994e-23,3.812579678541775e-23,3.8328966307383106e-23,3.853213582934932e-23,3.873530535131491e-23,3.893847487328081e-23,3.91416443952468e-23,3.9344813917212635e-23,3.9547983439179205e-23,3.975115296114427e-23,3.995432248311019e-23,4.015749200507627e-23,4.036066152704158e-23,4.0563831049007646e-23,4.076700057097323e-23,4.097017009293908e-23,4.117333961490466e-23,4.137650913687071e-23,4.157967865883651e-23,4.1782848180802675e-23,4.198601770276836e-23,4.2189187224734475e-23,4.239235674669957e-23,4.259552626866546e-23,4.2798695790631116e-23,4.300186531259671e-23,4.3205034834563045e-23,4.3408204356529174e-23,4.3611373878494475e-23,4.381454340046032e-23,4.4017712922425886e-23,4.422088244439147e-23,4.4424051966357704e-23,4.4627221488324115e-23,4.483039101028953e-23,4.50335605322557e-23,4.523673005422135e-23,4.543989957618654e-23,4.564306909815258e-23,4.5846238620118103e-23,4.6049408142083645e-23,4.625257766404966e-23,4.645574718601534e-23,4.6658916707981444e-23,4.6862086229946545e-23,4.706525575191285e-23,4.726842527387782e-23,4.747159479584388e-23,4.76747643178097e-23,4.787793383977558e-23,4.808110336174139e-23,4.828427288370647e-23,4.8487442405672204e-23,4.8690611927637674e-23,4.889378144960386e-23,4.9096950971569045e-23,4.93001204935351e-23,4.950329001550092e-23,4.9706459537466674e-23,4.9909629059432145e-23,5.011279858139849e-23,5.031596810336391e-23,5.051913762532961e-23,5.072230714729573e-23,5.0925476669261327e-23,5.112864619122705e-23,5.1331815713191975e-23,5.153498523515847e-23,5.173815475712391e-23,5.1941324279089545e-23,5.214449380105549e-23,5.234766332302072e-23,5.2550832844985963e-23,5.275400236695373e-23,5.295717188891846e-23,5.316034141088404e-23,5.336351093284962e-23,5.356668045481542e-23,5.376984997678164e-23,5.397301949874724e-23,5.417618902071352e-23,5.437935854267859e-23,5.458252806464454e-23,5.478569758661057e-23,5.498886710857606e-23,5.519203663054207e-23,5.539520615250753e-23,5.559837567447279e-23,5.580154519643927e-23,5.600471471840477e-23,5.620788424037032e-23,5.641105376233686e-23,5.661422328430267e-23,5.681739280626838e-23,5.702056232823393e-23,5.722373185019939e-23,5.742690137216509e-23,5.763007089413051e-23,5.783324041609671e-23,5.803640993806243e-23,5.823957946002851e-23,5.844274898199406e-23,5.864591850396043e-23,5.884908802592526e-23,5.905225754789087e-23,5.925542706985707e-23,5.945859659182271e-23,5.966176611378854e-23,5.986493563575487e-23,6.006810515771994e-23,6.027127467968613e-23,6.047444420165151e-23,6.067761372361825e-23,6.088078324558444e-23,6.108395276754966e-23,6.128712228951514e-23,6.14902918114806e-23,6.169346133344663e-23,6.189663085541198e-23,6.209980037737763e-23,6.230296989934412e-23,6.250613942130957e-23,6.270930894327542e-23,6.291247846524067e-23,6.311564798720678e-23,6.331881750917236e-23,6.352198703113924e-23,6.372515655310469e-23,6.392832607507084e-23,6.413149559703652e-23,6.433466511900158e-23,6.453783464096721e-23,6.474100416293345e-23,6.494417368489937e-23,6.514734320686455e-23,6.535051272883082e-23,6.555368225079601e-23,6.575685177276207e-23,6.596002129472813e-23,6.616319081669429e-23,6.636636033865944e-23,6.656952986062551e-23,6.677269938259106e-23,6.697586890455583e-23,6.717903842652252e-23,6.738220794848841e-23,6.7585377470455e-23,6.77885469924197e-23,6.799171651438571e-23,6.819488603635084e-23,6.839805555831633e-23,6.860122508028207e-23,6.880439460224836e-23,6.900756412421436e-23,6.921073364618113e-23,6.941390316814818e-23,6.961707269011254e-23,6.982024221207824e-23,7.002341173404445e-23,7.02265812560093e-23,7.042975077797465e-23,7.063292029994142e-23,7.083608982190687e-23,7.103925934387143e-23,7.12424288658378e-23,7.144559838780322e-23,7.164876790976993e-23,7.185193743173472e-23,7.205510695370078e-23,7.225827647566588e-23,7.246144599763295e-23,7.26646155195985e-23,7.286778504156413e-23,7.307095456353062e-23,7.327412408549488e-23,7.347729360746183e-23,7.368046312942674e-23,7.388363265139277e-23,7.408680217335923e-23,7.428997169532408e-23,7.449314121729001e-23,7.469631073925629e-23,7.489948026122181e-23,7.51026497831873e-23,7.53058193051527e-23,7.55089888271193e-23,7.571215834908548e-23,7.591532787105144e-23,7.611849739301635e-23,7.63216669149839e-23,7.652483643694857e-23,7.672800595891311e-23,7.693117548087886e-23,7.713434500284556e-23,7.733751452481082e-23,7.754068404677624e-23,7.774385356874281e-23,7.794702309070856e-23,7.815019261267477e-23,7.835336213463982e-23,7.855653165660574e-23,7.875970117857119e-23,7.896287070053781e-23,7.916604022250333e-23,7.936920974446912e-23,7.957237926643453e-23,7.97755487884008e-23,7.997871831036706e-23,8.018188783233257e-23,8.038505735429801e-23,8.058822687626389e-23,8.07913963982295e-23,8.099456592019588e-23,8.11977354421618e-23,8.140090496412687e-23,8.160407448609222e-23,8.180724400805897e-23,8.201041353002493e-23,8.221358305199022e-23,8.241675257395593e-23,8.261992209592063e-23,8.282309161788652e-23,8.302626113985307e-23,8.322943066182019e-23,8.34326001837853e-23,8.36357697057502e-23,8.383893922771526e-23,8.404210874968158e-23,8.424527827164755e-23,8.444844779361399e-23,8.465161731557868e-23,8.485478683754507e-23,8.50579563595102e-23,8.526112588147663e-23,8.546429540344294e-23,8.566746492540886e-23,8.587063444737496e-23,8.607380396933904e-23,8.62769734913062e-23,8.64801430132716e-23,8.668331253523737e-23,8.688648205720417e-23,8.708965157916838e-23,8.729282110113538e-23,8.749599062309963e-23,8.769916014506511e-23,8.790232966703222e-23,8.810549918900012e-23,8.830866871096468e-23,8.851183823292973e-23,8.871500775489575e-23,8.891817727686108e-23,8.912134679882799e-23,8.932451632079254e-23,8.952768584275805e-23,8.973085536472308e-23,8.993402488669029e-23,9.013719440865553e-23,9.034036393062028e-23,9.054353345258587e-23,9.074670297455185e-23,9.094987249651581e-23,9.115304201848206e-23,9.135621154044704e-23,9.155938106241341e-23,9.176255058437956e-23,9.196572010634455e-23,9.216888962831007e-23,9.237205915027567e-23,9.257522867224127e-23,9.277839819420829e-23,9.298156771617354e-23,9.318473723813981e-23,9.338790676010387e-23,9.359107628206997e-23,9.379424580403606e-23,9.399741532600029e-23,9.420058484796565e-23,9.440375436993192e-23,9.460692389189751e-23,9.481009341386214e-23,9.501326293582824e-23,9.521643245779429e-23,9.541960197975902e-23,9.562277150172644e-23,9.582594102369299e-23,9.602911054565809e-23,9.623228006762457e-23,9.643544958959093e-23,9.663861911155613e-23,9.684178863352261e-23,9.704495815548826e-23,9.724812767745411e-23,9.745129719942023e-23,9.765446672138533e-23,9.785763624335058e-23,9.806080576531582e-23,9.826397528728163e-23,9.846714480924788e-23,9.867031433121426e-23,9.887348385317956e-23,9.907665337514563e-23,9.927982289711076e-23,9.948299241907743e-23,9.968616194104335e-23,9.98893314630081e-23,1.0009250098497476e-22,1.0029567050693996e-22,1.0049884002890578e-22,1.0070200955087e-22,1.0090517907283703e-22,1.0110834859480211e-22,1.0131151811676849e-22,1.0151468763873419e-22,1.017178571607002e-22,1.0192102668266585e-22,1.0212419620463091e-22,1.0232736572659748e-22,1.0253053524856357e-22,1.0273370477052966e-22,1.0293687429249484e-22,1.0314004381446099e-22,1.0334321333642752e-22,1.0354638285839317e-22,1.037495523803592e-22,1.0395272190232544e-22,1.0415589142429126e-22,1.043590609462564e-22,1.0456223046822147e-22,1.0476539999018738e-22,1.0496856951215335e-22,1.0517173903411895e-22,1.0537490855608487e-22,1.0557807807805121e-22,1.0578124760001616e-22,1.059844171219815e-22,1.0618758664394635e-22,1.063907561659112e-22,1.0659392568787836e-22,1.0679709520984346e-22,1.0700026473180863e-22,1.072034342537754e-22,1.074066037757411e-22,1.0760977329770753e-22,1.0781294281967374e-22,1.0801611234163815e-22,1.0821928186360565e-22,1.0842245138556993e-22,1.08625620907535e-22,1.0882879042950013e-22,1.0903195995146716e-22,1.0923512947343308e-22,1.0943829899539924e-22,1.0964146851736535e-22,1.09844638039331e-22,1.100478075612944e-22,1.102509770832618e-22,1.1045414660522808e-22,1.1065731612719243e-22,1.1086048564915798e-22,1.1106365517112397e-22,1.1126682469308978e-22,1.1146999421505568e-22,1.1167316373702254e-22,1.118763332589891e-22,1.1207950278095314e-22,1.1228267230291883e-22,1.1248584182488576e-22,1.1268901134685068e-22,1.128921808688169e-22,1.1309535039078135e-22,1.1329851991274772e-22,1.1350168943471364e-22,1.1370485895667966e-22,1.1390802847864455e-22,1.1411119800061202e-22,1.1431436752257724e-22,1.1451753704454293e-22,1.1472070656650791e-22,1.1492387608847395e-22,1.1512704561043957e-22,1.153302151324059e-22,1.1553338465437203e-22,1.1573655417633701e-22,1.159397236983039e-22,1.161428932202701e-22,1.163460627422362e-22,1.1654923226420118e-22,1.1675240178616649e-22,1.1695557130813194e-22,1.1715874083009852e-22,1.1736191035206346e-22,1.175650798740302e-22,1.177682493959957e-22,1.1797141891796172e-22,1.1817458843992696e-22,1.1837775796189134e-22,1.185809274838579e-22,1.1878409700582426e-22,1.1898726652778894e-22,1.1919043604975472e-22,1.1939360557172022e-22,1.195967750936877e-22,1.197999446156527e-22,1.200031141376186e-22,1.202062836595845e-22,1.2040945318154857e-22,1.2061262270351555e-22,1.2081579222548155e-22,1.2101896174744575e-22,1.212221312694123e-22,1.2142530079137917e-22,1.216284703133433e-22,1.2183163983530834e-22,1.2203480935727506e-22,1.222379788792407e-22,1.2244114840120656e-22,1.2264431792317121e-22,1.228474874451366e-22,1.230506569671039e-22,1.2325382648906792e-22,1.23456996011033e-22,1.2366016553299956e-22,1.2386333505496555e-22,1.2406650457693037e-22,1.2426967409889604e-22,1.2447284362086142e-22,1.2467601314282701e-22,1.2487918266479091e-22,1.250823521867583e-22,1.2528552170872382e-22,1.2548869123068878e-22,1.2569186075265322e-22,1.2589503027461945e-22,1.260981997965829e-22,1.2630136931854958e-22,1.2650453884051438e-22,1.2670770836248157e-22,1.2691087788444702e-22,1.2711404740641292e-22,1.273172169283769e-22,1.275203864503426e-22,1.277235559723078e-22,1.279267254942751e-22,1.2812989501624042e-22,1.283330645382067e-22,1.2853623406016997e-22,1.287394035821357e-22,1.2894257310410066e-22,1.2914574262606736e-22,1.2934891214803434e-22,1.2955208167000015e-22,1.297552511919651e-22,1.299584207139316e-22,1.3016159023589646e-22,1.303647597578631e-22,1.3056792927982823e-22,1.3077109880179536e-22,1.309742683237604e-22,1.3117743784572457e-22,1.3138060736769054e-22,1.3158377688965637e-22,1.317869464116213e-22,1.3199011593358714e-22,1.3219328545555228e-22,1.3239645497751818e-22,1.3259962449948512e-22,1.3280279402144824e-22,1.330059635434154e-22,1.3320913306538077e-22,1.33412302587347e-22,1.3361547210931332e-22,1.3381864163127833e-22,1.34021811153244e-22,1.34224980675209e-22,1.3442815019717497e-22,1.3463131971914235e-22,1.3483448924110724e-22,1.350376587630707e-22,1.3524082828503805e-22,1.3544399780700304e-22,1.356471673289702e-22,1.358503368509355e-22,1.3605350637290048e-22,1.3625667589486784e-22,1.3645984541683355e-22,1.366630149387983e-22,1.3686618446076283e-22,1.3706935398272915e-22,1.37272523504694e-22,1.3747569302665952e-22,1.3767886254862533e-22,1.3788203207059141e-22,1.3808520159255708e-22,1.3828837111452484e-22,1.3849154063648813e-22,1.386947101584549e-22,1.3889787968042096e-22,1.39101049202386e-22,1.3930421872435274e-22,1.3950738824631788e-22,1.3971055776828407e-22,1.3991372729025072e-22,1.4011689681221511e-22,1.4032006633418113e-22,1.4052323585614583e-22,1.407264053781128e-22,1.40929574900078e-22,1.4113274442204167e-22,1.4133591394400847e-22,1.4153908346597467e-22,1.417422529879399e-22,1.4194542250990553e-22,1.4214859203187164e-22,1.423517615538372e-22,1.4255493107580222e-22,1.4275810059776746e-22,1.4296127011973362e-22,1.4316443964169792e-22,1.4336760916366399e-22,1.4357077868562916e-22,1.4377394820759503e-22,1.4397711772956023e-22,1.4418028725152794e-22,1.4438345677349243e-22,1.4458662629545936e-22,1.4478979581742378e-22,1.4499296533939156e-22,1.4519613486135605e-22,1.4539930438332242e-22,1.4560247390528724e-22,1.4580564342725288e-22,1.46008812949218e-22,1.4621198247118536e-22,1.464151519931502e-22,1.466183215151156e-22,1.4682149103708165e-22,1.4702466055904743e-22,1.4722783008101425e-22,1.4743099960297973e-22,1.476341691249455e-22,1.4783733864690974e-22,1.4804050816887644e-22,1.4824367769084238e-22,1.4844684721280852e-22,1.4865001673477503e-22,1.4885318625673952e-22,1.490563557787045e-22,1.4925952530067054e-22,1.4946269482263607e-22,1.4966586434460216e-22,1.498690338665688e-22,1.5007220338853349e-22,1.5027537291050007e-22,1.504785424324653e-22,1.5068171195442905e-22,1.5088488147639572e-22,1.5108805099836146e-22,1.51291220520328e-22,1.5149439004229398e-22,1.5169755956425843e-22,1.5190072908622574e-22,1.521038986081899e-22,1.5230706813015707e-22,1.5251023765212212e-22,1.527134071740876e-22,1.5291657669605394e-22,1.5311974621801785e-22,1.5332291573998473e-22,1.5352608526194925e-22,1.537292547839141e-22,1.5393242430588116e-22,1.541355938278439e-22,1.5433876334981026e-22,1.5454193287177842e-22,1.547451023937417e-22,1.5494827191570953e-22,1.551514414376725e-22,1.553546109596387e-22,1.5555778048160514e-22,1.5576095000356977e-22,1.5596411952553654e-22,1.561672890475029e-22,1.5637045856947027e-22,1.565736280914325e-22,1.567767976134e-22,1.5697996713536477e-22,1.5718313665732818e-22,1.5738630617929753e-22,1.5758947570126216e-22,1.5779264522322828e-22,1.579958147451923e-22,1.581989842671599e-22,1.5840215378912438e-22,1.5860532331109044e-22,1.5880849283305585e-22,1.5901166235501987e-22,1.5921483187698758e-22,1.5941800139895235e-22,1.596211709209182e-22,1.5982434044288455e-22,1.6002750996485176e-22,1.6023067948681795e-22,1.6043384900878302e-22,1.606370185307474e-22,1.608401880527152e-22,1.6104335757468107e-22,1.6124652709664634e-22,1.614496966186121e-22,1.6165286614057767e-22,1.6185603566254547e-22,1.6205920518450888e-22,1.622623747064741e-22,1.624655442284396e-22,1.6266871375040395e-22,1.628718832723728e-22,1.6307505279433756e-22,1.6327822231630315e-22,1.6348139183826947e-22,1.6368456136023274e-22,1.6388773088220172e-22,1.640909004041675e-22,1.6429406992613345e-22,1.6449723944809888e-22,1.6470040897006398e-22,1.6490357849202983e-22,1.6510674801399566e-22,1.6530991753595994e-22,1.6551308705792542e-22,1.6571625657989348e-22,1.6591942610186093e-22,1.6612259562382199e-22,1.6632576514578812e-22,1.6652893466775586e-22,1.6673210418972265e-22,1.6693527371168716e-22,1.6713844323365205e-22,1.673416127556187e-22,1.6754478227758366e-22,1.6774795179954858e-22,1.679511213215159e-22,1.681542908434799e-22,1.6835746036544834e-22,1.6856062988741304e-22,1.6876379940937511e-22,1.6896696893134054e-22,1.6917013845330905e-22,1.6937330797527314e-22,1.6957647749723906e-22,1.6977964701920367e-22,1.6998281654116988e-22,1.7018598606313514e-22,1.7038915558509878e-22,1.7059232510706429e-22,1.707954946290316e-22,1.7099866415099954e-22,1.712018336729641e-22,1.7140500319493e-22,1.716081727168977e-22,1.7181134223886074e-22,1.7201451176083007e-22,1.7221768128279407e-22,1.724208508047598e-22,1.7262402032672587e-22,1.728271898486903e-22,1.7303035937065475e-22,1.7323352889262025e-22,1.7343669841458693e-22,1.7363986793655196e-22,1.7384303745851857e-22,1.7404620698048244e-22,1.7424937650244766e-22,1.7445254602441239e-22,1.7465571554637838e-22,1.7485888506834731e-22,1.75062054590311e-22,1.752652241122751e-22,1.7546839363424047e-22,1.756715631562046e-22,1.7587473267817218e-22,1.7607790220013512e-22,1.7628107172210128e-22,1.7648424124406574e-22,1.7668741076603293e-22,1.7689058028799625e-22,1.770937498099624e-22,1.7729691933192577e-22,1.7750008885389176e-22,1.7770325837585853e-22,1.7790642789782384e-22,1.7810959741978798e-22,1.783127669417542e-22,1.7851593646371957e-22,1.7871910598568594e-22,1.7892227550764996e-22,1.7912544502961696e-22,1.7932861455158244e-22,1.7953178407354907e-22,1.7973495359551372e-22,1.7993812311747943e-22,1.8014129263944566e-22,1.8034446216141034e-22,1.8054763168337734e-22,1.8075080120534108e-22,1.8095397072730637e-22,1.8115714024927213e-22,1.8136030977123704e-22,1.8156347929320233e-22,1.8176664881516882e-22,1.819698183371356e-22,1.8217298785909982e-22,1.8237615738106668e-22,1.8257932690302957e-22,1.8278249642499959e-22,1.8298566594696313e-22,1.8318883546892936e-22,1.8339200499089385e-22,1.835951745128613e-22,1.8379834403482925e-22,1.8400151355679325e-22,1.8420468307875943e-22,1.8440785260072328e-22,1.846110221226908e-22,1.8481419164465506e-22,1.850173611666201e-22,1.852205306885849e-22,1.8542370021055283e-22,1.8562686973251908e-22,1.8583003925448449e-22,1.8603320877644916e-22,1.862363782984151e-22,1.8643954782037887e-22,1.8664271734234576e-22,1.868458868643128e-22,1.8704905638628003e-22,1.8725222590824282e-22,1.8745539543020877e-22,1.876585649521742e-22,1.8786173447413928e-22,1.8806490399610748e-22,1.882680735180735e-22,1.8847124304003733e-22,1.886744125620017e-22,1.888775820839677e-22,1.890807516059341e-22,1.8928392112790239e-22,1.8948709064986518e-22,1.8969026017183214e-22,1.898934296937972e-22,1.9009659921576027e-22,1.9029976873772744e-22,1.9050293825969137e-22,1.907061077816573e-22,1.9090927730362225e-22,1.9111244682558822e-22,1.9131561634755332e-22,1.9151878586951887e-22,1.9172195539148394e-22,1.9192512491344942e-22,1.9212829443541384e-22,1.92331463957381e-22,1.9253463347935015e-22,1.9273780300131354e-22,1.929409725232778e-22,1.9314414204524548e-22,1.9334731156720898e-22,1.9355048108917347e-22,1.937536506111396e-22,1.9395682013310381e-22,1.9415998965506985e-22,1.943631591770329e-22,1.9456632869899784e-22,1.9476949822096396e-22,1.9497266774292699e-22,1.9517583726489155e-22,1.9537900678685441e-22,1.9558217630882325e-22,1.957853458307873e-22,1.9598851535275456e-22,1.961916848747196e-22,1.9639485439668737e-22,1.965980239186535e-22,1.9680119344061437e-22,1.9700436296258394e-22,1.9720753248454516e-22,1.9741070200651398e-22,1.9761387152847832e-22,1.9781704105044538e-22,1.980202105724107e-22,1.9822338009437635e-22,1.9842654961634484e-22,1.9862971913830794e-22,1.9883288866027003e-22,1.9903605818223732e-22,1.9923922770420291e-22,1.9944239722616489e-22,1.9964556674813138e-22,1.9984873627009626e-22,2.0005190579205749e-22,2.0025507531402508e-22,2.0045824483599147e-22,2.006614143579522e-22,2.0086458387991702e-22,2.0106775340188238e-22,2.0127092292384966e-22,2.0147409244581514e-22,2.0167726196778097e-22,2.0188043148974537e-22,2.0208360101171023e-22,2.02286770533677e-22,2.0248994005564154e-22,2.0269310957760704e-22,2.0289627909957327e-22,2.0309944862153862e-22,2.0330261814350528e-22,2.0350578766546887e-22,2.0370895718743755e-22,2.0391212670940403e-22,6.579595075786308e-14,7.988448579054834e-14,9.247006844804062e-14,1.0536477643895089e-13,1.1864677164471157e-13,1.3233259402464427e-13,1.4643714992783983e-13,1.6097589229063132e-13,1.7596492836139173e-13,1.914210546178466e-13,2.0736179078668527e-13,2.2380541565961624e-13,2.4077100491770685e-13,2.5827847109390766e-13,2.763486058093994e-13,2.950031244289634e-13,3.142647132903479e-13,3.3415707967471343e-13,3.5470500469484966e-13,3.75934399295155e-13,3.9787236356521925e-13,4.205472495893028e-13,4.4398872806693553e-13,4.682278589590875e-13,4.932971664319443e-13,5.192307183921664e-13,5.460642109286703e-13,5.738350580004799e-13,6.025824867367966e-13,6.323476387422056e-13,6.63173677832333e-13,6.951059046570587e-13,7.281918787064223e-13,7.624815482313506e-13,7.980273886560462e-13,8.348845501043425e-13,8.731110147140302e-13,9.127677644665818e-13,9.539189603221621e-13,9.966321335136726e-13,1.0409783899259898e-12,1.0870326285654275e-12,1.1348737752084472e-12,1.184585032414219e-12,1.236254147186313e-12,1.2899736976817081e-12,1.3458414004895108e-12,1.4039604401340875e-12,1.464439822607335e-12,1.5273947548969092e-12,1.5929470526555334e-12,1.661225578353139e-12,1.7323667124702935e-12,1.8065148605300564e-12,1.883822999026219e-12,1.9644532635986365e-12,2.048577583123497e-12,2.136378363743826e-12,2.2280492272516e-12,2.323795808672252e-12,2.423836618376056e-12,2.528403974577523e-12,2.637745012673356e-12,2.7521227785213638e-12,2.87181741350092e-12,2.9971274399972053e-12,3.1283711568618156e-12,3.2658881554115433e-12,3.4100409676368684e-12,3.5612168595821425e-12,3.719829784219564e-12,3.886322509747355e-12,4.061168940992035e-12,4.2448766535602965e-12,4.437989662635903e-12,4.641091450769505e-12,4.8548082818504164e-12,5.079812831596378e-12,5.316828168464525e-12,5.566632122912125e-12,5.830062087480817e-12,6.108020295352164e-12,6.40147963081382e-12,6.71149003173849e-12,7.0391855516417466e-12,7.385792157513967e-12,7.752636349259887e-12,8.141154697742514e-12,8.552904411064323e-12,8.989575053222558e-12,9.453001555816105e-12,9.945178682495807e-12,1.0468277127664288e-11,1.1024661455981261e-11,1.1616910118024795e-11,1.2247837810788111e-11,1.2920520489972001e-11,1.363832338544576e-11,1.4404932422558164e-11,1.522438951148506e-11,1.6101132235960658e-11,1.7040038553015918e-11,1.8046477209018062e-11,1.912636468635967e-11,2.0286229622697868e-11,2.1533285793721844e-11,2.287551492529267e-11,2.432176080565768e-11,2.5881836409550378e-11,2.756664602956551e-11,2.9388324744336254e-11,3.136039794774339e-11,3.3497964129631424e-11,3.5817904650577885e-11,3.833912490749941e-11,4.108283206344081e-11,4.407285543749175e-11,4.733601674837804e-11,5.090255871298553e-11,5.4806642058868915e-11,5.908692287098624e-11,6.378722441370695e-11,6.895732022611224e-11,7.46538484671816e-11,8.094138129423076e-11,8.789367762215006e-11,9.559515308983264e-11,1.0414260764799528e-10,1.1364725912121761e-10,1.2423714070017316e-10,1.3605993198775396e-10,1.4928630750837474e-10,1.641139042587518e-10,1.8077203204695116e-10,1.995272787225302e-10,2.206901995694894e-10,2.4462333031903785e-10,2.7175083328772426e-10,3.0257018736583077e-10,3.37666483769367e-10,3.777301219793888e-10,4.2357906639651835e-10,4.761874108278879e-10,5.36722948845459e-10,6.065980001786138e-10,6.875402850269132e-10,7.816948052133753e-10,8.917745280244293e-10,1.0212889152986698e-09,1.1748979757728714e-09,1.3589708700692423e-09,1.5824822476518865e-09,1.8584767123532747e-09,2.2065152274185335e-09,2.6568830244328715e-09,3.258110380574486e-09,4.091079572445658e-09,5.297057487954959e-09,7.137194976711894e-09,1.0128357911008156e-08,1.5378342897497685e-08,2.5480576074527165e-08,4.7070386457373176e-08,9.839368083085233e-08,2.3117139377612212e-07,5.907911456678385e-07,1.581095871195494e-06,4.259144677279008e-06,1.093963049687596e-05,2.5474076503452584e-05,5.2494197178154056e-05,9.56805269613169e-05,0.00015539443636454912,0.00022592166147965775,0.0002954886773102479,0.0003519821526661886,0.00038885095237834057,0.00040591978783347915,0.0004068146968072854,0.00039626338422383856,0.00037854202366899065,0.0003569277474193493,0.00033369392825229266,0.00031030705319146665,0.00028765225702379505,0.00026622240094055277,0.00024625739234735117,0.00022783997399641187,0.0002109588768501872,0.00019554930798528514,0.00018151836639656533,0.00016876069438861427,0.00015716790614271647,0.0001466340941203368,0.00013705888494880113,0.00012834897813067278,0.00012041875687817077,0.0001131903422713967,0.00010659332411700568,0.00010056431479402271,9.504641720299006e-05,8.998866297668454e-05,8.534545482047407e-05,8.107603270761709e-05,7.714397464132024e-05,7.351673702801267e-05,7.016523615418929e-05,6.706347010503051e-05,6.418817919615102e-05,6.15185423054147e-05,5.9035906175763075e-05,5.672354467964472e-05,5.456644509140363e-05,5.255111857742766e-05,5.066543229111051e-05,4.8898460686573746e-05,4.724035388305198e-05,4.568222112736722e-05,4.4216027606444276e-05,4.283450305385946e-05,4.153106076704445e-05,4.029972581163572e-05,3.91350713305679e-05,3.80321620048467e-05,3.698650382290547e-05,3.5993999420657926e-05,3.505090834001755e-05,3.4153811629037134e-05,3.3299580285437195e-05,3.2485347095816524e-05,3.170848148140896e-05,3.096656700703397e-05,3.025738125110375e-05,2.9578877770144097e-05,2.892916992400942e-05,2.8306516352198486e-05,2.7709307922457777e-05,2.7136055988136967e-05,2.658538181193456e-05,2.6056007030276215e-05,2.554674504796724e-05,2.505649326210456e-05,2.4584226030484084e-05,2.4128988303259953e-05,2.3689889852635364e-05,2.3266100038114633e-05,2.285684304930813e-05,2.2461393584260077e-05,2.2079072913870806e-05,2.1709245297950655e-05,2.135131471641023e-05,2.1004721884197266e-05,2.0668941526148264e-05,2.034347988190157e-05,2.002787242280634e-05,1.972168175902401e-05,1.9424495720008684e-05,1.9135925591856722e-05,1.885560449679687e-05,1.8583185903408368e-05,1.831834225398423e-05,1.806076369987162e-05,1.7810156934845385e-05,1.7566244118237785e-05,1.7328761879024883e-05,1.709746039564204e-05,1.6872102543770808e-05,1.6652463106402885e-05,1.643832804248812e-05,1.6229493807334734e-05,1.602576672149037e-05,1.5826962384492936e-05,1.5632905129508215e-05,1.5443427514931955e-05,1.5258369852076776e-05,1.507757976363894e-05,1.4900911772021214e-05,1.4728226915600464e-05,1.4559392389109693e-05,1.439428120800526e-05,1.4232771894922838e-05,1.4074748184771497e-05,1.3920098749531671e-05,1.3768716940052675e-05,1.3620500543501885e-05,1.347535155586314e-05,1.3333175967526394e-05,1.3193883563748812e-05,1.3057387734719357e-05,1.2923605298010604e-05,1.279245633093651e-05,1.2663864013243356e-05,1.2537754478085177e-05,1.2414056671879502e-05,1.2292702525317315e-05,1.2173625712047317e-05,1.2056762987269583e-05,1.1942053347675917e-05,1.1829437976650517e-05,1.1718860167814074e-05,1.161026523771193e-05,1.1503600438530573e-05,1.1398814874092596e-05,1.1295859419569162e-05,1.1194686645097211e-05,1.10952507442397e-05,1.0997507464258274e-05,1.090141404120763e-05,1.0806929138060039e-05,1.0714012785897018e-05,1.062262632745847e-05,1.053273236418983e-05,1.0444294705231588e-05,1.0357278319774062e-05,1.0271649289765444e-05,1.0187374767331171e-05,1.010442293237439e-05,1.002276295284203e-05,9.942364946752952e-06,9.863199945869444e-06,9.78523986110213e-06,9.70845744951466e-06,9.632826282459885e-06,9.558320715791033e-06,9.484915860870956e-06,9.412587556804341e-06,9.341312344182281e-06,9.271067440031556e-06,9.201830713136994e-06,9.133580661550413e-06,9.06629638977952e-06,8.999957587864514e-06,8.934544511249554e-06,8.87003796096981e-06,8.806419265024948e-06,8.743670260178496e-06,8.681773275586257e-06,8.62071111518539e-06,8.560467042486909e-06,8.501024765240543e-06,8.442368420615738e-06,8.384482561534392e-06,8.327352143048437e-06,8.270962508367457e-06,8.215299378120132e-06,8.160348837139038e-06,8.10609732341575e-06,8.052531616558605e-06,7.99963882747764e-06,7.94740638789546e-06,7.89582204050363e-06,7.844873829381686e-06,7.794550090811915e-06,7.744839444396679e-06,7.695730784430343e-06,7.647213271978597e-06,7.599276326464252e-06,7.551909618358276e-06,7.505103061592025e-06,7.458846806575019e-06,7.4131312332109175e-06,7.367946944310569e-06,7.323284759084025e-06,7.279135707111693e-06,7.2354910220859165e-06,7.192342136480268e-06,7.149680675472077e-06,7.1074984516780555e-06,7.065787460350756e-06,7.024539873785262e-06,6.983748036594537e-06,6.943404461231714e-06,6.903501823137765e-06,6.864032956479739e-06,6.824990849762981e-06,6.786368641858955e-06,6.748159617871888e-06,6.710357205316434e-06,6.672954970326152e-06,6.635946614065133e-06,6.599325969174481e-06,6.563086996294895e-06,6.5272237809917335e-06,6.491730530256096e-06,6.456601569542865e-06,6.421831339866559e-06,6.387414394589427e-06,6.353345396842858e-06,6.319619116793593e-06,6.286230428704086e-06,6.253174308671143e-06,6.220445831897891e-06,6.188040170370886e-06,6.15595259045881e-06,6.124178450580556e-06,6.092713199040447e-06,6.061552371852729e-06,6.030691590583482e-06,6.000126560375658e-06,5.9698530679400045e-06,5.939866979658049e-06,5.91016423965242e-06,5.880740868003037e-06,5.851592958946179e-06,5.822716679127367e-06,5.7941082660840225e-06,5.765764026448976e-06,5.7376803344902594e-06,5.709853630450917e-06,5.6822804191395224e-06,5.654957268408571e-06,5.627880807835536e-06,5.60104772740127e-06,5.574454775821036e-06,5.548098759558904e-06,5.521976541388354e-06,5.4960850392946855e-06,5.470421224965079e-06,5.444982123264646e-06,5.419764810453531e-06,5.394766413121558e-06,5.369984107467178e-06,5.345415117937195e-06,5.321056716354135e-06,5.296906220740844e-06,5.272960994645448e-06,5.249218445905644e-06,5.225676025698307e-06,5.2023312279577605e-06,5.17918158817787e-06,5.156224682717393e-06,5.133458127670934e-06,5.110879578510984e-06,5.088486728961242e-06,5.066277310272482e-06,5.04424909059703e-06,5.022399874039159e-06,5.0007275000628935e-06,4.9792298427540645e-06,4.957904810164096e-06,4.936750343469579e-06,4.915764416530231e-06,4.894945035270008e-06,4.874290236764171e-06,4.853798088888883e-06,4.833466689695515e-06,4.8132941665281525e-06,4.793278675952465e-06,4.773418402812944e-06,4.753711559704044e-06,4.73415638689623e-06,4.714751151330556e-06,4.695494145789347e-06,4.6763836893658185e-06,4.657418126395552e-06,4.638595825907432e-06,4.619915181420481e-06,4.601374610287094e-06,4.582972553392507e-06,4.564707474651313e-06,4.546577860638357e-06,4.528582219962334e-06,4.510719083295388e-06,4.492987002471415e-06,4.475384550548351e-06,4.457910320979613e-06,4.4405629276659654e-06,4.423341004320096e-06,4.406243204275237e-06,4.389268199958409e-06,4.372414682774865e-06,4.355681362489006e-06,4.339066967166989e-06,4.322570242744984e-06,4.306189952664902e-06,4.289924877674643e-06,4.273773815484702e-06,4.257735580343265e-06,4.24180900306625e-06,4.225992930432376e-06,4.210286224954517e-06,4.194687765001613e-06,4.179196443941509e-06,4.1638111702237915e-06,4.148530867085715e-06,4.133354472289185e-06,4.118280937845113e-06,4.103309229826948e-06,4.088438328111834e-06,4.073667226082299e-06,4.0589949305109485e-06,4.044420461517058e-06,4.029942851674549e-06,4.015561146536131e-06,4.001274404190308e-06,3.987081694872873e-06,3.972982100965467e-06,3.958974716741536e-06,3.945058648131433e-06,3.9312330126765985e-06,3.917496939153539e-06,3.903849567502139e-06,3.890290048551803e-06,3.876817544187517e-06,3.863431226643847e-06,3.850130278706628e-06,3.836913893459972e-06,3.823781274066526e-06,3.810731633736634e-06,3.7977641954406377e-06,3.784878191788864e-06,3.7720728650042673e-06,3.7593474665696315e-06,3.746701257243692e-06,3.7341335068476942e-06,3.721643494136334e-06,3.709230506658535e-06,3.696893840670005e-06,3.6846328009293694e-06,3.672446700625832e-06,3.660334861200873e-06,3.6482966124006795e-06,3.636331291714503e-06,3.6244382447886997e-06,3.612616824982793e-06,3.600866393366479e-06,3.5891863185480494e-06,3.5775759766100183e-06,3.566034750979755e-06,3.5545620323159735e-06,3.5431572184148795e-06,3.531819714026822e-06,3.520548931045467e-06,3.5093442879780184e-06,3.4982052101283173e-06,3.4871311294354285e-06,3.476121484362683e-06,3.4651757198222115e-06,3.4542932870972737e-06,3.4434736436589924e-06,3.4327162532191475e-06,3.422020585541273e-06,3.4113861163860942e-06,3.4008123273967253e-06,3.3902987061860505e-06,3.3798447459287956e-06,3.369449945560832e-06,3.3591138095861436e-06,3.3488358480316634e-06,3.338615576317202e-06,3.3284525152800924e-06,3.318346191060598e-06,3.308296134878637e-06,3.298301883203344e-06,3.288362977528847e-06,3.278478964394028e-06,3.2686493952440273e-06,3.258873826365841e-06,3.249151818928987e-06,3.239482938763443e-06,3.229866756390846e-06,3.2203028469724953e-06,3.210790790126062e-06,3.2013301699997625e-06,3.1919205752768282e-06,3.1825615989115053e-06,3.1732528380733137e-06,3.163993894381643e-06,3.154784373529378e-06,3.1456238853794302e-06,3.136512043874507e-06,3.1274484670293616e-06,3.1184327767958044e-06,3.1094645990411455e-06,3.1005435636195758e-06,3.0916693041055615e-06,3.0828414578933062e-06,3.0740596660851534e-06,3.065323573495705e-06,3.056632828565508e-06,3.0479870833239187e-06,3.0393859933495887e-06,3.0308292177336142e-06,3.02231641893542e-06,3.0138472629468663e-06,3.005421419099185e-06,2.9970385600082446e-06,2.988698361574584e-06,2.9804005029690686e-06,2.9721446665609915e-06,2.96393053790559e-06,2.9557578055833764e-06,2.947626161366158e-06,2.939535300000512e-06,2.931484919364028e-06,2.923474720155361e-06,2.9155044060765887e-06,2.9075736837514286e-06,2.899682262623278e-06,2.8918298550006124e-06,2.884016175962587e-06,2.8762409433590247e-06,2.8685038777711906e-06,2.860804702471095e-06,2.853143143387871e-06,2.845518929089565e-06,2.837931790733052e-06,2.83038146207934e-06,2.8228676793820282e-06,2.81539018143877e-06,2.8079487094871187e-06,2.8005430072390657e-06,2.793172820803564e-06,2.7858378987298706e-06,2.778537991858967e-06,2.7712728534359794e-06,2.7640422389819444e-06,2.7568459062919116e-06,2.749683615430053e-06,2.7425551286839817e-06,2.735460210526888e-06,2.728398627635043e-06,2.7213701488149618e-06,2.7143745450400504e-06,2.7074115893469834e-06,2.700481056858414e-06,2.693582724758929e-06,2.686716372277102e-06,2.679881780623046e-06,2.6730787329982324e-06,2.6663070145922412e-06,2.6595664125143985e-06,2.6528567157974526e-06,2.6461777153694905e-06,2.639529204045762e-06,2.632910976474764e-06,2.6263228291646427e-06,2.6197645603871725e-06,2.6132359703315834e-06,2.6067368608260145e-06,2.6002670355070672e-06,2.59382629972476e-06,2.5874144606265485e-06,2.581031326940799e-06,2.5746767091526906e-06,2.5683504193874605e-06,2.56205227139676e-06,2.5557820805802328e-06,2.549539663954555e-06,2.5433248400448192e-06,2.537137429040576e-06,2.530977252651448e-06,2.524844134152355e-06,2.518737898267393e-06,2.5126583712910426e-06,2.5066053809972207e-06,2.500578756613994e-06,2.4945783288217494e-06,2.488603929833958e-06,2.482655393136754e-06,2.476732553739849e-06,2.470835247973098e-06,2.464963313677763e-06,2.459116589916049e-06,2.453294917169474e-06,2.447498137304291e-06,2.4417260933880414e-06,2.4359786298907394e-06,2.430255592568002e-06,2.424556828427484e-06,2.418882185817232e-06,2.4132315143665397e-06,2.4076046647139264e-06,2.402001488953807e-06,2.3964218403533763e-06,2.390865573382616e-06,2.3853325436888494e-06,2.379822608070867e-06,2.3743356245868553e-06,2.3688714524160042e-06,2.3634299518189627e-06,2.358010984276613e-06,2.352614412341667e-06,2.3472400996906178e-06,2.341887911100502e-06,2.3365577124438628e-06,2.3312493706688265e-06,2.325962753792905e-06,2.320697730894316e-06,2.3154541720619083e-06,2.3102319484677453e-06,2.3050309322905077e-06,2.2998509967354634e-06,2.2946920159782927e-06,2.2895538652285794e-06,2.2844364206632565e-06,2.2793395594585853e-06,2.2742631597175786e-06,2.269207100514375e-06,2.2641712618786956e-06,2.2591555247539287e-06,2.254159771092335e-06,2.2491838836847013e-06,2.2442277462535742e-06,2.2392912434226025e-06,2.2343742606892544e-06,2.229476684513682e-06,2.2245984021521866e-06,2.219739301775662e-06,2.2148992723588253e-06,2.2100782037712405e-06,2.2052759867409846e-06,2.2004925127832563e-06,2.195727674249016e-06,2.1909813643734077e-06,2.1862534771233854e-06,2.1815439072835438e-06,2.176852550506911e-06,2.172179303171571e-06,2.1675240623942505e-06,2.1628867261581364e-06,2.1582671931465444e-06,2.1536653628775005e-06,2.1490811355230943e-06,2.1445144120825427e-06,2.139965094225691e-06,2.1354330844285467e-06,2.1309182858467894e-06,2.1264206023387027e-06,2.1219399385069486e-06,2.1174761996529525e-06,2.113029291762147e-06,2.1085991215252364e-06,2.10418559632007e-06,2.0997886241948104e-06,2.0954081138707397e-06,2.091043974746269e-06,2.086696116874309e-06,2.082364450955716e-06,2.0780488883394113e-06,2.0737493410428314e-06,2.069465721700174e-06,2.0651979435822373e-06,2.0609459205827245e-06,2.056709567212601e-06,2.0524887986043805e-06,2.0482835304948592e-06,2.044093679226807e-06,2.039919161749819e-06,2.0357598955885633e-06,2.031615798851538e-06,2.02748679026946e-06,2.0233727891141524e-06,2.019273715236946e-06,2.0151894890599963e-06,2.011120031569617e-06,2.0070652642994495e-06,2.003025109346574e-06,1.9989994893488043e-06,1.994988327484986e-06,1.9909915475086852e-06,1.9870090736201467e-06,1.9830408306160267e-06,1.9790867438150097e-06,1.9751467390393788e-06,1.971220742632921e-06,1.96730868144343e-06,1.963410482859164e-06,1.9595260746763558e-06,1.955655385282479e-06,1.951798343527785e-06,1.9479548787483958e-06,1.9441249207708533e-06,1.9403083998939136e-06,1.9365052468970326e-06,1.9327153930440334e-06,1.928938770041237e-06,1.925175310076949e-06,1.9214249457994705e-06,1.917687610309484e-06,1.9139632371631633e-06,1.910251760362043e-06,1.9065531143539427e-06,1.9028672340130316e-06,1.8991940547040428e-06,1.895533512174036e-06,1.8918855425834383e-06,1.8882500825941061e-06,1.884627069233037e-06,1.8810164399569682e-06,1.8774181326459329e-06,1.8738320855870338e-06,1.8702582374872133e-06,1.8666965274429606e-06,1.863146894965001e-06,1.8596092799752515e-06,1.856083622763509e-06,1.8525698640141573e-06,1.8490679448411547e-06,1.8455778067071708e-06,1.8420993914584171e-06,1.8386326413406601e-06,1.8351774989570307e-06,1.8317339073018534e-06,1.8283018097360566e-06,1.8248811499692604e-06,1.8214718720990415e-06,1.818073920581127e-06,1.814687240218902e-06,1.8113117761828703e-06,1.8079474739891037e-06,1.804594279511837e-06,1.8012521389692378e-06,1.7979209989238784e-06,1.794600806280942e-06,1.7912915082845925e-06,1.7879930525139178e-06,1.7847053868876282e-06,1.7814284596500019e-06,1.7781622193753034e-06,1.774906614965573e-06,1.7716615956448502e-06,1.7684271109576903e-06,1.7652031107723982e-06,1.7619895452289548e-06,1.7587863648910493e-06,1.7555935205094867e-06,1.7524109632321628e-06,1.7492386444156574e-06,1.7460765158666843e-06,1.7429245295765688e-06,1.7397826378633318e-06,1.736650793343523e-06,1.7335289489304185e-06,1.7304170578375971e-06,1.7273150735618729e-06,1.7242229498759963e-06,1.72114064085354e-06,1.718068100849316e-06,1.7150052844961332e-06,1.7119521467053749e-06,1.7089086426566956e-06,1.7058747278323748e-06,1.7028503579419183e-06,1.6998354890123033e-06,1.6968300773152393e-06,1.6938340794042654e-06,1.6908474520743423e-06,1.6878701523830318e-06,1.684902137673939e-06,1.6819433655296696e-06,1.6789937938136033e-06,1.6760533805785184e-06,1.6731220841978465e-06,1.6701998632789118e-06,1.6672866766562947e-06,1.6643824834352006e-06,1.661487242959371e-06,1.6586009148126216e-06,1.6557234588271586e-06,1.6528548350560126e-06,1.6499950038170904e-06,1.6471439256362904e-06,1.6443015612961383e-06,1.641467871802561e-06,1.6386428183928202e-06,1.6358263625355827e-06,1.6330184659270429e-06,1.6302190904822121e-06,1.6274281983502226e-06,1.624645751898387e-06,1.6218717137187723e-06,1.6191060466152026e-06,1.6163487136175072e-06,1.6135996779574728e-06,1.610858903093825e-06,1.6081263527001598e-06,1.6054019906537652e-06,1.6026857810467303e-06,1.5999776881758062e-06,1.5972776765456032e-06,1.594585710861066e-06,1.591901756031401e-06,1.589225777205333e-06,1.5865577396364454e-06,1.583897608932884e-06,1.5812453507640455e-06,1.578600931043671e-06,1.5759643158794608e-06,1.573335471572128e-06,1.5707143646173029e-06,1.568100961702143e-06,1.565495229694717e-06,1.5628971356619162e-06,1.5603066468589487e-06,1.5577237307071946e-06,1.5551483548477042e-06,1.5525804870586496e-06,1.5500200953546314e-06,1.5474671478881549e-06,1.5449216130168322e-06,1.5423834592287862e-06,1.5398526552553863e-06,1.5373291699597734e-06,1.5348129724065097e-06,1.5323040318061503e-06,1.529802317553022e-06,1.5273077992265589e-06,1.5248204465506693e-06,1.5223402294331823e-06,1.5198671179456025e-06,1.5174010823530226e-06,1.5149420929985188e-06,1.5124901204782431e-06,1.510045135525634e-06,1.5076071090210283e-06,1.505176012027479e-06,1.502751815737072e-06,1.5003344915245566e-06,1.4979240109171871e-06,1.4955203455996457e-06,1.4931234673993308e-06,1.4907333483176575e-06,1.4883499604909718e-06,1.4859732762201099e-06,1.4836032679377883e-06,1.4812399082460902e-06,1.478883169887148e-06,1.4765330257583692e-06,1.474189448906795e-06,1.4718524125083364e-06,1.4695218898855367e-06,1.4671978544862894e-06,1.4648802799647954e-06,1.462569140044046e-06,1.4602644086676926e-06,1.4579660598554114e-06,1.4556740677794244e-06,1.4533884067567655e-06,1.4511090512455147e-06,1.4488359758270486e-06,1.4465691552313868e-06,1.4443085643169244e-06,1.4420541780758793e-06,1.4398059716356454e-06,1.437563920251955e-06,1.435327999313106e-06,1.4330981843274859e-06,1.430874450934491e-06,1.428656774959353e-06,1.4264451322712742e-06,1.4242394989025273e-06,1.422039851009223e-06,1.4198461648800513e-06,1.4176584169139813e-06,1.4154765836471824e-06,1.413300641723348e-06,1.4111305679158505e-06,1.408966339112195e-06,1.4068079323472464e-06,1.404655324748313e-06,1.4025084935618343e-06,1.4003674161619827e-06,1.3982320700376994e-06,1.3961024327902434e-06,1.3939784821425103e-06,1.3918601959447129e-06,1.3897475521241726e-06,1.387640528778696e-06,1.385539104027741e-06,1.3834432561824051e-06,1.381352963652634e-06,1.3792682049416083e-06,1.3771889586773323e-06,1.3751152035588594e-06,1.3730469184560772e-06,1.3709840823070147e-06,1.3689266741589406e-06,1.3668746731689377e-06,1.3648280585990505e-06,1.362786809823078e-06,1.3607509063172682e-06,1.3587203276546986e-06,1.3566950535171365e-06,1.3546750636897923e-06,1.3526603380479299e-06,1.350650856596249e-06,1.3486465994088681e-06,1.3466475466734831e-06,1.3446536786894214e-06,1.3426649758185938e-06,1.3406814185542658e-06,1.3387029874719955e-06,1.3367296632561002e-06,1.3347614266757878e-06,1.332798258609072e-06,1.330840140016932e-06,1.328887051938867e-06,1.326938975557411e-06,1.324995892105691e-06,1.9252766081405802e-06,2.2297978221649124e-06,2.481146216106217e-06,2.716546591317828e-06,2.9414769021251957e-06,3.1565838632222445e-06,3.361848972261481e-06,3.557227332147226e-06,3.742739289449333e-06,3.918476890894972e-06,4.0845969714349725e-06,4.2413122210776735e-06,4.388882178174612e-06,4.527604597365505e-06,4.6578073742622935e-06,4.779841127510145e-06,4.894072497975969e-06,5.000878191289403e-06,5.1006397635428976e-06,5.193739129737787e-06,5.280554758828415e-06,5.361458509002848e-06,5.43681304911616e-06,5.5069698094560654e-06,5.572267403222823e-06,5.633030461458693e-06,5.689568826280659e-06,5.742177050681798e-06,5.79113415731432e-06,5.8367036127540215e-06,5.879133478728182e-06,5.918656705613503e-06,5.955491538359581e-06,5.98984200871708e-06,6.021898491431707e-06,6.051838305501134e-06,6.079826344547911e-06,6.106015723302578e-06,6.130548429151537e-06,6.15355597009509e-06,6.175160012131127e-06,6.195473000894591e-06,6.214598762932156e-06,6.232633083970877e-06,6.249664261887796e-06,6.265773633006226e-06,6.28103607099124e-06,6.295520457945878e-06,6.3092901281248015e-06,6.3224032843361606e-06,6.334913388012527e-06,6.346869523673592e-06,6.358316738695091e-06,6.369296359877736e-06,6.379846287389931e-06,6.390001267676606e-06,6.399793146377407e-06,6.409251102425624e-06,6.418401864665189e-06,6.42726991167104e-06,6.435877656452853e-06,6.444245616653159e-06,6.452392571397344e-06,6.460335705764741e-06,6.468090743675176e-06,6.4756720701816905e-06,6.483092843836247e-06,6.490365099950207e-06,6.497499845403382e-06,6.504507145700552e-06,6.511396204835982e-06,6.518175438545147e-06,6.524852541486476e-06,6.531434548792236e-06,6.5379278925692964e-06,6.544338453500069e-06,6.550671608173188e-06,6.556932272499264e-06,6.563124941385991e-06,6.569253724998901e-06,6.5753223820410045e-06,6.58133435011755e-06,6.587292773566483e-06,6.593200528857325e-06,6.5990602478782465e-06,6.604874339176325e-06,6.610645007359477e-06,6.61637427087819e-06,6.6220639782437186e-06,6.627715822852019e-06,6.633331356521663e-06,6.63891200187171e-06,6.64445906361839e-06,6.649973738844496e-06,6.655457126484886e-06,6.660910235913429e-06,6.666333994777046e-06,6.6717292560938795e-06,6.6770968049294965e-06,6.682437364269546e-06,6.687751600492208e-06,6.693040128298849e-06,6.698303515380007e-06,6.703542286349794e-06,6.708756926661359e-06,6.7139478859941305e-06,6.719115581401002e-06,6.724260400178644e-06,6.729382702457877e-06,6.734482823589838e-06,6.7395610763150264e-06,6.744617752741388e-06,6.749653126144028e-06,6.754667452607754e-06,6.759660972514253e-06,6.764633911926682e-06,6.769586483815019e-06,6.774518889198599e-06,6.7794313181754656e-06,6.7843239508540865e-06,6.789196958225063e-06,6.794050502937397e-06,6.798884739998543e-06,6.803699817439021e-06,6.8084958768890305e-06,6.81327305412656e-06,6.818031479553813e-06,6.82277127866321e-06,6.8274925724178354e-06,6.83219547764785e-06,6.836880107359142e-06,6.841546571074334e-06,6.846194975086845e-06,6.8508254227180965e-06,6.855438014552559e-06,6.860032848662983e-06,6.864610020795422e-06,6.8691696245158746e-06,6.873711751419424e-06,6.87823649126659e-06,6.882743932002082e-06,6.88723416007778e-06,6.891707260433638e-06,6.896163316613848e-06,6.900602410867932e-06,6.905024624241673e-06,6.90943003663532e-06,6.913818726886992e-06,6.918190772835554e-06,6.9225462513752165e-06,6.92688523851208e-06,6.931207809405148e-06,6.935514038415513e-06,6.939803999146239e-06,6.944077764481121e-06,6.948335406614638e-06,6.952576997084631e-06,6.956802606779526e-06,6.961012306029412e-06,6.965206164583677e-06,6.969384251571372e-06,6.973546635662001e-06,6.977693384956417e-06,6.981824567064761e-06,6.985940249120286e-06,6.990040497793903e-06,6.994125379257598e-06,6.998194959281476e-06,7.002249303185108e-06,7.006288475865334e-06,7.010312541805151e-06,7.014321565081075e-06,7.018315609375776e-06,7.022294737977913e-06,7.0262590138087626e-06,7.0302084993992546e-06,7.034143256905258e-06,7.038063348159306e-06,7.04196883460632e-06,7.045859777357709e-06,7.049736237147282e-06,7.053598274415385e-06,7.057445949216795e-06,7.061279321288186e-06,7.06509845001617e-06,7.068903394547359e-06,7.072694213690597e-06,7.0764709658757715e-06,7.080233709237842e-06,7.0839825015997936e-06,7.087717400501654e-06,7.091438463157303e-06,7.095145746512292e-06,7.0988393071407355e-06,7.102519201402706e-06,7.106185485325483e-06,7.1098382146524636e-06,7.113477444793547e-06,7.117103231012513e-06,7.120715628151566e-06,7.124314690813909e-06,7.127900473327966e-06,7.13147302974654e-06,7.135032413847599e-06,7.138578679137181e-06,7.142111878848338e-06,7.1456320659509635e-06,7.149139293143187e-06,7.152633612855242e-06,7.156115077268626e-06,7.159583738300897e-06,7.163039647596401e-06,7.166482856566768e-06,7.169913416350109e-06,7.173331377836466e-06,7.176736791667512e-06,7.18012970824344e-06,7.1835101776871325e-06,7.186878249893214e-06,7.190233974537364e-06,7.193577401041026e-06,7.19690857852503e-06,7.200227555939825e-06,7.203534381980044e-06,7.206829105094401e-06,7.210111773504649e-06,7.213382435196213e-06,7.216641137923056e-06,7.219887929216138e-06,7.2231228563563e-06,7.226345966422336e-06,7.22955730624483e-06,7.2327569224488544e-06,7.235944861427994e-06,7.239121169355184e-06,7.242285892183199e-06,7.245439075643966e-06,7.248580765257445e-06,7.251711006325103e-06,7.254829843933001e-06,7.257937322951317e-06,7.261033488035988e-06,7.264118383648124e-06,7.267192054031061e-06,7.270254543205508e-06,7.273305895002633e-06,7.276346153038555e-06,7.279375360742269e-06,7.282393561321344e-06,7.285400797788106e-06,7.288397112967213e-06,7.2913825494520914e-06,7.294357149665056e-06,7.297320955812711e-06,7.300274009929483e-06,7.303216353840707e-06,7.306148029186008e-06,7.309069077401105e-06,7.311979539741097e-06,7.31487945726609e-06,7.31776887084596e-06,7.3206478211672555e-06,7.323516348736054e-06,7.326374493804825e-06,7.3292222966432856e-06,7.332059797091397e-06,7.33488703494072e-06,7.337704049775218e-06,7.340510880984848e-06,7.343307567815007e-06,7.346094149306057e-06,7.348870664327673e-06,7.35163715157253e-06,7.354393649564673e-06,7.357140196645811e-06,7.359876830994057e-06,7.36260359059403e-06,7.365320513309601e-06,7.368027636789143e-06,7.370724998523662e-06,7.373412635847757e-06,7.376090585904092e-06,7.378758885690362e-06,7.381417572045434e-06,7.384066681617154e-06,7.386706250912865e-06,7.389336316272786e-06,7.391956913890673e-06,7.394568079750903e-06,7.397169849728249e-06,7.39976225952242e-06,7.402345344676563e-06,7.4049191405744785e-06,7.407483682445633e-06,7.410039005365606e-06,7.412585144254421e-06,7.415122133880387e-06,7.417650008857747e-06,7.420168803650006e-06,7.422678552569937e-06,7.425179289780473e-06,7.427671049294401e-06,7.4301538649808506e-06,7.432627770553623e-06,7.43509279958768e-06,7.437548985525462e-06,7.439996361613805e-06,7.442434961005763e-06,7.44486481669512e-06,7.447285961535691e-06,7.449698428227074e-06,7.452102249343009e-06,7.454497457329901e-06,7.456884084451435e-06,7.45926216289104e-06,7.461631724590419e-06,7.463992801465128e-06,7.466345425245698e-06,7.468689627538238e-06,7.471025439809751e-06,7.473352893391133e-06,7.475672019470159e-06,7.47798284913096e-06,7.480285413283823e-06,7.482579742751882e-06,7.484865868199129e-06,7.4871438201624855e-06,7.489413629053007e-06,7.4916753251531935e-06,7.493928938617029e-06,7.496174499460483e-06,7.49841203759024e-06,7.50064158277923e-06,7.502863164675431e-06,7.505076812803746e-06,7.507282556559856e-06,7.509480425218513e-06,7.511670447931722e-06,7.513852653734057e-06,7.516027071526048e-06,7.518193730094784e-06,7.520352658104638e-06,7.5225038841488886e-06,7.524647436575768e-06,7.526783343727971e-06,7.528911633802196e-06,7.531032334921983e-06,7.533145474943676e-06,7.535251081758559e-06,7.5373491830873605e-06,7.53943980654296e-06,7.541522979624009e-06,7.54359872971205e-06,7.545667084070138e-06,7.5477280698669965e-06,7.549781714132827e-06,7.5518280437973515e-06,7.553867085696159e-06,7.555898866575264e-06,7.5579234129586015e-06,7.559940751374861e-06,7.561950908207168e-06,7.563953909749918e-06,7.5659497821518e-06,7.56793855144973e-06,7.569920243620406e-06,7.571894884500726e-06,7.573862499853802e-06,7.575823115304818e-06,7.577776756392509e-06,7.579723448527759e-06,7.581663217048989e-06,7.583596087120132e-06,7.585522083964412e-06,7.587441232548866e-06,7.5893535577890515e-06,7.591259084512278e-06,7.593157837401691e-06,7.595049841096267e-06,7.596935120104399e-06,7.598813698856065e-06,7.600685601632929e-06,7.6025508526773535e-06,7.604409476107198e-06,7.606261495946509e-06,7.608106936122185e-06,7.609945820481793e-06,7.611778172695982e-06,7.613604016487578e-06,7.6154233753695475e-06,7.617236272779372e-06,7.6190427320953164e-06,7.620842776569924e-06,7.622636429357254e-06,7.624423713585922e-06,7.62620465219384e-06,7.6279792680860884e-06,7.629747584070453e-06,7.631509622858472e-06,7.633265407073278e-06,7.635014959242704e-06,7.6367583018114e-06,7.63849545712828e-06,7.640226447459386e-06,7.641951294977755e-06,7.643670021775073e-06,7.64538264987155e-06,7.647089201138271e-06,7.648789697419915e-06,7.650484160458683e-06,7.652172611911024e-06,7.65385507334875e-06,7.655531566251049e-06,7.657202112018666e-06,7.658866731966302e-06,7.660525447322367e-06,7.662178279237188e-06,7.663825248775368e-06,7.665466376917864e-06,7.667101684567418e-06,7.668731192539086e-06,7.670354921568451e-06,7.671972892306174e-06,7.673585125336186e-06,7.675191641148145e-06,7.676792460179428e-06,7.678387602731774e-06,7.67997708903574e-06,7.68156093928971e-06,7.683139173596632e-06,7.684711811989447e-06,7.68627887439471e-06,7.687840380677678e-06,7.689396350606256e-06,7.690946803920209e-06,7.692491760235142e-06,7.694031239108432e-06,7.695565260020569e-06,7.697093842375278e-06,7.698617005512927e-06,7.700134768674979e-06,7.701647151039728e-06,7.703154171718246e-06,7.70465584974269e-06,7.706152204073039e-06,7.707643253594903e-06,7.709129017120472e-06,7.710609513393539e-06,7.71208476111629e-06,7.713554778809793e-06,7.715019585037071e-06,7.71647919824779e-06,7.71793363683683e-06,7.71938291912389e-06,7.720827063325767e-06,7.722266087605153e-06,7.723700010083706e-06,7.725128848805724e-06,7.726552621706488e-06,7.72797134669102e-06,7.729385041621327e-06,7.730793724221313e-06,7.73219741220558e-06,7.733596123168801e-06,7.73498987468263e-06,7.736378684227656e-06,7.737762569231711e-06,7.73914154705627e-06,7.740515634983772e-06,7.741884850235266e-06,7.743249209981141e-06,7.74460873130962e-06,7.745963431249678e-06,7.747313326758726e-06,7.748658434744794e-06,7.749998772039488e-06,7.751334355423381e-06,7.752665201598287e-06,7.75399132724976e-06,7.755312748876824e-06,7.756629483044159e-06,7.757941546279598e-06,7.759248954854505e-06,7.760551725142091e-06,7.761849873438738e-06,7.763143415908095e-06,7.76443236873041e-06,7.765716747992969e-06,7.766996569724975e-06,7.768271849892697e-06,7.769542604403847e-06,7.770808849089898e-06,7.772070599757063e-06,7.773327872145324e-06,7.774580681907136e-06,7.7758290446558e-06,7.777072975965321e-06,7.77831249129479e-06,7.779547606089209e-06,7.780778335735757e-06,7.782004695541962e-06,7.783226700778089e-06,7.784444366661977e-06,7.785657708333953e-06,7.786866740858972e-06,7.788071479301952e-06,7.789271938639314e-06,7.790468133795385e-06,7.791660079638872e-06,7.792847790983108e-06,7.794031282586209e-06,7.795210569151378e-06,7.796385665327115e-06,7.797556585707074e-06,7.798723344831722e-06,7.799885957186447e-06,7.801044437203202e-06,7.802198799260354e-06,7.80334905768294e-06,7.804495226742833e-06,7.805637320659049e-06,7.80677535359787e-06,7.807909339673154e-06,7.809039292946475e-06,7.810165227427412e-06,7.811287157073699e-06,7.812405095791444e-06,7.813519057435459e-06,7.814629055808616e-06,7.815735104664891e-06,7.816837217713143e-06,7.817935408589333e-06,7.819029690902195e-06,7.820120078202728e-06,7.82120658399168e-06,7.822289221719384e-06,7.823368004788328e-06,7.824442946550844e-06,7.825514060310772e-06,7.826581359321761e-06,7.827644856790258e-06,7.828704565872798e-06,7.82976049967979e-06,7.830812671269622e-06,7.831861093660231e-06,7.832905779808865e-06,7.833946742636965e-06,7.834983995014942e-06,7.836017549765986e-06,7.83704741966759e-06,7.83807361744792e-06,7.83909615578986e-06,7.840115047328797e-06,7.841130304657496e-06,7.842141940321939e-06,7.843149966814772e-06,7.844154396591891e-06,7.84515524206197e-06,7.846152515588862e-06,7.847146229486618e-06,7.848136396027399e-06,7.849123027438869e-06,7.85010613590369e-06,7.8510857335609e-06,7.852061832504745e-06,7.853034444785875e-06,7.854003582408155e-06,7.854969257337485e-06,7.855931481487307e-06,7.85689026674581e-06,7.857845624931955e-06,7.858797567852496e-06,7.859746107243622e-06,7.860691254816216e-06,7.861633022224794e-06,7.862571421096306e-06,7.863506463007501e-06,7.864438159492683e-06,7.86536652204432e-06,7.866291562122792e-06,7.867213291132153e-06,7.868131720455296e-06,7.869046861402136e-06,7.869958725268455e-06,7.870867323301864e-06,7.871772666707144e-06,7.872674766654337e-06,7.873573634264918e-06,7.874469280627718e-06,7.8753617167891e-06,7.876250953753479e-06,7.87713700248659e-06,7.878019873915739e-06,7.878899578925704e-06,7.879776128366977e-06,7.880649533052782e-06,7.881519803756453e-06,7.88238695119855e-06,7.88325098607143e-06,7.88411191903644e-06,7.884969760733719e-06,7.885824521697014e-06,7.886676212488303e-06,7.887524843595609e-06,7.888370425492243e-06,7.889212968593226e-06,7.890052483319915e-06,7.89088898000821e-06,7.891722468972098e-06,7.89255296049129e-06,7.893380464809655e-06,7.894204992139822e-06,7.89502655262974e-06,7.895845156418079e-06,7.896660813600852e-06,7.897473534222018e-06,7.898283328320911e-06,7.899090205889802e-06,7.899894176872872e-06,7.90069525119228e-06,7.90149343874041e-06,7.902288749360685e-06,7.903081192893567e-06,7.903870779080695e-06,7.904657517689388e-06,7.905441418393298e-06,7.906222490864574e-06,7.907000744746501e-06,7.90777618964194e-06,7.908548835119534e-06,7.90931869071335e-06,7.91008576592637e-06,7.91085007022647e-06,7.911611613039585e-06,7.912370403768317e-06,7.913126451791006e-06,7.913879766427333e-06,7.914630356984344e-06,7.915378232702861e-06,7.916123402870428e-06,7.916865876645324e-06,7.917605663211037e-06,7.91834277172504e-06,7.919077211272149e-06,7.91980899092415e-06,7.920538119720786e-06,7.921264606672432e-06,7.92198846072305e-06,7.922709690874735e-06,7.923428306010635e-06,7.924144315011587e-06,7.924857726726905e-06,7.92556854997462e-06,7.926276793541673e-06,7.92698246618394e-06,7.927685576626292e-06,7.928386133562783e-06,7.929084145656864e-06,7.929779621545047e-06,7.930472569825638e-06,7.931162999072189e-06,7.931850917827167e-06,7.932536334598076e-06,7.93321925787189e-06,7.93389969609599e-06,7.934577657686837e-06,7.935253151043267e-06,7.935926184538134e-06,7.936596766494968e-06,7.937264905207074e-06,7.93793060896081e-06,7.93859388599979e-06,7.939254744544303e-06,7.939913192778953e-06,7.940569238842042e-06,7.941222890902938e-06,7.941874157046207e-06,7.942523045342695e-06,7.943169563839105e-06,7.943813720552008e-06,7.944455523472826e-06,7.945094980558999e-06,7.945732099739373e-06,7.946366888925177e-06,7.946999355990845e-06,7.947629508781916e-06,7.94825735512707e-06,7.948882902814107e-06,7.949506159616935e-06,7.950127133272043e-06,7.950745831491422e-06,7.951362261959358e-06,7.951976432337465e-06,7.95258835025786e-06,7.953198023326054e-06,7.95380545912342e-06,7.954410665196551e-06,7.955013649074044e-06,7.95561441825851e-06,7.95621298021831e-06,7.956809342419446e-06,7.957403512256837e-06,7.957995497133163e-06,7.95858530442244e-06,7.959172941467463e-06,7.95975841557997e-06,7.960341734066422e-06,7.960922904177433e-06,7.961501933174603e-06,7.962078828283503e-06,7.962653596658447e-06,7.96322624548663e-06,7.963796781907297e-06,7.964365213034604e-06,7.964931545964206e-06,7.96549578776211e-06,7.966057945474612e-06,7.966618026114206e-06,7.967176036675322e-06,7.967731984129165e-06,7.96828587542139e-06,7.968837717471264e-06,7.969387517179384e-06,7.969935281414432e-06,7.970481017026525e-06,7.971024730842005e-06,7.971566429662852e-06,7.972106120264041e-06,7.972643809415006e-06,7.97317950381955e-06,7.973713210203447e-06,7.974244935247178e-06,7.974774685619307e-06,7.975302467942395e-06,7.975828288840887e-06,7.976352154904268e-06,7.976874072704694e-06,7.97739404878645e-06,7.977912089675215e-06,7.978428201873079e-06,7.978942391855382e-06,7.979454666078625e-06,7.979965030969031e-06,7.980473492954407e-06,7.980980058419897e-06,7.981484733721756e-06,7.981987525216584e-06,7.98248843923068e-06,7.98298748206034e-06,7.983484659983575e-06,7.98397997926172e-06,7.984473446142662e-06,7.984965066816874e-06,7.985454847505011e-06,7.9859427943314e-06,7.986428913491403e-06,7.9869132111015e-06,7.987395693270593e-06,7.987876366084912e-06,7.988355235602485e-06,7.988832307885922e-06,7.98930758895118e-06,7.989781084802129e-06,7.99025280142142e-06,7.990722744771779e-06,7.991190920794963e-06,7.991657335403594e-06,7.9921219945091e-06,7.99258490400013e-06,7.993046069724795e-06,7.99350549755952e-06,7.993963193255265e-06,7.99441916264911e-06,7.994873411524562e-06,7.995325945631461e-06,7.995776770728541e-06,7.996225892510605e-06,7.996673316709743e-06,7.997119048987793e-06,7.99756309499134e-06,7.998005460379855e-06,7.998446150775963e-06,7.998885171780082e-06,7.99932252898285e-06,7.999758227950386e-06,8.000192274214687e-06,8.000624673319493e-06,8.001055430769104e-06,8.001484552051791e-06,8.001912042632501e-06,8.002337907966044e-06,8.002762153484869e-06,8.003184784605544e-06,8.003605806730968e-06,8.004025225222691e-06,8.004443045446603e-06,8.004859272743353e-06,8.005273912414515e-06,8.005686969783097e-06,8.006098450155005e-06,8.006508358781793e-06,8.006916700906982e-06,8.007323481768508e-06,8.007728706575677e-06,8.008132380551391e-06,8.008534508799245e-06,8.008935096553641e-06,8.00933414892682e-06,8.009731671048226e-06,8.010127668028924e-06,8.01052214495369e-06,8.010915106890412e-06,8.011306558907908e-06,8.011696506054018e-06,8.012084953331303e-06,8.012471905731767e-06,8.012857368231314e-06,8.013241345848994e-06,8.013623843518747e-06,8.014004866160253e-06,8.014384418702757e-06,8.014762506046483e-06,8.015139133077608e-06,8.015514304667246e-06,8.015888025660719e-06,8.016260300897247e-06,8.016631135195325e-06,8.017000533356235e-06,8.017368500169479e-06,8.017735040399655e-06,8.018100158805928e-06,8.018463860123093e-06,8.018826149083404e-06,8.01918703035202e-06,8.019546508665193e-06,8.019904588677854e-06,8.020261275043558e-06,8.020616572408856e-06,8.02097048539828e-06,8.021323018620046e-06,8.021674176691041e-06,8.022023964144968e-06,8.02237238556677e-06,8.022719445504004e-06,8.023065148488506e-06,8.023409499033562e-06,8.023752501646725e-06,8.024094160810433e-06,8.024434480991932e-06,8.024773466651548e-06,8.025111122225825e-06,8.02544745214157e-06,8.025782460809684e-06,8.026116152623917e-06,8.026448531966684e-06,8.026779603196904e-06,8.027109370665173e-06,8.027437838741091e-06,8.027765011685382e-06,8.02809089383725e-06,8.028415489477296e-06,8.028738802898313e-06,8.029060838354671e-06,8.029381600094408e-06,8.029701092351184e-06,8.030019319344263e-06,8.030336285278932e-06,8.030651994346122e-06,8.030966450720373e-06,8.031279658566261e-06,8.031591622029719e-06,8.031902345245885e-06,8.032211832339303e-06,8.032520087407364e-06,8.032827114548186e-06,8.033132917837004e-06,8.033437501352633e-06,8.033740869120341e-06,8.034043025189846e-06,8.03434397357797e-06,8.03464371830777e-06,8.034942263373748e-06,8.03523961274836e-06,8.035535770412427e-06,8.035830740308799e-06,8.036124526397171e-06,8.036417132595826e-06,8.036708562813196e-06,8.036998820963925e-06,8.037287910923038e-06,8.037575836575035e-06,8.03786260178303e-06,8.038148210390053e-06,8.038432666247681e-06,8.03871597317348e-06,8.03899813497797e-06,8.039279155457802e-06,8.039559038399259e-06,8.039837787580304e-06,8.040115406750409e-06,8.040391899661248e-06,8.040667270057035e-06,8.04094152164006e-06,8.041214658129421e-06,8.041486683217096e-06,8.041757600596879e-06,8.042027413935768e-06,8.042296126893725e-06,8.042563743116625e-06,8.04283026623915e-06,8.043095699885581e-06,8.04336004766488e-06,8.043623313148851e-06,8.043885499976259e-06,8.044146611694552e-06,8.044406651865316e-06,8.044665624038422e-06,8.044923531748676e-06,8.045180378527903e-06,8.045436167887242e-06,8.045690903328255e-06,8.045944588342262e-06,8.046197226406929e-06,8.046448820990048e-06,8.04669937554633e-06,8.046948893518973e-06,8.04719737833876e-06,8.047444833428887e-06,8.04769126219698e-06,8.04793666804041e-06,8.048181054344458e-06,8.048424424490673e-06,8.048666781830628e-06,8.048908129721016e-06,8.049148471504031e-06,8.049387810508086e-06,8.049626150051027e-06,8.049863493439183e-06,8.050099843969243e-06,8.050335204925892e-06,8.050569579582876e-06,8.05080297120357e-06,8.051035383039036e-06,8.051266818329842e-06,8.051497280305792e-06,8.05172677218511e-06,8.05195529717887e-06,8.052182858483104e-06,8.052409459284999e-06,8.052635102760398e-06,8.052859792074022e-06,8.053083530380169e-06,8.053306320824075e-06,8.053528166539017e-06,8.0537490706478e-06,8.053969036247059e-06,8.05418806646885e-06,8.054406164392868e-06,8.054623333097735e-06,8.054839575655007e-06,8.055054895125261e-06,8.055269294558985e-06,8.055482776996687e-06,8.055695345468316e-06,8.055907002993234e-06,8.056117752581095e-06,8.056327597230805e-06,8.056536539931586e-06,8.056744583665304e-06,8.056951731398408e-06,8.057157986091888e-06,8.057363350695356e-06,8.057567828149076e-06,8.057771421382569e-06,8.057974133315556e-06,8.058175966855878e-06,8.058376924908707e-06,8.058577010361788e-06,8.058776226097489e-06,8.058974574986918e-06,8.059172059890163e-06,8.059368683661536e-06,8.059564449141488e-06,8.059759359165156e-06,8.05995341655687e-06,8.060146624129161e-06,8.060338984687365e-06,8.060530501027534e-06,8.06072117593499e-06,8.060911012186533e-06,8.061100012550177e-06,8.061288179783022e-06,8.061475516633313e-06,8.061662025842837e-06,8.06184771014138e-06,8.062032572249773e-06,8.062216614880636e-06,8.06239984073719e-06,8.062582252513622e-06,8.062763852895126e-06,8.06294464455791e-06,8.063124630169209e-06,8.063303812387334e-06,8.063482193860792e-06,8.063659777232416e-06,8.06383656513246e-06,8.064012560184122e-06,8.064187765000626e-06,8.064362182189451e-06,8.064535814346328e-06,8.064708664059348e-06,8.064880733907928e-06,8.0650520264629e-06,8.065222544285502e-06,8.065392289930425e-06,8.065561265943742e-06,8.065729474862302e-06,8.06589691921165e-06,8.0660636015137e-06,8.06622952427881e-06,8.066394690010066e-06,8.066559101202198e-06,8.066722760342363e-06,8.06688566990661e-06,8.06704783236687e-06,8.067209250181082e-06,8.067369925805944e-06,8.067529861684825e-06,8.067689060254067e-06,8.067847523944269e-06,8.068005255175196e-06,8.068162256359491e-06,8.068318529900588e-06,8.06847407819253e-06,8.06862890363139e-06,8.068783008592377e-06,8.068936395449815e-06,8.06908906656786e-06,8.069241024303015e-06,8.069392271005922e-06,8.069542809015543e-06,8.069692640666134e-06,8.069841768283109e-06,8.069990194184734e-06,8.070137920681341e-06,8.070284950073962e-06,8.070431284657751e-06,8.070576926721126e-06,8.070721878542107e-06,8.07086614239252e-06,8.07100972053801e-06,8.071152615234262e-06,8.071294828732858e-06,8.071436363273048e-06,8.071577221092688e-06,8.07171740441049e-06,8.07185691545022e-06,8.07199575642427e-06,8.07213392953799e-06,8.072271436986777e-06,8.072408280962827e-06,8.072544463648054e-06,8.072679987217234e-06,8.072814853840453e-06,8.072949065677814e-06,8.073082624882797e-06,8.073215533602054e-06,8.073347793975425e-06,8.073479408134949e-06,8.073610378206153e-06,8.073740706307229e-06,8.073870394549053e-06,8.07399944503599e-06,8.074127859865212e-06,8.074255641127178e-06,8.074382790904608e-06,8.074509311274405e-06,8.07463520430587e-06,8.074760472061257e-06,8.074885116596315e-06,8.075009139959917e-06,8.075132544194238e-06,8.075255331334746e-06,8.075377503409552e-06,8.07549906244053e-06,8.075620010442636e-06,8.075740349424563e-06,8.075860081386875e-06,8.075979208322483e-06,8.076097732226273e-06,8.076215655071817e-06,8.076332978843485e-06,8.076449705505461e-06,8.076565837019928e-06,8.076681375343468e-06,8.076796322421805e-06,8.076910680199825e-06,8.077024450616376e-06,8.077137635597366e-06,8.07725023706648e-06,8.07736225694402e-06,8.077473697138271e-06,8.077584559550212e-06,8.077694846082887e-06,8.077804558623967e-06,8.077913699063249e-06,8.078022269277508e-06,8.078130271137105e-06,8.0782377065126e-06,8.078344577264941e-06,8.078450885246018e-06,8.078556632305159e-06,8.078661820284636e-06,8.078766451019576e-06,8.07887052633749e-06,8.07897404806669e-06,8.079077018023171e-06,8.079179438018186e-06,8.079281309858139e-06,8.079382635341089e-06,8.079483416261104e-06,8.079583654406754e-06,8.079683351554304e-06,8.079782509490307e-06,8.079881129978634e-06,8.079979214779656e-06,8.080076765660222e-06,8.080173784369455e-06,8.080270272654524e-06,8.080366232254655e-06,8.08046166490207e-06,8.080556572333208e-06,8.080650956268858e-06,8.08074481842601e-06,8.08083816051761e-06,8.080930984246326e-06,8.081023291319088e-06,8.081115083430725e-06,8.081206362268793e-06,8.081297129517828e-06,8.081387386856454e-06,8.081477135957556e-06,8.081566378488603e-06,8.081655116111515e-06,8.081743350482662e-06,8.081831083253028e-06,8.081918316068053e-06,8.08200505056777e-06,8.082091288386772e-06,8.082177031154255e-06,8.082262280500832e-06,8.082347038030596e-06,8.082431305364904e-06,8.08251508411059e-06,8.082598375870344e-06,8.082681182240912e-06,8.082763504810954e-06,8.08284534517312e-06,8.082926704906177e-06,8.083007585586016e-06,8.083087988783925e-06,8.083167916065047e-06,8.083247368985137e-06,8.08332634910925e-06,8.083404857982312e-06,8.083482897150137e-06,8.083560468152424e-06,8.083637572523362e-06,8.08371421179398e-06,8.08379038748873e-06,8.083866101125914e-06,8.083941354221643e-06,8.084016148284688e-06,8.084090484820497e-06,8.084164365328328e-06,8.084237791303672e-06,8.084310764234867e-06,8.084383285609003e-06,8.08445535690388e-06,8.08452697959612e-06,8.084598155154234e-06,8.084668885044592e-06,8.084739170720662e-06,8.084809013652174e-06,8.084878415282296e-06,8.084947377058447e-06,8.085015900421387e-06,8.085083986807412e-06,8.0851516376483e-06,8.085218854371294e-06,8.085285638399296e-06,8.085351991149264e-06,8.085417914033037e-06,8.085483408461502e-06,8.085548475836976e-06,8.085613117558634e-06,8.085677335020853e-06,8.085741129613546e-06,8.085804502722007e-06,8.085867455726405e-06,8.085929989998464e-06,8.08599210692464e-06,8.086053807856847e-06,8.086115094162144e-06,8.086175967199845e-06,8.08623642832207e-06,8.08629647887013e-06,8.086356120205077e-06,8.08641535365932e-06,8.086474180568004e-06,8.08653260226345e-06,8.086590620071493e-06,8.086648235315234e-06,8.086705449313128e-06,8.08676226337881e-06,8.086818678821841e-06,8.086874696947463e-06,8.08693031905638e-06,8.086985546445642e-06,8.087040380407398e-06,8.087094822229772e-06,8.087148873196422e-06,8.08720253458717e-06,8.087255807677133e-06,8.087308693737734e-06,8.087361194036449e-06,8.087413309835659e-06,8.087465042394029e-06,8.087516392966083e-06,8.087567362802216e-06,8.087617953148744e-06,8.087668165247691e-06,8.087718000337161e-06,8.087767459651774e-06,8.087816544420184e-06,8.087865255868835e-06,8.08791359521966e-06,8.0879615636904e-06,8.088009162494844e-06,8.088056392842754e-06,8.088103255939961e-06,8.088149752988147e-06,8.088195885185286e-06,8.088241653725467e-06,8.088287059798518e-06,8.08833210459052e-06,8.088376789283674e-06,8.088421115056215e-06,8.08846508308257e-06,8.088508694533107e-06,8.088551950575109e-06,8.088594852370518e-06,8.088637401078736e-06,8.088679597855373e-06,8.088721443850855e-06,8.088762940213408e-06,8.088804088087317e-06,8.08884488861579e-06,8.088885342927413e-06,8.088925452159704e-06,8.088965217439413e-06,8.089004639892335e-06,8.089043720640645e-06,8.089082460801862e-06,8.089120861489785e-06,8.089158923814357e-06,8.089196648882968e-06,8.089234037799138e-06,8.089271091661678e-06,8.089307811566026e-06,8.089344198605088e-06,8.089380253866795e-06,8.089415978436596e-06,8.089451373396372e-06,8.08948643982325e-06,8.089521178793226e-06,8.089555591374778e-06,8.08958967863728e-06,8.0896234416424e-06,8.089656881452224e-06,8.089689999122863e-06,8.089722795707525e-06,8.089755272252417e-06,8.089787429812676e-06,8.089819269423664e-06,8.089850792125946e-06,8.089881998961977e-06,8.089912890960213e-06,8.089943469149657e-06,8.089973734556476e-06,8.090003688203323e-06,8.090033331107067e-06,8.090062664288255e-06,8.090091688755118e-06,8.090120405516634e-06,8.09014881558509e-06,8.090176919958986e-06,8.09020471963422e-06,8.090232215613438e-06,8.090259408885908e-06,8.090286300439315e-06,8.090312891260822e-06,8.090339182334973e-06,8.090365174640513e-06,8.090390869159634e-06,8.090416266858284e-06,8.090441368708253e-06,8.090466175674068e-06,8.09049068872522e-06,8.090514908816365e-06,8.090538836908571e-06,8.090562473957599e-06,8.090585820909518e-06,8.090608878715698e-06,8.090631648323673e-06,8.09065413066955e-06,8.0906763266976e-06,8.090698237338505e-06,8.090719863528916e-06,8.090741206195948e-06,8.090762266267133e-06,8.090783044664765e-06,8.090803542310187e-06,8.090823760120387e-06,8.090843699009757e-06,8.090863359889616e-06,8.090882743668061e-06,8.090901851250709e-06,8.090920683539882e-06,8.090939241435062e-06,8.090957525833041e-06,8.090975537626566e-06,8.090993277705691e-06,8.09101074696027e-06,8.091027946273965e-06,8.09104487652855e-06,8.091061538603087e-06,8.091077933373651e-06,8.091094061713424e-06,8.091109924492857e-06,8.091125522579297e-06,8.091140856837558e-06,8.09115592812925e-06,8.091170737313437e-06,8.091185285246407e-06,8.091199572781687e-06,8.091213600769292e-06,8.091227370057287e-06,8.091240881491145e-06,8.091254135912138e-06,8.09126713416009e-06,8.091279877071466e-06,8.091292365480835e-06,8.091304600219299e-06,8.091316582114993e-06,8.091328311994503e-06,8.091339790680377e-06,8.091351018992796e-06,8.091361997749069e-06,8.091372727764642e-06,8.091383209851888e-06,8.091393444820436e-06,8.091403433476699e-06,8.09141317662626e-06,8.091422675070265e-06,8.091431929607726e-06,8.091440941035252e-06,8.09144971014669e-06,8.091458237732752e-06,8.091466524583136e-06,8.091474571483422e-06,8.091482379216386e-06,8.091489948563961e-06,8.09149728030479e-06,8.09150437521414e-06,8.091511234065455e-06,8.091517857629316e-06,8.091524246674017e-06,8.09153040196539e-06,8.091536324266407e-06,8.091542014337966e-06,8.09154747293812e-06,8.0915527008227e-06,8.09155769874493e-06,8.091562467455557e-06,8.091567007703003e-06,8.091571320232945e-06,8.091575405789006e-06,8.091579265112093e-06,8.091582898940817e-06,8.091586308011267e-06,8.091589493057229e-06,8.091592454809986e-06,8.091595193998546e-06,8.091597711349361e-06,8.091600007586643e-06,8.09160208343222e-06,8.091603939605483e-06,8.091605576823561e-06,8.091606995801132e-06,8.091608197250767e-06,8.091609181882175e-06,8.091609950403317e-06,8.091610503519563e-06,8.091610841934071e-06,8.091610966347556e-06,8.091610877458545e-06,8.091610575963313e-06,8.091610062555751e-06,8.091609337927872e-06,8.091608402768321e-06,8.091607257764731e-06,8.091605903601983e-06,8.091604340962694e-06,8.09160257052733e-06,8.091600592974079e-06,8.091598408979001e-06,8.091596019215642e-06,8.09159342435556e-06,8.091590625068414e-06,8.091587622021208e-06,8.091584415878867e-06,8.091581007304279e-06,8.091577396958116e-06,8.091573585499107e-06,8.09156957358299e-06,8.091565361864286e-06,8.091560950995113e-06,8.091556341624968e-06,8.091551534402112e-06,8.091546529971996e-06,8.091541328978228e-06,8.091535932061841e-06,8.091530339862936e-06,8.09152455301843e-06,8.091518572163391e-06,8.091512397930949e-06,8.091506030952242e-06,8.091499471856003e-06,8.091492721269553e-06,8.09148577981734e-06,8.09147864812258e-06,8.091471326804736e-06,8.091463816484058e-06,8.091456117776669e-06,8.091448231297733e-06,8.091440157659394e-06,8.091431897472689e-06,8.091423451346217e-06,8.091414819887015e-06,8.091406003699035e-06,8.091397003385293e-06,8.091387819546516e-06,8.091378452781806e-06,8.091368903688234e-06,8.091359172859516e-06,8.09134926088834e-06,8.091339168368163e-06,8.091328895886882e-06,8.09131844403144e-06,8.091307813386475e-06,8.091297004536297e-06,8.09128601806189e-06,8.091274854541226e-06,8.091263514555375e-06,8.091251998678031e-06,8.091240307483159e-06,8.091228441542988e-06,8.091216401427198e-06,8.091204187704469e-06,8.091191800941221e-06,8.091179241701113e-06,8.091166510548087e-06,8.091153608042223e-06,8.091140534742849e-06,8.091127291207071e-06,8.09111387799028e-06,8.091100295646045e-06,8.091086544726083e-06,8.091072625779933e-06,8.091058539358044e-06,8.09104428600297e-06,8.091029866262168e-06,8.091015280677115e-06,8.091000529789218e-06,8.090985614137205e-06,8.090970534259603e-06,8.090955290691756e-06,8.090939883967547e-06,8.090924314619304e-06,8.090908583177811e-06,8.090892690171196e-06,8.090876636126854e-06,8.090860421570071e-06,8.0908440470248e-06,8.090827513012097e-06,8.090810820052784e-06,8.090793968665503e-06,8.090776959365833e-06,8.090759792670964e-06,8.090742469093196e-06,8.090724989143665e-06,8.09070735333399e-06,8.090689562171808e-06,8.090671616163839e-06,8.090653515815377e-06,8.090635261629664e-06,8.090616854108619e-06,8.090598293752498e-06,8.090579581059744e-06,8.090560716527143e-06,8.090541700650647e-06,8.09052253392339e-06,8.09050321683721e-06,8.09048374988305e-06,8.090464133550187e-06,8.090444368324678e-06,8.090424454692802e-06,8.090404393138136e-06,8.090384184143436e-06,8.090363828191216e-06,8.090343325759846e-06,8.09032267732588e-06,8.090301883366982e-06,8.090280944357792e-06,8.090259860770465e-06,8.090238633077525e-06,8.090217261750701e-06,8.09019574725532e-06,8.09017409005939e-06,8.090152290628791e-06,8.090130349427533e-06,8.090108266917852e-06,8.09008604355944e-06,8.09006367981412e-06,8.090041176138956e-06,8.090018532989883e-06,8.089995750822388e-06,8.089972830089736e-06,8.089949771243891e-06,8.089926574735409e-06,8.089903241013268e-06,8.089879770525089e-06,8.089856163717133e-06,8.089832421033855e-06,8.089808542918741e-06,8.089784529812935e-06,8.089760382158161e-06,8.089736100388119e-06,8.089711684948451e-06,8.089687136270919e-06,8.089662454790722e-06,8.089637640940467e-06,8.089612695152722e-06,8.089587617857491e-06,8.089562409483744e-06,8.08953707045906e-06,8.089511601209601e-06,8.089486002160498e-06,8.089460273734652e-06,8.08943441635111e-06,8.089408430436776e-06,8.089382316407882e-06,8.089356074682258e-06,8.089329705677218e-06,8.089303209806318e-06,8.089276587485184e-06,8.089249839125266e-06,8.089222965138094e-06,8.089195965933224e-06,8.089168841919251e-06,8.089141593504288e-06,8.089114221092266e-06,8.089086725088618e-06,8.089059105896884e-06,8.089031363918217e-06,8.089003499553523e-06,8.088975513202058e-06,8.0889474052606e-06,8.088919176126182e-06,8.08889082619691e-06,8.088862355864514e-06,8.088833765522514e-06,8.088805055562276e-06,8.088776226374641e-06,8.088747278346854e-06,8.088718211867997e-06,8.088689027323037e-06,8.088659725098608e-06,8.088630305577828e-06,8.088600769143047e-06,8.088571116176606e-06,8.088541347058809e-06,8.088511462167023e-06,8.088481461881334e-06,8.088451346577017e-06,8.088421116629326e-06,8.088390772411294e-06,8.08836031429777e-06,8.088329742660366e-06,8.088299057868556e-06,8.088268260289995e-06,8.088237350296057e-06,8.088206328250136e-06,8.088175194520144e-06,8.088143949469496e-06,8.088112593461455e-06,8.08808112685784e-06,8.088049550018895e-06,8.088017863305842e-06,8.08798606707658e-06,8.087954161688193e-06,8.087922147496762e-06,8.087890024856912e-06,8.087857794123063e-06,8.087825455647682e-06,8.087793009782815e-06,8.087760456879261e-06,8.087727797285805e-06,8.087695031350367e-06,8.087662159419342e-06,8.087629181840067e-06,8.087596098956482e-06,8.087562911111674e-06,8.087529618648168e-06,8.087496221907935e-06,8.087462721232418e-06,8.087429116958832e-06,8.087395409426163e-06,8.087361598970268e-06,8.087327685928682e-06,8.087293670635263e-06,8.087259553423482e-06,8.087225334627795e-06,8.08719101457614e-06,8.087156593602669e-06,8.087122072030824e-06,8.0870874501981e-06,8.087052728426635e-06,8.087017907043435e-06,8.086982986372694e-06,8.086947966738798e-06,8.086912848466452e-06,8.086877631868707e-06,8.08684231727726e-06,8.086806905009694e-06,8.086771395377832e-06,8.086735788709903e-06,8.086700085318156e-06,8.0866642855187e-06,8.086628389624334e-06,8.08659239795039e-06,8.086556310809544e-06,8.086520128512448e-06,8.086483851366115e-06,8.08644747968855e-06,8.086411013784248e-06,8.086374453959812e-06,8.086337800517957e-06,8.08630105377414e-06,8.086264214026853e-06,8.086227281576721e-06,8.08619025673189e-06,8.086153139794259e-06,8.086115931062413e-06,8.086078630835985e-06,8.086041239413646e-06,8.086003757092173e-06,8.085966184169939e-06,8.085928520942921e-06,8.085890767704889e-06,8.085852924749101e-06,8.085814992370018e-06,8.085776970857886e-06,8.085738860506441e-06,8.085700661599816e-06,8.08566237443855e-06,8.08562399930201e-06,8.085585536477953e-06,8.085546986254662e-06,8.085508348916782e-06,8.085469624748704e-06,8.085430814033825e-06,8.085391917055871e-06,8.08535293409475e-06,8.085313865432835e-06,8.085274711348792e-06,8.08523547212098e-06,8.085196148030106e-06,8.085156739351947e-06,8.085117246362534e-06,8.08507766933249e-06,8.08503800854111e-06,8.084998264267404e-06,8.084958436780396e-06,8.084918526347455e-06,8.084878533243201e-06,8.084838457735932e-06,8.084798300095891e-06,8.084758060590233e-06,8.084717739486797e-06,8.084677337053306e-06,8.084636853555744e-06,8.084596289255486e-06,8.084555644419033e-06,8.084514919307462e-06,8.08447411418871e-06,8.084433229312441e-06,8.084392264952671e-06,8.08435122136468e-06,8.084310098803566e-06,8.084268897529317e-06,8.08422761780052e-06,8.084186259872007e-06,8.084144823999416e-06,8.084103310437695e-06,8.084061719441372e-06,8.084020051263216e-06,8.083978306145862e-06,8.08393648435832e-06,8.083894586154276e-06,8.083852611760001e-06,8.08381056143458e-06,8.083768435432607e-06,8.083726233993014e-06,8.08368395736677e-06,8.083641605796917e-06,8.083599179531815e-06,8.083556678813879e-06,8.083514103885748e-06,8.08347145498916e-06,8.083428732369551e-06,8.083385936266528e-06,8.083343066918385e-06,8.083300124566872e-06,8.083257109448207e-06,8.083214021799146e-06,8.08317086185496e-06,8.083127629863704e-06,8.083084326052892e-06,8.083040950650542e-06,8.082997503904475e-06,8.082953986040932e-06,8.082910397294078e-06,8.082866737896274e-06,8.082823008074099e-06,8.08277920806043e-06,8.082735338083542e-06,8.082691398374935e-06,8.082647389160182e-06,8.082603310668027e-06,8.082559163124052e-06,8.082514946755508e-06,8.082470661791853e-06,8.082426308447192e-06,8.08238188694809e-06,8.082337397519752e-06,8.082292840383275e-06,8.082248215760478e-06,8.082203523872473e-06,8.082158764941833e-06,8.082113939182362e-06,8.082069046814935e-06,8.0820240880578e-06,8.081979063128145e-06,8.081933972242813e-06,8.081888815617195e-06,8.081843593466296e-06,8.081798306004502e-06,8.08175295344549e-06,8.081707536002354e-06,8.081662053886785e-06,8.081616507311169e-06,8.081570896486085e-06,8.08152522162185e-06,8.081479482927022e-06,8.081433680611758e-06,8.081387814884713e-06,8.081341885952628e-06,8.08129589402183e-06,8.081249839298275e-06,8.081203721987818e-06,8.081157542295047e-06,8.081111300426226e-06,8.081064996583154e-06,8.081018630968532e-06,8.080972203785242e-06,8.08092571523357e-06,8.080879165515434e-06,8.080832554831148e-06,8.08078588337954e-06,8.080739151360463e-06,8.080692358972326e-06,8.080645506410406e-06,8.080598593873244e-06,8.080551621558218e-06,8.080504589668186e-06,8.080457498377568e-06,8.080410347904758e-06,8.080363138426231e-06,8.08031587013119e-06,8.080268543233453e-06,8.0802211579126e-06,8.080173714361118e-06,8.080126212766706e-06,8.08007865332672e-06,8.080031036223878e-06,8.079983361651231e-06,8.079935629794708e-06,8.079887840843364e-06,8.079839994984426e-06,8.079792092401264e-06,8.079744133283516e-06,8.079696117813474e-06,8.079648046178504e-06,8.079599918560458e-06,8.079551735143651e-06,8.079503496114798e-06,8.079455201647142e-06,8.079406851928185e-06,8.079358447137417e-06,8.079309987455379e-06,8.079261473063558e-06,8.079212904143195e-06,8.079164280866676e-06,8.079115603416574e-06,8.079066871969296e-06,8.079018086702724e-06,8.078969247789323e-06,8.07892035541117e-06,8.078871409737477e-06,8.078822410947612e-06,8.078773359214036e-06,8.07872425471039e-06,8.078675097610804e-06,8.078625888085401e-06,8.07857662630749e-06,8.078527312447684e-06,8.078477946677515e-06,8.078428529166783e-06,8.078379060085119e-06,8.078329539602107e-06,8.078279967886137e-06,8.078230345104295e-06,8.078180671433565e-06,8.07813094702512e-06,8.078081172051956e-06,8.078031346681537e-06,8.077981471078803e-06,8.077931545404958e-06,8.077881569828883e-06,8.077831544509722e-06,8.077781469616158e-06,8.07773134530828e-06,8.077681171745409e-06,8.077630949095575e-06,8.077580677516547e-06,8.077530357167633e-06,8.077479988213257e-06,8.077429570806143e-06,8.077379105111128e-06,8.07732859128394e-06,8.077278029482182e-06,8.077227419862509e-06,8.077176762579338e-06,8.077126057800468e-06,8.077075305675484e-06,8.077024506357503e-06,8.076973660005278e-06,8.076922766763296e-06,8.076871826800484e-06,8.076820840261414e-06,8.076769807313598e-06,8.076718728085565e-06,8.076667602740713e-06,8.076616431429949e-06,8.076565214304547e-06,8.076513951509991e-06,8.076462643208682e-06,8.07641128953483e-06,8.076359890651658e-06,8.076308446701215e-06,8.076256957839845e-06,8.076205424205341e-06,8.076153845941026e-06,8.07610222319553e-06,8.076050556125555e-06,8.075998844860838e-06,8.075947089558686e-06,8.075895290364719e-06,8.075843447418763e-06,8.075791560872951e-06,8.07573963085064e-06,8.075687657509045e-06,8.075635640998648e-06,8.075583581440694e-06,8.075531478988106e-06,8.075479333783963e-06,8.075427145962606e-06,8.075374915671403e-06,8.0753226430464e-06,8.075270328226382e-06,8.075217971351324e-06,8.07516557256056e-06,8.075113131988268e-06,8.075060649773984e-06,8.075008126052152e-06,8.074955560963719e-06,8.074902954643252e-06,8.07485030722582e-06,8.074797618847448e-06,8.074744889642438e-06,8.074692119744715e-06,8.074639309288579e-06,8.074586458407433e-06,8.074533567234574e-06,8.074480635905666e-06,8.07442766454682e-06,8.074374653292306e-06,8.074321602274446e-06,8.074268511624308e-06,8.074215381469115e-06,8.074162211946611e-06,8.074109003176542e-06,8.07405575529628e-06,8.074002468431198e-06,8.073949142715031e-06,8.073895778264218e-06,8.073842375213334e-06,8.07378893368859e-06,8.073735453819548e-06,8.073681935728927e-06,8.073628379541894e-06,8.073574785388385e-06,8.073521153388697e-06,8.073467483670915e-06,8.073413776358605e-06,8.073360031578837e-06,8.073306249448195e-06,8.073252430094314e-06,8.073198573633501e-06,8.073144680199238e-06,8.073090749908343e-06,8.07303678288623e-06,8.07298277924889e-06,8.0729287391143e-06,8.072874662606452e-06,8.07282054984886e-06,8.072766400957217e-06,8.072712216048654e-06,8.072657995242717e-06,8.072603738664219e-06,8.072549446427087e-06,8.072495118639262e-06,8.072440755445482e-06,8.072386356925106e-06,8.072331923219765e-06,8.072277454438263e-06,8.072222950697812e-06,8.072168412119304e-06,8.072113838809225e-06,8.072059230885015e-06,8.07200458846429e-06,8.071949911659126e-06,8.07189520057776e-06,8.071840455339209e-06,8.071785676055937e-06,8.071730862831194e-06,8.071676015790258e-06,8.071621135039803e-06,8.07156622069089e-06,8.071511272853762e-06,8.071456291639224e-06,8.071401277162848e-06,8.071346229528559e-06,8.071291148846364e-06,8.071236035227658e-06,8.07118088878459e-06,8.071125709616446e-06,8.071070497835957e-06,8.071015253552234e-06,8.07095997687083e-06,8.07090466790143e-06,8.070849326747813e-06,8.070793953526757e-06,8.070738548326766e-06,8.070683111261415e-06,8.070627642437927e-06,8.070572141960557e-06,8.070516609937108e-06,8.070461046467328e-06,8.070405451655462e-06,8.070349825609773e-06,8.070294168427197e-06,8.07023848021447e-06,8.070182761073716e-06,8.070127011105144e-06,8.070071230416257e-06,8.070015419104989e-06,8.069959577273496e-06,8.069903705025147e-06,8.069847802456402e-06,8.069791869669558e-06,8.069735906764917e-06,8.069679913842443e-06,8.06962389100126e-06,8.069567838339948e-06,8.069511755958684e-06,8.06945564395577e-06,8.069399502428675e-06,8.06934333147543e-06,8.06928713119356e-06,8.06923090168042e-06,8.069174643033108e-06,8.069118355350755e-06,8.069062038724288e-06,8.069005693251592e-06,8.06894931902981e-06,8.06889291615361e-06,8.068836484718082e-06,8.0687800248183e-06,8.068723536546614e-06,8.068667020001175e-06,8.068610475279297e-06,8.068553902462474e-06,8.068497301648623e-06,8.068440672934065e-06,8.068384016408343e-06,8.068327332166502e-06,8.068270620299446e-06,8.068213880898641e-06,8.068157114056175e-06,8.06810031986263e-06,8.068043498407199e-06,8.067986649781593e-06,8.067929774078683e-06,8.067872871386472e-06,8.067815941803464e-06,8.067758985401208e-06,8.067702002277908e-06,8.067644992522155e-06,8.067587956222538e-06,8.067530893466012e-06,8.067473804343659e-06,8.0674166889416e-06,8.067359547347137e-06,8.067302379648328e-06,8.067245185938102e-06,8.067187966288165e-06,8.067130720792676e-06,8.067073449536947e-06,8.06701615260813e-06,8.066958830089716e-06,8.066901482078189e-06,8.066844108638614e-06,8.066786709865857e-06,8.06672928584502e-06,8.066671836658182e-06,8.066614362390036e-06,8.066556863124127e-06,8.0664993389444e-06,8.066441789932098e-06,8.066384216171406e-06,8.066326617744964e-06,8.066268994733845e-06,8.066211347220539e-06,8.066153675287868e-06,8.066095979015397e-06,8.066038258484761e-06,8.06598051377725e-06,8.065922744973404e-06,8.065864952153424e-06,8.065807135397963e-06,8.0657492947861e-06,8.06569143039808e-06,8.065633542313054e-06,8.065575630610313e-06,8.065517695364253e-06,8.065459736659288e-06,8.065401754574524e-06,8.06534374918737e-06,8.06528572057192e-06,8.065227668805288e-06,8.065169593970139e-06,8.065111496140838e-06,8.065053375394536e-06,8.06499523180666e-06,8.064937065454226e-06,8.06487887641314e-06,8.064820664759515e-06,8.064762430569152e-06,8.064704173916423e-06,8.064645894884375e-06,8.06458759353692e-06,8.064529269949503e-06,8.064470924197811e-06,8.064412556359768e-06,8.064354166507695e-06,8.06429575471342e-06,8.06423732105166e-06,8.064178865595255e-06,8.064120388418028e-06,8.064061889592295e-06,8.064003369190682e-06,8.063944827286098e-06,8.063886263948678e-06,8.063827679256084e-06,8.063769073270241e-06,8.063710446072381e-06,8.06365179772283e-06,8.063593128300026e-06,8.063534437877344e-06,8.063475726515043e-06,8.063416994291873e-06,8.063358241279556e-06,8.063299467535765e-06,8.063240673137285e-06,8.063181858174035e-06,8.063123022675442e-06,8.063064166728655e-06,8.06300529040293e-06,8.062946393765822e-06,8.06288747689109e-06,8.062828539836725e-06,8.062769582678181e-06,8.06271060548108e-06,8.06265160831381e-06,8.062592591241025e-06,8.062533554331346e-06,8.062474497649983e-06,8.06241542126421e-06,8.062356325234982e-06,8.062297209640383e-06,8.062238074536808e-06,8.062178919997279e-06,8.062119746080652e-06,8.062060552850174e-06,8.062001340374596e-06,8.061942108725325e-06,8.061882857959532e-06,8.061823588139244e-06,8.061764299346666e-06,8.061704991619075e-06,8.06164566503047e-06,8.061586319639615e-06,8.061526955523844e-06,8.06146757273526e-06,8.061408171338159e-06,8.061348751398543e-06,8.061289312979133e-06,8.061229856139637e-06,8.061170380943234e-06,8.061110887450819e-06,8.061051375726006e-06,8.060991845829388e-06,8.060932297822592e-06,8.060872731765088e-06,8.060813147720159e-06,8.060753545750059e-06,8.060693925910717e-06,8.060634288262929e-06,8.060574632870073e-06,8.06051495979296e-06,8.06045526908532e-06,8.060395560811114e-06,8.060335835035558e-06,8.060276091804591e-06,8.06021633118251e-06,8.060156553230451e-06,8.060096758003186e-06,8.060036945565692e-06,8.059977115970003e-06,8.059917269278772e-06,8.059857405551838e-06,8.059797524839053e-06,8.059737627201644e-06,8.059677712695172e-06,8.059617781379752e-06,8.05955783331188e-06,8.05949786855418e-06,8.059437887149961e-06,8.059377889162148e-06,8.059317874659702e-06,8.059257843676732e-06,8.059197796274585e-06,8.059137732514642e-06,8.059077652449126e-06,8.059017556135643e-06,8.05895744362154e-06,8.058897314986002e-06,8.058837170249817e-06,8.058777009490776e-06,8.058716832756812e-06,8.058656640101562e-06,8.058596431580697e-06,8.058536207234165e-06,8.058475967147055e-06,8.058415711347868e-06,8.058355439899911e-06,8.058295152852376e-06,8.058234850265687e-06,8.058174532166558e-06,8.058114198641066e-06,8.058053849728269e-06,8.057993485463304e-06,8.057933105933169e-06,8.057872711172169e-06,8.057812301246033e-06,8.057751876179717e-06,8.057691436037597e-06,8.057630980871152e-06,8.057570510729041e-06,8.05751002567283e-06,8.057449525742003e-06,8.057389010989885e-06,8.057328481467523e-06,8.057267937226643e-06,8.057207378316394e-06,8.057146804786708e-06,8.057086216687646e-06,8.057025614069792e-06,8.05696499698326e-06,8.05690436547755e-06,8.056843719600276e-06,8.056783059401462e-06,8.05672238492745e-06,8.056661696226888e-06,8.056600993366012e-06,8.056540276373343e-06,8.056479545295592e-06,8.056418800190677e-06,8.056358041101096e-06,8.056297268072073e-06,8.056236481161956e-06,8.056175680411594e-06,8.05611486587037e-06,8.056054037586511e-06,8.055993195602745e-06,8.055932339962328e-06,8.055871470729037e-06,8.055810587945571e-06,8.05574969164888e-06,8.055688781879453e-06,8.055627858683808e-06,8.055566922125193e-06,8.05550597224657e-06,8.055445009084319e-06,8.055384032683255e-06,8.055323043101682e-06,8.055262040376875e-06,8.055201024549901e-06,8.055139995670159e-06,8.05507895378141e-06,8.055017898930956e-06,8.054956831158687e-06,8.054895750511394e-06,8.05483465703683e-06,8.054773550775448e-06,8.054712431773278e-06,8.054651300070597e-06,8.054590155714553e-06,8.054528998751763e-06,8.054467829218672e-06,8.054406647159404e-06,8.05434545262182e-06,8.054284245643927e-06,8.054223026267382e-06,8.054161794547406e-06,8.054100550514517e-06,8.054039294215206e-06,8.053978025695908e-06,8.053916744990483e-06,8.053855452150813e-06,8.053794147208527e-06,8.05373283021039e-06,8.053671501199398e-06,8.053610160213696e-06,8.053548807297446e-06,8.053487442484805e-06,8.053426065831158e-06,8.05336467737169e-06,8.05330327714046e-06,8.05324186518875e-06,8.053180441547631e-06,8.053119006261955e-06,8.053057559367699e-06,8.05299610091461e-06,8.052934630941065e-06,8.05287314947621e-06,8.052811656567635e-06,8.052750152254017e-06,8.052688636579416e-06,8.052627109579611e-06,8.052565571296407e-06,8.052504021764023e-06,8.05244246102358e-06,8.05238088911696e-06,8.05231930607908e-06,8.052257711942337e-06,8.052196106760723e-06,8.052134490565916e-06,8.052072863398766e-06,8.0520112252916e-06,8.051949576282761e-06,8.051887916413944e-06,8.05182624572421e-06,8.051764564249207e-06,8.051702872038058e-06,8.051641169104351e-06,8.051579455492535e-06,8.05151773125173e-06,8.051455996412962e-06,8.051394251012673e-06,8.051332495088392e-06,8.05127072867672e-06,8.051208951818557e-06,8.051147164532528e-06,8.051085366878371e-06,8.05102355887844e-06,8.050961740574697e-06,8.050899912005814e-06,8.050838073202849e-06,8.050776224193816e-06,8.050714365026027e-06,8.050652495738004e-06,8.050590616361547e-06,8.050528726932871e-06,8.050466827470007e-06,8.05040491803334e-06,8.050342998649817e-06,8.050281069347786e-06,8.05021913017048e-06,8.050157181141848e-06,8.050095222309073e-06,8.05003325370241e-06,8.049971275355471e-06,8.049909287292893e-06,8.049847289561055e-06,8.049785282189204e-06,8.049723265217655e-06,8.049661238671382e-06,8.049599202599844e-06,8.049537157014439e-06,8.049475101964691e-06,8.049413037480766e-06,8.049350963592517e-06,8.049288880336653e-06,8.049226787743055e-06,8.049164685847701e-06,8.049102574682255e-06,8.049040454279041e-06,8.048978324671249e-06,8.048916185876548e-06,8.048854037958038e-06,8.048791880929617e-06,8.048729714830707e-06,8.048667539687162e-06,8.048605355532496e-06,8.048543162398115e-06,8.048480960312753e-06,8.048418749317803e-06,8.048356529439067e-06,8.048294300706955e-06,8.048232063155826e-06,8.048169816812621e-06,8.048107561715517e-06,8.048045297892241e-06,8.047983025371584e-06,8.047920744180775e-06,8.047858454364412e-06,8.047796155938046e-06,8.047733848945666e-06,8.04767153341166e-06,8.047609209361784e-06,8.047546876835911e-06,8.047484535859426e-06,8.047422186464666e-06,8.047359828678607e-06,8.047297462532245e-06,8.047235088056004e-06,8.047172705281094e-06,8.047110314230884e-06,8.047047914946441e-06,8.04698550744901e-06,8.046923091768502e-06,8.04686066793799e-06,8.046798235982387e-06,8.046735795933951e-06,8.046673347819689e-06,8.046610891668782e-06,8.046548427510705e-06,8.046485955376366e-06,8.046423475287067e-06,8.04636098728067e-06,8.046298491379187e-06,8.046235987612683e-06,8.046173476016044e-06,8.046110956608324e-06,8.046048429420437e-06,8.045985894481047e-06,8.045923351811104e-06,8.045860801452843e-06,8.045798243429632e-06,8.04573567776373e-06,8.045673104490074e-06,8.045610523623226e-06,8.04554793520715e-06,8.045485339257553e-06,8.045422735789716e-06,8.045360124869627e-06,8.045297506494006e-06,8.045234880701472e-06,8.04517224750802e-06,8.045109606952565e-06,8.045046959049845e-06,8.04498430383523e-06,8.044921641332874e-06,8.044858971566974e-06,8.044796294574304e-06,8.044733610361797e-06,8.04467091897047e-06,8.04460822042185e-06,8.044545514743335e-06,8.044482801968263e-06,8.04442008210882e-06,8.044357355199004e-06,8.044294621259492e-06,8.044231880320029e-06,8.044169132404411e-06,8.044106377538825e-06,8.04404361575228e-06,8.043980847064633e-06,8.043918071503274e-06,8.043855289093981e-06,8.043792499862183e-06,8.043729703824875e-06,8.04366690101883e-06,8.04360409146333e-06,8.04354127518489e-06,8.043478452209557e-06,8.043415622558357e-06,8.043352786257808e-06,8.043289943331543e-06,8.043227093797964e-06,8.043164237692232e-06,8.043101375035586e-06,8.043038505848664e-06,8.042975630159987e-06,8.042912747995063e-06,8.042849859366861e-06,8.042786964308755e-06,8.042724062838975e-06,8.04266115498348e-06,8.042598240768698e-06,8.042535320216425e-06,8.042472393348036e-06,8.042409460190067e-06,8.04234652076759e-06,8.042283575099443e-06,8.042220623210007e-06,8.042157665120263e-06,8.042094700855983e-06,8.042031730439762e-06,8.041968753897913e-06,8.041905771249155e-06,8.041842782513777e-06,8.041779787715493e-06,8.041716786880726e-06,8.041653780032336e-06,8.041590767188181e-06,8.041527748367302e-06,8.041464723611145e-06,8.04140169292416e-06,8.041338656324908e-06,8.04127561384795e-06,8.041212565511345e-06,8.041149511337735e-06,8.041086451348526e-06,8.041023385560801e-06,8.040960314001595e-06,8.040897236692528e-06,8.040834153654501e-06,8.040771064904462e-06,8.040707970473794e-06,8.040644870375638e-06,8.04058176463968e-06,8.040518653287128e-06,8.040455536323409e-06,8.040392413778812e-06,8.04032928567552e-06,8.040266152039351e-06,8.040203012874872e-06,8.040139868220634e-06,8.04007671809133e-06,8.040013562511929e-06,8.03995040149112e-06,8.039887235060332e-06,8.039824063237568e-06,8.039760886041953e-06,8.039697703493975e-06,8.039634515614757e-06,8.039571322428405e-06,8.039508123946594e-06,8.039444920191254e-06,8.039381711189399e-06,8.039318496960343e-06,8.039255277516535e-06,8.03919205288248e-06,8.039128823080989e-06,8.039065588127466e-06,8.039002348041168e-06,8.038939102845745e-06,8.038875852554049e-06,8.03881259719349e-06,8.038749336776536e-06,8.038686071328741e-06,8.038622800859941e-06,8.03855952539637e-06,8.038496244960034e-06,8.038432959567339e-06,8.038369669237582e-06,8.038306373988111e-06,8.038243073839302e-06,8.038179768809527e-06,8.038116458918093e-06,8.038053144183676e-06,8.037989824624806e-06,8.037926500258568e-06,8.037863171106351e-06,8.037799837187282e-06,8.037736498511535e-06,8.037673155111925e-06,8.037609806989621e-06,8.037546454180867e-06,8.037483096698187e-06,8.037419734555524e-06,8.037356367773002e-06,8.037292996368032e-06,8.037229620358409e-06,8.037166239763645e-06,8.037102854601082e-06,8.037039464888381e-06,8.036976070643316e-06,8.036912671883998e-06,8.036849268627073e-06,8.036785860891422e-06,8.036722448693585e-06,8.03665903205283e-06,8.036595610987977e-06,8.036532185512351e-06,8.036468755647141e-06,8.036405321404141e-06,8.036341882803901e-06,8.036278439866916e-06,8.03621499259971e-06,8.036151541030249e-06,8.03608808517196e-06,8.036024625039611e-06,8.035961160653851e-06,8.035897692035183e-06,8.035834219193378e-06,8.035770742146041e-06,8.035707260910245e-06,8.03564377551142e-06,8.035580285950092e-06,8.035516792252248e-06,8.035453294437247e-06,8.035389792523142e-06,8.035326286511114e-06,8.035262776427103e-06,8.035199262288102e-06,8.03513574410906e-06,8.03507222190544e-06,8.035008695695712e-06,8.034945165495811e-06,8.034881631317935e-06,8.034818093183942e-06,8.034754551106917e-06,8.034691005108891e-06,8.034627455197313e-06,8.034563901386851e-06,8.034500343696421e-06,8.034436782146695e-06,8.034373216743907e-06,8.034309647508148e-06,8.03424607445628e-06,8.034182497598425e-06,8.034118916957043e-06,8.034055332545577e-06,8.03399174437873e-06,8.033928152472594e-06,8.033864556842357e-06,8.03380095750053e-06,8.033737354464374e-06,8.033673747750003e-06,8.033610137375033e-06,8.03354652334713e-06,8.033482905683737e-06,8.033419284402092e-06,8.03335565952525e-06,8.033292031047379e-06,8.033228398994878e-06,8.033164763383956e-06,8.033101124230477e-06,8.0330374815442e-06,8.032973835341667e-06,8.032910185644497e-06,8.032846532452523e-06,8.03278287578705e-06,8.032719215663342e-06,8.032655552103262e-06,8.032591885115058e-06,8.032528214707781e-06,8.032464540893867e-06,8.032400863689858e-06,8.032337183116897e-06,8.032273499187311e-06,8.03220981191289e-06,8.032146121316661e-06,8.03208242739469e-06,8.03201873017075e-06,8.03195502965757e-06,8.031891325869867e-06,8.031827618829664e-06,8.031763908532457e-06,8.031700194997758e-06,8.0316364782464e-06,8.031572758291716e-06,8.031509035143818e-06,8.031445308820254e-06,8.031381579324322e-06,8.031317846673145e-06,8.031254110888305e-06,8.031190371979013e-06,8.03112662995803e-06,8.031062884836998e-06,8.030999136641827e-06,8.030935385361002e-06,8.030871631023025e-06,8.030807873639367e-06,8.030744113222878e-06,8.03068034978627e-06,8.030616583359276e-06,8.030552813921277e-06,8.030489041500891e-06,8.030425266121798e-06,8.030361487779032e-06,8.030297706494113e-06,8.030233922279117e-06,8.030170135146574e-06,8.030106345112022e-06,8.030042552192778e-06,8.029978756385195e-06,8.02991495771053e-06,8.02985115618006e-06,8.02978735180902e-06,8.029723544610608e-06,8.02965973459624e-06,8.029595921774794e-06,8.029532106161828e-06,8.029468287765709e-06,8.02940446660552e-06,8.029340642689165e-06,8.029276816029316e-06,8.029212986656617e-06,8.029149154540033e-06,8.029085319723079e-06,8.029021482210532e-06,8.0289576420165e-06,8.028893799150439e-06,8.028829953634139e-06,8.028766105462399e-06,8.028702254670444e-06,8.028638401238196e-06,8.028574545194242e-06,8.028510686550463e-06,8.028446825317489e-06,8.02838296150854e-06,8.028319095134681e-06,8.02825522620641e-06,8.028191354735312e-06,8.028127480741744e-06,8.028063604220588e-06,8.027999725192087e-06,8.027935843666668e-06,8.027871959656734e-06,8.02780807317237e-06,8.02774418422545e-06,8.02768029282096e-06,8.027616398983399e-06,8.027552502717067e-06,8.027488604032201e-06,8.027424702941609e-06,8.027360799454898e-06,8.027296893584546e-06,8.02723298533938e-06,8.027169074732789e-06,8.027105161774443e-06,8.02704124648062e-06,8.02697732885151e-06,8.02691340890259e-06,8.026849486646949e-06,8.026785562093674e-06,8.026721635244537e-06,8.026657706127488e-06,8.026593774745588e-06,8.026529841109993e-06,8.026465905229026e-06,8.026401967115354e-06,8.026338026778623e-06,8.026274084229497e-06,8.026210139477443e-06,8.026146192525742e-06,8.026082243401396e-06,8.026018292107079e-06,8.02595433865138e-06,8.025890383045763e-06,8.025826425300636e-06,8.025762465425842e-06,8.025698503431043e-06,8.025634539326436e-06,8.025570573124054e-06,8.025506604832845e-06,8.025442634462273e-06,8.025378662022963e-06,8.02531468752466e-06,8.025250710978488e-06,8.025186732391962e-06,8.025122751776793e-06,8.025058769142229e-06,8.02499478449907e-06,8.024930797856595e-06,8.024866809224055e-06,8.024802818611341e-06,8.024738826028983e-06,8.024674831486156e-06,8.02461083499289e-06,8.024546836557554e-06,8.024482836191791e-06,8.02441883390417e-06,8.024354829703547e-06,8.024290823600838e-06,8.024226815604348e-06,8.024162805724551e-06,8.024098793970486e-06,8.02403478035215e-06,8.023970764876489e-06,8.023906747555518e-06,8.023842728398577e-06,8.023778707413636e-06,8.023714684609288e-06,8.023650659996913e-06,8.023586633585063e-06,8.023522605381934e-06,8.023458575393297e-06,8.023394543635627e-06,8.023330510115403e-06,8.023266474841226e-06,8.0232024378218e-06,8.02313839906553e-06,8.023074358582284e-06,8.02301031638082e-06,8.022946272469942e-06,8.022882226858293e-06,8.022818179545311e-06,8.022754130559791e-06,8.022690079900905e-06,8.022626027576463e-06,8.022561973595775e-06,8.02249791796722e-06,8.022433860701362e-06,8.022369801804664e-06,8.022305741285866e-06,8.0222416791532e-06,8.022177615418118e-06,8.022113550086096e-06,8.022049483166817e-06,8.021985414668135e-06,8.021921344599223e-06,8.021857272958587e-06,8.021793199775571e-06,8.021729125046651e-06,8.021665048781973e-06,8.021600970989798e-06,8.02153689167806e-06,8.021472810854121e-06,8.021408728527591e-06,8.021344644704324e-06,8.021280559394329e-06,8.021216472606059e-06,8.021152384348543e-06,8.02108829462526e-06,8.021024203450367e-06,8.020960110828595e-06,8.020896016769491e-06,8.020831921280987e-06,8.020767824370151e-06,8.020703726045823e-06,8.020639626316553e-06,8.020575525188943e-06,8.020511422672157e-06,8.020447318774482e-06,8.020383213500542e-06,8.020319106860622e-06,8.020254998862296e-06,8.020190889514203e-06,8.020126778822505e-06,8.020062666795475e-06,8.01999855344202e-06,8.019934438767967e-06,8.019870322782303e-06,8.01980620549207e-06,8.019742086882167e-06,8.019677967006293e-06,8.019613845849037e-06,8.01954972339782e-06,8.01948559970177e-06,8.019421474745035e-06,8.01935734853964e-06,8.019293221085002e-06,8.01922909239789e-06,8.019164962480881e-06,8.019100831343508e-06,8.019036698991936e-06,8.018972565433086e-06,8.018908430674374e-06,8.01884429472386e-06,8.018780157589994e-06,8.01871601926159e-06,8.018651879779222e-06,8.018587739133785e-06,8.018523597332504e-06,8.018459454382311e-06,8.018395310290417e-06,8.018331165064643e-06,8.018267018711251e-06,8.018202871237786e-06,8.018138722651645e-06,8.018074572958525e-06,8.01801042216702e-06,8.017946270285238e-06,8.017882117316578e-06,8.017817963270058e-06,8.01775380815288e-06,8.017689651971091e-06,8.017625494732449e-06,8.017561336443048e-06,8.017497177112052e-06,8.017433016742242e-06,8.017368855342735e-06,8.017304692920574e-06,8.01724052948163e-06,8.017176365033075e-06,8.017112199582237e-06,8.017048033134365e-06,8.01698386569753e-06,8.016919697277493e-06,8.01685552788231e-06,8.016791357517326e-06,8.016727186187111e-06,8.01666301390326e-06,8.016598840667991e-06,8.01653466649086e-06,8.016470491376596e-06,8.016406315333142e-06,8.016342138365132e-06,8.016277960480856e-06,8.016213781685386e-06,8.016149601986114e-06,8.016085421387965e-06,8.01602123989927e-06,8.015957057525577e-06,8.015892874282477e-06,8.015828690144929e-06,8.01576450515383e-06,8.015700319303737e-06,8.01563613259909e-06,8.015571945047005e-06,8.01550775665389e-06,8.015443567408993e-06,8.015379377352323e-06,8.015315186475674e-06,8.015250994780207e-06,8.015186802274372e-06,8.015122608964077e-06,8.015058414858607e-06,8.01499421998591e-06,8.01493002429866e-06,8.014865827835661e-06,8.014801630598647e-06,8.014737432586537e-06,8.01467323381724e-06,8.014609034294268e-06,8.014544834019224e-06,8.014480633001966e-06,8.014416431245078e-06,8.014352228757581e-06,8.01428802554192e-06,8.014223821612023e-06,8.014159616962153e-06,8.014095411601178e-06,8.01403120553939e-06,8.013966998783145e-06,8.013902791333704e-06,8.01383858319472e-06,8.013774374378798e-06,8.013710164888743e-06,8.013645954730756e-06,8.01358174390886e-06,8.01351753243154e-06,8.013453320302655e-06,8.013389107527138e-06,8.013324894111458e-06,8.013260680088026e-06,8.01319646540784e-06,8.01313225010735e-06,8.013068034185788e-06,8.013003817651918e-06,8.012939600511981e-06,8.012875382770558e-06,8.012811164433182e-06,8.01274694550729e-06,8.012682725993202e-06,8.012618505900939e-06,8.012554285230135e-06,8.012490063994536e-06,8.01242584219738e-06,8.012361619840579e-06,8.012297396931003e-06,8.012233173474124e-06,8.012168949473862e-06,8.01210472493125e-06,8.012040499865743e-06,8.011976274271755e-06,8.011912048157894e-06,8.011847821528437e-06,8.011783594387881e-06,8.011719366740558e-06,8.011655138585326e-06,8.011590909943943e-06,8.011526680812307e-06,8.011462451197877e-06,8.011398221103426e-06,8.011333990534063e-06,8.011269759501278e-06,8.011205527997565e-06,8.011141296035116e-06,8.011077063619414e-06,8.011012830753185e-06,8.010948597443162e-06,8.010884363695864e-06,8.01082012953744e-06,8.010755894925115e-06,8.01069165989088e-06,8.01062742443511e-06,8.010563188565255e-06,8.010498952284169e-06,8.010434715599407e-06,8.010370478518099e-06,8.010306241039725e-06,8.010242003167847e-06,8.010177764919744e-06,8.01011352629811e-06,8.010049287288175e-06,8.009985047906036e-06,8.009920808160548e-06,8.009856568052218e-06,8.009792327589556e-06,8.00972808677364e-06,8.00966384562174e-06,8.009599604117453e-06,8.00953536227488e-06,8.009471120099229e-06,8.009406877594267e-06,8.009342634767375e-06,8.009278391618342e-06,8.009214148155093e-06,8.009149904385184e-06,8.009085660308644e-06,8.009021415932229e-06,8.008957171258388e-06,8.008892926296183e-06,8.008828681044995e-06,8.008764435498746e-06,8.008700189688502e-06,8.008635943605009e-06,8.008571697251195e-06,8.008507450631249e-06,8.008443203755273e-06,8.008378956620321e-06,8.008314709234123e-06,8.008250461601043e-06,8.008186213726742e-06,8.008121965601583e-06,8.008057717257792e-06,8.007993468679684e-06,8.007929219878997e-06,8.007864970856762e-06,8.007800721619963e-06,8.007736472170385e-06,8.00767222251261e-06,8.007607972653009e-06,8.007543722590074e-06,8.00747947235074e-06,8.007415221905053e-06,8.007350971286635e-06,8.007286720473706e-06,8.007222469492154e-06,8.007158218324516e-06,8.007093966989105e-06,8.007029715490571e-06,8.006965463829366e-06,8.006901212009896e-06,8.006836960036078e-06,8.006772707927665e-06,8.006708455663152e-06,8.006644203256446e-06,8.00657995071302e-06,8.006515698014271e-06,8.006451445209822e-06,8.006387192283299e-06,8.0063229392198e-06,8.006258686051276e-06,8.006194432770942e-06,8.006130179384468e-06,8.006065925897632e-06,8.006001672304969e-06,8.005937418616915e-06,8.0058731648349e-06,8.005808910965245e-06,8.00574465701083e-06,8.005680402946372e-06,8.00561614883286e-06,8.00555189464828e-06,8.005487640394558e-06,8.005423386074398e-06,8.00535913169373e-06,8.005294877251454e-06,8.005230622761348e-06,8.005166368220534e-06,8.005102113629849e-06,8.0050378589968e-06,8.004973604328589e-06,8.004909349625656e-06,8.004845094889474e-06,8.004780840126087e-06,8.004716585330509e-06,8.004652330527965e-06,8.00458807570394e-06,8.004523820869076e-06,8.00445956602473e-06,8.004395311175114e-06,8.004331056324869e-06,8.00426680147529e-06,8.004202546630892e-06,8.00413829179687e-06,8.00407403697499e-06,8.004009782171262e-06,8.003945527389956e-06,8.003881272609442e-06,8.003817017879955e-06,8.00375276318116e-06,8.003688508517946e-06,8.003624253892024e-06,8.003559999291535e-06,8.003495744751391e-06,8.003431490261403e-06,8.003367235822536e-06,8.003302981437063e-06,8.00323872709426e-06,8.003174472834163e-06,8.003110218639445e-06,8.003045964503118e-06,8.002981710448126e-06,8.002917456471484e-06,8.002853202573642e-06,8.002788948762627e-06,8.002724695038388e-06,8.002660441392675e-06,8.002596187839334e-06,8.002531934391299e-06,8.002467681043968e-06,8.002403427784345e-06,8.00233917464886e-06,8.00227492162375e-06,8.00221066871296e-06,8.002146415927294e-06,8.002082163251062e-06,8.002017910674211e-06,8.001953658251633e-06,8.001889405967042e-06,8.001825153798375e-06,8.001760901776154e-06,8.001696649895359e-06,8.001632398156631e-06,8.001568146564192e-06,8.001503895119974e-06,8.001439643839761e-06,8.001375392706349e-06,8.001311141732076e-06,8.001246890917893e-06,8.001182640266185e-06,8.001118389786352e-06,8.00105413948313e-06,8.000989889350061e-06,8.000925639397052e-06,8.000861389624342e-06,8.000797140034145e-06,8.00073289063149e-06,8.000668641420231e-06,8.000604392402594e-06,8.000540143578863e-06,8.000475894956036e-06,8.000411646537374e-06,8.000347398324547e-06,8.000283150330593e-06,8.000218902536507e-06,8.000154654966372e-06,8.000090407591174e-06,8.000026160424905e-06,7.999961913510281e-06,7.999897666832149e-06,7.999833420372182e-06,7.999769174145069e-06,7.999704928155556e-06,7.999640682400239e-06,7.99957643689026e-06,7.999512191625502e-06,7.999447946610505e-06,7.9993837018234e-06,7.999319457310652e-06,7.999255213078072e-06,7.999190969082838e-06,7.999126725349136e-06,7.999062481876987e-06,7.998998238674113e-06,7.998933995744437e-06,7.998869753065403e-06,7.99880551068169e-06,7.998741268586935e-06,7.998677026766887e-06,7.998612785230062e-06,7.998548543970808e-06,7.998484303011875e-06,7.998420062348644e-06,7.99835582197707e-06,7.99829158190424e-06,7.998227342135162e-06,7.998163102669544e-06,7.99809886351097e-06,7.998034624663568e-06,7.997970386129867e-06,7.99790614791129e-06,7.997841910009185e-06,7.997777672417102e-06,7.997713435156834e-06,7.997649198224065e-06,7.997584961620002e-06,7.99752072534737e-06,7.99745648941064e-06,7.997392253807006e-06,7.99732801854242e-06,7.997263783619557e-06,7.997199549051472e-06,7.997135314821819e-06,7.997071080960201e-06,7.997006847435252e-06,7.996942614262872e-06,7.996878381457604e-06,7.996814149003324e-06,7.996749916912342e-06,7.996685685183689e-06,7.996621453824273e-06,7.996557222837236e-06,7.99649299222437e-06,7.996428761986301e-06,7.996364532121837e-06,7.99630030263641e-06,7.996236073520034e-06,7.996171844804355e-06,7.996107616482033e-06,7.996043388534632e-06,7.995979160993108e-06,7.995914933850932e-06,7.995850707106908e-06,7.995786480762964e-06,7.99572225482231e-06,7.99565802928836e-06,7.995593804155517e-06,7.995529579438806e-06,7.9954653551349e-06,7.995401131246504e-06,7.995336907775848e-06,7.995272684724551e-06,7.995208462097314e-06,7.995144239895498e-06,7.99508001811992e-06,7.995015796760378e-06,7.994951575846535e-06,7.994887355362171e-06,7.994823135319691e-06,7.994758915715593e-06,7.994694696554536e-06,7.994630477837913e-06,7.994566259565662e-06,7.994502041742487e-06,7.994437824371113e-06,7.994373607451503e-06,7.994309390980219e-06,7.99424517497549e-06,7.994180959432975e-06,7.994116744350444e-06,7.994052529730132e-06,7.993988315578419e-06,7.993924101888838e-06,7.993859888688802e-06,7.993795675943037e-06,7.993731463694396e-06,7.993667251915197e-06,7.993603040614221e-06,7.993538829793744e-06,7.993474619468235e-06,7.993410409623501e-06,7.993346200265902e-06,7.993281991400057e-06,7.993217783026658e-06,7.993153575144038e-06,7.99308936776491e-06,7.993025160891324e-06,7.992960954514493e-06,7.992896748644217e-06,7.992832543281893e-06,7.992768338417924e-06,7.992704134064519e-06,7.992639930233313e-06,7.99257572691726e-06,7.992511524119988e-06,7.992447321840863e-06,7.992383120073256e-06,7.992318918840952e-06,7.992254718135492e-06,7.992190517957507e-06,7.992126318308744e-06,7.992062119192017e-06,7.991997920609579e-06,7.991933722563784e-06,7.991869525057937e-06,7.991805328090185e-06,7.991741131664604e-06,7.991676935786494e-06,7.991612740442934e-06,7.991548545657709e-06,7.991484351416378e-06,7.991420157734073e-06,7.991355964608054e-06,7.991291772038867e-06,7.991227580028057e-06,7.991163388570982e-06,7.991099197705788e-06,7.99103500738592e-06,7.990970817626032e-06,7.990906628438971e-06,7.990842439827021e-06,7.990778251780745e-06,7.990714064311208e-06,7.990649877425077e-06,7.990585691100479e-06,7.990521505368528e-06,7.990457320217179e-06,7.990393135651018e-06,7.990328951671073e-06,7.990264768275699e-06,7.990200585473854e-06,7.990136403265473e-06,7.99007222165134e-06,7.990008040630293e-06,7.989943860207483e-06,7.989879680385358e-06,7.989815501163728e-06,7.989751322545496e-06,7.989687144534407e-06,7.98962296712877e-06,7.989558790323423e-06,7.989494614135896e-06,7.989430438560582e-06,7.989366263602524e-06,7.989302089257922e-06,7.989237915533678e-06,7.989173742426043e-06,7.989109569942794e-06,7.989045398075943e-06,7.98898122684518e-06,7.988917056240139e-06,7.988852886267308e-06,7.988788716910536e-06,7.98872454819818e-06,7.988660380120214e-06,7.988596212676974e-06,7.988532045899398e-06,7.988467879728762e-06,7.988403714200268e-06,7.988339549321633e-06,7.988275385088245e-06,7.988211221499937e-06,7.988147058563332e-06,7.988082896270501e-06,7.98801873463246e-06,7.98795457365163e-06,7.98789041332245e-06,7.987826253654317e-06,7.987762094646924e-06,7.98769793629704e-06,7.987633778605279e-06,7.987569621582885e-06,7.987505465226881e-06,7.987441309538785e-06,7.987377154518321e-06,7.987313000170172e-06,7.987248846494609e-06,7.987184693492078e-06,7.987120541165443e-06,7.987056389516261e-06,7.986992238536482e-06,7.986928088250097e-06,7.986863938642871e-06,7.986799789707658e-06,7.986735641473049e-06,7.986671493930292e-06,7.986607347072406e-06,7.9865432009046e-06,7.986479055427027e-06,7.98641491064523e-06,7.986350766534733e-06,7.986286623143877e-06,7.986222480452141e-06,7.986158338463419e-06,7.986094197179212e-06,7.986030056595685e-06,7.985965916717159e-06,7.985901777548924e-06,7.985837639086569e-06,7.985773501333386e-06,7.985709364286548e-06,7.985645227959734e-06,7.985581092346791e-06,7.985516957440767e-06,7.985452823261905e-06,7.98538868980189e-06,7.985324557064049e-06,7.985260425048558e-06,7.985196293750535e-06,7.985132163184663e-06,7.985068033344565e-06,7.985003904234663e-06,7.984939775854458e-06,7.98487564820597e-06,7.984811521291052e-06,7.984747395110653e-06,7.984683269664797e-06,7.98461914495907e-06,7.984555020978846e-06,7.98449089775025e-06,7.984426775270634e-06,7.984362653527509e-06,7.984298532527e-06,7.984234412275967e-06,7.98417029277405e-06,7.984106174019836e-06,7.984042056016923e-06,7.983977938767907e-06,7.983913822272735e-06,7.983849706561866e-06,7.983785591574797e-06,7.983721477345772e-06,7.983657363877184e-06,7.983593251174461e-06,7.983529139236799e-06,7.983465028058351e-06,7.98340091763489e-06,7.983336807985362e-06,7.983272699100265e-06,7.98320859098893e-06,7.983144483649603e-06,7.98308037709105e-06,7.983016271296942e-06,7.98295216627856e-06,7.982888062035951e-06,7.982823958571046e-06,7.982759855884403e-06,7.982695753979843e-06,7.98263165287099e-06,7.982567552531154e-06,7.982503452976124e-06,7.9824393542078e-06,7.982375256233438e-06,7.98231115904052e-06,7.982247062637027e-06,7.982182967025466e-06,7.98211887220664e-06,7.98205477818587e-06,7.981990684956025e-06,7.981926592523004e-06,7.98186250092071e-06,7.981798410085399e-06,7.981734320036103e-06,7.981670230806888e-06,7.981606142382804e-06,7.981542054758418e-06,7.981477967944844e-06,7.981413881934367e-06,7.981349796733087e-06,7.981285712340531e-06,7.981221628761501e-06,7.981157545992333e-06,7.981093464036957e-06,7.981029382910232e-06,7.980965302586638e-06,7.980901223080705e-06,7.980837144393643e-06,7.980773066523863e-06,7.980708989476254e-06,7.98064491325255e-06,7.98058083785261e-06,7.980516763277821e-06,7.980452689529362e-06,7.980388616608907e-06,7.980324544517108e-06,7.980260473254852e-06,7.980196402828762e-06,7.980132333230496e-06,7.980068264465591e-06,7.980004196535138e-06,7.97994012944447e-06,7.979876063188682e-06,7.979811997771233e-06,7.979747933193824e-06,7.979683869457251e-06,7.979619806563156e-06,7.979555744512544e-06,7.979491683308747e-06,7.97942762294442e-06,7.979363563434503e-06,7.97929950477094e-06,7.97923544695845e-06,7.979171389993532e-06,7.979107333881323e-06,7.97904327863561e-06,7.97897922422665e-06,7.978915170675115e-06,7.978851117980519e-06,7.978787066144535e-06,7.978723015172186e-06,7.978658965088014e-06,7.978594915835708e-06,7.978530867440697e-06,7.978466819893768e-06,7.97840277322656e-06,7.978338727420884e-06,7.978274682486526e-06,7.978210638423606e-06,7.978146595247228e-06,7.978082552918413e-06,7.978018511462046e-06,7.977954470876296e-06,7.977890431169819e-06,7.97782639232963e-06,7.977762354368091e-06,7.977698317295011e-06,7.977634281088832e-06,7.97757024576265e-06,7.977506211315527e-06,7.977442177749833e-06,7.977378145073034e-06,7.977314113273434e-06,7.977250082359548e-06,7.977186052332467e-06,7.977122023190207e-06,7.977057994934178e-06,7.976993967568152e-06,7.976929941090385e-06,7.9768659155072e-06,7.97680189081453e-06,7.976737867037313e-06,7.976673844135772e-06,7.97660982216038e-06,7.976545801045918e-06,7.976481780829332e-06,7.976417761510262e-06,7.976353743091019e-06,7.97628972560286e-06,7.976225708986714e-06,7.976161693272518e-06,7.976097678495823e-06,7.976033664589777e-06,7.975969651589393e-06,7.975905639495875e-06,7.975841628306958e-06,7.975777618018362e-06,7.975713608651714e-06,7.975649600194898e-06,7.975585592654592e-06,7.97552158602795e-06,7.975457580309425e-06,7.975393575505656e-06,7.975329571643036e-06,7.975265568667906e-06,7.975201566615254e-06,7.975137565479936e-06,7.975073565264285e-06,7.975009566001548e-06,7.974945567649537e-06,7.974881570198945e-06,7.974817573690208e-06,7.97475357810945e-06,7.974689583433905e-06,7.974625589685037e-06,7.974561596864173e-06,7.974497604968352e-06,7.974433614005117e-06,7.974369623990766e-06,7.974305634888698e-06,7.974241646725054e-06,7.974177659489608e-06,7.974113673182173e-06,7.974049687815506e-06,7.973985703386674e-06,7.973921719891485e-06,7.973857737353989e-06,7.973793755767218e-06,7.973729775127567e-06,7.97366579538121e-06,7.97360181658903e-06,7.973537838744705e-06,7.973473861838433e-06,7.97340988588151e-06,7.973345910871395e-06,7.973281936802246e-06,7.973217963679391e-06,7.973153991506038e-06,7.973090020282891e-06,7.973026050000801e-06,7.972962080676003e-06,7.972898112303815e-06,7.972834144884315e-06,7.972770178419634e-06,7.972706212909093e-06,7.972642248353205e-06,7.972578284753654e-06,7.972514322111978e-06,7.97245036043186e-06,7.972386399707594e-06,7.972322439943038e-06,7.97225848114406e-06,7.972194523302096e-06,7.972130566422773e-06,7.972066610512004e-06,7.972002655560687e-06,7.97193870158515e-06,7.971874748564587e-06,7.971810796511431e-06,7.971746845426254e-06,7.971682895310464e-06,7.971618946164343e-06,7.971554997993245e-06,7.971491050793723e-06,7.971427104570747e-06,7.97136315927686e-06,7.971299214990738e-06,7.971235271673148e-06,7.971171329356437e-06,7.97110738799533e-06,7.971043447612267e-06,7.970979508211338e-06,7.970915569765529e-06,7.970851632319617e-06,7.970787695858296e-06,7.970723760368572e-06,7.970659825849647e-06,7.970595892337434e-06,7.970531959801778e-06,7.970468028256211e-06,7.970404097685594e-06,7.97034016810974e-06,7.970276239522535e-06,7.970212311932356e-06,7.970148385316351e-06,7.97008445968954e-06,7.970020535054256e-06,7.969956611410898e-06,7.969892688758586e-06,7.969828767101146e-06,7.969764846435948e-06,7.96970092676404e-06,7.969637008088174e-06,7.969573090392788e-06,7.969509173712305e-06,7.96944525802846e-06,7.96938134334042e-06,7.96931742965866e-06,7.969253516973027e-06,7.969189605277667e-06,7.969125694588343e-06,7.969061784905564e-06,7.968997876219746e-06,7.968933968538261e-06,7.968870061863638e-06,7.968806156205212e-06,7.968742251540076e-06,7.968678347908609e-06,7.968614445256831e-06,7.968550543632485e-06,7.96848664299994e-06,7.96842274337495e-06,7.968358844760749e-06,7.968294947160005e-06,7.968231050584834e-06,7.968167155011624e-06,7.96810326044723e-06,7.968039366873292e-06,7.967975474339483e-06,7.967911582813276e-06,7.967847692339846e-06,7.96778380286834e-06,7.967719914399573e-06,7.967656026954983e-06,7.967592140522559e-06,7.967528255125022e-06,7.967464370734869e-06,7.967400487366018e-06,7.967336605028095e-06,7.967272723702601e-06,7.967208843408069e-06,7.9671449641403e-06,7.967081085891443e-06,7.967017208683827e-06,7.966953332485714e-06,7.966889457307648e-06,7.966825583166065e-06,7.966761710068732e-06,7.966697837983111e-06,7.966633966931152e-06,7.966570096898666e-06,7.966506227909067e-06,7.96644235994762e-06,7.966378493019673e-06,7.966314627125493e-06,7.96625076226235e-06,7.96618689843851e-06,7.966123035657816e-06,7.966059173907912e-06,7.965995313188802e-06,7.965931453499611e-06,7.965867594863837e-06,7.965803737251827e-06,7.965739880688482e-06,7.96567602518004e-06,7.965612170697978e-06,7.965548317254437e-06,7.965484464877184e-06,7.965420613522936e-06,7.965356763231744e-06,7.96529291395187e-06,7.965229065717367e-06,7.965165218538999e-06,7.965101372410484e-06,7.965037527328956e-06,7.964973683293852e-06,7.964909840285087e-06,7.964845998329202e-06,7.964782157441762e-06,7.96471831759578e-06,7.964654478808285e-06,7.96459064106968e-06,7.964526804385724e-06,7.964462968755687e-06,7.964399134176533e-06,7.964335300653667e-06,7.964271468185481e-06,7.964207636756803e-06,7.96414380640021e-06,7.964079977098903e-06,7.96401614885603e-06,7.963952321670939e-06,7.963888495546833e-06,7.963824670478091e-06,7.963760846467858e-06,7.963697023523294e-06,7.963633201631641e-06,7.963569380824148e-06,7.963505561050788e-06,7.963441742348316e-06,7.963377924702805e-06,7.963314108129055e-06,7.963250292624295e-06,7.963186478179269e-06,7.963122664812832e-06,7.963058852493469e-06,7.962995041263767e-06,7.9629312310784e-06,7.962867421970768e-06,7.962803613930657e-06,7.962739806979491e-06,7.962676001072178e-06,7.962612196247304e-06,7.96254839248236e-06,7.962484589793905e-06,7.962420788180842e-06,7.962356987654121e-06,7.96229318820302e-06,7.962229389813797e-06,7.96216559249539e-06,7.962101796252825e-06,7.962038001069008e-06,7.961974206971288e-06,7.961910413957876e-06,7.961846622012698e-06,7.9617828311537e-06,7.96171904137618e-06,7.961655252678201e-06,7.961591465058146e-06,7.96152767852097e-06,7.961463893056535e-06,7.961400108662018e-06,7.961336325349041e-06,7.961272543129667e-06,7.961208762003387e-06,7.961144981960979e-06,7.96108120301848e-06,7.96101742514144e-06,7.96095364835448e-06,7.96088987265913e-06,7.960826098044739e-06,7.96076232448731e-06,7.960698552056948e-06,7.960634780694697e-06,7.960571010426375e-06,7.960507241256032e-06,7.960443473170599e-06,7.960379706185444e-06,7.960315940282518e-06,7.960252175488592e-06,7.960188411759908e-06,7.96012464913605e-06,7.960060887597776e-06,7.959997127161233e-06,7.959933367819846e-06,7.95986960957178e-06,7.95980585241364e-06,7.959742096358262e-06,7.959678341403735e-06,7.95961458753534e-06,7.959550834771346e-06,7.959487083098091e-06,7.959423332521303e-06,7.959359583045398e-06,7.959295834676913e-06,7.95923208741043e-06,7.959168341255055e-06,7.959104596167784e-06,7.959040852204452e-06,7.95897710934915e-06,7.958913367591191e-06,7.958849626934348e-06,7.958785887381365e-06,7.958722148927771e-06,7.95865841159025e-06,7.958594675352922e-06,7.958530940222664e-06,7.95846720619589e-06,7.958403473275983e-06,7.95833974146537e-06,7.958276010764e-06,7.958212281163085e-06,7.958148552681447e-06,7.95808482530494e-06,7.95802109904e-06,7.957957373872015e-06,7.957893649829074e-06,7.957829926887888e-06,7.957766205068017e-06,7.957702484359857e-06,7.957638764764212e-06,7.957575046272656e-06,7.957511328895334e-06,7.95744761263526e-06,7.957383897476524e-06,7.957320183450584e-06,7.95725647054006e-06,7.957192758751383e-06,7.957129048071462e-06,7.957065338515382e-06,7.957001630081898e-06,7.956937922761412e-06,7.956874216542964e-06,7.956810511467583e-06,7.956746807495698e-06,7.956683104651224e-06,7.956619402949985e-06,7.956555702349065e-06,7.956492002869674e-06,7.956428304504449e-06,7.956364607266316e-06,7.956300911154836e-06,7.956237216163728e-06,7.956173522298387e-06,7.95610982956147e-06,7.956046137948357e-06,7.955982447454835e-06,7.955918758085713e-06,7.955855069847294e-06,7.955791382726514e-06,7.955727696734492e-06,7.955664011876336e-06,7.955600328146146e-06,7.955536645539009e-06,7.955472964095366e-06,7.955409283755083e-06,7.95534560453642e-06,7.955281926460458e-06,7.955218249501121e-06,7.955154573673915e-06,7.955090898972564e-06,7.955027225421735e-06,7.954963552999088e-06,7.954899881698976e-06,7.95483621154429e-06,7.954772542521291e-06,7.95470887463297e-06,7.95464520786717e-06,7.954581542249064e-06,7.954517877767155e-06,7.954454214417382e-06,7.954390552208507e-06,7.954326891135987e-06,7.954263231198795e-06,7.954199572400014e-06,7.95413591474338e-06,7.954072258207934e-06,7.95400860282835e-06,7.953944948585668e-06,7.953881295476534e-06,7.953817643514892e-06,7.953753992686813e-06,7.95369034298459e-06,7.95362669444488e-06,7.95356304706712e-06,7.953499400813185e-06,7.953435755706216e-06,7.953372111720674e-06,7.95330846889013e-06,7.953244827211066e-06,7.953181186676805e-06,7.953117547287384e-06,7.953053909048034e-06,7.952990271949168e-06,7.95292663599683e-06,7.952863001188333e-06,7.952799367523359e-06,7.952735735010905e-06,7.952672103641795e-06,7.952608473426758e-06,7.952544844360627e-06,7.952481216443507e-06,7.952417589683237e-06,7.952353964064508e-06,7.95229033959558e-06,7.952226716278447e-06,7.952163094105722e-06,7.952099473099838e-06,7.952035853227486e-06,7.951972234523673e-06,7.951908616995075e-06,7.951845000592044e-06,7.951781385342878e-06,7.95171777124664e-06,7.95165415830684e-06,7.95159054651572e-06,7.95152693586811e-06,7.951463326391516e-06,7.951399718070885e-06,7.951336110904377e-06,7.951272504897246e-06,7.951208900048793e-06,7.951145296356156e-06,7.95108169381793e-06,7.951018092444066e-06,7.950954492215026e-06,7.95089089315492e-06,7.95082729525774e-06,7.950763698512126e-06,7.950700102937947e-06,7.950636508515396e-06,7.950572915243285e-06,7.950509323152447e-06,7.950445732232206e-06,7.950382142453752e-06,7.950318553833053e-06,7.95025496638377e-06,7.950191380097449e-06,7.950127794981147e-06,7.950064211022699e-06,7.950000628230791e-06,7.949937046614511e-06,7.949873466148636e-06,7.94980988684838e-06,7.94974630870664e-06,7.949682731737122e-06,7.94961915593649e-06,7.949555581298747e-06,7.949492007854508e-06,7.949428435555602e-06,7.949364864423273e-06,7.9493012944602e-06,7.949237725666336e-06,7.949174158037541e-06,7.949110591581397e-06,7.949047026286354e-06,7.94898346217109e-06,7.948919899225206e-06,7.94885633745169e-06,7.948792776843493e-06,7.948729217417603e-06,7.948665659139416e-06,7.948602102051938e-06,7.948538546150069e-06,7.948474991400036e-06,7.948411437832449e-06,7.948347885436601e-06,7.948284334214453e-06,7.94822078417008e-06,7.94815723529611e-06,7.948093687589392e-06,7.94803014106945e-06,7.947966595728993e-06,7.947903051557973e-06,7.947839508564957e-06,7.947775966756484e-06,7.947712426115863e-06,7.947648886650751e-06,7.947585348365246e-06,7.947521811257522e-06,7.947458275327285e-06,7.947394740564502e-06,7.947331206991319e-06,7.947267674599437e-06,7.947204143389017e-06,7.947140613358571e-06,7.94707708450373e-06,7.947013556832508e-06,7.94695003034566e-06,7.94688650503766e-06,7.946822980906755e-06,7.946759457963284e-06,7.946695936200359e-06,7.946632415623492e-06,7.94656889625033e-06,7.946505378024136e-06,7.946441861005348e-06,7.946378345167482e-06,7.946314830503064e-06,7.946251317026768e-06,7.946187804738334e-06,7.94612429364287e-06,7.946060783733459e-06,7.945997275000798e-06,7.945933767453588e-06,7.945870261090722e-06,7.945806755931476e-06,7.945743251946149e-06,7.94567974915588e-06,7.945616247546047e-06,7.945552747124277e-06,7.945489247890569e-06,7.945425749845522e-06,7.9453622529897e-06,7.945298757324292e-06,7.945235262847567e-06,7.945171769561932e-06,7.945108277469145e-06,7.945044786564876e-06,7.944981296848684e-06,7.944917808323405e-06,7.944854320992263e-06,7.944790834852268e-06,7.944727349906345e-06,7.944663866152792e-06,7.944600383592352e-06,7.94453690222443e-06,7.944473422045145e-06,7.944409943064662e-06,7.944346465281661e-06,7.94428298867931e-06,7.944219513274784e-06,7.944156039061865e-06,7.94409256605483e-06,7.944029094243388e-06,7.94396562362827e-06,7.943902154199469e-06,7.943838685977024e-06,7.943775218938728e-06,7.943711753110409e-06,7.943648288485886e-06,7.943584825048996e-06,7.943521362805565e-06,7.943457901768501e-06,7.943394441931083e-06,7.943330983291166e-06,7.943267525860289e-06,7.943204069616164e-06,7.943140614577623e-06,7.943077160736876e-06,7.943013708093798e-06,7.942950256626912e-06,7.942886806385149e-06,7.94282335734928e-06,7.942759909499588e-06,7.94269646286147e-06,7.94263301742554e-06,7.942569573186734e-06,7.94250613016734e-06,7.942442688339187e-06,7.942379247719035e-06,7.942315808282989e-06,7.94225237006885e-06,7.942188933059528e-06,7.942125497253534e-06,7.942062062653513e-06,7.941998629248463e-06,7.94193519706554e-06,7.941871766081763e-06,7.941808336296432e-06,7.941744907720135e-06,7.941681480353943e-06,7.941618054187535e-06,7.941554629233109e-06,7.94149120549185e-06,7.941427782963506e-06,7.941364361637101e-06,7.941300941516523e-06,7.941237522603112e-06,7.94117410489301e-06,7.941110688395113e-06,7.9410472731085e-06,7.940983859026941e-06,7.94092044615908e-06,7.940857034485018e-06,7.940793624036417e-06,7.940730214784669e-06,7.94066680680733e-06,7.940603399991419e-06,7.940539994375133e-06,7.940476589986929e-06,7.940413186805637e-06,7.940349784827488e-06,7.940286384070731e-06,7.94022298455232e-06,7.940159586220727e-06,7.940096189102512e-06,7.9400327931954e-06,7.939969398502788e-06,7.93990600502166e-06,7.93984261274814e-06,7.93977922169931e-06,7.93971583186092e-06,7.93965244323662e-06,7.93958905583305e-06,7.939525669646632e-06,7.939462284672732e-06,7.939398900889264e-06,7.939335518366555e-06,7.939272137042232e-06,7.939208756932713e-06,7.939145378063911e-06,7.939082000385712e-06,7.939018623928525e-06,7.938955248685641e-06,7.93889187468658e-06,7.938828501889545e-06,7.938765130305336e-06,7.938701759936539e-06,7.938638390789893e-06,7.938575022858382e-06,7.938511656150155e-06,7.938448290661038e-06,7.938384926392489e-06,7.938321563330616e-06,7.938258201495626e-06,7.938194840902446e-06,7.93813148148811e-06,7.938068123319739e-06,7.93800476638913e-06,7.937941410719986e-06,7.93787805622691e-06,7.937814702937634e-06,7.93775135086254e-06,7.937688000017951e-06,7.937624650400441e-06,7.937561302013277e-06,7.937497954850785e-06,7.937434608911031e-06,7.937371264194962e-06,7.937307920704346e-06,7.937244578440309e-06,7.937181237398712e-06,7.937117897588726e-06,7.937054558997435e-06,7.936991221643573e-06,7.936927885502083e-06,7.936864550582451e-06,7.936801216905095e-06,7.936737884410181e-06,7.93667455315603e-06,7.936611223148558e-06,7.936547894365038e-06,7.936484566802916e-06,7.936421240467748e-06,7.93635791534882e-06,7.93629459147822e-06,7.936231268850318e-06,7.936167947436208e-06,7.93610462724982e-06,7.936041308286437e-06,7.935977990560322e-06,7.93591467404952e-06,7.935851358766657e-06,7.935788044727144e-06,7.935724731926907e-06,7.935661420348227e-06,7.93559810997622e-06,7.935534800855764e-06,7.93547149296628e-06,7.935408186311609e-06,7.935344880888997e-06,7.935281576685916e-06,7.935218273766286e-06,7.935154972051792e-06,7.93509167155486e-06,7.935028372284981e-06,7.934965074250365e-06,7.934901777450265e-06,7.93483848188882e-06,7.934775187554927e-06,7.934711894451783e-06,7.934648602566247e-06,7.934585311922452e-06,7.934522022511891e-06,7.934458734348583e-06,7.934395447407845e-06,7.934332161714997e-06,7.934268877251588e-06,7.934205594017133e-06,7.934142312012297e-06,7.934079031241516e-06,7.934015751715562e-06,7.933952473433475e-06,7.93388919639722e-06,7.933825920601803e-06,7.933762646031024e-06,7.93369937272052e-06,7.933636100634358e-06,7.933572829758926e-06,7.933509560133824e-06,7.933446291744956e-06,7.933383024610879e-06,7.933319758706164e-06,7.933256494045928e-06,7.933193230617046e-06,7.93312996842705e-06,7.933066707478015e-06,7.933003447762616e-06,7.932940189290013e-06,7.932876932058117e-06,7.932813676066267e-06,7.932750421290488e-06,7.932687167767425e-06,7.932623915488599e-06,7.93256066445705e-06,7.932497414641534e-06,7.93243416609413e-06,7.932370918788671e-06,7.932307672715745e-06,7.932244427893156e-06,7.932181184305992e-06,7.932117941978659e-06,7.932054700884828e-06,7.931991461013496e-06,7.931928222404842e-06,7.931864985037636e-06,7.931801748909148e-06,7.931738514012342e-06,7.931675280364562e-06,7.931612047973457e-06,7.93154881682477e-06,7.931485586916221e-06,7.93142235825629e-06,7.931359130841858e-06,7.93129590466562e-06,7.931232679754046e-06,7.931169456076029e-06,7.931106233642196e-06,7.931043012447005e-06,7.930979792485382e-06,7.930916573786167e-06,7.930853356331379e-06,7.93079014010115e-06,7.93072692512333e-06,7.930663711411706e-06,7.930600498949406e-06,7.930537287705624e-06,7.930474077731224e-06,7.930410868982937e-06,7.930347661508713e-06,7.93028445528447e-06,7.9302212503e-06,7.930158046566106e-06,7.930094844096945e-06,7.930031642859194e-06,7.929968442883739e-06,7.929905244149978e-06,7.929842046666526e-06,7.929778850423711e-06,7.929715655430356e-06,7.929652461695034e-06,7.929589269212659e-06,7.929526077996544e-06,7.92946288800845e-06,7.929399699274078e-06,7.929336511791309e-06,7.92927332553796e-06,7.929210140559359e-06,7.929146956843196e-06,7.929083774373943e-06,7.9290205931363e-06,7.928957413149385e-06,7.928894234427095e-06,7.928831056956873e-06,7.928767880766725e-06,7.92870470581135e-06,7.928641532092795e-06,7.92857835962322e-06,7.928515188419406e-06,7.928452018462124e-06,7.928388849755027e-06,7.928325682311792e-06,7.928262516117662e-06,7.928199351176108e-06,7.928136187493719e-06,7.92807302506615e-06,7.928009863892153e-06,7.927946703975635e-06,7.927883545307732e-06,7.92782038789065e-06,7.927757231746989e-06,7.927694076848107e-06,7.927630923206912e-06,7.927567770821325e-06,7.927504619684025e-06,7.927441469810766e-06,7.927378321195615e-06,7.927315173835073e-06,7.927252027732518e-06,7.927188882885717e-06,7.927125739274816e-06,7.927062596943143e-06,7.92699945586872e-06,7.92693631604174e-06,7.926873177466604e-06,7.926810040182243e-06,7.926746904132977e-06,7.92668376934819e-06,7.926620635823868e-06,7.926557503553742e-06,7.926494372547016e-06,7.926431242797377e-06,7.926368114308287e-06,7.926304987078349e-06,7.926241861107627e-06,7.926178736396531e-06,7.926115612938204e-06,7.926052490746348e-06,7.925989369825483e-06,7.925926250152872e-06,7.925863131730773e-06,7.925800014579073e-06,7.925736898699561e-06,7.925673784072303e-06,7.925610670706112e-06,7.925547558601243e-06,7.925484447756414e-06,7.925421338167489e-06,7.92535822984672e-06,7.92529512279706e-06,7.925232017003049e-06,7.925168912464173e-06,7.92510580916945e-06,7.925042707159758e-06,7.924979606394245e-06,7.92491650691177e-06,7.924853408673752e-06,7.924790311713432e-06,7.92472721602061e-06,7.924664121592723e-06,7.924601028438316e-06,7.924537936537653e-06,7.924474845911071e-06,7.924411756539339e-06,7.92434866841334e-06,7.92428558157038e-06,7.92422249598962e-06,7.92415941167563e-06,7.924096328627186e-06,7.9240332468447e-06,7.923970166334928e-06,7.923907087058066e-06,7.923844009072637e-06,7.923780932356155e-06,7.92371785687863e-06,7.92365478268839e-06,7.923591709772949e-06,7.923528638118894e-06,7.923465567730418e-06,7.923402498609219e-06,7.92333943075867e-06,7.923276364164086e-06,7.92321329885388e-06,7.923150234778909e-06,7.92308717199234e-06,7.923024110476131e-06,7.922961050222257e-06,7.922897991201553e-06,7.922834933486633e-06,7.922771877042224e-06,7.922708821866294e-06,7.922645767959209e-06,7.92258271531684e-06,7.92251966394809e-06,7.922456613846702e-06,7.922393565016128e-06,7.922330517447234e-06,7.922267471162296e-06,7.922204426141326e-06,7.922141382390678e-06,7.922078339909375e-06,7.92201529870022e-06,7.921952258752404e-06,7.921889220082752e-06,7.921826182681992e-06,7.921763146552222e-06,7.921700111678388e-06,7.921637078090537e-06,7.921574045750158e-06,7.921511014705007e-06,7.92144798492902e-06,7.921384956428441e-06,7.921321929196879e-06,7.9212589032403e-06,7.92119587855577e-06,7.921132855137708e-06,7.921069832998351e-06,7.921006812127672e-06,7.920943792524861e-06,7.920880774197053e-06,7.920817757144852e-06,7.920754741365228e-06,7.920691726865481e-06,7.920628713637533e-06,7.92056570168313e-06,7.920502690996277e-06,7.920439681593233e-06,7.920376673460637e-06,7.920313666601904e-06,7.920250661013168e-06,7.92018765670182e-06,7.920124653664802e-06,7.920061651904185e-06,7.91999865141853e-06,7.919935652212858e-06,7.919872654276096e-06,7.919809657616095e-06,7.919746662229109e-06,7.919683668119135e-06,7.919620675286423e-06,7.919557683726882e-06,7.919494693449722e-06,7.919431704450243e-06,7.919368716703227e-06,7.919305730247022e-06,7.919242745043213e-06,7.919179761141981e-06,7.91911677851058e-06,7.919053797165141e-06,7.91899081709586e-06,7.91892783830362e-06,7.918864860783556e-06,7.918801884527486e-06,7.918738909568768e-06,7.918675935888017e-06,7.918612963483677e-06,7.918549992366152e-06,7.918487022519494e-06,7.918424053949037e-06,7.918361086654156e-06,7.91829812064601e-06,7.91823515591269e-06,7.918172192458506e-06,7.918109230284032e-06,7.918046269380057e-06,7.917983309762644e-06,7.91792035140467e-06,7.91785739434521e-06,7.917794438565484e-06,7.917731484067895e-06,7.917668530841397e-06,7.917605578903e-06,7.917542628245655e-06,7.917479678865273e-06,7.917416730766263e-06,7.91735378395003e-06,7.917290838413302e-06,7.91722789415859e-06,7.917164951182673e-06,7.917102009491277e-06,7.917039069080801e-06,7.91697612994742e-06,7.91691319209926e-06,7.916850255531534e-06,7.916787320237756e-06,7.916724386212413e-06,7.916661453499053e-06,7.916598522059332e-06,7.916535591902678e-06,7.916472663028429e-06,7.916409735436533e-06,7.916346809127647e-06,7.91628388408583e-06,7.916220960343093e-06,7.916158037882861e-06,7.916095116706305e-06,7.916032196811198e-06,7.915969278200662e-06,7.915906360875793e-06,7.915843444826893e-06,7.91578053006521e-06,7.91571761658734e-06,7.915654704395254e-06,7.915591793479982e-06,7.915528883854895e-06,7.915465975517235e-06,7.915403068461833e-06,7.915340162691044e-06,7.915277258205843e-06,7.915214354998605e-06,7.915151453084065e-06,7.91508855245339e-06,7.91502565310707e-06,7.914962755018532e-06,7.914899858243167e-06,7.914836962750387e-06,7.914774068543967e-06,7.914711175638767e-06,7.914648284008103e-06,7.914585393671686e-06,7.914522504618808e-06,7.914459616833814e-06,7.914396730334844e-06,7.914333845138885e-06,7.914270961227831e-06,7.914208078601112e-06,7.914145197259771e-06,7.914082317208103e-06,7.914019438440269e-06,7.913956560966155e-06,7.913893684778312e-06,7.91383080987808e-06,7.913767936251289e-06,7.913705063926258e-06,7.913642192888494e-06,7.913579323139411e-06,7.913516454679263e-06,7.913453587505718e-06,7.91339072161141e-06,7.913327857008368e-06,7.913264993701763e-06,7.913202131674583e-06,7.91313927093594e-06,7.91307641149566e-06,7.913013553330833e-06,7.912950696468677e-06,7.912887840903367e-06,7.912824986618218e-06,7.912762133624287e-06,7.91269928191884e-06,7.912636431504522e-06,7.91257358238241e-06,7.912510734551998e-06,7.912447887998145e-06,7.912385042742687e-06,7.912322198778997e-06,7.912259356105446e-06,7.912196514743453e-06,7.912133674642973e-06,7.912070835839017e-06,7.912007998303627e-06,7.911945162079003e-06,7.911882327151479e-06,7.911819493513462e-06,7.911756661133079e-06,7.91169383007247e-06,7.911631000310374e-06,7.911568171831888e-06,7.911505344647344e-06,7.91144251876481e-06,7.9113796941692e-06,7.911316870866488e-06,7.91125404885459e-06,7.91119122813676e-06,7.911128408708767e-06,7.911065590568568e-06,7.911002773720443e-06,7.910939958167238e-06,7.910877143913718e-06,7.9108143309517e-06,7.910751519279533e-06,7.910688708904458e-06,7.910625899816609e-06,7.910563092027217e-06,7.910500285529646e-06,7.910437480328741e-06,7.910374676421337e-06,7.910311873816112e-06,7.91024907249113e-06,7.910186272465028e-06,7.910123473734223e-06,7.910060676308156e-06,7.909997880155768e-06,7.90993508530796e-06,7.909872291746696e-06,7.909809499485091e-06,7.909746708527382e-06,7.909683918863974e-06,7.909621130484404e-06,7.909558343406178e-06,7.909495557622146e-06,7.90943277312406e-06,7.90936998993487e-06,7.90930720804115e-06,7.909244427439999e-06,7.909181648127595e-06,7.909118870117828e-06,7.909056093403343e-06,7.908993317992487e-06,7.908930543871414e-06,7.908867771046458e-06,7.908804999518814e-06,7.908742229287239e-06,7.90867946035725e-06,7.908616692716746e-06,7.908553926374975e-06,7.908491161338527e-06,7.908428397605455e-06,7.908365635146315e-06,7.908302873998013e-06,7.908240114145043e-06,7.908177355586471e-06,7.908114598328234e-06,7.90805184236289e-06,7.907989087704633e-06,7.907926334334869e-06,7.907863582271142e-06,7.907800831505674e-06,7.90773808203362e-06,7.907675333854982e-06,7.907612586969988e-06,7.907549841395732e-06,7.907487097126049e-06,7.907424354145265e-06,7.907361612461275e-06,7.90729887206975e-06,7.907236132991647e-06,7.907173395202941e-06,7.907110658710018e-06,7.907047923523249e-06,7.906985189635803e-06,7.906922457050522e-06,7.906859725763848e-06,7.906796995768236e-06,7.906734267078134e-06,7.90667153968628e-06,7.906608813597018e-06,7.906546088799799e-06,7.906483365317441e-06,7.906420643118035e-06,7.906357922220034e-06,7.9062952026364e-06,7.906232484343578e-06,7.906169767356431e-06,7.906107051668322e-06,7.906044337282735e-06,7.905981624198066e-06,7.905918912414335e-06,7.905856201928202e-06,7.90579349274155e-06,7.905730784853348e-06,7.905668078272223e-06,7.905605372994817e-06,7.90554266901894e-06,7.905479966344663e-06,7.905417264968478e-06,7.905354564898163e-06,7.90529186614042e-06,7.905229168673667e-06,7.90516647250888e-06,7.905103777646488e-06,7.905041084089596e-06,7.904978391832764e-06,7.904915700871707e-06,7.904853011210799e-06,7.904790322858805e-06,7.904727635809262e-06,7.904664950059756e-06,7.90460226562204e-06,7.904539582478722e-06,7.904476900643578e-06,7.904414220111718e-06,7.904351540880269e-06,7.90428886294996e-06,7.90422618631975e-06,7.904163510986068e-06,7.904100836958947e-06,7.90403816425519e-06,7.903975492852864e-06,7.903912822749895e-06,7.903850153950888e-06,7.903787486448718e-06,7.903724820255611e-06,7.903662155366445e-06,7.903599491780977e-06,7.903536829500185e-06,7.90347416849505e-06,7.903411508825801e-06,7.903348850460614e-06,7.903286193402492e-06,7.903223537646324e-06,7.903160883186676e-06,7.90309823004713e-06,7.903035578211157e-06,7.902972927673366e-06,7.90291027844809e-06,7.90284763052557e-06,7.902784983913283e-06,7.902722338603572e-06,7.902659694600194e-06,7.902597051904705e-06,7.90253441052703e-06,7.90247177043666e-06,7.902409131650408e-06,7.902346494182204e-06,7.902283858006668e-06,7.902221223145922e-06,7.902158589593626e-06,7.90209595734436e-06,7.902033326398485e-06,7.901970696762988e-06,7.901908068429818e-06,7.901845441405268e-06,7.901782815686896e-06,7.901720191278546e-06,7.901657568173702e-06,7.90159494639093e-06,7.901532325901993e-06,7.901469706709277e-06,7.901407088837257e-06,7.901344472268246e-06,7.901281857001717e-06,7.90121924304765e-06,7.901156630406088e-06,7.901094019073125e-06,7.901031409043843e-06,7.900968800326312e-06,7.900906192914633e-06,7.900843586813358e-06,7.900780982021448e-06,7.900718378540735e-06,7.900655776363624e-06,7.900593175505712e-06,7.900530575947793e-06,7.900467977683664e-06,7.900405380740671e-06,7.900342785115516e-06,7.900280190781293e-06,7.900217597765888e-06,7.90015500606119e-06,7.900092415665038e-06,7.900029826578116e-06,7.899967238799246e-06,7.899904652331031e-06,7.899842067172777e-06,7.899779483323704e-06,7.899716900784435e-06,7.899654319555072e-06,7.899591739635494e-06,7.899529161032121e-06,7.899466583732334e-06,7.899404007745142e-06,7.899341433065597e-06,7.89927885969685e-06,7.899216287637887e-06,7.899153716846728e-06,7.899091147408594e-06,7.899028579271775e-06,7.898966012454946e-06,7.89890344694177e-06,7.898840882736742e-06,7.898778319851253e-06,7.89871575827758e-06,7.898653198023775e-06,7.898590639072639e-06,7.898528081432313e-06,7.89846552510328e-06,7.898402970086144e-06,7.898340416379208e-06,7.898277863984398e-06,7.89821531289982e-06,7.898152763128446e-06,7.89809021466588e-06,7.89802766751764e-06,7.897965121681057e-06,7.897902577158475e-06,7.897840033945957e-06,7.89777749204596e-06,7.897714951462117e-06,7.897652412187685e-06,7.897589874220877e-06,7.897527337570096e-06,7.897464802235833e-06,7.897402268209934e-06,7.897339735497692e-06,7.897277204097619e-06,7.897214674010243e-06,7.89715214523548e-06,7.897089617786176e-06,7.897027091637873e-06,7.896964566802841e-06,7.896902043268485e-06,7.896839521070848e-06,7.896777000179026e-06,7.896714480596918e-06,7.896651962328124e-06,7.896589445372898e-06,7.896526929733093e-06,7.896464415405157e-06,7.896401902389704e-06,7.896339390686054e-06,7.896276880295432e-06,7.896214371222493e-06,7.896151863462544e-06,7.89608935701591e-06,7.896026851885955e-06,7.895964348067407e-06,7.89590184556599e-06,7.895839344381712e-06,7.89577684451119e-06,7.895714345948465e-06,7.89565184870689e-06,7.89558935277629e-06,7.895526858162613e-06,7.895464364863492e-06,7.895401872879505e-06,7.89533938221857e-06,7.895276892864765e-06,7.895214404824996e-06,7.895151918092741e-06,7.895089432684618e-06,7.895026948592681e-06,7.894964465837929e-06,7.894901984376047e-06,7.89483950422892e-06,7.894777025398125e-06,7.894714547888467e-06,7.8946520716839e-06,7.894589596801023e-06,7.894527123239327e-06,7.894464650987826e-06,7.8944021800523e-06,7.89433971043309e-06,7.894277242130877e-06,7.894214775143902e-06,7.894152309472147e-06,7.894089845116765e-06,7.894027382080328e-06,7.89396492035982e-06,7.89390245996239e-06,7.893840000876976e-06,7.893777543106595e-06,7.893715086681692e-06,7.89365263154278e-06,7.893590177726946e-06,7.893527725224162e-06,7.893465274036335e-06,7.893402824167581e-06,7.89334037561816e-06,7.893277928381202e-06,7.893215482457433e-06,7.893153037856414e-06,7.893090594574522e-06,7.89302815260818e-06,7.892965711961035e-06,7.89290327261318e-06,7.892840834591158e-06,7.892778397897876e-06,7.892715962522926e-06,7.892653528472861e-06,7.892591095732365e-06,7.892528664310974e-06,7.892466234188021e-06,7.892403805404582e-06,7.89234137793221e-06,7.892278951782844e-06,7.892216526953126e-06,7.89215410344283e-06,7.89209168125025e-06,7.8920292603712e-06,7.891966840816068e-06,7.891904422564201e-06,7.891842005647224e-06,7.891779590049069e-06,7.891717175787576e-06,7.891654762829497e-06,7.891592351189073e-06,7.89152994087935e-06,7.891467531873279e-06,7.891405124190387e-06,7.891342717826013e-06,7.891280312778597e-06,7.891217909050526e-06,7.891155506644775e-06,7.891093105551338e-06,7.891030705784182e-06,7.890968307337047e-06,7.890905910211911e-06,7.890843514404305e-06,7.890781119916765e-06,7.890718726747257e-06,7.890656334898957e-06,7.890593944377934e-06,7.890531555177828e-06,7.890469167290354e-06,7.890406780715305e-06,7.890344395468133e-06,7.890282011540413e-06,7.890219628924823e-06,7.890157247638891e-06,7.890094867674645e-06,7.890032489031128e-06,7.889970111714163e-06,7.889907735711491e-06,7.889845361029982e-06,7.88978298766427e-06,7.88972061562256e-06,7.889658244902423e-06,7.889595875505478e-06,7.889533507429724e-06,7.889471140673972e-06,7.889408775236381e-06,7.889346411123928e-06,7.889284048333442e-06,7.889221686889916e-06,7.889159326742683e-06,7.889096967923491e-06,7.88903461042135e-06,7.888972254238755e-06,7.888909899389192e-06,7.888847545847611e-06,7.888785193619333e-06,7.888722842722911e-06,7.888660493149892e-06,7.88859814490328e-06,7.888535797973077e-06,7.888473452373443e-06,7.888411108095964e-06,7.888348765141468e-06,7.888286423499428e-06,7.888224083173047e-06,7.888161744177928e-06,7.88809940650897e-06,7.888037070159608e-06,7.88797473513265e-06,7.887912401442482e-06,7.887850069062204e-06,7.887787738001435e-06,7.887725408265002e-06,7.887663079852067e-06,7.88760075275972e-06,7.887538426991361e-06,7.887476102518747e-06,7.887413779400779e-06,7.887351457588802e-06,7.887289137115257e-06,7.88722681796267e-06,7.88716450013742e-06,7.887102183634314e-06,7.887039868454811e-06,7.886977554575172e-06,7.886915242039466e-06,7.886852930830097e-06,7.886790620943043e-06,7.886728312369258e-06,7.886666005126827e-06,7.88660369922232e-06,7.886541394633264e-06,7.886479091370097e-06,7.886416789418991e-06,7.886354488803285e-06,7.886292189506353e-06,7.8862298915357e-06,7.886167594891746e-06,7.886105299563496e-06,7.886043005564933e-06,7.88598071289555e-06,7.885918421549917e-06,7.885856131528474e-06,7.885793842850931e-06,7.885731555478585e-06,7.885669269427298e-06,7.88560698471101e-06,7.885544701312695e-06,7.885482419251773e-06,7.885420138512869e-06,7.885357859090353e-06,7.885295580992946e-06,7.885233304221396e-06,7.885171028775992e-06,7.885108754646583e-06,7.885046481849296e-06,7.884984210378596e-06,7.884921940232268e-06,7.884859671400785e-06,7.884797403905634e-06,7.884735137737835e-06,7.884672872886674e-06,7.884610609369432e-06,7.88454834717413e-06,7.8844860863137e-06,7.884423826778771e-06,7.88436156856464e-06,7.88429931167672e-06,7.884237056114697e-06,7.884174801878075e-06,7.884112548956597e-06,7.884050297372723e-06,7.883988047115948e-06,7.883925798184604e-06,7.88386355057907e-06,7.883801304301213e-06,7.88373905934904e-06,7.883676815723746e-06,7.883614573423735e-06,7.883552332451003e-06,7.883490092797632e-06,7.883427854479184e-06,7.8833656174887e-06,7.8833033818253e-06,7.883241147488099e-06,7.883178914473816e-06,7.883116682789127e-06,7.883054452462114e-06,7.882992223431195e-06,7.882929995727516e-06,7.882867769357541e-06,7.88280554430381e-06,7.882743320582639e-06,7.88268109818522e-06,7.882618877117835e-06,7.88255665737607e-06,7.882494438961243e-06,7.882432221893915e-06,7.882370006137166e-06,7.882307791707433e-06,7.88224557860628e-06,7.882183366833665e-06,7.882121156401159e-06,7.88205894728085e-06,7.881996739490006e-06,7.88193453301775e-06,7.881872327883413e-06,7.881810124088362e-06,7.881747921610224e-06,7.881685720444565e-06,7.881623520624768e-06,7.88156132212967e-06,7.881499124963915e-06,7.881436929126048e-06,7.88137473461602e-06,7.881312541434242e-06,7.881250349580697e-06,7.881188159057677e-06,7.881125969857615e-06,7.88106378198823e-06,7.881001595451823e-06,7.880939410246685e-06,7.880877226364618e-06
12,1.242429117828144e-84,8.1185251894088425e-84,3.0126087132454338e-83,8.439871518866416e-83,1.9845512888546055e-82,4.1319675430328464e-82,7.862013092251199e-82,1.395293925137815e-81,2.3424112210007314e-81,3.7577691770893373e-81,5.804345191139386e-81,8.682677860754975e-81,1.263599225946226e-80,1.795565417984565e-80,2.4986954145394853e-80,3.4135224310671575e-80,4.587228825552867e-80,6.074324376752436e-80,7.937357868436151e-80,1.024766191856596e-79,1.3086130992662314e-79,1.6544032554386387e-79,2.0723851267485785e-79,2.574016619707291e-79,3.172056093794209e-79,3.880656661731644e-79,4.715463771488408e-79,5.693716065040187e-79,6.834349509397178e-79,8.15810479574648e-79,9.687638002769839e-79,1.1447634520607456e-78,1.3464926232180154e-78,1.5768611948633364e-78,1.8390181095964687e-78,2.1363640649914765e-78,2.472564531633384e-78,2.85156309542625e-78,3.277595123908454e-78,3.755201756301385e-78,4.28924421703487e-78,4.884918452480744e-78,5.54777009063747e-78,6.283709723498817e-78,7.099028511847927e-78,8.000414112212685e-78,8.994966925719936e-78,1.0090216668586565e-77,1.1294139263981035e-77,1.261517405499407e-77,1.4062241338452634e-77,1.5644760219312926e-77,1.7372666785367376e-77,1.9256432601999428e-77,2.1307083526721363e-77,2.3536218843230723e-77,2.5956030714718063e-77,2.8579323956159218e-77,3.1419536125330447e-77,3.4490757932276335e-77,3.780775396696887e-77,4.13859837448877e-77,4.524162307026153e-77,4.939158571669872e-77,5.3853545424950225e-77,5.8645958217532064e-77,6.378808502994724e-77,6.930001465824066e-77,7.520268702262347e-77,8.151791674690266e-77,8.826841705344936e-77,9.547782397344608e-77,1.0317072087214655e-76,1.1137266328888451e-76,1.2011020409157002e-76,1.2941091894540858e-76,1.3930343209558106e-76,1.4981744246362108e-76,1.6098375005722935e-76,1.7283428269325883e-76,1.8540212303361745e-76,1.9872153593380534e-76,2.1282799610386357e-76,2.2775821608142835e-76,2.4355017451666225e-76,2.6024314476878686e-76,2.778777238139566e-76,2.964958614642215e-76,3.161408898973137e-76,3.3685755349698575e-76,3.5869203900366743e-76,3.816920059751566e-76,4.059066175570965e-76,4.313865715629793e-76,4.581841318634134e-76,4.8635316008440246e-76,5.159491476143652e-76,5.4702924791965435e-76,5.796523091683025e-76,6.138789071617418e-76,6.497713785742427e-76,6.873938544998123e-76,7.2681229430629e-76,7.680945197963928e-76,8.113102496754455e-76,8.565311343255415e-76,9.038307908858743e-76,9.532848386390149e-76,1.0049709347027905e-75,1.0589688100276395e-75,1.1153603056990816e-75,1.174229409545075e-75,1.2356622930480343e-75,1.2997473485612328e-75,1.366575226829313e-75,1.436238874812705e-75,1.5088335738156387e-75,1.5844569779175438e-75,1.6632091527075485e-75,1.7451926143218463e-75,1.83051236878367e-75,1.9192759516456117e-75,2.0115934679340496e-75,2.1075776323954185e-75,2.207343810044074e-75,2.311010057011501e-75,2.418697161696612e-75,2.5305286862168773e-75,2.6466310081600497e-75,2.7671333626362127e-75,2.892167884629933e-75,3.021869651652206e-75,3.156376726692017e-75,3.2958302014672227e-75,3.4403742399744975e-75,3.590156122338122e-75,3.745326288957356e-75,3.906038384952118e-75,4.0724493049067605e-75,4.2447192379116757e-75,4.423011712902459e-75,4.607493644296444e-75,4.798335377926261e-75,4.99571073727028e-75,5.199797069979621e-75,5.410775294701479e-75,5.628829948198573e-75,5.854149232764408e-75,6.08692506393414e-75,6.327353118490783e-75,6.575632882766504e-75,6.831967701238777e-75,7.096564825421156e-75,7.369635463048397e-75,7.651394827555618e-75,7.942062187851463e-75,8.241860918384729e-75,8.551018549504514e-75,8.869766818113368e-75,9.198341718613387e-75,9.53698355414493e-75,9.885936988117722e-75,1.0245451096034101e-74,1.0615779417604166e-74,1.099718000915258e-74,1.1389915496316813e-74,1.1794253127036483e-74,1.2210464824833698e-74,1.2638827242384018e-74,1.307962181537787e-74,1.3533134816672178e-74,1.3999657410732002e-74,1.4479485708361664e-74,1.497292082172558e-74,1.5480268919658184e-74,1.6001841283262902e-74,1.6537954361799774e-74,1.7088929828861679e-74,1.7655094638838666e-74,1.823678108367053e-74,1.88343268498869e-74,1.944807507593501e-74,2.0078374409794745e-74,2.072557906688069e-74,2.1390048888231008e-74,2.20721493989829e-74,2.277225186713441e-74,2.349073336259218e-74,2.4227976816505296e-74,2.4984371080884507e-74,2.5760310988507022e-74,2.6556197413106103e-74,2.7372437329846045e-74,2.820944387608132e-74,2.9067636412400544e-74,2.9947440583954245e-74,3.084928838206681e-74,3.177361820613213e-74,3.272087492579252e-74,3.369150994340112e-74,3.4685981256767046e-74,3.5704753522183485e-74,3.674829811773811e-74,3.781709320690591e-74,3.8911623802424e-74,4.003238183044844e-74,4.11798661949921e-74,4.23545828426445e-74,4.355704482757211e-74,4.478777237680023e-74,4.604729295577475e-74,4.7336141334204795e-74,4.865485965218537e-74,5.000399748659994e-74,5.138411191780268e-74,5.279576759657994e-74,5.4239536811391524e-74,5.571599955589042e-74,5.7225743596721365e-74,5.876936454159813e-74,6.034746590765883e-74,6.196065919009955e-74,6.3609563931085485e-74,6.529480778894e-74,6.701702660761058e-74,6.877686448641252e-74,7.057497385004881e-74,7.241201551890728e-74,7.428865877963362e-74,7.620558145598115e-74,7.816346997993604e-74,8.016301946311858e-74,8.220493376845977e-74,8.42899255821533e-74,8.64187164858823e-74,8.859203702932134e-74,9.081062680291287e-74,9.307523451091732e-74,9.538661804473838e-74,9.77455445565214e-74,1.0015279053302578e-73,1.026091418697707e-73,1.0511539394545397e-73,1.0767235169664384e-73,1.1028082969274385e-73,1.1294165221122968e-73,1.1565565331315875e-73,1.1842367691895146e-73,1.2124657688444451e-73,1.2412521707721588e-73,1.2706047145318094e-73,1.3005322413345976e-73,1.3310436948151542e-73,1.3621481218056293e-73,1.3938546731124864e-73,1.4261726042959998e-73,1.4591112764524415e-73,1.4926801569990028e-73,1.526888820461347e-73,1.5617469492639144e-73,1.5972643345228923e-73,1.6334508768418755e-73,1.6703165871102153e-73,1.707871587304054e-73,1.746126111290039e-73,1.7850905056317183e-73,1.824775230398612e-73,1.865190859977957e-73,1.906348083889133e-73,1.9482577076007486e-73,1.9909306533504058e-73,2.0343779609671198e-73,2.078610788696413e-73,2.1236404140280653e-73,2.1694782345265257e-73,2.2161357686639785e-73,2.26362465665607e-73,2.3119566613002834e-73,2.361143668816965e-73,2.4111976896929998e-73,2.4621308595281353e-73,2.513955439883943e-73,2.5666838191354302e-73,2.6203285133252815e-73,2.6749021670207457e-73,2.730417554173158e-73,2.786887578980086e-73,2.8443252767501146e-73,2.90274381477026e-73,2.962156493176006e-73,3.022576745823959e-73,3.084018141167139e-73,3.146494383132887e-73,3.210019312003366e-73,3.274606905298715e-73,3.340271278662803e-73,3.4070266867515605e-73,3.4748875241239734e-73,3.543868326135654e-73,3.6139837698350115e-73,3.6852486748620153e-73,3.7576780043496305e-73,3.831286865827752e-73,3.906090512129792e-73,3.9821043423018457e-73,4.059343902514452e-73,4.137824886976943e-73,4.217563138854374e-73,4.298574651187051e-73,4.380875567812628e-73,4.464482184290787e-73,4.549410948830498e-73,4.635678463219869e-73,4.7233014837585406e-73,4.8122969221926773e-73,4.902681846652517e-73,4.994473482592491e-73,5.0876892137339064e-73,5.182346583010196e-73,5.278463293514723e-73,5.376057209451156e-73,5.4751463570863857e-73,5.5757489257060166e-73,5.677883268572353e-73,5.781567903885049e-73,5.88682151574419e-73,5.993662955115994e-73,6.10211124080098e-73,6.2121855604048e-73,6.323905271311487e-73,6.437289901659318e-73,6.55235915131917e-73,6.669132892875434e-73,6.787631172609455e-73,6.907874211485488e-73,7.029882406139209e-73,7.153676329868683e-73,7.27927673362798e-73,7.406704547023165e-73,7.535980879310916e-73,7.667127020399605e-73,7.80016444185289e-73,7.935114797895891e-73,8.071999926423746e-73,8.2108418500128e-73,8.351662776934222e-73,8.494485102170172e-73,8.639331408432432e-73,8.786224467183565e-73,8.935187239660546e-73,9.086242877900923e-73,9.239414725771427e-73,9.394726319999113e-73,9.552201391204962e-73,9.71186386493998e-73,9.873737862723793e-73,1.0037847703085696e-72,1.0204217902608212e-72,1.0372873176973122e-72,1.0543838442009948e-72,1.0717138814746954e-72,1.0892799614464561e-72,1.1070846363751298e-72,1.1251304789562171e-72,1.1434200824279515e-72,1.1619560606776308e-72,1.180741048348195e-72,1.1997777009450517e-72,1.2190686949431434e-72,1.2386167278942624e-72,1.2584245185346132e-72,1.2784948068926188e-72,1.298830354396962e-72,1.3194339439848945e-72,1.3403083802107693e-72,1.361456489354824e-72,1.3828811195322086e-72,1.4045851408022654e-72,1.4265714452780343e-72,1.4488429472360166e-72,1.4714025832261777e-72,1.494253312182194e-72,1.5173981155319398e-72,1.5408399973082187e-72,1.5645819842597372e-72,1.5886271259623205e-72,1.6129784949303723e-72,1.6376391867285736e-72,1.6626123200838246e-72,1.6879010369974262e-72,1.713508502857506e-72,1.7394379065516862e-72,1.765692460579984e-72,1.792275401167963e-72,1.8191899883801179e-72,1.8464395062335048e-72,1.8740272628116059e-72,1.9019565903784402e-72,1.9302308454929083e-72,1.9588534091233813e-72,1.9878276867625222e-72,2.0171571085423507e-72,2.046845129349564e-72,2.0768952289410512e-72,2.1073109120596919e-72,2.1380957085503774e-72,2.1692531734762447e-72,2.2007868872352056e-72,2.2327004556766548e-72,2.2649975102184503e-72,2.2976817079641137e-72,2.330756731820281e-72,2.364226290614379e-72,2.398094119212546e-72,2.4323639786377847e-72,2.467039656188353e-72,2.50212496555639e-72,2.5376237469467794e-72,2.5735398671962444e-72,2.609877219892684e-72,2.6466397254947447e-72,2.6838313314516155e-72,2.721456012323074e-72,2.759517769899758e-72,2.79802063332367e-72,2.8369686592089227e-72,2.876365931762714e-72,2.916216562906535e-72,2.956524692397619e-72,2.99729448795061e-72,3.038530145359481e-72,3.0802358886196733e-72,3.122415970050472e-72,3.165074670417621e-72,3.208216299056153e-72,3.251845193993479e-72,3.295965722072677e-72,3.3405822790760444e-72,3.385699289848859e-72,3.431321208423384e-72,3.477452518143097e-72,3.524097731787157e-72,3.5712613916950967e-72,3.6189480698917463e-72,3.667162368212394e-72,3.715908918428166e-72,3.7651923823716523e-72,3.815017452062738e-72,3.865388849834692e-72,3.916311328460469e-72,3.9677896712792433e-72,4.0198286923231713e-72,4.0724332364443887e-72,4.125608179442231e-72,4.179358428190682e-72,4.233688920766055e-72,4.2886046265749035e-72,4.3441105464821445e-72,4.4002117129394297e-72,4.4569131901137433e-72,4.5142200740162097e-72,4.572137492631142e-72,4.630670606045315e-72,4.689824606577465e-72,4.749604718908017e-72,4.810016200209032e-72,4.871064340274395e-72,4.932754461650211e-72,4.99509191976544e-72,5.058082103062759e-72,5.121730433129639e-72,5.186042364829645e-72,5.251023386433989e-72,5.316679019753268e-72,5.383014820269458e-72,5.450036377268117e-72,5.517749313970821e-72,5.586159287667812e-72,5.655271989850892e-72,5.725093146346507e-72,5.795628517449093e-72,5.866883898054622e-72,5.938865117794367e-72,6.011578041168913e-72,6.085028567682364e-72,6.159222631976797e-72,6.234166203966928e-72,6.309865288974987e-72,6.386325927865846e-72,6.463554197182335e-72,6.54155620928081e-72,6.620338112466911e-72,6.69990609113158e-72,6.780266365887267e-72,6.861425193704365e-72,6.943388868047885e-72,7.02616371901432e-72,7.109756113468761e-72,7.194172455182209e-72,7.279419184969118e-72,7.36550278082516e-72,7.452429758065205e-72,7.540206669461523e-72,7.628840105382198e-72,7.71833669392978e-72,7.808703101080135e-72,7.899946030821511e-72,7.992072225293863e-72,8.085088464928344e-72,8.179001568587046e-72,8.273818393702941e-72,8.369545836420076e-72,8.466190831733929e-72,8.563760353632029e-72,8.662261415234773e-72,8.761701068936469e-72,8.862086406546584e-72,8.963424559431219e-72,9.065722698654812e-72,9.16898803512202e-72,9.273227819719853e-72,9.378449343460012e-72,9.484659937621437e-72,9.591866973893096e-72,9.700077864516937e-72,9.809300062431112e-72,9.919541061413385e-72,1.0030808396224766e-71,1.0143109642753348e-71,1.0256452418158378e-71,1.0370844381014527e-71,1.0486293231456372e-71,1.0602806711323107e-71,1.072039260430346e-71,1.0839058736080814e-71,1.0958812974478558e-71,1.1079663229605644e-71,1.1201617454002354e-71,1.1324683642786296e-71,1.144886983379858e-71,1.1574184107750236e-71,1.1700634588368836e-71,1.1828229442545338e-71,1.195697688048111e-71,1.2086885155835204e-71,1.2217962565871825e-71,1.2350217451608e-71,1.2483658197961478e-71,1.2618293233898836e-71,1.2754131032583795e-71,1.2891180111525737e-71,1.3029449032728452e-71,1.3168946402839066e-71,1.3309680873297226e-71,1.345166114048444e-71,1.3594895945873678e-71,1.373939407617913e-71,1.3885164363506241e-71,1.403221568550188e-71,1.4180556965504777e-71,1.4330197172696139e-71,1.448114532225049e-71,1.4633410475486705e-71,1.4787001740019268e-71,1.4941928269909728e-71,1.5098199265818361e-71,1.5255823975156055e-71,1.5414811692236393e-71,1.557517175842792e-71,1.5736913562306683e-71,1.5900046539808903e-71,1.6064580174383898e-71,1.6230523997147222e-71,1.6397887587033946e-71,1.6566680570952242e-71,1.6736912623937082e-71,1.6908593469304212e-71,1.7081732878804304e-71,1.7256340672777282e-71,1.7432426720306926e-71,1.7610000939375613e-71,1.7789073297019316e-71,1.7969653809482754e-71,1.815175254237481e-71,1.8335379610824097e-71,1.852054517963476e-71,1.8707259463442486e-71,1.8895532726870693e-71,1.9085375284686908e-71,1.927679750195951e-71,1.9469809794214377e-71,1.966442262759198e-71,1.986064651900463e-71,2.005849203629387e-71,2.025796979838811e-71,2.0459090475460487e-71,2.0661864789086862e-71,2.086630351240408e-71,2.1072417470268397e-71,2.1280217539414143e-71,2.1489714648612557e-71,2.1700919778830843e-71,2.1913843963391374e-71,2.212849828813122e-71,2.2344893891561747e-71,2.2563041965028473e-71,2.2782953752871145e-71,2.300464055258397e-71,2.322811371497609e-71,2.345338464433223e-71,2.3680464798573586e-71,2.3909365689418814e-71,2.4140098882545355e-71,2.437267599775086e-71,2.460710870911485e-71,2.4843408745160584e-71,2.5081587889017123e-71,2.5321657978581557e-71,2.5563630906681484e-71,2.5807518621237656e-71,2.605333312542685e-71,2.630108647784487e-71,2.655079079266986e-71,2.680245823982569e-71,2.705610104514567e-71,2.7311731490536347e-71,2.7569361914141566e-71,2.782900471050668e-71,2.809067233074301e-71,2.835437728269252e-71,2.8620132131092572e-71,2.8887949497741015e-71,2.915784206166137e-71,2.9429822559268274e-71,2.9703903784533074e-71,2.99800985891497e-71,3.0258419882700626e-71,3.0538880632823057e-71,3.0821493865375382e-71,3.110627266460377e-71,3.139323017330891e-71,3.1682379593013052e-71,3.197373418412719e-71,3.2267307266118397e-71,3.256311221767745e-71,3.2861162476886547e-71,3.316147154138735e-71,3.3464052968549063e-71,3.3768920375636777e-71,3.4076087439980107e-71,3.4385567899141832e-71,3.4697375551086893e-71,3.50115242543515e-71,3.5328027928212415e-71,3.564690055285654e-71,3.5968156169550538e-71,3.629180888081081e-71,3.661787285057352e-71,3.694636230436495e-71,3.727729152947189e-71,3.7610674875112354e-71,3.794652675260648e-71,3.828486163554749e-71,3.8625694059973024e-71,3.896903862453653e-71,3.931490999067885e-71,3.9663322882800135e-71,4.001429208843179e-71,4.0367832458408675e-71,4.072395890704152e-71,4.108268641228949e-71,4.144403001593296e-71,4.180800482374647e-71,4.217462600567192e-71,4.254390879599181e-71,4.291586849350292e-71,4.32905204616899e-71,4.366788012889921e-71,4.404796298851331e-71,4.443078459912481e-71,4.481636058471108e-71,4.5204706634808785e-71,4.559583850468889e-71,4.598977201553157e-71,4.638652305460149e-71,4.6786107575423285e-71,4.718854159795708e-71,4.759384120877432e-71,4.8002022561233765e-71,4.841310187565767e-71,4.8827095439508096e-71,4.924401960756353e-71,4.966389080209557e-71,5.008672551304581e-71,5.051254029820303e-71,5.094135178338041e-71,5.137317666259312e-71,5.180803169823584e-71,5.224593372126074e-71,5.268689963135543e-71,5.313094639712124e-71,5.3578091056251604e-71,5.402835071571068e-71,5.448174255191209e-71,5.493828381089793e-71,5.539799180851787e-71,5.586088393060857e-71,5.632697763317309e-71,5.679629044256069e-71,5.726883995564668e-71,5.774464384001248e-71,5.822371983412595e-71,5.870608574752172e-71,5.919175946098189e-71,5.968075892671685e-71,6.01731021685462e-71,6.066880728207999e-71,6.116789243490006e-71,6.167037586674164e-71,6.21762758896749e-71,6.268561088828708e-71,6.319839931986443e-71,6.37146597145745e-71,6.42344106756487e-71,6.475767087956477e-71,6.5284459076229796e-71,6.5814794089162986e-71,6.634869481567903e-71,6.688618022707141e-71,6.74272693687959e-71,6.797198136065437e-71,6.852033539697863e-71,6.907235074681455e-71,6.962804675410632e-71,7.018744283788087e-71,7.075055849243258e-71,7.131741328750801e-71,7.188802686849087e-71,7.246241895658735e-71,7.304060934901126e-71,7.362261791916968e-71,7.420846461684872e-71,7.479816946839919e-71,7.539175257692293e-71,7.598923412245889e-71,7.659063436216962e-71,7.719597363052788e-71,7.78052723395033e-71,7.841855097874955e-71,7.903583011579133e-71,7.96571303962117e-71,8.028247254383964e-71,8.091187736093766e-71,8.154536572838973e-71,8.218295860588914e-71,8.282467703212692e-71,8.34705421249801e-71,8.41205750817003e-71,8.477479717910243e-71,8.543322977375364e-71,8.609589430216244e-71,8.676281228096788e-71,8.743400530712907e-71,8.81094950581148e-71,8.878930329209321e-71,8.947345184812202e-71,9.016196264633833e-71,9.085485768814931e-71,9.155215905642238e-71,9.225388891567606e-71,9.296006951227083e-71,9.367072317460006e-71,9.438587231328118e-71,9.510553942134725e-71,9.582974707443833e-71,9.655851793099321e-71,9.729187473244139e-71,9.802984030339512e-71,9.877243755184163e-71,9.951968946933549e-71,1.0027161913119136e-70,1.0102824969667658e-70,1.0178960440920421e-70,1.0255570659652613e-70,1.0332657967092632e-70,1.0410224712941424e-70,1.0488273255391864e-70,1.0566805961148117e-70,1.0645825205445047e-70,1.0725333372067633e-70,1.0805332853370387e-70,1.0885826050296824e-70,1.0966815372398907e-70,1.1048303237856548e-70,1.1130292073497099e-70,1.1212784314814875e-70,1.1295782405990687e-70,1.1379288799911392e-70,1.1463305958189465e-70,1.154783635118258e-70,1.1632882458013229e-70,1.171844676658832e-70,1.1804531773618836e-70,1.1891139984639473e-70,1.1978273914028315e-70,1.2065936085026534e-70,1.2154129029758084e-70,1.2242855289249428e-70,1.2332117413449278e-70,1.2421917961248335e-70,1.2512259500499103e-70,1.260314460803564e-70,1.2694575869693369e-70,1.278655588032893e-70,1.2879087243839989e-70,1.2972172573185128e-70,1.3065814490403677e-70,1.3160015626635647e-70,1.3254778622141612e-70,1.3350106126322656e-70,1.3446000797740288e-70,1.354246530413642e-70,1.3639502322453346e-70,1.3737114538853712e-70,1.3835304648740542e-70,1.3934075356777274e-70,1.4033429376907772e-70,1.4133369432376406e-70,1.4233898255748128e-70,1.4335018588928558e-70,1.443673318318409e-70,1.4539044799162034e-70,1.464195620691073e-70,1.4745470185899743e-70,1.484958952504e-70,1.4954317022704017e-70,1.505965548674609e-70,1.5165607734522507e-70,1.5272176592911825e-70,1.537936489833509e-70,1.5487175496776148e-70,1.5595611243801907e-70,1.570467500458265e-70,1.5814369653912383e-70,1.5924698076229137e-70,1.6035663165635364e-70,1.6147267825918275e-70,1.625951497057026e-70,1.6372407522809285e-70,1.6485948415599294e-70,1.6600140591670676e-70,1.671498700354071e-70,1.6830490613534034e-70,1.6946654393803134e-70,1.706348132634885e-70,1.7180974403040908e-70,1.7299136625638426e-70,1.7417971005810496e-70,1.753748056515675e-70,1.7657668335227923e-70,1.7778537357546494e-70,1.7900090683627266e-70,1.802233137499802e-70,1.8145262503220173e-70,1.8268887149909416e-70,1.8393208406756427e-70,1.8518229375547546e-70,1.8643953168185514e-70,1.8770382906710196e-70,1.8897521723319313e-70,1.902537276038922e-70,1.9153939170495693e-70,1.9283224116434697e-70,1.941323077124323e-70,1.9543962318220128e-70,1.9675421950946922e-70,1.9807612873308695e-70,1.9940538299514944e-70,2.007420145412049e-70,2.0208605572046387e-70,2.034375389860083e-70,2.0479649689500104e-70,2.0616296210889535e-70,2.075369673936447e-70,2.0891854561991257e-70,2.1030772976328253e-70,2.117045529044683e-70,2.1310904822952427e-70,2.145212490300561e-70,2.159411887034309e-70,2.1736890075298883e-70,2.1880441878825325e-70,2.2024777652514246e-70,2.2169900778618066e-70,2.231581465007097e-70,2.2462522670510042e-70,2.2610028254296463e-70,2.2758334826536678e-70,2.2907445823103645e-70,2.3057364690658014e-70,2.3208094886669413e-70,2.3359639879437658e-70,2.3512003148114056e-70,2.366518818272268e-70,2.3819198484181666e-70,2.3974037564324565e-70,2.4129708945921623e-70,2.428621616270117e-70,2.4443562759370983e-70,2.4601752291639632e-70,2.4760788326237938e-70,2.492067444094032e-70,2.5081414224586246e-70,2.5243011277101712e-70,2.5405469209520647e-70,2.556879164400643e-70,2.573298221387332e-70,2.589804456360803e-70,2.6063982348891207e-70,2.6230799236618983e-70,2.6398498904924506e-70,2.6567085043199534e-70,2.6736561352116003e-70,2.690693154364763e-70,2.7078199341091498e-70,2.7250368479089735e-70,2.74234427036511e-70,2.7597425772172703e-70,2.7772321453461615e-70,2.7948133527756615e-70,2.8124865786749856e-70,2.8302522033608596e-70,2.8481106082996952e-70,2.8660621761097613e-70,2.8841072905633634e-70,2.902246336589022e-70,2.920479700273649e-70,2.9388077688647325e-70,2.957230930772518e-70,2.975749575572192e-70,2.9943640940060696e-70,3.013074877985777e-70,3.031882320594447e-70,3.050786816088905e-70,3.0697887599018595e-70,3.0888885486441e-70,3.108086580106688e-70,3.1273832532631543e-70,3.146778968271697e-70,3.166274126477381e-70,3.1858691304143373e-70,3.2055643838079695e-70,3.225360291577152e-70,3.245257259836438e-70,3.2652556958982665e-70,3.2853560082751705e-70,3.305558606681987e-70,3.325863902038067e-70,3.346272306469491e-70,3.366784233311278e-70,3.3874000971096065e-70,3.408120313624031e-70,3.4289452998296994e-70,3.4498754739195697e-70,3.4709112553066406e-70,3.492053064626167e-70,3.5133013237378884e-70,3.534656455728251e-70,3.556118884912643e-70,3.577689036837615e-70,3.599367338283116e-70,3.6211542172647255e-70,3.6430501030358846e-70,3.665055426090128e-70,3.6871706181633323e-70,3.7093961122359414e-70,3.7317323425352125e-70,3.754179744537453e-70,3.776738754970267e-70,3.799409811814797e-70,3.822193354307974e-70,3.845089822944752e-70,3.868099659480369e-70,3.8912233069325924e-70,3.914461209583966e-70,3.9378138129840693e-70,3.9612815639517694e-70,3.9848649105774706e-70,4.008564302225383e-70,4.0323801895357734e-70,4.0563130244272204e-70,4.080363260098888e-70,4.10453135103278e-70,4.1288177529960054e-70,4.1532229230430474e-70,4.1777473195180266e-70,4.202391402056972e-70,4.2271556315900914e-70,4.252040470344039e-70,4.277046381844195e-70,2.6546181251569436e-31,1.3096614511107558e-30,3.8437077121344335e-30,8.850427908196804e-30,1.7624334069685765e-29,3.181894827726623e-29,5.349974681069114e-29,8.520283430438157e-29,1.2999989143775074e-28,1.9157002402542315e-28,2.742792055855668e-28,3.8326807514040214e-28,5.245489289214965e-28,7.051128295925868e-28,9.33047850432823e-28,1.217669575616194e-27,1.5696650923633015e-27,2.0012518375479288e-27,2.5263528016463237e-27,3.160789748279182e-27,3.92249627962361e-27,4.8317527686517e-27,5.91144539049683e-27,7.187351719747572e-27,8.68845562058246e-27,1.0447294445614272e-26,1.2500341880202333e-26,1.488843012571448e-26,1.7657215511931412e-26,2.0857692070195457e-26,2.4546758090386624e-26,2.8783595504751947e-26,3.3647342644631624e-26,3.921238131863361e-26,4.556616038398816e-26,5.28058783675945e-26,6.103950891931648e-26,7.03869338472955e-26,8.098119539857831e-26,9.296988077622675e-26,1.0651665337189273e-25,1.218029468610317e-25,1.3902984017962077e-25,1.5842013350294356e-25,1.802206477085577e-25,2.0470477246121732e-25,2.321752910462543e-25,2.629675134439196e-25,2.974527529314243e-25,3.3604218577960675e-25,3.791911384998143e-25,4.274038521644071e-25,4.812387806788319e-25,5.413144849097506e-25,6.083161944585103e-25,6.830031166726297e-25,7.662165830758309e-25,8.588891349241242e-25,9.620546627679786e-25,1.0768597298958801e-24,1.2045762266212742e-24,1.3466155218654604e-24,1.5045443007440712e-24,1.6801023023033926e-24,1.8752223078580886e-24,2.0920520133632078e-24,2.332979708593185e-24,2.6006619779855e-24,2.8980554403061622e-24,3.2284523512934944e-24,3.595520710734628e-24,4.003349485462947e-24,4.456499648972668e-24,4.960061841528958e-24,5.519721574161063e-24,6.141833038515633e-24,6.833502745503167e-24,7.602683744909247e-24,8.458286009859015e-24,9.41029501765296e-24,1.0469913584265652e-23,1.1649720390103131e-23,1.2963851244962155e-23,1.4428205834492603e-23,1.6060684818973378e-23,1.7881428644081644e-23,1.9913258091397442e-23,2.218183213541344e-23,2.471620876227634e-23,2.7549254872978024e-23,3.071821243410289e-23,3.426532362742904e-23,3.823855987062231e-23,4.2692466671820436e-23,4.7689144089003475e-23,5.329938655767283e-23,5.96040102455987e-23,6.669540150449445e-23,7.467932650405867e-23,8.367705008761092e-23,9.382782093414285e-23,1.0529179321120093e-22,1.1825346675296678e-22,1.329257468438265e-22,1.495547455588591e-22,1.6842547177638933e-22,1.8986858955435527e-22,2.142684607201514e-22,2.4207275660388584e-22,2.7380392290273626e-22,3.1007295870056424e-22,3.515959619929135e-22,3.9921407274390447e-22,4.539175689664796e-22,5.16875061345525e-22,5.89468961030366e-22,6.733387734694746e-22,7.704335859967776e-22,8.830772469583118e-22,1.0140475989098604e-21,1.1666746408738198e-21,1.3449618525966977e-21,1.5537367525444e-21,1.7988383452011705e-21,2.087351276051425e-21,2.4278993214321963e-21,2.8310145047444e-21,3.3096029902521475e-21,3.8795350298194926e-21,4.560394842089578e-21,5.376436944107892e-21,6.3578101600716504e-21,7.542129612770836e-21,8.976502718878743e-21,1.072014897964453e-20,1.2847799064559022e-20,1.5454119076456208e-20,1.8659487540004536e-20,2.261756173501815e-20,2.7525217480548146e-20,3.363564644571129e-20,4.1275667997189524e-20,5.086869098747965e-20,6.296529305492087e-20,7.828415456374891e-20,9.776723292093539e-20,1.226548487516753e-19,1.5458925867954698e-19,1.9576023038711458e-19,2.491149165021781e-19,3.186705596706499e-19,4.0999971571274615e-19,5.31019708583469e-19,6.933465280125515e-19,9.147514572098074e-19,1.22389015499395e-18,1.6699856669370256e-18,2.3439924800936095e-18,3.42829618458544e-18,5.323463861160476e-18,9.003712050774402e-18,1.7119293847728914e-17,3.7738831507134215e-17,9.791270721495802e-17,2.949175728890256e-16,9.989338656745504e-16,3.692740959094272e-15,1.434417512865121e-14,5.846238216754964e-14,2.9085570748793913e-13,1.6851901350007708e-12,8.100234671042718e-12,2.7994080918935068e-11,7.073796017421773e-11,1.3799560721501355e-10,2.1977791947724086e-10,3.00408780954424e-10,3.674872649735726e-10,4.158362605783749e-10,4.461690562077868e-10,4.620618412723146e-10,4.676300068020464e-10,4.663929142105505e-10,4.6096397355220206e-10,4.5313055339929287e-10,4.440518904550905e-10,4.344521464403953e-10,4.2477014542484084e-10,4.152638174092803e-10,4.060788917869044e-10,3.972925267526772e-10,3.8894043799842123e-10,3.8103355462526763e-10,3.7356817255491503e-10,3.6653212289672815e-10,3.59908515685094e-10,3.5367801307575054e-10,3.478202107872256e-10,3.4231447750693526e-10,3.3714046332453346e-10,3.322784046733006e-10,3.2770930305656097e-10,3.2341502460662834e-10,3.1937834937084165e-10,3.1558298823974497e-10,3.1201357880235933e-10,3.0865566735250747e-10,3.054956817810687e-10,3.025208985308041e-10,2.997194058034677e-10,2.970800645664835e-10,2.945924684773079e-10,2.9224690353976536e-10,2.900343081090911e-10,2.8794623368894525e-10,2.8597480685525816e-10,2.841126925468822e-10,2.8235305888988024e-10,2.8068954366453715e-10,2.79116222479657e-10,2.7762757868046905e-10,2.762184749892395e-10,2.74884126853893e-10,2.736200774648145e-10,2.7242217438384453e-10,2.7128654772475575e-10,2.702095898150006e-10,2.691879362619368e-10,2.6821844835328823e-10,2.672981967117433e-10,2.6642444612910195e-10,2.6559464150571144e-10,2.648063948233817e-10,2.6405747308216835e-10,2.6334578713537695e-10,2.6266938135754056e-10,2.620264240886304e-10,2.614151987963564e-10,2.608340959036821e-10,2.60281605232186e-10,2.5975630901581874e-10,2.5925687544013146e-10,2.5878205266892874e-10,2.5833066331837867e-10,2.5790159934675024e-10,2.57493817326799e-10,2.5710633406884047e-10,2.567382225715396e-10,2.5638860827096643e-10,2.560566655672911e-10,2.5574161460627686e-10,2.5544271829543074e-10,2.551592795386356e-10,2.54890638669467e-10,2.5463617106997726e-10,2.543952849595664e-10,2.541674193413062e-10,2.539520420933893e-10,2.537486481944185e-10,2.5355675807297103e-10,2.533759160712087e-10,2.5320568901441386e-10,2.530456648783171e-10,2.528954515469444e-10,2.527546756539062e-10,2.5262298150149353e-10,2.525000300513878e-10,2.5238549798177356e-10,2.5227907680635793e-10,2.521804720502971e-10,2.520894024792024e-10,2.5200559937742844e-10,2.519288058720364e-10,2.518587762992046e-10,2.5179527561017246e-10,2.517380788138538e-10,2.5168697045363726e-10,2.5164174411597077e-10,2.516022019686003e-10,2.515681543264272e-10,2.515394192430097e-10,2.5151582212624333e-10,2.514971953763286e-10,2.5148337804466364e-10,2.514742155123681e-10,2.5146955918702685e-10,2.5146926621676096e-10,2.51473199219711e-10,2.5148122602914753e-10,2.514932194522728e-10,2.515090570423367e-10,2.515286208828082e-10,2.5155179738342665e-10,2.515784770869244e-10,2.516085540631571e-10,2.5164192737042094e-10,2.5167849862109777e-10,2.51718173078332e-10,2.517608593660224e-10,2.518064692911434e-10,2.5185491769945124e-10,2.519061223454235e-10,2.5196000377059547e-10,2.520164851887028e-10,2.5207549237670635e-10,2.5213695357028356e-10,2.5220079936587245e-10,2.5226696262635625e-10,2.523353783912608e-10,2.5240598379111685e-10,2.5247871796648046e-10,2.525535219897777e-10,2.526303387914631e-10,2.527091130884218e-10,2.527897913179143e-10,2.5287232157149445e-10,2.5295665353403103e-10,2.5304273842459884e-10,2.53130528940028e-10,2.532199792010378e-10,2.5331104470058913e-10,2.534036822543788e-10,2.534978499539758e-10,2.535935071208349e-10,2.5369061426339637e-10,2.5378913303547203e-10,2.538890261963189e-10,2.5399025757205723e-10,2.540927920198951e-10,2.541965953918137e-10,2.543016345019791e-10,2.5440787709379493e-10,2.5451529180838254e-10,2.546238481552537e-10,2.5473351648346907e-10,2.548442679546008e-10,2.549560745144551e-10,2.5506890886986054e-10,2.5518274446278705e-10,2.552975554469809e-10,2.55413316665702e-10,2.5553000362901443e-10,2.5564759249300006e-10,2.5576606004183896e-10,2.558853836642653e-10,2.5600554133759635e-10,2.5612651160841226e-10,2.5624827357620905e-10,2.5637080687562044e-10,2.5649409166070123e-10,2.566181085891049e-10,2.567428388070912e-10,2.5686826393493236e-10,2.569943660529252e-10,2.571211276880858e-10,2.5724853180012377e-10,2.57376561770232e-10,2.5750520138781783e-10,2.5763443483932474e-10,2.577642466963972e-10,2.5789462190519225e-10,2.5802554577556903e-10,2.581570039711223e-10,2.582889824987067e-10,2.5842146769974266e-10,2.585544462394194e-10,2.586879050993581e-10,2.588218315684957e-10,2.5895621323321717e-10,2.5909103797110557e-10,2.5922629394255876e-10,2.593619695822793e-10,2.5949805359291295e-10,2.5963453493734557e-10,2.597714028321896e-10,2.599086467404466e-10,2.6004625636548774e-10,2.6018422164453893e-10,2.6032253274271056e-10,2.604611800468794e-10,2.6060015416007065e-10,2.6073944589614657e-10,2.608790462734457e-10,2.6101894651075254e-10,2.6115913802161807e-10,2.6129961240894685e-10,2.6144036146146734e-10,2.6158137714798566e-10,2.6172265161280803e-10,2.6186417717256543e-10,2.62005946310517e-10,2.621479516734069e-10,2.6229018606692695e-10,2.624326424520018e-10,2.6257531394116244e-10,2.627181937945833e-10,2.6286127541654464e-10,2.6300455235223363e-10,2.631480182840445e-10,2.632916670284205e-10,2.6343549253249424e-10,2.635794888712854e-10,2.6372365024448824e-10,2.6386797097370123e-10,2.6401244549971354e-10,2.641570683789126e-10,2.6430183428146973e-10,2.6444673798807316e-10,2.6459177438800433e-10,2.647369384761899e-10,2.6488222535113223e-10,2.650276302120068e-10,2.6517314835601865e-10,2.6531877517802224e-10,2.6546450616652493e-10,2.65610336902525e-10,2.657562630566227e-10,2.659022803888017e-10,2.6604838474260576e-10,2.661945720470035e-10,2.663408383142852e-10,2.6648717963601254e-10,2.6663359218311845e-10,2.667800722031946e-10,2.66926616019897e-10,2.670732200293661e-10,2.6721988070042487e-10,2.673665945731658e-10,2.6751335825532235e-10,2.6766016842282255e-10,2.6780702181723737e-10,2.679539152462921e-10,2.6810084557942593e-10,2.682478097486128e-10,2.683948047466841e-10,2.685418276251186e-10,2.686888754942114e-10,2.688359455209438e-10,2.689830349280058e-10,2.6913014099238604e-10,2.692772610454277e-10,2.6942439247019535e-10,2.695715327001671e-10,2.697186792203055e-10,2.6986582956409087e-10,2.700129813127e-10,2.7016013209627465e-10,2.703072795892002e-10,2.7045442151206825e-10,2.7060155563066217e-10,2.707486797515188e-10,2.70895791724775e-10,2.710428894458847e-10,2.711899708472019e-10,2.7133703390171404e-10,2.7148407662285995e-10,2.71631097061657e-10,2.717780933075921e-10,2.719250634867011e-10,2.7207200576141687e-10,2.7221891832939017e-10,2.7236579942457906e-10,2.72512647312904e-10,2.7265946029583405e-10,2.728062367059238e-10,2.729529749099971e-10,2.73099673304908e-10,2.732463303192605e-10,2.7339294441138615e-10,2.7353951407032243e-10,2.736860378132565e-10,2.738325141875049e-10,2.7397894176756973e-10,2.7412531915559966e-10,2.742716449813365e-10,2.7441791790063397e-10,2.745641365953461e-10,2.7471029977406794e-10,2.748564061686839e-10,2.750024545369178e-10,2.7514844366145517e-10,2.7529437234574154e-10,2.7544023941919913e-10,2.755860437335221e-10,2.757317841626406e-10,2.758774596024372e-10,2.7602306897065094e-10,2.761686112059707e-10,2.763140852678724e-10,2.7645949013694166e-10,2.766048248133969e-10,2.7675008831491216e-10,2.7689527968312046e-10,2.770403979758064e-10,2.7718544226891703e-10,2.7733041165814256e-10,2.774753052565428e-10,2.776201221948204e-10,2.7776486162146117e-10,2.7790952270090673e-10,2.780541046152823e-10,2.781986065629372e-10,2.783430277591923e-10,2.7848736743235363e-10,2.7863162482923994e-10,2.7877579921089503e-10,2.7891988985327437e-10,2.7906389604763065e-10,2.7920781709882827e-10,2.793516523265644e-10,2.794954010647636e-10,2.796390626599329e-10,2.797826364732692e-10,2.7992612187858876e-10,2.8006951826292136e-10,2.802128250261675e-10,2.803560415809142e-10,2.804991673516633e-10,2.8064220177547794e-10,2.807851443010863e-10,2.8092799438930066e-10,2.8107075151068334e-10,2.812134151506345e-10,2.8135598480277047e-10,2.814984599726597e-10,2.8164084017626613e-10,2.8178312494047396e-10,2.8192531380232513e-10,2.820674063090815e-10,2.8220940201812203e-10,2.823513004966218e-10,2.8249310132238126e-10,2.8263480407999306e-10,2.827764083660766e-10,2.8291791378558105e-10,2.830593199524329e-10,2.832006264895871e-10,2.833418330286364e-10,2.8348293920947724e-10,2.8362394468137783e-10,2.8376484910097726e-10,2.8390565213347795e-10,2.840463534520945e-10,2.8418695273832965e-10,2.8432744967953e-10,2.8446784397317026e-10,2.846081353229457e-10,2.847483234401867e-10,2.8488840804329463e-10,2.8502838885835697e-10,2.851682656176552e-10,2.8530803806009957e-10,2.8544770593322423e-10,2.8558726898970893e-10,2.8572672698942277e-10,2.8586607969806003e-10,2.860053268880287e-10,2.8614446833832103e-10,2.862835038328695e-10,2.8642243316271613e-10,2.865612561245427e-10,2.866999725204109e-10,2.868385821594543e-10,2.8697708485580843e-10,2.8711548042755385e-10,2.8725376869965327e-10,2.8739194950386785e-10,2.875300226742932e-10,2.876679880520719e-10,2.8780584548303534e-10,2.879435948181621e-10,2.8808123591279564e-10,2.882187686278242e-10,2.883561928291469e-10,2.8849350838569523e-10,2.8863071517270605e-10,2.8876781306934283e-10,2.8890480195960135e-10,2.8904168173142205e-10,2.8917845227723086e-10,2.8931511349372255e-10,2.894516652816924e-10,2.895881075458359e-10,2.897244401962923e-10,2.898606631452246e-10,2.899967763091719e-10,2.9013277960919406e-10,2.9026867297013167e-10,2.904044563201093e-10,2.905401295909811e-10,2.906756927178201e-10,2.9081114564087874e-10,2.909464883021277e-10,2.910817206481719e-10,2.9121684262693883e-10,2.913518541922197e-10,2.9148675529993033e-10,2.916215459088248e-10,2.917562259815789e-10,2.9189079548336675e-10,2.9202525438283954e-10,2.9215960265149476e-10,2.9229384026372464e-10,2.9242796719690607e-10,2.9256198343137307e-10,2.9269588895013035e-10,2.928296837391346e-10,2.929633677864248e-10,2.930969410835171e-10,2.932304036239052e-10,2.9336375540435286e-10,2.934969964237025e-10,2.9363012668371196e-10,2.9376314618770535e-10,2.938960549427286e-10,2.94028852956956e-10,2.941615402414864e-10,2.942941168098571e-10,2.9442658267760267e-10,2.94558937862577e-10,2.946911823851452e-10,2.948233162673446e-10,2.9495533953374027e-10,2.950872522102351e-10,2.9521905432552894e-10,2.9535074591020295e-10,2.954823269966913e-10,2.956137976191385e-10,2.9574515781412445e-10,2.9587640762000797e-10,2.9600754707652057e-10,2.961385762256283e-10,2.962694951110083e-10,2.964003037781445e-10,2.9653100227404086e-10,2.9666159064783905e-10,2.967920689498627e-10,2.96922437233089e-10,2.970526955496477e-10,2.971828439559605e-10,2.9731288250893407e-10,2.9744281126745397e-10,2.97572630290263e-10,2.977023396399484e-10,2.9783193937896495e-10,2.979614295716105e-10,2.980908102839138e-10,2.9822008158279865e-10,2.9834924353632744e-10,2.984782962155755e-10,2.9860723969101296e-10,2.987360740351214e-10,2.9886479932108026e-10,2.9899341562483996e-10,2.991219230222059e-10,2.992503215903873e-10,2.993786114081835e-10,2.995067925556673e-10,2.9963486511209713e-10,2.997628291611567e-10,2.9989068478522544e-10,3.0001843206941823e-10,3.001460710970976e-10,3.0027360195585124e-10,3.004010247328494e-10,3.0052833951525484e-10,3.0065554639393145e-10,3.0078264545870506e-10,3.009096368006069e-10,3.0103652051231057e-10,3.011632966858458e-10,3.0128996541359377e-10,3.014165267941032e-10,3.015429809217549e-10,3.01669327892813e-10,3.017955678044535e-10,3.0192170075504866e-10,3.0204772684447215e-10,3.021736461713312e-10,3.022994588358433e-10,3.024251649404735e-10,3.025507645864516e-10,3.0267625787691773e-10,3.02801644915445e-10,3.0292692580630605e-10,3.0305210065431806e-10,3.0317716956503115e-10,3.0330213264461574e-10,3.0342698999980115e-10,3.035517417387966e-10,3.036763879693127e-10,3.0380092880012043e-10,3.0392536434031786e-10,3.0404969470043136e-10,3.0417391999063475e-10,3.0429804032210323e-10,3.0442205580599256e-10,3.0454596655495957e-10,3.04669772681843e-10,3.047934742998e-10,3.049170715230992e-10,3.050405644645351e-10,3.0516395323939316e-10,3.052872379629244e-10,3.054104187508727e-10,3.055334957199307e-10,3.056564689852865e-10,3.057793386645695e-10,3.059021048746613e-10,3.060247677342633e-10,3.0614732736138816e-10,3.0626978387405337e-10,3.0639213739188483e-10,3.0651438803467607e-10,3.066365359209209e-10,3.0675858117152124e-10,3.0688052390738565e-10,3.070023642478908e-10,3.0712410231439773e-10,3.072457382297105e-10,3.073672721145407e-10,3.074887040916524e-10,3.07610034282135e-10,3.077312628099626e-10,3.078523897972416e-10,3.079734153681549e-10,3.080943396451764e-10,3.082151627522447e-10,3.0833588481397133e-10,3.0845650595434183e-10,3.0857702629774465e-10,3.086974459691941e-10,3.0881776509357553e-10,3.089379837959567e-10,3.0905810220186673e-10,3.0917812043704663e-10,3.0929803862716356e-10,3.0941785689825735e-10,3.0953757537674985e-10,3.096571941892766e-10,3.0977671346194764e-10,3.098961333216126e-10,3.1001545389514395e-10,3.1013467530966063e-10,3.102537976925181e-10,3.1037282117102717e-10,3.104917458727804e-10,3.1061057192544334e-10,3.1072929945657233e-10,3.108479285943583e-10,3.1096645946722766e-10,3.1108489220259047e-10,3.1120322692899854e-10,3.113214637749046e-10,3.11439602868756e-10,3.115576443390395e-10,3.116755883146202e-10,3.11793434924127e-10,3.1191118429646776e-10,3.120288365606759e-10,3.1214639184477934e-10,3.1226385027941344e-10,3.1238121199329173e-10,3.1249847711524097e-10,3.12615645774612e-10,3.127327181006122e-10,3.128496942226888e-10,3.129665742693063e-10,3.130833583717697e-10,3.1320004665861516e-10,3.133166392593177e-10,3.1343313630347196e-10,3.135495379205229e-10,3.136658442401879e-10,3.137820553920748e-10,3.138981715054388e-10,3.140141927103335e-10,3.141301191362848e-10,3.1424595091283364e-10,3.143616881696478e-10,3.144773310363085e-10,3.14592879642496e-10,3.14708334117847e-10,3.148236945924498e-10,3.149389611947338e-10,3.1505413405471126e-10,3.151692133029158e-10,3.1528419906750354e-10,3.1539909147843283e-10,3.155138906653133e-10,3.1562859675749847e-10,3.157432098844838e-10,3.158577301753896e-10,3.1597215775981964e-10,3.1608649276696136e-10,3.1620073532556864e-10,3.1631488556524996e-10,3.164289436155055e-10,3.1654290960448293e-10,3.166567836614896e-10,3.1677056591576164e-10,3.1688425649583917e-10,3.1699785553083597e-10,3.1711136314923196e-10,3.1722477947957783e-10,3.1733810465098065e-10,3.174513387917147e-10,3.1756448203010294e-10,3.176775344947639e-10,3.1779049631387195e-10,3.179033676157751e-10,3.180161485284761e-10,3.181288391800156e-10,3.1824143969835854e-10,3.183539502113616e-10,3.1846637084680133e-10,3.1857870173241735e-10,3.186909429956615e-10,3.188030947640815e-10,3.189151571650828e-10,3.1902713032590985e-10,3.191390143737545e-10,3.1925080943572225e-10,3.193625156386256e-10,3.194741331106994e-10,3.1958566197625363e-10,3.1969710236377515e-10,3.1980845439856525e-10,3.19919718209209e-10,3.2003089391905804e-10,3.201419816554304e-10,3.202529815445565e-10,3.2036389371248485e-10,3.204747182850609e-10,3.20585455387717e-10,3.2069610514599434e-10,3.2080666768572613e-10,3.209171431320698e-10,3.210275316101247e-10,3.2113783324496936e-10,3.212480481615616e-10,3.213581764850333e-10,3.2146821833937444e-10,3.2157817385007024e-10,3.2168804314078334e-10,3.217978263358876e-10,3.219075235590585e-10,3.2201713493466007e-10,3.221266605869119e-10,3.2223610063895676e-10,3.223454552144978e-10,3.224547244362004e-10,3.225639084289864e-10,3.2267300731512295e-10,3.2278202121734806e-10,3.228909502590551e-10,3.229997945626057e-10,3.2310855425045836e-10,3.232172294450404e-10,3.23325820268367e-10,3.2343432684301033e-10,3.235427492903728e-10,3.2365108773276506e-10,3.237593422915015e-10,3.23867513088094e-10,3.2397560024387626e-10,3.240836038799459e-10,3.2419152411724243e-10,3.2429936107681426e-10,3.2440711487917196e-10,3.24514785644832e-10,3.2462237349400385e-10,3.247298785470251e-10,3.2483730092375075e-10,3.2494464074442353e-10,3.250518981286421e-10,3.251590731957643e-10,3.252661660652883e-10,3.2537317685635456e-10,3.2548010568808476e-10,3.2558695267939317e-10,3.2569371794922996e-10,3.258004016163653e-10,3.259070037979318e-10,3.260135246147058e-10,3.2611996418113587e-10,3.2622632261694046e-10,3.2633260003977374e-10,3.2643879656717253e-10,3.265449123165392e-10,3.2665094740500724e-10,3.2675690194952306e-10,3.268627760672185e-10,3.269685698746344e-10,3.270742834880873e-10,3.2717991702451905e-10,3.27285470599265e-10,3.2739094432935956e-10,3.2749633832944184e-10,3.2760165271571423e-10,3.2770688760314993e-10,3.278120431085024e-10,3.279171193456159e-10,3.280221164299643e-10,3.281270344757239e-10,3.282318735980205e-10,3.28336633911313e-10,3.2844131552928105e-10,3.2854591856647396e-10,3.286504431366161e-10,3.2875488935339767e-10,3.288592573291731e-10,3.2896354717977714e-10,3.290677590171058e-10,3.29171892953943e-10,3.2927594910351197e-10,3.293799275779096e-10,3.29483828490341e-10,3.295876519527899e-10,3.296913980772614e-10,3.2979506697551594e-10,3.29898658759662e-10,3.3000217354076444e-10,3.301056114304806e-10,3.302089725397425e-10,3.3031225698011507e-10,3.304154648621426e-10,3.305185962965637e-10,3.306216513936085e-10,3.3072463026320005e-10,3.3082753301581877e-10,3.309303597616859e-10,3.3103311061165394e-10,3.311357856736066e-10,3.3123838505846583e-10,3.3134090887345185e-10,3.314433572284286e-10,3.3154573023248486e-10,3.3164802799423115e-10,3.3175025062192727e-10,3.3185239822423036e-10,3.3195447090902634e-10,3.320564687842914e-10,3.3215839195781257e-10,3.322602405370832e-10,3.3236201462957437e-10,3.3246371434250413e-10,3.325653397833613e-10,3.326668910593672e-10,3.327683682749861e-10,3.32869771538261e-10,3.3297110095541375e-10,3.3307235663257873e-10,3.3317353867536936e-10,3.332746471898522e-10,3.333756822812824e-10,3.334766440554303e-10,3.3357753261752346e-10,3.3367834807293007e-10,3.337790905255809e-10,3.3387976008047827e-10,3.339803568424237e-10,3.3408088091558465e-10,3.3418133240406004e-10,3.342817114119579e-10,3.343820180429289e-10,3.3448225239985906e-10,3.3458241458719634e-10,3.3468250470652027e-10,3.347825228635348e-10,3.3488246916000024e-10,3.349823436980839e-10,3.3508214658059443e-10,3.351818779094487e-10,3.352815377882064e-10,3.353811263172655e-10,3.3548064359874523e-10,3.3558008973447986e-10,3.3567946482596256e-10,3.3577876897454627e-10,3.3587800228108513e-10,3.3597716484635094e-10,3.3607625677127e-10,3.3617527815631475e-10,3.3627422910174233e-10,3.3637310970820014e-10,3.364719200747794e-10,3.36570660301911e-10,3.3666933048918345e-10,3.3676793073540135e-10,3.368664611409641e-10,3.3696492180445805e-10,3.3706331282503927e-10,3.371616343010996e-10,3.3725988633141165e-10,3.3735806901392207e-10,3.3745618244699865e-10,3.3755422672962746e-10,3.376522019581703e-10,3.377501082309422e-10,3.3692076744720904e-10,3.3619973744052505e-10,3.358959712577843e-10,3.360827961557075e-10,3.3678468549144365e-10,3.3801288323205435e-10,3.397719862328292e-10,3.420614533468669e-10,3.44876276562095e-10,3.482075292071924e-10,3.5204289856956546e-10,3.5636720886812587e-10,3.6116292592875304e-10,3.664106343507016e-10,3.7208948051564823e-10,3.781775766262359e-10,3.8465236319029327e-10,3.9149092903314417e-10,3.9867028924350603e-10,4.061676225940457e-10,4.1396047067665965e-10,4.220269016780742e-10,4.3034564181068775e-10,4.388961778351986e-10,4.476588339277235e-10,4.5661482617183635e-10,4.657462977790808e-10,4.750363378796216e-10,4.844689865942208e-10,4.940292286819925e-10,5.037029780476827e-10,5.134770548216926e-10,5.233391567676828e-10,5.332778264008119e-10,5.432824149789887e-10,5.53343044492452e-10,5.634505683181878e-10,5.735965315025819e-10,5.837731310135586e-10,5.939731764885581e-10,6.041900518062084e-10,6.14417678004877e-10,6.246504773233793e-10,6.348833388587947e-10,6.451115858198903e-10,6.553309444207989e-10,6.655375144963225e-10,6.757277417079737e-10,6.858983915901043e-10,6.960465250572184e-10,7.061694756180084e-10,7.162648280421055e-10,7.263303983926307e-10,7.363642157665237e-10,7.463645050279479e-10,7.563296709313988e-10,7.66258283401212e-10,7.761490638751124e-10,7.860008728807747e-10,7.958126981816232e-10,8.055836442168638e-10,8.153129221909562e-10,8.249998409637496e-10,8.346437987165245e-10,8.442442751943355e-10,8.538008246788585e-10,8.633130694629171e-10,8.727806938898024e-10,8.822034388542078e-10,8.915810967950493e-10,9.009135070788532e-10,9.102005517620224e-10,9.194421517296057e-10,9.286382631133038e-10,9.37788874157027e-10,9.468940021111881e-10,9.559536904955495e-10,9.649680067126302e-10,9.739370397636376e-10,9.828608980840004e-10,9.917397077154052e-10,1.0005736105144165e-09,1.0093627626014632e-09,1.0181073328659556e-09,1.0268075016974889e-09,1.0354634597546648e-09,1.044075406822536e-09,1.0526435508456947e-09,1.0611681070009333e-09,1.0696492968610594e-09,1.0780873476266037e-09,1.0864824914444473e-09,1.094834964774938e-09,1.1031450077462306e-09,1.1114128637297724e-09,1.119638778844741e-09,1.1278230015004703e-09,1.1359657819009936e-09,1.1440673718930767e-09,1.1521280244977945e-09,1.1601479936559397e-09,1.1681275339039644e-09,1.176066900330595e-09,1.1839663480575558e-09,1.1918261322557285e-09,1.1996465078870369e-09,1.2074277295569309e-09,1.21517005138222e-09,1.2228737268319156e-09,1.2305390086201894e-09,1.238166148600556e-09,1.245755397672194e-09,1.2533070056908963e-09,1.2608212213924488e-09,1.2682982923100006e-09,1.2757384647430056e-09,1.283141983676828e-09,1.2905090927491265e-09,1.29784003420333e-09,1.3051350488385673e-09,1.3123943759991403e-09,1.3196182535397783e-09,1.32680691778517e-09,1.3339606035334879e-09,1.3410795440191783e-09,1.3481639709136288e-09,1.3552141142936311e-09,1.3622302026610279e-09,1.3692124628974194e-09,1.3761611202971375e-09,1.383076398522007e-09,1.3899585196488468e-09,1.396807704131393e-09,1.403624170804634e-09,1.4104081368908912e-09,1.4171598180230622e-09,1.4238794282372382e-09,1.4305671799356991e-09,1.4372232839640621e-09,1.4438479496037355e-09,1.4504413844140073e-09,1.4570037945316393e-09,1.4635353844915473e-09,1.4700363572577709e-09,1.4765069142457851e-09,1.4829472553422518e-09,1.4893575788881304e-09,1.4957380817085206e-09,1.5020889591214786e-09,1.5084104049432614e-09,1.5147026115037213e-09,1.5209657696461964e-09,1.5272000687452402e-09,1.5334056967163418e-09,1.539582840029389e-09,1.54573168371381e-09,1.5518524113719042e-09,1.5579452051594883e-09,1.5640102458897831e-09,1.570047712978073e-09,1.5760577843650814e-09,1.5820406367285147e-09,1.5879964453119036e-09,1.5939253840222586e-09,1.5998276254384619e-09,1.6057033408218924e-09,1.6115527000564966e-09,1.6173758717796099e-09,1.6231730233073972e-09,1.6289443206699931e-09,1.6346899286205537e-09,1.6404100106435291e-09,1.6461047289707356e-09,1.6517742445804724e-09,1.6574187172347674e-09,1.6630383054477792e-09,1.668633166508247e-09,1.6742034565539368e-09,1.6797493304830543e-09,1.6852709420328896e-09,1.6907684437202883e-09,1.696241986963498e-09,1.7016917219557194e-09,1.7071177977635796e-09,1.7125203622862298e-09,1.71789956241362e-09,1.7232555438934793e-09,1.7285884512780681e-09,1.7338984280464815e-09,1.7391856165855874e-09,1.7444501582349415e-09,1.749692193231515e-09,1.754911860795262e-09,1.7601092989899651e-09,1.7652846449482355e-09,1.7704380347107333e-09,1.7755696032993887e-09,1.780679484653596e-09,1.7857678118962633e-09,1.790834716955205e-09,1.7958803308227374e-09,1.8009047835110827e-09,1.80590820405617e-09,1.8108907205241155e-09,1.8158524600202234e-09,1.8207935486928397e-09,1.825714111752098e-09,1.8306142734629155e-09,1.835494157156049e-09,1.8403538852588703e-09,1.845193579280046e-09,1.8500133598015263e-09,1.8548133465395852e-09,1.8595936582932635e-09,1.8643544129848557e-09,1.8690957276640373e-09,1.8738177185224815e-09,1.8785205008491828e-09,1.883204189103107e-09,1.8878688969307774e-09,1.8925147371223823e-09,1.8971418215521442e-09,1.9017502613634884e-09,1.9063401668551515e-09,1.9109116474997396e-09,1.9154648119744533e-09,1.919999768152639e-09,1.9245166231151172e-09,1.929015483166276e-09,1.9334964538011837e-09,1.9379596397762152e-09,1.9424051450498508e-09,1.9468330728458663e-09,1.951243525621779e-09,1.955636605088113e-09,1.9600124122132954e-09,1.964371047226871e-09,1.9687126096359832e-09,1.973037198220433e-09,1.977344911041074e-09,1.981635845443182e-09,1.9859100980627933e-09,1.9901677648573273e-09,1.9944089410780407e-09,1.9986337212673435e-09,2.0028421993080084e-09,2.00703446839211e-09,2.0112106210631194e-09,2.0153707491726722e-09,2.019514943920203e-09,2.0236432958670397e-09,2.0277558948806565e-09,2.0318528302202e-09,2.0359341904794648e-09,2.0400000636499856e-09,2.0440505370740435e-09,2.0480856974802337e-09,2.0521056309619697e-09,2.056110423013e-09,2.0601001585110028e-09,2.0640749217277523e-09,2.0680347963416922e-09,2.071979865445383e-09,2.0759102114484284e-09,2.0798259164524443e-09,2.0837270616408045e-09,2.0876137278054926e-09,2.091485995131486e-09,2.095343943218873e-09,2.0991876511536433e-09,2.1030171974278856e-09,2.1068326599901207e-09,2.1106341162395215e-09,2.1144216430405618e-09,2.1181953167071687e-09,2.1219552130314444e-09,2.125701407245568e-09,2.1294339741245437e-09,2.133152987859073e-09,2.13685852213821e-09,2.1405506501536974e-09,2.144229444553609e-09,2.1478949775100556e-09,2.151547320702635e-09,2.155186545277206e-09,2.1588127219177794e-09,2.162425920812779e-09,2.166026211686005e-09,2.1696136637129587e-09,2.1731883456604053e-09,2.176750325799168e-09,2.180299671932049e-09,2.183836451392534e-09,2.187360731054297e-09,2.1908725773342473e-09,2.1943720561927393e-09,2.197859233141296e-09,2.201334173241832e-09,2.204796941113669e-09,2.2082476009358913e-09,2.2116862164508757e-09,2.2151128509664475e-09,2.2185275673668714e-09,2.221930428099254e-09,2.2253214951984783e-09,2.2287008302980933e-09,2.23206849454589e-09,2.2354245487461165e-09,2.2387690532716038e-09,2.2421020680925023e-09,2.2454236527588473e-09,2.248733866441692e-09,2.2520327679332783e-09,2.2553204155727327e-09,2.258596867389573e-09,2.2618621808825964e-09,2.2651164133200346e-09,2.2683596215217255e-09,2.27159186194512e-09,2.2748131906668526e-09,2.278023663388843e-09,2.2812233354306217e-09,2.284412261785733e-09,2.2875904970266324e-09,2.290758095426584e-09,2.2939151108616966e-09,2.297061596857309e-09,2.300197606591555e-09,2.303323192893281e-09,2.3064384082440973e-09,2.309543304766866e-09,2.3126379342673082e-09,2.3157223482018854e-09,2.3187965976917203e-09,2.321860733526893e-09,2.3249148061596466e-09,2.3279588657175594e-09,2.330992962002701e-09,2.334017144500696e-09,2.337031462359198e-09,2.340035964418239e-09,2.3430306991988976e-09,2.3460157149766394e-09,2.3489910595411488e-09,2.3519567805307103e-09,2.354912925238632e-09,2.357859540716004e-09,2.3607966735033934e-09,2.3637243700523473e-09,2.366642676441388e-09,2.3695516384645305e-09,2.37245130162392e-09,2.3753417111272298e-09,2.3782229118871208e-09,2.381094948556505e-09,2.383957865468177e-09,2.386811706689219e-09,2.389656516031458e-09,2.3924923370591586e-09,2.3953192129049028e-09,2.3981371865883563e-09,2.4009463008072746e-09,2.4037465980184597e-09,2.406538120358993e-09,2.4093209096951887e-09,2.4120950076962522e-09,2.4148604557237687e-09,2.4176172949257463e-09,2.420365566147624e-09,2.423105310005972e-09,2.4258365668312748e-09,2.4285593767473028e-09,2.4312737795284015e-09,2.43397981493017e-09,2.4366775222461176e-09,2.439366940597172e-09,2.442048108881058e-09,2.444721065694744e-09,2.4473858494760933e-09,2.4500424983837055e-09,2.4526910503712917e-09,2.4553315430898218e-09,2.4579640140432344e-09,2.4605885004684655e-09,2.463205039380255e-09,2.4658136675673427e-09,2.468414421618832e-09,2.4710073377865886e-09,2.47359245231157e-09,2.47616980105284e-09,2.4787394196791685e-09,2.4813013436933903e-09,2.4838556083386923e-09,2.4864022486382547e-09,2.4889412995002964e-09,2.4914727954835094e-09,2.493996771023194e-09,2.496513260339996e-09,2.4990222974425187e-09,2.501523916139298e-09,2.504018150029878e-09,2.5065050325230298e-09,2.5089845968196464e-09,2.5114568759320234e-09,2.513921902670248e-09,2.5163797096596906e-09,2.518830329356067e-09,2.521273793934771e-09,2.5237101354678666e-09,2.5261393858157512e-09,2.5285615766518858e-09,2.5309767394653053e-09,2.533384905549805e-09,2.535786106025179e-09,2.538180371827008e-09,2.5405677337071332e-09,2.5429482222462455e-09,2.545321867843496e-09,2.5476887007203766e-09,2.5500487509292372e-09,2.552402048340282e-09,2.5547486226542494e-09,2.557088503395164e-09,2.5594217199373932e-09,2.5617483014664746e-09,2.5640682770410228e-09,2.566381675471515e-09,2.56868852541474e-09,2.570988855432512e-09,2.5732826938989173e-09,2.5755700690386074e-09,2.5778510088741864e-09,2.580125541292582e-09,2.5823936939931184e-09,2.5846554945893358e-09,2.586910970469201e-09,2.589160148892002e-09,2.591403056961833e-09,2.593639721628267e-09,2.595870169706725e-09,2.598094427826661e-09,2.600312522484791e-09,2.6025244800397385e-09,2.6047303266952745e-09,2.6069300885109082e-09,2.6091237913991383e-09,2.611311461127408e-09,2.6134931233260962e-09,2.615668803528778e-09,2.61783852696583e-09,2.6200023188960183e-09,2.6221602043760117e-09,2.624312208348562e-09,2.626458355612311e-09,2.6285986707811826e-09,2.6307331783572873e-09,2.6328619027510473e-09,2.6349848682276583e-09,2.6371020988600365e-09,2.6392136186470485e-09,2.6413194514950412e-09,2.6434196210759324e-09,2.6455141510204997e-09,2.6476030647529076e-09,2.6496863856367857e-09,2.6517641368731603e-09,2.6538363415588622e-09,2.655903022666399e-09,2.6579642030249266e-09,2.6600199053476412e-09,2.6620701522483283e-09,2.664114966194082e-09,2.6661543695403913e-09,2.6681883845128636e-09,2.670217033241364e-09,2.6722403377192762e-09,2.674258319842429e-09,2.676271001367447e-09,2.6782784040072586e-09,2.6802805491717093e-09,2.6822774583527375e-09,2.684269152968869e-09,2.686255654028722e-09,2.688236982680301e-09,2.690213159937649e-09,2.692184206595169e-09,2.6941501434576473e-09,2.6961109911718322e-09,2.6980667702808455e-09,2.7000175012165684e-09,2.7019632043070565e-09,2.703903899749338e-09,2.705839607688476e-09,2.7077703481548638e-09,2.70969614103133e-09,2.71161700612825e-09,2.713532963183844e-09,2.715444031747113e-09,2.7173502313345144e-09,2.7192515813624927e-09,2.7211481011134158e-09,2.723039809802532e-09,2.724926726554278e-09,2.726808870363205e-09,2.7286862600974095e-09,2.7305589146175e-09,2.7324268526376714e-09,2.734290092783162e-09,2.7361486535850408e-09,2.7380025534807382e-09,2.7398518108146606e-09,2.7416964438388315e-09,2.7435364707135103e-09,2.74537190950715e-09,2.747202778199365e-09,2.749029094678049e-09,2.750850876742256e-09,2.7526681421022028e-09,2.7544809083798538e-09,2.7562891931094945e-09,2.758093013738312e-09,2.7598923876269327e-09,2.7616873320500035e-09,2.763477864196731e-09,2.7652640011714524e-09,2.767045759994169e-09,2.7688231576010827e-09,2.7705962108451666e-09,2.772364936495512e-09,2.7741293512424687e-09,2.775889471703805e-09,2.7776453143796974e-09,2.77939689572741e-09,2.781144232111725e-09,2.7828873398172475e-09,2.7846262350483624e-09,2.786360933933595e-09,2.7880914525220068e-09,2.7898178067860453e-09,2.791540012618945e-09,2.7932580858398154e-09,2.794972042189291e-09,2.796681897335975e-09,2.7983876668667706e-09,2.8000893663063233e-09,2.8017870110834277e-09,2.8034806165725935e-09,2.805170198068883e-09,2.806855770794367e-09,2.8085373499007738e-09,2.810214950463614e-09,2.8118885874890267e-09,2.813558275910164e-09,2.8152240305956173e-09,2.8168858663425057e-09,2.818543797865409e-09,2.820197839824695e-09,2.8218480068087783e-09,2.8234943133382934e-09,2.825136773858e-09,2.826775402749985e-09,2.8284102143297624e-09,2.830041222844733e-09,2.8316684424775996e-09,2.833291887344005e-09,2.834911571494486e-09,2.8365275089093973e-09,2.8381397135141334e-09,2.839748199154324e-09,2.841352979642129e-09,2.8429540686820102e-09,2.844551479967146e-09,2.8461452270809625e-09,2.8477353235735945e-09,2.8493217829095072e-09,2.850904618516445e-09,2.852483843746986e-09,2.8540594718918997e-09,2.8556315161811306e-09,2.8571999898007762e-09,2.8587649058514236e-09,2.860326277408742e-09,2.8618841174343147e-09,2.8634384388770774e-09,2.8649892546147474e-09,2.866536577463083e-09,2.868080420189961e-09,2.869620795491472e-09,2.8711577160195755e-09,2.872691194365172e-09,2.8742212430590224e-09,2.8757478745775016e-09,2.877271101342999e-09,2.8787909357170707e-09,2.880307390014498e-09,2.8818204764985858e-09,2.883330207376333e-09,2.884836594775927e-09,2.8863396507898947e-09,2.887839387470226e-09,2.8893358168461827e-09,2.890828950773033e-09,2.8923188011708355e-09,2.8938053798431265e-09,2.8952886985823086e-09,2.896768769092091e-09,2.898245603102722e-09,2.8997192122074568e-09,2.9011896079757357e-09,2.902656801931267e-09,2.9041208055492077e-09,2.9055816302647096e-09,2.9070392874122278e-09,2.908493788325848e-09,2.909945144278903e-09,2.9113933664671725e-09,2.9128384660941413e-09,2.9142804542949493e-09,2.915719342134366e-09,2.9171551406536813e-09,2.9185878608569826e-09,2.9200175136765716e-09,2.921444110056308e-09,2.9228676607770284e-09,2.924288176683488e-09,2.925705668466749e-09,2.9271201468322727e-09,2.9285316224500686e-09,2.92994010593366e-09,2.931345607851331e-09,2.9327481387255023e-09,2.9341477090392345e-09,2.9355443292287505e-09,2.936938009670859e-09,2.9383287607171217e-09,2.9397165926927717e-09,2.941101515832185e-09,2.9424835403648363e-09,2.9438626764152343e-09,2.9452389342139017e-09,2.9466123237686047e-09,2.947982855152951e-09,2.949350538410931e-09,2.9507153834691277e-09,2.9520774002487047e-09,2.953436598629614e-09,2.954792988455791e-09,2.9561465794647546e-09,2.957497381523805e-09,2.95884540429448e-09,2.960190657453291e-09,2.9615331506366184e-09,2.9628728934410548e-09,2.964209895423749e-09,2.9655441661024112e-09,2.966875714955545e-09,2.9682045514226497e-09,2.9695306849046416e-09,2.970854124771076e-09,2.972174880338026e-09,2.9734929608943826e-09,2.9748083756894806e-09,2.9761211339254143e-09,2.9774312447852943e-09,2.978738717395926e-09,2.980043560844732e-09,2.9813457842056973e-09,2.9826453965231428e-09,2.98394240676598e-09,2.9852368238647324e-09,2.986528656757666e-09,2.987817914320166e-09,2.9891046054032097e-09,2.990388738808449e-09,2.991670323267248e-09,2.9929493675949206e-09,2.994225880459097e-09,2.995499870524433e-09,2.9967713464235827e-09,2.998040316757389e-09,2.999306790093893e-09,3.0005707749575064e-09,3.0018322798363287e-09,3.003091313205047e-09,3.004347883486636e-09,3.0056019990681453e-09,3.006853668324481e-09,3.0081028995704353e-09,3.0093497011148278e-09,3.010594081213084e-09,3.011836048093243e-09,3.0130756099494934e-09,3.0143127749520804e-09,3.0155475512339074e-09,3.0167799468958885e-09,3.0180099700122428e-09,3.0192376286084084e-09,3.0204629306957004e-09,3.021685884254764e-09,3.0229064972184554e-09,3.0241247775377376e-09,3.0253407330393047e-09,3.0265543715886184e-09,3.0277657010150987e-09,3.028974729106117e-09,3.030181463607425e-09,3.031385912276971e-09,3.0325880827790935e-09,3.0337879828244957e-09,3.034985620071668e-09,3.036181002052436e-09,3.0373741363914524e-09,3.0385650306351314e-09,3.0397536923007446e-09,3.0409401288898955e-09,3.0421243478647834e-09,3.0433063566693062e-09,3.0444861626989083e-09,3.0456637733344135e-09,3.0468391959305493e-09,3.0480124378112543e-09,3.049183506267542e-09,3.0503524085741897e-09,3.051519151961132e-09,3.052683743642176e-09,3.053846190803693e-09,3.055006500603384e-09,3.05616468016423e-09,3.0573207366215296e-09,3.05847467699159e-09,3.0596265083627503e-09,3.0607762377485894e-09,3.0619238721608768e-09,3.0630694185346245e-09,3.0642128838333172e-09,3.0653542749675945e-09,3.06649359883453e-09,3.0676308622936633e-09,3.068766072187968e-09,3.069899235332515e-09,3.0710303585072647e-09,3.0721594484747556e-09,3.073286511954324e-09,3.074411555693885e-09,3.0755345863701313e-09,3.0766556106194537e-09,3.077774635103663e-09,3.0788916664413905e-09,3.0800067112079186e-09,3.0811197759619918e-09,3.082230867249301e-09,3.083339991610167e-09,3.08444715547865e-09,3.0855523653827564e-09,3.086655627655121e-09,3.087756948815873e-09,3.088856335229445e-09,3.0899537932677652e-09,3.0910493292755946e-09,3.092142949557375e-09,3.0932346604536045e-09,3.094324468221741e-09,3.0954123791161894e-09,3.096498399367244e-09,3.097582535183849e-09,3.0986647927512873e-09,3.0997451782115464e-09,3.100823697729556e-09,3.1019003574419714e-09,3.10297516341505e-09,3.104048121807688e-09,3.1051192385070127e-09,3.1061885196294335e-09,3.1072559711897983e-09,3.1083215991482934e-09,3.1093854095119417e-09,3.1104474081602535e-09,3.1115076010879996e-09,3.112565994146143e-09,3.113622593175343e-09,3.1146774040721343e-09,3.115730432670108e-09,3.1167816847746475e-09,3.117831166193315e-09,3.11887888269954e-09,3.1199248400093763e-09,3.1209690438934743e-09,3.1220115000515976e-09,3.12305221417006e-09,3.124091191903729e-09,3.125128438908204e-09,3.126163960809769e-09,3.127197763221461e-09,3.1282298517483397e-09,3.1292602319185176e-09,3.130288909296998e-09,3.1313158894116703e-09,3.1323411777182788e-09,3.1333647797529338e-09,3.1343867010348614e-09,3.1354069469727463e-09,3.136425522980363e-09,3.137442434484058e-09,3.1384576868634777e-09,3.139471285559464e-09,3.1404832357338357e-09,3.1414935429099616e-09,3.142502212324312e-09,3.1435092492837164e-09,3.1445146590741876e-09,3.1455184469402465e-09,3.14652061810906e-09,3.147521177836696e-09,3.148520131351325e-09,3.1495174837898434e-09,3.150513240287549e-09,3.151507405963928e-09,3.1524999860781313e-09,3.1534909856932057e-09,3.1544804098604377e-09,3.155468263682942e-09,3.156454552213628e-09,3.157439280494981e-09,3.158422453555917e-09,3.1594040763832583e-09,3.1603841539743206e-09,3.1613626912973585e-09,3.1623396933014533e-09,3.1633151649305516e-09,3.164289111088211e-09,3.1652615366900956e-09,3.1662324466126976e-09,3.1672018457524203e-09,3.168169738849957e-09,3.1691361308660383e-09,3.170101026566829e-09,3.1710644307412433e-09,3.172026348185823e-09,3.1729867836634208e-09,3.173945741918677e-09,3.174903227747431e-09,3.175859245741259e-09,3.1768138006618904e-09,3.1777668971930438e-09,3.1787185400018335e-09,3.1796687337304526e-09,3.1806174830320616e-09,3.1815647925162755e-09,3.182510666776789e-09,3.1834551104148993e-09,3.1843981279915604e-09,3.1853397240671983e-09,3.1862799031841e-09,3.187218669862731e-09,3.188156028618107e-09,3.189091983925414e-09,3.190026540262485e-09,3.190959702189487e-09,3.1918914739801093e-09,3.1928218601609993e-09,3.193750865116145e-09,3.1946784932932828e-09,3.1956047490544547e-09,3.1965296367708308e-09,3.1974531607986052e-09,3.198375325479109e-09,3.199296135139544e-09,3.2002155940924884e-09,3.201133706628937e-09,3.202050477037899e-09,3.2029659095801917e-09,3.203880008511759e-09,3.20479277808456e-09,3.205704222496278e-09,3.2066143459743796e-09,3.207523152704718e-09,3.2084306469110806e-09,3.2093368326841264e-09,3.2102417142144565e-09,3.2111452956205913e-09,3.2120475810676725e-09,3.2129485746614558e-09,3.2138482804670074e-09,3.214746702603272e-09,3.2156438450989895e-09,3.2165397120629184e-09,3.217434307503749e-09,3.2183276354268557e-09,3.219219699883472e-09,3.220110504830447e-09,3.2210000542806613e-09,3.2218883522080637e-09,3.222775402550659e-09,3.2236612093022444e-09,3.224545776375878e-09,3.2254291076902872e-09,3.2263112071477245e-09,3.2271920786453007e-09,3.228071726081264e-09,3.2289501532904266e-09,3.2298273641423687e-09,3.2307033625101314e-09,3.231578152160408e-09,3.2324517369407133e-09,3.2333241206385395e-09,3.2341953070763817e-09,3.235065300016078e-09,3.2359341032246074e-09,3.2368017204506803e-09,3.2376681554339768e-09,3.2385334119082698e-09,3.23939749358408e-09,3.240260404075883e-09,3.241122147251143e-09,3.2419827266993305e-09,3.242842146085382e-09,3.2437004090629903e-09,3.2445575192628877e-09,3.2454134803349846e-09,3.246268295886166e-09,3.247121969519311e-09,3.2479745048308192e-09,3.2488259053983765e-09,3.2496761747943814e-09,3.2505253165742656e-09,3.2513733342822014e-09,3.2522202314473954e-09,3.2530660116020954e-09,3.2539106782517886e-09,3.2547542348950028e-09,3.2555966850161232e-09,3.2564380321153445e-09,3.2572782796154863e-09,3.2581174309857824e-09,3.2589554896729e-09,3.2597924591030444e-09,3.260628342693171e-09,3.2614631438478063e-09,3.262296865965582e-09,3.2631295124304793e-09,3.2639610866157246e-09,3.2647915918858714e-09,3.265621031589334e-09,3.2664494090650846e-09,3.2672767276414864e-09,3.2681029906332727e-09,3.2689282013582062e-09,3.2697523631068593e-09,3.2705754791661625e-09,3.271397552810083e-09,3.2722185872998226e-09,3.273038585886793e-09,3.2738575518172105e-09,3.2746754883218826e-09,3.275492398620808e-09,3.276308285863726e-09,3.2771231533641846e-09,3.277937004266507e-09,3.2787498417389282e-09,3.279561668952319e-09,3.2803724890644517e-09,3.281182305223357e-09,3.2819911205678287e-09,3.2827989382252233e-09,3.2836057613105326e-09,3.2844115929304694e-09,3.285216436178948e-09,3.2860202941412045e-09,3.2868231699033376e-09,3.2876250665191275e-09,3.288425987050834e-09,3.2892259345447417e-09,3.2900249120394253e-09,3.29082292255998e-09,3.2916199691213753e-09,3.29241605472105e-09,3.2932111823740554e-09,3.2940053550554095e-09,3.2947985757478505e-09,3.295590847417562e-09,3.2963821730154705e-09,3.2971725554982824e-09,3.2979619977959846e-09,3.29875050284558e-09,3.299538073569168e-09,3.3003247128703433e-09,3.301110423651943e-09,3.301895208807922e-09,3.3026790712171667e-09,3.3034620137525666e-09,3.3042440392798205e-09,3.3050251506483295e-09,3.3058053506997e-09,3.306584642278043e-09,3.3073630282062676e-09,3.3081405112989045e-09,3.308917094364973e-09,3.3096927802031832e-09,3.3104675716031755e-09,3.3112414713455614e-09,3.3120144822019367e-09,3.312786606934935e-09,3.3135578482980192e-09,3.3143282090319064e-09,3.3150976918824175e-09,3.3158662995698174e-09,3.3166340348134785e-09,3.317400900318383e-09,3.3181668987941615e-09,3.3189320329283256e-09,3.3196963054041315e-09,3.3204597188962056e-09,3.3212222760705154e-09,3.3219839795798883e-09,3.322744832077688e-09,3.3235048362088104e-09,3.3242639946056007e-09,3.3250223098793536e-09,3.3257797846549973e-09,3.3265364215343826e-09,3.327292223116258e-09,3.3280471919910523e-09,3.3288013307441253e-09,3.329554641939528e-09,3.3303071281530646e-09,3.3310587919241144e-09,3.3318096358172706e-09,3.3325596623648375e-09,3.333308874096375e-09,3.3340572735438725e-09,3.3348048632189575e-09,3.3355516456294827e-09,3.336297623269921e-09,3.337042798617675e-09,3.3377871741965196e-09,3.338530752454386e-09,3.3392735358667553e-09,3.340015526890842e-09,3.340756727976891e-09,3.3414971415766147e-09,3.3422367701158513e-09,3.342975616027228e-09,3.343713681730528e-09,3.344450969640747e-09,3.3451874821640716e-09,3.3459232216909853e-09,3.346658190613305e-09,3.347392391320157e-09,3.3481258261782324e-09,3.348858497554248e-09,3.3495904078146064e-09,3.3503215593051646e-09,3.3510519543827095e-09,3.3517815953706046e-09,3.3525104846169397e-09,3.353238624400431e-09,3.3539660170581253e-09,3.354692664898999e-09,3.355418570226141e-09,3.3561437353214984e-09,3.3568681624814524e-09,3.35759185397927e-09,3.3583148120816276e-09,3.3590370390616158e-09,3.3597585371700845e-09,3.3604793086541105e-09,3.3611993557549343e-09,3.3619186807088216e-09,3.362637285741145e-09,3.363355173072195e-09,3.3640723449163137e-09,3.364788803477167e-09,3.3655045509547486e-09,3.366219589540632e-09,3.366933921421644e-09,3.367647548773047e-09,3.368360473768963e-09,3.3690726985731265e-09,3.369784225341216e-09,3.3704950562242086e-09,3.3712051933649574e-09,3.3719146389023067e-09,3.3726233949662297e-09,3.373331463678838e-09,3.374038847156924e-09,3.374745547510244e-09,3.375451566842555e-09,3.3761569072447616e-09,3.376861570793686e-09,3.377565559611825e-09,3.3782688757254943e-09,3.378971521259829e-09,3.3796734982516955e-09,3.380374808758159e-09,3.3810754548355414e-09,3.3817754385070567e-09,3.3824747618235394e-09,3.3831734268325982e-09,3.3838714355348733e-09,3.384568789950161e-09,3.3852654921110685e-09,3.385961544008475e-09,3.386656947620466e-09,3.387351704971628e-09,3.3880458180231518e-09,3.388739288783019e-09,3.3894321192101665e-09,3.390124311255452e-09,3.3908158669056076e-09,3.3915067881188126e-09,3.392197076828365e-09,3.392886734984105e-09,3.3935757645247114e-09,3.394264167375351e-09,3.3949519454451125e-09,3.3956391006821686e-09,3.3963256349877566e-09,3.3970115502648034e-09,3.39769684841875e-09,3.398381531332306e-09,3.3990656008958446e-09,3.399749058997114e-09,3.4004319074727966e-09,3.401114148268203e-09,3.4017957832038903e-09,3.402476814111172e-09,3.4031572429030782e-09,3.4038370714024947e-09,3.4045163014537313e-09,3.4051949348794844e-09,3.405872973487527e-09,3.406550419152985e-09,3.4072272736727486e-09,3.407903538851445e-09,3.4085792165006485e-09,3.409254308391126e-09,3.4099288163629945e-09,3.410602742202066e-09,3.411276087675634e-09,3.4119488545650986e-09,3.412621044643795e-09,3.4132926596779403e-09,3.413963701428893e-09,3.4146341716524686e-09,3.415304072098959e-09,3.415973404513137e-09,3.4166421706342923e-09,3.417310372196241e-09,3.4179780109273347e-09,3.4186450885504986e-09,3.4193116068388737e-09,3.4199775673880206e-09,3.420642971972209e-09,3.4213078222850747e-09,3.421972120025211e-09,3.4226358668801362e-09,3.4232990645088725e-09,3.4239617146420894e-09,3.4246238189335344e-09,3.4252853790511642e-09,3.4259463966626776e-09,3.426606873422992e-09,3.4272668109444425e-09,3.427926210959968e-09,3.428585075067431e-09,3.4292434049117438e-09,3.4299012021235818e-09,3.4305584683252473e-09,3.431215205150402e-09,3.4318714142147027e-09,3.432527097118224e-09,3.433182255481541e-09,3.433836890899391e-09,3.4344910049761346e-09,3.4351445993002664e-09,3.435797675466656e-09,3.436450235044377e-09,3.43710227963141e-09,3.437753810779983e-09,3.4384048300727376e-09,3.4390553390560846e-09,3.4397053392975994e-09,3.440354832281988e-09,3.441003819693407e-09,3.4416523030009553e-09,3.442300283755451e-09,3.442947763485751e-09,3.4435947437183556e-09,3.4442412259767147e-09,3.4448872117816985e-09,3.445532702653711e-09,3.446177700095202e-09,3.446822205598924e-09,3.447466220692428e-09,3.4481097468572554e-09,3.4487527855855512e-09,3.4493953383631874e-09,3.450037406672879e-09,3.4506789919926018e-09,3.4513200957891917e-09,3.451960719483344e-09,3.4526008646981753e-09,3.4532405327309356e-09,3.453879725083879e-09,3.4545184432206e-09,3.4551566885702583e-09,3.4557944624861196e-09,3.4564317665880347e-09,3.4570686022207172e-09,3.4577049708041707e-09,3.4583408737719666e-09,3.458976312528837e-09,3.4596112884945672e-09,3.4602458030808055e-09,3.460879857689796e-09,3.4615134537220466e-09,3.462146592573604e-09,3.4627792756339873e-09,3.4634115042949953e-09,3.464043279937456e-09,3.4646746039400958e-09,3.465305477675377e-09,3.4659359025156035e-09,3.4665658798232627e-09,3.4671954109625655e-09,3.4678244972966963e-09,3.468453140173382e-09,3.4690813409414965e-09,3.469709100945694e-09,3.4703364215264378e-09,3.470963304021075e-09,3.4715897497595604e-09,3.4722157600708165e-09,3.4728413362872147e-09,3.4734664797115928e-09,3.4740911916670374e-09,3.474715473466688e-09,3.4753393264170604e-09,3.475962751821521e-09,3.47658575097912e-09,3.4772083251854346e-09,3.4778304757292647e-09,3.478452203899716e-09,3.4790735109815617e-09,3.479694398252235e-09,3.4803148669862517e-09,3.480934918455824e-09,3.481554553927607e-09,3.4821737746651603e-09,3.482792581925286e-09,3.483410976972892e-09,3.484028961045946e-09,3.484646535398299e-09,3.4852637012795867e-09,3.485880459915318e-09,3.486496812551129e-09,3.4871127604266038e-09,3.4877283048208402e-09,3.488343446835598e-09,3.4889581877706675e-09,3.4895725288085397e-09,3.490186471173302e-09,3.490800016087298e-09,3.4914131647525427e-09,3.4920259183668547e-09,3.492638278120612e-09,3.493250245219654e-09,3.49386182086251e-09,3.494473006224547e-09,3.4950838024824772e-09,3.4956942108273976e-09,3.4963042324226437e-09,3.4969138684472597e-09,3.4975231200770717e-09,3.4981319884628686e-09,3.4987404747957704e-09,3.4993485801880787e-09,3.4999563058342294e-09,3.500563652842332e-09,3.5011706223936478e-09,3.5017772156180396e-09,3.502383433651467e-09,3.5029892775565186e-09,3.5035947486398824e-09,3.5041998478768097e-09,3.504804576412975e-09,3.5054089355002827e-09,3.506012926169722e-09,3.5066165495289957e-09,3.5072198066940862e-09,3.507822698774715e-09,3.5084252268236274e-09,3.509027392044815e-09,3.509629195441651e-09,3.510230638100783e-09,3.5108317212585505e-09,3.51143244591139e-09,3.5120328130646047e-09,3.5126328239536275e-09,3.5132324795753773e-09,3.5138317809619946e-09,3.5144307292031227e-09,3.5150293254067154e-09,3.51562757061265e-09,3.5162254660240243e-09,3.5168230125143816e-09,3.5174202111794863e-09,3.518017063007576e-09,3.518613569194447e-09,3.5192097306289994e-09,3.5198055484481607e-09,3.5204010237315693e-09,3.5209961573737665e-09,3.5215909504960473e-09,3.5221854042045375e-09,3.5227795193608674e-09,3.523373297146797e-09,3.523966738437091e-09,3.5245598443667156e-09,3.525152615879046e-09,3.5257450540154062e-09,3.526337159747497e-09,3.526928934108896e-09,3.5275203780883842e-09,3.5281114926840596e-09,3.528702278889289e-09,3.5292927376857667e-09,3.529882870069174e-09,3.5304726770230337e-09,3.5310621595284112e-09,3.5316513185770347e-09,3.5322401551142524e-09,3.5328286700940378e-09,3.533416864559626e-09,3.5340047394421263e-09,3.5345922956989174e-09,3.5351795342953537e-09,3.5357664561872024e-09,3.5363530623284664e-09,3.5369393536741276e-09,3.5375253311664896e-09,3.5381109957584683e-09,3.5386963483842853e-09,3.5392813899855128e-09,3.53986612150614e-09,3.540450543888139e-09,3.5410346580350294e-09,3.541618464891286e-09,3.5422019654068728e-09,3.542785160456104e-09,3.5433680509775978e-09,3.5439506378696277e-09,3.544532922086908e-09,3.5451149045301897e-09,3.545696586087668e-09,3.5462779677140543e-09,3.5468590502803257e-09,3.5474398346764157e-09,3.5480203217728798e-09,3.5486005124923063e-09,3.5491804077299926e-09,3.5497600083719156e-09,3.5503393152571757e-09,3.550918329362741e-09,3.5514970515230346e-09,3.5520754826110776e-09,3.552653623512374e-09,3.5532314750965822e-09,3.5538090381843837e-09,3.554386313733171e-09,3.554963302564586e-09,3.5555400054677597e-09,3.556116423391557e-09,3.5566925572225185e-09,3.5572684077595563e-09,3.557843975872282e-09,3.5584192623865784e-09,3.558994268157388e-09,3.5595689940421634e-09,3.5601434408559364e-09,3.560717609458e-09,3.5612915006612948e-09,3.561865115317523e-09,3.5624384542485744e-09,3.563011518278449e-09,3.563584308244865e-09,3.5641568249444085e-09,3.5647290692272166e-09,3.565301041892045e-09,3.565872743768351e-09,3.5664441756505834e-09,3.5670153383721324e-09,3.5675862327104658e-09,3.5681568595064737e-09,3.568727219522564e-09,3.5692973135767946e-09,3.569867142459622e-09,3.570436706964085e-09,3.571006007907544e-09,3.571575046067372e-09,3.5721438222129895e-09,3.5727123371772745e-09,3.5732805916861823e-09,3.5738485865427483e-09,3.574416322508621e-09,3.574983800395444e-09,3.575551020962871e-09,3.576117984966045e-09,3.5766846931871316e-09,3.5772511463811123e-09,3.5778173453221658e-09,3.5783832907686143e-09,3.5789489834773378e-09,3.579514424208561e-09,3.5800796137069504e-09,3.580644552729692e-09,3.5812092420092463e-09,3.5817736823311256e-09,3.5823378744283115e-09,3.582901819017397e-09,3.5834655168541756e-09,3.5840289686865834e-09,3.58459217523718e-09,3.5851551372406234e-09,3.5857178554031653e-09,3.586280330505956e-09,3.5868425632490544e-09,3.587404554350315e-09,3.5879663045619673e-09,3.588527814566896e-09,3.5890890850982012e-09,3.5896501168689423e-09,3.5902109106176407e-09,3.5907714670056626e-09,3.5913317867643934e-09,3.591891870607567e-09,3.5924517192363433e-09,3.5930113333456367e-09,3.593570713651755e-09,3.5941298608234137e-09,3.5946887755825706e-09,3.5952474585983998e-09,3.5958059106440726e-09,3.5963641323106746e-09,3.5969221243284194e-09,3.5974798873473976e-09,3.5980374220854383e-09,3.598594729204573e-09,3.599151809389108e-09,3.5997086632969223e-09,3.6002652916448742e-09,3.6008216950895342e-09,3.601377874303246e-09,3.601933829938402e-09,3.6024895626507926e-09,3.6030450731630647e-09,3.603600362148759e-09,3.6041554301489117e-09,3.604710277881372e-09,3.6052649060120954e-09,3.6058193152200088e-09,3.606373506113566e-09,3.606927479361598e-09,3.607481235680121e-09,3.6080347755622027e-09,3.608588099744838e-09,3.609141208862873e-09,3.609694103544885e-09,3.6102467844479985e-09,3.6107992521905928e-09,3.611351507406028e-09,3.6119035507598678e-09,3.6124553828335703e-09,3.6130070042863416e-09,3.6135584157304478e-09,3.6141096177956137e-09,3.6146606111032e-09,3.6152113962740117e-09,3.6157619739265766e-09,3.616312344694343e-09,3.6168625091071504e-09,3.617412467917093e-09,3.617962221629989e-09,3.6185117709034433e-09,3.619061116330182e-09,3.6196102585332963e-09,3.620159198081574e-09,3.6207079355912422e-09,3.6212564716642954e-09,3.62180480689613e-09,3.6223529418747113e-09,3.6229008772150712e-09,3.623448613497886e-09,3.623996151315005e-09,3.624543491245388e-09,3.625090633900778e-09,3.6256375798484877e-09,3.6261843296671517e-09,3.6267308839754314e-09,3.6272772432902313e-09,3.6278234082237778e-09,3.6283693793707088e-09,3.628915157260323e-09,3.62946074248856e-09,3.630006135627594e-09,3.630551337241052e-09,3.6310963479028536e-09,3.6316411681753435e-09,3.6321857986202635e-09,3.6327302398023125e-09,3.633274492286312e-09,3.6338185566147947e-09,3.6343624333568827e-09,3.6349061230743205e-09,3.635449626307668e-09,3.6359929435980548e-09,3.6365360755288343e-09,3.6370790226303125e-09,3.637621785463064e-09,3.638164364566757e-09,3.638706760443238e-09,3.6392489736591947e-09,3.639791004788032e-09,3.6403328543299866e-09,3.6408745228262643e-09,3.641416010833278e-09,3.6419573188629813e-09,3.642498447407324e-09,3.6430393970729148e-09,3.643580168363678e-09,3.6441207617968833e-09,3.644661177896483e-09,3.6452014171909868e-09,3.6457414802304288e-09,3.646281367479765e-09,3.646821079478667e-09,3.6473606167543298e-09,3.6478999798114745e-09,3.6484391691681252e-09,3.6489781853371423e-09,3.6495170288278253e-09,3.6500557001508554e-09,3.6505941998134145e-09,3.651132528318121e-09,3.6516706861738257e-09,3.6522086738780847e-09,3.6527464919449387e-09,3.6532841408448354e-09,3.6538216211864726e-09,3.6543589332919685e-09,3.654896077747762e-09,3.6554330550365057e-09,3.6559698656606082e-09,3.6565065100956636e-09,3.6570429888382868e-09,3.657579302375477e-09,3.6581154511934454e-09,3.658651435777452e-09,3.659187256603887e-09,3.659722914164306e-09,3.6602584089990905e-09,3.6607937414596523e-09,3.6613289120864875e-09,3.6618639213548963e-09,3.662398769725844e-09,3.662933457703126e-09,3.6634679857239542e-09,3.664002354277669e-09,3.6645365638258466e-09,3.6650706148400766e-09,3.665604507783572e-09,3.6661382431008105e-09,3.66667182129217e-09,3.667205242799874e-09,3.667738508077094e-09,3.668271617595287e-09,3.668804571804707e-09,3.669337371160534e-09,3.6698700161390286e-09,3.6704025071853106e-09,3.670934844699331e-09,3.671467029174398e-09,3.6719990610465072e-09,3.6725309407646027e-09,3.6730626687637495e-09,3.6735942455194567e-09,3.674125671449485e-09,3.674656947021549e-09,3.6751880726497216e-09,3.6757190487871e-09,3.6762498758765256e-09,3.6767805543384465e-09,3.677311084605411e-09,3.677841467138369e-09,3.6783717023276727e-09,3.6789017906252527e-09,3.6794317324604426e-09,3.679961528278629e-09,3.6804911784721274e-09,3.681020683465654e-09,3.6815500436995965e-09,3.682079259621739e-09,3.6826083315972835e-09,3.6831372601032296e-09,3.683666045519682e-09,3.6841946882807194e-09,3.6847231888015663e-09,3.685251547500611e-09,3.685779764802095e-09,3.6863078410930925e-09,3.686835776794713e-09,3.6873635723209095e-09,3.687891228082205e-09,3.6884187444919246e-09,3.6889461219470167e-09,3.689473360856916e-09,3.6900004616173886e-09,3.6905274246245325e-09,3.6910542502879193e-09,3.691580939010237e-09,3.6921074912001693e-09,3.692633907232287e-09,3.6931601875157052e-09,3.693686332453307e-09,3.6942123424388307e-09,3.694738217856494e-09,3.695263959079752e-09,3.6957895665282854e-09,3.6963150405777837e-09,3.696840381632941e-09,3.6973655900544666e-09,3.697890666242593e-09,3.698415610584503e-09,3.698940423435697e-09,3.6994651052312605e-09,3.699989656297289e-09,3.7005140771007647e-09,3.701038367884048e-09,3.7015625290997877e-09,3.7020865611113543e-09,3.702610464307188e-09,3.7031342390563156e-09,3.703657885706077e-09,3.7041814047571835e-09,3.704704796422552e-09,3.705228061104884e-09,3.7057511992725872e-09,3.7062742111422365e-09,3.706797097144076e-09,3.70731985763684e-09,3.707842493011166e-09,3.7083650036056668e-09,3.7088873897810314e-09,3.709409651910834e-09,3.7099317904050246e-09,3.7104538055029205e-09,3.7109756976191556e-09,3.7114974671231286e-09,3.7120191144238894e-09,3.712540639736762e-09,3.713062043499479e-09,3.713583326104558e-09,3.714104487826228e-09,3.7146255290096255e-09,3.7151464500312716e-09,3.7156672512393777e-09,3.7161879329799656e-09,3.71670849561107e-09,3.7172289394544775e-09,3.7177492648508794e-09,3.718269472156144e-09,3.718789561719337e-09,3.7193095338596386e-09,3.7198293889386375e-09,3.720349127257293e-09,3.720868749231502e-09,3.721388255044974e-09,3.721907645149583e-09,3.7224269198719254e-09,3.7229460795184413e-09,3.7234651244303673e-09,3.723984054938794e-09,3.724502871375122e-09,3.725021574052972e-09,3.725540163323652e-09,3.7260586394914845e-09,3.726577002898505e-09,3.727095253876332e-09,3.727613392713364e-09,3.728131419750431e-09,3.728649335311753e-09,3.7291671397780306e-09,3.729684833404436e-09,3.73020241644351e-09,3.730719889257066e-09,3.731237252218801e-09,3.731754505596053e-09,3.732271649725936e-09,3.732788684907539e-09,3.733305611467891e-09,3.733822429712648e-09,3.734339139937743e-09,3.734855742448385e-09,3.735372237596995e-09,3.7358886256587385e-09,3.736404906965748e-09,3.736921081752934e-09,3.737437150472148e-09,3.737953113256355e-09,3.7384689704654425e-09,3.738984722447982e-09,3.7395003694801095e-09,3.740015911844368e-09,3.740531349858828e-09,3.741046683820062e-09,3.741561914022e-09,3.742077040752811e-09,3.742592064310959e-09,3.743106985110273e-09,3.743621803224091e-09,3.7441365189116856e-09,3.744651132748289e-09,3.745165644902843e-09,3.745680055587033e-09,3.7461943651916914e-09,3.746708573951482e-09,3.747222682185528e-09,3.747736690139762e-09,3.748250598120467e-09,3.748764406420587e-09,3.749278115333122e-09,3.749791725097793e-09,3.750305236013309e-09,3.750818648383587e-09,3.75133196246056e-09,3.751845178553232e-09,3.752358296952547e-09,3.752871317957271e-09,3.753384241708202e-09,3.753897068575136e-09,3.7544097989161e-09,3.75492243283526e-09,3.755434970694602e-09,3.755947412746684e-09,3.756459759256643e-09,3.756972010546682e-09,3.757484166856458e-09,3.7579962284698495e-09,3.7585081956238724e-09,3.7590200686141435e-09,3.7595318476910195e-09,3.7600435331320015e-09,3.760555125184798e-09,3.761066624065249e-09,3.761578030151786e-09,3.762089343676006e-09,3.762600564872158e-09,3.763111694013954e-09,3.763622731357393e-09,3.764133677157753e-09,3.764644531645014e-09,3.765155295139187e-09,3.765665967871441e-09,3.766176550094168e-09,3.7666870420629955e-09,3.76719744402856e-09,3.767707756249229e-09,3.768217978978525e-09,3.768728112468958e-09,3.769238156972245e-09,3.769748112737913e-09,3.770257980022878e-09,3.770767759067864e-09,3.771277450125136e-09,3.771787053441535e-09,3.772296569275223e-09,3.7728059978581915e-09,3.7733153394310105e-09,3.773824594247236e-09,3.77433376255635e-09,3.774842844604065e-09,3.7753518406290706e-09,3.775860750875638e-09,3.776369575563014e-09,3.776878314949315e-09,3.777386969276042e-09,3.77789553877461e-09,3.778404023696459e-09,3.778912424268266e-09,3.779420740725373e-09,3.779928973311921e-09,3.780437122253601e-09,3.780945187783142e-09,3.7814531701602574e-09,3.781961069601406e-09,3.782468886327903e-09,3.782976620495337e-09,3.783484272555858e-09,3.78399184248322e-09,3.784499330693234e-09,3.785006737456684e-09,3.785514062775957e-09,3.786021307009603e-09,3.786528470371978e-09,3.787035553121554e-09,3.787542555406056e-09,3.788049477522363e-09,3.78855631964926e-09,3.789063082034323e-09,3.789569764886665e-09,3.790076368425219e-09,3.790582892902964e-09,3.791089338501066e-09,3.791595705469983e-09,3.7921019939996455e-09,3.792608204331475e-09,3.793114336673968e-09,3.79362039120373e-09,3.794126368230921e-09,3.794632267910163e-09,3.795138090472826e-09,3.795643836133653e-09,3.796149505088584e-09,3.7966550975314284e-09,3.797160613740808e-09,3.797666053881467e-09,3.798171418177495e-09,3.798676706830267e-09,3.799181920088886e-09,3.799687058101892e-09,3.800192121137794e-09,3.800697109356932e-09,3.801202022984102e-09,3.801706862225319e-09,3.802211627275448e-09,3.802716318363655e-09,3.803220935680419e-09,3.803725479437176e-09,3.804229949829917e-09,3.804734347066011e-09,3.8052386713484e-09,3.805742922873901e-09,3.80624710184569e-09,3.806751208473473e-09,3.807255242862365e-09,3.8077592053694695e-09,3.808263096127687e-09,3.808766915318815e-09,3.809270663144099e-09,3.8097743398364946e-09,3.810277945545853e-09,3.810781480513832e-09,3.811284944880187e-09,3.811788338865299e-09,3.812291662691202e-09,3.812794916487379e-09,3.813298100479331e-09,3.813801214871851e-09,3.814304259813001e-09,3.814807235561095e-09,3.815310142248648e-09,3.815812980093055e-09,3.816315749287012e-09,3.816818450027384e-09,3.8173210825269355e-09,3.817823646861656e-09,3.8183261432809165e-09,3.818828571993779e-09,3.81933093314876e-09,3.819833227028486e-09,3.820335453670711e-09,3.820837613346071e-09,3.8213397060955716e-09,3.8218417323363664e-09,3.822343692138698e-09,3.822845585689428e-09,3.823347413167252e-09,3.823849174801271e-09,3.8243508706507975e-09,3.82485250104442e-09,3.825354066022766e-09,3.825855565827395e-09,3.8263570005566515e-09,3.826858370482548e-09,3.8273596758178924e-09,3.827860916720079e-09,3.828362093262721e-09,3.828863205775173e-09,3.829364254314992e-09,3.829865239048029e-09,3.830366160190976e-09,3.83086701783683e-09,3.831367812349638e-09,3.83186854376398e-09,3.832369212174459e-09,3.832869817949631e-09,3.833370361150702e-09,3.83387084192841e-09,3.834371260511066e-09,3.834871616999123e-09,3.835371911595358e-09,3.835872144471555e-09,3.8363723157834944e-09,3.836872425688376e-09,3.837372474387851e-09,3.8378724620275974e-09,3.838372388796735e-09,3.838872254818366e-09,3.839372060271181e-09,3.839871805324532e-09,3.840371490134091e-09,3.840871114867079e-09,3.8413706796897854e-09,3.841870184760296e-09,3.84236963024047e-09,3.842869016288754e-09,3.843368343037016e-09,3.8438676107014965e-09,3.844366819418479e-09,3.844865969337153e-09,3.84536506061463e-09,3.8458640934390464e-09,3.8463630678961e-09,3.846861984235003e-09,3.8473608425360595e-09,3.847859642987185e-09,3.848358385694085e-09,3.8488570709191026e-09,3.849355698751383e-09,3.849854269353672e-09,3.850352782853152e-09,3.85085123943672e-09,3.851349639263521e-09,3.851847982444788e-09,3.8523462691766215e-09,3.852844499579196e-09,3.853342673809661e-09,3.853840791989253e-09,3.85433885433126e-09,3.8548368609434206e-09,3.855334812033458e-09,3.855832707646628e-09,3.856330547978062e-09,3.856828333139532e-09,3.857326063324995e-09,3.857823738706353e-09,3.858321359396263e-09,3.8588189255077605e-09,3.8593164372217254e-09,3.859813894701469e-09,3.860311298084602e-09,3.860808647456104e-09,3.861305942997787e-09,3.861803184940445e-09,3.862300373175852e-09,3.86279750819009e-09,3.863294589893475e-09,3.863791618496028e-09,3.864288594124061e-09,3.864785516868476e-09,3.865282386946953e-09,3.865779204473203e-09,3.866275969556402e-09,3.866772682351342e-09,3.867269343044521e-09,3.8677659517208625e-09,3.8682625085210816e-09,3.868759013664162e-09,3.869255467168542e-09,3.86975186921529e-09,3.870248219942862e-09,3.870744519493487e-09,3.8712407680004e-09,3.871736965550593e-09,3.872233112331843e-09,3.872729208473965e-09,3.873225254090611e-09,3.873721249285301e-09,3.874217194272926e-09,3.874713089144448e-09,3.875208934020095e-09,3.875704729047881e-09,3.87620047433584e-09,3.876696170041147e-09,3.877191816201297e-09,3.877687413102633e-09,3.878182960804476e-09,3.878678459419395e-09,3.879173909082972e-09,3.8796693098957415e-09,3.880164662026725e-09,3.880659965601157e-09,3.881155220705426e-09,3.88165042752344e-09,3.882145586148029e-09,3.8826406967101864e-09,3.8831357593543376e-09,3.883630774157062e-09,3.884125741276514e-09,3.884620660829843e-09,3.8851155329206e-09,3.885610357709779e-09,3.886105135303766e-09,3.886599865823374e-09,3.8870945493889566e-09,3.88758918612523e-09,3.888083776158439e-09,3.888578319597487e-09,3.889072816564888e-09,3.889567267186902e-09,3.890061671582133e-09,3.890556029870252e-09,3.891050342169226e-09,3.8915446085963e-09,3.892038829247732e-09,3.892533004288853e-09,3.893027133820398e-09,3.89352121794691e-09,3.894015256791577e-09,3.894509250470684e-09,3.895003199097647e-09,3.895497102806575e-09,3.89599096167812e-09,3.896484775797287e-09,3.896978545383413e-09,3.897472270510105e-09,3.897965951262766e-09,3.898459587781503e-09,3.898953180156467e-09,3.899446728510275e-09,3.8999402329581464e-09,3.90043369360699e-09,3.900927110573597e-09,3.901420483984605e-09,3.90191381394076e-09,3.9024071005303194e-09,3.90290034388194e-09,3.903393544029292e-09,3.903886701236849e-09,3.9043798155356075e-09,3.90487288703685e-09,3.905365915849057e-09,3.905858902092815e-09,3.906351845848341e-09,3.906844747237973e-09,3.907337606369989e-09,3.9078304233438035e-09,3.908323198213801e-09,3.9088159312148215e-09,3.909308622385027e-09,3.9098012718364005e-09,3.910293879662898e-09,3.910786445986118e-09,3.911278970814431e-09,3.911771454421946e-09,3.912263896826572e-09,3.912756298125165e-09,3.913248658438683e-09,3.9137409778633106e-09,3.914233256501684e-09,3.91472549445123e-09,3.915217691829245e-09,3.91570984872564e-09,3.9162019652413686e-09,3.916694041486686e-09,3.917186077558656e-09,3.917678073548289e-09,3.918170029572136e-09,3.918661945726147e-09,3.919153822107117e-09,3.919645658815468e-09,3.920137455951983e-09,3.92062921361084e-09,3.921120931898052e-09,3.921612610906059e-09,3.922104250735021e-09,3.922595851480292e-09,3.92308741327795e-09,3.923578936175544e-09,3.9240704202631145e-09,3.924561865643196e-09,3.925053272443555e-09,3.925544640764165e-09,3.9260359706557154e-09,3.926527262236364e-09,3.9270185155986315e-09,3.92750973084722e-09,3.9280009080707185e-09,3.928492047365002e-09,3.928983148821916e-09,3.929474212533484e-09,3.929965238601185e-09,3.930456227051685e-09,3.930947178069735e-09,3.931438091741212e-09,3.931928968147509e-09,3.932419807349002e-09,3.932910609450488e-09,3.933401374559026e-09,3.933892102755043e-09,3.934382794132398e-09,3.934873448774672e-09,3.935364066775559e-09,3.935854648223715e-09,3.936345193203991e-09,3.936835701821438e-09,3.9373261741162064e-09,3.937816610257999e-09,3.938307010252887e-09,3.9387973742790435e-09,3.939287702361655e-09,3.939777994565836e-09,3.940268251063911e-09,3.9407584718721016e-09,3.941248657062508e-09,3.9417388068226975e-09,3.942228921178896e-09,3.9427190000450126e-09,3.943209043838394e-09,3.9436990524913965e-09,3.944189026084495e-09,3.944678964710017e-09,3.945168868406499e-09,3.9456587373417955e-09,3.946148571536092e-09,3.94663837108997e-09,3.9471281360779465e-09,3.947617866604156e-09,3.948107562737577e-09,3.948597224573459e-09,3.9490868521878306e-09,3.949576445707153e-09,3.9500660051140766e-09,3.9505555305687795e-09,3.951045022091476e-09,3.95153447981826e-09,3.952023903846221e-09,3.952513294225474e-09,3.9530026509817855e-09,3.9534919742569875e-09,3.95398126415071e-09,3.954470520594031e-09,3.954959743886802e-09,3.95544893402378e-09,3.955938091123576e-09,3.95642721515038e-09,3.95691630627299e-09,3.95740536455921e-09,3.957894390060613e-09,3.95838338285348e-09,3.958872343037163e-09,3.959361270680482e-09,3.959850165869568e-09,3.960339028665864e-09,3.960827859153932e-09,3.961316657407887e-09,3.961805423517851e-09,3.962294157541225e-09,3.9627828595409575e-09,3.963271529631033e-09,3.963760167882926e-09,3.964248774345815e-09,3.9647373490874586e-09,3.965225892232682e-09,3.9657144038198544e-09,3.96620288387583e-09,3.966691332582861e-09,3.967179749971683e-09,3.96766813609712e-09,3.968156491063991e-09,3.9686448148921966e-09,3.969133107705576e-09,3.969621369539572e-09,3.970109600450271e-09,3.970597800574622e-09,3.971085969953527e-09,3.97157410867388e-09,3.972062216783236e-09,3.9725502943566595e-09,3.973038341417557e-09,3.973526358144997e-09,3.974014344556759e-09,3.974502300620193e-09,3.974990226583685e-09,3.975478122472811e-09,3.9759659883114154e-09,3.976453824195794e-09,3.9769416301770495e-09,3.977429406387423e-09,3.977917152700509e-09,3.978404869460414e-09,3.9788925565478725e-09,3.979380214084335e-09,3.979867842143078e-09,3.980355440779717e-09,3.980843010174369e-09,3.981330550142174e-09,3.98181806095217e-09,3.982305542593295e-09,3.9827929951638184e-09,3.983280418671683e-09,3.983767813394317e-09,3.984255179129664e-09,3.984742516052426e-09,3.985229824367042e-09,3.985717103860331e-09,3.986204354739952e-09,3.98669157695996e-09,3.9871787708011145e-09,3.98766593622536e-09,3.988153073296418e-09,3.988640182099631e-09,3.989127262614784e-09,3.989614314998257e-09,3.990101339292702e-09,3.990588335558305e-09,3.9910753038478275e-09,3.991562244233855e-09,3.992049156780501e-09,3.99253604154985e-09,3.993022898597988e-09,3.993509727983839e-09,3.993996529768738e-09,3.994483304029019e-09,3.994970050819153e-09,3.9954567702222825e-09,3.995943462301275e-09,3.996430126976846e-09,3.99691676447051e-09,3.997403374856435e-09,3.997889958117558e-09,3.998376514358939e-09,3.998863043662478e-09,3.999349546003501e-09,3.999836021496153e-09,4.0003224701845615e-09,4.000808892121142e-09,4.001295287400559e-09,4.001781656111819e-09,4.002267998178852e-09,4.002754313692535e-09,4.003240602788113e-09,4.003726865571164e-09,4.0042131020979095e-09,4.004699312289684e-09,4.005185496228494e-09,4.005671654047241e-09,4.00615778581007e-09,4.0066438914728355e-09,4.007129971157068e-09,4.007616024953081e-09,4.008102052883196e-09,4.008588055013691e-09,4.009074031381083e-09,4.009559982079518e-09,4.010045907147146e-09,4.010531806612952e-09,4.011017680562882e-09,4.011503529037005e-09,4.0119893521202e-09,4.0124751498409024e-09,4.012960922230786e-09,4.013446669401213e-09,4.013932391400787e-09,4.014418088247878e-09,4.014903760037163e-09,4.0153894068334606e-09,4.015875028592657e-09,4.016360625465089e-09,4.01684619747376e-09,4.017331744640383e-09,4.017817267084946e-09,4.018302764783928e-09,4.018788237872534e-09,4.019273686365137e-09,4.01975911030475e-09,4.0202445097715085e-09,4.020729884796544e-09,4.0212152354892495e-09,4.021700561789722e-09,4.022185863796468e-09,4.022671141615959e-09,4.023156395217159e-09,4.023641624727844e-09,4.02412683016534e-09,4.0246120116159584e-09,4.025097169056265e-09,4.02558230255148e-09,4.0260674122382455e-09,4.026552498106397e-09,4.0270375602156796e-09,4.027522598581313e-09,4.0280076132832986e-09,4.02849260435254e-09,4.02897757187886e-09,4.029462515896491e-09,4.029947436432565e-09,4.030432333567579e-09,4.030917207401204e-09,4.031402057861996e-09,4.031886885052639e-09,4.032371689002877e-09,4.032856469808205e-09,4.033341227515509e-09,4.033825962144706e-09,4.034310673734831e-09,4.034795362350977e-09,4.035280027950689e-09,4.035764670770885e-09,4.036249290803536e-09,4.0367338880037515e-09,4.0372184624670645e-09,4.037703014245754e-09,4.0381875433825226e-09,4.038672049926039e-09,4.039156533890452e-09,4.039640995462926e-09,4.040125434508433e-09,4.040609851182614e-09,4.0410942454870885e-09,4.0415786174484945e-09,4.042062967151219e-09,4.042547294702998e-09,4.0430316000593464e-09,4.043515883243533e-09,4.044000144330217e-09,4.044484383358957e-09,4.0449686005096035e-09,4.045452795631419e-09,4.04593696883235e-09,4.046421120209178e-09,4.046905249741449e-09,4.047389357558032e-09,4.047873443605547e-09,4.048357507961784e-09,4.048841550677109e-09,4.049325571871084e-09,4.049809571492745e-09,4.050293549623687e-09,4.0507775062579915e-09,4.051261441508928e-09,4.051745355297595e-09,4.0522292478408385e-09,4.052713119056598e-09,4.053196969014025e-09,4.053680797783215e-09,4.054164605379624e-09,4.0546483918712566e-09,4.055132157277519e-09,4.055615901650421e-09,4.056099625036166e-09,4.056583327472943e-09,4.057067009118669e-09,4.0575506697776375e-09,4.058034309635088e-09,4.0585179286771205e-09,4.059001526994633e-09,4.059485104617622e-09,4.059968661593011e-09,4.06045219798519e-09,4.060935713760121e-09,4.0614192090044015e-09,4.061902683767991e-09,4.062386138068957e-09,4.062869571982482e-09,4.0633529854945e-09,4.063836378672613e-09,4.06431975157457e-09,4.064803104269097e-09,4.065286436690246e-09,4.06576974899529e-09,4.0662530411211e-09,4.066736313154736e-09,4.06721956517259e-09,4.0677027971402e-09,4.068186009134837e-09,4.068669201178686e-09,4.069152373334948e-09,4.069635525634803e-09,4.070118658112909e-09,4.070601770796966e-09,4.071084863774143e-09,4.071567936994675e-09,4.07205099056054e-09,4.072534024506237e-09,4.073017038840911e-09,4.073500033635622e-09,4.073983008904429e-09,4.0744659647005085e-09,4.074948901059804e-09,4.075431818015047e-09,4.075914715587278e-09,4.076397593870422e-09,4.0768804528302405e-09,4.077363292553521e-09,4.077846113064693e-09,4.078328914349532e-09,4.078811696515882e-09,4.079294459578463e-09,4.079777203569295e-09,4.080259928578475e-09,4.080742634531635e-09,4.081225321498905e-09,4.081707989558e-09,4.082190638688599e-09,4.082673269025888e-09,4.083155880478573e-09,4.083638473171719e-09,4.084121047233016e-09,4.084603602398935e-09,4.085086138938027e-09,4.085568656796385e-09,4.08605115609286e-09,4.086533636769425e-09,4.087016098953059e-09,4.087498542611637e-09,4.087980967797991e-09,4.088463374564382e-09,4.088945762865722e-09,4.089428132884843e-09,4.089910484542619e-09,4.090392817908465e-09,4.090875133006156e-09,4.091357429813138e-09,4.0918397084683506e-09,4.09232196894282e-09,4.092804211308776e-09,4.093286435568362e-09,4.09376864176852e-09,4.0942508299372106e-09,4.094733000079967e-09,4.095215152271795e-09,4.095697286529089e-09,4.09617940288034e-09,4.096661501355403e-09,4.097143582048587e-09,4.0976256449014e-09,4.098107689988915e-09,4.098589717330491e-09,4.099071726947755e-09,4.099553718900373e-09,4.100035693205115e-09,4.100517649900648e-09,4.1009995890641906e-09,4.101481510644487e-09,4.1019634146960845e-09,4.1024453012774884e-09,4.102927170385985e-09,4.103409022041564e-09,4.103890856359245e-09,4.104372673297154e-09,4.10485447292894e-09,4.1053362552681395e-09,4.105818020324231e-09,4.106299768141234e-09,4.1067814987658695e-09,4.1072632122050925e-09,4.107744908475629e-09,4.1082265876417295e-09,4.108708249724495e-09,4.1091898947702845e-09,4.109671522788341e-09,4.110153133811382e-09,4.110634727843261e-09,4.111116304944977e-09,4.1115978651648865e-09,4.112079408524691e-09,4.112560935024802e-09,4.113042444692226e-09,4.113523937591224e-09,4.114005413776728e-09,4.114486873131586e-09,4.1149683158208894e-09,4.11544974190133e-09,4.115931151306706e-09,4.116412544095935e-09,4.11689392029269e-09,4.117375279929297e-09,4.1178566230705e-09,4.118337949704569e-09,4.1188192598603004e-09,4.1193005535713715e-09,4.119781830901485e-09,4.120263091802669e-09,4.1207443363660614e-09,4.121225564556416e-09,4.121706776402129e-09,4.12218797205095e-09,4.122669151460938e-09,4.123150314651383e-09,4.1236314616131065e-09,4.1241125924982136e-09,4.124593707199598e-09,4.125074805791054e-09,4.125555888267602e-09,4.12603695474735e-09,4.126518005175346e-09,4.126999039597756e-09,4.12748005805171e-09,4.127961060563531e-09,4.128442047154068e-09,4.128923017820944e-09,4.129403972655576e-09,4.129884911670882e-09,4.130365834840859e-09,4.13084674219723e-09,4.131327633823326e-09,4.13180850971025e-09,4.132289369861592e-09,4.13277021433658e-09,4.1332510431644634e-09,4.133731856340948e-09,4.1342126539427845e-09,4.134693435935846e-09,4.1351742023989325e-09,4.135654953310846e-09,4.1361356887691356e-09,4.136616408745712e-09,4.1370971132463955e-09,4.137577802316392e-09,4.138058475979317e-09,4.13853913427308e-09,4.139019777212019e-09,4.139500404825285e-09,4.1399810171342266e-09,4.140461614164389e-09,4.140942195942426e-09,4.141422762504849e-09,4.141903313855089e-09,4.142383850013448e-09,4.142864371067213e-09,4.143344876932524e-09,4.143825367763284e-09,4.144305843448692e-09,4.144786304055937e-09,4.145266749641265e-09,4.145747180213822e-09,4.146227595802575e-09,4.146707996433395e-09,4.147188382118143e-09,4.147668752885351e-09,4.1481491087598374e-09,4.148629449765565e-09,4.149109775923256e-09,4.149590087264172e-09,4.150070383802505e-09,4.150550665569161e-09,4.151030932574421e-09,4.151511184831161e-09,4.1519914223934975e-09,4.15247164525525e-09,4.152951853481133e-09,4.1534320470691655e-09,4.1539122260171195e-09,4.154392390428044e-09,4.154872540242296e-09,4.155352675509938e-09,4.155832796269939e-09,4.156312902516794e-09,4.156792994245667e-09,4.1572730715317006e-09,4.157753134391194e-09,4.158233182843388e-09,4.15871321684431e-09,4.159193236537383e-09,4.159673241873441e-09,4.160153232852823e-09,4.160633209485269e-09,4.161113171907576e-09,4.16159312006904e-09,4.162073053985982e-09,4.16255297368975e-09,4.1630328792075575e-09,4.16351277054298e-09,4.163992647718929e-09,4.164472510785607e-09,4.164952359719893e-09,4.165432194564633e-09,4.165912015294711e-09,4.166391821994434e-09,4.166871614693175e-09,4.167351393388102e-09,4.1678311580621006e-09,4.168310908807644e-09,4.168790645611073e-09,4.169270368483248e-09,4.169750077485253e-09,4.170229772584712e-09,4.170709453817029e-09,4.171189121207407e-09,4.171668774770287e-09,4.172148414526445e-09,4.172628040516436e-09,4.17310765274467e-09,4.173587251223586e-09,4.174066835954006e-09,4.174546407011496e-09,4.175025964397145e-09,4.175505508113296e-09,4.17598503811795e-09,4.176464554587546e-09,4.176944057453134e-09,4.177423546723637e-09,4.1779030224097645e-09,4.178382484567584e-09,4.17886193320205e-09,4.179341368279257e-09,4.179820789929106e-09,4.180300198119166e-09,4.180779592862323e-09,4.1812589741212535e-09,4.181738341960931e-09,4.182217696439884e-09,4.182697037590161e-09,4.18317636541328e-09,4.1836556798753565e-09,4.184134981008482e-09,4.184614268848477e-09,4.185093543346334e-09,4.185572804655262e-09,4.186052052719706e-09,4.186531287566812e-09,4.1870105092084796e-09,4.187489717601119e-09,4.187968912900644e-09,4.188448095081083e-09,4.188927264107571e-09,4.189406419999994e-09,4.189885562802497e-09,4.190364692503169e-09,4.190843809196459e-09,4.191322912872945e-09,4.191802003488927e-09,4.1922810810935065e-09,4.192760145708776e-09,4.193239197364692e-09,4.1937182359840885e-09,4.194197261769786e-09,4.194676274624658e-09,4.19515527457788e-09,4.1956342616490225e-09,4.1961132358580385e-09,4.196592197096634e-09,4.197071145633779e-09,4.197550081368944e-09,4.198029004238548e-09,4.198507914393143e-09,4.198986811784316e-09,4.199465696434158e-09,4.199944568360947e-09,4.2004234275602614e-09,4.20090227401368e-09,4.201381107860152e-09,4.201859929050961e-09,4.2023387376122455e-09,4.202817533539853e-09,4.2032963168447505e-09,4.20377508755101e-09,4.204253845701125e-09,4.204732591287352e-09,4.205211324355445e-09,4.205690044870507e-09,4.2061687528810376e-09,4.206647448399688e-09,4.207126131304042e-09,4.207604801933012e-09,4.208083460067316e-09,4.208562105777201e-09,4.2090407390626205e-09,4.209519359958361e-09,4.209997968405948e-09,4.210476564549629e-09,4.210955148229786e-09,4.211433719700631e-09,4.2119122788522054e-09,4.212390825698691e-09,4.212869360263778e-09,4.213347882551303e-09,4.213826392580538e-09,4.214304890375585e-09,4.214783375951401e-09,4.215261849256765e-09,4.2157403104312664e-09,4.2162187594243e-09,4.216697196258535e-09,4.217175620940977e-09,4.2176540334965315e-09,4.218132433935381e-09,4.218610822320038e-09,4.219089198565852e-09,4.219567562739021e-09,4.220045914861917e-09,4.220524254936458e-09,4.221002582988267e-09,4.221480899021496e-09,4.221959203067459e-09,4.2224374951227026e-09,4.2229157752112884e-09,4.223394043307796e-09,4.2238722995066746e-09,4.224350543787649e-09,4.224828776148134e-09,4.225306996615386e-09,4.225785205270461e-09,4.2262634019988676e-09,4.226741586871961e-09,4.227219759900252e-09,4.2276979211146755e-09,4.228176070513799e-09,4.228654208118573e-09,4.229132333941908e-09,4.2296104480052725e-09,4.230088550376098e-09,4.23056664094448e-09,4.231044719781894e-09,4.231522786915225e-09,4.232000842349777e-09,4.232478886098479e-09,4.232956918177806e-09,4.2334349386058016e-09,4.233912947395597e-09,4.23439094454732e-09,4.234868930083411e-09,4.235346904021599e-09,4.235824866371277e-09,4.2363028171478946e-09,4.2367807563569845e-09,4.23725868402924e-09,4.2377366001655305e-09,4.238214504783872e-09,4.23869239789051e-09,4.2391702795029025e-09,4.239648149637908e-09,4.2401260083082474e-09,4.2406038555211675e-09,4.241081691294017e-09,4.241559515636877e-09,4.24203732857237e-09,4.2425151300986685e-09,4.242992920235922e-09,4.243470699002781e-09,4.243948466401535e-09,4.244426222453725e-09,4.244903967164987e-09,4.245381700550999e-09,4.245859422619822e-09,4.246337133402903e-09,4.24681483289252e-09,4.247292521101704e-09,4.247770198052495e-09,4.248247863762288e-09,4.248725518227845e-09,4.249203161466469e-09,4.249680793498073e-09,4.250158414360401e-09,4.250636024010545e-09,4.251113622480257e-09,4.251591209785804e-09,4.252068785941472e-09,4.252546350964123e-09,4.253023904859375e-09,4.253501447640949e-09,4.2539789793216604e-09,4.254456499915409e-09,4.2549340095045546e-09,4.255411507952385e-09,4.255888995342549e-09,4.256366471694755e-09,4.256843937016485e-09,4.2573213913221255e-09,4.257798834609866e-09,4.258276266907734e-09,4.25875368822693e-09,4.2592310985821e-09,4.2597084979635975e-09,4.260185886406158e-09,4.260663263913021e-09,4.261140630500508e-09,4.2616179861753406e-09,4.262095331022659e-09,4.262572664898794e-09,4.263049987903657e-09,4.2635273000359625e-09,4.26400460130768e-09,4.264481891732888e-09,4.2649591713301035e-09,4.2654364401005835e-09,4.26591369807364e-09,4.2663909452472176e-09,4.2668681816303895e-09,4.2673454072282065e-09,4.267822622086626e-09,4.268299826171553e-09,4.268777019519384e-09,4.269254202130131e-09,4.26973137401559e-09,4.270208535194063e-09,4.270685685669891e-09,4.271162825450019e-09,4.271639954555117e-09,4.272117072986906e-09,4.272594180753326e-09,4.273071277889298e-09,4.273548364387467e-09,4.274025440260585e-09,4.2745025055127324e-09,4.27497956016699e-09,4.275456604229946e-09,4.275933637703428e-09,4.276410660611912e-09,4.276887672956348e-09,4.277364674751731e-09,4.27784166617772e-09,4.278318646901857e-09,4.278795617105709e-09,4.279272576949271e-09,4.27974952613375e-09,4.280226464843181e-09,4.2807033930542986e-09,4.281180310836996e-09,4.281657218132299e-09,4.282134114986387e-09,4.282611001393672e-09,4.283087877373201e-09,4.2835647429382755e-09,4.284041598098587e-09,4.2845184428584406e-09,4.284995277219161e-09,4.285472101327864e-09,4.285948914946854e-09,4.2864257182073085e-09,4.286902511118941e-09,4.287379293693551e-09,4.287856065940404e-09,4.28833282786412e-09,4.288809579480909e-09,4.289286320797029e-09,4.289763051819723e-09,4.2902397725687505e-09,4.2907164830419975e-09,4.291193183240985e-09,4.291669873201871e-09,4.2921465529188954e-09,4.292623222399635e-09,4.293099881660023e-09,4.293576530703126e-09,4.294053169544242e-09,4.294529798175611e-09,4.295006416636655e-09,4.295483024919531e-09,4.2959596230317345e-09,4.296436210989359e-09,4.296912788798426e-09,4.29738935646369e-09,4.297865914005373e-09,4.2983424614222085e-09,4.298818998730114e-09,4.299295525927792e-09,4.299772043033822e-09,4.300248550072378e-09,4.300725047015203e-09,4.301201533903766e-09,4.3016780107245176e-09,4.302154477499801e-09,4.302630934228108e-09,4.303107380931899e-09,4.303583817606416e-09,4.304060244270807e-09,4.3045366609266314e-09,4.305013067593849e-09,4.305489464266658e-09,4.3059658509599775e-09,4.306442227613985e-09,4.306918594469925e-09,4.3073949512798555e-09,4.307871298139641e-09,4.308347635071347e-09,4.308823962077074e-09,4.3093002791642895e-09,4.3097765864667215e-09,4.310252883743176e-09,4.310729171107975e-09,4.311205448606858e-09,4.311681716230875e-09,4.312157973990343e-09,4.312634221869756e-09,4.313110459715274e-09,4.313586687931477e-09,4.314062906283554e-09,4.314539114811521e-09,4.315015313576244e-09,4.315491502497551e-09,4.315967681601974e-09,4.316443850929788e-09,4.316920010460027e-09,4.317396160225637e-09,4.317872300211528e-09,4.3183484304512005e-09,4.318824550892894e-09,4.319300661630676e-09,4.3197767626497744e-09,4.320252853925054e-09,4.320728935460338e-09,4.321205007296798e-09,4.3216810694581995e-09,4.3221571219011885e-09,4.32263316465549e-09,4.323109197725128e-09,4.323585221130393e-09,4.324061234858041e-09,4.324537238929293e-09,4.325013233356802e-09,4.325489218142135e-09,4.325965193094374e-09,4.326441158625691e-09,4.326917114514814e-09,4.327393060816121e-09,4.327868997513156e-09,4.328344924608292e-09,4.328820842115649e-09,4.329296750042657e-09,4.329772648382584e-09,4.3302485371798134e-09,4.330724416408558e-09,4.331200286118646e-09,4.331676146256354e-09,4.332151996844554e-09,4.332627837916043e-09,4.333103669467108e-09,4.33357949150397e-09,4.33405530404441e-09,4.334531107127318e-09,4.335006900654883e-09,4.335482684714747e-09,4.335958459289233e-09,4.3364342243929485e-09,4.336909980037949e-09,4.3373857262383625e-09,4.337861463047714e-09,4.3383371903505565e-09,4.3388129082225665e-09,4.339288616653627e-09,4.339764315668285e-09,4.34024000527338e-09,4.340715685428682e-09,4.341191356234428e-09,4.34166701764466e-09,4.342142669663009e-09,4.342618312313894e-09,4.343093945590983e-09,4.34356956949044e-09,4.344045183862237e-09,4.344520789066793e-09,4.344996384910761e-09,4.345471971434672e-09,4.345947548626547e-09,4.346423116508644e-09,4.346898675067762e-09,4.347374224294065e-09,4.347849764234111e-09,4.348325294904333e-09,4.348800816219128e-09,4.3492763282007545e-09,4.349751831001131e-09,4.350227324543017e-09,4.350702808802816e-09,4.351178283818478e-09,4.351653749569067e-09,4.352129206087877e-09,4.352604653288766e-09,4.353080091334116e-09,4.353555520161022e-09,4.354030939771963e-09,4.354506350179889e-09,4.3549817513712495e-09,4.355457143387833e-09,4.3559325262118716e-09,4.356407899828182e-09,4.3568832642766425e-09,4.357358619547404e-09,4.357833965662533e-09,4.358309302594882e-09,4.358784630389075e-09,4.359259949129467e-09,4.3597352586260394e-09,4.36021055898663e-09,4.3606858502291754e-09,4.361161132361649e-09,4.3616364053485775e-09,4.36211166925072e-09,4.362586924049842e-09,4.3630621697522805e-09,4.363537406354904e-09,4.364012633967536e-09,4.364487852390234e-09,4.364963061777344e-09,4.365438262080187e-09,4.365913453329035e-09,4.366388635510483e-09,4.366863808649053e-09,4.36733897274851e-09,4.36781412779939e-09,4.368289273850387e-09,4.368764410739767e-09,4.369239538726242e-09,4.369714657598032e-09,4.370189767553623e-09,4.370664868438253e-09,4.371139960418023e-09,4.371615043394403e-09,4.3720901173694925e-09,4.372565182376282e-09,4.373040238418722e-09,4.373515285503959e-09,4.3739903235222665e-09,4.374465352668497e-09,4.374940372876009e-09,4.375415384140027e-09,4.375890386633787e-09,4.376365380026117e-09,4.3768403644735585e-09,4.377315340121708e-09,4.3777903067693175e-09,4.378265264502503e-09,4.378740213313848e-09,4.379215153195747e-09,4.379690084223488e-09,4.380165006354659e-09,4.38063991961332e-09,4.3811148239873865e-09,4.381589719490052e-09,4.382064606342661e-09,4.382539484127819e-09,4.383014353043403e-09,4.383489213108939e-09,4.383964064338137e-09,4.3844389067213345e-09,4.3849137403001326e-09,4.385388565006526e-09,4.385863380895311e-09,4.386338187993674e-09,4.38681298627935e-09,4.387287775732577e-09,4.387762556383044e-09,4.3882373282529995e-09,4.3887120913307175e-09,4.389186845685746e-09,4.389661591164442e-09,4.390136327906838e-09,4.3906110558667755e-09,4.391085775066666e-09,4.391560485507767e-09,4.392035187187843e-09,4.392509880129719e-09,4.392984564332053e-09,4.3934592397882395e-09,4.393933906517354e-09,4.3944085645065285e-09,4.3948832137559844e-09,4.395357854457024e-09,4.395832486270206e-09,4.396307109376916e-09,4.396781723772512e-09,4.3972563294753505e-09,4.397730926604459e-09,4.39820551493252e-09,4.398680094566123e-09,4.399154665528828e-09,4.399629227834478e-09,4.400103781592997e-09,4.400578326539093e-09,4.401052862831398e-09,4.40152739055174e-09,4.402001909561047e-09,4.402476419911562e-09,4.402950921630128e-09,4.403425414687431e-09,4.403899899113585e-09,4.4043743749994134e-09,4.404848842272539e-09,4.405323300866861e-09,4.405797750846138e-09,4.406272192335878e-09,4.4067466250961036e-09,4.407221049258113e-09,4.407695464821891e-09,4.408169871736522e-09,4.408644270147222e-09,4.409118660157049e-09,4.409593041389475e-09,4.410067413993671e-09,4.41054177816118e-09,4.411016133695137e-09,4.41149048066139e-09,4.411964819083443e-09,4.41243914895848e-09,4.412913470300568e-09,4.413387783021439e-09,4.41386208727598e-09,4.414336383001358e-09,4.414810670218258e-09,4.415284948937002e-09,4.4157592191161256e-09,4.416233480748291e-09,4.416707733908571e-09,4.417181978551502e-09,4.4176562147027556e-09,4.4181304423733845e-09,4.418604661553452e-09,4.419078872241667e-09,4.419553074448921e-09,4.420027268199904e-09,4.420501453470134e-09,4.4209756302622e-09,4.4214497985907405e-09,4.42192395838589e-09,4.422398109815209e-09,4.422872252727171e-09,4.423346387362069e-09,4.423820513643346e-09,4.424294631282239e-09,4.424768740416447e-09,4.425242841207815e-09,4.4257169335736614e-09,4.426191017505159e-09,4.426665093053177e-09,4.427139160161332e-09,4.427613218856492e-09,4.4280872691309e-09,4.42856131117114e-09,4.429035344660159e-09,4.429509369580856e-09,4.4299833862742566e-09,4.43045739458728e-09,4.4309313945450505e-09,4.431405386115704e-09,4.431879369295449e-09,4.4323533442762275e-09,4.4328273107519106e-09,4.433301268795634e-09,4.43377521853693e-09,4.434249159937649e-09,4.434723093064193e-09,4.435197017773466e-09,4.4356709341239954e-09,4.436144842169986e-09,4.4366187418835594e-09,4.437092633251943e-09,4.437566516301663e-09,4.438040391030504e-09,4.438514257431916e-09,4.438988115511469e-09,4.43946196528242e-09,4.439935806758694e-09,4.440409640011674e-09,4.440883464904593e-09,4.441357281492662e-09,4.441831089790753e-09,4.442304889802091e-09,4.442778681517377e-09,4.443252464980578e-09,4.443726240171131e-09,4.444200007092466e-09,4.444673765671439e-09,4.445147516052089e-09,4.445621258039262e-09,4.446094991886097e-09,4.446568717499174e-09,4.447042434794177e-09,4.447516143912519e-09,4.447989844786068e-09,4.448463537444623e-09,4.4489372218599216e-09,4.449410898031134e-09,4.449884565967791e-09,4.450358225687282e-09,4.450831877220898e-09,4.451305520550826e-09,4.451779155772969e-09,4.452252782675937e-09,4.452726401335969e-09,4.4532000119109586e-09,4.453673614194704e-09,4.454147208257076e-09,4.454620794128761e-09,4.4550943718172744e-09,4.455567941320478e-09,4.4560415026348245e-09,4.456515055823389e-09,4.456988600796408e-09,4.457462137600194e-09,4.457935666236006e-09,4.458409186708836e-09,4.458882699027652e-09,4.459356203179374e-09,4.459829699174823e-09,4.460303187029096e-09,4.460776666838359e-09,4.461250138404841e-09,4.46172360186908e-09,4.462197057160142e-09,4.462670504325008e-09,4.463143943349691e-09,4.463617374244674e-09,4.464090797030889e-09,4.46456421169416e-09,4.465037618234886e-09,4.4655110166737606e-09,4.465984407056275e-09,4.466457789268444e-09,4.466931163362592e-09,4.4674045293749854e-09,4.467877887309334e-09,4.468351237138761e-09,4.46882457893085e-09,4.469297912503491e-09,4.4697712381364e-09,4.470244555533812e-09,4.4707178649190645e-09,4.4711911662473e-09,4.471664459521492e-09,4.472137744654432e-09,4.472611021770226e-09,4.473084290841482e-09,4.4735575518537445e-09,4.474030804820944e-09,4.474504049774742e-09,4.474977286640872e-09,4.475450515423115e-09,4.475923736205585e-09,4.4763969489350586e-09,4.4768701536201064e-09,4.47734335035055e-09,4.477816539055127e-09,4.478289719667025e-09,4.478762892257073e-09,4.479236056817181e-09,4.479709213370758e-09,4.480182361985355e-09,4.480655502503937e-09,4.481128635007702e-09,4.4816017595103756e-09,4.4820748760173556e-09,4.482547984526448e-09,4.483021085039161e-09,4.483494177556569e-09,4.483967262072539e-09,4.484440338618531e-09,4.484913407182997e-09,4.4853864677447745e-09,4.485859520417075e-09,4.486332565042622e-09,4.486805601745496e-09,4.487278630432273e-09,4.487751651140802e-09,4.488224663885005e-09,4.48869766867093e-09,4.489170665550506e-09,4.48964365426036e-09,4.490116635160944e-09,4.490589608161613e-09,4.4910625731852575e-09,4.4915355302329234e-09,4.492008479390753e-09,4.492481420594763e-09,4.492954353813183e-09,4.4934272792240625e-09,4.493900196615594e-09,4.494373106093276e-09,4.4948460076406595e-09,4.4953189012670635e-09,4.495791787001425e-09,4.496264664794865e-09,4.496737534664559e-09,4.49721039662151e-09,4.4976832506909604e-09,4.498156096851781e-09,4.498628935102626e-09,4.4991017654613635e-09,4.499574587923347e-09,4.500047402477271e-09,4.50052020915217e-09,4.500993008002443e-09,4.501465798915444e-09,4.501938581948478e-09,4.502411357081105e-09,4.502884124357092e-09,4.503356883742169e-09,4.503829635279871e-09,4.504302378929074e-09,4.504775114764611e-09,4.505247842657394e-09,4.505720562699899e-09,4.506193274860209e-09,4.506665979272842e-09,4.507138675745179e-09,4.50761136436665e-09,4.508084045150324e-09,4.508556717884358e-09,4.509029383016572e-09,4.509502040303524e-09,4.509974689703869e-09,4.510447331267032e-09,4.510919965009737e-09,4.511392590898565e-09,4.5118652090072245e-09,4.512337819269915e-09,4.51281042168433e-09,4.5132830163062375e-09,4.513755603082007e-09,4.514228182029054e-09,4.514700753186182e-09,4.515173316564232e-09,4.515645872094823e-09,4.516118419815123e-09,4.5165909597291035e-09,4.517063491853254e-09,4.517536016168166e-09,4.518008532686817e-09,4.518481041420476e-09,4.518953542362979e-09,4.51942603551721e-09,4.5198985209577086e-09,4.520370998521726e-09,4.520843468329058e-09,4.521315930446861e-09,4.521788384678735e-09,4.522260831103693e-09,4.522733269787792e-09,4.5232057007068924e-09,4.523678123874083e-09,4.524150539262916e-09,4.5246229470680175e-09,4.525095346947358e-09,4.525567739066287e-09,4.5260401234103055e-09,4.526512499982422e-09,4.526984868824878e-09,4.527457229919933e-09,4.5279295832425524e-09,4.528401928839013e-09,4.5288742666991785e-09,4.529346596857582e-09,4.5298189192272286e-09,4.5302912338672625e-09,4.530763540842695e-09,4.531235840018143e-09,4.53170813146846e-09,4.5321804151825785e-09,4.532652691172964e-09,4.533124959489146e-09,4.533597220036406e-09,4.53406947287521e-09,4.5345417179862e-09,4.535013955386687e-09,4.535486185075185e-09,4.5359584070512706e-09,4.5364306213211246e-09,4.536902827897946e-09,4.537375026753742e-09,4.537847218009693e-09,4.538319401485784e-09,4.538791577215293e-09,4.539263745302871e-09,4.5397359057166425e-09,4.540208058418935e-09,4.540680203425459e-09,4.541152340759456e-09,4.54162447040727e-09,4.542096592362844e-09,4.5425687066390736e-09,4.543040813024616e-09,4.543512911977786e-09,4.5439850032589495e-09,4.544457086863183e-09,4.544929162763166e-09,4.54540123097739e-09,4.545873291561454e-09,4.546345344558939e-09,4.546817389842944e-09,4.547289427495757e-09,4.547761457461348e-09,4.548233479764764e-09,4.548705494353679e-09,4.549177501360918e-09,4.549649500715747e-09,4.550121492429918e-09,4.55059347650133e-09,4.5510654529381686e-09,4.5515374217245106e-09,4.5520093827722445e-09,4.552481336289604e-09,4.552953282172608e-09,4.553425220419198e-09,4.553897150988032e-09,4.554369073983092e-09,4.554840989357629e-09,4.555312897104959e-09,4.555784797231055e-09,4.5562566897085575e-09,4.556728574601734e-09,4.5572004518789855e-09,4.557672321302429e-09,4.558144183352727e-09,4.558616037901774e-09,4.559087884709704e-09,4.559559723898944e-09,4.560031555520825e-09,4.560503379505039e-09,4.560975195919916e-09,4.561447004731932e-09,4.561918805956088e-09,4.562390599568392e-09,4.562862385607053e-09,4.5633341640545785e-09,4.5638059348129546e-09,4.56427769808122e-09,4.564749453763742e-09,4.565221201862616e-09,4.565692942400959e-09,4.566164675353703e-09,4.5666364007193075e-09,4.5671081185099754e-09,4.567579828726397e-09,4.568051531370902e-09,4.568523226442387e-09,4.5689949139468056e-09,4.56946659388876e-09,4.5699382662301115e-09,4.570409931043256e-09,4.570881588298492e-09,4.571353237998421e-09,4.571824880114464e-09,4.57229651469373e-09,4.572768141721438e-09,4.5732397611957135e-09,4.573711373121234e-09,4.574182977496637e-09,4.574654574325203e-09,4.5751261635928515e-09,4.575597745364484e-09,4.5760693195403616e-09,4.576540886190311e-09,4.5770124452901586e-09,4.5774839968759306e-09,4.577955540920404e-09,4.57842707733261e-09,4.578898606341434e-09,4.579370127805316e-09,4.579841641738151e-09,4.5803131481378345e-09,4.58078464697751e-09,4.581256138086771e-09,4.581727621890403e-09,4.582199098211466e-09,4.582670567127975e-09,4.583142028416821e-09,4.583613482222307e-09,4.5840849284820136e-09,4.584556367205406e-09,4.585027798291177e-09,4.58549922203625e-09,4.585970638267345e-09,4.586442047007866e-09,4.586913448204129e-09,4.58738484196139e-09,4.587856228198722e-09,4.588327606853729e-09,4.588798978094565e-09,4.589270341834734e-09,4.589741698090882e-09,4.590213046855299e-09,4.590684388082638e-09,4.591155721868606e-09,4.59162704816024e-09,4.592098366959081e-09,4.592569678289219e-09,4.5930409821499015e-09,4.593512278522892e-09,4.593983567430442e-09,4.594454848835684e-09,4.594926122777853e-09,4.595397389082667e-09,4.595868648052672e-09,4.596339899325664e-09,4.596811143390688e-09,4.5972823799853795e-09,4.597753609121503e-09,4.598224830791655e-09,4.598696044774355e-09,4.59916725151424e-09,4.599638450799897e-09,4.600109642379205e-09,4.60058082675258e-09,4.601052003671983e-09,4.601523173137408e-09,4.601994335174922e-09,4.602465489824939e-09,4.602936636937211e-09,4.603407776609924e-09,4.603878908802986e-09,4.6043500335463976e-09,4.604821150889502e-09,4.605292260792775e-09,4.6057633630707506e-09,4.60623445812705e-09,4.606705545713237e-09,4.607176625875649e-09,4.60764769860621e-09,4.60811876366877e-09,4.6085898213826445e-09,4.609060871825064e-09,4.609531914707276e-09,4.610002950139788e-09,4.610473978298886e-09,4.610944999035257e-09,4.611416012347643e-09,4.61188701826655e-09,4.612358016744945e-09,4.612829007671444e-09,4.613299991323849e-09,4.6137709675183815e-09,4.6142419363387244e-09,4.614712897794699e-09,4.6151838518006996e-09,4.615654798386975e-09,4.616125737592522e-09,4.616596669248834e-09,4.61706759341584e-09,4.617538510127607e-09,4.618009419788769e-09,4.6184803219598044e-09,4.618951216695627e-09,4.619422104076284e-09,4.6198929840269546e-09,4.620363856574392e-09,4.620834721769987e-09,4.62130557958242e-09,4.621776429996348e-09,4.622247273014651e-09,4.622718108712715e-09,4.623188936978978e-09,4.623659757856269e-09,4.624130571351798e-09,4.624601377457846e-09,4.625072176187338e-09,4.625542967544723e-09,4.626013751525222e-09,4.626484528125558e-09,4.6269552973264196e-09,4.627426059177949e-09,4.627896813659201e-09,4.6283675607349505e-09,4.628838300476186e-09,4.629309032849088e-09,4.62977975781806e-09,4.630250475457628e-09,4.6307211856555e-09,4.631191888572446e-09,4.63166258412486e-09,4.632133272315766e-09,4.632603953142712e-09,4.633074626611184e-09,4.633545292689442e-09,4.63401595141048e-09,4.634486602745185e-09,4.634957247050411e-09,4.63542788375445e-09,4.635898513153841e-09,4.636369135018025e-09,4.636839749687062e-09,4.6373103570040196e-09,4.637780956945801e-09,4.638251549718808e-09,4.63872213500057e-09,4.639192712911565e-09,4.639663283554215e-09,4.640133846942545e-09,4.640604402818811e-09,4.641074951412516e-09,4.641545492631324e-09,4.642016026593923e-09,4.6424865531616554e-09,4.642957072386825e-09,4.643427584214904e-09,4.643898088821398e-09,4.644368586102754e-09,4.644839076049022e-09,4.645309558664451e-09,4.645780033962559e-09,4.646250501922131e-09,4.646720962569829e-09,4.647191415904822e-09,4.647661861913912e-09,4.648132300718842e-09,4.648602732073054e-09,4.6490731561179975e-09,4.649543572866809e-09,4.650013982249387e-09,4.650484384347174e-09,4.6509547792101994e-09,4.651425166729553e-09,4.651895546908307e-09,4.652365919823832e-09,4.6528362854285545e-09,4.653306643710765e-09,4.6537769946087295e-09,4.654247338297589e-09,4.6547176744872e-09,4.655188003581263e-09,4.6556583252352215e-09,4.656128639718366e-09,4.656598946921089e-09,4.657069246826385e-09,4.657539539421302e-09,4.658009824623136e-09,4.6584801026125534e-09,4.6589503733455354e-09,4.6594206369640966e-09,4.659890893108606e-09,4.660361142025484e-09,4.66083138338885e-09,4.66130161757936e-09,4.661771844597573e-09,4.662242064292173e-09,4.6627122767580754e-09,4.6631824818345765e-09,4.663652679730446e-09,4.66412287034972e-09,4.664593053627822e-09,4.665063229707564e-09,4.665533398458737e-09,4.666003559918772e-09,4.666473714151683e-09,4.666943860999462e-09,4.667414000702248e-09,4.667884133188544e-09,4.668354258343545e-09,4.668824376116408e-09,4.669294486753057e-09,4.669764590098115e-09,4.670234686262061e-09,4.670704775079021e-09,4.671174856663403e-09,4.671644930982152e-09,4.6721149980394734e-09,4.672585057861639e-09,4.6730551103937586e-09,4.673525155613767e-09,4.673995193618871e-09,4.674465224414896e-09,4.6749352480144875e-09,4.67540526425071e-09,4.675875273347804e-09,4.676345275128702e-09,4.676815269553206e-09,4.677285256837526e-09,4.677755236898134e-09,4.678225209536513e-09,4.678695175077594e-09,4.679165133232211e-09,4.6796350843872876e-09,4.680105028297812e-09,4.680574964890505e-09,4.681044894217667e-09,4.681514816306092e-09,4.681984731165915e-09,4.682454638950982e-09,4.6829245394709135e-09,4.683394432617821e-09,4.683864318595959e-09,4.684334197285467e-09,4.684804068762941e-09,4.685273932991827e-09,4.685743789983069e-09,4.68621363976483e-09,4.686683482302978e-09,4.687153317615015e-09,4.6876231458181935e-09,4.688092966678701e-09,4.688562780325606e-09,4.689032586741463e-09,4.689502385936613e-09,4.689972177893099e-09,4.690441962657979e-09,4.690911740213554e-09,4.691381510512629e-09,4.691851273654848e-09,4.692321029415634e-09,4.692790778168741e-09,4.693260519649158e-09,4.6937302539649825e-09,4.694199981012646e-09,4.694669700818124e-09,4.6951394134549444e-09,4.695609118789718e-09,4.696078817059954e-09,4.696548507957429e-09,4.697018191821225e-09,4.6974878684111386e-09,4.697957537807393e-09,4.698427199857802e-09,4.698896854899764e-09,4.699366502654137e-09,4.6998361432923765e-09,4.700305776697692e-09,4.7007754028835026e-09,4.701245021774506e-09,4.701714633454808e-09,4.7021842380308865e-09,4.702653835442455e-09,4.703123425657419e-09,4.703593008806923e-09,4.704062584694938e-09,4.704532153339821e-09,4.70500171486496e-09,4.705471269143454e-09,4.705940816215055e-09,4.706410356099285e-09,4.7068798888130276e-09,4.707349414325072e-09,4.707818932715025e-09,4.70828844400885e-09,4.708757948126161e-09,4.70922744498324e-09,4.709696934588574e-09,4.710166417015263e-09,4.710635892150439e-09,4.711105360252594e-09,4.7115748211456055e-09,4.712044274823135e-09,4.712513721368427e-09,4.712983160962857e-09,4.713452593096152e-09,4.7139220182067615e-09,4.714391436109636e-09,4.71486084677989e-09,4.715330250318625e-09,4.715799646617704e-09,4.716269035814715e-09,4.716738417717699e-09,4.7172077926533625e-09,4.71767716033528e-09,4.718146520909948e-09,4.718615874263346e-09,4.719085220448889e-09,4.719554559484593e-09,4.720023891400308e-09,4.720493216106473e-09,4.720962533621822e-09,4.721431844059637e-09,4.721901147289922e-09,4.72237044341812e-09,4.722839732406899e-09,4.723309014228175e-09,4.723778288838829e-09,4.72424755628339e-09,4.724716816499331e-09,4.725186069807964e-09,4.725655315803361e-09,4.726124554606886e-09,4.7265937863017214e-09,4.727063010864979e-09,4.727532228280929e-09,4.728001438587222e-09,4.728470641665627e-09,4.728939837637474e-09,4.729409026456872e-09,4.729878208154683e-09,4.730347382710594e-09,4.730816550111336e-09,4.731285710361843e-09,4.7317548635311985e-09,4.732224009485349e-09,4.732693148333089e-09,4.733162280031475e-09,4.733631404692459e-09,4.734100522113825e-09,4.7345696324714175e-09,4.735038735625797e-09,4.735507831652008e-09,4.735976920548532e-09,4.736446002381814e-09,4.7369150770817095e-09,4.737384144630246e-09,4.7378532051491095e-09,4.738322258411048e-09,4.738791304548229e-09,4.7392603435177e-09,4.739729375420499e-09,4.740198400149536e-09,4.740667417718515e-09,4.741136428202255e-09,4.741605431685864e-09,4.742074427871345e-09,4.742543417054688e-09,4.743012399063875e-09,4.74348137378696e-09,4.743950341543796e-09,4.744419302182563e-09,4.744888255761574e-09,4.74535720219024e-09,4.7458261414756754e-09,4.746295073668598e-09,4.746763998733309e-09,4.74723291665444e-09,4.7477018274702585e-09,4.748170731215843e-09,4.7486396278602406e-09,4.749108517360726e-09,4.7495773998180216e-09,4.750046275154172e-09,4.750515143335808e-09,4.7509840044104084e-09,4.751452858418305e-09,4.751921705065802e-09,4.7523905447995764e-09,4.752859377489695e-09,4.753328202984638e-09,4.753797021480401e-09,4.754265832867109e-09,4.754734637195412e-09,4.755203434285784e-09,4.755672224308844e-09,4.756141007309442e-09,4.756609783122988e-09,4.75707855185485e-09,4.757547313486815e-09,4.758016068112561e-09,4.758484815550379e-09,4.75895355588889e-09,4.759422289162245e-09,4.759891015309644e-09,4.760359734368648e-09,4.7608284463504406e-09,4.761297151236416e-09,4.761765849002931e-09,4.7622345398079696e-09,4.762703223400762e-09,4.763171899924247e-09,4.763640569407155e-09,4.764109231750557e-09,4.764577887061065e-09,4.765046535398975e-09,4.7655151764985676e-09,4.7659838103676106e-09,4.7664524372905285e-09,4.766921057100811e-09,4.767389669990261e-09,4.767858275715484e-09,4.768326874306254e-09,4.768795465815505e-09,4.769264050246782e-09,4.769732627565372e-09,4.770201197845203e-09,4.7706697610458894e-09,4.771138317190899e-09,4.77160686628615e-09,4.772075408269191e-09,4.772543943211325e-09,4.773012471037074e-09,4.773480991788362e-09,4.77394950546804e-09,4.7744180120220705e-09,4.774886511566463e-09,4.775355004044804e-09,4.775823489445669e-09,4.776291967826996e-09,4.776760439027319e-09,4.777228903295379e-09,4.7776973603772365e-09,4.7781658102271814e-09,4.778634253214459e-09,4.779102689134317e-09,4.779571117997226e-09,4.780039539780803e-09,4.780507954545829e-09,4.780976362333796e-09,4.7814447629459956e-09,4.7819131564966185e-09,4.782381543002768e-09,4.7828499224292544e-09,4.783318294784794e-09,4.783786660094006e-09,4.7842550183707345e-09,4.784723369545135e-09,4.785191713764634e-09,4.785660050855008e-09,4.786128380864019e-09,4.786596703878963e-09,4.787065019756819e-09,4.7875333286469195e-09,4.7880016305613765e-09,4.788469925276782e-09,4.788938212875198e-09,4.789406493571712e-09,4.789874767252898e-09,4.7903430338209986e-09,4.790811293341771e-09,4.7912795457666835e-09,4.791747791188711e-09,4.792216029547101e-09,4.792684260778538e-09,4.793152485072159e-09,4.793620702319101e-09,4.794088912575184e-09,4.794557115742534e-09,4.795025311849216e-09,4.795493500942807e-09,4.795961682800982e-09,4.796429857781902e-09,4.796898025732422e-09,4.797366186636022e-09,4.797834340496392e-09,4.798302487347394e-09,4.7987706271361705e-09,4.7992387599513985e-09,4.799706885658566e-09,4.800175004337638e-09,4.800643115969812e-09,4.801111220610149e-09,4.8015793181368734e-09,4.802047408808138e-09,4.802515492310177e-09,4.802983568684039e-09,4.80345163818165e-09,4.803919700580164e-09,4.804387755962278e-09,4.8048558043164545e-09,4.805323845615899e-09,4.805791879918255e-09,4.806259907249653e-09,4.8067279274697125e-09,4.807195940634978e-09,4.807663946822719e-09,4.808131945972975e-09,4.808599938040666e-09,4.809067923151948e-09,4.809535901253492e-09,4.81000387231832e-09,4.810471836362855e-09,4.810939793392408e-09,4.8114077434839246e-09,4.811875686477387e-09,4.812343622437058e-09,4.812811551364648e-09,4.813279473274334e-09,4.81374738820122e-09,4.81421529608947e-09,4.8146831969364915e-09,4.815151090786145e-09,4.815618977654078e-09,4.816086857467395e-09,4.816554730279911e-09,4.817022596053799e-09,4.8174904546625105e-09,4.817958306526492e-09,4.818426151203671e-09,4.8188939888920795e-09,4.819361819650028e-09,4.819829643372015e-09,4.8202974600630575e-09,4.820765269688779e-09,4.821233072302596e-09,4.82170086797628e-09,4.822168656648687e-09,4.822636438330818e-09,4.8231042128837216e-09,4.823571980529032e-09,4.824039741113768e-09,4.824507494748831e-09,4.824975241381082e-09,4.825442981012798e-09,4.825910713642942e-09,4.826378439270272e-09,4.826846157888676e-09,4.827313869513835e-09,4.827781574131016e-09,4.8282492717299995e-09,4.828716962345628e-09,4.829184645983901e-09,4.82965232262698e-09,4.830119992253811e-09,4.8305876548891805e-09,4.831055310514381e-09,4.831522959144844e-09,4.8319906007780736e-09,4.8324582354209015e-09,4.832925863104849e-09,4.833393483758035e-09,4.833861097392695e-09,4.834328704135819e-09,4.834796303863573e-09,4.835263896624425e-09,4.835731482316307e-09,4.836199061017516e-09,4.836666632725482e-09,4.837134197516576e-09,4.83760175524612e-09,4.838069306080232e-09,4.83853684983151e-09,4.839004386548369e-09,4.839471916352301e-09,4.8399394392033355e-09,4.840406955008805e-09,4.840874463821236e-09,4.841341965659076e-09,4.841809460439919e-09,4.84227694833087e-09,4.842744429195462e-09,4.8432119030941084e-09,4.843679370030243e-09,4.8441468301646795e-09,4.844614283139457e-09,4.845081729099381e-09,4.845549168192355e-09,4.846016600233551e-09,4.846484025294918e-09,4.846951443416596e-09,4.84741885443648e-09,4.847886258565346e-09,4.8483536556820815e-09,4.8488210459651645e-09,4.849288429139001e-09,4.8497558053320214e-09,4.850223174557642e-09,4.8506905367994586e-09,4.851157892140559e-09,4.851625240383374e-09,4.852092581700324e-09,4.8525599160989704e-09,4.853027243503446e-09,4.853494563908964e-09,4.85396187739391e-09,4.854429183870847e-09,4.854896483333841e-09,4.855363775787061e-09,4.855831061314075e-09,4.856298339888689e-09,4.856765611503638e-09,4.8572328761897854e-09,4.857700133884204e-09,4.858167384596134e-09,4.858634628373854e-09,4.859101865156414e-09,4.8595690950926684e-09,4.860036317952127e-09,4.860503533947721e-09,4.860970742510888e-09,4.861437944475579e-09,4.861905139563948e-09,4.862372327568559e-09,4.862839508647698e-09,4.863306682831475e-09,4.863773849988247e-09,4.8642410099950505e-09,4.8647081632344395e-09,4.865175309513019e-09,4.865642448849887e-09,4.866109581222596e-09,4.866576706655644e-09,4.8670438251800956e-09,4.867510936672479e-09,4.8679780412402266e-09,4.868445138858738e-09,4.868912229481632e-09,4.869379313137558e-09,4.869846389863041e-09,4.870313459822885e-09,4.870780522502566e-09,4.871247578362597e-09,4.8717146272849385e-09,4.87218166908096e-09,4.872648704122309e-09,4.8731157321873245e-09,4.8735827533275496e-09,4.874049767328313e-09,4.874516774499536e-09,4.874983774764154e-09,4.875450768105324e-09,4.875917754475871e-09,4.876384733929737e-09,4.876851706409104e-09,4.877318671947227e-09,4.877785630535562e-09,4.878252582278794e-09,4.8787195270302955e-09,4.879186464682484e-09,4.879653395700855e-09,4.880120319594595e-09,4.880587236425416e-09,4.881054146021584e-09,4.881521049013441e-09,4.881987945200074e-09,4.882454834506952e-09,4.8829217168159735e-09,4.88338859215449e-09,4.88385546050088e-09,4.8843223218991e-09,4.884789176365768e-09,4.8852560238960254e-09,4.885722864479314e-09,4.8861896981092404e-09,4.886656524818736e-09,4.887123344542471e-09,4.887590157377797e-09,4.88805696318873e-09,4.888523762162276e-09,4.888990554230764e-09,4.889457339245951e-09,4.889924117650756e-09,4.890390889018147e-09,4.890857653306069e-09,4.891324410684359e-09,4.891791161174161e-09,4.892257904736788e-09,4.892724641453234e-09,4.8931913710891295e-09,4.8936580936880205e-09,4.894124809465485e-09,4.894591518320839e-09,4.895058220290959e-09,4.895524915272996e-09,4.89599160343051e-09,4.896458284672934e-09,4.896924958888903e-09,4.897391626110521e-09,4.897858286470315e-09,4.898324940080498e-09,4.898791586611944e-09,4.899258226218702e-09,4.899724858874524e-09,4.900191484601805e-09,4.900658103494973e-09,4.901124715085239e-09,4.901591319951447e-09,4.90205791800459e-09,4.90252450917648e-09,4.902991093408909e-09,4.903457670709436e-09,4.9039242410494734e-09,4.904390804513072e-09,4.904857361078674e-09,4.905323910845309e-09,4.9057904536370466e-09,4.906256989518778e-09,4.906723518389115e-09,4.907190040431963e-09,4.9076565554628105e-09,4.908123063619903e-09,4.908589564908547e-09,4.909056059325912e-09,4.909522546841597e-09,4.909989027378139e-09,4.9104555009445975e-09,4.910921967528382e-09,4.911388427168499e-09,4.911854879986169e-09,4.912321325721024e-09,4.912787764639749e-09,4.913254196844664e-09,4.913720622046046e-09,4.914187040349551e-09,4.914653451620562e-09,4.9151198560484975e-09,4.9155862535238345e-09,4.916052644145311e-09,4.9165190278594885e-09,4.916985404652809e-09,4.917451774581551e-09,4.9179181375798535e-09,4.918384493665372e-09,4.918850842844573e-09,4.919317185296517e-09,4.919783520752693e-09,4.92024984927778e-09,4.920716170851577e-09,4.9211824857058774e-09,4.921648793458984e-09,4.922115094305564e-09,4.922581388316759e-09,4.92304767536375e-09,4.923513955557975e-09,4.9239802287216864e-09,4.924446495050764e-09,4.924912754628256e-09,4.925379007159688e-09,4.925845252803855e-09,4.926311491582624e-09,4.92677772354968e-09,4.927243948579122e-09,4.927710166616587e-09,4.9281763777688654e-09,4.928642582054751e-09,4.929108779413532e-09,4.929574969870182e-09,4.93004115348029e-09,4.930507330050833e-09,4.930973499812772e-09,4.931439662689708e-09,4.931905818724424e-09,4.9323719679561995e-09,4.932838110174202e-09,4.933304245512742e-09,4.933770374119799e-09,4.934236495792968e-09,4.934702610431854e-09,4.935168718162335e-09,4.935634819213834e-09,4.936100913212962e-09,4.936567000480746e-09,4.937033080665511e-09,4.937499153946346e-09,4.9379652204007155e-09,4.938431279950396e-09,4.938897332493078e-09,4.939363378276236e-09,4.939829417073879e-09,4.940295449039522e-09,4.940761474111768e-09,4.941227492363682e-09,4.9416935037318e-09,4.942159508154869e-09,4.942625505672221e-09,4.943091496187279e-09,4.9435574799840124e-09,4.944023456874585e-09,4.9444894268763785e-09,4.944955390154544e-09,4.945421346377373e-09,4.945887295636704e-09,4.946353238048973e-09,4.946819173728717e-09,4.947285102536761e-09,4.947751024372203e-09,4.948216939329699e-09,4.94868284720433e-09,4.949148748332002e-09,4.949614642699149e-09,4.950080530218115e-09,4.950546410766608e-09,4.951012284488358e-09,4.951478151358172e-09,4.951944011276807e-09,4.952409864354901e-09,4.952875710568559e-09,4.953341549870869e-09,4.953807382295585e-09,4.954273207853572e-09,4.954739026517869e-09,4.955204838355452e-09,4.955670643351589e-09,4.956136441341787e-09,4.956602232538622e-09,4.957068016848648e-09,4.95753379428888e-09,4.957999564915205e-09,4.958465328612694e-09,4.958931085427144e-09,4.95939683538587e-09,4.959862578465766e-09,4.960328314684933e-09,4.960794044191808e-09,4.9612597666674435e-09,4.9617254822767035e-09,4.962191191093044e-09,4.962656893086003e-09,4.963122587969674e-09,4.963588276156832e-09,4.9640539574321215e-09,4.964519631826848e-09,4.964985299388957e-09,4.9654509600521444e-09,4.965916613864683e-09,4.9663822608025584e-09,4.966847900877832e-09,4.96731353409158e-09,4.9677791604425e-09,4.9682447799825556e-09,4.968710392612715e-09,4.9691759983011674e-09,4.969641597216775e-09,4.970107189344923e-09,4.970572774540502e-09,4.971038352791922e-09,4.971503924247802e-09,4.971969488844702e-09,4.9724350465823175e-09,4.9729005974717405e-09,4.9733661415450596e-09,4.973831678713555e-09,4.974297208957045e-09,4.974762732391093e-09,4.975228249021107e-09,4.975693758930141e-09,4.97615926181697e-09,4.976624757985926e-09,4.9770902471507535e-09,4.97755572959852e-09,4.978021205085168e-09,4.978486673687665e-09,4.978952135426398e-09,4.979417590240034e-09,4.979883038275497e-09,4.980348479384422e-09,4.98081391371016e-09,4.981279341321621e-09,4.9817447619454534e-09,4.982210175736773e-09,4.9826755826628956e-09,4.983140982734674e-09,4.983606375950824e-09,4.984071762262839e-09,4.984537141965838e-09,4.985002514629999e-09,4.985467880422421e-09,4.9859332395661706e-09,4.9863985917054915e-09,4.986863936934776e-09,4.9873292753542605e-09,4.9877946069346526e-09,4.988259931664701e-09,4.9887252495213455e-09,4.989190560614218e-09,4.989655864735173e-09,4.9901211622485515e-09,4.990586452762953e-09,4.991051736413686e-09,4.991517013261093e-09,4.991982283522247e-09,4.992447546662411e-09,4.992912802943314e-09,4.993378052381812e-09,4.993843294976482e-09,4.994308530759303e-09,4.994773759666152e-09,4.995238981744436e-09,4.995704196970306e-09,4.996169405412748e-09,4.996634606908767e-09,4.9970998016073596e-09,4.997564989462933e-09,4.998030170484383e-09,4.998495344652235e-09,4.9989605120479944e-09,4.999425672548786e-09,4.999890826224589e-09,5.000355973061428e-09,5.000821113171718e-09,5.001286246335142e-09,5.001751372837628e-09,5.002216492327685e-09,5.002681604999378e-09,5.003146710808049e-09,5.0036118098023715e-09,5.0040769019396296e-09,5.00454198724309e-09,5.0050070657551765e-09,5.0054721373871045e-09,5.00593720221431e-09,5.006402260244076e-09,5.006867311425248e-09,5.0073323557548385e-09,5.007797393256558e-09,5.008262423878036e-09,5.0087274476802724e-09,5.0091924646516886e-09,5.00965747483788e-09,5.010122478120477e-09,5.010587474599395e-09,5.011052464250686e-09,5.0115174471045135e-09,5.0119824231075764e-09,5.012447392283959e-09,5.0129123546196955e-09,5.013377310126757e-09,5.0138422587696105e-09,5.014307200631094e-09,5.014772135654976e-09,5.015237063869998e-09,5.015701985248313e-09,5.016166899789179e-09,5.01663180752432e-09,5.017096708387089e-09,5.017561602413586e-09,5.018026489791213e-09,5.018491370238419e-09,5.018956244040103e-09,5.019421110827216e-09,5.019885970842792e-09,5.020350823969226e-09,5.020815670280094e-09,5.021280509770095e-09,5.0217453424767304e-09,5.022210168462088e-09,5.0226749874806085e-09,5.0231397996769045e-09,5.023604605063957e-09,5.024069403566161e-09,5.024534195302641e-09,5.024998980235482e-09,5.0254637583704186e-09,5.025928529626485e-09,5.026393294092946e-09,5.0268580517393015e-09,5.027322802562743e-09,5.027787546632601e-09,5.028252283831396e-09,5.028717014360382e-09,5.029181737933671e-09,5.0296464546899114e-09,5.030111164613156e-09,5.030575867786351e-09,5.031040564085115e-09,5.031505253562902e-09,5.031969936251084e-09,5.03243461211838e-09,5.032899281155806e-09,5.033363943388773e-09,5.033828598800153e-09,5.034293247414969e-09,5.034757889192249e-09,5.035222524159767e-09,5.035687152347171e-09,5.036151773695659e-09,5.0366163882419965e-09,5.0370809960352986e-09,5.037545597117479e-09,5.038010191168236e-09,5.038474778472041e-09,5.038939358960598e-09,5.039403932640011e-09,5.03986849951211e-09,5.040333059572964e-09,5.040797612941935e-09,5.041262159383539e-09,5.041726699021785e-09,5.042191231849124e-09,5.042655757883257e-09,5.04312027710231e-09,5.04358478949955e-09,5.044049295147862e-09,5.044513793965463e-09,5.044978285978627e-09,5.045442771174102e-09,5.045907249619151e-09,5.046371721216977e-09,5.0468361859885484e-09,5.0473006439735685e-09,5.047765095155766e-09,5.04822953952902e-09,5.048693977151322e-09,5.04915840791449e-09,5.049622831885468e-09,5.050087249061666e-09,5.0505516596405115e-09,5.051016063214155e-09,5.051480460010304e-09,5.051944850001359e-09,5.0524092330794325e-09,5.052873609442684e-09,5.053337978946575e-09,5.053802341671517e-09,5.054266697734449e-09,5.054731047002401e-09,5.055195389351311e-09,5.0556597249161076e-09,5.056124053702175e-09,5.056588375702768e-09,5.057052690887835e-09,5.057516999301392e-09,5.057981300871735e-09,5.058445595655142e-09,5.058909883642631e-09,5.059374164940315e-09,5.05983843934017e-09,5.060302706950306e-09,5.0607669677617084e-09,5.06123122177345e-09,5.0616954690040095e-09,5.062159709509014e-09,5.062623943200965e-09,5.063088170042491e-09,5.063552390160736e-09,5.064016603489318e-09,5.064480809956919e-09,5.064945009734026e-09,5.065409202620845e-09,5.065873388661377e-09,5.06633756798003e-09,5.066801740496411e-09,5.067265906231865e-09,5.067730065167979e-09,5.068194217298038e-09,5.0686583626268095e-09,5.069122501267423e-09,5.0695866330596875e-09,5.070050758053745e-09,5.0705148762626705e-09,5.070978987529805e-09,5.071443092225213e-09,5.071907190091953e-09,5.072371281337488e-09,5.072835365651364e-09,5.073299443135755e-09,5.073763513847803e-09,5.074227578024108e-09,5.0746916352066325e-09,5.075155685553642e-09,5.0756197291763996e-09,5.076083765999785e-09,5.076547795965138e-09,5.07701181918536e-09,5.077475835617179e-09,5.0779398452771725e-09,5.078403848142334e-09,5.07886784424533e-09,5.079331833602242e-09,5.079795816182383e-09,5.0802597919660306e-09,5.080723760919153e-09,5.081187723103112e-09,5.081651678531546e-09,5.082115627151736e-09,5.082579569037692e-09,5.083043504107674e-09,5.0835074324118964e-09,5.083971353915442e-09,5.084435268643121e-09,5.084899176531791e-09,5.085363077744514e-09,5.0858269721446535e-09,5.0862908597600175e-09,5.086754740521688e-09,5.087218614660372e-09,5.087682481948998e-09,5.0881463425215355e-09,5.088610196282436e-09,5.089074043201473e-09,5.089537883350657e-09,5.090001716808274e-09,5.0904655434460254e-09,5.090929363317997e-09,5.0913931764863715e-09,5.091856982782055e-09,5.092320782305788e-09,5.092784575079909e-09,5.093248361133986e-09,5.093712140366028e-09,5.094175912831826e-09,5.0946396784707415e-09,5.095103437385921e-09,5.095567189531969e-09,5.096030934900748e-09,5.09649467350273e-09,5.096958405298259e-09,5.097422130377582e-09,5.0978858486737304e-09,5.0983495601387645e-09,5.098813264788445e-09,5.099276962841114e-09,5.0997406540253795e-09,5.100204338456694e-09,5.1006680161427875e-09,5.10113168704133e-09,5.101595351207991e-09,5.102059008538951e-09,5.102522659172989e-09,5.1029863029812185e-09,5.103449940022202e-09,5.103913570332732e-09,5.104377193913841e-09,5.1048408107648364e-09,5.105304420760818e-09,5.10576802394811e-09,5.106231620443559e-09,5.106695210189976e-09,5.10715879322007e-09,5.10762236938032e-09,5.108085938849097e-09,5.108549501580179e-09,5.109013057498128e-09,5.109476606654557e-09,5.1099401490293704e-09,5.11040368464535e-09,5.1108672135704514e-09,5.111330735690577e-09,5.111794251061741e-09,5.112257759653197e-09,5.112721261543993e-09,5.113184756566257e-09,5.113648244957084e-09,5.114111726580994e-09,5.114575201343122e-09,5.115038669418832e-09,5.115502130698998e-09,5.11596558523374e-09,5.1164290329984486e-09,5.1168924740059105e-09,5.117355908256857e-09,5.117819335777135e-09,5.118282756553817e-09,5.118746170595335e-09,5.119209577839114e-09,5.119672978311009e-09,5.120136372027935e-09,5.120599758990574e-09,5.121063139225942e-09,5.121526512677265e-09,5.121989879296219e-09,5.122453239243181e-09,5.1229165924379674e-09,5.1233799388785005e-09,5.123843278542838e-09,5.124306611472136e-09,5.124769937698895e-09,5.125233257191909e-09,5.1256965698874294e-09,5.12615987583408e-09,5.126623175050722e-09,5.12708646745145e-09,5.127549753165847e-09,5.128013032093022e-09,5.128476304269996e-09,5.128939569719029e-09,5.129402828435792e-09,5.129866080428825e-09,5.130329325725798e-09,5.130792564252858e-09,5.131255795887276e-09,5.13171902079188e-09,5.132182238983186e-09,5.1326454504279e-09,5.133108655179871e-09,5.1335718531494545e-09,5.134035044375654e-09,5.134498228861232e-09,5.134961406599815e-09,5.13542457780695e-09,5.1358877420381155e-09,5.136350899529641e-09,5.136814050260436e-09,5.137277194268974e-09,5.137740331595842e-09,5.13820346206917e-09,5.138666585811069e-09,5.139129702862454e-09,5.139592813118221e-09,5.1400559166516136e-09,5.140519013408242e-09,5.140982103445658e-09,5.141445186737101e-09,5.141908263271761e-09,5.1423713329774724e-09,5.14283439608057e-09,5.1432974524576676e-09,5.143760502006726e-09,5.144223544916169e-09,5.144686581023522e-09,5.1451496103766975e-09,5.145612633016502e-09,5.146075648941189e-09,5.1465386581000204e-09,5.14700166055359e-09,5.147464656256167e-09,5.147927645226787e-09,5.148390627437902e-09,5.148853602938456e-09,5.149316571592044e-09,5.149779533608826e-09,5.150242488971782e-09,5.1507054375007936e-09,5.15116837932773e-09,5.151631314457257e-09,5.152094242816377e-09,5.152557164406082e-09,5.153020079255718e-09,5.153482987402851e-09,5.153945888788561e-09,5.154408783457433e-09,5.154871671376621e-09,5.155334552554772e-09,5.155797426979213e-09,5.156260294707001e-09,5.156723155623652e-09,5.1571860098721144e-09,5.157648857499235e-09,5.158111698303337e-09,5.1585745323103175e-09,5.159037359719608e-09,5.159500180325708e-09,5.159962994189782e-09,5.1604258013286725e-09,5.1608886017382025e-09,5.161351395427906e-09,5.161814182379354e-09,5.162276962598691e-09,5.162739736092583e-09,5.163202502857055e-09,5.163665262892507e-09,5.164128016200653e-09,5.164590762734756e-09,5.165053502589182e-09,5.165516235698008e-09,5.165978962098804e-09,5.1664416817690815e-09,5.166904394717258e-09,5.1673671012544786e-09,5.167829800751658e-09,5.16829249359199e-09,5.168755179638261e-09,5.169217859011971e-09,5.169680531680876e-09,5.170143197561473e-09,5.170605856711794e-09,5.171068509073261e-09,5.171531154773945e-09,5.171993793754095e-09,5.17245642601149e-09,5.172919051542335e-09,5.173381670359947e-09,5.1738442824509395e-09,5.174306887830348e-09,5.174769486476806e-09,5.175232078423911e-09,5.175694663631505e-09,5.176157242120294e-09,5.176619813873765e-09,5.1770823789218345e-09,5.177544937247226e-09,5.1780074888240504e-09,5.1784700337026496e-09,5.178932571897097e-09,5.179395103346551e-09,5.179857628047705e-09,5.180320146062058e-09,5.180782657351124e-09,5.181245161926799e-09,5.181707659786102e-09,5.18217015093031e-09,5.1826326352652576e-09,5.183095112972758e-09,5.183557583962841e-09,5.184020048329654e-09,5.184482505807201e-09,5.184944956624841e-09,5.1854074007549104e-09,5.185869838171258e-09,5.186332268873036e-09,5.186794692847184e-09,5.187257110120901e-09,5.187719520690429e-09,5.188181924561773e-09,5.188644321726542e-09,5.189106712151109e-09,5.189569095870907e-09,5.190031472884613e-09,5.190493843168121e-09,5.190956206761011e-09,5.1914185636218815e-09,5.1918809137514355e-09,5.192343257175655e-09,5.192805593939195e-09,5.193267923944321e-09,5.193730247267037e-09,5.1941925638640635e-09,5.194654873753885e-09,5.195117176932712e-09,5.195579473343066e-09,5.196041763103488e-09,5.196504046163634e-09,5.196966322572101e-09,5.1974285922076975e-09,5.1978908551293805e-09,5.198353111182638e-09,5.198815360696335e-09,5.199277603509221e-09,5.1997398396103816e-09,5.200202068965222e-09,5.200664291693175e-09,5.201126507672196e-09,5.201588716906938e-09,5.202050919479157e-09,5.202513115347241e-09,5.202975304509185e-09,5.2034374869608575e-09,5.203899662716082e-09,5.204361831775721e-09,5.204823994131944e-09,5.205286149766591e-09,5.20574829870293e-09,5.206210440888364e-09,5.206672576405952e-09,5.207134705234071e-09,5.207596827148295e-09,5.208058942589258e-09,5.208521051283434e-09,5.208983153306158e-09,5.209445248643608e-09,5.209907337266318e-09,5.210369419173218e-09,5.2108314944157735e-09,5.211293562989328e-09,5.21175562482414e-09,5.212217679947558e-09,5.2126797283871e-09,5.2131417701161646e-09,5.213603805282206e-09,5.214065833692106e-09,5.214527855322772e-09,5.2149898702525875e-09,5.2154518784336445e-09,5.215913879980203e-09,5.216375874822594e-09,5.2168378631141554e-09,5.2172998445520745e-09,5.2177618193467505e-09,5.218223787412231e-09,5.2186857487729555e-09,5.219147703431461e-09,5.219609651401293e-09,5.220071592714013e-09,5.220533527293595e-09,5.220995455293984e-09,5.221457376481115e-09,5.2219192909752456e-09,5.22238119864488e-09,5.22284309973676e-09,5.223304994146433e-09,5.2237668817779335e-09,5.22422876283232e-09,5.2246906371656446e-09,5.2251525048134106e-09,5.225614365787649e-09,5.226076220071621e-09,5.2265380676439745e-09,5.226999908579419e-09,5.2274617427754345e-09,5.22792357027893e-09,5.228385391076141e-09,5.228847205200883e-09,5.229309012635024e-09,5.229770813394594e-09,5.2302326074564385e-09,5.230694394776542e-09,5.2311561754027124e-09,5.231617949396957e-09,5.2320797167618216e-09,5.232541477383221e-09,5.233003231324603e-09,5.2334649786404824e-09,5.233926719202299e-09,5.2343884530694965e-09,5.234850180250081e-09,5.235311900701465e-09,5.235773614515076e-09,5.236235321641056e-09,5.236697022119783e-09,5.237158715891015e-09,5.237620402973721e-09,5.2380820833564346e-09,5.2385437570548075e-09,5.239005424078224e-09,5.239467084441264e-09,5.2399287380926885e-09,5.240390385056886e-09,5.240852025149428e-09,5.241313658746311e-09,5.241775285612892e-09,5.242236905831393e-09,5.2426985193841075e-09,5.243160126171911e-09,5.243621726381023e-09,5.244083319972555e-09,5.2445449068100966e-09,5.2450064869566865e-09,5.245468060390828e-09,5.245929627187431e-09,5.246391187242136e-09,5.246852740618026e-09,5.247314287309674e-09,5.247775827395764e-09,5.248237360853103e-09,5.248698887567068e-09,5.249160407576074e-09,5.2496219209294886e-09,5.250083427607048e-09,5.250544927503215e-09,5.251006420817477e-09,5.251467907479459e-09,5.251929387454214e-09,5.252390860748569e-09,5.2528523273846596e-09,5.2533137873380725e-09,5.253775240818471e-09,5.254236687390913e-09,5.25469812741585e-09,5.2551595606538325e-09,5.255620987235057e-09,5.256082407112833e-09,5.256543820326476e-09,5.257005226865893e-09,5.2574666269071085e-09,5.257928020125175e-09,5.258389406650502e-09,5.2588507865137976e-09,5.2593121597824244e-09,5.259773526323766e-09,5.260234886089233e-09,5.260696239246217e-09,5.261157585718092e-09,5.2616189256077444e-09,5.262080258743145e-09,5.262541585248116e-09,5.263002905067764e-09,5.263464218199615e-09,5.263925524725782e-09,5.264386824543308e-09,5.264848117656712e-09,5.265309404106803e-09,5.2657706838909474e-09,5.266231956863915e-09,5.26669322331305e-09,5.267154483121446e-09,5.267615736186489e-09,5.2680769826351895e-09,5.2685382223242605e-09,5.2689994553680495e-09,5.269460681808998e-09,5.269921901583203e-09,5.270383114685804e-09,5.270844321115316e-09,5.271305520947651e-09,5.271766714063904e-09,5.272227900505784e-09,5.272689080290293e-09,5.2731502534888015e-09,5.273611419942443e-09,5.274072579718838e-09,5.274533732897759e-09,5.274994879351953e-09,5.27545601917061e-09,5.275917152258667e-09,5.2763782786863046e-09,5.2768393984888915e-09,5.277300511627184e-09,5.27776161810393e-09,5.2782227179235365e-09,5.278683811162512e-09,5.279144897655315e-09,5.279605977480346e-09,5.2800670506506485e-09,5.280528117163854e-09,5.280989177006925e-09,5.281450230195249e-09,5.281911276720608e-09,5.2823723165953335e-09,5.282833349805483e-09,5.283294376410288e-09,5.283755396295012e-09,5.284216409511934e-09,5.284677416068265e-09,5.285138415971109e-09,5.2855994092455125e-09,5.286060395842406e-09,5.2865213755553845e-09,5.28698234883928e-09,5.287443315465418e-09,5.287904275386581e-09,5.288365228732286e-09,5.288826175382427e-09,5.289287115402997e-09,5.289748048747885e-09,5.290208975450436e-09,5.2906698955016205e-09,5.2911308087497035e-09,5.291591715468819e-09,5.292052615537843e-09,5.2925135089458105e-09,5.292974395693543e-09,5.293435275696122e-09,5.293896149160847e-09,5.294357015960464e-09,5.294817876176127e-09,5.295278729665138e-09,5.295739576418068e-09,5.296200416601419e-09,5.296661250248328e-09,5.297122077112662e-09,5.29758289735131e-09,5.298043710930624e-09,5.298504517862129e-09,5.298965318146627e-09,5.299426111781673e-09,5.299886898768081e-09,5.300347679089557e-09,5.30080845280263e-09,5.30126921985077e-09,5.301729980217543e-09,5.3021907339162585e-09,5.302651481008286e-09
13,1.0467309040505343e-23,1.826303512703981e-23,2.406904935487077e-23,2.839318809956125e-23,3.1613672092469885e-23,3.4012188366101244e-23,3.579852865766734e-23,3.712893932544242e-23,3.8119787795516924e-23,3.8857740906108346e-23,3.9407345421711826e-23,3.981667376417168e-23,4.012152877752069e-23,4.034857530600094e-23,4.0517672495935946e-23,4.064361082159696e-23,4.073740576802016e-23,4.080726132571747e-23,4.0859287571558347e-23,4.0898035100681187e-23,4.092689305475549e-23,4.094838556104443e-23,4.0964392510996304e-23,4.097631398926965e-23,4.098519273535469e-23,4.099180534917941e-23,4.099673021820661e-23,4.100039810742257e-23,4.10031298371855e-23,4.100516434451613e-23,4.100667958227289e-23,4.100780808420785e-23,4.1008648557336257e-23,4.100927451557092e-23,4.100974070978802e-23,4.101008791673546e-23,4.1010346505666434e-23,4.101053909465616e-23,4.1010682528943146e-23,4.101078935433737e-23,4.101086891456693e-23,4.101092816855031e-23,4.1010972299073365e-23,4.1011005166114115e-23,4.1011029644463385e-23,4.1011047875176255e-23,4.101106145284391e-23,4.10110715650684e-23,4.101107909633834e-23,4.1011084705394e-23,4.101108888284429e-23,4.1011091994079005e-23,4.1011094311229927e-23,4.1011096036971966e-23,4.101109732225084e-23,4.101109827948651e-23,4.101109899240592e-23,4.101109952336601e-23,4.101109991880871e-23,4.1011100213322116e-23,4.101110043266627e-23,4.101110059602697e-23,4.101110071769329e-23,4.101110080830636e-23,4.1011100875791935e-23,4.1011100926053346e-23,4.101110096348658e-23,4.1011100991365617e-23,4.1011101012128973e-23,4.101110102759305e-23,4.1011101039110007e-23,4.101110104768759e-23,4.1011101054076025e-23,4.101110105883388e-23,4.101110106237741e-23,4.1011101065016545e-23,4.101110106698171e-23,4.101110106844551e-23,4.1011101069535944e-23,4.1011101070347964e-23,4.101110107095262e-23,4.101110107140274e-23,4.101110107173833e-23,4.101110107198797e-23,4.101110107217417e-23,4.1011101072312826e-23,4.101110107241607e-23,4.101110107249298e-23,4.101110107255022e-23,4.1011101072592635e-23,4.1011101072624285e-23,4.1011101072647907e-23,4.1011101072665533e-23,4.101110107267855e-23,4.1011101072688273e-23,4.1011101072695655e-23,4.101110107270111e-23,4.101110107270523e-23,4.101110107270835e-23,4.1011101072710713e-23,4.1011101072712394e-23,4.101110107271337e-23,4.101110107271441e-23,4.101110107271495e-23,4.1011101072715474e-23,4.101110107271593e-23,4.1011101072716344e-23,4.101110107271662e-23,4.10111010727167e-23,4.101110107271675e-23,4.101110107271681e-23,4.101110107271668e-23,4.1011101072716826e-23,4.101110107271686e-23,4.101110107271683e-23,4.1011101072717067e-23,4.1011101072717155e-23,4.101110107271716e-23,4.1011101072717255e-23,4.101110107271722e-23,4.101110107271715e-23,4.101110107271719e-23,4.1011101072717214e-23,4.1011101072717396e-23,4.101110107271749e-23,4.1011101072717525e-23,4.101110107271733e-23,4.101110107271704e-23,4.1011101072716656e-23,4.101110107271653e-23,4.1011101072716614e-23,4.101110107271681e-23,4.101110107271683e-23,4.1011101072716814e-23,4.101110107271695e-23,4.1011101072716944e-23,4.101110107271686e-23,4.101110107271693e-23,4.101110107271718e-23,4.10111010727171e-23,4.1011101072717014e-23,4.101110107271707e-23,4.1011101072717243e-23,4.101110107271707e-23,4.1011101072717243e-23,4.1011101072717226e-23,4.1011101072717214e-23,4.1011101072716955e-23,4.101110107271686e-23,4.1011101072716885e-23,4.10111010727168e-23,4.101110107271671e-23,4.101110107271654e-23,4.101110107271646e-23,4.101110107271645e-23,4.101110107271654e-23,4.101110107271661e-23,4.101110107271665e-23,4.1011101072716785e-23,4.1011101072716814e-23,4.101110107271681e-23,4.101110107271706e-23,4.101110107271732e-23,4.101110107271743e-23,4.1011101072717355e-23,4.1011101072717243e-23,4.101110107271723e-23,4.1011101072717067e-23,4.1011101072716673e-23,4.10111010727169e-23,4.101110107271674e-23,4.1011101072716726e-23,4.101110107271686e-23,4.101110107271688e-23,4.101110107271707e-23,4.101110107271707e-23,4.1011101072717043e-23,4.1011101072717284e-23,4.1011101072717085e-23,4.101110107271712e-23,4.101110107271728e-23,4.1011101072717355e-23,4.1011101072717343e-23,4.101110107271719e-23,4.1011101072717167e-23,4.101110107271727e-23,4.101110107271753e-23,4.101110107271742e-23,4.101110107271729e-23,4.1011101072717314e-23,4.1011101072717314e-23,4.101110107271731e-23,4.101110107271729e-23,4.1011101072717425e-23,4.101110107271714e-23,4.101110107271702e-23,4.101110107271683e-23,4.1011101072717026e-23,4.101110107271698e-23,4.1011101072717043e-23,4.1011101072717043e-23,4.101110107271711e-23,4.101110107271703e-23,4.1011101072717155e-23,4.101110107271713e-23,4.1011101072716955e-23,4.1011101072716773e-23,4.1011101072716526e-23,4.101110107271656e-23,4.1011101072716585e-23,4.101110107271635e-23,4.101110107271613e-23,4.1011101072715944e-23,4.101110107271576e-23,4.1011101072715745e-23,4.1011101072716185e-23,4.101110107271636e-23,4.101110107271648e-23,4.101110107271663e-23,4.1011101072716344e-23,4.1011101072716115e-23,4.101110107271588e-23,4.101110107271539e-23,4.1011101072714933e-23,4.101110107271492e-23,4.101110107271487e-23,4.1011101072714663e-23,4.101110107271472e-23,4.10111010727144e-23,4.1011101072714316e-23,4.1011101072714017e-23,4.101110107271403e-23,4.101110107271387e-23,4.1011101072713517e-23,4.101110107271281e-23,4.1011101072712394e-23,4.1011101072712306e-23,4.101110107271218e-23,4.1011101072712165e-23,4.101110107271188e-23,4.1011101072711724e-23,4.1011101072711383e-23,4.1011101072711536e-23,4.101110107271159e-23,4.101110107271147e-23,4.101110107271151e-23,4.101110107271149e-23,4.1011101072711366e-23,4.1011101072710825e-23,4.1011101072710666e-23,4.101110107271055e-23,4.101110107271027e-23,4.101110107271013e-23,4.10111010727098e-23,4.1011101072709773e-23,4.101110107270998e-23,4.101110107271e-23,4.101110107270988e-23,4.1011101072710155e-23,4.1011101072710043e-23,4.1011101072710196e-23,4.1011101072710184e-23,4.101110107271014e-23,4.101110107271029e-23,4.10111010727102e-23,4.1011101072710043e-23,4.1011101072710155e-23,4.101110107270986e-23,4.101110107270968e-23,4.1011101072709644e-23,4.1011101072709826e-23,4.1011101072709814e-23,4.101110107270972e-23,4.101110107270993e-23,4.10111010727101e-23,4.1011101072710143e-23,4.101110107271011e-23,4.1011101072710196e-23,4.101110107270997e-23,4.101110107270974e-23,4.101110107270973e-23,4.101110107270971e-23,4.101110107270979e-23,4.101110107270966e-23,4.101110107270955e-23,4.101110107270942e-23,4.1011101072709326e-23,4.101110107270925e-23,4.10111010727094e-23,4.1011101072709673e-23,4.101110107270971e-23,4.1011101072709644e-23,4.101110107270989e-23,4.10111010727098e-23,4.1011101072709826e-23,4.101110107271005e-23,4.101110107271024e-23,4.101110107271016e-23,4.101110107271029e-23,4.101110107271021e-23,4.101110107270994e-23,4.101110107270973e-23,4.1011101072709514e-23,4.1011101072709556e-23,4.1011101072709426e-23,4.1011101072709444e-23,4.1011101072709573e-23,4.1011101072709526e-23,4.1011101072709855e-23,4.101110107271e-23,4.101110107271006e-23,4.101110107271008e-23,4.101110107270997e-23,4.1011101072709955e-23,4.101110107270998e-23,4.1011101072710126e-23,4.1011101072710055e-23,4.101110107271011e-23,4.1011101072709967e-23,4.1011101072710026e-23,4.1011101072710226e-23,4.101110107271015e-23,4.101110107271016e-23,4.10111010727102e-23,4.101110107271013e-23,4.101110107271011e-23,4.1011101072710026e-23,4.101110107271014e-23,4.101110107271047e-23,4.1011101072710367e-23,4.1011101072709996e-23,4.10111010727101e-23,4.101110107270998e-23,4.101110107270965e-23,4.101110107270944e-23,4.1011101072709714e-23,4.1011101072710167e-23,4.1011101072710443e-23,4.101110107271056e-23,4.101110107271066e-23,4.101110107271093e-23,4.101110107271072e-23,4.101110107271051e-23,4.10111010727105e-23,4.1011101072710443e-23,4.1011101072710214e-23,4.101110107271004e-23,4.101110107270988e-23,4.101110107270986e-23,4.10111010727099e-23,4.1011101072709773e-23,4.1011101072709655e-23,4.1011101072709785e-23,4.101110107270972e-23,4.101110107270964e-23,4.101110107270989e-23,4.101110107270981e-23,4.10111010727098e-23,4.1011101072709797e-23,4.1011101072709996e-23,4.1011101072710043e-23,4.101110107270998e-23,4.101110107270996e-23,4.101110107270998e-23,4.101110107270969e-23,4.1011101072709685e-23,4.101110107270971e-23,4.101110107270952e-23,4.1011101072709797e-23,4.101110107271007e-23,4.101110107270998e-23,4.1011101072710226e-23,4.1011101072710196e-23,4.101110107271008e-23,4.101110107271001e-23,4.101110107271007e-23,4.1011101072710085e-23,4.101110107270986e-23,4.1011101072709797e-23,4.101110107270979e-23,4.101110107270992e-23,4.1011101072709885e-23,4.1011101072709855e-23,4.1011101072709826e-23,4.10111010727099e-23,4.10111010727099e-23,4.101110107270985e-23,4.101110107270976e-23,4.1011101072709867e-23,4.101110107271013e-23,4.101110107271036e-23,4.101110107271034e-23,4.10111010727103e-23,4.101110107271038e-23,4.101110107271041e-23,4.101110107271037e-23,4.101110107271032e-23,4.1011101072710425e-23,4.1011101072710555e-23,4.1011101072710613e-23,4.1011101072710467e-23,4.101110107271043e-23,4.1011101072710143e-23,4.1011101072710014e-23,4.101110107271007e-23,4.101110107271014e-23,4.101110107271039e-23,4.1011101072710196e-23,4.101110107270988e-23,4.1011101072709896e-23,4.101110107271e-23,4.1011101072709955e-23,4.101110107270992e-23,4.101110107271021e-23,4.101110107271007e-23,4.101110107271019e-23,4.101110107271041e-23,4.101110107271058e-23,4.101110107271039e-23,4.1011101072710214e-23,4.101110107271045e-23,4.1011101072710696e-23,4.1011101072710696e-23,4.101110107271066e-23,4.1011101072710613e-23,4.1011101072710625e-23,4.101110107271045e-23,4.1011101072710196e-23,4.1011101072710355e-23,4.101110107271076e-23,4.1011101072710984e-23,4.101110107271074e-23,4.101110107271082e-23,4.1011101072710854e-23,4.101110107271114e-23,4.1011101072710966e-23,4.101110107271076e-23,4.101110107271045e-23,4.101110107271035e-23,4.1011101072710167e-23,4.1011101072709943e-23,4.1011101072709826e-23,4.101110107270949e-23,4.101110107270908e-23,4.101110107270864e-23,4.1011101072708333e-23,4.1011101072708133e-23,4.101110107270802e-23,4.1011101072707745e-23,4.101110107270732e-23,4.101110107270711e-23,4.1011101072706893e-23,4.101110107270705e-23,4.101110107270714e-23,4.101110107270701e-23,4.101110107270688e-23,4.101110107270657e-23,4.101110107270642e-23,4.10111010727062e-23,4.101110107270558e-23,4.10111010727052e-23,4.101110107270488e-23,4.1011101072704783e-23,4.1011101072704695e-23,4.101110107270467e-23,4.1011101072704707e-23,4.101110107270474e-23,4.1011101072705065e-23,4.101110107270521e-23,4.1011101072705706e-23,4.101110107270581e-23,4.1011101072706123e-23,4.10111010727063e-23,4.101110107270648e-23,4.1011101072706734e-23,4.1011101072706817e-23,4.101110107270681e-23,4.1011101072706846e-23,4.101110107270689e-23,4.101110107270667e-23,4.101110107270665e-23,4.101110107270656e-23,4.1011101072706493e-23,4.101110107270662e-23,4.101110107270652e-23,4.1011101072706617e-23,4.1011101072706646e-23,4.101110107270668e-23,4.1011101072706905e-23,4.101110107270692e-23,4.101110107270678e-23,4.1011101072706435e-23,4.1011101072706276e-23,4.101110107270629e-23,4.1011101072706435e-23,4.101110107270658e-23,4.101110107270659e-23,4.1011101072706764e-23,4.1011101072706776e-23,4.101110107270677e-23,4.1011101072706875e-23,4.1011101072706993e-23,4.101110107270724e-23,4.1011101072707275e-23,4.10111010727074e-23,4.1011101072707645e-23,4.101110107270789e-23,4.101110107270823e-23,4.101110107270871e-23,4.101110107270885e-23,4.101110107270854e-23,4.101110107270841e-23,4.101110107270804e-23,4.1011101072708174e-23,4.101110107270811e-23,4.101110107270802e-23,4.1011101072707857e-23,4.1011101072707616e-23,4.101110107270729e-23,4.10111010727071e-23,4.1011101072706975e-23,4.10111010727068e-23,4.101110107270653e-23,4.101110107270653e-23,4.1011101072706435e-23,4.101110107270655e-23,4.1011101072706634e-23,4.101110107270681e-23,4.101110107270681e-23,4.101110107270688e-23,4.1011101072706864e-23,4.101110107270689e-23,4.101110107270697e-23,4.1011101072707116e-23,4.1011101072707275e-23,4.101110107270746e-23,4.10111010727072e-23,4.1011101072707e-23,4.101110107270706e-23,4.1011101072706893e-23,4.101110107270681e-23,4.1011101072706764e-23,4.101110107270688e-23,4.1011101072706934e-23,4.1011101072706893e-23,4.1011101072706934e-23,4.101110107270686e-23,4.1011101072706676e-23,4.1011101072706734e-23,4.1011101072706734e-23,4.101110107270644e-23,4.101110107270649e-23,4.1011101072706634e-23,4.101110107270675e-23,4.101110107270675e-23,4.101110107270673e-23,4.1011101072706576e-23,4.101110107270676e-23,4.10111010727071e-23,4.101110107270715e-23,4.1011101072706964e-23,4.101110107270674e-23,4.101110107270685e-23,4.1011101072706834e-23,4.101110107270706e-23,4.1011101072707316e-23,4.101110107270746e-23,4.101110107270738e-23,4.101110107270747e-23,4.101110107270759e-23,4.101110107270768e-23,4.10111010727077e-23,4.1011101072707416e-23,4.101110107270753e-23,4.101110107270769e-23,4.101110107270764e-23,4.101110107270761e-23,4.1011101072707534e-23,4.101110107270747e-23,4.101110107270754e-23,4.1011101072707516e-23,4.101110107270726e-23,4.101110107270726e-23,4.101110107270719e-23,4.1011101072707387e-23,4.1011101072707446e-23,4.101110107270731e-23,4.101110107270693e-23,4.101110107270662e-23,4.101110107270667e-23,4.101110107270666e-23,4.1011101072706464e-23,4.101110107270646e-23,4.101110107270647e-23,4.1011101072706505e-23,4.1011101072706276e-23,4.1011101072706047e-23,4.101110107270606e-23,4.101110107270587e-23,4.101110107270573e-23,4.101110107270521e-23,4.101110107270509e-23,4.101110107270476e-23,4.101110107270475e-23,4.1011101072704906e-23,4.1011101072704883e-23,4.101110107270476e-23,4.101110107270467e-23,4.101110107270465e-23,4.101110107270445e-23,4.10111010727042e-23,4.101110107270406e-23,4.101110107270362e-23,4.101110107270321e-23,4.1011101072702796e-23,4.101110107270239e-23,4.101110107270195e-23,4.1011101072701644e-23,4.1011101072701586e-23,4.101110107270153e-23,4.101110107270145e-23,4.1011101072701304e-23,4.1011101072701245e-23,4.101110107270095e-23,4.1011101072700716e-23,4.101110107270056e-23,4.101110107270063e-23,4.101110107270041e-23,4.1011101072700216e-23,4.1011101072699864e-23,4.101110107269977e-23,4.1011101072699617e-23,4.101110107269967e-23,4.1011101072699717e-23,4.101110107269972e-23,4.1011101072699805e-23,4.101110107269978e-23,4.1011101072700016e-23,4.101110107270015e-23,4.1011101072700134e-23,4.1011101072700163e-23,4.1011101072699893e-23,4.101110107269977e-23,4.101110107269983e-23,4.101110107269952e-23,4.101110107269953e-23,4.1011101072699376e-23,4.1011101072699364e-23,4.101110107269936e-23,4.101110107269942e-23,4.101110107269936e-23,4.1011101072699123e-23,4.101110107269914e-23,4.1011101072699276e-23,4.1011101072699405e-23,4.101110107269932e-23,4.101110107269926e-23,4.1011101072699464e-23,4.101110107269959e-23,4.1011101072699293e-23,4.1011101072699317e-23,4.101110107269927e-23,4.101110107269921e-23,4.1011101072699276e-23,4.101110107269917e-23,4.1011101072699176e-23,4.1011101072699335e-23,4.101110107269956e-23,4.101110107269952e-23,4.101110107269932e-23,4.101110107269913e-23,4.1011101072699205e-23,4.101110107269913e-23,4.1011101072699005e-23,4.1011101072698823e-23,4.10111010726989e-23,4.101110107269895e-23,4.1011101072698964e-23,4.101110107269915e-23,4.1011101072699305e-23,4.101110107269927e-23,4.1011101072699164e-23,4.1011101072699246e-23,4.1011101072699223e-23,4.101110107269936e-23,4.101110107269932e-23,4.101110107269932e-23,4.101110107269922e-23,4.1011101072699064e-23,4.101110107269903e-23,4.1011101072698864e-23,4.101110107269876e-23,4.1011101072698947e-23,4.101110107269895e-23,4.101110107269922e-23,4.1011101072699135e-23,4.101110107269926e-23,4.1011101072699035e-23,4.1011101072698647e-23,4.1011101072698594e-23,4.1011101072698277e-23,4.101110107269818e-23,4.101110107269825e-23,4.1011101072698094e-23,4.1011101072697965e-23,4.101110107269792e-23,4.101110107269776e-23,4.101110107269787e-23,4.1011101072698006e-23,4.101110107269818e-23,4.1011101072698177e-23,4.101110107269821e-23,4.1011101072698265e-23,4.101110107269823e-23,4.1011101072698353e-23,4.1011101072698494e-23,4.101110107269864e-23,4.101110107269879e-23,4.101110107269886e-23,4.1011101072699094e-23,4.101110107269916e-23,4.101110107269935e-23,4.101110107269932e-23,4.101110107269919e-23,4.101110107269907e-23,4.101110107269919e-23,4.10111010726991e-23,4.101110107269925e-23,4.101110107269928e-23,4.1011101072699076e-23,4.101110107269885e-23,4.1011101072698835e-23,4.1011101072698964e-23,4.1011101072699164e-23,4.1011101072699293e-23,4.101110107269938e-23,4.101110107269935e-23,4.1011101072699223e-23,4.1011101072699194e-23,4.101110107269913e-23,4.101110107269905e-23,4.1011101072698823e-23,4.1011101072698676e-23,4.1011101072698876e-23,4.1011101072698976e-23,4.101110107269917e-23,4.101110107269925e-23,4.10111010726993e-23,4.1011101072699235e-23,4.101110107269899e-23,4.1011101072699094e-23,4.1011101072698935e-23,4.1011101072698565e-23,4.101110107269825e-23,4.1011101072698077e-23,4.1011101072697736e-23,4.1011101072697724e-23,4.101110107269757e-23,4.101110107269755e-23,4.101110107269748e-23,4.1011101072697466e-23,4.101110107269741e-23,4.101110107269755e-23,4.101110107269771e-23,4.101110107269767e-23,4.1011101072697754e-23,4.101110107269752e-23,4.1011101072697566e-23,4.1011101072697507e-23,4.1011101072697507e-23,4.101110107269766e-23,4.1011101072697783e-23,4.101110107269769e-23,4.101110107269774e-23,4.1011101072697695e-23,4.10111010726977e-23,4.101110107269774e-23,4.101110107269769e-23,4.1011101072697507e-23,4.101110107269752e-23,4.101110107269753e-23,4.101110107269746e-23,4.101110107269736e-23,4.101110107269759e-23,4.1011101072698065e-23,4.10111010726983e-23,4.101110107269835e-23,4.101110107269844e-23,4.101110107269885e-23,4.101110107269884e-23,4.101110107269886e-23,4.101110107269895e-23,4.1011101072698935e-23,4.101110107269901e-23,4.1011101072699035e-23,4.101110107269904e-23,4.101110107269903e-23,4.101110107269896e-23,4.1011101072698994e-23,4.101110107269901e-23,4.1011101072698947e-23,4.101110107269891e-23,4.1011101072698823e-23,4.1011101072699123e-23,4.101110107269928e-23,4.1011101072699534e-23,4.101110107269966e-23,4.1011101072699705e-23,4.101110107269982e-23,4.1011101072699617e-23,4.101110107269941e-23,4.101110107269966e-23,4.1011101072699676e-23,4.10111010726996e-23,4.1011101072699493e-23,4.1011101072699476e-23,4.101110107269968e-23,4.101110107269971e-23,4.1011101072699834e-23,4.1011101072699793e-23,4.1011101072699617e-23,4.1011101072699476e-23,4.1011101072699376e-23,4.10111010726994e-23,4.101110107269931e-23,4.101110107269932e-23,4.1011101072699064e-23,4.101110107269873e-23,4.101110107269855e-23,4.101110107269844e-23,4.10111010726983e-23,4.101110107269805e-23,4.101110107269796e-23,4.1011101072697536e-23,4.101110107269727e-23,4.101110107269715e-23,4.101110107269726e-23,4.101110107269723e-23,4.101110107269735e-23,4.1011101072697483e-23,4.101110107269752e-23,4.101110107269753e-23,4.101110107269792e-23,4.1011101072697965e-23,4.101110107269805e-23,4.1011101072698576e-23,4.101110107269852e-23,4.101110107269827e-23,4.1011101072697877e-23,4.101110107269785e-23,4.1011101072697965e-23,4.1011101072698094e-23,4.1011101072698006e-23,4.1011101072697977e-23,4.1011101072697665e-23,4.101110107269769e-23,4.101110107269789e-23,4.101110107269771e-23,4.1011101072697254e-23,4.101110107269682e-23,4.101110107269641e-23,4.101110107269625e-23,4.101110107269587e-23,4.101110107269543e-23,4.101110107269511e-23,4.1011101072694756e-23,4.1011101072694386e-23,4.1011101072693904e-23,4.101110107269375e-23,4.1011101072693604e-23,4.1011101072693434e-23,4.101110107269318e-23,4.101110107269296e-23,4.101110107269293e-23,4.101110107269278e-23,4.10111010726927e-23,4.1011101072692705e-23,4.101110107269245e-23,4.1011101072692376e-23,4.101110107269264e-23,4.1011101072692617e-23,4.101110107269274e-23,4.101110107269292e-23,4.101110107269251e-23,4.1011101072692317e-23,4.10111010726922e-23,4.1011101072692064e-23,4.101110107269166e-23,4.1011101072691576e-23,4.10111010726916e-23,4.1011101072691447e-23,4.101110107269152e-23,4.101110107269145e-23,4.101110107269142e-23,4.101110107269127e-23,4.101110107269139e-23,4.101110107269181e-23,4.101110107269185e-23,4.10111010726919e-23,4.101110107269199e-23,4.1011101072692123e-23,4.101110107269232e-23,4.1011101072692434e-23,4.101110107269251e-23,4.101110107269245e-23,4.101110107269215e-23,4.1011101072692305e-23,4.101110107269228e-23,4.1011101072692335e-23,4.101110107269254e-23,4.1011101072692705e-23,4.101110107269262e-23,4.101110107269247e-23,4.101110107269245e-23,4.101110107269224e-23,4.101110107269237e-23,4.101110107269245e-23,4.101110107269255e-23,4.1011101072692705e-23,4.101110107269283e-23,4.1011101072692576e-23,4.101110107269273e-23,4.101110107269267e-23,4.101110107269272e-23,4.101110107269259e-23,4.1011101072692505e-23,4.1011101072692705e-23,4.1011101072692717e-23,4.1011101072692675e-23,4.101110107269271e-23,4.1011101072692493e-23,4.1011101072692564e-23,4.101110107269258e-23,4.101110107269237e-23,4.101110107269223e-23,4.101110107269196e-23,4.101110107269184e-23,4.1011101072691565e-23,4.1011101072691353e-23,4.1011101072691053e-23,4.101110107269063e-23,4.101110107269047e-23,4.1011101072690483e-23,4.101110107269081e-23,4.1011101072690824e-23,4.101110107269067e-23,4.101110107269064e-23,4.101110107269063e-23,4.101110107269058e-23,4.101110107269026e-23,4.101110107269006e-23,4.1011101072689666e-23,4.101110107268945e-23,4.101110107268924e-23,4.101110107268871e-23,4.10111010726882e-23,4.1011101072687603e-23,4.101110107268686e-23,4.1011101072686533e-23,4.101110107268619e-23,4.101110107268601e-23,4.101110107268592e-23,4.101110107268601e-23,4.1011101072685963e-23,4.1011101072685775e-23,4.101110107268572e-23,4.1011101072685464e-23,4.1011101072685376e-23,4.1011101072685476e-23,4.101110107268544e-23,4.10111010726854e-23,4.101110107268549e-23,4.101110107268555e-23,4.101110107268565e-23,4.101110107268552e-23,4.1011101072685505e-23,4.101110107268518e-23,4.1011101072684764e-23,4.1011101072684435e-23,4.10111010726839e-23,4.1011101072683383e-23,4.1011101072682725e-23,4.101110107268211e-23,4.101110107268157e-23,4.101110107268115e-23,4.101110107268068e-23,4.101110107268035e-23,4.1011101072680227e-23,4.101110107268027e-23,4.1011101072680374e-23,4.1011101072680227e-23,4.101110107268011e-23,4.10111010726799e-23,4.101110107267971e-23,4.1011101072679816e-23,4.101110107267978e-23,4.1011101072679733e-23,4.1011101072679745e-23,4.101110107267967e-23,4.1011101072679657e-23,1.506574148189578e-20,2.5075289378060322e-20,3.185779928798477e-20,3.657062605819441e-20,3.9962053098258706e-20,4.251543105100143e-20,4.4542754950014585e-20,4.6245338483044336e-20,4.775310497678555e-20,4.9149999372411726e-20,5.0490403259135614e-20,5.180972515058861e-20,5.313122458039175e-20,5.447040422030482e-20,5.583783365897232e-20,5.724096317442314e-20,5.868528792847262e-20,6.017509520993816e-20,6.171394346057133e-20,6.330497179005868e-20,6.495109832281544e-20,6.665514951029853e-20,6.84199468749123e-20,7.024836153718764e-20,7.214335579425392e-20,7.41080111116719e-20,7.614555013661616e-20,7.825935462827504e-20,8.045298119794591e-20,8.273017618561962e-20,8.509488910122913e-20,8.755128873086264e-20,9.010377665109371e-20,9.275700367088771e-20,9.551588630961332e-20,9.8385624727664e-20,1.0137172148404172e-19,1.0448000238621719e-19,1.0771663803876364e-19,1.11088167727186e-19,1.1460152471272725e-19,1.182640636903799e-19,1.2208359035971183e-19,1.260683933488725e-19,1.3022727869704938e-19,1.345696071269399e-19,1.3910533436887833e-19,1.4384505478002688e-19,1.4880004871720768e-19,1.5398233355763735e-19,1.5940471953979932e-19,1.6508086995144112e-19,1.7102536665269588e-19,1.7725378148010098e-19,1.8378275359799378e-19,1.906300754303383e-19,1.97814778368853e-19,2.0535724359831706e-19,2.1327930356743219e-19,2.2160436400656295e-19,2.303575346601005e-19,2.395657724085922e-19,2.4925803808952316e-19,2.594654681914845e-19,2.7022156345614066e-19,2.815623960780705e-19,2.935268372441715e-19,3.061568099233861e-19,3.194975556335045e-19,3.335979542515363e-19,3.4851084804975196e-19,3.6429341818468487e-19,3.8100758868786e-19,3.9872049256727696e-19,4.1750496737970183e-19,4.374401177099549e-19,4.586119374437635e-19,4.811140017185809e-19,5.050482384797055e-19,5.305257886813029e-19,5.576679673636054e-19,5.866073383813121e-19,6.174889179329343e-19,6.504715260679506e-19,6.857293007688672e-19,7.234534052548053e-19,7.638539488957189e-19,8.071621552280721e-19,8.536328112902297e-19,9.035470404644824e-19,9.572154458487084e-19,1.014981680263884e-18,1.0772265077252791e-18,1.1443724323859239e-18,1.2168889840281403e-18,1.2952987647518532e-18,1.3801843802798042e-18,1.4721964003746154e-18,1.5720625208973109e-18,1.6805981360304651e-18,1.7987185475656765e-18,1.9274531242688237e-18,2.067961736530311e-18,2.221553890073606e-18,2.3897110545293835e-18,2.5741127887767663e-18,2.7766673864168946e-18,2.9995479283789754e-18,3.2452348085982165e-18,3.516566039745131e-18,3.8167969961765756e-18,4.149671461704717e-18,4.519506552547173e-18,4.931294458285303e-18,5.390824809375731e-18,5.9048323732208835e-18,6.481176012782549e-18,7.129056371686422e-18,7.859281755329783e-18,8.684594292404284e-18,9.620071798897284e-18,1.0683625292946789e-17,1.1896617850018367e-17,1.3284638411001008e-17,1.4878474482236083e-17,1.671534172878922e-17,1.8840447478163838e-17,2.1308991145617396e-17,2.4188740398705796e-17,2.7563371620043525e-17,3.1536832942447504e-17,3.6239086762720246e-17,4.183372959522366e-17,4.85281906700686e-17,5.658750798971062e-17,6.635311999911034e-17,7.826876896205054e-17,9.291661073762856e-17,1.1106816381714948e-16,1.3375713726736423e-16,1.6238500789732937e-16,1.9887642666721216e-16,2.4591180239801814e-16,3.0728175944376315e-16,3.884381717382594e-16,4.973697153289822e-16,6.460270193584056e-16,8.527052367541612e-16,1.1461474216943529e-15,1.5728501868007676e-15,2.2105646158501642e-15,3.194316592125606e-15,4.769005844961553e-15,7.401679281175205e-15,1.2036666828949194e-14,2.071904091803829e-14,3.825325685711422e-14,7.70811546001287e-14,1.734400970538505e-13,4.4897882129126656e-13,1.3874196239534274e-12,5.319462802750808e-12,2.583510752956622e-11,1.5352328489657312e-10,9.946943819890895e-10,6.0035664040594446e-09,2.990239074207764e-08,1.1704043316004705e-07,3.617875185343152e-07,9.086237973220328e-07,1.9158206605010356e-06,3.49108996100964e-06,5.619967919376583e-06,8.103987550279306e-06,1.0585014921832813e-05,1.2733654627078593e-05,1.4395185568306271e-05,1.556357899356041e-05,1.630266799518252e-05,1.6694246477346376e-05,1.6815711010546162e-05,1.6733088610232166e-05,1.6500180696179893e-05,1.6159753060501773e-05,1.5745246527036926e-05,1.5282474169414366e-05,1.4791128858390805e-05,1.4286056214775331e-05,1.3778298910952618e-05,1.3275937861384673e-05,1.2784761682506557e-05,1.2308795218094266e-05,1.1850714545506208e-05,1.1412171600737795e-05,1.0994047345569278e-05,1.0596648666261557e-05,1.0219861065062823e-05,9.863266666553472e-06,9.526235036366173e-06,9.207992710764415e-06,8.907676075531704e-06,8.6243712455739e-06,8.3571438172256e-06,8.10506075433343e-06,7.867206185826692e-06,7.642692512576786e-06,7.430667920158825e-06,7.230321156968189e-06,7.040884249406067e-06,6.8616336778830435e-06,6.691890420564419e-06,6.531019179851352e-06,6.378427033706776e-06,6.233561698172427e-06,6.095909541702585e-06,5.96499345791867e-06,5.840370676094877e-06,5.7216305676264546e-06,5.608392490448739e-06,5.500303700988044e-06,5.397037353512447e-06,5.298290599605952e-06,5.203782794918462e-06,5.113253816432413e-06,5.026462490229975e-06,4.943185127976231e-06,4.863214168575969e-06,4.786356920188464e-06,4.712434397949086e-06,4.641280251535281e-06,4.57273977700025e-06,4.506669007210959e-06,4.442933875347163e-06,4.381409446066977e-06,4.32197920927951e-06,4.26453443141358e-06,4.208973559945206e-06,4.155201676688814e-06,4.103129995866897e-06,4.052675403273627e-06,4.003760033212933e-06,3.956310879835917e-06,3.910259440231479e-06,3.865541386252454e-06,3.822096262983168e-06,3.7798672114913564e-06,3.738800713459399e-06,3.6988463564559854e-06,3.659956617517047e-06,3.6220866638735265e-06,3.585194169187303e-06,3.5492391439197304e-06,3.5141837790158144e-06,3.479992301279675e-06,3.4466308398570884e-06,3.414067302709758e-06,3.3822712623523644e-06,3.3512138500397587e-06,3.320867657672892e-06,3.2912066469541095e-06,3.2622060650093184e-06,3.2338423660934248e-06,3.2060931388432132e-06,3.1789370386806817e-06,3.15235372483297e-06,3.1263238018064413e-06,3.100828764819131e-06,3.075850948887998e-06,3.051373481459809e-06,3.027380238091749e-06,3.003855801059463e-06,2.9807854207094604e-06,2.9581549793088805e-06,2.935950957130413e-06,2.91416040084365e-06,2.892770893757701e-06,2.871770527949454e-06,2.851147878188073e-06,2.83089197732679e-06,2.8109922932572597e-06,2.791438707305448e-06,2.7722214937516264e-06,2.753331300687496e-06,2.734759131967409e-06,2.7164963301636825e-06,2.698534560520323e-06,2.6808657957290948e-06,2.6634823018057685e-06,2.6463766244722803e-06,2.6295415764366946e-06,2.6129702253104635e-06,2.5966558822590463e-06,2.5805920911697866e-06,2.56477261844768e-06,2.549191509187702e-06,2.533842820461473e-06,2.5187209846749815e-06,2.5038205708747038e-06,2.4891363231890766e-06,2.4746631566854156e-06,2.4603961506720677e-06,2.446330542063856e-06,2.4324617190371104e-06,2.418785214951965e-06,2.4052967025504323e-06,2.3919919885610855e-06,2.3788670083209048e-06,2.365917820825433e-06,2.3531406039831393e-06,2.340531650090019e-06,2.3280873614431808e-06,2.3158042462535935e-06,2.303678914662046e-06,2.2917080750586737e-06,2.279888530306381e-06,2.2682171744696806e-06,2.256690989439183e-06,2.2453070417987524e-06,2.2340624798184014e-06,2.2229545305631284e-06,2.2119804971366785e-06,2.20113775604716e-06,2.190423754635348e-06,2.1798360087156827e-06,2.1693721001769396e-06,2.1590296748010033e-06,2.1488064400951567e-06,2.1387001632753135e-06,2.1287086692228307e-06,2.118829838684547e-06,2.109061606362111e-06,2.099401959209961e-06,2.089848934789146e-06,2.080400619610101e-06,2.071055147593077e-06,2.0618106985390106e-06,2.0526654968173593e-06,2.0436178098265266e-06,2.0346659467602257e-06,2.025808257312752e-06,2.0170431304188124e-06,2.0083689931241926e-06,1.999784309425505e-06,1.991287579020704e-06,1.9828773365074977e-06,1.9745521501788387e-06,1.9663106211111413e-06,1.95815138214752e-06,1.9500730970360416e-06,1.94207445951409e-06,1.9341541924632583e-06,1.9263110470783535e-06,1.918543802071603e-06,1.9108512628993476e-06,1.9032322610046537e-06,1.8956856531459862e-06,1.8882103206301543e-06,1.8808051686935336e-06,1.8734691258217372e-06,1.8662011431440213e-06,1.8590001938092312e-06,1.8518652724062783e-06,1.8447953943801987e-06,1.837789595506769e-06,1.8308469313160282e-06,1.8239664766461834e-06,1.8171473250660306e-06,1.810388588411306e-06,1.8036893963810016e-06,1.7970488959954565e-06,1.7904662511801975e-06,1.78394064237692e-06,1.777471266083247e-06,1.7710573344761402e-06,1.7646980750038874e-06,1.758392730034869e-06,1.7521405564703403e-06,1.7459408253977549e-06,1.7397928217397532e-06,1.7336958439270685e-06,1.727649203568609e-06,1.7216522251251516e-06,1.7157042456411518e-06,1.709804614399001e-06,1.703952692653847e-06,1.6981478533705675e-06,1.6923894809031942e-06,1.6866769707715534e-06,1.6810097294063074e-06,1.6753871738526984e-06,1.6698087315813643e-06,1.664273840215226e-06,1.6587819473180763e-06,1.653332510164748e-06,1.6479249955170648e-06,1.6425588794229294e-06,1.6372336470082926e-06,1.631948792267176e-06,1.6267038178778279e-06,1.621498235008593e-06,1.6163315631380383e-06,1.6112033298654208e-06,1.6061130707416982e-06,1.6010603290934104e-06,1.5960446558517346e-06,1.5910656094173524e-06,1.5861227554734137e-06,1.5812156668529326e-06,1.5763439233678628e-06,1.5715071116784223e-06,1.5667048251393064e-06,1.5619366636781885e-06,1.557202233670766e-06,1.5525011477515433e-06,1.5478330247416747e-06,1.5431974894941592e-06,1.5385941727963349e-06,1.53402271119701e-06,1.5294827470049815e-06,1.524973928062752e-06,1.5204959076443155e-06,1.5160483444113959e-06,1.5116309022546536e-06,1.5072432502185122e-06,1.5028850623703608e-06,1.4985560177563506e-06,1.4942558002556163e-06,1.4899840984828419e-06,1.4857406057552843e-06,1.4815250199473034e-06,1.4773370434333116e-06,1.473176382950437e-06,1.4690427495992104e-06,1.4649358587029412e-06,1.4608554297385798e-06,1.4568011862839873e-06,1.4527728559043173e-06,1.4487701701022038e-06,1.4447928642397337e-06,1.440840677474003e-06,1.4369133526572915e-06,1.4330106363090994e-06,1.4291322785541154e-06,1.4252780330053289e-06,1.4214476567487398e-06,1.4176409102764192e-06,1.4138575573708905e-06,1.410097365138253e-06,1.4063601038788818e-06,1.4026455470334918e-06,1.3989534712132028e-06,1.395283656054645e-06,1.391635884106667e-06,1.3880099409589386e-06,1.384405615082186e-06,1.3808226977639878e-06,1.3772609831092193e-06,1.3737202679537356e-06,1.37020035184466e-06,1.3667010369813304e-06,1.3632221281807646e-06,1.3597634327936296e-06,1.356324760743699e-06,1.3529059243896382e-06,1.3495067385696462e-06,1.346127020475003e-06,1.34276658969156e-06,1.339425268108686e-06,1.3361028799127373e-06,1.3327992515153369e-06,1.3295142115601365e-06,1.3262475908318746e-06,1.3229992222731097e-06,1.319768940928089e-06,1.31655658389892e-06,1.3133619903331653e-06,1.3101850013828789e-06,1.3070254601472179e-06,1.3038832117029735e-06,1.3007581030109916e-06,1.2976499828951928e-06,1.294558702089946e-06,1.2914841130950281e-06,1.2884260702143507e-06,1.285384429520239e-06,1.282359048823327e-06,1.279349787639539e-06,1.2763565071742004e-06,1.2733790702912494e-06,1.2704173414744196e-06,1.2674711868239325e-06,1.2645404740676629e-06,1.2616250724023394e-06,1.2587248526168768e-06,1.2558396870223034e-06,1.2529694493922293e-06,1.2501140149802392e-06,1.2472732604863723e-06,1.2444470640271105e-06,1.2416353051429366e-06,1.2388378647391796e-06,1.2360546250877615e-06,1.2332854697877445e-06,1.2305302838146904e-06,1.227788953393076e-06,1.2250613660522219e-06,1.222347410589786e-06,1.219646977041709e-06,1.216959956690195e-06,1.2142862420192533e-06,1.211625726703965e-06,1.2089783056184973e-06,1.206343874777332e-06,1.203722331351634e-06,1.2011135736384126e-06,1.1985175010466517e-06,1.1959340140812262e-06,1.1933630143370392e-06,1.1908044044691328e-06,1.1882580881895602e-06,1.185723970242169e-06,1.183201956425013e-06,1.1806919534850042e-06,1.178193869215088e-06,1.1757076123728068e-06,1.1732330926904594e-06,1.170770220849825e-06,1.1683189084791315e-06,1.1658790681362713e-06,1.1634506132950055e-06,1.1610334583352694e-06,1.158627518514249e-06,1.1562327100160785e-06,1.1538489498494363e-06,1.1514761558955204e-06,1.1491142468830574e-06,1.1467631423739766e-06,1.1444227627561245e-06,1.1420930292356514e-06,1.1397738638066145e-06,1.13746518927062e-06,1.1351669292050382e-06,1.132879007959453e-06,1.1306013506393143e-06,1.128333883132361e-06,1.1260765320295046e-06,1.1238292246749108e-06,1.1215918891322992e-06,1.1193644541826604e-06,1.11714684930364e-06,1.1149390046820732e-06,1.1127408511964695e-06,1.1105523203758101e-06,1.1083733444429922e-06,1.1062038562732388e-06,1.104043789405021e-06,1.1018930780166642e-06,1.0997516569188715e-06,1.0976194615698478e-06,1.0954964280335276e-06,1.0933824929923453e-06,1.0912775937420982e-06,1.0891816681581223e-06,1.0870946547169992e-06,1.085016492503824e-06,1.0829471211599545e-06,1.0808864808765044e-06,1.0788345124513364e-06,1.0767911572119757e-06,1.0747563570422378e-06,1.0727300543676442e-06,1.0707121921591206e-06,1.0687027139082123e-06,1.0667015636276105e-06,1.064708685871834e-06,1.0627240256833189e-06,1.0607475286192456e-06,1.0587791407316883e-06,1.0568188085731637e-06,1.054866479182264e-06,1.0529221000799477e-06,1.0509856192652649e-06,1.0490569852116966e-06,1.0471361468394068e-06,1.0452230535561748e-06,1.0433176552186101e-06,1.04141990212414e-06,1.0395297450151341e-06,1.0376471350798682e-06,1.0357720239403507e-06,1.0339043636536403e-06,1.0320441066795677e-06,1.0301912059220194e-06,1.0283456146839425e-06,1.02650728670655e-06,1.0246761761028324e-06,1.0228522374025779e-06,1.021035425537487e-06,1.0192256958216421e-06,1.0174230039653534e-06,1.0156273060571851e-06,1.0138385585674111e-06,1.0120567183424899e-06,1.0102817425991224e-06,1.0085135889198974e-06,1.0067522152524053e-06,1.0049975799009776e-06,1.0032496415334416e-06,1.0015083591586052e-06,9.997736921412171e-07,9.980456001811126e-07,9.963240433240928e-07,9.946089819472294e-07,9.92900376771481e-07,9.911981888306904e-07,9.89502379500239e-07,9.878129104701684e-07,9.861297437476486e-07,9.84452841658526e-07,9.827821668394647e-07,9.811176822318477e-07,9.794593510885164e-07,9.778071369594044e-07,9.761610037026377e-07,9.745209154630294e-07,9.728868366798036e-07,9.712587320835042e-07,9.696365666942293e-07,9.680203058094899e-07,9.664099150088122e-07,9.64805360155454e-07,9.63206607382601e-07,9.616136230965762e-07,9.600263739725003e-07,9.584448269546089e-07,9.568689492457831e-07,9.552987083159576e-07,9.53734071881576e-07,9.521750079441832e-07,9.506214847265727e-07,9.490734707150081e-07,9.4753093463878e-07,9.459938454921737e-07,9.444621724850714e-07,9.429358850867247e-07,9.414149529999704e-07,9.398993461598658e-07,9.383890347407933e-07,9.368839891509551e-07,9.353841800083008e-07,9.338895781796401e-07,9.32400154747935e-07,9.309158810249861e-07,9.294367285253164e-07,9.279626689969947e-07,9.26493674401614e-07,9.25029716909859e-07,9.235707689027206e-07,9.221168029928521e-07,9.206677919631601e-07,9.192237088291221e-07,9.177845267912647e-07,9.16350219282995e-07,9.149207599019013e-07,9.134961224593629e-07,9.120762809737268e-07,9.106612096272023e-07,9.09250882816441e-07,9.078452751254209e-07,9.064443613188433e-07,9.050481163651307e-07,9.036565154234223e-07,9.022695337786388e-07,9.008871469519063e-07,8.99509330632788e-07,8.981360606880286e-07,8.967673131566623e-07,8.95403064245011e-07,8.94043290354501e-07,8.926879680489708e-07,8.913370740463344e-07,8.899905852538701e-07,8.886484787330742e-07,8.873107317136369e-07,8.859773215889858e-07,8.846482259162785e-07,8.833234224126692e-07,8.820028889550192e-07,8.806866035788629e-07,8.793745444672865e-07,8.780666899699587e-07,8.767630185853832e-07,8.754635089669164e-07,8.741681399099673e-07,8.728768903689026e-07,8.715897394415487e-07,8.703066663782833e-07,8.690276505649806e-07,8.67752671535147e-07,8.664817089671221e-07,8.652147426746021e-07,8.639517526314736e-07,8.626927189302796e-07,8.614376218064727e-07,8.601864416317915e-07,8.589391589083427e-07,8.57695754291916e-07,8.564562085511294e-07,8.55220502598069e-07,8.539886174615947e-07,8.527605343108301e-07,8.515362344471716e-07,8.503156992871567e-07,8.490989103755755e-07,8.47885849398707e-07,8.466764981466006e-07,8.454708385356673e-07,8.442688526223368e-07,8.430705225678017e-07,8.418758306420349e-07,8.406847592573155e-07,8.394972909265333e-07,8.3831340829853e-07,8.371330941126857e-07,8.359563312439685e-07,8.347831026636875e-07,8.336133914750224e-07,8.324471808813703e-07,8.312844541929879e-07,8.301251948385639e-07,8.289693863541032e-07,8.278170123800711e-07,8.266680566674788e-07,8.255225030740104e-07,8.243803355603619e-07,8.232415381918014e-07,8.221060951397591e-07,8.209739906768066e-07,8.198452091756528e-07,8.187197351098087e-07,8.175975530595979e-07,8.16478647699436e-07,8.153630038036876e-07,8.142506062436872e-07,8.131414399869938e-07,8.120354900991207e-07,8.109327417397531e-07,8.09833180163753e-07,8.087367907220549e-07,8.076435588540158e-07,8.065534700903047e-07,8.054665100635524e-07,8.043826644877381e-07,8.033019191689022e-07,8.022242600033744e-07,8.011496729766856e-07,8.000781441597513e-07,7.990096597136026e-07,7.979442058840805e-07,7.968817690024341e-07,7.958223354947224e-07,7.94765891848793e-07,7.937124246541157e-07,7.926619205827651e-07,7.916143663851703e-07,7.905697488953352e-07,7.895280550267347e-07,7.884892717824554e-07,7.874533862208111e-07,7.864203855041372e-07,7.853902568654376e-07,7.843629876149784e-07,7.833385651419705e-07,7.823169769102601e-07,7.8129821046107e-07,7.802822534144305e-07,7.792690934585384e-07,7.782587183608029e-07,7.772511159623611e-07,7.762462741765726e-07,7.752441809903347e-07,7.74244824461762e-07,7.732481927209714e-07,7.722542739652031e-07,7.712630564762153e-07,7.702745285921755e-07,7.692886787160721e-07,7.683054953398935e-07,7.673249670084517e-07,7.663470823371812e-07,7.653718300108056e-07,7.643991987794009e-07,7.634291774622315e-07,7.62461754940077e-07,7.614969201621659e-07,7.605346621458516e-07,7.595749699653288e-07,7.586178327591804e-07,7.576632397402404e-07,7.567111801741714e-07,7.55761643389211e-07,7.548146187809046e-07,7.538700958010925e-07,7.529280639673732e-07,7.519885128568848e-07,7.510514321017676e-07,7.501168114002041e-07,7.491846405086578e-07,7.482549092394438e-07,7.47327607466283e-07,7.46402725118863e-07,7.454802521865664e-07,7.445601787149763e-07,7.436424948063169e-07,7.427271906193189e-07,7.418142563685508e-07,7.40903682323652e-07,7.399954588109426e-07,7.390895762099076e-07,7.381860249547225e-07,7.372847955339722e-07,7.363858784893865e-07,7.354892644157514e-07,7.345949439620996e-07,7.337029078176926e-07,7.328131467541769e-07,7.319256515607825e-07,7.310404131024193e-07,7.301574222680071e-07,7.292766700374772e-07,7.283981474087354e-07,7.275218454371256e-07,7.26647755228044e-07,7.257758679366357e-07,7.249061747691289e-07,7.240386669783533e-07,7.231733358620257e-07,7.223101727698898e-07,7.214491690985913e-07,7.20590316291049e-07,7.197336058368421e-07,7.188790292696558e-07,7.180265781771052e-07,7.171762441800269e-07,7.163280189577558e-07,7.1548189422823e-07,7.146378617585338e-07,7.137959133540055e-07,7.129560408642455e-07,7.121182361899138e-07,7.112824912699472e-07,7.104487980934201e-07,7.096171486741869e-07,7.087875350879183e-07,7.07959949448042e-07,7.071343839040516e-07,7.063108306539752e-07,7.054892819355979e-07,7.046697300270903e-07,7.038521672496006e-07,7.030365859596917e-07,7.022229785620184e-07,7.01411337493498e-07,7.006016552372261e-07,6.997939243133734e-07,6.989881372815613e-07,6.98184286741209e-07,6.97382365330569e-07,6.965823657244788e-07,6.95784280638954e-07,6.949881028268315e-07,6.941938250798879e-07,6.934014402253024e-07,6.926109411299671e-07,6.918223206938022e-07,6.910355718570927e-07,6.9025068759725e-07,6.894676609258235e-07,6.886864848918585e-07,6.879071525792041e-07,6.87129657107626e-07,6.863539916308627e-07,6.855801493378462e-07,6.8480812346309e-07,6.840379072483033e-07,6.83269494014081e-07,6.825028770760274e-07,6.817380497974562e-07,6.809750055750936e-07,6.802137378389971e-07,6.794542400532874e-07,6.786965057153475e-07,6.779405283529412e-07,6.771863015295473e-07,6.764338188414978e-07,6.756830739117925e-07,6.749340604056699e-07,6.741867720069831e-07,6.734412024469582e-07,6.726973454760394e-07,6.719551948833933e-07,6.71214744475493e-07,6.704759881089062e-07,6.697389196582115e-07,6.690035330363122e-07,6.682698221785431e-07,6.675377810537594e-07,6.668074036649195e-07,6.660786840373932e-07,6.653516162306269e-07,6.646261943323616e-07,6.639024124675473e-07,6.631802647647782e-07,6.624597454074623e-07,6.617408486002344e-07,6.61023568571908e-07,6.603078995860551e-07,6.595938359254967e-07,6.588813719081072e-07,6.581705018781093e-07,6.574612202077022e-07,6.567535212928973e-07,6.560473995627751e-07,6.553428494682246e-07,6.546398654906883e-07,6.539384421328229e-07,6.532385739295321e-07,6.525402554395471e-07,6.518434812500259e-07,6.51148245975054e-07,6.504545442496025e-07,6.497623707349346e-07,6.49071720112471e-07,6.483825871077279e-07,6.476949664499214e-07,6.47008852916954e-07,6.463242412927727e-07,6.456411263900962e-07,6.449595030483117e-07,6.442793661324181e-07,6.436007105279414e-07,6.429235311485265e-07,6.422478229300769e-07,6.415735808324832e-07,6.409007998401311e-07,6.402294749600063e-07,6.395596012230378e-07,6.388911736805494e-07,6.382241874076573e-07,6.375586375193863e-07,6.368945191290842e-07,6.362318273836134e-07,6.355705574518942e-07,6.34910704527575e-07,6.342522638225728e-07,6.335952305751314e-07,6.329396000411247e-07,6.322853675007503e-07,6.316325282540045e-07,6.309810776307125e-07,6.303310109742226e-07,6.296823236494873e-07,6.290350110457472e-07,6.283890685727152e-07,6.277444916600168e-07,6.271012757599983e-07,6.26459416349602e-07,6.258189089153707e-07,6.251797489816086e-07,6.245419320656536e-07,6.239054537292414e-07,6.232703095505691e-07,6.226364951227623e-07,6.2200400606347e-07,6.213728379987085e-07,6.207429865931686e-07,6.201144475191434e-07,6.194872164691956e-07,6.188612891563357e-07,6.1823666131266e-07,6.176133286914911e-07,6.169912870646657e-07,6.163705322209342e-07,6.15751059969626e-07,6.151328661391364e-07,6.145159465729665e-07,6.139002971417595e-07,6.132859137251841e-07,6.126727922254045e-07,6.120609285665819e-07,6.114503186800482e-07,6.108409585253196e-07,6.102328440752404e-07,6.096259713241142e-07,6.09020336280533e-07,6.084159349747498e-07,6.078127634508621e-07,6.072108177655322e-07,6.06610094007802e-07,6.060105882708919e-07,2.910409942780306e-07,2.635814342670961e-07,2.7996788250569765e-07,3.0235275267324506e-07,3.24837911302986e-07,3.464911676754044e-07,3.671587471212306e-07,3.868151489891841e-07,4.0546159983768415e-07,4.2310951382311434e-07,4.397771143349574e-07,4.55488106584043e-07,4.7027069872280305e-07,4.841567216148617e-07,4.971808187931375e-07,5.093797084117781e-07,5.207915209269062e-07,5.3145521392188e-07,5.414100631287796e-07,5.506952268401867e-07,5.593493794748212e-07,5.674104091703497e-07,5.749151736224649e-07,5.818993082168939e-07,5.883970804081741e-07,5.944412845045352e-07,6.000631712867767e-07,6.052924072734101e-07,6.101570588919838e-07,6.146835972484624e-07,6.188969197000493e-07,6.228203848297298e-07,6.264758579099071e-07,6.298837643166318e-07,6.330631487329973e-07,6.360317383204061e-07,6.388060083283757e-07,6.414012489019526e-07,6.438316320371607e-07,6.461102778684407e-07,6.482493196334091e-07,6.502599668368909e-07,6.521525661866843e-07,6.539366600666136e-07,6.556210423434904e-07,6.572138113930605e-07,6.58722420291327e-07,6.601537241480237e-07,6.615140246374042e-07,6.628091117459203e-07,6.640443028444697e-07,6.652244791657625e-07,6.663541197858685e-07,6.674373332644685e-07,6.684778870059285e-07,6.694792345061994e-07,6.704445405900389e-07,6.713767047612652e-07,6.7227838280019e-07,6.731520066795322e-07,6.739998029672087e-07,6.748238097790544e-07,6.756258923975696e-07,6.764077576544162e-07,6.771709671566028e-07,6.779169494556398e-07,6.786470112267594e-07,6.793623475403266e-07,6.800640512911551e-07,6.807531218553079e-07,6.814304730307133e-07,6.820969403193168e-07,6.82753287605008e-07,6.834002132710804e-07,6.840383558152653e-07,6.846682989771672e-07,6.85290576441282e-07,6.859056761501421e-07,6.865140442459567e-07,6.871160886725889e-07,6.877121824811191e-07,6.883026668458284e-07,6.888878538281845e-07,6.894680288992126e-07,6.900434532519815e-07,6.906143659107545e-07,6.911809856575248e-07,6.917435127975064e-07,6.923021307693886e-07,6.928570076170287e-07,6.934082973334412e-07,6.939561410896029e-07,6.945006683557972e-07,6.950419979210905e-07,6.955802388347597e-07,6.96115491258665e-07,6.966478472447244e-07,6.971773914397443e-07,6.977042017474206e-07,6.982283499116704e-07,6.987499020595256e-07,6.992689191904864e-07,6.997854576394292e-07,7.002995694672463e-07,7.008113028491895e-07,7.013207024110458e-07,7.018278095414535e-07,7.023326626766336e-07,7.028352975574321e-07,7.033357474660757e-07,7.038340434413551e-07,7.043302144749156e-07,7.048242876897699e-07,7.053162885032476e-07,7.058062407745889e-07,7.062941669422351e-07,7.067800881454125e-07,7.072640243375e-07,7.07745994388102e-07,7.082260161754903e-07,7.087041066730665e-07,7.0918028202639e-07,7.096545576225845e-07,7.101269481562649e-07,7.105974676867603e-07,7.110661296924627e-07,7.115329471180876e-07,7.119979324208719e-07,7.124610976083615e-07,7.129224542776864e-07,7.133820136461994e-07,7.13839786585282e-07,7.142957836455366e-07,7.147500150823616e-07,7.152024908791659e-07,7.156532207698065e-07,7.161022142568486e-07,7.165494806261892e-07,7.169950289677613e-07,7.174388681890825e-07,7.17881007017124e-07,7.183214540302976e-07,7.18760217656573e-07,7.19197306185067e-07,7.196327277760066e-07,7.20066490469789e-07,7.204986021927097e-07,7.209290707653127e-07,7.213579039085597e-07,7.217851092492881e-07,7.222106943257957e-07,7.226346665919354e-07,7.230570334220136e-07,7.234778021146815e-07,7.238969798968618e-07,7.243145739266592e-07,7.247305912966629e-07,7.251450390346569e-07,7.255579241125699e-07,7.259692534443827e-07,7.263790338821508e-07,7.267872722319363e-07,7.27193975243048e-07,7.275991496156735e-07,7.280028020023891e-07,7.284049390094808e-07,7.288055671934625e-07,7.292046930705265e-07,7.296023231118422e-07,7.29998463746333e-07,7.303931213614344e-07,7.307863023040375e-07,7.311780128815227e-07,7.315682593619118e-07,7.319570479764008e-07,7.323443849171761e-07,7.327302763389179e-07,7.331147283638224e-07,7.334977470754062e-07,7.338793385237551e-07,7.342595087212178e-07,7.346382636507269e-07,7.350156092565965e-07,7.353915514514384e-07,7.357660961127895e-07,7.361392490939853e-07,7.365110162146631e-07,7.368814032565857e-07,7.372504159719961e-07,7.376180600819446e-07,7.379843412790777e-07,7.383492652234809e-07,7.387128375483297e-07,7.390750638497588e-07,7.394359497023526e-07,7.397955006474595e-07,7.401537221980438e-07,7.405106198337703e-07,7.408661990194347e-07,7.412204651779232e-07,7.415734237081467e-07,7.419250799815518e-07,7.422754393419682e-07,7.42624507105802e-07,7.429722885622122e-07,7.433187889731131e-07,7.436640135740899e-07,7.44007967573502e-07,7.443506561531622e-07,7.446920844696819e-07,7.450322576534783e-07,7.453711808077077e-07,7.457088590121533e-07,7.460452973192889e-07,7.463805007568937e-07,7.46714474327824e-07,7.470472230108236e-07,7.473787517570065e-07,7.477090654946278e-07,7.480381691300473e-07,7.483660675442546e-07,7.486927655882565e-07,7.490182680960276e-07,7.493425798759302e-07,7.496657057118456e-07,7.499876503649726e-07,7.50308418572894e-07,7.506280150501046e-07,7.509464444888036e-07,7.512637115563007e-07,7.515798208996477e-07,7.518947771411883e-07,7.522085848827331e-07,7.525212487029741e-07,7.528327731586078e-07,7.531431627843576e-07,7.53452422092904e-07,7.537605555757942e-07,7.540675677027645e-07,7.543734629220692e-07,7.546782456604421e-07,7.549819203232473e-07,7.552844912963705e-07,7.555859629440215e-07,7.55886339608244e-07,7.56185625612125e-07,7.564838252573454e-07,7.567809428268811e-07,7.570769825816873e-07,7.573719487632271e-07,7.576658455942326e-07,7.57958677274513e-07,7.582504479866482e-07,7.585411618918646e-07,7.588308231341367e-07,7.591194358366531e-07,7.594070041040734e-07,7.596935320207694e-07,7.599790236530905e-07,7.602634830479777e-07,7.605469142334343e-07,7.608293212191847e-07,7.611107079969679e-07,7.613910785333728e-07,7.616704367964351e-07,7.619487867116789e-07,7.622261321997188e-07,7.625024771604453e-07,7.627778254745421e-07,7.630521810081917e-07,7.633255476071931e-07,7.63597929100415e-07,7.638693292990475e-07,7.64139751997526e-07,7.644092009721266e-07,7.646776799828648e-07,7.649451927705084e-07,7.652117430637436e-07,7.65477334569897e-07,7.657419709805815e-07,7.660056559719262e-07,7.662683932008707e-07,7.665301863100276e-07,7.66791038926146e-07,7.670509546570069e-07,7.673099370964091e-07,7.675679898215568e-07,7.678251163950425e-07,7.680813203587085e-07,7.68336605243435e-07,7.685909745627374e-07,7.688444318145526e-07,7.690969804809753e-07,7.693486240287827e-07,7.695993659094358e-07,7.698492095589404e-07,7.700981583982299e-07,7.703462158329183e-07,7.705933852536685e-07,7.708396700361478e-07,7.71085073541104e-07,7.713295991144474e-07,7.715732500877589e-07,7.718160297772095e-07,7.720579414851801e-07,7.722989885008397e-07,7.725391740940463e-07,7.727785015252446e-07,7.730169740391008e-07,7.732545948663774e-07,7.734913672225395e-07,7.737272943105272e-07,7.739623793206505e-07,7.741966254250873e-07,7.744300357880977e-07,7.746626135497985e-07,7.74894361847922e-07,7.751252838016921e-07,7.753553825180217e-07,7.755846610900247e-07,7.758131225972955e-07,7.760407701052556e-07,7.762676066690073e-07,7.764936353264363e-07,7.767188591067799e-07,7.769432810234772e-07,7.771669040773495e-07,7.773897312567845e-07,7.776117655373609e-07,7.778330098819642e-07,7.780534672397802e-07,7.782731405491246e-07,7.784920327350862e-07,7.787101467103482e-07,7.789274853754018e-07,7.791440516179244e-07,7.793598483136045e-07,7.795748783259702e-07,7.797891445069015e-07,7.800026496949933e-07,7.802153967176033e-07,7.804273883899301e-07,7.806386275200611e-07,7.808491168919988e-07,7.810588592889926e-07,7.812678574798856e-07,7.814761142261988e-07,7.816836322632952e-07,7.818904143296108e-07,7.820964631468822e-07,7.823017814261337e-07,7.825063718670766e-07,7.827102371578246e-07,7.829133799747446e-07,7.831158029848974e-07,7.833175088415922e-07,7.835185001881979e-07,7.837187796587671e-07,7.839183498784531e-07,7.841172134505239e-07,7.843153729786057e-07,7.845128310519589e-07,7.847095902510729e-07,7.849056531419971e-07,7.851010222797516e-07,7.852957002133634e-07,7.854896894780273e-07,7.856829926016509e-07,7.858756120984692e-07,7.860675504742059e-07,7.862588102219014e-07,7.86449393827442e-07,7.866393037595106e-07,7.868285424924828e-07,7.870171124755568e-07,7.872050161527912e-07,7.873922559594875e-07,7.8757883431682e-07,7.877647536413549e-07,7.879500163369546e-07,7.881346247996444e-07,7.88318581410776e-07,7.88501888547878e-07,7.886845485760932e-07,7.888665638513298e-07,7.890479367198961e-07,7.892286695202393e-07,7.894087645733464e-07,7.895882242053268e-07,7.897670507215715e-07,7.899452464200186e-07,7.901228135927209e-07,7.902997545193624e-07,7.904760714698451e-07,7.906517667115547e-07,7.908268424930787e-07,7.910013010597458e-07,7.911751446472416e-07,7.91348375481789e-07,7.915209957808471e-07,7.916930077524681e-07,7.918644135964879e-07,7.920352155033052e-07,7.922054156551129e-07,7.923750162249283e-07,7.925440193777243e-07,7.927124272714159e-07,7.928802420492284e-07,7.930474658517383e-07,7.932141008094274e-07,7.93380149044284e-07,7.935456126699798e-07,7.937104937910228e-07,7.938747945041778e-07,7.940385168977079e-07,7.942016630513769e-07,7.943642350372553e-07,7.945262349188977e-07,7.946876647516697e-07,7.948485265831646e-07,7.95008822452349e-07,7.951685543903706e-07,7.953277244199502e-07,7.954863345572554e-07,7.956443868091414e-07,7.958018831772625e-07,7.959588256501073e-07,7.96115216208826e-07,7.962710568315764e-07,7.964263494870552e-07,7.965810961371075e-07,7.96735298733051e-07,7.968889592201381e-07,7.970420795340566e-07,7.971946616076715e-07,7.973467073616898e-07,7.974982187109848e-07,7.976491975629123e-07,7.977996458172122e-07,7.979495653674224e-07,7.98098958097307e-07,7.982478258843985e-07,7.983961705996282e-07,7.985439941061266e-07,7.986912982599117e-07,7.988380849096821e-07,7.989843558968944e-07,7.991301130562686e-07,7.992753582184034e-07,7.994200931960763e-07,7.995643198062083e-07,7.997080398545311e-07,7.998512551413626e-07,7.999939674596369e-07,8.001361785921655e-07,8.002778903163931e-07,8.004191044057395e-07,8.005598226260102e-07,8.007000467322638e-07,8.008397784765816e-07,8.009790196068021e-07,8.011177718571809e-07,8.012560369610382e-07,8.013938166398904e-07,8.015311126129888e-07,8.016679265906197e-07,8.018042602778544e-07,8.019401153732776e-07,8.020754935676409e-07,8.022103965456777e-07,8.023448259871376e-07,8.024787835636685e-07,8.026122709410829e-07,8.027452897781525e-07,8.028778417288195e-07,8.030099284394631e-07,8.031415515514492e-07,8.032727126984079e-07,8.034034135123537e-07,8.035336556069503e-07,8.036634406023088e-07,8.037927701149507e-07,8.039216457361231e-07,8.040500690671181e-07,8.041780417016711e-07,8.043055652203844e-07,8.044326412056309e-07,8.045592712304988e-07,8.046854568624912e-07,8.048111996628151e-07,8.049365011869899e-07,8.050613629829718e-07,8.05185786596276e-07,8.05309773565913e-07,8.054333254222503e-07,8.055564436918136e-07,8.05679129897284e-07,8.058013855500303e-07,8.059232121600133e-07,8.060446112315536e-07,8.061655842610974e-07,8.062861327414574e-07,8.064062581602814e-07,8.065259619975972e-07,8.066452457259885e-07,8.067641108180973e-07,8.068825587378389e-07,8.070005909439911e-07,8.071182088898981e-07,8.072354140234264e-07,8.073522077870372e-07,8.074685916177899e-07,8.075845669473637e-07,8.077001352020478e-07,8.078152978029167e-07,8.079300561656225e-07,8.080444117005576e-07,8.081583658128649e-07,8.082719199024362e-07,8.083850753639559e-07,8.084978335868896e-07,8.086101959555532e-07,8.087221638490823e-07,8.088337386415019e-07,8.089449217016963e-07,8.090557143934928e-07,8.091661180756465e-07,8.092761341018236e-07,8.093857638206353e-07,8.094950085759121e-07,8.096038697069874e-07,8.097123485460856e-07,8.09820446422727e-07,8.099281646607935e-07,8.100355045791984e-07,8.101424674919289e-07,8.102490547082679e-07,8.103552675325717e-07,8.104611072644345e-07,8.10566575198526e-07,8.106716726248776e-07,8.107764008286206e-07,8.108807610903751e-07,8.109847546856128e-07,8.110883828858835e-07,8.111916469567393e-07,8.112945481602474e-07,8.113970877534569e-07,8.114992669887796e-07,8.116010871141368e-07,8.117025493726153e-07,8.11803655002866e-07,8.119044052388442e-07,8.120048013103652e-07,8.121048444426762e-07,8.122045358556597e-07,8.123038767657509e-07,8.124028683846667e-07,8.12501511919752e-07,8.125998085734544e-07,8.12697759544054e-07,8.127953660256359e-07,8.128926292076722e-07,8.129895502754859e-07,8.13086130409961e-07,8.131823707877065e-07,8.132782725806963e-07,8.133738369572853e-07,8.134690650805865e-07,8.135639581112904e-07,8.136585172032828e-07,8.137527435092438e-07,8.13846638174957e-07,8.139402023436911e-07,8.140334371532187e-07,8.141263437385684e-07,8.14218923229897e-07,8.143111767531585e-07,8.144031054302219e-07,8.144947103798245e-07,8.14585992715145e-07,8.14676953547322e-07,8.147675939803088e-07,8.148579151167015e-07,8.149479180543509e-07,8.150376038869229e-07,8.151269737046762e-07,8.152160285931084e-07,8.153047696345053e-07,8.153931979070114e-07,8.154813144846414e-07,8.155691204376399e-07,8.156566168324382e-07,8.15743804731378e-07,8.15830685193343e-07,8.159172592736597e-07,8.160035280236824e-07,8.160894924896251e-07,8.161751537149191e-07,8.162605127399491e-07,8.163455706030975e-07,8.1643032833217e-07,8.165147869578894e-07,8.165989475036425e-07,8.166828109914221e-07,8.167663784374578e-07,8.168496508586942e-07,8.169326292636249e-07,8.17015314658601e-07,8.170977080466472e-07,8.171798104272413e-07,8.172616227968628e-07,8.17343146145563e-07,8.174243814625362e-07,8.17505329732818e-07,8.17585991936325e-07,8.176663690524875e-07,8.177464620561891e-07,8.178262719175571e-07,8.17905799604613e-07,8.179850460824224e-07,8.180640123112595e-07,8.181426992511355e-07,8.182211078523393e-07,8.182992390677121e-07,8.183770938408743e-07,8.184546731153353e-07,8.185319778317421e-07,8.186090089268709e-07,8.186857673340842e-07,8.18762253983332e-07,8.188384698015785e-07,8.189144157123174e-07,8.189900926349738e-07,8.190655014866116e-07,8.191406431820397e-07,8.192155186302009e-07,8.192901287388859e-07,8.193644744093244e-07,8.194385565474397e-07,8.195123760463912e-07,8.195859338018479e-07,8.196592307069802e-07,8.197322676477577e-07,8.198050455089052e-07,8.198775651720331e-07,8.199498275158722e-07,8.200218334125948e-07,8.200935837401916e-07,8.201650793649244e-07,8.202363211528142e-07,8.203073099668296e-07,8.203780466668845e-07,8.204485321098261e-07,8.205187671494613e-07,8.205887526366036e-07,8.206584894190218e-07,8.207279783414649e-07,8.20797220246136e-07,8.208662159713778e-07,8.209349663531939e-07,8.2100347222454e-07,8.210717344149175e-07,8.211397537518459e-07,8.212075310589755e-07,8.21275067156891e-07,8.213423628644943e-07,8.214094189981662e-07,8.214762363694244e-07,8.215428157867884e-07,8.216091580581876e-07,8.216752639873227e-07,8.217411343756224e-07,8.218067700210399e-07,8.218721717169151e-07,8.219373402597963e-07,8.220022764377321e-07,8.220669810379552e-07,8.221314548440506e-07,8.221956986383634e-07,8.2225971319933e-07,8.223234993030733e-07,8.223870577224048e-07,8.224503892285234e-07,8.22513494589023e-07,8.225763745687048e-07,8.226390299307027e-07,8.2270146143411e-07,8.227636698367568e-07,8.228256558927386e-07,8.228874203537674e-07,8.22948963968885e-07,8.230102874848572e-07,8.230713916456455e-07,8.231322771925432e-07,8.231929448645256e-07,8.23253395397089e-07,8.233136295240805e-07,8.233736479767478e-07,8.234334514829985e-07,8.234930407705558e-07,8.235524165600687e-07,8.236115795730636e-07,8.236705305282272e-07,8.237292701412054e-07,8.237877991245637e-07,8.238461181904353e-07,8.239042280454162e-07,8.239621293972355e-07,8.240198229501208e-07,8.240773094011241e-07,8.241345894508234e-07,8.241916637949073e-07,8.242485331266618e-07,8.243051981376084e-07,8.243616595163052e-07,8.244179179494367e-07,8.244739741203323e-07,8.245298287105969e-07,8.245854823995679e-07,8.246409358640684e-07,8.246961897783527e-07,8.24751244814827e-07,8.248061016428344e-07,8.248607609298457e-07,8.249152233410363e-07,8.249694895392051e-07,8.250235601844855e-07,8.250774359365519e-07,8.251311174485147e-07,8.251846053757789e-07,8.252379003692604e-07,8.252910030787324e-07,8.253439141494156e-07,8.253966342268021e-07,8.254491639528893e-07,8.255015039680588e-07,8.255536549098964e-07,8.256056174142419e-07,8.256573921145822e-07,8.25708979641794e-07,8.257603806249205e-07,8.258115956900319e-07,8.258626254634155e-07,8.259134705671504e-07,8.259641316204481e-07,8.260146092426325e-07,8.260649040500564e-07,8.261150166560909e-07,8.261649476723575e-07,8.26214697708839e-07,8.262642673742562e-07,8.263136572716149e-07,8.263628680069959e-07,8.2641190017687e-07,8.26460754384913e-07,8.265094312269383e-07,8.265579312980394e-07,8.266062551911304e-07,8.266544034962799e-07,8.267023768041586e-07,8.267501757007691e-07,8.267978007709466e-07,8.268452525974844e-07,8.26892531761192e-07,8.269396388408819e-07,8.269865744124377e-07,8.270333390517563e-07,8.270799333324404e-07,8.271263578240828e-07,8.271726130992343e-07,8.272186997178285e-07,8.272646182485576e-07,8.273103692547429e-07,8.273559532964306e-07,8.274013709345884e-07,8.274466227238008e-07,8.274917092226121e-07,8.275366309821187e-07,8.275813885525357e-07,8.276259824850387e-07,8.276704133272733e-07,8.277146816247137e-07,8.27758787921876e-07,8.278027327608808e-07,8.278465166804852e-07,8.278901402206788e-07,8.279336039175228e-07,8.279769083055491e-07,8.280200539169859e-07,8.280630412831104e-07,8.281058709329812e-07,8.281485433941481e-07,8.281910591928224e-07,8.282334188510993e-07,8.282756228916068e-07,8.283176718344436e-07,8.28359566195855e-07,8.28401306494303e-07,8.284428932465798e-07,8.284843269640836e-07,8.285256081573971e-07,8.285667373366574e-07,8.286077150091583e-07,8.28648541683657e-07,8.286892178567866e-07,8.287297440386241e-07,8.287701207269186e-07,8.28810348421159e-07,8.288504276190933e-07,8.288903588158452e-07,8.289301425049224e-07,8.289697791799527e-07,8.290092693325366e-07,8.290486134497539e-07,8.29087812017645e-07,8.291268655206977e-07,8.291657744478702e-07,8.292045392795182e-07,8.292431604946273e-07,8.292816385732329e-07,8.293199739924535e-07,8.293581672281112e-07,8.293962187545014e-07,8.294341290434049e-07,8.294718985660537e-07,8.29509527791601e-07,8.295470171875744e-07,8.295843672203136e-07,8.29621578353731e-07,8.296586510512502e-07,8.296955857738706e-07,8.297323829824096e-07,8.297690431309438e-07,8.298055666808127e-07,8.298419540851593e-07,8.298782057970837e-07,8.29914322269034e-07,8.299503039512362e-07,8.299861512923725e-07,8.300218647422761e-07,8.300574447415543e-07,8.300928917372595e-07,8.30128206172009e-07,8.301633884870146e-07,8.301984391216816e-07,8.302333585148924e-07,8.3026814710304e-07,8.303028053210387e-07,8.303373336031674e-07,8.303717323813367e-07,8.304060020865508e-07,8.304401431482422e-07,8.304741559941689e-07,8.305080410509848e-07,8.305417987430524e-07,8.305754294939085e-07,8.306089337291917e-07,8.306423118632041e-07,8.30675564318745e-07,8.307086915124471e-07,8.307416938623058e-07,8.307745717824198e-07,8.308073256863719e-07,8.308399559862989e-07,8.308724630929837e-07,8.309048474157797e-07,8.30937109362702e-07,8.309692493401292e-07,8.310012677534914e-07,8.31033165006378e-07,8.3106494150133e-07,8.310965976398975e-07,8.311281338209187e-07,8.311595504433614e-07,8.311908479039042e-07,8.312220265997039e-07,8.312530869224278e-07,8.312840292664129e-07,8.313148540226277e-07,8.313455615827575e-07,8.313761523356529e-07,8.314066266679362e-07,8.314369849671896e-07,8.314672276171452e-07,8.314973550033376e-07,8.315273675071431e-07,8.315572655089693e-07,8.315870493899252e-07,8.316167195271427e-07,8.316462762987918e-07,8.316757200808979e-07,8.317050512475293e-07,8.31734270173649e-07,8.317633772308298e-07,8.317923727899815e-07,8.318212572206538e-07,8.318500308913975e-07,8.318786941700073e-07,8.319072474213329e-07,8.31935691010631e-07,8.319640253023678e-07,8.31992250656837e-07,8.320203674360718e-07,8.320483759994099e-07,8.320762767064254e-07,8.321040699140431e-07,8.321317559784958e-07,8.321593352546244e-07,8.321868080962406e-07,8.322141748560917e-07,8.32241435885437e-07,8.322685915317951e-07,8.32295642149637e-07,8.323225880840868e-07,8.323494296817943e-07,8.323761672882772e-07,8.324028012475511e-07,8.324293319034354e-07,8.324557595976117e-07,8.324820846709024e-07,8.325083074631248e-07,8.32534428312747e-07,8.325604475572923e-07,8.325863655329926e-07,8.326121825749861e-07,8.326378990171419e-07,8.326635151926824e-07,8.326890314332342e-07,8.32714448069458e-07,8.327397654308215e-07,8.327649838464854e-07,8.327901036425742e-07,8.328151251458143e-07,8.328400486814834e-07,8.328648745735187e-07,8.328896031448173e-07,8.329142347171686e-07,8.329387696114358e-07,8.329632081472791e-07,8.329875506433177e-07,8.330117974171688e-07,8.33035948785205e-07,8.330600050628276e-07,8.330839665643472e-07,8.331078336029842e-07,8.331316064912482e-07,8.331552855401787e-07,8.331788710599457e-07,8.332023633596602e-07,8.33225762747258e-07,8.332490695297588e-07,8.332722840132198e-07,8.332954065026235e-07,8.333184373018234e-07,8.33341376712135e-07,8.333642250385063e-07,8.333869825806093e-07,8.334096496380174e-07,8.334322265096512e-07,8.334547134933624e-07,8.33477110886008e-07,8.334994189834851e-07,8.33521638080699e-07,8.335437684714296e-07,8.33565810448586e-07,8.335877643040051e-07,8.336096303285906e-07,8.336314088125366e-07,8.336531000444957e-07,8.336747043126425e-07,8.336962219040097e-07,8.337176531047314e-07,8.33738998199916e-07,8.337602574736366e-07,8.337814312089226e-07,8.338025196884482e-07,8.338235231932541e-07,8.338444420038297e-07,8.338652763995703e-07,8.338860266587893e-07,8.33906693059261e-07,8.339272758773723e-07,8.339477753890511e-07,8.339681918691186e-07,8.339885255912752e-07,8.340087768285068e-07,8.340289458529144e-07,8.340490329355239e-07,8.340690383465574e-07,8.34088962355373e-07,8.3410880523027e-07,8.341285672386624e-07,8.341482486473649e-07,8.341678497220074e-07,8.341873707273753e-07,8.342068119273993e-07,8.342261735851465e-07,8.342454559627855e-07,8.342646593216113e-07,8.342837839220231e-07,8.343028300235966e-07,8.343217978849803e-07,8.343406877638966e-07,8.34359499917546e-07,8.343782346018358e-07,8.34396892072047e-07,8.344154725824491e-07,8.344339763867652e-07,8.344524037375963e-07,8.344707548867661e-07,8.344890300852929e-07,8.345072295833161e-07,8.345253536300511e-07,8.345434024740798e-07,8.345613763631911e-07,8.345792755442144e-07,8.345971002628643e-07,8.34614850764616e-07,8.346325272936626e-07,8.346501300936028e-07,8.346676594071945e-07,8.346851154764128e-07,8.347024985422008e-07,8.34719808845138e-07,8.347370466243259e-07,8.347542121188266e-07,8.347713055664146e-07,8.3478832720415e-07,8.348052772685195e-07,8.348221559949825e-07,8.348389636182968e-07,8.348557003723318e-07,8.348723664899876e-07,8.348889622044908e-07,8.349054877469088e-07,8.349219433482642e-07,8.349383292386339e-07,8.349546456472898e-07,8.349708928029336e-07,8.349870709331749e-07,8.350031802651326e-07,8.350192210250634e-07,8.350351934385548e-07,8.350510977304122e-07,8.350669341245192e-07,8.350827028441826e-07,8.350984041121012e-07,8.351140381498832e-07,8.35129605178603e-07,8.351451054187422e-07,8.351605390897195e-07,8.351759064106791e-07,8.351912075994676e-07,8.352064428738677e-07,8.352216124496551e-07,8.352367165432608e-07,8.352517553699615e-07,8.352667291443345e-07,8.352816380799745e-07,8.352964823901977e-07,8.353112622872943e-07,8.353259779828787e-07,8.353406296881016e-07,8.353552176131251e-07,8.353697419675126e-07,8.353842029600781e-07,8.353986007990571e-07,8.354129356919282e-07,8.354272078453621e-07,8.354414174656388e-07,8.354555647580563e-07,8.354696499273671e-07,8.354836731775932e-07,8.354976347121551e-07,8.355115347337444e-07,8.355253734443835e-07,8.355391510454163e-07,8.355528677375349e-07,8.355665237207333e-07,8.355801191942949e-07,8.355936543570489e-07,8.356071294069283e-07,8.356205445413435e-07,8.356338999569983e-07,8.356471958499469e-07,8.356604324155448e-07,8.356736098484899e-07,8.356867283426561e-07,8.356997880922406e-07,8.357127892891708e-07,8.357257321266033e-07,8.357386167956063e-07,8.357514434870723e-07,8.357642123913954e-07,8.357769236978493e-07,8.357895775956921e-07,8.358021742735978e-07,8.358147139188949e-07,8.358271967187626e-07,8.358396228600874e-07,8.358519925284973e-07,8.35864305908902e-07,8.358765631865372e-07,8.35888764544988e-07,8.359009101682188e-07,8.359130002388043e-07,8.359250349386319e-07,8.35937014449802e-07,8.359489389533717e-07,8.359608086295012e-07,8.359726236580885e-07,8.359843842184281e-07,8.359960904890475e-07,8.360077426477194e-07,8.360193408724026e-07,8.360308853397507e-07,8.360423762259698e-07,8.36053813706853e-07,8.360651979573111e-07,8.360765291518876e-07,8.360878074646146e-07,8.360990330682322e-07,8.361102061367444e-07,8.361213268416547e-07,8.361323953541758e-07,8.361434118463481e-07,8.361543764883078e-07,8.361652894500298e-07,8.361761509007367e-07,8.361869610088782e-07,8.361977199435472e-07,8.362084278721018e-07,8.362190849615889e-07,8.362296913786795e-07,8.362402472889524e-07,8.362507528585997e-07,8.362612082525139e-07,8.36271613634826e-07,8.362819691694541e-07,8.362922750197218e-07,8.363025313483943e-07,8.363127383176881e-07,8.363228960892961e-07,8.363330048244083e-07,8.363430646836198e-07,8.363530758270436e-07,8.363630384142359e-07,8.363729526042356e-07,8.363828185555424e-07,8.363926364269549e-07,8.364024063742519e-07,8.364121285553684e-07,8.364218031265768e-07,8.364314302438536e-07,8.364410100625242e-07,8.364505427371083e-07,8.36460028422661e-07,8.364694672727621e-07,8.364788594407139e-07,8.364882050793971e-07,8.364975043411164e-07,8.36506757377082e-07,8.365159643398216e-07,8.36525125379505e-07,8.365342406465646e-07,8.36543310290772e-07,8.365523344614062e-07,8.365613133074373e-07,8.365702469771868e-07,8.36579135618345e-07,8.365879793784479e-07,8.36596778404288e-07,8.366055328423339e-07,8.36614242838445e-07,8.366229085381463e-07,8.366315300862269e-07,8.366401076273979e-07,8.36648641305387e-07,8.366571312639106e-07,8.366655776458197e-07,8.36673980593772e-07,8.366823402490458e-07,8.366906567549548e-07,8.366989302517405e-07,8.367071608802306e-07,8.367153487806188e-07,8.367234940926461e-07,8.367315969555903e-07,8.367396575083222e-07,8.367476758893121e-07,8.367556522363914e-07,8.36763586686904e-07,8.367714793781713e-07,8.367793304466227e-07,8.367871400283623e-07,8.367949082590728e-07,8.368026352739714e-07,8.368103212078705e-07,8.368179661950152e-07,8.3682557036877e-07,8.368331338643864e-07,8.368406568130407e-07,8.36848139347849e-07,8.368555816010867e-07,8.368629837042758e-07,8.368703457877134e-07,8.368776679842652e-07,8.368849504233559e-07,8.368921932348689e-07,8.368993965484661e-07,8.369065604930988e-07,8.369136851975285e-07,8.369207707900225e-07,8.369278173984047e-07,8.369348251500827e-07,8.369417941720313e-07,8.369487245908359e-07,8.369556165326686e-07,8.369624701232614e-07,8.369692854879259e-07,8.369760627515817e-07,8.369828020387274e-07,8.369895034734296e-07,8.369961671793969e-07,8.370027932799578e-07,8.370093818979307e-07,8.370159331557805e-07,8.370224471755637e-07,8.370289240789318e-07,8.370353639871638e-07,8.370417670210699e-07,8.370481333011462e-07,8.370544629475189e-07,8.370607560797091e-07,8.37067012817046e-07,8.370732332784275e-07,8.370794175823268e-07,8.370855658468509e-07,8.370916781897041e-07,8.370977547282153e-07,8.371037955792742e-07,8.371098008594844e-07,8.371157706849862e-07,8.371217051715847e-07,8.371276044346365e-07,8.371334685892026e-07,8.371392977499146e-07,8.371450920310377e-07,8.371508515464251e-07,8.371565764096928e-07,8.371622667338557e-07,8.371679226317438e-07,8.371735442157815e-07,8.371791315978994e-07,8.371846848898263e-07,8.371902042029164e-07,8.371956896484958e-07,8.372011413361571e-07,8.372065593767024e-07,8.372119438797007e-07,8.372172949546976e-07,8.3722261271094e-07,8.372278972571288e-07,8.372331487016393e-07,8.372383671524315e-07,8.372435527172881e-07,8.372487055036186e-07,8.372538256182756e-07,8.372589131678592e-07,8.372639682587129e-07,8.372689909966726e-07,8.372739814873619e-07,8.372789398360654e-07,8.372838661475728e-07,8.372887605266163e-07,8.372936230770484e-07,8.372984539030551e-07,8.373032531078038e-07,8.373080207947194e-07,8.373127570665443e-07,8.373174620257285e-07,8.37322135773898e-07,8.37326778414128e-07,8.373313900467992e-07,8.373359707731886e-07,8.373405206950947e-07,8.373450399123286e-07,8.373495285250047e-07,8.373539866329706e-07,8.373584143357396e-07,8.373628117321199e-07,8.373671789216786e-07,8.37371516002306e-07,8.373758230720822e-07,8.373801002299414e-07,8.373843475727756e-07,8.373885651973058e-07,8.373927532014566e-07,8.373969116812917e-07,8.37401040732834e-07,8.374051404521201e-07,8.374092109350954e-07,8.37413252276964e-07,8.374172645736078e-07,8.374212479185217e-07,8.374252024064194e-07,8.374291281310052e-07,8.374330251869193e-07,8.374368936667177e-07,8.374407336641284e-07,8.374445452722724e-07,8.374483285828565e-07,8.374520836886368e-07,8.374558106820419e-07,8.374595096537516e-07,8.374631806960218e-07,8.374668238990693e-07,8.374704393543083e-07,8.374740271518073e-07,8.374775873818743e-07,8.374811201341791e-07,8.3748462549845e-07,8.374881035638856e-07,8.374915544194484e-07,8.374949781538222e-07,8.374983748553449e-07,8.375017446121487e-07,8.375050875120569e-07,8.375084036425531e-07,8.375116930909799e-07,8.375149559440849e-07,8.37518192288488e-07,8.37521402210858e-07,8.375245857971879e-07,8.375277431332179e-07,8.375308743045266e-07,8.375339793963343e-07,8.375370584936214e-07,8.37540111681082e-07,8.375431390431036e-07,8.375461406638517e-07,8.37549116627164e-07,8.375520670166119e-07,8.375549919155489e-07,8.375578914070462e-07,8.375607655737546e-07,8.375636144982241e-07,8.375664382628082e-07,8.3756923694923e-07,8.375720106392415e-07,8.375747594141925e-07,8.375774833554757e-07,8.375801825438567e-07,8.375828570598897e-07,8.3758550698413e-07,8.375881323965405e-07,8.375907333769047e-07,8.375933100046799e-07,8.375958623593003e-07,8.375983905198337e-07,8.376008945650429e-07,8.376033745732509e-07,8.37605830623163e-07,8.376082627925631e-07,8.376106711592082e-07,8.376130558006331e-07,8.376154167940879e-07,8.376177542163737e-07,8.376200681445989e-07,8.37622358655096e-07,8.376246258238242e-07,8.376268697271232e-07,8.37629090440836e-07,8.376312880402726e-07,8.376334626007347e-07,8.376356141971559e-07,8.376377429043185e-07,8.37639848796787e-07,8.37641931948766e-07,8.376439924343093e-07,8.376460303271526e-07,8.376480457009004e-07,8.376500386288112e-07,8.376520091839523e-07,8.376539574391576e-07,8.376558834669811e-07,8.376577873398069e-07,8.376596691297187e-07,8.376615289086195e-07,8.376633667480904e-07,8.376651827196103e-07,8.376669768942653e-07,8.376687493430844e-07,8.376705001366593e-07,8.376722293455175e-07,8.376739370398756e-07,8.376756232897586e-07,8.376772881649848e-07,8.376789317351023e-07,8.376805540693723e-07,8.376821552370329e-07,8.376837353067961e-07,8.376852943473798e-07,8.37686832427162e-07,8.376883496144239e-07,8.37689845977111e-07,8.37691321582949e-07,8.376927764994991e-07,8.376942107939514e-07,8.376956245337139e-07,8.376970177853621e-07,8.376983906156279e-07,8.376997430909494e-07,8.377010752775451e-07,8.377023872414079e-07,8.377036790483026e-07,8.377049507638683e-07,8.377062024534348e-07,8.377074341820976e-07,8.377086460148171e-07,8.377098380163272e-07,8.377110102510938e-07,8.377121627834207e-07,8.377132956773499e-07,8.377144089968781e-07,8.377155028055749e-07,8.377165771668824e-07,8.377176321441268e-07,8.377186678002945e-07,8.377196841982349e-07,8.377206814005587e-07,8.377216594697521e-07,8.377226184679453e-07,8.377235584572023e-07,8.377244794993414e-07,8.377253816559807e-07,8.377262649885187e-07,8.377271295581826e-07,8.377279754259496e-07,8.377288026526674e-07,8.377296112989043e-07,8.377304014251973e-07,8.377311730916413e-07,8.377319263582734e-07,8.377326612849022e-07,8.377333779312086e-07,8.377340763565967e-07,8.377347566203066e-07,8.377354187813751e-07,8.377360628986878e-07,8.377366890308865e-07,8.377372972364559e-07,8.377378875736529e-07,8.377384601005671e-07,8.377390148750804e-07,8.377395519550202e-07,8.377400713977564e-07,8.377405732606558e-07,8.377410576008755e-07,8.377415244754136e-07,8.377419739409826e-07,8.377424060542064e-07,8.377428208715078e-07,8.377432184490435e-07,8.377435988428587e-07,8.377439621088323e-07,8.377443083026339e-07,8.377446374797395e-07,8.377449496954523e-07,8.377452450048992e-07,8.37745523463034e-07,8.377457851246088e-07,8.377460300442079e-07,8.377462582762781e-07,8.377464698750062e-07,8.377466648944625e-07,8.377468433885182e-07,8.377470054108979e-07,8.377471510150965e-07,8.377472802544829e-07,8.377473931822243e-07,8.377474898513519e-07,8.377475703146559e-07,8.377476346248173e-07,8.377476828343173e-07,8.37747714995483e-07,8.377477311604321e-07,8.377477313811609e-07,8.377477157094818e-07,8.377476841970079e-07,8.377476368952057e-07,8.377475738553853e-07,8.377474951286867e-07,8.377474007660517e-07,8.377472908182995e-07,8.377471653360407e-07,8.377470243697615e-07,8.377468679697559e-07,8.377466961861555e-07,8.377465090689448e-07,8.377463066679236e-07,8.377460890327814e-07,8.377458562129662e-07,8.377456082578158e-07,8.377453452164995e-07,8.377450671380051e-07,8.377447740711986e-07,8.377444660647507e-07,8.377441431672002e-07,8.377438054269085e-07,8.377434528920693e-07,8.377430856107641e-07,8.377427036308693e-07,8.377423070001437e-07,8.377418957661849e-07,8.377414699763468e-07,8.37741029677985e-07,8.377405749181716e-07,8.377401057438829e-07,8.377396222019702e-07,8.377391243390901e-07,8.37738612201673e-07,8.377380858361737e-07,8.377375452887284e-07,8.37736990605429e-07,8.377364218321653e-07,8.377358390147731e-07,8.377352421987352e-07,8.377346314295565e-07,8.377340067525612e-07,8.377333682129e-07,8.377327158555804e-07,8.377320497254552e-07,8.377313698672914e-07,8.377306763256326e-07,8.377299691449418e-07,8.377292483694768e-07,8.377285140433794e-07,8.377277662106543e-07,8.377270049151603e-07,8.377262302006089e-07,8.377254421105563e-07,8.377246406884415e-07,8.377238259775406e-07,8.377229980210013e-07,8.377221568618195e-07,8.377213025429038e-07,8.377204351067588e-07,8.377195545963333e-07,8.377186610538902e-07,8.37717754521696e-07,8.377168350419691e-07,8.377159026567603e-07,8.377149574079215e-07,8.377139993372484e-07,8.377130284863488e-07,8.377120448966958e-07,8.377110486096692e-07,8.377100396664697e-07,8.37709018108038e-07,8.377079839756133e-07,8.377069373098302e-07,8.377058781514422e-07,8.377048065409702e-07,8.377037225187998e-07,8.377026261252725e-07,8.377015174005154e-07,8.377003963845567e-07,8.376992631172876e-07,8.376981176384612e-07,8.376969599877771e-07,8.376957902046498e-07,8.376946083285052e-07,8.376934143985895e-07,8.376922084540062e-07,8.376909905337607e-07,8.376897606767343e-07,8.37688518921589e-07,8.376872653069803e-07,8.376859998715031e-07,8.376847226534399e-07,8.37683433691018e-07,8.376821330223876e-07,8.376808206855598e-07,8.376794967182979e-07,8.376781611584344e-07,8.376768140434989e-07,8.376754554110733e-07,8.376740852984969e-07,8.376727037430074e-07,8.37671310781767e-07,8.376699064518016e-07,8.37668490789929e-07,8.376670638330413e-07,8.376656256177263e-07,8.37664176180521e-07,8.376627155577833e-07,8.376612437858947e-07,8.376597609010708e-07,8.376582669392883e-07,8.376567619364282e-07,8.376552459285056e-07,8.376537189510184e-07,8.37652181039706e-07,8.37650632229975e-07,8.376490725572099e-07,8.376475020566451e-07,8.37645920763358e-07,8.376443287124607e-07,8.376427259388312e-07,8.37641112477239e-07,8.376394883623453e-07,8.376378536286978e-07,8.376362083108115e-07,8.376345524429638e-07,8.376328860594215e-07,8.376312091943361e-07,8.376295218816686e-07,8.376278241553329e-07,8.376261160490499e-07,8.376243975965825e-07,8.376226688314521e-07,8.376209297870869e-07,8.376191804968405e-07,8.376174209939593e-07,8.376156513116444e-07,8.37613871482844e-07,8.376120815404997e-07,8.376102815173315e-07,8.376084714461974e-07,8.376066513595867e-07,8.376048212899978e-07,8.37602981269904e-07,8.376011313314048e-07,8.375992715068554e-07,8.375974018280244e-07,8.375955223273542e-07,8.375936330364562e-07,8.375917339871088e-07,8.375898252109368e-07,8.375879067394853e-07,8.375859786043107e-07,8.375840408362554e-07,8.37582093467193e-07,8.375801365281152e-07,8.375781700496814e-07,8.375761940634067e-07,8.375742085998901e-07,8.375722136898981e-07,8.375702093639599e-07,8.375681956526999e-07,8.375661725865645e-07,8.375641401958617e-07,8.375620985106243e-07,8.375600475614402e-07,8.37557987378165e-07,8.37555917990682e-07,8.375538394286153e-07,8.375517517222775e-07,8.375496549010023e-07,8.375475489941753e-07,8.375454340315496e-07,8.375433100425323e-07,8.375411770563003e-07,8.37539035102001e-07,8.375368842087382e-07,8.375347244054219e-07,8.375325557210802e-07,8.375303781844867e-07,8.375281918243112e-07,8.375259966691298e-07,8.375237927475514e-07,8.375215800879051e-07,8.375193587187001e-07,8.375171286678319e-07,8.375148899640918e-07,8.375126426350656e-07,8.375103867087317e-07,8.375081222130941e-07,8.375058491759006e-07,8.375035676248525e-07,8.375012775875395e-07,8.374989790915465e-07,8.374966721641861e-07,8.374943568329583e-07,8.374920331249693e-07,8.374897010673633e-07,8.374873606874288e-07,8.374850120120175e-07,8.37482655068015e-07,8.374802898819718e-07,8.374779164809426e-07,8.374755348917848e-07,8.374731451409424e-07,8.374707472545575e-07,8.374683412592632e-07,8.37465927181237e-07,8.374635050467555e-07,8.374610748818792e-07,8.374586367126715e-07,8.374561905651666e-07,8.374537364652838e-07,8.374512744385122e-07,8.374488045107845e-07,8.374463267075754e-07,8.37443841054768e-07,8.374413475771328e-07,8.374388463008727e-07,8.374363372509567e-07,8.37433820452358e-07,8.37431295930361e-07,8.374287637100972e-07,8.374262238164184e-07,8.374236762742189e-07,8.37421121108318e-07,8.374185583434836e-07,8.374159880043375e-07,8.374134101148504e-07,8.374108247006008e-07,8.374082317861464e-07,8.374056313944354e-07,8.3740302355027e-07,8.374004082782418e-07,8.373977856019037e-07,8.373951555455309e-07,8.373925181329195e-07,8.373898733881264e-07,8.373872213347934e-07,8.373845619965901e-07,8.373818953971293e-07,8.373792215601346e-07,8.373765405089955e-07,8.373738522669788e-07,8.373711568576066e-07,8.373684543038967e-07,8.373657446289869e-07,8.37363027855849e-07,8.373603040081934e-07,8.373575731085e-07,8.373548351791235e-07,8.3735209024396e-07,8.373493383250514e-07,8.373465794452242e-07,8.373438136270882e-07,8.373410408928363e-07,8.373382612650956e-07,8.373354747661282e-07,8.373326814183793e-07,8.37329881243918e-07,8.373270742649576e-07,8.373242605035206e-07,8.373214399816793e-07,8.373186127216293e-07,8.373157787445969e-07,8.373129380724956e-07,8.37310090727222e-07,8.373072367303303e-07,8.37304376103424e-07,8.373015088680229e-07,8.372986350457219e-07,8.372957546575181e-07,8.37292867724865e-07,8.372899742689967e-07,8.372870743110636e-07,8.372841678721768e-07,8.372812549733149e-07,8.372783356354541e-07,8.372754098794533e-07,8.372724777261221e-07,8.372695391962277e-07,8.372665943103897e-07,8.37263643089275e-07,8.372606855534089e-07,8.372577217232862e-07,8.372547516192236e-07,8.372517752616775e-07,8.372487926709464e-07,8.372458038671894e-07,8.372428088705188e-07,8.372398077010091e-07,8.372368003786957e-07,8.372337869235269e-07,8.372307673554864e-07,8.372277416943411e-07,8.372247099598091e-07,8.372216721716358e-07,8.372186283493677e-07,8.372155785126311e-07,8.372125226809543e-07,8.372094608737297e-07,8.372063931103704e-07,8.372033194102296e-07,8.372002397923804e-07,8.371971542761308e-07,8.371940628806596e-07,8.371909656255184e-07,8.371878625283316e-07,8.371847536096385e-07,8.371816388871644e-07,8.371785183794911e-07,8.37175392106707e-07,8.371722600867568e-07,8.371691223383556e-07,8.371659788798429e-07,8.371628297302663e-07,8.371596749075966e-07,8.371565144305264e-07,8.371533483172606e-07,8.371501765861106e-07,8.371469992553599e-07,8.371438163429488e-07,8.371406278672385e-07,8.3713743384607e-07,8.371342342976232e-07,8.371310292396697e-07,8.371278186901384e-07,8.371246026671093e-07,8.371213811877197e-07,8.37118154270079e-07,8.371149219317241e-07,8.371116841901556e-07,8.371084410631127e-07,8.371051925681396e-07,8.37101938722232e-07,8.370986795430701e-07,8.370954150478352e-07,8.370921452538398e-07,8.370888701780634e-07,8.37085589837896e-07,8.370823042501742e-07,8.37079013432149e-07,8.370757174006978e-07,8.370724161727311e-07,8.370691097651752e-07,8.370657981946793e-07,8.370624814780813e-07,8.370591596320274e-07,8.370558326732125e-07,8.370525006181812e-07,8.370491634834587e-07,8.370458212855621e-07,8.370424740409057e-07,8.370391217657985e-07,8.370357644771718e-07,8.370324021902619e-07,8.370290349216955e-07,8.370256626877551e-07,8.37022285504533e-07,8.370189033878278e-07,8.370155163539579e-07,8.370121244185632e-07,8.370087275979328e-07,8.370053259077241e-07,8.370019193635443e-07,8.36998507981566e-07,8.369950917772787e-07,8.369916707662311e-07,8.36988244964321e-07,8.369848143866167e-07,8.369813790490219e-07,8.369779389667796e-07,8.369744941552681e-07,8.369710446297493e-07,8.36967590405381e-07,8.369641314981595e-07,8.369606679228635e-07,8.369571996944464e-07,8.369537268282973e-07,8.369502493387774e-07,8.369467672418788e-07,8.369432805519883e-07,8.36939789284988e-07,8.369362934540953e-07,8.369327930749002e-07,8.369292881621396e-07,8.369257787305092e-07,8.369222647943506e-07,8.369187463691418e-07,8.369152234683588e-07,8.369116961075627e-07,8.369081643007474e-07,8.36904628062891e-07,8.369010874077042e-07,8.368975423493147e-07,8.368939929020862e-07,8.368904390810255e-07,8.368868808991979e-07,8.368833183716103e-07,8.368797515124321e-07,8.36876180335396e-07,8.368726048551047e-07,8.368690250841321e-07,8.368654410374241e-07,8.368618527293516e-07,8.368582601723822e-07,8.368546633810664e-07,8.368510623692818e-07,8.368474571503296e-07,8.368438477383238e-07,8.368402341466332e-07,8.368366163888154e-07,8.368329944784719e-07,8.368293684291363e-07,8.368257382540086e-07,8.368221039666121e-07,8.368184655801336e-07,8.368148231081655e-07,8.36811176563882e-07,8.368075259604499e-07,8.36803871311114e-07,8.368002126289705e-07,8.367965499270834e-07,8.367928832185295e-07,8.367892125163118e-07,8.367855378334177e-07,8.367818591829589e-07,8.367781765774502e-07,8.367744900298505e-07,8.367707995530586e-07,8.367671051598385e-07,8.367634068626768e-07,8.367597046747887e-07,8.367559986081052e-07,8.367522886757941e-07,8.367485748901881e-07,8.367448572641411e-07,8.367411358093492e-07,8.367374105387162e-07,8.367336814645749e-07,8.36729948599481e-07,8.367262119554811e-07,8.36722471544812e-07,8.367187273800068e-07,8.367149794729275e-07,8.36711227835938e-07,8.367074724811332e-07,8.367037134207925e-07,8.36699950666491e-07,8.366961842305216e-07,8.366924141243957e-07,8.366886403608452e-07,8.366848629513604e-07,8.366810819080653e-07,8.366772972424267e-07,8.366735089659989e-07,8.366697170907732e-07,8.366659216286935e-07,8.366621225911366e-07,8.366583199895754e-07,8.366545138356361e-07,8.366507041413503e-07,8.366468909178691e-07,8.366430741760245e-07,8.366392539291882e-07,8.366354301859755e-07,8.366316029597397e-07,8.366277722611541e-07,8.366239381015888e-07,8.366201004927346e-07,8.366162594451412e-07,8.366124149702329e-07,8.366085670793557e-07,8.366047157835104e-07,8.366008610933602e-07,8.365970030203664e-07,8.365931415754853e-07,8.365892767690739e-07,8.365854086129071e-07,8.365815371175755e-07,8.365776622939175e-07,8.365737841526727e-07,8.365699027046526e-07,8.365660179609758e-07,8.365621299319436e-07,8.365582386282533e-07,8.365543440607011e-07,8.365504462401469e-07,8.365465451764985e-07,8.36542640880661e-07,8.36538733363191e-07,8.365348226344581e-07,8.365309087050723e-07,8.36526991585219e-07,8.365230712860367e-07,8.365191478165879e-07,8.365152211877486e-07,8.365112914099369e-07,8.365073584933238e-07,8.365034224483472e-07,8.364994832848268e-07,8.364955410129502e-07,8.36491595643165e-07,8.364876471850106e-07,8.364836956488699e-07,8.364797410446964e-07,8.364757833823166e-07,8.364718226720716e-07,8.364678589235857e-07,8.364638921468197e-07,8.364599223517807e-07,8.364559495479883e-07,8.364519737453687e-07,8.364479949536852e-07,8.364440131826785e-07,8.364400284420274e-07,8.36436040741367e-07,8.364320500904079e-07,8.364280564987423e-07,8.364240599758999e-07,8.364200605314236e-07,8.364160581748262e-07,8.364120529155934e-07,8.364080447631994e-07,8.364040337272317e-07,8.364000198166803e-07,8.363960030410688e-07,8.363919834098153e-07,8.363879609321526e-07,8.363839356173673e-07,8.363799074747177e-07,8.363758765132642e-07,8.363718427424651e-07,8.363678061717142e-07,8.363637668093037e-07,8.363597246646244e-07,8.363556797469702e-07,8.363516320651709e-07,8.363475816284175e-07,8.363435284456153e-07,8.36339472525675e-07,8.363354138775607e-07,8.363313525101245e-07,8.363272884320562e-07,8.363232216523342e-07,8.363191521799824e-07,8.363150800235359e-07,8.363110051924075e-07,8.363069276940324e-07,8.363028475377505e-07,8.362987647322172e-07,8.362946792860536e-07,8.362905912077586e-07,8.362865005062049e-07,8.362824071897565e-07,8.362783112669569e-07,8.362742127463514e-07,8.362701116368798e-07,8.362660079458485e-07,8.362619016822995e-07,8.362577928545596e-07,8.362536814710452e-07,8.36249567540001e-07,8.362454510705262e-07,8.362413320694996e-07,8.362372105458309e-07,8.362330865078699e-07,8.362289599636564e-07,8.362248309214046e-07,8.362206993893051e-07,8.362165653754862e-07,8.362124288879291e-07,8.362082899348106e-07,8.362041485241614e-07,8.362000046639533e-07,8.361958583621831e-07,8.361917096269208e-07,8.361875584659507e-07,8.361834048872457e-07,8.361792488987042e-07,8.361750905081845e-07,8.361709297235194e-07,8.361667665525553e-07,8.361626010030234e-07,8.361584330827458e-07,8.361542627994114e-07,8.361500901607827e-07,8.361459151742174e-07,8.36141737847779e-07,8.361375581891968e-07,8.361333762060055e-07,8.361291919055436e-07,8.361250052953387e-07,8.361208163833056e-07,8.361166251767904e-07,8.361124316832911e-07,8.361082359101841e-07,8.361040378649826e-07,8.360998375550916e-07,8.360956349879136e-07,8.36091430170827e-07,8.360872231111437e-07,8.360830138167197e-07,8.360788022941262e-07,8.360745885506488e-07,8.360703725936508e-07,8.360661544306244e-07,8.360619340686869e-07,8.360577115148764e-07,8.360534867764525e-07,8.360492598605247e-07,8.360450307742676e-07,8.360407995247343e-07,8.360365661190516e-07,8.360323305642566e-07,8.360280928672648e-07,8.360238530355082e-07,8.360196110752569e-07,8.360153669941892e-07,8.360111207984569e-07,8.360068724955244e-07,8.360026220924776e-07,8.359983695954536e-07,8.359941150119061e-07,8.359898583488032e-07,8.359855996120752e-07,8.359813388089964e-07,8.359770759479233e-07,8.359728110325186e-07,8.359685440709873e-07,8.359642750700349e-07,8.359600040362579e-07,8.359557309767353e-07,8.359514558973446e-07,8.359471788052708e-07,8.359428997069302e-07,8.359386186090075e-07,8.359343355178615e-07,8.359300504401309e-07,8.359257633822158e-07,8.359214743506606e-07,8.359171833515389e-07,8.359128903921637e-07,8.359085954782758e-07,8.359042986168357e-07,8.358999998137053e-07,8.358956990751196e-07,8.358913964076954e-07,8.358870918182504e-07,8.358827853125229e-07,8.358784768966104e-07,8.3587416657811e-07,8.35869854361294e-07,8.358655402531459e-07,8.358612242595147e-07,8.358569063875695e-07,8.35852586642734e-07,8.358482650311879e-07,8.3584394155928e-07,8.358396162331565e-07,8.358352890586992e-07,8.358309600420488e-07,8.358266291891483e-07,8.35822296506176e-07,8.358179619990651e-07,8.358136256738166e-07,8.358092875362869e-07,8.358049475925449e-07,8.35800605848679e-07,8.357962623102377e-07,8.357919169831401e-07,8.357875698734915e-07,8.357832209872178e-07,8.357788703296768e-07,8.357745179070189e-07,8.357701637254577e-07,8.357658077898218e-07,8.357614501062385e-07,8.357570906806118e-07,8.357527295183807e-07,8.357483666257317e-07,8.35744002007879e-07,8.357396356708239e-07,8.35735267620389e-07,8.357308978615815e-07,8.357265264003267e-07,8.357221532420667e-07,8.357177783925841e-07,8.35713401857406e-07,8.357090236425225e-07,8.357046437524625e-07,8.357002621932214e-07,8.356958789712011e-07,8.356914940902651e-07,8.356871075562741e-07,8.356827193750775e-07,8.356783295518513e-07,8.356739380921531e-07,8.356695450007926e-07,8.356651502849064e-07,8.356607539473417e-07,8.356563559951692e-07,8.356519564331875e-07,8.356475552666457e-07,8.356431525009297e-07,8.356387481403276e-07,8.356343421923029e-07,8.356299346603637e-07,8.356255255502463e-07,8.356211148670213e-07,8.35616702616357e-07,8.356122888015129e-07,8.3560787343004e-07,8.356034565061008e-07,8.355990380336254e-07,8.355946180200224e-07,8.35590196469276e-07,8.35585773387424e-07,8.355813487775379e-07,8.355769226455748e-07,8.355724949965807e-07,8.355680658353542e-07,8.35563635167646e-07,8.355592029975596e-07,8.355547693302791e-07,8.355503341707532e-07,8.355458975240163e-07,8.355414593948631e-07,8.355370197881882e-07,8.355325787088673e-07,8.355281361618307e-07,8.355236921519256e-07,8.355192466840262e-07,8.355147997627598e-07,8.355103513930478e-07,8.355059015794282e-07,8.355014503266812e-07,8.354969976408535e-07,8.354925435251869e-07,8.354880879842798e-07,8.35483631023563e-07,8.354791726473185e-07,8.35474712860014e-07,8.354702516670958e-07,8.354657890727019e-07,8.354613250816193e-07,8.354568596985261e-07,8.354523929276869e-07,8.354479247734308e-07,8.354434552415625e-07,8.354389843363548e-07,8.354345120616421e-07,8.354300384215051e-07,8.354255634204712e-07,8.354210870643445e-07,8.35416609357346e-07,8.35412130303261e-07,8.354076499064969e-07,8.354031681724241e-07,8.353986851048848e-07,8.353942007079628e-07,8.353897149864018e-07,8.353852279444936e-07,8.353807395867902e-07,8.353762499173076e-07,8.353717589405383e-07,8.35367266661084e-07,8.353627730829622e-07,8.353582782106429e-07,8.353537820481047e-07,8.35349284599911e-07,8.353447858705272e-07,8.353402858636698e-07,8.353357845836457e-07,8.353312820349846e-07,8.353267782215515e-07,8.353222731474176e-07,8.353177668176962e-07,8.353132592356539e-07,8.353087504057026e-07,8.353042403323114e-07,8.352997290189894e-07,8.352952164705534e-07,8.352907026903413e-07,8.352861876828048e-07,8.352816714521053e-07,8.352771540020433e-07,8.352726353368834e-07,8.35268115460106e-07,8.352635943767962e-07,8.352590720905353e-07,8.352545486047982e-07,8.352500239243408e-07,8.352454980524316e-07,8.352409709933392e-07,8.352364427506945e-07,8.35231913329117e-07,8.352273827323966e-07,8.352228509636327e-07,8.352183180273147e-07,8.352137839271944e-07,8.352092486675188e-07,8.352047122518373e-07,8.35200174684196e-07,8.351956359680383e-07,8.351910961073341e-07,8.351865551061026e-07,8.351820129678688e-07,8.35177469695918e-07,8.351729252951685e-07,8.351683797688811e-07,8.35163833120979e-07,8.351592853547512e-07,8.351547364739498e-07,8.351501864825542e-07,8.351456353843517e-07,8.351410831828752e-07,8.351365298826481e-07,8.351319754855516e-07,8.351274199957752e-07,8.351228634178183e-07,8.351183057548835e-07,8.35113747010527e-07,8.351091871883861e-07,8.351046262920586e-07,8.351000643254383e-07,8.350955012907667e-07,8.350909371933065e-07,8.350863720356107e-07,8.350818058216139e-07,8.350772385550245e-07,8.350726702390189e-07,8.350681008764984e-07,8.350635304718133e-07,8.350589590286641e-07,8.350543865502468e-07,8.350498130400616e-07,8.350452385003319e-07,8.350406629362643e-07,8.350360863507576e-07,8.350315087467111e-07,8.35026930128158e-07,8.350223504976841e-07,8.350177698596115e-07,8.350131882169826e-07,8.350086055731151e-07,8.350040219306253e-07,8.349994372937517e-07,8.349948516655182e-07,8.34990265049648e-07,8.349856774488155e-07,8.349810888674801e-07,8.349764993072508e-07,8.349719087726707e-07,8.349673172666922e-07,8.349627247923241e-07,8.34958131353082e-07,8.349535369519481e-07,8.349489415923762e-07,8.349443452774918e-07,8.349397480104478e-07,8.349351497944861e-07,8.349305506316923e-07,8.34925950527486e-07,8.349213494836827e-07,8.3491674750395e-07,8.34912144590968e-07,8.349075407479931e-07,8.349029359780826e-07,8.348983302841039e-07,8.348937236699253e-07,8.348891161381692e-07,8.348845076918259e-07,8.348798983342014e-07,8.348752880680189e-07,8.348706768968814e-07,8.348660648235392e-07,8.348614518508647e-07,8.348568379816224e-07,8.34852223219813e-07,8.34847607567359e-07,8.348429910281946e-07,8.348383736048995e-07,8.348337553000556e-07,8.348291361173699e-07,8.348245160594167e-07,8.348198951293235e-07,8.348152733297882e-07,8.34810650663804e-07,8.348060271343426e-07,8.348014027444135e-07,8.347967774964741e-07,8.347921513942344e-07,8.347875244399823e-07,8.347828966366216e-07,8.347782679872827e-07,8.347736384945447e-07,8.347690081614397e-07,8.347643769906857e-07,8.347597449851175e-07,8.347551121476017e-07,8.347504784810918e-07,8.347458439878733e-07,8.347412086714012e-07,8.347365725340082e-07,8.347319355785527e-07,8.347272978083363e-07,8.34722659225396e-07,8.347180198327031e-07,8.347133796330345e-07,8.347087386286244e-07,8.347040968232425e-07,8.346994542192859e-07,8.346948108190652e-07,8.346901666257879e-07,8.346855216412229e-07,8.34680875869262e-07,8.346762293117059e-07,8.346715819703387e-07,8.346669338506727e-07,8.346622849531647e-07,8.346576352812507e-07,8.346529848367692e-07,8.34648333623238e-07,8.346436816423974e-07,8.346390288974649e-07,8.346343753908983e-07,8.346297211250878e-07,8.346250661033797e-07,8.346204103269396e-07,8.34615753799399e-07,8.346110965229831e-07,8.346064385003393e-07,8.346017797345368e-07,8.345971202271122e-07,8.345924599811821e-07,8.34587798998892e-07,8.345831372830479e-07,8.345784748360255e-07,8.345738116603614e-07,8.345691477588009e-07,8.345644831334234e-07,8.3455981778686e-07,8.345551517215906e-07,8.345504849401265e-07,8.345458174442969e-07,8.345411492374231e-07,8.345364803215328e-07,8.345318106991471e-07,8.345271403727943e-07,8.34522469344629e-07,8.34517797617199e-07,8.345131251927835e-07,8.345084520733711e-07,8.345037782621391e-07,8.344991037612283e-07,8.344944285727274e-07,8.344897526993348e-07,8.34485076143499e-07,8.344803989067454e-07,8.344757209921203e-07,8.344710424015254e-07,8.344663631374601e-07,8.344616832024257e-07,8.344570025986025e-07,8.344523213281412e-07,8.34447639393527e-07,8.344429567972055e-07,8.344382735411107e-07,8.344335896275848e-07,8.34428905058747e-07,8.344242198370427e-07,8.344195339646953e-07,8.344148474441956e-07,8.344101602774561e-07,8.344054724665416e-07,8.344007840137335e-07,8.343960949215196e-07,8.343914051921251e-07,8.34386714827418e-07,8.343820238293273e-07,8.34377332201464e-07,8.343726399446817e-07,8.343679470608675e-07,8.34363253553116e-07,8.343585594232876e-07,8.343538646735819e-07,8.34349169306097e-07,8.343444733226178e-07,8.343397767256578e-07,8.343350795173368e-07,8.343303816997254e-07,8.343256832745578e-07,8.343209842446978e-07,8.343162846116442e-07,8.343115843780599e-07,8.343068835460274e-07,8.343021821164694e-07,8.342974800921254e-07,8.34292777475125e-07,8.342880742678907e-07,8.34283370471259e-07,8.342786660885709e-07,8.34273961121413e-07,8.342692555721336e-07,8.342645494418652e-07,8.342598427334137e-07,8.342551354486004e-07,8.342504275893365e-07,8.342457191576212e-07,8.342410101555002e-07,8.342363005852416e-07,8.342315904481926e-07,8.342268797464469e-07,8.342221684824943e-07,8.342174566582344e-07,8.342127442750582e-07,8.342080313352631e-07,8.342033178410015e-07,8.341986037938826e-07,8.341938891958164e-07,8.341891740490013e-07,8.341844583548682e-07,8.341797421158977e-07,8.341750253334853e-07,8.341703080099879e-07,8.341655901465874e-07,8.341608717456481e-07,8.34156152809333e-07,8.341514333392662e-07,8.341467133373355e-07,8.341419928052739e-07,8.341372717450513e-07,8.34132550158466e-07,8.341278280474023e-07,8.34123105413708e-07,8.341183822591581e-07,8.341136585854899e-07,8.341089343947386e-07,8.341042096887473e-07,8.3409948446874e-07,8.340947587374912e-07,8.340900324956272e-07,8.340853057462092e-07,8.340805784906328e-07,8.340758507303873e-07,8.34071122467309e-07,8.340663937031837e-07,8.340616644397351e-07,8.340569346788493e-07,8.340522044222249e-07,8.340474736716039e-07,8.340427424287221e-07,8.340380106953437e-07,8.340332784731269e-07,8.340285457638731e-07,8.340238125692475e-07,8.340190788910689e-07,8.340143447311663e-07,8.34009610090924e-07,8.340048749723494e-07,8.340001393767165e-07,8.339954033059543e-07,8.339906667619912e-07,8.339859297457097e-07,8.339811922596064e-07,8.339764543050603e-07,8.339717158835825e-07,8.339669769971109e-07,8.33962237647537e-07,8.33957497836028e-07,8.339527575642485e-07,8.33948016833879e-07,8.339432756472036e-07,8.339385340046411e-07,8.339337919085169e-07,8.339290493606645e-07,8.339243063627935e-07,8.339195629154325e-07,8.339148190208397e-07,8.33910074680669e-07,8.33905329896426e-07,8.339005846696311e-07,8.338958390020595e-07,8.338910928952418e-07,8.338863463504864e-07,8.33881599369797e-07,8.338768519545041e-07,8.338721041066294e-07,8.338673558270968e-07,8.338626071173778e-07,8.338578579792356e-07,8.338531084146151e-07,8.338483584242594e-07,8.338436080101046e-07,8.338388571737498e-07,8.338341059163169e-07,8.338293542398466e-07,8.338246021456787e-07,8.33819849635285e-07,8.338150967102172e-07,8.338103433719586e-07,8.338055896218136e-07,8.33800835461398e-07,8.33796080892282e-07,8.337913259161338e-07,8.337865705338521e-07,8.337818147471108e-07,8.337770585575425e-07,8.337723019672451e-07,8.337675449760205e-07,8.337627875862802e-07,8.337580297995532e-07,8.337532716173545e-07,8.337485130407731e-07,8.33743754071368e-07,8.337389947111026e-07,8.337342349602725e-07,8.337294748208411e-07,8.337247142942655e-07,8.337199533825184e-07,8.337151920865345e-07,8.337104304073242e-07,8.337056683461784e-07,8.33700905904621e-07,8.336961430845784e-07,8.336913798873012e-07,8.336866163139941e-07,8.336818523666928e-07,8.336770880454408e-07,8.336723233523303e-07,8.3366755828864e-07,8.336627928557853e-07,8.336580270557355e-07,8.336532608884562e-07,8.336484943557618e-07,8.336437274594912e-07,8.336389602009625e-07,8.33634192581265e-07,8.336294246019981e-07,8.336246562637451e-07,8.336198875680815e-07,8.336151185169395e-07,8.336103491113179e-07,8.336055793524768e-07,8.336008092415975e-07,8.335960387809182e-07,8.335912679698898e-07,8.335864968109171e-07,8.335817253052311e-07,8.335769534540384e-07,8.335721812585987e-07,8.335674087214354e-07,8.335626358413362e-07,8.335578626207274e-07,8.33553089061658e-07,8.335483151640712e-07,8.335435409298618e-07,8.335387663602363e-07,8.335339914564285e-07,8.335292162198904e-07,8.33524440652217e-07,8.335196647534079e-07,8.335148885253649e-07,8.335101119691996e-07,8.335053350863703e-07,8.335005578781472e-07,8.334957803456351e-07,8.334910024898105e-07,8.334862243121236e-07,8.334814458134817e-07,8.334766669955887e-07,8.334718878593482e-07,8.334671084059683e-07,8.334623286379798e-07,8.334575485534192e-07,8.334527681557727e-07,8.334479874456917e-07,8.334432064245123e-07,8.334384250931987e-07,8.334336434536897e-07,8.334288615058294e-07,8.334240792525487e-07,8.334192966926462e-07,8.334145138284843e-07,8.334097306612534e-07,8.334049471920109e-07,8.334001634219973e-07,8.333953793523621e-07,8.333905949840874e-07,8.333858103183387e-07,8.333810253569382e-07,8.33376240099733e-07,8.333714545485189e-07,8.333666687043169e-07,8.333618825683476e-07,8.333570961415807e-07,8.333523094252364e-07,8.333475224198961e-07,8.333427351276726e-07,8.333379475491645e-07,8.333331596853402e-07,8.333283715374399e-07,8.333235831064682e-07,8.333187943936077e-07,8.333140053997443e-07,8.333092161261544e-07,8.333044265738104e-07,8.332996367441892e-07,8.332948466375479e-07,8.332900562553037e-07,8.332852655987019e-07,8.332804746686097e-07,8.33275683465473e-07,8.332708919916276e-07,8.332661002475136e-07,8.332613082342317e-07,8.332565159526544e-07,8.332517234039845e-07,8.33246930589154e-07,8.332421375092291e-07,8.332373441651644e-07,8.332325505574393e-07,8.332277566883206e-07,8.332229625582407e-07,8.332181681680724e-07,8.332133735189538e-07,8.332085786118625e-07,8.332037834477817e-07,8.331989880276848e-07,8.331941923525967e-07,8.331893964235769e-07,8.331846002415524e-07,8.331798038075067e-07,8.331750071224544e-07,8.331702101873616e-07,8.331654130032322e-07,8.331606155709729e-07,8.331558178915943e-07,8.331510199660418e-07,8.331462217953577e-07,8.331414233804505e-07,8.331366247222974e-07,8.331318258218274e-07,8.331270266800355e-07,8.331222272978444e-07,8.331174276762404e-07,8.331126278160872e-07,8.331078277184415e-07,8.331030273842123e-07,8.330982268142281e-07,8.330934260095713e-07,8.33088624971096e-07,8.330838236997585e-07,8.330790221964834e-07,8.330742204622588e-07,8.330694184977696e-07,8.33064616304185e-07,8.330598138823799e-07,8.330550112331706e-07,8.330502083574488e-07,8.330454052562595e-07,8.330406019304753e-07,8.330357983808864e-07,8.330309946081317e-07,8.330261906137041e-07,8.330213863983004e-07,8.330165819627183e-07,8.330117773078833e-07,8.330069724346007e-07,8.330021673438112e-07,8.329973620363726e-07,8.329925565131875e-07,8.329877507750955e-07,8.329829448222351e-07,8.329781386570048e-07,8.329733322795532e-07,8.329685256906116e-07,8.329637188911155e-07,8.329589118819133e-07,8.32954104663979e-07,8.32949297238005e-07,8.32944489604845e-07,8.329396817653088e-07,8.329348737204584e-07,8.329300654709113e-07,8.329252570175691e-07,8.32920448361245e-07,8.32915639502796e-07,8.329108304423412e-07,8.329060211822398e-07,8.329012117224628e-07,8.328964020639206e-07,8.328915922074462e-07,8.328867821538389e-07,8.328819719038275e-07,8.328771614583358e-07,8.328723508179835e-07,8.328675399837105e-07,8.32862728956366e-07,8.32857917736788e-07,8.328531063254239e-07,8.328482947235539e-07,8.328434829316964e-07,8.328386709507571e-07,8.328338587815314e-07,8.328290464247072e-07,8.328242338811725e-07,8.328194211517214e-07,8.328146082370515e-07,8.328097951380169e-07,8.328049818554398e-07,8.328001683898454e-07,8.327953547421843e-07,8.327905409131876e-07,8.327857269037249e-07,8.327809127144084e-07,8.327760983460409e-07,8.3277128379948e-07,8.327664690753416e-07,8.3276165417447e-07,8.327568390975744e-07,8.327520238437003e-07,8.327472084170548e-07,8.327423928166483e-07,8.327375770417318e-07,8.327327610961437e-07,8.327279449788814e-07,8.327231286910134e-07,8.327183122326798e-07,8.327134956053061e-07,8.327086788092572e-07,8.32703861845425e-07,8.326990447144388e-07,8.326942274169964e-07,8.32689409953806e-07,8.326845923256518e-07,8.326797745333482e-07,8.326749565762143e-07,8.326701384574578e-07,8.326653201765751e-07,8.326605017342668e-07,8.326556831312133e-07,8.326508643681358e-07,8.326460454457842e-07,8.326412263647901e-07,8.326364071258864e-07,8.326315877297938e-07,8.326267681770927e-07,8.326219484686055e-07,8.326171286050985e-07,8.32612308586982e-07,8.32607488415101e-07,8.326026680901607e-07,8.32597847612765e-07,8.325930269836656e-07,8.325882062034734e-07,8.325833852730347e-07,8.32578564192716e-07,8.325737429633808e-07,8.325689215856947e-07,8.325641000602489e-07,8.325592783877533e-07,8.325544565689119e-07,8.325496346042626e-07,8.325448124945867e-07,8.325399902404666e-07,8.325351678426487e-07,8.325303453016931e-07,8.325255226180978e-07,8.325206997928937e-07,8.325158768263798e-07,8.325110537194597e-07,8.325062304726125e-07,8.325014070865761e-07,8.324965835618748e-07,8.324917598992769e-07,8.324869360993036e-07,8.324821121626681e-07,8.324772880898777e-07,8.324724638817175e-07,8.324676395387384e-07,8.32462815062264e-07,8.324579904505789e-07,8.32453165706894e-07,8.324483408309242e-07,8.324435158231655e-07,8.324386906842981e-07,8.32433865414932e-07,8.32429040014468e-07,8.324242144859268e-07,8.324193888289417e-07,8.324145630437133e-07,8.3240973713104e-07,8.324049110914703e-07,8.324000849258659e-07,8.323952586364624e-07,8.323904322198345e-07,8.323856056790459e-07,8.323807790143805e-07,8.323759522258781e-07,8.32371125315034e-07,8.323662982822362e-07,8.323614711277579e-07,8.323566438524834e-07,8.323518164567285e-07,8.323469889413127e-07,8.323421613065627e-07,8.323373335536512e-07,8.323325056822778e-07,8.323276776932647e-07,8.32322849587508e-07,8.323180213656141e-07,8.323131930278292e-07,8.323083645745372e-07,8.323035360068443e-07,8.322987073250774e-07,8.322938785298452e-07,8.322890496215645e-07,8.322842206010278e-07,8.322793914686362e-07,8.322745622249136e-07,8.322697328704662e-07,8.322649034078575e-07,8.322600738335245e-07,8.322552441503401e-07,8.322504143583884e-07,8.322455844584562e-07,8.322407544511253e-07,8.322359243368913e-07,8.32231094116269e-07,8.322262637899353e-07,8.322214333581067e-07,8.322166028216029e-07,8.322117721805622e-07,8.322069414360877e-07,8.322021105885831e-07,8.321972796383169e-07,8.32192448585935e-07,8.321876174319677e-07,8.321827861768242e-07,8.321779548207079e-07,8.321731233652052e-07,8.321682918100327e-07,8.321634601559558e-07,8.321586284033943e-07,8.321537965528401e-07,8.321489646046998e-07,8.321441325590496e-07,8.321393004176297e-07,8.321344681802457e-07,8.321296358475857e-07,8.321248034199604e-07,8.321199708979002e-07,8.321151382823725e-07,8.321103055729248e-07,8.321054727706076e-07,8.321006398759523e-07,8.320958068892513e-07,8.320909738111781e-07,8.320861406422838e-07,8.320813073846826e-07,8.320764740352653e-07,8.320716405965514e-07,8.320668070686913e-07,8.320619734523606e-07,8.320571397478715e-07,8.320523059559294e-07,8.320474720771742e-07,8.320426381116806e-07,8.32037804059819e-07,8.320329699230144e-07,8.320281357015819e-07,8.320233013945151e-07,8.320184670031359e-07,8.320136325282242e-07,8.320087979699516e-07,8.320039633290181e-07,8.319991286056607e-07,8.319942938012622e-07,8.319894589147265e-07,8.319846239471943e-07,8.319797888991791e-07,8.319749537710833e-07,8.319701185635396e-07,8.319652832766515e-07,8.31960447911164e-07,8.319556124677008e-07,8.319507769463901e-07,8.319459413478546e-07,8.319411056723649e-07,8.319362699207316e-07,8.319314340929948e-07,8.319265981888238e-07,8.319217622106415e-07,8.319169261578677e-07,8.319120900308126e-07,8.3190725382992e-07,8.319024175560412e-07,8.318975812090506e-07,8.318927447896401e-07,8.318879082982475e-07,8.318830717353906e-07,8.318782351004466e-07,8.31873398395957e-07,8.318685616208239e-07,8.318637247760363e-07,8.318588878617962e-07,8.318540508786974e-07,8.318492138269916e-07,8.318443767071224e-07,8.318395395196774e-07,8.318347022646261e-07,8.318298649441047e-07,8.318250275559468e-07,8.318201901027913e-07,8.318153525831161e-07,8.318105149989435e-07,8.318056773490676e-07,8.318008396349488e-07,8.317960018570379e-07,8.317911640154821e-07,8.317863261106961e-07,8.317814881430873e-07,8.317766501142117e-07,8.317718120225778e-07,8.317669738692996e-07,8.317621356549028e-07,8.317572973780658e-07,8.317524590426548e-07,8.317476206475071e-07,8.317427821915769e-07,8.317379436774166e-07,8.317331051045227e-07,8.317282664734858e-07,8.317234277848152e-07,8.31718589038191e-07,8.317137502345002e-07,8.317089113739368e-07,8.317040724570603e-07,8.316992334841839e-07,8.316943944534619e-07,8.316895553696978e-07,8.316847162312017e-07,8.316798770382395e-07,8.316750377911306e-07,8.316701984903791e-07,8.316653591360227e-07,8.316605197291616e-07,8.3165568026968e-07,8.316508407577403e-07,8.316460011939864e-07,8.316411615790435e-07,8.316363219130514e-07,8.316314821961905e-07,8.316266424290075e-07,8.31621802611228e-07,8.316169627448275e-07,8.316121228288011e-07,8.316072828640327e-07,8.316024428507183e-07,8.315976027892536e-07,8.315927626800917e-07,8.315879225233927e-07,8.315830823195893e-07,8.315782420691854e-07,8.315734017723573e-07,8.315685614296708e-07,8.315637210415232e-07,8.31558880606362e-07,8.315540401280545e-07,8.315491996051679e-07,8.315443590381464e-07,8.315395184272089e-07,8.315346777715279e-07,8.315298370738426e-07,8.31524996333437e-07,8.31520155550476e-07,8.315153147252261e-07,8.315104738569676e-07,8.31505632948774e-07,8.315007919994292e-07,8.31495951008492e-07,8.314911099777785e-07,8.314862689071216e-07,8.314814277966573e-07,8.314765866470583e-07,8.314717454584165e-07,8.314669042301958e-07,8.31462062963469e-07,8.314572216593429e-07,8.314523803175228e-07,8.314475389370976e-07,8.314426975209491e-07,8.314378560680629e-07,8.314330145788237e-07,8.314281730541468e-07,8.314233314929076e-07,8.314184898944067e-07,8.314136482629104e-07,8.314088065972298e-07,8.314039648957895e-07,8.313991231609694e-07,8.313942813924471e-07,8.313894395903678e-07,8.313845977551347e-07,8.313797558869503e-07,8.313749139870835e-07,8.31370072054322e-07,8.313652300896512e-07,8.313603880932432e-07,8.313555460653365e-07,8.313507040067079e-07,8.313458619177915e-07,8.31341019798198e-07,8.313361776487226e-07,8.313313354694663e-07,8.313264932606606e-07,8.313216510227647e-07,8.313168087561554e-07,8.313119664610464e-07,8.313071241375598e-07,8.313022817862606e-07,8.312974394075062e-07,8.312925970014659e-07,8.312877545692156e-07,8.31282912109366e-07,8.312780696238226e-07,8.312732271104681e-07,8.312683845704332e-07,8.312635420069941e-07,8.312586994191126e-07,8.312538568054172e-07,8.312490141671295e-07,8.312441715046494e-07,8.312393288178382e-07,8.312344861075825e-07,8.312296433739267e-07,8.312248006172776e-07,8.312199578360683e-07,8.312151150338946e-07,8.312102722112095e-07,8.312054293649076e-07,8.312005864968534e-07,8.311957436071157e-07,8.311909006963488e-07,8.311860577649097e-07,8.311812148111276e-07,8.311763718385737e-07,8.31171528846695e-07,8.311666858345352e-07,8.311618428028059e-07,8.311569997511356e-07,8.311521566813089e-07,8.311473135930385e-07,8.311424704860962e-07,8.311376273610798e-07,8.311327842184432e-07,8.311279410582148e-07,8.311230978807149e-07,8.31118254686354e-07,8.311134114753602e-07,8.311085682479173e-07,8.311037250042028e-07,8.310988817437789e-07,8.310940384683438e-07,8.310891951776616e-07,8.310843518718606e-07,8.310795085512341e-07,8.310746652161634e-07,8.310698218665131e-07,8.310649785027816e-07,8.310601351252506e-07,8.310552917349618e-07,8.310504483307274e-07,8.310456049148488e-07,8.310407614850668e-07,8.310359180425907e-07,8.310310745885786e-07,8.310262311218949e-07,8.310213876435234e-07,8.310165441534655e-07,8.310117006522871e-07,8.310068571403027e-07,8.310020136176794e-07,8.309971700845498e-07,8.309923265408742e-07,8.309874829871229e-07,8.30982639422582e-07,8.309777958497669e-07,8.309729522681237e-07,8.309681086763318e-07,8.309632650767848e-07,8.309584214690593e-07,8.309535778531137e-07,8.309487342291556e-07,8.309438905974925e-07,8.309390469584354e-07,8.309342033116145e-07,8.309293596582341e-07,8.309245159980872e-07,8.309196723314496e-07,8.30914828658531e-07,8.309099849795398e-07,8.309051412948464e-07,8.309002976046458e-07,8.308954539090424e-07,8.308906102073314e-07,8.308857665017932e-07,8.308809227912682e-07,8.308760790767571e-07,8.308712353580282e-07,8.308663916355153e-07,8.308615479093653e-07,8.308567041796373e-07,8.308518604467402e-07,8.308470167109317e-07,8.308421729722516e-07,8.308373292305243e-07,8.308324854871643e-07,8.308276417418922e-07,8.308227979946088e-07,8.308179542455362e-07,8.308131104951997e-07,8.308082667431698e-07,8.308034229915638e-07,8.307985792377907e-07,8.307937354851113e-07,8.307888917315279e-07,8.30784047977726e-07,8.307792042239342e-07,8.307743604713048e-07,8.307695167188275e-07,8.307646729670285e-07,8.307598292162976e-07,8.307549854667552e-07,8.307501417183146e-07,8.307452979719913e-07,8.307404542280083e-07,8.307356104857402e-07,8.307307667459751e-07,8.307259230088842e-07,8.307210792737754e-07,8.307162355416409e-07,8.30711391813405e-07,8.307065480885718e-07,8.307017043674835e-07,8.30696860650138e-07,8.30692016936073e-07,8.306871732271725e-07,8.306823295228144e-07,8.306774858230883e-07,8.306726421282119e-07,8.306677984384179e-07,8.306629547539541e-07,8.306581110750228e-07,8.30653267401924e-07,8.306484237345921e-07,8.306435800733572e-07,8.306387364186805e-07,8.306338927696284e-07,8.306290491280518e-07,8.306242054929235e-07,8.306193618654053e-07,8.306145182453678e-07,8.306096746328735e-07,8.306048310281128e-07,8.305999874307694e-07,8.305951438437607e-07,8.305903002636414e-07,8.305854566915587e-07,8.305806131285353e-07,8.305757695747529e-07,8.305709260296021e-07,8.305660824939419e-07,8.305612389683152e-07,8.305563954511329e-07,8.305515519447762e-07,8.305467084483999e-07,8.305418649623734e-07,8.30537021486836e-07,8.305321780217179e-07,8.305273345677152e-07,8.305224911248898e-07,8.305176476933485e-07,8.305128042730451e-07,8.305079608644094e-07,8.305031174676725e-07,8.304982740828697e-07,8.30493430710265e-07,8.304885873501836e-07,8.304837440025503e-07,8.304789006670128e-07,8.304740573449419e-07,8.304692140359737e-07,8.304643707404929e-07,8.304595274583168e-07,8.304546841899526e-07,8.304498409351965e-07,8.304449976946654e-07,8.30440154467812e-07,8.304353112561648e-07,8.304304680589691e-07,8.30425624876767e-07,8.304207817084083e-07,8.304159385560365e-07,8.304110954189576e-07,8.304062522972573e-07,8.304014091932667e-07,8.303965661026371e-07,8.303917230280707e-07,8.303868799701734e-07,8.303820369286469e-07,8.303771939035189e-07,8.303723508953284e-07,8.303675079035287e-07,8.303626649289979e-07,8.303578219719401e-07,8.303529790320005e-07,8.303481361099057e-07,8.30343293205704e-07,8.303384503191755e-07,8.303336074503972e-07,8.303287646002912e-07,8.303239217686576e-07,8.303190789556294e-07,8.303142361612713e-07,8.303093933859508e-07,8.303045506297247e-07,8.302997078926842e-07,8.302948651750699e-07,8.302900224770636e-07,8.302851797980623e-07,8.302803371399616e-07,8.302754945016908e-07,8.302706518827721e-07,8.302658092853881e-07,8.302609667089338e-07,8.30256124152908e-07,8.302512816177578e-07,8.302464391035284e-07,8.302415966106745e-07,8.30236754137373e-07,8.302319116873528e-07,8.302270692590765e-07,8.302222268528852e-07,8.302173844689241e-07,8.302125421069519e-07,8.302076997673191e-07,8.302028574504756e-07,8.301980151561263e-07,8.301931728845496e-07,8.301883306355911e-07,8.30183488410311e-07,8.301786462082758e-07,8.30173804029008e-07,8.301689618740541e-07,8.301641197428411e-07,8.30159277635672e-07,8.301544355525777e-07,8.301495934932237e-07,8.301447514587794e-07,8.301399094487801e-07,8.301350674636182e-07,8.301302255032696e-07,8.301253835679266e-07,8.301205416577702e-07,8.301156997729272e-07,8.301108579134059e-07,8.301060160796909e-07,8.301011742706731e-07,8.30096332488438e-07,8.300914907327528e-07,8.300866490027558e-07,8.300818072989015e-07,8.300769656217866e-07,8.300721239713919e-07,8.300672823476592e-07,8.300624407508934e-07,8.300575991813168e-07,8.300527576389754e-07,8.300479161262143e-07,8.300430746384698e-07,8.300382331783737e-07,8.300333917461535e-07,8.300285503422611e-07,8.300237089666521e-07,8.300188676189281e-07,8.300140262988118e-07,8.30009185007754e-07,8.300043437450863e-07,8.299995025115267e-07,8.29994661307e-07,8.299898201321893e-07,8.299849789859147e-07,8.29980137869037e-07,8.299752967816057e-07,8.299704557238159e-07,8.299656146957176e-07,8.299607736976476e-07,8.299559327306695e-07,8.299510917928015e-07,8.299462508852593e-07,8.299414100082322e-07,8.299365691622894e-07,8.299317283465452e-07,8.299268875616102e-07,8.299220468077212e-07,8.299172060849647e-07,8.29912365393773e-07,8.299075247336515e-07,8.299026841050605e-07,8.2989784351061e-07,8.298930029455204e-07,8.29888162411203e-07,8.298833219103977e-07,8.298784814418956e-07,8.29873641005345e-07,8.298688006016332e-07,8.298639602301842e-07,8.298591198915127e-07,8.29854279585606e-07,8.298494393128539e-07,8.298445990730347e-07,8.298397588664595e-07,8.29834918694282e-07,8.298300785546132e-07,8.298252384485689e-07,8.298203983762894e-07,8.298155583376767e-07,8.298107183331409e-07,8.298058783628372e-07,8.298010384267794e-07,8.297961985251162e-07,8.297913586579682e-07,8.297865188254748e-07,8.297816790277388e-07,8.297768392648328e-07,8.297719995373147e-07,8.297671598445777e-07,8.297623201870547e-07,8.297574805648773e-07,8.297526409784846e-07,8.297478014275144e-07,8.29742961912262e-07,8.297381224328937e-07,8.297332829895092e-07,8.29728443582252e-07,8.297236042112196e-07,8.297187648767226e-07,8.297139255781953e-07,8.297090863168305e-07,8.297042470920313e-07,8.296994079041917e-07,8.296945687530829e-07,8.296897296391088e-07,8.296848905633122e-07,8.296800515235619e-07,8.296752125213782e-07,8.296703735567653e-07,8.296655346298875e-07,8.296606957411583e-07,8.296558568924326e-07,8.296510180795308e-07,8.296461793043796e-07,8.296413405662953e-07,8.296365018677282e-07,8.296316632073008e-07,8.296268245858138e-07,8.296219860032798e-07,8.296171474608844e-07,8.296123089557029e-07,8.296074704896488e-07,8.296026320626047e-07,8.295977936752535e-07,8.295929553266539e-07,8.29588117017745e-07,8.295832787493267e-07,8.295784405197821e-07,8.295736023301253e-07,8.295687641803195e-07,8.2956392607056e-07,8.295590880014572e-07,8.295542499721419e-07,8.295494119832884e-07,8.295445740350071e-07,8.295397361271779e-07,8.295348982599366e-07,8.295300604335834e-07,8.295252226480234e-07,8.295203849037565e-07,8.295155472005036e-07,8.295107095401917e-07,8.295058719198203e-07,8.295010343432258e-07,8.294961968055373e-07,8.294913593095492e-07,8.29486521855282e-07,8.294816844428944e-07,8.294768470748386e-07,8.294720097466127e-07,8.294671724605443e-07,8.294623352193268e-07,8.294574980179615e-07,8.294526608590925e-07,8.294478237428626e-07,8.294429866690957e-07,8.294381496375266e-07,8.294333126497882e-07,8.294284757050058e-07,8.294236388037078e-07,8.294188019456998e-07,8.294139651306068e-07,8.294091283589288e-07,8.294042916326976e-07,8.293994549479007e-07,8.293946183071716e-07,8.293897817101877e-07,8.293849451571185e-07,8.293801086505152e-07,8.293752721872145e-07,8.293704357665424e-07,8.293655993915682e-07,8.293607630612782e-07,8.293559267739801e-07,8.293510905313116e-07,8.293462543334131e-07,8.293414181800585e-07,8.293365820718613e-07,8.293317460100706e-07,8.293269099919567e-07,8.293220740195092e-07,8.29317238091986e-07,8.29312402209387e-07,8.293075663727199e-07,8.293027305817732e-07,8.292978948362546e-07,8.292930591380088e-07,8.292882234865257e-07,8.292833878815763e-07,8.292785523191069e-07,8.292737168037428e-07,8.292688813350108e-07,8.292640459122216e-07,8.292592105362426e-07,8.292543752069167e-07,8.292495399237961e-07,8.292447046873336e-07,8.292398694977911e-07,8.292350343552374e-07,8.292301992590176e-07,8.292253642103775e-07,8.292205292089724e-07,8.292156942548451e-07,8.292108593481812e-07,8.292060244889531e-07,8.292011896772008e-07,8.291963549131101e-07,8.291915201968037e-07,8.291866855285852e-07,8.291818509080219e-07,8.291770163354657e-07,8.291721818113789e-07,8.291673473351079e-07,8.291625129071202e-07,8.291576785278816e-07,8.291528441967424e-07,8.29148009914941e-07,8.291431756809349e-07,8.291383414956664e-07,8.291335073592404e-07,8.291286732717543e-07,8.291238392332626e-07,8.291190052441902e-07,8.291141713042892e-07,8.291093374139876e-07,8.291045035696886e-07,8.290996697773839e-07,8.290948360341251e-07,8.290900023423209e-07,8.290851686987043e-07,8.290803351048761e-07,8.290755015612057e-07,8.290706680656674e-07,8.290658346216885e-07,8.29061001228099e-07,8.290561678839751e-07,8.290513345892307e-07,8.290465013466525e-07,8.290416681539616e-07,8.290368350121999e-07,8.290320019202416e-07,8.290271688796159e-07,8.290223358898707e-07,8.29017502951681e-07,8.290126700633064e-07,8.290078372259435e-07,8.290030044397559e-07,8.289981717048053e-07,8.289933390210553e-07,8.289885063888147e-07,8.289836738078954e-07,8.289788412784095e-07,8.289740088005816e-07,8.28969176373244e-07,8.289643439990373e-07,8.289595116765928e-07,8.289546794058716e-07,8.289498471876776e-07,8.289450150212773e-07,8.2894018290625e-07,8.289353508437938e-07,8.289305188339608e-07,8.2892568687606e-07,8.289208549706837e-07,8.289160231180195e-07,8.289111913188021e-07,8.289063595713276e-07,8.289015278786522e-07,8.28896696236731e-07,8.288918646491947e-07,8.288870331133398e-07,8.288822016304131e-07,8.288773702006613e-07,8.2887253882431e-07,8.288677075023022e-07,8.288628762328544e-07,8.288580450165193e-07,8.288532138518875e-07,8.288483827428427e-07,8.288435516868528e-07,8.288387206873763e-07,8.288338897405599e-07,8.288290588465217e-07,8.288242280068903e-07,8.288193972207783e-07,8.288145664899219e-07,8.288097358122611e-07,8.288049051888746e-07,8.288000746205017e-07,8.287952441057528e-07,8.28790413646075e-07,8.287855832411346e-07,8.287807528903933e-07,8.28775922595551e-07,8.287710923541911e-07,8.287662621671626e-07,8.287614320357245e-07,8.287566019604876e-07,8.287517719389937e-07,8.287469419729247e-07,8.287421120612448e-07,8.287372822057246e-07,8.287324524052766e-07,8.287276226603237e-07,8.28722792970898e-07,8.287179633368095e-07,8.287131337587105e-07,8.28708304236927e-07,8.287034747704963e-07,8.28698645359482e-07,8.286938160038162e-07,8.286889867052939e-07,8.286841574617002e-07,8.28679328274914e-07,8.286744991454592e-07,8.286696700711717e-07,8.286648410529912e-07,8.286600120930548e-07,8.286551831880727e-07,8.286503543411187e-07,8.286455255482752e-07,8.286406968121687e-07,8.286358681336191e-07,8.286310395121528e-07,8.286262109475872e-07,8.286213824398831e-07,8.286165539875211e-07,8.286117255926141e-07,8.286068972562635e-07,8.286020689764733e-07,8.285972407545642e-07,8.285924125898125e-07,8.285875844826666e-07,8.285827564331096e-07,8.285779284409111e-07,8.285731005065051e-07,8.285682726297947e-07,8.28563444809642e-07,8.285586170485108e-07,8.285537893451729e-07,8.285489616998717e-07,8.285441341125837e-07,8.285393065835577e-07,8.285344791123908e-07,8.285296516993399e-07,8.285248243449659e-07,8.285199970483153e-07,8.285151698117655e-07,8.285103426315464e-07,8.285055155104777e-07,8.285006884474997e-07,8.284958614437623e-07,8.284910344990534e-07,8.284862076127114e-07,8.284813807861752e-07,8.284765540170629e-07,8.284717273086279e-07,8.28466900657467e-07,8.284620740660867e-07,8.284572475337631e-07,8.284524210621415e-07,8.284475946477653e-07,8.284427682936498e-07,8.284379419980683e-07,8.284331157622862e-07,8.284282895862492e-07,8.284234634707924e-07,8.284186374151284e-07,8.284138114182427e-07,8.284089854807947e-07,8.284041596032197e-07,8.283993337842324e-07,8.283945080258938e-07,8.283896823280904e-07,8.283848566896519e-07,8.283800311119193e-07,8.283752055945727e-07,8.28370380137467e-07,8.283655547405116e-07,8.283607294040839e-07,8.283559041274518e-07,8.283510789103795e-07,8.283462537537878e-07,8.283414286585862e-07,8.283366036248004e-07,8.283317786517192e-07,8.283269537405574e-07,8.28322128888736e-07,8.283173040981204e-07,8.283124793688551e-07,8.283076547001707e-07,8.283028300902455e-07,8.282980055443798e-07,8.282931810581477e-07,8.282883566335092e-07,8.282835322708145e-07,8.282787079690723e-07,8.282738837294412e-07,8.282690595506022e-07,8.282642354345664e-07,8.28259411378063e-07,8.282545873840891e-07,8.282497634512104e-07,8.282449395806682e-07,8.282401157719564e-07,8.282352920249818e-07,8.282304683394852e-07,8.282256447164556e-07,8.282208211557651e-07,8.282159976563032e-07,8.282111742194891e-07,8.282063508442942e-07,8.282015275311487e-07,8.281967042804374e-07,8.281918810926357e-07,8.281870579673554e-07,8.281822349053244e-07,8.281774119032953e-07,8.281725889654684e-07,8.281677660906955e-07,8.281629432781778e-07,8.281581205282077e-07,8.281532978410086e-07,8.281484752162597e-07,8.281436526552244e-07,8.281388301567391e-07,8.281340077213166e-07,8.281291853487165e-07,8.281243630391976e-07,8.28119540792964e-07,8.28114718610015e-07,8.281098964897243e-07,8.28105074433515e-07,8.281002524403198e-07,8.280954305106508e-07,8.280906086434193e-07,8.280857868407645e-07,8.280809651009458e-07,8.280761434254315e-07,8.280713218135318e-07,8.280665002653172e-07,8.280616787801623e-07,8.280568573588458e-07,8.280520360015974e-07,8.280472147072627e-07,8.28042393478199e-07,8.280375723131336e-07,8.280327512125632e-07,8.28027930175483e-07,8.28023109203084e-07,8.280182882952494e-07,8.280134674512994e-07,8.280086466703908e-07,8.280038259556869e-07,8.279990053041636e-07,8.279941847176548e-07,8.279893641973675e-07,8.279845437400716e-07,8.279797233473943e-07,8.279749030188009e-07,8.279700827552473e-07,8.279652625567502e-07,8.279604424228175e-07,8.279556223538862e-07,8.279508023501744e-07,8.279459824113467e-07,8.279411625370933e-07,8.279363427277554e-07,8.279315229839094e-07,8.279267033044918e-07,8.279218836904304e-07,8.279170641420699e-07,8.279122446589934e-07,8.279074252408418e-07,8.279026058906979e-07,8.278977866040304e-07,8.278929673821947e-07,8.278881482268444e-07,8.278833291359952e-07,8.278785101108269e-07,8.278736911508098e-07,8.27868872258092e-07,8.278640534307179e-07,8.278592346683515e-07,8.27854415972765e-07,8.278495973428937e-07,8.278447787790101e-07,8.278399602801944e-07,8.278351418483663e-07,8.278303234826825e-07,8.278255051828093e-07,8.278206869494624e-07,8.278158687822815e-07,8.278110506812303e-07,8.278062326465366e-07,8.278014146784958e-07,8.277965967755537e-07,8.27791778940303e-07,8.27786961171363e-07,8.277821434684713e-07,8.277773258327094e-07,8.277725082630262e-07,8.277676907588806e-07,8.277628733229904e-07,8.277580559553772e-07,8.277532386531685e-07,8.277484214181171e-07,8.277436042482957e-07,8.277387871462675e-07,8.277339701117922e-07,8.277291531443496e-07,8.277243362439641e-07,8.277195194110341e-07,8.277147026448841e-07,8.277098859459415e-07,8.277050693140266e-07,8.27700252749142e-07,8.276954362519622e-07,8.276906198218114e-07,8.276858034595258e-07,8.276809871647112e-07,8.276761709373895e-07,8.276713547781748e-07,8.276665386859178e-07,8.276617226612352e-07,8.276569067043087e-07,8.276520908145963e-07,8.276472749937977e-07,8.276424592394227e-07,8.276376435541025e-07,8.276328279383681e-07,8.276280123884817e-07,8.276231969065856e-07,8.276183814926205e-07,8.276135661468704e-07,8.276087508687544e-07,8.276039356579036e-07,8.275991205163953e-07,8.275943054431115e-07,8.275894904379213e-07,8.275846755012471e-07,8.275798606330279e-07,8.275750458330682e-07,8.275702311012722e-07,8.275654164383971e-07,8.275606018429916e-07,8.275557873168871e-07,8.275509728596407e-07,8.275461584703805e-07,8.27541344150651e-07,8.275365298989597e-07,8.2753171571522e-07,8.27526901601778e-07,8.27522087557823e-07,8.275172735812425e-07,8.275124596731763e-07,8.275076458347329e-07,8.275028320652545e-07,8.274980183652927e-07,8.274932047339381e-07,8.2748839117187e-07,8.274835776797551e-07,8.274787642557139e-07,8.274739509009198e-07,8.274691376148322e-07,8.274643243985232e-07,8.274595112517287e-07,8.274546981739955e-07,8.274498851676859e-07,8.274450722291382e-07,8.274402593599773e-07,8.274354465604191e-07,8.274306338304824e-07,8.274258211698362e-07,8.274210085791048e-07,8.274161960573825e-07,8.274113836061243e-07,8.274065712245374e-07,8.274017589128679e-07,8.273969466705924e-07,8.273921344990082e-07,8.27387322395494e-07,8.273825103633351e-07,8.273776984021388e-07,8.27372886509352e-07,8.273680746873709e-07,8.273632629353117e-07,8.273584512533742e-07,8.273536396418659e-07,8.273488281002343e-07,8.273440166282738e-07,8.273392052274381e-07,8.273343938972201e-07,8.273295826368562e-07,8.27324771447003e-07,8.273199603281652e-07,8.273151492790952e-07,8.273103383003884e-07,8.273055273923424e-07,8.273007165548504e-07,8.272959057878936e-07,8.2729109509074e-07,8.272862844650463e-07,8.272814739102084e-07,8.272766634262625e-07,8.272718530130837e-07,8.27267042670365e-07,8.272622323987215e-07,8.272574221982191e-07,8.272526120684475e-07,8.272478020092841e-07,8.272429920215414e-07,8.272381821046737e-07,8.272333722591392e-07,8.272285624862234e-07,8.272237527817433e-07,8.272189431502367e-07,8.272141335896879e-07,8.272093240995389e-07,8.272045146809457e-07,8.271997053338893e-07,8.27194896058729e-07,8.271900868549955e-07,8.271852777219789e-07,8.271804686603425e-07,8.271756596700229e-07,8.271708507524845e-07,8.271660419054799e-07,8.271612331306475e-07,8.271564244268651e-07,8.271516157947043e-07,8.271468072342339e-07,8.271419987454539e-07,8.271371903284255e-07,8.27132381983273e-07,8.271275737098652e-07,8.271227655083788e-07,8.271179573789672e-07,8.271131493213084e-07,8.271083413354019e-07,8.271035334214352e-07,8.2709872557968e-07,8.270939178099305e-07,8.270891101124052e-07,8.270843024869898e-07,8.270794949337355e-07,8.270746874526359e-07,8.270698800433876e-07,8.270650727067594e-07,8.270602654426918e-07,8.270554582498921e-07,8.270506511296748e-07,8.270458440815998e-07,8.27041037106722e-07,8.270362302043042e-07,8.270314233744003e-07,8.270266166162612e-07,8.270218099314085e-07,8.270170033181776e-07,8.270121967785392e-07,8.270073903120216e-07,8.270025839174144e-07,8.269977775951663e-07,8.269929713462868e-07,8.269881651702424e-07,8.269833590668916e-07,8.269785530371262e-07,8.269737470792484e-07,8.269689411947236e-07,8.269641353829422e-07,8.269593296439263e-07,8.269545239760386e-07,8.269497183830241e-07,8.269449128634104e-07,8.269401074157063e-07,8.269353020418726e-07,8.269304967411934e-07,8.269256915132812e-07,8.269208863598638e-07,8.269160812787801e-07,8.26911276271332e-07,8.269064713357238e-07,8.26901666474817e-07,8.26896861687324e-07,8.268920569731565e-07,8.26887252332484e-07,8.268824477645267e-07,8.26877643271379e-07,8.268728388512074e-07,8.268680345040142e-07,8.26863230230661e-07,8.268584260311801e-07,8.268536219048157e-07,8.268488178525156e-07,8.268440138743543e-07,8.268392099703334e-07,8.268344061396352e-07,8.268296023825603e-07,8.268247986992078e-07,8.268199950893053e-07,8.268151915535347e-07,8.268103880918342e-07,8.268055847037448e-07,8.268007813899156e-07,8.267959781488609e-07,8.267911749829831e-07,8.26786371890133e-07,8.267815688761113e-07,8.267767659325788e-07,8.267719630622467e-07,8.267671602673299e-07,8.267623575462412e-07,8.267575548987149e-07,8.267527523261034e-07,8.267479498297399e-07,8.267431474057184e-07,8.267383450560442e-07,8.267335427805754e-07,8.267287405795626e-07,8.267239384528053e-07,8.267191363999952e-07,8.26714334422448e-07,8.267095325190851e-07,8.267047306902041e-07,8.26699928936296e-07,8.26695127257119e-07,8.266903256523309e-07,8.266855241203228e-07,8.266807226662234e-07,8.266759212855376e-07,8.266711199794291e-07,8.266663187498889e-07,8.266615175931191e-07,8.266567165114232e-07,8.266519155043317e-07,8.266471145740525e-07,8.266423137174448e-07,8.266375129353405e-07,8.266327122279425e-07,8.26627911595758e-07,8.266231110382723e-07,8.266183105561173e-07,8.266135101489636e-07,8.266087098169478e-07,8.266039095590209e-07,8.265991093767251e-07,8.265943092711902e-07,8.265895092377219e-07,8.265847092812729e-07,8.265799094013521e-07,8.265751095996342e-07,8.265703098698672e-07,8.265655102140116e-07,8.265607106328624e-07,8.26555911127696e-07,8.265511116982617e-07,8.265463123448096e-07,8.265415130669201e-07,8.265367138644487e-07,8.265319147374863e-07,8.265271156861507e-07,8.265223167105661e-07,8.26517517810416e-07,8.265127189863972e-07,8.265079202375367e-07,8.26503121565269e-07,8.264983229677156e-07,8.264935244455842e-07,8.264887260004308e-07,8.264839276277801e-07,8.264791293319395e-07,8.264743311134709e-07,8.264695329706352e-07,8.264647349032405e-07,8.264599369117108e-07,8.264551389952583e-07,8.264503411563031e-07,8.26445543394448e-07,8.264407457074855e-07,8.264359480964945e-07,8.264311505611153e-07,8.264263531024449e-07,8.26421555718854e-07,8.264167584112616e-07,8.264119611808572e-07,8.264071640273337e-07,8.264023669493855e-07,8.263975699458545e-07,8.263927730201889e-07,8.263879761708075e-07,8.263831793980203e-07,8.263783827016214e-07,8.263735860806827e-07,8.263687895400113e-07,8.26363993073758e-07,8.263591966828075e-07,8.263544003679211e-07,8.263496041297005e-07,8.263448079681133e-07,8.263400118834871e-07,8.263352158749778e-07,8.263304199428336e-07,8.263256240860705e-07,8.263208283065273e-07,8.26316032603561e-07,8.263112369782444e-07,8.263064414287195e-07,8.263016459569153e-07,8.262968505614241e-07,8.262920552422267e-07,8.262872599994066e-07,8.262824648332521e-07,8.26277669744624e-07,8.262728747334406e-07,8.262680797998891e-07,8.262632849435649e-07,8.26258490163284e-07,8.262536954617011e-07,8.262489008361437e-07,8.262441062855755e-07,8.262393118129972e-07,8.262345174173723e-07,8.262297231000876e-07,8.262249288592238e-07,8.262201346959516e-07,8.262153406092767e-07,8.262105465997712e-07,8.262057526676055e-07,8.262009588122287e-07,8.261961650343589e-07,8.261913713338117e-07,8.261865777105869e-07,8.261817841628275e-07,8.261769906933613e-07,8.261721973015363e-07,8.261674039875648e-07,8.261626107491297e-07,8.261578175901557e-07,8.26153024508672e-07,8.26148231504003e-07,8.261434385774428e-07,8.261386457279237e-07,8.261338529572763e-07,8.26129060263523e-07,8.261242676458353e-07,8.261194751072779e-07,8.261146826462166e-07,8.261098902624683e-07,8.261050979555211e-07,8.261003057266912e-07,8.260955135765406e-07,8.26090721504024e-07,8.260859295089671e-07,8.260811375920127e-07,8.260763457529342e-07,8.2607155399121e-07,8.260667623088067e-07,8.260619707034097e-07,8.260571791758234e-07,8.260523877256247e-07,8.260475963524304e-07,8.260428050584694e-07,8.260380138423694e-07,8.260332227026709e-07,8.260284316413629e-07,8.260236406595797e-07,8.260188497560837e-07,8.260140589284986e-07,8.260092681807193e-07,8.26004477509453e-07,8.259996869183267e-07,8.259948964055579e-07,8.259901059703459e-07,8.259853156135451e-07,8.259805253362148e-07,8.259757351358497e-07,8.259709450147726e-07,8.259661549714866e-07,8.259613650065916e-07,8.25956575119377e-07,8.259517853105397e-07,8.259469955807104e-07,8.259422059295222e-07,8.259374163579917e-07,8.259326268632227e-07,8.25927837447171e-07,8.25923048109692e-07,8.259182588491475e-07,8.259134696688496e-07,8.259086805679882e-07,8.259038915453715e-07,8.258991025998424e-07,8.258943137328435e-07,8.258895249454664e-07,8.258847362367317e-07,8.258799476088008e-07,8.258751590582055e-07,8.25870370585135e-07,8.258655821904991e-07,8.258607938756199e-07,8.258560056389965e-07,8.258512174809436e-07,8.258464294024887e-07,8.258416414025247e-07,8.25836853481321e-07,8.258320656393801e-07,8.258272778763902e-07,8.258224901922649e-07,8.258177025872912e-07,8.258129150608192e-07,8.258081276130132e-07,8.258033402455748e-07,8.25798552956378e-07,8.257937657463955e-07,8.257889786154598e-07,8.257841915630266e-07,8.257794045903173e-07,8.25774617696866e-07,8.257698308824327e-07,8.25765044147264e-07,8.257602574911996e-07,8.257554709127121e-07,8.257506844152004e-07,8.257458979968901e-07,8.257411116570955e-07,8.257363253961317e-07,8.257315392169883e-07,8.257267531154103e-07,8.257219670936622e-07,8.257171811514433e-07,8.257123952882754e-07,8.257076095048638e-07,8.257028238007438e-07,8.25698038176184e-07,8.256932526310727e-07,8.256884671654315e-07,8.256836817792938e-07,8.256788964721656e-07,8.25674111245054e-07,8.256693260983299e-07,8.256645410302924e-07,8.256597560410901e-07,8.256549711322484e-07,8.256501863039108e-07,8.25645401554561e-07,8.256406168848909e-07,8.256358322949234e-07,8.256310477845688e-07,8.256262633535076e-07,8.2562147900268e-07,8.256166947323139e-07,8.25611910541253e-07,8.256071264294572e-07,8.256023423960458e-07,8.255975584442937e-07,8.255927745708809e-07,8.255879907789881e-07,8.255832070655427e-07,8.255784234331137e-07,8.255736398809196e-07,8.255688564087912e-07,8.255640730173709e-07,8.255592897051792e-07,8.255545064737629e-07,8.255497233216724e-07,8.255449402482226e-07,8.255401572562157e-07,8.25535374344109e-07,8.255305915122645e-07,8.255258087605797e-07,8.255210260890888e-07,8.255162434983259e-07,8.255114609852824e-07,8.255066785543608e-07,8.255018962039038e-07,8.254971139315835e-07,8.254923317411967e-07,8.254875496316977e-07,8.254827676020945e-07,8.254779856527103e-07,8.254732037837027e-07,8.254684219953073e-07,8.254636402864304e-07,8.254588586592296e-07,8.254540771099618e-07,8.254492956427361e-07,8.254445142561158e-07,8.254397329495349e-07,8.254349517207783e-07,8.254301705753281e-07,8.254253895105712e-07,8.254206085263261e-07,8.254158276226289e-07,8.254110467991893e-07,8.254062660566677e-07,8.254014853946146e-07,8.253967048132867e-07,8.253919243119947e-07,8.253871438924348e-07,8.25382363553093e-07,8.253775832944821e-07,8.253728031165008e-07,8.253680230194041e-07,8.253632430023383e-07,8.253584630666097e-07,8.253536832115135e-07,8.253489034372123e-07,8.253441237425857e-07,8.253393441299007e-07,8.253345645962464e-07,8.253297851452631e-07,8.253250057749667e-07,8.2532022648584e-07,8.253154472773997e-07,8.253106681501135e-07,8.253058891037506e-07,8.253011101379127e-07,8.252963312535231e-07,8.252915524498282e-07,8.252867737267724e-07,8.252819950849021e-07,8.252772165242705e-07,8.252724380446541e-07,8.252676596465981e-07,8.252628813295085e-07,8.252581030935338e-07,8.252533249382212e-07,8.25248546864791e-07,8.252437688722509e-07,8.252389909608738e-07,8.252342131303458e-07,8.252294353812538e-07,8.252246577133609e-07,8.252198801268438e-07,8.252151026215829e-07,8.252103251979711e-07,8.252055478551892e-07,8.252007705938058e-07,8.251959934135772e-07,8.251912163147842e-07,8.251864392974786e-07,8.251816623613363e-07,8.251768855070577e-07,8.251721087343026e-07,8.251673320411693e-07,8.251625554305603e-07,8.2515777889957e-07,8.251530024520164e-07,8.251482260854286e-07,8.251434498010027e-07,8.251386735980278e-07,8.25133897476584e-07,8.251291214362832e-07,8.25124345476518e-07,8.251195695998389e-07,8.251147938047708e-07,8.251100180911951e-07,8.251052424599101e-07,8.251004669097235e-07,8.250956914410215e-07,8.250909160537986e-07,8.250861407488714e-07,8.250813655253621e-07,8.250765903835957e-07,8.250718153236205e-07,8.250670403447289e-07,8.25062265448184e-07,8.250574906319757e-07,8.25052715898871e-07,8.250479412476582e-07,8.250431666784556e-07,8.250383921904273e-07,8.250336177848773e-07,8.250288434612675e-07,8.250240692192986e-07,8.25019295059314e-07,8.250145209814179e-07,8.250097469853838e-07,8.250049730713826e-07,8.25000199239191e-07,8.249954254892414e-07,8.249906518212756e-07,8.24985878234999e-07,8.249811047310476e-07,8.249763313090425e-07,8.249715579685184e-07,8.249667847090505e-07,8.249620115339562e-07,8.249572384403219e-07,8.24952465428868e-07,8.249476924995662e-07,8.249429196523871e-07,8.249381468874235e-07,8.249333742034403e-07,8.249286016028938e-07,8.249238290845122e-07,8.249190566484012e-07,8.249142842943978e-07,8.249095120227447e-07,8.249047398335305e-07,8.248999677260146e-07,8.248951957010602e-07,8.248904237584217e-07,8.248856518982555e-07,8.248808801198972e-07,8.248761084243093e-07,8.248713368113525e-07,8.248665652806005e-07,8.248617938322585e-07,8.248570224664098e-07,8.248522511824523e-07,8.248474799815562e-07,8.248427088630116e-07,8.248379378268821e-07,8.248331668711389e-07,8.2482839600003e-07,8.248236252111858e-07,8.248188545049537e-07,8.248140838824197e-07,8.248093133415789e-07,8.248045428839511e-07,8.247997725087079e-07,8.247950022146594e-07,8.247902320032288e-07,8.247854618756719e-07,8.247806918306263e-07,8.247759218680499e-07,8.24771151988054e-07,8.247663821909311e-07,8.247616124762709e-07,8.247568428448187e-07,8.247520732960136e-07,8.247473038299831e-07,8.247425344456276e-07,8.247377651451131e-07,8.247329959273598e-07,8.247282267924452e-07,8.247234577404198e-07,8.247186887711129e-07,8.24713919883959e-07,8.247091510798679e-07,8.247043823592795e-07,8.246996137208586e-07,8.24694845165333e-07,8.246900766934394e-07,8.246853083034355e-07,8.246805399974037e-07,8.246757717749202e-07,8.246710036347094e-07,8.246662355776024e-07,8.246614676034195e-07,8.246566997123617e-07,8.246519319045082e-07,8.246471641798407e-07,8.246423965371931e-07,8.246376289782395e-07,8.246328615024773e-07,8.246280941098072e-07,8.246233268018094e-07,8.246185595747653e-07,8.246137924312839e-07,8.24609025369255e-07,8.246042583919049e-07,8.245994914981815e-07,8.245947246875172e-07,8.245899579575269e-07,8.245851913128883e-07,8.245804247520154e-07,8.245756582737799e-07,8.245708918789651e-07,8.245661255682006e-07,8.245613593403238e-07,8.245565931958206e-07,8.24551827134521e-07,8.245470611567016e-07,8.245422952620057e-07,8.245375294503025e-07,8.245327637219419e-07,8.245279980771024e-07,8.245232325161803e-07,8.245184670385628e-07,8.245137016441005e-07,8.245089363333809e-07,8.245041711056507e-07,8.244994059617588e-07,8.244946409012029e-07,8.244898759243799e-07,8.244851110310175e-07,8.244803462218149e-07,8.244755814950867e-07,8.244708168522702e-07,8.244660522930802e-07,8.244612878182631e-07,8.244565234254438e-07,8.244517591169727e-07,8.244469948915032e-07,8.244422307500286e-07,8.244374666928712e-07,8.244327027193045e-07,8.244279388285397e-07,8.244231750219283e-07,8.244184112989104e-07,8.244136476588549e-07,8.244088841035657e-07,8.244041206319694e-07,8.24399357243877e-07,8.243945939389756e-07,8.243898307183657e-07,8.243850675814712e-07,8.243803045289229e-07,8.243755415597032e-07,8.243707786742578e-07,8.243660158727248e-07,8.243612531549839e-07,8.243564905214609e-07,8.243517279712655e-07,8.243469655050678e-07,8.243422031234159e-07,8.243374408261209e-07,8.243326786109967e-07,8.243279164808154e-07,8.243231544344155e-07,8.243183924717562e-07,8.243136305932378e-07,8.243088687983474e-07,8.243041070881547e-07,8.242993454612433e-07,8.24294583918963e-07,8.242898224607205e-07,8.242850610861514e-07,8.242802997952768e-07,8.242755385881002e-07,8.242707774659203e-07,8.242660164282799e-07,8.242612554739977e-07,8.242564946036709e-07,8.242517338169953e-07,8.242469731155459e-07,8.242422124975091e-07,8.242374519633751e-07,8.242326915139421e-07,8.242279311486812e-07,8.242231708678208e-07,8.242184106714764e-07,8.242136505579862e-07,8.24208890529458e-07,8.242041305850914e-07,8.241993707251799e-07,8.241946109489222e-07,8.241898512580918e-07,8.241850916502172e-07,8.241803321267401e-07,8.241755726886386e-07,8.241708133341033e-07,8.241660540643117e-07,8.24161294878747e-07,8.241565357776629e-07,8.241517767609521e-07,8.241470178286349e-07,8.24142258980443e-07,8.241375002165356e-07,8.241327415368328e-07,8.241279829419984e-07,8.241232244317697e-07,8.24118466006012e-07,8.241137076647157e-07,8.241089494076061e-07,8.241041912352993e-07,8.240994331483051e-07,8.240946751449886e-07,8.240899172261974e-07,8.240851593919462e-07,8.24080401642487e-07,8.240756439774109e-07,8.240708863964021e-07,8.24066128899786e-07,8.240613714882409e-07,8.240566141612826e-07,8.240518569187243e-07,8.240470997614708e-07,8.240423426882019e-07,8.240375856999615e-07,8.240328287963971e-07,8.240280719772858e-07,8.240233152426838e-07,8.240185585925533e-07,8.240138020265468e-07,8.240090455455179e-07,8.240042891506856e-07,8.239995328404312e-07,8.239947766145694e-07,8.239900204734824e-07,8.239852644165969e-07,8.239805084448839e-07,8.239757525579432e-07,8.23970996755751e-07,8.239662410384082e-07,8.239614854036917e-07,8.239567298562027e-07,8.239519743935139e-07,8.239472190158504e-07,8.239424637228509e-07,8.239377085141248e-07,8.239329533913795e-07,8.239281983534333e-07,8.239234433998804e-07,8.239186885318168e-07,8.239139337484808e-07,8.2390917905046e-07,8.239044244371681e-07,8.238996699088969e-07,8.238949154657834e-07,8.23890161108572e-07,8.238854068349477e-07,8.238806526462012e-07,8.238758985433906e-07,8.238711445246004e-07,8.238663905915029e-07,8.238616367436141e-07,8.23856882980547e-07,8.238521293023201e-07,8.238473757094876e-07,8.238426222014093e-07,8.238378687785915e-07,8.238331154408412e-07,8.238283621884579e-07,8.23823609020971e-07,8.238188559397661e-07,8.238141029427095e-07,8.23809350029997e-07,8.238045972034932e-07,8.237998444618377e-07,8.237950918050164e-07,8.237903392337945e-07,8.237855867481453e-07,8.237808343478248e-07,8.237760820324297e-07,8.237713298025924e-07,8.237665776578501e-07,8.237618255985795e-07,8.237570736246863e-07,8.23752321736321e-07,8.237475699329073e-07,8.237428182156406e-07,8.237380665830667e-07,8.23733315034705e-07,8.237285635726689e-07,8.237238121966666e-07,8.237190609046889e-07,8.237143096988659e-07,8.237095585785609e-07,8.237048075436216e-07,8.237000565941027e-07,8.236953057299292e-07,8.236905549513024e-07,8.236858042581606e-07,8.236810536504519e-07,8.236763031282456e-07,8.236715526915339e-07,8.236668023403102e-07,8.236620520750839e-07,8.236573018948883e-07,8.236525518004169e-07,8.236478017912956e-07,8.236430518677705e-07,8.236383020297604e-07,8.236335522740986e-07,8.236288026072376e-07,8.236240530252757e-07,8.236193035296123e-07,8.236145541190388e-07,8.236098047938836e-07,8.236050555550225e-07,8.236003064018745e-07,8.23595557335043e-07,8.2359080835322e-07,8.235860594570745e-07,8.235813106465919e-07,8.235765619218459e-07,8.235718132827152e-07,8.235670647293522e-07,8.235623162615987e-07,8.235575678797088e-07,8.235528195833284e-07,8.235480713729025e-07,8.235433232482186e-07,8.235385752094583e-07,8.235338272563356e-07,8.23529079389036e-07,8.235243316078285e-07,8.235195839122422e-07,8.235148363021222e-07,8.235100887780781e-07,8.235053413402032e-07,8.235005939878594e-07,8.234958467214567e-07,8.234910995408828e-07,8.234863524461703e-07,8.23481605437338e-07,8.234768585153579e-07,8.234721116783761e-07,8.234673649273335e-07,8.234626182612686e-07,8.234578716829248e-07,8.234531251899648e-07,8.234483787826673e-07,8.234436324613402e-07,8.234388862259904e-07,8.234341400767764e-07,8.234293940134231e-07,8.234246480359791e-07,8.234199021443828e-07,8.234151563387561e-07,8.234104106194451e-07,8.234056649861156e-07,8.234009194387627e-07,8.233961739776516e-07,8.23391428602412e-07,8.233866833134669e-07,8.233819381108233e-07,8.233771929942214e-07,8.233724479632233e-07,8.233677030188414e-07,8.233629581603071e-07,8.233582133880801e-07,8.233534687019677e-07,8.233487241020488e-07,8.233439795888999e-07,8.233392351613311e-07,8.233344908198641e-07,8.233297465640483e-07,8.23325002395034e-07,8.233202583123337e-07,8.233155143175158e-07,8.233107704072146e-07,8.233060265830947e-07,8.233012828452853e-07,8.232965391941507e-07,8.232917956284743e-07,8.232870521495206e-07,8.232823087572453e-07,8.23277565450854e-07,8.232728222307502e-07,8.232680790969853e-07,8.232633360496068e-07,8.232585930884814e-07,8.232538502136167e-07,8.23249107425121e-07,8.232443647231667e-07,8.232396221075166e-07,8.232348795787809e-07,8.232301371360598e-07,8.232253947796097e-07,8.232206525117372e-07,8.232159103279534e-07,8.232111682310697e-07,8.232064262202899e-07,8.232016842958183e-07,8.23196942457943e-07,8.231922007066875e-07,8.231874590415347e-07,8.231827174625574e-07,8.231779759704685e-07,8.231732345650115e-07,8.231684932458934e-07,8.231637520134248e-07,8.231590108661631e-07,8.231542698058892e-07,8.231495288330609e-07,8.23144787946817e-07,8.231400471476747e-07,8.231353064344618e-07,8.23130565807891e-07,8.231258252664245e-07,8.231210848131619e-07,8.231163444460123e-07,8.23111604165738e-07,8.231068639722165e-07,8.231021238654043e-07,8.230973838451632e-07,8.230926439112014e-07,8.230879040642933e-07,8.230831643028442e-07,8.230784246293363e-07,8.23073685042491e-07,8.230689455436877e-07,8.230642061304039e-07,8.230594668037149e-07,8.230547275646343e-07,8.230499884110905e-07,8.23045249344596e-07,8.230405103647661e-07,8.230357714715203e-07,8.230310326650217e-07,8.230262939455094e-07,8.23021555312225e-07,8.230168167662354e-07,8.230120783070725e-07,8.230073399348811e-07,8.230026016493237e-07,8.229978634506093e-07,8.229931253385584e-07,8.229883873134562e-07,8.22983649375751e-07,8.229789115249538e-07,8.229741737604507e-07,8.229694360822032e-07,8.229646984914393e-07,8.229599609874767e-07,8.229552235697925e-07,8.229504862397014e-07,8.229457489966148e-07,8.229410118404511e-07,8.229362747716693e-07,8.229315377893486e-07,8.229268008939966e-07,8.229220640851985e-07,8.22917327363619e-07,8.229125907290364e-07,8.229078541816122e-07,8.229031177211786e-07,8.228983813476569e-07,8.228936450608999e-07,8.22888908861455e-07,8.228841727490759e-07,8.228794367256758e-07,8.228747007873814e-07,8.228699649366521e-07,8.228652291726249e-07,8.228604934955058e-07,8.228557579063184e-07,8.228510224031492e-07,8.228462869864288e-07,8.228415516575539e-07,8.228368164159033e-07,8.22832081261698e-07,8.228273461941805e-07,8.228226112144326e-07,8.228178763218284e-07,8.228131415164183e-07,8.228084067974136e-07,8.228036721650624e-07,8.22798937620552e-07,8.227942031634972e-07,8.227894687933968e-07,8.22784734510482e-07,8.227800003158432e-07,8.22775266207435e-07,8.22770532185995e-07,8.22765798251911e-07,8.227610644050911e-07,8.227563306453429e-07,8.227515969729138e-07,8.227468633856943e-07,8.227421298880809e-07,8.227373964764615e-07,8.227326631532868e-07,8.227279299172171e-07,8.227231967687422e-07,8.227184637074886e-07,8.227137307335518e-07,8.227089978451594e-07,8.227042650456019e-07,8.226995323336055e-07,8.22694799708848e-07,8.226900671706634e-07,8.226853347203867e-07,8.226806023585669e-07,8.22675870083472e-07,8.226711378959003e-07,8.22666405794816e-07,8.226616737820005e-07,8.226569418561794e-07,8.226522100179303e-07,8.226474782672926e-07,8.226427466034294e-07,8.226380150274117e-07,8.226332835391968e-07,8.226285521383807e-07,8.226238208250075e-07,8.226190896005726e-07,8.226143584621275e-07,8.226096274108927e-07,8.226048964479448e-07,8.226001655719511e-07,8.225954347844331e-07,8.225907040842049e-07,8.225859734708549e-07,8.225812429450425e-07,8.225765125068254e-07,8.225717821562332e-07,8.225670518924895e-07,8.225623217168352e-07,8.225575916288467e-07,8.22552861628366e-07,8.225481317146473e-07,8.225434018893744e-07,8.22538672151831e-07,8.225339425012162e-07,8.225292129388383e-07,8.225244834638179e-07,8.225197540771117e-07,8.225150247780122e-07,8.225102955661887e-07,8.225055664420285e-07,8.225008374055323e-07,8.224961084566573e-07,8.224913795946326e-07,8.224866508211633e-07,8.224819221354502e-07,8.22477193537368e-07,8.224724650269715e-07,8.22467736604385e-07,8.224630082694655e-07,8.224582800223071e-07,8.224535518628047e-07,8.224488237910896e-07,8.224440958065683e-07,8.22439367910456e-07,8.224346401021958e-07,8.224299123817264e-07,8.224251847489938e-07,8.224204572037521e-07,8.224157297465152e-07,8.224110023793317e-07,8.224062750977498e-07,8.224015479039582e-07,8.223968207984686e-07,8.223920937799843e-07,8.223873668497484e-07,8.22382640007075e-07,8.223779132524722e-07,8.223731865856064e-07,8.223684600065656e-07,8.223637335169186e-07,8.223590071138704e-07,8.223542807986665e-07,8.223495545714351e-07,8.223448284321812e-07,8.223401023817676e-07,8.22335376418091e-07,8.22330650542465e-07,8.223259247540526e-07,8.223211990543688e-07,8.223164734434918e-07,8.2231174791971e-07,8.223070224827117e-07,8.223022971350174e-07,8.222975718750448e-07,8.222928467031437e-07,8.222881216191943e-07,8.222833966232082e-07,8.222786717152245e-07,8.222739468952354e-07,8.222692221634131e-07,8.222644975192035e-07,8.222597729631827e-07,8.22255048495539e-07,8.22250324116139e-07,8.22245599824353e-07
14,7.509685128766961e-65,3.0825316152821216e-64,8.009678859060851e-64,1.672897895446045e-63,3.059724101471174e-63,5.111664903052073e-63,7.992622291297253e-63,1.1879786442337324e-62,1.6963541851311438e-62,2.3447554784752523e-62,3.154895694294476e-62,4.149856865925268e-62,5.354112618556496e-62,6.793549260773811e-62,8.495484206042722e-62,1.0488681344178107e-61,1.2803363380918355e-61,1.5471221387299032e-61,1.852542190872819e-61,2.200061201870245e-61,2.5932922693236422e-61,3.0359970849112775e-61,3.532086034481091e-61,4.085618219564174e-61,4.700801420894929e-61,5.3819920203858954e-61,6.1336948944108296e-61,6.960563288229316e-61,7.867398678904752e-61,8.8591506320883e-61,9.940916656478234e-61,1.1117942058563742e-60,1.2395619799358572e-60,1.3779490354155552e-60,1.527524157585052e-60,1.688870856204247e-60,1.8625873525887695e-60,2.049286567053232e-60,2.2495961066866742e-60,2.464158253428728e-60,2.6936299524145425e-60,2.9386828005560415e-60,3.200003035329368e-60,3.47829152374001e-60,3.774263751440527e-60,4.088649811978267e-60,4.4221943961533653e-60,4.7756567814701036e-60,5.149810821666896e-60,5.545444936312716e-60,5.96336210045932e-60,6.404379834340497e-60,6.869330193111365e-60,7.359059756621139e-60,7.874429619214874e-60,8.416315379559729e-60,8.985607130492543e-60,9.583209448885895e-60,1.021004138553052e-59,1.0867036455032066e-59,1.155514262572092e-59,1.2275322309573906e-59,1.3028552352146628e-59,1.381582402251606e-59,1.463814300323254e-59,1.5496529380280689e-59,1.639201763304892e-59,1.7325656624307138e-59,1.8298509590192562e-59,1.9311654130203182e-59,2.0366182197198865e-59,2.1463200087410095e-59,2.260382843045389e-59,2.37892021793572e-59,2.5020470600587486e-59,2.6298797264090454e-59,2.762536003333496e-59,2.900135105536508e-59,3.0427976750859184e-59,3.1906457804195997e-59,3.3438029153528244e-59,3.5023939980862e-59,3.666545370214483e-59,3.8363847957359564e-59,4.012041460062565e-59,4.193645969030718e-59,4.3813303479128235e-59,4.5752280404294915e-59,4.775473907762459e-59,4.982204227568169e-59,5.195556692992073e-59,5.415670411683644e-59,5.642685904812041e-59,5.876745106082478e-59,6.117991360753322e-59,6.366569424653833e-59,6.622625463202605e-59,6.886307050426736e-59,7.1577631679816535e-59,7.437144204171598e-59,7.724601952970909e-59,8.020289613045831e-59,8.324361786777194e-59,8.636974479283613e-59,8.95828509744549e-59,9.288452448929655e-59,9.627636741214693e-59,9.975999580616972e-59,1.0333703971317336e-58,1.0700914314388513e-58,1.1077796406823194e-58,1.146451744056272e-58,1.1861246001526645e-58,1.2268152068642771e-58,1.2685407012877964e-58,1.3113183596269669e-58,1.3551655970958038e-58,1.4000999678218837e-58,1.4461391647496923e-58,1.4933010195440479e-58,1.541603502493591e-58,1.5910647224143376e-58,1.6417029265533087e-58,1.6935365004922185e-58,1.746583968051237e-58,1.8008639911928167e-58,1.8563953699255884e-58,1.9131970422083235e-58,1.9712880838539686e-58,2.030687708433738e-58,2.0914152671812878e-58,2.1534902488969353e-58,2.2169322798519697e-58,2.281761123693021e-58,2.3479966813464867e-58,2.4156589909230428e-58,2.4847682276222057e-58,2.5553447036369755e-58,2.6274088680585337e-58,2.700981306781017e-58,2.7760827424063538e-58,2.8527340341491777e-58,2.9309561777417767e-58,3.0107703053391548e-58,3.092197685424122e-58,3.1752597227124793e-58,3.259977958058242e-58,3.3463740683589585e-58,3.434469866461073e-58,3.52428730106537e-58,3.6158484566324745e-58,3.7091755532884245e-58,3.8042909467303084e-58,3.901217128131981e-58,3.9999767240498105e-58,4.1005924963285365e-58,4.203087342007162e-58,4.307484293224918e-58,4.413806517127319e-58,4.5220773157722444e-58,4.6323201260361156e-58,4.744558519520125e-58,4.858816202456538e-58,4.975117015615061e-58,5.093484934209265e-58,5.2139440678030885e-58,5.336518660217405e-58,5.4612330894366386e-58,5.588111867515471e-58,5.7171796404855874e-58,5.8484611882625114e-58,5.981981424552512e-58,6.1177653967595245e-58,6.2558382858921935e-58,6.396225406470963e-58,6.538952206435224e-58,6.684044267050521e-58,6.831527302815866e-58,6.981427161371047e-58,7.133769823404073e-58,7.288581402558638e-58,7.44588814534168e-58,7.605716431030967e-58,7.768092771582782e-58,7.933043811539667e-58,8.100596327938224e-58,8.270777230216982e-58,8.443613560124321e-58,8.619132491626485e-58,8.797361330815646e-58,8.978327515818022e-58,9.162058616702062e-58,9.348582335386723e-58,9.537926505549774e-58,9.730119092536189e-58,9.925188193266611e-58,1.0123162036145834e-57,1.0324068980971416e-57,1.0527937518842292e-57,1.073479627206751e-57,1.0944673994074986e-57,1.1157599569320337e-57,1.137360201319579e-57,1.159271047193915e-57,1.1814954222542789e-57,1.204036267266283e-57,1.2268965360528199e-57,1.2500791954849913e-57,1.2735872254730312e-57,1.2974236189572463e-57,1.3215913818989525e-57,1.3460935332714266e-57,1.3709331050508544e-57,1.3961131422072983e-57,1.4216367026956586e-57,1.4475068574466465e-57,1.473726690357766e-57,1.500299298284298e-57,1.5272277910302928e-57,1.5545152913395693e-57,1.582164934886716e-57,1.6101798702681073e-57,1.638563258992917e-57,1.6673182754741432e-57,1.6964481070196395e-57,1.725955953823148e-57,1.7558450289553436e-57,1.7861185583548856e-57,1.8167797808194666e-57,1.8478319479968808e-57,1.8792783243760877e-57,1.9111221872782875e-57,1.943366826847998e-57,1.976015546044148e-57,2.009071660631163e-57,2.042538499170069e-57,2.0764194030096e-57,2.1107177262772996e-57,2.1454368358706501e-57,2.1805801114481882e-57,2.2161509454206422e-57,2.2521527429420646e-57,2.2885889219009746e-57,2.3254629129115086e-57,2.3627781593045775e-57,2.4005381171190243e-57,2.4387462550927915e-57,2.4774060546541016e-57,2.5165210099126287e-57,2.556094627650692e-57,2.5961304273144423e-57,2.636631941005068e-57,2.677602713469991e-57,2.719046302094085e-57,2.760966276890891e-57,2.803366220493842e-57,2.8462497281474815e-57,2.8896204076987247e-57,2.933481879588073e-57,2.9778377768408764e-57,3.022691745058585e-57,3.068047442410009e-57,3.113908539622589e-57,3.160278719973663e-57,3.207161679281749e-57,3.2545611258978274e-57,3.3024807806966425e-57,3.3509243770679747e-57,3.3998956609079735e-57,3.449398390610451e-57,3.499436337058201e-57,3.5500132836143176e-57,3.601133026113528e-57,3.6527993728535234e-57,3.7050161445863005e-57,3.7577871745095043e-57,3.811116308257786e-57,3.865007403894158e-57,3.919464331901356e-57,3.974490975173214e-57,4.030091229006043e-57,4.0862690010900017e-57,4.1430282115005e-57,4.200372792689582e-57,4.2583066894773315e-57,4.316833859043282e-57,4.375958270917827e-57,4.435683906973635e-57,4.496014761417079e-57,4.556954840779667e-57,4.6185081639094784e-57,4.680678761962606e-57,4.7434706783946093e-57,4.8068879689519566e-57,4.870934701663505e-57,4.9356149568319597e-57,5.0009328270253385e-57,5.066892417068462e-57,5.133497844034437e-57,5.200753237236146e-57,5.26866273821772e-57,5.337230500746097e-57,5.406460690802488e-57,5.476357486573899e-57,5.546925078444662e-57,5.618167668987951e-57,5.690089472957322e-57,5.762694717278247e-57,5.835987641039668e-57,5.909972495485533e-57,5.984653544006369e-57,6.060035062130827e-57,6.136121337517265e-57,6.212916669945318e-57,6.29042537130748e-57,6.368651765600687e-57,6.447600188917902e-57,6.527274989439738e-57,6.607680527426026e-57,6.688821175207461e-57,6.770701317177198e-57,6.85332534978247e-57,6.936697681516245e-57,7.020822732908793e-57,7.10570493651941e-57,7.191348736928011e-57,7.277758590726801e-57,7.364938966511903e-57,7.452894344875064e-57,7.541629218395293e-57,7.631148091630549e-57,7.721455481109418e-57,7.812555915322793e-57,7.904453934715576e-57,7.997154091678377e-57,8.090660950539212e-57,8.184979087555199e-57,8.280113090904306e-57,8.376067560677048e-57,8.472847108868222e-57,8.570456359368638e-57,8.668899947956855e-57,8.768182522290948e-57,8.868308741900219e-57,8.969283278176983e-57,9.071110814368319e-57,9.173796045567848e-57,9.277343678707491e-57,9.38175843254926e-57,9.487045037677036e-57,9.59320823648837e-57,9.700252783186271e-57,9.808183443771013e-57,9.917004996031932e-57,1.0026722229539267e-56,1.0137339945635942e-56,1.0248862957429428e-56,1.0361296089783554e-56,1.0474644179310343e-56,1.058891207436187e-56,1.070410463502209e-56,1.0820226733098709e-56,1.093728325211504e-56,1.1055279087301865e-56,1.1174219145589307e-56,1.1294108345598717e-56,1.1414951617634535e-56,1.15367539036762e-56,1.1659520157370035e-56,1.1783255344021154e-56,1.1907964440585352e-56,1.2033652435661045e-56,1.2160324329481138e-56,1.2287985133905005e-56,1.2416639872410384e-56,1.254629358008532e-56,1.2676951303620087e-56,1.2808618101299185e-56,1.2941299042993226e-56,1.3074999210150932e-56,1.320972369579108e-56,1.3345477604494476e-56,1.3482266052395937e-56,1.3620094167176262e-56,1.3758967088054217e-56,1.389888996577851e-56,1.403986796261983e-56,1.4181906252362801e-56,1.4325010020298027e-56,1.4469184463214082e-56,1.4614434789389525e-56,1.4760766218584971e-56,1.4908183982035051e-56,1.5056693322440495e-56,1.5206299493960165e-56,1.535700776220309e-56,1.550882340422053e-56,1.5661751708498033e-56,1.5815797974947497e-56,1.597096751489923e-56,1.6127265651094036e-56,1.6284697717675276e-56,1.6443269060181026e-56,1.6602985035536056e-56,1.6763851012044006e-56,1.6925872369379478e-56,1.7089054498580092e-56,1.7253402802038684e-56,1.7418922693495355e-56,1.7585619598029638e-56,1.775349895205262e-56,1.7922566203299046e-56,1.80928268108195e-56,1.8264286244972556e-56,1.8436949987416862e-56,1.8610823531103409e-56,1.8785912380267582e-56,1.8962222050421416e-56,1.913975806834571e-56,1.9318525972082246e-56,1.949853131092596e-56,1.9679779645417132e-56,1.9862276547333581e-56,2.004602759968288e-56,2.0231038396694552e-56,2.0417314543812266e-56,2.06048616576861e-56,2.0793685366164723e-56,2.0983791308287664e-56,2.117518513427749e-56,2.136787250553211e-56,2.1561859094616974e-56,2.175715058525733e-56,2.195375267233054e-56,2.215167106185823e-56,2.2350911470998674e-56,2.2551479628038974e-56,2.2753381272387395e-56,2.2956622154565666e-56,2.3161208036201195e-56,2.3367144690019417e-56,2.3574437899836086e-56,2.378309346054957e-56,2.3993117178133184e-56,2.4204514869627476e-56,2.441729236313258e-56,2.4631455497800516e-56,2.484701012382754e-56,2.506396210244645e-56,2.528231730591901e-56,2.5502081617528184e-56,2.5723260931570608e-56,2.5945861153348854e-56,2.616988819916385e-56,2.639534799630722e-56,2.6622246483053673e-56,2.685058960865342e-56,2.708038333332448e-56,2.731163362824511e-56,2.7544346475546255e-56,2.777852786830387e-56,2.801418381053138e-56,2.8251320317172067e-56,2.8489943414091493e-56,2.873005913806994e-56,2.8971673536794815e-56,2.9214792668853104e-56,2.9459422603723795e-56,2.970556942177032e-56,2.9953239214233046e-56,3.0202438083221677e-56,3.045317214170776e-56,3.0705447513517116e-56,3.095927033332233e-56,3.1214646746635226e-56,3.1471582909799345e-56,3.1730084989982444e-56,3.1990159165168968e-56,3.2251811624152574e-56,3.251504856652862e-56,3.2779876202686646e-56,3.304630075380296e-56,3.3314328451833095e-56,3.3583965539504342e-56,3.3855218270308283e-56,3.412809290849336e-56,3.4402595729057377e-56,3.4678733017740036e-56,3.495651107101554e-56,3.523593619608508e-56,3.5517014710869477e-56,3.5799752944001655e-56,3.60841572348193e-56,3.63702339333574e-56,3.665798940034079e-56,3.6947430007176813e-56,3.7238562135947843e-56,3.7531392179403938e-56,3.782592654095541e-56,3.812217163466543e-56,3.8420133885242687e-56,3.8719819728033934e-56,3.9021235609016683e-56,3.932438798479178e-56,3.9629283322576064e-56,3.993592810019503e-56,4.02443288060754e-56,4.055449193923785e-56,4.086642400928961e-56,4.118013153641718e-56,4.1495621051378945e-56,4.181289909549784e-56,4.21319722206541e-56,4.245284698927785e-56,4.277552997434186e-56,4.310002775935417e-56,4.342634693835083e-56,4.37544941158886e-56,4.408447590703769e-56,4.4416298937374365e-56,4.474996984297376e-56,4.508549527040255e-56,4.54228818767117e-56,4.576213632942928e-56,4.610326530655294e-56,4.644627549654296e-56,4.679117359831484e-56,4.713796632123203e-56,4.74866603850988e-56,4.783726252015287e-56,4.818977946705829e-56,4.854421797689817e-56,4.89005848111674e-56,4.925888674176556e-56,4.961913055098957e-56,4.9981323031526605e-56,5.034547098644676e-56,5.0711581229196e-56,5.107966058358888e-56,5.144971588380137e-56,5.182175397436368e-56,5.219578171015309e-56,5.2571805956386755e-56,5.294983358861455e-56,5.332987149271192e-56,5.371192656487276e-56,5.409600571160215e-56,5.44821158497093e-56,5.487026390630042e-56,5.526045681877154e-56,5.565270153480133e-56,5.604700501234412e-56,5.644337421962265e-56,5.6841816135121e-56,5.724233774757747e-56,5.764494605597746e-56,5.804964806954643e-56,5.845645080774273e-56,5.886536130025056e-56,5.927638658697285e-56,5.968953371802417e-56,6.0104809753723725e-56,6.052222176458821e-56,6.094177683132476e-56,6.13634820448239e-56,6.17873445061525e-56,6.221337132654667e-56,6.264156962740479e-56,6.307194654028041e-56,6.350450920687527e-56,6.393926477903217e-56,6.437622041872807e-56,6.481538329806693e-56,6.525676059927284e-56,6.570035951468292e-56,6.61461872467403e-56,6.659425100798713e-56,6.704455802105766e-56,6.749711551867112e-56,6.795193074362487e-56,6.84090109487873e-56,6.88683633970909e-56,6.9329995361525295e-56,6.979391412513029e-56,7.026012698098884e-56,7.07286412322202e-56,7.119946419197285e-56,7.167260318341764e-56,7.214806553974077e-56,7.262585860413701e-56,7.310598972980259e-56,7.358846627992826e-56,7.407329562769255e-56,7.456048515625466e-56,7.50500422587477e-56,7.554197433827162e-56,7.603628880788653e-56,7.653299309060552e-56,7.703209461938802e-56,7.753360083713272e-56,7.803751919667083e-56,7.854385716075911e-56,7.9052622202073e-56,7.9563821803199845e-56,8.007746345663185e-56,8.059355466475943e-56,8.111210293986418e-56,8.163311580411212e-56,8.215660078954682e-56,8.268256543808254e-56,8.321101730149744e-56,8.374196394142674e-56,8.427541292935585e-56,8.481137184661357e-56,8.534984828436527e-56,8.589084984360615e-56,8.643438413515423e-56,8.69804587796439e-56,8.752908140751868e-56,8.808025965902476e-56,8.86340011842041e-56,8.919031364288768e-56,8.974920470468863e-56,9.031068204899549e-56,9.087475336496559e-56,9.144142635151809e-56,9.20107087173273e-56,9.258260818081586e-56,9.315713247014808e-56,9.37342893232232e-56,9.431408648766865e-56,9.489653172083318e-56,9.548163278978022e-56,9.606939747128125e-56,9.665983355180886e-56,9.72529488275303e-56,9.784875110430054e-56,9.84472481976556e-56,9.904844793280601e-56,9.965235814462986e-56,1.0025898667766634e-55,1.0086834138610895e-55,1.0148043013379878e-55,1.0209526079421786e-55,1.0271284125048256e-55,1.0333317939533671e-55,1.039562831311453e-55,1.0458216036988742e-55,1.052108190331498e-55,1.0584226705212022e-55,1.0647651236758068e-55,1.0711356292990094e-55,1.077534266990318e-55,1.0839611164449845e-55,1.0904162574539383e-55,1.0968997699037206e-55,1.1034117337764189e-55,1.1099522291495983e-55,1.116521336196238e-55,1.1231191351846646e-55,1.129745706478485e-55,1.1364011305365222e-55,1.1430854879127474e-55,1.1497988592562162e-55,1.1565413253110013e-55,1.1633129669161273e-55,1.1701138650055043e-55,1.176944100607864e-55,1.183803754846692e-55,1.1906929089401627e-55,1.197611644201075e-55,1.204560042036786e-55,1.2115381839491453e-55,1.218546151534429e-55,1.2255840264832764e-55,1.2326518905806228e-55,1.2397498257056352e-55,1.246877913831646e-55,1.2540362370260897e-55,1.261224877450436e-55,1.2684439173601258e-55,1.2756934391045046e-55,1.28297352512676e-55,1.2902842579638554e-55,1.2976257202464646e-55,1.304997994698907e-55,1.3124011641390842e-55,1.3198353114784139e-55,1.3273005197217658e-55,1.3347968719673968e-55,1.3423244514068855e-55,1.34988334132507e-55,1.3574736250999805e-55,1.3650953862027761e-55,1.3727487081976817e-55,1.3804336747419208e-55,1.3881503695856528e-55,1.3958988765719099e-55,1.4036792796365297e-55,1.4114916628080935e-55,1.4193361102078621e-55,1.4272127060497092e-55,1.4351215346400612e-55,1.4430626803778295e-55,1.4510362277543488e-55,1.4590422613533121e-55,1.467080865850707e-55,1.475152126014752e-55,1.4832561267058333e-55,1.4913929528764398e-55,1.4995626895710996e-55,1.5077654219263175e-55,1.5160012351705097e-55,1.5242702146239416e-55,1.5325724456986638e-55,1.5409080138984488e-55,1.549277004818726e-55,1.557679504146521e-55,1.5661155976603908e-55,1.5745853712303588e-55,1.5830889108178554e-55,1.5916263024756512e-55,1.6001976323477955e-55,1.6088029866695527e-55,1.61744245176734e-55,1.6261161140586639e-55,1.6348240600520557e-55,1.643566376347011e-55,1.6523431496339253e-55,1.661154466694031e-55,1.670000414399336e-55,1.6788810797125595e-55,1.6877965496870695e-55,1.6967469114668208e-55,1.705732252286291e-55,1.7147526594704197e-55,1.7238082204345448e-55,1.732899022684339e-55,1.742025153815751e-55,1.751186701514938e-55,1.760383753558207e-55,1.769616397811951e-55,1.778884722232587e-55,1.788188814866495e-55,1.7975287638499532e-55,1.8069046574090777e-55,1.8163165838597592e-55,1.825764631607603e-55,1.835248889147863e-55,1.8447694450653855e-55,1.8543263880345414e-55,1.8639198068191682e-55,1.8735497902725063e-55,1.8832164273371384e-55,1.892919807044926e-55,1.9026600185169495e-55,1.9124371509634453e-55,1.9222512936837443e-55,1.932102536066211e-55,1.9419909675881824e-55,1.951916677815904e-55,1.96187975640447e-55,1.9718802930977624e-55,1.981918377728389e-55,1.991994100217622e-55,2.002107550575337e-55,2.0122588188999493e-55,2.022447995378358e-55,2.0326751702858815e-55,2.042940433986194e-55,2.0532438769312676e-55,2.063585589661313e-55,2.0739656628047125e-55,2.0843841870779677e-55,2.0948412532856285e-55,2.1053369523202395e-55,2.1158713751622782e-55,2.12644461288009e-55,2.1370567566298332e-55,2.1477078976554143e-55,2.1583981272884288e-55,2.1691275369480996e-55,2.1798962181412184e-55,2.1907042624620837e-55,2.20155176159244e-55,2.212438807301419e-55,2.2233654914454763e-55,2.2343319059683345e-55,2.245338142900921e-55,2.256384294361307e-55,2.26747045255465e-55,2.278596709773131e-55,2.289763158395894e-55,2.3009698908889887e-55,2.312216999805308e-55,2.323504577784529e-55,2.334832717553054e-55,2.346201511923948e-55,2.3576110537968807e-55,2.3690614361580662e-55,2.3805527520802028e-55,2.392085094722414e-55,2.4036585573301877e-55,2.4152732332353192e-55,2.426929215855848e-55,2.4386265986959987e-55,2.4503654753461244e-55,2.462145939482644e-55,2.4739680848679853e-55,2.485832005350522e-55,2.4977377948645193e-55,2.5096855474300705e-55,2.5216753571530383e-55,2.5337073182249978e-55,2.5457815249231756e-55,2.5578980716103893e-55,2.570057052734991e-55,2.582258562830806e-55,2.594502696517076e-55,2.6067895484983974e-55,2.6191192135646663e-55,2.6314917865910144e-55,2.6439073625377535e-55,2.6563660364503166e-55,2.6688679034591975e-55,2.6814130587798944e-55,2.694001597712846e-55,2.706633615643382e-55,2.7193092080416545e-55,2.732028470462586e-55,2.7447914985458084e-55,2.757598388015605e-55,2.7704492346808493e-55,2.783344134434954e-55,2.7962831832558024e-55,2.8092664772056998e-55,2.8222941124313074e-55,2.8353661851635897e-55,2.848482791717752e-55,2.861644028493185e-55,2.874849991973406e-55,2.8881007787260007e-55,2.9013964854025647e-55,2.9147372087386446e-55,2.928123045553683e-55,2.9415540927509583e-55,2.9550304473175255e-55,2.9685522063241634e-55,2.9821194669253087e-55,2.9957323263590087e-55,3.0093908819468526e-55,3.0230952310939236e-55,3.0368454712887314e-55,3.050641700103166e-55,3.0644840151924293e-55,3.0783725142949842e-55,3.0923072952324937e-55,3.106288455909766e-55,3.120316094314696e-55,3.1343903085182072e-55,3.148511196674195e-55,3.1626788570194707e-55,3.1768933878737023e-55,3.191154887639357e-55,3.2054634548016468e-55,3.2198191879284675e-55,3.2342221856703452e-55,3.2486725467603775e-55,3.263170370014175e-55,3.2777157543298095e-55,3.29230879868775e-55,3.306949602150812e-55,3.321638263864096e-55,3.336374883054933e-55,3.351159559032829e-55,3.365992391189407e-55,3.380873478998346e-55,3.395802922015332e-55,3.410780819877998e-55,3.425807272305864e-55,3.440882379100288e-55,3.456006240144401e-55,3.471178955403057e-55,3.4864006249227734e-55,3.5016713488316766e-55,3.5169912273394434e-55,3.532360360737245e-55,3.547778849397694e-55,3.563246793774784e-55,3.578764294403834e-55,3.594331451901439e-55,3.609948366965402e-55,3.625615140374686e-55,3.64133187298936e-55,3.657098665750534e-55,3.672915619680311e-55,3.6887828358817306e-55,3.704700415538704e-55,3.720668459915974e-55,3.736687070359044e-55,3.752756348294131e-55,3.7688763952281075e-55,3.7850473127484456e-55,3.801269202523161e-55,3.817542166300761e-55,3.83386630591018e-55,3.850241723260735e-55,3.8666685203420655e-55,3.883146799224074e-55,3.899676662056877e-55,3.916258211070745e-55,3.932891548576052e-55,3.9495767769632145e-55,3.96631399870264e-55,3.983103316344672e-55,3.9999448325195315e-55,4.016838649937266e-55,4.0337848713876924e-55,4.050783599740341e-55,4.067834937944403e-55,4.084938989028672e-55,4.102095856101494e-55,4.119305642350706e-55,4.136568451043589e-55,4.1538843855268076e-55,4.1712535492263545e-55,4.188676045647501e-55,4.206151978374737e-55,4.223681451071719e-55,4.241264567481216e-55,4.2589014314250534e-55,4.2765921468040585e-55,4.294336817598009e-55,4.312135547865572e-55,4.329988441744258e-55,4.3478956034503584e-55,4.365857137278896e-55,4.383873147603571e-55,4.401943738876704e-55,4.420069015629182e-55,4.4382490824704094e-55,4.456484044088245e-55,4.474774005248955e-55,4.493119070797157e-55,4.5115193456557634e-55,4.529974934825929e-55,4.548485943387003e-55,4.567052476496463e-55,4.5856746393898705e-55,4.6043525373808146e-55,4.6230862758608574e-55,4.6418759602994784e-55,4.6607216962440266e-55,4.679623589319661e-55,4.698581745229299e-55,4.717596269753564e-55,4.736667268750728e-55,4.755794848156666e-55,4.7749791139847925e-55,4.794220172326015e-55,4.813518129348676e-55,4.8328730912985056e-55,4.85228516449856e-55,4.871754455349175e-55,4.8912810703279105e-55,4.9108651159894964e-55,4.93050669896578e-55,4.950205925965675e-55,4.9699629037751e-55,4.98977773925694e-55,5.009650539350979e-55,5.029581411073853e-55,5.049570461519001e-55,5.069617797856604e-55,5.0897235273335375e-55,5.109887757273319e-55,5.130110595076048e-55,5.150392148218366e-55,5.170732524253388e-55,5.191131830810663e-55,5.2115901755961194e-55,5.232107666392003e-55,5.252684411056832e-55,5.273320517525346e-55,5.294016093808448e-55,5.314771247993153e-55,5.335586088242543e-55,5.356460722795699e-55,5.377395259967671e-55,5.3983898081494e-55,5.419444475807685e-55,5.440559371485121e-55,5.461734603800054e-55,5.482970281446524e-55,5.5042665131942066e-55,5.525623407888377e-55,5.547041074449843e-55,5.5685196218749e-55,5.590059159235279e-55,5.6116597956780916e-55,1.8481480073321358e-22,5.99378881473788e-22,1.2578954871595263e-21,2.1834555520569224e-21,3.401600547583337e-21,4.939321890481139e-21,6.82501286112411e-21,9.08853215414737e-21,1.1761282314343953e-20,1.4876293729702866e-20,1.8468313621484416e-20,2.257390029095883e-20,2.723152296759501e-20,3.2481667628431295e-20,3.8366949182269527e-20,4.4932230439090175e-20,5.222474831464778e-20,6.029424775320807e-20,6.919312388534108e-20,7.897657297868716e-20,8.970275277708993e-20,1.0143295287180821e-19,1.1423177579425262e-19,1.2816732957428543e-19,1.4331143256194672e-19,1.5973983137441546e-19,1.775324328947751e-19,1.967735513216355e-19,2.1755217134727023e-19,2.3996222862550573e-19,2.64102908784138e-19,2.900789663352273e-19,3.1800106494739534e-19,3.4798614066011004e-19,3.8015778975103254e-19,4.1464668310657066e-19,4.515910090996008e-19,4.911369471439113e-19,5.334391742785844e-19,5.786614073328856e-19,6.269769834400454e-19,6.785694819060459e-19,7.336333906980417e-19,7.923748211030107e-19,8.550122744171368e-19,9.21777464868538e-19,9.92916203351246e-19,1.0686893469573288e-18,1.1493738197478568e-18,1.2352637106982965e-18,1.3266714553007735e-18,1.423929107906306e-18,1.5273897125527313e-18,1.6374287807546332e-18,1.7544458855363477e-18,1.8788663818803016e-18,2.011143264744618e-18,2.151759176895083e-18,2.30122857999566e-18,2.46010010374189e-18,2.6289590892956117e-18,2.8084303449259406e-18,2.999181133583746e-18,3.2019244141633823e-18,3.417422360467848e-18,3.646490184401887e-18,3.8900002927253225e-18,4.148886809828551e-18,4.424150502475963e-18,4.716864146400296e-18,5.028178378966585e-18,5.359328087061987e-18,5.7116393848512514e-18,6.086537242210623e-18,6.485553831615049e-18,6.910337669036853e-18,7.362663633244215e-18,7.844443957801368e-18,8.357740301291051e-18,8.904777013950532e-18,9.487955733263139e-18,1.0109871457322525e-17,1.077333026321135e-17,1.1481368858636438e-17,1.2237276178871876e-17,1.3044617268297267e-17,1.3907259716735944e-17,1.482940295625519e-17,1.581561076455145e-17,1.6870847367445442e-17,1.8000517586180714e-17,1.921051153634262e-17,2.0507254455525125e-17,2.189776231785074e-17,2.338970398687668e-17,2.4991470766490028e-17,2.6712254334327784e-17,2.856213418724799e-17,3.0552175896629863e-17,3.269454166701619e-17,3.500261491969114e-17,3.749114088884077e-17,4.01763855291178e-17,4.307631539762423e-17,4.621080160070017e-17,4.960185139794406e-17,5.327387164704169e-17,5.725396896977797e-17,6.157229234303452e-17,6.626242479279967e-17,7.136183202409006e-17,7.691237719127881e-17,8.296091264472662e-17,8.955996143369537e-17,9.67685036657605e-17,1.0465288559680733e-16,1.132878726466462e-16,1.2275787151715256e-16,1.3315835137098267e-16,1.445974997748547e-16,1.571981560275702e-16,1.7110007281976647e-16,1.8646256720829823e-16,2.0346763398444918e-16,2.223236090945508e-16,2.4326948833533265e-16,2.6658002768250497e-16,2.925717770027713e-16,3.216102293245497e-16,3.5411830417510125e-16,3.905864266620979e-16,4.315845149559377e-16,4.777762485247688e-16,5.299360586260051e-16,5.889693615621103e-16,6.559366438701244e-16,7.320821058983939e-16,8.188676740265057e-16,9.180132990291139e-16,1.0315445656092637e-15,1.1618487455514204e-15,1.3117405438203684e-15,1.4845389487499647e-15,1.6841568997500306e-15,1.9152061532549873e-15,2.1831212508679537e-15,2.494309896934113e-15,2.856344405856188e-15,3.2782242710151408e-15,3.7707712749353995e-15,4.3472810722702854e-15,5.02467755058295e-15,5.825650783090119e-15,6.782700896365921e-15,7.945817223858378e-15,9.396951263295425e-15,1.1276901861561932e-14,1.3834543727519222e-14,1.7516829211679954e-14,2.313711303262525e-14,3.2197908711988476e-14,4.747615046872232e-14,7.382910342255148e-14,1.1867157706810349e-13,1.922896966251196e-13,3.127671857704095e-13,5.197178180545076e-13,8.98840903610927e-13,1.7763053037430392e-12,5.149669069494822e-12,2.0082744926366128e-11,7.170070951205985e-11,2.0107978286861293e-10,4.4100989976554716e-10,7.809671272365943e-10,1.1633890622922304e-09,1.5200556959883813e-09,1.8073451000824125e-09,2.013523504392961e-09,2.147568363686805e-09,2.2261235004877545e-09,2.2655585572372862e-09,2.278889222862805e-09,2.275411080515936e-09,2.2613754957251725e-09,2.2408495079214807e-09,2.2164385787598116e-09,2.1898072281804526e-09,2.1620257519111993e-09,2.1337911835829128e-09,2.1055647447510876e-09,2.0776564204176024e-09,2.0502769747788445e-09,2.023570220942831e-09,1.9976333903338677e-09,1.9725303209412474e-09,1.94830027488283e-09,1.9249640524050574e-09,1.9025283925258168e-09,1.8809892524552262e-09,1.8603343243657784e-09,1.8405450113550967e-09,1.8215980036643214e-09,1.8034665484323191e-09,1.786121477316469e-09,1.7695320385745637e-09,1.7536665687990064e-09,1.738493031970067e-09,1.7239794482032722e-09,1.710094230680046e-09,1.6968064462449993e-09,1.6840860127379537e-09,1.6719038440834463e-09,1.660231952559446e-09,1.6490435161214768e-09,1.6383129174846803e-09,1.6280157605831217e-09,1.6181288691113653e-09,1.608630271065382e-09,1.5994991725420657e-09,1.5907159234735887e-09,1.5822619775009559e-09,1.574119847773243e-09,1.5662730601307442e-09,1.5587061048191626e-09,1.5514043876755422e-09,1.5443541815063591e-09,1.5375425781911801e-09,1.5309574419799172e-09,1.524587364268437e-09,1.518421620084186e-09,1.5124501264348047e-09,1.5066634026139899e-09,1.5010525325104458e-09,1.4956091289376633e-09,1.4903252999450602e-09,1.485193617101635e-09,1.4802070856786932e-09,1.4753591166647335e-09,1.470643500538554e-09,1.4660543827300329e-09,1.4615862406649716e-09,1.4572338623336185e-09,1.452992326265778e-09,1.4488569828625928e-09,1.4448234369930936e-09,1.4408875317451653e-09,1.4370453333137457e-09,1.4332931168984995e-09,1.4296273535793273e-09,1.4260446980858811e-09,1.4225419773938555e-09,1.4191161801247855e-09,1.4157644466460951e-09,1.412484059858335e-09,1.409272436603098e-09,1.4061271196563592e-09,1.4030457702608611e-09,1.4000261611550655e-09,1.3970661700779654e-09,1.3941637736973556e-09,1.3913170419437877e-09,1.3885241327162484e-09,1.385783286938053e-09,1.383092823924314e-09,1.3804511370583969e-09,1.3778566897417788e-09,1.3753080115966206e-09,1.3728036949209595e-09,1.3703423913560354e-09,1.36792280876181e-09,1.3655437082895466e-09,1.3632039016334956e-09,1.3609022484420066e-09,1.3586376538994982e-09,1.3564090664402283e-09,1.3542154756005324e-09,1.3520559100053053e-09,1.3499294354592507e-09,1.3478351531560794e-09,1.3457721979962524e-09,1.3437397369845942e-09,1.3417369677314186e-09,1.3397631170352722e-09,1.3378174395407293e-09,1.335899216471766e-09,1.3340077544255084e-09,1.3321423842563465e-09,1.3303024599909042e-09,1.3284873578156483e-09,1.3266964751121253e-09,1.324929229550304e-09,1.323185058219743e-09,1.3214634168103147e-09,1.3197637867849466e-09,1.3180856462904575e-09,1.3164285039827956e-09,1.3147918848497445e-09,1.3131753270163855e-09,1.3115783828097406e-09,1.3100006183871714e-09,1.308441613235169e-09,1.3069009596631872e-09,1.3053782623098396e-09,1.3038731376682028e-09,1.3023852136462012e-09,1.3009141291212765e-09,1.2994595335342143e-09,1.2980210864983159e-09,1.2965984574258969e-09,1.2951913251645462e-09,1.293799377659578e-09,1.2924223116225672e-09,1.2910598322281185e-09,1.2897116527949997e-09,1.2883774945181712e-09,1.287057086184843e-09,1.2857501639132727e-09,1.2844564709011991e-09,1.2831757571835011e-09,1.2819077794008774e-09,1.2806523005790362e-09,1.2794090899111047e-09,1.2781779225645009e-09,1.2769585794620313e-09,1.2757508471207993e-09,1.2745545174537941e-09,1.2733693876036763e-09,1.2721952597676024e-09,1.2710319410469913e-09,1.2698792432826316e-09,1.2687369829111417e-09,1.2676049808254455e-09,1.266483062232388e-09,1.265371056521658e-09,1.2642687971337202e-09,1.2631761214512578e-09,1.2620928706626408e-09,1.2610188896588495e-09,1.2599540269218506e-09,1.258898134415376e-09,1.2578510674896021e-09,1.2568126847805424e-09,1.2557828480978927e-09,1.2547614223636097e-09,1.2537482755025683e-09,1.2527432783657212e-09,1.2517463046402647e-09,1.2507572307766364e-09,1.2497759359081804e-09,1.248802301778006e-09,1.2478362126667922e-09,1.2468775553233285e-09,1.2459262188973384e-09,1.2449820948728945e-09,1.2440450770113175e-09,1.2431150612820612e-09,1.2421919458101824e-09,1.2412756308158715e-09,1.2403660185620966e-09,1.2394630132995076e-09,1.2385665212156933e-09,1.2376764503835778e-09,1.2367927107158734e-09,1.2359152139132157e-09,1.2350438734269365e-09,1.2341786044057244e-09,1.2333193236554597e-09,1.2324659496056083e-09,1.2316184022585634e-09,1.23077660315355e-09,1.2299404753336567e-09,1.2291099433032153e-09,1.2282849329956196e-09,1.2274653717361478e-09,1.226651188211905e-09,1.2258423124366383e-09,1.2250386757201672e-09,1.2242402106369475e-09,1.2234468509972194e-09,1.2226585318175115e-09,1.2218751892909846e-09,1.221096760764983e-09,1.2203231847082896e-09,1.2195544006885333e-09,1.2187903493489042e-09,1.2180309723781481e-09,1.2172762124916972e-09,1.2165260134092315e-09,1.215780319826178e-09,1.2150390773988352e-09,1.2143022327184741e-09,1.2135697332930594e-09,1.2128415275261864e-09,1.2121175646969954e-09,1.2113977949421951e-09,1.210682169237335e-09,1.209970639377581e-09,1.209263157961358e-09,1.208559678373006e-09,1.207860154766292e-09,1.2071645420472856e-09,1.2064727958590502e-09,1.2057848725656782e-09,1.2051007292364524e-09,1.2044203236348083e-09,1.2037436142001152e-09,1.2030705600365151e-09,1.2024011208965837e-09,1.2017352571700391e-09,1.2010729298693215e-09,1.2004141006191896e-09,1.1997587316458768e-09,1.1991067857574318e-09,1.1984582263394803e-09,1.1978130173398676e-09,1.1971711232608807e-09,1.1965325091410859e-09,1.195897140560212e-09,1.19526498361361e-09,1.1946360049033169e-09,1.1940101715366756e-09,1.1933874511097018e-09,1.1927678117012307e-09,1.1921512218598973e-09,1.1915376506020403e-09,1.190927067396444e-09,1.1903194421552063e-09,1.1897147452331725e-09,1.1891129474121646e-09,1.1885140198971525e-09,1.1879179343010605e-09,1.1873246626489198e-09,1.1867341773619753e-09,1.1861464512519337e-09,1.1855614575172977e-09,1.1849791697309775e-09,1.1843995618370239e-09,1.183822608143042e-09,1.1832482833146263e-09,1.182676562364641e-09,1.18210742065263e-09,1.1815408338790525e-09,1.1809767780723452e-09,1.180415229589568e-09,1.179856165110011e-09,1.1792995616219198e-09,1.1787453964299065e-09,1.1781936471396435e-09,1.1776442916529932e-09,1.177097308174808e-09,1.1765526751953534e-09,1.1760103714766625e-09,1.1754703760732919e-09,1.174932668312309e-09,1.1743972277865574e-09,1.1738640343570344e-09,1.1733330681431916e-09,1.1728043095221902e-09,1.172277739122932e-09,1.1717533378233116e-09,1.1712310867403285e-09,1.1707109672380977e-09,1.1701929609098648e-09,1.1696770495867864e-09,1.169163215321533e-09,1.1686514403964731e-09,1.1681417073125012e-09,1.1676339987899546e-09,1.1671282977602122e-09,1.1666245873685768e-09,1.166122850962887e-09,1.165623072097813e-09,1.1651252345284461e-09,1.1646293222057489e-09,1.1641353192763635e-09,1.1636432100784632e-09,1.1631529791349588e-09,1.1626646111596324e-09,1.1621780910450798e-09,1.161693403861119e-09,1.161210534863478e-09,1.160729469473978e-09,1.16025019328752e-09,1.1597726920685862e-09,1.1592969517482245e-09,1.158822958420428e-09,1.158350698341441e-09,1.1578801579264584e-09,1.1574113237452498e-09,1.1569441825230007e-09,1.1564787211436014e-09,1.1560149266267267e-09,1.1555527861480457e-09,1.1550922870298412e-09,1.1546334167333514e-09,1.1541761628626158e-09,1.1537205131606408e-09,1.1532664555061968e-09,1.1528139779160676e-09,1.152363068537206e-09,1.1519137156483854e-09,1.1514659076550622e-09,1.1510196330983173e-09,1.1505748806363375e-09,1.1501316390540366e-09,1.1496898972587038e-09,1.149249644276296e-09,1.1488108692539334e-09,1.1483735614538514e-09,1.147937710252988e-09,1.1475033051451503e-09,1.1470703357329228e-09,1.146638791731252e-09,1.1462086629634984e-09,1.1457799393603804e-09,1.145352610958442e-09,1.1449266678999257e-09,1.1445021004291442e-09,1.1440788988928799e-09,1.1436570537372933e-09,1.1432365555125078e-09,1.1428173948565994e-09,1.142399562511985e-09,1.1419830493134673e-09,1.1415678461906134e-09,1.141153944164482e-09,1.1407413343481906e-09,1.140330007944862e-09,1.1399199562463517e-09,1.1395111706324137e-09,1.1391036425668666e-09,1.1386973636065009e-09,1.1382923253851886e-09,1.1378885196224211e-09,1.1374859381200828e-09,1.1370845727607828e-09,1.1366844155075596e-09,1.1362854584031852e-09,1.1358876935660998e-09,1.135491113194213e-09,1.1350957095604474e-09,1.1347014750129182e-09,1.1343084019727965e-09,1.133916482939425e-09,1.133525710477996e-09,1.1331360772283382e-09,1.1327475759001579e-09,1.1323601992731933e-09,1.1319739401944676e-09,1.1315887915809905e-09,1.131204746417576e-09,1.1308217977504114e-09,1.1304399386950194e-09,1.1300591624299048e-09,1.129679462198958e-09,1.1293008313081497e-09,1.128923263124827e-09,1.1285467510807656e-09,1.1281712886658987e-09,1.1277968694307658e-09,1.1274234869864671e-09,1.1270511349992718e-09,1.1266798071948507e-09,1.1263094973602612e-09,1.1259401993353294e-09,1.1255719070122694e-09,1.1252046143456854e-09,1.1248383153401605e-09,1.1244730040551682e-09,1.124108674603128e-09,1.1237453211504862e-09,1.1233829379140004e-09,1.123021519161245e-09,1.1226610592146827e-09,1.1223015524429169e-09,1.1219429932656384e-09,1.1215853761506986e-09,1.1212286956156062e-09,1.1208729462253387e-09,1.1205181225923825e-09,1.1201642193760508e-09,1.1198112312826626e-09,1.1194591530609065e-09,1.1191079795094713e-09,1.1187577054706784e-09,1.1184083258295269e-09,1.1180598355147412e-09,1.1177122294994088e-09,1.117365502799269e-09,1.117019650473244e-09,1.1166746676181938e-09,1.1163305493766276e-09,1.1159872909289953e-09,1.1156448875012929e-09,1.1153033343532535e-09,1.1149626267870506e-09,1.1146227601448047e-09,1.114283729805576e-09,1.113945531188159e-09,1.1136081597481985e-09,1.1132716109792567e-09,1.1129358804119936e-09,1.1126009636136593e-09,1.1122668561874927e-09,1.1119335537728953e-09,1.1116010520444097e-09,1.1112693467131443e-09,1.1109384335230616e-09,1.1106083082540948e-09,1.1102789667184864e-09,1.109950404763303e-09,1.1096226182678878e-09,1.109295603146625e-09,1.1089693553434184e-09,1.108643870837485e-09,1.1083191456384994e-09,1.1079951757873831e-09,1.1076719573569787e-09,1.1073494864508336e-09,1.1070277592023502e-09,1.10670677177639e-09,1.106386520366813e-09,1.106067001198844e-09,1.1057482105253847e-09,1.1054301446287106e-09,1.1051127998201622e-09,1.1047961724401039e-09,1.1044802588558785e-09,1.1041650554629952e-09,1.1038505586856411e-09,1.1035367649744547e-09,1.103223670807278e-09,1.1029112726886593e-09,1.1025995671501426e-09,1.1022885507485373e-09,1.1019782200677966e-09,1.1016685717152364e-09,1.1013596023293397e-09,1.101051308567683e-09,1.1007436871152293e-09,1.1004367346806616e-09,1.1001304480009373e-09,1.0998248238319169e-09,1.099519858957016e-09,1.0992155501825845e-09,1.0989118943377422e-09,1.0986088882760597e-09,1.0983065288746333e-09,1.0980048130297542e-09,1.0977037376646511e-09,1.0974032997233047e-09,1.097103496173196e-09,1.0968043240004806e-09,1.0965057802160856e-09,1.0962078618520697e-09,1.095910565961037e-09,1.0956138896163735e-09,1.0953178299169725e-09,1.0950223839750194e-09,1.0947275489286121e-09,1.0944333219326819e-09,1.0941397001684314e-09,1.0938466808301117e-09,1.093554261135005e-09,1.0932624383221832e-09,1.09297120964415e-09,1.0926805723772592e-09,1.0923905238162693e-09,1.0921010612732991e-09,1.0918121820826348e-09,1.0915238835983106e-09,1.0912361631812993e-09,1.0909490182216812e-09,1.0906624461253882e-09,1.090376444316048e-09,1.0900910102342142e-09,1.0898061413365344e-09,1.0895218351014516e-09,1.0892380890229206e-09,1.0889549006086558e-09,1.0886722673877083e-09,1.0883901869033282e-09,1.0881086567159915e-09,1.0878276744026683e-09,1.0875472375569964e-09,1.0872673437887007e-09,1.0869879907236301e-09,1.0867091760036619e-09,1.0864308972847619e-09,1.0861531522408347e-09,1.0858759385603125e-09,1.085599253947614e-09,1.0853230961205098e-09,1.0850474628138771e-09,1.0847723517765888e-09,1.0844977607735535e-09,1.0842236875823313e-09,1.08395012999578e-09,1.0836770858215916e-09,1.083404552880537e-09,1.0831325290116843e-09,1.0828610120639753e-09,1.0825899999012924e-09,1.0823194904013795e-09,1.0820494814546033e-09,1.0817799709689584e-09,1.0815109568617831e-09,1.0812424370661314e-09,1.0809744095254902e-09,1.0807068721986574e-09,1.080439823058291e-09,1.080173260087413e-09,1.0799071812822624e-09,1.0796415846552972e-09,1.07937646822726e-09,1.0791118300321212e-09,1.0788476681200282e-09,1.0785839805500697e-09,1.0783207653911527e-09,1.0780580207292509e-09,1.077795744658673e-09,1.07753393528972e-09,1.0772725907391118e-09,1.0770117091396587e-09,1.0767512886320316e-09,1.0764913273725102e-09,1.0762318235262575e-09,1.075972775268839e-09,1.0757141807888977e-09,1.0754560382857985e-09,1.075198345969142e-09,1.074941102060165e-09,1.0746843047911205e-09,1.074427952404375e-09,1.0741720431530504e-09,1.0739165753013848e-09,1.0736615471237458e-09,1.0734069569045163e-09,1.0731528029383598e-09,1.07289908353161e-09,1.072645796999576e-09,1.072392941668007e-09,1.0721405158724165e-09,1.0718885179581052e-09,1.071636946280533e-09,1.0713857992047722e-09,1.0711350751055941e-09,1.0708847723679595e-09,1.0706348893852608e-09,1.070385424560173e-09,1.0701363763070455e-09,1.0698877430474103e-09,1.0696395232125354e-09,1.0693917152429538e-09,1.0691443175885341e-09,1.0688973287075135e-09,1.0686507470677726e-09,1.0684045711456876e-09,1.0681587994263089e-09,1.0679134304056097e-09,1.0676684625832363e-09,1.0674238944713754e-09,1.067179724590613e-09,1.0669359514691276e-09,1.0666925736439306e-09,1.0664495896599709e-09,1.0662069980725261e-09,1.0659647974395503e-09,1.0657229863327431e-09,1.0654815633300762e-09,1.0652405270174279e-09,1.0649998759889373e-09,1.0647596088462653e-09,1.0645197241990802e-09,1.0642802206656532e-09,1.0640410968703772e-09,1.0638023514464452e-09,1.063563983034647e-09,1.063325990283074e-09,1.063088371847489e-09,1.0628511263909398e-09,1.0626142525839144e-09,1.0623777491033936e-09,1.0621416146367694e-09,1.0619058478756257e-09,1.0616704475176463e-09,1.0614354122722466e-09,1.0612007408523865e-09,1.0609664319786066e-09,1.0607324843789198e-09,1.0604988967878762e-09,1.0602656679475813e-09,1.0600327966059408e-09,1.0598002815184139e-09,1.0595681214478514e-09,1.0593363151620778e-09,1.059104861435643e-09,1.0588737590522246e-09,1.0586430067996452e-09,1.058412603472277e-09,1.0581825478721026e-09,1.0579528388063576e-09,1.0577234750896494e-09,1.0574944555426304e-09,1.0572657789910442e-09,1.0570374442682936e-09,1.0568094502137054e-09,1.0565817956720283e-09,1.0563544794947846e-09,1.056127500539066e-09,1.0559008576684717e-09,1.0556745497522833e-09,1.0554485756657469e-09,1.0552229342899243e-09,1.054997624511762e-09,1.0547726452238727e-09,1.0545479953249648e-09,1.054323673719149e-09,1.0540996793161881e-09,1.0538760110317115e-09,1.0536526677867514e-09,1.0534296485079323e-09,1.0532069521277327e-09,1.0529845775811352e-09,1.0527625238159199e-09,1.0525407897770293e-09,1.0523193744207647e-09,1.0520982767020976e-09,1.051877495591142e-09,1.0516570300555027e-09,1.0514368790698354e-09,1.0512170416140507e-09,1.0509975166734583e-09,1.0507783032389819e-09,1.05055940030619e-09,1.0503408068749069e-09,1.0501225219510082e-09,1.0499045445452136e-09,1.0496868736730401e-09,1.0494695083548006e-09,1.0492524476151672e-09,1.0490356904855841e-09,1.0488192359992335e-09,1.0486030831972309e-09,1.0483872311238427e-09,1.0481716788290753e-09,1.0479564253661758e-09,1.0477414697929766e-09,1.0475268111737172e-09,1.0473124485759274e-09,1.0470983810733459e-09,1.0468846077397867e-09,1.0466711276582458e-09,1.046457939915066e-09,1.0462450435994872e-09,1.0460324378068876e-09,1.0458201216365067e-09,1.0456080941917903e-09,1.045396354580965e-09,1.0451849019152437e-09,1.0449737353120081e-09,1.0447628538909262e-09,1.0445522567774605e-09,1.0443419431006134e-09,1.0441319119934952e-09,1.043922162593717e-09,1.043712694042826e-09,1.0435035054859895e-09,1.043294596073203e-09,1.0430859649581369e-09,1.0428776112988137e-09,1.0426695342565836e-09,1.0424617329974734e-09,1.0422542066903428e-09,1.0420469545088767e-09,1.041839975630826e-09,1.0416332692371725e-09,1.0414268345131292e-09,1.0412206706474363e-09,1.0410147768327373e-09,1.0408091522650323e-09,1.0406037961440242e-09,1.0403987076759718e-09,1.0401938860636332e-09,1.0399893305250485e-09,1.0397850402716101e-09,1.0395810145219836e-09,1.0393772524982866e-09,1.0391737534261304e-09,1.0389705165349357e-09,1.0387675410576213e-09,1.0385648262299858e-09,1.0383623712921137e-09,1.0381601754876078e-09,1.0379582380620821e-09,1.0377565582672309e-09,1.0375551353546775e-09,1.0373539685835221e-09,1.0371530572130168e-09,1.0369524005077762e-09,1.036751997732049e-09,1.0365518481584963e-09,1.0363519510596656e-09,1.0361523057134898e-09,1.0359529113990663e-09,1.0357537673995798e-09,1.0355548730026021e-09,1.0353562274968921e-09,1.0351578301755993e-09,1.0349596803347765e-09,1.0347617772756785e-09,1.034564120296027e-09,1.034366708703454e-09,1.034169541806781e-09,1.0339726189167009e-09,1.0337759393487121e-09,1.0335795024189664e-09,1.0333833074485222e-09,1.0331873537610327e-09,1.0329916406832543e-09,1.0327961675439648e-09,1.0326009336763574e-09,1.032405938415222e-09,1.0322111810991503e-09,1.032016661068226e-09,1.0318223776668706e-09,1.0316283302416578e-09,1.0314345181426457e-09,1.0312409407228447e-09,1.0310475973367832e-09,1.0308544873418892e-09,1.0306616100968994e-09,1.0304689649683356e-09,1.0302765513195905e-09,1.0300843685232337e-09,1.029892415949342e-09,1.0297006929717465e-09,1.029509198967556e-09,1.0293179333167732e-09,1.0291268954009997e-09,1.0289360846055577e-09,1.0287455003178437e-09,1.0285551419279056e-09,1.0283650088285387e-09,1.0281751004148416e-09,1.027985416084544e-09,1.0277959552371353e-09,1.0276067172748396e-09,1.027417701606832e-09,1.0272289076381945e-09,1.0270403347793537e-09,1.026851982443097e-09,1.026663850045145e-09,1.0264759370026485e-09,1.0262882427362326e-09,1.026100766667718e-09,1.0259135082219545e-09,1.0257264668255702e-09,1.025539641909852e-09,1.0253530329061713e-09,1.025166639248315e-09,1.024980460373137e-09,1.024794495719697e-09,1.0246087447289595e-09,1.0244232068446537e-09,1.024237881513883e-09,1.0240527681828512e-09,1.0238678663048933e-09,1.0236831753278006e-09,1.023498694708351e-09,1.0233144239045151e-09,1.0231303623749806e-09,1.0229465095818695e-09,1.022762864986242e-09,1.0225794280567426e-09,1.0223961982605849e-09,1.0222131750674815e-09,1.0220303579494904e-09,1.0218477463807863e-09,1.0216653398380847e-09,1.0214831378001671e-09,1.021301139747232e-09,1.0211193451620496e-09,1.0209377535295636e-09,1.0207563643356986e-09,1.0205751770709086e-09,1.0203941912249603e-09,1.0202134062908198e-09,1.020032821764557e-09,1.0198524371410612e-09,1.0196722519201614e-09,1.0194922656022648e-09,1.0193124776908361e-09,1.0191328876902663e-09,1.0189534951081504e-09,1.0187742994528278e-09,1.018595300233171e-09,1.018416496964383e-09,1.0182378891597569e-09,4.903970017525926e-10,4.431195840193915e-10,4.705113541760629e-10,5.081467799847876e-10,5.459820634964274e-10,5.824298403308456e-10,6.172282122625166e-10,6.503335349119605e-10,6.817474866318154e-10,7.11488921329886e-10,7.395881395226272e-10,7.660846527246183e-10,7.910255405949409e-10,8.144639746807468e-10,8.364578599283392e-10,8.570685968182182e-10,8.763599703682166e-10,8.943971683846683e-10,9.112459273824044e-10,9.269718014835748e-10,9.416395472054118e-10,9.553126155580763e-10,9.680527417727138e-10,9.799196226935102e-10,9.909706717086847e-10,1.0012608414395008e-09,1.010842504855141e-09,1.0197653861231689e-09,1.0280765332562396e-09,1.035820325335452e-09,1.0430385079541755e-09,1.0497702511792662e-09,1.0560522251490594e-09,1.0619186890518733e-09,1.067401589860211e-09,1.0725306677673178e-09,1.0773335657572612e-09,1.0818359412302975e-09,1.0860615779173787e-09,1.090032496714263e-09,1.093769064334452e-09,1.0972900989797847e-09,1.100612972303366e-09,1.1037537072736264e-09,1.106727071594253e-09,1.1095466664845695e-09,1.1122250107288213e-09,1.1147736199516526e-09,1.1172030812130059e-09,1.119523122949767e-09,1.1217426804466728e-09,1.1238699569656385e-09,1.1259124807004718e-09,1.1278771578186424e-09,1.1297703216840315e-09,1.1315977785436972e-09,1.133364849849896e-09,1.1350764114221726e-09,1.1367369296774144e-09,1.13835049503717e-09,1.1399208528066391e-09,1.1414514316212392e-09,1.142945369658253e-09,1.1444055387773664e-09,1.145834566721948e-09,1.1472348575497021e-09,1.1486086104028788e-09,1.1499578367565604e-09,1.1512843762544406e-09,1.1525899112494564e-09,1.1538759801427017e-09,1.1551439896176608e-09,1.1563952258608417e-09,1.1576308648413506e-09,1.158851981749544e-09,1.1600595596132793e-09,1.161254497203603e-09,1.1624376162877903e-09,1.163609668257004e-09,1.1647713401818479e-09,1.1659232603732837e-09,1.1670660034544815e-09,1.1682000950112e-09,1.1693260158346232e-09,1.1704442058134814e-09,1.1715550674828751e-09,1.1726589692659501e-09,1.1737562484462845e-09,1.1748472138784382e-09,1.175932148465785e-09,1.1770113114231408e-09,1.1780849403466913e-09,1.1791532531022234e-09,1.180216449541201e-09,1.1812747130883759e-09,1.1823282121777023e-09,1.1833771015617912e-09,1.1844215234977374e-09,1.1854616088667862e-09,1.186497478154819e-09,1.1875292423683282e-09,1.1885570038582896e-09,1.1895808571048021e-09,1.190600889369613e-09,1.1916171813556054e-09,1.1926298077720856e-09,1.1936388378620219e-09,1.1946443358827563e-09,1.1956463615390796e-09,1.1966449703829558e-09,1.1976402141769202e-09,1.1986321412251492e-09,1.1996207966750136e-09,1.2006062227919767e-09,1.2015884592086462e-09,1.2025675431572017e-09,1.2035435096740684e-09,1.20451639179194e-09,1.2054862207119042e-09,1.206453025959372e-09,1.2074168355307747e-09,1.2083776760233945e-09,1.2093355727524197e-09,1.2102905498629082e-09,1.211242630426022e-09,1.2121918365312304e-09,1.2131381893659338e-09,1.2140817092939951e-09,1.2150224159190451e-09,1.2159603281515159e-09,1.2168954642597926e-09,1.2178278419282457e-09,1.2187574782992825e-09,1.2196843900164801e-09,1.2206085932640137e-09,1.221530103805257e-09,1.222448937013177e-09,1.2233651078943026e-09,1.2242786311253802e-09,1.2251895210760711e-09,1.2260977918078886e-09,1.2270034571357555e-09,1.227906530620145e-09,1.228807025587206e-09,1.229704955146022e-09,1.2306003322041978e-09,1.2314931694769715e-09,1.2323834795017428e-09,1.2332712746486507e-09,1.2341565671295141e-09,1.2350393690077032e-09,1.235919692204504e-09,1.2367975485077552e-09,1.2376729495784632e-09,1.2385459069574351e-09,1.2394164320701486e-09,1.2402845362322818e-09,1.2411502306502504e-09,1.2420135264388172e-09,1.242874434615811e-09,1.2437329660928562e-09,1.244589131708101e-09,1.2454429422026915e-09,1.2462944082363391e-09,1.2471435403896887e-09,1.247990349166627e-09,1.248834844986281e-09,1.249677038202567e-09,1.2505169390937053e-09,1.2513545578677152e-09,1.2521899046635462e-09,1.2530229895526568e-09,1.253853822540978e-09,1.254682413568765e-09,1.2555087725157663e-09,1.2563329091962223e-09,1.2571548333616804e-09,1.25797455471171e-09,1.2587920828801913e-09,1.2596074274463608e-09,1.260420597925358e-09,1.2612316037859286e-09,1.2620404544302965e-09,1.262847159208937e-09,1.2636517274131582e-09,1.2644541682982668e-09,1.2652544910630713e-09,1.2660527048405299e-09,1.2668488187156476e-09,1.2676428417217901e-09,1.2684347828465112e-09,1.269224651022425e-09,1.2700124551393832e-09,1.2707982040221652e-09,1.2715819064641618e-09,1.2723635712018342e-09,1.2731432069250308e-09,1.2739208222662274e-09,1.2746964258406904e-09,1.2754700261872184e-09,1.2762416318071621e-09,1.2770112511567557e-09,1.2777788926468093e-09,1.278544564642679e-09,1.2793082754649116e-09,1.280070033388913e-09,1.2808298466469785e-09,1.281587723426097e-09,1.2823436718694267e-09,1.2830977000791868e-09,1.2838498161143169e-09,1.2846000279879568e-09,1.2853483436762015e-09,1.28609477110895e-09,1.2868393181757619e-09,1.2875819927254375e-09,1.2883228025673478e-09,1.289061755463848e-09,1.2897988591405733e-09,1.2905341212887754e-09,1.291267549557205e-09,1.2919991515417789e-09,1.292728934814553e-09,1.2934569069043563e-09,1.2941830752992133e-09,1.2949074474504286e-09,1.2956300307701837e-09,1.2963508326327986e-09,1.2970698603764275e-09,1.297787121297045e-09,1.2985026226588808e-09,1.2992163716842063e-09,1.2999283755627864e-09,1.3006386414459129e-09,1.301347176448829e-09,1.3020539876507041e-09,1.3027590820944534e-09,1.3034624667886626e-09,1.3041641487059955e-09,1.304864134783823e-09,1.3055624319241318e-09,1.3062590469936502e-09,1.3069539868283527e-09,1.307647258228039e-09,1.308338867955269e-09,1.3090288227427087e-09,1.3097171292873927e-09,1.310403794256799e-09,1.311088824281174e-09,1.311772225959299e-09,1.3124540058602845e-09,1.3131341705133193e-09,1.3138127264214901e-09,1.3144896800515934e-09,1.315165037843874e-09,1.3158388062035534e-09,1.3165109915062075e-09,1.3171816000933282e-09,1.317850638277804e-09,1.318518112340363e-09,1.3191840285308796e-09,1.3198483930695384e-09,1.3205112121476746e-09,1.3211724919105453e-09,1.3218322385207521e-09,1.3224904580532476e-09,1.3231471565849072e-09,1.3238023401568434e-09,1.3244560147778633e-09,1.3251081864356746e-09,1.325758861082789e-09,1.3264080446446e-09,1.3270557430176008e-09,1.327701962071555e-09,1.3283467076459235e-09,1.3289899855545237e-09,1.3296318015780512e-09,1.3302721614815788e-09,1.3309110709918468e-09,1.3315485358109189e-09,1.3321845616166954e-09,1.3328191540537867e-09,1.3334523187452536e-09,1.3340840612889557e-09,1.3347143872497185e-09,1.3353433021714875e-09,1.3359708115710031e-09,1.3365969209424166e-09,1.3372216357421866e-09,1.3378449614131417e-09,1.3384669033686394e-09,1.3390874669968334e-09,1.3397066576600009e-09,1.3403244806957392e-09,1.3409409414170232e-09,1.341556045111515e-09,1.342169797042874e-09,1.3427822024495772e-09,1.3433932665461642e-09,1.3440029945228799e-09,1.344611391545806e-09,1.3452184627570436e-09,1.3458242132758815e-09,1.3464286481960895e-09,1.3470317725897615e-09,1.3476335915089024e-09,1.3482341099698982e-09,1.348833332978354e-09,1.3494312655130618e-09,1.3500279125306215e-09,1.3506232789619032e-09,1.351217369718841e-09,1.3518101896944779e-09,1.3524017437483928e-09,1.3529920367330902e-09,1.3535810734522865e-09,1.3541688587164464e-09,1.3547553973016454e-09,1.3553406939653169e-09,1.3559247534422102e-09,1.3565075804453202e-09,1.357089179663817e-09,1.3576695557732194e-09,1.3582487134173372e-09,1.3588266572304241e-09,1.3594033918186553e-09,1.359978921768168e-09,1.3605532516455536e-09,1.3611263859969881e-09,1.3616983293481008e-09,1.362269086201578e-09,1.3628386610444634e-09,1.3634070583418138e-09,1.3639742825388835e-09,1.3645403380616236e-09,1.365105229314867e-09,1.3656689606846334e-09,1.366231536537444e-09,1.3667929612217323e-09,1.3673532390633323e-09,1.3679123743709798e-09,1.3684703714337287e-09,1.3690272345343362e-09,1.369582967903935e-09,1.3701375757842223e-09,1.3706910623910817e-09,1.371243431933371e-09,1.3717946885622012e-09,1.3723448364496694e-09,1.372893879735374e-09,1.3734418225426138e-09,1.3739886689767153e-09,1.3745344231241283e-09,1.3750790890520165e-09,1.3756226708147803e-09,1.3761651724420905e-09,1.3767065979488086e-09,1.3772469513370819e-09,1.377786236597066e-09,1.3783244576717307e-09,1.3788616185172607e-09,1.379397723062889e-09,1.3799327752263024e-09,1.3804667788977606e-09,1.3809997379494995e-09,1.38153165624964e-09,1.3820625376403968e-09,1.3825923859561644e-09,1.3831212050058525e-09,1.3836489985869796e-09,1.384175770474134e-09,1.3847015244342507e-09,1.3852262641985143e-09,1.38574999352642e-09,1.3862727161191853e-09,1.38679443567595e-09,1.3873151558834307e-09,1.387834880400871e-09,1.38835361288678e-09,1.3888713569760904e-09,1.389388116293655e-09,1.389903894435117e-09,1.3904186949973302e-09,1.3909325215542597e-09,1.3914453776657241e-09,1.3919572668763444e-09,1.3924681927204815e-09,1.3929781586946903e-09,1.3934871683221567e-09,1.393995225079107e-09,1.3945023324321173e-09,1.3950084938432048e-09,1.3955137127506105e-09,1.396017992576517e-09,1.3965213367478309e-09,1.3970237486490496e-09,1.3975252316673073e-09,1.3980257891737378e-09,1.3985254245239209e-09,1.3990241410599352e-09,1.3995219421083691e-09,1.4000188309837134e-09,1.4005148109848628e-09,1.4010098853985033e-09,1.4015040574964304e-09,1.4019973305385864e-09,1.4024897077760407e-09,1.4029811924284989e-09,1.4034717877195549e-09,1.4039614968549456e-09,1.4044503230269999e-09,1.4049382694152053e-09,1.4054253391836417e-09,1.4059115354851448e-09,1.4063968614590088e-09,1.4068813202308484e-09,1.4073649149150718e-09,1.4078476486123753e-09,1.4083295244105479e-09,1.4088105453858602e-09,1.4092907146002013e-09,1.4097700351036162e-09,1.4102485099325068e-09,1.4107261421149777e-09,1.411202934662721e-09,1.4116788905835137e-09,1.4121540128560514e-09,1.412628304448801e-09,1.4131017683328274e-09,1.4135744074617428e-09,1.4140462247798408e-09,1.4145172232107005e-09,1.4149874056709417e-09,1.4154567750593002e-09,1.4159253342773085e-09,1.4163930862007404e-09,1.4168600336986164e-09,1.4173261796283846e-09,1.4177915268353684e-09,1.4182560781571637e-09,1.4187198364123237e-09,1.419182804411568e-09,1.4196449849564955e-09,1.4201063808357334e-09,1.4205669948270332e-09,1.421026829696819e-09,1.4214858881999674e-09,1.421944173081702e-09,1.422401687085745e-09,1.4228584329106567e-09,1.4233144132796596e-09,1.423769630891836e-09,1.4242240884405856e-09,1.424677788607072e-09,1.4251307340515453e-09,1.4255829274285459e-09,1.4260343713909378e-09,1.4264850685787677e-09,1.4269350216086345e-09,1.4273842330989922e-09,1.4278327056661473e-09,1.428280441893526e-09,1.4287274443730945e-09,1.4291737156696261e-09,1.4296192583520514e-09,1.4300640749711432e-09,1.4305081680722874e-09,1.4309515401907654e-09,1.4313941938474427e-09,1.4318361315548378e-09,1.432277355820266e-09,1.4327178691357195e-09,1.4331576739850917e-09,1.4335967728402948e-09,1.4340351681684918e-09,1.4344728624229204e-09,1.4349098580514937e-09,1.4353461574875122e-09,1.4357817631703047e-09,1.4362166774884194e-09,1.4366509028638904e-09,1.4370844417179256e-09,1.4375172963971265e-09,1.4379494692937442e-09,1.4383809627856483e-09,1.438811779217204e-09,1.4392419209500835e-09,1.43967139032571e-09,1.4401001896774666e-09,1.4405283213285014e-09,1.4409557875936675e-09,1.4413825907729794e-09,1.4418087331693193e-09,1.4422342170743659e-09,1.4426590447610052e-09,1.443083218500098e-09,1.4435067405603142e-09,1.4439296131821255e-09,1.4443518386122916e-09,1.4447734190891086e-09,1.4451943568342326e-09,1.4456146540680008e-09,1.4460343130037252e-09,1.4464533358389528e-09,1.446871724755963e-09,1.4472894819486064e-09,1.4477066095909101e-09,1.4481231098497699e-09,1.4485389848838648e-09,1.4489542368434568e-09,1.44936886787063e-09,1.44978288009925e-09,1.4501962756549228e-09,1.4506090566550836e-09,1.4510212252093642e-09,1.4514327834189668e-09,1.451843733377216e-09,1.452254077169354e-09,1.452663816872714e-09,1.453072954556708e-09,1.4534814922827894e-09,1.4538894321046808e-09,1.4542967760681204e-09,1.4547035262111517e-09,1.4551096845640139e-09,1.4555152531492324e-09,1.4559202339817748e-09,1.4563246290687151e-09,1.4567284404094237e-09,1.4571316699964257e-09,1.4575343198167986e-09,1.4579363918416511e-09,1.4583378880433196e-09,1.458738810383873e-09,1.4591391608177733e-09,1.459538941291922e-09,1.459938153746361e-09,1.460336800113591e-09,1.4607348823190443e-09,1.4611324022803354e-09,1.4615293619085057e-09,1.4619257631067924e-09,1.4623216077722216e-09,1.462716897793001e-09,1.463111635053283e-09,1.4635058214250128e-09,1.4638994587776894e-09,1.464292548972405e-09,1.4646850938631153e-09,1.4650770952974794e-09,1.465468555115091e-09,1.4658594751492376e-09,1.466249857225791e-09,1.4666397031653306e-09,1.467029014781379e-09,1.4674177938774052e-09,1.467806042254025e-09,1.4681937617042053e-09,1.4685809540143962e-09,1.4689676209627604e-09,1.469353764321595e-09,1.4697393858572122e-09,1.4701244873286949e-09,1.4705090704892038e-09,1.470893137084936e-09,1.4712766888558742e-09,1.471659727534221e-09,1.472042254848239e-09,1.4724242725159953e-09,1.4728057822564857e-09,1.4731867857718658e-09,1.4735672847703446e-09,1.473947280942708e-09,1.4743267759803619e-09,1.474705771562796e-09,1.4750842693693728e-09,1.475462271069893e-09,1.475839778327792e-09,1.476216792800336e-09,1.476593316142672e-09,1.4769693499975287e-09,1.4773448960101505e-09,1.4777199558062997e-09,1.4780945310169606e-09,1.4784686232640777e-09,1.4788422341626707e-09,1.4792153653242835e-09,1.479588018350945e-09,1.4799601948420892e-09,1.4803318963901486e-09,1.4807031245809359e-09,1.4810738809947666e-09,1.481444167206604e-09,1.4818139847844441e-09,1.4821833352924216e-09,1.4825522202899204e-09,1.4829206413301245e-09,1.483288599954545e-09,1.4836560977034224e-09,1.484023136114638e-09,1.484389716728049e-09,1.4847558410479603e-09,1.485121510602207e-09,1.485486726897167e-09,1.4858514914438554e-09,1.4862158057385373e-09,1.486579671291591e-09,1.4869430895863799e-09,1.4873060621077903e-09,1.4876685903363594e-09,1.4880306757477205e-09,1.4883923198146533e-09,1.4887535239918605e-09,1.4891142897409799e-09,1.4894746185155215e-09,1.4898345117564771e-09,1.490193970913589e-09,1.4905529974265438e-09,1.4909115927241165e-09,1.491269758236045e-09,1.491627495389525e-09,1.4919848056003878e-09,1.4923416902940372e-09,1.4926981508616408e-09,1.4930541887169806e-09,1.4934098052417021e-09,1.4937650018276539e-09,1.4941197798640935e-09,1.4944741407327184e-09,1.4948280858101057e-09,1.4951816164676035e-09,1.495534734073031e-09,1.4958874399886594e-09,1.4962397355680511e-09,1.4965916221644737e-09,1.4969431011310416e-09,1.4972941738036141e-09,1.4976448415233286e-09,1.4979951056104483e-09,1.4983449674185596e-09,1.4986944282505114e-09,1.4990434894318815e-09,1.4993921522868727e-09,1.4997404181155716e-09,1.500088288222605e-09,1.500435763907999e-09,1.500782846468542e-09,1.5011295371793683e-09,1.5014758373550248e-09,1.5018217482628734e-09,1.5021672711799405e-09,1.5025124073786313e-09,1.5028571581269288e-09,1.5032015246881796e-09,1.5035455083213582e-09,1.5038891102809581e-09,1.5042323318169172e-09,1.5045751741748178e-09,1.5049176385978028e-09,1.505259726320441e-09,1.5056014385759716e-09,1.5059427765927662e-09,1.5062837415923758e-09,1.5066243347967904e-09,1.5069645574189293e-09,1.5073044106665963e-09,1.5076438957495326e-09,1.5079830138751521e-09,1.5083217662364515e-09,1.5086601540215053e-09,1.50899817842583e-09,1.5093358406336788e-09,1.5096731418280784e-09,1.510010083184339e-09,1.5103466658642619e-09,1.5106828910572485e-09,1.5110187599185317e-09,1.511354273608485e-09,1.5116894332822385e-09,1.5120242400941693e-09,1.512358695192506e-09,1.5126927997208194e-09,1.5130265548171856e-09,1.5133599616211384e-09,1.5136930212635314e-09,1.5140257348706084e-09,1.5143581035702095e-09,1.5146901284791489e-09,1.5150218107174293e-09,1.5153531513957034e-09,1.5156841516220877e-09,1.516014812500549e-09,1.5163451351332307e-09,1.5166751206172998e-09,1.5170047700458878e-09,1.5173340845097436e-09,1.5176630650911659e-09,1.5179917128734247e-09,1.518320028936178e-09,1.5186480143508238e-09,1.5189756701983507e-09,1.5193029975305923e-09,1.5196299974146832e-09,1.5199566709124113e-09,1.5202830190788267e-09,1.5206090429621868e-09,1.5209347436185999e-09,1.5212601220832028e-09,1.5215851794082513e-09,1.5219099166363125e-09,1.52223433477968e-09,1.5225584348807062e-09,1.5228822179644551e-09,1.5232056850526586e-09,1.5235288371670125e-09,1.5238516753228815e-09,1.5241742005348438e-09,1.5244964138085674e-09,1.5248183161499804e-09,1.525139908562156e-09,1.525461192044011e-09,1.5257821675895432e-09,1.526102836192538e-09,1.5264231988387569e-09,1.5267432565135149e-09,1.527063010198897e-09,1.5273824608731114e-09,1.5277016095089632e-09,1.5280204570868422e-09,1.5283390045581748e-09,1.528657252898541e-09,1.5289752030668399e-09,1.5292928560254477e-09,1.5296102127196027e-09,1.5299272741064285e-09,1.5302440411321847e-09,1.5305605147436278e-09,1.5308766958808527e-09,1.5311925854833367e-09,1.5315081844867254e-09,1.5318234938208008e-09,1.5321385144143435e-09,1.532453247187912e-09,1.5327676930740523e-09,1.5330818529891907e-09,1.5333957278422298e-09,1.5337093185530685e-09,1.5340226260334413e-09,1.5343356511864838e-09,1.5346483949146423e-09,1.5349608581203203e-09,1.5352730417083235e-09,1.5355849465571437e-09,1.5358965735755817e-09,1.5362079236207164e-09,1.5365189976067678e-09,1.5368297964072203e-09,1.5371403209015918e-09,1.5374505719652541e-09,1.53776055046575e-09,1.5380702572846344e-09,1.538379693283438e-09,1.5386888593263748e-09,1.5389977562744642e-09,1.5393063849861336e-09,1.5396147463167321e-09,1.5399228411127364e-09,1.5402306702307704e-09,1.5405382345229244e-09,1.540845534824598e-09,1.5411525720014099e-09,1.5414593468443212e-09,1.5417658602136296e-09,1.54207211294401e-09,1.542378105857841e-09,1.5426838397944562e-09,1.5429893155598665e-09,1.543294533996941e-09,1.5435994959097569e-09,1.543904202103873e-09,1.544208653403542e-09,1.5445128506186403e-09,1.5448167945540243e-09,1.5451204860186321e-09,1.545423925814794e-09,1.5457271147315663e-09,1.5460300535771824e-09,1.546332743142549e-09,1.5466351842179407e-09,1.5469373775878476e-09,1.5472393240401013e-09,1.5475410243573408e-09,1.5478424793216428e-09,1.5481436897158807e-09,1.5484446563036834e-09,1.5487453798627601e-09,1.5490458611630506e-09,1.5493461009565527e-09,1.5496461000221253e-09,1.5499458591367874e-09,1.5502453790483258e-09,1.550544660509025e-09,1.5508437042781257e-09,1.5511425111041828e-09,1.5514410817571306e-09,1.5517394169270856e-09,1.5520375174146992e-09,1.552335383938615e-09,1.5526330172414476e-09,1.5529304180626375e-09,1.5532275871324531e-09,1.5535245251791008e-09,1.5538212329422868e-09,1.5541177111566623e-09,1.5544139605326134e-09,1.5547099817829994e-09,1.5550057756190573e-09,1.5553013427967036e-09,1.5555966840163347e-09,1.5558917999776937e-09,1.5561866913990938e-09,1.5564813589866837e-09,1.5567758034465681e-09,1.5570700254835974e-09,1.5573640257929768e-09,1.5576578050760502e-09,1.5579513640281876e-09,1.5582447033421081e-09,1.5585378237116335e-09,1.5588307258214943e-09,1.5591234103629052e-09,1.5594158780180352e-09,1.5597081294781211e-09,1.560000165389935e-09,1.5602919864698318e-09,1.560583593378031e-09,1.5608749867844856e-09,1.5611661673643391e-09,1.5614571357851696e-09,1.561747892711929e-09,1.5620384388282236e-09,1.562328774757082e-09,1.5626189011778953e-09,1.56290881874783e-09,1.5631985281220661e-09,1.563488029950971e-09,1.563777324890929e-09,1.5640664135877934e-09,1.5643552966852266e-09,1.5646439748319544e-09,1.5649324486670343e-09,1.5652207188321492e-09,1.5655087859659978e-09,1.5657966507032467e-09,1.5660843136796778e-09,1.5663717755213595e-09,1.5666590368579128e-09,1.5669460983471282e-09,1.5672329605604899e-09,1.567519624151027e-09,1.567806089729712e-09,1.5680923579302052e-09,1.568378429361996e-09,1.5686643046401554e-09,1.568949984377657e-09,1.5692354691855689e-09,1.5695207596729878e-09,1.569805856447109e-09,1.5700907601110885e-09,1.570375471269854e-09,1.5706599905221881e-09,1.5709443184679591e-09,1.5712284557081737e-09,1.5715124028295986e-09,1.571796160430758e-09,1.5720797290996127e-09,1.5723631094386175e-09,1.572646302010989e-09,1.5729293074137542e-09,1.5732121262238388e-09,1.5734947590352508e-09,1.5737772064259032e-09,1.5740594689632554e-09,1.5743415472342952e-09,1.5746234418000003e-09,1.5749051532489576e-09,1.5751866821408126e-09,1.5754680290364972e-09,1.5757491945137569e-09,1.5760301791230588e-09,1.5763109834349274e-09,1.576591608009978e-09,1.57687205339985e-09,1.5771523201763324e-09,1.5774324088878923e-09,1.5777123200872054e-09,1.5779920543240524e-09,1.5782716121490205e-09,1.5785509941154307e-09,1.5788302007585855e-09,1.5791092326274267e-09,1.5793880902741095e-09,1.5796667742194509e-09,1.5799452850122597e-09,1.5802236231843781e-09,1.5805017892813376e-09,1.5807797838314773e-09,1.5810576073671145e-09,1.5813352604169658e-09,1.5816127435091116e-09,1.5818900571721773e-09,1.582167201929397e-09,1.582444178275395e-09,1.5827209867887177e-09,1.5829976279603947e-09,1.583274102308139e-09,1.5835504103482632e-09,1.5838265525918429e-09,1.5841025295585656e-09,1.5843783417561745e-09,1.5846539896935564e-09,1.5849294738796156e-09,1.5852047948194401e-09,1.5854799530186029e-09,1.585754948979304e-09,1.5860297832024142e-09,1.5863044561859246e-09,1.5865789684312705e-09,1.5868533204331242e-09,1.5871275126861555e-09,1.5874015456825872e-09,1.5876754199218936e-09,1.5879491358805851e-09,1.5882226940523025e-09,1.5884960949255803e-09,1.588769338984389e-09,1.589042426711677e-09,1.5893153585885927e-09,1.5895881350964351e-09,1.5898607567137082e-09,1.5901332239176304e-09,1.5904055371846388e-09,1.590677696987876e-09,1.5909497037995746e-09,1.5912215580904353e-09,1.5914932603289332e-09,1.591764810986453e-09,1.5920362105275686e-09,1.592307459417607e-09,1.5925785581198971e-09,1.5928495070952835e-09,1.593120306803698e-09,1.5933909577052204e-09,1.5936614602569983e-09,1.5939318149144334e-09,1.5942020221118658e-09,1.5944720823398327e-09,1.594741996034927e-09,1.595011763643407e-09,1.5952813856146628e-09,1.5955508623955786e-09,1.5958201944318007e-09,1.5960893821678962e-09,1.596358426046708e-09,1.5966273265087519e-09,1.5968960839938772e-09,1.5971646989395387e-09,1.5974331717823734e-09,1.5977015029611127e-09,1.5979696929057708e-09,1.5982377420510098e-09,1.5985056508282054e-09,1.5987734196679893e-09,1.5990410489985078e-09,1.5993085392462729e-09,1.599575890833991e-09,1.5998431041920722e-09,1.60011017973939e-09,1.6003771178994991e-09,1.6006439190920519e-09,1.6009105837336107e-09,1.601177112244393e-09,1.6014435050377165e-09,1.6017097625310319e-09,1.601975885138557e-09,1.6022418732702704e-09,1.6025077273377034e-09,1.6027734477512112e-09,1.6030390349179023e-09,1.6033044892447584e-09,1.6035698111381284e-09,1.6038350010007558e-09,1.6041000592343804e-09,1.6043649862435997e-09,1.6046297824275891e-09,1.6048944481844825e-09,1.6051589839123261e-09,1.605423390007551e-09,1.6056876668652337e-09,1.6059518148792159e-09,1.6062158344420063e-09,1.6064797259449647e-09,1.6067434897779413e-09,1.6070071263283515e-09,1.6072706359871336e-09,1.6075340191381378e-09,1.6077972761668263e-09,1.6080604074554372e-09,1.6083234133894174e-09,1.6085862943486783e-09,1.6088490507131951e-09,1.6091116828619133e-09,1.609374191172321e-09,1.6096365760192792e-09,1.6098988377794858e-09,1.6101609768285955e-09,1.610422993539534e-09,1.6106848882796899e-09,1.610946661423049e-09,1.6112083133370972e-09,1.6114698443901148e-09,1.6117312549491866e-09,1.6119925453812575e-09,1.6122537160477283e-09,1.6125147673157524e-09,1.6127756995414704e-09,1.613036513091398e-09,1.6132972083227319e-09,1.6135577855932998e-09,1.6138182452632612e-09,1.6140785876876408e-09,1.6143388132217102e-09,1.6145989222177675e-09,1.6148589150235465e-09,1.6151187920051533e-09,1.615378553503461e-09,1.6156381998706501e-09,1.6158977314543678e-09,1.6161571486012802e-09,1.6164164516601749e-09,1.6166756409725362e-09,1.6169347168838053e-09,1.6171936797365233e-09,1.6174525298731855e-09,1.6177112676348355e-09,1.617969893358584e-09,1.6182284073836096e-09,1.6184868100497695e-09,1.6187451016906067e-09,1.6190032826412566e-09,1.619261353238485e-09,1.6195193138130944e-09,1.6197771647016428e-09,1.6200349062303173e-09,1.6202925387356145e-09,1.6205500625311028e-09,1.6208074779525043e-09,1.6210647853272938e-09,1.6213219849822446e-09,1.6215790772383683e-09,1.6218360624232544e-09,1.6220929408578328e-09,1.62234971286235e-09,1.6226063787607627e-09,1.622862938870635e-09,1.6231193935098866e-09,1.6233757429957234e-09,1.623631987645143e-09,1.623888127772977e-09,1.6241441636932633e-09,1.6244000957201569e-09,1.6246559241649818e-09,1.6249116493393511e-09,1.6251672715534544e-09,1.625422791117278e-09,1.625678208338269e-09,1.6259335235246618e-09,1.6261887369827918e-09,1.6264438490174509e-09,1.6266988599331573e-09,1.6269537700329796e-09,1.6272085796203573e-09,1.6274632889965154e-09,1.6277178984617592e-09,1.6279724083157537e-09,1.6282268188570274e-09,1.6284811303834429e-09,1.6287353431898e-09,1.628989457567163e-09,1.6292434738245357e-09,1.6294973922378236e-09,1.6297512131197866e-09,1.6300049367529193e-09,1.6302585634283252e-09,1.6305120934383495e-09,1.6307655270648258e-09,1.6310188646008684e-09,1.631272106339968e-09,1.6315252525599885e-09,1.6317783035471322e-09,1.6320312595936143e-09,1.6322841209780046e-09,1.63253688797551e-09,1.6327895608797542e-09,1.633042139962549e-09,1.6332946255143766e-09,1.6335470178090382e-09,1.633799317118768e-09,1.634051523730397e-09,1.6343036379216408e-09,1.6345556599626217e-09,1.6348075901305945e-09,1.6350594287003922e-09,1.6353111759432243e-09,1.6355628321256545e-09,1.635814397530031e-09,1.6360658724227822e-09,1.6363172570723536e-09,1.6365685517494918e-09,1.6368197567179786e-09,1.6370708722455678e-09,1.637321898600515e-09,1.63757283603371e-09,1.6378236848372191e-09,1.6380744452586343e-09,1.6383251175507056e-09,1.6385757019976679e-09,1.63882619885198e-09,1.6390766083751003e-09,1.6393269308219896e-09,1.6395771664432564e-09,1.639827315515903e-09,1.640077378289192e-09,1.6403273550165649e-09,1.640577245955354e-09,1.640827051348985e-09,1.6410767714679873e-09,1.6413264065640759e-09,1.6415759568832658e-09,1.6418254226781877e-09,1.6420748041996572e-09,1.642324101697294e-09,1.6425733154199605e-09,1.6428224456158707e-09,1.6430714925325071e-09,1.6433204564164067e-09,1.643569337513451e-09,1.6438181360686734e-09,1.6440668523263753e-09,1.6443154865299963e-09,1.644564038943174e-09,1.6448125097642283e-09,1.6450608992596167e-09,1.645309207666879e-09,1.6455574352266739e-09,1.6458055821767042e-09,1.6460536487452372e-09,1.6463016351886877e-09,1.6465495417358146e-09,1.6467973686218935e-09,1.647045116083369e-09,1.6472927843530874e-09,1.6475403736490608e-09,1.6477878842360228e-09,1.6480353163289384e-09,1.6482826701616848e-09,1.6485299459641203e-09,1.6487771439640764e-09,1.6490242643947768e-09,1.6492713074839902e-09,1.649518273454709e-09,1.6497651625389272e-09,1.650011974959985e-09,1.6502587109460546e-09,1.6505053707205769e-09,1.650751954510457e-09,1.6509984625341716e-09,1.6512448950221405e-09,1.6514912521886782e-09,1.6517375342608827e-09,1.6519837414532066e-09,1.6522298739892142e-09,1.6524759320622406e-09,1.6527219159425913e-09,1.6529678258199606e-09,1.6532136619162405e-09,1.6534594244461317e-09,1.653705113624553e-09,1.6539507296664417e-09,1.654196272786847e-09,1.6544417432018545e-09,1.6546871411217106e-09,1.6549324667542254e-09,1.655177720321561e-09,1.6554229020294003e-09,1.6556680120886597e-09,1.6559130507088907e-09,1.6561580180996663e-09,1.6564029144698197e-09,1.6566477400249795e-09,1.65689249495424e-09,1.657137179525377e-09,1.6573817938824181e-09,1.6576263382489705e-09,1.6578708128349873e-09,1.658115217838294e-09,1.6583595534285713e-09,1.658603819879131e-09,1.6588480173586191e-09,1.659092146065699e-09,1.6593362062052368e-09,1.6595801979722063e-09,1.6598241215683881e-09,1.6600679771935114e-09,1.6603117650447502e-09,1.6605554853196846e-09,1.6607991382151814e-09,1.6610427239268282e-09,1.6612862426519174e-09,1.6615296945846949e-09,1.6617730799196289e-09,1.6620163988497823e-09,1.6622596515692635e-09,1.6625028382694263e-09,1.6627459591432136e-09,1.6629890143844334e-09,1.663232004181725e-09,1.6634749287253507e-09,1.6637177882048965e-09,1.6639605828093697e-09,1.6642033127276737e-09,1.664445978146687e-09,1.6646885792540999e-09,1.6649311162398305e-09,1.6651735892834587e-09,1.6654159985733277e-09,1.6656583442949828e-09,1.66590062663238e-09,1.6661428457693017e-09,1.6663850018888367e-09,1.6666270951736809e-09,1.6668691258049216e-09,1.66711109396479e-09,1.667352999834765e-09,1.6675948435944768e-09,1.6678366254233947e-09,1.6680783455011094e-09,1.6683200040060236e-09,1.6685616011162897e-09,1.6688031370083179e-09,1.669044611862876e-09,1.6692860258509533e-09,1.6695273791508344e-09,1.6697686719400723e-09,1.6700099043878001e-09,1.6702510766719293e-09,1.6704921889690225e-09,1.6707332414720693e-09,1.670974234305489e-09,1.6712151676723184e-09,1.6714560417304408e-09,1.6716968566551023e-09,1.6719376126218276e-09,1.6721783097990743e-09,1.6724189483545657e-09,1.672659528454051e-09,1.6729000502703107e-09,1.6731405139742158e-09,1.6733809197283403e-09,1.6736212676968665e-09,1.6738615580504564e-09,1.674101790949807e-09,1.6743419665626711e-09,1.6745820850566208e-09,1.6748221465900142e-09,1.6750621513382602e-09,1.6753020994463918e-09,1.6755419910930352e-09,1.675781826423266e-09,1.6760216056122878e-09,1.6762613288157407e-09,1.676500996192576e-09,1.6767406078736565e-09,1.6769801640872667e-09,1.6772196649315537e-09,1.6774591105727892e-09,1.6776985012205367e-09,1.677937836997485e-09,1.67817711805763e-09,1.678416344559169e-09,1.6786555166586694e-09,1.678894634490934e-09,1.6791336982518534e-09,1.6793727080583747e-09,1.6796116640612216e-09,1.6798505664719665e-09,1.680089415407309e-09,1.6803282109883245e-09,1.680566953428719e-09,1.6808056428479193e-09,1.681044279380403e-09,1.681282863184156e-09,1.6815213944255925e-09,1.6817598732448124e-09,1.6819982998478451e-09,1.6822366743098292e-09,1.6824749967957439e-09,1.682713267428365e-09,1.6829514864140973e-09,1.6831896538377923e-09,1.6834277698840223e-09,1.6836658347156463e-09,1.6839038484218944e-09,1.684141811183786e-09,1.684379723177191e-09,1.684617584480713e-09,1.684855395302071e-09,1.6850931557267869e-09,1.6853308659455566e-09,1.6855685260730199e-09,1.6858061362639235e-09,1.686043696645914e-09,1.6862812073722663e-09,1.6865186685790544e-09,1.6867560804069391e-09,1.6869934429954563e-09,1.687230756480253e-09,1.6874680210034634e-09,1.6877052367030269e-09,1.6879424037166954e-09,1.6881795221875132e-09,1.688416592240325e-09,1.6886536140044547e-09,1.688890587645812e-09,1.689127513286176e-09,1.6893643910583875e-09,1.689601221099558e-09,1.6898380035435034e-09,1.6900747385242028e-09,1.6903114261767455e-09,1.6905480666319906e-09,1.6907846600256907e-09,1.6910212064870318e-09,1.6912577061486067e-09,1.6914941591451089e-09,1.6917305656110388e-09,1.6919669256659804e-09,1.692203239447025e-09,1.692439507094181e-09,1.6926757287175733e-09,1.6929119044540393e-09,1.6931480344248612e-09,1.6933841187752509e-09,1.693620157628836e-09,1.693856151105086e-09,1.694092099351307e-09,1.69432800248143e-09,1.6945638606177813e-09,1.694799673875651e-09,1.695035442392203e-09,1.695271166294223e-09,1.695506845705386e-09,1.695742480731025e-09,1.695978071533524e-09,1.6962136182176618e-09,1.6964491209048546e-09,1.6966845797222428e-09,1.6969199947912951e-09,1.697155366214086e-09,1.6973906941493986e-09,1.6976259787011733e-09,1.6978612199607635e-09,1.6980964180855884e-09,1.6983315732082527e-09,1.69856668542631e-09,1.6988017548669015e-09,1.699036781639882e-09,1.6992717658678638e-09,1.6995067076750806e-09,1.6997416071691726e-09,1.6999764644764811e-09,1.7002112797051976e-09,1.7004460529800276e-09,1.7006807844140718e-09,1.7009154741221622e-09,1.7011501222252858e-09,1.7013847288282626e-09,1.7016192940587322e-09,1.701853818023709e-09,1.7020883008435726e-09,1.7023227426251327e-09,1.7025571434916227e-09,1.7027915035442424e-09,1.7030258229106685e-09,1.7032601016872414e-09,1.7034943399936803e-09,1.7037285379389887e-09,1.7039626956341354e-09,1.7041968132004598e-09,1.70443089074377e-09,1.7046649283670063e-09,1.7048989262002414e-09,1.7051328843298336e-09,1.7053668028746442e-09,1.7056006819371756e-09,1.705834521641257e-09,1.7060683220897836e-09,1.7063020833845385e-09,1.7065358056391354e-09,1.706769488956286e-09,1.7070031334480977e-09,1.7072367392196847e-09,1.7074703063768642e-09,1.7077038350273607e-09,1.707937325273074e-09,1.708170777221759e-09,1.7084041909715014e-09,1.7086375666430504e-09,1.7088709043359817e-09,1.7091042041437062e-09,1.7093374661765955e-09,1.7095706905422114e-09,1.7098038773384227e-09,1.71003702666863e-09,1.7102701386250148e-09,1.7105032133316197e-09,1.710736250879342e-09,1.710969251366966e-09,1.711202214908445e-09,1.7114351415893375e-09,1.7116680315166802e-09,1.7119008847898795e-09,1.7121337015195549e-09,1.7123664817846275e-09,1.712599225693993e-09,1.712831933349698e-09,1.7130646048492044e-09,1.7132972402878973e-09,1.7135298397707015e-09,1.713762403383376e-09,1.7139949312343607e-09,1.714227423410748e-09,1.7144598800435936e-09,1.7146923011885524e-09,1.7149246869599176e-09,1.7151570374391606e-09,1.7153893527366237e-09,1.715621632939916e-09,1.715853878146475e-09,1.7160860884433565e-09,1.7163182639427974e-09,1.7165504047324696e-09,1.7167825109071441e-09,1.7170145825538585e-09,1.7172466197616848e-09,1.7174786226480407e-09,1.7177105913107417e-09,1.7179425257923995e-09,1.7181744262102281e-09,1.718406292660356e-09,1.7186381252450082e-09,1.7188699240372448e-09,1.7191016891360718e-09,1.7193334206608632e-09,1.7195651186381138e-09,1.7197967831969976e-09,1.7200284144245472e-09,1.7202600124057101e-09,1.7204915772379088e-09,1.7207231090028489e-09,1.7209546077890875e-09,1.7211860736992632e-09,1.721417506801254e-09,1.7216489071960966e-09,1.7218802749657377e-09,1.7221116101998403e-09,1.7223429129852469e-09,1.7225741834089976e-09,1.7228054215577617e-09,1.7230366275250185e-09,1.7232678013612112e-09,1.7234989432107095e-09,1.7237300531149935e-09,1.7239611311797136e-09,1.7241921774839507e-09,1.7244231921199068e-09,1.724654175157629e-09,1.7248851266874765e-09,1.7251160467944738e-09,1.7253469355613594e-09,1.7255777930681544e-09,1.7258086194069677e-09,1.7260394146557995e-09,1.7262701788979998e-09,1.726500912211842e-09,1.7267316146901116e-09,1.7269622864072236e-09,1.7271929274429282e-09,1.727423537894404e-09,1.7276541178162743e-09,1.7278846673040647e-09,1.7281151864462626e-09,1.7283456753043501e-09,1.7285761339682985e-09,1.7288065625187287e-09,1.7290369610330437e-09,1.7292673295934668e-09,1.7294976682779086e-09,1.7297279771644349e-09,1.7299582563329272e-09,1.7301885058637218e-09,1.730418725828234e-09,1.7306489163097436e-09,1.7308790773887738e-09,1.7311092091373201e-09,1.7313393116282812e-09,1.7315693849525853e-09,1.7317994291796224e-09,1.7320294443918295e-09,1.7322594306631547e-09,1.7324893880522147e-09,1.7327193166454793e-09,1.7329492165327237e-09,1.7331790877732706e-09,1.733408930444088e-09,1.733638744629354e-09,1.7338685303945742e-09,1.7340982877974024e-09,1.7343280169445553e-09,1.7345577178996516e-09,1.7347873907324307e-09,1.7350170355159268e-09,1.7352466523255388e-09,1.7354762412464051e-09,1.7357058023276934e-09,1.7359353356510858e-09,1.7361648412932952e-09,1.736394319321813e-09,1.7366237698104478e-09,1.7368531928310988e-09,1.7370825884546938e-09,1.7373119567532471e-09,1.7375412977975162e-09,1.737770611657026e-09,1.737999898404186e-09,1.7382291581071714e-09,1.7384583908416044e-09,1.7386875966648688e-09,1.7389167756938571e-09,1.7391459279237206e-09,1.7393750534626652e-09,1.7396041523749556e-09,1.7398332247340374e-09,1.7400622706021137e-09,1.7402912900508366e-09,1.740520283148287e-09,1.7407492499625113e-09,1.7409781905615952e-09,1.7412071050103853e-09,1.7414359933804593e-09,1.741664855764809e-09,1.7418936921761114e-09,1.7421225027080848e-09,1.7423512874272725e-09,1.742580046394323e-09,1.74280877968869e-09,1.7430374873617695e-09,1.7432661694876239e-09,1.743494826128944e-09,1.7437234573530015e-09,1.7439520632239836e-09,1.7441806437985091e-09,1.7444091991574025e-09,1.7446377293571366e-09,1.7448662344591824e-09,1.7450947145332592e-09,1.7453231696405189e-09,1.7455515998445299e-09,1.7457800052182786e-09,1.7460083858219594e-09,1.746236741696561e-09,1.746465072923738e-09,1.7466933795607266e-09,1.7469216616710684e-09,1.747149919312311e-09,1.7473781525601267e-09,1.7476063614655749e-09,1.747834546101705e-09,1.748062706518751e-09,1.748290842784308e-09,1.7485189549618253e-09,1.7487470431054757e-09,1.748975107275144e-09,1.7492031475432462e-09,1.7494311639522361e-09,1.7496591565714513e-09,1.7498871254608636e-09,1.7501150706878124e-09,1.7503429922970668e-09,1.7505708903477952e-09,1.750798764906282e-09,1.751026616042363e-09,1.751254443790749e-09,1.751482248234541e-09,1.7517100294156733e-09,1.7519377873994828e-09,1.752165522243782e-09,1.7523932340080262e-09,1.7526209227544813e-09,1.752848588529864e-09,1.7530762313958785e-09,1.7533038514115807e-09,1.7535314486348847e-09,1.753759023125224e-09,1.7539865749354863e-09,1.75421410412407e-09,1.7544416107440015e-09,1.7546690948488056e-09,1.7548965564981728e-09,1.7551239957492012e-09,1.7553514126618695e-09,1.755578807281781e-09,1.7558061796699346e-09,1.75603352988488e-09,1.7562608579816396e-09,1.7564881640114005e-09,1.756715448021084e-09,1.7569427100780346e-09,1.7571699502308022e-09,1.757397168540852e-09,1.7576243650510925e-09,1.7578515398216821e-09,1.7580786929076655e-09,1.758305824350616e-09,1.7585329342269065e-09,1.7587600225661168e-09,1.7589870894591961e-09,1.7592141349000243e-09,1.7594411589740029e-09,1.7596681617282209e-09,1.7598951432209792e-09,1.7601221035023646e-09,1.7603490426135817e-09,1.7605759606625941e-09,1.760802857632847e-09,1.7610297335904557e-09,1.7612565886305062e-09,1.7614834227389558e-09,1.7617102359949304e-09,1.7619370284468427e-09,1.762163800157244e-09,1.762390551166423e-09,1.7626172815246427e-09,1.762843991288104e-09,1.7630706805290243e-09,1.7632973492458945e-09,1.7635239975136838e-09,1.7637506253880691e-09,1.7639772329422411e-09,1.764203820165525e-09,1.764430387144243e-09,1.7646569339453647e-09,1.764883460584746e-09,1.7651099671094053e-09,1.7653364535804117e-09,1.7655629200466613e-09,1.765789366556574e-09,1.7660157931639898e-09,1.7662421999074037e-09,1.7664685868337885e-09,1.7666949539970055e-09,1.7669213014483132e-09,1.7671476292262512e-09,1.7673739373881264e-09,1.767600225965217e-09,1.7678264950390711e-09,1.7680527445904224e-09,1.7682789747172088e-09,1.7685051854630084e-09,1.7687313768629426e-09,1.7689575489676634e-09,1.7691837018236045e-09,1.7694098354776964e-09,1.7696359499693553e-09,1.7698620453548128e-09,1.7700881216701626e-09,1.7703141789680126e-09,1.7705402172969033e-09,1.7707662366868473e-09,1.770992237190887e-09,1.7712182188551861e-09,1.7714441817508864e-09,1.7716701258946992e-09,1.77189605130206e-09,1.7721219580369959e-09,1.77234784616862e-09,1.7725737157200464e-09,1.7727995667450727e-09,1.773025399281186e-09,1.7732512133784623e-09,1.7734770090778153e-09,1.7737027864162617e-09,1.7739285454351139e-09,1.7741542861965274e-09,1.774380008729309e-09,1.7746057130874823e-09,1.7748313992825887e-09,1.7750570674217064e-09,1.7752827174724915e-09,1.7755083495019836e-09,1.7757339635727811e-09,1.7759595597160488e-09,1.776185137966009e-09,1.776410698372632e-09,1.7766362409768188e-09,1.7768617658185497e-09,1.7770872729356772e-09,1.7773127623706858e-09,1.7775382342169753e-09,1.77776368841888e-09,1.7779891250025724e-09,1.7782145441331365e-09,1.7784399457975475e-09,1.7786653300020025e-09,1.778890696831354e-09,1.7791160463023442e-09,1.779341378468981e-09,1.7795666933535373e-09,1.7797919910048314e-09,1.7800172714661758e-09,1.780242534781329e-09,1.7804677809706396e-09,1.7806930100807977e-09,1.780918222160961e-09,1.7811434172379034e-09,1.7813685953634655e-09,1.7815937565819243e-09,1.7818189009412825e-09,1.7820440284203137e-09,1.7822691390987745e-09,1.7824942330512515e-09,1.7827193102417688e-09,1.7829443707468056e-09,1.7831694145956844e-09,1.7833944418235016e-09,1.7836194524903837e-09,1.783844446620787e-09,1.7840694242586123e-09,1.7842943854274289e-09,1.7845193301769367e-09,1.7847442585370158e-09,1.7849691705499092e-09,1.7851940662448317e-09,1.7854189456373683e-09,1.7856438088147367e-09,1.7858686557999087e-09,1.7860934866173208e-09,1.7863183013087902e-09,1.7865430999088109e-09,1.7867678824516838e-09,1.7869926489608451e-09,1.7872173994994982e-09,1.7874421340922006e-09,1.7876668527729085e-09,1.7878915555772698e-09,1.7881162425390626e-09,1.788340913695591e-09,1.7885655690822808e-09,1.7887902087344222e-09,1.7890148326871188e-09,1.7892394409747595e-09,1.7894640336352846e-09,1.7896886106995666e-09,1.7899131722039941e-09,1.7901377181826668e-09,1.7903622486749093e-09,1.7905867637088034e-09,1.7908112633164623e-09,1.791035747535817e-09,1.791260216403314e-09,1.7914846699540084e-09,1.7917091082200194e-09,1.7919335312361514e-09,1.7921579390263857e-09,1.7923823316322091e-09,1.7926067090877837e-09,1.7928310714232431e-09,1.79305541867763e-09,1.793279750879308e-09,1.7935040680607782e-09,1.7937283702586376e-09,1.7939526575013749e-09,1.7941769298210555e-09,1.7944011872616364e-09,1.7946254298484321e-09,1.79484965760893e-09,1.7950738705418612e-09,1.7952980687772338e-09,1.7955222522338287e-09,1.7957464210260558e-09,1.7959705752043255e-09,1.796194714700748e-09,1.7964188396050716e-09,1.7966429499435216e-09,1.7968670457618315e-09,1.7970911270573615e-09,1.7973151938932945e-09,1.7975392462809444e-09,1.7977632842622674e-09,1.7979873078622765e-09,1.798211317110773e-09,1.798435312052662e-09,1.7986592927012892e-09,1.7988832591009235e-09,1.799107211269223e-09,1.7993311492468758e-09,1.799555073060081e-09,1.799778982721306e-09,1.8000028783021504e-09,1.8002267598057601e-09,1.8004506272693743e-09,1.8006744807228296e-09,1.8008983201882672e-09,1.8011221456867895e-09,1.8013459572774136e-09,1.8015697549688327e-09,1.801793538796187e-09,1.8020173087848892e-09,1.8022410649815978e-09,1.8024648073884284e-09,1.8026885360613158e-09,1.8029122510080881e-09,1.8031359522654287e-09,1.80335963986192e-09,1.803583313821304e-09,1.803806974182844e-09,1.8040306209687769e-09,1.8042542542108392e-09,1.8044778739340598e-09,1.8047014801687998e-09,1.804925072943561e-09,1.8051486522843557e-09,1.8053722182201957e-09,1.8055957707832648e-09,1.8058193099593125e-09,1.8060428358462823e-09,1.8062663484427358e-09,1.8064898477691443e-09,1.8067133338548573e-09,1.8069368067433062e-09,1.807160266441398e-09,1.8073837129968787e-09,1.807607146412548e-09,1.807830566726968e-09,1.8080539739798882e-09,1.8082773681698662e-09,1.8085007493384877e-09,1.8087241175183127e-09,1.8089474727167332e-09,1.8091708149904414e-09,1.8093941443403494e-09,1.8096174608052596e-09,1.80984076441325e-09,1.8100640551942615e-09,1.8102873331857822e-09,1.8105105983643409e-09,1.8107338507839309e-09,1.8109570904807495e-09,1.8111803174641671e-09,1.8114035318034795e-09,1.8116267334591322e-09,1.8118499224954961e-09,1.8120730988748905e-09,1.8122962627269764e-09,1.812519414027519e-09,1.8127425528042102e-09,1.81296567908122e-09,1.8131887929054355e-09,1.8134118942482832e-09,1.8136349832011786e-09,1.813858059727667e-09,1.8140811238808364e-09,1.8143041756500303e-09,1.8145272151022877e-09,1.8147502422784065e-09,1.8149732571945603e-09,1.8151962598299666e-09,1.8154192502777322e-09,1.8156422285101852e-09,1.8158651945480761e-09,1.816088148434769e-09,1.8163110901589117e-09,1.8165340198299483e-09,1.816756937410791e-09,1.8169798428910775e-09,1.8172027363828586e-09,1.817425617861374e-09,1.8176484873417903e-09,1.8178713448741713e-09,1.8180941904515797e-09,1.8183170241129806e-09,1.8185398458836483e-09,1.818762655781875e-09,1.8189854538266551e-09,1.819208240057167e-09,1.8194310144876043e-09,1.819653777151756e-09,1.819876528054107e-09,1.8200992672241115e-09,1.8203219946871595e-09,1.8205447104628006e-09,1.8207674145757623e-09,1.820990107050605e-09,1.8212127879083462e-09,1.8214354571718816e-09,1.8216581148626184e-09,1.8218807609903602e-09,1.8221033956027215e-09,1.8223260187117337e-09,1.8225486303353156e-09,1.8227712304951501e-09,1.8229938192268554e-09,1.8232163965205462e-09,1.8234389624393537e-09,1.8236615169712673e-09,1.8238840601524095e-09,1.8241065919823525e-09,1.8243291125307856e-09,1.8245516217901368e-09,1.8247741197859174e-09,1.8249966065278833e-09,1.8252190820526318e-09,1.8254415463844193e-09,1.8256639995263679e-09,1.8258864415195224e-09,1.8261088723712312e-09,1.8263312921054915e-09,1.8265537007304063e-09,1.8267760982953472e-09,1.826998484802689e-09,1.827220860299465e-09,1.8274432247605391e-09,1.8276655782276292e-09,1.8278879207054594e-09,1.8281102522356007e-09,1.8283325728499244e-09,1.828554882553931e-09,1.82877718135345e-09,1.8289994692847672e-09,1.8292217463764453e-09,1.829444012645691e-09,1.829666268086394e-09,1.8298885127356732e-09,1.8301107466530025e-09,1.830332969746127e-09,1.830555182188494e-09,1.8307773838969946e-09,1.8309995749218983e-09,1.8312217552763613e-09,1.8314439249581542e-09,1.8316660840214364e-09,1.8318882324743687e-09,1.83211037032292e-09,1.8323324975938511e-09,1.832554614328116e-09,1.8327767205212963e-09,1.8329988161941117e-09,1.8332209014026035e-09,1.8334429761128805e-09,1.8336650403642099e-09,1.8338870941768252e-09,1.8341091375727955e-09,1.8343311705702979e-09,1.8345531931668878e-09,1.8347752054054525e-09,1.8349972073029428e-09,1.8352191988693195e-09,1.83544118011006e-09,1.835663151080617e-09,1.8358851117812105e-09,1.836107062225074e-09,1.8363290024382057e-09,1.8365509324287398e-09,1.8367728522268828e-09,1.8369947618095194e-09,1.8372166612649304e-09,1.8374385505799839e-09,1.8376604297654702e-09,1.8378822988425692e-09,1.838104157816972e-09,1.8383260067249877e-09,1.8385478455837122e-09,1.8387696743928132e-09,1.8389914931955713e-09,1.8392133019949263e-09,1.8394351008108356e-09,1.8396568896695228e-09,1.8398786685667238e-09,1.8401004375350477e-09,1.840322196588727e-09,1.8405439457360417e-09,1.8407656850112591e-09,1.8409874144241047e-09,1.8412091339909257e-09,1.8414308437280624e-09,1.8416525436538963e-09,1.8418742337876003e-09,1.842095914140622e-09,1.8423175847306896e-09,1.842539245577441e-09,1.842760896696927e-09,1.8429825381059956e-09,1.843204169820803e-09,1.8434257918572676e-09,1.843647404222083e-09,1.8438690069528537e-09,1.8440906000585546e-09,1.8443121835497875e-09,1.8445337574457327e-09,1.8447553217625968e-09,1.8449768765153513e-09,1.845198421728414e-09,1.8454199574022497e-09,1.845641483539444e-09,1.8458630002030178e-09,1.8460845073906364e-09,1.8463060051053221e-09,1.846527493374845e-09,1.84674897220466e-09,1.846970441614886e-09,1.847191901622385e-09,1.847413352240427e-09,1.8476347934868601e-09,1.847856225383887e-09,1.8480776479424978e-09,1.8482990611681441e-09,1.8485204650840788e-09,1.8487418596714897e-09,1.8489632450151282e-09,1.8491846210949486e-09,1.8494059879272318e-09,1.8496273455269503e-09,1.849848693914664e-09,1.8500700330930702e-09,1.8502913630835855e-09,1.8505126839015903e-09,1.8507339955585748e-09,1.8509552980458989e-09,1.8511765914359555e-09,1.851397875713181e-09,1.8516191508950547e-09,1.8518404169910107e-09,1.8520616740232461e-09,1.8522829219629508e-09,1.8525041609009443e-09,1.8527253908128549e-09,1.85294661171017e-09,1.8531678236150937e-09,1.8533890265388077e-09,1.8536102204956596e-09,1.853831405497537e-09,1.854052581565449e-09,1.8542737487082297e-09,1.8544949069396737e-09,1.8547160562780576e-09,1.8549371967355925e-09,1.8551583283219207e-09,1.8553794510583684e-09,1.855600564956991e-09,1.8558216700303527e-09,1.8560427662927974e-09,1.8562638537588414e-09,1.856484932440161e-09,1.8567060023538856e-09,1.8569270635110236e-09,1.857148115926276e-09,1.8573691596121922e-09,1.8575901945998643e-09,1.8578112208803883e-09,1.8580322384643914e-09,1.8582532473679504e-09,1.8584742476186998e-09,1.8586952392319445e-09,1.858916222200696e-09,1.8591371965486536e-09,1.8593581622878285e-09,1.8595791194359988e-09,1.8598000680037626e-09,1.8600210080049236e-09,1.8602419394517558e-09,1.8604628623565351e-09,1.860683776736051e-09,1.8609046825733868e-09,1.8611255799229857e-09,1.861346468794717e-09,1.861567349196608e-09,1.861788221127291e-09,1.8620090846055962e-09,1.8622299396512226e-09,1.8624507862722762e-09,1.8626716244826935e-09,1.8628924542920366e-09,1.8631132757144433e-09,1.8633340887620976e-09,1.863554893445059e-09,1.8637756897830628e-09,1.8639964777664434e-09,1.8642172574440915e-09,1.8644380287911536e-09,1.8646587918605267e-09,1.864879546636143e-09,1.865100293120086e-09,1.8653210313627744e-09,1.865541761344456e-09,1.865762483070591e-09,1.8659831965987313e-09,1.866203901913776e-09,1.8664245989504245e-09,1.8666452878695147e-09,1.866865968614403e-09,1.8670866411946034e-09,1.867307305625399e-09,1.867527961897745e-09,1.867748610060908e-09,1.8679692500978822e-09,1.868189882027736e-09,1.8684105058581195e-09,1.8686311216099466e-09,1.868851729288446e-09,1.8690723289106787e-09,1.86929292048521e-09,1.869513504043294e-09,1.8697340795516316e-09,1.8699546470568744e-09,1.8701752065427794e-09,1.8703957580452244e-09,1.8706163015827766e-09,1.8708368371527886e-09,1.871057364741908e-09,1.871277884388849e-09,1.871498396113587e-09,1.8717188998602858e-09,1.8719393957392033e-09,1.87215988372323e-09,1.8723803638413147e-09,1.872600836052546e-09,1.8728213004087093e-09,1.8730417569158136e-09,1.873262205572732e-09,1.8734826463896015e-09,1.873703079387081e-09,1.8739235045719897e-09,1.874143921959113e-09,1.8743643315521546e-09,1.874584733365354e-09,1.8748051274082993e-09,1.8750255136978265e-09,1.8752458922360836e-09,1.875466263027914e-09,1.87568662610112e-09,1.875906981464431e-09,1.876127329116676e-09,1.8763476690650438e-09,1.876568001342518e-09,1.876788325943258e-09,1.877008642856206e-09,1.8772289521405844e-09,1.8774492537871974e-09,1.8776695477978612e-09,1.877889834197082e-09,1.8781101129709347e-09,1.87833038415266e-09,1.878550647735528e-09,1.8787709037224257e-09,1.8789911521524798e-09,1.8792113930217954e-09,1.8794316263471514e-09,1.8796518521276988e-09,1.8798720703751197e-09,1.880092281077796e-09,1.8803124842944558e-09,1.880532680011061e-09,1.880752868190886e-09,1.880973048924166e-09,1.8811932222006413e-09,1.881413388009208e-09,1.881633546371746e-09,1.8818536972895992e-09,1.8820738408009222e-09,1.88229397682711e-09,1.8825141055021238e-09,1.8827342267507496e-09,1.882954340606508e-09,1.883174447081144e-09,1.8833945461786384e-09,1.8836146379593184e-09,1.8838347223184504e-09,1.884054799356793e-09,1.8842748690479756e-09,1.8844949314158803e-09,1.884714986443213e-09,1.884935034234547e-09,1.885155074677912e-09,1.885375107831607e-09,1.885595133767634e-09,1.88581515236866e-09,1.886035163708501e-09,1.8862551677460013e-09,1.8864751645875733e-09,1.886695154195842e-09,1.8869151365794223e-09,1.8871351117567605e-09,1.887355079698613e-09,1.887575040455586e-09,1.8877949940271125e-09,1.8880149404205383e-09,1.888234879639799e-09,1.88845481169796e-09,1.8886747366043705e-09,1.888894654367369e-09,1.8891145649927505e-09,1.889334468487565e-09,1.8895543648602374e-09,1.8897742541256376e-09,1.8899941362892478e-09,1.8902140113692454e-09,1.890433879374868e-09,1.8906537402511424e-09,1.890873594079034e-09,1.8910934408730117e-09,1.8913132806064395e-09,1.891533113307802e-09,1.891752938995302e-09,1.8919727576389597e-09,1.8921925692715905e-09,1.8924123738944425e-09,1.8926321715126328e-09,1.892851962150249e-09,1.893071745829108e-09,1.8932915224962887e-09,1.8935112921745062e-09,1.8937310549065336e-09,1.893950810721704e-09,1.894170559627266e-09,1.894390301569508e-09,1.894610036567264e-09,1.8948297646626454e-09,1.8950494858665123e-09,1.8952692001410425e-09,1.895488907523213e-09,1.8957086080359495e-09,1.895928301671668e-09,1.8961479884424824e-09,1.8963676683472178e-09,1.8965873414108344e-09,1.8968070076329833e-09,1.8970266670091886e-09,1.8972463195609e-09,1.89746596528876e-09,1.8976856042137744e-09,1.897905236331533e-09,1.898124861639046e-09,1.898344480169473e-09,1.898564091927586e-09,1.8987836969046106e-09,1.899003295126336e-09,1.8992228866050144e-09,1.899442471303777e-09,1.8996620492737212e-09,1.899881620508334e-09,1.900101185000667e-09,1.900320742788307e-09,1.9005402938438144e-09,1.9007598382117357e-09,1.9009793758820103e-09,1.9011989068575155e-09,1.901418431157984e-09,1.9016379487810685e-09,1.90185745975984e-09,1.9020769640509163e-09,1.9022964616825667e-09,1.9025159526865703e-09,1.9027354370328444e-09,1.902954914762986e-09,1.9031743858687003e-09,1.9033938503730675e-09,1.9036133082494425e-09,1.9038327595113723e-09,1.9040522042047366e-09,1.9042716423092417e-09,1.904491073835897e-09,1.9047104987759785e-09,1.9049299171499596e-09,1.9051493289561277e-09,1.9053687342195496e-09,1.9055881329400517e-09,1.905807525114544e-09,1.906026910763851e-09,1.9062462899177455e-09,1.9064656625284215e-09,1.906685028627123e-09,1.9069043882119466e-09,1.907123741310932e-09,1.907343087930026e-09,1.907562428063206e-09,1.907781761712968e-09,1.9080010888937416e-09,1.9082204095713044e-09,1.908439723837941e-09,1.9086590316750833e-09,1.9088783330475244e-09,1.909097627983707e-09,1.9093169164925533e-09,1.9095361985785902e-09,1.9097554742491707e-09,1.9099747434961217e-09,1.9101940063895195e-09,1.910413262853637e-09,1.910632512944537e-09,1.9108517566483947e-09,1.9110709939628467e-09,1.911290224911809e-09,1.91150944952961e-09,1.911728667781879e-09,1.9119478796649197e-09,1.9121670851983606e-09,1.9123862843858078e-09,1.912605477294766e-09,1.9128246638426854e-09,1.9130438440646543e-09,1.9132630179903278e-09,1.913482185596557e-09,1.913701346927816e-09,1.913920501946053e-09,1.9141396506726935e-09,1.9143587931167564e-09,1.9145779293186128e-09,1.9147970592414975e-09,1.915016182908849e-09,1.9152353003042385e-09,1.9154544114654043e-09,1.9156735163431187e-09,1.9158926150220248e-09,1.9161117074516864e-09,1.9163307936499185e-09,1.9165498736350713e-09,1.916768947400868e-09,1.916988014964836e-09,1.917207076322492e-09,1.9174261314842573e-09,1.917645180457832e-09,1.9178642232474424e-09,1.918083259911509e-09,1.918302290348346e-09,1.918521314628896e-09,1.9187403327338947e-09,1.9189593446915795e-09,1.919178350502687e-09,1.919397350175455e-09,1.9196163437265023e-09,1.919835331127675e-09,1.920054312405333e-09,1.920273287569402e-09,1.9204922566155496e-09,1.9207112195650917e-09,1.9209301763992115e-09,1.9211491271359084e-09,1.921368071788885e-09,1.92158701037686e-09,1.9218059428574682e-09,1.922024869289703e-09,1.9222437896324906e-09,1.922462703913011e-09,1.9226816121536435e-09,1.922900514326614e-09,1.923119410454633e-09,1.9233383005356735e-09,1.923557184586202e-09,1.9237760626083014e-09,1.923994934605571e-09,1.924213800578696e-09,1.9244326605551366e-09,1.924651514500316e-09,1.9248703624487505e-09,1.9250892044040173e-09,1.925308040358531e-09,1.9255268703327148e-09,1.9257456943212047e-09,1.9259645123363603e-09,1.9261833243827987e-09,1.9264021304637014e-09,1.9266209305769787e-09,1.9268397247536737e-09,1.9270585129667093e-09,1.927277295243914e-09,1.9274960715849176e-09,1.927714841971809e-09,1.927933606442102e-09,1.9281523649911213e-09,1.9283711176219877e-09,1.928589864364324e-09,1.9288086051731227e-09,1.929027340068895e-09,1.929246069075816e-09,1.9294647921733994e-09,1.9296835094118866e-09,1.929902220738786e-09,1.930120926199686e-09,1.930339625841528e-09,1.93055831953378e-09,1.9307770073873827e-09,1.930995689366797e-09,1.9312143655151485e-09,1.931433035795183e-09,1.9316517002537916e-09,1.9318703588654257e-09,1.9320890116434466e-09,1.9323076586007643e-09,1.9325262997062345e-09,1.9327449350321602e-09,1.932963564531994e-09,1.9331821882266424e-09,1.9334008061163263e-09,1.933619418180292e-09,1.933838024471016e-09,1.9340566249649466e-09,1.934275219684386e-09,1.934493808619938e-09,1.934712391782494e-09,1.9349309691743948e-09,1.9351495407878497e-09,1.9353681066466732e-09,1.935586666747951e-09,1.9358052210944385e-09,1.9360237696895034e-09,1.936242312565816e-09,1.936460849686686e-09,1.9366793810760827e-09,1.9368979067327456e-09,1.937116426656427e-09,1.937334940864214e-09,1.937553449353807e-09,1.937771952132703e-09,1.9379904492261175e-09,1.9382089406009044e-09,1.9384274262719903e-09,1.9386459062560568e-09,1.9388643805421277e-09,1.9390828491294933e-09,1.939301312060607e-09,1.9395197693068185e-09,1.9397382208918422e-09,1.9399566668121798e-09,1.940175107062581e-09,1.94039354165341e-09,1.9406119705963417e-09,1.9408303938849626e-09,1.941048811517393e-09,1.941267223513393e-09,1.941485629872993e-09,1.9417040306079376e-09,1.9419224257129492e-09,1.9421408151936575e-09,1.9423591990424037e-09,1.942577577277556e-09,1.9427959499118824e-09,1.943014316945937e-09,1.9432326783707363e-09,1.943451034189359e-09,1.9436693844218093e-09,1.943887729083955e-09,1.9441060681134424e-09,1.9443244015762525e-09,1.944542729488925e-09,1.944761051812537e-09,1.944979368564827e-09,1.945197679747556e-09,1.945415985366502e-09,1.9456342854420966e-09,1.9458525799602475e-09,1.9460708689250362e-09,1.9462891523431058e-09,1.9465074302344342e-09,1.946725702568539e-09,1.946943969378136e-09,1.9471622306383894e-09,1.9473804863535458e-09,1.9475987365820516e-09,1.947816981296232e-09,1.94803522049618e-09,1.9482534541692405e-09,1.948471682375831e-09,1.948689905058831e-09,1.9489081222433183e-09,1.9491263339184988e-09,1.9493445401295056e-09,1.949562740843027e-09,1.949780936071587e-09,1.9499991258237427e-09,1.9502173101030387e-09,1.950435488910626e-09,1.950653662237157e-09,1.9508718301158615e-09,1.951089992544371e-09,1.951308149502629e-09,1.951526300996906e-09,1.9517444470568205e-09,1.9519625876702066e-09,1.9521807228305857e-09,1.952398852556735e-09,1.9526169768539315e-09,1.952835095712097e-09,1.9530532091581188e-09,1.9532713171684788e-09,1.953489419771037e-09,1.9537075169481754e-09,1.9539256087362924e-09,1.954143695114588e-09,1.954361776078114e-09,1.954579851639453e-09,1.9547979218014126e-09,1.955015986573461e-09,1.9552340459543677e-09,1.9554520999495405e-09,1.9556701485610546e-09,1.9558881917927307e-09,1.9561062296489658e-09,1.9563242621386855e-09,1.9565422892559262e-09,1.9567603110022e-09,1.956978327409648e-09,1.957196338432429e-09,1.9574143441330063e-09,1.9576323444536005e-09,1.9578503394172265e-09,1.958068329042032e-09,1.958286313324481e-09,1.958504292270415e-09,1.958722265884273e-09,1.958940234163949e-09,1.9591581971150826e-09,1.9593761547416457e-09,1.9595941070471656e-09,1.95981205403374e-09,1.960029995708388e-09,1.9602479320702377e-09,1.9604658631260943e-09,1.960683788873478e-09,1.960901709311025e-09,1.9611196244561277e-09,1.9613375342989194e-09,1.9615554388616146e-09,1.961773338136283e-09,1.9619912321148238e-09,1.9622091208369064e-09,1.962427004268526e-09,1.962644882425362e-09,1.962862755318159e-09,1.963080622937454e-09,1.9632984852740505e-09,1.96351634235528e-09,1.9637341941815002e-09,1.9639520407546824e-09,1.964169882047987e-09,1.964387718119685e-09,1.9646055489406183e-09,1.9648233745042306e-09,1.9650411948080384e-09,1.9652590099076075e-09,1.9654768197730754e-09,1.9656946244050506e-09,1.9659124238112635e-09,1.9661302179973075e-09,1.9663480069581595e-09,1.966565790697624e-09,1.9667835692318752e-09,1.9670013425438886e-09,1.9672191106464414e-09,1.9674368735216812e-09,1.967654631201352e-09,1.9678723836922675e-09,1.9680901309866647e-09,1.9683078730703654e-09,1.968525609978739e-09,1.9687433416993524e-09,1.9689610682306257e-09,1.969178789593956e-09,1.9693965057682993e-09,1.969614216763317e-09,1.9698319225842358e-09,1.970049623231157e-09,1.9702673187073493e-09,1.9704850090249743e-09,1.970702694179623e-09,1.970920374170913e-09,1.9711380489928692e-09,1.971355718673689e-09,1.971573383207616e-09,1.9717910425897345e-09,1.9720086967946806e-09,1.9722263458963677e-09,1.9724439898576592e-09,1.9726616286763862e-09,1.972879262351313e-09,1.97309689090193e-09,1.973314514324459e-09,1.973532132597486e-09,1.9737497457739753e-09,1.973967353833271e-09,1.974184956775277e-09,1.9744025545771337e-09,1.9746201472624073e-09,1.974837734851748e-09,1.975055317353903e-09,1.9752728947636308e-09,1.9754904670597836e-09,1.9757080342510608e-09,1.9759255963479476e-09,1.9761431533224122e-09,1.97636070523824e-09,1.976578252064426e-09,1.9767957938076452e-09,1.9770133304675193e-09,1.9772308620185617e-09,1.9774483885259047e-09,1.9776659099720835e-09,1.9778834263356474e-09,1.97810093762e-09,1.9783184438395403e-09,1.978535944983306e-09,1.9787534410885697e-09,1.9789709321455316e-09,1.979188418128765e-09,1.9794058990551007e-09,1.979623374929028e-09,1.979840845758638e-09,1.980058311503499e-09,1.980275772250141e-09,1.9804932279490906e-09,1.9807106786081747e-09,1.9809281242308154e-09,1.9811455648207296e-09,1.9813630003233763e-09,1.9815804308555316e-09,1.981797856366177e-09,1.982015276821168e-09,1.982232692283503e-09,1.982450102725918e-09,1.9826675081531845e-09,1.982884908568353e-09,1.983102303964157e-09,1.983319694327021e-09,1.9835370797148115e-09,1.983754460100229e-09,1.983971835489932e-09,1.9841892058769153e-09,1.984406571261026e-09,1.984623931647972e-09,1.984841287052027e-09,1.9850586374645275e-09,1.985275982901184e-09,1.9854933233410187e-09,1.9857106588011285e-09,1.985927989282178e-09,1.986145314723423e-09,1.986362635273955e-09,1.986579950829097e-09,1.986797261415807e-09,1.9870145670290928e-09,1.9872318676797665e-09,1.9874491633364257e-09,1.987666454059557e-09,1.987883739771872e-09,1.9881010205839273e-09,1.988318296440828e-09,1.988535567344251e-09,1.988752833300089e-09,1.9889700943051924e-09,1.989187350363616e-09,1.989404601481375e-09,1.9896218476605808e-09,1.9898390888731737e-09,1.990056325177874e-09,1.9902735565468263e-09,1.990490782985694e-09,1.990708004492948e-09,1.9909252210750826e-09,1.991142432732233e-09,1.9913596394880208e-09,1.9915768412993703e-09,1.9917940381917666e-09,1.9920112301705695e-09,1.992228417232153e-09,1.9924455993835965e-09,1.9926627766222725e-09,1.9928799489576274e-09,1.9930971163836785e-09,1.9933142789068383e-09,1.9935314365109485e-09,1.993748589234407e-09,1.9939657370636167e-09,1.9941828799928278e-09,1.994400018029894e-09,1.994617151207303e-09,1.9948342794685392e-09,1.99505140284161e-09,1.995268521326896e-09,1.9954856349339585e-09,1.9957027436578777e-09,1.9959198475037027e-09,1.9961369464729155e-09,1.996354040571097e-09,1.996571129824337e-09,1.99678821417853e-09,1.9970052936617443e-09,1.997222368281939e-09,1.997439438037302e-09,1.9976565029293162e-09,1.997873562961287e-09,1.9980906181371313e-09,1.9983076684587008e-09,1.998524713921701e-09,1.998741754532052e-09,1.9989587902938634e-09,1.9991758212070245e-09,1.999392847274548e-09,1.999609868494591e-09,1.9998268848771916e-09,2.000043896418465e-09,2.000260903122452e-09,2.000477904988e-09,2.000694902018802e-09,2.0009118942186623e-09,2.0011288815892006e-09,2.001345864129558e-09,2.0015628418436897e-09,2.00177981473209e-09,2.00199678280107e-09,2.0022137460457444e-09,2.0024307044713557e-09,2.002647658082266e-09,2.002864606875686e-09,2.0030815508574477e-09,2.003298490026044e-09,2.003515424384795e-09,2.0037323539334237e-09,2.0039492786822603e-09,2.004166198623932e-09,2.0043831137604744e-09,2.0046000240980107e-09,2.0048169296406482e-09,2.0050338303830396e-09,2.0052507263292876e-09,2.005467617484435e-09,2.0056845038618613e-09,2.0059013854384534e-09,2.0061182622247347e-09,2.006335134224266e-09,2.006552001439896e-09,2.006768863875442e-09,2.006985721529711e-09,2.0072025744052206e-09,2.0074194225041623e-09,2.0076362658290725e-09,2.007853104413625e-09,2.008069938192134e-09,2.0082867671989077e-09,2.0085035914391593e-09,2.008720410912663e-09,2.008937225622412e-09,2.0091540355638792e-09,2.009370840746172e-09,2.009587641170873e-09,2.009804436840929e-09,2.010021227748378e-09,2.010238013905525e-09,2.0104547953101698e-09,2.0106715719662606e-09,2.0108883438732558e-09,2.0111051110663827e-09,2.011321873476794e-09,2.01153863114639e-09,2.011755384071099e-09,2.0119721322528097e-09,2.0121888756945657e-09,2.012405614401211e-09,2.0126223483699884e-09,2.012839077610624e-09,2.0130558021188016e-09,2.013272521895285e-09,2.013489236938932e-09,2.013705947267142e-09,2.013922652861127e-09,2.014139353734069e-09,2.0143560498824486e-09,2.0145727413084854e-09,2.0147894280169192e-09,2.0150061100065938e-09,2.015222787277185e-09,2.0154394598348558e-09,2.0156561276770353e-09,2.0158727908040806e-09,2.0160894492285243e-09,2.016306102943748e-09,2.016522751952282e-09,2.016739396252784e-09,2.01695603585241e-09,2.017172670750956e-09,2.0173893009460374e-09,2.017605926445532e-09,2.0178225472466825e-09,2.018039163353085e-09,2.0182557748431532e-09,2.0184723815627293e-09,2.0186889835911345e-09,2.0189055809978492e-09,2.019122173644038e-09,2.0193387616101406e-09,2.019555344882438e-09,2.0197719234895816e-09,2.01998849740169e-09,2.0202050666366015e-09,2.0204216311887185e-09,2.020638191063646e-09,2.0208547462643225e-09,2.0210712967920277e-09,2.0212878426457066e-09,2.0215043838229916e-09,2.0217209203875857e-09,2.0219374522285443e-09,2.022153979402445e-09,2.02237050191064e-09,2.022587019755486e-09,2.0228035329382637e-09,2.023020041458123e-09,2.0232365453193694e-09,2.023453044521958e-09,2.0236695390661908e-09,2.0238860289580713e-09,2.024102514193776e-09,2.024318994771034e-09,2.0245354707033736e-09,2.0247519419852372e-09,2.0249684086172593e-09,2.0251848706036907e-09,2.025401327943059e-09,2.0256177806394908e-09,2.0258342286865777e-09,2.0260506720993703e-09,2.026267110871491e-09,2.0264835450034433e-09,2.026699974499788e-09,2.0269163993604256e-09,2.02713281958465e-09,2.0273492351788973e-09,2.027565646139783e-09,2.0277820524718217e-09,2.0279984541715446e-09,2.028214851244675e-09,2.028431243699443e-09,2.0286476315203034e-09,2.028864014723264e-09,2.029080393299511e-09,2.0292967672564118e-09,2.029513136590613e-09,2.0297295013096e-09,2.029945861408455e-09,2.03016221689331e-09,2.0303785677621127e-09,2.0305949140212176e-09,2.0308112556654025e-09,2.031027592698755e-09,2.03124392509141e-09,2.0314602529504044e-09,2.031676576160436e-09,2.0318928947624055e-09,2.032109208763708e-09,2.0323255181627136e-09,2.032541822960221e-09,2.032758123214495e-09,2.0329744188130815e-09,2.033190709805597e-09,2.033406996210149e-09,2.0336232780202127e-09,2.0338395552378048e-09,2.0340558278534193e-09,2.0342720957945804e-09,2.0344883592425274e-09,2.034704618088078e-09,2.0349208723469974e-09,2.0351371220442917e-09,2.0353533671411496e-09,2.0355696076470495e-09,2.0357858435778545e-09,2.036002074921593e-09,2.0362183016906456e-09,2.0364345238758367e-09,2.0366507414898594e-09,2.03686695450679e-09,2.037083162966836e-09,2.0372993668609533e-09,2.0375155661752208e-09,2.0377317609090625e-09,2.037947951078697e-09,2.0381641366925404e-09,2.038380317728496e-09,2.0385964941976672e-09,2.0388126660995605e-09,2.0390288334409697e-09,2.039244996213515e-09,2.039461154424481e-09,2.039677308077341e-09,2.0398934571703973e-09,2.0401096016145984e-09,2.040325741594804e-09,2.040541877008198e-09,2.040758007877261e-09,2.040974134192069e-09,2.0411902559515696e-09,2.0414063731597303e-09,2.041622485817706e-09,2.0418385939200687e-09,2.0420546974849613e-09,2.0422707964981475e-09,2.0424868909801e-09,2.0427029809041614e-09,2.042919066278464e-09,2.0431351471156685e-09,2.043351223411922e-09,2.0435672951677446e-09,2.0437833623890455e-09,2.043999425091215e-09,2.044215483227735e-09,2.044431536836138e-09,2.0446475859062432e-09,2.0448636304424764e-09,2.045079670448116e-09,2.0452957059274595e-09,2.045511736902674e-09,2.045727763319085e-09,2.0459437852089986e-09,2.046159802565656e-09,2.0463758153980176e-09,2.046591823707141e-09,2.0468078274725277e-09,2.047023826737729e-09,2.0472398214796504e-09,2.047455811697949e-09,2.047671797401425e-09,2.047887778585392e-09,2.048103755245748e-09,2.0483197273124447e-09,2.0485356949470253e-09,2.0487516580596365e-09,2.0489676166667086e-09,2.049183570760628e-09,2.0493995203495218e-09,2.0496154654253468e-09,2.049831405981582e-09,2.050047342037425e-09,2.0502632735981705e-09,2.0504792006230807e-09,2.0506951231202015e-09,2.0509110411564684e-09,2.0511269546948964e-09,2.051342863722689e-09,2.051558768255232e-09,2.0517746682808562e-09,2.051990563812871e-09,2.0522064548101367e-09,2.052422341344447e-09,2.052638223385258e-09,2.0528541009317454e-09,2.0530699739879055e-09,2.053285842545537e-09,2.0535017066218456e-09,2.053717566206754e-09,2.053933421291384e-09,2.054149271892036e-09,2.0543651180023497e-09,2.0545809596303014e-09,2.0547967967618296e-09,2.05501262941523e-09,2.055228457626976e-09,2.055444281308829e-09,2.055660100507943e-09,2.055875915230598e-09,2.0560917254785714e-09,2.0563075312338394e-09,2.056523332522197e-09,2.0567391293335043e-09,2.0569549216688733e-09,2.0571707095249095e-09,2.0573864929497335e-09,2.0576022718507757e-09,2.0578180462962674e-09,2.0580338162622862e-09,2.058249581760828e-09,2.0584653427839146e-09,2.0586810993409555e-09,2.058896851431902e-09,2.0591125990506687e-09,2.05932834221753e-09,2.059544080857283e-09,2.0597598150857063e-09,2.059975544804825e-09,2.0601912701030747e-09,2.0604069909083547e-09,2.0606227072944185e-09,2.060838419214717e-09,2.0610541266684954e-09,2.0612698296690232e-09,2.061485528216378e-09,2.0617012223121134e-09,2.061916911904648e-09,2.0621325970807293e-09,2.062348277808509e-09,2.062563954083992e-09,2.062779625984188e-09,2.062995293357162e-09,2.063210956272211e-09,2.063426614793739e-09,2.0636422688287918e-09,2.0638579184146548e-09,2.064073563546448e-09,2.0642892042189833e-09,2.0645048404648545e-09,2.0647204722631944e-09,2.0649360996231623e-09,2.0651517225377887e-09,2.0653673410112982e-09,2.0655829551425996e-09,2.06579856474071e-09,2.066014169893696e-09,2.0662297706088085e-09,2.0664453668908244e-09,2.066660958733545e-09,2.0668765461544584e-09,2.0670921291209865e-09,2.067307707656422e-09,2.0675232817716356e-09,2.0677388514548273e-09,2.067954416695539e-09,2.068169977505648e-09,2.0683855338936887e-09,2.0686010858528185e-09,2.068816633413017e-09,2.0690321765030253e-09,2.0692477151848702e-09,2.069463249436035e-09,2.0696787792651747e-09,2.069894304671402e-09,2.0701098256521007e-09,2.0703253422160824e-09,2.0705408543613135e-09,2.0707563620833097e-09,2.0709718653891346e-09,2.0711873642715375e-09,2.071402858729047e-09,2.0716183488470502e-09,2.0718338344699473e-09,2.072049315678658e-09,2.0722647924695714e-09,2.0724802648495537e-09,2.072695732871166e-09,2.0729111964298326e-09,2.073126655572307e-09,2.0733421103079518e-09,2.0735575606415815e-09,2.073773006621719e-09,2.0739884481264017e-09,2.0742038852262434e-09,2.0744193179569824e-09,2.0746347462540305e-09,2.074850170139635e-09,2.075065589624625e-09,2.075281004694315e-09,2.075496415360917e-09,2.0757118216643522e-09,2.0759272235701722e-09,2.076142621047149e-09,2.076358014122778e-09,2.0765734028524987e-09,2.076788787126303e-09,2.077004167002184e-09,2.077219542478824e-09,2.0774349135317763e-09,2.0776502802255785e-09,2.077865642605536e-09,2.0780810004995474e-09,2.0782963539739082e-09,2.0785117031141723e-09,2.078727047829684e-09,2.078942388148984e-09,2.0791577240813673e-09,2.079373055624256e-09,2.0795883827827486e-09,2.079803705515415e-09,2.080019023891197e-09,2.0802343378803268e-09,2.0804496474908867e-09,2.0806649527262194e-09,2.0808802535661858e-09,2.081095550006138e-09,2.0813108420789586e-09,2.0815261297626574e-09,2.081741413067604e-09,2.0819566919974704e-09,2.082171966546581e-09,2.082387236713001e-09,2.082602502500423e-09,2.0828177639188207e-09,2.083033020955723e-09,2.0832482736111456e-09,2.0834635218903973e-09,2.083678765760607e-09,2.0838940052965036e-09,2.0841092404280714e-09,2.0843244712631895e-09,2.0845396977658028e-09,2.084754919803684e-09,2.0849701374381107e-09,2.085185350741196e-09,2.0854005596742462e-09,2.0856157642321027e-09,2.0858309644366032e-09,2.086046160260989e-09,2.0862613517161477e-09,2.086476538797416e-09,2.0866917215882502e-09,2.0869068999436847e-09,2.087122073854462e-09,2.08733724347452e-09,2.087552408733032e-09,2.0877675696402747e-09,2.0879827261805076e-09,2.0881978783509087e-09,2.088413026237345e-09,2.088628169699958e-09,2.0888433087704937e-09,2.089058443506723e-09,2.089273573890108e-09,2.0894886999497037e-09,2.0897038216193657e-09,2.0899189389245415e-09,2.0901340518886413e-09,2.0903491604979167e-09,2.0905642647455052e-09,2.0907793646422047e-09,2.0909944601859097e-09,2.0912095513725566e-09,2.091424638203498e-09,2.091639720683677e-09,2.0918547988182896e-09,2.092069872638646e-09,2.0922849420815456e-09,2.0925000071709275e-09,2.0927150679124587e-09,2.0929301243065097e-09,2.0931451763477813e-09,2.0933602240550996e-09,2.0935752674180955e-09,2.0937903064371817e-09,2.0940053410781292e-09,2.094220371405215e-09,2.094435397328779e-09,2.0946504189627525e-09,2.094865436263523e-09,2.095080449191832e-09,2.0952954578107706e-09,2.0955104620883667e-09,2.0957254620371273e-09,2.0959404576431454e-09,2.096155448904982e-09,2.0963704358259674e-09,2.0965854184129216e-09,2.0968003966789564e-09,2.097015370615067e-09,2.0972303402636014e-09,2.0974453055277976e-09,2.0976602664410886e-09,2.0978752230741568e-09,2.098090175332336e-09,2.0983051232464127e-09,2.0985200668292575e-09,2.098735006083255e-09,2.0989499410064474e-09,2.0991648715962534e-09,2.0993797978802767e-09,2.0995947198167544e-09,2.0998096374257433e-09,2.1000245507068334e-09,2.1002394596612433e-09,2.1004543642921394e-09,2.100669264592559e-09,2.1008841605664188e-09,2.1010990522197117e-09,2.10131393959493e-09,2.101528822601481e-09,2.1017437013021057e-09,2.1019585756637446e-09,2.102173445706623e-09,2.1023883114235323e-09,2.102603172818275e-09,2.1028180298993277e-09,2.1030328826594377e-09,2.1032477310977404e-09,2.103462575222691e-09,2.1036774150540175e-09,2.1038922505390308e-09,2.104107081700549e-09,2.104321908554144e-09,2.1045367311006047e-09,2.1047515493266364e-09,2.1049663632621538e-09,2.1051811728234983e-09,2.1053959781367625e-09,2.105610779066724e-09,2.1058255757139344e-09,2.1060403680570885e-09,2.1062551560965625e-09,2.1064699397919076e-09,2.106684719198661e-09,2.1068994943033602e-09,2.1071142650985698e-09,2.107329031589771e-09,2.1075437937904394e-09,2.1077585516659018e-09,2.107973305217101e-09,2.1081880544812817e-09,2.108402799433403e-09,2.108617540076523e-09,2.1088322764504396e-09,2.109047008522031e-09,2.1092617362601304e-09,2.1094764596959094e-09,2.1096911788248976e-09,2.109905893656873e-09,2.110120604221567e-09,2.110335310447e-09,2.1105500123690305e-09,2.1107647099931075e-09,2.110979403320851e-09,2.111194092350318e-09,2.1114087770814895e-09,2.1116234575139536e-09,2.1118381336440426e-09,2.1120528054852936e-09,2.112267473031543e-09,2.112482136272437e-09,2.1126967952584876e-09,2.112911449917505e-09,2.1131261003050664e-09,2.113340746377727e-09,2.11355538815212e-09,2.113770025633571e-09,2.113984658824103e-09,2.1141992877464187e-09,2.1144139122801856e-09,2.1146285325882502e-09,2.1148431486286486e-09,2.1150577603655773e-09,2.1152723677986386e-09,2.1154869709662587e-09,2.115701569838592e-09,2.115916164400357e-09,2.1161307547316746e-09,2.1163453407355347e-09,2.1165599224591563e-09,2.1167744998941905e-09,2.116989073044109e-09,2.1172036419212665e-09,2.1174182065027503e-09,2.117632766795556e-09,2.1178473228039455e-09,2.1180618745385633e-09,2.118276421989101e-09,2.1184909651541532e-09,2.1187055040411307e-09,2.1189200386470937e-09,2.1191345689662126e-09,2.1193490950108927e-09,2.1195636168050708e-09,2.119778134296884e-09,2.1199926475116412e-09,2.1202071564392764e-09,2.1204216610989462e-09,2.120636161474282e-09,2.1208506575844037e-09,2.1210651494098688e-09,2.121279636983937e-09,2.1214941202473093e-09,2.121708599241136e-09,2.121923073950322e-09,2.122137544435167e-09,2.122352010607497e-09,2.1225664725071843e-09,2.12278093013958e-09,2.1229953834076155e-09,2.1232098325139214e-09,2.1234242773473597e-09,2.1236387178884486e-09,2.123853154158831e-09,2.1240675861654147e-09,2.12428201389243e-09,2.1244964373725643e-09,2.1247108565752633e-09,2.124925271498768e-09,2.1251396821677597e-09,2.125354088557125e-09,2.1255684906742116e-09,2.125782888535862e-09,2.125997282146264e-09,2.1262116714737844e-09,2.126426056534661e-09,2.126640437329871e-09,2.126854813866423e-09,2.1270691861346434e-09,2.1272835541398206e-09,2.1274979178864615e-09,2.1277122773710597e-09,2.127926632594267e-09,2.1281409835891887e-09,2.1283553302814597e-09,2.128569672724671e-09,2.128784010948663e-09,2.1289983448636537e-09,2.1292126745048596e-09,2.129426999901663e-09,2.1296413210423814e-09,2.1298556379323296e-09,2.1300699505588683e-09,2.130284259009696e-09,2.130498563128989e-09,2.130712862991076e-09,2.1309271585887984e-09,2.131141449922899e-09,2.131355737011864e-09,2.131570019847035e-09,2.13178429841646e-09,2.1319985727404466e-09,2.1322128428138065e-09,2.1324271086516447e-09,2.1326413702138348e-09,2.1328556275265126e-09,2.133069880618673e-09,2.1332841294282477e-09,2.1334983739884657e-09,2.1337126142939776e-09,2.13392685034959e-09,2.134141082177197e-09,2.1343553097333088e-09,2.134569533044741e-09,2.1347837521020743e-09,2.1349979669125724e-09,2.1352121774749355e-09,2.1354263837884603e-09,2.135640585855315e-09,2.1358547836808355e-09,2.136068977251888e-09,2.136283166622684e-09,2.136497351711133e-09,2.1367115325316394e-09,2.136925709131184e-09,2.137139881494623e-09,2.1373540496043913e-09,2.137568213466968e-09,2.1377823730923093e-09,2.1379965284737636e-09,2.1382106796078712e-09,2.138424826500043e-09,2.1386389690537494e-09,2.1388531074763165e-09,2.139067241658531e-09,2.139281371597669e-09,2.1394954972806525e-09,2.139709618715367e-09,2.1399237359264377e-09,2.1401378489331808e-09,2.1403519576773397e-09,2.1405660621957795e-09,2.140780162462496e-09,2.140994258488386e-09,2.1412083502490668e-09,2.1414224378042945e-09,2.1416365211214603e-09,2.1418506002052452e-09,2.1420646750543133e-09,2.1422787456717404e-09,2.142492812049766e-09,2.1427068741479276e-09,2.1429209320601927e-09,2.1431349857387724e-09,2.143349035182229e-09,2.1435630803712797e-09,2.143777121352608e-09,2.143991158104495e-09,2.1442051906233326e-09,2.1444192189113043e-09,2.144633242955482e-09,2.144847262784581e-09,2.1450612783836626e-09,2.1452752896444213e-09,2.145489296784208e-09,2.1457032997444293e-09,2.1459172984159797e-09,2.146131292853645e-09,2.1463452830803013e-09,2.146559269063554e-09,2.1467732508338616e-09,2.1469872283755617e-09,2.1472012016949123e-09,2.147415170780554e-09,2.1476291356493545e-09,2.147843096292862e-09,2.1480570526660755e-09,2.1482710048588295e-09,2.1484849528272826e-09,2.1486988965718652e-09,2.1489128361025595e-09,2.149126771407571e-09,2.149340702485632e-09,2.1495546293418203e-09,2.14976855197602e-09,2.149982470388806e-09,2.150196384579069e-09,2.1504102945491775e-09,2.150624200300646e-09,2.1508381018158217e-09,2.151051999126992e-09,2.1512658922201977e-09,2.15147978109612e-09,2.151693665741412e-09,2.1519075461769845e-09,2.152121422395595e-09,2.152335294395904e-09,2.152549162179686e-09,2.1527630257457993e-09,2.152976885095296e-09,2.153190740221294e-09,2.153404591152779e-09,2.153618437844084e-09,2.1538322803263732e-09,2.1540461185883262e-09,2.154259952645796e-09,2.1544737824859468e-09,2.154687608066975e-09,2.1549014294925156e-09,2.1551152466977573e-09,2.155329059688472e-09,2.1555428684633916e-09,2.155756673009906e-09,2.155970473250185e-09,2.1561842693765565e-09,2.156398061308255e-09,2.1566118490802755e-09,2.156825632590954e-09,2.157039411905335e-09,2.1572531869946768e-09,2.1574669578628293e-09,2.1576807244634623e-09,2.157894486930717e-09,2.158108245185692e-09,2.1583219992385114e-09,2.1585357490643824e-09,2.158749494710666e-09,2.1589632361401607e-09,2.159176973324311e-09,2.1593907063388444e-09,2.1596044351441435e-09,2.159818159747308e-09,2.1600318801444606e-09,2.160245596314648e-09,2.1604593083008013e-09,2.1606730160785224e-09,2.1608867196481375e-09,2.161100419020071e-09,2.161314114193661e-09,2.1615278051602354e-09,2.1617414919294367e-09,2.1619551744840895e-09,2.1621688528416837e-09,2.1623825269227814e-09,2.162596196864175e-09,2.162809862501087e-09,2.163023524055099e-09,2.1632371814067037e-09,2.1634508345609037e-09,2.1636644835139138e-09,2.163878128164971e-09,2.1640917687152003e-09,2.1643054050684157e-09,2.1645190371099e-09,2.1647326650661984e-09,2.1649462888243616e-09,2.1651599083841397e-09,2.1653735237568487e-09,2.1655871349605343e-09,2.1658007419266e-09,2.166014344699242e-09,2.1662279432598855e-09,2.166441537621765e-09,2.1666551278068812e-09,2.1668687137969185e-09,2.167082295507428e-09,2.1672958731210796e-09,2.1675094465247404e-09,2.167723015739195e-09,2.1679365807603295e-09,2.1681501414807096e-09,2.1683636980447995e-09,2.168577250487234e-09,2.1687907986766568e-09,2.1690043426628567e-09,2.1692178825254334e-09,2.169431418196267e-09,2.16964494967455e-09,2.1698584769735844e-09,2.1700720000717926e-09,2.1702855189182697e-09,2.1704990336386855e-09,2.1707125441492885e-09,2.1709260504876764e-09,2.17113955265801e-09,2.1713530506210775e-09,2.1715665443902603e-09,2.171780033982875e-09,2.1719935193221615e-09,2.1722070004350178e-09,2.1724204773364593e-09,2.1726339502097124e-09,2.172847418854987e-09,2.1730608832969837e-09,2.1732743435715605e-09,2.1734877996445537e-09,2.1737012515277054e-09,2.1739146992439303e-09,2.174128142778762e-09,2.1743415821248923e-09,2.1745550172832437e-09,2.1747684482877484e-09,2.174981875087442e-09,2.1751952977014134e-09,2.175408716132614e-09,2.175622130377166e-09,2.1758355404407233e-09,2.176048946324834e-09,2.176262348027069e-09,2.1764757455456616e-09,2.1766891388714714e-09,2.1769025280269154e-09,2.177115913002165e-09,2.177329293781023e-09,2.1775426703952124e-09,2.1777560428292214e-09,2.1779694110664357e-09,2.1781827751404673e-09,2.1783961350000985e-09,2.178609490717788e-09,2.1788228422553344e-09,2.1790361896139177e-09,2.17924953279197e-09,2.1794628717917716e-09,2.1796762065985398e-09,2.1798895372269965e-09,2.1801028636636266e-09,2.180316186069858e-09,2.1805295041862374e-09,2.1807428181468787e-09,2.1809561278468834e-09,2.1811694334403736e-09,2.1813827348556306e-09,2.1815960320819754e-09,2.1818093252126443e-09,2.182022614101281e-09,2.182235898801998e-09,2.1824491793611143e-09,2.1826624557845062e-09,2.1828757279552468e-09,2.1830889959769958e-09,2.1833022598075596e-09,2.183515519500424e-09,2.183728774992584e-09,2.1839420263073164e-09,2.1841552734196973e-09,2.184368516408918e-09,2.1845817552278605e-09,2.184794989871655e-09,2.1850082203419267e-09,2.1852214466445196e-09,2.1854346687696457e-09,2.185647886728945e-09,2.1858611005218427e-09,2.186074310142088e-09,2.1862875156445545e-09,2.1865007169171977e-09,2.186713914023893e-09,2.1869271069703056e-09,2.187140295724348e-09,2.187353480322692e-09,2.187566660787709e-09,2.1877798370698303e-09,2.187993009170082e-09,2.1882061771232836e-09,2.188419340907663e-09,2.1886325005176137e-09,2.1888456559248257e-09,2.189058807208506e-09,2.1892719542367716e-09,2.189485097192465e-09,2.1896982359190925e-09,2.1899113705383064e-09,2.1901245010003873e-09,2.19033762729726e-09,2.1905507494227697e-09,2.190763867339212e-09,2.1909769811281792e-09,2.191190090769506e-09,2.1914031963270955e-09,2.1916162976380792e-09,2.1918293948136554e-09,2.1920424877058443e-09,2.1922555764869013e-09,2.1924686611569012e-09,2.192681741647006e-09,2.1928948179999044e-09,2.1931078901425923e-09,2.1933209581694255e-09,2.193534022036583e-09,2.1937470817146855e-09,2.1939601372680288e-09,2.194173188637544e-09,2.19438623583976e-09,2.1945992789035687e-09,2.194812317757133e-09,2.1950253525089085e-09,2.195238383126339e-09,2.195451409557157e-09,2.19566443177804e-09,2.195877449900227e-09,2.196090463853013e-09,2.1963034736862873e-09,2.1965164793245977e-09,2.196729480819544e-09,2.196942478155978e-09,2.197155471335477e-09,2.1973684603697166e-09,2.1975814452336706e-09,2.197794425917106e-09,2.1980074024637107e-09,2.1982203748759787e-09,2.1984333431593533e-09,2.1986463072380484e-09,2.1988592672133582e-09,2.199072223004798e-09,2.199285174594075e-09,2.1994981220787454e-09,2.199711065420897e-09,2.19992400453019e-09,2.2001369395537235e-09,2.2003498703602452e-09,2.2005627971248386e-09,2.2007757197362686e-09,2.2009886381610646e-09,2.201201552422714e-09,2.201414462533236e-09,2.201627368496776e-09,2.2018402703830124e-09,2.202053168105526e-09,2.202266061614968e-09,2.2024789510038495e-09,2.2026918362175672e-09,2.2029047172906405e-09,2.2031175942062717e-09,2.203330466969223e-09,2.2035433355920104e-09,2.2037562000590213e-09,2.203969060377864e-09,2.2041819166015744e-09,2.2043947686238432e-09,2.204607616503089e-09,2.204820460231113e-09,2.205033299812409e-09,2.2052461352386055e-09,2.2054589665309047e-09,2.205671793680985e-09,2.2058846166673176e-09,2.206097435534797e-09,2.206310250181514e-09,2.2065230607764678e-09,2.2067358671995633e-09,2.2069486694994823e-09,2.207161467629071e-09,2.2073742615999306e-09,2.2075870514451525e-09,2.2077998371041787e-09,2.2080126186843008e-09,2.2082253960457625e-09,2.2084381693419635e-09,2.2086509384638084e-09,2.208863703447544e-09,2.209076464224027e-09,2.209289220945786e-09,2.2095019734862604e-09,2.2097147219229817e-09,2.209927466202721e-09,2.210140206331417e-09,2.2103529422747895e-09,2.2105656740706928e-09,2.210778401767235e-09,2.2109911253368312e-09,2.211203844764817e-09,2.211416560110452e-09,2.2116292712846107e-09,2.211841978295499e-09,2.2120546811988368e-09,2.2122673799369053e-09,2.2124800745275597e-09,2.2126927649794044e-09,2.2129054512999683e-09,2.2131181334749118e-09,2.2133308115400795e-09,2.213543485507032e-09,2.213756155339229e-09,2.2139688209984455e-09,2.214181482488576e-09,2.214394139842344e-09,2.21460679300853e-09,2.214819442103961e-09,2.215032087048785e-09,2.215244727839869e-09,2.2154573645148233e-09,2.2156699971555613e-09,2.215882625530763e-09,2.2160952498388288e-09,2.2163078699958058e-09,2.216520485990312e-09,2.2167330978679046e-09,2.2169457055793127e-09,2.217158309186852e-09,2.2173709086033497e-09,2.2175835039766125e-09,2.2177960951766936e-09,2.21800868226976e-09,2.2182212652041477e-09,2.2184338440036273e-09,2.218646418676438e-09,2.2188589892357668e-09,2.2190715556409577e-09,2.2192841179003273e-09,2.219496676064926e-09,2.2197092300758058e-09,2.219921779980542e-09,2.2201343257620306e-09,2.2203468674074203e-09,2.220559404896902e-09,2.2207719382505754e-09,2.22098446744001e-09,2.2211969926104982e-09,2.2214095135779443e-09,2.221622030397322e-09,2.2218345431060197e-09,2.2220470516936143e-09,2.2222595561527386e-09,2.2224720565002896e-09,2.222684552682537e-09,2.2228970447543938e-09,2.223109532694727e-09,2.2233220165175655e-09,2.22353449621338e-09,2.2237469717760687e-09,2.2239594432077115e-09,2.2241719105394514e-09,2.2243843737104104e-09,2.2245968327696713e-09,2.2248092876976663e-09,2.2250217385449175e-09,2.2252341852197377e-09,2.2254466278015976e-09,2.2256590662271487e-09,2.225871500530228e-09,2.2260839307100714e-09,2.2262963567965594e-09,2.2265087787577562e-09,2.2267211965853727e-09,2.2269336103344436e-09,2.2271460199018324e-09,2.2273584253472653e-09,2.2275708266511483e-09,2.2277832238590612e-09,2.2279956169224357e-09,2.2282080058471874e-09,2.2284203906672125e-09,2.228632771420789e-09,2.2288451479729554e-09,2.2290575204574953e-09,2.2292698887963486e-09,2.2294822529387042e-09,2.2296946130293013e-09,2.2299069689991997e-09,2.2301193208747477e-09,2.2303316686146816e-09,2.230544012222146e-09,2.230756351719917e-09,2.23096868709172e-09,2.2311810183304022e-09,2.2313933454532354e-09,2.2316056684759415e-09,2.231817987384257e-09,2.2320303021589094e-09,2.2322426128451448e-09,2.232454919407758e-09,2.2326672218313195e-09,2.232879520137209e-09,2.233091814343628e-09,2.2333041043174103e-09,2.233516390260691e-09,2.233728672114479e-09,2.233940949810097e-09,2.2341532234360546e-09,2.234365492942546e-09,2.23457775835212e-09,2.234790019584074e-09,2.2350022767148014e-09,2.235214529764655e-09,2.235426778659141e-09,2.2356390234456487e-09,2.235851264115927e-09,2.236063500712258e-09,2.2362757331521622e-09,2.2364879614757734e-09,2.2367001856981944e-09,2.2369124057920438e-09,2.237124621773981e-09,2.237336833649045e-09,2.2375490414087132e-09,2.2377612450421072e-09,2.237973444620642e-09,2.2381856400305777e-09,2.2383978313366106e-09,2.238610018551549e-09,2.238822201630593e-09,2.2390343806217647e-09,2.2392465555523455e-09,2.2394587263017797e-09,2.239670892873557e-09,2.239883055396284e-09,2.240095213794514e-09,2.24030736815489e-09,2.240519518367138e-09,2.240731664444653e-09,2.240943806411193e-09,2.241155944268249e-09,2.241368078000033e-09,2.241580207639953e-09,2.2417923331695214e-09,2.2420044545992244e-09,2.2422165719317177e-09,2.242428685138499e-09,2.2426407942518515e-09,2.2428528992374123e-09,2.243065000114057e-09,2.243277096882958e-09,2.243489189519538e-09,2.243701278076232e-09,2.243913362527321e-09,2.2441254428675524e-09,2.244337519123126e-09,2.2445495912206995e-09,2.2447616592728433e-09,2.244973723164466e-09,2.2451857828747603e-09,2.245397838570812e-09,2.2456098901597586e-09,2.245821937646236e-09,2.2460339810200497e-09,2.246246020308581e-09,2.246458055530449e-09,2.2466700865956417e-09,2.2468821135557853e-09,2.247094136418449e-09,2.2473061551676374e-09,2.2475181698071255e-09,2.2477301803480057e-09,2.2479421867964722e-09,2.248154189120687e-09,2.248366187387385e-09,2.2485781815175735e-09,2.248790171532784e-09,2.2490021574722755e-09,2.2492141392714154e-09,2.249426116997595e-09,2.2496380906562215e-09,2.249850060146004e-09,2.2500620255040055e-09,2.2502739868275813e-09,2.250485944065144e-09,2.2506978971724537e-09,2.2509098461791076e-09,2.2511217910630515e-09,2.2513337318663083e-09,2.251545668561232e-09,2.2517576011190634e-09,2.251969529625305e-09,2.2521814540306328e-09,2.2523933743601937e-09,2.2526052905695714e-09,2.252817202671365e-09,2.2530291106870467e-09,2.253241014515871e-09,2.2534529143198393e-09,2.253664810029572e-09,2.2538767016374055e-09,2.254088589145011e-09,2.254300472567581e-09,2.2545123518811583e-09,2.254724227125657e-09,2.254936098240217e-09,2.255147965260851e-09,2.2553598281790014e-09,2.255571687019515e-09,2.255783541727152e-09,2.2559953924186075e-09,2.256207238951893e-09,2.2564190813454097e-09,2.2566309197130633e-09,2.2568427539540824e-09,2.2570545841056095e-09,2.257266410162404e-09,2.2574782321122422e-09,2.2576900499810914e-09,2.2579018637807235e-09,2.2581136734474884e-09,2.258325479006961e-09,2.2585372804939453e-09,2.2587490778812024e-09,2.2589608711483254e-09,2.259172660352243e-09,2.25938444546876e-09,2.259596226485589e-09,2.2598080034100588e-09,2.2600197762444764e-09,2.2602315450236647e-09,2.260443309674972e-09,2.2606550702275273e-09,2.2608668266819734e-09,2.261078579044624e-09,2.261290327331236e-09,2.2615020715165674e-09,2.26171381159928e-09,2.261925547599157e-09,2.262137279523269e-09,2.2623490073383943e-09,2.2625607310688735e-09,2.262772450697612e-09,2.2629841661669647e-09,2.263195877667523e-09,2.2634075849988718e-09,2.2636192882506652e-09,2.2638309874490756e-09,2.264042682546424e-09,2.264254373544855e-09,2.264466060428689e-09,2.2646777432220467e-09,2.2648894219573433e-09,2.2651010966067495e-09,2.265312767175287e-09,2.265524433599944e-09,2.2657360959808908e-09,2.2659477542488952e-09,2.266159408454011e-09,2.2663710585721056e-09,2.26658270460428e-09,2.2667943465497696e-09,2.267005984408038e-09,2.2672176181762645e-09,2.2674292478614938e-09,2.267640873456838e-09,2.2678524949577706e-09,2.2680641123798326e-09,2.268275725725771e-09,2.26848733498737e-09,2.2686989401550596e-09,2.268910541240022e-09,2.2691221382336957e-09,2.2693337311429017e-09,2.269545319966542e-09,2.2697569047075916e-09,2.269968485380313e-09,2.2701800619519452e-09,2.270391634428114e-09,2.2706032028661363e-09,2.2708147672098415e-09,2.271026327481291e-09,2.271237883634018e-09,2.271449435703474e-09,2.2716609836884e-09,2.2718725276233544e-09,2.2720840674426727e-09,2.2722956032215392e-09,2.2725071348750935e-09,2.2727186624251664e-09,2.272930185926643e-09,2.2731417053613037e-09,2.2733532206873313e-09,2.273564731928248e-09,2.2737762390923514e-09,2.2739877421423976e-09,2.274199241153808e-09,2.2744107360648733e-09,2.274622226902787e-09,2.2748337136690517e-09,2.2750451964362946e-09,2.2752566750427214e-09,2.2754681495535537e-09,2.275679620035671e-09,2.27589108640547e-09,2.2761025486953943e-09,2.2763140069235278e-09,2.276525461016503e-09,2.2767369110695807e-09,2.2769483570278634e-09,2.277159798972123e-09,2.277371236777577e-09,2.277582670502248e-09,2.2777941001522073e-09,2.278005525719872e-09,2.278216947242804e-09,2.278428364631712e-09,2.278639777964215e-09,2.2788511872438288e-09,2.2790625924363674e-09,2.279273993539305e-09,2.279485390588205e-09,2.2796967835434288e-09,2.2799081724021583e-09,2.280119557166366e-09,2.28033093787361e-09,2.2805423145121356e-09,2.2807536870785008e-09,2.280965055586647e-09,2.281176420008084e-09,2.281387780346866e-09,2.2815991366248334e-09,2.28181048881427e-09,2.2820218369825004e-09,2.2822331810252287e-09,2.282444521038747e-09,2.2826558567656177e-09,2.282867188583359e-09,2.2830785163659478e-09,2.283289840019577e-09,2.283501159615786e-09,2.2837124751681804e-09,2.283923786617039e-09,2.2841350939068052e-09,2.284346397210432e-09,2.2845576964403547e-09,2.2847689916052044e-09,2.284980282694718e-09,2.2851915697199876e-09,2.2854028526949702e-09,2.2856141315637394e-09,2.2858254063748716e-09,2.2860366771171947e-09,2.2862479437695997e-09,2.2864592063450665e-09,2.286670464860088e-09,2.286881719389303e-09,2.2870929696992954e-09,2.2873042159990034e-09,2.2875154582347333e-09,2.2877266963210655e-09,2.287937930426128e-09,2.2881491604495435e-09,2.288360386414632e-09,2.2885716082241926e-09,2.288782826018399e-09,2.288994039762286e-09,2.2892052494482746e-09,2.2894164550549155e-09,2.2896276566065614e-09,2.2898388540770443e-09,2.290050047481262e-09,2.290261236815397e-09,2.290472422126708e-09,2.290683603348821e-09,2.290894780433072e-09,2.291105953589961e-09,2.2913171225973197e-09,2.2915282874831904e-09,2.2917394481694808e-09,2.2919506049418983e-09,2.2921617577090344e-09,2.2923729064371726e-09,2.2925840510729476e-09,2.2927951916286327e-09,2.2930063280944804e-09,2.2932174604902364e-09,2.293428588823394e-09,2.2936397130917225e-09,2.2938508332903728e-09,2.294061949416504e-09,2.2942730614847786e-09,2.2944841694658215e-09,2.2946952734034207e-09,2.294906373236163e-09,2.295117469048563e-09,2.2953285608099016e-09,2.2955396484531276e-09,2.2957507321786215e-09,2.2959618117929243e-09,2.296172887277208e-09,2.2963839587082335e-09,2.2965950260953792e-09,2.296806089421263e-09,2.2970171487224066e-09,2.2972282038927444e-09,2.297439254951976e-09,2.2976503019975034e-09,2.2978613449837722e-09,2.298072383927401e-09,2.2982834187818512e-09,2.2984944496211643e-09,2.2987054764040713e-09,2.2989164990804046e-09,2.2991275176645025e-09,2.2993385322163435e-09,2.2995495427865932e-09,2.299760549226393e-09,2.299971551605371e-09,2.300182549911562e-09,2.30039354415513e-09,2.3006045343787015e-09,2.3008155203701545e-09,2.301026502391399e-09,2.3012374804019926e-09,2.3014484543711326e-09,2.301659424272386e-09,2.301870390109198e-09,2.3020813518685836e-09,2.3022923095884984e-09,2.3025032632592015e-09,2.3027142129253914e-09,2.3029251585074737e-09,2.303136100034754e-09,2.303347037461348e-09,2.303557970870452e-09,2.3037689001785207e-09,2.303979825447964e-09,2.3041907466812103e-09,2.3044016638770906e-09,2.3046125770215553e-09,2.3048234860797255e-09,2.3050343910555538e-09,2.3052452919434004e-09,2.3054561887608237e-09,2.3056670815626536e-09,2.305877970231008e-09,2.306088854886514e-09,2.30629973557542e-09,2.3065106121665835e-09,2.3067214847078935e-09,2.3069323531383786e-09,2.3071432175436167e-09,2.307354077874084e-09,2.3075649341743695e-09,2.307775786420283e-09,2.3079866346057053e-09,2.3081974787559873e-09,2.3084083188413386e-09,2.3086191548697136e-09,2.3088299868440673e-09,2.3090408148451813e-09,2.3092516387517228e-09,2.3094624585929114e-09,2.309673274359484e-09,2.309884086156299e-09,2.310094893810688e-09,2.3103056974107083e-09,2.3105164969884345e-09,2.310727292485573e-09,2.3109380839525428e-09,2.3111488713089417e-09,2.311359654643214e-09,2.311570433992986e-09,2.3117812092250532e-09,2.3119919804110754e-09,2.3122027475610526e-09,2.3124135106991624e-09,2.3126242697684742e-09,2.3128350247443103e-09,2.313045775675044e-09,2.31325652256901e-09,2.3134672653988657e-09,2.3136780041757512e-09,2.3138887389248285e-09,2.314099469558776e-09,2.314310196182029e-09,2.3145209187599375e-09,2.3147316373118737e-09,2.314942351855502e-09,2.315153062295593e-09,2.315363768692822e-09,2.3155744711141386e-09,2.3157851694676217e-09,2.3159958637081477e-09,2.316206553892657e-09,2.316417240124654e-09,2.316627922235478e-09,2.3168386003701542e-09,2.3170492743696757e-09,2.3172599443149666e-09,2.3174706102410076e-09,2.3176812721124566e-09,2.3178919298830212e-09,2.318102583664531e-09,2.318313233354769e-09,2.318523879023246e-09,2.318734520641988e-09,2.3189451582440962e-09,2.319155791800869e-09,2.3193664212845422e-09,2.3195770467128838e-09,2.319787668042239e-09,2.3199982854009365e-09,2.3202088987040163e-09,2.3204195079593697e-09,2.32063011324168e-09,2.320840714400634e-09,2.3210513114780967e-09,2.321261904526528e-09,2.3214724935977534e-09,2.321683078628757e-09,2.3218936595739378e-09,2.322104236476006e-09,2.322314809242508e-09,2.3225253780249697e-09,2.3227359428173994e-09,2.322946503580113e-09,2.323157060257841e-09,2.3233676129154815e-09,2.3235781615416533e-09,2.3237887060914725e-09,2.3239992466149044e-09,2.324209783101158e-09,2.3244203155289994e-09,2.3246308439136596e-09,2.3248413682600054e-09,2.3250518885558617e-09,2.325262404831445e-09,2.325472917080084e-09,2.3256834252274296e-09,2.325893929369526e-09,2.326104429464127e-09,2.326314925518912e-09,2.326525417559019e-09,2.326735905532651e-09,2.3269463894603403e-09,2.3271568693544897e-09,2.3273673452046185e-09,2.32757781701887e-09,2.327788284864169e-09,2.327998748596796e-09,2.3282092082907845e-09,2.328419663979511e-09,2.328630115649095e-09,2.328840563170399e-09,2.3290510067299285e-09,2.3292614462302562e-09,2.3294718816856335e-09,2.329682313117604e-09,2.329892740496236e-09,2.3301031638433107e-09,2.3303135831479783e-09,2.3305239984156596e-09,2.3307344096468206e-09,2.3309448168408456e-09,2.331155220021236e-09,2.331365619143128e-09,2.3315760141922375e-09,2.331786405244838e-09,2.3319967922942042e-09,2.3322071752748346e-09,2.3324175541814763e-09,2.332627929081184e-09,2.3328382999454022e-09,2.3330486667738827e-09,2.3332590295716812e-09,2.3334693883532916e-09,2.3336797430784575e-09,2.333890093738181e-09,2.334100440384654e-09,2.334310783020272e-09,2.3345211216823534e-09,2.334731456235342e-09,2.334941786816009e-09,2.3351521132956714e-09,2.3353624358035914e-09,2.335572754229578e-09,2.335783068608394e-09,2.3359933789492913e-09,2.3362036852244e-09,2.3364139875002267e-09,2.3366242857097178e-09,2.336834579917545e-09,2.337044870154897e-09,2.337255156298117e-09,2.3374654384174676e-09,2.337675716498053e-09,2.3378859905448116e-09,2.338096260557123e-09,2.338306526513093e-09,2.338516788545993e-09,2.338727046461589e-09,2.3389373003353975e-09,2.339147550268143e-09,2.3393577960992758e-09,2.3395680378712192e-09,2.3397782756293585e-09,2.3399885093602888e-09,2.3401987390591193e-09,2.340408964715228e-09,2.3406191863783188e-09,2.3408294039541693e-09,2.3410396176074136e-09,2.3412498271613554e-09,2.3414600326769552e-09,2.34167023418155e-09,2.341880431773145e-09,2.3420906252100298e-09,2.342300814610694e-09,2.3425109999824914e-09,2.3427211813249347e-09,2.3429313586523803e-09,2.343141531935889e-09,2.3433517011968434e-09,2.343561866424436e-09,2.3437720276498817e-09,2.343982184799481e-09,2.3441923379405403e-09,2.344402487052439e-09,2.344612632139204e-09,2.3448227731920986e-09,2.3450329102478217e-09,2.3452430432508644e-09,2.345453172232864e-09,2.3456632971874397e-09,2.345873418165504e-09,2.3460835350673606e-09,2.346293648022225e-09,2.346503756871339e-09,2.3467138617022987e-09,2.3469239624950293e-09,2.3471340592713484e-09,2.3473441520120424e-09,2.3475542407275724e-09,2.347764325437157e-09,2.3479744061006637e-09,2.348184482752078e-09,2.3483945553948304e-09,2.3486046240055893e-09,2.348814688583189e-09,2.3490247491382582e-09,2.3492348056470885e-09,2.3494448581372768e-09,2.349654906603613e-09,2.3498649510667006e-09,2.3500749914728948e-09,2.3502850278674843e-09,2.350495060239602e-09,2.350705088602851e-09,2.350915112933107e-09,2.3511251332413154e-09,2.3513351495211373e-09,2.3515451617779442e-09,2.351755169995628e-09,2.3519651742117364e-09,2.3521751744007674e-09,2.352385170575738e-09,2.352595162724041e-09,2.3528051508453463e-09,2.353015134953934e-09,2.353225115019695e-09,2.353435091059032e-09,2.353645063156438e-09,2.353855031184865e-09,2.354064995272805e-09,2.354274955253775e-09,2.3544849112374697e-09,2.3546948631707057e-09,2.354904811086732e-09,2.3551147549831854e-09,2.3553246948769284e-09,2.3555346307960176e-09,2.3557445626296287e-09,2.35595449044299e-09,2.356164414241964e-09,2.356374333992397e-09,2.3565842497481205e-09,2.3567941614918587e-09,2.3570040692264668e-09,2.3572139729151045e-09,2.3574238725982334e-09,2.3576337682620235e-09,2.3578436599052187e-09,2.35805354755906e-09,2.3582634311705543e-09,2.3584733108308294e-09,2.3586831864101324e-09,2.3588930579715665e-09,2.3591029255078537e-09,2.3593127890563486e-09,2.359522648560961e-09,2.3597325040457963e-09,2.3599423555249907e-09,2.3601522029845304e-09,2.3603620464202015e-09,2.3605718858435706e-09,2.360781721246811e-09,2.3609915526412868e-09,2.361201380008469e-09,2.3614112033609395e-09,2.3616210227120034e-09,2.3618308380351664e-09,2.3620406493470005e-09,2.362250456669655e-09,2.3624602600221197e-09,2.362670059259726e-09,2.362879854510931e-09,2.363089645744825e-09,2.3632994329642336e-09,2.3635092161699193e-09,2.3637189953602135e-09,2.3639287705889615e-09,2.3641385417497403e-09,2.3643483088986253e-09,2.3645580720322118e-09,2.3647678311584205e-09,2.3649775862674935e-09,2.365187337356251e-09,2.3653970844577176e-09,2.365606827534835e-09,2.365816566599551e-09,2.3660263016459223e-09,2.3662360327042654e-09,2.3664457597308e-09,2.3666554827350643e-09,2.3668652017349913e-09,2.367074916723206e-09,2.367284627696996e-09,2.367494334682451e-09,2.367704037630796e-09,2.3679137365722827e-09,2.368123431505629e-09,2.368333122520054e-09,2.3685428094314065e-09,2.368752492342428e-09,2.36896217124076e-09,2.369171846077587e-09,2.3693815169424713e-09,2.3695911837701004e-09,2.3698008465967574e-09,2.3700105054752622e-09,2.3702201603456676e-09,2.3704298111518013e-09,2.3706394579546814e-09,2.370849100756669e-09,2.3710587395548487e-09,2.3712683743355094e-09,2.371478005118553e-09,2.3716876318716695e-09,2.3718972546201888e-09,2.372106873360169e-09,2.3723164881394084e-09,2.3725260988640158e-09,2.372735705582819e-09,2.37294530829173e-09,2.3731549069903314e-09,2.3733645016870034e-09,2.37357409240684e-09,2.3737836791102133e-09,2.3739932617805195e-09,2.3742028404749052e-09,2.374412415163531e-09,2.3746219858142512e-09,2.3748315525038296e-09,2.3750411151422343e-09,2.375250673749312e-09,2.3754602283812265e-09,2.3756697790015618e-09,2.375879325620144e-09,2.376088868228575e-09,2.3762984068237798e-09,2.3765079414080186e-09,2.3767174720322386e-09,2.376926998624254e-09,2.3771365212065837e-09,2.377346039785207e-09,2.3775555542893794e-09,2.3777650648861713e-09,2.377974571459568e-09,2.37818407410323e-09,2.378393572677044e-09,2.378603067227118e-09,2.37881255777924e-09,2.3790220444402525e-09,2.3792315270033557e-09,2.3794410055399935e-09,2.3796504801003955e-09,2.379859950650629e-09,2.3800694171642747e-09,2.38027887969224e-09,2.3804883382150662e-09,2.380697792740168e-09,2.380907243257282e-09,2.381116689781026e-09,2.381326132318668e-09,2.381535570856435e-09,2.381745005385353e-09,2.381954435890069e-09,2.382163862398408e-09,2.3823732849163278e-09,2.382582703420238e-09,2.3827921179434285e-09,2.3830015284490456e-09,2.3832109349596404e-09,2.3834203374596745e-09,2.383629735960155e-09,2.383839130432738e-09,2.384048520950855e-09,2.3842579074529746e-09,2.3844672899516106e-09,2.3846766684157174e-09,2.3848860429492874e-09,2.3850954134499524e-09,2.3853047799781527e-09,2.385514142490772e-09,2.3857235009741894e-09,2.3859328554608205e-09,2.3861422059861205e-09,2.386351552492087e-09,2.3865608950031963e-09,2.386770233547496e-09,2.386979568048748e-09,2.3871888985522966e-09,2.3873982250682917e-09,2.3876075476100773e-09,2.3878168661316403e-09,2.388026180658121e-09,2.3882354911621987e-09,2.3884447976904298e-09,2.3886541002222966e-09,2.3888633987542207e-09,2.3890726932908327e-09,2.389281983814269e-09,2.389491270365306e-09,2.389700552913615e-09,2.3899098314377288e-09,2.3901191059446085e-09,2.390328376532904e-09,2.3905376430801097e-09,2.3907469056382526e-09,2.390956164211029e-09,2.391165418779108e-09,2.3913746693677425e-09,2.3915839159300987e-09,2.391793158528739e-09,2.3920023971056123e-09,2.3922116316870745e-09,2.3924208622897083e-09,2.39263008891405e-09,2.3928393115597365e-09,2.3930485301704554e-09,2.3932577447670985e-09,2.3934669554023963e-09,2.3936761620505454e-09,2.393885364726353e-09,2.394094563360498e-09,2.3943037580335176e-09,2.394512948724546e-09,2.3947221353994777e-09,2.394931318081728e-09,2.39514049676214e-09,2.3953496714520378e-09,2.395558842179219e-09,2.395768008894836e-09,2.395977171623581e-09,2.3961863303513997e-09,2.3963954851139373e-09,2.3966046358355507e-09,2.396813782623258e-09,2.397022925415771e-09,2.397232064170427e-09,2.3974411989662988e-09,2.3976503297541457e-09,2.3978594565566555e-09,2.3980685793626586e-09,2.3982776981779484e-09,2.3984868130029127e-09,2.3986959238491915e-09,2.3989050307108947e-09,2.399114133591966e-09,2.3993232324640284e-09,2.399532327338871e-09,2.399741418224101e-09,2.3999505051200097e-09,2.4001595880387537e-09,2.40036866695487e-09,2.4005777418464423e-09,2.4007868127858984e-09,2.4009958797369948e-09,2.401204942698881e-09,2.401414001661651e-09,2.4016230566438576e-09,2.4018321076601065e-09,2.402041154696506e-09,2.4022501977241235e-09,2.40245923676499e-09,2.4026682718276013e-09,2.402877302873215e-09,2.4030863299603336e-09,2.403295353043378e-09,2.403504372139145e-09,2.403713387257656e-09,2.4039223983968376e-09,2.404131405560886e-09,2.4043404087618487e-09,2.4045494079667516e-09,2.4047584031200783e-09,2.4049673942953272e-09,2.405176381500016e-09,2.4053853647190787e-09,2.4055943439767883e-09,2.405803319232788e-09,2.4060122905046258e-09,2.4062212577935555e-09,2.4064302210968035e-09,2.4066391805114494e-09,2.4068481358371654e-09,2.4070570871804447e-09,2.4072660345317876e-09,2.407474977908611e-09,2.4076839173292673e-09,2.4078928527160655e-09,2.408101784124209e-09,2.4083107115721366e-09,2.408519635012579e-09,2.408728554478384e-09,2.4089374699451876e-09,2.409146381438872e-09,2.409355288947385e-09,2.4095641924659002e-09,2.4097730919618255e-09,2.409981987537315e-09,2.410190879136644e-09,2.4103997667139025e-09,2.4106086503540476e-09,2.4108175299837766e-09,2.4110264056246944e-09,2.4112352772952882e-09,2.411444144994702e-09,2.411653008700127e-09,2.411861868438876e-09,2.4120707241903616e-09,2.4122795759631118e-09,2.4124884237447147e-09,2.4126972675573938e-09,2.4129061073394624e-09,2.41311494318581e-09,2.4133237750887867e-09,2.4135326029671023e-09,2.413741426880276e-09,2.413950246830425e-09,2.414159062784634e-09,2.4143678747433626e-09,2.414576682719876e-09,2.4147854867310758e-09,2.414994286750442e-09,2.415203082798077e-09,2.415411874859202e-09,2.415620662937699e-09,2.4158294470278778e-09,2.4160382271554566e-09,2.416247003268885e-09,2.4164557754325543e-09,2.4166645436676863e-09,2.4168733078832967e-09,2.417082068091006e-09,2.417290824380892e-09,2.4174995766602237e-09,2.4177083249566605e-09,2.417917069277674e-09,2.4181258096215334e-09,2.4183345459924407e-09,2.418543278382184e-09,2.4187520067934834e-09,2.4189607312293586e-09,2.4191694516881216e-09,2.419378168169865e-09,2.419586880675432e-09,2.4197955891836917e-09,2.420004293737234e-09,2.420212994306365e-09,2.4204216909080024e-09,2.420630383532153e-09,2.420839072182441e-09,2.421047756999342e-09,2.421256437699001e-09,2.421465114454364e-09,2.421673787203537e-09,2.4218824560013917e-09,2.4220911208332723e-09,2.422299781661613e-09,2.4225084385125918e-09,2.4227170913597995e-09,2.422925740260934e-09,2.4231343851892135e-09,2.4233430261435083e-09,2.423551663122202e-09,2.4237602961312548e-09,2.4239689251647255e-09,2.42417755022928e-09,2.4243861713154515e-09,2.424594788438254e-09,2.4248034015796875e-09,2.4250120107490556e-09,2.425220615938954e-09,2.42542921716287e-09,2.425637814413017e-09,2.4258464076777655e-09,2.426054996979808e-09,2.426263582325578e-09,2.4264721636874577e-09,2.426680741064152e-09,2.426889314483387e-09,2.427097883927732e-09,2.427306449402664e-09,2.427515010906697e-09,2.4277235684406268e-09,2.4279321219618522e-09,2.428140671552456e-09,2.4283492171718273e-09,2.428557758862465e-09,2.4287662965044714e-09,2.4289748302012203e-09,2.429183359940206e-09,2.4293918857097727e-09,2.4296004075094575e-09,2.4298089253334485e-09,2.430017439194026e-09,2.4302259490894765e-09,2.4304344550224786e-09,2.430642956989322e-09,2.4308514549748563e-09,2.4310599489950873e-09,2.431268439049422e-09,2.4314769251268926e-09,2.4316854072455232e-09,2.431893885386612e-09,2.432102359550435e-09,2.432310829748793e-09,2.4325192960017513e-09,2.432727758265337e-09,2.4329362165738276e-09,2.4331446709076715e-09,2.4333531212752134e-09,2.4335615676748836e-09,2.43377001008061e-09,2.4339784485459793e-09,2.4341868830482065e-09,2.4343953136094603e-09,2.4346037401746732e-09,2.4348121627707423e-09,2.435020581327977e-09,2.4352289959946957e-09,2.435437406698146e-09,2.435645813433477e-09,2.4358542161850027e-09,2.436062615006745e-09,2.4362710098435827e-09,2.436479400697628e-09,2.4366877876058515e-09,2.436896170549331e-09,2.437104549527383e-09,2.4373129245380145e-09,2.437521295587499e-09,2.437729662676306e-09,2.4379380258009252e-09,2.4381463849530557e-09,2.4383547401432114e-09,2.438563091347953e-09,2.4387714386044425e-09,2.4389797819030676e-09,2.439188121142613e-09,2.4393964565218036e-09,2.4396047879174146e-09,2.4398131153632353e-09,2.4400214388531867e-09,2.4402297583739967e-09,2.440438073925113e-09,2.440646385529812e-09,2.4408546931859845e-09,2.441062996862256e-09,2.4412712965709627e-09,2.4414795923244166e-09,2.4416878841108343e-09,2.4418961719966615e-09,2.442104455894483e-09,2.4423127357943845e-09,2.442521011731554e-09,2.4427292836844477e-09,2.4429375517045263e-09,2.443145815760402e-09,2.443354075921205e-09,2.4435623320504985e-09,2.443770584243232e-09,2.443978832460302e-09,2.444187076713103e-09,2.444395317002735e-09,2.444603553335268e-09,2.4448117857249357e-09,2.445020014137489e-09,2.4452282386423194e-09,2.445436459134059e-09,2.445644675666796e-09,2.4458528881812925e-09,2.4460610967888266e-09,2.4462693014423175e-09,2.446477502098502e-09,2.4466856988480466e-09,2.4468938916260917e-09,2.4471020804485868e-09,2.4473102653210658e-09,2.4475184462359433e-09,2.4477266231836627e-09,2.4479347961979075e-09,2.4481429652324175e-09,2.4483511303084346e-09,2.448559291419716e-09,2.4487674485815218e-09,2.44897560178576e-09,2.44918375103953e-09,2.4493918963325956e-09,2.4496000376450206e-09,2.4498081749983805e-09,2.4500163084206943e-09,2.45022443791295e-09,2.4504325634240348e-09,2.450640684982317e-09,2.450848802612577e-09,2.4510569162566904e-09,2.4512650259415896e-09,2.4514731316708603e-09,2.4516812334253572e-09,2.4518893312463176e-09,2.452097425111267e-09,2.452305515038291e-09,2.4525136010004863e-09,2.4527216830062202e-09,2.4529297610504932e-09,2.4531378351403023e-09,2.4533459052798297e-09,2.4535539714758546e-09,2.453762033705104e-09,2.4539700919787324e-09,2.4541781462135015e-09,2.4543861965790166e-09,2.454594242969463e-09,2.4548022854219175e-09,2.4550103239285e-09,2.455218358444412e-09,2.4554263890536974e-09,2.4556344157388845e-09,2.455842438438393e-09,2.456050457180741e-09,2.45625847195623e-09,2.4564664827986166e-09,2.4566744896608993e-09,2.456882492571616e-09,2.457090491528202e-09,2.4572984865661937e-09,2.457506477675104e-09,2.457714464803436e-09,2.4579224479683957e-09,2.458130427192254e-09,2.458338402465932e-09,2.4585463737419084e-09,2.458754341110008e-09,2.458962304538615e-09,2.459170264012047e-09,2.4593782195332573e-09,2.4595861711123816e-09,2.4597941187383473e-09,2.4600020625057103e-09,2.460210002218352e-09,2.4604179380388557e-09,2.4606258698593417e-09,2.460833797738451e-09,2.461041721655172e-09,2.4612496416272483e-09,2.4614575576501004e-09,2.461665469803228e-09,2.4618733779399986e-09,2.4620812821193237e-09,2.462289182355043e-09,2.462497078677532e-09,2.462704971026994e-09,2.4629128593816114e-09,2.4631207438168773e-09,2.4633286242981683e-09,2.4635365008718993e-09,2.4637443734606435e-09,2.4639522421201425e-09,2.464160106825735e-09,2.464367967576225e-09,2.4645758244087277e-09,2.4647836772768926e-09,2.4649915261826402e-09,2.4651993711445475e-09,2.4654072121612818e-09,2.4656150491675425e-09,2.4658228822927346e-09,2.4660307114842466e-09,2.4662385366959396e-09,2.466446357984903e-09,2.46665417528669e-09,2.4668619886528126e-09,2.4670697981024425e-09,2.4672776036067542e-09,2.467485405163638e-09,2.4676932027724252e-09,2.4679009964672965e-09,2.46810878619476e-09,2.4683165719735444e-09,2.4685243538114843e-09,2.468732131740539e-09,2.4689399056893296e-09,2.4691476756882635e-09,2.469355441773298e-09,2.469563203887144e-09,2.4697709620700207e-09,2.4699787162791e-09,2.470186466545958e-09,2.470394212886616e-09,2.4706019552833853e-09,2.4708096937375707e-09,2.471017428251144e-09,2.4712251588585978e-09,2.4714328854853833e-09,2.4716406081667523e-09,2.4718483269087265e-09,2.4720560417101926e-09,2.4722637525653032e-09,2.472471459481049e-09,2.4726791624537086e-09,2.4728868614888686e-09,2.4730945565802573e-09,2.473302247754524e-09,2.4735099349601492e-09,2.4737176182205415e-09,2.4739252975390555e-09,2.4741329729190027e-09,2.474340644371475e-09,2.4745483118745183e-09,2.474755975334905e-09,2.4749636349581906e-09,2.4751712906408863e-09,2.475378942361783e-09,2.4755865901792865e-09,2.4757942340393626e-09,2.4760018739716254e-09,2.476209509955463e-09,2.4764171420059755e-09,2.476624770118862e-09,2.4768323942260195e-09,2.47704001445089e-09,2.477247630738883e-09,2.4774552430851286e-09,2.4776628514899946e-09,2.4778704559152368e-09,2.4780780564543265e-09,2.4782856530498666e-09,2.478493245738443e-09,2.4787008344559164e-09,2.4789084191980005e-09,2.4791160000396166e-09,2.479323576995823e-09,2.4795311499557094e-09,2.4797387189900456e-09,2.4799462840835974e-09,2.480153845241588e-09,2.4803614024644857e-09,2.4805689557511067e-09,2.480776505101962e-09,2.4809840505095473e-09,2.4811915919995106e-09,2.4813991295464426e-09,2.4816066631428025e-09,2.4818141927946375e-09,2.4820217185296822e-09
15,4.745502538132152e-62,2.2797767610350086e-61,6.422100133358998e-61,1.4006926226787006e-60,2.618169343338145e-60,4.410812812424171e-60,6.894816113343089e-60,1.0185713046964536e-59,1.4398099470898688e-59,1.964557048077736e-59,2.604076775346138e-59,3.3695477342570637e-59,4.272074489032169e-59,5.3226990666078045e-59,6.532411572360321e-59,7.912159549960651e-59,9.472855995234091e-59,1.122538607926572e-58,1.3180612705401897e-58,1.5349381050666584e-58,1.774252224417534e-58,2.0370856325248933e-58,2.324519460806307e-58,2.6376341562459785e-58,2.9775096303499868e-58,3.345225376676197e-58,3.741860563265392e-58,4.1684941051249496e-58,4.626204720919962e-58,5.1160709772123905e-58,5.6391713229101064e-58,6.196584116038021e-58,6.789387644510394e-58,7.418660142219078e-58,8.085479801477322e-58,8.790924782629818e-58,9.536073221467529e-58,1.0322003234936375e-57,1.11497929255376e-57,1.2020520384702981e-57,1.2935263695392754e-57,1.389510093408466e-57,1.4901110172303436e-57,1.5954369477789142e-57,1.7055956915392727e-57,1.8206950547760873e-57,1.9408428435859134e-57,2.0661468639372605e-57,2.1967149217010324e-57,2.3326548226738466e-57,2.4740743725957708e-57,2.621081377163875e-57,2.773783642042569e-57,2.9322889728713754e-57,3.096705175270948e-57,3.267140054847604e-57,3.4437014171968224e-57,3.6264970679057724e-57,3.8156348125553914e-57,4.011222456721838e-57,4.213367805977683e-57,4.422178665892781e-57,4.637762842034906e-57,4.860228139970259e-57,5.089682365263875e-57,5.326233323479881e-57,5.56998882018173e-57,5.821056660932341e-57,6.079544651294272e-57,6.345560596829777e-57,6.619212303100877e-57,6.900607575669432e-57,7.189854220097187e-57,7.487060041945766e-57,7.792332846776735e-57,8.105780440151613e-57,8.427510627631866e-57,8.757631214778932e-57,9.096250007154233e-57,9.443474810319139e-57,9.799413429835098e-57,1.0164173671263406e-56,1.0537863340165471e-56,1.0920590242102636e-56,1.1312462182636247e-56,1.171358696732771e-56,1.2124072401738325e-56,1.2544026291429424e-56,1.2973556441962428e-56,1.3412770658898625e-56,1.3861776747799366e-56,1.4320682514226002e-56,1.478959576373988e-56,1.5268624301902349e-56,1.5757875934274728e-56,1.6257458466418393e-56,1.6767479703894657e-56,1.7288047452264873e-56,1.7819269517090405e-56,1.8361253703932562e-56,1.8914107818352705e-56,1.9477939665912162e-56,2.0052857052172304e-56,2.0638967782694454e-56,2.1236379663039956e-56,2.184520049877017e-56,2.246553809544641e-56,2.309750025863006e-56,2.3741194793882395e-56,2.439672950676478e-56,2.50642122028386e-56,2.5743750687665134e-56,2.6435452766805774e-56,2.713942624582186e-56,2.785577893027471e-56,2.858461862572572e-56,2.9326053137736166e-56,3.008019027186742e-56,3.0847137833680808e-56,3.162700362873768e-56,3.241989546259941e-56,3.322592114082731e-56,3.404518846898272e-56,3.4877805252627012e-56,3.5723879297321487e-56,3.658351840862752e-56,3.7456830392106416e-56,3.834392305331952e-56,3.92449041978282e-56,4.015988163119379e-56,4.108896315897766e-56,4.203225658674114e-56,4.298986972004553e-56,4.396191036445219e-56,4.4948486325522505e-56,4.594970540881778e-56,4.696567541989938e-56,4.799650416432862e-56,4.904229944766686e-56,5.010316907547541e-56,5.117922085331561e-56,5.22705625867489e-56,5.337730208133657e-56,5.449954714263991e-56,5.5637405576220315e-56,5.679098518763909e-56,5.796039378245762e-56,5.914573916623718e-56,6.034712914453915e-56,6.156467152292492e-56,6.279847410695578e-56,6.404864470219302e-56,6.531529111419806e-56,6.659852114853229e-56,6.789844261075697e-56,6.921516330643354e-56,7.054879104112326e-56,7.189943362038742e-56,7.326719884978746e-56,7.465219453488465e-56,7.605452848124045e-56,7.74743084944161e-56,7.891164237997293e-56,8.036663794347237e-56,8.183940299047564e-56,8.333004532654416e-56,8.483867275723929e-56,8.636539308812234e-56,8.791031412475464e-56,8.94735436726976e-56,9.105518953751237e-56,9.265535952476053e-56,9.427416144000334e-56,9.59117030888021e-56,9.756809227671819e-56,9.924343680931296e-56,1.0093784449214773e-55,1.0265142313078388e-55,1.0438428053078263e-55,1.0613652449770545e-55,1.0790826283711364e-55,1.0969960335456857e-55,1.1151065385563155e-55,1.1334152214586394e-55,1.1519231603082706e-55,1.1706314331608232e-55,1.1895411180719104e-55,1.2086532930971444e-55,1.2279690362921401e-55,1.2474894257125105e-55,1.2672155394138697e-55,1.2871484554518294e-55,1.3072892518820038e-55,1.3276390067600067e-55,1.3481987981414507e-55,1.3689697040819507e-55,1.3899528026371182e-55,1.4111491718625683e-55,1.4325598898139135e-55,1.4541860345467676e-55,1.4760286841167439e-55,1.4980889165794561e-55,1.5203678099905178e-55,1.5428664424055417e-55,1.5655858918801403e-55,1.5885272364699286e-55,1.61169155423052e-55,1.6350799232175277e-55,1.658693421486565e-55,1.6825331270932454e-55,1.7066001180931822e-55,1.7308954725419888e-55,1.7554202684952776e-55,1.7801755840086636e-55,1.805162497137761e-55,1.830382085938182e-55,1.85583542846554e-55,1.8815236027754486e-55,1.90744768692352e-55,1.9336087589653695e-55,1.9600078969566087e-55,1.9866461789528518e-55,2.013524683009712e-55,2.040644487182803e-55,2.0680066695277392e-55,2.095612308100133e-55,2.1234624809555975e-55,2.1515582661497465e-55,2.179900741738193e-55,2.208490985776551e-55,2.2373300763204346e-55,2.2664190914254564e-55,2.2957591091472294e-55,2.3253512075413676e-55,2.355196464663483e-55,2.3852959585691896e-55,2.415650767314103e-55,2.4462619689538354e-55,2.4771306415439996e-55,2.5082578631402096e-55,2.5396447117980792e-55,2.5712922655732213e-55,2.603201602521249e-55,2.6353738006977758e-55,2.6678099381584153e-55,2.7005110929587818e-55,2.733478343154488e-55,2.7667127668011464e-55,2.80021544195437e-55,2.8339874466697736e-55,2.8680298590029712e-55,2.902343757009576e-55,2.9369302187452003e-55,2.971790322265458e-55,3.0069251456259628e-55,3.0423357668823294e-55,3.0780232640901627e-55,3.1139887153050884e-55,3.150233198582717e-55,3.1867577919786585e-55,3.2235635735485287e-55,3.260651621347938e-55,3.298023013432503e-55,3.335678827857835e-55,3.373620142679549e-55,3.4118480359532575e-55,3.450363585734577e-55,3.489167870079115e-55,3.528261967042488e-55,3.5676469546803086e-55,3.607323911048193e-55,3.6472939142017516e-55,3.687558042196597e-55,3.7281173730883474e-55,3.768972984932611e-55,3.810125955785005e-55,3.851577363701142e-55,3.8933282867366335e-55,3.935379802947093e-55,3.977732990388136e-55,4.020388927115376e-55,4.063348691184425e-55,4.106613360650898e-55,4.150184013570406e-55,4.194061727998563e-55,4.238247581990984e-55,4.282742653603281e-55,4.327548020891069e-55,4.372664761909961e-55,4.418093954715569e-55,4.463836677363508e-55,4.509894007909389e-55,4.556267024408829e-55,4.60295680491744e-55,4.649964427490833e-55,4.697290970184625e-55,4.744937511054428e-55,4.7929051281558556e-55,4.841194899544524e-55,4.889807903276049e-55,4.938745217406028e-55,4.988007919990083e-55,5.037597089083832e-55,5.087513802742886e-55,5.1377591390228576e-55,5.18833417597936e-55,5.239239991668009e-55,5.290477664144415e-55,5.342048271464196e-55,5.39395289168296e-55,5.446192602856326e-55,5.498768483039903e-55,5.5516816102893035e-55,5.604933062660145e-55,5.658523918208037e-55,5.7124552549885944e-55,5.7667281510574336e-55,5.821343684470164e-55,5.8763029332824e-55,5.9316069755497555e-55,5.9872568893278466e-55,6.0432537526722816e-55,6.099598643638687e-55,6.156292640282656e-55,6.2133368206598114e-55,6.2707322628257666e-55,6.328480044836141e-55,6.386581244746536e-55,6.445036940612575e-55,6.503848210489863e-55,6.563016132434021e-55,6.622541784500658e-55,6.682426244745388e-55,6.742670591223827e-55,6.803275901991587e-55,6.864243255104285e-55,6.925573728617527e-55,6.987268400586934e-55,7.049328349068115e-55,7.111754652116685e-55,7.174548387788257e-55,7.237710634138437e-55,7.301242469222849e-55,7.365144971097103e-55,7.42941921781681e-55,7.494066287437586e-55,7.559087258015045e-55,7.624483207604799e-55,7.690255214262462e-55,7.756404356043646e-55,7.822931711003966e-55,7.889838357199035e-55,7.957125372684466e-55,8.024793835515874e-55,8.092844823748873e-55,8.161279415439076e-55,8.230098688642091e-55,8.299303721413537e-55,8.368895591809029e-55,8.438875377884173e-55,8.50924415769459e-55,8.580003009295887e-55,8.651153010743683e-55,8.72269524009359e-55,8.794630775401221e-55,8.866960694722186e-55,8.939686076112105e-55,9.012807997626585e-55,9.086327537321245e-55,9.160245773251697e-55,9.234563783473553e-55,9.309282646042432e-55,9.384403439013935e-55,9.45992724044368e-55,9.535855128387284e-55,9.612188180900362e-55,9.688927476038515e-55,9.766074091857373e-55,9.843629106412543e-55,9.921593597759638e-55,9.999968643954274e-55,1.0078755323052058e-54,1.015795471310861e-54,1.0237567892179541e-54,1.0317595938320468e-54,1.0398039929586993e-54,1.0478900944034739e-54,1.0560180059719318e-54,1.0641878354696347e-54,1.0723996907021431e-54,1.0806536794750187e-54,1.0889499095938229e-54,1.0972884888641173e-54,1.1056695250914631e-54,1.1140931260814215e-54,1.1225593996395538e-54,1.1310684535714212e-54,1.1396203956825853e-54,1.1482153337786079e-54,1.1568533756650495e-54,1.1655346291474718e-54,1.1742592020314354e-54,1.1830272021225026e-54,1.1918387372262347e-54,1.2006939151481928e-54,1.20959284369394e-54,1.2185356306690347e-54,1.2275223838790397e-54,1.2365532111295153e-54,1.2456282202260237e-54,1.2547475189741268e-54,1.2639112151793852e-54,1.27311941664736e-54,1.2823722311836135e-54,1.2916697665937063e-54,1.3010121306831997e-54,1.3103994312576554e-54,1.3198317761226354e-54,1.329309273083699e-54,1.3388320299464094e-54,1.3484001545163273e-54,1.3580137545990143e-54,1.3676729380000317e-54,1.3773778125249405e-54,1.387128485979302e-54,1.3969250661686777e-54,1.4067676608986288e-54,1.4166563779747168e-54,1.4265913252025035e-54,1.4365726103875498e-54,1.4466003413354172e-54,1.456674625851667e-54,1.4667955717418596e-54,1.4769632868115583e-54,1.487177878866323e-54,1.497439455711716e-54,1.5077481251532974e-54,1.5181039949966283e-54,1.5285071730472715e-54,1.5389577671107874e-54,1.5494558849927375e-54,1.5600016344986833e-54,1.570595123434186e-54,1.581236459604807e-54,1.5919257508161076e-54,1.6026631048736494e-54,1.6134486295829934e-54,1.6242824327497018e-54,1.6351646221793344e-54,1.646095305677454e-54,1.657074591049621e-54,1.6681025861013972e-54,1.6791793986383442e-54,1.690305136466023e-54,1.701479907389995e-54,1.712703819215821e-54,1.7239769797490637e-54,1.735299496795284e-54,1.7466714781600411e-54,1.7580930316488988e-54,1.769564265067417e-54,1.781085286221158e-54,1.7926562029156823e-54,1.8042771229565526e-54,1.815948154149329e-54,1.8276694042995736e-54,1.8394409812128477e-54,1.8512629926947125e-54,1.8631355465507295e-54,1.87505875058646e-54,1.887032712607465e-54,1.8990575404193062e-54,1.9111333418275446e-54,1.9232602246377422e-54,1.935438296655459e-54,1.9476676656862577e-54,1.959948439535699e-54,1.972280726009344e-54,1.984664632912754e-54,1.997100268051491e-54,2.0095877392311156e-54,2.0221271542571903e-54,2.0347186209352756e-54,2.0473622470709337e-54,2.0600581404697243e-54,2.0728064089372105e-54,2.0856071602789525e-54,2.098460502300512e-54,2.1113665428074502e-54,2.1243253896053286e-54,2.1373371504997087e-54,2.150401933296151e-54,2.1635198458002176e-54,2.1766909958174697e-54,2.1899154911534687e-54,2.203193439613776e-54,2.2165249490039528e-54,2.2299101271295605e-54,2.2433490817961604e-54,2.256841920809314e-54,2.2703887519745822e-54,2.2839896830975272e-54,2.2976448219837095e-54,2.311354276438691e-54,2.325118154268033e-54,2.3389365632772972e-54,2.352809611272044e-54,2.366737406057835e-54,2.3807200554402318e-54,2.3947576672247956e-54,2.4088503492170876e-54,2.4229982092226696e-54,2.437201355047101e-54,2.451459894495946e-54,2.4657739353747644e-54,2.4801435854891176e-54,2.4945689526445683e-54,2.5090501446466757e-54,2.5235872693010018e-54,2.5381804344131088e-54,2.5528297477885576e-54,2.5675353172329091e-54,2.5822972505517234e-54,2.5971156555505667e-54,2.611990640034995e-54,2.6269223118105735e-54,2.641910778682861e-54,2.656956148457419e-54,2.672058528939811e-54,2.687218027935595e-54,2.7024347532503347e-54,2.717708812689592e-54,2.7330403140589266e-54,2.7484293651639007e-54,2.763876073810075e-54,2.779380547803012e-54,2.794942894948271e-54,2.8105632230514156e-54,2.826241639918005e-54,2.841978253353602e-54,2.8577731711637685e-54,2.873626501154063e-54,2.8895383511300506e-54,2.9055088288972905e-54,2.9215380422613436e-54,2.937626099027773e-54,2.953773107002139e-54,2.9699791739900025e-54,2.986244407796925e-54,3.0025689162284687e-54,3.018952807090195e-54,3.035396188187664e-54,3.051899167326439e-54,3.068461852312078e-54,3.0850843509501455e-54,3.1017667710462015e-54,3.118509220405807e-54,3.1353118068345243e-54,3.1521746381379147e-54,3.1690978221215396e-54,3.1860814665909594e-54,3.2031256793517356e-54,3.22023056820943e-54,3.237396240969606e-54,3.254622805437821e-54,3.271910369419638e-54,3.2892590407206186e-54,3.3066689271463254e-54,3.324140136502317e-54,3.3416727765941566e-54,3.3592669552274063e-54,3.376922780207624e-54,3.3946403593403744e-54,3.4124198004312175e-54,3.430261211285716e-54,3.448164699709429e-54,3.4661303735079195e-54,3.4841583404867477e-54,3.5022487084514753e-54,3.520401585207664e-54,3.538617078560875e-54,3.556895296316669e-54,3.575236346280609e-54,3.5936403362582555e-54,3.6121073740551685e-54,3.630637567476912e-54,3.649231024329045e-54,3.66788785241713e-54,3.686608159546724e-54,3.705392053523396e-54,3.724239642152704e-54,3.7431510332402083e-54,3.7621263345914717e-54,3.781165654012054e-54,3.8002690993075185e-54,3.819436778283424e-54,3.838668798745334e-54,3.8579652684988085e-54,3.87732629534941e-54,3.8967519871026986e-54,3.916242451564236e-54,3.935797796539585e-54,3.955418129834305e-54,3.9751035592539586e-54,3.994854192604106e-54,4.0146701376903096e-54,4.0345515023181296e-54,4.0544983942931293e-54,4.0745109214208683e-54,4.0945891915069076e-54,4.11473331235681e-54,4.1349433917761363e-54,4.155219537570447e-54,4.175561857545305e-54,4.1959704595062697e-54,4.216445451258904e-54,4.236986940608769e-54,4.257595035361425e-54,4.278269843322435e-54,4.2990114722973595e-54,4.31982003009176e-54,4.340695624511197e-54,4.3616383633612354e-54,4.3826483544474303e-54,4.4037257055753486e-54,4.4248705245505494e-54,4.446082919178594e-54,4.4673629972650445e-54,4.488710866615461e-54,4.510126635035403e-54,4.531610410330436e-54,4.553162300306121e-54,4.5747824127680167e-54,4.596470855521686e-54,4.61822773637269e-54,4.640053163126591e-54,4.6619472435889485e-54,4.683910085565325e-54,4.7059417968612834e-54,4.728042485282381e-54,4.7502122586341834e-54,4.7724512247222487e-54,4.794759491352139e-54,4.8171371663294167e-54,4.8395843574596434e-54,4.8621011725483773e-54,4.884687719401183e-54,4.9073441058236207e-54,4.930070439621253e-54,4.952866828599641e-54,4.9757333805643424e-54,4.998670203320922e-54,5.0216774046749413e-54,5.0447550924319616e-54,5.067903374397543e-54,5.091122358377247e-54,5.1144121521766356e-54,5.137772863601269e-54,5.1612046004567103e-54,5.1847074705485205e-54,5.208281581682258e-54,5.23192704166349e-54,5.255643958297772e-54,5.279432439390668e-54,5.303292592747738e-54,5.327224526174546e-54,5.35122834747665e-54,5.375304164459613e-54,5.399452084928998e-54,5.423672216690366e-54,5.447964667549277e-54,5.47232954531129e-54,5.496766957781969e-54,5.521277012766875e-54,5.54585981807157e-54,5.570515481501615e-54,5.595244110862572e-54,5.620045813960003e-54,5.644920698599464e-54,5.669868872586522e-54,5.694890443726734e-54,5.719985519825668e-54,5.745154208688879e-54,5.77039661812193e-54,5.795712855930384e-54,5.821103029919802e-54,5.846567247895741e-54,5.872105617663767e-54,5.897718247029442e-54,5.923405243798325e-54,5.949166715775977e-54,5.975002770767961e-54,6.000913516579839e-54,6.026899061017167e-54,6.052959511885514e-54,6.079094976990436e-54,6.105305564137497e-54,6.131591381132256e-54,6.157952535780278e-54,6.18438913588712e-54,6.210901289258344e-54,6.237489103699514e-54,6.26415268701619e-54,6.290892147013931e-54,6.317707591498303e-54,6.344599128274864e-54,6.371566865149178e-54,6.398610909926803e-54,6.425731370413303e-54,6.452928354414239e-54,6.480201969735172e-54,6.507552324181663e-54,6.534979525559274e-54,6.562483681673563e-54,6.590064900330096e-54,6.617723289334432e-54,6.645458956492134e-54,6.673272009608762e-54,6.701162556489876e-54,6.729130704941041e-54,6.757176562767816e-54,6.785300237775763e-54,6.813501837770442e-54,6.841781470557414e-54,6.870139243942245e-54,6.898575265730489e-54,6.927089643727713e-54,6.955682485739477e-54,6.984353899571342e-54,7.013103993028867e-54,7.041932873917617e-54,7.070840650043151e-54,7.099827429211033e-54,7.128893319226824e-54,7.158038427896082e-54,7.187262863024371e-54,7.216566732417251e-54,7.245950143880284e-54,7.275413205219033e-54,7.304956024239057e-54,7.334578708745918e-54,7.364281366545178e-54,7.394064105442394e-54,7.423927033243132e-54,7.453870257752955e-54,7.483893886777422e-54,7.513998028122093e-54,7.54418278959253e-54,7.574448278994294e-54,7.604794604132946e-54,7.63522187281405e-54,7.665730192843166e-54,7.696319672025855e-54,7.726990418167678e-54,7.757742539074196e-54,7.788576142550971e-54,7.819491336403565e-54,7.850488228437538e-54,7.881566926458454e-54,7.912727538271871e-54,7.943970171683353e-54,7.975294934498458e-54,8.006701934522752e-54,8.038191279561795e-54,8.069763077421145e-54,8.101417435906367e-54,8.133154462823019e-54,8.164974265976664e-54,8.196876953172864e-54,8.228862632217181e-54,8.260931410915176e-54,8.293083397072408e-54,8.325318698494443e-54,8.357637422986837e-54,8.390039678355154e-54,8.422525572404955e-54,8.455095212941803e-54,8.487748707771254e-54,8.520486164698877e-54,8.553307691530226e-54,8.586213396070867e-54,8.61920338612636e-54,8.652277769502266e-54,8.685436654004146e-54,8.718680147437568e-54,8.752008357608082e-54,8.785421392321257e-54,8.818919359382652e-54,8.852502366597829e-54,8.886170521772346e-54,8.919923932711771e-54,8.953762707221659e-54,8.987686953107575e-54,9.02169677817508e-54,9.055792290229732e-54,9.089973597077095e-54,9.124240806522732e-54,9.158594026372204e-54,9.193033364431069e-54,9.227558928504887e-54,9.262170826399227e-54,9.296869165919645e-54,9.331654054871703e-54,9.366525601060963e-54,9.401483912292986e-54,9.436529096373333e-54,9.47166126110757e-54,9.506880514301249e-54,9.542186963759936e-54,9.577580717289196e-54,9.613061882694583e-54,9.648630567781669e-54,9.684286880356001e-54,9.720030928223152e-54,9.755862819188677e-54,9.791782661058143e-54,9.827790561637105e-54,9.863886628731128e-54,9.900070970145773e-54,9.936343693686602e-54,9.972704907159173e-54,1.0009154718369053e-53,1.0045693235121797e-53,1.008232056522297e-53,1.0119036816478135e-53,1.015584209669285e-53,1.0192736513672676e-53,1.0229720175223175e-53,1.026679318914991e-53,1.0303955663258445e-53,1.0341207705354333e-53,1.0378549423243141e-53,1.0415980924730433e-53,1.0453502317621762e-53,1.0491113709722695e-53,1.0528815208838795e-53,1.0566606922775617e-53,1.0604488959338727e-53,1.064246142633369e-53,1.068052443156606e-53,1.07186780828414e-53,1.0756922487965277e-53,1.0795257754743247e-53,1.083368399098087e-53,1.0872201304483712e-53,1.0910809803057333e-53,1.094950959450729e-53,1.0988300786639147e-53,1.1027183487258466e-53,1.1066157804170805e-53,1.1105223845181735e-53,1.114438171809681e-53,1.118363153072159e-53,1.1222973390861641e-53,1.1262407406322518e-53,1.130193368490979e-53,1.1341552334429017e-53,1.1381263462685756e-53,1.1421067177485564e-53,1.1460963586634013e-53,1.1500952797936656e-53,1.154103491919906e-53,1.158121005822679e-53,1.1621478322825396e-53,1.1661839820800445e-53,1.17022946599575e-53,1.174284294810212e-53,1.1783484793039866e-53,1.18242203025763e-53,1.1865049584516984e-53,1.1905972746667484e-53,1.1946989896833354e-53,1.1988101142820157e-53,1.202930659243346e-53,1.2070606353478817e-53,1.2112000533761792e-53,1.215348924108795e-53,1.2195072583262844e-53,1.223675066809204e-53,1.2278523603381105e-53,1.2320391496935593e-53,1.236235445656106e-53,1.2404412590063084e-53,1.2446566005247213e-53,1.248881480991901e-53,1.2531159111884045e-53,1.2573599018947868e-53,1.2616134638916043e-53,1.2658766079594136e-53,1.2701493448787706e-53,1.2744316854302316e-53,1.2787236403943525e-53,1.2830252205516893e-53,1.2873364366827985e-53,1.291657299568236e-53,1.295987819988558e-53,1.300328008724321e-53,1.3046778765560805e-53,1.309037434264393e-53,1.3134066926298143e-53,1.317785662432901e-53,1.3221743544542092e-53,1.3265727794742946e-53,1.3309809482737135e-53,1.335398871633022e-53,1.3398265603327767e-53,1.3442640251535334e-53,1.3487112768758475e-53,1.3531683262802767e-53,1.357635184147376e-53,1.362111861257702e-53,1.3665983683918103e-53,1.3710947163302576e-53,1.3756009158535995e-53,1.3801169777423924e-53,1.384642912777193e-53,1.3891787317385568e-53,1.3937244454070402e-53,1.398280064563199e-53,1.4028455999875896e-53,1.407421062460768e-53,1.4120064627632903e-53,1.4166018116757126e-53,1.4212071199785915e-53,1.4258223984524827e-53,1.4304476578779425e-53,1.4350829090355272e-53,1.4397281627057925e-53,1.4443834296692947e-53,1.4490487207065898e-53,1.4537240465982342e-53,1.4584094181247836e-53,1.463104846066795e-53,1.4678103412048235e-53,1.4725259143194264e-53,1.4772515761911584e-53,1.4819873376005767e-53,1.4867332093282376e-53,1.4914892021546962e-53,1.4962553268605092e-53,1.5010315942262328e-53,1.505818015032423e-53,1.510614600059636e-53,1.5154213600884283e-53,1.5202383058993552e-53,1.5250654482729736e-53,1.529902797989839e-53,1.5347503658305083e-53,1.539608162575537e-53,1.5444761990054812e-53,1.5493544859008977e-53,1.5542430340423416e-53,1.55914185421037e-53,1.5640509571855384e-53,1.5689703537484033e-53,1.5739000546795206e-53,1.5788400707594465e-53,1.5837904127687373e-53,1.5887510914879493e-53,1.5937221176976377e-53,1.59870350217836e-53,1.6036952557106716e-53,1.6086973890751284e-53,1.6137099130522869e-53,1.618732838422703e-53,1.6237661759669333e-53,1.6288099364655333e-53,1.6338641306990598e-53,1.6389287694480684e-53,1.6440038634931157e-53,1.6490894236147572e-53,1.6541854605935496e-53,1.6592919852100486e-53,1.6644090082448108e-53,1.6695365404783921e-53,1.674674592691349e-53,1.6798231756642365e-53,1.6849823001776118e-53,1.6901519770120305e-53,1.6953322169480482e-53,1.7005230307662225e-53,1.7057244292471088e-53,1.710936423171263e-53,1.716159023319242e-53,1.7213922404716008e-53,1.7266360854088965e-53,1.731890568911685e-53,1.737155701760522e-53,1.7424314947359639e-53,1.7477179586185675e-53,1.753015104188888e-53,1.758322942227482e-53,1.7636414835149053e-53,1.7689707388317143e-53,1.774310718958465e-53,1.7796614346757136e-53,1.785022896764016e-53,1.790395116003929e-53,1.7957781031760088e-53,1.8011718690608105e-53,4.320152037614185e-11,8.674088522289736e-11,1.3062332945279617e-10,1.7485420170065937e-10,2.1943896750155644e-10,2.6438321258502436e-10,3.0969264627940975e-10,3.553731050392035e-10,4.0143055609238973e-10,4.4787110122133896e-10,4.947009806755144e-10,5.419265772244938e-10,5.895544203588597e-10,6.375911906429282e-10,6.860437242268869e-10,7.349190175255117e-10,7.842242320689295e-10,8.339666995385604e-10,8.841539269834322e-10,9.347936022477452e-10,9.858935995926962e-10,1.0374619855409061e-09,1.089507024943961e-09,1.14203718728854e-09,1.195061153247777e-09,1.2485878214926492e-09,1.302626315773893e-09,1.3571859922869047e-09,1.4122764473367575e-09,1.4679075253116878e-09,1.5240893269858305e-09,1.5808322181622313e-09,1.638146838678682e-09,1.696044111788423e-09,1.7545352539382124e-09,1.8136317849621135e-09,1.873345538714282e-09,1.9336886741590553e-09,1.994673686946587e-09,2.0563134214960432e-09,2.1186210836138836e-09,2.1816102536769902e-09,2.2452949004074606e-09,2.3096893952745106e-09,2.3748085275544813e-09,2.4406675200856137e-09,2.5072820457583347e-09,2.574668244777587e-09,2.6428427427440337e-09,2.7118226695985175e-09,2.7816256794797855e-09,2.8522699715474016e-09,2.9237743118260427e-09,2.9961580561318025e-09,3.0694411741427994e-09,3.1436442746837778e-09,3.2187886322962113e-09,3.2948962151744868e-09,3.3719897145481676e-09,3.4500925756043795e-09,3.5292290300417472e-09,3.6094241303625393e-09,3.6907037860128697e-09,3.773094801486996e-09,3.856624916528662e-09,3.941322848562055e-09,4.027218337502883e-09,4.114342193110841e-09,4.202726345045143e-09,4.29240389582855e-09,4.383409176897527e-09,4.475777807969457e-09,4.569546759957914e-09,4.664754421682362e-09,4.761440670661887e-09,4.859646948272028e-09,4.959416339600707e-09,5.060793658348645e-09,5.163825537157789e-09,5.2685605237796935e-09,5.375049183535657e-09,5.483344208569504e-09,5.593500534417468e-09,5.7055754644958136e-09,5.819628803131524e-09,5.935722997865395e-09,6.053923291773052e-09,6.1742978866650315e-09,6.296918118088865e-09,6.421858643162966e-09,6.54919764236001e-09,6.679017036483515e-09,6.8114027202146356e-09,6.946444813742032e-09,7.08423793414275e-09,7.224881488391174e-09,7.368479990045373e-09,7.515143401917973e-09,7.664987507282398e-09,7.818134312462393e-09,7.974712483997895e-09,8.134857823937335e-09,8.298713787263037e-09,8.466432045919808e-09,8.63817310449687e-09,8.814106973234859e-09,8.994413904786695e-09,9.179285201968245e-09,9.368924104734188e-09,9.563546765722032e-09,9.763383324986254e-09,9.968679096069617e-09,1.0179695877277714e-08,1.0396713404069836e-08,1.0620030960843675e-08,1.0849969173185605e-08,1.1086872004921927e-08,1.133110898816502e-08,1.1583077719150383e-08,1.1843206658009118e-08,1.2111958277188218e-08,1.238983261085154e-08,1.2677371266933656e-08,1.2975161974676971e-08,1.3283843753984196e-08,1.3604112809351168e-08,1.3936729271189192e-08,1.4282524931923976e-08,1.4642412154486506e-08,1.5017394168397887e-08,1.5408577015227753e-08,1.581718346369108e-08,1.624456928825004e-08,1.669224239829589e-08,1.7161885423946692e-08,1.7655382517178923e-08,1.8174851324548358e-08,1.8722681345115024e-08,1.9301580225298182e-08,1.9914629990276377e-08,2.0565355810164587e-08,2.1257810706906477e-08,2.1996680708035872e-08,2.2787416468704187e-08,2.36363994920743e-08,2.4551154047419477e-08,2.5540620116076523e-08,2.661550879841831e-08,2.7788770529712516e-08,2.9076219635838327e-08,3.049737842227687e-08,3.207663414860745e-08,3.3844846628867694e-08,3.58416140858729e-08,3.811850623675727e-08,4.0743717966096256e-08,4.380876727523391e-08,4.743794333387475e-08,5.180072247880895e-08,5.7124647300287513e-08,6.369631822261911e-08,7.181151730610882e-08,8.159785461820236e-08,9.269890961232886e-08,1.0414714546338875e-07,1.1487406779090724e-07,1.248091476849489e-07,1.373856896365007e-07,1.6744386699261223e-07,2.5925517829413435e-07,5.073908209240137e-07,1.047093633067731e-06,1.97205626317928e-06,3.2141171867146236e-06,4.5546223391331445e-06,5.773535844917988e-06,6.733749909926089e-06,7.383483189173631e-06,7.73384815389612e-06,7.832123597458835e-06,7.738733120617491e-06,7.51207414095533e-06,7.201102587954124e-06,6.843306877694763e-06,6.465560134246376e-06,6.086090983195728e-06,5.716604175422243e-06,5.364127440470754e-06,5.03246305838445e-06,4.72326197607825e-06,4.436787832602813e-06,4.172445241363701e-06,3.929136940472625e-06,3.7055003761759593e-06,3.500061089974162e-06,3.3113295867236884e-06,3.1378603062824493e-06,2.978285503347457e-06,2.8313327450084373e-06,2.6958319002195e-06,2.570715552810257e-06,2.455015449785044e-06,2.3478567030524586e-06,2.2484508616912205e-06,2.156088568301567e-06,2.0701322440423093e-06,1.99000906826044e-06,1.915204401295518e-06,1.8452557227245745e-06,1.7797471086965866e-06,1.7183042417965127e-06,1.6605899289828101e-06,1.6063000931565054e-06,1.5551601995857388e-06,1.5069220768492915e-06,1.4613610929612327e-06,1.4182736493131162e-06,1.3774749577473825e-06,1.338797069040465e-06,1.3020871241392858e-06,1.2672058024048303e-06,1.2340259439274381e-06,1.202431325529743e-06,1.172315572447367e-06,1.143581189730079e-06,1.1161386993822409e-06,1.0899058708849013e-06,1.0648070341602881e-06,1.0407724655560877e-06,1.0177378383659985e-06,9.956437305318906e-07,9.744351830401218e-07,9.540613033049603e-07,9.344749085131314e-07,9.156322045235284e-07,8.974924963564937e-07,8.800179269256427e-07,8.631732409167958e-07,8.469255711334536e-07,8.312442449393187e-07,8.161006087228636e-07,8.014678684651588e-07,7.873209448255531e-07,7.736363411883774e-07,7.603920234563669e-07,7.475673104003603e-07,7.351427734395986e-07,7.231001450944313e-07,7.114222351281769e-07,7.000928537442541e-07,6.890967411263077e-07,6.784195027129477e-07,6.680475497697267e-07,6.579680446482412e-07,6.48168850406132e-07,6.386384843497498e-07,6.293660751760122e-07,6.203413233868525e-07,6.115544646816224e-07,6.029962361111269e-07,5.946578447110293e-07,5.865309384393574e-07,5.786075792147407e-07,5.708802178918129e-07,5.633416709858866e-07,5.559850990538765e-07,5.488039865623135e-07,5.417921231259602e-07,5.349435860500859e-07,5.282527240213151e-07,5.217141418846437e-07,5.153226864331048e-07,5.090734331230355e-07,5.029616736274518e-07,4.969829042216534e-07,4.911328148715243e-07,4.854072790132626e-07,4.79802343986123e-07,4.7431422202279877e-07,4.689392818066447e-07,4.636740405519827e-07,4.585151565198293e-07,4.5345942200848876e-07,4.485037567499696e-07,4.436452016819273e-07,4.3888091308266793e-07,4.3420815702146266e-07,4.2962430418106483e-07,4.251268249033788e-07,4.2071328454630196e-07,4.1638133908229207e-07,4.1212873095650324e-07,4.0795328514739194e-07,4.0385290545120197e-07,3.9982557088625605e-07,3.95869332617599e-07,3.91982310474725e-07,3.881626901135396e-07,3.844087201508609e-07,3.8071870947904887e-07,3.7709102469772397e-07,3.735240876806732e-07,3.7001637326873555e-07,3.665664070718622e-07,3.631727633757005e-07,3.5983406318068683e-07,3.565489722795877e-07,3.5331619946957883e-07,3.501344948414947e-07,3.470026481499756e-07,3.439194872455342e-07,3.408838766006527e-07,3.3789471588612454e-07,3.3495093864057267e-07,3.320515109417099e-07,3.2919543021442814e-07,3.2638172403582065e-07,3.2360944901533806e-07,3.208776897221384e-07,3.181855576566761e-07,3.1553219026961156e-07,3.1291675002455886e-07,3.1033842349040313e-07,3.0779642049397826e-07,3.0528997328679245e-07,3.028183357564197e-07,3.0038078267069077e-07,2.979766089593721e-07,2.956051290030191e-07,2.9326567598685676e-07,2.909576012408524e-07,2.8868027363570347e-07,2.864330790011046e-07,2.8421541955030766e-07,2.820267133396789e-07,2.7986639373889466e-07,2.7773390895629064e-07,2.756287215226767e-07,2.735503078489144e-07,2.7149815777726316e-07,2.6947177414701423e-07,2.67470672394858e-07,2.654943801546882e-07,2.635424368438356e-07,2.61614393352476e-07,2.597098116503732e-07,2.578282644624948e-07,2.5596933492699974e-07,2.5413261629107046e-07,2.5231771159989587e-07,2.505242334050051e-07,2.4875180347985393e-07,2.4700005254696126e-07,2.4526862001364707e-07,2.43557153714983e-07,2.4186530967802437e-07,2.4019275187036564e-07,2.385391519820149e-07,2.3690418919822174e-07,2.3528754999084248e-07,2.3368892790879782e-07,2.3210802338060193e-07,2.3054454351885187e-07,2.2899820193934184e-07,2.2746871857224052e-07,2.2595581950252495e-07,2.244592367857437e-07,2.229787082895314e-07,2.2151397754957062e-07,2.200647935991212e-07,2.1863091082670269e-07,2.1721208884101473e-07,2.1580809232312842e-07,2.1441869089782085e-07,2.1304365899998551e-07,2.1168277575442062e-07,2.1033582484985418e-07,2.0900259442280228e-07,2.076828769420211e-07,2.0637646909925792e-07,2.0508317170085483e-07,2.0380278956140805e-07,2.025351314104411e-07,2.0128000978473285e-07,2.0003724093809378e-07,1.9880664475266982e-07,1.975880446399088e-07,1.963812674620593e-07,1.9518614344846186e-07,1.940025061044848e-07,1.9283019214291356e-07,1.9166904139958738e-07,1.9051889676213564e-07,1.893796040960553e-07,1.8825101217269644e-07,1.8713297260280544e-07,1.8602533976930416e-07,1.849279707605579e-07,1.838407253095666e-07,1.8276346573182482e-07,1.816960568666332e-07,1.8063836601744775e-07,1.7959026289654828e-07,1.785516195692928e-07,1.7752231039980858e-07,1.765022120043546e-07,1.754912031951212e-07,1.7448916493526946e-07,1.734959802869155e-07,1.7251153436760905e-07,1.7153571430281725e-07,1.7056840918510272e-07,1.6960951003317748e-07,1.6865890973896575e-07,1.6771650303777446e-07,1.6678218646292204e-07,1.6585585831187768e-07,1.649374185982833e-07,1.640267690372849e-07,1.6312381298815343e-07,1.6222845542112773e-07,1.6134060289558824e-07,1.6046016351699715e-07,1.5958704690974456e-07,1.5872116418007737e-07,1.5786242789538058e-07,1.5701075204496308e-07,1.5616605201012416e-07,1.5532824454663026e-07,1.544972477463916e-07,1.5367298101596624e-07,1.528553650402998e-07,1.5204432177275889e-07,1.5123977439872014e-07,1.5044164731294525e-07,1.4964986610026671e-07,1.4886435750503095e-07,1.4808504941281854e-07,1.4731187082710035e-07,1.4654475184857348e-07,1.4578362364819e-07,1.4502841845385913e-07,1.4427906953061958e-07,1.4353551115148776e-07,1.4279767858676508e-07,1.4206550808416623e-07,1.4133893684030361e-07,1.4061790299945855e-07,1.3990234562289377e-07,1.391922046720745e-07,1.3848742100745387e-07,1.3778793635534495e-07,1.370936932809668e-07,1.3640463520551305e-07,1.3572070637090217e-07,1.3504185182209697e-07,1.3436801740131183e-07,1.336991497266207e-07,1.3303519618269725e-07,1.3237610490469323e-07,1.3172182476651219e-07,1.3107230536053343e-07,1.3042749699935296e-07,1.2978735068598458e-07,1.2915181811690454e-07,1.2852085165444829e-07,1.2789440432962462e-07,1.2727242982104608e-07,1.2665488244929554e-07,1.2604171715960673e-07,1.2543288951871398e-07,1.2482835569440325e-07,1.242280724542944e-07,1.2363199715176482e-07,1.2304008771411727e-07,1.224523026365178e-07,1.218686009708065e-07,1.2128894231166897e-07,1.2071328679821988e-07,1.2014159509391619e-07,1.1957382837935365e-07,1.19009948356977e-07,1.1844991722230632e-07,1.1789369766737294e-07,1.1734125287109912e-07,1.1679254649086472e-07,1.1624754265355228e-07,1.1570620594970927e-07,1.1516850142508648e-07,1.1463439457095666e-07,1.1410385132056719e-07,1.1357683804824138e-07,1.1305332153896545e-07,1.1253326900713349e-07,1.1201664808156146e-07,1.1150342679262048e-07,1.1099357357263077e-07,1.1048705724750485e-07,1.0998384702909638e-07,1.0948391251398924e-07,1.0898722367097421e-07,1.0849375083894831e-07,1.0800346471784751e-07,1.0751633637477884e-07,1.0703233721997007e-07,1.0655143901414003e-07,1.0607361386010366e-07,1.0559883419552863e-07,1.051270727921841e-07,1.0465830274637868e-07,1.0419249747512088e-07,1.0372963071544276e-07,1.0326967651260213e-07,1.0281260922088734e-07,1.0235840349655024e-07,1.019070342936386e-07,1.0145847685947115e-07,1.0101270673186774e-07,1.0056969973241815e-07,1.0012943196418706e-07,9.96918798058667e-08,9.925701991379568e-08,9.882482920279568e-08,9.839528486077733e-08,9.796836433357365e-08,9.754404532508142e-08,9.712230579155927e-08,9.670312393961835e-08,9.628647822196764e-08,9.587234733369767e-08,9.546071020924168e-08,9.505154601616988e-08,9.464483416219751e-08,9.424055427664754e-08,9.383868621724908e-08,9.343921006466538e-08,9.304210611884465e-08,9.264735489656687e-08,9.225493712896254e-08,9.186483375531161e-08,9.147702592503836e-08,9.109149499135894e-08,9.07082225095342e-08,9.03271902330854e-08,8.99483801168403e-08,8.957177430316858e-08,8.919735512888393e-08,8.882510511874724e-08,8.845500698404057e-08,8.808704361818578e-08,8.772119809774888e-08,8.735745367860196e-08,8.699579378831595e-08,8.663620203216696e-08,8.627866218548067e-08,8.592315819444474e-08,8.55696741714252e-08,8.521819439286566e-08,8.486870330075871e-08,8.45211854951501e-08,8.41756257352593e-08,8.383200893778441e-08,8.349032017076057e-08,8.315054465604643e-08,8.281266776974055e-08,8.247667503302559e-08,8.21425521104601e-08,8.181028481803395e-08,8.147985911033712e-08,8.115126108396496e-08,8.08244769744571e-08,8.049949315614798e-08,8.017629613754286e-08,7.985487256068907e-08,7.95352092036492e-08,7.921729297145093e-08,7.890111089953243e-08,7.858665014999466e-08,7.827389801178002e-08,7.796284189777198e-08,7.76534693435794e-08,7.734576800622801e-08,7.703972566293436e-08,7.673533020628168e-08,7.64325696497971e-08,7.613143212143223e-08,7.583190586173267e-08,7.553397922387566e-08,7.523764067321815e-08,7.494287878488015e-08,7.464968224334904e-08,7.435803983705035e-08,7.406794046401856e-08,7.377937312454507e-08,7.34923269265786e-08,7.320679107512618e-08,7.292275487853315e-08,7.26402077457223e-08,7.23591391827414e-08,7.207953879433278e-08,7.180139628074437e-08,7.152470143775624e-08,7.124944415536379e-08,7.097561441641653e-08,7.070320229549782e-08,7.043219795831205e-08,7.016259166001813e-08,6.989437374576616e-08,6.962753464690144e-08,6.936206488275005e-08,6.909795505709731e-08,6.883519585936534e-08,6.857377806202823e-08,6.831369252198706e-08,6.805493017569961e-08,6.779748204291659e-08,6.754133922234457e-08,6.728649289160325e-08,6.703293430707771e-08,6.678065480235294e-08,6.652964578697319e-08,6.627989874703121e-08,6.60314052427036e-08,6.578415690948814e-08,6.553814545472363e-08,6.529336265836019e-08,6.504980037213723e-08,6.480745051899589e-08,6.456630509096905e-08,6.432635614949947e-08,6.408759582536803e-08,6.385001631635322e-08,6.361360988737358e-08,6.337836886953484e-08,6.314428565986895e-08,6.291135271949021e-08,6.267956257451459e-08,6.244890781279815e-08,6.221938108915504e-08,6.199097511591972e-08,6.176368266869816e-08,6.153749658315077e-08,6.131240975781821e-08,6.10884151468328e-08,6.086550576584427e-08,6.064367468806886e-08,6.042291504384194e-08,6.020322002134026e-08,5.998458286552162e-08,5.976699687450009e-08,5.9550455404757443e-08,5.933495186628681e-08,5.912047972413234e-08,5.890703249445627e-08,5.86946037486256e-08,5.848318711013991e-08,5.827277625378094e-08,5.8063364905526375e-08,5.785494684532136e-08,5.7647515898242986e-08,5.7441065942966816e-08,5.7235590904926344e-08,5.703108476271022e-08,5.682754153833459e-08,5.6624955303872694e-08,5.642332018029738e-08,5.6222630331289006e-08,5.602287997005623e-08,5.582406335532566e-08,5.562617479024086e-08,5.542920862532008e-08,5.523315925643902e-08,5.503802111579692e-08,5.4843788686764066e-08,5.465045649443855e-08,5.4458019106637616e-08,5.4266471133050055e-08,5.4075807224360177e-08,5.3886022075820345e-08,5.3697110422636866e-08,5.3509067038660573e-08,5.332188674097147e-08,5.3135564384942924e-08,5.2950094865957005e-08,5.276547311862017e-08,5.258169411658122e-08,5.239875287186578e-08,5.221664443466069e-08,5.2035363892982495e-08,5.1854906371065216e-08,5.167526703170274e-08,5.149644107371545e-08,5.1318423732606065e-08,5.1141210278673894e-08,5.0964796019123543e-08,5.078917629583083e-08,5.06143464863975e-08,5.0440302001735713e-08,5.0267038287528075e-08,5.0094550823698826e-08,4.9922835123021576e-08,4.97518867342115e-08,4.9581701236353904e-08,4.9412274241928565e-08,4.924360139579066e-08,4.9075678374273636e-08,4.890850088805953e-08,4.874206467673939e-08,4.8576365512630214e-08,4.841139919726452e-08,4.824716156415763e-08,4.808364847774268e-08,4.7920855830982956e-08,4.7758779546935815e-08,4.7597415580356e-08,4.743675991266945e-08,4.7276808554780414e-08,4.7117557548649736e-08,4.695900296272192e-08,4.680114089225682e-08,4.6643967463545666e-08,4.648747882839536e-08,4.633167116858967e-08,4.6176540689924055e-08,4.602208362786167e-08,4.5868296242404345e-08,4.571517482250482e-08,4.556271568191484e-08,4.541091515993162e-08,4.525976962274838e-08,4.510927546194387e-08,4.49594290939936e-08,4.481022696094422e-08,4.466166552980853e-08,4.45137412920012e-08,4.436645076344071e-08,4.421979048462334e-08,4.407375701990227e-08,4.3928346957264544e-08,4.378355690830013e-08,4.363938350886018e-08,4.349582341737231e-08,4.335287331546377e-08,4.321052990749327e-08,4.3068789920373794e-08,4.2927650103677964e-08,4.278710722908243e-08,4.264715809039618e-08,4.250779950357584e-08,4.236902830569423e-08,4.223084135519673e-08,4.209323553314025e-08,4.195620774054039e-08,4.181975489962022e-08,4.1683873953502104e-08,4.15485618659797e-08,4.141381562097068e-08,4.127963222300856e-08,4.1146008696508224e-08,4.1012942085759663e-08,4.0880429455976246e-08,4.074846788922308e-08,4.0617054489151677e-08,4.048618637861563e-08,4.0355860699079237e-08,4.022607461116665e-08,4.009682529409379e-08,3.996810994679541e-08,3.9839925783743854e-08,3.9712270040706245e-08,3.958513997067413e-08,3.9458532844579886e-08,3.933244595142351e-08,3.9206876597685984e-08,3.9081822107579744e-08,3.8957279823142174e-08,3.88332471029103e-08,3.87097213231509e-08,3.858669987714677e-08,3.846418017494448e-08,3.834215964343412e-08,3.822063572602447e-08,3.809960588264569e-08,3.797906758914499e-08,3.7859018339170495e-08,3.7739455640939773e-08,3.762037701805853e-08,3.75017800123448e-08,3.7383662179484294e-08,3.726602109107956e-08,3.7148854334418716e-08,3.703215951195843e-08,3.691593424170795e-08,3.680017615627123e-08,3.6684882903584383e-08,3.6570052146836734e-08,3.6455681563086155e-08,3.634176884408172e-08,3.622831169734128e-08,3.6115307843611885e-08,3.600275501795433e-08,3.589065097021168e-08,3.577899346369612e-08,3.5667780276217975e-08,3.5557009199306295e-08,3.54466780376525e-08,3.533678461030103e-08,3.5227326749714274e-08,3.511830230144101e-08,3.500970912469794e-08,3.4901545091691165e-08,3.479380808799432e-08,3.468649601209129e-08,3.457960677538036e-08,3.447313830210396e-08,3.436708852922422e-08,3.426145540628282e-08,3.4156236895537807e-08,3.4051430971510014e-08,3.394703562110935e-08,3.384304884355437e-08,3.3739468650182224e-08,3.363629306438565e-08,3.353352012170359e-08,3.343114786820777e-08,3.3329174365161266e-08,3.322759768173518e-08,3.312641590144927e-08,3.302562711636874e-08,3.292522943450533e-08,3.2825220971659884e-08,3.272559985576392e-08,3.262636422600837e-08,3.2527512232773735e-08,3.242904203772871e-08,3.2330951813292675e-08,3.223323974239999e-08,3.2135904019255064e-08,3.203894284871468e-08,3.1942354446181166e-08,3.184613703760454e-08,3.175028885916083e-08,3.1654808158284855e-08,3.155969319138963e-08,3.146494222651445e-08,3.137055354119593e-08,3.1276525423523455e-08,3.1182856170964345e-08,3.108954409094716e-08,3.0996587501532927e-08,3.090398473004937e-08,3.081173411429311e-08,3.0719833999783305e-08,3.062828274369313e-08,3.053707871223347e-08,3.044622028042833e-08,3.035570583342942e-08,3.026553376552451e-08,3.0175702480173345e-08,3.008621039025247e-08,2.99970559172113e-08,2.9908237492382474e-08,2.981975355526871e-08,2.9731602554985814e-08,2.964378294925625e-08,2.9556293204638618e-08,2.9469131796515323e-08,2.93822972089668e-08,2.9295787934501425e-08,2.9209602474500552e-08,2.9123739338732634e-08,2.9038197045536552e-08,2.8952974121425458e-08,2.8868069101501357e-08,2.8783480528722126e-08,2.8699206954644513e-08,2.8615246939047705e-08,2.8531599049590846e-08,2.844826186213497e-08,2.8365233960428048e-08,2.8282513936197362e-08,2.8200100388914956e-08,2.811799192587566e-08,2.8036187163271848e-08,2.795468472218022e-08,2.7873483235940706e-08,2.779258134146183e-08,2.771197768463704e-08,2.7631670918839774e-08,2.755165970488491e-08,2.7471942711079826e-08,2.7392518613107823e-08,2.7313386093711465e-08,2.7234543843204807e-08,2.7155990559159422e-08,2.707772494574075e-08,2.6999745715267964e-08,2.6922051585798637e-08,2.6844641283983255e-08,2.67675135422322e-08,2.6690667100631892e-08,2.6614100704773716e-08,2.6537813109020475e-08,2.6461803073254476e-08,2.638606936490052e-08,2.6310610757293934e-08,2.623542603077553e-08,2.616051397272464e-08,2.6085873376360054e-08,2.6011503041882062e-08,2.593740177587529e-08,2.5863568392161836e-08,2.5790001708456092e-08,2.5716700551410774e-08,2.564366375326047e-08,2.55708901520962e-08,2.5498378592884575e-08,2.5426127925917066e-08,2.5354137008344334e-08,2.528240470328282e-08,2.5210929879975287e-08,2.513971141334282e-08,2.5068748184874907e-08,2.4998039081502416e-08,2.492758299642877e-08,2.4857378828215015e-08,2.4787425481801405e-08,2.4717721867688478e-08,2.4648266902355103e-08,2.4579059508095837e-08,2.4510098612403286e-08,2.4441383148484353e-08,2.4372912054643804e-08,2.43046842765675e-08,2.4236698763406156e-08,2.4168954472097355e-08,2.4101450363228768e-08,2.4034185403210683e-08,2.396715856405732e-08,2.3900368823256978e-08,2.3833815163271627e-08,2.376749657223957e-08,2.3701412043398108e-08,2.3635560575226695e-08,2.3569941171479467e-08,2.3504552840982045e-08,2.3439394597741488e-08,2.337446546059721e-08,2.3309764453538143e-08,2.3245290607111375e-08,2.3181042954628645e-08,2.3117020535367344e-08,2.3053222393499075e-08,2.2989647578308472e-08,2.292629514359467e-08,2.286316414838886e-08,2.2800253656126554e-08,2.273756273526171e-08,2.267509045881975e-08,2.2612835905316867e-08,2.2550798157224618e-08,2.2488976301706e-08,2.242736943084625e-08,2.23659766412802e-08,2.2304797034128938e-08,2.2243829715234643e-08,2.2183073795322867e-08,2.2122528388600492e-08,2.2062192615337875e-08,2.2002065597726387e-08,2.194214646460061e-08,2.18824343488402e-08,2.182292838722193e-08,2.1763627721280284e-08,2.1704531495814446e-08,2.1645638861642255e-08,2.15869489727465e-08,2.1528460987412833e-08,2.1470174068239044e-08,2.1412087381990936e-08,2.1354200099776158e-08,2.1296511396786657e-08,2.1239020452143688e-08,2.118172644921555e-08,2.1124628575451168e-08,2.106772602202192e-08,2.1011017984889125e-08,2.0954503663158802e-08,2.0898182260274502e-08,2.0842052983959025e-08,2.078611504487718e-08,2.073036765849686e-08,2.0674810043749808e-08,2.0619441423738058e-08,2.0564261025088936e-08,2.0509268078590524e-08,2.045446181848466e-08,2.0399841482348526e-08,2.034540631282335e-08,2.0291155555110225e-08,2.0301999527089934e-08,2.0314867479099637e-08,2.033293338747807e-08,2.0357043054302662e-08,2.038753654613932e-08,2.0424607516969575e-08,2.0468370209250034e-08,2.0518875238827504e-08,2.057611704418192e-08,2.064004021257759e-08,2.0710545732396878e-08,2.078749719575198e-08,2.0870726833267607e-08,2.0960041260323397e-08,2.1055226848130406e-08,2.1156054654118872e-08,2.126228487452026e-08,2.1373670802668178e-08,2.1489962292987516e-08,2.1610908745316262e-08,2.173626163292684e-08,2.1865776607124252e-08,2.199921521187544e-08,2.2136346248642126e-08,2.2276946828887686e-08,2.2420803152864618e-08,2.2567711051417154e-08,2.2717476324288166e-08,2.286991490761599e-08,2.3024852897614395e-08,2.318212645866044e-08,2.334158163565169e-08,2.3503074092474752e-08,2.366646879329301e-08,2.3831639640575954e-08,2.3998469084415715e-08,2.4166847710161153e-08,2.4336673817911855e-08,2.4507852996890902e-08,2.4680297701678198e-08,2.4853926834298748e-08,2.5028665340245824e-08,2.520444381334622e-08,2.538119811772823e-08,2.5558869026189328e-08,2.5737401875529147e-08,2.591674624043366e-08,2.6096855623645976e-08,2.627768716729994e-08,2.6459201378875654e-08,2.664136187683265e-08,2.682413515143299e-08,2.700749034001988e-08,2.7191399023671285e-08,2.737583503222461e-08,2.7560774265884028e-08,2.774619452953981e-08,2.7932075378595467e-08,2.8118397980374176e-08,2.830514497828243e-08,2.8492300374011654e-08,2.8679849415307187e-08,2.8867778492885398e-08,2.9056075046562006e-08,2.9244727476927804e-08,2.9433725066288662e-08,2.962305790454136e-08,2.981271682172982e-08,3.000269332550991e-08,3.019297954454992e-08,3.0383568176072425e-08,3.057445243760519e-08,3.076562602322506e-08,3.095708306244403e-08,3.1148818085786456e-08,3.134082598801171e-08,3.153310199667671e-08,3.1725641646089273e-08,3.1918440751163836e-08,3.2111495381736545e-08,3.2304801842527185e-08,3.249835665199142e-08,3.269215652500176e-08,3.2886198355144435e-08,3.308047920079067e-08,3.3274996270702833e-08,3.346974691032386e-08,3.366472859109853e-08,3.3859938899639484e-08,3.405537552801347e-08,3.425103626474672e-08,3.44469189870375e-08,3.464302165339263e-08,3.483934229509069e-08,3.503587901253359e-08,3.5232629969158316e-08,3.5429593385659236e-08,3.562676753283328e-08,3.5824150732354095e-08,3.6021741349343655e-08,3.621953778980767e-08,3.6417538495873853e-08,3.6615741948122354e-08,3.681414665490446e-08,3.701275115560433e-08,3.7211554016237204e-08,3.741055382784792e-08,3.760974920499184e-08,3.780913878329547e-08,3.8008721218204204e-08,3.820849518359452e-08,3.840845937053346e-08,3.8608612486007455e-08,3.8808953251853046e-08,3.900948040335748e-08,3.9210192689228936e-08,3.941108887001761e-08,3.961216771778819e-08,3.9813428015307736e-08,4.0014868555051216e-08,4.0216488139262504e-08,4.041828557926921e-08,4.062025969449536e-08,4.082240931278825e-08,4.1024733269413985e-08,4.1227230407163467e-08,4.142989957544616e-08,4.1632739630863197e-08,4.183574943579483e-08,4.203892785932531e-08,4.224227377573677e-08,4.2445786065834855e-08,4.264946361560182e-08,4.2853305316135236e-08,4.305731006362169e-08,4.326147675982509e-08,4.3465804311626185e-08,4.367029162955228e-08,4.387493762996352e-08,4.407974123454603e-08,4.4284701364777806e-08,4.44898169514542e-08,4.4695086928459666e-08,4.490051023344798e-08,4.510608580821546e-08,4.531181259899664e-08,4.5517689555544764e-08,4.5723715631734495e-08,4.592988978549629e-08,4.6136210978609686e-08,4.634267817683793e-08,4.654929034953055e-08,4.67560464698357e-08,4.696294551464293e-08,4.716998646464224e-08,4.737716830410648e-08,4.7584490020949105e-08,4.77919506056255e-08,4.7999549054410423e-08,4.820728436708565e-08,4.841515554366894e-08,4.86231615916913e-08,4.883130151957774e-08,4.903957433976948e-08,4.9247979068633785e-08,4.945651472645661e-08,4.966518033477405e-08,4.9873974920850445e-08,5.0082897514484546e-08,5.029194714890419e-08,5.050112286070486e-08,5.071042368974775e-08,5.0919848679362934e-08,5.112939687589806e-08,5.133906732978838e-08,5.154885909385739e-08,5.1758771223818726e-08,5.1968802780786054e-08,5.217895282739922e-08,5.238922043049909e-08,5.2599604658397433e-08,5.281010458528852e-08,5.302071928577786e-08,5.323144783849953e-08,5.3442289323985026e-08,5.365324283079348e-08,5.386430744970597e-08,5.4075482271069185e-08,5.428676638946368e-08,5.4498158902480214e-08,5.4709658912283735e-08,5.492126552285808e-08,5.513297784325303e-08,5.5344794981281685e-08,5.555671605271926e-08,5.5768740174033465e-08,5.5980866465187034e-08,5.619309404641979e-08,5.640542204951892e-08,5.661784960090978e-08,5.6830375832619415e-08,5.7042999879905965e-08,5.7255720881132254e-08,5.7468537977628194e-08,5.7681450313748955e-08,5.789445703666811e-08,5.8107557296854695e-08,5.832075024739841e-08,5.8534035044130815e-08,5.8747410846679e-08,5.8960876817410506e-08,5.917443212068976e-08,5.938807592535389e-08,5.9601807401957786e-08,5.981562572430375e-08,6.002953006928468e-08,6.024351961722915e-08,6.045759354942619e-08,6.067175105120194e-08,6.088599131248847e-08,6.110031352529987e-08,6.131471688059118e-08,6.152920057674164e-08,6.174376381379246e-08,6.195840579398714e-08,6.217312572293165e-08,6.238792280883749e-08,6.260279626275032e-08,6.281774529901236e-08,6.30327691333032e-08,6.324786698581419e-08,6.346303807796898e-08,6.367828163526644e-08,6.389359688537326e-08,6.410898305876864e-08,6.432443938867167e-08,6.45399651108823e-08,6.475555946431527e-08,6.497122169041562e-08,6.518695103328552e-08,6.54027467395512e-08,6.561860805834549e-08,6.583453424263969e-08,6.605052454747868e-08,6.626657822948424e-08,6.648269454921468e-08,6.669887276917023e-08,6.691511215575073e-08,6.713141197663312e-08,6.734777150259529e-08,6.756419000804214e-08,6.778066676745866e-08,6.799720106007417e-08,6.821379216626276e-08,6.843043937075055e-08,6.864714195973453e-08,6.886389922256216e-08,6.90807104502643e-08,6.92975749371829e-08,6.951449197984166e-08,6.973146087717138e-08,6.994848093096648e-08,7.016555144601713e-08,7.038267172425164e-08,7.059984108599526e-08,7.081705883463989e-08,7.103432428661e-08,7.125163675871537e-08,7.146899556912498e-08,7.168640004121169e-08,7.190384949866411e-08,7.212134326809676e-08,7.23388806784745e-08,7.255646106171443e-08,7.277408375144124e-08,7.299174808448257e-08,7.320945339827192e-08,7.3427199036778e-08,7.364498434263772e-08,7.386280866179155e-08,7.40806713435315e-08,7.42985717374264e-08,7.451650919718127e-08,7.473448307942255e-08,7.495249274076531e-08,7.517053754217025e-08,7.538861684650301e-08,7.560673002025187e-08,7.582487642798446e-08,7.604305544090985e-08,7.626126643112584e-08,7.647950877313897e-08,7.669778184352126e-08,7.69160850212909e-08,7.71344176878496e-08,7.73527792267588e-08,7.757116902399441e-08,7.778958646765759e-08,7.800803094818999e-08,7.822650185828936e-08,7.844499859290416e-08,7.866352054913218e-08,7.888206712673955e-08,7.910063772697967e-08,7.931923175406196e-08,7.953784861562796e-08,7.975648771687302e-08,7.997514846984008e-08,8.019383028731411e-08,8.041253258452574e-08,8.06312547777276e-08,8.084999628678386e-08,8.106875653499559e-08,8.128753494369133e-08,8.150633094202143e-08,8.17251439511971e-08,8.194397340540869e-08,8.216281873623979e-08,8.238167937856293e-08,8.260055476897052e-08,8.281944434601726e-08,8.303834754945518e-08,8.325726382400141e-08,8.347619261240929e-08,8.369513336390797e-08,8.391408552701997e-08,8.413304855265116e-08,8.435202189415787e-08,8.457100500698903e-08,8.478999734862882e-08,8.500899837751958e-08,8.522800755595944e-08,8.544702434751245e-08,8.566604821783768e-08,8.588507863480714e-08,8.610411506779999e-08,8.632315698848283e-08,8.654220387055206e-08,8.676125519023752e-08,8.698031042441066e-08,8.719936905279359e-08,8.741843055682411e-08,8.763749442505728e-08,8.785656013475786e-08,8.807562717704659e-08,8.829469504209169e-08,8.85137632266874e-08,8.873283121363341e-08,8.89518985036629e-08,8.917096459364022e-08,8.939002898311901e-08,8.960909117360109e-08,8.982815066814998e-08,9.004720697116842e-08,9.026625959097377e-08,9.048530803491205e-08,9.070435181340025e-08,9.092339044061841e-08,9.114242343496322e-08,9.136145030427234e-08,9.158047057087443e-08,9.179948375490168e-08,9.201848938056106e-08,9.223748696961748e-08,9.245647604513256e-08,9.267545613728664e-08,9.289442677427486e-08,9.311338748975042e-08,9.333233781544327e-08,9.355127728697876e-08,9.377020543902605e-08,9.398912181166679e-08,9.420802593847552e-08,9.442691737364497e-08,9.464579565523354e-08,9.486466032889524e-08,9.508351094355636e-08,9.530234704481719e-08,9.552116818656917e-08,9.573997392086194e-08,9.595876380394793e-08,9.61775373878274e-08,9.639629423335776e-08,9.661503389987561e-08,9.683375594886763e-08,9.705245994349222e-08,9.727114545070771e-08,9.74898120292483e-08,9.770845925758042e-08,9.792708670187053e-08,9.814569393222623e-08,9.836428052478284e-08,9.85828460533648e-08,9.880139009282159e-08,9.901991222802856e-08,9.923841203315444e-08,9.945688909154143e-08,9.96753429873853e-08,9.989377330587438e-08,1.0011217963409975e-07,1.0033056156013084e-07,1.0054891867449524e-07,1.0076725056851029e-07,1.0098555683587823e-07,1.0120383707132969e-07,1.0142209087207061e-07,1.0164031783900738e-07,1.0185851756657596e-07,1.0207668965865897e-07,1.0229483371864665e-07,1.025129493515355e-07,1.0273103616403489e-07,1.0294909376343018e-07,1.0316712175941732e-07,1.033851197630298e-07,1.0360308738655161e-07,1.0382102424456666e-07,1.0403892995286113e-07,1.0425680412865558e-07,1.0447464639129502e-07,1.0469245636087755e-07,1.049102336593368e-07,1.0512797790965249e-07,1.0534568873822928e-07,1.0556336577114974e-07,1.0578100864001861e-07,1.0599861696984773e-07,1.062161903883322e-07,1.0643372853149423e-07,1.0665123103434659e-07,1.068686975346036e-07,1.0708612766746607e-07,1.0730352107190679e-07,1.0752087738551499e-07,1.077381962543081e-07,1.0795547731899618e-07,1.081727202243037e-07,1.0838992461627712e-07,1.0860709014223975e-07,1.0882421645269932e-07,1.0904130319607175e-07,1.0925835002389019e-07,1.0947535659013932e-07,1.0969232254948149e-07,1.099092475582233e-07,1.1012613127390483e-07,1.1034297335540258e-07,1.1055977346362877e-07,1.1077653126551778e-07,1.1099324641295138e-07,1.1120991857632067e-07,1.114265474210172e-07,1.1164313261633228e-07,1.1185967383221705e-07,1.1207617073507177e-07,1.1229262299505288e-07,1.125090302880763e-07,1.1272539229024957e-07,1.129417086728268e-07,1.1315797911438816e-07,1.1337420329887141e-07,1.1359038090063989e-07,1.1380651160459149e-07,1.1402259508868072e-07,1.1423863103922065e-07,1.1445461913996786e-07,1.1467055907829778e-07,1.1488645054293118e-07,1.1510229322174886e-07,1.1531808680470574e-07,1.1553383098547189e-07,1.1574952545627486e-07,1.1596516991156894e-07,1.1618076404596887e-07,1.1639630755785505e-07,1.1661180014487429e-07,1.1682724150806743e-07,1.1704263134724863e-07,1.1725796937136714e-07,1.1747325526996394e-07,1.1768848875532546e-07,1.1790366954545072e-07,1.1811879732672833e-07,1.1833387181447973e-07,1.1854889272274582e-07,1.1876385975462514e-07,1.1897877262776447e-07,1.1919363105554354e-07,1.194084347530561e-07,1.1962318343613971e-07,1.198378768221492e-07,1.2005251462680113e-07,1.2026709657297176e-07,1.2048162238361864e-07,1.20696091777918e-07,1.2091050447967231e-07,1.2112486021730775e-07,1.2133915871047206e-07,1.2155339968776266e-07,1.217675828789954e-07,1.2198170801113744e-07,1.2219577481604535e-07,1.22409783027625e-07,1.226237323771488e-07,1.2283762259357076e-07,1.2305145341741094e-07,1.2326522458441057e-07,1.2347893583215984e-07,1.2369258689941892e-07,1.2390617752610376e-07,1.2411970745328192e-07,1.2433317642317222e-07,1.245465841791433e-07,1.2475993046563172e-07,1.2497321502842352e-07,1.2518643761423337e-07,1.25399597970976e-07,1.2561269584769295e-07,1.2582573099455e-07,1.260387031628329e-07,1.2625161210494564e-07,1.2646445757440293e-07,1.2667723932582984e-07,1.2688995711495515e-07,1.2710261069861127e-07,1.273151998347278e-07,1.2752772428232834e-07,1.2774018380152876e-07,1.2795257815338516e-07,1.2816490710047488e-07,1.2837717040759077e-07,1.285893678360276e-07,1.288014991528821e-07,1.290135641247707e-07,1.2922556251930247e-07,1.2943749410500235e-07,1.2964935865180186e-07,1.2986115593051266e-07,1.300728857131243e-07,1.302845477724026e-07,1.3049614188247915e-07,1.3070766781822432e-07,1.3091912535601437e-07,1.3113051427241604e-07,1.3134183434663798e-07,1.315530853561177e-07,1.3176426708183794e-07,1.3197537930500787e-07,1.321864218078364e-07,1.3239739437381514e-07,1.326082967868865e-07,1.3281912883227753e-07,1.3302989029596297e-07,1.3324058096571765e-07,1.334512006301256e-07,1.336617490771226e-07,1.3387222609757838e-07,1.3408263148296348e-07,1.3429296502580105e-07,1.3450322651859724e-07,1.3471341575546638e-07,1.349235325315807e-07,1.351335766429096e-07,1.3534354788660913e-07,1.3555344606065696e-07,1.3576327096405393e-07,1.3597302239609735e-07,1.361827001583317e-07,1.3639230405122568e-07,1.3660183388021835e-07,1.3681128944586778e-07,1.370206705565661e-07,1.3722997701540656e-07,1.374392086302995e-07,1.3764836520693133e-07,1.378574465552757e-07,1.3806645248436522e-07,1.382753828040531e-07,1.384842373250731e-07,1.3869301586128582e-07,1.3890171822400789e-07,1.391103442301721e-07,1.3931889369012943e-07,1.3952736642142595e-07,1.3973576224077537e-07,1.3994408096526297e-07,1.4015232241422248e-07,1.4036048640591527e-07,1.405685727612681e-07,1.4077658130150856e-07,1.409845118482331e-07,1.4119236422415328e-07,1.4140013825310253e-07,1.4160783375903926e-07,1.4181545056795083e-07,1.4202298850715842e-07,1.4223044740460422e-07,1.4243782708563135e-07,1.4264512737898404e-07,1.4285234811608555e-07,1.4305948913353168e-07,1.4326655025169763e-07,1.4347353130834397e-07,1.4368043213299993e-07,1.4388725256183082e-07,1.44093992426592e-07,1.443006515709408e-07,1.445072298271828e-07,1.4471372703227905e-07,1.4492014302470003e-07,1.4512647764398886e-07,1.4533273073194766e-07,1.4553890212383395e-07,1.4574499166278836e-07,1.459509991910836e-07,1.4615692454762553e-07,1.4636276758027758e-07,1.4656852813481125e-07,1.467742060545584e-07,1.4697980118716151e-07,1.4718531338256344e-07,1.4739074248793406e-07,1.4759608835978722e-07,1.4780135083841914e-07,1.4800652978102973e-07,1.4821162502987408e-07,1.4841663643678638e-07,1.486215638558783e-07,1.4882640714040816e-07,1.4903116614438865e-07,1.492358407224559e-07,1.4944043073079212e-07,1.496449360259823e-07,1.4984935646310214e-07,1.5005369190074076e-07,1.502579422008583e-07,1.5046210721906822e-07,1.5066618681746008e-07,1.50870180849569e-07,1.510740891919922e-07,1.5127791169500798e-07,1.5148164822586422e-07,1.516852986544429e-07,1.518888628399603e-07,1.5209234064780746e-07,1.5229573194411743e-07,1.5249903659653205e-07,1.5270225446342677e-07,1.529053854298696e-07,1.5310842935647322e-07,1.5331138611297004e-07,1.5351425556978888e-07,1.5371703759807202e-07,1.5391973206969424e-07,1.5412233885722785e-07,1.5432485783394257e-07,1.545272888738035e-07,1.5472963185150123e-07,1.549318866435386e-07,1.551340531247659e-07,1.5533613117242492e-07,1.5553812066419732e-07,1.5574002147696646e-07,1.5594183349119953e-07,1.561435565850809e-07,1.563451906371205e-07,1.5654673553018526e-07,1.5674819114894648e-07,1.569495573726466e-07,1.5715083408086286e-07,1.5735202116076404e-07,1.5755311849594646e-07,1.5775412597249684e-07,1.5795504347494195e-07,1.5815587088293064e-07,1.5835660809579432e-07,1.5855725499555787e-07,1.5875781146995363e-07,1.589582774078299e-07,1.5915865269910863e-07,1.5935893723458832e-07,1.5955913090422752e-07,1.5975923359824584e-07,1.5995924521075503e-07,1.6015916563362846e-07,1.603589947589761e-07,1.6055873248293055e-07,1.6075837869793216e-07,1.6095793330138237e-07,1.6115739618800322e-07,1.6135676725398196e-07,1.615560463959023e-07,1.617552335123194e-07,1.6195432850156833e-07,1.621533312625985e-07,1.623522416958132e-07,1.6255105969942426e-07,1.6274978517508747e-07,1.6294841802520245e-07,1.631469581500301e-07,1.633454054585335e-07,1.6354375984489768e-07,1.637420212153016e-07,1.6394018947569055e-07,1.6413826453065533e-07,1.64336246283502e-07,1.645341346451371e-07,1.6473192951649306e-07,1.6492963081176878e-07,1.6512723844200719e-07,1.6532475230262765e-07,1.655221723100191e-07,1.657194983729371e-07,1.6591673040074234e-07,1.6611386830558932e-07,1.6631091199842834e-07,1.6650786139252115e-07,1.6670471639834433e-07,1.669014769292632e-07,1.6709814289956897e-07,1.6729471422367913e-07,1.6749119081572036e-07,1.6768757259236044e-07,1.6788385946789972e-07,1.6808005135915206e-07,1.6827614818348435e-07,1.6847214985858694e-07,1.6866805630140482e-07,1.6886386743616955e-07,1.6905958317191556e-07,1.6925520343512234e-07,1.694507281445769e-07,1.6964615722385858e-07,1.6984149058842857e-07,1.7003672816369967e-07,1.7023186987102453e-07,1.7042691563445362e-07,1.7062186537654671e-07,1.7081671902199406e-07,1.7101147649563897e-07,1.712061377211799e-07,1.7140070262422682e-07,1.7159517112778946e-07,1.7178954316479483e-07,1.7198381866063137e-07,1.7217799753850997e-07,1.7237207973094102e-07,1.7256606516774753e-07,1.7275995377596488e-07,1.72953745484529e-07,1.7314744022487427e-07,1.733410379322934e-07,1.7353453852808943e-07,1.737279419548917e-07,1.7392124812554687e-07,1.7411445699073548e-07,1.7430756847831881e-07,1.7450058252215163e-07,1.746934990559283e-07,1.7488631801082274e-07,1.7507903932905751e-07,1.752716629426972e-07,1.7546418878785317e-07,1.7565661680091484e-07,1.7584894691903092e-07,1.7604117907966419e-07,1.7623331321704508e-07,1.764253492740642e-07,1.7661728719305817e-07,1.7680912690818342e-07,1.7700086837476222e-07,1.7719251150361558e-07,1.77384056251312e-07,1.7757550256055248e-07,1.7776685036857e-07,1.7795809962548912e-07,1.7814925026270337e-07,1.7834030223688727e-07,1.7853125548299669e-07,1.7872210993839787e-07,1.7891286555496285e-07,1.791035222774263e-07,1.7929408004966608e-07,1.7948453882027265e-07,1.7967489853584575e-07,1.7986515913673224e-07,1.800553205775555e-07,1.802453828041481e-07,1.8043534576408668e-07,1.8062520940337682e-07,1.8081497367232936e-07,1.8100463852003406e-07,1.8119420389730297e-07,1.813836697576251e-07,1.81573036044386e-07,1.8176230271191705e-07,1.8195146971177896e-07,1.8214053698620467e-07,1.8232950449646633e-07,1.8251837220479684e-07,1.827071400569021e-07,1.828958080034284e-07,1.8308437600143327e-07,1.8327284400324617e-07,1.8346121197666734e-07,1.836494798411713e-07,1.8383764758804794e-07,1.8402571515868882e-07,1.842136825116565e-07,1.8440154960553514e-07,1.845893163950299e-07,1.8477698283546592e-07,1.8496454889154118e-07,1.8515201452658266e-07,1.8533937969053547e-07,1.8552664433687416e-07,1.857138084199022e-07,1.859008719242613e-07,1.8608783480126572e-07,1.862746970037356e-07,1.8646145849815713e-07,1.8664811924525008e-07,1.86834679207524e-07,1.8702113834866466e-07,1.8720749662805496e-07,1.8739375401083445e-07,1.87579910460295e-07,1.877659659397769e-07,1.87951920415341e-07,1.8813777384897825e-07,1.8832352620868744e-07,1.8850917745860263e-07,1.8869472757035188e-07,1.8888017648918856e-07,1.8906552420640748e-07,1.8925077067942198e-07,1.8943591587361455e-07,1.896209597594415e-07,1.8980590230443236e-07,1.899907434761421e-07,1.9017548325557615e-07,1.9036012158783224e-07,1.905446584543621e-07,1.9072909382507016e-07,1.9091342767014187e-07,1.9109765995841112e-07,1.9128179066433767e-07,1.91465819757374e-07,1.9164974720731937e-07,1.9183357298892699e-07,1.9201729707249655e-07,1.9220091943166288e-07,1.923844400399323e-07,1.925678588699411e-07,1.9275117589665288e-07,1.9293439109060747e-07,1.9311750442621636e-07,1.9330051589747702e-07,1.9348342544541637e-07,1.936662330641158e-07,1.9384893872287845e-07,1.940315424070073e-07,1.9421404408811448e-07,1.9439644374294028e-07,1.945787413485535e-07,1.9476093688236059e-07,1.9494303032223497e-07,1.9512502164642483e-07,1.9530691083212107e-07,1.9548869785937564e-07,1.9567038270585274e-07,1.9585196535147087e-07,1.960334457785811e-07,1.9621482396186873e-07,1.9639609988518818e-07,1.9657727352724176e-07,1.9675834487749672e-07,1.9693931390195643e-07,1.9712018058974354e-07,1.973009449186798e-07,1.974816068791054e-07,1.9766216645255507e-07,1.9784262361544436e-07,1.9802297835819967e-07,1.9820323065609277e-07,1.9838338050366362e-07,1.9856342787834557e-07,1.9874337275995843e-07,1.9892321514057735e-07,1.9910295499631332e-07,1.9928259231759352e-07,1.994621270900155e-07,1.9964155929486077e-07,1.998208889278293e-07,2.0000011597115028e-07,2.0017924041121198e-07,2.0035826223401966e-07,2.0053718142751453e-07,2.0071599798282786e-07,2.0089471188109543e-07,2.0107332311349053e-07,2.012518316748244e-07,2.0143023754112052e-07,2.0160854070780483e-07,2.0178674116090565e-07,2.019648388966182e-07,2.021428339014918e-07,2.023207261660406e-07,2.0249851567989096e-07,2.0267620243366247e-07,2.028537864196485e-07,2.0303126762815913e-07,2.032086460324829e-07,2.0338592166108343e-07,2.0356309448774593e-07,2.0374016450466849e-07,2.03917131704526e-07,2.040939960780123e-07,2.0427075762263447e-07,2.0444741632970319e-07,2.0462397219247513e-07,2.0480042520562901e-07,2.0497677536269279e-07,2.0515302265884725e-07,2.0532916708846515e-07,2.0550520864629845e-07,2.056811473266833e-07,2.0585698312734117e-07,2.060327160430655e-07,2.0620834606989885e-07,2.0638387320360863e-07,2.0655929744595378e-07,2.0673461878514517e-07,2.069098372217749e-07,2.0708495275436602e-07,2.0725996537978003e-07,2.0743487509557245e-07,2.0760968189930975e-07,2.0778438578993842e-07,2.079589867659305e-07,2.0813348482609338e-07,2.0830787997000448e-07,2.084821721964207e-07,2.0865636150467806e-07,2.0883044789444364e-07,2.0900443136506107e-07,2.0917831191909286e-07,2.0935208955586737e-07,2.0952576427648745e-07,2.096993360818414e-07,2.098728049726274e-07,2.1004617094998462e-07,2.1021943401645385e-07,2.1039259417380317e-07,2.105656514239922e-07,2.1073860575648615e-07,2.1091145719814863e-07,2.1108420574226205e-07,2.112568513896356e-07,2.114293941441088e-07,2.1160183400916969e-07,2.1177417098866073e-07,2.1194640508688268e-07,2.1211853630811658e-07,2.122905646564063e-07,2.1246249013643426e-07,2.1263431275253596e-07,2.1280603250958195e-07,2.1297764941503372e-07,2.1314916347175705e-07,2.1332057468683787e-07,2.1349188306628474e-07,2.136630886168097e-07,2.1383419134456574e-07,2.1400519125586975e-07,2.14176088355604e-07,2.143468826547527e-07,2.145175741580057e-07,2.1468816287403742e-07,2.148586488102413e-07,2.1502903197301347e-07,2.1519931237228936e-07,2.153694900145301e-07,2.1553956490996254e-07,2.1570953706786214e-07,2.1587940649578343e-07,2.1604917320335183e-07,2.1621883720051925e-07,2.1638839849621435e-07,2.1655785710029628e-07,2.1672721302329352e-07,2.1689646627440808e-07,2.1706561686336179e-07,2.172346648026314e-07,2.1740361010227938e-07,2.1757245277273538e-07,2.1774119282541587e-07,2.1790983027166884e-07,2.1807836512303869e-07,2.182467973912641e-07,2.1841512708827735e-07,2.1858335422620293e-07,2.1875147881730885e-07,2.189195008732147e-07,2.1908742040879173e-07,2.1925523743544116e-07,2.1942295196649014e-07,2.1959056401422288e-07,2.197580735940533e-07,2.199254807186414e-07,2.2009278540180818e-07,2.202599876575652e-07,2.2042708750010426e-07,2.2059408494280051e-07,2.2076098000121711e-07,2.2092777269111933e-07,2.210944630275602e-07,2.212610510230077e-07,2.2142753669496983e-07,2.2159392005791238e-07,2.2176020112764205e-07,2.2192637992015293e-07,2.2209245645233943e-07,2.2225843073839822e-07,2.2242430279713597e-07,2.2259007264129183e-07,2.2275574029117652e-07,2.2292130576194686e-07,2.2308676907013748e-07,2.232521302347784e-07,2.234173892723707e-07,2.235825462005342e-07,2.2374760103588482e-07,2.239125537931416e-07,2.240774044993865e-07,2.2424215316669558e-07,2.2440679981521417e-07,2.2457134446296294e-07,2.247357871283299e-07,2.2490012783193603e-07,2.2506436659056946e-07,2.2522850342441407e-07,2.253925383526927e-07,2.255564713954524e-07,2.2572030257265631e-07,2.2588403190264817e-07,2.2604765940594024e-07,2.262111851043119e-07,2.2637460901638784e-07,2.2653793116265563e-07,2.2670115156538237e-07,2.2686427024408441e-07,2.2702728722256227e-07,2.271902025189643e-07,2.2735301615880252e-07,2.2751572815387553e-07,2.276783385308506e-07,2.2784084731192392e-07,2.2800325451977237e-07,2.2816556017413367e-07,2.2832776429976665e-07,2.2848986691803548e-07,2.2865186805060397e-07,2.288137677223498e-07,2.2897556595492433e-07,2.2913726277089442e-07,2.292988581932728e-07,2.294603522457035e-07,2.2962174495113135e-07,2.2978303633309662e-07,2.2994422641553386e-07,2.3010531522170763e-07,2.3026630277577994e-07,2.3042718910173247e-07,2.305879742241928e-07,2.307486581668895e-07,2.3090924095499724e-07,2.310697226130432e-07,2.3123010316543098e-07,2.3139038263718937e-07,2.315505610531939e-07,2.3171063843909125e-07,2.318706148201962e-07,2.320304902217087e-07,2.3219026466929038e-07,2.3234993818866473e-07,2.325095108058487e-07,2.3266898254559276e-07,2.3282835343110465e-07,2.3298762349755475e-07,2.3314679275998258e-07,2.3330586125741338e-07,2.334648290105093e-07,2.3362369604611614e-07,2.337824623925211e-07,2.3394112807210495e-07,2.340996931151103e-07,2.3425815755264214e-07,2.3441652140673806e-07,2.3457478470536105e-07,2.3473294748096331e-07,2.348910097580953e-07,2.3504897155996396e-07,2.352068329219048e-07,2.3536459386640607e-07,2.355222544281448e-07,2.356798146321949e-07,2.3583727450333176e-07,2.3599463407603115e-07,2.3615189337980872e-07,2.363090524400427e-07,2.3646611128739876e-07,2.3662306995152267e-07,2.3677992846049289e-07,2.3693668684023066e-07,2.3709334512707455e-07,2.3724990334816387e-07,2.3740636153251105e-07,2.375627197111982e-07,2.377189779115963e-07,2.37875136164313e-07,2.3803119450083265e-07,2.3818715294243105e-07,2.3834301153670445e-07,2.38498770304172e-07,2.386544292692691e-07,2.3880998847658914e-07,2.389654479515447e-07,2.3912080772589766e-07,2.392760678278932e-07,2.3943122828379715e-07,2.395862891367382e-07,2.3974125041334836e-07,2.3989611214344726e-07,2.400508743598692e-07,2.4020553708749555e-07,2.4036010036853213e-07,2.4051456423413024e-07,2.406689287125871e-07,2.4082319383683377e-07,2.4097735963934135e-07,2.4113142615233064e-07,2.412853934082901e-07,2.4143926143981147e-07,2.4159303027958955e-07,2.41746699960421e-07,2.419002705152049e-07,2.420537419769415e-07,2.4220711437873173e-07,2.4236038775377714e-07,2.4251356214818785e-07,2.4266663756854166e-07,2.428196140638862e-07,2.4297249166604646e-07,2.4312527040931636e-07,2.432779503267658e-07,2.434305314462221e-07,2.4358301381333076e-07,2.4373539745733364e-07,2.438876824120536e-07,2.4403986871255795e-07,2.441919563922671e-07,2.4434394547608026e-07,2.4449583601799207e-07,2.4464762804214564e-07,2.4479932158481134e-07,2.449509166802573e-07,2.451024133620932e-07,2.4525381166782117e-07,2.454051116320577e-07,2.455563132870807e-07,2.4570741667116116e-07,2.458584218178593e-07,2.460093287642085e-07,2.4616013754482313e-07,2.4631084819703537e-07,2.464614607534534e-07,2.466119752545987e-07,2.46762391731654e-07,2.4691271022405495e-07,2.470629307640836e-07,2.4721305339013613e-07,2.473630781226596e-07,2.47513005029431e-07,2.4766283412970837e-07,2.4781256546284584e-07,2.4796219906431896e-07,2.4811173497025285e-07,2.4826117321725675e-07,2.4841051384253017e-07,2.485597568843498e-07,2.4870890237801497e-07,2.4885795035775516e-07,2.4900690086702897e-07,2.491557539398114e-07,2.493045096136955e-07,2.4945316792598256e-07,2.496017289143993e-07,2.497501926167278e-07,2.498985590693189e-07,2.500468282989819e-07,2.501950003805498e-07,2.503430753145214e-07,2.504910531500073e-07,2.506389339282958e-07,2.5078671768382387e-07,2.5093440443456567e-07,2.5108199426138296e-07,2.5122948718250415e-07,2.513768832347124e-07,2.515241824590436e-07,2.5167138489095396e-07,2.5181849057048973e-07,2.51965499536908e-07,2.521124118283783e-07,2.5225922748375874e-07,2.524059465419602e-07,2.5255256904146075e-07,2.526990950223474e-07,2.5284552452323926e-07,2.529918575833388e-07,2.5313809424146656e-07,2.532842345374695e-07,2.534302785099799e-07,2.53576226199088e-07,2.537220776457003e-07,2.5386783288818965e-07,2.540134919662413e-07,2.5415905491960673e-07,2.543045217881044e-07,2.544498926118695e-07,2.54595167430354e-07,2.5474034628380067e-07,2.548854292142809e-07,2.550304162580361e-07,2.5517530745702654e-07,2.5532010285192074e-07,2.5546480248286425e-07,2.5560940639028156e-07,2.5575391461460256e-07,2.5589832719645376e-07,2.560426441758902e-07,2.5618686559403376e-07,2.5633099149199397e-07,2.5647502191016816e-07,2.5661895688926294e-07,2.5676279647043327e-07,2.5690654069452555e-07,2.5705018960264355e-07,2.5719374323529804e-07,2.573372016358496e-07,2.5748056484237647e-07,2.576238328976045e-07,2.5776700584424314e-07,2.579100837203609e-07,2.5805306656965027e-07,2.5819595443534927e-07,2.583387473708113e-07,2.5848144538919663e-07,2.5862404855054266e-07,2.587665568886179e-07,2.5890897044777317e-07,2.5905128927288516e-07,2.5919351340504625e-07,2.593356428853007e-07,2.5947767775388953e-07,2.596196180555584e-07,2.597614638342741e-07,2.599032151295453e-07,2.600448719821045e-07,2.601864344369239e-07,2.603279025334446e-07,2.604692763156508e-07,2.6061055582767703e-07,2.607517411087504e-07,2.6089283220833623e-07,2.610338291585223e-07,2.611747320113155e-07,2.613155407996016e-07,2.6145625557409805e-07,2.6159687637448635e-07,2.617374032427375e-07,2.6187783620469244e-07,2.6201817534361555e-07,2.6215842066684707e-07,2.622985722220723e-07,2.62438630082448e-07,2.6257859427080453e-07,2.6271846482859987e-07,2.628582418000613e-07,2.629979252288122e-07,2.631375151461291e-07,2.632770116191491e-07,2.634164146693982e-07,2.635557243385216e-07,2.6369494070364803e-07,2.638340637871988e-07,2.639730936144821e-07,2.6411203026489034e-07,2.642508737634377e-07,2.643896241441113e-07,2.645282814550225e-07,2.646668457493293e-07,2.6480531706524854e-07,2.649436954795634e-07,2.650819809936269e-07,2.6522017366100517e-07,2.6535827351119447e-07,2.6549628062248096e-07,2.6563419500298664e-07,2.657720167189671e-07,2.659097458242194e-07,2.660473823305481e-07,2.661849263029477e-07,2.6632237780368075e-07,2.6645973683930024e-07,2.665970034910934e-07,2.667341777702018e-07,2.6687125974864157e-07,2.6700824945494167e-07,2.671451469410181e-07,2.672819522434744e-07,2.6741866541395863e-07,2.6755528649453213e-07,2.6769181553016364e-07,2.6782825256548083e-07,2.679645976431682e-07,2.6810085080988217e-07,2.6823701211021957e-07,2.6837308158895124e-07,2.68509059294043e-07,2.686449452635068e-07,2.687807395380719e-07,2.6891644217978927e-07,2.6905205322557565e-07,2.691875727191354e-07,2.693230007067344e-07,2.69458337233151e-07,2.695935823434743e-07,2.697287360837365e-07,2.6986379849776306e-07,2.6999876963253296e-07,2.701336495314322e-07,2.7026843824024316e-07,2.70403135806008e-07,2.7053774227600405e-07,2.706722576893674e-07,2.708066820953428e-07,2.709410155451341e-07,2.7107525807324296e-07,2.712094097296418e-07,2.7134347055572766e-07,2.7147744060653427e-07,2.716113199253854e-07,2.7174510855340217e-07,2.7187880654765326e-07,2.720124139466561e-07,2.7214593079395343e-07,2.7227935712931334e-07,2.7241269300511414e-07,2.72545938468134e-07,2.726790935636734e-07,2.728121583269436e-07,2.7294513282543725e-07,2.7307801709460624e-07,2.7321081117940923e-07,2.733435151283161e-07,2.7347612898681733e-07,2.736086527898282e-07,2.7374108660423e-07,2.7387343046644464e-07,2.740056844060898e-07,2.7413784849001546e-07,2.742699227714097e-07,2.744019072840454e-07,2.7453380207850623e-07,2.746656071960029e-07,2.7479732268501945e-07,2.74928948595237e-07,2.7506048496725825e-07,2.75191931852427e-07,2.753232892921084e-07,2.7545455733714024e-07,2.755857360321674e-07,2.757168254229218e-07,2.758478255588783e-07,2.759787364807311e-07,2.761095582420006e-07,2.7624029088508245e-07,2.763709344599773e-07,2.76501489009301e-07,2.766319545851423e-07,2.7676233122743865e-07,2.7689261899117303e-07,2.7702281791402725e-07,2.7715292804696056e-07,2.7728294943522687e-07,2.774128821252514e-07,2.7754272616957893e-07,2.77672481612225e-07,2.778021484959862e-07,2.7793172687864497e-07,2.780612167942608e-07,2.7819061829498864e-07,2.7831993142414104e-07,2.7844915623695923e-07,2.7857829277743373e-07,2.7870734108909577e-07,2.78836301222174e-07,2.7896517322129183e-07,2.7909395713596213e-07,2.792226530126819e-07,2.7935126089816027e-07,2.794797808404206e-07,2.7960821288450105e-07,2.7973655707883097e-07,2.798648134667771e-07,2.799929821042762e-07,2.801210630358868e-07,2.802490563030248e-07,2.803769619564971e-07,2.8050478004587534e-07,2.8063251061551136e-07,2.807601537130377e-07,2.8088770938019087e-07,2.810151776761663e-07,2.8114255864235173e-07,2.812698523246821e-07,2.8139705877737644e-07,2.8152417803952214e-07,2.816512101620534e-07,2.817781551919004e-07,2.8190501318224684e-07,2.820317841693911e-07,2.8215846820593365e-07,2.822850653410003e-07,2.8241157562138734e-07,2.8253799909299335e-07,2.8266433580704073e-07,2.827905858045207e-07,2.829167491389312e-07,2.830428258523724e-07,2.831688160108567e-07,2.8329471963989767e-07,2.834205367968229e-07,2.83546267521412e-07,2.836719118691826e-07,2.837974698835877e-07,2.839229416135738e-07,2.840483271026359e-07,2.841736264079886e-07,2.8429883957379287e-07,2.8442396664822874e-07,2.845490076754744e-07,2.846739627009507e-07,2.847988317855289e-07,2.849236149795697e-07,2.8504831230416333e-07,2.851729238205313e-07,2.8529744957871864e-07,2.8542188963213253e-07,2.855462440188672e-07,2.856705127909981e-07,2.857946960116115e-07,2.8591879369436635e-07,2.8604280590796976e-07,2.861667326987121e-07,2.862905741119393e-07,2.8641433019983214e-07,2.865380010063623e-07,2.866615865793001e-07,2.8678508697403734e-07,2.8690850222765327e-07,2.8703183239501347e-07,2.871550775209489e-07,2.872782376546317e-07,2.874013128438023e-07,2.87524303136514e-07,2.876472085807491e-07,2.877700292282441e-07,2.8789276510809876e-07,2.8801541629932286e-07,2.881379828265312e-07,2.882604647485505e-07,2.883828621101919e-07,2.885051749634447e-07,2.8862740334865513e-07,2.887495473171306e-07,2.8887160691743146e-07,2.889935821970749e-07,2.891154732023414e-07,2.892372799859323e-07,2.893590025933386e-07,2.8948064107294454e-07,2.896021954706859e-07,2.8972366584016307e-07,2.8984505222555165e-07,2.899663546739355e-07,2.9008757324166206e-07,2.902087079629548e-07,2.903297588935397e-07,2.904507260856454e-07,2.905716095774554e-07,2.90692409422275e-07,2.908131256685545e-07,2.9093375836324897e-07,2.910543075559787e-07,2.911747732941988e-07,2.912951556256215e-07,2.9141545459899065e-07,2.915356702634768e-07,2.9165580266371725e-07,2.9177585185058235e-07,2.9189581787370224e-07,2.9201570077843303e-07,2.921355006106197e-07,2.9225521742579193e-07,2.9237485126816977e-07,2.924944021890088e-07,2.9261387023535264e-07,2.927332554462857e-07,2.928525578755303e-07,2.9297177757863367e-07,2.9309091459545756e-07,2.932099689752212e-07,2.9332894077083785e-07,2.934478300258341e-07,2.9356663677974653e-07,2.936853610975473e-07,2.9380400302209556e-07,2.939225625995359e-07,2.9404103987782473e-07,2.9415943490627686e-07,2.9427774773925806e-07,2.94395978412894e-07,2.9451412697999456e-07,2.9463219349098487e-07,2.9475017799174135e-07,2.948680805313828e-07,2.9498590115825067e-07,2.951036399202497e-07,2.9522129686593243e-07,2.9533887204343075e-07,2.954563655002242e-07,2.955737772854846e-07,2.9569110744626673e-07,2.958083560335439e-07,2.959255230891596e-07,2.9604260868530633e-07,2.961596128322694e-07,2.9627653559808693e-07,2.963933770285736e-07,2.965101371741596e-07,2.966268160798029e-07,2.967434137953313e-07,2.9685993036881544e-07,2.969763658484799e-07,2.9709272028266616e-07,2.972089937181183e-07,2.97325186205181e-07,2.974412978050774e-07,2.975573285384685e-07,2.976732784672441e-07,2.977891476394997e-07,2.979049361005525e-07,2.9802064390527813e-07,2.981362710944917e-07,2.982518177205649e-07,2.9836728383019333e-07,2.9848266947254026e-07,2.9859797469526486e-07,2.987131995422899e-07,2.9882834406992057e-07,2.9894340832219845e-07,2.990583923458408e-07,2.9917329619180134e-07,2.9928811990677e-07,2.99402863538798e-07,2.9951752714075877e-07,2.9963211075914065e-07,2.9974661443101295e-07,2.998610382137999e-07,2.999753821529147e-07,3.000896462968409e-07,3.0020383069137505e-07,3.003179353912629e-07,3.0043196043917924e-07,3.0054590588876816e-07,3.006597717824895e-07,3.0077355817143576e-07,3.008872651047877e-07,3.0100089262722527e-07,3.011144407862959e-07,3.0122790963589134e-07,3.013412992151117e-07,3.014546095764821e-07,3.0156784076798007e-07,3.0168099284127665e-07,3.01794065837019e-07,3.0190705980303663e-07,3.020199747907544e-07,3.021328108534324e-07,3.022455680270736e-07,3.0235824637167457e-07,3.0247084592694434e-07,3.025833667443072e-07,3.0269580887145435e-07,3.028081723570125e-07,3.029204572511083e-07,3.030326635962696e-07,3.0314479144248833e-07,3.032568408385012e-07,3.0336881183257544e-07,3.034807044738379e-07,3.0359251880820555e-07,3.0370425488449634e-07,3.038159127488894e-07,3.039274924478989e-07,3.0403899403113425e-07,3.04150417547004e-07,3.042617630454308e-07,3.0437303056939963e-07,3.044842201694284e-07,3.0459533189495994e-07,3.047063657937714e-07,3.0481732191187435e-07,3.0492820029327e-07,3.0503900099192403e-07,3.0514972405280166e-07,3.0526036952719715e-07,3.053709374574078e-07,3.0548142789428277e-07,3.055918408861676e-07,3.057021764749959e-07,3.0581243471962484e-07,3.0592261565632606e-07,3.060327193510909e-07,3.0614274582314065e-07,3.062526951359416e-07,3.063625673345059e-07,3.0647236246932635e-07,3.065820805870688e-07,3.0669172173009724e-07,3.06801285973008e-07,3.0691077333059874e-07,3.0702018385747563e-07,3.0712951762214233e-07,3.07238774640898e-07,3.0734795497474984e-07,3.074570586700431e-07,3.0756608577998116e-07,3.076750363471716e-07,3.077839104190373e-07,3.0789270804589226e-07,3.080014292858232e-07,3.0811007416170963e-07,3.082186427330535e-07,3.0832713505017087e-07,3.084355511718115e-07,3.085438911167942e-07,3.086521549502488e-07,3.0876034272812894e-07,3.0886845448212066e-07,3.0897649025881164e-07,3.090844501114819e-07,3.091923340877678e-07,3.0930014223506253e-07,3.0940787460343917e-07,3.095155312357161e-07,3.0962311217880977e-07,3.097306174829659e-07,3.0983804719724124e-07,3.0994540136474137e-07,3.100526800374993e-07,3.1015988325528177e-07,3.1026701108168086e-07,3.103740635327928e-07,3.1048104068000093e-07,3.1058794256914206e-07,3.106947692421269e-07,3.108015207482001e-07,3.109081971347246e-07,3.1101479844932283e-07,3.111213247361702e-07,3.1122777604735305e-07,3.113341524255355e-07,3.1144045392128824e-07,3.1154668058323023e-07,3.1165283245137345e-07,3.117589095766092e-07,3.1186491200662715e-07,3.1197083980080663e-07,3.120766929931171e-07,3.121824716172791e-07,3.122881757293682e-07,3.123938053880799e-07,3.1249936063064047e-07,3.126048415086814e-07,3.127102480662641e-07,3.128155803533147e-07,3.12920838415602e-07,3.130260222971062e-07,3.1313113204387046e-07,3.13236167711686e-07,3.13341129340863e-07,3.1344601698343113e-07,3.135508306719031e-07,3.136555704829662e-07,3.1376023642877134e-07,3.1386482856772063e-07,3.139693469560311e-07,3.140737916354576e-07,3.1417816264923585e-07,3.142824600479416e-07,3.143866838779683e-07,3.144908341853673e-07,3.1459491101519666e-07,3.146989144147547e-07,3.1480284445478187e-07,3.1490670113748144e-07,3.150104845028793e-07,3.151141946545735e-07,3.152178316146468e-07,3.1532139541397753e-07,3.154248861195774e-07,3.1552830376726267e-07,3.156316484099449e-07,3.1573492008607055e-07,3.158381188463051e-07,3.1594124473880794e-07,3.1604429781191654e-07,3.1614727810345894e-07,3.1625018566323635e-07,3.1635302054223655e-07,3.1645578278122655e-07,3.165584724325184e-07,3.166610895449686e-07,3.167636341691326e-07,3.168661063243009e-07,3.169685060755081e-07,3.170708334856268e-07,3.171730885670094e-07,3.1727527138363455e-07,3.173773819778098e-07,3.1747942039448756e-07,3.1758138669009713e-07,3.176832809048414e-07,3.177851030878356e-07,3.178868532790672e-07,3.179885315302693e-07,3.180901378843792e-07,3.1819167238982314e-07,3.182931350893126e-07,3.1839452601941557e-07,3.1849584524891224e-07,3.1859709281776366e-07,3.186982687665943e-07,3.187993731439548e-07,3.1890040599504636e-07,3.190013673650768e-07,3.191022572944129e-07,3.1920307584128e-07,3.1930382304655024e-07,3.194044989554243e-07,3.195051036138746e-07,3.196056370670357e-07,3.1970609936168924e-07,3.198064905438049e-07,3.1990681065929136e-07,3.200070597540373e-07,3.2010723787363646e-07,3.202073450652637e-07,3.203073813730613e-07,3.204073468435595e-07,3.205072415223656e-07,3.206070654574114e-07,3.207068186916767e-07,3.208065012699411e-07,3.209061132396451e-07,3.2100565464755055e-07,3.211051255398191e-07,3.2120452596138006e-07,3.213038559583699e-07,3.2140311557221626e-07,3.2150230485199096e-07,3.216014238436743e-07,3.2170047259142566e-07,3.2179945114339294e-07,3.218983595430684e-07,3.219971978357384e-07,3.220959660685195e-07,3.221946642850825e-07,3.222932925305695e-07,3.223918508554738e-07,3.224903393020448e-07,3.225887579135953e-07,3.2268710672088875e-07,3.2278538581200145e-07,3.2288359518281084e-07,3.2298173491470563e-07,3.2307980506112993e-07,3.2317780562380603e-07,3.2327573667338517e-07,3.2337359825279136e-07,3.2347139041354836e-07,3.235691131860055e-07,3.2366676662929207e-07,3.2376435077997085e-07,3.2386186568792176e-07,3.2395931139576115e-07,3.240566879481026e-07,3.2415399539618853e-07,3.242512337776249e-07,3.2434840314339203e-07,3.2444550353300503e-07,3.2454253499592323e-07,3.2463949757543565e-07,3.247363913088629e-07,3.24833216259094e-07,3.249299724594748e-07,3.250266599580819e-07,3.2512327879993587e-07,3.252198290265874e-07,3.2531631067929487e-07,3.25412723815543e-07,3.2550906847127443e-07,3.256053446938122e-07,3.257015525262901e-07,3.2579769202094645e-07,3.258937632111117e-07,3.259897661529277e-07,3.2608570088216194e-07,3.261815674468826e-07,3.262773658917064e-07,3.2637309625924506e-07,3.264687585986869e-07,3.2656435295201637e-07,3.2665987936527256e-07,3.267553378816821e-07,3.268507285467128e-07,3.26946051405103e-07,3.270413065005237e-07,3.271364938779518e-07,3.272316135836822e-07,3.2732666564447077e-07,3.2742165013448226e-07,3.2751656708587183e-07,3.276114165400812e-07,3.27706198542294e-07,3.278009131437266e-07,3.2789556038012563e-07,3.2799014030451607e-07,3.280846529509441e-07,3.281790983686388e-07,3.282734766072216e-07,3.2836778769911933e-07,3.284620316947853e-07,3.285562086408889e-07,3.2865031857362094e-07,3.2874436154979607e-07,3.288383376028878e-07,3.289322467822678e-07,3.290260891328023e-07,3.2911986470021165e-07,3.2921357353323065e-07,3.293072156553349e-07,3.2940079112225797e-07,3.294942999823118e-07,3.295877422727183e-07,3.2968111805558606e-07,3.297744273477653e-07,3.2986767020932375e-07,3.2996084665790714e-07,3.3005395678087737e-07,3.3014700060144453e-07,3.302399781644973e-07,3.303328895134928e-07,3.3042573470127754e-07,3.305185137494684e-07,3.306112267293888e-07,3.307038736594012e-07,3.307964545949594e-07,3.3088896956526245e-07,3.3098141863148543e-07,3.3107380184399955e-07,3.311661192430762e-07,3.312583708537132e-07,3.3135055674788e-07,3.314426769477777e-07,3.3153473149557723e-07,3.3162672044281953e-07,3.317186438184943e-07,3.31810501701218e-07,3.3190229410944445e-07,3.3199402107271494e-07,3.3208568267064793e-07,3.321772789268245e-07,3.322688098812565e-07,3.3236027558816685e-07,3.3245167607855726e-07,3.325430114021445e-07,3.326342816030649e-07,3.327254867226207e-07,3.3281662680244506e-07,3.3290770189233577e-07,3.329987120319707e-07,3.3308965726898844e-07,3.331805376391323e-07,3.332713531882955e-07,3.333621039607456e-07,3.3345278999834836e-07,3.335434113451287e-07,3.336339680450007e-07,3.33724460140475e-07,3.338148876748106e-07,3.3390525069071903e-07,3.3399554922619665e-07,3.340857833344994e-07,3.3417595305454673e-07,3.3426605842765257e-07,3.3435609949663164e-07,3.3444607630992934e-07,3.345359888976628e-07,3.3462583731937024e-07,3.3471562160434294e-07,3.3480534180124495e-07,3.3489499794405917e-07,3.3498459009491e-07,3.350741182849456e-07,3.351635825585663e-07,3.3525298295389325e-07,3.353423195197264e-07,3.354315923000371e-07,3.3552080133027834e-07,3.3560994666109083e-07,3.3569902832965267e-07,3.357880463797971e-07,3.3587700084902155e-07,3.3596589179128334e-07,3.36054719241791e-07,3.361434832535872e-07,3.3623218385093493e-07,3.3632082108477624e-07,3.364093949913051e-07,3.364979056213614e-07,3.365863530219026e-07,3.366747372294661e-07,3.3676305828072803e-07,3.3685131622443203e-07,3.36939511106214e-07,3.370276429672736e-07,3.371157118395762e-07,3.372037177722103e-07,3.3729166082292804e-07,3.3737954098992793e-07,3.374673583760128e-07,3.375551129826886e-07,3.3764280486429045e-07,3.377304340604132e-07,3.378180006046161e-07,3.3790550455267733e-07,3.379929459422051e-07,3.3808032481008805e-07,3.3816764120121986e-07,3.3825489516612875e-07,3.383420867376003e-07,3.384292159582747e-07,3.3851628288445407e-07,3.3860328753748617e-07,3.3869022996719294e-07,3.387771102159925e-07,3.3886392832700815e-07,3.3895068434185635e-07,3.390373782941515e-07,3.391240102350737e-07,3.3921058020580287e-07,3.3929708824472846e-07,3.393835343885821e-07,3.3946991869342117e-07,3.3955624119387597e-07,3.396425019296877e-07,3.397287009454681e-07,3.3981483827895765e-07,3.399009139764358e-07,3.399869280635391e-07,3.4007288060899696e-07,3.4015877164228924e-07,3.4024460120220026e-07,3.4033036933150386e-07,3.4041607606700643e-07,3.4050172145730595e-07,3.405873055435572e-07,3.4067282836026956e-07,3.407582899587262e-07,3.4084369037463983e-07,3.4092902965031425e-07,3.410143078303956e-07,3.410995249479427e-07,3.411846810500474e-07,3.41269776176812e-07,3.4135481036606493e-07,3.414397836654867e-07,3.415246961134727e-07,3.4160954775092626e-07,3.4169433861871585e-07,3.417790687584935e-07,3.418637382122134e-07,3.4194834701891583e-07,3.420328952200045e-07,3.421173828575568e-07,3.4220180997239004e-07,3.4228617660554124e-07,3.4237048279780066e-07,3.424547285898757e-07,3.4253891401896107e-07,3.4262303913398504e-07,3.4270710397297214e-07,3.4279110857464146e-07,3.428750529808984e-07,3.429589372325228e-07,3.4304276136984824e-07,3.4312652543674096e-07,3.432102294680692e-07,3.432938734995003e-07,3.433774575893808e-07,3.4346098177150894e-07,3.4354444608172597e-07,3.436278505651114e-07,3.4371119525839486e-07,3.437944802037869e-07,3.438777054422922e-07,3.4396087101355454e-07,3.44043976958918e-07,3.441270233214077e-07,3.4421001013973886e-07,3.442929374505797e-07,3.4437580529739517e-07,3.4445861370774817e-07,3.445413627479839e-07,3.4462405244527967e-07,3.447066828403247e-07,3.447892539733779e-07,3.44871765886745e-07,3.4495421861604153e-07,3.45036612203934e-07,3.4511894669077665e-07,3.4520122211548705e-07,3.4528343850953586e-07,3.4536559593439686e-07,3.4544769441890307e-07,3.455297340041842e-07,3.456117147284134e-07,3.4569363663436497e-07,3.457754997461245e-07,3.458573041317777e-07,3.459390498170299e-07,3.4602073684069496e-07,3.4610236524559314e-07,3.4618393507048746e-07,3.462654463552346e-07,3.4634689913886475e-07,3.4642829346370285e-07,3.465096293676043e-07,3.4659090689026867e-07,3.4667212607294256e-07,3.467532869547444e-07,3.468343895738307e-07,3.469154339725669e-07,3.4699642018997086e-07,3.470773482652302e-07,3.4715821823815177e-07,3.472390301486285e-07,3.4731978403550865e-07,3.474004799395834e-07,3.4748111789947087e-07,3.475616979550701e-07,3.4764222014552176e-07,3.477226845166378e-07,3.4780309109981e-07,3.4788343993339997e-07,3.479637310578179e-07,3.4804396451762656e-07,3.4812414035286154e-07,3.482042585956009e-07,3.4828431928889116e-07,3.483643224716472e-07,3.484442681847822e-07,3.485241564666224e-07,3.4860398735669923e-07,3.486837608939193e-07,3.487634771172289e-07,3.488431360671445e-07,3.489227377721541e-07,3.4900228228618457e-07,3.490817696473321e-07,3.491611998929429e-07,3.4924057305702034e-07,3.4931988918074405e-07,3.4939914830567267e-07,3.4947835046910514e-07,3.495574957105253e-07,3.496365840677838e-07,3.4971561558038164e-07,3.4979459028703033e-07,3.4987350822585717e-07,3.4995236943824484e-07,3.5003117395520285e-07,3.501099218285067e-07,3.5018861308376805e-07,3.5026724777412267e-07,3.503458259282974e-07,3.5042434758143097e-07,3.505028127857525e-07,3.50581221568644e-07,3.5065957396641634e-07,3.507378700337742e-07,3.50816109799753e-07,3.5089429327557264e-07,3.509724205525326e-07,3.510504916447973e-07,3.511285065901229e-07,3.5120646542816734e-07,3.512843681900806e-07,3.5136221492752567e-07,3.5144000566877316e-07,3.515177404548747e-07,3.515954193227567e-07,3.51673042314049e-07,3.5175060946483807e-07,3.518281208153864e-07,3.5190557640293445e-07,3.519829762726888e-07,3.5206032044721644e-07,3.521376089770687e-07,3.5221484189077673e-07,3.5229201923511825e-07,3.523691410507348e-07,3.524462073709306e-07,3.525232182252153e-07,3.526001736613067e-07,3.526770737203082e-07,3.527539184169504e-07,3.528307078237587e-07,3.5290744196544305e-07,3.529841208861409e-07,3.530607446058601e-07,3.5313731317660737e-07,3.5321382663461655e-07,3.5329028501362366e-07,3.5336668835122787e-07,3.5344303668862944e-07,3.535193300622922e-07,3.5359556851138355e-07,3.5367175207125783e-07,3.5374788078086717e-07,3.538239546775601e-07,3.53899973801174e-07,3.5397593818649567e-07,3.5405184786918884e-07,3.541277028928244e-07,3.542035032943916e-07,3.54279249107492e-07,3.5435494036857587e-07,3.544305771229171e-07,3.545061594024797e-07,3.545816872374563e-07,3.546571606820072e-07,3.547325797669458e-07,3.548079445268185e-07,3.5488325500384316e-07,3.549585112272957e-07,3.550337132423362e-07,3.55108861080588e-07,3.55183954776872e-07,3.552589943784092e-07,3.553339799177041e-07,3.554089114343032e-07,3.554837889617961e-07,3.555586125379472e-07,3.5563338219265897e-07,3.557080979796051e-07,3.557827599278446e-07,3.558573680587949e-07,3.5593192243668495e-07,3.560064230917982e-07,3.5608087005420024e-07,3.5615526336496146e-07,3.562296030583174e-07,3.5630388918074683e-07,3.5637812173970183e-07,3.5645230081380837e-07,3.5652642641151416e-07,3.5660049857775536e-07,3.566745173501696e-07,3.567484827637652e-07,3.568223948722e-07,3.568962536744224e-07,3.569700592375431e-07,3.5704381158653287e-07,3.5711751076285416e-07,3.571911567943781e-07,3.572647497495237e-07,3.5733828962460266e-07,3.5741177647259706e-07,3.574852103507975e-07,3.575585912542005e-07,3.5763191924060376e-07,3.577051943299062e-07,3.577784165909612e-07,3.578515860448497e-07,3.579247027279127e-07,3.579977666797349e-07,3.5807077792414094e-07,3.58143736511349e-07,3.5821664247457057e-07,3.582894958496615e-07,3.5836229667137637e-07,3.584350449774279e-07,3.5850774080427955e-07,3.5858038418808667e-07,3.586529751641266e-07,3.587255137681342e-07,3.5879800003614116e-07,3.588704340064653e-07,3.589428157141773e-07,3.5901514519857625e-07,3.590874224959722e-07,3.5915964762172217e-07,3.5923182063559553e-07,3.593039415755916e-07,3.593760104662474e-07,3.5944802735012525e-07,3.5951999226637027e-07,3.595919052384581e-07,3.5966376631029187e-07,3.597355755154822e-07,3.598073328888704e-07,3.5987903847148784e-07,3.5995069230354756e-07,3.600222944010559e-07,3.600938448045135e-07,3.6016534356092583e-07,3.6023679071293287e-07,3.6030818629591875e-07,3.603795303256071e-07,3.604508228412157e-07,3.605220638893662e-07,3.6059325350664436e-07,3.606643917138804e-07,3.6073547855603583e-07,3.608065140735139e-07,3.6087749829683985e-07,3.609484312629317e-07,3.6101931300438904e-07,3.6109014356217635e-07,3.6116092296912914e-07,3.6123165125677986e-07,3.613023284649026e-07,3.61372954626637e-07,3.614435297815997e-07,3.615140539612514e-07,3.6158452719752453e-07,3.6165494953387626e-07,3.6172532100467966e-07,3.617956416399638e-07,3.618659114807604e-07,3.619361305637846e-07,3.6200629891009615e-07,3.620764165687242e-07,3.621464835703927e-07,3.622164999456483e-07,3.622864657391437e-07,3.623563809749277e-07,3.6242624569983395e-07,3.624960599433598e-07,3.625658237391147e-07,3.6263553712602467e-07,3.627052001359962e-07,3.627748128121308e-07,3.628443751733561e-07,3.629138872612145e-07,3.629833491183728e-07,3.630527607679033e-07,3.631221222555067e-07,3.631914336111474e-07,3.632606948745955e-07,3.633299060700461e-07,3.6339906723428427e-07,3.634681784142264e-07,3.63537239635937e-07,3.6360625093542397e-07,3.636752123424161e-07,3.637441238957717e-07,3.6381298562740106e-07,3.638817975775586e-07,3.639505597786312e-07,3.6401927226202345e-07,3.640879350666331e-07,3.641565482340748e-07,3.642251117818677e-07,3.6429362575204954e-07,3.6436209017638627e-07,3.644305050958927e-07,3.644988705447139e-07,3.6456718655327694e-07,3.6463545315464443e-07,3.6470367038553615e-07,3.647718382676582e-07,3.648399568617082e-07,3.6490802619417245e-07,3.6497604628643365e-07,3.650440171794356e-07,3.6511193890808804e-07,3.6517981150597613e-07,3.652476350075095e-07,3.6531540944228626e-07,3.6538313486398223e-07,3.654508112814588e-07,3.655184387439732e-07,3.655860172793652e-07,3.6565354691902693e-07,3.657210277022855e-07,3.6578845967169937e-07,3.6585584284877553e-07,3.659231772643552e-07,3.659904629564438e-07,3.6605769995815107e-07,3.661248883219786e-07,3.6619202805475917e-07,3.6625911919905415e-07,3.663261617958291e-07,3.6639315586999135e-07,3.664601014668831e-07,3.6652699860686507e-07,3.6659384732827914e-07,3.666606476657173e-07,3.6672739966324045e-07,3.667941033414957e-07,3.6686075873939506e-07,3.6692736588372227e-07,3.669939248177167e-07,3.670604355582358e-07,3.671268981626057e-07,3.67193312647252e-07,3.6725967904930406e-07,3.673259974059994e-07,3.6739226774711247e-07,3.6745849010957934e-07,3.675246645237098e-07,3.675907910242518e-07,3.676568696451574e-07,3.6772290041928597e-07,3.6778888339573444e-07,3.678548185756129e-07,3.6792070601172627e-07,3.679865457298523e-07,3.680523377699808e-07,3.6811808216382477e-07,3.681837789453986e-07,3.682494281510636e-07,3.683150298038877e-07,3.683805839432193e-07,3.684460906034622e-07,3.685115498147078e-07,3.6857696161470936e-07,3.686423260292944e-07,3.687076430951832e-07,3.687729128477946e-07,3.6883813532402755e-07,3.6890331054263405e-07,3.689684385523902e-07,3.6903351937247556e-07,3.690985530422125e-07,3.691635395994635e-07,3.6922847906726174e-07,3.6929337148358397e-07,3.69358216879032e-07,3.6942301528968597e-07,3.6948776674733696e-07,3.6955247128423857e-07,3.6961712893171317e-07,3.6968173972899443e-07,3.6974630369708527e-07,3.69810820877177e-07,3.698752913014722e-07,3.699397149988128e-07,3.7000409200622693e-07,3.7006842235320175e-07,3.7013270607439333e-07,3.701969432021703e-07,3.702611337684685e-07,3.7032527780367405e-07,3.703893753477992e-07,3.704534264239074e-07,3.705174310710555e-07,3.705813893200464e-07,3.706453011965993e-07,3.7070916674250586e-07,3.7077298598727615e-07,3.708367589626994e-07,3.709004857081946e-07,3.7096416624153775e-07,3.710278005995244e-07,3.710913888199082e-07,3.7115493092758216e-07,3.712184269678286e-07,3.712818769562137e-07,3.7134528093667315e-07,3.714086389534159e-07,3.714719509995471e-07,3.7153521713771815e-07,3.715984373883954e-07,3.716616117946062e-07,3.7172474037629755e-07,3.717878231775462e-07,3.718508602216723e-07,3.719138515430553e-07,3.7197679717599037e-07,3.720396971421059e-07,3.7210255149266464e-07,3.721653602448665e-07,3.7222812343519215e-07,3.7229084109421064e-07,3.7235351324648384e-07,3.7241613993745305e-07,3.7247872119083984e-07,3.725412570434316e-07,3.7260374752296405e-07,3.7266619266294285e-07,3.727285924944193e-07,3.7279094704555516e-07,3.728532563534388e-07,3.7291552044761025e-07,3.7297773935915933e-07,3.730399131193478e-07,3.731020417676895e-07,3.7316412532409076e-07,3.732261638255881e-07,3.7328815730205895e-07,3.733501057836701e-07,3.734120093054447e-07,3.734738678969182e-07,3.7353568159038927e-07,3.735974504230914e-07,3.7365917441585834e-07,3.737208536030042e-07,3.7378248801934107e-07,3.738440776918728e-07,3.739056226504927e-07,3.739671229371561e-07,3.7402857857386985e-07,3.740899895973074e-07,3.741513560365033e-07,3.742126779199797e-07,3.742739552806178e-07,3.743351881516316e-07,3.7439637656119813e-07,3.744575205387288e-07,3.7451862011961393e-07,3.745796753337968e-07,3.7464068621439386e-07,3.747016527898274e-07,3.747625750914789e-07,3.748234531471153e-07,3.748842869916034e-07,3.7494507665827503e-07,3.7500582217708765e-07,3.7506652357531295e-07,3.75127180883567e-07,3.75187794137103e-07,3.7524836337000704e-07,3.7530888859479244e-07,3.75369369859345e-07,3.75429807197918e-07,3.7549020062938817e-07,3.7555055018829255e-07,3.7561085590474754e-07,3.7567111780994085e-07,3.7573133593907654e-07,3.7579151031783496e-07,3.758516409769299e-07,3.7591172794767375e-07,3.7597177126507104e-07,3.7603177095032007e-07,3.76091727041808e-07,3.761516395622837e-07,3.7621150854233473e-07,3.762713340273406e-07,3.763311160391748e-07,3.763908546072845e-07,3.7645054975759076e-07,3.7651020153593015e-07,3.765698099561096e-07,3.7662937505427164e-07,3.7668889685683835e-07,3.7674837540535256e-07,3.768078107200653e-07,3.768672028336551e-07,3.7692655177768187e-07,3.7698585758235934e-07,3.770451202772208e-07,3.7710433988895385e-07,3.77163516455711e-07,3.77222650005996e-07,3.77281740563634e-07,3.773407881594184e-07,3.7739979283045304e-07,3.7745875460256714e-07,3.775176735031228e-07,3.7757654956623507e-07,3.776353828223666e-07,3.7769417329788776e-07,3.777529210289991e-07,3.778116260384374e-07,3.7787028836262557e-07,3.7792890802584494e-07,3.779874850667742e-07,3.780460195088273e-07,3.781045113795556e-07,3.781629607112441e-07,3.7822136753356145e-07,3.782797318778876e-07,3.7833805377275045e-07,3.7839633324844994e-07,3.784545703343344e-07,3.7851276506024595e-07,3.785709174561594e-07,3.7862902755321264e-07,3.7868709537854994e-07,3.787451209613514e-07,3.788031043388345e-07,3.7886104552760504e-07,3.7891894457287235e-07,3.789768014879914e-07,3.790346163077311e-07,3.7909238906550177e-07,3.7915011978906144e-07,3.7920780850852704e-07,3.792654552536338e-07,3.793230600524391e-07,3.793806229349732e-07,3.7943814393081335e-07,3.7949562306942434e-07,3.7955306037987015e-07,3.7961045589246134e-07,3.796678096354662e-07,3.797251216391265e-07,3.797823919312264e-07,3.798396205398654e-07,3.798968074979646e-07,3.7995395283134283e-07,3.8001105657418605e-07,3.800681187527691e-07,3.8012513939333335e-07,3.801821185345502e-07,3.8023905619584946e-07,3.8029595240961536e-07,3.8035280720690437e-07,3.8040962061352714e-07,3.804663926553617e-07,3.805231233676838e-07,3.805798127788323e-07,3.806364609174838e-07,3.8069306780487814e-07,3.807496334842408e-07,3.808061579761869e-07,3.808626413071351e-07,3.809190835045596e-07,3.809754846108894e-07,3.810318446464969e-07,3.810881636396237e-07,3.8114444162024956e-07,3.8120067861786095e-07,3.812568746591812e-07,3.8131302977317013e-07,3.8136914399194683e-07,3.814252173391092e-07,3.814812498458951e-07,3.8153724153564374e-07,3.8159319244438266e-07,3.8164910260175026e-07,3.817049720336337e-07,3.817608007642604e-07,3.818165888305388e-07,3.8187233625707097e-07,3.8192804307129225e-07,3.819837093064283e-07,3.820393349848873e-07,3.820949201369076e-07,3.821504647915343e-07,3.8220596897655304e-07,3.8226143272047414e-07,3.8231685605406085e-07,3.823722390039146e-07,3.824275815975493e-07,3.8248288386113117e-07,3.825381458293947e-07,3.8259336752850623e-07,3.826485489847747e-07,3.82703690219396e-07,3.827587912786343e-07,3.8281385218056135e-07,3.828688729522203e-07,3.8292385362081326e-07,3.829787942186993e-07,3.8303369477241375e-07,3.8308855530403864e-07,3.8314337585431355e-07,3.831981564454692e-07,3.8325289710488493e-07,3.8330759785421364e-07,3.833622587267799e-07,3.834168797550872e-07,3.834714609686299e-07,3.8352600239344717e-07,3.8358050405153637e-07,3.836349659723828e-07,3.836893881858667e-07,3.8374377071227115e-07,3.837981135947044e-07,3.83852416852689e-07,3.8390668051506504e-07,3.839609046089462e-07,3.840150891551919e-07,3.8406923419709027e-07,3.841233397574549e-07,3.841774058580918e-07,3.8423143252695714e-07,3.842854197947181e-07,3.8433936768571943e-07,3.843932762362204e-07,3.8444714547084687e-07,3.8450097541035647e-07,3.845547660858936e-07,3.846085175255685e-07,3.8466222975833504e-07,3.8471590280120977e-07,3.847695367023952e-07,3.8482313147666875e-07,3.8487668715286053e-07,3.849302037587088e-07,3.8498368132197936e-07,3.8503711985618894e-07,3.8509051941675333e-07,3.8514388001800375e-07,3.8519720167840795e-07,3.8525048444015955e-07,3.85303728323369e-07,3.8535693335594225e-07,3.854100995653644e-07,3.8546322697659734e-07,3.8551631561304634e-07,3.8556936551548075e-07,3.8562237670392596e-07,3.856753492066572e-07,3.857282830486133e-07,3.8578117825636563e-07,3.8583403485796097e-07,3.85886852883392e-07,3.859396323571606e-07,3.8599237330960993e-07,3.860450757622203e-07,3.8609773974563453e-07,3.8615036528651895e-07,3.8620295239676836e-07,3.862555011387297e-07,3.8630801151367213e-07,3.863604835545144e-07,3.864129172864873e-07,3.864653127386066e-07,3.8651766992972217e-07,3.8656998890072807e-07,3.8662226965943964e-07,3.866745122586941e-07,3.8672671671167933e-07,3.867788830450769e-07,3.8683101128660455e-07,3.8688310146179464e-07,3.8693515359785146e-07,3.8698716772249824e-07,3.8703914386242414e-07,3.8709108203717555e-07,3.871429822869023e-07,3.871948446311869e-07,3.872466690975061e-07,3.8729845571164997e-07,3.8735020450130844e-07,3.874019154925828e-07,3.8745358871718405e-07,3.875052241909841e-07,3.8755682194606944e-07,3.876083820097988e-07,3.876599044073107e-07,3.8771138916628673e-07,3.8776283631209103e-07,3.8781424587296965e-07,3.8786561787344854e-07,3.879169523409719e-07,3.8796824929770254e-07,3.880195087785739e-07,3.880707308062637e-07,3.881219154053141e-07,3.8817306260346233e-07,3.8822417243411276e-07,3.8827524490989617e-07,3.883262800631759e-07,3.883772779198276e-07,3.884282385079024e-07,3.884791618519789e-07,3.885300479790157e-07,3.8858089691508794e-07,3.886317086871801e-07,3.886824833270956e-07,3.88733220847913e-07,3.887839212818393e-07,3.888345846563775e-07,3.8888521099672206e-07,3.8893580032886287e-07,3.8898635267915355e-07,3.890368680741009e-07,3.8908734653966857e-07,3.891377881004427e-07,3.8918819278335165e-07,3.8923856061481153e-07,3.892888916203433e-07,3.893391858260947e-07,3.893894432571544e-07,3.8943966394124733e-07,3.8948984790294353e-07,3.8953999516860547e-07,3.895901057633438e-07,3.8964017971343404e-07,3.896902170450742e-07,3.897402177840141e-07,3.897901819554165e-07,3.898401095854896e-07,3.8989000069966606e-07,3.899398553246764e-07,3.899896734846821e-07,3.900394552061274e-07,3.90089200515285e-07,3.901389094367077e-07,3.901885819969417e-07,3.902382182208616e-07,3.9028781813437543e-07,3.903373817625844e-07,3.903869091330054e-07,3.9043640026907294e-07,3.9048585519636484e-07,3.9053527394137797e-07,3.905846565301117e-07,3.906340029864167e-07,3.9068331333625737e-07,3.9073258760585177e-07,3.9078182582323303e-07,3.9083102800812695e-07,3.908801941879193e-07,3.9092932438839876e-07,3.9097841863513246e-07,3.910274769539383e-07,3.910764993694634e-07,3.9112548590717516e-07,3.911744365924334e-07,3.9122335145069534e-07,3.912722305144112e-07,3.913210737935873e-07,3.913698813207856e-07,3.9141865312200184e-07,3.914673892219669e-07,3.91516089646104e-07,3.915647544181846e-07,3.916133835649781e-07,3.9166197711153076e-07,3.917105350832508e-07,3.917590575030524e-07,3.9180754439832825e-07,3.918559957932745e-07,3.919044117133939e-07,3.919527921832083e-07,3.9200113723516145e-07,3.920494468785227e-07,3.920977211471976e-07,3.9214596006485047e-07,3.921941636564505e-07,3.9224233194720106e-07,3.922904649627002e-07,3.923385627268126e-07,3.9238662526620104e-07,3.924346526043704e-07,3.924826447659268e-07,3.925306017750652e-07,3.9257852366005146e-07,3.9262641044113215e-07,3.926742621455878e-07,3.927220787970634e-07,3.9276986042034636e-07,3.9281760704086933e-07,3.928653186826596e-07,3.929129953699798e-07,3.929606371284658e-07,3.930082439818299e-07,3.9305581595441874e-07,3.9310335307321385e-07,3.931508553609977e-07,3.931983228425366e-07,3.9324575554172486e-07,3.9329315348431766e-07,3.9334051669442966e-07,3.933878451956841e-07,3.9343513901394153e-07,3.9348239817271056e-07,3.9352962269688154e-07,3.93576812627554e-07,3.936239679553308e-07,3.936710887214854e-07,3.937181749651071e-07,3.937652266801451e-07,3.9381224390802434e-07,3.9385922666979205e-07,3.939061749955883e-07,3.9395308890293165e-07,3.9399996841961334e-07,3.9404681356835936e-07,3.940936243742762e-07,3.941404008618965e-07,3.941871430553889e-07,3.9423385097838626e-07,3.9428052465421405e-07,3.943271641203917e-07,3.9437376937691766e-07,3.944203404597357e-07,3.9446687739293293e-07,3.9451338020078395e-07,3.945598489073079e-07,3.946062835360527e-07,3.946526841116788e-07,3.946990506578741e-07,3.947453831983977e-07,3.9479168175820753e-07,3.9483794636014313e-07,3.9488417702737193e-07,3.9493037378639574e-07,3.9497653665965427e-07,3.950226656708629e-07,3.95068760844522e-07,3.951148222038871e-07,3.951608497733695e-07,3.9520684357515404e-07,3.952528036359466e-07,3.9529872997789593e-07,3.953446226246124e-07,3.953904816005105e-07,3.95436306929036e-07,3.954820986334888e-07,3.955278567386364e-07,3.9557358126718686e-07,3.956192722434657e-07,3.9566492969015294e-07,3.957105536317978e-07,3.9575614409347965e-07,3.958017010952527e-07,3.9584722466380604e-07,3.9589271482059083e-07,3.959381715904421e-07,3.9598359499592354e-07,3.9602898506184934e-07,3.96074341810453e-07,3.9611966526620533e-07,3.961649554519085e-07,3.962102123920798e-07,3.9625543610880243e-07,3.9630062662609315e-07,3.9634578396091047e-07,3.963909081585711e-07,3.964359992182791e-07,3.9648105717163427e-07,3.965260820432441e-07,3.9657107385584133e-07,3.966160326326409e-07,3.9666095840869677e-07,3.9670585118385686e-07,3.9675071099133516e-07,3.967955378578824e-07,3.9684033180510633e-07,3.968850928564068e-07,3.969298210327592e-07,3.969745163421979e-07,3.970191788449418e-07,3.970638085414125e-07,3.971084054577182e-07,3.9715296962186724e-07,3.9719750104876006e-07,3.972419997631856e-07,3.972864657912097e-07,3.973308991531803e-07,3.9737529987444465e-07,3.974196679758823e-07,3.974640034828596e-07,3.97508306412848e-07,3.975525767967625e-07,3.975968146554703e-07,3.976410200088455e-07,3.9768519287944687e-07,3.9772933329325796e-07,3.9777344127463295e-07,3.978175168417317e-07,3.978615600194398e-07,3.9790557083024954e-07,3.9794954929814077e-07,3.9799349544400853e-07,3.9803740929188094e-07,3.980812908649953e-07,3.981251401855573e-07,3.9816895725813107e-07,3.982127421425079e-07,3.982564948404413e-07,3.983002153789095e-07,3.983439037783973e-07,3.983875600611092e-07,3.9843118425029904e-07,3.98474776368598e-07,3.985183364373415e-07,3.985618644824865e-07,3.9860536052360797e-07,3.986488245871325e-07,3.986922566900693e-07,3.9873565685636635e-07,3.9877902511086495e-07,3.9882236147507596e-07,3.9886566597139546e-07,3.9890893862324777e-07,3.989521794559683e-07,3.989953884824993e-07,3.990385657325442e-07,3.9908171122628317e-07,3.9912482498677784e-07,3.991679070368577e-07,3.992109573995164e-07,3.9925397610129535e-07,3.992969631535015e-07,3.993399185846294e-07,3.993828424154472e-07,3.994257346698217e-07,3.99468595370009e-07,3.9951142453404637e-07,3.995542221925225e-07,3.9959698836293936e-07,3.996397230672088e-07,3.9968242632909e-07,3.997250981695903e-07,3.997677386099219e-07,3.9981034765825246e-07,3.998529253682497e-07,3.9989547174418177e-07,3.999379868111574e-07,3.99980470589598e-07,4.0002292310294353e-07,4.00065344371496e-07,4.001077344158297e-07,4.001500932615057e-07,4.0019242093139746e-07,4.0023471743934073e-07,4.0027698280870094e-07,4.003192170742944e-07,4.003614202506482e-07,4.004035923570423e-07,4.00445733418153e-07,4.0048784345347674e-07,4.005299224872604e-07,4.0057197053322296e-07,4.0061398762693815e-07,4.006559737841413e-07,4.006979290263127e-07,4.0073985337583257e-07,4.007817468527525e-07,4.008236094819524e-07,4.0086544128308793e-07,4.009072422760295e-07,4.0094901248543846e-07,4.009907519316267e-07,4.0103246063766855e-07,4.0107413862235053e-07,4.011157859106856e-07,4.01157402531154e-07,4.01198988488265e-07,4.0124054381253607e-07,4.012820685265849e-07,4.0132356265216344e-07,4.0136502620725023e-07,4.0140645921815584e-07,4.014478617043166e-07,4.0148923368729365e-07,4.015305751878097e-07,4.0157188623635187e-07,4.0161316683657956e-07,4.0165441702281286e-07,4.0169563681178664e-07,4.017368262270319e-07,4.0177798528832434e-07,4.018191140186759e-07,4.018602124392989e-07,4.019012805702593e-07,4.0194231843659085e-07,4.0198332604527e-07,4.0202430343936095e-07,4.0206525062150346e-07,4.021061676295324e-07,4.021470544709882e-07,4.0218791118084584e-07,4.0222873777147056e-07,4.022695342637902e-07,4.023103006813781e-07,4.0235103704529244e-07,4.023917433768577e-07,4.024324196874441e-07,4.0247306601434295e-07,4.025136823725491e-07,4.025542687823222e-07,4.025948252790368e-07,4.0263535185517964e-07,4.0267584854469155e-07,4.0271631538053566e-07,4.027567523662232e-07,4.0279715952967416e-07,4.0283753689082824e-07,4.028778844696027e-07,4.0291820229290855e-07,4.02958490377701e-07,4.029987487465247e-07,4.0303897741887795e-07,4.030791764163636e-07,4.031193457780988e-07,4.0315948548939346e-07,4.0319959558738783e-07,4.03239676094165e-07,4.032797270312998e-07,4.0331974841840196e-07,4.033597402793555e-07,4.0339970262886273e-07,4.034396354918864e-07,4.0347953889106164e-07,4.035194128448863e-07,4.0355925737204424e-07,4.035990724953384e-07,4.036388582369428e-07,4.03678614616173e-07,4.0371834165910766e-07,4.0375803937322547e-07,4.03797707790443e-07,4.038373469271699e-07,4.0387695680550007e-07,4.039165374457595e-07,4.0395608886797094e-07,4.03995611094217e-07,4.0403510414457406e-07,4.040745680386619e-07,4.0411400279821055e-07,4.041534084423037e-07,4.041927849910889e-07,4.0423213248046236e-07,4.0427145090253047e-07,4.0431074029234366e-07,4.043500006696017e-07,4.043892320558802e-07,4.044284344810101e-07,4.0446760794634875e-07,4.0450675248067774e-07,4.045458681059545e-07,4.0458495484330744e-07,4.046240127217169e-07,4.046630417394378e-07,4.047020419294258e-07,4.047410133183149e-07,4.0477995591466445e-07,4.0481886974267523e-07,4.048577548244476e-07,4.0489661117748413e-07,4.049354388241285e-07,4.049742377916418e-07,4.0501300809396926e-07,4.050517497456117e-07,4.050904627715719e-07,4.051291472018491e-07,4.0516780303678473e-07,4.0520643030682517e-07,4.052450290317497e-07,4.0528359922719146e-07,4.0532214092468545e-07,4.0536065415227595e-07,4.053991388992602e-07,4.0543759519740677e-07,4.0547602308190086e-07,4.0551442255654123e-07,4.055527936463136e-07,4.0559113637277154e-07,4.0562945075534854e-07,4.056677368148086e-07,4.057059945636874e-07,4.057442240340455e-07,4.057824252404312e-07,4.0582059820408874e-07,4.0585874294541873e-07,4.058968594806596e-07,4.0593494782878244e-07,4.059730080153206e-07,4.060110400561658e-07,4.0604904397287947e-07,4.0608701978583444e-07,4.0612496751372803e-07,4.0616288717593237e-07,4.0620077879277635e-07,4.0623864238566216e-07,4.0627647797207464e-07,4.0631428557164954e-07,4.063520652049553e-07,4.063898168858231e-07,4.06427540646972e-07,4.064652364957509e-07,4.065029044705155e-07,4.065405445845733e-07,4.065781568343672e-07,4.066157412501452e-07,4.0665329786400654e-07,4.0669082668870473e-07,4.0672832774282885e-07,4.067658010496531e-07,4.0680324662398936e-07,4.0684066448720343e-07,4.0687805465791647e-07,4.0691541716997303e-07,4.0695275201772057e-07,4.069900592190619e-07,4.0702733881983074e-07,4.07064590827235e-07,4.0710181526238297e-07,4.071390121419264e-07,4.0717618148469934e-07,4.0721332332478847e-07,4.0725043765742673e-07,4.0728752450739995e-07,4.0732458390391446e-07,4.073616158630413e-07,4.0739862040899714e-07,4.074355975496917e-07,4.0747254730871604e-07,4.0750946970928914e-07,4.0754636476824894e-07,4.0758323250359637e-07,4.0762007293636574e-07,4.076568860853517e-07,4.076936719689997e-07,4.077304306066844e-07,4.077671620183574e-07,4.078038662240073e-07,4.078405432480366e-07,4.0787719309879094e-07,4.0791381579940833e-07,4.0795041136989945e-07,4.0798697982936383e-07,4.080235211959289e-07,4.080600354917969e-07,4.080965227342033e-07,4.0813298294220573e-07,4.08169416128993e-07,4.0820582232440077e-07,4.082422015322668e-07,4.082785537906685e-07,4.083148791112093e-07,4.083511775061968e-07,4.083874490051154e-07,4.0842369362147903e-07,4.084599113762434e-07,4.084961022859388e-07,4.0853226636916807e-07,4.085684036453081e-07,4.0860451413432334e-07,4.0864059785720796e-07,4.086766548312305e-07,4.087126850822399e-07,4.087486886128398e-07,4.0878466544737783e-07,4.0882061561635955e-07,4.0885653912275457e-07,4.0889243599037956e-07,4.089283062400894e-07,4.0896414989096404e-07,4.0899996696134947e-07,4.09035757469468e-07,4.0907152143852506e-07,4.091072588802792e-07,4.0914296981664664e-07,4.0917865426616444e-07,4.0921431224763767e-07,4.0924994378015567e-07,4.09285548881146e-07,4.093211275698152e-07,4.093566798656712e-07,4.093922057942695e-07,4.0942770535917825e-07,4.094631785892384e-07,4.094986254974996e-07,4.0953404610578033e-07,4.0956944043135165e-07,4.096048084932832e-07,4.096401503114218e-07,4.0967546590298055e-07,4.0971075528624835e-07,4.0974601848100495e-07,4.097812555088553e-07,4.098164663795731e-07,4.0985165111525094e-07,4.0988680973676577e-07,4.0992194226257837e-07,4.0995704870886963e-07,4.099921290987878e-07,4.10027183437045e-07,4.100622117624192e-07,4.100972140712383e-07,4.1013219039804676e-07,4.101671407576581e-07,4.102020651683655e-07,4.10236963641839e-07,4.1027183620526046e-07,4.1030668287466947e-07,4.103415036670368e-07,4.1037629860141485e-07,4.104110676981305e-07,4.104458109697518e-07,4.1048052843455254e-07,4.1051522011665356e-07,4.105498860301373e-07,4.1058452619357574e-07,4.106191406314689e-07,4.106537293565379e-07,4.1068829238183915e-07,4.107228297304388e-07,4.1075734141964616e-07,4.1079182746903777e-07,4.1082628790137245e-07,4.108607227231366e-07,4.1089513195805824e-07,4.1092951562496804e-07,4.109638737420726e-07,4.109982063270233e-07,4.110325133977264e-07,4.1106679497204226e-07,4.111010510673075e-07,4.1113528170354683e-07,4.1116948689767624e-07,4.1120366666591384e-07,4.1123782103412675e-07,4.1127195000870923e-07,4.1130605361628796e-07,4.113401318678358e-07,4.1137418478375746e-07,4.1140821238271397e-07,4.1144221468279243e-07,4.1147619170535e-07,4.1151014344917273e-07,4.115440699576831e-07,4.1157797124194907e-07,4.1161184731410385e-07,4.116456981917929e-07,4.116795238987106e-07,4.117133244478749e-07,4.1174709985456956e-07,4.117808501489776e-07,4.118145753335764e-07,4.118482754333685e-07,4.1188195046468713e-07,4.1191560044567933e-07,4.119492253958703e-07,4.119828253292561e-07,4.120164002645092e-07,4.120499502198497e-07,4.1208347521448084e-07,4.121169752643311e-07,4.121504503867093e-07,4.1218390060026524e-07,4.122173259220518e-07,4.1225072636864604e-07,4.1228410195944124e-07,4.1231745271560625e-07,4.12350778646546e-07,4.1238407977362443e-07,4.1241735611271343e-07,4.1245060768417477e-07,4.1248383450289874e-07,4.1251703658920267e-07,4.125502139574735e-07,4.1258336663019414e-07,4.1261649461558076e-07,4.126495979373232e-07,4.126826766104104e-07,4.127157306614086e-07,4.127487600941092e-07,4.127817649319126e-07,4.128147451928892e-07,4.128477008794908e-07,4.1288063203996343e-07,4.129135386745422e-07,4.129464207974723e-07,4.129792784292943e-07,4.1301211158826195e-07,4.130449202891475e-07,4.1307770455412416e-07,4.1311046439571226e-07,4.1314319983080027e-07,4.1317591088028025e-07,4.1320859755747915e-07,4.132412598806273e-07,4.1327389786937603e-07,4.1330651154148453e-07,4.133391009092262e-07,4.1337166599212996e-07,4.1340420680742796e-07,4.1343672337319033e-07,4.134692157050366e-07,4.13501683820774e-07,4.135341277380793e-07,4.1356654747343804e-07,4.135989430439367e-07,4.136313144715466e-07,4.136636617620234e-07,4.1369598494039286e-07,4.137282840280474e-07,4.1376055902848845e-07,4.1379280996390774e-07,4.13825036855597e-07,4.1385723971871293e-07,4.1388941857093606e-07,4.1392157342723636e-07,4.139537043175971e-07,4.1398581123553367e-07,4.140178942090222e-07,4.1404995325381535e-07,4.1408198838683965e-07,4.141139996276461e-07,4.141459869917315e-07,4.141779504940967e-07,4.1420989015452917e-07,4.142418059890063e-07,4.1427369801649145e-07,4.1430556624778304e-07,4.143374107034775e-07,4.143692314045674e-07,4.1440102835854516e-07,4.1443280158703823e-07,4.1446455110588575e-07,4.144962769324906e-07,4.1452797908672137e-07,4.1455965757879614e-07,4.14591312429287e-07,4.1462294365343105e-07,4.1465455126889274e-07,4.146861352920758e-07,4.1471769573944033e-07,4.1474923262787625e-07,4.147807459747276e-07,4.148122357945926e-07,4.148437021119403e-07,4.148751449312867e-07,4.1490656427126154e-07,4.1493796015519925e-07,4.1496933259738515e-07,4.1500068161172453e-07,4.1503200721563093e-07,4.1506330942700265e-07,4.150945882612931e-07,4.151258437344506e-07,4.151570758636536e-07,4.1518828465132685e-07,4.152194701439242e-07,4.1525063234197603e-07,4.152817712614521e-07,4.153128869168466e-07,4.153439793256154e-07,4.1537504850767183e-07,4.154060944820953e-07,4.154371172568225e-07,4.1546811685345044e-07,4.154990932845302e-07,4.1553004656789586e-07,4.1556097671633025e-07,4.155918837546597e-07,4.1562276769444016e-07,4.156536285525895e-07,4.156844663451131e-07,4.1571528108866984e-07,4.157460727983536e-07,4.157768414845572e-07,4.158075871768861e-07,4.158383098846792e-07,4.158690096238798e-07,4.1589968640787367e-07,4.1593034025945165e-07,4.1596097119162363e-07,4.159915792199911e-07,4.160221643609589e-07,4.160527266287775e-07,4.1608326604357867e-07,4.1611378261931666e-07,4.161442763566769e-07,4.161747473025332e-07,4.1620519546457357e-07,4.162356208433594e-07,4.162660234626829e-07,4.162964033417505e-07,4.1632676049196724e-07,4.163570949336115e-07,4.16387406680424e-07,4.1641769574923767e-07,4.1644796215439046e-07,4.1647820591417077e-07,4.1650842704331136e-07,4.1653862555140414e-07,4.165688014669491e-07,4.1659895479966435e-07,4.166290855654829e-07,4.166591937816591e-07,4.1668927946239e-07,4.1671934262333783e-07,4.1674938328103606e-07,4.167794014512749e-07,4.1680939714993724e-07,4.1683937039267797e-07,4.168693211955872e-07,4.168992495746568e-07,4.1692915554317536e-07,4.1695903912138877e-07,4.1698890032309395e-07,4.170187391641129e-07,4.17048555658298e-07,4.170783498242495e-07,4.171081216766648e-07,4.1713787123104046e-07,4.171675985032754e-07,4.1719730350888026e-07,4.17226986263643e-07,4.1725664678225587e-07,4.1728628508433904e-07,4.1731590117921384e-07,4.173454950867822e-07,4.173750668210652e-07,4.174046163998276e-07,4.174341438368798e-07,4.174636491420643e-07,4.174931323451039e-07,4.175225934526711e-07,4.1755203248109236e-07,4.1758144944569426e-07,4.1761084436026046e-07,4.176402172296596e-07,4.176695680956536e-07,4.17698896962674e-07,4.177282038509374e-07,4.177574887620424e-07,4.177867517202849e-07,4.1781599273719007e-07,4.178452118286998e-07,4.178744090039235e-07,4.179035842964949e-07,4.179327377110585e-07,4.179618692643681e-07,4.179909789684367e-07,4.1802006684501797e-07,4.1804913290443276e-07,4.1807817715814815e-07,4.1810719963169635e-07,4.1813620033504763e-07,4.181651792844616e-07,4.1819413649469925e-07,4.182230719782163e-07,4.1825198575605846e-07,4.182808778401968e-07,4.183097482459162e-07,4.1833859698986125e-07,4.183674240871555e-07,4.18396229551841e-07,4.184250134004185e-07,4.184537756457907e-07,4.1848251630546273e-07,4.185112353839876e-07,4.1853993291481735e-07,4.1856860889110037e-07,4.185972633575332e-07,4.1862589631329777e-07,4.186545077741679e-07,4.1868309775474887e-07,4.187116662567295e-07,4.1874021332196043e-07,4.187687389527069e-07,4.18797243148807e-07,4.1882572595538493e-07,4.1885418737249387e-07,4.188826274151128e-07,4.189110460997767e-07,4.189394434438562e-07,4.18967819453302e-07,4.1899617414893653e-07,4.1902450754329106e-07,4.190528196530763e-07,4.1908111049614846e-07,4.1910938008503853e-07,4.191376284235759e-07,4.191658555507082e-07,4.1919406146648375e-07,4.192222461885184e-07,4.1925040973117366e-07,4.192785520952514e-07,4.193066733145701e-07,4.193347734085124e-07,4.193628523747444e-07,4.1939091023461856e-07,4.194189470133604e-07,4.194469627168893e-07,4.1947495735989405e-07,4.195029309589234e-07,4.1953088352594825e-07,4.1955881506913067e-07,4.1958672561958193e-07,4.196146151811718e-07,4.196424837735298e-07,4.196703314119199e-07,4.1969815810598587e-07,4.1972596387217895e-07,4.19753748727454e-07,4.1978151267657074e-07,4.198092557376985e-07,4.198369779274724e-07,4.198646792841934e-07,4.1989235979673096e-07,4.199200194829051e-07,4.199476583619765e-07,4.1997527644415305e-07,4.2000287374557497e-07,4.2003045028378714e-07,4.200580060715136e-07,4.200855411223956e-07,4.201130554511301e-07,4.201405490766189e-07,4.2016802200688e-07,4.201954742589004e-07,4.202229058475861e-07,4.202503167869694e-07,4.202777070922653e-07,4.203050767781895e-07,4.203324258589085e-07,4.2035975434867004e-07,4.203870622607907e-07,4.2041434961257607e-07,4.204416164172245e-07,4.204688626871072e-07,4.204960884406963e-07,4.205232936904203e-07,4.205504784486013e-07,4.205776427338771e-07,4.206047865541541e-07,4.2063190993298373e-07,4.2065901287989584e-07,4.206860954093835e-07,4.207131575356117e-07,4.207401992731915e-07,4.2076722063459973e-07,4.207942216359965e-07,4.2082120228999036e-07,4.208481626311744e-07,4.2087510264119564e-07,4.2090202235120357e-07,4.209289217623074e-07,4.209558009080596e-07,4.209826597937492e-07,4.210094984322622e-07,4.2103631684948335e-07,4.2106311504130907e-07,4.210898930287441e-07,4.211166508317277e-07,4.2114338846521896e-07,4.211701059287701e-07,4.211968032494814e-07,4.212234804362619e-07,4.2125013750991226e-07,4.212767744767104e-07,4.213033913536974e-07,4.213299881518929e-07,4.2135656489521804e-07,4.2138312159191395e-07,4.2140965825547296e-07,4.214361749001715e-07,4.2146267154079736e-07,4.2148914819018397e-07,4.2151560486382857e-07,4.2154204157568673e-07,4.215684583390119e-07,4.2159485517458147e-07,4.216212320825926e-07,4.2164758908491056e-07,4.2167392619621824e-07,4.217002434265555e-07,4.217265407943825e-07,4.2175281831639855e-07,4.2177907600046157e-07,4.218053138606496e-07,4.218315319151481e-07,4.2185773017519745e-07,4.2188390865402247e-07,4.2191006736207744e-07,4.2193620632290376e-07,4.219623255343091e-07,4.2198842503243325e-07,4.2201450481208176e-07,4.220405649019095e-07,4.2206660530968026e-07,4.2209262604824905e-07,4.221186271306929e-07,4.2214460856624733e-07,4.2217057037860687e-07,4.2219651257910484e-07,4.22222435189279e-07,4.2224833820312937e-07,4.2227422164790365e-07,4.223000855194833e-07,4.223259298524217e-07,4.223517546604296e-07,4.2237755994893163e-07,4.2240334573678275e-07,4.224291120288904e-07,4.224548588502981e-07,4.224805862094237e-07,4.225062941164029e-07,4.225319825926289e-07,4.22557651644648e-07,4.2258330128810997e-07,4.22608931540088e-07,4.226345424056328e-07,4.226601339113047e-07,4.22685706066819e-07,4.2271125887952186e-07,4.2273679236023554e-07,4.2276230653579186e-07,4.227878014113339e-07,4.2281327700634755e-07,4.2283873332540364e-07,4.228641703881775e-07,4.228895882063909e-07,4.229149867937591e-07,4.229403661651745e-07,4.2296572633116907e-07,4.2299106730400823e-07,4.230163891023675e-07,4.230416917399887e-07,4.2306697523098395e-07,4.2309223957984184e-07,4.2311748481197295e-07,4.2314271093131034e-07,4.231679179491189e-07,4.231931058903184e-07,4.232182747638305e-07,4.2324342457244673e-07,4.2326855534682855e-07,4.2329366708494204e-07,4.2331875982069303e-07,4.233438335543779e-07,4.233688882954273e-07,4.233939240599351e-07,4.2341894086262633e-07,4.2344393871733085e-07,4.2346891764547104e-07,4.2349387765023503e-07,4.2351881873919144e-07,4.235437409363951e-07,4.235686442487598e-07,4.2359352869356824e-07,4.236183942821189e-07,4.236432410282082e-07,4.236680689465275e-07,4.2369287804848085e-07,4.2371766834817776e-07,4.237424398649546e-07,4.2376719259970633e-07,4.23791926572374e-07,4.2381664179519536e-07,4.238413382818572e-07,4.238660160445581e-07,4.2389067509887895e-07,4.239153154570119e-07,4.239399371296039e-07,4.2396454013494775e-07,4.239891244744314e-07,4.2401369018059805e-07,4.2403823725271364e-07,4.2406276570947064e-07,4.240872755585326e-07,4.2411176681430026e-07,4.2413623949361713e-07,4.241606936026012e-07,4.241851291665679e-07,4.24209546182567e-07,4.242339446811373e-07,4.2425832466284084e-07,4.242826861448059e-07,4.243070291321581e-07,4.24331353655254e-07,4.2435565971265186e-07,4.243799473261258e-07,4.24404216502593e-07,4.244284672556727e-07,4.2445269959442106e-07,4.2447691353606796e-07,4.245011090989667e-07,4.245252862929053e-07,4.2454944512911866e-07,4.2457358562719113e-07,4.245977077899436e-07,4.246218116311728e-07,4.246458971700291e-07,4.246699644128634e-07,4.2469401337453385e-07,4.247180440688505e-07,4.2474205650948256e-07,4.2476605070763645e-07,4.2479002668015144e-07,4.2481398444111703e-07,4.2483792399921445e-07,4.248618453629602e-07,4.248857485455442e-07,4.249096335634203e-07,4.249335004236209e-07,4.2495734915193953e-07,4.249811797521867e-07,4.250049922367583e-07,4.250287866225469e-07,4.250525629313868e-07,4.250763211502377e-07,4.2510006131386025e-07,4.2512378342560017e-07,4.2514748749686615e-07,4.2517117354538234e-07,4.251948415783652e-07,4.252184916153406e-07,4.2524212365930746e-07,4.252657377392436e-07,4.2528933385339865e-07,4.2531291202170105e-07,4.2533647225102905e-07,4.2536001455663187e-07,4.253835389519762e-07,4.254070454511043e-07,4.254305340620975e-07,4.254540047984337e-07,4.2547745767828335e-07,4.255008927076957e-07,4.2552430990442846e-07,4.25547709279125e-07,4.255710908428871e-07,4.255944546060637e-07,4.256178005833534e-07,4.2564112878412805e-07,4.2566443923673043e-07,4.2568773193353965e-07,4.2571100689301245e-07,4.2573426413168255e-07,4.2575750366084406e-07,4.2578072549213845e-07,4.2580392963982685e-07,4.258271161104866e-07,4.2585028492248367e-07,4.2587343608593966e-07,4.2589656961474307e-07,4.2591968552026067e-07,4.259427838141969e-07,4.259658645091416e-07,4.2598892762081405e-07,4.2601197315498146e-07,4.260350011292908e-07,4.2605801155395137e-07,4.2608100444673174e-07,4.261039798100552e-07,4.261269376647879e-07,4.2614987801640943e-07,4.26172800880847e-07,4.261957062702868e-07,4.2621859420020793e-07,4.2624146467944123e-07,4.2626431771932864e-07,4.262871533380316e-07,4.2630997153673864e-07,4.263327723340629e-07,4.2635555574013155e-07,4.263783217720199e-07,4.2640107043672926e-07,4.264238017471092e-07,4.2644651571892384e-07,4.2646921236843284e-07,4.2649189169343166e-07,4.265145537203044e-07,4.26537198452908e-07,4.2655982589801594e-07,4.2658243608306576e-07,4.2660502901288893e-07,4.2662760470237766e-07,4.2665016315927643e-07,4.2667270439600655e-07,4.266952284270674e-07,4.267177352628193e-07,4.2674022491458386e-07,4.2676269739623543e-07,4.26785152721476e-07,4.268075909008681e-07,4.2683001194438335e-07,4.2685241586883495e-07,4.2687480268251476e-07,4.268971723958339e-07,4.26919525023037e-07,4.269418605780166e-07,4.2696417905883043e-07,4.269864804986003e-07,4.270087649031148e-07,4.270310322771508e-07,4.270532826419145e-07,4.270755160041367e-07,4.270977323781322e-07,4.27119931767331e-07,4.271421141916947e-07,4.2716427966522503e-07,4.271864281920639e-07,4.272085597890388e-07,4.272306744671683e-07,4.2725277224270884e-07,4.272748531189821e-07,4.2729691711199635e-07,4.2731896423518515e-07,4.2734099449752817e-07,4.2736300791260244e-07,4.2738500449274326e-07,4.2740698424888094e-07,4.2742894719171035e-07,4.2745089334038076e-07,4.274728226949802e-07,4.274947352739355e-07,4.275166310903472e-07,4.275385101513633e-07,4.275603724736866e-07,4.275822180718411e-07,4.276040469452285e-07,4.276258591059478e-07,4.27647654578879e-07,4.276694333680182e-07,4.2769119549392443e-07,4.277129409570265e-07,4.2773466977038507e-07,4.2775638194811856e-07,4.277780775020509e-07,4.2779975644224016e-07,4.2782141878373104e-07,4.2784306453630394e-07,4.278646937126663e-07,4.2788630632470695e-07,4.279079023811674e-07,4.279294818969327e-07,4.279510448801311e-07,4.279725913442769e-07,4.2799412130107937e-07,4.2801563475964496e-07,4.280371317368324e-07,4.2805861224162015e-07,4.28080076285035e-07,4.281015238812561e-07,4.2812295503445595e-07,4.281443697674887e-07,4.281657680803115e-07,4.2818714998237045e-07,4.2820851550192664e-07,4.2822986464117244e-07,4.282511974120633e-07,4.282725138250615e-07,4.2829381389438065e-07,4.283150976333564e-07,4.283363650444447e-07,4.28357616144258e-07,4.283788509449991e-07,4.284000694565099e-07,4.2842127169060605e-07,4.284424576597971e-07,4.284636273761111e-07,4.2848478084779894e-07,4.285059180928711e-07,4.2852703911487545e-07,4.285481439273352e-07,4.2856923254551743e-07,4.2859030497437455e-07,4.2861136123193523e-07,4.286324013300766e-07,4.286534252701333e-07,4.2867443306710695e-07,4.2869542474191615e-07,4.287164003007834e-07,4.287373597506676e-07,4.2875830310578263e-07,4.2877923037525155e-07,4.2880014157448216e-07,4.28821036712043e-07,4.288419157963806e-07,4.2886277884713386e-07,4.288836258707142e-07,4.2890445688082644e-07,4.289252718843652e-07,4.289460708937894e-07,4.2896685392241213e-07,4.289876209716288e-07,4.290083720684342e-07,4.2902910721725957e-07,4.290498264285532e-07,4.290705297136439e-07,4.2909121708518754e-07,4.2911188855201304e-07,4.2913254412916834e-07,4.291531838218754e-07,4.2917380764478167e-07,4.291944156081896e-07,4.2921500772561953e-07,4.292355840028516e-07,4.292561444622825e-07,4.292766891012723e-07,4.292972179327198e-07,4.293177309786945e-07,4.2933822824053616e-07,4.2935870973290924e-07,4.2937917546636657e-07,4.2939962545079113e-07,4.294200596997244e-07,4.2944047822533125e-07,4.294608810325256e-07,4.294812681347972e-07,4.295016395464915e-07,4.29521995276016e-07,4.295423353324058e-07,4.295626597320967e-07,4.295829684837614e-07,4.2960326159719863e-07,4.2962353908407774e-07,4.296438009555815e-07,4.296640472259672e-07,4.296842778992761e-07,4.297044929892067e-07,4.297246925067569e-07,4.2974487646344867e-07,4.297650448716908e-07,4.297851977399883e-07,4.2980533507912053e-07,4.298254569018509e-07,4.2984556321971145e-07,4.298656540404688e-07,4.29885729377276e-07,4.299057892393736e-07,4.299258336322006e-07,4.2994586258453334e-07,4.2996587608834744e-07,4.2998587416291055e-07,4.3000585682150615e-07,4.300258240704552e-07,4.3004577592076435e-07,4.3006571238179724e-07,4.3008563346656856e-07,4.301055391889062e-07,4.3012542955698704e-07,4.301453045820353e-07,4.301651642689341e-07,4.3018500863778993e-07,4.302048376928807e-07,4.3022465144961783e-07,4.302444499164765e-07,4.302642331042736e-07,4.3028400102366824e-07,4.3030375368530714e-07,4.3032349109962835e-07,4.303432132779726e-07,4.303629202303994e-07,4.303826119671551e-07,4.3040228850035145e-07,4.3042194984089745e-07,4.3044159599869324e-07,4.3046122698349753e-07,4.3048084280697947e-07,4.305004434789816e-07,4.305200290107659e-07,4.305395994128375e-07,4.305591546960803e-07,4.305786948723997e-07,4.305982199493941e-07,4.3061772993815256e-07,4.3063722485452023e-07,4.3065670470391686e-07,4.306761694989103e-07,4.306956192458197e-07,4.3071505395843513e-07,4.307344736471849e-07,4.307538783257507e-07,4.307732679986736e-07,4.3079264268332743e-07,4.3081200238247946e-07,4.3083134710863496e-07,4.3085067687728175e-07,4.3086999169725684e-07,4.30889291575222e-07,4.309085765238097e-07,4.309278465542374e-07,4.3094710167357653e-07,4.3096634189912454e-07,4.3098556723573026e-07,4.3100477769629645e-07,4.310239732913817e-07,4.310431540379741e-07,4.310623199318558e-07,4.3108147098935344e-07,4.3110060722688537e-07,4.311197286473022e-07,4.311388352639166e-07,4.311579270887386e-07,4.3117700412553903e-07,4.3119606639324306e-07,4.312151138972829e-07,4.312341466552411e-07,4.312531646662722e-07,4.3127216794591636e-07,4.3129115650503784e-07,4.3131013035328724e-07,4.313290895043267e-07,4.313480339604802e-07,4.3136696373899466e-07,4.313858788504641e-07,4.314047793020973e-07,4.314236651039796e-07,4.3144253626952667e-07,4.314613928054766e-07,4.314802347218392e-07,4.3149906202903375e-07,4.3151787474064853e-07,4.315366728658523e-07,4.315554564145689e-07,4.315742253982467e-07,4.3159297982457596e-07,4.316117197041218e-07,4.316304450490029e-07,4.316491558669724e-07,4.3166785217413826e-07,4.316865339714825e-07,4.3170520127764755e-07,4.3172385408018084e-07,4.317424924223912e-07,4.3176111630336196e-07,4.3177972572499496e-07,4.3179832070369314e-07,4.3181690125076394e-07,4.3183546737111007e-07,4.318540190699891e-07,4.318725563726075e-07,4.318910792814132e-07,4.319095878072437e-07,4.319280819592889e-07,4.3194656174858243e-07,4.3196502718640785e-07,4.3198347827795884e-07,4.3200191503751023e-07,4.320203374741365e-07,4.320387455960514e-07,4.320571394144053e-07,4.320755189406502e-07,4.320938841912143e-07,4.3211223515602683e-07,4.321305718630796e-07,4.321488943177428e-07,4.3216720252263833e-07,4.3218549650224705e-07,4.322037762578893e-07,4.3222204180153117e-07,4.3224029313479043e-07,4.3225853027965443e-07,4.3227675324308065e-07,4.32294962034337e-07,4.32313156661524e-07,4.3233133713665086e-07,4.32349503467392e-07,4.323676556649433e-07,4.323857937388718e-07,4.3240391770311734e-07,4.324220275618932e-07,4.3244012332093236e-07,4.324582050080678e-07,4.324762726142234e-07,4.324943261516547e-07,4.3251236562361605e-07,4.325303910642064e-07,4.3254840247550743e-07,4.3256639986448455e-07,4.325843832364209e-07,4.326023526021884e-07,4.326203079707721e-07,4.3263824935365816e-07,4.3265617676127966e-07,4.3267409020323797e-07,4.3269198968891154e-07,4.3270987522783125e-07,4.3272774683102076e-07,4.3274560450575585e-07,4.327634482654911e-07,4.3278127811480247e-07,4.327990940705423e-07,4.328168961398649e-07,4.3283468432687207e-07,4.328524586580816e-07,4.3287021912700405e-07,4.328879657417635e-07,4.32905698518492e-07,4.3292341746767944e-07,4.3294112259754633e-07,4.3295881392082526e-07,4.329764914383462e-07,4.329941551614258e-07,4.330118051078468e-07,4.330294412834631e-07,4.330470636993015e-07,4.3306467236113816e-07,4.330822672847416e-07,4.330998484763323e-07,4.3311741594135356e-07,4.3313496969062523e-07,4.33152509738716e-07,4.3317003609940957e-07,4.3318754876998697e-07,4.332050477657944e-07,4.332225330954297e-07,4.3324000476930046e-07,4.332574628004817e-07,4.332749071810784e-07,4.3329233794219667e-07,4.33309755090056e-07,4.333271586316475e-07,4.333445485743399e-07,4.333619249279373e-07,4.3337928770089524e-07,4.3339663690583834e-07,4.334139725514668e-07,4.3343129465093616e-07,4.334486032072233e-07,4.334658982322116e-07,4.3348317973163734e-07,4.3350044772175216e-07,4.3351770220521804e-07,4.335349431965823e-07,4.335521707054861e-07,4.3356938474126233e-07,4.3358658531222704e-07,4.336037724249714e-07,4.33620946089245e-07,4.336381063140151e-07,4.336552531101152e-07,4.3367238649138485e-07,4.336895064577e-07,4.3370661302819824e-07,4.337237062159857e-07,4.337407860198608e-07,4.337578524530508e-07,4.3377490552001307e-07,4.3379194523700483e-07,4.3380897160939057e-07,4.3382598465009456e-07,4.3384298436651327e-07,4.338599707674836e-07,4.338769438643658e-07,4.338939036640901e-07,4.3391085017660564e-07,4.3392778341144835e-07,4.339447033843749e-07,4.339616100949841e-07,4.339785035548918e-07,4.339953837726435e-07,4.3401225076586465e-07,4.3402910453007174e-07,4.340459450815369e-07,4.340627724320547e-07,4.340795865862504e-07,4.3409638755736025e-07,4.3411317534823953e-07,4.3412994997513843e-07,4.3414671145023823e-07,4.3416345977221163e-07,4.3418019495594794e-07,4.341969170114229e-07,4.342136259497388e-07,4.342303217755844e-07,4.3424700449621376e-07,4.342636741246014e-07,4.342803306705795e-07,4.342969741411526e-07,4.343136045463541e-07,4.34330221897308e-07,4.3434682619630417e-07,4.343634174606728e-07,4.343799956968248e-07,4.3439656091539606e-07,4.3441311312687717e-07,4.344296523329328e-07,4.344461785474091e-07,4.3446269178462124e-07,4.344791920464991e-07,4.344956793386075e-07,4.3451215367445726e-07,4.345286150711801e-07,4.345450635247108e-07,4.3456149905537486e-07,4.345779216598914e-07,4.345943313535881e-07,4.3461072814821567e-07,4.346271120500613e-07,4.34643483064572e-07,4.346598412094243e-07,4.34676186485731e-07,4.3469251890785305e-07,4.3470883848264835e-07,4.3472514522165586e-07,4.3474143913164646e-07,4.347577202194677e-07,4.347739884954682e-07,4.3479024396525717e-07,4.3480648664766053e-07,4.3482271654510697e-07,4.3483893366714797e-07,4.348551380284369e-07,4.3487132962643394e-07,4.34887508473249e-07,4.349036745818384e-07,4.3491982796505755e-07,4.3493596862701136e-07,4.3495209657312604e-07,4.3496821181556494e-07,4.3498431435616896e-07,4.3500040421539116e-07,4.350164814016229e-07,4.350325459207243e-07,4.3504859777736567e-07,4.3506463698533804e-07,4.3508066355262846e-07,4.350966774846865e-07,4.351126787941407e-07,4.3512866748900545e-07,4.351446435765106e-07,4.351606070666306e-07,4.3517655796855254e-07,4.35192496290167e-07,4.3520842204255794e-07,4.352243352340125e-07,4.352402358677444e-07,4.352561239597522e-07,4.352719995156435e-07,4.352878625447678e-07,4.3530371305778597e-07,4.3531955105956116e-07,4.353353765604026e-07,4.3535118956998034e-07,4.353669900962554e-07,4.3538277814857063e-07,4.353985537406595e-07,4.354143168704973e-07,4.35430067552357e-07,4.354458057974196e-07,4.354615316133592e-07,4.3547724499926985e-07,4.354929459777121e-07,4.3550863455014227e-07,4.3552431072629056e-07,4.355399745164343e-07,4.3555562592702454e-07,4.35571264968337e-07,4.3558689164822303e-07,4.356025059757363e-07,4.356181079595558e-07,4.3563369760827475e-07,4.3564927493225386e-07,4.356648399368201e-07,4.356803926295372e-07,4.356959330246341e-07,4.357114611302227e-07,4.3572697695009074e-07,4.3574248049245464e-07,4.3575797177082267e-07,4.3577345079167697e-07,4.357889175635833e-07,4.358043720954795e-07,4.35819814396989e-07,4.3583524447373666e-07,4.3585066233361874e-07,4.3586606798898505e-07,4.3588146144855325e-07,4.3589684272357743e-07,4.359122118126876e-07,4.3592756873440343e-07,4.359429134878483e-07,4.359582460909415e-07,4.3597356654419434e-07,4.3598887485862377e-07,4.360041710433952e-07,4.360194551049859e-07,4.3603472705667854e-07,4.360499869021098e-07,4.360652346544154e-07,4.360804703242971e-07,4.360956939113068e-07,4.361109054289512e-07,4.361261048846102e-07,4.361412922870726e-07,4.361564676447308e-07,4.3617163096444045e-07,4.3618678226417525e-07,4.362019215384305e-07,4.3621704880102843e-07,4.3623216406757856e-07,4.362472673349823e-07,4.362623586146856e-07,4.362774379183039e-07,4.3629250525327225e-07,4.363075606276004e-07,4.3632260404891435e-07,4.3633763552909987e-07,4.363526550698228e-07,4.363676626911223e-07,4.3638265838878696e-07,4.3639764217549584e-07,4.364126140615155e-07,4.364275740621076e-07,4.364425221684841e-07,4.3645745839733667e-07,4.364723827575135e-07,4.364872952572713e-07,4.365021959059237e-07,4.36517084709718e-07,4.3653196167844896e-07,4.3654682681963546e-07,4.365616801437439e-07,4.365765216538637e-07,4.3659135136298416e-07,4.3660616927791645e-07,4.366209754071914e-07,4.3663576975843576e-07,4.366505523424639e-07,4.366653231636216e-07,4.3668008223234886e-07,4.3669482955642364e-07,4.3670956514760243e-07,4.367242890071489e-07,4.3673900115226514e-07,4.367537015800944e-07,4.3676839030493165e-07,4.367830673335607e-07,4.3679773267568985e-07,4.368123863381516e-07,4.3682702832984426e-07,4.3684165866025887e-07,4.368562773347699e-07,4.368708843638923e-07,4.3688547975599305e-07,4.369000635176158e-07,4.369146356567991e-07,4.369291961824121e-07,4.369437451009475e-07,4.3695828242242156e-07,4.369728081545825e-07,4.369873223069524e-07,4.3700182488395623e-07,4.3701631589678624e-07,4.3703079535278913e-07,4.3704526326097904e-07,4.3705971962778054e-07,4.3707416446201306e-07,4.370885977713082e-07,4.37103019564096e-07,4.371174298473363e-07,4.371318286316274e-07,4.3714621592327936e-07,4.371605917312134e-07,4.3717495606260227e-07,4.371893089254501e-07,4.3720365032875003e-07,4.3721798027847306e-07,4.372322987837341e-07,4.3724660585826804e-07,4.372609015014561e-07,4.3727518573000175e-07,4.37289458540601e-07,4.373037199486729e-07,4.373179699585983e-07,4.373322085805924e-07,4.3734643582245414e-07,4.3736065169328527e-07,4.373748562029157e-07,4.3738904935183315e-07,4.3740323115237456e-07,4.374174016128681e-07,4.3743156073895436e-07,4.374457085421631e-07,4.3745984502926406e-07,4.37473970208342e-07,4.3748808408485546e-07,4.3750218666940716e-07,4.3751627796896494e-07,4.375303579913416e-07,4.3754442674650554e-07,4.3755848423879946e-07,4.375725304821464e-07,4.3758656547582083e-07,4.376005892318545e-07,4.3761460175762573e-07,4.376286030634728e-07,4.376425931535124e-07,4.3765657203718816e-07,4.376705397232736e-07,4.376844962186602e-07,4.3769844153090555e-07,4.3771237566858593e-07,4.3772629863900214e-07,4.377402104507073e-07,4.377541111102823e-07,4.3776800062635067e-07,4.377818790075853e-07,4.3779574626002227e-07,4.378096023925316e-07,4.3782344741434337e-07,4.3783728133446196e-07,4.3785110415117225e-07,4.378649158806504e-07,4.3787871652862945e-07,4.3789250610303637e-07,4.379062846116659e-07,4.3792005206213714e-07,4.379338084656959e-07,4.3794755382313173e-07,4.3796128814581593e-07,4.3797501144124097e-07,4.3798872371763484e-07,4.3800242498205845e-07,4.380161152420104e-07,4.3802979450732144e-07,4.3804346278327745e-07,4.380571200783336e-07,4.3807076639977597e-07,4.380844017572333e-07,4.3809802615555757e-07,4.381116396030133e-07,4.3812524210841314e-07,4.381388336789318e-07,4.3815241432203585e-07,4.381659840470476e-07,4.3817954285845455e-07,4.3819309076583025e-07,4.382066277767204e-07,4.382201539044648e-07,4.382336691448462e-07,4.3824717351206626e-07,4.3826066701293567e-07,4.382741496519347e-07,4.382876214423805e-07,4.3830108238768185e-07,4.383145324977353e-07,4.3832797178347703e-07,4.383414002486438e-07,4.383548178972357e-07,4.3836822474068906e-07,4.383816207867094e-07,4.383950060426482e-07,4.384083805151907e-07,4.384217442131308e-07,4.3843509714194737e-07,4.3844843931077646e-07,4.384617707268812e-07,4.3847509140080273e-07,4.3848840133411535e-07,4.385017005374093e-07,4.3851498901792604e-07,4.385282667831328e-07,4.385415338410436e-07,4.3855479020072296e-07,4.3856803586715946e-07,4.3858127084676545e-07,4.3859449515061756e-07,4.386077087842903e-07,4.38620911753224e-07,4.386341040696966e-07,4.3864728573549975e-07,4.386604567593242e-07,4.3867361715211784e-07,4.386867669190445e-07,4.386999060681281e-07,4.3871303460627075e-07,4.3872615254069853e-07,4.387392598789579e-07,4.3875235663162697e-07,4.3876544280160523e-07,4.3877851839769556e-07,4.387915834276541e-07,4.3880463789447693e-07,4.38817681815907e-07,4.388307151921174e-07,4.388437380362713e-07,4.3885675034706616e-07,4.3886975213471346e-07,4.388827434081574e-07,4.3889572418133005e-07,4.3890869444882283e-07,4.389216542223791e-07,4.3893460351242274e-07,4.389475423241959e-07,4.3896047066339183e-07,4.3897338854045856e-07,4.389862959615075e-07,4.3899919293430093e-07,4.3901207946550695e-07,4.390249555633227e-07,4.3903782123547016e-07,4.390506764884023e-07,4.390635213288457e-07,4.390763557631434e-07,4.390891798002521e-07,4.391019934478123e-07,4.3911479671163637e-07,4.3912758960100797e-07,4.3914037212093224e-07,4.3915314428003384e-07,4.3916590608459255e-07,4.3917865754252174e-07,4.391913986593229e-07,4.392041294466807e-07,4.392168499080783e-07,4.392295600514853e-07,4.3924225988223256e-07,4.392549494138104e-07,4.39267628647234e-07,4.39280297593339e-07,4.3929295625671243e-07,4.393056046437232e-07,4.3931824276350467e-07,4.3933087062535117e-07,4.393434882329515e-07,4.393560955949324e-07,4.393686927201169e-07,4.393812796111197e-07,4.39393856277795e-07,4.394064227278853e-07,4.3941897896932603e-07,4.3943152500649953e-07,4.394440608480356e-07,4.3945658649942804e-07,4.394691019705689e-07,4.394816072673477e-07,4.394941023966543e-07,4.395065873658715e-07,4.3951906218103275e-07,4.3953152685164684e-07,4.395439813830106e-07,4.395564257809238e-07,4.395688600528907e-07,4.3958128421180755e-07,4.39593698257498e-07,4.3960610220010846e-07,4.3961849604689525e-07,4.39630879803792e-07,4.3964325347931337e-07,4.3965561707775137e-07,4.3966797060982684e-07,4.3968031407915433e-07,4.3969264749431467e-07,4.397049708633043e-07,4.3971728419316514e-07,4.397295874908729e-07,4.397418807601658e-07,4.397541640092618e-07,4.3976643724824124e-07,4.3977870048258207e-07,4.3979095372013604e-07,4.3980319696384446e-07,4.3981543022537924e-07,4.398276535104815e-07,4.3983986682416617e-07,4.398520701747387e-07,4.398642635686333e-07,4.398764470133904e-07,4.398886205177473e-07,4.3990078408565954e-07,4.399129377255309e-07,4.399250814434896e-07,4.399372152485099e-07,4.399493391431743e-07,4.399614531405644e-07,4.3997355724405897e-07,4.399856514581056e-07,4.3999773579416074e-07,4.40009810256304e-07,4.40021874852722e-07,4.4003392958966804e-07,4.4004597447435823e-07,4.400580095136921e-07,4.4007003471520753e-07,4.400820500854387e-07,4.4009405563148414e-07,4.401060513585806e-07,4.4011803727425246e-07,4.4013001338578693e-07,4.4014197970004774e-07,4.401539362245699e-07,4.401658829647309e-07,4.401778199261248e-07,4.401897471196954e-07,4.4020166455020495e-07,4.4021357222441824e-07,4.4022547014858874e-07,4.4023735833057237e-07,4.4024923677800296e-07,4.402611054968771e-07,4.4027296449236513e-07,4.402848137724994e-07,4.4029665334454047e-07,4.4030848321308327e-07,4.403203033881954e-07,4.403321138740838e-07,4.4034391467845284e-07,4.403557058086227e-07,4.403674872712388e-07,4.403792590732599e-07,4.4039102122213274e-07,4.4040277372276014e-07,4.4041451657875573e-07,4.4042624980096805e-07,4.404379733965388e-07,4.404496873713496e-07,4.4046139173347143e-07,4.4047308648735867e-07,4.404847716407046e-07,4.404964472002791e-07,4.405081131726217e-07,4.405197695698224e-07,4.405314163874311e-07,4.405430536380574e-07,4.405546813278552e-07,4.4056629946445453e-07,4.4057790805554744e-07,4.405895071035023e-07,4.4060109661802903e-07,4.40612676606795e-07,4.406242470738479e-07,4.406358080276514e-07,4.4064735947349446e-07,4.4065890141944364e-07,4.406704338714687e-07,4.4068195683592713e-07,4.406934703176555e-07,4.407049743288787e-07,4.4071646887314363e-07,4.407279539545541e-07,4.4073942958436153e-07,4.40750895765155e-07,4.4076235250471273e-07,4.4077379981062976e-07,4.407852376894469e-07,4.407966661464985e-07,4.408080851898491e-07,4.4081949482494653e-07,4.4083089505882535e-07,4.408422858973755e-07,4.408536673483523e-07,4.4086503941496335e-07,4.408764021089131e-07,4.4088775543632105e-07,4.4089909939932616e-07,4.4091043400768056e-07,4.4092175926802916e-07,4.40933075185109e-07,4.4094438176548595e-07,4.40955679016382e-07,4.409669669452209e-07,4.409782455570796e-07,4.4098951485954174e-07,4.4100077485831007e-07,4.410120255600881e-07,4.410232669710591e-07,4.4103449909908595e-07,4.4104572194788237e-07,4.410569355273791e-07,4.410681398451693e-07,4.4107933490285644e-07,4.4109052070753104e-07,4.411016972704327e-07,4.4111286459310133e-07,4.4112402268344145e-07,4.411351715483007e-07,4.411463111940176e-07,4.41157441627254e-07,4.411685628539992e-07,4.411796748808255e-07,4.4119077771431306e-07,4.412018713607825e-07,4.412129558266555e-07,4.412240311183797e-07,4.412350972412443e-07,4.4124615420389606e-07,4.412572020111591e-07,4.41268240670315e-07,4.412792701872145e-07,4.4129029056843597e-07,4.4130130182772835e-07,4.4131230395655e-07,4.4132329697033694e-07,4.413342808722318e-07,4.4134525567145e-07,4.413562213735708e-07,4.413671779829977e-07,4.4137812550743306e-07,4.413890639518366e-07,4.413999933255619e-07,4.414109136335307e-07,4.4142182488201725e-07,4.41432727077254e-07,4.414436202258693e-07,4.4145450433386514e-07,4.4146537940790043e-07,4.414762454537796e-07,4.4148710247858536e-07,4.414979504876778e-07,4.4150878948783e-07,4.4151961948494457e-07,4.415304404859989e-07,4.4154125249686874e-07,4.4155205552322604e-07,4.415628495725082e-07,4.4157363465130725e-07,4.4158441076446865e-07,4.415951779181795e-07,4.4160593612010363e-07,4.4161668537560183e-07,4.416274256911928e-07,4.4163815707304274e-07,4.416488795274154e-07,4.416595930583691e-07,4.4167029767632185e-07,4.4168099338541775e-07,4.4169168019403776e-07,4.417023581022813e-07,4.4171302712162114e-07,4.417236872576279e-07,4.4173433851589684e-07,4.417449809026039e-07,4.417556144236403e-07,4.4176623908581204e-07,4.4177685489521366e-07,4.4178746185816e-07,4.417980599806288e-07,4.4180864926802296e-07,4.4181922972731445e-07,4.4182980136463127e-07,4.418403641855795e-07,4.418509181972103e-07,4.418614634047276e-07,4.418719998142918e-07,4.4188252743262885e-07,4.418930462668765e-07,4.419035563209632e-07,4.419140576027277e-07,4.4192455011731164e-07,4.419350338712469e-07,4.4194550887056164e-07,4.419559751200619e-07,4.4196643262853265e-07,4.4197688140093294e-07,4.419873214444308e-07,4.4199775276242654e-07,4.420081753623145e-07,4.4201858924671767e-07,4.4202899442907984e-07,4.420393909118595e-07,4.420497787008816e-07,4.420601578014379e-07,4.420705282222576e-07,4.4208088996666766e-07,4.420912430408272e-07,4.421015874526056e-07,4.4211192320711906e-07,4.421222503103599e-07,4.4213256876827196e-07,4.4214287858719254e-07,4.4215317977316687e-07,4.4216347233204203e-07,4.42173756269434e-07,4.421840315918701e-07,4.4219429830419917e-07,4.4220455641426326e-07,4.422148059275823e-07,4.422250468452043e-07,4.422352791828397e-07,4.4224550294044535e-07,4.4225571812566085e-07,4.422659247441618e-07,4.42276122801277e-07,4.4228631230295514e-07,4.4229649325628996e-07,4.423066656671311e-07,4.42316829539928e-07,4.4232698488122733e-07,4.4233713169758e-07,4.4234726999434964e-07,4.4235739978066144e-07,4.423675210583009e-07,4.4237763383267676e-07,4.4238773811142346e-07,4.4239783389942725e-07,4.4240792120508804e-07,4.424180000328096e-07,4.4242807039182803e-07,4.42438132281489e-07,4.4244818571225283e-07,4.4245823068816286e-07,4.4246826721564207e-07,4.4247829530063585e-07,4.4248831494933e-07,4.4249832616828264e-07,4.425083289617373e-07,4.4251832333887154e-07,4.425283093005395e-07,4.4253828685518693e-07,4.4254825600585424e-07,4.4255821676369867e-07,4.4256816913233185e-07,4.42578113115546e-07,4.425880487234947e-07,4.425979759589365e-07,4.426078948284695e-07,4.426178053381851e-07,4.42627707493554e-07,4.4263760129994636e-07,4.426474867647777e-07,4.4265736389167834e-07,4.426672326874641e-07,4.426770931576547e-07,4.42686945308767e-07,4.426967891462206e-07,4.4270662467615173e-07,4.4271645190386274e-07,4.4272627083421275e-07,4.4273608147400057e-07,4.427458838303128e-07,4.427556779089801e-07,4.427654637133648e-07,4.4277524125057616e-07,4.4278501052752446e-07,4.4279477154726524e-07,4.4280452431680654e-07,4.428142688420696e-07,4.4282400512790866e-07,4.428337331819868e-07,4.428434530089983e-07,4.428531646155223e-07,4.428628680060324e-07,4.428725631866526e-07,4.4288225016286756e-07,4.4289192894072524e-07,4.429015995261365e-07,4.4291126192511515e-07,4.429209161423055e-07,4.4293056218391736e-07,4.4294020005182513e-07,4.4294982975952824e-07,4.4295945130785075e-07,4.4296906470418565e-07,4.4297866995384365e-07,4.429882670604571e-07,4.4299785603355546e-07,4.430074368780013e-07,4.4301700959664377e-07,4.43026574196452e-07,4.4303613068264436e-07,4.430456790624166e-07,4.4305521933927605e-07,4.4306475152016915e-07,4.430742756106287e-07,4.4308379161790726e-07,4.430932995471643e-07,4.4310279940167867e-07,4.4311229118787334e-07,4.431217749123771e-07,4.4313125058039746e-07,4.431407181953985e-07,4.4315017776706335e-07,4.4315962929956155e-07,4.4316907279778734e-07,4.431785082674781e-07,4.4318793571468306e-07,4.4319735514449385e-07,4.432067665667599e-07,4.4321616997823374e-07,4.4322556539181e-07,4.432349528082118e-07,4.432443322356518e-07,4.43253703678758e-07,4.432630671438844e-07,4.432724226363917e-07,4.432817701653812e-07,4.432911097298612e-07,4.433004413380068e-07,4.4330976499598386e-07,4.4331908071068746e-07,4.4332838848498043e-07,4.4333768832344057e-07,4.433469802349497e-07,4.43356264223498e-07,4.4336554029666477e-07,4.4337480845652636e-07,4.433840687110744e-07,4.433933210647203e-07,4.4340256552292405e-07,4.4341180209282353e-07,4.434210307778668e-07,4.4343025158364054e-07,4.434394645164487e-07,4.4344866958172535e-07,4.4345786678207803e-07,4.434670561286785e-07,4.4347623762468696e-07,4.4348541127354314e-07,4.4349457708322733e-07,4.4350373505637424e-07,4.435128852007014e-07,4.4352202752250396e-07,4.4353116202597176e-07,4.435402887164586e-07,4.4354940759938004e-07,4.4355851868167005e-07,4.435676219664273e-07,4.435767174599065e-07,4.435858051678698e-07,4.43594885097141e-07,4.436039572500312e-07,4.4361302163328586e-07,4.4362207825387316e-07,4.436311271147209e-07,4.4364016822297766e-07,4.436492015821939e-07,4.4365822719913736e-07,4.4366724507988914e-07,4.4367625522907814e-07,4.4368525765214604e-07,4.436942523545621e-07,4.4370323934318676e-07,4.437122186201921e-07,4.4372119019246815e-07,4.4373015406563853e-07,4.4373911024502136e-07,4.437480587357265e-07,4.4375699954340797e-07,4.437659326732615e-07,4.4377485813087353e-07,4.4378377592132446e-07,4.4379268605109523e-07,4.438015885233165e-07,4.438104833443317e-07,4.438193705196142e-07,4.4382825005461867e-07,4.438371219551517e-07,4.438459862255941e-07,4.438548428672919e-07,4.438636918943075e-07,4.438725333075494e-07,4.438813671114244e-07,4.438901933136998e-07,4.438990119173847e-07,4.439078229290294e-07,4.439166263530473e-07,4.439254221953565e-07,4.4393421046107323e-07,4.4394299115259615e-07,4.4395176428040236e-07,4.4396052984746395e-07,4.439692878588414e-07,4.4397803831981737e-07,4.4398678123404406e-07,4.4399551661069476e-07,4.44004244452621e-07,4.440129647665983e-07,4.4402167755518655e-07,4.440303828234564e-07,4.4403908057977245e-07,4.440477708299792e-07,4.440564535747105e-07,4.4406512882212297e-07,4.4407379657681296e-07,4.4408245684421583e-07,4.440911096295626e-07,4.4409975493801987e-07,4.441083927748124e-07,4.4411702314484135e-07,4.4412564605436303e-07,4.441342615075201e-07,4.441428695092035e-07,4.44151470064852e-07,4.4416006318079235e-07
16,0.0,0.0,0.0,0.0,0.0,0.0,0.0,0.0,0.0,0.0,0.0,0.0,0.0,0.0,0.0,0.0,0.0,0.0,0.0,0.0,0.0,0.0,0.0,0.0,0.0,0.0,0.0,0.0,0.0,0.0,0.0,0.0,0.0,0.0,0.0,0.0,0.0,0.0,0.0,0.0,0.0,0.0,0.0,0.0,0.0,0.0,0.0,0.0,0.0,0.0,0.0,0.0,0.0,0.0,0.0,0.0,0.0,0.0,0.0,0.0,0.0,0.0,0.0,0.0,0.0,0.0,0.0,0.0,0.0,0.0,0.0,0.0,0.0,0.0,0.0,0.0,0.0,0.0,0.0,0.0,0.0,0.0,0.0,0.0,0.0,0.0,0.0,0.0,0.0,0.0,0.0,0.0,0.0,0.0,0.0,0.0,0.0,0.0,0.0,0.0,0.0,0.0,0.0,0.0,0.0,0.0,0.0,0.0,0.0,0.0,0.0,0.0,0.0,0.0,0.0,0.0,0.0,0.0,0.0,0.0,0.0,0.0,0.0,0.0,0.0,0.0,0.0,0.0,0.0,0.0,0.0,0.0,0.0,0.0,0.0,0.0,0.0,0.0,0.0,0.0,0.0,0.0,0.0,0.0,0.0,0.0,0.0,0.0,0.0,0.0,0.0,0.0,0.0,0.0,0.0,0.0,0.0,0.0,0.0,0.0,0.0,0.0,0.0,0.0,0.0,0.0,0.0,0.0,0.0,0.0,0.0,0.0,0.0,0.0,0.0,0.0,0.0,0.0,0.0,0.0,0.0,0.0,0.0,0.0,0.0,0.0,0.0,0.0,0.0,0.0,0.0,0.0,0.0,0.0,0.0,0.0,0.0,0.0,0.0,0.0,0.0,0.0,0.0,0.0,0.0,0.0,0.0,0.0,0.0,0.0,0.0,0.0,0.0,0.0,0.0,0.0,0.0,0.0,0.0,0.0,0.0,0.0,0.0,0.0,0.0,0.0,0.0,0.0,0.0,0.0,0.0,0.0,0.0,0.0,0.0,0.0,0.0,0.0,0.0,0.0,0.0,0.0,0.0,0.0,0.0,0.0,0.0,0.0,0.0,0.0,0.0,0.0,0.0,0.0,0.0,0.0,0.0,0.0,0.0,0.0,0.0,0.0,0.0,0.0,0.0,0.0,0.0,0.0,0.0,0.0,0.0,0.0,0.0,0.0,0.0,0.0,0.0,0.0,0.0,0.0,0.0,0.0,0.0,0.0,0.0,0.0,0.0,0.0,0.0,0.0,0.0,0.0,0.0,0.0,0.0,0.0,0.0,0.0,0.0,0.0,0.0,0.0,0.0,0.0,0.0,0.0,0.0,0.0,0.0,0.0,0.0,0.0,0.0,0.0,0.0,0.0,0.0,0.0,0.0,0.0,0.0,0.0,0.0,0.0,0.0,0.0,0.0,0.0,0.0,0.0,0.0,0.0,0.0,0.0,0.0,0.0,0.0,0.0,0.0,0.0,0.0,0.0,0.0,0.0,0.0,0.0,0.0,0.0,0.0,0.0,0.0,0.0,0.0,0.0,0.0,0.0,0.0,0.0,0.0,0.0,0.0,0.0,0.0,0.0,0.0,0.0,0.0,0.0,0.0,0.0,0.0,0.0,0.0,0.0,0.0,0.0,0.0,0.0,0.0,0.0,0.0,0.0,0.0,0.0,0.0,0.0,0.0,0.0,0.0,0.0,0.0,0.0,0.0,0.0,0.0,0.0,0.0,0.0,0.0,0.0,0.0,0.0,0.0,0.0,0.0,0.0,0.0,0.0,0.0,0.0,0.0,0.0,0.0,0.0,0.0,0.0,0.0,0.0,0.0,0.0,0.0,0.0,0.0,0.0,0.0,0.0,0.0,0.0,0.0,0.0,0.0,0.0,0.0,0.0,0.0,0.0,0.0,0.0,0.0,0.0,0.0,0.0,0.0,0.0,0.0,0.0,0.0,0.0,0.0,0.0,0.0,0.0,0.0,0.0,0.0,0.0,0.0,0.0,0.0,0.0,0.0,0.0,0.0,0.0,0.0,0.0,0.0,0.0,0.0,0.0,0.0,0.0,0.0,0.0,0.0,0.0,0.0,0.0,0.0,0.0,0.0,0.0,0.0,0.0,0.0,0.0,0.0,0.0,0.0,0.0,0.0,0.0,0.0,0.0,0.0,0.0,0.0,0.0,0.0,0.0,0.0,0.0,0.0,0.0,0.0,0.0,0.0,0.0,0.0,0.0,0.0,0.0,0.0,0.0,0.0,0.0,0.0,0.0,0.0,0.0,0.0,0.0,0.0,0.0,0.0,0.0,0.0,0.0,0.0,0.0,0.0,0.0,0.0,0.0,0.0,0.0,0.0,0.0,0.0,0.0,0.0,0.0,0.0,0.0,0.0,0.0,0.0,0.0,0.0,0.0,0.0,0.0,0.0,0.0,0.0,0.0,0.0,0.0,0.0,0.0,0.0,0.0,0.0,0.0,0.0,0.0,0.0,0.0,0.0,0.0,0.0,0.0,0.0,0.0,0.0,0.0,0.0,0.0,0.0,0.0,0.0,0.0,0.0,0.0,0.0,0.0,0.0,0.0,0.0,0.0,0.0,0.0,0.0,0.0,0.0,0.0,0.0,0.0,0.0,0.0,0.0,0.0,0.0,0.0,0.0,0.0,0.0,0.0,0.0,0.0,0.0,0.0,0.0,0.0,0.0,0.0,0.0,0.0,0.0,0.0,0.0,0.0,0.0,0.0,0.0,0.0,0.0,0.0,0.0,0.0,0.0,0.0,0.0,0.0,0.0,0.0,0.0,0.0,0.0,0.0,0.0,0.0,0.0,0.0,0.0,0.0,0.0,0.0,0.0,0.0,0.0,0.0,0.0,0.0,0.0,0.0,0.0,0.0,0.0,0.0,0.0,0.0,0.0,0.0,0.0,0.0,0.0,0.0,0.0,0.0,0.0,0.0,0.0,0.0,0.0,0.0,0.0,0.0,0.0,0.0,0.0,0.0,0.0,0.0,0.0,0.0,0.0,0.0,0.0,0.0,0.0,0.0,0.0,0.0,0.0,0.0,0.0,0.0,0.0,0.0,0.0,0.0,0.0,0.0,0.0,0.0,0.0,0.0,0.0,0.0,0.0,0.0,0.0,0.0,0.0,0.0,0.0,0.0,0.0,0.0,0.0,0.0,0.0,0.0,0.0,0.0,0.0,0.0,0.0,0.0,0.0,0.0,0.0,0.0,0.0,0.0,0.0,0.0,0.0,0.0,0.0,0.0,0.0,0.0,0.0,0.0,0.0,0.0,0.0,0.0,0.0,0.0,0.0,0.0,0.0,0.0,0.0,0.0,0.0,0.0,0.0,0.0,0.0,0.0,0.0,0.0,0.0,0.0,0.0,0.0,0.0,0.0,0.0,0.0,0.0,0.0,0.0,0.0,0.0,0.0,0.0,0.0,0.0,0.0,0.0,0.0,0.0,0.0,0.0,0.0,0.0,0.0,0.0,0.0,0.0,0.0,0.0,0.0,0.0,0.0,0.0,0.0,0.0,0.0,0.0,0.0,0.0,0.0,0.0,0.0,0.0,0.0,0.0,0.0,0.0,0.0,0.0,0.0,0.0,0.0,0.0,0.0,0.0,0.0,0.0,0.0,0.0,0.0,0.0,0.0,0.0,0.0,0.0,0.0,0.0,0.0,0.0,0.0,0.0,0.0,0.0,0.0,0.0,0.0,0.0,0.0,0.0,0.0,0.0,0.0,0.0,0.0,0.0,0.0,0.0,0.0,0.0,0.0,0.0,0.0,0.0,0.0,0.0,0.0,0.0,0.0,0.0,0.0,0.0,0.0,0.0,0.0,0.0,0.0,0.0,0.0,0.0,0.0,0.0,0.0,0.0,0.0,0.0,0.0,0.0,0.0,0.0,0.0,0.0,0.0,0.0,0.0,0.0,0.0,0.0,0.0,0.0,0.0,0.0,0.0,0.0,0.0,0.0,0.0,0.0,0.0,0.0,0.0,0.0,0.0,0.0,0.0,0.0,0.0,0.0,0.0,0.0,0.0,0.0,0.0,0.0,0.0,0.0,0.0,0.0,0.0,0.0,0.0,0.0,0.0,0.0,0.0,0.0,0.0,0.0,0.0,0.0,0.0,0.0,0.0,0.0,0.0,0.0,0.0,0.0,0.0,0.0,0.0,0.0,0.0,0.0,0.0,0.0,0.0,0.0,0.0,0.0,0.0,0.0,0.0,0.0,0.0,0.0,0.0,0.0,0.0,0.0,0.0,0.0,0.0,0.0,0.0,0.0,0.0,0.0,0.0,0.0,0.0,0.0,0.0,0.0,0.0,0.0,0.0,0.0,0.0,0.0,0.0,0.0,0.0,0.0,0.0,0.0,0.0,0.0,0.0,0.0,0.0,0.0,0.0,1.8124889370275694e-25,5.528824947091313e-25,1.0573975971302971e-24,1.6355062537165003e-24,2.2517716882487373e-24,2.8888423811170895e-24,3.539938267317782e-24,4.203800373938367e-24,4.881776863744248e-24,5.57626612006194e-24,6.289942120021045e-24,7.025407357236567e-24,7.785068178882012e-24,8.571118423385235e-24,9.385570166852606e-24,1.0230300275325476e-23,1.1107097864674625e-23,1.2017706512200918e-23,1.296385922268147e-23,1.394730467955094e-23,1.4969840210702603e-23,1.6033309509994487e-23,1.7139635900441988e-23,1.8290826155007032e-23,1.9488982297095535e-23,2.073631104235958e-23,2.20351327483577e-23,2.3387890076419412e-23,2.479715667513702e-23,2.6265646125400157e-23,2.7796220993071974e-23,2.93919028975726e-23,3.105588253370499e-23,3.2791530694368553e-23,3.4602409982151064e-23,3.6492287316970104e-23,3.8465147253814147e-23,4.052520646454553e-23,4.267692905091226e-23,4.4925043193449265e-23,4.727455892531654e-23,4.9730787314231126e-23,5.2299361103943067e-23,5.498625695013582e-23,5.779781938837683e-23,6.074078669065439e-23,6.382231877120866e-23,6.705002657367708e-23,7.043200535534696e-23,7.397687711516768e-23,7.769380820708093e-23,8.159257270330217e-23,8.56835868677757e-23,8.997795895749799e-23,9.448754200078701e-23,9.922499179997219e-23,1.0420382563903395e-22,1.0943849550524907e-22,1.1494445738722692e-22,1.2073825257480718e-22,1.2683759497566596e-22,1.3326146638250751e-22,1.4003022054121048e-22,1.4716569674065845e-22,1.5469134424708844e-22,1.6263235836221242e-22,1.7101582963183887e-22,1.7987090872899705e-22,1.8922898043309606e-22,1.9912387047594425e-22,2.0959205505008816e-22,2.206729031999801e-22,2.324089364984767e-22,2.448461252636739e-22,2.5803420545568363e-22,2.7202703445902558e-22,2.8688298397258317e-22,3.026653750353897e-22,3.1944296094778343e-22,3.372904634236269e-22,3.5628916894749354e-22,3.765275926517682e-22,3.9810221834903015e-22,4.211183256787047e-22,4.456909122725377e-22,4.719457285014949e-22,5.000204361014098e-22,5.300659086654436e-22,5.62247693871766e-22,5.967476595696455e-22,6.33765849864389e-22,6.7352258138570525e-22,7.162608146069161e-22,7.622488408009772e-22,8.117833319122136e-22,8.65192808494577e-22,9.228415903902242e-22,9.851343051292698e-22,1.0525210432515422e-21,1.1255032678832318e-21,1.2046405924538668e-21,1.2905585867924175e-21,1.3839577731018322e-21,1.485624022827442e-21,1.5964405990580447e-21,1.717402139058441e-21,1.849630927101042e-21,1.9943958853292584e-21,2.1531347895440893e-21,2.3274803242892276e-21,2.5192907687924604e-21,2.730686147789109e-21,2.9640910615127527e-21,3.2222855109977047e-21,3.508465439582351e-21,3.826315081512224e-21,4.180093733508409e-21,4.5747401958319594e-21,5.015998969438863e-21,5.5105733305573996e-21,6.066311799399617e-21,6.69243626338232e-21,7.399822290713153e-21,8.201345246940659e-21,9.112309749267319e-21,1.015098529613047e-20,1.1339277961538591e-20,1.270357754329439e-20,1.427583243835677e-20,1.6094922137229398e-20,1.8208421518128662e-20,2.067488491120485e-20,2.3566825357352797e-20,2.697463178330559e-20,3.1011763307677984e-20,3.582169979519413e-20,4.1587333117144324e-20,4.8543788892821663e-20,5.6996128865391e-20,6.734408868282685e-20,8.01171019262115e-20,9.602459615509227e-20,1.1602934510336638e-19,1.4145626804284724e-19,1.7415682123773885e-19,2.1676249566260647e-19,2.7308460001466673e-19,3.4876061799413717e-19,4.523284764523044e-19,5.970678146644306e-19,8.042664512867152e-19,1.1092436897595755e-18,1.5729541152883354e-18,2.3054812024400988e-18,3.516392228282165e-18,5.630005329081704e-18,9.570260860312621e-18,1.753101270972595e-17,3.529175078612014e-17,8.009996251944273e-17,2.1159131744512897e-16,6.728485707103373e-16,2.6259780575855244e-15,1.2240695359352984e-14,6.183799394860855e-14,2.9536762499503315e-13,1.197896402447722e-12,3.944406857813833e-12,1.0578987973151869e-11,2.368539750604246e-11,4.557696669702838e-11,7.741244083910487e-11,1.1859520222117894e-10,1.664636718259112e-10,2.166805203861453e-10,2.651033024275434e-10,3.092132586215455e-10,3.478811104812973e-10,3.807432873216073e-10,4.0784684089498407e-10,4.2949134462834985e-10,4.461384788356844e-10,4.583412198541248e-10,4.666861634561499e-10,4.717509008191696e-10,4.740763573260655e-10,4.741515529048573e-10,4.724073793123996e-10,4.692162658310368e-10,4.648953222970326e-10,4.597112880495334e-10,4.5388621199996927e-10,4.476032155617465e-10,4.4101197379247313e-10,4.3423372962181786e-10,4.273657653472509e-10,4.204853196388302e-10,4.1365297403403444e-10,4.069155512935856e-10,4.003085759361306e-10,3.9385834901281103e-10,3.875836874920696e-10,3.8149737497462677e-10,3.7560736599070135e-10,3.699177813387248e-10,3.64429727249345e-10,3.591419667311378e-10,3.540514674312596e-10,3.4915384673542497e-10,3.4444373165953935e-10,3.399150483217711e-10,3.355612534046902e-10,3.3137551796553573e-10,3.2735087224973374e-10,3.23480318666109e-10,3.197569188702433e-10,3.1617385986414803e-10,3.127245031565892e-10,3.0940242030857664e-10,3.0620141759446087e-10,3.031155520097195e-10,3.001391404500341e-10,2.9726676354497784e-10,2.9449326535541785e-10,2.9181374990612633e-10,2.8922357534798766e-10,2.8671834638214145e-10,2.8429390544361627e-10,2.819463230634e-10,2.7967188771746016e-10,2.774670954159046e-10,2.753286392270927e-10,2.732533988867361e-10,2.7123843060429527e-10,2.6928095715290364e-10,2.6737835829504313e-10,2.6552816159646244e-10,2.637280336482123e-10,2.619757717117785e-10,2.6026929579373293e-10,2.586066411521572e-10,2.5698595122103047e-10,2.554054709509577e-10,2.538635405409201e-10,2.5235858955779397e-10,2.5088913142311585e-10,2.4945375823748507e-10,2.480511359465813e-10,2.466799998099117e-10,2.453391501683937e-10,2.4402744848639436e-10,2.4274381364899973e-10,2.414872185114887e-10,2.4025668666690984e-10,2.390512894312433e-10,2.378701430250228e-10,2.3671240594159604e-10,2.355772764876467e-10,2.344639904828042e-10,2.3337181911308406e-10,2.323000669205159e-10,2.3124806992450536e-10,2.3021519386387488e-10,2.2920083255300636e-10,2.2820440633921185e-10,2.2722536066179514e-10,2.2626316470021257e-10,2.2531731010516414e-10,2.2438730981324604e-10,2.2347269693103336e-10,2.2257302368770977e-10,2.2168786045315342e-10,2.208167948151914e-10,2.1995943070912917e-10,2.1911538760494517e-10,2.1828429973730196e-10,2.1746581538189672e-10,2.1665959617678908e-10,2.158653164780465e-10,2.1508266275497573e-10,2.1431133302201753e-10,2.1355103629635434e-10,2.1280149209092006e-10,2.1206242993458204e-10,2.1133358891715223e-10,2.106147172599978e-10,2.0990557190637262e-10,2.092059181433296e-10,2.0851552923258568e-10,2.0783418606659703e-10,2.0716167684022476e-10,2.0649779674254546e-10,2.0584234766078494e-10,2.0519513790130337e-10,2.0455598881601373e-10,2.0392470748182316e-10,2.0330112587611533e-10,2.026850758158538e-10,2.0207639403009378e-10,2.0147492221705453e-10,2.0088050687830728e-10,2.002929991384524e-10,1.997122545694069e-10,1.9913813302049717e-10,1.9857049845548895e-10,1.9800921880237995e-10,1.97454165800041e-10,1.9690521485906704e-10,1.963622449277395e-10,1.9582513836395286e-10,1.9529378080987593e-10,1.9476806107629115e-10,1.9424787102846224e-10,1.937331054822477e-10,1.9322366209357004e-10,1.9271944126699688e-10,1.922203460575871e-10,1.9172628208096457e-10,1.9123715742665587e-10,1.9075288257449318e-10,1.9027337031488943e-10,1.8979853567263494e-10,1.893282958316528e-10,1.888625700677051e-10,1.8840127967611162e-10,1.8794434791080755e-10,1.8749169991927947e-10,1.8704326268435802e-10,1.865989649632745e-10,1.8615873723611658e-10,1.8572251164828092e-10,1.852902219609379e-10,1.84861803502938e-10,1.8443719312116235e-10,1.8401632913512383e-10,1.8359915129104849e-10,1.831856007247449e-10,1.8277561991344653e-10,1.8236915264049522e-10,1.8196614395648225e-10,1.8156654014118109e-10,1.811702886706274e-10,1.8077733818214416e-10,1.8038763843452408e-10,1.8000114028799067e-10,1.7961779566517287e-10,1.7923755752481275e-10,1.7886037983008222e-10,1.784862175234542e-10,1.7811502649853926e-10,1.7774676357467058e-10,1.7738138647162468e-10,1.7701885378548603e-10,1.766591249650951e-10,1.7630216028878024e-10,1.7594792084465693e-10,1.7559636850607868e-10,1.7524746591357215e-10,1.7490117645351774e-10,1.7455746423998014e-10,1.742162940952962e-10,1.7387763153240788e-10,1.7354144273665872e-10,1.732076945500535e-10,1.7287635445274816e-10,1.72547390550448e-10,1.7222077155527444e-10,1.7189646677175947e-10,1.715744460854145e-10,1.712546799444888e-10,1.709371393474338e-10,1.706217958314519e-10,1.7030862145738094e-10,1.6999758879840022e-10,1.6968867092694524e-10,1.693818414042195e-10,1.6907707426770163e-10,1.6877434402044468e-10,1.6847362561998707e-10,1.6817489446818854e-10,1.6787812640080477e-10,1.6758329767702287e-10,1.672903849716771e-10,1.6699936536352472e-10,1.6671021632727877e-10,1.664229157256159e-10,1.6613744179819858e-10,1.6585377315532676e-10,1.6557188876992817e-10,1.6529176796731865e-10,1.650133904201811e-10,1.6473673613921002e-10,1.6446178546674295e-10,1.6418851906931503e-10,1.6391691793040323e-10,1.6364696334420333e-10,1.633786369089683e-10,1.6311192052009135e-10,1.6284679636444337e-10,1.625832469140732e-10,1.6232125492052048e-10,1.6206080340857024e-10,1.6180187567091743e-10,1.6154445526242164e-10,1.612885259944867e-10,1.6103407193122927e-10,1.6078107738288366e-10,1.6052952690191365e-10,1.602794052771068e-10,1.6003069752960101e-10,1.597833889077223e-10,1.595374648833396e-10,1.5929291114802315e-10,1.5904971360580999e-10,1.5880785837192298e-10,1.5856733176717103e-10,1.5832812031524762e-10,1.580902107360733e-10,1.5785358994793645e-10,1.576182450579588e-10,1.573841633589185e-10,1.571513323290267e-10,1.5691973962573636e-10,1.5668937308378683e-10,1.564602207103545e-10,1.5623227068460923e-10,1.5600551135199594e-10,1.557799312209256e-10,1.5555551896283667e-10,1.5533226340631199e-10,1.5511015353577812e-10,1.5488917848594524e-10,1.5466932754349124e-10,1.5445059014122913e-10,1.5423295585603627e-10,1.5401641440759132e-10,1.5380095565386013e-10,1.5358656958994254e-10,1.5337324634534468e-10,1.5316097618198616e-10,1.5294974949026703e-10,1.5273955678892083e-10,1.5253038872304434e-10,1.5232223605915618e-10,1.5211508968565085e-10,1.5190894061046418e-10,1.517037799560884e-10,1.5149959896256967e-10,1.5129638898171725e-10,1.5109414147536198e-10,1.5089284801811174e-10,1.5069250029065423e-10,1.5049309007468611e-10,1.5029460926096928e-10,1.5009704984172002e-10,1.4990040390815066e-10,1.497046636514945e-10,1.4950982135931475e-10,1.4931586941540066e-10,1.4912280029747704e-10,1.4893060657629815e-10,1.487392809119204e-10,1.4854881605680563e-10,1.4835920484910793e-10,1.4817044021600107e-10,1.4798251516757043e-10,1.4779542279994683e-10,1.476091562911117e-10,1.4742370890133414e-10,1.4723907397001007e-10,1.4705524491681783e-10,1.46872215237437e-10,1.4668997850523728e-10,1.4650852836889549e-10,1.4632785855068628e-10,1.461479628465045e-10,1.4596883512428287e-10,1.4579046932147752e-10,1.4561285944744733e-10,1.4543599957889174e-10,1.4525988385931665e-10,1.4508450650234563e-10,1.4490986178420735e-10,1.447359440465188e-10,1.445627476948954e-10,1.4439026719785254e-10,1.4421849708553009e-10,1.440474319493788e-10,1.438770664409798e-10,1.4370739527041534e-10,1.4353841320662663e-10,1.4337011507860187e-10,1.4320249576686685e-10,1.4303555021102854e-10,1.4286927340631836e-10,1.427036604006779e-10,1.4253870629627172e-10,1.423744062480463e-10,1.4221075546250568e-10,1.4204774919861674e-10,1.4188538276488145e-10,1.4172365151989333e-10,1.4156255087053e-10,1.4140207627523288e-10,1.4124222323710382e-10,1.4108298730754202e-10,1.4092436408458095e-10,1.407663492115527e-10,1.4060893837797208e-10,1.404521273173575e-10,1.4029591180700725e-10,1.4014028766886278e-10,1.3998525076647236e-10,1.3983079700632435e-10,1.3967692233642565e-10,1.3952362274585794e-10,1.3937089426420246e-10,1.3921873296155655e-10,1.390671349471321e-10,1.3891609636942808e-10,1.3876561341507075e-10,1.3861568231050017e-10,1.384662993160662e-10,1.3831746073210928e-10,1.3816916289446593e-10,1.380214021753813e-10,1.378741749823453e-10,1.377274777582017e-10,1.3758130698047248e-10,1.374356591608267e-10,1.3729053084480073e-10,1.3714591861037448e-10,1.3700181907122425e-10,1.3685822887088392e-10,1.367151446858942e-10,1.3657256322458203e-10,1.3643048122647608e-10,1.362888954621427e-10,1.361478027329789e-10,1.3600719986965685e-10,1.3586708373355736e-10,1.3572745121510797e-10,1.355882992338221e-10,1.3544962473755262e-10,1.353114247043343e-10,1.351736961378382e-10,1.3503643607063284e-10,1.3489964156238127e-10,1.3476330969993208e-10,1.3462743759627626e-10,1.3449202239156136e-10,1.343570612522181e-10,1.3422255136868136e-10,1.3408848995824648e-10,1.339548742627444e-10,1.3382170154941293e-10,1.3368896910967595e-10,1.33556674258887e-10,1.3342481433744858e-10,1.3329338670845795e-10,1.331623887586752e-10,1.3303181789840499e-10,1.3290167155959972e-10,1.3277194719737937e-10,1.3264264229067877e-10,1.3251375433918448e-10,1.3238528086313062e-10,1.3225721940698012e-10,1.3212956753484356e-10,1.3200232283229956e-10,1.318754829056418e-10,1.3174904538230256e-10,1.3162300790946176e-10,1.3149736815424077e-10,1.3137212380516613e-10,1.312472725689467e-10,1.3112281217232975e-10,1.3099874036099272e-10,1.3087505490005705e-10,1.3075175357333567e-10,1.3062883418325016e-10,1.3050629455071014e-10,1.3038413251502617e-10,1.3026234593231767e-10,1.3014093267821526e-10,1.3001989064557829e-10,1.2989921774410784e-10,1.2977891190075764e-10,1.2965897105992138e-10,1.2953939318280622e-10,1.2942017624763353e-10,1.2930131824773414e-10,1.291828171942936e-10,1.2906467111361608e-10,1.2894687804975235e-10,1.288294360603865e-10,1.2871234321982555e-10,1.2859559761817248e-10,1.2847919736019704e-10,1.2836314056634351e-10,1.2824742537169428e-10,1.281320499263003e-10,1.2801701239495434e-10,1.2790231095691223e-10,1.277879438057256e-10,1.2767390914930022e-10,1.2756020520946194e-10,1.2744683022251172e-10,1.273337824378716e-10,1.2722106011916203e-10,1.271086615429505e-10,1.2699658499956037e-10,1.2688482879222205e-10,1.2677339123799224e-10,1.2666227066582715e-10,1.2655146541857157e-10,1.264409738512766e-10,1.2633079433147497e-10,1.2622092523936706e-10,1.2611136496740644e-10,1.260021119199942e-10,1.2589316451400164e-10,1.2578452117794198e-10,1.2567618035275682e-10,1.2556814049052322e-10,1.254604000550319e-10,1.2535295752166996e-10,1.2524581137740108e-10,1.251389601200405e-10,1.250324022586457e-10,1.2492613631370922e-10,1.2482016081633726e-10,1.2471447430853443e-10,1.246090753429984e-10,1.2450396248322104e-10,1.243991343028729e-10,1.2429458938643823e-10,1.241903263279269e-10,1.2408634373350608e-10,1.239826402173528e-10,1.2387921440451313e-10,1.237760649296188e-10,1.2367319043843542e-10,1.2357058958462604e-10,1.234682610327483e-10,1.233662034566047e-10,1.2326441553921675e-10,1.2316289597336932e-10,1.2306164346130835e-10,1.2296065671320233e-10,1.2285993444981446e-10,1.2275947540039278e-10,1.22659278303571e-10,1.2255934190568808e-10,1.224596649629195e-10,1.223602462399858e-10,1.2226108450993775e-10,1.2216217855426586e-10,1.2206352716443437e-10,1.219651291377794e-10,1.2186698328177304e-10,1.2176908841088227e-10,1.2167144334985104e-10,1.2157404692911795e-10,1.2147689798822732e-10,1.2137999537542205e-10,1.2128333794477292e-10,1.2118692455967671e-10,1.210907540910591e-10,1.2099482541697707e-10,1.2089913742425063e-10,1.2080368900762282e-10,1.2070847906537782e-10,1.2061350650693198e-10,1.2051877024826016e-10,1.2042426921254092e-10,1.2033000232987345e-10,1.2023596853698028e-10,1.201421667791701e-10,1.2004859600813714e-10,1.199552551814408e-10,1.1986214326497582e-10,1.1976925923060612e-10,1.1967660205716494e-10,1.1958417073020442e-10,1.1949196424203112e-10,1.1939998159149972e-10,1.193082217840407e-10,1.1921668383162157e-10,1.1912536675203628e-10,1.1903426957025198e-10,1.1894339131723023e-10,1.1885273103039097e-10,1.1876228775275658e-10,1.186720605341716e-10,1.185820484302702e-10,1.1849225050314893e-10,1.1840266582021123e-10,1.183132934550713e-10,1.1822413248737222e-10,1.1813518200218848e-10,1.1804644109178887e-10,1.1795790885277444e-10,1.178695843878134e-10,1.1778146680520538e-10,1.1769355521852437e-10,1.176058487482691e-10,1.1751834651905207e-10,1.1743104766177338e-10,1.1734395131178923e-10,1.1725705661059368e-10,1.1717036270529848e-10,1.1708386874745212e-10,1.1699757389400646e-10,1.1691147730828725e-10,1.1682557815735487e-10,1.1673987561364442e-10,1.166543688559557e-10,1.1656905706700154e-10,1.1648393943371926e-10,1.1639901514967836e-10,1.1631428341215758e-10,1.1622974342468214e-10,1.1614539439383905e-10,1.1606123553249874e-10,1.1597726605706311e-10,1.1589348519001421e-10,1.1580989215770599e-10,1.157264861908572e-10,1.1564326652540771e-10,1.1556023240175231e-10,1.1547738306457721e-10,1.1539471776330892e-10,1.1531223575188202e-10,1.1522993628848714e-10,1.1514781863572966e-10,1.1506588206075917e-10,1.1498412583494052e-10,1.1490254923381001e-10,1.1482115153715161e-10,1.1473993202945335e-10,1.1465888999901743e-10,1.145780247384144e-10,1.1449733554429238e-10,1.1441682171734545e-10,1.1433648256246764e-10,1.1425631738850703e-10,1.1417632550835526e-10,1.1409650623905357e-10,1.1401685890124725e-10,1.1393738281942515e-10,1.1385807732272443e-10,1.1377894174344615e-10,1.1369997541787024e-10,1.1362117768613898e-10,1.1354254789220318e-10,1.1346408538357752e-10,1.1338578951170132e-10,1.1330765963157117e-10,1.1322969510181529e-10,1.1315189528539651e-10,1.1307425954722777e-10,1.1299678725709876e-10,1.1291947778831488e-10,1.1284233051740193e-10,1.127653448245143e-10,1.1268852009315496e-10,1.1261185571093643e-10,1.1253535106708492e-10,1.1245900555603702e-10,1.1238281857501791e-10,1.1230678952453715e-10,1.1223091780854546e-10,1.1215520283412284e-10,1.1207964401171218e-10,1.1200424075523943e-10,1.1192899248134849e-10,1.1185389861024165e-10,1.117789585652805e-10,1.117041717729099e-10,1.1162953766276208e-10,1.1155505566751189e-10,1.1148072522294726e-10,1.1140654576763356e-10,1.1133251674420911e-10,1.112586375973355e-10,1.1118490777432364e-10,1.1111132672695918e-10,1.1103789390882642e-10,1.1096460877664982e-10,1.1089147079020869e-10,1.1081847941207393e-10,1.1074563410789284e-10,1.106729343458516e-10,1.106003795971982e-10,1.1052796933623654e-10,1.1045570303950345e-10,1.1038358018635106e-10,1.1031160025969007e-10,1.1023976274441887e-10,1.10168067128154e-10,1.10096512901609e-10,1.1002509955778614e-10,1.0995382659269289e-10,1.0988269350490299e-10,1.0981169979522028e-10,1.0974084496752925e-10,1.0967012852822401e-10,1.0959954998604345e-10,1.095291088525034e-10,1.0945880464149959e-10,1.0938863686960078e-10,1.0931860505581419e-10,1.0924870872161174e-10,1.0917894739095369e-10,1.0910932059023534e-10,1.0903982784825526e-10,1.0897046869635162e-10,1.0890124266814247e-10,1.0883214929965434e-10,1.087631881293238e-10,1.0869435869790589e-10,1.0862566054848675e-10,1.0855709322658649e-10,1.0848865627909992e-10,1.084203492575263e-10,1.0835217171304575e-10,1.0828412320095846e-10,1.0821620327675043e-10,1.0814841150123201e-10,1.0808074743496866e-10,1.0801321064129993e-10,1.0794580068579674e-10,1.0787851713625179e-10,1.0781135956278695e-10,1.0774432753752422e-10,1.0767742063447013e-10,1.0761063843007131e-10,1.075439805028345e-10,1.0747744643329191e-10,1.0741103580403703e-10,1.073447481995463e-10,1.0727858320694322e-10,1.0721254041441666e-10,1.0714661941317608e-10,1.0708081979593548e-10,1.0701514115772835e-10,1.0694958309509097e-10,1.068841452065288e-10,1.0681882709304669e-10,1.0675362835719112e-10,1.0668854860395743e-10,1.0662358743884737e-10,1.0655874447074733e-10,1.064940193100799e-10,1.0642941156866822e-10,1.0636492086072825e-10,1.0630054680219239e-10,1.0623628901076884e-10,1.0617214710615357e-10,1.0610812070944418e-10,1.0604420944415472e-10,1.0598041293497225e-10,1.059167308088667e-10,1.0585316269438334e-10,1.0578970822183517e-10,1.0572636702335019e-10,1.0566313873279326e-10,1.0560002298560849e-10,1.0553701941918482e-10,1.0547412767252539e-10,1.0541134738642082e-10,1.0534867820318088e-10,1.0528611976698559e-10,1.052236717233634e-10,1.051613337197831e-10,1.0509910540540584e-10,1.0503698643085491e-10,1.0497497644849625e-10,1.0491307511222592e-10,1.0485128207757896e-10,1.0478959700156735e-10,1.0472801954280432e-10,1.0466654936231995e-10,1.0460518612053512e-10,1.0454392948295813e-10,1.0448277911353071e-10,1.0442173467882048e-10,1.043607958469031e-10,1.0429996228734742e-10,1.0423923367129907e-10,1.0417860967141216e-10,1.0411808996163728e-10,1.04057674217644e-10,1.0399736211661186e-10,1.0393715333673752e-10,1.0387704755848747e-10,1.0381704446271886e-10,1.03757143732985e-10,1.0369734505329385e-10,1.0363764810967087e-10,1.0357805258846309e-10,1.0351855817895653e-10,1.0345916457082512e-10,1.0339987145576434e-10,1.0334067852622079e-10,1.0328158547629271e-10,1.0322259200177835e-10,1.0316369779925235e-10,1.0310490256700128e-10,1.0304620600457554e-10,1.0298760781350401e-10,1.0292910769460312e-10,1.0287070535211257e-10,1.0281240049097537e-10,1.0275419281710665e-10,1.0269608203823859e-10,1.0263806786267989e-10,1.0258015000059883e-10,1.0252232816332579e-10,1.0246460206349159e-10,1.0240697141469842e-10,1.0234943593227323e-10,1.0229199533236607e-10,1.0223464933265929e-10,1.0217739765162282e-10,1.0212024000941307e-10,1.0206317612718962e-10,1.0200620572750928e-10,1.0194932853419665e-10,1.0189254427186338e-10,1.0183585266636157e-10,1.0177925344427487e-10,1.0172274633489019e-10,1.0166633106689861e-10,1.0161000737208322e-10,1.0155377498183464e-10,1.0149763362901463e-10,1.0144158304779349e-10,1.0138562297357026e-10,1.0132975314255251e-10,1.0127397329239862e-10,1.012182831617313e-10,1.0116268249028882e-10,1.0110717101897501e-10,1.0105174848970725e-10,1.0099641464552925e-10,1.0094116923033197e-10,1.008860119891295e-10,1.0083094266939439e-10,1.0077596101764696e-10,1.0072106678235048e-10,1.0066625971297263e-10,1.0061153956021345e-10,1.0055690607547856e-10,1.0050235901154661e-10,1.0044789812186095e-10,1.0039352316108006e-10,1.0033923388471686e-10,1.0028503004996764e-10,1.0023091141436985e-10,1.0017687773648054e-10,1.0012292877609554e-10,1.0006906429393911e-10,1.0001528405163198e-10,9.996158781191922e-11,9.99079753388345e-11,9.98544463964587e-11,9.980100075126807e-11,9.97476381684125e-11,9.969435841599987e-11,9.964116126277461e-11,9.958804647799406e-11,9.953501383223307e-11,9.948206309603325e-11,9.94291940424558e-11,9.937640644446962e-11,9.93237000760308e-11,9.927107471209345e-11,9.921853012850322e-11,9.91660661021751e-11,9.911368241088187e-11,9.906137883311471e-11,9.900915514839947e-11,9.895701113717234e-11,9.890494658045275e-11,9.885296126085781e-11,9.880105496108602e-11,9.874922746504885e-11,9.869747855784074e-11,9.864580802448911e-11,9.859421565173023e-11,9.854270122676175e-11,9.84912645379322e-11,9.843990537414125e-11,9.838862352546072e-11,9.833741878249366e-11,9.828629093624586e-11,9.823523977982742e-11,9.818426510605831e-11,4.717552047939601e-11,4.269033211442941e-11,4.5338820473636807e-11,4.8964085011456546e-11,5.260657190601965e-11,5.6114610647517694e-11,5.946316602624433e-11,6.264806708075627e-11,6.566948683221388e-11,6.85292522109464e-11,7.123029524769474e-11,7.377643788268708e-11,7.617223339575196e-11,7.842282379793319e-11,8.053380855523393e-11,8.251112494251033e-11,8.43609406411806e-11,8.608955881807812e-11,8.770333553873015e-11,8.920860906618166e-11,9.061164036352905e-11,9.191856397308688e-11,9.313534833818414e-11,9.426776460479876e-11,9.532136292462017e-11,9.630145531381285e-11,9.721310416492226e-11,9.806111557124643e-11,9.88500366953704e-11,9.95841564833275e-11,1.0026750910898409e-10,1.0090387959684264e-10,1.014968111506736e-10,1.0204961377599678e-10,1.0256537384558974e-10,1.0304696431231647e-10,1.0349705532089179e-10,1.0391812501707041e-10,1.043124703836596e-10,1.0468221797080036e-10,1.0502933441399287e-10,1.0535563666215415e-10,1.0566280184611843e-10,1.0595237674933601e-10,1.0622578684764767e-10,1.0648434489928891e-10,1.0672925907628768e-10,1.0696164063340111e-10,1.0718251112335501e-10,1.0739280916151184e-10,1.0759339675732063e-10,1.077850652255113e-10,1.0796854069306663e-10,1.0814448922695296e-10,1.0831352159261367e-10,1.0847619766996751e-10,1.0863303054378697e-10,1.0878449028833692e-10,1.0893100746801379e-10,1.0907297636546325e-10,1.0921075796452878e-10,1.0934468269819563e-10,1.0947505298034147e-10,1.0960214553713833e-10,1.09726213551035e-10,1.0984748863344431e-10,1.0996618263695372e-10,1.1008248932040926e-10,1.101965858775062e-10,1.103086343401549e-10,1.1041878286576587e-10,1.1052716691779432e-10,1.1063391034834387e-10,1.1073912638991502e-10,1.1084291856571753e-10,1.1094538152092737e-10,1.1104660178514878e-10,1.1114665847168136e-10,1.1124562391655201e-10,1.1134356426248567e-10,1.1144053999482794e-10,1.1153660643052237e-10,1.1163181416622486e-10,1.1172620948725657e-10,1.1181983474253508e-10,1.1191272868652797e-10,1.1200492679160957e-10,1.1209646153430345e-10,1.1218736265636306e-10,1.122776574033879e-10,1.1236737074272482e-10,1.1245652556270603e-10,1.1254514285446779e-10,1.126332418772374e-10,1.127208403109791e-10,1.128079543946038e-10,1.128945990520206e-10,1.1298078800642165e-10,1.1306653388762774e-10,1.1315184832666175e-10,1.1323674204378307e-10,1.1332122492782647e-10,1.1340530611127186e-10,1.1348899403357257e-10,1.1357229650413097e-10,1.1365522075680677e-10,1.1373777350055996e-10,1.1381996096561774e-10,1.139017889451568e-10,1.1398326283368596e-10,1.1406438766195224e-10,1.1414516812875195e-10,1.1422560862989673e-10,1.1430571328461427e-10,1.1438548595950002e-10,1.1446493029076823e-10,1.1454404970397528e-10,1.146228474323956e-10,1.1470132653357524e-10,1.1477948990432522e-10,1.1485734029473865e-10,1.1493488032068333e-10,1.1501211247505513e-10,1.1508903913846998e-10,1.1516566258853834e-10,1.1524198500868754e-10,1.1531800849581854e-10,1.1539373506779479e-10,1.1546916666958254e-10,1.1554430517959976e-10,1.1561915241470652e-10,1.1569371013566977e-10,1.1576798005125763e-10,1.1584196382238402e-10,1.159156630658737e-10,1.1598907935809503e-10,1.1606221423793678e-10,1.1613506920915957e-10,1.1620764574376552e-10,1.1627994528419381e-10,1.1635196924362111e-10,1.1642371901115024e-10,1.1649519595150215e-10,1.165664014069019e-10,1.1663733669868672e-10,1.1670800312877886e-10,1.167784019806139e-10,1.1684853452049527e-10,1.169184019985893e-10,1.1698800564982263e-10,1.170573466947762e-10,1.1712642634035016e-10,1.1719524578056375e-10,1.1726380619718347e-10,1.1733210876035866e-10,1.1740015462909942e-10,1.1746794495179732e-10,1.175354808663565e-10,1.176027635016394e-10,1.1766979397712413e-10,1.1773657340226104e-10,1.1780310287906215e-10,1.1786938350034215e-10,1.1793541635097364e-10,1.1800120250811424e-10,1.1806674304143914e-10,1.1813203901255557e-10,1.1819709147655728e-10,1.1826190148124393e-10,1.1832647006758064e-10,1.183907982698186e-10,1.1845488711564685e-10,1.1851873762636149e-10,1.1858235081689e-10,1.1864572769620248e-10,1.1870886926695459e-10,1.1877177652573293e-10,1.1883445046386982e-10,1.188968920664404e-10,1.1895910231311051e-10,1.1902108217743343e-10,1.19082832628214e-10,1.1914435462800041e-10,1.1920564913421224e-10,1.192667170985922e-10,1.1932755946898345e-10,1.1938817718776624e-10,1.1944857119118762e-10,1.195087424107281e-10,1.1956869177281482e-10,1.1962842019928264e-10,1.1968792860670017e-10,1.197472179072819e-10,1.1980628900724245e-10,1.1986514280931922e-10,1.199237802108726e-10,1.1998220210466508e-10,1.200404093780659e-10,1.2009840291606536e-10,1.2015618359684633e-10,1.202137522947232e-10,1.2027110987956418e-10,1.203282572167724e-10,1.203851951673124e-10,1.2044192458774346e-10,1.2049844633021225e-10,1.2055476124261126e-10,1.2061087016842512e-10,1.2066677394683927e-10,1.207224734129708e-10,1.2077796939769327e-10,1.208332627274698e-10,1.208883542249876e-10,1.2094324470850644e-10,1.20997934992293e-10,1.2105242588659075e-10,1.211067181977324e-10,1.2116081272757975e-10,1.2121471027430258e-10,1.2126841163252473e-10,1.2132191759276814e-10,1.2137522894069563e-10,1.2142834645922183e-10,1.2148127092711742e-10,1.2153400311918606e-10,1.215865438065692e-10,1.2163889375658068e-10,1.2169105373280044e-10,1.2174302449520656e-10,1.2179480679973912e-10,1.2184640139907042e-10,1.218978090418696e-10,1.2194903047348183e-10,1.2200006643552028e-10,1.220509176660316e-10,1.2210158489950578e-10,1.2215206886687044e-10,1.2220237029563367e-10,1.2225248990977336e-10,1.223024284297884e-10,1.2235218657270212e-10,1.2240176505207023e-10,1.2245116457830443e-10,1.225003858583114e-10,1.2254942959539934e-10,1.2259829648982138e-10,1.226469872383572e-10,1.226955025347668e-10,1.2274384306924428e-10,1.2279200952882656e-10,1.2284000259752707e-10,1.2288782295564179e-10,1.229354712806807e-10,1.229829482466994e-10,1.230302545249632e-10,1.2307739078337347e-10,1.231243576868292e-10,1.2317115589695263e-10,1.2321778607244514e-10,1.2326424886886487e-10,1.2331054493871042e-10,1.2335667493152333e-10,1.2340263949392985e-10,1.234484392684764e-10,1.234940748979813e-10,1.2353954701833988e-10,1.235848562646744e-10,1.2363000326874522e-10,1.2367498865921022e-10,1.237198130623824e-10,1.2376447710126905e-10,1.2380898139613952e-10,1.2385332656440271e-10,1.2389751322076071e-10,1.239415419769679e-10,1.2398541344215465e-10,1.2402912822232898e-10,1.2407268692155427e-10,1.241160901404266e-10,1.2415933847700327e-10,1.2420243252683937e-10,1.2424537288237383e-10,1.2428816013373444e-10,1.2433079486848299e-10,1.243732776711051e-10,1.244156091238315e-10,1.2445778980619792e-10,1.24499820295385e-10,1.245417011652041e-10,1.245834329876989e-10,1.2462501633210441e-10,1.2466645176513004e-10,1.2470773985092317e-10,1.2474888115114973e-10,1.2478987622500095e-10,1.2483072562915833e-10,1.24871429917876e-10,1.24911989642918e-10,1.2495240535363316e-10,1.2499267759694294e-10,1.2503280691735187e-10,1.250727938569631e-10,1.2511263895556463e-10,1.2515234275044531e-10,1.2519190577666212e-10,1.2523132856714138e-10,1.2527061165167129e-10,1.2530975555852016e-10,1.2534876081340983e-10,1.2538762793980324e-10,1.2542635745869335e-10,1.2546494988903938e-10,1.255034057477623e-10,1.25541725548841e-10,1.2557990980498696e-10,1.2561795902497513e-10,1.256558737172235e-10,1.2569365438714132e-10,1.257313015381485e-10,1.2576881567142877e-10,1.258061972859783e-10,1.2584344687849767e-10,1.258805649440203e-10,1.2591755197478678e-10,1.2595440846164808e-10,1.259911348928876e-10,1.2602773175474794e-10,1.260641995314651e-10,1.2610053870519466e-10,1.2613674975603987e-10,1.2617283316188402e-10,1.2620878939885498e-10,1.2624461894093856e-10,1.2628032226011094e-10,1.2631589982637292e-10,1.2635135210765408e-10,1.263866795699401e-10,1.2642188267725405e-10,1.264569618917253e-10,1.264919176733354e-10,1.2652675048024806e-10,1.265614607686559e-10,1.2659604899361367e-10,1.2663051560625137e-10,1.2666486105759657e-10,1.266990857963359e-10,1.2673319026998907e-10,1.267671749218036e-10,1.268010401955567e-10,1.2683478653231378e-10,1.2686841437139885e-10,1.2690192415031634e-10,1.2693531630468178e-10,1.269685912682133e-10,1.2700174947312347e-10,1.2703479134939843e-10,1.2706771732541104e-10,1.2710052782803267e-10,1.271332232826934e-10,1.2716580411126615e-10,1.2719827073569548e-10,1.2723062357559574e-10,1.2726286304917021e-10,1.2729498957227e-10,1.2732700355896083e-10,1.2735890542235097e-10,1.2739069557329767e-10,1.2742237442148817e-10,1.2745394237438998e-10,1.2748539983808922e-10,1.2751674721662155e-10,1.27547984912868e-10,1.2757911332690807e-10,1.2761013285977818e-10,1.276410439084047e-10,1.2767184686889275e-10,1.2770254213593125e-10,1.2773313010191733e-10,1.2776361115850484e-10,1.277939856952936e-10,1.278242541006116e-10,1.2785441676040513e-10,1.2788447406001106e-10,1.279144263827551e-10,1.2794427411047108e-10,1.2797401762343267e-10,1.2800365730065196e-10,1.2803319351829043e-10,1.280626266533703e-10,1.2809195707954146e-10,1.2812118516924063e-10,1.2815031129396815e-10,1.2817933582320909e-10,1.2820825912486436e-10,1.282370815664448e-10,1.2826580351239222e-10,1.2829442532663451e-10,1.283229473715359e-10,1.2835137000793305e-10,1.2837969359523451e-10,1.2840791849132926e-10,1.2843604505278013e-10,1.2846407363461465e-10,1.2849200459053546e-10,1.2851983827275827e-10,1.28547575032197e-10,1.2857521521862727e-10,1.286027591794312e-10,1.2863020726157627e-10,1.286575598103869e-10,1.2868481716981945e-10,1.287119796824784e-10,1.2873904768948633e-10,1.287660215307097e-10,1.287929015446388e-10,1.2881968806838762e-10,1.2884638143782571e-10,1.2887298198744305e-10,1.2889949005040153e-10,1.289259059586059e-10,1.2895223004256435e-10,1.2897846263151774e-10,1.2900460405333972e-10,1.2903065463484894e-10,1.2905661470135226e-10,1.290824845773187e-10,1.291082645850699e-10,1.2913395504575054e-10,1.2915955628002212e-10,1.2918506860701276e-10,1.2921049234474353e-10,1.2923582780952368e-10,1.2926107531668135e-10,1.2928623517999916e-10,1.2931130771280108e-10,1.2933629322644396e-10,1.293611920313333e-10,1.29386004436665e-10,1.2941073075039317e-10,1.2943537127947987e-10,1.2945992632928952e-10,1.2948439620418605e-10,1.2950878120745973e-10,1.2953308164114447e-10,1.295572978061141e-10,1.2958143000206326e-10,1.296054785275103e-10,1.2962944367988104e-10,1.2965332575594887e-10,1.2967712504956497e-10,1.2970084185528773e-10,1.2972447646584343e-10,1.2974802917309624e-10,1.2977150026770426e-10,1.2979489003868108e-10,1.298181987741782e-10,1.2984142676169823e-10,1.2986457428750836e-10,1.298876416361286e-10,1.2991062909160125e-10,1.2993353693729377e-10,1.2995636545434906e-10,1.2997911492378155e-10,1.3000178562467228e-10,1.3002437783575214e-10,1.3004689183429046e-10,1.30069327896718e-10,1.3009168629841132e-10,1.301139673134795e-10,1.3013617121505325e-10,1.3015829827546467e-10,1.3018034876572647e-10,1.302023229559036e-10,1.3022422111492611e-10,1.302460435109421e-10,1.3026779041087078e-10,1.302894620808218e-10,1.3031105878565017e-10,1.303325807899658e-10,1.3035402835536064e-10,1.3037540174451512e-10,1.3039670121953724e-10,1.3041792703837557e-10,1.304390794606651e-10,1.3046015874480413e-10,1.3048116514704264e-10,1.305020989239465e-10,1.3052296033055823e-10,1.3054374962103062e-10,1.305644670484813e-10,1.3058511286511479e-10,1.3060568732190204e-10,1.3062619066943244e-10,1.3064662315723828e-10,1.3066698503343866e-10,1.3068727654554484e-10,1.30707497940442e-10,1.3072764946317206e-10,1.3074773135856202e-10,1.3076774387051888e-10,1.3078768724167194e-10,1.3080756171407208e-10,1.3082736752892435e-10,1.308471049262005e-10,1.3086677414466445e-10,1.3088637542309728e-10,1.3090590899885813e-10,1.3092537510847968e-10,1.3094477398761632e-10,1.3096410587102311e-10,1.3098337099259028e-10,1.3100256958532974e-10,1.310217018813833e-10,1.3104076811201468e-10,1.3105976850764817e-10,1.3107870329782745e-10,1.3109757271124232e-10,1.3111637697573644e-10,1.3113511631829682e-10,1.3115379096507168e-10,1.3117240114136375e-10,1.3119094707163705e-10,1.3120942897952131e-10,1.3122784708781473e-10,1.312462016184842e-10,1.3126449279267772e-10,1.3128272083071805e-10,1.3130088595210982e-10,1.3131898837553597e-10,1.3133702831889842e-10,1.3135500599938266e-10,1.3137292163300858e-10,1.3139077543537236e-10,1.3140856762114282e-10,1.3142629840419483e-10,1.3144396799759828e-10,1.3146157661366385e-10,1.3147912446390481e-10,1.3149661175906032e-10,1.3151403870907192e-10,1.3153140552312932e-10,1.315487124096327e-10,1.3156595957624898e-10,1.3158314722980366e-10,1.3160027557650094e-10,1.3161734482155852e-10,1.3163435516964055e-10,1.3165130682459094e-10,1.3166819998950423e-10,1.3168503486675508e-10,1.3170181165792143e-10,1.317185305638715e-10,1.3173519178470905e-10,1.3175179551986845e-10,1.3176834196804564e-10,1.3178483132706164e-10,1.3180126379418563e-10,1.3181763956591802e-10,1.3183395883804943e-10,1.3185022180558632e-10,1.3186642866284543e-10,1.3188257960347438e-10,1.3189867482037013e-10,1.319147145057572e-10,1.3193069885114182e-10,1.319466280473337e-10,1.3196250228439634e-10,1.3197832175180443e-10,1.3199408663818542e-10,1.3200979713177145e-10,1.3202545341969168e-10,1.3204105568888606e-10,1.3205660412516784e-10,1.32072098913951e-10,1.3208754023975058e-10,1.3210292828664483e-10,1.3211826323791872e-10,1.3213354527617514e-10,1.3214877458335768e-10,1.3216395134090256e-10,1.3217907572934194e-10,1.3219414792888392e-10,1.3220916811856177e-10,1.322241364771962e-10,1.322390531828395e-10,1.322539184128616e-10,1.3226873234408394e-10,1.3228349515255474e-10,1.3229820701380244e-10,1.323128681026842e-10,1.323274785933872e-10,1.3234203865948658e-10,1.3235654847394362e-10,1.3237100820905327e-10,1.3238541803655159e-10,1.3239977812759454e-10,1.3241408865270645e-10,1.3242834978156276e-10,1.3244256168339088e-10,1.324567245269372e-10,1.3247083848062013e-10,1.324849037111221e-10,1.32498920385625e-10,1.3251288867010602e-10,1.3252680873032254e-10,1.3254068073109647e-10,1.3255450483738067e-10,1.3256828121273193e-10,1.325820100203787e-10,1.3259569142300027e-10,1.3260932558270644e-10,1.3262291266112362e-10,1.3263645281882463e-10,1.3264994621625162e-10,1.326633930131742e-10,1.3267679336852399e-10,1.3269014744116613e-10,1.3270345538922485e-10,1.3271671737004756e-10,1.3272993354064558e-10,1.3274310405755707e-10,1.3275622907653683e-10,1.3276930875330644e-10,1.3278234324199e-10,1.3279533269714453e-10,1.32808277271817e-10,1.3282117711904242e-10,1.3283403239139805e-10,1.328468432408268e-10,1.3285960981872726e-10,1.328723322759332e-10,1.3288501076280502e-10,1.3289764542913448e-10,1.3291023642405532e-10,1.3292278389631691e-10,1.329352879943124e-10,1.3294774886547167e-10,1.3296016665704228e-10,1.329725415152025e-10,1.329848735869178e-10,1.329971630170477e-10,1.3300940995088178e-10,1.3302161453330892e-10,1.3303377690803383e-10,1.330458972185643e-10,1.3305797560790646e-10,1.330700122185989e-10,1.3308200719210303e-10,1.330939606708647e-10,1.3310587279538504e-10,1.3311774370614697e-10,1.3312957354313107e-10,1.3314136244582901e-10,1.331531105532279e-10,1.3316481800382885e-10,1.331764849356435e-10,1.3318811148619503e-10,1.331996977925113e-10,1.3321124399121288e-10,1.3322275021829036e-10,1.3323421660935536e-10,1.3324564329952898e-10,1.3325703042336933e-10,1.3326837811511268e-10,1.3327968650837005e-10,1.33290955736254e-10,1.3330218593160675e-10,1.3331337722686388e-10,1.3332452975366786e-10,1.3333564364316956e-10,1.3334671902643766e-10,1.3335775603384675e-10,1.3336875479541007e-10,1.3337971544056736e-10,1.333906380980094e-10,1.3340152289697094e-10,1.3341236996528033e-10,1.3342317943064803e-10,1.3343395142019008e-10,1.3344468606082738e-10,1.3345538347883457e-10,1.334660438001187e-10,1.3347666715004938e-10,1.3348725365373705e-10,1.3349780343570496e-10,1.3350831662002287e-10,1.3351879333049465e-10,1.335292336902617e-10,1.335396378222713e-10,1.335500058488572e-10,1.3356033789196494e-10,1.335706340731131e-10,1.33580894513451e-10,1.3359111933367197e-10,1.3360130865403474e-10,1.3361146259442367e-10,1.3362158127416206e-10,1.33631664812303e-10,1.3364171332747736e-10,1.336517269377737e-10,1.3366170576126502e-10,1.3367164991484987e-10,1.33681559515589e-10,1.3369143468007827e-10,1.3370127552442145e-10,1.3371108216421873e-10,1.3372085471501117e-10,1.3373059329142593e-10,1.3374029800829124e-10,1.3374996897986315e-10,1.3375960631921376e-10,1.3376921014001114e-10,1.337787805551238e-10,1.337883176770259e-10,1.3379782161791224e-10,1.338072924894929e-10,1.3381673040318158e-10,1.3382613546983783e-10,1.3383550780004156e-10,1.3384484750401677e-10,1.3385415469156925e-10,1.3386342947208935e-10,1.3387267195467626e-10,1.338818822479221e-10,1.3389106046011847e-10,1.3390020669919153e-10,1.3390932107267084e-10,1.3391840368766425e-10,1.339274546512033e-10,1.3393647406924236e-10,1.3394546204812445e-10,1.3395441869345923e-10,1.3396334411067422e-10,1.339722384044434e-10,1.3398110167950576e-10,1.3398993404001904e-10,1.3399873558989018e-10,1.340075064325629e-10,1.340162466712032e-10,1.3402495640859314e-10,1.34033635747096e-10,1.340422847887683e-10,1.3405090363519293e-10,1.3405949238798926e-10,1.3406805114809265e-10,1.3407658001596304e-10,1.3408507909209496e-10,1.3409354847649784e-10,1.3410198826868467e-10,1.3411039856789775e-10,1.3411877947310871e-10,1.3412713108309602e-10,1.3413545349568182e-10,1.3414374680922624e-10,1.3415201112047733e-10,1.3416024652741693e-10,1.3416845312671186e-10,1.341766310149167e-10,1.341847802882389e-10,1.3419290104241714e-10,1.3420099337330422e-10,1.342090573759782e-10,1.3421709314533447e-10,1.3422510077593489e-10,1.3423308036202716e-10,1.3424103199752623e-10,1.3424895577587088e-10,1.3425685179051258e-10,1.342647201345336e-10,1.3427256090034763e-10,1.3428037418088434e-10,1.3428816006695113e-10,1.3429591865085505e-10,1.3430365002399976e-10,1.3431135427726072e-10,1.3431903150167116e-10,1.343266817872057e-10,1.3433430522451666e-10,1.343419019030167e-10,1.3434947191197587e-10,1.3435701534084324e-10,1.3436453227848555e-10,1.343720228134108e-10,1.3437948703398185e-10,1.343869250281733e-10,1.3439433688339421e-10,1.3440172268727947e-10,1.3440908252681609e-10,1.3441641648873903e-10,1.3442372465941517e-10,1.344310071250518e-10,1.3443826397150276e-10,1.3444549528437542e-10,1.3445270114906608e-10,1.3445988165028416e-10,1.3446703687284524e-10,1.3447416690114365e-10,1.3448127181894125e-10,1.3448835171038494e-10,1.3449540665935014e-10,1.3450243674881576e-10,1.3450944206162866e-10,1.3451642268058162e-10,1.345233786879889e-10,1.345303101664363e-10,1.345372171964502e-10,1.3454409986086853e-10,1.3455095824044066e-10,1.345577924162276e-10,1.3456460246900487e-10,1.345713884791143e-10,1.345781505266405e-10,1.3458488869170217e-10,1.3459160305408223e-10,1.3459829369281168e-10,1.3460496068675484e-10,1.346116041145279e-10,1.346182240555208e-10,1.346248205876706e-10,1.3463139378869474e-10,1.3463794373650804e-10,1.3464447050853195e-10,1.346509741819904e-10,1.3465745483385533e-10,1.3466391254068168e-10,1.3467034737894957e-10,1.3467675942479454e-10,1.3468314875409063e-10,1.346895154425187e-10,1.3469585956536562e-10,1.3470218119784064e-10,1.3470848041475688e-10,1.3471475729091215e-10,1.3472101189995692e-10,1.3472724431681027e-10,1.3473345461499294e-10,1.3473964286803556e-10,1.3474580914937016e-10,1.3475195353206698e-10,1.3475807608893906e-10,1.3476417689301107e-10,1.3477025601575255e-10,1.3477631352973234e-10,1.3478234950678937e-10,1.3478836401852442e-10,1.3479435713625183e-10,1.3480032893120292e-10,1.3480627947419902e-10,1.3481220883582318e-10,1.3481811708656083e-10,1.3482400429650562e-10,1.3482987053561054e-10,1.3483571587357054e-10,1.3484154037980645e-10,1.3484734412357098e-10,1.3485312717372815e-10,1.3485888959901438e-10,1.3486463146854917e-10,1.3487035284951094e-10,1.3487605381055161e-10,1.34881734419281e-10,1.348873947435573e-10,1.3489303485057888e-10,1.3489865480747077e-10,1.3490425468112288e-10,1.3490983453820692e-10,1.3491539444516253e-10,1.349209344682114e-10,1.3492645467330992e-10,1.3493195512625973e-10,1.3493743589256205e-10,1.3494289703755854e-10,1.349483386264206e-10,1.3495376072387652e-10,1.3495916339468536e-10,1.3496454670322707e-10,1.3496991071397574e-10,1.3497525549048273e-10,1.3498058109675467e-10,1.3498588759624787e-10,1.349911750525483e-10,1.3499644352876807e-10,1.3500169308765045e-10,1.350069237921125e-10,1.3501213570442471e-10,1.3501732888718409e-10,1.3502250340227687e-10,1.350276593114439e-10,1.3503279667655276e-10,1.3503791555880184e-10,1.350430160195835e-10,1.3504809811992781e-10,1.3505316192054449e-10,1.3505820748231286e-10,1.3506323486553738e-10,1.35068244130418e-10,1.3507323533693785e-10,1.3507820854492184e-10,1.3508316381406978e-10,1.3508810120359356e-10,1.3509302077278874e-10,1.350979225808186e-10,1.3510280668614447e-10,1.3510767314754393e-10,1.351125220233404e-10,1.3511735337190191e-10,1.3512216725116655e-10,1.3512696371895332e-10,1.3513174283286157e-10,1.351365046503175e-10,1.3514124922858565e-10,1.3514597662467816e-10,1.3515068689497552e-10,1.3515538009707448e-10,1.3516005628697013e-10,1.3516471552092412e-10,1.3516935785502777e-10,1.3517398334511724e-10,1.3517859204700966e-10,1.351831840161619e-10,1.351877593079014e-10,1.3519231797738492e-10,1.3519686007955537e-10,1.3520138566920284e-10,1.3520589480090528e-10,1.3521038752906285e-10,1.3521486390787103e-10,1.3521932399142288e-10,1.3522376783354976e-10,1.3522819548792596e-10,1.3523260700803362e-10,1.3523700244731382e-10,1.3524138185868762e-10,1.3524574529520211e-10,1.3525009280965932e-10,1.3525442445464457e-10,1.3525874028257113e-10,1.352630403456752e-10,1.3526732469604286e-10,1.3527159338556643e-10,1.3527584646596711e-10,1.3528008398880364e-10,1.3528430600543555e-10,1.3528851256706085e-10,1.3529270372470306e-10,1.3529687952920545e-10,1.3530104003130454e-10,1.3530518528148858e-10,1.3530931533011266e-10,1.353134302273552e-10,1.353175300232039e-10,1.353216147674961e-10,1.3532568450992056e-10,1.3532973929998522e-10,1.3533377918701706e-10,1.3533780421990808e-10,1.3534181444820647e-10,1.3534580992054095e-10,1.3534979068554304e-10,1.353537567917344e-10,1.3535770828747828e-10,1.353616452209565e-10,1.3536556764020892e-10,1.353694755931135e-10,1.3537336912735861e-10,1.3537724829049287e-10,1.3538111312989992e-10,1.3538496369280177e-10,1.353888000263117e-10,1.353926221772863e-10,1.3539643019251397e-10,1.354002241185875e-10,1.354040040019635e-10,1.3540776988892677e-10,1.3541152182559325e-10,1.3541525985791078e-10,1.3541898403177448e-10,1.3542269439280657e-10,1.3542639098654318e-10,1.3543007385834676e-10,1.354337430533963e-10,1.3543739861679018e-10,1.3544104059339572e-10,1.3544466902801413e-10,1.3544828396526268e-10,1.3545188544957037e-10,1.3545547352526394e-10,1.354590482365157e-10,1.354626096273241e-10,1.354661577415647e-10,1.354696926229647e-10,1.3547321431508305e-10,1.3547672286133393e-10,1.3548021830503853e-10,1.354837006893213e-10,1.354871700571696e-10,1.3549062645143305e-10,1.354940699148237e-10,1.3549750048990403e-10,1.3550091821909654e-10,1.355043231446784e-10,1.3550771530879465e-10,1.3551109475343684e-10,1.3551446152044688e-10,1.355178156515857e-10,1.3552115718839987e-10,1.3552448617233487e-10,1.3552780264467232e-10,1.3553110664661202e-10,1.3553439821916152e-10,1.355376774032049e-10,1.355409442395029e-10,1.3554419876866344e-10,1.3554744103114648e-10,1.35550671067319e-10,1.3555388891740845e-10,1.3555709462149376e-10,1.3556028821946286e-10,1.3556346975117657e-10,1.3556663925628013e-10,1.355697967743271e-10,1.3557294234473092e-10,1.355760760067799e-10,1.355791977995923e-10,1.3558230776223482e-10,1.355854059335223e-10,1.3558849235227312e-10,1.3559156705709488e-10,1.3559463008647692e-10,1.3559768147881526e-10,1.3560072127234177e-10,1.3560374950517532e-10,1.3560676621528628e-10,1.3560977144048222e-10,1.3561276521864697e-10,1.3561574758728963e-10,1.3561871858392563e-10,1.356216782459081e-10,1.3562462661046342e-10,1.356275637147318e-10,1.3563048959566353e-10,1.3563340429013908e-10,1.3563630783489653e-10,1.3563920026656256e-10,1.3564208162164046e-10,1.356449519364841e-10,1.3564781124735022e-10,1.3565065959040083e-10,1.3565349700161746e-10,1.3565632351689576e-10,1.3565913917204281e-10,1.356619440026786e-10,1.3566473804439722e-10,1.356675213325598e-10,1.3567029390254262e-10,1.3567305578936305e-10,1.3567580702817205e-10,1.3567854765392938e-10,1.35681277701475e-10,1.356839972054912e-10,1.356867062006172e-10,1.356894047213277e-10,1.3569209280197633e-10,1.356947704768587e-10,1.356974377800975e-10,1.3570009474571945e-10,1.3570274140763402e-10,1.3570537779965047e-10,1.3570800395546597e-10,1.357106199086349e-10,1.357132256926539e-10,1.3571582134086036e-10,1.3571840688650243e-10,1.3572098236271173e-10,1.35723547802517e-10,1.3572610323883146e-10,1.3572864870446485e-10,1.3573118423211054e-10,1.357337098543568e-10,1.3573622560368057e-10,1.3573873151243843e-10,1.3574122761292293e-10,1.3574371393727575e-10,1.3574619051754794e-10,1.35748657385689e-10,1.3575111457353008e-10,1.3575356211279543e-10,1.3575600003510288e-10,1.357584283719259e-10,1.3576084715481746e-10,1.3576325641492354e-10,1.3576565618363775e-10,1.3576804649197023e-10,1.3577042737092648e-10,1.3577279885142224e-10,1.3577516096418663e-10,1.3577751373996057e-10,1.3577985720938902e-10,1.3578219140288248e-10,1.3578451635083883e-10,1.3578683208361644e-10,1.357891386313532e-10,1.3579143602406853e-10,1.3579372429185918e-10,1.3579600346452345e-10,1.3579827357195284e-10,1.358005346437867e-10,1.3580278670955895e-10,1.3580502979884974e-10,1.3580726394106448e-10,1.3580948916545554e-10,1.3581170550123895e-10,1.3581391297753419e-10,1.358161116233306e-10,1.3581830146749257e-10,1.3582048253893074e-10,1.3582265486633257e-10,1.3582481847830807e-10,1.3582697340341285e-10,1.3582911967004408e-10,1.358312573065517e-10,1.3583338634119803e-10,1.3583550680202106e-10,1.3583761871731149e-10,1.3583972211490216e-10,1.3584181702259036e-10,1.3584390346833506e-10,1.3584598147976367e-10,1.3584805108447928e-10,1.3585011230995676e-10,1.358521651835457e-10,1.358542097327321e-10,1.358562459846853e-10,1.3585827396652765e-10,1.3586029370533584e-10,1.358623052279831e-10,1.358643085614824e-10,1.358663037326097e-10,1.3586829076801846e-10,1.358702696943259e-10,1.358722405380611e-10,1.358742033256575e-10,1.3587615808345908e-10,1.358781048377288e-10,1.3588004361464553e-10,1.3588197444028825e-10,1.3588389734066533e-10,1.3588581234168398e-10,1.3588771946918e-10,1.3588961874889433e-10,1.3589151020664216e-10,1.358933938676701e-10,1.358952697576625e-10,1.358971379019925e-10,1.358989983259968e-10,1.3590085105490044e-10,1.3590269611378727e-10,1.3590453352786388e-10,1.3590636332206427e-10,1.359081855212861e-10,1.3591000015036117e-10,1.3591180723402484e-10,1.3591360679681773e-10,1.3591539886354986e-10,1.3591718345859226e-10,1.3591896060637822e-10,1.3592073033123613e-10,1.3592249265740572e-10,1.359242476090871e-10,1.3592599521037319e-10,1.3592773548524096e-10,1.359294684576657e-10,1.3593119415148057e-10,1.359329125904789e-10,1.3593462379835104e-10,1.3593632779873685e-10,1.359380246151453e-10,1.3593971427108994e-10,1.3594139678990793e-10,1.3594307219495043e-10,1.359447405094066e-10,1.3594640175645682e-10,1.3594805595901348e-10,1.3594970314041755e-10,1.35951343323416e-10,1.359529765308853e-10,1.359546027855974e-10,1.359562221102449e-10,1.359578345274526e-10,1.359594400597783e-10,1.3596103872971406e-10,1.3596263055964434e-10,1.3596421557187165e-10,1.3596579378871477e-10,1.359673652323274e-10,1.3596892992481335e-10,1.3597048788821558e-10,1.3597203914449635e-10,1.3597358371555642e-10,1.3597512162319327e-10,1.3597665288905084e-10,1.359781775351719e-10,1.3597969558279056e-10,1.3598120705354918e-10,1.3598271196893996e-10,1.3598421035032026e-10,1.359857022188133e-10,1.3598718759608736e-10,1.359886665031235e-10,1.359901389610162e-10,1.3599160499083631e-10,1.3599306461351712e-10,1.3599451784998105e-10,1.3599596472106354e-10,1.3599740524752766e-10,1.3599883945006616e-10,1.360002673493074e-10,1.3600168896581204e-10,1.360031043200741e-10,1.360045134325202e-10,1.360059163235028e-10,1.3600731301331678e-10,1.3600870352218404e-10,1.3601008787025616e-10,1.3601146607762913e-10,1.3601283816433853e-10,1.360142041503367e-10,1.3601556405551143e-10,1.3601691789969205e-10,1.3601826570264204e-10,1.3601960748406118e-10,1.3602094326357313e-10,1.360222730607512e-10,1.3602359689511442e-10,1.360249147860714e-10,1.3602622675300456e-10,1.360275328152362e-10,1.360288329920074e-10,1.3603012730250243e-10,1.3603141576584563e-10,1.3603269840109439e-10,1.3603397522723835e-10,1.3603524626321612e-10,1.360365115279007e-10,1.3603777104009814e-10,1.3603902481854922e-10,1.360402728819489e-10,1.3604151524891514e-10,1.360427519380107e-10,1.3604398296773376e-10,1.360452083565398e-10,1.3604642812278632e-10,1.3604764228480504e-10,1.3604885086085832e-10,1.3605005386912664e-10,1.3605125132776472e-10,1.3605244325486487e-10,1.3605362966853857e-10,1.3605481058652654e-10,1.360559860268695e-10,1.3605715600735095e-10,1.3605832054577295e-10,1.3605947965988704e-10,1.3606063336735377e-10,1.3606178168577427e-10,1.3606292463268657e-10,1.3606406222560472e-10,1.3606519448198137e-10,1.3606632141916906e-10,1.360674430544845e-10,1.360685594052094e-10,1.3606967048852988e-10,1.3607077632161174e-10,1.360718769215617e-10,1.3607297230539328e-10,1.3607406249014177e-10,1.3607514749265353e-10,1.3607622732987532e-10,1.3607730201854548e-10,1.3607837157548491e-10,1.3607943601737774e-10,1.3608049536086914e-10,1.360815496224306e-10,1.3608259881889058e-10,1.3608364296648916e-10,1.3608468208168392e-10,1.3608571618107816e-10,1.360867452808462e-10,1.3608776939724867e-10,1.360887885465105e-10,1.3608980274479528e-10,1.3609081200813682e-10,1.3609181635275692e-10,1.360928157945147e-10,1.3609381034934152e-10,1.360948000333813e-10,1.3609578486233204e-10,1.3609676485186833e-10,1.3609774001797506e-10,1.3609871037622187e-10,1.3609967594218705e-10,1.3610063673148417e-10,1.3610159275971668e-10,1.3610254404234694e-10,1.3610349059501915e-10,1.361044324328344e-10,1.3610536957120121e-10,1.3610630202530995e-10,1.3610722981061284e-10,1.3610815294207132e-10,1.3610907143495982e-10,1.361099853044265e-10,1.3611089456530476e-10,1.3611179923270777e-10,1.3611269932169304e-10,1.361135948469106e-10,1.3611448582342943e-10,1.3611537226583494e-10,1.361162541890425e-10,1.3611713160764731e-10,1.3611800453634187e-10,1.3611887298967328e-10,1.361197369822406e-10,1.3612059652852878e-10,1.361214516429919e-10,1.3612230234004435e-10,1.361231486340253e-10,1.3612399053926461e-10,1.361248280700295e-10,1.3612566124053502e-10,1.3612649006497773e-10,1.361273145574393e-10,1.3612813473198114e-10,1.3612895060272642e-10,1.361297621836269e-10,1.3613056948860952e-10,1.3613137253158694e-10,1.3613217132640037e-10,1.361329658868581e-10,1.3613375622672514e-10,1.3613454235970954e-10,1.36135324299489e-10,1.3613610205968167e-10,1.3613687565386874e-10,1.3613764509559696e-10,1.3613841039836861e-10,1.361391715755969e-10,1.3613992864070775e-10,1.3614068160709004e-10,1.361414304880028e-10,1.3614217529673856e-10,1.3614291604650242e-10,1.3614365275054357e-10,1.3614438542198177e-10,1.3614511407389075e-10,1.361458387193908e-10,1.3614655937145629e-10,1.361472760430456e-10,1.3614798874705707e-10,1.3614869749641231e-10,1.361494023039623e-10,1.3615010318250053e-10,1.361508001447352e-10,1.361514932034991e-10,1.3615218237140704e-10,1.3615286766109696e-10,1.3615354908516762e-10,1.361542266561732e-10,1.3615490038656572e-10,1.3615557028892621e-10,1.3615623637563194e-10,1.3615689865898877e-10,1.3615755715145253e-10,1.36158211865357e-10,1.3615886281291493e-10,1.3615951000637308e-10,1.3616015345789265e-10,1.361607931796345e-10,1.3616142918372156e-10,1.3616206148219586e-10,1.3616269008710513e-10,1.3616331501041785e-10,1.361639362641096e-10,1.361645538600728e-10,1.36165167810185e-10,1.361657781262871e-10,1.361663848201529e-10,1.3616698790356597e-10,1.3616758738822452e-10,1.3616818328582474e-10,1.3616877560798587e-10,1.3616936436634116e-10,1.3616994957242359e-10,1.3617053123779202e-10,1.361711093739015e-10,1.3617168399222044e-10,1.3617225510415512e-10,1.3617282272108658e-10,1.361733868543709e-10,1.3617394751530647e-10,1.3617450471513426e-10,1.361750584651366e-10,1.361756087764483e-10,1.3617615566024737e-10,1.3617669912763733e-10,1.361772391897348e-10,1.3617777585757232e-10,1.3617830914214924e-10,1.3617883905445327e-10,1.3617936560539778e-10,1.3617988880594055e-10,1.3618040866690004e-10,1.3618092519911977e-10,1.361814384134024e-10,1.3618194832049772e-10,1.3618245493113824e-10,1.3618295825600284e-10,1.361834583057762e-10,1.3618395509106832e-10,1.3618444862245077e-10,1.3618493891048353e-10,1.3618542596569029e-10,1.3618590979854184e-10,1.3618639041949443e-10,1.3618686783893938e-10,1.3618734206730355e-10,1.3618781311490539e-10,1.3618828099205121e-10,1.3618874570905355e-10,1.361892072761191e-10,1.3618966570347824e-10,1.3619012100130186e-10,1.3619057317976058e-10,1.3619102224892585e-10,1.3619146821889243e-10,1.361919110997148e-10,1.3619235090140223e-10,1.3619278763393153e-10,1.3619322130726253e-10,1.361936519312875e-10,1.3619407951591199e-10,1.361945040709652e-10,1.3619492560632976e-10,1.3619534413171862e-10,1.3619575965691502e-10,1.3619617219161917e-10,1.3619658174554974e-10,1.3619698832834872e-10,1.361973919496505e-10,1.3619779261903894e-10,1.3619819034610662e-10,1.3619858514037835e-10,1.3619897701135626e-10,1.3619936596850232e-10,1.36199752021253e-10,1.3620013517904494e-10,1.3620051545128234e-10,1.362008928472298e-10,1.3620126737623997e-10,1.3620163904761042e-10,1.3620200787061362e-10,1.3620237385444653e-10,1.3620273700832488e-10,1.3620309734145093e-10,1.362034548628733e-10,1.362038095817522e-10,1.3620416150716017e-10,1.362045106481436e-10,1.3620485701372955e-10,1.3620520061289597e-10,1.3620554145460297e-10,1.3620587954779932e-10,1.3620621490135898e-10,1.362065475241705e-10,1.3620687742507471e-10,1.3620720461288373e-10,1.3620752909638348e-10,1.3620785088433026e-10,1.362081699854584e-10,1.3620848640846965e-10,1.3620880016199298e-10,1.362091112547468e-10,1.3620941969529353e-10,1.362097254922369e-10,1.3621002865413472e-10,1.3621032918952736e-10,1.3621062710689874e-10,1.3621092241473028e-10,1.3621121512147424e-10,1.3621150523555002e-10,1.3621179276534345e-10,1.3621207771923136e-10,1.362123601055458e-10,1.362126399326025e-10,1.3621291720867273e-10,1.3621319194203317e-10,1.362134641409024e-10,1.3621373381347877e-10,1.3621400096796303e-10,1.362142656124678e-10,1.362145277551334e-10,1.3621478740406942e-10,1.3621504456732348e-10,1.3621529925295005e-10,1.3621555146896808e-10,1.3621580122336505e-10,1.3621604852411116e-10,1.3621629337914415e-10,1.3621653579637927e-10,1.3621677578370273e-10,1.362170133489788e-10,1.3621724850003408e-10,1.3621748124469055e-10,1.3621771159073597e-10,1.3621793954592522e-10,1.3621816511798554e-10,1.3621838831463895e-10,1.3621860914356944e-10,1.362188276124385e-10,1.3621904372887887e-10,1.3621925750048217e-10,1.3621946893484838e-10,1.3621967803954146e-10,1.3621988482209475e-10,1.362200892900071e-10,1.3622029145078548e-10,1.3622049131187405e-10,1.3622068888070753e-10,1.3622088416471734e-10,1.3622107717129043e-10,1.362212679077857e-10,1.3622145638154353e-10,1.3622164259988503e-10,1.362218265701128e-10,1.3622200829947828e-10,1.3622218779523048e-10,1.3622236506460455e-10,1.3622254011478766e-10,1.362227129529622e-10,1.3622288358627652e-10,1.3622305202186112e-10,1.3622321826682464e-10,1.3622338232824473e-10,1.3622354421318355e-10,1.362237039286773e-10,1.3622386148173923e-10,1.362240168793623e-10,1.3622417012850841e-10,1.3622432123614595e-10,1.3622447020916338e-10,1.3622461705448038e-10,1.3622476177896412e-10,1.3622490438947803e-10,1.3622504489285533e-10,1.3622518329590142e-10,1.3622531960541134e-10,1.3622545382814793e-10,1.362255859708552e-10,1.3622571604025667e-10,1.362258440430542e-10,1.3622596998593833e-10,1.3622609387554218e-10,1.362262157185078e-10,1.3622633552146106e-10,1.362264532909771e-10,1.3622656903364423e-10,1.3622668275599987e-10,1.3622679446457819e-10,1.362269041658844e-10,1.3622701186640207e-10,1.3622711757259708e-10,1.362272212909112e-10,1.3622732302777504e-10,1.3622742278958324e-10,1.362275205827171e-10,1.362276164135392e-10,1.3622771028838614e-10,1.362278022135796e-10,1.362278921954191e-10,1.362279802401831e-10,1.3622806635411888e-10,1.3622815054347365e-10,1.3622823281445386e-10,1.3622831317326537e-10,1.3622839162608043e-10,1.362284681790579e-10,1.3622854283833243e-10,1.3622861561001986e-10,1.362286865002184e-10,1.3622875551500406e-10,1.362288226604331e-10,1.3622888794254229e-10,1.3622895136734693e-10,1.3622901294084916e-10,1.3622907266902255e-10,1.362291305578291e-10,1.3622918661320722e-10,1.3622924084108046e-10,1.3622929324734197e-10,1.362293438378825e-10,1.3622939261855826e-10,1.3622943959521368e-10,1.3622948477367616e-10,1.3622952815974746e-10,1.3622956975922096e-10,1.3622960957785783e-10,1.3622964762141022e-10,1.362296838956111e-10,1.3622971840616585e-10,1.3622975115877336e-10,1.3622978215910627e-10,1.3622981141282214e-10,1.3622983892555767e-10,1.3622986470293227e-10,1.3622988875054982e-10,1.3622991107399023e-10,1.362299316788189e-10,1.3622995057058357e-10,1.3622996775481406e-10,1.362299832370235e-10,1.362299970226993e-10,1.3623000911731895e-10,1.362300195263408e-10,1.3623002825520517e-10,1.3623003530933391e-10,1.3623004069412463e-10,1.362300444149716e-10,1.3623004647724322e-10,1.3623004688629357e-10,1.3623004564744742e-10,1.3623004276603293e-10,1.3623003824734477e-10,1.3623003209666549e-10,1.3623002431925947e-10,1.362300149203768e-10,1.3623000390524923e-10,1.3622999127909e-10,1.3622997704709805e-10,1.3622996121445472e-10,1.3622994378632107e-10,1.3622992476784414e-10,1.362299041641539e-10,1.3622988198036744e-10,1.3622985822157055e-10,1.362298328928569e-10,1.3622980599928713e-10,1.3622977754590004e-10,1.3622974753773837e-10,1.3622971597981157e-10,1.3622968287712029e-10,1.362296482346453e-10,1.3622961205734956e-10,1.3622957435018487e-10,1.3622953511808748e-10,1.36229494365971e-10,1.3622945209873853e-10,1.3622940832127925e-10,1.362293630384614e-10,1.3622931625513085e-10,1.3622926797613878e-10,1.3622921820630604e-10,1.3622916695043045e-10,1.362291142133097e-10,1.362290599997206e-10,1.362290043144259e-10,1.3622894716216625e-10,1.3622888854767073e-10,1.362288284756539e-10,1.3622876695081628e-10,1.3622870397784234e-10,1.3622863956139882e-10,1.3622857370613532e-10,1.362285064166955e-10,1.3622843769769906e-10,1.3622836755375952e-10,1.3622829598945782e-10,1.3622822300939325e-10,1.362281486181135e-10,1.3622807282016842e-10,1.3622799562009472e-10,1.3622791702240957e-10,1.3622783703162163e-10,1.3622775565221426e-10,1.3622767288867012e-10,1.3622758874543744e-10,1.3622750322698114e-10,1.3622741633771643e-10,1.362273280820647e-10,1.362272384644386e-10,1.362271474892189e-10,1.3622705516078059e-10,1.3622696148347014e-10,1.362268664616535e-10,1.36226770099664e-10,1.3622667240182405e-10,1.3622657337241931e-10,1.3622647301574826e-10,1.3622637133608802e-10,1.3622626833770002e-10,1.3622616402483293e-10,1.362260584017185e-10,1.3622595147258266e-10,1.3622584324164225e-10,1.3622573371306173e-10,1.3622562289104146e-10,1.3622551077974207e-10,1.3622539738332646e-10,1.3622528270591284e-10,1.3622516675166315e-10,1.362250495246658e-10,1.3622493102901908e-10,1.36224811268808e-10,1.3622469024811898e-10,1.3622456797100212e-10,1.3622444444150357e-10,1.3622431966365508e-10,1.3622419364148472e-10,1.3622406637899878e-10,1.3622393788016054e-10,1.362238081490044e-10,1.3622367718950505e-10,1.3622354500555611e-10,1.362234116011225e-10,1.3622327698015906e-10,1.3622314114655342e-10,1.3622300410422382e-10,1.3622286585705601e-10,1.3622272640894352e-10,1.3622258576373817e-10,1.3622244392529792e-10,1.362223008974637e-10,1.3622215668407555e-10,1.3622201128893923e-10,1.3622186471585902e-10,1.3622171696863814e-10,1.3622156805104087e-10,1.3622141796683546e-10,1.362212667197735e-10,1.3622111431362732e-10,1.3622096075211067e-10,1.3622080603890673e-10,1.3622065017780066e-10,1.3622049317243054e-10,1.3622033502649947e-10,1.3622017574367637e-10,1.36220015327603e-10,1.3621985378194141e-10,1.3621969111031945e-10,1.3621952731637147e-10,1.3621936240370018e-10,1.3621919637591127e-10,1.3621902923659252e-10,1.3621886098932418e-10,1.362186916376896e-10,1.3621852118519828e-10,1.3621834963540656e-10,1.3621817699185537e-10,1.3621800325806152e-10,1.3621782843753153e-10,1.3621765253376472e-10,1.3621747555025765e-10,1.3621729749046106e-10,1.3621711835784534e-10,1.3621693815586905e-10,1.362167568879649e-10,1.3621657455756964e-10,1.362163911680935e-10,1.3621620672295158e-10,1.3621602122553717e-10,1.3621583467923177e-10,1.3621564708741378e-10,1.3621545845344345e-10,1.3621526878067254e-10,1.3621507807244268e-10,1.3621488633208942e-10,1.362146935629237e-10,1.3621449976826222e-10,1.3621430495140338e-10,1.3621410911563277e-10,1.3621391226422692e-10,1.3621371440044708e-10,1.3621351552755404e-10,1.3621331564879138e-10,1.3621311476739935e-10,1.36212912886601e-10,1.3621271000960686e-10,1.3621250613962623e-10,1.3621230127983757e-10,1.362120954334354e-10,1.362118886035934e-10,1.3621168079347158e-10,1.3621147200621968e-10,1.362112622449833e-10,1.3621105151288401e-10,1.362108398130518e-10,1.3621062714859743e-10,1.362104135226601e-10,1.3621019893823303e-10,1.3620998339851154e-10,1.3620976690648202e-10,1.3620954946519113e-10,1.3620933107778199e-10,1.3620911174724774e-10,1.3620889147662168e-10,1.3620867026890609e-10,1.3620844812715787e-10,1.3620822505434126e-10,1.362080010534702e-10,1.3620777612751992e-10,1.3620755027946078e-10,1.362073235122655e-10,1.3620709582887124e-10,1.362068672322422e-10,1.362066377252978e-10,1.3620640731097836e-10,1.3620617599218896e-10,1.3620594377184055e-10,1.3620571065285016e-10,1.3620547663805875e-10,1.3620524173037941e-10,1.3620500593267374e-10,1.3620476924778765e-10,1.3620453167859428e-10,1.3620429322794313e-10,1.3620405389863117e-10,1.3620381369350838e-10,1.3620357261537732e-10,1.3620333066704995e-10,1.3620308785131165e-10,1.362028441709534e-10,1.3620259962875297e-10,1.3620235422748737e-10,1.3620210796991136e-10,1.3620186085877526e-10,1.3620161289682664e-10,1.362013640867881e-10,1.3620111443139055e-10,1.3620086393334701e-10,1.3620061259536642e-10,1.3620036042014711e-10,1.3620010741037373e-10,1.3619985356873208e-10,1.3619959889789364e-10,1.3619934340051793e-10,1.3619908707930434e-10,1.3619882993682133e-10,1.36198571975735e-10,1.3619831319868853e-10,1.361980536083007e-10,1.361977932071605e-10,1.361975319978985e-10,1.3619726998308663e-10,1.3619700716533768e-10,1.361967435472213e-10,1.3619647913128767e-10,1.3619621392013352e-10,1.361959479162947e-10,1.361956811223122e-10,1.3619541354074582e-10,1.361951451740861e-10,1.3619487602488733e-10,1.3619460609564264e-10,1.3619433538886148e-10,1.3619406390702652e-10,1.3619379165262205e-10,1.3619351862818407e-10,1.361932448361541e-10,1.3619297027897792e-10,1.3619269495913592e-10,1.3619241887902456e-10,1.3619214204115896e-10,1.361918644479285e-10,1.3619158610183857e-10,1.3619130700517413e-10,1.3619102716040364e-10,1.3619074656992985e-10,1.3619046523614347e-10,1.3619018316140504e-10,1.3618990034816344e-10,1.3618961679869508e-10,1.3618933251545646e-10,1.3618904750075746e-10,1.3618876175698914e-10,1.3618847528643944e-10,1.3618818809142404e-10,1.3618790017427506e-10,1.3618761153736736e-10,1.3618732218292263e-10,1.361870321133125e-10,1.3618674133083597e-10,1.361864498377561e-10,1.3618615763639965e-10,1.3618586472892367e-10,1.3618557111768294e-10,1.3618527680496782e-10,1.361849817929229e-10,1.3618468608385424e-10,1.3618438968000862e-10,1.3618409258357807e-10,1.361837947968284e-10,1.3618349632195166e-10,1.361831971611543e-10,1.361828973166454e-10,1.3618259679061785e-10,1.3618229558524517e-10,1.3618199370271345e-10,1.3618169114518275e-10,1.3618138791483877e-10,1.3618108401383397e-10,1.36180779444318e-10,1.3618047420843826e-10,1.3618016830833016e-10,1.361798617461194e-10,1.3617955452393305e-10,1.361792466438884e-10,1.361789381080982e-10,1.361786289186752e-10,1.361783190776927e-10,1.361780085872454e-10,1.361776974494244e-10,1.3617738566631089e-10,1.3617707323994687e-10,1.36176760172449e-10,1.3617644646580558e-10,1.3617613212212149e-10,1.3617581714342045e-10,1.361755015317632e-10,1.3617518528911446e-10,1.361748684175401e-10,1.3617455091904986e-10,1.361742327956726e-10,1.361739140493864e-10,1.3617359468218994e-10,1.3617327469609443e-10,1.361729540930612e-10,1.3617263287507864e-10,1.3617231104412298e-10,1.3617198860217409e-10,1.3617166555115355e-10,1.3617134189303629e-10,1.361710176297319e-10,1.3617069276324926e-10,1.3617036729548827e-10,1.361700412283998e-10,1.3616971456387781e-10,1.3616938730381739e-10,1.361690594501515e-10,1.3616873100480324e-10,1.3616840196964483e-10,1.3616807234655603e-10,1.361677421374224e-10,1.3616741134416997e-10,1.3616707996863533e-10,1.3616674801263099e-10,1.3616641547818932e-10,1.3616608236690943e-10,1.361657486808341e-10,1.3616541442173564e-10,1.3616507959145902e-10,1.3616474419187762e-10,1.361644082247531e-10,1.361640716919308e-10,1.361637345952394e-10,1.3616339693647748e-10,1.361630587174088e-10,1.3616271993986776e-10,1.3616238060564058e-10,1.3616204071646056e-10,1.361617002741742e-10,1.3616135928053416e-10,1.3616101773729938e-10,1.3616067564622977e-10,1.3616033300907867e-10,1.3615998982762934e-10,1.3615964610358857e-10,1.3615930183869835e-10,1.3615895703470406e-10,1.3615861169335024e-10,1.3615826581630523e-10,1.361579194053145e-10,1.3615757246209183e-10,1.3615722498833563e-10,1.3615687698575647e-10,1.3615652845603244e-10,1.3615617940091665e-10,1.361558298219795e-10,1.3615547972094907e-10,1.3615512909951357e-10,1.3615477795932747e-10,1.3615442630207853e-10,1.3615407412938935e-10,1.361537214429112e-10,1.361533682443275e-10,1.3615301453522102e-10,1.3615266031726476e-10,1.3615230559207895e-10,1.3615195036127487e-10,1.3615159462650853e-10,1.361512383893644e-10,1.3615088165146287e-10,1.361505244144183e-10,1.3615016667980246e-10,1.361498084492214e-10,1.361494497242622e-10,1.3614909050651148e-10,1.361487307975469e-10,1.361483705989358e-10,1.361480099122544e-10,1.3614764873906293e-10,1.3614728708091766e-10,1.3614692493937218e-10,1.3614656231597238e-10,1.3614619921226398e-10,1.3614583562978543e-10,1.3614547157008447e-10,1.3614510703465506e-10,1.361447420250352e-10,1.361443765427495e-10,1.3614401058930741e-10,1.3614364416621814e-10,1.3614327727498444e-10,1.361429099170973e-10,1.3614254209407317e-10,1.3614217380742068e-10,1.3614180505855486e-10,1.3614143584898033e-10,1.361410661801888e-10,1.36140696053638e-10,1.3614032547080547e-10,1.3613995443315e-10,1.3613958294212443e-10,1.361392109991793e-10,1.3613883860576333e-10,1.3613846576329727e-10,1.361380924732352e-10,1.3613771873703907e-10,1.3613734455610088e-10,1.36136969931912e-10,1.3613659486577323e-10,1.3613621935915642e-10,1.3613584341347199e-10,1.3613546703012704e-10,1.361350902105073e-10,1.361347129560425e-10,1.3613433526810376e-10,1.3613395714808035e-10,1.3613357859735878e-10,1.3613319961736244e-10,1.361328202093595e-10,1.361324403747767e-10,1.3613206011497986e-10,1.3613167943132448e-10,1.3613129832516665e-10,1.36130916797932e-10,1.3613053485083737e-10,1.361301524852813e-10,1.3612976970262023e-10,1.361293865041741e-10,1.3612900289127515e-10,1.3612861886525464e-10,1.3612823442743656e-10,1.3612784957912258e-10,1.3612746432164363e-10,1.36127078656301e-10,1.3612669258440236e-10,1.3612630610724247e-10,1.3612591922613226e-10,1.3612553194234702e-10,1.361251442571807e-10,1.3612475617192003e-10,1.361243676878451e-10,1.3612397880622883e-10,1.3612358952834762e-10,1.3612319985546376e-10,1.3612280978884718e-10,1.3612241932975209e-10,1.361220284794383e-10,1.3612163723912726e-10,1.3612124561010364e-10,1.3612085359361863e-10,1.361204611909089e-10,1.3612006840318024e-10,1.3611967523166244e-10,1.3611928167761892e-10,1.3611888774225858e-10,1.3611849342680058e-10,1.361180987324512e-10,1.361177036604313e-10,1.3611730821194512e-10,1.361169123881993e-10,1.3611651619039056e-10,1.3611611961971736e-10,1.3611572267741764e-10,1.361153253646155e-10,1.361149276824936e-10,1.3611452963224276e-10,1.3611413121506608e-10,1.3611373243213057e-10,1.361133332845898e-10,1.3611293377361936e-10,1.3611253390037836e-10,1.3611213366603243e-10,1.3611173307172927e-10,1.3611133211863026e-10,1.3611093080787674e-10,1.3611052914060566e-10,1.3611012711799676e-10,1.3610972474111873e-10,1.3610932201117288e-10,1.3610891892921615e-10,1.3610851549642196e-10,1.3610811171393342e-10,1.361077075828007e-10,1.3610730310419395e-10,1.3610689827923846e-10,1.3610649310896044e-10,1.3610608759450795e-10,1.3610568173713925e-10,1.361052755376458e-10,1.3610486899727585e-10,1.3610446211711622e-10,1.3610405489824504e-10,1.3610364734179156e-10,1.3610323944875486e-10,1.3610283122026927e-10,1.3610242265739144e-10,1.3610201376120297e-10,1.3610160453275205e-10,1.3610119497310993e-10,1.3610078508332672e-10,1.361003748644621e-10,1.3609996431753386e-10,1.360995534436717e-10,1.3609914224385647e-10,1.360987307191871e-10,1.3609831887064745e-10,1.3609790669926382e-10,1.360974942060958e-10,1.3609708139222006e-10,1.3609666825860578e-10,1.3609625480625914e-10,1.3609584103632992e-10,1.3609542694964086e-10,1.3609501254728153e-10,1.3609459783022604e-10,1.3609418279957192e-10,1.3609376745625998e-10,1.3609335180128833e-10,1.3609293583567306e-10,1.3609251956041508e-10,1.3609210297648483e-10,1.3609168608487664e-10,1.3609126888656536e-10,1.3609085138254658e-10,1.3609043357378725e-10,1.3609001546126903e-10,1.3608959704595036e-10,1.3608917832880757e-10,1.360887593108265e-10,1.3608833999293246e-10,1.3608792037608623e-10,1.36087500461267e-10,1.3608708024943607e-10,1.360866597414933e-10,1.3608623893842043e-10,1.360858178412019e-10,1.3608539645068563e-10,1.3608497476784695e-10,1.3608455279363293e-10,1.3608413052894998e-10,1.360837079747729e-10,1.3608328513197986e-10,1.3608286200152904e-10,1.3608243858435643e-10,1.3608201488131772e-10,1.3608159089335556e-10,1.360811666213677e-10,1.3608074206628202e-10,1.360803172290007e-10,1.3607989211046963e-10,1.3607946671148968e-10,1.3607904103300502e-10,1.360786150760035e-10,1.3607818884121197e-10,1.3607776232956282e-10,1.360773355419802e-10,1.3607690847932072e-10,1.3607648114247955e-10,1.3607605353228144e-10,1.3607562564976814e-10,1.360751974955685e-10,1.3607476907072134e-10,1.360743403760377e-10,1.3607391141237783e-10,1.3607348218061425e-10,1.360730526815085e-10,1.3607262291612435e-10,1.360721928851577e-10,1.36071762589492e-10,1.3607133202997456e-10,1.360709012074927e-10,1.3607047012269966e-10,1.3607003877666936e-10,1.3606960717014238e-10,1.3606917530384406e-10,1.3606874317881148e-10,1.3606831079577626e-10,1.3606787815566263e-10,1.3606744525909338e-10,1.3606701210697747e-10,1.3606657870013896e-10,1.3606614503937043e-10,1.360657111255583e-10,1.360652769594253e-10,1.3606484254180344e-10,1.3606440787349397e-10,1.3606397295531511e-10,1.360635377880502e-10,1.360631023724979e-10,1.3606266670945112e-10,1.3606223079970824e-10,1.3606179464405901e-10,1.3606135824329506e-10,1.3606092159817618e-10,1.36060484709504e-10,1.3606004757802593e-10,1.3605961020452528e-10,1.360591725899007e-10,1.360587347347752e-10,1.3605829663990712e-10,1.3605785830613472e-10,1.3605741973417716e-10,1.3605698092478194e-10,1.3605654187878082e-10,1.360561025968821e-10,1.3605566307985455e-10,1.3605522332845546e-10,1.360547833434021e-10,1.3605434312541417e-10,1.3605390267536273e-10,1.3605346199395712e-10,1.360530210818691e-10,1.3605257993978872e-10,1.3605213856845658e-10,1.3605169696873133e-10,1.3605125514132057e-10,1.3605081308688217e-10,1.3605037080613657e-10,1.3604992829990058e-10,1.3604948556883695e-10,1.3604904261363113e-10,1.3604859943503324e-10,1.3604815603374934e-10,1.360477124105096e-10,1.3604726856598865e-10,1.3604682450091037e-10,1.360463802160042e-10,1.3604593571194523e-10,1.360454909894505e-10,1.3604504604918732e-10,1.3604460089188094e-10,1.360441555182457e-10,1.3604370992892113e-10,1.360432641246014e-10,1.3604281810600887e-10,1.360423718737895e-10,1.3604192542862015e-10,1.3604147877127035e-10,1.3604103190233037e-10,1.3604058482249805e-10,1.3604013753248658e-10,1.360396900329047e-10,1.3603924232449312e-10,1.360387944078439e-10,1.360383462836537e-10,1.3603789795260205e-10,1.3603744941531893e-10,1.3603700067249135e-10,1.3603655172471357e-10,1.360361025727535e-10,1.360356532172179e-10,1.360352036587052e-10,1.3603475389794392e-10,1.3603430393551033e-10,1.360338537720768e-10,1.3603340340825884e-10,1.3603295284476494e-10,1.3603250208221847e-10,1.3603205112117552e-10,1.3603159996233176e-10,1.3603114860630422e-10,1.3603069705376457e-10,1.360302453053061e-10,1.3602979336157957e-10,1.3602934122316606e-10,1.3602888889070813e-10,1.360284363648402e-10,1.3602798364616165e-10,1.3602753073523287e-10,1.3602707763278576e-10,1.3602662433938374e-10,1.3602617085565439e-10,1.3602571718215727e-10,1.3602526331950632e-10,1.360248092683336e-10,1.3602435502925022e-10,1.3602390060283795e-10,1.360234459897856e-10,1.3602299119050953e-10,1.3602253620565639e-10,1.3602208103590819e-10,1.360216256818136e-10,1.3602117014395546e-10,1.3602071442292108e-10,1.3602025851930078e-10,1.3601980243370828e-10,1.3601934616659434e-10,1.3601888971870532e-10,1.3601843309052262e-10,1.360179762826611e-10,1.3601751929571478e-10,1.360170621302212e-10,1.3601660478669234e-10,1.3601614726578196e-10,1.3601568956808032e-10,1.36015231694125e-10,1.3601477364448372e-10,1.360143154195974e-10,1.360138570201993e-10,1.3601339844679818e-10,1.3601293969989765e-10,1.3601248078011635e-10,1.360120216879274e-10,1.3601156242397177e-10,1.3601110298876976e-10,1.360106433828663e-10,1.3601018360672813e-10,1.3600972366099267e-10,1.3600926354617487e-10,1.360088032628515e-10,1.3600834281150132e-10,1.3600788219277525e-10,1.3600742140703956e-10,1.360069604549623e-10,1.3600649933703813e-10,1.3600603805377535e-10,1.36005576605728e-10,1.3600511499339962e-10,1.3600465321733712e-10,1.360041912780577e-10,1.3600372917607682e-10,1.360032669119206e-10,1.3600280448599623e-10,1.3600234189904722e-10,1.3600187915145553e-10,1.3600141624378368e-10,1.360009531765002e-10,1.360004899501267e-10,1.360000265651605e-10,1.3599956302209297e-10,1.359990993215061e-10,1.3599863546385486e-10,1.3599817144962866e-10,1.3599770727935735e-10,1.3599724295350298e-10,1.359967784726185e-10,1.3599631383717237e-10,1.3599584904764017e-10,1.3599538410449157e-10,1.359949190083151e-10,1.3599445375949182e-10,1.3599398835860592e-10,1.3599352280610086e-10,1.3599305710242397e-10,1.3599259124813629e-10,1.3599212524367486e-10,1.3599165908954524e-10,1.359911927861972e-10,1.3599072633411612e-10,1.3599025973378322e-10,1.3598979298568338e-10,1.3598932609024504e-10,1.3598885904802001e-10,1.3598839185942336e-10,1.3598792452492117e-10,1.3598745704500913e-10,1.3598698942012514e-10,1.359865216507522e-10,1.3598605373734193e-10,1.3598558568035597e-10,1.3598511748025468e-10,1.3598464913751456e-10,1.3598418065254023e-10,1.3598371202585265e-10,1.3598324325785946e-10,1.3598277434902265e-10,1.3598230529984856e-10,1.3598183611071182e-10,1.3598136678208482e-10,1.3598089731441427e-10,1.3598042770810098e-10,1.359799579636897e-10,1.359794880815943e-10,1.3597901806221274e-10,1.3597854790604019e-10,1.3597807761341662e-10,1.359776071849081e-10,1.3597713662085791e-10,1.3597666592161384e-10,1.3597619508789232e-10,1.3597572411991016e-10,1.359752530181738e-10,1.3597478178303485e-10,1.359743104150085e-10,1.3597383891443333e-10,1.3597336728179687e-10,1.3597289551751027e-10,1.3597242362197076e-10,1.3597195159567767e-10,1.3597147943891204e-10,1.359710071521959e-10,1.359705347359128e-10,1.3597006219049046e-10,1.3596958951639548e-10,1.3596911671393708e-10,1.359686437835906e-10,1.35968170725728e-10,1.3596769754078748e-10,1.3596722422916472e-10,1.3596675079126766e-10,1.3596627722753137e-10,1.359658035383185e-10,1.3596532972404746e-10,1.3596485578512086e-10,1.3596438172194538e-10,1.3596390753485553e-10,1.3596343322434193e-10,1.3596295879075724e-10,1.3596248423450705e-10,1.3596200955599346e-10,1.3596153475558902e-10,1.359610598336989e-10,1.3596058479069716e-10,1.359601096269327e-10,1.3595963434287905e-10,1.3595915893889798e-10,1.359586834153446e-10,1.3595820777263738e-10,1.3595773201117128e-10,1.35957256131243e-10,1.3595678013330886e-10,1.35956304017702e-10,1.35955827784818e-10,1.3595535143505551e-10,1.3595487496877622e-10,1.3595439838633812e-10,1.3595392168813586e-10,1.3595344487456217e-10,1.3595296794594384e-10,1.3595249090266563e-10,1.35952013745078e-10,1.35951536473569e-10,1.359510590885039e-10,1.3595058159027205e-10,1.359501039792034e-10,1.3594962625564566e-10,1.3594914841996777e-10,1.3594867047255704e-10,1.3594819241377448e-10,1.3594771424394646e-10,1.3594723596340063e-10,1.3594675757264138e-10,1.3594627907188824e-10,1.3594580046146378e-10,1.359453217418177e-10,1.359448429132698e-10,1.3594436397617563e-10,1.3594388493088227e-10,1.3594340577770016e-10,1.3594292651701473e-10,1.3594244714917372e-10,1.3594196767451466e-10,1.3594148809334579e-10,1.3594100840608626e-10,1.359405286130191e-10,1.3594004871453914e-10,1.3593956871098762e-10,1.3593908860258811e-10,1.359386083897436e-10,1.359381280727947e-10,1.3593764765211868e-10,1.3593716712792363e-10,1.3593668650067457e-10,1.3593620577065892e-10,1.359357249382386e-10,1.359352440036565e-10,1.3593476296731657e-10,1.3593428182953048e-10,1.35933800590614e-10,1.3593331925089492e-10,1.3593283781069996e-10,1.359323562703875e-10,1.359318746302091e-10,1.3593139289050353e-10,1.3593091105164311e-10,1.3593042911394113e-10,1.3592994707765765e-10,1.3592946494314794e-10,1.3592898271075144e-10,1.3592850038074478e-10,1.3592801795344705e-10,1.3592753542919612e-10,1.3592705280825725e-10,1.3592657009099642e-10,1.3592608727767632e-10,1.359256043686516e-10,1.359251213641575e-10,1.3592463826454912e-10,1.3592415507016943e-10,1.359236717812905e-10,1.3592318839822366e-10,1.3592270492125635e-10,1.35922221350705e-10,1.3592173768686544e-10,1.3592125393004249e-10,1.3592077008053862e-10,1.3592028613864357e-10,1.3591980210464903e-10,1.3591931797887346e-10,1.3591883376161337e-10,1.359183494531109e-10,1.3591786505375046e-10,1.3591738056370696e-10,1.3591689598340919e-10,1.3591641131310454e-10,1.3591592655305768e-10,1.359154417035567e-10,1.3591495676489788e-10,1.3591447173736263e-10,1.359139866212496e-10,1.3591350141684296e-10,1.3591301612442576e-10,1.3591253074428173e-10,1.3591204527669637e-10,1.3591155972194468e-10,1.3591107408031635e-10,1.3591058835208488e-10,1.3591010253754396e-10,1.3590961663698117e-10,1.35909130650646e-10,1.3590864457884098e-10,1.3590815842180629e-10,1.3590767217983646e-10,1.3590718585323406e-10,1.359066994421924e-10,1.359062129470668e-10,1.3590572636809847e-10,1.3590523970554623e-10,1.3590475295970856e-10,1.3590426613087627e-10,1.3590377921927553e-10,1.3590329222516948e-10,1.3590280514883314e-10,1.3590231799059896e-10,1.3590183075060845e-10,1.3590134342919765e-10,1.359008560266535e-10,1.3590036854324564e-10,1.3589988097913356e-10,1.3589939333463953e-10,1.3589890561003e-10,1.3589841780555744e-10,1.3589792992147303e-10,1.3589744195805582e-10,1.358969539155566e-10,1.3589646579420484e-10,1.3589597759430424e-10,1.3589548931607958e-10,1.3589500095983815e-10,1.3589451252576564e-10,1.3589402401410992e-10,1.3589353542514058e-10,1.358930467591564e-10,1.3589255801632012e-10,1.3589206919692423e-10,1.3589158030122758e-10,1.3589109132943615e-10,1.358906022818494e-10,1.358901131586977e-10,1.3588962396022228e-10,1.3588913468667472e-10,1.358886453382933e-10,1.3588815591531007e-10,1.3588766641797206e-10,1.358871768465361e-10,1.358866872012614e-10,1.358861974823254e-10,1.3588570768999203e-10,1.358852178245177e-10,1.358847278862058e-10,1.3588423787511985e-10,1.3588374779159988e-10,1.3588325763589118e-10,1.358827674082296e-10,1.3588227710882325e-10,1.3588178673790995e-10,1.358812962957831e-10,1.3588080578255253e-10,1.358803151985147e-10,1.3587982454389757e-10,1.3587933381899157e-10,1.3587884302397623e-10,1.3587835215904032e-10,1.3587786122440208e-10,1.358773702203009e-10,1.3587687914702012e-10,1.358763880047684e-10,1.3587589679375583e-10,1.3587540551427329e-10,1.3587491416640728e-10,1.3587442275045485e-10,1.3587393126663143e-10,1.358734397151654e-10,1.358729480963381e-10,1.3587245641022892e-10,1.3587196465710332e-10,1.358714728372321e-10,1.3587098095083552e-10,1.3587048899809902e-10,1.3586999697927172e-10,1.358695048944919e-10,1.3586901274400167e-10,1.3586852052807737e-10,1.358680282469048e-10,1.358675359006875e-10,1.3586704348962867e-10,1.358665510140366e-10,1.35866058473931e-10,1.3586556586963768e-10,1.3586507320136364e-10,1.358645804693061e-10,1.3586408767367155e-10,1.3586359481480225e-10,1.358631018926441e-10,1.358626089075263e-10,1.3586211585973412e-10,1.358616227493381e-10,1.358611295766094e-10,1.358606363417456e-10,1.3586014304495168e-10,1.358596496864495e-10,1.358591562664805e-10,1.358586627851155e-10,1.358581692426261e-10,1.35857675639201e-10,1.3585718197506425e-10,1.3585668825042051e-10,1.3585619446545665e-10,1.358557006203432e-10,1.3585520671530433e-10,1.3585471275050858e-10,1.3585421872619858e-10,1.3585372464254357e-10,1.3585323049974038e-10,1.3585273629811455e-10,1.3585224203754518e-10,1.3585174771845455e-10,1.3585125334098307e-10,1.3585075890534e-10,1.3585026441169402e-10,1.3584976986031624e-10,1.3584927525125973e-10,1.3584878058489747e-10,1.3584828586117413e-10,1.358477910804042e-10,1.3584729624277517e-10,1.3584680134847125e-10,1.35846306397682e-10,1.358458113905993e-10,1.3584531632739158e-10,1.3584482120824275e-10,1.3584432603341734e-10,1.3584383080296016e-10,1.3584333551712717e-10,1.358428401760893e-10,1.358423447800387e-10,1.3584184932914142e-10,1.358413538235946e-10,1.3584085826351902e-10,1.3584036264920173e-10,1.3583986698076986e-10,1.358393712583872e-10,1.358388754822489e-10,1.3583837965252372e-10,1.358378837694011e-10,1.3583738783303366e-10,1.3583689184361813e-10,1.3583639580131872e-10,1.358358997063545e-10,1.3583540355881575e-10,1.3583490735891086e-10,1.3583441110683547e-10,1.3583391480273702e-10,1.358334184467266e-10,1.3583292203911037e-10,1.3583242557999685e-10,1.3583192906955946e-10,1.3583143250795407e-10,1.3583093589536332e-10,1.3583043923194644e-10,1.358299425178766e-10,1.3582944575331604e-10,1.3582894893837217e-10,1.3582845207333964e-10,1.358279551583293e-10,1.358274581934856e-10,1.3582696117899106e-10,1.3582646411500704e-10,1.358259670016933e-10,1.358254698392106e-10,1.3582497262773005e-10,1.3582447536741378e-10,1.3582397805841814e-10,1.3582348070090536e-10,1.3582298329504118e-10,1.3582248584098368e-10,1.3582198833889335e-10,1.358214907889246e-10,1.3582099319123963e-10,1.3582049554599205e-10,1.3581999785335082e-10,1.35819500113465e-10,1.3581900232649528e-10,1.35818504492597e-10,1.3581800661192687e-10,1.3581750868463768e-10,1.3581701071088974e-10,1.3581651269082977e-10,1.3581601462461945e-10,1.3581551651241536e-10,1.3581501835435245e-10,1.358145201506043e-10,1.3581402190131397e-10,1.358135236066328e-10,1.3581302526671558e-10,1.3581252688171993e-10,1.3581202845176816e-10,1.3581152997704076e-10,1.3581103145768033e-10,1.358105328938267e-10,1.358100342856241e-10,1.3580953563324002e-10,1.3580903693681568e-10,1.3580853819648633e-10,1.3580803941237167e-10,1.35807540584683e-10,1.3580704171354263e-10,1.3580654279908752e-10,1.3580604384146844e-10,1.3580554484081842e-10,1.3580504579728915e-10,1.3580454671101882e-10,1.3580404758215837e-10,1.3580354841084584e-10,1.3580304919714569e-10,1.3580254994135912e-10,1.3580205064355597e-10,1.3580155130385718e-10,1.358010519224162e-10,1.3580055249937195e-10,1.3580005303487493e-10,1.3579955352904958e-10,1.3579905398203415e-10,1.3579855439396032e-10,1.3579805476499337e-10,1.3579755509524517e-10,1.3579705538485819e-10,1.357965556339678e-10,1.357960558427142e-10,1.3579555601115748e-10,1.3579505613959278e-10,1.3579455622806574e-10,1.3579405627671864e-10,1.3579355628569005e-10,1.357930562551087e-10,1.3579255618510085e-10,1.3579205607581178e-10,1.3579155592735027e-10,1.3579105573986477e-10,1.3579055551349263e-10,1.3579005524836567e-10,1.3578955494457963e-10,1.3578905460231535e-10,1.3578855422167534e-10,1.357880538027976e-10,1.3578755334581486e-10,1.3578705285084323e-10,1.3578655231802295e-10,1.357860517474826e-10,1.357855511393426e-10,1.3578505049373656e-10,1.3578454981079724e-10,1.357840490906254e-10,1.3578354833336397e-10,1.3578304753913534e-10,1.357825467080776e-10,1.357820458402981e-10,1.3578154493592613e-10,1.35781043995095e-10,1.3578054301791575e-10,1.3578004200451946e-10,1.3577954095502615e-10,1.3577903986937858e-10,1.357785387480604e-10,1.3577803759101284e-10,1.357775363982033e-10,1.3577703517007577e-10,1.3577653390656687e-10,1.357760326078318e-10,1.3577553127393307e-10,1.3577502990505813e-10,1.3577452850128946e-10,1.3577402706276292e-10,1.3577352558958965e-10,1.3577302408188256e-10,1.3577252253975798e-10,1.3577202096334296e-10,1.3577151935276156e-10,1.357710177079866e-10,1.3577051602939604e-10,1.35770014316974e-10,1.357695125708448e-10,1.357690107911126e-10,1.357685089778992e-10,1.357680071313225e-10,1.3576750525148895e-10,1.3576700333851753e-10,1.3576650139252652e-10,1.3576599941361314e-10,1.3576549740190836e-10,1.357649953575277e-10,1.3576449328056168e-10,1.3576399117113174e-10,1.3576348902935638e-10,1.3576298685533723e-10,1.3576248464919424e-10,1.3576198241102897e-10,1.3576148014097032e-10,1.3576097783909899e-10,1.357604755055396e-10,1.3575997314040652e-10,1.3575947074379643e-10,1.3575896831582601e-10,1.3575846585660647e-10,1.3575796336623088e-10,1.3575746084482395e-10,1.3575695829248387e-10,1.357564557093241e-10,1.3575595309544683e-10,1.35755450450938e-10,1.3575494777594573e-10,1.3575444507053899e-10,1.3575394233484913e-10,1.3575343956896773e-10,1.3575293677300508e-10,1.3575243394705653e-10,1.3575193109123666e-10,1.3575142820564226e-10,1.357509252903827e-10,1.3575042234554844e-10,1.3574991937125516e-10,1.3574941636760568e-10,1.3574891333476678e-10,1.3574841027260013e-10,1.3574790718147847e-10,1.3574740406140536e-10,1.3574690091247192e-10,1.3574639773478392e-10,1.357458945284434e-10,1.3574539129342607e-10,1.357448880300736e-10,1.357443847383915e-10,1.3574388141843446e-10,1.3574337807032388e-10,1.3574287469415157e-10,1.3574237129004227e-10,1.357418678582618e-10,1.3574136439849214e-10,1.3574086091108668e-10,1.3574035739611302e-10,1.357398538536057e-10,1.3573935028375995e-10,1.3573884668664574e-10,1.3573834306233304e-10,1.3573783941094244e-10,1.3573733573254524e-10,1.3573683202726017e-10,1.3573632829515615e-10,1.3573582453638964e-10,1.3573532075096163e-10,1.357348169389962e-10,1.357343131006151e-10,1.3573380923591576e-10,1.3573330534496293e-10,1.3573280142782786e-10,1.3573229748465772e-10,1.3573179351552041e-10,1.3573128952051407e-10,1.3573078549971425e-10,1.357302814532381e-10,1.3572977738115617e-10,1.3572927328356257e-10,1.3572876916055075e-10,1.3572826501241795e-10,1.3572776083882647e-10,1.35727256640112e-10,1.3572675241631136e-10,1.357262481675404e-10,1.3572574389389274e-10,1.3572523959545222e-10,1.3572473527230372e-10,1.3572423092454747e-10,1.3572372655224404e-10,1.3572322215550552e-10,1.357227177343789e-10,1.357222132890116e-10,1.3572170881947747e-10,1.35721204325834e-10,1.3572069980818306e-10,1.3572019526660764e-10,1.3571969070118424e-10,1.3571918611196288e-10,1.3571868149914074e-10,1.3571817686272074e-10,1.3571767220280982e-10,1.3571716751948736e-10,1.357166628128299e-10,1.3571615808291293e-10,1.3571565332977283e-10,1.3571514855362523e-10,1.3571464375447884e-10,1.3571413893243222e-10,1.3571363408755141e-10,1.357131292199182e-10,1.3571262432966756e-10,1.3571211941677837e-10,1.3571161448139087e-10,1.357111095235923e-10,1.3571060454343867e-10,1.357100995410334e-10,1.357095945164599e-10,1.3570908946996908e-10,1.3570858440126568e-10,1.3570807931064098e-10,1.3570757419814292e-10,1.3570706906386664e-10,1.3570656390787645e-10,1.35706058730273e-10,1.3570555353115113e-10,1.3570504831055e-10,1.357045430685308e-10,1.357040378052779e-10,1.3570353252084537e-10,1.3570302721515917e-10,1.3570252188838883e-10,1.357020165406381e-10,1.3570151117195855e-10,1.3570100578244416e-10,1.3570050037215185e-10,1.3569999494125538e-10,1.3569948948966493e-10,1.3569898401752446e-10,1.3569847852492002e-10,1.3569797301191757e-10,1.356974674786101e-10,1.3569696192503893e-10,1.356964563513085e-10,1.3569595075750678e-10,1.3569544514367554e-10,1.3569493950990994e-10,1.3569443385626122e-10,1.3569392818284338e-10,1.356934224896839e-10,1.3569291677677753e-10,1.356924110444033e-10,1.356919052925254e-10,1.356913995212038e-10,1.3569089373051028e-10,1.3569038792056087e-10,1.3568988209136716e-10,1.3568937624302874e-10,1.3568887037561675e-10,1.356883644892097e-10,1.3568785858377007e-10,1.3568735265958782e-10,1.356868467165726e-10,1.3568634075485644e-10,1.3568583477448493e-10,1.3568532877554235e-10,1.3568482275808272e-10,1.35684316722178e-10,1.3568381066791317e-10,1.356833045953091e-10,1.356827985046205e-10,1.356822923956356e-10,1.3568178626866333e-10,1.3568128012356608e-10,1.3568077396058157e-10,1.3568026777960446e-10,1.356797615808144e-10,1.3567925536428267e-10,1.3567874913004712e-10,1.3567824287818015e-10,1.3567773660874532e-10,1.3567723032192893e-10,1.3567672401759957e-10,1.3567621769589715e-10,1.356757113569026e-10,1.3567520500049844e-10,1.3567469862711684e-10,1.3567419223665573e-10,1.35673685829033e-10,1.3567317940453693e-10,1.3567267296313674e-10,1.3567216650492113e-10,1.3567166002996385e-10,1.3567115353825505e-10,1.3567064702991457e-10,1.3567014050498157e-10,1.35669633963539e-10,1.3566912740564043e-10,1.3566862083111782e-10,1.356681142404995e-10,1.3566760763362519e-10,1.3566710101055054e-10,1.3566659437132964e-10,1.356660877160368e-10,1.3566558104469912e-10,1.3566507435745496e-10,1.3566456765431223e-10,1.356640609353131e-10,1.3566355420054782e-10,1.3566304745010103e-10,1.3566254068400916e-10,1.3566203390231718e-10,1.3566152710509943e-10,1.356610202923537e-10,1.3566051346430483e-10,1.3566000662087106e-10,1.3565949976216561e-10,1.356589928882329e-10,1.3565848599913494e-10,1.356579790949373e-10,1.3565747217568384e-10,1.3565696524143735e-10,1.3565645829227154e-10,1.3565595132822935e-10,1.3565544434938983e-10,1.356549373558149e-10,1.3565443034736215e-10,1.3565392332445985e-10,1.3565341628697847e-10,1.3565290923498274e-10,1.3565240216852065e-10,1.3565189508752468e-10,1.3565138799230044e-10,1.3565088088279513e-10,1.3565037375904752e-10,1.356498666211018e-10,1.356493594689101e-10,1.3564885230280994e-10,1.356483451226938e-10,1.3564783792853787e-10,1.3564733072055188e-10,1.3564682349873684e-10,1.3564631626313123e-10,1.3564580901381999e-10,1.3564530175083948e-10,1.3564479447414892e-10,1.3564428718387929e-10,1.3564377988016892e-10,1.3564327256300723e-10,1.3564276523231403e-10,1.3564225788841815e-10,1.3564175053122764e-10,1.3564124316080268e-10,1.3564073577726024e-10,1.3564022838050157e-10,1.3563972097047014e-10,1.356392135476362e-10,1.356387061118929e-10,1.3563819866309434e-10,1.3563769120150854e-10,1.3563718372711845e-10,1.3563667623996355e-10,1.3563616874009922e-10,1.3563566122757272e-10,1.356351537025288e-10,1.356346461648637e-10,1.356341386146969e-10,1.3563363105206764e-10,1.3563312347701603e-10,1.3563261588964479e-10,1.3563210829001532e-10,1.3563160067810986e-10,1.3563109305402462e-10,1.3563058541779362e-10,1.3563007776945647e-10,1.3562957010907932e-10,1.3562906243672163e-10,1.3562855475242112e-10,1.3562804705621332e-10,1.356275393481689e-10,1.356270316283491e-10,1.356265238967873e-10,1.3562601615361636e-10,1.356255083987034e-10,1.3562500063227081e-10,1.356244928541132e-10,1.3562398506436381e-10,1.3562347726338775e-10,1.3562296945109265e-10,1.3562246162734666e-10,1.3562195379230505e-10,1.3562144594602146e-10,1.3562093808849913e-10,1.3562043021984987e-10,1.3561992234009416e-10,1.3561941444928938e-10,1.356189065472963e-10,1.356183986345015e-10,1.3561789071096828e-10,1.3561738277639748e-10,1.3561687483099281e-10,1.3561636687478212e-10,1.3561585890785163e-10,1.3561535093025418e-10,1.3561484294182575e-10,1.3561433494296865e-10,1.3561382693363525e-10,1.3561331891374284e-10,1.3561281088338238e-10,1.3561230284252937e-10,1.3561179479139182e-10,1.356112867299532e-10,1.3561077865820525e-10,1.3561027057622926e-10,1.3560976248408945e-10,1.3560925438180215e-10,1.3560874626942012e-10,1.356082381469991e-10,1.3560773001458129e-10,1.3560722187220258e-10,1.356067137198973e-10,1.356062055576341e-10,1.356056973856081e-10,1.3560518920381112e-10,1.3560468101227064e-10,1.3560417281103672e-10,1.3560366460016053e-10,1.3560315637964652e-10,1.3560264814956098e-10,1.3560213990994988e-10,1.3560163166093896e-10,1.3560112340241777e-10,1.356006151346418e-10,1.356001068573931e-10,1.355995985708127e-10,1.3559909027503715e-10,1.3559858196995964e-10,1.3559807365570059e-10,1.3559756533227862e-10,1.3559705699976617e-10,1.3559654865820896e-10,1.355960403076419e-10,1.3559553194809458e-10,1.355950235795749e-10,1.3559451520215022e-10,1.3559400681575877e-10,1.3559349842067866e-10,1.3559299001687133e-10,1.3559248160420785e-10,1.3559197318295244e-10,1.3559146475308173e-10,1.3559095631460352e-10,1.355904478675518e-10,1.3558993941197698e-10,1.3558943094792307e-10,1.3558892247536685e-10,1.3558841399445003e-10,1.3558790550516441e-10,1.3558739700755385e-10,1.3558688850165323e-10,1.3558637998750052e-10,1.3558587146514904e-10,1.3558536293463276e-10,1.3558485439597501e-10,1.355843458491194e-10,1.355838372943158e-10,1.3558332873145828e-10,1.3558282016066454e-10,1.355823115819289e-10,1.3558180299530309e-10,1.3558129440082282e-10,1.3558078579850828e-10,1.3558027718840888e-10,1.3557976857057536e-10,1.3557925994501697e-10,1.3557875131173402e-10,1.3557824267088917e-10,1.355777340224622e-10,1.3557722536646046e-10,1.3557671670291842e-10,1.3557620803190608e-10,1.3557569935339127e-10,1.3557519066761033e-10,1.3557468197430157e-10,1.3557417327382514e-10,1.355736645659821e-10,1.3557315585085754e-10,1.3557264712848913e-10,1.355721383990098e-10,1.3557162966232975e-10,1.3557112091851534e-10,1.355706121676212e-10,1.355701034096711e-10,1.3556959464467248e-10,1.3556908587274134e-10,1.3556857709391646e-10,1.3556806830814274e-10,1.3556755951551824e-10,1.3556705071607368e-10,1.3556654190974724e-10,1.3556603309665829e-10,1.355655242769135e-10,1.3556501545047478e-10,1.3556450661739078e-10,1.3556399777767605e-10,1.3556348893129062e-10,1.355629800784495e-10,1.355624712190947e-10,1.3556196235325322e-10,1.3556145348095693e-10,1.355609446022415e-10,1.3556043571714943e-10,1.355599268257139e-10,1.3555941792797406e-10,1.3555890902394182e-10,1.3555840011365656e-10,1.3555789119718662e-10,1.3555738227444071e-10,1.355568733456258e-10,1.3555636441064985e-10,1.3555585546964313e-10,1.3555534652260445e-10,1.3555483756955548e-10,1.3555432861052681e-10,1.355538196454937e-10,1.3555331067477845e-10,1.3555280169802832e-10,1.3555229271537823e-10,1.3555178372694482e-10,1.355512747327604e-10,1.355507657327736e-10,1.35550256727085e-10,1.3554974771576332e-10,1.3554923869865463e-10,1.3554872967601855e-10,1.3554822064777837e-10,1.3554771161398708e-10,1.3554720257466728e-10,1.3554669352982437e-10,1.3554618447954595e-10,1.3554567542384208e-10,1.35545166362742e-10,1.355446572962519e-10,1.3554414822442624e-10,1.3554363914730106e-10,1.3554313006489065e-10,1.3554262097723494e-10,1.3554211188438164e-10,1.355416027863287e-10,1.3554109368305283e-10,1.3554058457471005e-10,1.3554007546127164e-10,1.3553956634279277e-10,1.3553905721926076e-10,1.3553854809074041e-10,1.3553803895722302e-10,1.3553752981878371e-10,1.3553702067537445e-10,1.3553651152717132e-10,1.355360023740988e-10,1.3553549321622838e-10,1.355349840534515e-10,1.355344748860038e-10,1.3553396571381942e-10,1.355334565369221e-10,1.3553294735556436e-10,1.3553243816930125e-10,1.355319289784287e-10,1.3553141978301976e-10,1.3553091058305215e-10,1.3553040137854195e-10,1.3552989216955407e-10,1.3552938295604254e-10,1.3552887373811225e-10,1.3552836451578672e-10,1.3552785528904977e-10,1.3552734605798017e-10,1.3552683682259788e-10,1.3552632758289042e-10,1.3552581833887093e-10,1.3552530909065162e-10,1.355247998382205e-10,1.3552429058159973e-10,1.3552378132080822e-10,1.3552327205589364e-10,1.3552276278687302e-10,1.3552225351376675e-10,1.3552174423660766e-10,1.355212349554251e-10,1.355207256701685e-10,1.35520216381043e-10,1.3551970708795115e-10,1.3551919779084945e-10,1.355186884899756e-10,1.3551817918527802e-10,1.35517669876714e-10,1.3551716056433906e-10,1.3551665124816964e-10,1.355161419282598e-10,1.3551563260443072e-10,1.3551512327708407e-10,1.355146139460671e-10,1.3551410461142404e-10,1.35513595273183e-10,1.3551308593132448e-10,1.355125765858963e-10,1.355120672369558e-10,1.355115578844805e-10,1.3551104852851e-10,1.3551053916903967e-10,1.355100298061859e-10,1.3550952043991568e-10,1.3550901107018535e-10,1.355085016971698e-10,1.3550799232081638e-10,1.355074829411677e-10,1.3550697355823572e-10,1.3550646417199104e-10,1.3550595478257157e-10,1.3550544538993463e-10,1.3550493599413185e-10,1.3550442659516724e-10,1.3550391719307337e-10,1.3550340778787649e-10,1.3550289837959784e-10,1.3550238896825188e-10,1.355018795538939e-10,1.3550137013641697e-10,1.3550086071605278e-10,1.3550035129278352e-10,1.354998418665266e-10,1.3549933243733763e-10,1.3549882300529292e-10,1.354983135703949e-10,1.354978041326492e-10,1.3549729469209543e-10,1.3549678524876446e-10,1.3549627580267078e-10,1.354957663540728e-10,1.3549525690249127e-10,1.354947474482218e-10,1.3549423799129154e-10,1.3549372853175721e-10,1.354932190696221e-10,1.3549270960485493e-10,1.3549220013743494e-10,1.3549169066751852e-10,1.354911811950498e-10,1.3549067172010957e-10,1.3549016224270068e-10,1.354896527628998e-10,1.3548914328059674e-10,1.3548863379588596e-10,1.3548812430878158e-10,1.3548761481931523e-10,1.354871053274975e-10,1.3548659583337392e-10,1.3548608633706244e-10,1.3548557683836623e-10,1.3548506733741935e-10,1.3548455783425047e-10,1.354840483289272e-10,1.3548353882136506e-10,1.354830293116359e-10,1.3548251979977523e-10,1.3548201028579834e-10,1.354815007697544e-10,1.3548099125160747e-10,1.3548048173141007e-10,1.3547997220944623e-10,1.354794626852187e-10,1.3547895315888285e-10,1.3547844363074196e-10,1.3547793410067056e-10,1.354774245686409e-10,1.3547691503475644e-10,1.3547640549895782e-10,1.3547589596131774e-10,1.3547538642183295e-10,1.3547487688055707e-10,1.3547436733747523e-10,1.3547385779262578e-10,1.3547334824613704e-10,1.354728386978206e-10,1.354723291478017e-10,1.354718195960999e-10,1.3547131004271547e-10,1.3547080048769927e-10,1.3547029093107266e-10,1.354697813728465e-10,1.354692718130443e-10,1.3546876225168743e-10,1.3546825268879588e-10,1.354677431243877e-10,1.3546723355847815e-10,1.3546672399113619e-10,1.354662144223046e-10,1.3546570485203204e-10,1.3546519528034704e-10,1.3546468570729653e-10,1.354641761328542e-10,1.354636665570563e-10,1.3546315697993117e-10,1.3546264740149165e-10,1.3546213782176364e-10,1.3546162824076245e-10,1.3546111865853082e-10,1.354606090750143e-10,1.354600994903454e-10,1.3545958990447248e-10,1.3545908031743925e-10,1.3545857072923204e-10,1.354580611398987e-10,1.3545755154955448e-10,1.3545704195798708e-10,1.3545653236536155e-10,1.3545602277168378e-10,1.3545551317697987e-10,1.3545500358130085e-10,1.3545449398484668e-10,1.3545398438718953e-10,1.3545347478853265e-10,1.3545296518881533e-10,1.3545245558830102e-10,1.3545194598685042e-10,1.3545143638455917e-10,1.3545092678143074e-10,1.3545041717759863e-10,1.354499075727648e-10,1.3544939796713367e-10,1.354488883607014e-10,1.3544837875354483e-10,1.3544786914557093e-10,1.3544735953689028e-10,1.354468499275907e-10,1.3544634031751058e-10,1.3544583070676224e-10,1.3544532109534654e-10,1.3544481148329283e-10,1.3544430187067358e-10,1.3544379225740133e-10,1.3544328264355465e-10,1.3544277302915374e-10,1.354422634141891e-10,1.354417537986861e-10,1.3544124418267443e-10,1.3544073456616266e-10,1.3544022494920053e-10,1.3543971533176764e-10,1.35439205714077e-10,1.3543869609581295e-10,1.3543818647739333e-10,1.3543767685830605e-10,1.3543716723885463e-10,1.354366576190457e-10,1.354361479989046e-10,1.3543563837869544e-10,1.3543512875794927e-10,1.3543461913691837e-10,1.3543410951589366e-10,1.354335998943527e-10,1.3543309027258362e-10,1.3543258065060418e-10,1.3543207102840443e-10,1.3543156140596149e-10,1.3543105178345498e-10,1.3543054216079875e-10,1.3543003253805422e-10,1.3542952291520634e-10,1.3542901329222583e-10,1.3542850366916672e-10,1.3542799404624812e-10,1.3542748442306084e-10,1.354269747998824e-10,1.3542646517668726e-10,1.3542595555349968e-10,1.354254459305908e-10,1.3542493630763851e-10,1.3542442668457557e-10,1.3542391706173036e-10,1.354234074390044e-10,1.354228978162236e-10,1.3542238819356959e-10,1.3542187857105796e-10,1.354213689486764e-10,1.354208593264914e-10,1.3542034970464138e-10,1.3541984008284733e-10,1.354193304613206e-10,1.3541882083999253e-10,1.3541831121886824e-10,1.3541780159805807e-10,1.3541729197754714e-10,1.3541678235731147e-10,1.3541627273754647e-10,1.3541576311820928e-10,1.3541525349928071e-10,1.3541474388033832e-10,1.3541423426187629e-10,1.354137246438496e-10,1.3541321502619136e-10,1.354127054089996e-10,1.3541219579226277e-10,1.3541168617593848e-10,1.354111765600824e-10,1.3541066694472573e-10,1.3541015732988344e-10,1.3540964771549033e-10,1.3540913810168328e-10,1.354086284884322e-10,1.3540811887575034e-10,1.354076092636577e-10,1.3540709965216048e-10,1.354065900412659e-10,1.3540608043100053e-10,1.3540557082138204e-10,1.3540506121245006e-10,1.354045516041624e-10,1.354040419965649e-10,1.3540353238970618e-10,1.3540302278352664e-10,1.3540251317807998e-10,1.3540200357342176e-10,1.3540149396948796e-10,1.3540098436641567e-10,1.354004747640459e-10,1.353999651624837e-10,1.3539945556174716e-10,1.3539894596185158e-10,1.353984363628067e-10,1.3539792676466346e-10,1.353974171674006e-10,1.353969075710687e-10,1.3539639797529451e-10,1.3539588838071458e-10,1.3539537878702435e-10,1.3539486919448027e-10,1.3539435960274906e-10,1.3539385001199667e-10,1.353933404222739e-10,1.3539283083336656e-10,1.3539232124564772e-10,1.3539181165899275e-10,1.3539130207331726e-10,1.353907924886103e-10,1.353902829051724e-10,1.3538977332277022e-10,1.3538926374151955e-10,1.3538875416130058e-10,1.353882445822869e-10,1.3538773500443444e-10,1.3538722542781717e-10,1.3538671585225895e-10,1.3538620627788588e-10,1.3538569670472914e-10,1.353851871327928e-10,1.353846775620792e-10,1.3538416799262998e-10,1.3538365842442785e-10,1.3538314885748728e-10,1.3538263929183925e-10,1.3538212972736722e-10,1.3538162016435162e-10,1.3538111060265413e-10,1.3538060104227576e-10,1.35380091483307e-10,1.3537958192567263e-10,1.3537907236933835e-10,1.3537856281442788e-10,1.3537805326095877e-10,1.353775437088587e-10,1.3537703415819732e-10,1.353765246089982e-10,1.3537601506134292e-10,1.3537550551505968e-10,1.353749959704689e-10,1.353744864271573e-10,1.3537397688550653e-10,1.3537346734523992e-10,1.3537295780649007e-10,1.3537244826928972e-10,1.3537193873367003e-10,1.3537142919973195e-10,1.353709196672897e-10,1.353704101364124e-10,1.3536990060694772e-10,1.3536939107932283e-10,1.353688815532661e-10,1.3536837202914683e-10,1.3536786250656439e-10,1.3536735298553554e-10,1.3536684346623982e-10,1.3536633394858502e-10,1.353658244327583e-10,1.3536531491855146e-10,1.3536480540608011e-10,1.3536429589542548e-10,1.3536378638644646e-10,1.3536327687930066e-10,1.3536276737395746e-10,1.353622578703654e-10,1.3536174836870708e-10,1.3536123886873125e-10,1.3536072937053265e-10,1.3536021987425173e-10,1.353597103799528e-10,1.3535920088738345e-10,1.3535869139672643e-10,1.3535818190787316e-10,1.3535767242101762e-10,1.3535716293605197e-10,1.353566534530196e-10,1.3535614397193113e-10,1.3535563449277097e-10,1.3535512501561144e-10,1.3535461554049613e-10,1.353541060673205e-10,1.3535359659610015e-10,1.3535308712683065e-10,1.3535257765970917e-10,1.3535206819449796e-10,1.3535155873140764e-10,1.3535104927049487e-10,1.35350539811537e-10,1.3535003035463495e-10,1.3534952090001917e-10,1.3534901144734962e-10,1.353485019969503e-10,1.3534799254841486e-10,1.3534748310202653e-10,1.353469736578737e-10,1.3534646421590885e-10,1.3534595477612005e-10,1.353454453385061e-10,1.3534493590290856e-10,1.3534442646956407e-10,1.3534391703858087e-10,1.3534340760975676e-10,1.3534289818323767e-10,1.3534238875895016e-10,1.353418793369439e-10,1.353413699172242e-10,1.3534086049976795e-10,1.353403510846278e-10,1.3533984167179243e-10,1.3533933226115575e-10,1.3533882285297143e-10,1.3533831344711888e-10,1.3533780404362886e-10,1.353372946425003e-10,1.353367852437631e-10,1.3533627584738178e-10,1.3533576645338557e-10,1.3533525706183748e-10,1.3533474767264334e-10,1.3533423828605518e-10,1.3533372890167944e-10,1.353332195198184e-10,1.353327101403638e-10,1.3533220076344137e-10,1.3533169138903146e-10,1.3533118201707193e-10,1.3533067264771317e-10,1.3533016328071107e-10,1.3532965391641276e-10,1.353291445544617e-10,1.353286351951286e-10,1.3532812583833965e-10,1.3532761648427323e-10,1.3532710713256397e-10,1.3532659778353896e-10,1.3532608843701973e-10,1.3532557909314147e-10,1.3532506975190038e-10,1.353245604133947e-10,1.3532405107754107e-10,1.3532354174423508e-10,1.3532303241355305e-10,1.3532252308554094e-10,1.3532201376007367e-10,1.353215044373645e-10,1.3532099511741008e-10,1.3532048580009036e-10,1.3531997648555015e-10,1.3531946717375675e-10,1.3531895786470428e-10,1.353184485583803e-10,1.353179392548342e-10,1.3531742995399018e-10,1.3531692065582615e-10,1.3531641136044088e-10,1.353159020679386e-10,1.353153927783251e-10,1.3531488349152815e-10,1.353143742076785e-10,1.3531386492650694e-10,1.3531335564821696e-10,1.3531284637282392e-10,1.3531233710025335e-10,1.3531182783031948e-10,1.3531131856357808e-10,1.3531080929956766e-10,1.3531030003850212e-10,1.3530979078041807e-10,1.3530928152521752e-10,1.3530877227302457e-10,1.3530826302370432e-10,1.353077537774742e-10,1.3530724453398873e-10,1.353067352935702e-10,1.353062260560701e-10,1.353057168216246e-10,1.3530520759018083e-10,1.3530469836173554e-10,1.3530418913626226e-10,1.3530367991387157e-10,1.353031706945522e-10,1.3530266147818812e-10,1.3530215226493643e-10,1.3530164305469058e-10,1.3530113384749763e-10,1.3530062464340433e-10,1.3530011544246396e-10,1.352996062446368e-10,1.35299097050006e-10,1.352985878582302e-10,1.3529807866975488e-10,1.3529756948446702e-10,1.352970603022817e-10,1.3529655112323455e-10,1.3529604194735196e-10,1.352955327746042e-10,1.35295023605128e-10,1.3529451443880266e-10,1.3529400527568734e-10,1.3529349611576086e-10,1.3529298695904978e-10,1.3529247780558317e-10,1.352919686553604e-10,1.3529145950832154e-10,1.3529095036462144e-10,1.3529044122414748e-10,1.352899320869585e-10,1.3528942295294424e-10,1.352889138223304e-10,1.352884046949415e-10,1.3528789557092876e-10,1.3528738645022772e-10,1.3528687733285038e-10,1.352863682187311e-10,1.3528585910795322e-10,1.352853500005475e-10,1.3528484089639748e-10,1.352843317957519e-10,1.3528382269847805e-10,1.3528331360463557e-10,1.352828045141187e-10,1.352822954270578e-10,1.3528178634344516e-10,1.352812772632099e-10,1.3528076818626422e-10,1.3528025911295084e-10,1.3527975004295145e-10,1.3527924097645926e-10,1.3527873191360746e-10,1.3527822285405868e-10,1.352777137979885e-10,1.3527720474534473e-10,1.3527669569622532e-10,1.3527618665064394e-10,1.352756776085422e-10,1.3527516856997578e-10,1.3527465953496998e-10,1.3527415050349131e-10,1.3527364147551206e-10,1.3527313245106532e-10,1.3527262343022355e-10,1.3527211441287222e-10,1.3527160539911687e-10,1.3527109638899068e-10,1.3527058738245652e-10,1.352700783794792e-10,1.3526956938038536e-10,1.352690603847044e-10,1.3526855139257652e-10,1.3526804240418318e-10,1.3526753341931704e-10,1.3526702443810443e-10,1.3526651546048762e-10,1.3526600648671384e-10,1.3526549751656203e-10,1.3526498855000784e-10,1.3526447958723833e-10,1.3526397062814303e-10,1.3526346167275686e-10,1.3526295272098572e-10,1.3526244377302952e-10,1.3526193482881168e-10,1.3526142588829147e-10,1.3526091695155618e-10,1.352604080185578e-10,1.3525989908930734e-10,1.3525939016382837e-10,1.3525888124215004e-10,1.352583723241191e-10,1.3525786341000595e-10,1.352573544996706e-10,1.3525684559308668e-10,1.3525633669037245e-10,1.352558277914208e-10,1.3525531889617658e-10,1.352548100049284e-10,1.3525430111768303e-10,1.3525379223413822e-10,1.3525328335448436e-10,1.35252774478518e-10,1.3525226560651613e-10,1.3525175673845482e-10,1.3525124787427875e-10,1.3525073901399692e-10,1.3525023015765263e-10,1.352497213051785e-10,1.3524921245662327e-10,1.3524870361196632e-10,1.352481947712178e-10,1.3524768593444474e-10,1.352471771015829e-10,1.3524666827272195e-10,1.3524615944782453e-10,1.3524565062689406e-10,1.3524514180999715e-10,1.352446329970183e-10,1.3524412418802083e-10,1.3524361538303052e-10,1.3524310658199462e-10,1.352425977850912e-10,1.352420889920605e-10,1.352415802031834e-10,1.3524107141852174e-10,1.3524056263767864e-10,1.3524005386088847e-10,1.3523954508814347e-10,1.3523903631947688e-10,1.352385275548302e-10,1.352380187941689e-10,1.352375100377134e-10,1.3523700128535054e-10,1.3523649253706592e-10,1.352359837929086e-10,1.3523547505287397e-10,1.3523496631694373e-10,1.352344575851158e-10,1.3523394885746384e-10,1.3523344013384431e-10,1.3523293141444946e-10,1.3523242269923766e-10,1.3523191398811733e-10,1.3523140528125515e-10,1.352308965784945e-10,1.3523038787983423e-10,1.3522987918551732e-10,1.3522937049546621e-10,1.3522886180945753e-10,1.3522835312761518e-10,1.352278444500602e-10,1.352273357767227e-10,1.3522682710766753e-10,1.3522631844279745e-10,1.3522580978218802e-10,1.3522530112591313e-10,1.3522479247377527e-10,1.3522428382590274e-10,1.3522377518223964e-10,1.3522326654290212e-10,1.3522275790786604e-10,1.352222492770831e-10,1.3522174065080872e-10,1.3522123202865802e-10,1.3522072341080323e-10,1.3522021479727052e-10,1.3521970618806494e-10,1.3521919758315152e-10,1.352186889826032e-10,1.352181803863239e-10,1.3521767179447118e-10,1.3521716320696245e-10,1.352166546238263e-10,1.3521614604501068e-10,1.3521563747065507e-10,1.3521512890048541e-10,1.3521462033484834e-10,1.3521411177370878e-10,1.3521360321679735e-10,1.3521309466437116e-10,1.3521258611633794e-10,1.3521207757272103e-10,1.352115690335563e-10,1.3521106049878702e-10,1.3521055196839544e-10,1.3521004344253452e-10,1.3520953492115585e-10,1.3520902640417987e-10,1.3520851789167928e-10,1.3520800938371058e-10,1.352075008801419e-10,1.3520699238103908e-10,1.3520648388643578e-10,1.3520597539632666e-10,1.3520546691070895e-10,1.3520495842950525e-10,1.352044499528995e-10,1.352039414808247e-10,1.3520343301329126e-10,1.3520292455028226e-10,1.352024160917745e-10,1.3520190763783013e-10,1.352013991884642e-10,1.3520089074362846e-10,1.352003823033181e-10,1.3519987386761928e-10,1.3519936543647596e-10,1.3519885700993905e-10,1.3519834858814567e-10,1.351978401706597e-10,1.3519733175796232e-10,1.3519682334983977e-10,1.3519631494623717e-10,1.3519580654727909e-10,1.351952981529655e-10,1.351947897633363e-10,1.3519428137834588e-10,1.351937729979194e-10,1.3519326462213114e-10,1.3519275625097385e-10,1.351922478846085e-10,1.3519173952279586e-10,1.3519123116571426e-10,1.3519072281324558e-10,1.351902144654531e-10,1.3518970612234875e-10,1.351891977839306e-10,1.3518868945020994e-10,1.3518818112119887e-10,1.3518767279689389e-10,1.3518716447730758e-10,1.3518665616246048e-10,1.351861478523215e-10,1.3518563954689359e-10,1.351851312461982e-10,1.3518462295026484e-10,1.3518411465907756e-10,1.3518360637265776e-10,1.3518309809099805e-10,1.3518258981410465e-10,1.351820815419784e-10,1.351815732745931e-10,1.3518106501202856e-10,1.351805567542819e-10,1.3518004850121825e-10,1.3517954025297886e-10,1.3517903200952217e-10,1.351785237709557e-10,1.3517801553720934e-10,1.351775073082894e-10,1.3517699908411713e-10,1.3517649086485553e-10,1.3517598265033357e-10,1.3517547444076175e-10,1.3517496623608952e-10,1.3517445803619126e-10,1.3517394984111828e-10,1.3517344165097959e-10,1.3517293346571818e-10,1.351724252853267e-10,1.351719171098944e-10,1.3517140893924753e-10,1.3517090077354561e-10,1.3517039261272246e-10,1.3516988445678345e-10,1.3516937630555885e-10,1.35168868159446e-10,1.3516836001828924e-10,1.3516785188193663e-10,1.351673437505937e-10,1.351668356241925e-10,1.351663275026873e-10,1.351658193862684e-10,1.3516531127470758e-10,1.3516480316814091e-10,1.3516429506638583e-10,1.3516378696974682e-10,1.351632788780842e-10,1.351627707913974e-10,1.35162262709702e-10,1.351617546329183e-10,1.351612465612746e-10,1.35160738494571e-10,1.3516023043281413e-10,1.3515972237609838e-10,1.3515921432442598e-10,1.3515870627772193e-10,1.3515819823608728e-10,1.351576901995313e-10,1.3515718216805525e-10,1.3515667414157812e-10,1.3515616612013258e-10,1.3515565810372854e-10,1.3515515009234299e-10,1.3515464208604622e-10,1.351541340848361e-10,1.3515362608866366e-10,1.3515311809760382e-10,1.3515261011149721e-10,1.3515210213060288e-10,1.351515941546931e-10,1.3515108618438364e-10,1.351505782188e-10,1.351500702582234e-10,1.3514956230289334e-10,1.3514905435264367e-10,1.3514854640744833e-10,1.3514803846745066e-10,1.3514753053279644e-10,1.3514702260307217e-10,1.351465146784921e-10,1.3514600675904585e-10,1.3514549884475654e-10,1.3514499093561273e-10,1.35144483031577e-10,1.3514397513279267e-10,1.351434672391482e-10,1.3514295935067608e-10,1.3514245146743088e-10,1.351419435893885e-10,1.351414357165155e-10,1.351409278486462e-10,1.351404199863144e-10,1.3513991212905513e-10,1.3513940427699477e-10,1.3513889643034376e-10,1.3513838858869833e-10,1.3513788075231048e-10,1.3513737292112788e-10,1.351368650953868e-10,1.3513635727475843e-10,1.3513584945933142e-10,1.3513534164912864e-10,1.351348338442077e-10,1.3513432604451339e-10,1.3513381825011873e-10,1.3513331046098487e-10,1.3513280267713192e-10,1.351322948984495e-10,1.3513178712510198e-10,1.3513127935721247e-10,1.3513077159428953e-10,1.3513026383684868e-10,1.351297560848496e-10,1.3512924833846355e-10,1.351287405970394e-10,1.3512823286078404e-10,1.351277251297773e-10,1.351272174041626e-10,1.3512670968391237e-10,1.3512620196905426e-10,1.351256942595485e-10,1.3512518655537863e-10,1.3512467885655738e-10,1.351241711630991e-10,1.351236634750197e-10,1.3512315579228575e-10,1.3512264811497428e-10,1.3512214044298323e-10,1.3512163277646522e-10,1.351211251152275e-10,1.3512061745934056e-10,1.3512010980897434e-10,1.3511960216366054e-10,1.3511909452384813e-10,1.3511858688960462e-10,1.35118079260747e-10,1.3511757163725433e-10,1.3511706401917594e-10,1.3511655640642894e-10,1.351160487992718e-10,1.3511554119766403e-10,1.351150336013723e-10,1.3511452601051817e-10,1.3511401842505696e-10,1.3511351084511038e-10,1.3511300327051305e-10,1.351124957013541e-10,1.3511198813776662e-10,1.3511148057972e-10,1.3511097302707688e-10,1.3511046547971703e-10,1.351099579380078e-10,1.3510945040178113e-10,1.35108942871072e-10,1.3510843534586329e-10,1.3510792782605628e-10,1.3510742031215824e-10,1.3510691280356092e-10,1.351064053003499e-10,1.3510589780261163e-10,1.351053903104146e-10,1.3510488282374982e-10,1.351043753426611e-10,1.3510386786705544e-10,1.3510336039696362e-10,1.3510285293228293e-10,1.351023454732078e-10,1.3510183801967557e-10,1.351013305717963e-10,1.3510082312937988e-10,1.351003156926303e-10,1.3509980826139654e-10,1.3509930083568484e-10,1.3509879341550386e-10,1.3509828600088274e-10,1.350977785919175e-10,1.3509727118859846e-10,1.350967637909478e-10,1.3509625639892627e-10,1.3509574901241112e-10,1.3509524163167895e-10,1.3509473425645443e-10,1.35094226886627e-10,1.3509371952251593e-10,1.35093212164015e-10,1.35092704811271e-10,1.350921974640826e-10,1.3509169012257437e-10,1.350911827866457e-10,1.3509067545635451e-10,1.350901681317262e-10,1.3508966081269798e-10,1.3508915349935076e-10,1.3508864619166726e-10,1.3508813888964846e-10,1.3508763159309928e-10,1.350871243023177e-10,1.350866170172416e-10,1.3508610973789039e-10,1.3508560246402354e-10,1.3508509519605684e-10,1.350845879337827e-10,1.3508408067713454e-10,1.3508357342624578e-10,1.3508306618100897e-10,1.3508255894161658e-10,1.3508205170786414e-10,1.350815444796634e-10,1.3508103725734228e-10,1.3508053004072523e-10,1.350800228297971e-10,1.350795156245067e-10,1.3507900842499409e-10,1.350785012313198e-10,1.3507799404337454e-10,1.3507748686113968e-10,1.3507697968469064e-10,1.3507647251399837e-10,1.3507596534901263e-10,1.3507545818994209e-10,1.3507495103654458e-10,1.350744438889061e-10,1.3507393674698259e-10,1.350734296107347e-10,1.3507292248040432e-10,1.3507241535584282e-10,1.3507190823690196e-10,1.350714011237864e-10,1.3507089401662167e-10,1.3507038691528166e-10,1.3506987981951347e-10,1.350693727297281e-10,1.3506886564558352e-10,1.3506835856746198e-10,1.3506785149517687e-10,1.3506734442864745e-10,1.3506683736796226e-10,1.350663303132374e-10,1.3506582326420824e-10,1.3506531622112077e-10,1.350648091838219e-10,1.3506430215237294e-10,1.350637951267031e-10,1.350632881068825e-10,1.350627810929861e-10,1.3506227408497324e-10,1.3506176708295147e-10,1.3506126008661837e-10,1.3506075309618108e-10,1.3506024611162724e-10,1.350597391327869e-10,1.35059232160003e-10,1.350587251931992e-10,1.3505821823224956e-10,1.3505771127703253e-10,1.3505720432770397e-10,1.3505669738437907e-10,1.3505619044695555e-10,1.350556835156655e-10,1.3505517659013916e-10,1.3505466967040245e-10,1.3505416275655123e-10,1.3505365584872692e-10,1.35053148946773e-10,1.350526420507235e-10,1.3505213516068915e-10,1.350516282765532e-10,1.3505112139834584e-10,1.3505061452612238e-10,1.35050107659851e-10,1.3504960079952671e-10,1.3504909394517426e-10,1.3504858709673454e-10,1.3504808025421976e-10,1.3504757341781669e-10,1.350470665872977e-10,1.3504655976277098e-10,1.3504605294421549e-10,1.350455461315792e-10,1.3504503932499236e-10,1.3504453252440365e-10,1.3504402572979485e-10,1.3504351894118764e-10,1.3504301215856917e-10,1.350425053817778e-10,1.350419986111798e-10,1.3504149184658239e-10,1.3504098508791922e-10,1.3504047833522082e-10,1.3503997158880696e-10,1.3503946484822942e-10,1.350389581137285e-10,1.3503845138527514e-10,1.350379446628158e-10,1.350374379464325e-10,1.3503693123607399e-10,1.3503642453176992e-10,1.3503591783351174e-10,1.3503541114130264e-10,1.3503490445514777e-10,1.3503439777499428e-10,1.3503389110095078e-10,1.350333844330601e-10,1.3503287777114067e-10,1.35032371115211e-10,1.3503186446543555e-10,1.3503135782182834e-10,1.3503085118423132e-10,1.3503034455271928e-10,1.3502983792729524e-10,1.3502933130795234e-10,1.3502882469465782e-10,1.350283180875113e-10,1.3502781148653917e-10,1.350273048916201e-10,1.3502679830275185e-10,1.3502629171983838e-10,1.3502578514323784e-10,1.3502527857258954e-10,1.3502477200823932e-10,1.350242654498611e-10,1.3502375889772283e-10,1.3502325235175132e-10,1.3502274581192238e-10,1.3502223927831063e-10,1.350217327507584e-10,1.3502122622943107e-10,1.350207197141782e-10,1.350202132049268e-10,1.3501970670197505e-10,1.3501920020516193e-10,1.3501869371452423e-10,1.3501818723005972e-10,1.3501768075176342e-10,1.3501717427969988e-10,1.3501666781355285e-10,1.350161613537838e-10,1.3501565490022294e-10,1.350151484526217e-10,1.3501464201139223e-10,1.350141355764142e-10,1.3501362914759162e-10,1.3501312272495245e-10,1.350126163085222e-10,1.3501210989832306e-10,1.3501160349424335e-10,1.350110970965095e-10,1.3501059070472495e-10,1.3501008431933334e-10,1.3500957794017872e-10,1.350090715672044e-10,1.3500856520017642e-10,1.3500805883967418e-10,1.3500755248542636e-10,1.3500704613741075e-10,1.350065397956354e-10,1.3500603346007314e-10,1.3500552713078968e-10,1.350050208077428e-10,1.350045144909593e-10,1.3500400818036775e-10,1.3500350187614898e-10,1.350029955781427e-10,1.3500248928641005e-10,1.3500198300093468e-10,1.3500147672174636e-10,1.350009704487589e-10,1.3500046418211093e-10,1.3499995792172833e-10,1.3499945166762791e-10,1.3499894541969614e-10,1.349984391781707e-10,1.3499793294274754e-10,1.3499742671381018e-10,1.349969204911538e-10,1.3499641427482818e-10,1.3499590806478377e-10,1.349954018610737e-10,1.3499489566366978e-10,1.349943894725329e-10,1.349938832877647e-10,1.3499337710928668e-10,1.349928709370909e-10,1.3499236477123716e-10,1.3499185861173645e-10,1.3499135245856093e-10,1.3499084631177241e-10,1.3499034017130717e-10,1.349898340371867e-10,1.3498932790936018e-10,1.3498882178796018e-10,1.3498831567288093e-10,1.3498780956415412e-10,1.349873034617473e-10,1.3498679736572508e-10,1.3498629127605884e-10,1.3498578519277491e-10,1.3498527911585472e-10,1.3498477304534986e-10,1.349842669811695e-10,1.3498376092337694e-10,1.3498325487194503e-10,1.349827488269058e-10,1.349822427882686e-10,1.3498173675599464e-10,1.349812307301657e-10,1.349807247107448e-10,1.3498021869752782e-10,1.3497971269082898e-10,1.3497920669033617e-10,1.3497870069646202e-10,1.3497819470894208e-10,1.3497768872790358e-10,1.3497718275327352e-10,1.3497667678506016e-10,1.3497617082322582e-10,1.3497566486770622e-10,1.349751589187739e-10,1.3497465297627074e-10,1.349741470401898e-10,1.3497364111061233e-10,1.3497313518741703e-10,1.3497262927064151e-10,1.3497212336029146e-10,1.3497161745645335e-10,1.34971111559033e-10,1.3497060566806718e-10,1.349700997835627e-10,1.3496959390544484e-10,1.349690880338514e-10,1.3496858216856873e-10,1.3496807630988595e-10,1.3496757045768475e-10,1.3496706461197428e-10,1.3496655877266736e-10,1.3496605293990377e-10,1.349655471136277e-10,1.3496504129380737e-10,1.3496453548048257e-10,1.3496402967366614e-10,1.349635238733338e-10,1.3496301807950112e-10,1.3496251229215179e-10,1.3496200651132842e-10,1.3496150073700937e-10,1.3496099496915837e-10,1.3496048920784995e-10,1.3495998345304182e-10,1.3495947770468751e-10,1.349589719627409e-10,1.3495846622755418e-10,1.349579604988251e-10,1.3495745477662528e-10,1.3495694906095466e-10,1.3495644335181515e-10,1.3495593764921192e-10,1.3495543195301926e-10,1.3495492626349554e-10,1.3495442058051e-10,1.3495391490407073e-10,1.3495340923416882e-10,1.349529035708253e-10,1.3495239791405158e-10,1.3495189226377168e-10,1.3495138662007645e-10,1.3495088098294278e-10,1.349503753523885e-10,1.3494986972834357e-10,1.3494936411090923e-10,1.3494885850007414e-10,1.3494835289579345e-10,1.3494784729809192e-10,1.349473417069784e-10,1.349468361223871e-10,1.3494633054444808e-10,1.3494582497308517e-10,1.349453194083056e-10,1.3494481384989575e-10,1.3494430829830817e-10,1.3494380275329013e-10,1.3494329721488233e-10,1.3494279168319945e-10,1.34942286158031e-10,1.3494178063953944e-10,1.349412751276348e-10,1.3494076962219791e-10,1.34940264123376e-10,1.3493975863130404e-10,1.3493925314584159e-10,1.349387476669808e-10,1.3493824219473898e-10,1.349377367291457e-10,1.3493723127016053e-10,1.3493672581785797e-10,1.3493622037218582e-10,1.3493571493315775e-10,1.349352095006579e-10,1.3493470407491472e-10,1.349341986558152e-10,1.3493369324337329e-10,1.3493318783758962e-10,1.3493268243845166e-10,1.3493217704589648e-10,1.3493167166002376e-10,1.3493116628088154e-10,1.3493066090833064e-10,1.3493015554244435e-10,1.3492965018330853e-10,1.3492914483073492e-10,1.34928639484944e-10,1.3492813414589761e-10,1.3492762881345752e-10,1.3492712348771494e-10,1.349266181686486e-10,1.3492611285628398e-10,1.3492560755063048e-10,1.3492510225168583e-10,1.349245969593277e-10,1.3492409167373662e-10,1.3492358639485893e-10,1.3492308112268254e-10,1.349225758573801e-10,1.349220705985568e-10,1.3492156534649022e-10,1.3492106010095835e-10,1.3492055486230426e-10,1.3492004963041692e-10,1.3491954440523468e-10,1.349190391865121e-10,1.3491853397474083e-10,1.3491802876975604e-10,1.3491752357143667e-10,1.3491701837986942e-10,1.349165131951219e-10,1.3491600801707056e-10,1.349155028457696e-10,1.349149976812005e-10,1.3491449252339624e-10,1.349139873723162e-10,1.3491348222794901e-10,1.3491297709033602e-10,1.3491247195949274e-10,1.3491196683546352e-10,1.349114617181881e-10,1.3491095660764436e-10,1.3491045150390272e-10,1.3490994640687984e-10,1.3490944131666995e-10,1.349089362332168e-10,1.349084311565672e-10,1.349079260866925e-10,1.3490742102366738e-10,1.3490691596731334e-10,1.3490641091778384e-10,1.3490590587505277e-10,1.349054008391968e-10,1.3490489580996573e-10,1.3490439078761026e-10,1.3490388577199035e-10,1.3490338076321e-10,1.3490287576130682e-10,1.34902370766201e-10,1.349018657778111e-10,1.3490136079628589e-10,1.3490085582156122e-10,1.3490035085357217e-10,1.3489984589251584e-10,1.348993409382729e-10,1.34898835990832e-10,1.3489833105015203e-10,1.348978261163566e-10,1.3489732118938361e-10,1.3489681626930257e-10,1.3489631135600395e-10,1.3489580644953897e-10,1.3489530154992137e-10,1.3489479665714e-10,1.348942917712402e-10,1.348937868921292e-10,1.3489328201987948e-10,1.3489277715454953e-10,1.3489227229611872e-10,1.3489176744436264e-10,1.3489126259956835e-10,1.3489075776161877e-10,1.348902529305092e-10,1.3488974810628193e-10,1.3488924328888313e-10,1.3488873847843185e-10,1.3488823367476966e-10,1.3488772887805056e-10,1.3488722408820833e-10,1.3488671930520593e-10,1.3488621452904514e-10,1.348857097597293e-10,1.3488520499739506e-10,1.348847002419965e-10,1.348841954934106e-10,1.3488369075169682e-10,1.3488318601683082e-10,1.3488268128897505e-10,1.3488217656793933e-10,1.3488167185377785e-10,1.3488116714657704e-10,1.3488066244627936e-10,1.3488015775291007e-10,1.348796530665006e-10,1.3487914838682673e-10,1.3487864371415486e-10,1.348781390483973e-10,1.3487763438957748e-10,1.34877129737615e-10,1.3487662509269697e-10,1.3487612045456355e-10,1.3487561582336849e-10,1.3487511119921462e-10,1.3487460658191195e-10,1.348741019715876e-10,1.3487359736818835e-10,1.3487309277173844e-10,1.3487258818222925e-10,1.348720835996665e-10,1.3487157902401774e-10,1.3487107445530428e-10,1.3487056989351823e-10,1.3487006533873062e-10,1.3486956079091347e-10,1.3486905625005566e-10,1.3486855171615526e-10,1.3486804718918387e-10,1.348675426692095e-10,1.3486703815628686e-10,1.3486653365024288e-10,1.3486602915116707e-10,1.3486552465906489e-10,1.348650201739607e-10,1.3486451569581514e-10,1.3486401122459288e-10,1.3486350676033365e-10,1.3486300230310467e-10,1.3486249785285966e-10,1.348619934095791e-10,1.3486148897335753e-10,1.3486098454406004e-10,1.3486048012179199e-10,1.3485997570652348e-10,1.34859471298232e-10,1.348589668969167e-10,1.3485846250258294e-10,1.3485795811518623e-10,1.348574537348299e-10,1.3485694936163202e-10,1.3485644499542817e-10,1.3485594063620045e-10,1.348554362839878e-10,1.348549319387291e-10,1.3485442760053295e-10,1.3485392326935193e-10,1.348534189451903e-10,1.3485291462805468e-10,1.3485241031771393e-10,1.3485190601465576e-10,1.3485140171862275e-10,1.3485089742963975e-10,1.3485039314767122e-10,1.3484988887267763e-10,1.3484938460483572e-10,1.3484888034402378e-10,1.3484837609020024e-10,1.3484787184348323e-10,1.348473676037901e-10,1.348468633711889e-10,1.3484635914561254e-10,1.3484585492709312e-10,1.3484535071565254e-10,1.348448465113638e-10,1.3484434231398906e-10,1.3484383812365766e-10,1.3484333394048973e-10,1.3484282976427923e-10,1.348423255952077e-10,1.3484182143321918e-10,1.348413172782816e-10,1.3484081313039124e-10,1.348403089896089e-10,1.348398048558688e-10,1.3483930072922496e-10,1.3483879660965855e-10,1.3483829249720117e-10,1.3483778839180597e-10,1.3483728429361712e-10,1.3483678020241492e-10,1.348362761182134e-10,1.3483577204121674e-10,1.3483526797128084e-10,1.3483476390840272e-10,1.3483425985266648e-10,1.3483375580406928e-10,1.3483325176258878e-10,1.3483274772817935e-10,1.3483224370091017e-10,1.3483173968073469e-10,1.3483123566769115e-10,1.3483073166177187e-10,1.348302276629929e-10,1.3482972367129743e-10,1.348292196868081e-10,1.348287157093747e-10,1.348282117389452e-10,1.348277077757472e-10,1.348272038197466e-10,1.3482669987073558e-10,1.3482619592893975e-10,1.3482569199428954e-10,1.3482518806677325e-10,1.3482468414639468e-10,1.348241802331512e-10,1.3482367632706097e-10,1.3482317242811692e-10,1.348226685363214e-10,1.348221646516753e-10,1.3482166077418223e-10,1.3482115690384304e-10,1.3482065304070718e-10,1.3482014918468062e-10,1.3481964533583355e-10,1.3481914149412727e-10,1.3481863765959003e-10,1.3481813383221337e-10,1.348176300116626e-10,1.3481712619862097e-10,1.3481662239267813e-10,1.3481611859398397e-10,1.348156148024072e-10,1.3481511101798728e-10,1.3481460724081534e-10,1.348141034708329e-10,1.348135997081039e-10,1.348130959524908e-10,1.3481259220406457e-10,1.3481208846282545e-10,1.3481158472877945e-10,1.3481108100191825e-10,1.3481057728225885e-10,1.3481007356978148e-10,1.3480956986451737e-10,1.3480906616642798e-10,1.348085624755619e-10,1.3480805879189888e-10,1.3480755511545708e-10,1.3480705144620798e-10,1.3480654778417118e-10,1.3480604412937628e-10,1.3480554048177497e-10,1.3480503684135435e-10,1.3480453320817354e-10,1.3480402958224727e-10,1.348035259635091e-10,1.3480302235200174e-10,1.3480251874771434e-10,1.3480201515065125e-10,1.348015115608167e-10,1.3480100797831182e-10,1.3480050440294534e-10,1.3480000083481212e-10,1.3479949727381462e-10,1.3479899372024557e-10,1.3479849017385631e-10,1.3479798663467503e-10,1.3479748310273825e-10,1.3479697957804853e-10,1.3479647606062032e-10,1.3479597255042585e-10,1.3479546904747236e-10,1.3479496555175475e-10,1.3479446206328636e-10,1.347939585821009e-10,1.3479345510817123e-10,1.3479295164149067e-10,1.3479244818209133e-10,1.3479194472993446e-10,1.3479144128506513e-10,1.3479093784748565e-10,1.347904344171698e-10,1.3478993099406948e-10,1.347894275782961e-10,1.3478892416976686e-10,1.3478842076853074e-10,1.3478791737457102e-10,1.347874139878965e-10,1.3478691060856623e-10,1.347864072364553e-10,1.3478590387162314e-10,1.3478540051402318e-10,1.3478489716376923e-10,1.3478439382081848e-10,1.347838904853375e-10,1.3478338715696799e-10,1.3478288383588908e-10,1.347823805221162e-10,1.3478187721568545e-10,1.347813739164702e-10,1.347808706246063e-10,1.3478036734009007e-10,1.3477986406283375e-10,1.3477936079288606e-10,1.3477885753025284e-10,1.3477835427493854e-10,1.347778510269276e-10,1.34777347786226e-10,1.3477684455284504e-10,1.3477634132680197e-10,1.3477583810806883e-10,1.3477533489671937e-10,1.3477483169265452e-10,1.347743284959036e-10,1.3477382530670882e-10,1.3477332212459946e-10,1.3477281894987223e-10,1.3477231578244308e-10,1.347718126223342e-10,1.3477130946957892e-10,1.3477080632417775e-10,1.3477030318608096e-10,1.347698000552903e-10,1.347692969318897e-10,1.3476879381584773e-10,1.347682907071354e-10,1.3476778760578767e-10,1.3476728451165453e-10,1.347667814249153e-10,1.3476627834562855e-10,1.347657752737031e-10,1.347652722091949e-10,1.3476476915197672e-10,1.3476426610212786e-10,1.3476376305948415e-10,1.347632600243766e-10,1.3476275699658513e-10,1.3476225397618395e-10,1.3476175096317213e-10,1.3476124795753953e-10,1.3476074495927264e-10,1.3476024196834034e-10,1.3475973898482922e-10,1.3475923600856962e-10,1.3475873303982404e-10,1.347582300784564e-10,1.347577271246183e-10,1.3475722417803714e-10,1.3475672123883547e-10,1.3475621830711395e-10,1.3475571538265646e-10,1.3475521246562548e-10,1.347547095559802e-10,1.3475420665371276e-10,1.3475370375884027e-10,1.347532008713909e-10,1.3475269799128272e-10,1.3475219511863133e-10,1.3475169225338664e-10,1.3475118939556434e-10,1.3475068654513373e-10,1.3475018370211495e-10,1.3474968086648614e-10,1.3474917803828187e-10,1.3474867521755141e-10,1.3474817240424172e-10,1.3474766959829024e-10,1.3474716679968865e-10,1.3474666400857524e-10,1.3474616122487313e-10,1.3474565844853056e-10,1.3474515567968353e-10,1.3474465291827792e-10,1.3474415016429833e-10,1.347436474177993e-10,1.3474314467868078e-10,1.347426419469985e-10,1.3474213922270744e-10,1.3474163650588133e-10,1.3474113379649846e-10,1.3474063109457293e-10,1.3474012840008941e-10,1.3473962571304186e-10,1.3473912303341402e-10,1.3473862036126425e-10,1.3473811769656614e-10,1.3473761503952648e-10,1.3473711238973277e-10,1.3473660974744967e-10,1.3473610711258375e-10,1.347356044851575e-10,1.34735101865279e-10,1.3473459925274926e-10,1.3473409664761314e-10,1.3473359405002078e-10,1.3473309145990463e-10,1.3473258887729026e-10,1.3473208630209808e-10,1.3473158373444314e-10,1.3473108117426178e-10,1.3473057862155656e-10,1.3473007607624734e-10,1.3472957353836056e-10,1.3472907100802168e-10,1.347285684851937e-10,1.3472806596981638e-10,1.3472756346192524e-10,1.3472706096163274e-10,1.3472655846872045e-10,1.3472605598326837e-10,1.3472555350532026e-10,1.3472505103486492e-10,1.3472454857188216e-10,1.347240461164026e-10,1.3472354366820026e-10,1.3472304122774169e-10,1.3472253879464652e-10,1.3472203636917413e-10,1.3472153395118344e-10,1.3472103154072691e-10,1.347205291377663e-10,1.3472002674231245e-10,1.3471952435418084e-10,1.347190219737138e-10,1.34718519600781e-10,1.3471801723535128e-10,1.3471751487735266e-10,1.3471701252692698e-10,1.3471651018413598e-10,1.3471600784879063e-10,1.3471550552098268e-10,1.3471500320059917e-10,1.3471450088783289e-10,1.3471399858254558e-10,1.3471349628480293e-10,1.3471299399460603e-10,1.3471249171187175e-10,1.3471198943671062e-10,1.3471148716911799e-10,1.347109849090563e-10,1.347104826565259e-10,1.3470998041168945e-10,1.34709478174234e-10,1.3470897594428992e-10,1.3470847372197018e-10,1.3470797150713556e-10,1.3470746929995063e-10,1.3470696710028682e-10,1.3470646490810296e-10,1.3470596272346855e-10,1.3470546054639127e-10,1.3470495837687583e-10,1.3470445621483558e-10,1.3470395406041014e-10,1.347034519135521e-10,1.3470294977424382e-10,1.3470244764240801e-10,1.347019455182256e-10,1.3470144340161818e-10,1.347009412925069e-10,1.34700439191024e-10,1.34699937097082e-10,1.3469943501078264e-10,1.3469893293204937e-10,1.3469843086084908e-10,1.3469792879722373e-10,1.3469742674117336e-10,1.346969246926937e-10,1.3469642265170665e-10,1.3469592061838956e-10,1.346954185926631e-10,1.3469491657451216e-10,1.3469441456393974e-10,1.3469391256096513e-10,1.3469341056557336e-10,1.3469290857777354e-10,1.3469240659755355e-10,1.3469190462493013e-10,1.3469140265984182e-10,1.3469090070241498e-10,1.3469039875259553e-10,1.3468989681037343e-10,1.3468939487574762e-10,1.3468889294869097e-10,1.3468839102925705e-10,1.346878891176613e-10,1.3468738721344452e-10,1.3468688531682794e-10,1.3468638342786903e-10,1.3468588154643179e-10,1.3468537967264878e-10,1.3468487780644951e-10,1.3468437594788425e-10,1.3468387409692323e-10,1.3468337225357266e-10,1.3468287041800175e-10,1.346823685899157e-10,1.346818667694427e-10,1.3468136495660096e-10,1.3468086315139159e-10,1.34680361353907e-10,1.34679859563922e-10,1.3467935778157872e-10,1.3467885600678676e-10,1.346783542397134e-10,1.346778524803628e-10,1.3467735072855517e-10,1.3467684898425684e-10,1.3467634724773743e-10,1.3467584551882688e-10,1.3467534379756827e-10,1.34674842083947e-10,1.34674340377962e-10,1.3467383867962296e-10,1.3467333698892867e-10,1.3467283530589305e-10,1.3467233363046428e-10,1.3467183196270143e-10,1.3467133030262534e-10,1.346708286502236e-10,1.34670327005428e-10
17,0.0,0.0,0.0,0.0,0.0,0.0,0.0,0.0,0.0,0.0,0.0,0.0,0.0,0.0,0.0,0.0,0.0,0.0,0.0,0.0,0.0,0.0,0.0,0.0,0.0,0.0,0.0,0.0,0.0,0.0,0.0,0.0,0.0,0.0,0.0,0.0,0.0,0.0,0.0,0.0,0.0,0.0,0.0,0.0,0.0,0.0,0.0,0.0,0.0,0.0,0.0,0.0,0.0,0.0,0.0,0.0,0.0,0.0,0.0,0.0,0.0,0.0,0.0,0.0,0.0,0.0,0.0,0.0,0.0,0.0,0.0,0.0,0.0,0.0,0.0,0.0,0.0,0.0,0.0,0.0,0.0,0.0,0.0,0.0,0.0,0.0,0.0,0.0,0.0,0.0,0.0,0.0,0.0,0.0,0.0,0.0,0.0,0.0,0.0,0.0,0.0,0.0,0.0,0.0,0.0,0.0,0.0,0.0,0.0,0.0,0.0,0.0,0.0,0.0,0.0,0.0,0.0,0.0,0.0,0.0,0.0,0.0,0.0,0.0,0.0,0.0,0.0,0.0,0.0,0.0,0.0,0.0,0.0,0.0,0.0,0.0,0.0,0.0,0.0,0.0,0.0,0.0,0.0,0.0,0.0,0.0,0.0,0.0,0.0,0.0,0.0,0.0,0.0,0.0,0.0,0.0,0.0,0.0,0.0,0.0,0.0,0.0,0.0,0.0,0.0,0.0,0.0,0.0,0.0,0.0,0.0,0.0,0.0,0.0,0.0,0.0,0.0,0.0,0.0,0.0,0.0,0.0,0.0,0.0,0.0,0.0,0.0,0.0,0.0,0.0,0.0,0.0,0.0,0.0,0.0,0.0,0.0,0.0,0.0,0.0,0.0,0.0,0.0,0.0,0.0,0.0,0.0,0.0,0.0,0.0,0.0,0.0,0.0,0.0,0.0,0.0,0.0,0.0,0.0,0.0,0.0,0.0,0.0,0.0,0.0,0.0,0.0,0.0,0.0,0.0,0.0,0.0,0.0,0.0,0.0,0.0,0.0,0.0,0.0,0.0,0.0,0.0,0.0,0.0,0.0,0.0,0.0,0.0,0.0,0.0,0.0,0.0,0.0,0.0,0.0,0.0,0.0,0.0,0.0,0.0,0.0,0.0,0.0,0.0,0.0,0.0,0.0,0.0,0.0,0.0,0.0,0.0,0.0,0.0,0.0,0.0,0.0,0.0,0.0,0.0,0.0,0.0,0.0,0.0,0.0,0.0,0.0,0.0,0.0,0.0,0.0,0.0,0.0,0.0,0.0,0.0,0.0,0.0,0.0,0.0,0.0,0.0,0.0,0.0,0.0,0.0,0.0,0.0,0.0,0.0,0.0,0.0,0.0,0.0,0.0,0.0,0.0,0.0,0.0,0.0,0.0,0.0,0.0,0.0,0.0,0.0,0.0,0.0,0.0,0.0,0.0,0.0,0.0,0.0,0.0,0.0,0.0,0.0,0.0,0.0,0.0,0.0,0.0,0.0,0.0,0.0,0.0,0.0,0.0,0.0,0.0,0.0,0.0,0.0,0.0,0.0,0.0,0.0,0.0,0.0,0.0,0.0,0.0,0.0,0.0,0.0,0.0,0.0,0.0,0.0,0.0,0.0,0.0,0.0,0.0,0.0,0.0,0.0,0.0,0.0,0.0,0.0,0.0,0.0,0.0,0.0,0.0,0.0,0.0,0.0,0.0,0.0,0.0,0.0,0.0,0.0,0.0,0.0,0.0,0.0,0.0,0.0,0.0,0.0,0.0,0.0,0.0,0.0,0.0,0.0,0.0,0.0,0.0,0.0,0.0,0.0,0.0,0.0,0.0,0.0,0.0,0.0,0.0,0.0,0.0,0.0,0.0,0.0,0.0,0.0,0.0,0.0,0.0,0.0,0.0,0.0,0.0,0.0,0.0,0.0,0.0,0.0,0.0,0.0,0.0,0.0,0.0,0.0,0.0,0.0,0.0,0.0,0.0,0.0,0.0,0.0,0.0,0.0,0.0,0.0,0.0,0.0,0.0,0.0,0.0,0.0,0.0,0.0,0.0,0.0,0.0,0.0,0.0,0.0,0.0,0.0,0.0,0.0,0.0,0.0,0.0,0.0,0.0,0.0,0.0,0.0,0.0,0.0,0.0,0.0,0.0,0.0,0.0,0.0,0.0,0.0,0.0,0.0,0.0,0.0,0.0,0.0,0.0,0.0,0.0,0.0,0.0,0.0,0.0,0.0,0.0,0.0,0.0,0.0,0.0,0.0,0.0,0.0,0.0,0.0,0.0,0.0,0.0,0.0,0.0,0.0,0.0,0.0,0.0,0.0,0.0,0.0,0.0,0.0,0.0,0.0,0.0,0.0,0.0,0.0,0.0,0.0,0.0,0.0,0.0,0.0,0.0,0.0,0.0,0.0,0.0,0.0,0.0,0.0,0.0,0.0,0.0,0.0,0.0,0.0,0.0,0.0,0.0,0.0,0.0,0.0,0.0,0.0,0.0,0.0,0.0,0.0,0.0,0.0,0.0,0.0,0.0,0.0,0.0,0.0,0.0,0.0,0.0,0.0,0.0,0.0,0.0,0.0,0.0,0.0,0.0,0.0,0.0,0.0,0.0,0.0,0.0,0.0,0.0,0.0,0.0,0.0,0.0,0.0,0.0,0.0,0.0,0.0,0.0,0.0,0.0,0.0,0.0,0.0,0.0,0.0,0.0,0.0,0.0,0.0,0.0,0.0,0.0,0.0,0.0,0.0,0.0,0.0,0.0,0.0,0.0,0.0,0.0,0.0,0.0,0.0,0.0,0.0,0.0,0.0,0.0,0.0,0.0,0.0,0.0,0.0,0.0,0.0,0.0,0.0,0.0,0.0,0.0,0.0,0.0,0.0,0.0,0.0,0.0,0.0,0.0,0.0,0.0,0.0,0.0,0.0,0.0,0.0,0.0,0.0,0.0,0.0,0.0,0.0,0.0,0.0,0.0,0.0,0.0,0.0,0.0,0.0,0.0,0.0,0.0,0.0,0.0,0.0,0.0,0.0,0.0,0.0,0.0,0.0,0.0,0.0,0.0,0.0,0.0,0.0,0.0,0.0,0.0,0.0,0.0,0.0,0.0,0.0,0.0,0.0,0.0,0.0,0.0,0.0,0.0,0.0,0.0,0.0,0.0,0.0,0.0,0.0,0.0,0.0,0.0,0.0,0.0,0.0,0.0,0.0,0.0,0.0,0.0,0.0,0.0,0.0,0.0,0.0,0.0,0.0,0.0,0.0,0.0,0.0,0.0,0.0,0.0,0.0,0.0,0.0,0.0,0.0,0.0,0.0,0.0,0.0,0.0,0.0,0.0,0.0,0.0,0.0,0.0,0.0,0.0,0.0,0.0,0.0,0.0,0.0,0.0,0.0,0.0,0.0,0.0,0.0,0.0,0.0,0.0,0.0,0.0,0.0,0.0,0.0,0.0,0.0,0.0,0.0,0.0,0.0,0.0,0.0,0.0,0.0,0.0,0.0,0.0,0.0,0.0,0.0,0.0,0.0,0.0,0.0,0.0,0.0,0.0,0.0,0.0,0.0,0.0,0.0,0.0,0.0,0.0,0.0,0.0,0.0,0.0,0.0,0.0,0.0,0.0,0.0,0.0,0.0,0.0,0.0,0.0,0.0,0.0,0.0,0.0,0.0,0.0,0.0,0.0,0.0,0.0,0.0,0.0,0.0,0.0,0.0,0.0,0.0,0.0,0.0,0.0,0.0,0.0,0.0,0.0,0.0,0.0,0.0,0.0,0.0,0.0,0.0,0.0,0.0,0.0,0.0,0.0,0.0,0.0,0.0,0.0,0.0,0.0,0.0,0.0,0.0,0.0,0.0,0.0,0.0,0.0,0.0,0.0,0.0,0.0,0.0,0.0,0.0,0.0,0.0,0.0,0.0,0.0,0.0,0.0,0.0,0.0,0.0,0.0,0.0,0.0,0.0,0.0,0.0,0.0,0.0,0.0,0.0,0.0,0.0,0.0,0.0,0.0,0.0,0.0,0.0,0.0,0.0,0.0,0.0,0.0,0.0,0.0,0.0,0.0,0.0,0.0,0.0,0.0,0.0,0.0,0.0,0.0,0.0,0.0,0.0,0.0,0.0,0.0,0.0,0.0,0.0,0.0,0.0,0.0,0.0,0.0,0.0,0.0,0.0,0.0,0.0,0.0,0.0,0.0,0.0,0.0,0.0,0.0,0.0,0.0,0.0,0.0,0.0,0.0,0.0,0.0,0.0,0.0,0.0,0.0,0.0,0.0,0.0,0.0,0.0,0.0,0.0,0.0,0.0,0.0,0.0,0.0,0.0,0.0,0.0,0.0,0.0,0.0,0.0,0.0,0.0,0.0,0.0,0.0,0.0,0.0,0.0,0.0,0.0,0.0,0.0,7.549212258845815e-23,1.71055283251617e-22,2.871803100554094e-22,4.2437195648436705e-22,5.831493867239831e-22,7.640466809644664e-22,9.676133615843542e-22,1.1944149413075616e-21,1.4450334942897116e-21,1.720068251368482e-21,2.0201362205504523e-21,2.3458728340103e-21,2.697932622950522e-21,3.0769899216644905e-21,3.4837396022853675e-21,3.918897841777098e-21,4.383202922755111e-21,4.877416070025094e-21,5.402322324293523e-21,5.95873145566973e-21,6.547478918224416e-21,7.169426848368311e-21,7.825465109061897e-21,8.516512382483551e-21,9.243517313595637e-21,1.0007459707487849e-20,1.0809351783362216e-20,1.1650239488245487e-20,1.2531203873903003e-20,1.3453362540191024e-20,1.4417871148850713e-20,1.5425925011476758e-20,1.647876075618763e-20,1.7577658077203766e-20,1.8723941572328278e-20,1.991898267336305e-20,2.116420167505597e-20,2.24610698681568e-20,2.381111178308663e-20,2.5215907550673588e-20,2.6677095387112247e-20,2.8196374210852857e-20,2.977550639931959e-20,3.1416320694419445e-20,3.3120715265949325e-20,3.489066094292955e-20,3.6728204623778416e-20,3.863547287647109e-20,4.0614675741304603e-20,4.266811074936055e-20,4.4798167170976106e-20,4.700733050948294e-20,4.929818725670729e-20,5.167342992806013e-20,5.413586239618819e-20,5.668840554394079e-20,5.933410325874789e-20,6.207612879269189e-20,6.491779151383285e-20,6.78625440773416e-20,7.091399004628347e-20,7.407589199534197e-20,7.735218013303703e-20,8.074696148073265e-20,8.42645296510167e-20,8.790937527041389e-20,9.168619709627694e-20,9.559991388201888e-20,9.965567704796738e-20,1.0385888422458034e-19,1.0821519373466449e-19,1.1273054009281252e-19,1.1741115060493634e-19,1.2226356315791249e-19,1.2729464530143385e-19,1.3251161472851566e-19,1.3792206127665083e-19,1.4353397058050074e-19,1.4935574952133393e-19,1.5539625363210378e-19,1.6166481663374353e-19,1.681712822979029e-19,1.7492603884766036e-19,1.8194005613518237e-19,1.8922492585488123e-19,1.9679290508730784e-19,2.0465696349089025e-19,2.1283083450235246e-19,2.213290709427056e-19,2.301671054740985e-19,2.3936131640087424e-19,2.4892909936846793e-19,2.5888894558062984e-19,2.6926052722837203e-19,2.800647909071309e-19,2.9132405990196085e-19,3.030621463232513e-19,3.153044742083314e-19,3.2807821484492417e-19,3.414124357390104e-19,3.5533826484380523e-19,3.698890718809045e-19,3.8510066884615484e-19,4.010115320797525e-19,4.1766304862742384e-19,4.350997900115324e-19,4.533698170012618e-19,4.725250195016646e-19,4.926214963248981e-19,5.13719980349207e-19,5.358863154444864e-19,5.591919925895975e-19,5.837147538285234e-19,6.095392741802045e-19,6.367579333575462e-19,6.654716912428871e-19,6.957910835710694e-19,7.278373572926685e-19,7.617437687610443e-19,7.976570722977222e-19,8.35739232153084e-19,8.761693974703103e-19,9.191461880523787e-19,9.648903488167357e-19,1.0136478433460362e-18,1.0656934725903504e-18,1.1213351244062175e-18,1.1809187843899296e-18,1.2448344698738046e-18,1.3135232891528821e-18,1.387485879555549e-18,1.4672925447695174e-18,1.553595498868017e-18,1.6471437387394563e-18,1.7488012179271994e-18,1.859569196828361e-18,1.980613916270341e-18,2.1133011114405906e-18,2.259239391437814e-18,2.420335215625415e-18,2.5988631897680616e-18,2.7975568158900535e-18,3.019726863560413e-18,3.2694175049789627e-18,3.55161477388316e-18,3.8725285804519e-18,4.239979776175551e-18,4.663939861060159e-18,5.157296734331054e-18,5.736962264972738e-18,6.425508926731689e-18,7.253646640725704e-18,8.264074105465017e-18,9.517654295969651e-18,1.1103677227922495e-17,1.3157658573890066e-17,1.5893902956373208e-17,1.9669577755991665e-17,2.5125658343116752e-17,3.356180671295107e-17,4.8304449523513947e-17,8.225239780575764e-17,2.172229030862831e-16,1.1542416668756049e-15,8.99953571366392e-15,6.715281944081706e-14,3.9842309104260267e-13,1.7894277066043248e-12,6.081462149788232e-12,1.585156707137773e-11,3.244901108297856e-11,5.425849928572274e-11,7.800201871796868e-11,1.0127377831572122e-10,1.2302586816091e-10,1.4271122748196863e-10,1.598809513355108e-10,1.7424600591764983e-10,1.8574536020398128e-10,1.9452389810418746e-10,2.0086533886631717e-10,2.051208867134694e-10,2.0765328776213376e-10,2.08801383895362e-10,2.0886241197598456e-10,2.0808660289084094e-10,2.0667892196560877e-10,2.0480419547615233e-10,2.0259331330529392e-10,2.0014928220838198e-10,1.9755258960501724e-10,1.9486571867514468e-10,1.921368414590325e-10,1.894027918737007e-10,1.8669143922208273e-10,1.84023575942153e-10,1.8141441724810777e-10,1.78874792661661e-10,1.764120934151316e-10,1.7403102631610333e-10,1.7173421389250124e-10,1.6952267218032513e-10,1.6739619088985877e-10,1.653536355420568e-10,1.6339318713631665e-10,1.6151253176271097e-10,1.5970901008216413e-10,1.579797346327759e-10,1.5632168135400938e-10,1.5473176047107424e-10,1.532068708800057e-10,1.5174394136956003e-10,1.503399613633601e-10,1.4899200335248244e-10,1.4769723875593246e-10,1.4645294861228278e-10,1.4525653022857634e-10,1.441055006896601e-10,1.4299749795102045e-10,1.4193028009397509e-10,1.4090172320339166e-10,1.3990981823455773e-10,1.3895266715849048e-10,1.3802847861509897e-10,1.3713556325146883e-10,1.3627232888662746e-10,1.3543727560984434e-10,1.346289908913641e-10,1.3384614477231117e-10,1.3308748517577727e-10,1.323518333726982e-10,1.3163807962510319e-10,1.3094517902155743e-10,1.3027214751298067e-10,1.2961805815330026e-10,1.2898203754234281e-10,1.283632624717472e-10,1.2776095676687143e-10,1.2717438831840864e-10,1.2660286629652147e-10,1.2604573854063812e-10,1.2550238911410148e-10,1.2497223601793582e-10,1.2445472905125038e-10,1.2394934781371516e-10,1.2345559984055845e-10,1.2297301885804927e-10,1.2250116315893874e-10,1.2203961408350018e-10,1.2158797460374496e-10,1.211458680017645e-10,1.2071293663506864e-10,1.2028884078739243e-10,1.1987325759311363e-10,1.19465880034827e-10,1.1906641600673838e-10,1.1867458744045481e-10,1.182901294882091e-10,1.1791278975902138e-10,1.175423276060242e-10,1.1717851345897894e-10,1.1682112820047704e-10,1.164699625821955e-10,1.1612481667887107e-10,1.1578549937586615e-10,1.1545182789039802e-10,1.1512362732226429e-10,1.1480073023202486e-10,1.1448297624689634e-10,1.1417021168961394e-10,1.1386228923004076e-10,1.1355906755845038e-10,1.1326041107846364e-10,1.129661896172926e-10,1.1267627815518475e-10,1.1239055656903463e-10,1.1210890939140146e-10,1.118312255845243e-10,1.1155739832568148e-10,1.1128732480575969e-10,1.1102090604004911e-10,1.1075804668754037e-10,1.1049865488206386e-10,1.1024264207247979e-10,1.0998992287112671e-10,1.0974041491082471e-10,1.0949403870840195e-10,1.0925071753889057e-10,1.0901037731256855e-10,1.0877294646048885e-10,1.0853835582518898e-10,1.083065385581695e-10,1.0807743002136158e-10,1.078509676943424e-10,1.0762709121348208e-10,1.0740574193619208e-10,1.0718686314678322e-10,1.0697039994717118e-10,1.0675629916396241e-10,1.0654450927556987e-10,1.063349803449921e-10,1.0612766395708973e-10,1.0592251315947183e-10,1.057194824058922e-10,1.0551852750211875e-10,1.0531960555623057e-10,1.0512267492768453e-10,1.0492769518125832e-10,1.0473462704268278e-10,1.0454343235628203e-10,1.043540740434258e-10,1.041665160643264e-10,1.0398072338025721e-10,1.0379666191931475e-10,1.0361429853968761e-10,1.0343360099965047e-10,1.0325453792505936e-10,1.0307707877966966e-10,1.0290119383655072e-10,1.027268541504849e-10,1.0255403153168651e-10,1.0238269852068019e-10,1.0221282836344973e-10,1.0204439498911206e-10,1.0187737298697032e-10,1.0171173758510359e-10,1.01547464629817e-10,1.0138453056633795e-10,1.0122291241864078e-10,1.0106258777264679e-10,1.0090353475715137e-10,1.0074573202761329e-10,1.0058915875040216e-10,1.0043379458641938e-10,1.0027961967620493e-10,1.0012661462479285e-10,9.99747604897477e-11,9.982403876507689e-11,9.96744313698118e-11,9.952592063524234e-11,9.937848929237988e-11,9.923212046127888e-11,9.908679763953987e-11,9.894250468898499e-11,9.879922582959344e-11,9.865694562637558e-11,9.851564898091935e-11,9.837532112088666e-11,9.823594759190784e-11,9.809751424831487e-11,9.796000724484935e-11,9.782341302838725e-11,9.768771833005901e-11,9.755291015754348e-11,9.741897578743618e-11,9.72859027589364e-11,9.715367886564756e-11,9.702229214981483e-11,9.689173089529455e-11,9.676198362167435e-11,9.66330390779049e-11,9.650488623655947e-11,9.637751428785768e-11,9.625091263459687e-11,9.612507088600756e-11,9.599997885383147e-11,9.587562654588284e-11,9.575200416153134e-11,9.562910208816558e-11,9.550691089501202e-11,9.538542132911425e-11,9.52646243117142e-11,9.514451093320719e-11,9.502507244952372e-11,9.490630027783105e-11,9.478818599318552e-11,9.467072132441671e-11,9.455389815067048e-11,9.443770849777781e-11,9.432214453498415e-11,9.420719857153476e-11,9.409286305324622e-11,9.397913056009364e-11,9.386599380224878e-11,9.375344561756668e-11,9.364147896904904e-11,9.353008694111958e-11,9.341926273770233e-11,9.330899967962445e-11,9.319929120114794e-11,9.309013084851105e-11,9.29815122767798e-11,9.287342924783565e-11,9.276587562794404e-11,9.265884538537805e-11,9.255233258843841e-11,9.244633140328062e-11,9.234083609164713e-11,9.223584100906627e-11,9.213134060279338e-11,9.202732940999324e-11,9.192380205567276e-11,9.182075325098278e-11,9.171817779132786e-11,9.161607055453632e-11,9.151442649971289e-11,9.141324066499746e-11,9.131250816638538e-11,9.121222419573026e-11,9.111238401952329e-11,9.101298297716867e-11,9.091401647988028e-11,9.081548000947661e-11,9.071736911580846e-11,9.061967941657087e-11,9.052240659537282e-11,9.042554640096715e-11,9.032909464486722e-11,9.023304720253618e-11,9.013740000981972e-11,9.004214906194391e-11,8.994729041374102e-11,8.985282017739664e-11,8.975873452195527e-11,8.966502967160124e-11,8.95717019057813e-11,8.947874755711154e-11,8.938616301029751e-11,8.929394470242497e-11,8.920208912079559e-11,8.911059280265254e-11,8.901945233313389e-11,8.89286643462137e-11,8.883822552254221e-11,8.874813258882078e-11,8.865838231751976e-11,8.856897152523644e-11,8.847989707243641e-11,8.839115586255652e-11,8.830274484138788e-11,8.821466099564922e-11,8.812690135314798e-11,8.803946298217255e-11,8.795234298961506e-11,8.786553852137618e-11,8.77790467615909e-11,8.769286493071984e-11,8.7606990287015e-11,8.752142012427221e-11,8.743615177127727e-11,8.735118259317372e-11,8.726650998880274e-11,8.718213138872756e-11,8.709804425884442e-11,8.701424609732051e-11,8.693073443372065e-11,8.684750682962218e-11,8.676456087719769e-11,8.668189419934173e-11,8.659950444886446e-11,8.651738930824883e-11,8.643554648822256e-11,8.635397372924484e-11,8.627266879877393e-11,8.619162949285476e-11,8.611085363363445e-11,8.603033907086244e-11,8.595008368022142e-11,8.587008536366927e-11,8.579034204820356e-11,8.571085168650693e-11,8.563161225522344e-11,8.555262175582902e-11,8.54738782137308e-11,8.539537967765156e-11,8.531712421977221e-11,8.523910993516833e-11,8.51613349408315e-11,8.508379737684787e-11,8.500649540451098e-11,8.492942720621067e-11,8.485259098701474e-11,8.477598497147317e-11,8.46996074049678e-11,8.462345655320746e-11,8.45475307018613e-11,8.447182815610435e-11,8.439634724058797e-11,8.432108629903198e-11,8.424604369359949e-11,8.417121780516845e-11,8.409660703396804e-11,8.40222097958832e-11,8.394802452592464e-11,8.387404967678415e-11,8.380028371763743e-11,8.37267251349101e-11,8.365337243173686e-11,8.358022412750025e-11,8.3507278758337e-11,8.343453487591313e-11,8.336199104776582e-11,8.328964585657321e-11,8.321749790173905e-11,8.31455457963448e-11,8.307378816889469e-11,8.300222366264106e-11,8.293085093506547e-11,8.285966865836542e-11,8.278867551854635e-11,8.271787021539959e-11,8.264725146297909e-11,8.257681798829402e-11,8.250656853199847e-11,8.243650184781729e-11,8.236661670242183e-11,8.229691187523843e-11,8.222738615853508e-11,8.215803835684989e-11,8.208886728714018e-11,8.201987177832983e-11,8.195105067214843e-11,8.188240282048414e-11,8.181392708825478e-11,8.174562235140373e-11,8.167748749739213e-11,8.160952142471853e-11,8.154172304304452e-11,8.147409127293798e-11,8.140662504569873e-11,8.133932330328881e-11,8.127218499772772e-11,8.120520909267676e-11,8.113839456077567e-11,8.107174038517154e-11,8.10052455590121e-11,8.093890908522519e-11,8.087272997650304e-11,8.080670725526721e-11,8.074083995298885e-11,8.067512711092257e-11,8.06095677793789e-11,8.054416101779798e-11,8.047890589445103e-11,8.041380148736974e-11,8.034884688224392e-11,8.028404117402128e-11,8.021938346610283e-11,8.015487287043753e-11,8.00905085070846e-11,8.002628950473299e-11,7.996221500034989e-11,7.989828413813285e-11,7.983449607092673e-11,7.977084995915772e-11,7.970734497130204e-11,7.964398028334598e-11,7.958075507870652e-11,7.951766854882445e-11,7.945471989206715e-11,7.939190831424768e-11,7.932923302860928e-11,7.926669325495078e-11,7.920428822041163e-11,7.914201715982128e-11,7.907987931426946e-11,7.901787393103502e-11,7.8956000265426e-11,7.889425757859047e-11,7.883264513844025e-11,7.877116221933494e-11,7.87098081023147e-11,7.864858207447208e-11,7.858748342908107e-11,7.852651146635054e-11,7.846566549189452e-11,7.84049448176648e-11,7.834434876145619e-11,7.828387664719211e-11,7.82235278045908e-11,7.816330156916243e-11,7.810319728218637e-11,7.804321429070389e-11,7.798335194676116e-11,7.792360960879048e-11,7.78639866405065e-11,7.7804482410757e-11,7.77450962937533e-11,7.768582766919849e-11,7.76266759220105e-11,7.756764044245761e-11,7.750872062523797e-11,7.744991587087853e-11,7.739122558440882e-11,7.733264917669695e-11,7.727418606243289e-11,7.721583566164789e-11,7.715759739933497e-11,7.709947070491324e-11,7.704145501275962e-11,7.698354976172168e-11,7.692575439531413e-11,7.686806836162792e-11,7.68104911132235e-11,7.675302210707435e-11,7.669566080462046e-11,7.663840667158453e-11,7.658125917827261e-11,7.65242177989216e-11,7.646728201226793e-11,7.641045130094188e-11,7.635372515190612e-11,7.629710305604465e-11,7.624058450866407e-11,7.618416900853831e-11,7.612785605893269e-11,7.60716451667938e-11,7.601553584289777e-11,7.595952760197847e-11,7.590361996253673e-11,7.584781244670837e-11,7.579210458055868e-11,7.573649589367317e-11,7.568098591959991e-11,7.562557419519277e-11,7.557026026094057e-11,7.551504366092853e-11,7.545992394284771e-11,7.540490065764704e-11,7.534997335975525e-11,7.529514160720331e-11,7.524040496121959e-11,7.518576298640139e-11,7.513121525062823e-11,7.507676132513735e-11,7.502240078422243e-11,7.496813320558508e-11,7.491395816968607e-11,7.485987526114e-11,7.48058840665642e-11,7.475198417609868e-11,7.46981751827541e-11,7.46444566832364e-11,7.459082827628036e-11,7.453728956423286e-11,7.448384015220734e-11,7.443047964809227e-11,7.437720766285354e-11,7.432402381039652e-11,7.427092770676923e-11,7.421791897159555e-11,7.41649972269747e-11,7.411216209798108e-11,7.4059413211787e-11,7.400675019881143e-11,7.395417269205693e-11,7.390168032700143e-11,7.384927274169125e-11,7.379694957755674e-11,7.37447104772568e-11,7.369255508696446e-11,7.364048305470413e-11,7.358849403212865e-11,7.353658767208131e-11,7.348476363043449e-11,7.343302156589386e-11,7.33813611384762e-11,7.332978201138974e-11,7.327828385009857e-11,7.322686632212031e-11,7.317552909791488e-11,7.31242718504553e-11,7.307309425287726e-11,7.302199598258296e-11,7.29709767187944e-11,7.292003614291564e-11,7.286917393839327e-11,7.281838979056914e-11,7.276768338775709e-11,7.271705442007105e-11,7.266650257914755e-11,7.261602755950674e-11,7.256562905727642e-11,7.251530677075506e-11,7.24650604002828e-11,7.241488964827861e-11,7.236479421914253e-11,7.231477381927716e-11,7.22648281570889e-11,7.221495694260208e-11,7.216515988821889e-11,7.211543670808025e-11,7.206578711833449e-11,7.201621083668109e-11,7.196670758305281e-11,7.191727707905963e-11,7.186791904837104e-11,7.181863321609629e-11,7.176941930928443e-11,7.172027705684982e-11,7.167120618924147e-11,7.162220643943705e-11,7.157327754136914e-11,7.152441923089643e-11,7.147563124557744e-11,7.142691332447513e-11,7.137826520909655e-11,7.132968664183197e-11,7.128117736718246e-11,7.123273713074463e-11,7.118436568016367e-11,7.113606276485173e-11,7.10878281353426e-11,7.103966154383704e-11,7.09915627447597e-11,7.094353149329459e-11,7.08955675463073e-11,7.08476706629211e-11,7.079984060314234e-11,7.07520771280479e-11,7.070438000114872e-11,7.065674898675783e-11,7.060918385142898e-11,7.056168436216613e-11,7.051425028825658e-11,7.046688139972333e-11,7.041957746878037e-11,7.037233826858583e-11,7.032516357353591e-11,7.027805315975442e-11,7.023100680467844e-11,7.018402428695974e-11,7.013710538674197e-11,7.009024988552729e-11,7.004345756605435e-11,6.99967282123834e-11,6.995006160999061e-11,6.990345754558459e-11,6.98569158070897e-11,6.98104361836978e-11,6.976401846614108e-11,6.971766244619154e-11,6.967136791692508e-11,6.962513467262282e-11,6.957896250876394e-11,6.953285122212032e-11,6.948680061062115e-11,6.944081047341959e-11,6.93948806109524e-11,6.934901082464262e-11,6.930320091704135e-11,6.925745069229761e-11,6.921175995531727e-11,6.916612851223094e-11,6.912055617034486e-11,6.907504273811398e-11,6.902958802500195e-11,6.898419184170484e-11,6.893885399994448e-11,6.889357431251652e-11,6.884835259371123e-11,6.88031886579273e-11,6.87580823213871e-11,6.871303340135132e-11,6.866804171595313e-11,6.862310708444277e-11,6.857822932703157e-11,6.853340826534804e-11,6.848864372097504e-11,6.844393551757233e-11,6.839928347945823e-11,6.835468743191238e-11,6.831014720126838e-11,6.826566261474513e-11,6.822123350058295e-11,6.817685968812681e-11,6.813254100738115e-11,6.808827728950519e-11,6.804406836659749e-11,6.799991407164554e-11,6.795581423859852e-11,6.791176870228911e-11,6.786777729847885e-11,6.782383986366483e-11,6.777995623586229e-11,6.773612625338314e-11,6.769234975522108e-11,6.764862658214119e-11,6.76049565750933e-11,6.756133957601742e-11,6.75177754278008e-11,6.747426397412027e-11,6.743080505963004e-11,6.738739852963161e-11,6.734404423040324e-11,6.730074200920199e-11,6.725749171377053e-11,6.721429319269299e-11,6.717114629585469e-11,6.712805087349222e-11,6.708500677664935e-11,6.704201385740372e-11,6.699907196838504e-11,6.695618096322025e-11,6.691334069626355e-11,6.687055102240801e-11,6.682781179759911e-11,6.678512287849893e-11,6.674248412238704e-11,6.669989538743129e-11,6.665735653245046e-11,6.661486741710247e-11,6.657242790173489e-11,6.653003784742135e-11,6.648769711596813e-11,6.64454055698978e-11,6.640316307242664e-11,6.636096948755367e-11,6.631882467991079e-11,6.627672851484648e-11,6.623468085842709e-11,6.619268157739096e-11,6.615073053915572e-11,6.610882761188947e-11,6.606697266386691e-11,6.602516556545508e-11,6.598340618609152e-11,6.594169439701997e-11,6.590003006887802e-11,6.585841307485889e-11,6.581684328728716e-11,6.577532057949096e-11,6.573384482546196e-11,6.569241589985714e-11,6.565103367807263e-11,6.560969803604433e-11,6.556840885017575e-11,6.552716599769245e-11,6.548596935640774e-11,6.54448188047045e-11,6.540371422156723e-11,6.536265548646896e-11,6.532164247985393e-11,6.528067508215754e-11,6.523975317502598e-11,6.519887664037933e-11,6.515804536092478e-11,6.511725921964353e-11,6.50765181000918e-11,6.503582188673917e-11,6.499517046436374e-11,6.495456371863555e-11,6.49140015348975e-11,6.4873483799973e-11,6.483301040100918e-11,6.479258122540422e-11,6.475219616142627e-11,6.471185509779327e-11,6.467155792371564e-11,6.463130452903343e-11,6.459109480385569e-11,6.455092863919122e-11,6.451080592618164e-11,6.447072655679721e-11,6.443069042339456e-11,6.439069741885097e-11,6.435074743658202e-11,6.431084037050964e-11,6.42709761149599e-11,6.423115456489745e-11,6.419137561572227e-11,6.415163916338096e-11,6.411194510420362e-11,6.407229333512482e-11,6.403268375336025e-11,6.399311625678287e-11,6.39535907437705e-11,6.39141071130637e-11,6.387466526394489e-11,6.383526509611056e-11,6.379590650973751e-11,6.375658940539143e-11,6.371731368409934e-11,6.367807924788458e-11,6.363888599782823e-11,6.359973383771573e-11,6.356062266978953e-11,6.352155239743048e-11,6.348252292444133e-11,6.344353415505137e-11,6.340458599396169e-11,6.336567834631282e-11,6.332681111754579e-11,6.328798421368222e-11,6.324919754118844e-11,6.321045100666215e-11,6.317174451764373e-11,6.313307798140911e-11,6.309445130645673e-11,6.305586440106584e-11,6.301731717430908e-11,6.297880953495434e-11,6.294034139316925e-11,6.29019126588664e-11,6.286352324276649e-11,6.282517305557758e-11,6.278686200858082e-11,6.274859001366883e-11,6.271035698274337e-11,6.267216282832938e-11,6.263400746328436e-11,6.259589080126918e-11,6.255781275499708e-11,6.251977323892426e-11,6.248177216749575e-11,6.24438094553057e-11,6.240588501766302e-11,6.236799876977924e-11,6.233015062761023e-11,6.229234050740287e-11,6.225456832579061e-11,6.221683399957571e-11,6.217913744623085e-11,6.2141478583305e-11,6.210385732889735e-11,6.20662736011659e-11,6.202872731892066e-11,6.199121840118348e-11,6.195374676743998e-11,6.191631233756526e-11,6.187891503150745e-11,6.184155476958242e-11,6.180423147215065e-11,6.17669450609135e-11,6.172969545674286e-11,6.169248258211306e-11,6.165530635880773e-11,6.161816670915112e-11,6.15810635559009e-11,6.154399682219846e-11,6.150696643129812e-11,6.146997230698618e-11,6.143301437326848e-11,6.139609255446956e-11,6.135920677526812e-11,6.13223569605975e-11,6.1285543035727e-11,6.124876492607193e-11,6.1212022557387e-11,6.11753158566512e-11,6.113864474980205e-11,6.110200916366442e-11,6.10654090253299e-11,6.102884426230864e-11,6.099231480218044e-11,6.09558205730448e-11,6.091936150304413e-11,6.088293752074157e-11,6.084654855487412e-11,6.081019453491704e-11,6.077387539018252e-11,6.073759105027372e-11,6.070134144523953e-11,6.066512650536919e-11,6.062894616116402e-11,6.059280034350162e-11,6.055668898374572e-11,6.052061201291023e-11,6.048456936324561e-11,6.044856096573142e-11,6.041258675296577e-11,6.037664665760466e-11,6.034074061227738e-11,6.030486855013342e-11,6.026903040393425e-11,6.023322610777071e-11,6.019745559531455e-11,6.01617188005352e-11,6.012601565771806e-11,6.009034610139151e-11,6.005471006645296e-11,6.001910748801938e-11,5.998353830134127e-11,5.994800244201877e-11,5.991249984591428e-11,5.987703044893543e-11,5.98415941877289e-11,5.980619099864538e-11,5.977082081851637e-11,5.973548358463252e-11,5.970017923389398e-11,5.966490770402416e-11,5.962966893271938e-11,5.959446285812199e-11,5.955928941841233e-11,5.952414855223684e-11,5.948904019826246e-11,5.945396429510576e-11,5.941892078248586e-11,5.938390959959347e-11,5.945300245851659e-11,5.9530335925603e-11,5.964187994119554e-11,5.979384186395838e-11,5.998832902368103e-11,6.022633488467193e-11,6.050829079017657e-11,6.083419254743758e-11,6.12036568534603e-11,6.161596748055388e-11,6.20701202021926e-11,6.256486694115321e-11,6.309875840309746e-11,6.367018440825325e-11,6.427741135831515e-11,6.491861642507362e-11,6.55919182395127e-11,6.629540400074648e-11,6.70271530358967e-11,6.77852569393276e-11,6.85678364781044e-11,6.937305551065982e-11,7.019913217066714e-11,7.104434760719523e-11,7.19070525544563e-11,7.278567200832379e-11,7.367870827168196e-11,7.458474260809186e-11,7.550243573351257e-11,7.643052733883509e-11,7.736783483793648e-11,7.831325148417906e-11,7.926574400503484e-11,8.022434987145466e-11,8.118817429983175e-11,8.215638708294239e-11,8.312821930429063e-11,8.410296002027694e-11,8.507995293659678e-11,8.605859312422587e-11,8.703832380244437e-11,8.80186332359603e-11,8.899905172242419e-11,8.997914871612401e-11,9.095853008479309e-11,9.193683550322224e-11,9.29137359912567e-11,9.388893158373013e-11,9.486214915649888e-11,9.583314037281419e-11,9.680167977415669e-11,9.776756299190478e-11,9.87306050723594e-11,9.969063894866785e-11,1.0064751399208946e-10,1.016010946814534e-10,1.0255125936932732e-10,1.034978991369101e-10,1.0444091675468947e-10,1.0538022568602747e-10,1.06315749203977e-10,1.0724741956024847e-10,1.0817517722153467e-10,1.0909897017150174e-10,1.1001875325992532e-10,1.1093448761437887e-10,1.1184614009307456e-10,1.1275368278544581e-10,1.1365709255106062e-10,1.1455635060023645e-10,1.1545144210705893e-10,1.1634235585408026e-10,1.1722908390884628e-10,1.1811162132324576e-10,1.1898996587219609e-10,1.198641177916854e-10,1.2073407954911404e-10,1.2159985564449e-10,1.2246145241883535e-10,1.2331887787166213e-10,1.2417214150859971e-10,1.2502125419048515e-10,1.2586622800371318e-10,1.2670707613425473e-10,1.2754381276186197e-10,1.283764529564457e-10,1.2920501258164327e-10,1.3002950821409137e-10,1.3084995706539161e-10,1.3166637691182887e-10,1.324787860296952e-10,1.3328720313812836e-10,1.3409164734584124e-10,1.3489213809588576e-10,1.356886951310953e-10,1.3648133845206513e-10,1.3727008827824084e-10,1.3805496500485503e-10,1.3883598919252604e-10,1.3961318152591925e-10,1.4038656279264612e-10,1.4115615385510398e-10,1.4192197564910307e-10,1.4268404913623313e-10,1.4344239530767765e-10,1.4419703516128833e-10,1.4494798968912354e-10,1.456952798662627e-10,1.46438926636828e-10,1.471789509048716e-10,1.4791537352522772e-10,1.4864821529539678e-10,1.4937749694774956e-10,1.5010323914281622e-10,1.5082546246188805e-10,1.5154418740450995e-10,1.5225943438111486e-10,1.529712237101025e-10,1.5367957561359754e-10,1.5438451021280032e-10,1.5508604752710193e-10,1.5578420747080446e-10,1.5647900984923901e-10,1.5717047435909556e-10,1.5785862058477266e-10,1.585434679983564e-10,1.592250359564523e-10,1.5990334370193816e-10,1.605784103594119e-10,1.6125025493818498e-10,1.619188963276913e-10,1.6258435330184733e-10,1.632466445151188e-10,1.6390578850267518e-10,1.6456180368070033e-10,1.6521470834835124e-10,1.658645206867455e-10,1.6651125875507527e-10,1.671549404977534e-10,1.6779558374336214e-10,1.684332061890578e-10,1.6906782542920876e-10,1.696994589377215e-10,1.7032812407069685e-10,1.709538380682475e-10,1.7157661805606513e-10,1.721964810434438e-10,1.7281344392582133e-10,1.734275234852862e-10,1.7403873639073975e-10,1.7464709919903964e-10,1.7525262835464537e-10,1.7585534019098926e-10,1.764552509310733e-10,1.770523766884306e-10,1.7764673346728275e-10,1.7823833716349143e-10,1.7882720356235405e-10,1.79413348348306e-10,1.799967870992415e-10,1.8057753527879077e-10,1.8115560825641947e-10,1.8173102129057892e-10,1.8230378953781576e-10,1.8287392805326247e-10,1.834414517913476e-10,1.8400637559970243e-10,1.8456871423147327e-10,1.8512848233782147e-10,1.8568569447101028e-10,1.8624036508497745e-10,1.867925085358356e-10,1.8734213908312725e-10,1.8788927088944944e-10,1.8843391802375132e-10,1.8897609445800932e-10,1.8951581406910482e-10,1.9005309064571775e-10,1.9058793787951455e-10,1.9112036937245227e-10,1.9165039863077246e-10,1.921780390764689e-10,1.9270330403485213e-10,1.9322620674375966e-10,1.9374676034936952e-10,1.9426497792116385e-10,1.9478087243887793e-10,1.9529445678713638e-10,1.9580574376696504e-10,1.9631474609371815e-10,1.9682147640114612e-10,1.9732594723585096e-10,1.9782817106526717e-10,1.9832816026406684e-10,1.9882592713553327e-10,1.9932148389589968e-10,1.9981484268114823e-10,2.0030601554067416e-10,2.0079501446257635e-10,2.0128185133713368e-10,2.017665379814844e-10,2.0224908613514094e-10,2.0272950746014043e-10,2.0320781354146228e-10,2.0368401588768364e-10,2.0415812593114824e-10,2.0463015502956138e-10,2.051001144651231e-10,2.055680154453917e-10,2.0603386910603653e-10,2.0649768650918088e-10,2.0695947864245086e-10,2.0741925642462358e-10,2.0787703070051823e-10,2.0833281224468394e-10,2.0878661176161525e-10,2.092384398869702e-10,2.0968830718313488e-10,2.1013622414598634e-10,2.1058220120639023e-10,2.1102624872585742e-10,2.1146837699068833e-10,2.1190859622946715e-10,2.1234691660203919e-10,2.1278334820112256e-10,2.1321790105507623e-10,2.136505851269422e-10,2.1408141031536972e-10,2.1451038645599455e-10,2.149375233181625e-10,2.1536283061149785e-10,2.157863179801305e-10,2.162079950085564e-10,2.1662787121849782e-10,2.1704595607059354e-10,2.1746225896472549e-10,2.1787678924018836e-10,2.18289556177116e-10,2.1870056899588309e-10,2.1910983685776816e-10,2.195173688651427e-10,2.1992317406194925e-10,2.2032726143646753e-10,2.2072963991858544e-10,2.2113031837943026e-10,2.2152930563589067e-10,2.2192661044756788e-10,2.2232224152063263e-10,2.227162075036265e-10,2.2310851699109102e-10,2.234991785247727e-10,2.2388820058829285e-10,2.2427559161504905e-10,2.2466135998276433e-10,2.2504551401931774e-10,2.2542806199821313e-10,2.2580901214182267e-10,2.26188372619259e-10,2.2656615154962572e-10,2.269423570003619e-10,2.2731699698810966e-10,2.2769007947979313e-10,2.2806161239322275e-10,2.2843160358790183e-10,2.288000609000815e-10,2.2916699208546646e-10,2.2953240486851297e-10,2.298963069221256e-10,2.3025870586964808e-10,2.3061960929140113e-10,2.3097902471712412e-10,2.3133695963061048e-10,2.3169342146907798e-10,2.3204841762445521e-10,2.3240195544182815e-10,2.3275404222203225e-10,2.3310468521803094e-10,2.3345389164441315e-10,2.338016686654606e-10,2.341480234027918e-10,2.3449296293568383e-10,2.348364942966839e-10,2.351786244778412e-10,2.355193604290861e-10,2.358587090543582e-10,2.361966772181819e-10,2.365332717424863e-10,2.3686849940940387e-10,2.372023669534596e-10,2.375348810744304e-10,2.378660484292066e-10,2.3819587563431517e-10,2.385243692657422e-10,2.3885153585974767e-10,2.391773819130913e-10,2.395019138829926e-10,2.39825138187788e-10,2.4014706120680205e-10,2.4046768928094e-10,2.407870287128507e-10,2.41105085767198e-10,2.414218666708088e-10,2.4173737761362575e-10,2.420516247474178e-10,2.423646141880105e-10,2.4267635201624205e-10,2.429868442701669e-10,2.4329609695805806e-10,2.436041160502963e-10,2.4391090748195934e-10,2.442164771511848e-10,2.445208309228864e-10,2.4482397462871814e-10,2.451259140602617e-10,2.454266549820604e-10,2.4572620311145576e-10,2.4602456414585424e-10,2.4632174374287624e-10,2.4661774752812995e-10,2.469125810935087e-10,2.472062499977023e-10,2.4749875976546527e-10,2.477901158927087e-10,2.480803238378194e-10,2.483693890326978e-10,2.486573168738298e-10,2.4894411272646617e-10,2.4922978192490773e-10,2.4951432977228556e-10,2.4979776154071504e-10,2.500800824702326e-10,2.5036129777250994e-10,2.506414126279327e-10,2.509204321868257e-10,2.5119836156981153e-10,2.514752058671718e-10,2.5175097014000555e-10,2.520256594201266e-10,2.5229927871084625e-10,2.5257183298503414e-10,2.528433271877895e-10,2.5311376623542044e-10,2.5338315502198806e-10,2.5365149839775127e-10,2.53918801199128e-10,2.54185068231303e-10,2.544503042774256e-10,2.547145140745543e-10,2.549777023513888e-10,2.552398738028072e-10,2.5550103309777447e-10,2.5576118487866275e-10,2.5602033376100137e-10,2.562784843334094e-10,2.5653564116071854e-10,2.567918087785762e-10,2.5704699169828156e-10,2.57301194407687e-10,2.5755442137185986e-10,2.5780667701672086e-10,2.580579657573407e-10,2.5830829197935697e-10,2.5855766004613967e-10,2.588060742918101e-10,2.5905353902556537e-10,2.593000585381656e-10,2.5954563709215436e-10,2.597902789301548e-10,2.600339882669972e-10,2.602767692962141e-10,2.605186261849878e-10,2.6075956308112266e-10,2.6099958410048036e-10,2.6123869335604755e-10,2.614768949189404e-10,2.6171419284385405e-10,2.619505911645977e-10,2.621860938872747e-10,2.624207050027096e-10,2.6265442847588757e-10,2.6288726825247e-10,2.6311922825024107e-10,2.6335031237268307e-10,2.6358052449850526e-10,2.6380986848554266e-10,2.6403834817041885e-10,2.642659673708301e-10,2.6449272987357655e-10,2.647186394629397e-10,2.649436998883917e-10,2.651679148812843e-10,2.6539128815692657e-10,2.6561382340646116e-10,2.6583552430029123e-10,2.6605639449718284e-10,2.662764376239669e-10,2.664956572950543e-10,2.667140571045812e-10,2.66931640626617e-10,2.671484114161985e-10,2.673643730085548e-10,2.67579528920676e-10,2.677938826498382e-10,2.6800743767525796e-10,2.682201974569218e-10,2.6843216543708296e-10,2.6864334504155324e-10,2.6885373967021536e-10,2.6906335271219333e-10,2.6927218753656047e-10,2.694802474944616e-10,2.696875359193248e-10,2.698940561259416e-10,2.7009981141227633e-10,2.703048050585962e-10,2.705090403275127e-10,2.707125204650508e-10,2.709152486997678e-10,2.7111722824308415e-10,2.713184622900032e-10,2.7151895401801585e-10,2.717187065881738e-10,2.719177231444714e-10,2.721160068161539e-10,2.7231356071438104e-10,2.7251038793743885e-10,2.727064915606274e-10,2.7290187464413505e-10,2.7309654023794193e-10,2.732904913741029e-10,2.7348373106993144e-10,2.736762623235848e-10,2.738680881196482e-10,2.7405921142478074e-10,2.742496351962495e-10,2.744393623702184e-10,2.746283958698737e-10,2.7481673860320394e-10,2.750043934630603e-10,2.7519136332885677e-10,2.753776510622658e-10,2.755632595116456e-10,2.757481915116041e-10,2.7593244988160905e-10,2.7611603742686726e-10,2.7629895693810875e-10,2.764812111917498e-10,2.766628029505597e-10,2.768437349669898e-10,2.7702400996613343e-10,2.772036306731222e-10,2.773825997940892e-10,2.7756092002345086e-10,2.777385940414336e-10,2.7791562451072304e-10,2.7809201408248883e-10,2.7826776539803536e-10,2.7844288108439375e-10,2.786173637504913e-10,2.7879121599684157e-10,2.7896444041402397e-10,2.791370395710932e-10,2.7930901603137893e-10,2.7948037233899643e-10,2.796511110307502e-10,2.798212346278457e-10,2.7999074564061865e-10,2.80159646566919e-10,2.8032793989059366e-10,2.8049562808368813e-10,2.80662713607804e-10,2.8082919891027935e-10,2.8099508642703476e-10,2.8116037858110543e-10,2.8132507778540046e-10,2.814891864394254e-10,2.816527069324257e-10,2.8181564164004426e-10,2.819779929319922e-10,2.82139763151266e-10,2.8230095464502993e-10,2.8246156975212415e-10,2.826216107762068e-10,2.8278108002966506e-10,2.829399798117611e-10,2.8309831240182965e-10,2.832560800776118e-10,2.8341328510184585e-10,2.8356992972660536e-10,2.8372601619271327e-10,2.8388154673032976e-10,2.8403652355680885e-10,2.8419094888297755e-10,2.8434482490815567e-10,2.8449815381758145e-10,2.846509377883617e-10,2.8480317898948994e-10,2.849548795726227e-10,2.851060416844507e-10,2.8525666746137816e-10,2.854067590268794e-10,2.855563184967266e-10,2.857053479771519e-10,2.858538495618207e-10,2.86001825332115e-10,2.8614927736638694e-10,2.8629620772915787e-10,2.8644261847560605e-10,2.865885116511674e-10,2.867338892915858e-10,2.8687875342297063e-10,2.8702310606185536e-10,2.8716694921525516e-10,2.8731028488067293e-10,2.8745311504633726e-10,2.875954416909908e-10,2.877372667841208e-10,2.8787859228596927e-10,2.880194201475872e-10,2.881597523108884e-10,2.8829959070870354e-10,2.884389372648306e-10,2.885777938940896e-10,2.8871616250237295e-10,2.8885404498669875e-10,2.889914432352615e-10,2.8912835912748203e-10,2.892647945340613e-10,2.8940075131694173e-10,2.8953623132970103e-10,2.8967123641802845e-10,2.8980576841635174e-10,2.8993982915345866e-10,2.900734204487813e-10,2.902065441133313e-10,2.903392019497078e-10,2.9047139575243196e-10,2.906031273076887e-10,2.9073439839354835e-10,2.908652107797852e-10,2.9099556622826356e-10,2.91125466492627e-10,2.9125491331878464e-10,2.9138390844420663e-10,2.9151245359937083e-10,2.916405505052925e-10,2.917682008766037e-10,2.918954064197043e-10,2.920221688332498e-10,2.921484898083553e-10,2.922743710281753e-10,2.923998141684159e-10,2.925248208970802e-10,2.9264939287509394e-10,2.9277353175581526e-10,2.9289723918421825e-10,2.930205167990005e-10,2.9314336623127673e-10,2.9326578910490556e-10,2.9338778703589163e-10,2.935093616333762e-10,2.936305144993557e-10,2.9375124722858066e-10,2.9387156140881334e-10,2.939914586206659e-10,2.941109404377518e-10,2.9423000842632747e-10,2.943486641464101e-10,2.944669091499778e-10,2.945847449843595e-10,2.947021731868286e-10,2.9481919529163214e-10,2.9493581282284417e-10,2.950520272999271e-10,2.9516784023394577e-10,2.9528325313111213e-10,2.953982674900252e-10,2.95512884802637e-10,2.956271065543404e-10,2.957409342251967e-10,2.958543692869481e-10,2.9596741320737334e-10,2.9608006744392146e-10,2.961923334509718e-10,2.9630421267565444e-10,2.964157065585239e-10,2.9652681653457274e-10,2.966375440315359e-10,2.967478904718712e-10,2.9685785727156173e-10,2.96967445840193e-10,2.9707665758137055e-10,2.9718549389275793e-10,2.9729395616560094e-10,2.9740204578573037e-10,2.975097641332371e-10,2.9761711258213936e-10,2.9772409249881797e-10,2.978307052450548e-10,2.979369521776963e-10,2.980428346498974e-10,2.981483540005683e-10,2.982535115710727e-10,2.9835830869257157e-10,2.9846274669337664e-10,2.985668268935633e-10,2.9867055061299334e-10,2.9877391915995045e-10,2.988769338390243e-10,2.989795959495923e-10,2.990819067856303e-10,2.9918386763630893e-10,2.992854797818364e-10,2.9938674450035837e-10,2.9948766306382036e-10,2.9958823673683014e-10,2.9968846678250496e-10,2.99788354457266e-10,2.998879010107116e-10,2.999871076888403e-10,3.0008597573311234e-10,3.001845063780957e-10,3.002827008571565e-10,3.0038056039058855e-10,3.004780862010672e-10,3.0057527949885136e-10,3.0067214149323185e-10,3.0076867338913915e-10,3.0086487638572686e-10,3.009607516771433e-10,3.0105630045249933e-10,3.0115152389631474e-10,3.012464231880214e-10,3.013409995011297e-10,3.0143525400553726e-10,3.0152918786744494e-10,3.016228022450627e-10,3.0171609829436083e-10,3.0180907716240075e-10,3.019017400014075e-10,3.019940879468683e-10,3.0208612213676916e-10,3.0217784370523264e-10,3.022692537767053e-10,3.0236035347340546e-10,3.0245114391295435e-10,3.0254162620872276e-10,3.0263180146520986e-10,3.0272167079359476e-10,3.0281123528965625e-10,3.029004960483171e-10,3.029894541600216e-10,3.0307811071076715e-10,3.031664667821342e-10,3.0325452345129523e-10,3.0334228179103807e-10,3.0342974286978737e-10,3.035169077516392e-10,3.0360377749683835e-10,3.0369035316035124e-10,3.037766357935801e-10,3.038626264435676e-10,3.0394832615251215e-10,3.0403373595959447e-10,3.0411885689858413e-10,3.042036899989378e-10,3.042882362874732e-10,3.043724967873271e-10,3.044564725150372e-10,3.0454016448293036e-10,3.0462357370206876e-10,3.047067011777477e-10,3.0478954791194943e-10,3.048721149017935e-10,3.049544031381983e-10,3.0503641361563623e-10,3.0511814731751506e-10,3.051996052253258e-10,3.052807883168281e-10,3.0536169756604084e-10,3.054423339432175e-10,3.055226984141465e-10,3.0560279194063523e-10,3.0568261548196086e-10,3.057621699924562e-10,3.0584145642251824e-10,3.059204757201101e-10,3.0599922882775025e-10,3.0607771668592344e-10,3.061559402301092e-10,3.0623390039242383e-10,3.0631159810122106e-10,3.0638903428171767e-10,3.064662098551634e-10,3.0654312573918356e-10,3.0661978284811124e-10,3.0669618209163483e-10,3.067723243769445e-10,3.068482106077051e-10,3.069238416830306e-10,3.0699921850151586e-10,3.0707434195253466e-10,3.071492129262427e-10,3.0722383230895986e-10,3.0729820098285126e-10,3.0737231982594945e-10,3.074461897154357e-10,3.0751981152122125e-10,3.0759318611443386e-10,3.0766631436145757e-10,3.0773919711945236e-10,3.078118352496091e-10,3.0788422960684643e-10,3.079563810427509e-10,3.0802829040641245e-10,3.0809995854300063e-10,3.08171386295039e-10,3.082425745006073e-10,3.083135239953688e-10,3.083842356118938e-10,3.084547101793792e-10,3.08524948523541e-10,3.0859495146759924e-10,3.086647198306019e-10,3.087342544291198e-10,3.088035560765898e-10,3.088726255832464e-10,3.089414637557781e-10,3.0901007140008854e-10,3.090784493135985e-10,3.0914659829646616e-10,3.092145191429786e-10,3.092822126458301e-10,3.093496795917555e-10,3.094169207676748e-10,3.094839369559601e-10,3.095507289367204e-10,3.0961729748642857e-10,3.096836433791355e-10,3.0974976738581644e-10,3.0981567027397164e-10,3.0988135280864905e-10,3.0994681575097037e-10,3.100120598622427e-10,3.10077085898256e-10,3.101418946110643e-10,3.1020648675274543e-10,3.1027086307147434e-10,3.103350243115398e-10,3.103989712148731e-10,3.1046270452124966e-10,3.105262249687178e-10,3.105895332879165e-10,3.1065263021338596e-10,3.1071551646724373e-10,3.1077819278078966e-10,3.1084065987515283e-10,3.1090291847050124e-10,3.1096496928409647e-10,3.1102681302956483e-10,3.110884504211706e-10,3.111498821671648e-10,3.112111089742628e-10,3.1127213154647555e-10,3.113329505852641e-10,3.113935667894222e-10,3.1145398085399945e-10,3.1151419347395405e-10,3.1157420534133143e-10,3.116340171429622e-10,3.116936295694298e-10,3.117530432950489e-10,3.1181225900540637e-10,3.118712773791818e-10,3.1193009909074297e-10,3.1198872481569044e-10,3.120471552213628e-10,3.121053909800603e-10,3.121634327549419e-10,3.1222128120732935e-10,3.1227893700026525e-10,3.1233640079208393e-10,3.123936732383068e-10,3.1245075499326964e-10,3.1250764670819377e-10,3.125643490299376e-10,3.1262086260699604e-10,3.12677188082798e-10,3.12733326098781e-10,3.127892772934306e-10,3.128450423040131e-10,3.129006217649688e-10,3.1295601630877396e-10,3.130112265662239e-10,3.1306625316279334e-10,3.131210967246584e-10,3.1317575787479194e-10,3.1323023723114126e-10,3.132845354146258e-10,3.1333865304402777e-10,3.133925907311089e-10,3.134463490866896e-10,3.1349992872100357e-10,3.135533302406383e-10,3.1360655425413266e-10,3.1365960135436056e-10,3.137124721516837e-10,3.1376516724042816e-10,3.13817687217345e-10,3.1387003267690985e-10,3.139222042102612e-10,3.1397420240645943e-10,3.1402602785484506e-10,3.140776811421356e-10,3.141291628491997e-10,3.1418047355565367e-10,3.142316138391408e-10,3.142825842832195e-10,3.1433338546029e-10,3.143840179410192e-10,3.144344822975243e-10,3.1448477909822096e-10,3.1453490890983923e-10,3.1458487229726755e-10,3.1463466982213295e-10,3.146843020454322e-10,3.147337695255652e-10,3.147830728188267e-10,3.1483221248011263e-10,3.1488118906117345e-10,3.14930003113225e-10,3.1497865518440646e-10,3.150271458227116e-10,3.150754755673168e-10,3.1512364496714847e-10,3.151716545604e-10,3.152195048852829e-10,3.152671964792691e-10,3.1531472987706364e-10,3.1536210561138233e-10,3.154093242163572e-10,3.15456386214966e-10,3.1550329213748797e-10,3.1555004250927103e-10,3.1559663785376606e-10,3.156430786921287e-10,3.1568936554496224e-10,3.157354989296802e-10,3.157814793618561e-10,3.158273073563485e-10,3.158729834250083e-10,3.1591850807859014e-10,3.159638818259116e-10,3.1600910517368484e-10,3.1605417862730403e-10,3.160991026892019e-10,3.1614387786089685e-10,3.1618850464675917e-10,3.1623298353647995e-10,3.162773150307558e-10,3.163214996224836e-10,3.1636553780648524e-10,3.1640943007254456e-10,3.164531769098321e-10,3.164967788057846e-10,3.1654023624611423e-10,3.1658354971484913e-10,3.1662671969430583e-10,3.1666974666478474e-10,3.16712631105471e-10,3.1675537349323124e-10,3.167979743036931e-10,3.168404340112837e-10,3.168827530869364e-10,3.169249320019398e-10,3.169669712246753e-10,3.170088712242671e-10,3.170506324627264e-10,3.1709225540567507e-10,3.1713374051444635e-10,3.1717508825149883e-10,3.172162990756019e-10,3.1725737344272185e-10,3.172983118102548e-10,3.173391146305798e-10,3.1737978235868783e-10,3.1742031544408477e-10,3.174607143351626e-10,3.1750097948144085e-10,3.175411113272059e-10,3.175811103183201e-10,3.1762097689793436e-10,3.176607115066657e-10,3.1770031458661257e-10,3.177397865753775e-10,3.177791279098565e-10,3.178183390252781e-10,3.178574203556946e-10,3.1789637233426985e-10,3.1793519539044733e-10,3.179738899542614e-10,3.1801245645496716e-10,3.1805089531622697e-10,3.1808920696432644e-10,3.181273918220211e-10,3.1816545031261357e-10,3.1820338285590585e-10,3.1824118987099023e-10,3.1827887177525677e-10,3.1831642898480063e-10,3.183538619145338e-10,3.183911709774831e-10,3.184283565816916e-10,3.184654191450184e-10,3.1850235907262957e-10,3.1853917677199666e-10,3.185758726492171e-10,3.1861244710853444e-10,3.1864890055408026e-10,3.1868523338731124e-10,3.1872144600862344e-10,3.1875753881725187e-10,3.1879351221077183e-10,3.188293665856517e-10,3.188651023367809e-10,3.189007198577049e-10,3.1893621954048204e-10,3.1897160177640183e-10,3.1900686695480244e-10,3.190420154638622e-10,3.190770476903147e-10,3.191119640206763e-10,3.19146764837439e-10,3.1918145052413976e-10,3.19216021462532e-10,3.1925047803268836e-10,3.192848206134546e-10,3.193190495823268e-10,3.193531653157147e-10,3.1938716818859443e-10,3.1942105857466827e-10,3.1945483684644854e-10,3.194885033749646e-10,3.195220585300372e-10,3.1955550268022927e-10,3.1958883619273397e-10,3.1962205943402297e-10,3.19655172768678e-10,3.196881765603088e-10,3.1972107117119186e-10,3.197538569622805e-10,3.1978653429332824e-10,3.1981910352306895e-10,3.1985156500882015e-10,3.198839191066667e-10,3.1991616616915873e-10,3.1994830655439977e-10,3.199803406131055e-10,3.2001226869613763e-10,3.200440911536514e-10,3.2007580833450125e-10,3.2010742058637255e-10,3.201389282558012e-10,3.2017033168809175e-10,3.202016312272912e-10,3.202328272163417e-10,3.202639199969165e-10,3.2029490990957467e-10,3.203257972941168e-10,3.2035658248836234e-10,3.2038726582965955e-10,3.2041784765398447e-10,3.204483282962485e-10,3.2047870809009214e-10,3.2050898736800643e-10,3.2053916646105766e-10,3.205692457002207e-10,3.205992254142036e-10,3.206291059312401e-10,3.2065888757820053e-10,3.2068857068063383e-10,3.2071815556355206e-10,3.2074764255021767e-10,3.207770319634219e-10,3.208063241246578e-10,3.2083551935398063e-10,3.20864617970688e-10,3.2089362029301065e-10,3.2092252663788916e-10,3.2095133732131087e-10,3.209800526582662e-10,3.2100867296242637e-10,3.2103719854645026e-10,3.21065629722357e-10,3.2109396680067583e-10,3.211222100909125e-10,3.211503599016515e-10,3.2117841654038876e-10,3.2120638031357794e-10,3.212342515266345e-10,3.2126203048393874e-10,3.2128971748884104e-10,3.2131731284365653e-10,3.213448168495415e-10,3.21372229807124e-10,3.2139955201542997e-10,3.214267837727504e-10,3.214539253761728e-10,3.2148097712224577e-10,3.2150793930605025e-10,3.21534812221824e-10,3.215615961628118e-10,3.2158829142126706e-10,3.216148982883001e-10,3.216414170543511e-10,3.216678480088797e-10,3.216941914402346e-10,3.2172044763535873e-10,3.2174661688098557e-10,3.217726994623762e-10,3.2179869566401297e-10,3.2182460576942047e-10,3.218504300612773e-10,3.218761688208722e-10,3.219018223292144e-10,3.219273908654298e-10,3.2195287470882255e-10,3.2197827413694806e-10,3.2200358942660335e-10,3.2202882085401853e-10,3.220539686940753e-10,3.220790332208777e-10,3.221040147074272e-10,3.221289134255493e-10,3.221537296478523e-10,3.2217846364387565e-10,3.2220311568340194e-10,3.2222768603496105e-10,3.2225217496621186e-10,3.2227658274422376e-10,3.223009096345686e-10,3.2232515590241314e-10,3.2234932181186577e-10,3.2237340762624505e-10,3.2239741360795187e-10,3.224213400182466e-10,3.224451871178029e-10,3.2246895516657657e-10,3.2249264442318425e-10,3.225162551456155e-10,3.225397875912242e-10,3.22563242016091e-10,3.225866186760191e-10,3.226099178251421e-10,3.226331397177519e-10,3.2265628460534437e-10,3.226793527406399e-10,3.2270234437485917e-10,3.227252597584304e-10,3.2274809914051133e-10,3.227708627701065e-10,3.227935508948935e-10,3.2281616376174304e-10,3.2283870161712206e-10,3.22861164706211e-10,3.2288355327347496e-10,3.2290586756260353e-10,3.2292810781653817e-10,3.2295027427729394e-10,3.2297236718613813e-10,3.2299438678356645e-10,3.230163333091618e-10,3.230382070018093e-10,3.230600080995522e-10,3.230817368397066e-10,3.2310339345865913e-10,3.231249781921804e-10,3.2314649127515e-10,3.2316793294163067e-10,3.231893034249673e-10,3.23210602957689e-10,3.23231831771633e-10,3.2325299009780126e-10,3.232740781663945e-10,3.2329509620688854e-10,3.2331604444798385e-10,3.233369231176418e-10,3.2335773244288224e-10,3.233784726497509e-10,3.233991439650757e-10,3.2341974661230375e-10,3.2344028081722185e-10,3.234607468024795e-10,3.234811447907649e-10,3.235014750041933e-10,3.235217376633725e-10,3.235419329891606e-10,3.2356206120177146e-10,3.2358212251952397e-10,3.236021171607455e-10,3.236220453435841e-10,3.2364190728445436e-10,3.2366170319887196e-10,3.2368143330313394e-10,3.237010978112022e-10,3.237206969378266e-10,3.237402308958377e-10,3.2375969989730985e-10,3.2377910415479413e-10,3.2379844387950606e-10,3.238177192814414e-10,3.23836930570531e-10,3.2385607795586824e-10,3.2387516164564953e-10,3.2389418184710673e-10,3.239131387680258e-10,3.2393203261437695e-10,3.23950863591666e-10,3.2396963190494466e-10,3.2398833775813776e-10,3.2400698135485917e-10,3.240255628981366e-10,3.240440825891219e-10,3.240625406313528e-10,3.24080937224529e-10,3.240992725681311e-10,3.2411754686330264e-10,3.241357603082859e-10,3.2415391310138524e-10,3.2417200543984085e-10,3.2419003751999555e-10,3.2420800953945725e-10,3.242259216932814e-10,3.2424377417623655e-10,3.242615671827695e-10,3.2427930090578265e-10,3.242969755394718e-10,3.243145912761337e-10,3.243321483071035e-10,3.2434964682358774e-10,3.243670870160965e-10,3.2438446907447245e-10,3.2440179318794793e-10,3.2441905954512987e-10,3.2443626833400205e-10,3.2445341974192656e-10,3.2447051395564657e-10,3.244875511612884e-10,3.2450453154436283e-10,3.245214552897686e-10,3.2453832258317133e-10,3.245551336053606e-10,3.24571888541086e-10,3.2458858757262333e-10,3.246052308819029e-10,3.2462181865011186e-10,3.2463835105727214e-10,3.2465482828469694e-10,3.2467125051134637e-10,3.246876179160649e-10,3.2470393067723066e-10,3.2472018897244896e-10,3.247363929778381e-10,3.247525428719698e-10,3.24768638829695e-10,3.2478468102654634e-10,3.248006696372583e-10,3.248166048359138e-10,3.2483248679641245e-10,3.248483156917721e-10,3.2486409169419563e-10,3.2487981497592085e-10,3.2489548570812837e-10,3.24911104061778e-10,3.2492667020701357e-10,3.2494218431367814e-10,3.249576465505787e-10,3.2497305708674826e-10,3.249884160897189e-10,3.250037237272873e-10,3.2501898016597827e-10,3.2503418557236467e-10,3.2504934011069164e-10,3.250644439493245e-10,3.2507949725127973e-10,3.250945001810128e-10,3.251094529020448e-10,3.251243555774159e-10,3.2513920836966917e-10,3.2515401144086357e-10,3.2516876495261806e-10,3.2518346906572675e-10,3.2519812394034927e-10,3.2521272973698445e-10,3.252272866146971e-10,3.2524179473236394e-10,3.2525625424830483e-10,3.2527066532035136e-10,3.252850281058141e-10,3.2529934276134427e-10,3.253136094421748e-10,3.253278283075368e-10,3.253419995091374e-10,3.253561232027547e-10,3.2537019954290547e-10,3.2538422868295806e-10,3.253982107742451e-10,3.254121459734139e-10,3.254260344307966e-10,3.2543987629794174e-10,3.2545367172628314e-10,3.25467420866242e-10,3.2548112386815537e-10,3.2549478088179017e-10,3.255083920563152e-10,3.255219575404659e-10,3.2553547748248736e-10,3.255489520300936e-10,3.255623813306518e-10,3.255757655309069e-10,3.255891047771691e-10,3.2560239921522773e-10,3.2561564899047933e-10,3.2562885424772996e-10,3.2564201513143296e-10,3.2565513178563366e-10,3.256682043536756e-10,3.2568123297854246e-10,3.2569421780274853e-10,3.257071589683412e-10,3.2572005661692275e-10,3.25732910889568e-10,3.2574572192695094e-10,3.2575848986943436e-10,3.25771214856419e-10,3.257838970273308e-10,3.257965365210222e-10,3.2580913347584115e-10,3.2582168802970086e-10,3.2583420032005727e-10,3.258466704839277e-10,3.2585909865782695e-10,3.2587148497790707e-10,3.2588382957986816e-10,3.258961325989005e-10,3.259083941697724e-10,3.259206144268437e-10,3.25932793504003e-10,3.2594493153471695e-10,3.2595702865196126e-10,3.2596908498850614e-10,3.259811006762478e-10,3.259930758470277e-10,3.260050106322488e-10,3.2601690516250097e-10,3.2602875956839987e-10,3.260405739800915e-10,3.2605234852810293e-10,3.260640833392969e-10,3.2607577854388486e-10,3.2608743426954405e-10,3.260990506443722e-10,3.2611062779608457e-10,3.261221658516753e-10,3.2613366493771266e-10,3.261451251802845e-10,3.261565467054168e-10,3.2616792963865846e-10,3.261792741047923e-10,3.2619058022828617e-10,3.2620184813352686e-10,3.2621307794406055e-10,3.2622426978337875e-10,3.2623542377457544e-10,3.262465400399592e-10,3.262576187022223e-10,3.262686598823201e-10,3.2627966370233187e-10,3.2629063028247833e-10,3.2630155974393685e-10,3.263124522066479e-10,3.2632330779033054e-10,3.2633412661309103e-10,3.2634490879697875e-10,3.263556544579201e-10,3.263663637144961e-10,3.263770366867982e-10,3.2638767349075736e-10,3.2639827424331746e-10,3.264088390612422e-10,3.264193680608652e-10,3.264298613572282e-10,3.264403190676329e-10,3.264507413056415e-10,3.2646112818592374e-10,3.2647147982535786e-10,3.264817963364425e-10,3.264920778315299e-10,3.2650232442651385e-10,3.265125362329769e-10,3.2652271336278367e-10,3.265328559284507e-10,3.2654296404247807e-10,3.265530378159312e-10,3.2656307736225237e-10,3.2657308278914064e-10,3.26583054207664e-10,3.2659299172681846e-10,3.266028954586768e-10,3.2661276551001184e-10,3.266226019913226e-10,3.2663240501186466e-10,3.266421746776149e-10,3.266519110979037e-10,3.2666161438149823e-10,3.266712846329657e-10,3.2668092196168133e-10,3.266905264718355e-10,3.2670009827145505e-10,3.2670963746522935e-10,3.2671914415910556e-10,3.267286184576402e-10,3.267380604660672e-10,3.267474702886242e-10,3.267568480294042e-10,3.267661937921348e-10,3.267755076800743e-10,3.267847897964057e-10,3.267940402438371e-10,3.268032591247501e-10,3.268124465414018e-10,3.26821602595056e-10,3.268307273868172e-10,3.2683982101888407e-10,3.268488835914418e-10,3.2685791520480497e-10,3.2686691595912175e-10,3.2687588595411766e-10,3.2688482528921067e-10,3.2689373406355305e-10,3.2690261237583035e-10,3.269114603246066e-10,3.2692027800789333e-10,3.2692906552353336e-10,3.2693782296912766e-10,3.269465504419711e-10,3.2695524803853144e-10,3.2696391585558847e-10,3.2697255398973197e-10,3.269811625361888e-10,3.269897415908378e-10,3.2699829124872373e-10,3.2700681160540593e-10,3.2701530275541594e-10,3.2702376479283933e-10,3.2703219781243193e-10,3.270406019074998e-10,3.270489771713543e-10,3.270573236967707e-10,3.2706564157699074e-10,3.2707393090460836e-10,3.270821917718233e-10,3.2709042426992464e-10,3.2709862849185457e-10,3.271068045283145e-10,3.2711495247028236e-10,3.2712307240864823e-10,3.2713116443382874e-10,3.2713922863531495e-10,3.271472651042047e-10,3.271552739294893e-10,3.27163255199467e-10,3.271712090043572e-10,3.2717913543325645e-10,3.271870345738423e-10,3.2719490651448634e-10,3.272027513427288e-10,3.2721056914624477e-10,3.272183600124915e-10,3.272261240281157e-10,3.2723386128010015e-10,3.2724157185457007e-10,3.27249255837911e-10,3.272569133158748e-10,3.2726454437399286e-10,3.2727214909772877e-10,3.2727972757177266e-10,3.272872798812603e-10,3.272948061104229e-10,3.273023063436424e-10,3.2730978066461375e-10,3.2731722915728574e-10,3.2732465190465785e-10,3.273320489902935e-10,3.273394204965211e-10,3.273467665061398e-10,3.2735408710136173e-10,3.2736138236419556e-10,3.273686523767164e-10,3.273758972202644e-10,3.2738311697585353e-10,3.2739031172503226e-10,3.273974815478135e-10,3.2740462652492235e-10,3.2741174673634426e-10,3.2741884226244123e-10,3.2742591318271147e-10,3.274329595763713e-10,3.274399815227336e-10,3.274469791005562e-10,3.2745395238859813e-10,3.2746090146519965e-10,3.2746782640846053e-10,3.274747272962937e-10,3.274816042062001e-10,3.274884572156071e-10,3.274952864014254e-10,3.2750209184096827e-10,3.275088736107e-10,3.275156317866897e-10,3.2752236644522847e-10,3.275290776623007e-10,3.2753576551336974e-10,3.275424300738281e-10,3.27549071418522e-10,3.275556896229338e-10,3.275622847614034e-10,3.275688569082561e-10,3.2757540613798977e-10,3.275819325241073e-10,3.275884361404582e-10,3.2759491706045446e-10,3.276013753575759e-10,3.2760781110423264e-10,3.276142243734017e-10,3.276206152376494e-10,3.276269837691928e-10,3.276333300399703e-10,3.27639654121947e-10,3.2764595608635e-10,3.276522360047886e-10,3.276584939480829e-10,3.2766472998798123e-10,3.276709441940395e-10,3.276771366371244e-10,3.276833073870217e-10,3.2768945651405313e-10,3.2769558408773103e-10,3.27701690177604e-10,3.2770777485273627e-10,3.2771383818261295e-10,3.277198802358796e-10,3.277259010811471e-10,3.2773190078661387e-10,3.2773787942031846e-10,3.277438370507902e-10,3.2774977374586103e-10,3.2775568957176683e-10,3.277615845963999e-10,3.277674588869112e-10,3.2777331251038444e-10,3.277791455329839e-10,3.277849580213011e-10,3.277907500422113e-10,3.2779652166011706e-10,3.27802272941727e-10,3.278080039525045e-10,3.2781371475766e-10,3.2781940542250033e-10,3.278250760117523e-10,3.2783072659010203e-10,3.2783635722236224e-10,3.2784196797232427e-10,3.278475589043604e-10,3.2785313008218814e-10,3.2785868156951127e-10,3.2786421342976305e-10,3.2786972572618444e-10,3.278752185218074e-10,3.27880691879624e-10,3.278861458614332e-10,3.2789158053100777e-10,3.2789699594954707e-10,3.279023921795371e-10,3.2790776928265315e-10,3.279131273206798e-10,3.279184663547031e-10,3.279237864460794e-10,3.2792908765584656e-10,3.2793437004480243e-10,3.2793963367349324e-10,3.279448786025409e-10,3.2795010489206533e-10,3.2795531260211465e-10,3.279605017924389e-10,3.27965672522912e-10,3.2797082485282426e-10,3.2797595884139364e-10,3.2798107454802884e-10,3.2798617203102874e-10,3.2799125134939416e-10,3.279963125617891e-10,3.2800135572611175e-10,3.280063809006893e-10,3.280113881434629e-10,3.280163775121248e-10,3.280213490642875e-10,3.280263028572895e-10,3.280312389482946e-10,3.2803615739431877e-10,3.2804105825221524e-10,3.2804594157847033e-10,3.28050807429633e-10,3.2805565586201963e-10,3.2806048693159855e-10,3.2806530069417156e-10,3.2807009720574415e-10,3.2807487652169364e-10,3.2807963869749335e-10,3.2808438378827595e-10,3.280891118486785e-10,3.280938229337368e-10,3.280985170983741e-10,3.2810319439673206e-10,3.2810785488313657e-10,3.2811249861187863e-10,3.281171256367136e-10,3.2812173601107804e-10,3.281263297891909e-10,3.2813090702426226e-10,3.2813546776945454e-10,3.2814001207782456e-10,3.2814454000231014e-10,3.281490515958646e-10,3.2815354691058835e-10,3.28158025999037e-10,3.281624889135051e-10,3.2816693570595213e-10,3.281713664282857e-10,3.281757811322186e-10,3.2818017986927814e-10,3.2818456269085017e-10,3.281889296481384e-10,3.281932807921571e-10,3.281976161738158e-10,3.2820193584378337e-10,3.282062398527051e-10,3.282105282507374e-10,3.2821480108895306e-10,3.282190584160554e-10,3.282233002826489e-10,3.2822752673838075e-10,3.282317378328996e-10,3.2823593361550597e-10,3.28240114135507e-10,3.2824427944198984e-10,3.282484295838887e-10,3.2825256460998303e-10,3.282566845688385e-10,3.282607895089896e-10,3.282648794791884e-10,3.2826895452662784e-10,3.2827301469977287e-10,3.282770600464549e-10,3.28281090614256e-10,3.2828510645092977e-10,3.2828910760359736e-10,3.282930941196185e-10,3.28297066046009e-10,3.2830102342971544e-10,3.2830496631748063e-10,3.2830889475576977e-10,3.2831280879132134e-10,3.2831670847030165e-10,3.283205938388216e-10,3.2832446494298316e-10,3.283283218285979e-10,3.28332164541374e-10,3.283359931270307e-10,3.283398076309305e-10,3.2834360809797814e-10,3.283473945736012e-10,3.283511671026891e-10,3.2835492573008504e-10,3.283586705004009e-10,3.2836240145839e-10,3.2836611864827615e-10,3.2836982211448835e-10,3.283735119009573e-10,3.283771880517461e-10,3.283808506107139e-10,3.283844996214367e-10,3.283881351274397e-10,3.283917571723068e-10,3.2839536579901693e-10,3.283989610508312e-10,3.2840254297072825e-10,3.284061116016614e-10,3.28409666986106e-10,3.284132091666226e-10,3.2841673818574264e-10,3.2842025408591356e-10,3.284237569089268e-10,3.284272466971592e-10,3.2843072349224294e-10,3.2843418733602635e-10,3.2843763827011035e-10,3.284410763359894e-10,3.2844450157506825e-10,3.284479140283939e-10,3.284513137371007e-10,3.284547007421526e-10,3.284580750843673e-10,3.284614368044569e-10,3.284647859429075e-10,3.284681225401593e-10,3.2847144663644437e-10,3.284747582718753e-10,3.2847805748652556e-10,3.284813443203031e-10,3.2848461881303143e-10,3.284878810042054e-10,3.2849113093340925e-10,3.2849436864006725e-10,3.2849759416343015e-10,3.285008075425704e-10,3.285040088163786e-10,3.2850719802390126e-10,3.285103752038057e-10,3.2851354039481055e-10,3.285166936352572e-10,3.2851983496360453e-10,3.2852296441811633e-10,3.285260820367543e-10,3.2852918785782546e-10,3.2853228191889335e-10,3.285353642582127e-10,3.2853843491263674e-10,3.2854149392010865e-10,3.2854454131794433e-10,3.2854757714349e-10,3.2855060143386657e-10,3.285536142259589e-10,3.2855661555739743e-10,3.285596054640926e-10,3.285625839829012e-10,3.2856555115092697e-10,3.285685070037759e-10,3.285714515781179e-10,3.2857438491011863e-10,3.285773070360063e-10,3.285802179916157e-10,3.2858311781279137e-10,3.2858600653533747e-10,3.2858888419514395e-10,3.2859175082707255e-10,3.2859460646682174e-10,3.2859745114973493e-10,3.286002849112592e-10,3.286031077857033e-10,3.2860591980845205e-10,3.2860872101453847e-10,3.2861151143826724e-10,3.2861429111421125e-10,3.2861706007700036e-10,3.2861981836101024e-10,3.286225660004997e-10,3.2862530302968236e-10,3.2862802948248406e-10,3.2863074539282114e-10,3.286334507945826e-10,3.286361457215195e-10,3.2863883020712827e-10,3.2864150428501465e-10,3.2864416798837774e-10,3.2864682135088737e-10,3.2864946440495666e-10,3.286520971842299e-10,3.286547197216247e-10,3.2865733204985983e-10,3.28659934201724e-10,3.2866252620985557e-10,3.2866510810679337e-10,3.286676799248905e-10,3.286702416965819e-10,3.286727934539765e-10,3.286753352292649e-10,3.286778670544862e-10,3.286803889613816e-10,3.286829009818382e-10,3.28685403147567e-10,3.286878954904434e-10,3.286903780416554e-10,3.2869285083229983e-10,3.2869531389386925e-10,3.28697767257817e-10,3.2870021095500733e-10,3.287026450165348e-10,3.2870506947321903e-10,3.2870748435591397e-10,3.2870988969527987e-10,3.2871228552184027e-10,3.28714671866065e-10,3.2871704875854187e-10,3.2871941622941777e-10,3.287217743090008e-10,3.287241230270713e-10,3.2872646241429346e-10,3.287287924997975e-10,3.2873111331364944e-10,3.287334248857637e-10,3.287357272456451e-10,3.2873802042273594e-10,3.287403044465423e-10,3.287425793463829e-10,3.287448451514771e-10,3.2874710189092897e-10,3.287493495937957e-10,3.2875158828954365e-10,3.2875381800607553e-10,3.287560387720282e-10,3.2875825061726737e-10,3.2876045356985504e-10,3.2876264765795e-10,3.287648329103724e-10,3.2876700935519995e-10,3.287691770207729e-10,3.2877133593504785e-10,3.2877348612613714e-10,3.28775627622012e-10,3.2877776045055874e-10,3.2877988463935895e-10,3.2878200021614947e-10,3.287841072086004e-10,3.287862056440887e-10,3.287882955501327e-10,3.2879037695409325e-10,3.287924498832753e-10,3.2879451436428204e-10,3.287965704245327e-10,3.287986180913177e-10,3.288006573908333e-10,3.288026883502199e-10,3.2880471099610173e-10,3.288067253550679e-10,3.2880873145384376e-10,3.2881072931875635e-10,3.2881271897621814e-10,3.2881470045238386e-10,3.288166737735459e-10,3.2881863896574806e-10,3.288205960550497e-10,3.288225450673236e-10,3.288244860282442e-10,3.288264189639996e-10,3.288283439001602e-10,3.288302608622268e-10,3.288321698757639e-10,3.288340709661928e-10,3.2883596415885316e-10,3.2883784947891453e-10,3.288397269517913e-10,3.288415966024991e-10,3.2884345845605336e-10,3.28845312537402e-10,3.2884715887139893e-10,3.28848997482846e-10,3.2885082839645194e-10,3.2885265163684425e-10,3.288544672285714e-10,3.28856275196097e-10,3.288580755638344e-10,3.2885986835606526e-10,3.2886165359703475e-10,3.288634313108944e-10,3.2886520152175615e-10,3.2886696425357206e-10,3.288687195302472e-10,3.2887046737565556e-10,3.2887220781358084e-10,3.288739408677211e-10,3.2887566656167753e-10,3.2887738491899574e-10,3.2887909596306856e-10,3.288807997173385e-10,3.288824962051224e-10,3.288841854496322e-10,3.2888586747406963e-10,3.288875423014871e-10,3.288892099548915e-10,3.2889087045724563e-10,3.2889252383138324e-10,3.288941701000862e-10,3.288958092861526e-10,3.2889744141217214e-10,3.2889906650068006e-10,3.289006845739392e-10,3.289022956550555e-10,3.289038997655837e-10,3.289054969283886e-10,3.2890708716580684e-10,3.2890867049926644e-10,3.289102469512421e-10,3.289118165436893e-10,3.2891337929862835e-10,3.2891493523767677e-10,3.2891648438283206e-10,3.2891802675567113e-10,3.289195623779068e-10,3.2892109127106996e-10,3.289226134566538e-10,3.289241289561825e-10,3.289256377909048e-10,3.2892713998220316e-10,3.289286355512189e-10,3.28930124519174e-10,3.2893160690713023e-10,3.2893308273599427e-10,3.289345520269829e-10,3.289360148008086e-10,3.2893747107833426e-10,3.2893892088031115e-10,3.28940364227373e-10,3.289418011400837e-10,3.289432316391758e-10,3.28944655745004e-10,3.289460734780212e-10,3.2894748485855594e-10,3.2894888990699735e-10,3.289502886434049e-10,3.2895168108809475e-10,3.2895306726102985e-10,3.2895444718228334e-10,3.289558208718146e-10,3.2895718834949174e-10,3.289585496352095e-10,3.2895990474869933e-10,3.289612537096847e-10,3.289625965377886e-10,3.289639332526001e-10,3.2896526387363633e-10,3.289665884203364e-10,3.289679069120956e-10,3.289692193682639e-10,3.2897052580786906e-10,3.289718262505095e-10,3.289731207151603e-10,3.2897440922086013e-10,3.28975691786636e-10,3.2897696843153283e-10,3.289782391743316e-10,3.2897950403397935e-10,3.2898076302911375e-10,3.2898201617851117e-10,3.28983263500892e-10,3.2898450501469527e-10,3.2898574073853277e-10,3.2898697069090727e-10,3.2898819489012957e-10,3.289894133547121e-10,3.2899062610281333e-10,3.28991833152734e-10,3.289930345226593e-10,3.2899423023072734e-10,3.289954202950511e-10,3.2899660473337883e-10,3.2899778356379836e-10,3.289989568042451e-10,3.2900012447246617e-10,3.2900128658644984e-10,3.290024431635796e-10,3.2900359422170596e-10,3.2900473977811043e-10,3.290058798508604e-10,3.290070144571907e-10,3.2900814361454174e-10,3.290092673402816e-10,3.290103856518332e-10,3.2901149856619656e-10,3.2901260610089846e-10,3.2901370827279293e-10,3.290148050991109e-10,3.290158965967261e-10,3.290169827828228e-10,3.2901806367440645e-10,3.2901913928831305e-10,3.290202096411524e-10,3.290212747500109e-10,3.2902233463135804e-10,3.2902338930183865e-10,3.2902443877814706e-10,3.290254830766744e-10,3.2902652221430564e-10,3.2902755620720896e-10,3.2902858507162464e-10,3.2902960882428717e-10,3.2903062748126566e-10,3.290316410587573e-10,3.29032649573061e-10,3.2903365304017307e-10,3.2903465147623965e-10,3.2903564489729516e-10,3.290366333192922e-10,3.290376167581357e-10,3.290385952297669e-10,3.29039568749968e-10,3.290405373345537e-10,3.2904150099916495e-10,3.2904245975949784e-10,3.290434136311808e-10,3.2904436262976843e-10,3.2904530677078626e-10,3.290462460697097e-10,3.290471805419498e-10,3.29048110202876e-10,3.290490350678027e-10,3.2904995515194933e-10,3.290508704706365e-10,3.290517810389943e-10,3.290526868721279e-10,3.290535879851092e-10,3.2905448439301604e-10,3.2905537611070067e-10,3.2905626315325125e-10,3.2905714553541726e-10,3.290580232720865e-10,3.2905889637795814e-10,3.2905976486795265e-10,3.290606287566482e-10,3.2906148805870173e-10,3.2906234278866597e-10,3.2906319296114167e-10,3.2906403859064363e-10,3.2906487969155937e-10,3.2906571627836816e-10,3.2906654836538096e-10,3.2906737596692406e-10,3.2906819909721945e-10,3.290690177705941e-10,3.2906983200115804e-10,3.2907064180313487e-10,3.290714471904493e-10,3.29072248177217e-10,3.290730447773786e-10,3.290738370049578e-10,3.290746248738982e-10,3.2907540839800943e-10,3.290761875910589e-10,3.2907696246687377e-10,3.2907773303920647e-10,3.2907849932173087e-10,3.2907926132799926e-10,3.2908001907166337e-10,3.2908077256640016e-10,3.290815218253583e-10,3.2908226686250016e-10,3.290830076909102e-10,3.290837443240662e-10,3.290844767752788e-10,3.2908520505777447e-10,3.290859291849101e-10,3.29086649169856e-10,3.2908736502573545e-10,3.290880767656913e-10,3.290887844028689e-10,3.2908948795023274e-10,3.2909018742078536e-10,3.2909088282758803e-10,3.29091574183393e-10,3.2909226150113205e-10,3.2909294479363755e-10,3.290936240737057e-10,3.290942993540812e-10,3.2909497064740786e-10,3.290956379664179e-10,3.2909630132373164e-10,3.2909696073190557e-10,3.29097616203447e-10,3.290982677509615e-10,3.290989153868593e-10,3.2909955912354774e-10,3.291001989734297e-10,3.2910083494881926e-10,3.29101467062051e-10,3.2910209532527426e-10,3.2910271975090526e-10,3.291033403510406e-10,3.291039571378067e-10,3.2910457012331735e-10,3.291051793196078e-10,3.2910578473875253e-10,3.291063863927397e-10,3.291069842934734e-10,3.2910757845293045e-10,3.291081688829471e-10,3.291087555953651e-10,3.291093386020031e-10,3.2910991791456685e-10,3.291104935448153e-10,3.291110655044252e-10,3.291116338050206e-10,3.2911219845825155e-10,3.2911275947567157e-10,3.2911331686881307e-10,3.29113870649171e-10,3.2911442082820917e-10,3.2911496741735573e-10,3.2911551042798454e-10,3.291160498714477e-10,3.291165857590647e-10,3.2911711810211167e-10,3.291176469118291e-10,3.2911817219942027e-10,3.2911869397605264e-10,3.2911921225283725e-10,3.2911972704091716e-10,3.2912023835133653e-10,3.29120746195109e-10,3.291212505832305e-10,3.2912175152665554e-10,3.2912224903630097e-10,3.291227431230689e-10,3.291232337977751e-10,3.291237210712065e-10,3.2912420495424095e-10,3.291246854575844e-10,3.2912516259192173e-10,3.291256363679524e-10,3.291261067962979e-10,3.2912657388757414e-10,3.2912703765235676e-10,3.291274981011804e-10,3.2912795524455504e-10,3.291284090929661e-10,3.2912885965684145e-10,3.291293069465659e-10,3.291297509725271e-10,3.291301917449944e-10,3.291306292744099e-10,3.29131063570975e-10,3.2913149464492964e-10,3.291319225064792e-10,3.291323471658058e-10,3.291327686330266e-10,3.291331869182609e-10,3.291336020315841e-10,3.291340139830329e-10,3.2913442278257563e-10,3.291348284402921e-10,3.2913523096607423e-10,3.291356303698407e-10,3.2913602666146437e-10,3.291364198508079e-10,3.291368099476183e-10,3.2913719696180986e-10,3.2913758090307297e-10,3.2913796178112714e-10,3.2913833960567826e-10,3.291387143863826e-10,3.2913908613287123e-10,3.2913945485474053e-10,3.291398205615694e-10,3.2914018326288836e-10,3.291405429682048e-10,3.2914089968700136e-10,3.2914125342872206e-10,3.291416042027772e-10,3.291419520185633e-10,3.2914229688543325e-10,3.291426388127113e-10,3.291429778096937e-10,3.291433138856478e-10,3.2914364704980745e-10,3.291439773113823e-10,3.291443046795464e-10,3.29144629163449e-10,3.291449507722063e-10,3.291452695149314e-10,3.291455854006531e-10,3.2914589843839843e-10,3.291462086371718e-10,3.2914651600596607e-10,3.291468205537264e-10,3.291471222893424e-10,3.2914742122171364e-10,3.2914771735969664e-10,3.291480107121262e-10,3.2914830128780055e-10,3.2914858909549327e-10,3.291488741439483e-10,3.291491564418807e-10,3.291494359979841e-10,3.2914971282088606e-10,3.291499869192642e-10,3.291502583017222e-10,3.2915052697683155e-10,3.291507929531263e-10,3.291510562391357e-10,3.2915131684336296e-10,3.291515747742706e-10,3.291518300403009e-10,3.291520826498642e-10,3.2915233261134833e-10,3.2915257993311315e-10,3.2915282462348886e-10,3.291530666907892e-10,3.2915330614327097e-10,3.29153542989224e-10,3.29153777236838e-10,3.291540088943521e-10,3.2915423796991247e-10,3.2915446447165734e-10,3.291546884077437e-10,3.291549097862373e-10,3.2915512861520086e-10,3.291553449027198e-10,3.291555586567861e-10,3.291557698853218e-10,3.2915597859642873e-10,3.291561847979839e-10,3.2915638849790083e-10,3.291565897040715e-10,3.2915678842434284e-10,3.291569846665857e-10,3.2915717843858894e-10,3.291573697481487e-10,3.291575586030251e-10,3.291577450109645e-10,3.2915792897967583e-10,3.2915811051685314e-10,3.2915828963015846e-10,3.291584663272466e-10,3.291586406156998e-10,3.291588125031356e-10,3.291589819971007e-10,3.2915914910515505e-10,3.29159313834821e-10,3.291594761935843e-10,3.291596361888986e-10,3.291597938282282e-10,3.2915994911900117e-10,3.2916010206857234e-10,3.29160252684382e-10,3.2916040097375526e-10,3.291605469440307e-10,3.2916069060247984e-10,3.291608319564089e-10,3.291609710130713e-10,3.2916110777969437e-10,3.2916124226348883e-10,3.291613744716476e-10,3.2916150441133285e-10,3.2916163208968855e-10,3.2916175751382963e-10,3.2916188069085394e-10,3.2916200162783374e-10,3.2916212033182264e-10,3.2916223680984456e-10,3.2916235106890213e-10,3.2916246311598635e-10,3.2916257295805557e-10,3.2916268060204446e-10,3.2916278605486686e-10,3.291628893234257e-10,3.2916299041458635e-10,3.291630893351893e-10,3.2916318609208226e-10,3.2916328069206284e-10,3.291633731419116e-10,3.291634634483948e-10,3.291635516182466e-10,3.2916363765819276e-10,3.2916372157492496e-10,3.291638033751168e-10,3.2916388306543234e-10,3.291639606525e-10,3.291640361429329e-10,3.2916410954332e-10,3.291641808602307e-10,3.2916425010020816e-10,3.2916431726979267e-10,3.291643823754842e-10,3.2916444542375804e-10,3.291645064210981e-10,3.2916456537394307e-10,3.2916462228871284e-10,3.291646771718122e-10,3.2916473002962243e-10,3.291647808685076e-10,3.2916482969479924e-10,3.291648765148376e-10,3.291649213349097e-10,3.291649641613e-10,3.291650050002693e-10,3.2916504385805836e-10,3.291650807408876e-10,3.291651156549562e-10,3.2916514860645e-10,3.2916517960152616e-10,3.291652086463274e-10,3.291652357469733e-10,3.2916526090957224e-10,3.2916528414019947e-10,3.2916530544492084e-10,3.2916532482977716e-10,3.291653423007984e-10,3.291653578639868e-10,3.291653715253275e-10,3.2916538329078887e-10,3.291653931663174e-10,3.2916540115784135e-10,3.291654072712696e-10,3.2916541151249436e-10,3.2916541388738635e-10,3.291654144017982e-10,3.29165413061564e-10,3.2916540987249956e-10,3.2916540484040167e-10,3.2916539797104806e-10,3.2916538927019886e-10,3.2916537874359543e-10,3.291653663969618e-10,3.2916535223600126e-10,3.2916533626640004e-10,3.291653184938271e-10,3.2916529892393e-10,3.2916527756234053e-10,3.2916525441468423e-10,3.291652294865449e-10,3.291652027834996e-10,3.291651743111142e-10,3.2916514407492705e-10,3.291651120804607e-10,3.2916507833323e-10,3.2916504283871935e-10,3.2916500560240167e-10,3.291649666297324e-10,3.2916492592614434e-10,3.291648834970537e-10,3.291648393478773e-10,3.291647934839968e-10,3.291647459107712e-10,3.291646966335449e-10,3.2916464565765025e-10,3.291645929884211e-10,3.2916453863115427e-10,3.291644825911215e-10,3.2916442487358663e-10,3.2916436548381363e-10,3.2916430442702463e-10,3.2916424170842916e-10,3.291641773332309e-10,3.2916411130660993e-10,3.291640436337346e-10,3.291639743197474e-10,3.291639033697827e-10,3.291638307889613e-10,3.2916375658237713e-10,3.291636807551161e-10,3.291636033122397e-10,3.29163524258803e-10,3.2916344359984484e-10,3.291633613403732e-10,3.2916327748539106e-10,3.2916319203989173e-10,3.291631050088375e-10,3.2916301639718035e-10,3.291629262098791e-10,3.2916283445183665e-10,3.2916274112796616e-10,3.2916264624316636e-10,3.2916254980229847e-10,3.291624518102393e-10,3.291623522718151e-10,3.291622511918637e-10,3.291621485752009e-10,3.291620444266186e-10,3.291619387509042e-10,3.2916183155281236e-10,3.2916172283712206e-10,3.291616126085595e-10,3.2916150087183305e-10,3.291613876316704e-10,3.2916127289274454e-10,3.2916115665974064e-10,3.2916103893731125e-10,3.291609197301234e-10,3.291607990428056e-10,3.291606768799521e-10,3.291605532461816e-10,3.291604281460792e-10,3.291603015842292e-10,3.291601735651817e-10,3.291600440934859e-10,3.291599131736598e-10,3.291597808102233e-10,3.2915964700768377e-10,3.2915951177051777e-10,3.291593751031821e-10,3.2915923701017083e-10,3.2915909749591134e-10,3.2915895656483906e-10,3.2915881422135423e-10,3.291586704698577e-10,3.291585253147464e-10,3.2915837876039597e-10,3.2915823081116014e-10,3.2915808147141525e-10,3.2915793074542633e-10,3.291577786375301e-10,3.2915762515206247e-10,3.2915747029329656e-10,3.291573140655063e-10,3.2915715647295573e-10,3.2915699751989317e-10,3.291568372105653e-10,3.2915667554914433e-10,3.2915651253990294e-10,3.291563481869968e-10,3.2915618249462274e-10,3.29156015466957e-10,3.291558471081402e-10,3.291556774222901e-10,3.291555064135697e-10,3.2915533408610085e-10,3.2915516044397547e-10,3.291549854912845e-10,3.291548092320527e-10,3.291546316704172e-10,3.29154452810404e-10,3.2915427265602865e-10,3.2915409121134264e-10,3.2915390848032223e-10,3.291537244670059e-10,3.2915353917536524e-10,3.29153352609371e-10,3.2915316477295203e-10,3.29152975670094e-10,3.291527853047178e-10,3.291525936807651e-10,3.291524008021174e-10,3.291522066727235e-10,3.2915201129639556e-10,3.2915181467705805e-10,3.2915161681856066e-10,3.291514177247397e-10,3.291512173994423e-10,3.2915101584648103e-10,3.291508130696772e-10,3.291506090728254e-10,3.291504038597111e-10,3.291501974341105e-10,3.291499897997347e-10,3.291497809604404e-10,3.2914957091990295e-10,3.291493596818735e-10,3.291491472500454e-10,3.291489336281265e-10,3.291487188198052e-10,3.291485028287505e-10,3.2914828565866537e-10,3.2914806731318443e-10,3.2914784779594793e-10,3.291476271105995e-10,3.291474052607431e-10,3.2914718225001584e-10,3.291469580820023e-10,3.291467327602808e-10,3.29146506288413e-10,3.29146278670013e-10,3.2914604990857677e-10,3.29145820007696e-10,3.2914558897087714e-10,3.291453568016205e-10,3.2914512350347057e-10,3.2914488907990455e-10,3.29144653534416e-10,3.2914441687046695e-10,3.2914417909152405e-10,3.291439402010414e-10,3.2914370020246554e-10,3.2914345909920095e-10,3.2914321689471273e-10,3.29142973592376e-10,3.2914272919559004e-10,3.291424837077562e-10,3.291422371322327e-10,3.2914198947239715e-10,3.2914174073159535e-10,3.291414909131719e-10,3.2914124002046223e-10,3.291409880567972e-10,3.2914073502545806e-10,3.2914048092978433e-10,3.2914022577303976e-10,3.291399695585109e-10,3.291397122894958e-10,3.2913945396921453e-10,3.2913919460092816e-10,3.2913893418787725e-10,3.2913867273326064e-10,3.291384102403571e-10,3.29138146712356e-10,3.2913788215243136e-10,3.2913761656380225e-10,3.2913734994958985e-10,3.291370823130326e-10,3.29136813657237e-10,3.291365439852969e-10,3.2913627330052e-10,3.2913600160590083e-10,3.291357289046066e-10,3.2913545519969617e-10,3.291351804943204e-10,3.291349047915135e-10,3.2913462809439143e-10,3.291343504060114e-10,3.2913407172942054e-10,3.2913379206771404e-10,3.291335114238432e-10,3.2913322980090326e-10,3.2913294720189256e-10,3.291326636298269e-10,3.2913237908774033e-10,3.291320935785596e-10,3.29131807105304e-10,3.29131519670921e-10,3.2913123127839185e-10,3.2913094193066093e-10,3.2913065163067453e-10,3.291303603813838e-10,3.2913006818568715e-10,3.2912977504650995e-10,3.291294809667609e-10,3.2912918594933877e-10,3.2912888999709204e-10,3.2912859311295636e-10,3.291282952997739e-10,3.2912799656041335e-10,3.2912769689773193e-10,3.291273963145542e-10,3.291270948137229e-10,3.2912679239805755e-10,3.291264890703437e-10,3.2912618483344077e-10,3.2912587969013083e-10,3.291255736431849e-10,3.291252666954043e-10,3.291249588495669e-10,3.291246501083799e-10,3.291243404746435e-10,3.2912402995107403e-10,3.2912371854041786e-10,3.291234062454166e-10,3.2912309306877887e-10,3.2912277901320364e-10,3.291224640814075e-10,3.2912214827609187e-10,3.2912183159991773e-10,3.2912151405556635e-10,3.2912119564569367e-10,3.2912087637297167e-10,3.2912055624004826e-10,3.291202352495826e-10,3.291199134041865e-10,3.291195907064714e-10,3.2911926715905946e-10,3.2911894276457805e-10,3.2911861752562884e-10,3.2911829144477923e-10,3.291179645245946e-10,3.2911763676775053e-10,3.291173081767206e-10,3.2911697875404394e-10,3.291166485023365e-10,3.2911631742412007e-10,3.2911598552193287e-10,3.291156527982987e-10,3.291153192557098e-10,3.291149848967052e-10,3.291146497237868e-10,3.2911431373944525e-10,3.2911397694614127e-10,3.291136393464084e-10,3.2911330094267227e-10,3.291129617374409e-10,3.291126217331689e-10,3.2911228093221744e-10,3.291119393370762e-10,3.291115969501827e-10,3.2911125377398745e-10,3.2911090981081675e-10,3.291105650631766e-10,3.291102195334344e-10,3.2910987322400737e-10,3.2910952613721423e-10,3.2910917827549363e-10,3.291088296412021e-10,3.2910848023669547e-10,3.291081300643296e-10,3.291077791264572e-10,3.2910742742544056e-10,3.2910707496356483e-10,3.291067217431655e-10,3.291063677666014e-10,3.2910601303617913e-10,3.291056575541599e-10,3.2910530132286644e-10,3.2910494434460535e-10,3.291045866216336e-10,3.291042281562231e-10,3.291038689506649e-10,3.2910350900718045e-10,3.2910314832806863e-10,3.2910278691553506e-10,3.291024247718541e-10,3.291020618992026e-10,3.291016982998473e-10,3.2910133397601914e-10,3.2910096892991445e-10,3.291006031637385e-10,3.291002366796776e-10,3.2909986947993037e-10,3.2909950156667623e-10,3.290991329420937e-10,3.2909876360835124e-10,3.2909839356760966e-10,3.290980228220152e-10,3.290976513737327e-10,3.2909727922490717e-10,3.2909690637762454e-10,3.290965328340972e-10,3.290961585963451e-10,3.290957836665889e-10,3.290954080469031e-10,3.290950317393631e-10,3.290946547460764e-10,3.2909427706912645e-10,3.2909389871059303e-10,3.290935196725604e-10,3.290931399570933e-10,3.2909275956625217e-10,3.290923785020922e-10,3.2909199676666407e-10,3.290916143620038e-10,3.290912312901546e-10,3.290908475531395e-10,3.2909046315299193e-10,3.2909007809173733e-10,3.2908969237135927e-10,3.29089305993886e-10,3.290889189612809e-10,3.290885312755552e-10,3.290881429387143e-10,3.290877539526708e-10,3.2908736431946444e-10,3.2908697404103873e-10,3.2908658311933957e-10,3.290861915563443e-10,3.29085799354022e-10,3.290854065142708e-10,3.29085013039031e-10,3.2908461893023355e-10,3.2908422418985633e-10,3.290838288197156e-10,3.29083432821781e-10,3.2908303619797553e-10,3.2908263895020775e-10,3.2908224108027453e-10,3.290818425901229e-10,3.290814434816381e-10,3.2908104375668666e-10,3.2908064341713297e-10,3.290802424648548e-10,3.290798409017081e-10,3.2907943872951955e-10,3.290790359501724e-10,3.290786325654876e-10,3.2907822857733836e-10,3.290778239874987e-10,3.2907741879778387e-10,3.290770130100305e-10,3.2907660662608156e-10,3.2907619964768076e-10,3.2907579207665686e-10,3.2907538391481207e-10,3.290749751638991e-10,3.290745658257458e-10,3.290741559021161e-10,3.290737453947772e-10,3.2907333430549926e-10,3.29072922636042e-10,3.290725103881421e-10,3.290720975635619e-10,3.290716841640513e-10,3.2907127019136514e-10,3.2907085564718695e-10,3.290704405332602e-10,3.2907002485132146e-10,3.2906960860314005e-10,3.290691917902906e-10,3.290687744145553e-10,3.2906835647764334e-10,3.290679379812568e-10,3.290675189270526e-10,3.290670993167273e-10,3.2906667915200647e-10,3.290662584344652e-10,3.290658371658172e-10,3.2906541534773047e-10,3.2906499298191243e-10,3.2906457006997497e-10,3.2906414661352953e-10,3.290637226142061e-10,3.290632980736568e-10,3.290628729935596e-10,3.290624473755294e-10,3.290620212211718e-10,3.290615945321637e-10,3.2906116730999494e-10,3.2906073955633815e-10,3.2906031127278605e-10,3.2905988246094047e-10,3.290594531224481e-10,3.2905902325877013e-10,3.2905859287152733e-10,3.2905816196234354e-10,3.2905773053278783e-10,3.290572985844024e-10,3.290568661187755e-10,3.290564331373936e-10,3.290559996418319e-10,3.2905556563369344e-10,3.290551311144908e-10,3.290546960857568e-10,3.290542605490113e-10,3.290538245058685e-10,3.2905338795768e-10,3.2905295090606844e-10,3.290525133525363e-10,3.2905207529858837e-10,3.2905163674572535e-10,3.290511976955614e-10,3.290507581493579e-10,3.2905031810871196e-10,3.2904987757518274e-10,3.2904943655012606e-10,3.290489950350772e-10,3.290485530315017e-10,3.290481105408635e-10,3.2904766756464367e-10,3.2904722410433153e-10,3.290467801612646e-10,3.290463357369512e-10,3.2904589083282504e-10,3.290454454503435e-10,3.290449995909455e-10,3.290445532560537e-10,3.2904410644706735e-10,3.290436591654295e-10,3.290432114125283e-10,3.290427631898229e-10,3.290423144986898e-10,3.2904186534053435e-10,3.2904141571688567e-10,3.290409656288323e-10,3.290405150779861e-10,3.2904006406568023e-10,3.2903961259331023e-10,3.2903916066223435e-10,3.2903870827389505e-10,3.2903825542953754e-10,3.2903780213069205e-10,3.2903734837849053e-10,3.2903689417440696e-10,3.2903643951979316e-10,3.2903598441598736e-10,3.290355288643427e-10,3.2903507286619333e-10,3.2903461642286437e-10,3.2903415953568555e-10,3.2903370220604576e-10,3.2903324443514677e-10,3.2903278622436844e-10,3.290323275750165e-10,3.29031868488407e-10,3.290314089658352e-10,3.2903094900860614e-10,3.2903048861797006e-10,3.2903002779531534e-10,3.290295665418808e-10,3.2902910485894347e-10,3.290286427477954e-10,3.290281802097026e-10,3.2902771724594705e-10,3.2902725385778116e-10,3.290267900464864e-10,3.2902632581331336e-10,3.290258611595577e-10,3.2902539608639344e-10,3.290249305951026e-10,3.290244646869467e-10,3.290239983631533e-10,3.2902353162489356e-10,3.290230644735266e-10,3.2902259691022545e-10,3.290221289362184e-10,3.290216605527106e-10,3.2902119176093414e-10,3.290207225620964e-10,3.2902025295740767e-10,3.2901978294806697e-10,3.2901931253522337e-10,3.2901884172019764e-10,3.2901837050412734e-10,3.290178988881909e-10,3.290174268735834e-10,3.2901695446148955e-10,3.290164816530856e-10,3.29016008449544e-10,3.290155348520374e-10,3.290150608617477e-10,3.290145864798311e-10,3.2901411170744507e-10,3.290136365457511e-10,3.290131609959014e-10,3.2901268505905403e-10,3.290122087363391e-10,3.29011732028912e-10,3.2901125493790773e-10,3.2901077746446947e-10,3.290102996097255e-10,3.290098213748016e-10,3.2900934276082313e-10,3.290088637689184e-10,3.29008384400201e-10,3.290079046557894e-10,3.290074245367852e-10,3.2900694404431106e-10,3.290064631794644e-10,3.2900598194334066e-10,3.290055003370478e-10,3.2900501836167153e-10,3.290045360183095e-10,3.2900405330804633e-10,3.290035702319705e-10,3.290030867911436e-10,3.290026029866634e-10,3.290021188196034e-10,3.290016342910243e-10,3.2900114940198844e-10,3.2900066415357546e-10,3.2900017854684097e-10,3.2899969258283426e-10,3.2899920626258354e-10,3.2899871958719545e-10,3.2899823255769764e-10,3.289977451751299e-10,3.289972574405309e-10,3.289967693549335e-10,3.289962809193781e-10,3.289957921348946e-10,3.2899530300250975e-10,3.2899481352324646e-10,3.289943236980537e-10,3.2899383352810266e-10,3.2899334301433415e-10,3.289928521577523e-10,3.2899236095937037e-10,3.289918694201912e-10,3.289913775412312e-10,3.28990885323473e-10,3.2899039276791337e-10,3.2898989987554203e-10,3.289894066473711e-10,3.2898891308436364e-10,3.2898841918751194e-10,3.2898792495779174e-10,3.289874303961857e-10,3.2898693550359207e-10,3.2898644028114347e-10,3.2898594472971656e-10,3.2898544885028995e-10,3.289849526438255e-10,3.289844561112799e-10,3.289839592536024e-10,3.289834620717565e-10,3.2898296456667426e-10,3.2898246673931697e-10,3.289819685906314e-10,3.2898147012156584e-10,3.2898097133302215e-10,3.289804722259837e-10,3.289799728013569e-10,3.2897947306008313e-10,3.289789730030889e-10,3.289784726312905e-10,3.289779719456161e-10,3.2897747094698877e-10,3.289769696363135e-10,3.289764680145127e-10,3.289759660824992e-10,3.2897546384115475e-10,3.2897496129140267e-10,3.2897445843414216e-10,3.2897395527027883e-10,3.289734518006957e-10,3.289729480262896e-10,3.2897244394796025e-10,3.2897193956658053e-10,3.2897143488304543e-10,3.2897092989823167e-10,3.28970424612839e-10,3.2896991902810844e-10,3.2896941314473163e-10,3.2896890696342044e-10,3.2896840048537227e-10,3.2896789371126794e-10,3.289673866420062e-10,3.2896687927838383e-10,3.2896637162133197e-10,3.289658636716673e-10,3.2896535543025923e-10,3.289648468979475e-10,3.2896433807557564e-10,3.289638289639887e-10,3.289633195640345e-10,3.2896280987656157e-10,3.289622999022591e-10,3.289617896422268e-10,3.2896127909716595e-10,3.2896076826790555e-10,3.289602571552697e-10,3.289597457600827e-10,3.28959234083171e-10,3.289587221253465e-10,3.2895820988742864e-10,3.2895769737023387e-10,3.2895718457456203e-10,3.28956671501234e-10,3.2895615815106514e-10,3.2895564452482967e-10,3.2895513062334505e-10,3.2895461644741213e-10,3.2895410199781964e-10,3.2895358727536814e-10,3.2895307228084255e-10,3.2895255701504965e-10,3.289520414787433e-10,3.2895152567272594e-10,3.2895100959778083e-10,3.2895049325467917e-10,3.289499766442012e-10,3.2894945976712587e-10,3.2894894262421273e-10,3.289484252162425e-10,3.289479075439748e-10,3.289473896081853e-10,3.2894687140962594e-10,3.289463529490402e-10,3.2894583422722584e-10,3.289453152449028e-10,3.2894479600284845e-10,3.289442765017986e-10,3.289437567425126e-10,3.2894323672572147e-10,3.2894271645218396e-10,3.2894219592262956e-10,3.2894167513780526e-10,3.289411540984356e-10,3.2894063280527083e-10,3.2894011125903597e-10,3.2893958946053657e-10,3.289390674102443e-10,3.289385451091667e-10,3.2893802255793065e-10,3.2893749975724243e-10,3.2893697670782756e-10,3.2893645341040405e-10,3.2893592986554734e-10,3.289354060742454e-10,3.289348820370908e-10,3.289343577547505e-10,3.289338332279484e-10,3.289333084573863e-10,3.289327834437909e-10,3.289322581880412e-10,3.2893173269039514e-10,3.2893120695181626e-10,3.289306809729622e-10,3.289301547544644e-10,3.289296282971092e-10,3.2892910160156243e-10,3.2892857466847235e-10,3.2892804749855306e-10,3.289275200924567e-10,3.2892699245088663e-10,3.2892646457449017e-10,3.2892593646400743e-10,3.2892540812001357e-10,3.2892487954320363e-10,3.2892435073428164e-10,3.2892382169391705e-10,3.289232924227363e-10,3.2892276292138285e-10,3.2892223319057236e-10,3.2892170323093796e-10,3.289211730431389e-10,3.2892064262781394e-10,3.289201119856375e-10,3.289195811172436e-10,3.289190500232738e-10,3.289185187043798e-10,3.289179871614275e-10,3.289174553946041e-10,3.289169234048052e-10,3.2891639119261586e-10,3.28915858758698e-10,3.289153261036905e-10,3.289147932282171e-10,3.289142601329074e-10,3.2891372681840453e-10,3.2891319328529245e-10,3.289126595342321e-10,3.289121255657974e-10,3.289115913806767e-10,3.289110569794705e-10,3.2891052236276573e-10,3.289099875311888e-10,3.2890945248535306e-10,3.2890891722585724e-10,3.289083817532734e-10,3.289078460683268e-10,3.2890731017153174e-10,3.289067740635183e-10,3.289062377448793e-10,3.2890570121620823e-10,3.2890516447809414e-10,3.2890462753108054e-10,3.2890409037589894e-10,3.2890355301306366e-10,3.2890301544318426e-10,3.2890247766682893e-10,3.289019396845839e-10,3.2890140149708736e-10,3.289008631048161e-10,3.2890032450841134e-10,3.2889978570845553e-10,3.288992467055066e-10,3.288987075001549e-10,3.288981680929862e-10,3.2889762848475123e-10,3.2889708867561817e-10,3.288965486663832e-10,3.288960084575747e-10,3.2889546804977887e-10,3.288949274435416e-10,3.2889438663944735e-10,3.288938456380746e-10,3.288933044399361e-10,3.2889276304557725e-10,3.288922214556583e-10,3.2889167967071426e-10,3.2889113769113056e-10,3.288905955175525e-10,3.288900531505627e-10,3.2888951059067156e-10,3.2888896783845536e-10,3.2888842489442617e-10,3.2888788175923165e-10,3.288873384332324e-10,3.2888679491704643e-10,3.288862512112144e-10,3.288857073162635e-10,3.288851632327496e-10,3.2888461896116404e-10,3.28884074502064e-10,3.2888352985600255e-10,3.288829850234676e-10,3.2888244000500276e-10,3.2888189480111333e-10,3.2888134941235933e-10,3.2888080383921716e-10,3.2888025808211524e-10,3.2887971214179664e-10,3.288791660186597e-10,3.288786197132047e-10,3.28878073225942e-10,3.2887752655743023e-10,3.2887697970811567e-10,3.288764326785338e-10,3.288758854691907e-10,3.2887533808060145e-10,3.28874790513149e-10,3.288742427675728e-10,3.2887369484420156e-10,3.288731467435969e-10,3.2887259846622757e-10,3.288720500126113e-10,3.288715013832205e-10,3.2887095257854977e-10,3.288704035991084e-10,3.2886985444533564e-10,3.2886930511791354e-10,3.2886875561703596e-10,3.2886820594344037e-10,3.2886765609738554e-10,3.2886710607954085e-10,3.288665558902002e-10,3.2886600552996346e-10,3.288654549993128e-10,3.2886490429869247e-10,3.288643534285795e-10,3.2886380238944547e-10,3.2886325118189576e-10,3.288626998061813e-10,3.2886214826285516e-10,3.288615965523967e-10,3.288610446750768e-10,3.288604926317521e-10,3.288599404227105e-10,3.2885938804825035e-10,3.2885883550907287e-10,3.288582828055439e-10,3.288577299381357e-10,3.2885717690732e-10,3.288566237134699e-10,3.2885607035709533e-10,3.2885551683862596e-10,3.2885496315853357e-10,3.2885440931725826e-10,3.288538553149957e-10,3.288533011526866e-10,3.2885274683055114e-10,3.2885219234901705e-10,3.28851637708517e-10,3.288510829095096e-10,3.2885052795239235e-10,3.288499728376896e-10,3.2884941756578097e-10,3.288488621370763e-10,3.2884830655204276e-10,3.288477508111428e-10,3.2884719491477974e-10,3.2884663886336407e-10,3.288460826573452e-10,3.288455262970754e-10,3.288449697831681e-10,3.2884441311589054e-10,3.2884385629572666e-10,3.2884329932307927e-10,3.288427421983746e-10,3.2884218492204147e-10,3.288416274944782e-10,3.2884106991610986e-10,3.28840512187367e-10,3.2883995430864837e-10,3.2883939628038865e-10,3.2883883810300657e-10,3.2883827977669397e-10,3.288377213022672e-10,3.288371626799271e-10,3.2883660391009286e-10,3.2883604499315527e-10,3.288354859293853e-10,3.2883492671946056e-10,3.2883436736366425e-10,3.2883380786237593e-10,3.288332482159854e-10,3.2883268842476763e-10,3.2883212848943975e-10,3.2883156841021755e-10,3.2883100818740496e-10,3.288304478215669e-10,3.2882988731304013e-10,3.288293266621908e-10,3.288287658694502e-10,3.288282049351779e-10,3.2882764385966054e-10,3.288270826433768e-10,3.2882652128679654e-10,3.288259597902351e-10,3.288253981539329e-10,3.2882483637856286e-10,3.288242744643564e-10,3.288237124116992e-10,3.288231502210367e-10,3.2882258789258003e-10,3.288220254265894e-10,3.288214628238928e-10,3.2882090008469356e-10,3.288203372091434e-10,3.2881977419785363e-10,3.28819211051123e-10,3.288186477692989e-10,3.2881808435275946e-10,3.2881752080186126e-10,3.2881695711708134e-10,3.2881639329860655e-10,3.288158293468819e-10,3.2881526526225173e-10,3.2881470104507107e-10,3.2881413669575623e-10,3.288135722146816e-10,3.2881300760212215e-10,3.2881244285849547e-10,3.288118779841332e-10,3.2881131297938387e-10,3.2881074784461853e-10,3.288101825801985e-10,3.2880961718646864e-10,3.2880905166375627e-10,3.2880848601244653e-10,3.28807920232891e-10,3.288073543254261e-10,3.288067882904876e-10,3.288062221282275e-10,3.2880565583917717e-10,3.2880508942339837e-10,3.288045228813318e-10,3.288039562136698e-10,3.288033894205941e-10,3.288028225022566e-10,3.2880225545910055e-10,3.2880168829147925e-10,3.288011209996747e-10,3.2880055358409544e-10,3.287999860450497e-10,3.287994183828856e-10,3.2879885059771816e-10,3.287982826902641e-10,3.28797714660881e-10,3.287971465094941e-10,3.2879657823662144e-10,3.2879600984256633e-10,3.287954413276989e-10,3.2879487269235506e-10,3.2879430393663457e-10,3.287937350612343e-10,3.2879316606639416e-10,3.2879259695228665e-10,3.287920277192833e-10,3.2879145836762984e-10,3.287908888978225e-10,3.287903193101144e-10,3.287897496047626e-10,3.287891797821221e-10,3.287886098425289e-10,3.2878803978627087e-10,3.2878746961366887e-10,3.287868993250486e-10,3.287863289207202e-10,3.2878575840098335e-10,3.287851877661359e-10,3.287846170164059e-10,3.2878404615227097e-10,3.2878347517397686e-10,3.287829040818165e-10,3.2878233287609625e-10,3.287817615571366e-10,3.2878119012519306e-10,3.2878061858059756e-10,3.287800469236525e-10,3.287794751547525e-10,3.2877890327402697e-10,3.287783312820166e-10,3.2877775917871783e-10,3.287771869645455e-10,3.2877661463990304e-10,3.287760422049195e-10,3.287754696599765e-10,3.287748970053364e-10,3.287743242413311e-10,3.2877375136825806e-10,3.287731783864017e-10,3.287726052960359e-10,3.287720320974166e-10,3.287714587908587e-10,3.2877088537653805e-10,3.287703118550025e-10,3.2876973822644993e-10,3.28769164490979e-10,3.2876859064912835e-10,3.2876801670110137e-10,3.287674426471479e-10,3.2876686848754544e-10,3.2876629422258147e-10,3.287657198525453e-10,3.2876514537764365e-10,3.287645707982692e-10,3.2876399611464766e-10,3.287634213270584e-10,3.2876284643577603e-10,3.2876227144106913e-10,3.2876169634323255e-10,3.2876112114253095e-10,3.2876054583922303e-10,3.2875997043346847e-10,3.287593949257829e-10,3.2875881931627047e-10,3.287582436052912e-10,3.2875766779306085e-10,3.287570918798688e-10,3.287565158659737e-10,3.287559397516212e-10,3.28755363537098e-10,3.2875478722267256e-10,3.2875421080858835e-10,3.287536342950572e-10,3.287530576824848e-10,3.287524809710736e-10,3.2875190416104425e-10,3.2875132725265635e-10,3.287507502462067e-10,3.2875017314187553e-10,3.2874959594014694e-10,3.287490186409411e-10,3.2874844124487943e-10,3.28747863751949e-10,3.2874728616246367e-10,3.287467084766779e-10,3.287461306949556e-10,3.2874555281740183e-10,3.2874497484430634e-10,3.287443967759418e-10,3.2874381861254546e-10,3.287432403543328e-10,3.2874266200164717e-10,3.287420835547362e-10,3.287415050137487e-10,3.2874092637900027e-10,3.287403476507307e-10,3.2873976882907916e-10,3.2873918991438143e-10,3.2873861090696746e-10,3.28738031806997e-10,3.287374526147268e-10,3.2873687333037386e-10,3.287362939541002e-10,3.2873571448634233e-10,3.287351349272446e-10,3.2873455527703265e-10,3.2873397553594225e-10,3.2873339570421726e-10,3.2873281578209667e-10,3.2873223576981894e-10,3.2873165566763106e-10,3.287310754757329e-10,3.2873049519437663e-10,3.2872991482382526e-10,3.287293343641762e-10,3.287287538158586e-10,3.287281731789553e-10,3.28727592453815e-10,3.287270116406252e-10,3.28726430739602e-10,3.287258497509702e-10,3.2872526867489774e-10,3.287246875119394e-10,3.287241062618827e-10,3.287235249250683e-10,3.287229435018201e-10,3.287223619923656e-10,3.287217803968262e-10,3.287211987155077e-10,3.287206169486754e-10,3.2872003509633607e-10,3.2871945315897583e-10,3.2871887113668876e-10,3.2871828902971886e-10,3.2871770683827764e-10,3.2871712456255235e-10,3.2871654220282475e-10,3.2871595975929486e-10,3.2871537723216963e-10,3.2871479462163787e-10,3.28714211927945e-10,3.287136291513112e-10,3.287130462919322e-10,3.2871246335003164e-10,3.2871188032583947e-10,3.287112972195367e-10,3.28710714031271e-10,3.287101307613961e-10,3.2870954741005605e-10,3.287089639774896e-10,3.2870838046385566e-10,3.287077968694089e-10,3.2870721319430716e-10,3.287066294388124e-10,3.2870604560304285e-10,3.287054616873679e-10,3.2870487769188235e-10,3.287042936168349e-10,3.2870370946226663e-10,3.287031252286237e-10,3.2870254091600203e-10,3.287019565245924e-10,3.28701372054862e-10,3.2870078750646215e-10,3.2870020287989876e-10,3.2869961817542654e-10,3.28699033393188e-10,3.286984485333651e-10,3.286978635962013e-10,3.286972785818071e-10,3.286966934904647e-10,3.28696108322378e-10,3.286955230776773e-10,3.286949377566284e-10,3.2869435235940833e-10,3.2869376688616737e-10,3.2869318133708967e-10,3.2869259571245667e-10,3.2869201001241907e-10,3.2869142423716754e-10,3.2869083838687724e-10,3.2869025246176685e-10,3.286896664620146e-10,3.286890803878e-10,3.2868849423932367e-10,3.2868790801677474e-10,3.286873217202528e-10,3.2868673535015094e-10,3.2868614890651163e-10,3.286855623894408e-10,3.286849757993739e-10,3.2868438913640096e-10,3.286838024006289e-10,3.286832155922759e-10,3.286826287115131e-10,3.286820417585603e-10,3.2868145473336243e-10,3.286808676365307e-10,3.2868028046804464e-10,3.286796932281078e-10,3.2867910591690044e-10,3.286785185345543e-10,3.286779310812745e-10,3.286773435572753e-10,3.286767559626809e-10,3.2867616829768623e-10,3.286755805624293e-10,3.2867499275719943e-10,3.28674404882103e-10,3.2867381693723905e-10,3.286732289229552e-10,3.2867264083933705e-10,3.286720526865766e-10,3.2867146446483604e-10,3.286708761742307e-10,3.2867028781505536e-10,3.2866969938741095e-10,3.286691108914972e-10,3.2866852232746765e-10,3.286679336954989e-10,3.2866734499576584e-10,3.286667562284343e-10,3.286661673936608e-10,3.286655784916533e-10,3.286649895224325e-10,3.2866440048639527e-10,3.2866381138367097e-10,3.2866322221430015e-10,3.2866263297849216e-10,3.2866204367646443e-10,3.2866145430836616e-10,3.286608648743375e-10,3.286602753745637e-10,3.2865968580922037e-10,3.2865909617845856e-10,3.2865850648270935e-10,3.2865791672156655e-10,3.2865732689549586e-10,3.2865673700466845e-10,3.2865614704928374e-10,3.2865555702948337e-10,3.2865496694536165e-10,3.2865437679702785e-10,3.286537865848043e-10,3.2865319630874967e-10,3.286526059690973e-10,3.286520155659774e-10,3.2865142509961724e-10,3.286508345700106e-10,3.286502439774069e-10,3.2864965332195123e-10,3.286490626038061e-10,3.2864847182312003e-10,3.286478809800719e-10,3.2864729007492976e-10,3.2864669910759126e-10,3.286461080783435e-10,3.286455169873461e-10,3.2864492583480684e-10,3.2864433462075185e-10,3.2864374334539527e-10,3.2864315200890044e-10,3.2864256061141463e-10,3.286419691531262e-10,3.286413776341087e-10,3.286407860545549e-10,3.286401944149158e-10,3.286396027147418e-10,3.2863901095434526e-10,3.286384191341788e-10,3.286378272542402e-10,3.2863723531461536e-10,3.286366433155429e-10,3.286360512570874e-10,3.286354591394404e-10,3.286348669627321e-10,3.286342747271414e-10,3.286336824327687e-10,3.286330900797839e-10,3.2863249766845713e-10,3.28631905198686e-10,3.2863131267073694e-10,3.2863072008475353e-10,3.2863012744085284e-10,3.2862953473921133e-10,3.2862894197997655e-10,3.286283491632773e-10,3.2862775628925705e-10,3.286271633580568e-10,3.2862657036982103e-10,3.2862597732468564e-10,3.286253842227872e-10,3.2862479106431596e-10,3.286241978493226e-10,3.286236045779859e-10,3.286230112504439e-10,3.286224178668726e-10,3.2862182442735363e-10,3.2862123093204493e-10,3.2862063738108865e-10,3.286200437746179e-10,3.286194501127728e-10,3.2861885639568796e-10,3.286182626235188e-10,3.2861766879632116e-10,3.2861707491435775e-10,3.286164809776774e-10,3.2861588698644707e-10,3.2861529294075747e-10,3.2861469884077835e-10,3.2861410468676e-10,3.2861351047854827e-10,3.286129162164563e-10,3.2861232190060086e-10,3.2861172753111823e-10,3.2861113310817596e-10,3.286105386321219e-10,3.286099441025529e-10,3.286093495198243e-10,3.286087548839693e-10,3.2860816019540187e-10,3.2860756545407053e-10,3.286069706601851e-10,3.2860637581386393e-10,3.2860578091536524e-10,3.286051859644439e-10,3.2860459096144816e-10,3.286039959064776e-10,3.286034007997284e-10,3.2860280564119626e-10,3.286022104311111e-10,3.2860161516967924e-10,3.2860101985681625e-10,3.28600424492758e-10,3.2859982907761e-10,3.2859923361150826e-10,3.28598638094636e-10,3.285980425269976e-10,3.285974469087857e-10,3.2859685124012283e-10,3.2859625552110316e-10,3.2859565975185206e-10,3.2859506393251605e-10,3.2859446806319057e-10,3.2859387214404545e-10,3.28593276175154e-10,3.2859268015685955e-10,3.285920840889008e-10,3.2859148797185774e-10,3.2859089180523394e-10,3.2859029558948206e-10,3.285896993247081e-10,3.2858910301104194e-10,3.2858850664888385e-10,3.2858791023779105e-10,3.2858731377815077e-10,3.285867172704016e-10,3.2858612071402844e-10,3.285855241094639e-10,3.285849274568261e-10,3.2858433075620037e-10,3.285837340076523e-10,3.2858313721149035e-10,3.285825403677064e-10,3.285819434764685e-10,3.2858134653785455e-10,3.28580749551918e-10,3.285801525188248e-10,3.2857955543892525e-10,3.2857895831182284e-10,3.285783611379471e-10,3.285777639173538e-10,3.2857716665016737e-10,3.285765693368007e-10,3.285759719769631e-10,3.285753745706692e-10,3.2857477711839834e-10,3.2857417962012303e-10,3.2857358207573143e-10,3.285729844855252e-10,3.285723868496179e-10,3.285717891680817e-10,3.2857119144108755e-10,3.285705936688877e-10,3.2856999585123995e-10,3.2856939798848757e-10,3.2856880008063436e-10,3.2856820212777724e-10,3.2856760413013425e-10,3.2856700608777635e-10,3.285664080007623e-10,3.285658098694146e-10,3.2856521169376537e-10,3.2856461347387946e-10,3.2856401520934995e-10,3.285634169008418e-10,3.285628185483931e-10,3.2856222015200826e-10,3.2856162171188913e-10,3.285610232281075e-10,3.2856042470070417e-10,3.2855982612982413e-10,3.285592275155924e-10,3.285586288581101e-10,3.285580301573865e-10,3.2855743141366695e-10,3.285568326270018e-10,3.285562337974855e-10,3.2855563492523155e-10,3.2855503601032663e-10,3.2855443705286823e-10,3.2855383805296507e-10,3.2855323901072376e-10,3.28552639926271e-10,3.28552040799645e-10,3.2855144163097406e-10,3.285508424204045e-10,3.2855024316794686e-10,3.2854964387374494e-10,3.285490445379448e-10,3.2854844516055164e-10,3.285478457418087e-10,3.2854724628161094e-10,3.2854664678016445e-10,3.285460472375642e-10,3.2854544765391257e-10,3.285448480293013e-10,3.2854424836386926e-10,3.2854364865767246e-10,3.2854304891084604e-10,3.2854244912303293e-10,3.2854184929505885e-10,3.285412494266431e-10,3.2854064951817695e-10,3.2854004956932283e-10,3.2853944958037765e-10,3.2853884955146667e-10,3.2853824948242285e-10,3.285376493737527e-10,3.2853704922539817e-10,3.285364490373236e-10,3.285358488096061e-10,3.28535248542669e-10,3.2853464823631387e-10,3.285340478907524e-10,3.2853344750592717e-10,3.285328470821089e-10,3.285322466193241e-10,3.2853164611773524e-10,3.2853104557721155e-10,3.285304449979778e-10,3.285298443801387e-10,3.285292437237815e-10,3.285286430289805e-10,3.285280422958545e-10,3.28527441524461e-10,3.285268407148919e-10,3.285262398672554e-10,3.285256389814864e-10,3.2852503805799037e-10,3.2852443709667706e-10,3.285238360976195e-10,3.2852323506099687e-10,3.2852263398679486e-10,3.285220328750389e-10,3.2852143172595715e-10,3.285208305396342e-10,3.2852022931606014e-10,3.28519628055384e-10,3.2851902675770857e-10,3.2851842542320115e-10,3.285178240517254e-10,3.285172226437395e-10,3.2851662119881446e-10,3.285160197174783e-10,3.2851541819947285e-10,3.28514816645025e-10,3.285142150542429e-10,3.285136134272292e-10,3.2851301176417556e-10,3.285124100649365e-10,3.2851180832965354e-10,3.2851120655823036e-10,3.2851060475121224e-10,3.285100029083681e-10,3.285094010302002e-10,3.285087991163052e-10,3.285081971667667e-10,3.2850759518186204e-10,3.285069931615536e-10,3.2850639110613025e-10,3.285057890154083e-10,3.285051868895934e-10,3.285045847288512e-10,3.285039825330812e-10,3.2850338030253274e-10,3.2850277803723987e-10,3.285021757372026e-10,3.285015734027052e-10,3.2850097103352116e-10,3.2850036862982375e-10,3.284997661918411e-10,3.2849916371971974e-10,3.284985612132242e-10,3.2849795867263466e-10,3.284973560978897e-10,3.284967534892823e-10,3.28496150846745e-10,3.284955481704005e-10,3.2849494546032257e-10,3.2849434271655695e-10,3.28493739939253e-10,3.2849313712851757e-10,3.284925342843052e-10,3.284919314066864e-10,3.284913284957232e-10,3.2849072555170796e-10,3.2849012257443085e-10,3.284895195641968e-10,3.284889165211346e-10,3.2848831344504403e-10,3.2848771033610944e-10,3.2848710719466267e-10,3.2848650402036293e-10,3.2848590081365834e-10,3.2848529757412796e-10,3.2848469430216243e-10,3.2848409099793215e-10,3.2848348766144545e-10,3.284828842927435e-10,3.284822808918883e-10,3.284816774587575e-10,3.2848107399367075e-10,3.284804704968411e-10,3.2847986696808085e-10,3.2847926340761856e-10,3.284786598154297e-10,3.284780561916354e-10,3.2847745253629515e-10,3.284768488494466e-10,3.284762451312069e-10,3.284756413816268e-10,3.2847503760062875e-10,3.2847443378858604e-10,3.2847382994540557e-10,3.284732260711821e-10,3.2847262216597475e-10,3.2847201822987873e-10,3.284714142629056e-10,3.2847081026514964e-10,3.284702062367434e-10,3.284696021776298e-10,3.284689980881695e-10,3.284683939679521e-10,3.284677898173899e-10,3.284671856364146e-10,3.284665814252297e-10,3.284659771838719e-10,3.284653729123171e-10,3.2846476861080674e-10,3.2846416427910503e-10,3.284635599176786e-10,3.2846295552616023e-10,3.2846235110492826e-10,3.2846174665394876e-10,3.284611421734865e-10,3.2846053766317615e-10,3.284599331234453e-10,3.2845932855414214e-10,3.2845872395548484e-10,3.2845811932752416e-10,3.2845751467042536e-10,3.284569099841477e-10,3.2845630526862163e-10,3.2845570052399234e-10,3.2845509575036825e-10,3.2845449094764766e-10,3.2845388611614967e-10,3.2845328125591786e-10,3.284526763668595e-10,3.284520714492049e-10,3.284514665029688e-10,3.284508615281923e-10,3.284502565249194e-10,3.2844965149325604e-10,3.284490464331656e-10,3.2844844134467976e-10,3.284478362279674e-10,3.2844723108320165e-10,3.284466259104365e-10,3.284460207096426e-10,3.2844541548103027e-10,3.2844481022433017e-10,3.28444204939834e-10,3.284435996276142e-10,3.2844299428762736e-10,3.2844238891970357e-10,3.284417835245643e-10,3.284411781017076e-10,3.2844057265143575e-10,3.284399671738441e-10,3.284393616688651e-10,3.284387561367013e-10,3.2843815057723815e-10,3.2843754499078544e-10,3.284369393769846e-10,3.284363337362671e-10,3.2843572806850665e-10,3.284351223739116e-10,3.2843451665247543e-10,3.2843391090423643e-10,3.284333051292173e-10,3.2843269932759533e-10,3.2843209349940793e-10,3.2843148764456923e-10,3.284308817633086e-10,3.2843027585555054e-10,3.2842966992140347e-10,3.2842906396096493e-10,3.284284579743506e-10,3.2842785196156293e-10,3.2842724592274314e-10,3.2842663985753587e-10,3.284260337665254e-10,3.284254276496145e-10,3.2842482150675514e-10,3.284242153380365e-10,3.2842360914353775e-10,3.284230029232696e-10,3.284223966774435e-10,3.284217904059618e-10,3.2842118410894207e-10,3.2842057778640315e-10,3.2841997143842925e-10,3.2841936506509633e-10,3.284187586664555e-10,3.284181522424758e-10,3.284175457933879e-10,3.2841693931910933e-10,3.2841633281975296e-10,3.2841572629523127e-10,3.284151197458629e-10,3.284145131714777e-10,3.2841390657231306e-10,3.284132999483286e-10,3.284126932995828e-10,3.2841208662604677e-10,3.284114799278673e-10,3.284108732051241e-10,3.2841026645771573e-10,3.2840965968599225e-10,3.284090528898385e-10,3.284084460693659e-10,3.2840783922449956e-10,3.284072323554332e-10,3.2840662546220466e-10,3.28406018544772e-10,3.284054116030805e-10,3.2840480463757063e-10,3.2840419764791407e-10,3.284035906343884e-10,3.2840298359719286e-10,3.2840237653596816e-10,3.284017694509648e-10,3.2840116234216177e-10,3.284005552097304e-10,3.283999480537151e-10,3.2839934087410427e-10,3.2839873367099773e-10,3.2839812644446895e-10,3.2839751919452165e-10,3.2839691192116395e-10,3.2839630462448896e-10,3.283956973046049e-10,3.283950899614344e-10,3.283944825951313e-10,3.283938752057916e-10,3.2839326779340584e-10,3.2839266035797477e-10,3.283920528999312e-10,3.283914454187479e-10,3.2839083791464594e-10,3.2839023038787334e-10,3.2838962283822786e-10,3.2838901526590356e-10,3.283884076708868e-10,3.283878000534612e-10,3.283871924134573e-10,3.2838658475086786e-10,3.2838597706595766e-10,3.283853693586407e-10,3.2838476162899177e-10,3.283841538769401e-10,3.283835461027716e-10,3.2838293830642227e-10,3.2838233048789806e-10,3.2838172264732793e-10,3.2838111478471354e-10,3.2838050690009025e-10,3.2837989899353226e-10,3.283792910651198e-10,3.2837868311469806e-10,3.283780751426414e-10,3.283774671488141e-10,3.283768591332283e-10,3.2837625109606095e-10,3.2837564303722386e-10,3.2837503495668703e-10,3.2837442685484467e-10,3.2837381873173534e-10,3.2837321058703825e-10,3.283726024210183e-10,3.283719942334751e-10,3.283713860247728e-10,3.283707777949208e-10,3.283701695438986e-10,3.2836956127174984e-10,3.283689529785669e-10,3.2836834466430213e-10,3.2836773632905525e-10,3.283671279728437e-10,3.2836651959570703e-10,3.283659111977737e-10,3.283653027789985e-10,3.2836469433952623e-10,3.2836408587934985e-10,3.283634773985123e-10,3.283628688971305e-10,3.2836226037510085e-10,3.283616518325428e-10,3.28361043269518e-10,3.2836043468599745e-10,3.2835982608223704e-10,3.2835921745796e-10,3.283586088135422e-10,3.2835800014908935e-10,3.2835739146416686e-10,3.2835678275908696e-10,3.2835617403388165e-10,3.2835556528862553e-10,3.28354956523285e-10,3.2835434773785133e-10,3.283537389326285e-10,3.2835313010751274e-10,3.2835252126252697e-10,3.2835191239776213e-10,3.283513035132516e-10,3.2835069460900775e-10,3.283500856850578e-10,3.2834947674153655e-10,3.28348867778297e-10,3.283482587956101e-10,3.283476497934577e-10,3.2834704077177074e-10,3.28346431730779e-10,3.283458226703323e-10,3.283452135904588e-10,3.283446044914926e-10,3.283439953733708e-10,3.28343386235857e-10,3.283427770791424e-10,3.2834216790339744e-10,3.2834155870857946e-10,3.2834094949479543e-10,3.28340340261967e-10,3.2833973101021626e-10,3.2833912173966876e-10,3.283385124501207e-10,3.2833790314175664e-10,3.2833729381454634e-10,3.2833668446865985e-10,3.283360751041031e-10,3.2833546572085625e-10,3.2833485631925103e-10,3.2833424689886344e-10,3.283336374599346e-10,3.283330280025281e-10,3.2833241852668113e-10,3.28331809032391e-10,3.2833119951976847e-10,3.283305899887394e-10,3.283299804395206e-10,3.2832937087204924e-10,3.2832876128639107e-10,3.2832815168251574e-10,3.2832754206062286e-10,3.283269324204171e-10,3.2832632276234803e-10,3.283257130864032e-10,3.283251033922951e-10,3.2832449368035464e-10,3.2832388395051506e-10,3.283232742028314e-10,3.2832266443737914e-10,3.2832205465412354e-10,3.2832144485307017e-10,3.2832083503444303e-10,3.2832022519820796e-10,3.2831961534430457e-10,3.283190054728504e-10,3.2831839558394417e-10,3.2831778567746135e-10,3.283171757535108e-10,3.283165658121673e-10,3.2831595585344875e-10,3.2831534587738774e-10,3.2831473588392337e-10,3.28314125873303e-10,3.283135158454824e-10,3.283129058004981e-10,3.283122957383707e-10,3.28311685659093e-10,3.283110755627767e-10,3.283104654494641e-10,3.2830985531913626e-10,3.2830924517181154e-10,3.2830863500762334e-10,3.283080248265395e-10,3.2830741462864816e-10,3.2830680441415234e-10,3.283061941825418e-10,3.28305583934431e-10,3.283049736695994e-10,3.283043633880094e-10,3.283037530898357e-10,3.2830314277511017e-10,3.283025324439148e-10,3.283019220962177e-10,3.283013117319625e-10,3.283007013512663e-10,3.2830009095415215e-10,3.2829948054083876e-10,3.2829887011107353e-10,3.282982596650938e-10,3.282976492027914e-10,3.282970387242725e-10,3.2829642822957134e-10,3.282958177187258e-10,3.2829520719177415e-10,3.2829459664876106e-10,3.282939860897024e-10,3.282933755146541e-10,3.282927649236655e-10,3.2829215431672766e-10,3.2829154369386885e-10,3.2829093305514875e-10,3.282903224006305e-10,3.2828971173031803e-10,3.2828910104427136e-10,3.282884903425066e-10,3.282878796250623e-10,3.282872688919655e-10,3.2828665814321064e-10,3.28286047378927e-10,3.2828543659913435e-10,3.2828482580370157e-10,3.2828421499282626e-10,3.282836041664802e-10,3.2828299332483175e-10,3.2828238246781393e-10,3.282817715954652e-10,3.282811607077205e-10,3.282805498048035e-10,3.2827993888653246e-10,3.2827932795318654e-10,3.282787170047374e-10,3.2827810604106053e-10,3.282774950622433e-10,3.282768840684408e-10,3.282762730596186e-10,3.2827566203578726e-10,3.2827505099708873e-10,3.282744399433382e-10,3.282738288747485e-10,3.2827321779127486e-10,3.2827260669294643e-10,3.282719955795872e-10,3.282713844516986e-10,3.2827077330912504e-10,3.282701621517071e-10,3.282695509797197e-10,3.282689397931025e-10,3.2826832859183647e-10,3.2826771737616683e-10,3.2826710614585145e-10,3.282664949010819e-10,3.282658836416578e-10,3.2826527236797275e-10,3.2826466107989224e-10,3.2826404977743104e-10,3.282634384606442e-10,3.28262827129455e-10,3.282622157841557e-10,3.2826160442455265e-10,3.2826099305066906e-10,3.282603816626364e-10,3.28259770260494e-10,3.282591588441712e-10,3.2825854741381523e-10,3.2825793596946593e-10,3.282573245111502e-10,3.2825671303879076e-10,3.282561015524541e-10,3.2825549005218174e-10,3.2825487853796504e-10,3.282542670099189e-10,3.282536554680627e-10,3.28253043912365e-10,3.2825243234293744e-10,3.2825182075961637e-10,3.282512091627359e-10,3.282505975520483e-10,3.2824998592833034e-10,3.2824937429052035e-10,3.2824876263901375e-10,3.2824815097411385e-10,3.282475392956445e-10,3.2824692760359744e-10,3.2824631589817623e-10,3.282457041795724e-10,3.282450924473166e-10,3.2824448070169286e-10,3.2824386894270686e-10,3.2824325717041886e-10,3.2824264538482773e-10,3.282420335859231e-10,3.282414217738976e-10,3.28240809948641e-10,3.282401981102159e-10,3.282395862587137e-10,3.2823897439412694e-10,3.2823836251643834e-10,3.2823775062546197e-10,3.282371387219027e-10,3.28236526805187e-10,3.282359148754996e-10,3.282353029331176e-10,3.2823469097758394e-10,3.2823407900921913e-10,3.2823346702798536e-10,3.2823285503419406e-10,3.282322430274683e-10,3.2823163100793884e-10,3.2823101897565754e-10,3.2823040693071576e-10,3.2822979487307216e-10,3.2822918280283216e-10,3.282285707199816e-10,3.2822795862456074e-10,3.282273465164614e-10,3.282267343959057e-10,3.2822612226306343e-10,3.2822551011735405e-10,3.282248979594483e-10,3.2822428578929594e-10,3.2822367360715085e-10,3.2822306141221476e-10,3.2822244920478075e-10,3.282218369849747e-10,3.2822122475298025e-10,3.2822061250879036e-10,3.2822000025246186e-10,3.282193879839656e-10,3.282187757033083e-10,3.2821816341052497e-10,3.282175511056576e-10,3.2821693878874293e-10,3.282163264597661e-10,3.2821571411884086e-10,3.282151017658679e-10,3.2821448940105345e-10,3.282138770241805e-10,3.2821326463536577e-10,3.282126522348316e-10,3.2821203982202437e-10,3.282114273975329e-10,3.2821081496144e-10,3.282102025135502e-10,3.282095900538637e-10,3.28208977582459e-10,3.282083650992572e-10,3.282077526045931e-10,3.282071400984376e-10,3.2820652758053486e-10,3.282059150510446e-10,3.282053025099452e-10,3.282046899573994e-10,3.282040773932196e-10,3.2820346481755197e-10,3.282028522305698e-10,3.2820223963225785e-10,3.2820162702246907e-10,3.282010144010834e-10,3.282004017685595e-10,3.2819978912472215e-10,3.281991764696326e-10,3.2819856380328837e-10,3.281979511255918e-10,3.2819733843718503e-10,3.281967257373353e-10,3.281961130261856e-10,3.2819550030385175e-10,3.281948875704371e-10,3.281942748259578e-10,3.2819366207047774e-10,3.281930493039131e-10,3.281924365263182e-10,3.281918237375893e-10,3.2819121093798357e-10,3.281905981274419e-10,3.281899853061237e-10,3.2818937247381325e-10,3.281887596307787e-10,3.2818814677686475e-10,3.2818753391209016e-10,3.281869210364841e-10,3.2818630815011265e-10,3.281856952531037e-10,3.2818508234547025e-10,3.2818446942725503e-10,3.281838564984323e-10,3.281832435588681e-10,3.281826306089303e-10,3.2818201764829347e-10,3.281814046768488e-10,3.2818079169500263e-10,3.2818017870264106e-10,3.2817956569996636e-10,3.2817895268675493e-10,3.281783396631759e-10,3.281777266291244e-10,3.281771135846959e-10,3.281765005299332e-10,3.2817588746478737e-10,3.2817527438936994e-10,3.281746613036826e-10,3.281740482077414e-10,3.2817343510133626e-10,3.2817282198484456e-10,3.281722088582062e-10,3.2817159572147214e-10,3.28170982574362e-10,3.281703694174032e-10,3.2816975625036333e-10,3.2816914307317404e-10,3.281685298860289e-10,3.2816791668880563e-10,3.2816730348176267e-10,3.281666902646663e-10,3.2816607703743193e-10,3.28165463800471e-10,3.281648505535989e-10,3.281642372968109e-10,3.2816362403006016e-10,3.281630107535371e-10,3.2816239746733667e-10,3.2816178417134243e-10,3.281611708655538e-10,3.281605575500745e-10,3.2815994422489536e-10,3.2815933088996703e-10,3.281587175455676e-10,3.2815810419141644e-10,3.2815749082763806e-10,3.2815687745419956e-10,3.28156264071073e-10,3.2815565067855946e-10,3.281550372765055e-10,3.281544238647399e-10,3.281538104435525e-10,3.2815319701309887e-10,3.2815258357323637e-10,3.281519701236867e-10,3.281513566649644e-10,3.2815074319667033e-10,3.281501297192902e-10,3.2814951623261183e-10,3.281489027365561e-10,3.2814828923124913e-10,3.2814767571684866e-10,3.281470621930518e-10,3.2814644866017896e-10,3.2814583511805093e-10,3.2814522156677154e-10,3.2814460800626733e-10,3.2814399443664474e-10,3.2814338085800687e-10,3.2814276727032533e-10,3.281421536737489e-10,3.2814154006792714e-10,3.281409264531295e-10,3.2814031282935593e-10,3.2813969919641096e-10,3.2813908555475434e-10,3.2813847190428767e-10,3.281378582448798e-10,3.2813724457640194e-10,3.281366308990601e-10,3.281360172130094e-10,3.2813540351814716e-10,3.281347898147656e-10,3.2813417610244473e-10,3.281335623812239e-10,3.281329486512409e-10,3.281323349126793e-10,3.281317211653713e-10,3.281311074093723e-10,3.2813049364483467e-10,3.2812987987163487e-10,3.2812926608982614e-10,3.281286522994921e-10,3.2812803850061e-10,3.2812742469318743e-10,3.2812681087728133e-10,3.281261970528254e-10,3.2812558321986065e-10,3.2812496937862525e-10,3.281243555288607e-10,3.281237416707119e-10,3.2812312780417755e-10,3.2812251392920574e-10,3.281219000459693e-10,3.28121286154429e-10,3.2812067225457055e-10,3.281200583464457e-10,3.281194444300513e-10,3.2811883050521355e-10,3.2811821657237373e-10,3.2811760263133593e-10,3.281169886820244e-10,3.2811637472450014e-10,3.2811576075916133e-10,3.2811514678548474e-10,3.281145328037753e-10,3.2811391881401285e-10,3.28113304816155e-10,3.2811269081030975e-10,3.281120767964348e-10,3.281114627745822e-10,3.281108487447571e-10,3.281102347069787e-10,3.281096206612695e-10,3.2810900660758166e-10,3.2810839254606635e-10,3.2810777847678614e-10,3.281071643995389e-10,3.281065503143643e-10,3.281059362214747e-10,3.2810532212090526e-10,3.2810470801248085e-10,3.281040938963053e-10,3.281034797723996e-10,3.281028656407693e-10,3.2810225150139255e-10,3.2810163735440633e-10,3.2810102319985786e-10,3.2810040903761465e-10,3.280997948676899e-10,3.280991806899938e-10,3.2809856650494434e-10,3.280979523121597e-10,3.2809733811203793e-10,3.280967239042204e-10,3.280961096890484e-10,3.2809549546644087e-10,3.280948812363909e-10,3.2809426699899897e-10,3.280936527540912e-10,3.280930385018831e-10,3.280924242422055e-10,3.280918099749869e-10,3.280911957006082e-10,3.2809058141888426e-10,3.280899671298776e-10,3.280893528335933e-10,3.2808873853005334e-10,3.280881242193411e-10,3.280875099010861e-10,3.280868955758756e-10,3.280862812435084e-10,3.280856669037093e-10,3.2808505255696766e-10,3.2808443820317806e-10,3.280838238422276e-10,3.2808320947417416e-10,3.280825950990518e-10,3.2808198071691077e-10,3.2808136632762457e-10,3.2808075193148813e-10,3.2808013752803864e-10,3.2807952311781294e-10,3.280789087006513e-10,3.280782942764925e-10,3.280776798450697e-10,3.2807706540710756e-10,3.2807645096227934e-10,3.2807583651058227e-10,3.2807522205203634e-10,3.2807460758661893e-10,3.2807399311443326e-10,3.280733786354355e-10,3.2807276414967627e-10,3.2807214965708297e-10,3.2807153515788965e-10,3.280709206519181e-10,3.2807030613924737e-10,3.2806969161988413e-10,3.2806907709387325e-10,3.2806846256112525e-10,3.2806784802182106e-10,3.2806723347588676e-10,3.280666189233594e-10,3.280660043641087e-10,3.2806538979844444e-10,3.28064775226007e-10,3.280641606472798e-10,3.280635460620244e-10,3.280629314703179e-10,3.280623168721148e-10,3.280617022674894e-10,3.280610876564293e-10,3.280604730388967e-10,3.280598584150272e-10,3.2805924378473923e-10,3.280586291480412e-10,3.2805801450501884e-10,3.2805739985569405e-10,3.280567852000539e-10,3.280561705381854e-10,3.28055555870026e-10,3.2805494119560893e-10,3.280543265148919e-10,3.2805371182804946e-10,3.280530971349671e-10,3.2805248243569463e-10,3.2805186773020965e-10,3.280512530186008e-10,3.2805063830085364e-10,3.2805002357700494e-10,3.2804940884705594e-10,3.2804879411107183e-10,3.280481793689605e-10,3.2804756462081403e-10,3.280469498666121e-10,3.2804633510640896e-10,3.2804572034022314e-10,3.280451055680305e-10,3.2804449078993617e-10,3.2804387600591034e-10,3.2804326121572273e-10,3.280426464197626e-10,3.28042031617671e-10,3.2804141680995295e-10,3.28040801996305e-10,3.280401871768998e-10,3.2803957235165715e-10,3.280389575206014e-10,3.280383426837003e-10,3.280377278408889e-10,3.2803711299250907e-10,3.2803649813838687e-10,3.280358832785222e-10,3.280352684130324e-10,3.280346535417768e-10,3.2803403866482235e-10,3.2803342378217906e-10,3.280328088939707e-10,3.2803219400009643e-10,3.28031579100613e-10,3.2803096419554174e-10,3.280303492848076e-10,3.280297343685829e-10,3.280291194466182e-10,3.280285045193087e-10,3.280278895864876e-10,3.2802727464819296e-10,3.2802665970433165e-10,3.2802604475508507e-10,3.280254298003991e-10,3.28024814840249e-10,3.2802419987469285e-10,3.2802358490375936e-10,3.280229699274313e-10,3.2802235494574793e-10,3.280217399586927e-10,3.2802112496633656e-10,3.280205099686591e-10,3.280198949656377e-10,3.280192799573665e-10,3.280186649438136e-10,3.280180499249299e-10,3.280174349006768e-10,3.2801681987149457e-10,3.280162048370229e-10,3.2801558979736864e-10,3.280149747525401e-10,3.2801435970255094e-10,3.2801374464742266e-10,3.2801312958701346e-10,3.2801251452165135e-10,3.2801189945118854e-10,3.280112843756509e-10,3.280106692950314e-10,3.280100542093749e-10,3.2800943911870655e-10,3.280088240229458e-10,3.280082089222172e-10,3.280075938165016e-10,3.28006978705833e-10,3.2800636359013824e-10,3.280057484695613e-10,3.2800513334409027e-10,3.280045182136887e-10,3.2800390307839396e-10,3.2800328793823e-10,3.2800267279313603e-10,3.2800205764327096e-10,3.2800144248856213e-10,3.280008273290285e-10,3.280002121644245e-10,3.2799959699530575e-10,3.2799898182138694e-10,3.2799836664271965e-10,3.2799775145946296e-10,3.279971362713702e-10,3.27996521078648e-10,3.2799590588120545e-10,3.2799529067890364e-10,3.279946754719337e-10,3.2799406026047583e-10,3.2799344504436704e-10,3.2799282982361533e-10,3.279922145982453e-10,3.279915993683121e-10,3.279909841337729e-10,3.2799036889473824e-10,3.279897536511487e-10,3.279891384030316e-10,3.279885231502617e-10,3.279879078931299e-10,3.2798729263150844e-10,3.2798667736542444e-10,3.2798606209489435e-10,3.27985446819909e-10,3.2798483154040996e-10,3.27984216256528e-10,3.279836009683284e-10,3.2798298567565725e-10,3.2798237037861814e-10,3.2798175507732045e-10,3.2798113977155334e-10,3.279805244615965e-10,3.279799091474071e-10,3.2797929382883504e-10,3.2797867850600165e-10,3.27978063178894e-10,3.2797744784755104e-10,3.279768325119972e-10,3.279762171722406e-10,3.279756018281465e-10,3.279749864799418e-10,3.2797437112757516e-10,3.2797375577104393e-10,3.279731404105707e-10,3.279725250456797e-10,3.2797190967672653e-10,3.279712943034502e-10,3.2797067892627793e-10,3.2797006354508855e-10,3.2796944815982096e-10,3.2796883277017603e-10,3.279682173767762e-10,3.279676019794261e-10,3.279669865779926e-10,3.2796637117259006e-10,3.2796575576331076e-10,3.2796514035001963e-10,3.279645249327888e-10,3.279639095116104e-10,3.2796329408652963e-10,3.2796267865751784e-10,3.2796206322456757e-10,3.2796144778773484e-10,3.279608323470596e-10,3.2796021690260174e-10,3.279596014542939e-10,3.279589860021326e-10,3.2795837054620235e-10,3.2795775508641876e-10,3.279571396229051e-10,3.2795652415560866e-10,3.2795590868459025e-10,3.279552932098311e-10,3.2795467773142915e-10,3.2795406224918265e-10,3.2795344676328673e-10,3.279528312737189e-10,3.279522157805845e-10,3.279516002835918e-10,3.2795098478305625e-10,3.279503692788139e-10,3.279497537710059e-10,3.2794913825968606e-10,3.279485227447734e-10,3.2794790722617755e-10,3.2794729170408327e-10,3.279466761784325e-10,3.279460606491564e-10,3.279454451164939e-10,3.2794482958032507e-10,3.2794421404063413e-10,3.279435984973956e-10,3.27942982950759e-10,3.27942367400664e-10,3.279417518472048e-10,3.2794113629025855e-10,3.279405207298992e-10,3.2793990516615137e-10,3.2793928959901494e-10,3.279386740285564e-10,3.2793805845466945e-10,3.27937442877457e-10,3.2793682729699627e-10,3.2793621171328e-10,3.27935596126032e-10,3.2793498053562626e-10,3.2793436494192306e-10,3.2793374934492577e-10,3.2793313374470444e-10,3.2793251814119843e-10,3.279319025345592e-10,3.2793128692461613e-10,3.2793067131155386e-10,3.279300556953082e-10,3.2792944007584343e-10,3.279288244531723e-10,3.279282088273082e-10,3.279275931984314e-10,3.279269775664936e-10,3.279263619313526e-10,3.2792574629309825e-10,3.2792513065170034e-10,3.2792451500737586e-10,3.279238993599016e-10,3.2792328370935184e-10,3.2792266805584044e-10,3.2792205239931235e-10,3.279214367398072e-10,3.2792082107731235e-10,3.279202054117409e-10,3.279195897432641e-10,3.2791897407182e-10,3.279183583974621e-10,3.2791774272009866e-10,3.279171270399664e-10,3.279165113567634e-10,3.279158956706824e-10,3.279152799818628e-10,3.2791466429008434e-10,3.279140485955056e-10,3.279134328980729e-10,3.2791281719783175e-10,3.2791220149477817e-10,3.279115857889244e-10,3.2791097008024886e-10,3.279103543687819e-10,3.2790973865452563e-10,3.2790912293757547e-10,3.279085072179102e-10,3.2790789149552023e-10,3.279072757704178e-10,3.2790666004257986e-10,3.2790604431209434e-10,3.2790542857903856e-10,3.279048128432122e-10,3.279041971047347e-10,3.279035813636214e-10,3.279029656199146e-10,3.27902349873572e-10,3.279017341245635e-10,3.279011183729427e-10,3.2790050261880794e-10,3.278998868621067e-10,3.2789927110282674e-10,3.278986553410949e-10,3.2789803957675146e-10,3.278974238099434e-10,3.2789680804063405e-10,3.2789619226880645e-10,3.278955764944789e-10,3.278949607176527e-10,3.2789434493830335e-10,3.2789372915654204e-10,3.278931133725443e-10,3.278924975861059e-10,3.278918817972177e-10,3.2789126600593645e-10,3.278906502122026e-10,3.2789003441614836e-10,3.2788941861773394e-10,3.2788880281696825e-10,3.2788818701387224e-10,3.2788757120817124e-10,3.2788695540046944e-10,3.2788633959046445e-10,3.27885723778197e-10,3.278851079636278e-10,3.2788449214671593e-10,3.278838763277017e-10,3.278832605064349e-10,3.2788264468287354e-10,3.278820288571698e-10,3.278814130292384e-10,3.278807971991641e-10,3.278801813668825e-10,3.2787956553244136e-10,3.278789496958671e-10,3.2787833385726796e-10,3.278777180163549e-10,3.278771021733044e-10,3.278764863282645e-10,3.278758704809964e-10,3.2787525463172835e-10,3.278746387804087e-10,3.278740229269955e-10,3.278734070715027e-10,3.278727912140103e-10,3.278721753544493e-10,3.2787155949289273e-10,3.2787094362932745e-10,3.278703277638017e-10,3.2786971189626293e-10,3.2786909602690407e-10,3.2786848015545746e-10,3.2786786428195794e-10,3.278672484066569e-10,3.278666325293907e-10,3.2786601665016526e-10,3.278654007690892e-10,3.278647848861738e-10,3.2786416900139107e-10,3.278635531147031e-10,3.278629372262003e-10,3.278623213358351e-10,3.278617054436627e-10,3.2786108954968374e-10,3.2786047365392665e-10,3.278598577563275e-10,3.2785924185705e-10,3.278586259559159e-10,3.2785801005287423e-10,3.278573941482055e-10,3.2785677824188693e-10,3.2785616233366454e-10,3.2785554642382356e-10,3.2785493051229405e-10,3.278543145990653e-10,3.2785369868415463e-10,3.278530827675609e-10,3.2785246684932013e-10,3.278518509294358e-10,3.278512350079109e-10,3.278506190847616e-10,3.2785000315999947e-10,3.2784938723363334e-10,3.278487713057373e-10,3.278481553761969e-10,3.278475394451115e-10,3.278469235124426e-10,3.2784630757823175e-10,3.278456916424789e-10,3.2784507570478155e-10,3.278444597659881e-10,3.278438438256002e-10,3.278432278838117e-10,3.2784261194047273e-10,3.27841995995637e-10,3.278413800494271e-10,3.2784076410177747e-10,3.278401481527771e-10,3.278395322022667e-10,3.2783891625033727e-10,3.2783830029700334e-10,3.278376843422809e-10,3.278370683861634e-10,3.278364524286801e-10,3.2783583646982223e-10,3.278352205096293e-10,3.2783460454806794e-10,3.278339885852026e-10,3.278333726210171e-10,3.278327566555448e-10,3.2783214068875645e-10,3.278315247206868e-10,3.27830908751381e-10,3.278302927807834e-10,3.2782967680888616e-10,3.278290608357813e-10,3.278284448614848e-10,3.278278288859255e-10,3.278272129091656e-10,3.278265969312005e-10,3.2782598095204505e-10,3.278253649717088e-10,3.278247489903279e-10,3.2782413300767136e-10,3.2782351702386994e-10,3.278229010388092e-10,3.278222850528546e-10,3.2782166906571145e-10,3.2782105307742733e-10,3.27820437088048e-10,3.2781982109758604e-10,3.2781920510606915e-10,3.278185891134721e-10,3.278179731198106e-10,3.278173571250881e-10,3.278167411293263e-10,3.278161251325806e-10,3.2781550913481506e-10,3.27814893136042e-10,3.278142771363044e-10,3.2781366113556016e-10,3.278130451338754e-10,3.2781242913126007e-10,3.2781181312769007e-10,3.278111971231168e-10,3.278105811176809e-10,3.2780996511129206e-10,3.278093491040188e-10,3.2780873309584685e-10,3.278081170867921e-10,3.278075010769419e-10,3.278068850661487e-10,3.278062690544907e-10,3.278056530419134e-10,3.2780503702858894e-10,3.278044210144495e-10,3.278038049997115e-10,3.2780318898394716e-10,3.278025729673821e-10,3.278019569500412e-10,3.2780134093198147e-10,3.278007249130541e-10,3.2780010889343223e-10,3.2779949287312025e-10,3.2779887685201955e-10,3.277982608301965e-10,3.2779764480766365e-10,3.2779702878443767e-10,3.277964127605101e-10,3.277957967358904e-10,3.2779518071059946e-10,3.27794564684672e-10,3.277939486580871e-10,3.2779333263092575e-10,3.2779271660308726e-10,3.2779210057461095e-10,3.2779148454580646e-10,3.2779086851609657e-10,3.277902524858565e-10,3.2778963645499595e-10,3.2778902042354366e-10,3.2778840439154956e-10,3.2778778835902493e-10,3.2778717232591165e-10,3.277865562922261e-10,3.277859402580717e-10,3.277853242234223e-10,3.277847081882513e-10,3.2778409215260463e-10,3.2778347611629673e-10,3.277828600795936e-10,3.2778224404253627e-10,3.277816280050313e-10,3.277810119671526e-10,3.27780395928758e-10,3.2777977988995053e-10,3.277791638505358e-10,3.2777854781092806e-10,3.277779317708567e-10,3.2777731573044625e-10,3.2777669968967437e-10,3.277760836485476e-10,3.2777546760705816e-10,3.277748515651744e-10,3.277742355230069e-10,3.2777361948036115e-10,3.277730034375591e-10,3.2777238739445044e-10,3.2777177135122065e-10,3.277711553075505e-10,3.2777053926358925e-10,3.2776992321947525e-10,3.2776930717495003e-10,3.2776869113021565e-10,3.277680750852345e-10,3.2776745904000076e-10,3.277668429945465e-10,3.2776622694891045e-10,3.2776561090300235e-10,3.277649948569693e-10,3.2776437881075844e-10,3.277637627643982e-10,3.2776314671785314e-10,3.2776253067115756e-10,3.2776191462429965e-10,3.2776129857732014e-10,3.27760682530288e-10,3.277600664831489e-10,3.2775945043583e-10,3.277588343883377e-10,3.277582183408341e-10,3.277576022932444e-10,3.2775698624550547e-10,3.2775637019779845e-10,3.277557541500541e-10,3.277551381022715e-10,3.277545220545169e-10,3.2775390600667824e-10,3.277532899588315e-10,3.277526739109329e-10,3.2775205786307257e-10,3.277514418152345e-10,3.27750825767444e-10,3.2775020971968957e-10,3.2774959367196865e-10,3.2774897762427104e-10,3.277483615766752e-10,3.2774774552915785e-10,3.2774712948197485e-10,3.2774651343463396e-10,3.2774589738745815e-10,3.277452813403472e-10,3.2774466529333406e-10,3.277440492465607e-10,3.2774343319978837e-10,3.277428171530782e-10,3.2774220110662205e-10,3.2774158506034523e-10,3.2774096901428586e-10,3.2774035296835366e-10,3.277397369226973e-10,3.2773912087724205e-10,3.277385048320048e-10,3.277378887868898e-10,3.2773727274193745e-10,3.277366566973104e-10,3.277360406529665e-10,3.277354246088496e-10,3.2773480856499584e-10,3.2773419252155584e-10,3.277335764782727e-10,3.277329604352495e-10,3.277323443925426e-10,3.2773172835015194e-10,3.277311123080576e-10,3.277304962663013e-10,3.2772988022461267e-10,3.2772926418358157e-10,3.277286481427361e-10,3.277280321024055e-10,3.27727416062425e-10,3.2772680002286614e-10,3.2772618398368607e-10,3.2772556794490733e-10,3.277249519063042e-10,3.2772433586832014e-10,3.2772371983078967e-10,3.277231037936813e-10,3.277224877569144e-10,3.2772187172067525e-10,3.277212556850381e-10,3.277206396497881e-10,3.277200236150373e-10,3.2771940758065717e-10,3.2771879154688696e-10,3.2771817551357025e-10,3.277175594807895e-10,3.2771694344855723e-10,3.2771632741677297e-10,3.277157113855832e-10,3.277150953549911e-10,3.277144793249514e-10,3.2771386329547663e-10,3.2771324726676985e-10,3.2771263123845624e-10,3.277120152107013e-10,3.277113991836508e-10,3.2771078315714446e-10,3.277101671313824e-10,3.277095511062211e-10,3.2770893508161337e-10,3.2770831905765306e-10,3.2770770303435583e-10,3.2770708701173255e-10,3.2770647098969104e-10,3.277058549683989e-10,3.277052389478095e-10,3.2770462292790914e-10,3.2770400690861154e-10,3.2770339089013745e-10,3.27702774872406e-10,3.277021588553192e-10,3.277015428390559e-10,3.277009268235063e-10,3.2770031080880604e-10,3.276996947948703e-10,3.27699078781661e-10,3.2769846276923906e-10,3.276978467576096e-10,3.2769723074677595e-10,3.2769661473664475e-10,3.2769599872744594e-10,3.276953827190833e-10,3.276947667115488e-10,3.276941507048539e-10,3.2769353469902507e-10,3.276929186940505e-10,3.2769230268995024e-10,3.276916866867164e-10,3.276910706843762e-10,3.2769045468285967e-10,3.276898386823286e-10,3.2768922268272185e-10,3.276886066840388e-10,3.276879906862786e-10,3.276873746894164e-10,3.276867586935265e-10,3.2768614269889327e-10,3.2768552670491815e-10,3.276849107119149e-10,3.2768429471995573e-10,3.2768367872887585e-10,3.276830627388449e-10,3.276824467497828e-10,3.276818307617602e-10,3.2768121477474097e-10,3.276805987887462e-10,3.27679982803987e-10,3.2767936682010575e-10,3.276787508372727e-10,3.2767813485551136e-10,3.276775188748292e-10,3.276769028953482e-10,3.2767628691679983e-10,3.276756709393629e-10,3.276750549629377e-10,3.2767443898772283e-10,3.2767382301373994e-10,3.2767320704077537e-10,3.276725910687926e-10,3.276719750981297e-10,3.2767135912858516e-10,3.276707431602126e-10,3.2767012719300527e-10,3.2766951122697014e-10,3.276688952621194e-10,3.276682792984603e-10,3.2766766333602307e-10,3.2766704737474076e-10,3.2766643141469705e-10,3.276658154559226e-10,3.27665199498408e-10,3.276645835420796e-10
18,1.4528297781501288e-42,4.094139341328085e-42,7.628392426028856e-42,1.1828253669177996e-41,1.652388104359988e-41,2.158874267614501e-41,2.6928598720436987e-41,3.2473262062724094e-41,3.817045950924095e-41,4.39812596106426e-41,4.987666743469219e-41,5.583508845803398e-41,6.184043975157311e-41,6.788074325013216e-41,7.394707806346571e-41,8.003280019008761e-41,8.613296138441775e-41,9.224387634710848e-41,9.836280038187378e-41,1.0448768932433067e-40,1.1061702074442515e-40,1.1674966078364781e-40,1.2288476497944517e-40,1.290217044023904e-40,1.351600106454144e-40,1.4129933485350044e-40,1.4743941721028604e-40,1.5358006421265575e-40,1.5972113174546557e-40,1.6586251247626736e-40,1.7200412646719461e-40,1.7814591418300155e-40,1.8428783128369412e-40,1.9042984474622295e-40,1.9657192997605685e-40,2.0271406865593004e-40,2.0885624714375e-40,2.1499845527926017e-40,2.2114068549547055e-40,2.272829321566957e-40,2.3342519106566428e-40,2.3956745909635324e-40,2.457097339206324e-40,2.5185201380455724e-40,2.5799429745674936e-40,2.6413658391543497e-40,2.702788724642994e-40,2.764211625698709e-40,2.825634538348199e-40,2.8870574596325606e-40,2.9484803873477985e-40,3.0099033198524762e-40,3.071326255924327e-40,3.132749194652853e-40,3.1941721353598944e-40,3.255595077540553e-40,3.3170180208187187e-40,3.3784409649142364e-40,3.4398639096185927e-40,3.5012868547762436e-40,3.5627098002715696e-40,3.6241327460184093e-40,3.68555569195247e-40,3.746978638026038e-40,3.80840158420357e-40,3.869824530458467e-40,3.931247476771041e-40,3.99267042312635e-40,4.0540933695137765e-40,4.115516315925017e-40,4.176939262353898e-40,4.238362208796037e-40,4.2997851552480115e-40,4.361208101707299e-40,4.422631048171961e-40,4.484053994640833e-40,4.545476941112589e-40,4.606899887586746e-40,4.6683228340625195e-40,4.729745780539506e-40,4.791168727017436e-40,4.852591673495975e-40,4.91401461997521e-40,4.975437566454687e-40,5.0368605129345286e-40,5.098283459414567e-40,5.159706405894782e-40,5.221129352375051e-40,5.282552298855486e-40,5.343975245335991e-40,5.40539819181636e-40,5.466821138296872e-40,5.5282440847775004e-40,5.589667031258115e-40,5.651089977738635e-40,5.712512924219388e-40,5.773935870699907e-40,5.835358817180543e-40,5.896781763661263e-40,5.95820471014192e-40,6.019627656622481e-40,6.081050603103155e-40,6.142473549583845e-40,6.203896496064546e-40,6.265319442545096e-40,6.3267423890258756e-40,6.388165335506594e-40,6.449588281987234e-40,6.511011228467779e-40,6.572434174948408e-40,6.6338571214291386e-40,6.695280067909572e-40,6.756703014390516e-40,6.818125960871002e-40,6.879548907351685e-40,6.940971853832571e-40,7.0023948003130196e-40,7.06381774679369e-40,7.125240693274199e-40,7.186663639754827e-40,7.248086586235665e-40,7.309509532716346e-40,7.37093247919696e-40,7.43235542567778e-40,7.493778372158289e-40,7.555201318639027e-40,7.616624265119509e-40,7.678047211600111e-40,7.739470158080616e-40,7.80089310456143e-40,7.862316051042172e-40,7.923738997522874e-40,7.985161944003405e-40,8.046584890484e-40,8.108007836964742e-40,8.1694307834454e-40,8.23085372992611e-40,8.29227667640672e-40,8.353699622887397e-40,8.415122569368012e-40,8.47654551584852e-40,8.53796846232947e-40,8.5993914088102e-40,8.660814355290744e-40,8.72223730177127e-40,8.783660248251965e-40,8.845083194732598e-40,8.906506141213087e-40,8.967929087693624e-40,9.029352034174527e-40,9.090774980655098e-40,9.152197927135647e-40,9.21362087361631e-40,9.275043820097043e-40,9.336466766577694e-40,9.39788971305852e-40,9.459312659539181e-40,9.520735606019702e-40,9.582158552500404e-40,9.643581498981007e-40,9.705004445461954e-40,9.766427391942493e-40,9.82785033842309e-40,9.88927328490384e-40,9.950696231384439e-40,1.0012119177864934e-39,1.0073542124345605e-39,1.0134965070826305e-39,1.0196388017306808e-39,1.0257810963787804e-39,1.0319233910268215e-39,1.0380656856748896e-39,1.044207980322966e-39,1.050350274971018e-39,1.0564925696190901e-39,1.0626348642671453e-39,1.0687771589152149e-39,1.0749194535632952e-39,1.0810617482113315e-39,1.0872040428594207e-39,1.093346337507489e-39,1.0994886321555556e-39,1.1056309268036168e-39,1.1117732214516639e-39,1.1179155160997285e-39,1.1240578107478178e-39,1.1302001053958821e-39,1.1363424000439339e-39,1.1424846946920066e-39,1.1486269893400771e-39,1.154769283988142e-39,1.1609115786361842e-39,1.1670538732842406e-39,1.1731961679323352e-39,1.1793384625803885e-39,1.1854807572284554e-39,1.191623051876519e-39,1.1977653465245798e-39,1.2039076411726611e-39,1.2100499358207274e-39,1.216192230468785e-39,1.2223345251168597e-39,1.2284768197649106e-39,1.2346191144129854e-39,1.2407614090610314e-39,1.2469037037090928e-39,1.2530459983571542e-39,1.2591882930052174e-39,1.2653305876533083e-39,1.271472882301368e-39,1.2776151769494194e-39,1.2837574715974783e-39,1.289899766245547e-39,1.2960420608935974e-39,1.3021843555416772e-39,1.3083266501897513e-39,1.314468944837837e-39,1.320611239485889e-39,1.3267535341339534e-39,1.3328958287820049e-39,1.3390381234300527e-39,1.3451804180780949e-39,1.35132271272618e-39,1.3574650073742245e-39,1.3636073020222996e-39,1.369749596670368e-39,1.3758918913184191e-39,1.3820341859664738e-39,1.3881764806145411e-39,1.394318775262593e-39,1.4004610699106694e-39,1.4066033645587287e-39,1.4127456592067821e-39,1.418887953854803e-39,1.4250302485028485e-39,1.4311725431509218e-39,1.4373148377990156e-39,1.4434571324470651e-39,1.4495994270951327e-39,1.4557417217431985e-39,1.4618840163912599e-39,1.4680263110393123e-39,1.4741686056873897e-39,1.4803109003354472e-39,1.48645319498351e-39,1.492595489631587e-39,1.498737784279633e-39,1.5048800789276843e-39,1.5110223735757333e-39,1.5171646682237875e-39,1.5233069628718564e-39,1.5294492575199063e-39,1.5355915521679847e-39,1.5417338468160265e-39,1.54787614146412e-39,1.554018436112179e-39,1.5601607307602293e-39,1.5663030254083044e-39,1.5724453200564105e-39,1.578587614704425e-39,1.5847299093525078e-39,1.5908722040005395e-39,1.5970144986486156e-39,1.6031567932966946e-39,1.6092990879447332e-39,1.6154413825928024e-39,1.6215836772409212e-39,1.6277259718889317e-39,1.633868266536976e-39,1.640010561185041e-39,1.6461528558331205e-39,1.6522951504812122e-39,1.6584374451292198e-39,1.6645797397773314e-39,1.670722034425357e-39,1.6768643290734565e-39,1.683006623721487e-39,1.689148918369592e-39,1.695291213017616e-39,1.7014335076656818e-39,1.7075758023137673e-39,1.713718096961821e-39,1.719860391609906e-39,1.7260026862579277e-39,1.7321449809059885e-39,1.7382872755540547e-39,1.7444295702021243e-39,1.750571864850199e-39,1.756714159498267e-39,1.7628564541463574e-39,1.7689987487943982e-39,1.7751410434424446e-39,1.7812833380905047e-39,1.787425632738598e-39,1.7935679273866853e-39,1.7997102220347163e-39,1.8058525166827986e-39,1.8119948113308482e-39,1.8181371059789024e-39,1.824279400626957e-39,1.8304216952750125e-39,1.8365639899230452e-39,1.8427062845711203e-39,1.8488485792192172e-39,1.854990873867262e-39,1.8611331685153312e-39,1.8672754631634076e-39,1.8734177578114485e-39,1.879560052459548e-39,1.885702347107607e-39,1.8918446417556614e-39,1.8979869364037254e-39,1.9041292310517894e-39,1.9102715256998537e-39,1.916413820347921e-39,1.9225561149959644e-39,1.9286984096440473e-39,1.9348407042921264e-39,1.940982998940165e-39,1.9471252935882286e-39,1.953267588236323e-39,1.9594098828843517e-39,1.9655521775324467e-39,1.97169447218051e-39,1.9778367668285603e-39,1.983979061476641e-39,1.990121356124699e-39,1.996263650772736e-39,2.00240594542084e-39,2.0085482400688327e-39,2.0146905347169003e-39,2.0208328293650028e-39,2.0269751240130443e-39,2.0331174186610923e-39,2.0392597133091857e-39,2.0454020079572438e-39,2.051544302605361e-39,2.0576865972534273e-39,2.063828891901481e-39,2.069971186549564e-39,2.076113481197614e-39,2.0822557758456396e-39,2.0883980704937036e-39,2.09454036514177e-39,2.1006826597898235e-39,2.1068249544378633e-39,2.112967249085936e-39,2.1191095437339956e-39,2.125251838382075e-39,2.1313941330301125e-39,2.1375364276782075e-39,2.1436787223262346e-39,2.149821016974283e-39,2.1559633116223734e-39,2.1621056062704635e-39,2.1682479009185288e-39,2.1743901955665602e-39,2.1805324902146216e-39,2.186674784862701e-39,2.1928170795107493e-39,2.1989593741588325e-39,2.2051016688068828e-39,2.2112439634549488e-39,2.21738625810299e-39,2.223528552751059e-39,2.2296708473991437e-39,2.2358131420472e-39,2.2419554366952476e-39,2.2480977313433504e-39,2.2542400259914278e-39,2.260382320639472e-39,2.266524615287535e-39,2.272666909935594e-39,2.278809204583641e-39,2.284951499231707e-39,2.2910937938798066e-39,2.297236088527855e-39,2.3033783831759003e-39,2.309520677823955e-39,2.315662972472027e-39,2.3218052671201315e-39,2.3279475617681374e-39,2.334089856416253e-39,2.340232151064289e-39,2.3463744457123556e-39,2.352516740360407e-39,2.3586590350085057e-39,2.3648013296565446e-39,2.3709436243046357e-39,2.3770859189527004e-39,2.3832282136007895e-39,2.389370508248829e-39,2.395512802896922e-39,2.4016550975449574e-39,2.4077973921930338e-39,2.4139396868410837e-39,2.420081981489111e-39,2.426224276137181e-39,2.4323665707853022e-39,2.438508865433358e-39,2.4446511600814126e-39,2.4507934547295216e-39,2.456935749377456e-39,2.4630780440255393e-39,2.4692203386736086e-39,2.475362633321705e-39,2.481504927969787e-39,2.4876472226178407e-39,2.493789517265816e-39,2.499931811913897e-39,2.5060741065620216e-39,2.51221640121008e-39,2.5183586958581212e-39,2.5245009905062273e-39,2.530643285154263e-39,2.5367855798023416e-39,2.5429278744504477e-39,2.5490701690984762e-39,2.5552124637465248e-39,2.5613547583945435e-39,2.5674970530427077e-39,2.5736393476908128e-39,2.5797816423388246e-39,2.585923936986864e-39,2.5920662316349333e-39,2.5982085262829843e-39,2.604350820931028e-39,2.6104931155790846e-39,2.616635410227179e-39,2.6227777048752775e-39,2.6289199995233382e-39,2.6350622941713676e-39,2.641204588819438e-39,2.6473468834675123e-39,2.653489178115605e-39,2.6596314727636266e-39,2.665773767411706e-39,2.6719160620597102e-39,2.6780583567077785e-39,2.6842006513558366e-39,2.69034294600387e-39,2.69648524065197e-39,2.7026275352999624e-39,2.7087698299480104e-39,2.7149121245960607e-39,2.721054419244127e-39,2.7271967138921776e-39,2.733339008540285e-39,2.7394813031883184e-39,2.7456235978363285e-39,2.751765892484408e-39,2.7579081871324582e-39,2.7640504817805476e-39,2.7701927764285956e-39,2.7763350710766378e-39,2.7824773657247207e-39,2.7886196603727782e-39,2.7947619550207704e-39,2.8009042496688396e-39,2.807046544316887e-39,2.813188838964975e-39,2.819331133612968e-39,2.825473428261016e-39,2.8316157229091123e-39,2.837758017557149e-39,2.8439003122052847e-39,2.850042606853365e-39,2.8561849015014248e-39,2.8623271961495002e-39,2.868469490797596e-39,2.8746117854456256e-39,2.8807540800937167e-39,2.886896374741818e-39,2.8930386693899057e-39,2.8991809640379035e-39,2.905323258685971e-39,2.9114655533340374e-39,2.917607847982103e-39,2.9237501426302156e-39,2.9298924372782043e-39,2.9360347319262895e-39,2.9421770265743166e-39,2.94831932122242e-39,2.954461615870482e-39,2.9606039105184894e-39,2.9667462051666327e-39,2.9728884998146755e-39,2.9790307944627365e-39,2.985173089110808e-39,2.9913153837588587e-39,2.997457678406876e-39,3.0035999730549534e-39,3.009742267702978e-39,3.015884562351077e-39,3.022026856999165e-39,3.028169151647234e-39,3.03431144629528e-39,3.0404537409433505e-39,3.046596035591397e-39,3.0527383302394576e-39,3.058880624887501e-39,3.065022919535609e-39,3.0711652141836754e-39,3.0773075088317175e-39,3.0834498034798706e-39,3.089592098127919e-39,3.0957343927760156e-39,3.1018766874241106e-39,3.1080189820721625e-39,3.114161276720212e-39,3.1203035713681965e-39,3.12644586601631e-39,3.132588160664314e-39,3.138730455312426e-39,3.1448727499604995e-39,3.151015044608547e-39,3.157157339256601e-39,3.163299633904646e-39,3.169441928552683e-39,3.175584223200769e-39,3.181726517848748e-39,3.187868812496769e-39,3.194011107144882e-39,3.2001534017929976e-39,3.20629569644104e-39,3.212437991089134e-39,3.2185802857371684e-39,3.224722580385237e-39,3.2308648750332736e-39,3.2370071696813386e-39,3.2431494643294414e-39,3.249291758977528e-39,3.255434053625619e-39,3.2615763482736996e-39,3.267718642921738e-39,3.2738609375697976e-39,3.2800032322178e-39,3.286145526865875e-39,3.292287821513919e-39,3.298430116161958e-39,3.304572410810052e-39,3.310714705458081e-39,3.3168570001062016e-39,3.322999294754204e-39,3.329141589402344e-39,3.3352838840503626e-39,3.341426178698456e-39,3.347568473346466e-39,3.353710767994608e-39,3.3598530626426284e-39,3.3659953572906686e-39,3.372137651938739e-39,3.378279946586803e-39,3.384422241234876e-39,3.390564535882919e-39,3.396706830531e-39,3.402849125179031e-39,3.408991419827119e-39,3.4151337144752257e-39,3.4212760091232835e-39,3.427418303771295e-39,3.4335605984193384e-39,3.4397028930674445e-39,3.4458451877155245e-39,3.451987482363555e-39,3.458129777011689e-39,3.464272071659737e-39,3.4704143663077746e-39,3.476556660955864e-39,3.482698955603912e-39,3.4888412502520505e-39,3.4949835449000306e-39,3.501125839548053e-39,3.5072681341961384e-39,3.513410428844263e-39,3.519552723492328e-39,3.525695018140398e-39,3.531837312788413e-39,3.537979607436436e-39,3.5441219020845185e-39,3.550264196732525e-39,3.556406491380625e-39,3.562548786028705e-39,3.568691080676809e-39,3.5748333753248075e-39,3.5809756699729084e-39,3.587117964620948e-39,3.593260259268959e-39,3.599402553917055e-39,3.605544848565032e-39,3.611687143213129e-39,3.617829437861202e-39,3.6239717325093215e-39,3.630114027157327e-39,3.6362563218054123e-39,3.642398616453416e-39,3.6485409111015253e-39,3.654683205749484e-39,3.6608255003976325e-39,3.666967795045609e-39,3.6731100896936443e-39,3.679252384341756e-39,3.685394678989751e-39,3.6915369736378406e-39,3.6976792682860034e-39,3.703821562934012e-39,3.7099638575820336e-39,3.716106152230127e-39,3.722248446878206e-39,3.728390741526187e-39,3.7345330361742524e-39,3.740675330822318e-39,3.746817625470257e-39,3.752959920118328e-39,3.7591022147663544e-39,3.765244509414371e-39,3.771386804062476e-39,3.7775290987105206e-39,3.7836713933585993e-39,3.789813688006628e-39,3.795955982654694e-39,3.8020982773027564e-39,3.808240571950775e-39,3.8143828665988505e-39,3.820525161246927e-39,3.8266674558949896e-39,3.8328097505430676e-39,3.838952045191099e-39,3.845094339839119e-39,3.8512366344871034e-39,3.8573789291352114e-39,3.8635212237831916e-39,3.869663518431257e-39,3.875805813079379e-39,3.881948107727452e-39,3.888090402375519e-39,3.89423269702362e-39,3.900374991671705e-39,3.906517286319811e-39,3.9126595809678074e-39,3.918801875615854e-39,3.9249441702638714e-39,3.931086464911922e-39,3.9372287595600014e-39,3.943371054207985e-39,3.949513348856098e-39,3.955655643504106e-39,3.961797938152278e-39,3.967940232800308e-39,3.9740825274484193e-39,3.9802248220964406e-39,3.986367116744362e-39,3.992509411392498e-39,3.998651706040647e-39,4.0047940006887005e-39,4.0109362953367244e-39,4.017078589984813e-39,4.02322088463286e-39,4.029363179280952e-39,4.035505473928963e-39,4.041647768577077e-39,4.047790063225076e-39,4.053932357873174e-39,4.0600746525212325e-39,4.0662169471692394e-39,4.072359241817374e-39,4.078501536465346e-39,4.08464383111349e-39,4.090786125761531e-39,4.096928420409606e-39,4.103070715057621e-39,4.109213009705667e-39,4.1153553043537195e-39,4.1214975990018217e-39,4.1276398936498566e-39,4.1337821882979666e-39,4.139924482946053e-39,4.146066777594076e-39,4.1522090722421224e-39,4.158351366890188e-39,4.1644936615381604e-39,4.1706359561863056e-39,4.1767782508343706e-39,4.1829205454824265e-39,4.189062840130476e-39,4.195205134778566e-39,4.201347429426584e-39,4.207489724074607e-39,4.2136320187227194e-39,4.219774313370788e-39,4.2259166080188304e-39,4.232058902666863e-39,4.23820119731492e-39,4.2443434919629973e-39,4.2504857866110976e-39,4.25662808125912e-39,4.262770375907273e-39,4.2689126705552064e-39,4.2750549652032224e-39,4.2811972598513096e-39,4.287339554499247e-39,4.293481849147414e-39,4.299624143795475e-39,4.305766438443558e-39,4.31190873309151e-39,4.3180510277396094e-39,4.324193322387667e-39,4.3303356170357505e-39,4.336477911683834e-39,4.342620206331913e-39,4.3487625009799526e-39,4.354904795628011e-39,4.361047090276131e-39,4.367189384924152e-39,4.373331679572256e-39,4.379473974220286e-39,4.385616268868401e-39,4.3917585635165034e-39,4.3979008581645717e-39,4.4040431528126255e-39,4.4101854474606435e-39,4.4163277421088097e-39,4.422470036756707e-39,4.4286123314047804e-39,4.434754626052814e-39,4.440896920700965e-39,4.4470392153489904e-39,4.453181509997e-39,4.4593238046451203e-39,4.4654660992930594e-39,4.4716083939411485e-39,4.477750688589289e-39,4.4838929832373463e-39,4.4900352778854413e-39,4.4961775725335213e-39,4.502319867181625e-39,4.508462161829605e-39,4.5146044564776556e-39,4.520746751125726e-39,4.526889045773738e-39,4.533031340421865e-39,4.539173635069847e-39,4.545315929717878e-39,4.551458224366014e-39,4.557600519014117e-39,4.563742813662234e-39,4.569885108310147e-39,4.576027402958304e-39,4.5821696976062536e-39,4.588311992254348e-39,4.594454286902462e-39,4.600596581550484e-39,4.6067388761984496e-39,4.6128811708465576e-39,4.619023465494553e-39,4.625165760142584e-39,4.631308054790648e-39,4.63745034943878e-39,4.643592644086817e-39,4.6497349387349064e-39,4.655877233382959e-39,4.6620195280309535e-39,4.668161822679056e-39,4.674304117327119e-39,4.6804464119751935e-39,4.6865887066232395e-39,4.6927310012712804e-39,4.698873295919286e-39,4.7050155905673183e-39,4.7111578852155295e-39,4.717300179863545e-39,4.723442474511636e-39,4.7295847691596396e-39,4.7357270638077705e-39,4.7418693584557957e-39,4.7480116531039116e-39,4.7541539477519145e-39,4.760296242399998e-39,4.766438537048007e-39,4.772580831696003e-39,4.77872312634409e-39,4.784865420992211e-39,4.7910077156402346e-39,4.7971500102883374e-39,4.803292304936541e-39,4.809434599584542e-39,4.815576894232627e-39,4.821719188880699e-39,4.827861483528728e-39,4.8340037781768e-39,4.84014607282486e-39,4.8462883674728554e-39,4.852430662120976e-39,4.858572956769007e-39,4.864715251417164e-39,4.870857546065175e-39,4.876999840713261e-39,4.883142135361226e-39,4.8892844300092724e-39,4.895426724657363e-39,4.901569019305488e-39,4.9077113139535724e-39,4.9138536086015636e-39,4.9199959032497004e-39,4.9261381978977784e-39,4.932280492545829e-39,4.9384227871939554e-39,4.9445650818419636e-39,4.950707376490091e-39,4.9568496711380166e-39,4.9629919657860574e-39,4.969134260434202e-39,4.9752765550821306e-39,4.9814188497302484e-39,4.9875611443783845e-39,4.9937034390264175e-39,4.999845733674495e-39,5.0059880283225984e-39,5.01213032297058e-39,5.018272617618652e-39,5.0244149122666093e-39,5.030557206914736e-39,5.03669950156274e-39,5.0428417962108826e-39,5.0489840908589136e-39,5.055126385506982e-39,5.061268680155035e-39,5.067410974803064e-39,5.0735532694511455e-39,5.079695564099189e-39,5.08583785874717e-39,5.09198015339524e-39,5.098122448043221e-39,5.104264742691303e-39,5.1104070373392613e-39,5.116549331987455e-39,5.1226916266355205e-39,5.128833921283559e-39,5.134976215931684e-39,5.141118510579713e-39,5.1472608052276826e-39,5.153403099875914e-39,5.1595453945239685e-39,5.165687689172082e-39,5.171829983820036e-39,5.177972278468168e-39,5.184114573116199e-39,5.1902568677642216e-39,5.1963991624122494e-39,5.202541457060342e-39,5.208683751708384e-39,5.2148260463564796e-39,5.220968341004483e-39,5.227110635652577e-39,5.233252930300593e-39,5.23939522494868e-39,5.24553751959671e-39,5.25167981424467e-39,5.2578221088927074e-39,5.263964403540754e-39,5.270106698188798e-39,5.2762489928367647e-39,5.282391287484902e-39,5.288533582132813e-39,5.294675876780862e-39,5.3008181714288895e-39,5.3069604660769434e-39,5.313102760724885e-39,5.3192450553729774e-39,5.3253873500210144e-39,5.3315296446690585e-39,5.3376719393171326e-39,5.343814233965225e-39,5.349956528613314e-39,5.356098823261356e-39,5.362241117909389e-39,5.368383412557525e-39,5.374525707205438e-39,5.38066800185347e-39,5.386810296501621e-39,5.392952591149729e-39,5.399094885797731e-39,5.405237180445799e-39,5.411379475093749e-39,5.417521769741799e-39,5.423664064389829e-39,5.4298063590380375e-39,5.435948653686031e-39,5.4420909483340344e-39,5.4482332429821476e-39,5.454375537630203e-39,5.460517832278195e-39,5.466660126926219e-39,5.4728024215743214e-39,5.47894471622245e-39,5.485087010870419e-39,5.491229305518642e-39,5.497371600166768e-39,5.503513894814746e-39,5.509656189462769e-39,5.515798484110877e-39,5.5219407787589985e-39,5.5280830734069826e-39,5.5342253680550926e-39,5.5403676627030525e-39,5.546509957351134e-39,5.552652251999193e-39,5.558794546647221e-39,5.5649368412953164e-39,5.57107913594342e-39,5.5772214305915286e-39,5.5833637252394056e-39,5.5895060198875385e-39,5.595648314535654e-39,5.6017906091836326e-39,5.607932903831736e-39,5.6140751984798304e-39,5.620217493127981e-39,5.626359787775952e-39,5.632502082423957e-39,5.6386443770720205e-39,5.644786671720127e-39,5.6509289663682066e-39,5.657071261016226e-39,5.663213555664221e-39,5.6693558503123585e-39,5.675498144960474e-39,5.6816404396085034e-39,5.687782734256545e-39,5.693925028904597e-39,5.7000673235525764e-39,5.70620961820068e-39,5.712351912848732e-39,5.7184942074968594e-39,5.7246365021448376e-39,5.7307787967928034e-39,5.736921091440799e-39,5.743063386088907e-39,5.7492056807368476e-39,5.755347975384861e-39,5.761490270033e-39,5.767632564681089e-39,5.773774859329271e-39,5.7799171539772945e-39,5.786059448625211e-39,5.792201743273211e-39,5.79834403792148e-39,5.804486332569339e-39,5.810628627217434e-39,5.816770921865415e-39,5.82291321651348e-39,5.829055511161421e-39,5.835197805809574e-39,5.841340100457655e-39,5.847482395105494e-39,5.853624689753612e-39,5.8597669844014776e-39,5.865909279049506e-39,5.87205157369754e-39,5.878193868345639e-39,5.884336162993672e-39,5.890478457641797e-39,5.896620752289862e-39,5.902763046937933e-39,5.908905341585954e-39,5.915047636233897e-39,5.921189930882089e-39,5.927332225530069e-39,5.933474520178142e-39,5.939616814826223e-39,5.945759109474247e-39,5.95190140412229e-39,5.958043698770364e-39,5.96418599341842e-39,5.970328288066493e-39,5.976470582714473e-39,5.982612877362436e-39,5.988755172010571e-39,5.994897466658536e-39,6.001039761306529e-39,6.007182055954483e-39,6.013324350602431e-39,6.019466645250402e-39,6.025608939898488e-39,6.031751234546516e-39,6.037893529194576e-39,6.044035823842542e-39,6.050178118490644e-39,6.056320413138742e-39,6.062462707786773e-39,6.068605002434835e-39,6.074747297082863e-39,6.080889591730866e-39,6.087031886378959e-39,6.093174181027065e-39,6.099316475675226e-39,6.105458770323259e-39,6.111601064971256e-39,6.117743359619276e-39,6.123885654267356e-39,1.3274568586123878e-17,1.4500705291040516e-17,1.4855150627704715e-17,1.515365792493688e-17,1.5455981970615185e-17,1.5766763717594727e-17,1.6086640592835692e-17,1.6415971648450113e-17,1.675510950611891e-17,1.710442086013031e-17,1.7464288721426598e-17,1.783511337915786e-17,1.8217313317098847e-17,1.8611326176857412e-17,1.9017609778952584e-17,1.943664320604449e-17,1.9868927951908234e-17,2.0314989143068465e-17,2.0775376832114932e-17,2.1250667379298855e-17,2.1741464912850596e-17,2.2248402888001944e-17,2.2772145742896575e-17,2.3313390662845075e-17,2.3872869457705993e-17,2.4451350563193585e-17,2.504964117360145e-17,2.566858951602202e-17,2.6309087278238295e-17,2.6972072198202828e-17,2.7658530831721073e-17,2.8369501508016985e-17,2.91060774917287e-17,2.9869410362908785e-17,3.066071363571741e-17,3.1481266632713547e-17,3.233241863659042e-17,3.321559333895155e-17,3.413229361386556e-17,3.508410663947616e-17,3.6072709397922966e-17,3.7099874585424264e-17,3.8167476964582296e-17,3.927750019945754e-17,4.043204421153958e-17,4.163333310291858e-17,4.288372369696166e-17,4.418571474701026e-17,4.554195687596414e-17,4.695526330922672e-17,4.8428621473627985e-17,4.996520554018141e-17,5.156838999751397e-17,5.324176435168455e-17,5.4989149056091584e-17,5.681461278910029e-17,5.872249120593407e-17,6.071740730890327e-17,6.280429358915011e-17,6.498841611866424e-17,6.727540077981487e-17,6.967126185141649e-17,7.218243318677041e-17,7.48158022465385e-17,7.75787472867403e-17,8.047917802370416e-17,8.352558014740872e-17,8.672706409313014e-17,9.009341851987186e-17,9.363516903255282e-17,9.73636426909801e-17,1.0129103897907197e-16,1.0543050794889214e-16,1.0979623635177572e-16,1.1440354269759583e-16,1.192689822523819e-16,1.244104631753425e-16,1.2984737510947078e-16,1.3560073173764284e-16,1.4169332900815826e-16,1.481499209737787e-16,1.5499741546451784e-16,1.6226509209048647e-16,1.6998484547928479e-16,1.7819145700420888e-16,1.8692289882144623e-16,1.9622067448191517e-16,2.061302011331198e-16,2.1670123901163003e-16,2.2798837484696585e-16,2.4005156678950014e-16,2.529567597139001e-16,2.6677658116397215e-16,2.8159112985519497e-16,2.9748887061790857e-16,3.145676520548403e-16,3.3293586585687264e-16,3.527137700993768e-16,3.74035002691691e-16,3.9704831585724466e-16,4.21919568151791e-16,4.488340171968165e-16,4.7799896451219e-16,5.096468135329751e-16,5.440386138694235e-16,5.814681792351775e-16,6.222668841813427e-16,6.668092661909227e-16,7.1551958631029285e-16,7.68879534027215e-16,8.274373024154947e-16,8.91818309769464e-16,9.627379062376286e-16,1.0410164821975043e-15,1.1275974932294777e-15,1.223569040568898e-15,1.330189803039916e-15,1.4489203167831594e-15,1.5814608557600141e-15,1.7297974956572476e-15,1.8962583718654904e-15,2.083582697253892e-15,2.2950058339950935e-15,2.5343646719533983e-15,2.8062288366562948e-15,3.11606494553483e-15,3.4704434096790384e-15,3.877300363274703e-15,4.346271511445796e-15,4.889120478536168e-15,5.520292271424775e-15,6.257633723159758e-15,7.123338686787379e-15,8.145198464837918e-15,9.358270758255124e-15,1.0807128317464284e-14,1.2548919294207249e-14,1.4657577357263225e-14,1.7229680720282857e-14,2.039270753798639e-14,2.4316824034549566e-14,2.9231961363451764e-14,3.5452942782574836e-14,4.341708747004576e-14,5.374153315000945e-14,6.731239516712385e-14,8.542653859696856e-14,1.1002255178631905e-13,1.4406727691713516e-13,1.9222220681447776e-13,2.620311487406553e-13,3.6611722559368447e-13,5.264208939667208e-13,7.827738934721985e-13,1.2112123573343284e-12,1.965603953727877e-12,3.3792954611205085e-12,6.2346493468034255e-12,1.2548320725192543e-11,2.811199017874907e-11,7.166109194930296e-11,2.112362871656137e-10,7.137444099519188e-10,2.606433333476636e-09,9.248052172403526e-09,2.8777741148905396e-08,7.466787562319606e-08,1.617358206763512e-07,3.006335525262027e-07,4.950938064458281e-07,7.399545535313742e-07,1.0154401771223912e-06,1.2800380986991628e-06,1.4833571826512764e-06,1.611135820892398e-06,1.681535193756076e-06,1.7058573516507498e-06,1.6888570572010657e-06,1.6376251126007846e-06,1.5618425487479868e-06,1.471164372984715e-06,1.3735158903452607e-06,1.2746380210635501e-06,1.178315750537224e-06,1.0868281296333051e-06,1.0013905591042319e-06,9.225100336288314e-07,8.502441422088693e-07,7.843796258727281e-07,7.245510250808691e-07,6.703173273297802e-07,6.212101970961873e-07,5.767634079171672e-07,5.36530038092133e-07,5.000918086980415e-07,4.6706344802773e-07,4.3709396650188364e-07,4.0986606537592314e-07,3.8509446890933966e-07,3.6252368589859424e-07,3.419255208640725e-07,3.230965341661968e-07,3.0585557119482694e-07,2.900414295229264e-07,2.755106997278316e-07,2.6213579451182604e-07,2.4980316751946156e-07,2.384117152940156e-07,2.2787135126083304e-07,2.1810173832201896e-07,2.090311657710162e-07,2.005955562666807e-07,1.927375891532048e-07,1.8540592734900985e-07,1.7855453600026304e-07,1.7214208222399592e-07,1.6613140633452104e-07,1.6048905597720245e-07,1.5518487555457472e-07,1.501916442176307e-07,1.4548475648665616e-07,1.4104194028788272e-07,1.3684300782587023e-07,1.3286963528358613e-07,1.2910516782916417e-07,1.2553444686356708e-07,1.2214365681682202e-07,1.1892018912661415e-07,1.1585252136204386e-07,1.1293010967595064e-07,1.1014329301281006e-07,1.074832076912502e-07,1.0494171115159642e-07,1.0251131380634615e-07,1.0018511806541431e-07,9.795676370881375e-08,9.582037890172804e-08,9.377053621136775e-08,9.180221306945647e-08,8.991075619071208e-08,8.809184951867606e-08,8.634148530895624e-08,8.465593802219596e-08,8.303174071546766e-08,8.146566368107376e-08,7.995469509416689e-08,7.849602344893382e-08,7.708702162186988e-08,7.572523237601964e-08,7.440835517476327e-08,7.313423416773594e-08,7.190084723070448e-08,7.070629596888113e-08,6.954879657271525e-08,6.842667145758518e-08,6.733834160622414e-08,6.628231955086816e-08,6.525720293364083e-08,6.426166859042754e-08,6.329446711545742e-08,6.235441785655486e-08,6.144040430681779e-08,6.055136985584893e-08,5.968631387014345e-08,5.88442880699614e-08,5.8024393183312806e-08,5.722577584860922e-08,5.644762574498396e-08,5.568917293647012e-08,5.4949685405213754e-08,5.422846676157371e-08,5.35248541177758e-08,5.283821611058781e-08,5.21679510587462e-08,5.1513485251568334e-08,5.087427134976165e-08,5.024978689478e-08,4.963953291972328e-08,4.9043032648009885e-08,4.8459830279126914e-08,4.788948985453277e-08,4.7331594191394764e-08,4.678574388771938e-08,4.625155638915193e-08,4.572866511262266e-08,4.521671862449855e-08,4.4715379866309814e-08,4.42243254341085e-08,4.374324489288877e-08,4.3271840135748876e-08,4.2809824778959326e-08,4.235692359437852e-08,4.1912871971923364e-08,4.14774154141329e-08,4.1050310373831744e-08,4.0631318673924953e-08,4.0220214455919925e-08,3.9816779259679103e-08,3.9420802516995634e-08,3.903208126441738e-08,3.865041981154409e-08,3.827562942060578e-08,3.790752800201449e-08,3.754593982471815e-08,3.719069524106088e-08,3.6841630429139966e-08,3.6498587141955594e-08,3.616141247383035e-08,3.582995863777115e-08,3.550408275389435e-08,3.518364664644394e-08,3.486851665330365e-08,3.455856344260733e-08,3.425366184135304e-08,3.3953690665544466e-08,3.3658532566995186e-08,3.336807388100687e-08,3.308220448357296e-08,3.280081765493714e-08,3.252380994908177e-08,3.2251081069446416e-08,3.1982533750412345e-08,3.1718073642890906e-08,3.145760920755306e-08,3.120105160981167e-08,3.094831462146802e-08,3.069931452566696e-08,3.04539700270864e-08,3.0212202163446566e-08,2.9973934224718066e-08,2.9739091671347897e-08,2.950760205914995e-08,2.9279394967068276e-08,2.9054401926136142e-08,2.8832556352655042e-08,2.8613793482956333e-08,2.8398050314579235e-08,2.8185265543255472e-08,2.7975379508306747e-08,2.776833413767555e-08,2.7564072894827295e-08,2.7362540729709696e-08,2.7163684029941694e-08,2.696745057085967e-08,2.677378947682948e-08,2.6582651174026938e-08,2.6393987350812566e-08,2.6207750916429554e-08,2.6023895964005598e-08,2.584237773300384e-08,2.5663152573956528e-08,2.5486177914155177e-08,2.53114122247559e-08,2.5138814988970815e-08,2.4968346671189976e-08,2.479996868857105e-08,2.4633643380993424e-08,2.446933398483579e-08,2.4307004605845694e-08,2.414662019413006e-08,2.3988146519169085e-08,2.3831550146238402e-08,2.367679841313658e-08,2.3523859408585047e-08,2.3372701949877075e-08,2.3223295563742537e-08,2.3075610464676695e-08,2.2929617536088106e-08,2.278528831306223e-08,2.2642594962424308e-08,2.2501510265834006e-08,2.2362007603728524e-08,2.2224060938011985e-08,2.2087644796802115e-08,2.195273425874981e-08,2.1819304938819773e-08,2.168733297352937e-08,2.155679500727746e-08,2.142766817879918e-08,2.1299930108328804e-08,2.1173558884906943e-08,2.1048533053961136e-08,2.0924831606282966e-08,2.0802433965567362e-08,2.06813199778095e-08,2.0561469900908774e-08,2.0442864393241295e-08,2.032548450440469e-08,2.020931166545444e-08,2.0094327678441345e-08,1.998051470828438e-08,1.9867855273063153e-08,1.9756332235701253e-08,1.9645928795396703e-08,1.9536628479301533e-08,1.9428415134779827e-08,1.9321272921642417e-08,1.9215186304447984e-08,1.9110140045442962e-08,1.900611919739372e-08,1.8903109096805393e-08,1.8801095357045644e-08,1.8700063861969995e-08,1.8600000759500554e-08,1.8500892455391584e-08,1.8402725607789624e-08,1.83054871208498e-08,1.820916413950669e-08,1.8113744043565797e-08,1.8019214442663087e-08,1.79255631708456e-08,1.783277828184822e-08,1.7740848044370128e-08,1.7649760936172156e-08,1.7559505640511334e-08,1.747007104103137e-08,1.7381446217824894e-08,1.729362044209819e-08,1.7206583174192404e-08,1.712032405733197e-08,1.70348329138198e-08,1.6950099742397612e-08,1.68661147134567e-08,1.6782868165888666e-08,1.670035060293283e-08,1.6618552689709022e-08,1.6537465248863644e-08,1.6457079257186902e-08,1.6377385843478792e-08,1.629837628433555e-08,1.622004200164203e-08,1.614237455859953e-08,1.6065365658370003e-08,1.5989007140112184e-08,1.5913290976397028e-08,1.5838209270950312e-08,1.5763754255305573e-08,1.5689918286671525e-08,1.5616693845307285e-08,1.5544073532175968e-08,1.5472050065982626e-08,1.540061628156055e-08,1.5329765127655687e-08,1.525948966373445e-08,1.5189783058682915e-08,1.512063858858248e-08,1.5052049633624416e-08,1.4984009677760083e-08,1.4916512305415792e-08,1.4849551199607847e-08,1.4783120141590154e-08,1.4717213007364376e-08,1.465182376479285e-08,1.458694647508238e-08,1.4522575289091098e-08,1.4458704445386875e-08,1.4395328269476269e-08,1.4332441171502783e-08,1.427003764514995e-08,1.4208112265862683e-08,1.4146659689521097e-08,1.408567465025561e-08,1.4025151960461262e-08,1.396508650769163e-08,1.3905473254789222e-08,1.3846307237026474e-08,1.3787583562205986e-08,1.3729297408452556e-08,1.3671444023500294e-08,1.3614018722851979e-08,1.355701688932348e-08,1.350043397089876e-08,1.344426548047121e-08,1.3388506994329263e-08,1.3333154150870933e-08,1.3278202649871784e-08,1.3223648251272115e-08,1.316948677369204e-08,1.3115714094472908e-08,1.3062326147590757e-08,1.3009318922836951e-08,1.2956688466165444e-08,1.290443087676967e-08,1.2852542307307638e-08,1.2801018962861079e-08,1.2749857100004668e-08,1.269905302583201e-08,1.2648603097282136e-08,1.2598503720223075e-08,1.2548751348405942e-08,1.2499342483032259e-08,1.245027367256149e-08,1.2401541509681895e-08,1.2353142633021514e-08,1.2305073725618487e-08,1.2257331513581515e-08,1.2209912766043162e-08,1.216281429426741e-08,1.211603295082537e-08,1.2069565629400818e-08,1.2023409263494871e-08,1.1977560826148085e-08,1.1932017328989057e-08,1.1886775822747744e-08,1.1841833394864799e-08,1.1797187170127841e-08,1.1752834309791444e-08,1.170877201080943e-08,1.1664997505695727e-08,1.1621508061533307e-08,1.1578300979540203e-08,1.1535373594943143e-08,1.1492723275772406e-08,1.1450347422882105e-08,1.140824346920857e-08,1.136640887930898e-08,1.1324841148868394e-08,1.12835378043778e-08,1.1242496402427062e-08,1.1201714529434095e-08,1.1161189801024962e-08,1.1120919862177633e-08,1.1080902385329062e-08,1.1041135071724374e-08,1.100161564991326e-08,1.0962341875713986e-08,1.092331153161743e-08,1.0884522426548386e-08,1.084597239540979e-08,1.0807659298681542e-08,1.0769581022084826e-08,1.0731735475947765e-08,1.0694120595813249e-08,1.0656734340653448e-08,1.0619574693457218e-08,1.0582639660670783e-08,1.0545927271808441e-08,1.0509435579180418e-08,1.0473162657612457e-08,1.0437106603819459e-08,1.0401265536557421e-08,1.0365637595978311e-08,1.0330220943428544e-08,1.0295013761049446e-08,1.0260014252044062e-08,1.0225220639311244e-08,1.0190631166084589e-08,1.0156244095273818e-08,1.0122057709298488e-08,1.008807030963815e-08,1.00542802168963e-08,1.0020685770403225e-08,9.987285327461533e-09,9.95407726388861e-09,9.921059973258688e-09,9.888231866951018e-09,9.855591373676095e-09,9.823136939247422e-09,9.790867026697523e-09,9.758780115531637e-09,9.726874701813769e-09,9.69514929797891e-09,9.663602432216688e-09,9.632232648696021e-09,9.601038507568031e-09,9.57001858408049e-09,9.539171468380654e-09,9.508495766272576e-09,9.477990097963229e-09,9.44765309836847e-09,9.417483416799826e-09,9.387479716927729e-09,9.357640676322251e-09,9.327964986369984e-09,9.298451352495125e-09,9.269098493270653e-09,9.23990514073253e-09,9.210870040000882e-09,9.181991949280158e-09,9.153269639563707e-09,9.124701894500827e-09,9.096287510253769e-09,9.068025295365378e-09,9.039914070276892e-09,9.011952667851086e-09,8.984139932730309e-09,8.956474721144743e-09,8.928955900902713e-09,8.901582351331545e-09,8.874352963032285e-09,8.84726663782707e-09,8.820322288224353e-09,8.793518837950123e-09,8.76685522123017e-09,8.740330383290575e-09,8.71394327933447e-09,8.687692875128248e-09,8.66157814672407e-09,8.635598080117992e-09,8.609751671388192e-09,8.584037926376675e-09,8.558455860680905e-09,8.533004499516363e-09,8.507682877574099e-09,8.482490038902908e-09,8.457425036840235e-09,8.432486933840783e-09,8.407674801517677e-09,8.382987720269325e-09,8.358424779440552e-09,8.333985076972877e-09,8.309667719510902e-09,8.285471822140799e-09,8.26139650852129e-09,8.237440910396714e-09,8.213604167951224e-09,8.18988542938591e-09,8.166283850903189e-09,8.142798596684878e-09,8.119428838735509e-09,8.096173756751687e-09,8.073032538172654e-09,8.050004377935515e-09,8.027088478586742e-09,8.004284049940146e-09,7.981590309142169e-09,7.959006480587865e-09,7.936531795855433e-09,7.914165493496867e-09,7.891906819063369e-09,7.86975502508842e-09,7.847709370859329e-09,7.82576912242218e-09,7.803933552485816e-09,7.78220194038823e-09,7.760573571915318e-09,7.739047739381648e-09,7.717623741311834e-09,7.696300882934238e-09,7.675078475271859e-09,7.653955835686027e-09,7.632932287563117e-09,7.612007160581043e-09,7.591179790001604e-09,7.570449517236264e-09,7.549815689461253e-09,7.529277659568227e-09,7.50883478622951e-09,7.488486433792247e-09,7.468231971922026e-09,7.448070776102187e-09,7.428002227161637e-09,7.4080257114171885e-09,7.388140620291499e-09,7.368346350701767e-09,7.348642304759841e-09,7.329027889685951e-09,7.309502517797804e-09,7.290065606768267e-09,7.270716578777951e-09,7.2514548613209636e-09,7.232279886545252e-09,7.213191091864133e-09,7.194187919013931e-09,7.175269814691899e-09,7.156436230438393e-09,7.137686622041086e-09,7.119020450181262e-09,7.100437180050982e-09,7.081936281241163e-09,7.063517228023206e-09,7.045179499152237e-09,7.026922576989611e-09,7.0087459489361475e-09,6.990649106516446e-09,6.972631545471611e-09,6.954692765674163e-09,6.936832271040163e-09,6.919049569873742e-09,6.9013441744171265e-09,6.883715600720278e-09,6.8661633690839964e-09,6.848687003578323e-09,6.831286032207007e-09,6.8139599868282716e-09,6.796708403136115e-09,6.779530820591655e-09,6.762426782401794e-09,6.745395835485679e-09,6.728437530312329e-09,6.711551421129782e-09,6.6947370657157875e-09,6.6779940254387114e-09,6.66132186507457e-09,6.644720153007073e-09,6.628188461011568e-09,6.611726364353636e-09,6.59533344155424e-09,6.579009274528396e-09,6.5627534485330975e-09,6.546565552029143e-09,6.530445176983398e-09,6.514391918320672e-09,6.49840537421931e-09,6.4824851460103165e-09,6.466630838086739e-09,6.450842058185666e-09,6.435118416852404e-09,6.419459527816392e-09,6.403865007636335e-09,6.388334475985405e-09,6.37286755553363e-09,6.357463871718384e-09,6.3421230528954375e-09,6.326844730492774e-09,6.3116285385198965e-09,6.296474113840226e-09,6.281381096329557e-09,6.266349128417727e-09,6.251377855128499e-09,6.236466924485717e-09,6.221615986978762e-09,6.206824695991219e-09,6.192092707220913e-09,6.177419679230964e-09,6.162805272947145e-09,6.148249152088619e-09,6.133750982761601e-09,6.1193104335309024e-09,6.104927175551293e-09,6.090600882418377e-09,6.076331230121307e-09,6.062117897107258e-09,6.047960564221593e-09,6.033858914652435e-09,6.01981263393805e-09,6.005821409976261e-09,5.991884932951568e-09,5.97800289531198e-09,5.964174991766931e-09,5.950400919350957e-09,5.936680377256772e-09,5.923013066896719e-09,5.909398691856993e-09,5.895836957877927e-09,5.8823275728657276e-09,5.8688702468360915e-09,5.855464691917258e-09,5.842110622350647e-09,5.828807754389371e-09,5.8155558063231204e-09,5.802354498598504e-09,5.789203553560521e-09,5.776102695571317e-09,5.763051650982344e-09,5.750050148110901e-09,5.737097917184656e-09,5.724194690391839e-09,5.711340201807178e-09,5.698534187390963e-09,5.685776385094546e-09,5.673066534453229e-09,5.660404377058458e-09,5.647789656321168e-09,5.63522211741102e-09,5.622701507312514e-09,5.610227574767519e-09,5.5978000703891235e-09,5.585418746241176e-09,5.573083356416564e-09,5.560793656629018e-09,5.548549404284882e-09,5.536350358495854e-09,5.524196280020758e-09,5.512086931289785e-09,5.500022076415366e-09,5.488001481058439e-09,5.476024912551622e-09,5.464092139828555e-09,5.452202933398274e-09,5.440357065353638e-09,5.4285543093385055e-09,5.416794440548633e-09,5.4050772356685575e-09,5.393402473070211e-09,5.381769932473894e-09,5.370179395042501e-09,5.35863064365862e-09,5.3471234624932036e-09,5.335657637208572e-09,5.324232954936224e-09,5.3128492042247986e-09,5.301506175079284e-09,5.290203658863873e-09,5.278941448379152e-09,5.2677193378506874e-09,5.256537122791751e-09,5.245394600086633e-09,5.234291568098931e-09,5.223227826416321e-09,5.212203175959228e-09,5.201217419029269e-09,5.190270359176412e-09,5.1793618013035605e-09,5.168491551588518e-09,5.1576594174263955e-09,5.146865207552081e-09,5.136108731945351e-09,5.1253898017971365e-09,5.114708229569138e-09,5.104063828925772e-09,5.093456414771952e-09,5.082885803207775e-09,5.072351811529298e-09,5.0618542582210825e-09,5.051392962944648e-09,5.0409677465241365e-09,5.030578430960667e-09,5.020224839386635e-09,5.009906796079159e-09,4.9996241264517316e-09,4.989376657035593e-09,4.97916421547383e-09,4.968986630530882e-09,4.958843731928314e-09,4.948735350819651e-09,4.93866131904955e-09,4.928621469809659e-09,4.91861563704763e-09,4.908643656223181e-09,4.898705363474597e-09,4.88880059606378e-09,4.8789291922868576e-09,4.869090991467404e-09,4.859285833967294e-09,4.849513561132243e-09,4.83977401526762e-09,4.830067039716487e-09,4.82039247879692e-09,4.810750177790874e-09,4.801139982945845e-09,4.791561741441056e-09,4.782015301494963e-09,4.7725005121286875e-09,4.763017223445811e-09,4.753565286405836e-09,4.744144552938755e-09,4.734754875819066e-09,4.725396108730153e-09,4.716068106336024e-09,4.706770724135654e-09,4.69750381859103e-09,4.688267246842345e-09,4.679060867116101e-09,4.6698845384539676e-09,4.660738120691024e-09,4.6516214745914586e-09,4.642534461746322e-09,4.633476944578661e-09,4.624448786368321e-09,4.615449851165631e-09,4.606480003927495e-09,4.597539110340403e-09,4.588627036970062e-09,4.579743651158467e-09,4.570888821047013e-09,4.562062415576617e-09,4.553264304474695e-09,4.544494358227683e-09,4.5357524481281165e-09,4.527038446223622e-09,4.518352225337836e-09,4.509693659028752e-09,4.501062621632216e-09,4.492458988187239e-09,4.4838826345124365e-09,4.475333437168196e-09,4.466811273421445e-09,4.4583160212792725e-09,4.4498475594568875e-09,4.441405767387624e-09,4.432990525198156e-09,4.424601713720053e-09,4.4162392145995804e-09,4.407902909878433e-09,4.3995926827686455e-09,4.3913084167409884e-09,4.383049996093514e-09,4.3748173057941305e-09,4.36661023147719e-09,4.358428659449344e-09,4.3502724766774856e-09,4.342141570756416e-09,4.3340358299631875e-09,4.325955143224081e-09,4.31789940004576e-09,4.309868490680071e-09,4.301862305868758e-09,4.29388073714863e-09,4.285923676548383e-09,4.277991016794317e-09,4.270082651080038e-09,4.26219847341416e-09,4.2543383782751376e-09,4.246502260826517e-09,4.2386900167446175e-09,4.230901542334972e-09,4.223136734536477e-09,4.215395490794285e-09,4.207677709182364e-09,4.1999832883400414e-09,4.192312127563538e-09,4.184664126449043e-09,4.17703918543287e-09,4.169437205433315e-09,4.161858087879854e-09,4.15430173482345e-09,4.14676804877038e-09,4.139256932847374e-09,4.131768290707622e-09,4.124302026546359e-09,4.116858045054469e-09,4.109436251514891e-09,4.102036551681451e-09,4.094658851869502e-09,4.087303058855918e-09,4.079969079992645e-09,4.072656823117342e-09,4.065366196599053e-09,4.05809710932097e-09,4.050849470615447e-09,4.043623190319113e-09,4.036418178706425e-09,4.029234346738747e-09,4.02207160564018e-09,4.0149298673655145e-09,4.007809044153608e-09,4.000709048763264e-09,3.993629794449242e-09,3.986571194949467e-09,3.979533164430825e-09,3.9725156175662785e-09,3.965518469472596e-09,3.958541635726135e-09,3.951585032367415e-09,3.944648575878999e-09,3.9377321831987426e-09,3.930835771680759e-09,3.923959259129822e-09,3.917102563965105e-09,3.910265604790471e-09,3.903448300755914e-09,3.896650571437391e-09,3.8898723368634085e-09,3.8831135174467e-09,3.876374034065995e-09,3.869653807974904e-09,3.862952760869515e-09,3.856270814840262e-09,3.849607892473671e-09,3.842963916683433e-09,3.8363388107923405e-09,3.829732498557901e-09,3.823144904132279e-09,3.81657595205507e-09,3.8100255672805985e-09,3.803493675195885e-09,3.796980201466173e-09,3.790485072320639e-09,3.784008214096184e-09,3.777549553758035e-09,3.771109018615006e-09,3.764686536301982e-09,3.7582820348766554e-09,3.751895442654159e-09,3.745526688513107e-09,3.739175701579598e-09,3.732842411353993e-09,3.7265267477118585e-09,3.7202286408889497e-09,3.713948021501404e-09,3.707684820517457e-09,3.7014389692396144e-09,3.695210399341223e-09,3.6889990428495986e-09,3.6828048321045253e-09,3.6766276998795303e-09,3.670467579197105e-09,3.6643244034640167e-09,3.6581981064644966e-09,3.652088622211144e-09,3.645995885153701e-09,3.6399198300294214e-09,3.63386039194367e-09,3.6278175062967797e-09,3.6217911088564492e-09,3.6157811356793687e-09,3.6097875230967793e-09,3.6038102079113004e-09,3.5978491271145248e-09,1.9495356265270016e-09,1.8180364234199928e-09,1.9444609113577676e-09,2.105950429397892e-09,2.266997789882263e-09,2.4219463678759156e-09,2.5698480233717996e-09,2.710539703153144e-09,2.8440292738633706e-09,2.9703946188236884e-09,3.0897621956206827e-09,3.2022979788056324e-09,3.3082005308073278e-09,3.4076947127705806e-09,3.501025879942809e-09,3.5884545837950832e-09,3.67025181066548e-09,3.746694768950616e-09,3.818063219553586e-09,3.8846363307155955e-09,3.946690027873929e-09,4.0044948025863485e-09,4.058313939681206e-09,4.108402120388934e-09,4.155004358403492e-09,4.198355227181668e-09,4.238678338619759e-09,4.276186035934799e-09,4.3110792667332295e-09,4.343547605307928e-09,4.373769396863079e-09,4.401911999166308e-09,4.428132100628121e-09,4.452576096486684e-09,4.475380507483815e-09,4.496672427860867e-09,4.516569991604359e-09,4.535182847944226e-09,4.552612638494596e-09,4.568953470102442e-09,4.584292378641146e-09,4.598709780257955e-09,4.612279906953659e-09,4.62507122476726e-09,4.637146833063376e-09,4.6485648440640934e-09,4.659378742208796e-09,4.669637723149085e-09,4.6793870127528745e-09,4.688668166235702e-09,4.697519348190576e-09,4.705975594035592e-09,4.714069053652951e-09,4.721829218243989e-09,4.729283130881687e-09,4.736455581921316e-09,4.743369290019618e-09,4.750045069632463e-09,4.75650198595364e-09,4.762757497800992e-09,4.768827589656285e-09,4.7747268933080075e-09,4.780468799928715e-09,4.786065563287509e-09,4.791528394668044e-09,4.7968675502049496e-09,4.802092411118588e-09,4.807211557437371e-09,4.812232835677754e-09,4.817163420981139e-09,4.822009874112353e-09,4.8267781937320674e-09,4.8314738643339e-09,4.836101900158769e-09,4.840666885502415e-09,4.845173011525585e-09,4.8496241100151676e-09,4.8540236843497164e-09,4.8583749377952495e-09,4.862680799365527e-09,4.866943947553427e-09,4.871166831983518e-09,4.875351693256083e-09,4.879500581056168e-09,4.883615370756157e-09,4.887697778558768e-09,4.8917493753285925e-09,4.895771599268121e-09,4.8997657674785354e-09,4.903733086526282e-09,4.907674662092598e-09,4.911591507796051e-09,4.915484553243797e-09,4.919354651351057e-09,4.9232025851008465e-09,4.927029073663288e-09,4.930834777978662e-09,4.934620305817686e-09,4.938386216534318e-09,4.942133025254765e-09,4.945861206774971e-09,4.949571199074621e-09,4.9532634066401594e-09,4.956938203270454e-09,4.960595934864708e-09,4.964236921836161e-09,4.967861461354526e-09,4.971469829390973e-09,4.97506228256272e-09,4.9786390598339915e-09,4.9822003840606735e-09,4.985746463399162e-09,4.989277492589064e-09,4.992793654122361e-09,4.9962951193038936e-09,4.999782049236818e-09,5.0032545956953234e-09,5.006712901938989e-09,5.01015710344549e-09,5.0135873285746286e-09,5.017003699188962e-09,5.020406331206748e-09,5.023795335100505e-09,5.027170816370101e-09,5.0305328759545185e-09,5.033881610620425e-09,5.037217113303412e-09,5.040539473438276e-09,5.043848777230936e-09,5.047145107940619e-09,5.050428546099402e-09,5.0536991697551254e-09,5.056957054652469e-09,5.060202274416255e-09,5.0634349007184304e-09,5.066655003438965e-09,5.069862650796985e-09,5.073057909455949e-09,5.0762408446722125e-09,5.079411520392116e-09,5.082569999265976e-09,5.085716342876886e-09,5.088850611727965e-09,5.091972865325198e-09,5.0950831622489835e-09,5.0981815602193395e-09,5.101268116137046e-09,5.104342886143413e-09,5.107405925664652e-09,5.110457289450979e-09,5.11349703161714e-09,5.116525205671177e-09,5.119541864550191e-09,5.1225470606476865e-09,5.125540845842281e-09,5.128523271518564e-09,5.131494388590236e-09,5.1344542475060495e-09,5.137402898313344e-09,5.140340390643325e-09,5.1432667736829485e-09,5.146182096288065e-09,5.14908640690788e-09,5.151979753638199e-09,5.154862184233043e-09,5.157733746114201e-09,5.16059448634585e-09,5.163444451702598e-09,5.166283688635778e-09,5.169112243293362e-09,5.171930161525258e-09,5.1747374888902215e-09,5.177534270663367e-09,5.180320551837079e-09,5.18309637713902e-09,5.1858617910173974e-09,5.188616837650138e-09,5.191361560982487e-09,5.194096004681764e-09,5.196820212174966e-09,5.19953422661855e-09,5.2022380909570786e-09,5.204931847858378e-09,5.207615539762198e-09,5.210289208856899e-09,5.21295289715594e-09,5.2156066464315814e-09,5.218250498184076e-09,5.2208844937011764e-09,5.223508674047288e-09,5.226123080082371e-09,5.2287277524324934e-09,5.231322731530606e-09,5.233908057543718e-09,5.236483770483652e-09,5.239049910124081e-09,5.2416065160343736e-09,5.244153627545084e-09,5.246691283879492e-09,5.249219523960326e-09,5.251738386537859e-09,5.254247910165238e-09,5.256748133197239e-09,5.259239093791504e-09,5.261720829910335e-09,5.264193379320132e-09,5.266656779597971e-09,5.269111068125899e-09,5.27155628209481e-09,5.2739924585147944e-09,5.276419634207998e-09,5.278837845800258e-09,5.281247129750169e-09,5.2836475223196876e-09,5.28603905959361e-09,5.2884217774777905e-09,5.290795711704542e-09,5.293160897808386e-09,5.295517371158942e-09,5.2978651669691526e-09,5.300204320269101e-09,5.30253486587429e-09,5.304856838477273e-09,5.307170272586883e-09,5.3094752025363375e-09,5.311771662495512e-09,5.314059686464855e-09,5.316339308279084e-09,5.3186105616126756e-09,5.320873479961341e-09,5.323128096675272e-09,5.325374444927443e-09,5.327612557742806e-09,5.329842467980784e-09,5.332064208342634e-09,5.334277811371827e-09,5.336483309453343e-09,5.338680734820745e-09,5.340870119550474e-09,5.343051495564986e-09,5.345224894632256e-09,5.347390348366383e-09,5.349547888241883e-09,5.3516975455775765e-09,5.3538393515329075e-09,5.355973337131365e-09,5.358099533242602e-09,5.360217970601674e-09,5.36232867978592e-09,5.364431691232518e-09,5.3665270352438555e-09,5.36861474195811e-09,5.370694841389476e-09,5.372767363398652e-09,5.3748323377228436e-09,5.376889793949508e-09,5.3789397615333085e-09,5.380982269782906e-09,5.3830173478780045e-09,5.385045024858478e-09,5.387065329628438e-09,5.389078290960514e-09,5.391083937498204e-09,5.393082297704989e-09,5.395073400053115e-09,5.397057272711312e-09,5.399033943812146e-09,5.4010034413393505e-09,5.4029657931391054e-09,5.404921026952978e-09,5.4068691703765005e-09,5.408810250883423e-09,5.410744295820645e-09,5.412671332414433e-09,5.414591387761088e-09,5.416504488839684e-09,5.418410662491504e-09,5.420309935470598e-09,5.422202334377894e-09,5.424087885701434e-09,5.425966615818012e-09,5.42783855096648e-09,5.429703717283234e-09,5.4315621407901815e-09,5.433413847373387e-09,5.4352588628183474e-09,5.437097212791304e-09,5.438928922853682e-09,5.440754018417939e-09,5.442572524817656e-09,5.444384467261781e-09,5.446189870847392e-09,5.447988760557776e-09,5.4497811612660615e-09,5.451567097735627e-09,5.453346594618698e-09,5.455119676459276e-09,5.45688636769144e-09,5.4586466926418175e-09,5.4604006755292844e-09,5.462148340465689e-09,5.463889711456255e-09,5.465624812403217e-09,5.4673536670983225e-09,5.46907629923425e-09,5.4707927324085145e-09,5.472502990080499e-09,5.474207095641409e-09,5.475905072369482e-09,5.477596943443002e-09,5.479282731930386e-09,5.480962460810126e-09,5.482636152969968e-09,5.484303831167526e-09,5.485965518102995e-09,5.4876212363050995e-09,5.489271008282891e-09,5.490914856413994e-09,5.492552802987111e-09,5.4941848701922146e-09,5.495811080121926e-09,5.4974314547671094e-09,5.499046016044755e-09,5.500654785748006e-09,5.502257785607732e-09,5.503855037241724e-09,5.505446562176923e-09,5.507032381851033e-09,5.508612517610076e-09,5.510186990708237e-09,5.511755822302042e-09,5.5133190334695485e-09,5.514876645193852e-09,5.516428678369213e-09,5.517975153802017e-09,5.5195160922068415e-09,5.521051514212185e-09,5.5225814403590055e-09,5.524105891104928e-09,5.525624886812032e-09,5.5271384477617005e-09,5.528646594147948e-09,5.5301493461135764e-09,5.5316467236290075e-09,5.533138746658632e-09,5.534625435063913e-09,5.53610680865299e-09,5.537582887047303e-09,5.539053689889292e-09,5.54051923670215e-09,5.541979546931802e-09,5.5434346399429354e-09,5.5448845350172815e-09,5.546329251351936e-09,5.547768808077023e-09,5.549203224224483e-09,5.5506325187545286e-09,5.552056710560228e-09,5.5534758184708914e-09,5.5548898611594874e-09,5.556298857300485e-09,5.557702825465651e-09,5.559101784163569e-09,5.560495751799455e-09,5.561884746699291e-09,5.563268787145655e-09,5.5646478913225345e-09,5.566022077360535e-09,5.567391363292988e-09,5.5687557670918196e-09,5.570115306637744e-09,5.571469999760462e-09,5.572819864166132e-09,5.574164917600991e-09,5.575505177631418e-09,5.576840661786448e-09,5.57817138753257e-09,5.579497372234497e-09,5.580818633224019e-09,5.582135187741894e-09,5.583447052972166e-09,5.584754245994047e-09,5.5860567838588585e-09,5.587354683529153e-09,5.58864796190133e-09,5.5899366358027265e-09,5.591220722003977e-09,5.5925002371513344e-09,5.593775197926325e-09,5.595045620863004e-09,5.59631152244127e-09,5.59757291909897e-09,5.5988298271850804e-09,5.600082262978735e-09,5.601330242740031e-09,5.602573782595455e-09,5.6038128986469286e-09,5.605047606927778e-09,5.606277923403188e-09,5.607503863975421e-09,5.608725444479276e-09,5.609942680690462e-09,5.611155588317111e-09,5.612364183008364e-09,5.613568480347391e-09,5.614768495859748e-09,5.615964245020037e-09,5.6171557431980524e-09,5.618343005743922e-09,5.619526047935576e-09,5.620704884989931e-09,5.621879532064257e-09,5.62305000424987e-09,5.6242163165826385e-09,5.625378484037406e-09,5.626536521528129e-09,5.62769044391314e-09,5.628840265990068e-09,5.629986002497478e-09,5.631127668118211e-09,5.632265277473354e-09,5.633398845127538e-09,5.634528385585189e-09,5.63565391330358e-09,5.636775442673164e-09,5.637892988046712e-09,5.639006563683186e-09,5.640116183788656e-09,5.641221862547397e-09,5.642323614075884e-09,5.643421452441443e-09,5.644515391635564e-09,5.645605445606968e-09,5.64669162823511e-09,5.647773953379064e-09,5.648852434811081e-09,5.649927086261298e-09,5.650997921405907e-09,5.652064953866491e-09,5.6531281972199954e-09,5.654187664973353e-09,5.655243370588942e-09,5.6562953274811785e-09,5.657343549009002e-09,5.658388048480155e-09,5.659428839149809e-09,5.660465934221068e-09,5.661499346848918e-09,5.662529090158224e-09,5.663555177147063e-09,5.664577620842076e-09,5.665596434190407e-09,5.666611630099563e-09,5.667623221424608e-09,5.668631220947886e-09,5.669635641413409e-09,5.670636495535821e-09,5.671633795975131e-09,5.672627555314992e-09,5.673617786116671e-09,5.674604500911306e-09,5.675587712133182e-09,5.6765674322089005e-09,5.677543673481098e-09,5.678516448275835e-09,5.679485768854902e-09,5.680451647442735e-09,5.681414096216768e-09,5.6823731272988535e-09,5.683328752767397e-09,5.6842809846648896e-09,5.685229834975662e-09,5.686175315642516e-09,5.687117438557385e-09,5.688056215577756e-09,5.6889916585067315e-09,5.6899237791112615e-09,5.690852589103107e-09,5.691778100182001e-09,5.692700323916923e-09,5.693619271922069e-09,5.694534955785612e-09,5.6954473869162115e-09,5.696356576792974e-09,5.697262536841061e-09,5.69816527839208e-09,5.699064812789244e-09,5.699961151309984e-09,5.700854305191113e-09,5.701744285624663e-09,5.7026311037617e-09,5.703514770699189e-09,5.7043952975161475e-09,5.7052726952451455e-09,5.706146974856802e-09,5.707018147294244e-09,5.707886223472652e-09,5.708751214226543e-09,5.709613130380084e-09,5.7104719827168166e-09,5.711327781964091e-09,5.712180538822677e-09,5.71303026395674e-09,5.713876967975686e-09,5.714720661435776e-09,5.715561354892957e-09,5.7163990588410895e-09,5.717233783736981e-09,5.718065539998471e-09,5.7188943380043285e-09,5.719720188094201e-09,5.720543100569194e-09,5.721363085691595e-09,5.722180153685366e-09,5.722994314736708e-09,5.723805578993043e-09,5.724613956564185e-09,5.725419457521993e-09,5.726222091900959e-09,5.727021869697942e-09,5.7278188008726195e-09,5.728612895347398e-09,5.72940416300795e-09,5.730192613702738e-09,5.730978257243807e-09,5.731761103406683e-09,5.732541161930519e-09,5.7333184425181734e-09,5.734092954835975e-09,5.734864708515917e-09,5.735633713157831e-09,5.736399978310724e-09,5.737163513503973e-09,5.737924328226512e-09,5.7386824319318184e-09,5.739437834037715e-09,5.740190543928473e-09,5.740940570953084e-09,5.741687924426351e-09,5.742432613627406e-09,5.74317464780247e-09,5.743914036162662e-09,5.744650787886432e-09,5.745384912115653e-09,5.746116417963505e-09,5.746845314500676e-09,5.747571610772999e-09,5.748295315789413e-09,5.749016438526438e-09,5.749734987927976e-09,5.75045097290363e-09,5.7511644023306045e-09,5.75187528505291e-09,5.752583629884599e-09,5.75328944560679e-09,5.753992740962853e-09,5.754693524670616e-09,5.755391805414413e-09,5.756087591847129e-09,5.756780892586739e-09,5.757471716220774e-09,5.7581600713073494e-09,5.758845966371076e-09,5.759529409907152e-09,5.760210410378327e-09,5.760888976217056e-09,5.761565115822732e-09,5.76223883756856e-09,5.762910149790166e-09,5.7635790608055184e-09,5.7642455788845176e-09,5.764909712287422e-09,5.7655714692260134e-09,5.766230857893253e-09,5.7668878864432016e-09,5.7675425630098864e-09,5.768194895692584e-09,5.768844892560299e-09,5.7694925616530145e-09,5.770137910987745e-09,5.770780948542039e-09,5.77142168227875e-09,5.772060120109166e-09,5.772696269934642e-09,5.773330139622996e-09,5.773961737011309e-09,5.774591069912847e-09,5.775218146106463e-09,5.775842973348048e-09,5.776465559363602e-09,5.777085911849723e-09,5.777704038475895e-09,5.778319946884388e-09,5.778933644687603e-09,5.779545139473973e-09,5.780154438805618e-09,5.780761550216584e-09,5.7813664812042305e-09,5.781969239245474e-09,5.782569831795701e-09,5.783168266295632e-09,5.783764550110772e-09,5.7843586906268865e-09,5.784950695177613e-09,5.7855405710860535e-09,5.786128325634762e-09,5.786713966110338e-09,5.787297499739418e-09,5.787878933733443e-09,5.788458275279642e-09,5.789035531540012e-09,5.789610709654604e-09,5.790183816718295e-09,5.7907548598190615e-09,5.791323846015234e-09,5.791890782328566e-09,5.792455675777344e-09,5.793018533346437e-09,5.79357936198788e-09,5.794138168637629e-09,5.7946949602107285e-09,5.795249743588087e-09,5.7958025256479634e-09,5.7963533132001e-09,5.796902113071593e-09,5.7974489320241276e-09,5.797993776818235e-09,5.798536654194091e-09,5.799077570863521e-09,5.7996165335144575e-09,5.800153548810329e-09,5.800688623392871e-09,5.801221763879063e-09,5.8017529768568135e-09,5.80228226889698e-09,5.802809646554043e-09,5.803335116341039e-09,5.803858684761982e-09,5.804380358274599e-09,5.804900143369327e-09,5.8054180464462185e-09,5.805934073922248e-09,5.806448232196879e-09,5.8069605276180595e-09,5.807470966525015e-09,5.80797955523416e-09,5.8084863000416206e-09,5.808991207196725e-09,5.809494282989329e-09,5.809995533626394e-09,5.810494965312808e-09,5.810992584231501e-09,5.811488396543664e-09,5.811982408388073e-09,5.81247462588223e-09,5.8129650551220216e-09,5.813453702181018e-09,5.813940573111984e-09,5.814425673948566e-09,5.8149090106973845e-09,5.815390589348105e-09,5.815870415868299e-09,5.816348496201017e-09,5.816824836275143e-09,5.81729944199143e-09,5.817772319229362e-09,5.818243473855704e-09,5.818712911719114e-09,5.819180638633883e-09,5.819646660392643e-09,5.8201109827836426e-09,5.8205736115647635e-09,5.821034552477659e-09,5.821493811239293e-09,5.821951393533595e-09,5.822407305066663e-09,5.822861551484181e-09,5.823314138426651e-09,5.823765071508198e-09,5.82421435633234e-09,5.8246619984771934e-09,5.8251080035023255e-09,5.825552376944326e-09,5.825995124328324e-09,5.826436251153409e-09,5.826875762898564e-09,5.827313665030901e-09,5.827749962988821e-09,5.8281846622011955e-09,5.828617768070459e-09,5.829049285981859e-09,5.8294792213013584e-09,5.829907579379074e-09,5.830334365544461e-09,5.830759585107918e-09,5.8311832433634786e-09,5.831605345580377e-09,5.83202589701547e-09,5.832444902907491e-09,5.832862368470925e-09,5.8332782989186295e-09,5.83369269941386e-09,5.8341055751252e-09,5.834516931201033e-09,5.834926772768065e-09,5.835335104931105e-09,5.835741932791213e-09,5.836147261410693e-09,5.836551095858969e-09,5.8369534411806835e-09,5.837354302370035e-09,5.837753684445277e-09,5.838151592389903e-09,5.838548031170635e-09,5.838943005740769e-09,5.839336521033098e-09,5.83972858196637e-09,5.8401191934361494e-09,5.840508360324463e-09,5.840896087498069e-09,5.8412823798051876e-09,5.84166724207589e-09,5.842050679126875e-09,5.842432695752667e-09,5.84281329673476e-09,5.843192486838064e-09,5.8435702708102185e-09,5.843946653380316e-09,5.844321639273222e-09,5.844695233168012e-09,5.845067439759136e-09,5.845438263709195e-09,5.845807709672534e-09,5.846175782271571e-09,5.846542486129399e-09,5.846907825845291e-09,5.847271806006059e-09,5.847634431179014e-09,5.847995705918469e-09,5.8483556347622815e-09,5.8487142222296e-09,5.849071472826152e-09,5.8494273910367715e-09,5.849781981347172e-09,5.850135248213347e-09,5.850487196071035e-09,5.850837829356116e-09,5.8511871524834765e-09,5.851535169846848e-09,5.851881885827097e-09,5.852227304793426e-09,5.852571431105882e-09,5.85291426908424e-09,5.8532558230689655e-09,5.853596097333999e-09,5.853935096201881e-09,5.854272823940834e-09,5.854609284813444e-09,5.8549444830663545e-09,5.855278422926546e-09,5.855611108624462e-09,5.855942544357478e-09,5.856272734314587e-09,5.856601682670345e-09,5.85692939358486e-09,5.857255871203793e-09,5.857581119652543e-09,5.857905143055404e-09,5.858227945520929e-09,5.858549531129106e-09,5.858869903979856e-09,5.859189068085882e-09,5.8595070275190616e-09,5.85982378631434e-09,5.8601393484833046e-09,5.860453718043502e-09,5.8607668989676385e-09,5.861078895255457e-09,5.861389710855051e-09,5.861699349707064e-09,5.862007815759376e-09,5.8623151129341966e-09,5.862621245138499e-09,5.862926216272314e-09,5.863230030218347e-09,5.863532690835855e-09,5.863834201991825e-09,5.8641345675259565e-09,5.864433791266756e-09,5.864731877026242e-09,5.865028828609473e-09,5.86532464980595e-09,5.86561934439377e-09,5.865912916141719e-09,5.866205368789653e-09,5.866496706080436e-09,5.866786931739114e-09,5.867076049463857e-09,5.867364062967161e-09,5.867650975950122e-09,5.867936792075604e-09,5.8682215150008975e-09,5.868505148379349e-09,5.868787695844231e-09,5.869069161038982e-09,5.8693495475221284e-09,5.869628858944962e-09,5.869907098873271e-09,5.870184270884338e-09,5.870460378542728e-09,5.87073542539494e-09,5.8710094149755e-09,5.871282350819305e-09,5.87155423644702e-09,5.8718250753474105e-09,5.872094871001882e-09,5.8723636268809435e-09,5.872631346484509e-09,5.8728980332536e-09,5.8731636906192135e-09,5.873428322018879e-09,5.873691930869603e-09,5.8739545205794e-09,5.874216094544848e-09,5.874476656144933e-09,5.874736208754461e-09,5.874994755733315e-09,5.875252300430058e-09,5.87550884618416e-09,5.87576439631846e-09,5.8760189541515924e-09,5.8762725229851125e-09,5.876525106119017e-09,5.876776706806399e-09,5.87702732834978e-09,5.877276973995248e-09,5.877525646987528e-09,5.877773350566705e-09,5.878020087957522e-09,5.878265862373077e-09,5.878510677034303e-09,5.878754535097735e-09,5.878997439764717e-09,5.8792393942049615e-09,5.879480401577996e-09,5.879720465030989e-09,5.879959587706669e-09,5.880197772730432e-09,5.880435023217094e-09,5.88067134227653e-09,5.880906733001978e-09,5.881141198480038e-09,5.881374741785863e-09,5.8816073659831816e-09,5.8818390741272076e-09,5.882069869257167e-09,5.882299754406256e-09,5.882528732621023e-09,5.8827568068715745e-09,5.882983980183769e-09,5.883210255541852e-09,5.883435635938627e-09,5.883660124339943e-09,5.883883723707793e-09,5.884106436993301e-09,5.884328267138386e-09,5.8845492170746395e-09,5.8847692897237304e-09,5.884988487996078e-09,5.8852068147949905e-09,5.885424273010637e-09,5.885640865525933e-09,5.885856595216086e-09,5.8860714649378075e-09,5.886285477547711e-09,5.886498635886712e-09,5.886710942798694e-09,5.886922401089026e-09,5.887133013581324e-09,5.887342783075499e-09,5.887551712376103e-09,5.88775980426775e-09,5.8879670615196015e-09,5.888173486906618e-09,5.8883790831772925e-09,5.8885838530920346e-09,5.888787799381826e-09,5.888990924771274e-09,5.889193231989395e-09,5.889394723737079e-09,5.889595402722195e-09,5.889795271637484e-09,5.8899943331619156e-09,5.8901925899800894e-09,5.890390044753026e-09,5.890586700136938e-09,5.8907825587780065e-09,5.8909776233157895e-09,5.891171896383364e-09,5.891365380594304e-09,5.891558078563571e-09,5.891749992901118e-09,5.891941126187336e-09,5.892131481014561e-09,5.892321059956185e-09,5.892509865586847e-09,5.8926979004623665e-09,5.892885167133782e-09,5.893071668142333e-09,5.893257406021192e-09,5.89344238329668e-09,5.89362660248392e-09,5.893810066072639e-09,5.893992776599017e-09,5.894174736535333e-09,5.894355948364109e-09,5.894536414559371e-09,5.894716137584805e-09,5.894895119902174e-09,5.895073363958155e-09,5.895250872193641e-09,5.895427647041623e-09,5.895603690926103e-09,5.895779006263732e-09,5.895953595462409e-09,5.896127460921831e-09,5.8963006050330195e-09,5.896473030181712e-09,5.896644738742798e-09,5.896815733084038e-09,5.896986015564587e-09,5.897155588541403e-09,5.8973244543500426e-09,5.897492615330023e-09,5.8976600738103725e-09,5.897826832110948e-09,5.897992892543616e-09,5.89815825741294e-09,5.898322929016181e-09,5.898486909642595e-09,5.898650201573521e-09,5.898812807083287e-09,5.8989747284374675e-09,5.899135967894479e-09,5.8992965277049635e-09,5.899456410111868e-09,5.899615617352626e-09,5.899774151654812e-09,5.899932015239281e-09,5.900089210319364e-09,5.900245739100239e-09,5.900401603780268e-09,5.900556806550996e-09,5.900711349596253e-09,5.900865235091987e-09,5.901018465196131e-09,5.901171042091207e-09,5.901322967923265e-09,5.901474244837885e-09,5.90162487497534e-09,5.901774860468312e-09,5.901924203442588e-09,5.902072906016836e-09,5.9022209703028055e-09,5.902368398403926e-09,5.902515192417838e-09,5.902661354433915e-09,5.902806886535569e-09,5.90295179080044e-09,5.90309606929543e-09,5.903239724084195e-09,5.9033827572217355e-09,5.9035251707570125e-09,5.903666966731695e-09,5.903808147179544e-09,5.9039487141275125e-09,5.904088669599397e-09,5.904228015607797e-09,5.9043667541609804e-09,5.904504887259492e-09,5.904642416896329e-09,5.904779345060401e-09,5.904915673730745e-09,5.905051404883098e-09,5.9051865404852405e-09,5.905321082497034e-09,5.905455032873077e-09,5.905588393561827e-09,5.905721166503774e-09,5.905853353634024e-09,5.905984956881107e-09,5.906115978166146e-09,5.906246419404017e-09,5.906376282505144e-09,5.9065055693715855e-09,5.906634281899116e-09,5.906762421977813e-09,5.906889991491141e-09,5.907016992316545e-09,5.907143426324657e-09,5.907269295380293e-09,5.907394601341771e-09,5.907519346061552e-09,5.907643531384625e-09,5.907767159152784e-09,5.907890231198302e-09,5.908012749349263e-09,5.9081347154261274e-09,5.90825613124572e-09,5.908376998616656e-09,5.908497319342178e-09,5.908617095219535e-09,5.908736328039794e-09,5.908855019587475e-09,5.908973171642507e-09,5.909090785978998e-09,5.909207864364447e-09,5.909324408558176e-09,5.9094404203177495e-09,5.909555901391835e-09,5.909670853524664e-09,5.909785278454268e-09,5.90989917791324e-09,5.9100125536270814e-09,5.910125407318022e-09,5.910237740698414e-09,5.910349555479907e-09,5.910460853364964e-09,5.910571636050885e-09,5.910681905231109e-09,5.910791662591666e-09,5.910900909813272e-09,5.911009648570711e-09,5.911117880531547e-09,5.91122560736564e-09,5.911332830727334e-09,5.911439552271012e-09,5.91154577364402e-09,5.911651496488101e-09,5.911756722440507e-09,5.911861453131276e-09,5.911965690186486e-09,5.912069435226273e-09,5.912172689865794e-09,5.912275455714696e-09,5.912377734376111e-09,5.912479527448887e-09,5.912580836527663e-09,5.9126816631990696e-09,5.912782009046344e-09,5.912881875647768e-09,5.9129812645746796e-09,5.91308017739596e-09,5.913178615671618e-09,5.913276580960641e-09,5.9133740748089886e-09,5.913471098765761e-09,5.913567654372197e-09,5.91366374316507e-09,5.913759366673585e-09,5.91385452642511e-09,5.913949223939712e-09,5.9140434607325955e-09,5.914137238315376e-09,5.91423055819347e-09,5.914323421866548e-09,5.914415830830562e-09,5.914507786576193e-09,5.914599290588674e-09,5.914690344348555e-09,5.914780949332392e-09,5.914871107010121e-09,5.914960818847931e-09,5.915050086306491e-09,5.915138910842697e-09,5.9152272939074955e-09,5.915315236947607e-09,5.915402741404596e-09,5.915489808715471e-09,5.915576440312082e-09,5.915662637621579e-09,5.9157484020678406e-09,5.915833735067692e-09,5.915918638034691e-09,5.9160031123774815e-09,5.916087159499691e-09,5.9161707807999275e-09,5.9162539776724354e-09,5.91633675150588e-09,5.916419103690042e-09,5.916501035599735e-09,5.916582548617289e-09,5.916663644111174e-09,5.916744323448286e-09,5.916824587991752e-09,5.916904439097185e-09,5.91698387811932e-09,5.917062906409066e-09,5.9171415253078925e-09,5.917219736156307e-09,5.917297540291813e-09,5.917374939043952e-09,5.917451933737119e-09,5.9175285256969024e-09,5.917604716238467e-09,5.917680506678377e-09,5.917755898324308e-09,5.917830892478919e-09,5.917905490445634e-09,5.917979693520639e-09,5.918053502994333e-09,5.918126920154682e-09,5.9181999462855815e-09,5.9182725826653314e-09,5.9183448305669544e-09,5.9184166912643574e-09,5.9184881660224485e-09,5.918559256103133e-09,5.918629962764978e-09,5.918700287260625e-09,5.918770230839784e-09,5.918839794748526e-09,5.9189089802242745e-09,5.918977788511787e-09,5.919046220839816e-09,5.91911427843479e-09,5.919181962527308e-09,5.919249274336402e-09,5.9193162150787836e-09,5.9193827859663726e-09,5.9194489882058636e-09,5.9195148230070546e-09,5.919580291568626e-09,5.919645395086752e-09,5.919710134754924e-09,5.919774511759147e-09,5.919838527288756e-09,5.919902182524264e-09,5.919965478641441e-09,5.9200284168137895e-09,5.920090998210928e-09,5.92015322399814e-09,5.920215095337089e-09,5.92027661338551e-09,5.920337779297604e-09,5.920398594223253e-09,5.9204590593089195e-09,5.920519175697175e-09,5.920578944526775e-09,5.9206383669326934e-09,5.920697444050944e-09,5.920756176999023e-09,5.920814566906571e-09,5.9208726148928175e-09,5.9209303220745395e-09,5.920987689564067e-09,5.921044718468079e-09,5.921101409896197e-09,5.92115776494838e-09,5.921213784722301e-09,5.921269470312946e-09,5.92132482281037e-09,5.921379843298635e-09,5.921434532868077e-09,5.921488892594978e-09,5.921542923556263e-09,5.921596626824494e-09,5.921650003468735e-09,5.921703054555356e-09,5.921755781146589e-09,5.921808184300246e-09,5.921860265072324e-09,5.921912024514305e-09,5.9219634636748034e-09,5.922014583598277e-09,5.922065385326655e-09,5.922115869896983e-09,5.922166038345215e-09,5.922215891700759e-09,5.922265430992419e-09,5.922314657243461e-09,5.922363571475375e-09,5.92241217470083e-09,5.92246046794359e-09,5.922508452209372e-09,5.922556128506346e-09,5.922603497838326e-09,5.922650561206248e-09,5.922697319607214e-09,5.922743774035837e-09,5.922789925483312e-09,5.92283577493695e-09,5.922881323380285e-09,5.922926571796336e-09,5.922971521162135e-09,5.923016172452369e-09,5.923060526638742e-09,5.923104584689301e-09,5.923148347569452e-09,5.923191816240586e-09,5.923234991658527e-09,5.923277874789053e-09,5.9233204665743436e-09,5.923362767966648e-09,5.923404779912977e-09,5.92344650335547e-09,5.923487939228807e-09,5.923529088480963e-09,5.923569952040247e-09,5.923610530837086e-09,5.923650825799667e-09,5.923690837851654e-09,5.9237305679147766e-09,5.923770016908027e-09,5.923809185746426e-09,5.923848075342206e-09,5.923886686604921e-09,5.923925020441011e-09,5.9239630777539085e-09,5.924000859443807e-09,5.924038366408575e-09,5.924075599542332e-09,5.924112559736742e-09,5.9241492478802e-09,5.924185664858737e-09,5.924221811555434e-09,5.924257688849803e-09,5.92429329761877e-09,5.924328638736337e-09,5.924363713073886e-09,5.924398521499717e-09,5.924433064879181e-09,5.924467344075138e-09,5.924501359947522e-09,5.9245351133525976e-09,5.924568605144801e-09,5.924601836175547e-09,5.9246348072933155e-09,5.924667519343798e-09,5.924699973170055e-09,5.9247321696120966e-09,5.924764109507271e-09,5.924795793690293e-09,5.924827222993269e-09,5.924858398245097e-09,5.924889320272318e-09,5.92491998989855e-09,5.924950407944845e-09,5.924980575229429e-09,5.925010492567991e-09,5.925040160773597e-09,5.925069580656186e-09,5.925098753023407e-09,5.925127678680431e-09,5.925156358429034e-09,5.9251847930692425e-09,5.9252129833982835e-09,5.925240930212596e-09,5.925268634299132e-09,5.925296096450167e-09,5.925323317450836e-09,5.925350298085549e-09,5.925377039136372e-09,5.925403541381819e-09,5.925429805598156e-09,5.925455832558877e-09,5.9254816230353445e-09,5.92550717779678e-09,5.92553249760866e-09,5.9255575832346024e-09,5.925582435435821e-09,5.925607054970619e-09,5.9256314425953525e-09,5.925655599063885e-09,5.925679525126825e-09,5.925703221533801e-09,5.925726689029521e-09,5.925749928359175e-09,5.9257729402625e-09,5.925795725479698e-09,5.925818284746749e-09,5.9258406187973825e-09,5.925862728360951e-09,5.9258846141722244e-09,5.925906276953245e-09,5.9259277174287804e-09,5.9259489363256935e-09,5.925969934360144e-09,5.925990712249541e-09,5.92601127070881e-09,5.9260316104507485e-09,5.926051732183921e-09,5.926071636619512e-09,5.92609132446037e-09,5.9261107964092265e-09,5.926130053171742e-09,5.926149095443752e-09,5.926167923919371e-09,5.926186539297024e-09,5.9262049422662744e-09,5.926223133516058e-09,5.926241113732936e-09,5.926258883604284e-09,5.926276443811764e-09,5.926293795039859e-09,5.926310937961513e-09,5.926327873254378e-09,5.926344601590645e-09,5.9263611236454795e-09,5.926377440084775e-09,5.926393551577934e-09,5.9264094587913014e-09,5.926425162384182e-09,5.926440663019368e-09,5.926455961357394e-09,5.926471058050826e-09,5.926485953757487e-09,5.9265006491260865e-09,5.926515144809411e-09,5.9265294414536944e-09,5.926543539705309e-09,5.926557440207212e-09,5.926571143601208e-09,5.926584650526782e-09,5.92659796162079e-09,5.926611077518778e-09,5.926623998853495e-09,5.926636726256134e-09,5.926649260355619e-09,5.926661601778691e-09,5.926673751150864e-09,5.926685709093882e-09,5.926697476228316e-09,5.92670905317429e-09,5.92672044054774e-09,5.926731638963298e-09,5.926742649033576e-09,5.926753471369372e-09,5.926764106579192e-09,5.926774555269608e-09,5.9267848180453115e-09,5.9267948955091735e-09,5.926804788261625e-09,5.926814496901432e-09,5.926824022025481e-09,5.926833364228616e-09,5.926842524103582e-09,5.926851502241276e-09,5.926860299231064e-09,5.926868915659441e-09,5.926877352111489e-09,5.9268856091706006e-09,5.926893687418426e-09,5.9269015874343704e-09,5.926909309795554e-09,5.9269168550781295e-09,5.9269242238554055e-09,5.926931416699219e-09,5.926938434179395e-09,5.926945276864096e-09,5.926951945319865e-09,5.926958440110891e-09,5.926964761799379e-09,5.926970910947055e-09,5.926976888112041e-09,5.9269826938516444e-09,5.92698832872092e-09,5.926993793273352e-09,5.926999088060169e-09,5.927004213631881e-09,5.9270091705362314e-09,5.9270139593188474e-09,5.927018580524575e-09,5.9270230346964736e-09,5.92702732237486e-09,5.9270314440990755e-09,5.927035400406283e-09,5.927039191831948e-09,5.927042818910028e-09,5.927046282172639e-09,5.927049582149869e-09,5.927052719370435e-09,5.927055694361238e-09,5.927058507647261e-09,5.927061159752134e-09,5.927063651197305e-09,5.927065982503105e-09,5.927068154187513e-09,5.927070166767347e-09,5.927072020757348e-09,5.927073716670844e-09,5.927075255019421e-09,5.927076636312876e-09,5.92707786105948e-09,5.92707892976573e-09,5.9270798429366424e-09,5.927080601075161e-09,5.927081204683361e-09,5.9270816542606935e-09,5.927081950305784e-09,5.9270820933154025e-09,5.927082083784299e-09,5.927081922206164e-09,5.927081609072821e-09,5.927081144874427e-09,5.927080530099656e-09,5.927079765235411e-09,5.927078850767322e-09,5.9270777871791884e-09,5.927076574952903e-09,5.927075214570359e-09,5.927073706509473e-09,5.92707205124807e-09,5.927070249262319e-09,5.927068301026642e-09,5.927066207013854e-09,5.927063967695591e-09,5.927061583541316e-09,5.92705905501927e-09,5.9270563825966134e-09,5.9270535667382565e-09,5.927050607908061e-09,5.927047506567888e-09,5.9270442631788474e-09,5.927040878200004e-09,5.927037352089067e-09,5.927033685301999e-09,5.927029878293614e-09,5.92702593151697e-09,5.927021845424073e-09,5.927017620465102e-09,5.9270132570888344e-09,5.927008755742063e-09,5.927004116871564e-09,5.926999340921337e-09,5.9269944283341005e-09,5.926989379551564e-09,5.926984195013977e-09,5.9269788751596246e-09,5.926973420426115e-09,5.9269678312488425e-09,5.9269621080624296e-09,5.926956251298931e-09,5.9269502613909534e-09,5.92694413876821e-09,5.926937883859524e-09,5.926931497092064e-09,5.926924978892008e-09,5.926918329683598e-09,5.926911549890456e-09,5.926904639933556e-09,5.926897600233655e-09,5.926890431209528e-09,5.926883133279368e-09,5.926875706859297e-09,5.926868152363265e-09,5.926860470205174e-09,5.926852660798794e-09,5.9268447245539954e-09,5.92683666188019e-09,5.926828473185272e-09,5.926820158876655e-09,5.926811719359615e-09,5.9268031550372355e-09,5.9267944663152746e-09,5.926785653593226e-09,5.926776717271982e-09,5.9267676577504485e-09,5.926758475425956e-09,5.926749170695281e-09,5.92673974395355e-09,5.926730195593728e-09,5.926720526009385e-09,5.926710735591218e-09,5.92670082472951e-09,5.926690793812646e-09,5.926680643228082e-09,5.926670373362139e-09,5.926659984599591e-09,5.926649477323811e-09,5.926638851918797e-09,5.92662810876294e-09,5.926617248238311e-09,5.9266062707223774e-09,5.926595176593192e-09,5.926583966226419e-09,5.92657263999773e-09,5.926561198280573e-09,5.926549641447453e-09,5.926537969869976e-09,5.926526183917979e-09,5.926514283960268e-09,5.926502270364706e-09,5.926490143497748e-09,5.926477903724868e-09,5.926465551409768e-09,5.92645308691565e-09,5.926440510604456e-09,5.926427822835935e-09,5.926415023970968e-09,5.9264021143666776e-09,5.926389094379963e-09,5.926375964367981e-09,5.926362724684465e-09,5.926349375683364e-09,5.926335917716978e-09,5.926322351136689e-09,5.926308676292538e-09,5.926294893533645e-09,5.9262810032076946e-09,5.9262670056615305e-09,5.9262529012409165e-09,5.9262386902901565e-09,5.926224373152397e-09,5.926209950170485e-09,5.926195421685601e-09,5.9261807880366185e-09,5.926166049563399e-09,5.926151206602938e-09,5.926136259492268e-09,5.92612120856849e-09,5.92610605416497e-09,5.926090796614302e-09,5.926075436250135e-09,5.926059973403239e-09,5.926044408403484e-09,5.92602874158039e-09,5.926012973263513e-09,5.925997103777161e-09,5.925981133448123e-09,5.9259650626016955e-09,5.925948891561532e-09,5.925932620650195e-09,5.925916250188602e-09,5.925899780499112e-09,5.925883211900459e-09,5.925866544711214e-09,5.925849779249133e-09,5.925832915830494e-09,5.925815954770838e-09,5.925798896384451e-09,5.9257817409851205e-09,5.925764488884777e-09,5.925747140395195e-09,5.925729695826482e-09,5.925712155488201e-09,5.925694519688319e-09,5.925676788735284e-09,5.925658962931267e-09,5.925641042588129e-09,5.9256230280068485e-09,5.925604919491003e-09,5.925586717342887e-09,5.925568421864386e-09,5.925550033355537e-09,5.925531552116027e-09,5.925512978444039e-09,5.925494312637202e-09,5.925475554992321e-09,5.9254567058045705e-09,5.925437765366289e-09,5.925418733976079e-09,5.925399611923826e-09,5.9253803995018e-09,5.925361097000922e-09,5.925341704710056e-09,5.92532222291941e-09,5.925302651916283e-09,5.925282991987707e-09,5.925263243419984e-09,5.9252434064979354e-09,5.925223481506837e-09,5.925203468728679e-09,5.925183368446416e-09,5.9251631809418265e-09,5.925142906494949e-09,5.925122545385862e-09,5.925102097893219e-09,5.925081564293825e-09,5.9250609448651305e-09,5.925040239885341e-09,5.925019449627801e-09,5.924998574367031e-09,5.924977614376622e-09,5.924956569929368e-09,5.924935441295574e-09,5.924914228747042e-09,5.924892932552548e-09,5.924871552982162e-09,5.924850090303261e-09,5.924828544782958e-09,5.924806916688184e-09,5.924785206284446e-09,5.924763413835494e-09,5.92474153960659e-09,5.924719583859903e-09,5.924697546857393e-09,5.924675428859566e-09,5.924653230128245e-09,5.924630950923115e-09,5.924608591501948e-09,5.924586152121585e-09,5.924563633041468e-09,5.924541034515297e-09,5.924518356800207e-09,5.924495600149766e-09,5.924472764817905e-09,5.9244498510571675e-09,5.9244268591192934e-09,5.924403789256499e-09,5.924380641718745e-09,5.9243574167555355e-09,5.924334114615391e-09,5.924310735546367e-09,5.924287279795756e-09,5.924263747609719e-09,5.924240139234211e-09,5.924216454914418e-09,5.924192694893796e-09,5.924168859415539e-09,5.924144948721538e-09,5.924120963054352e-09,5.924096902654353e-09,5.924072767761242e-09,5.92404855861421e-09,5.9240242754520076e-09,5.923999918513374e-09,5.9239754880339485e-09,5.923950984250348e-09,5.9239264073971895e-09,5.923901757710659e-09,5.92387703542364e-09,5.9238522407692705e-09,5.9238273739810175e-09,5.923802435288135e-09,5.9237774249241405e-09,5.923752343114816e-09,5.923727190096314e-09,5.923701966093451e-09,5.92367667133484e-09,5.923651306046876e-09,5.923625870456232e-09,5.9236003647899015e-09,5.923574789266285e-09,5.92354914411754e-09,5.9235234295654634e-09,5.923497645827822e-09,5.923471793134191e-09,5.923445871702568e-09,5.923419881754139e-09,5.923393823507152e-09,5.923367697182162e-09,5.923341502997398e-09,5.9233152411704135e-09,5.923288911915366e-09,5.9232625154546336e-09,5.923236052000985e-09,5.923209521768828e-09,5.923182924969553e-09,5.923156261823714e-09,5.923129532539854e-09,5.923102737328102e-09,5.923075876403815e-09,5.92304894997811e-09,5.923021958259584e-09,5.9229949014576365e-09,5.922967779781114e-09,5.922940593437301e-09,5.922913342634963e-09,5.922886027580772e-09,5.9228586484802566e-09,5.92283120553813e-09,5.922803698960531e-09,5.922776128950047e-09,5.92274849571225e-09,5.922720799445652e-09,5.92269304036035e-09,5.9226652186517485e-09,5.9226373345208175e-09,5.92260938816922e-09,5.922581379795778e-09,5.922553309599676e-09,5.922525177778554e-09,5.92249698453115e-09,5.922468730052739e-09,5.922440414541273e-09,5.92241203819121e-09,5.922383601197175e-09,5.922355103755667e-09,5.922326546059299e-09,5.922297928301058e-09,5.922269250670099e-09,5.922240513362294e-09,5.922211716571436e-09,5.922182860487041e-09,5.922153945295211e-09,5.92212497118838e-09,5.922095938353964e-09,5.922066846980994e-09,5.92203769725622e-09,5.922008489366908e-09,5.921979223500486e-09,5.921949899842931e-09,5.921920518576594e-09,5.921891079888168e-09,5.921861583960189e-09,5.921832030980182e-09,5.921802421122373e-09,5.9217727545792086e-09,5.921743031528491e-09,5.921713252148621e-09,5.921683416621624e-09,5.921653525128422e-09,5.921623577847235e-09,5.921593574956679e-09,5.921563516635106e-09,5.921533403060876e-09,5.9215032344104484e-09,5.921473010852887e-09,5.9214427325784375e-09,5.921412399762788e-09,5.9213820125647005e-09,5.921351571165154e-09,5.921321075742695e-09,5.921290526464069e-09,5.921259923504835e-09,5.9212292670352164e-09,5.921198557229083e-09,5.9211677942556255e-09,5.921136978284687e-09,5.921106109485825e-09,5.921075188030432e-09,5.921044214085985e-09,5.921013187819299e-09,5.920982109399891e-09,5.920950978992495e-09,5.920919796762896e-09,5.920888562875887e-09,5.920857277504929e-09,5.920825940809125e-09,5.920794552947306e-09,5.920763114095348e-09,5.920731624409134e-09,5.920700084053478e-09,5.920668493190728e-09,5.9206368519792966e-09,5.9206051605823635e-09,5.9205734191597134e-09,5.920541627873356e-09,5.9205097868809186e-09,5.920477896342691e-09,5.920445956416548e-09,5.920413967261438e-09,5.920381929038252e-09,5.920349841896503e-09,5.920317705994614e-09,5.92028552149052e-09,5.920253288538806e-09,5.92022100729487e-09,5.920188677913315e-09,5.9201563005501144e-09,5.920123875354674e-09,5.920091402481813e-09,5.9200588820843466e-09,5.92002631431413e-09,5.919993699322931e-09,5.919961037261533e-09,5.919928328280576e-09,5.919895572530215e-09,5.919862770159869e-09,5.919829921318722e-09,5.9197970261550325e-09,5.919764084817385e-09,5.9197310974532694e-09,5.919698064210078e-09,5.919664985233617e-09,5.919631860671086e-09,5.9195986906686695e-09,5.9195654753710255e-09,5.91953221492255e-09,5.919498909467687e-09,5.919465559150242e-09,5.919432164113852e-09,5.919398724502538e-09,5.919365240458109e-09,5.919331712122139e-09,5.919298139636631e-09,5.919264523142171e-09,5.919230862779786e-09,5.919197158690098e-09,5.91916341101219e-09,5.919129619885976e-09,5.9190957854505695e-09,5.9190619078425985e-09,5.919027987201126e-09,5.918994023664531e-09,5.918960017374816e-09,5.9189259684539655e-09,5.918891877055219e-09,5.9188577433020134e-09,5.918823567326355e-09,5.91878934927939e-09,5.918755089285893e-09,5.918720787480895e-09,5.918686443995696e-09,5.918652058968996e-09,5.918617632528454e-09,5.918583164809278e-09,5.9185486559421876e-09,5.918514106058959e-09,5.918479515291224e-09,5.918444883767437e-09,5.918410211620086e-09,5.91837549897723e-09,5.91834074597009e-09,5.918305952726117e-09,5.918271119374378e-09,5.918236246045674e-09,5.9182013328613365e-09,5.918166379953074e-09,5.918131387446305e-09,5.91809635546747e-09,5.9180612841440264e-09,5.91802617360312e-09,5.917991023965085e-09,5.9179558353582774e-09,5.917920607906176e-09,5.917885341733362e-09,5.917850036960922e-09,5.917814693716056e-09,5.917779312117631e-09,5.917743892291497e-09,5.917708434358354e-09,5.917672938439914e-09,5.917637404658234e-09,5.917601833132518e-09,5.9175662239844024e-09,5.9175305773334386e-09,5.9174948932996856e-09,5.917459172002318e-09,5.917423413560256e-09,5.917387618092445e-09,5.9173517857167454e-09,5.917315916550516e-09,5.917280010717613e-09,5.917244068324118e-09,5.9172080894913365e-09,5.917172074336549e-09,5.917136022975611e-09,5.9170999355214646e-09,5.917063812092442e-09,5.9170276528000914e-09,5.916991457763053e-09,5.916955227093245e-09,5.9169189609022876e-09,5.916882659308365e-09,5.916846322422007e-09,5.916809950354754e-09,5.916773543222027e-09,5.916737101130933e-09,5.916700624197147e-09,5.916664112529805e-09,5.9166275662392285e-09,5.9165909854355824e-09,5.916554370227045e-09,5.916517720731478e-09,5.916481037053727e-09,5.9164443193010064e-09,5.916407567584989e-09,5.916370782006575e-09,5.916333962684644e-09,5.9162971097204585e-09,5.916260223231977e-09,5.916223303308578e-09,5.916186350065266e-09,5.916149363608126e-09,5.916112344042821e-09,5.916075291471514e-09,5.916038206008744e-09,5.9160010877477794e-09,5.915963936803894e-09,5.9159267532765175e-09,5.915889537275359e-09,5.915852288896716e-09,5.91581500824181e-09,5.9157776954143656e-09,5.915740350524666e-09,5.915702973663616e-09,5.9156655649415536e-09,5.915628124460991e-09,5.915590652319912e-09,5.915553148625029e-09,5.9155156134626e-09,5.91547804694354e-09,5.915440449173258e-09,5.9154028202365276e-09,5.9153651602411215e-09,5.9153274692872286e-09,5.915289747469299e-09,5.915251994890691e-09,5.915214211646884e-09,5.915176397835313e-09,5.9151385535544e-09,5.91510067890175e-09,5.915062773971576e-09,5.915024838861942e-09,5.914986873667184e-09,5.914948878486318e-09,5.914910853413642e-09,5.914872798544293e-09,5.914834713973431e-09,5.914796599795658e-09,5.914758456104922e-09,5.914720282995319e-09,5.91468208056081e-09,5.914643848894847e-09,5.9146055880927594e-09,5.914567298243226e-09,5.914528979440238e-09,5.9144906317770044e-09,5.914452255345416e-09,5.914413850234931e-09,5.914375416542271e-09,5.9143369543513786e-09,5.9142984637589774e-09,5.914259944852994e-09,5.914221397727578e-09,5.91418282246412e-09,5.914144219157446e-09,5.914105587896073e-09,5.914066928771282e-09,5.914028241868954e-09,5.913989527277263e-09,5.913950785087463e-09,5.913912015383833e-09,5.913873218256575e-09,5.9138343937925275e-09,5.913795542081084e-09,5.913756663203806e-09,5.913717757250617e-09,5.913678824303065e-09,5.9136398644552395e-09,5.91360087778912e-09,5.913561864392831e-09,5.913522824347869e-09,5.913483757737081e-09,5.913444664647693e-09,5.913405545166458e-09,5.913366399374727e-09,5.913327227354832e-09,5.913288029190606e-09,5.913248804970376e-09,5.9132095547734165e-09,5.913170278676146e-09,5.913130976780446e-09,5.91309164914095e-09,5.913052295858765e-09,5.913012917009645e-09,5.9129735126758534e-09,5.912934082942845e-09,5.912894627885007e-09,5.9128551475852885e-09,5.912815642126032e-09,5.912776111586532e-09,5.912736556042513e-09,5.9126969755775734e-09,5.912657370271238e-09,5.91261774019558e-09,5.9125780854391456e-09,5.912538406076664e-09,5.91249870218648e-09,5.9124589738459744e-09,5.912419221133124e-09,5.912379444129246e-09,5.912339642907447e-09,5.912299817545031e-09,5.912259968120331e-09,5.912220094712347e-09,5.912180197390849e-09,5.912140276235167e-09,5.91210033132198e-09,5.912060362725638e-09,5.9120203705233686e-09,5.9119803547879685e-09,5.911940315602059e-09,5.911900253027208e-09,5.911860167143634e-09,5.911820058027036e-09,5.911779925750559e-09,5.911739770390175e-09,5.911699592015892e-09,5.911659390701134e-09,5.911619166522429e-09,5.911578919547264e-09,5.911538649851297e-09,5.911498357506334e-09,5.911458042582869e-09,5.91141770515663e-09,5.911377345296391e-09,5.9113369630742636e-09,5.911296558562772e-09,5.9112561318301e-09,5.911215682948011e-09,5.911175211987255e-09,5.911134719018131e-09,5.911094204110445e-09,5.9110536673335165e-09,5.911013108758229e-09,5.910972528453356e-09,5.910931926487848e-09,5.910891302930587e-09,5.9108506578501784e-09,5.910809991315326e-09,5.910769303394277e-09,5.910728594157091e-09,5.910687863667371e-09,5.910647111994458e-09,5.9106063392066465e-09,5.9105655453705774e-09,5.910524730553182e-09,5.910483894821378e-09,5.9104430382404475e-09,5.910402160879417e-09,5.910361262806831e-09,5.910320344080125e-09,5.910279404768421e-09,5.910238444939008e-09,5.9101974646554705e-09,5.910156463984735e-09,5.910115442990758e-09,5.910074401738122e-09,5.910033340291531e-09,5.909992258714989e-09,5.9099511570709175e-09,5.9099100354245845e-09,5.909868893841224e-09,5.9098277323825975e-09,5.909786551118826e-09,5.9097453500991165e-09,5.909704129393524e-09,5.909662889064409e-09,5.909621629174156e-09,5.909580349783883e-09,5.909539050958273e-09,5.909497732757633e-09,5.909456395243618e-09,5.90941503847828e-09,5.909373662527421e-09,5.909332267440936e-09,5.909290853285619e-09,5.909249420121834e-09,5.909207968010649e-09,5.9091664970110675e-09,5.909125007191421e-09,5.909083498597273e-09,5.909041971295403e-09,5.909000425346051e-09,5.908958860807003e-09,5.90891727773809e-09,5.9088756761982686e-09,5.908834056246675e-09,5.908792417940608e-09,5.908750761339595e-09,5.908709086501597e-09,5.908667393484059e-09,5.908625682345165e-09,5.908583953143245e-09,5.9085422059346245e-09,5.9085004407767606e-09,5.908458657726958e-09,5.9084168568421845e-09,5.908375038178882e-09,5.908333201794076e-09,5.9082913477436085e-09,5.908249476083945e-09,5.9082075868711025e-09,5.908165680160842e-09,5.908123756006036e-09,5.908081814465771e-09,5.908039855596342e-09,5.90799787945233e-09,5.9079558860857805e-09,5.907913875551158e-09,5.907871847907014e-09,5.907829803205794e-09,5.907787741501957e-09,5.907745662848522e-09,5.907703567300265e-09,5.907661454910557e-09,5.907619325733266e-09,5.907577179821572e-09,5.9075350172283934e-09,5.907492838012316e-09,5.907450642218446e-09,5.907408429900003e-09,5.9073662011103565e-09,5.907323955904666e-09,5.907281694334001e-09,5.907239416449163e-09,5.90719712230274e-09,5.90715481194646e-09,5.907112485432237e-09,5.907070142811252e-09,5.907027784134825e-09,5.9069854094545245e-09,5.9069430188197846e-09,5.906900612285726e-09,5.906858189895665e-09,5.906815751707433e-09,5.906773297763296e-09,5.90673082811898e-09,5.906688342826304e-09,5.9066458419277016e-09,5.906603325479004e-09,5.906560793530873e-09,5.906518246123994e-09,5.906475683312567e-09,5.9064331051611405e-09,5.906390511688361e-09,5.906347902957553e-09,5.906305279017247e-09,5.906262639915184e-09,5.906219985703778e-09,5.9061773164235655e-09,5.9061346321282905e-09,5.906091932864034e-09,5.906049218679429e-09,5.906006489620228e-09,5.9059637457346706e-09,5.9059209870691674e-09,5.905878213671175e-09,5.905835425583595e-09,5.905792622862083e-09,5.905749805546142e-09,5.9057069736879564e-09,5.9056641273285615e-09,5.905621266513049e-09,5.9055783912898466e-09,5.9055355017097485e-09,5.905492597813115e-09,5.9054496796437e-09,5.905406747260211e-09,5.905363800688189e-09,5.905320839980402e-09,5.9052778651784076e-09,5.905234876337006e-09,5.90519187349311e-09,5.905148856692106e-09,5.905105825980647e-09,5.905062781403334e-09,5.905019723002534e-09,5.904976650822632e-09,5.904933564906951e-09,5.904890465300518e-09,5.904847352046106e-09,5.904804225187603e-09,5.904761084766932e-09,5.904717930828896e-09,5.904674763417694e-09,5.9046315825728304e-09,5.9045883883374284e-09,5.904545180756351e-09,5.904501959872807e-09,5.904458725724483e-09,5.9044154783571265e-09,5.9043722178167224e-09,5.904328944135892e-09,5.9042856573600235e-09,5.904242357532583e-09,5.9041990446923146e-09,5.9041557188853485e-09,5.9041123801484475e-09,5.904069028526024e-09,5.904025664060749e-09,5.903982286787511e-09,5.9039388967500775e-09,5.903895493987616e-09,5.9038520785426176e-09,5.903808650455465e-09,5.9037652097704885e-09,5.903721756518194e-09,5.903678290743347e-09,5.903634812494833e-09,5.9035913217967765e-09,5.903547818692606e-09,5.903504303226019e-09,5.903460775433841e-09,5.903417235357058e-09,5.9033736830291754e-09,5.90333011850667e-09,5.903286541803646e-09,5.90324295297609e-09,5.903199352057359e-09,5.9031557390857075e-09,5.903112114100546e-09,5.903068477130178e-09,5.9030248282357395e-09,5.902981167436734e-09,5.902937494777602e-09,5.9028938102940634e-09,5.9028501140288725e-09,5.902806406000731e-09,5.902762686270767e-09,5.902718954866987e-09,5.902675211814118e-09,5.902631457173803e-09,5.902587690970545e-09,5.902543913251295e-09,5.902500124033372e-09,5.902456323362452e-09,5.902412511275315e-09,5.9023686878063384e-09,5.902324852999451e-09,5.902281006882224e-09,5.902237149492874e-09,5.902193280867699e-09,5.902149401043579e-09,5.902105510054934e-09,5.902061607937465e-09,5.90201769472689e-09,5.901973770459016e-09,5.9019298351694545e-09,5.901885888893417e-09,5.901841931664539e-09,5.901797963518583e-09,5.901753984488341e-09,5.901709994608386e-09,5.901665993926175e-09,5.90162198246156e-09,5.901577960247612e-09,5.9015339273258e-09,5.9014898837261884e-09,5.901445829480949e-09,5.901401764631726e-09,5.901357689207235e-09,5.90131360324295e-09,5.901269506772844e-09,5.90122539982741e-09,5.901181282437459e-09,5.9011371546483e-09,5.9010930164906736e-09,5.901048867990388e-09,5.9010047091761354e-09,5.900960540080982e-09,5.9009163607504206e-09,5.900872171214886e-09,5.900827971499888e-09,5.900783761637622e-09,5.900739541669601e-09,5.900695311622166e-09,5.900651071524542e-09,5.900606821411933e-09,5.9005625613155724e-09,5.9005182912689975e-09,5.900474011300632e-09,5.900429721443798e-09,5.900385421732526e-09,5.90034111219545e-09,5.900296792865636e-09,5.9002524637713885e-09,5.900208124946593e-09,5.900163776424305e-09,5.9001194182304435e-09,5.900075050396446e-09,5.900030672956318e-09,5.89998628593737e-09,5.899941889369047e-09,5.89989748329074e-09,5.8998530677244e-09,5.899808642702609e-09,5.899764208259055e-09,5.899719764417489e-09,5.899675311215167e-09,5.89963084867427e-09,5.899586376828386e-09,5.899541895708034e-09,5.899497405340359e-09,5.8994529057569116e-09,5.899408396981983e-09,5.899363879055162e-09,5.899319352001552e-09,5.899274815845177e-09,5.899230270622833e-09,5.8991857163566695e-09,5.899141153078493e-09,5.899096580814109e-09,5.899051999598869e-09,5.899007409460407e-09,5.898962810419075e-09,5.898918202509208e-09,5.898873585758145e-09,5.8988289601974905e-09,5.8987843258527255e-09,5.898739682753605e-09,5.898695030924559e-09,5.898650370394897e-09,5.8986057011946205e-09,5.898561023348586e-09,5.898516336879661e-09,5.8984716418268715e-09,5.898426938212583e-09,5.898382226066039e-09,5.898337505409949e-09,5.898292776272093e-09,5.898248038682082e-09,5.898203292667841e-09,5.898158538254733e-09,5.89811377547826e-09,5.898069004347434e-09,5.898024224894304e-09,5.89797943715402e-09,5.8979346411487646e-09,5.897889836904494e-09,5.89784502444802e-09,5.897800203805473e-09,5.897755375006236e-09,5.897710538063376e-09,5.897665693019609e-09,5.897620839891038e-09,5.897575978707628e-09,5.89753110949694e-09,5.897486232281345e-09,5.89744134708056e-09,5.897396453928541e-09,5.8973515528528965e-09,5.8973066438764985e-09,5.897261727024871e-09,5.897216802311238e-09,5.897171869778482e-09,5.897126929446292e-09,5.89708198133445e-09,5.897037025474332e-09,5.896992061882649e-09,5.896947090593409e-09,5.8969021116282255e-09,5.89685712501113e-09,5.896812130759677e-09,5.896767128906927e-09,5.896722119474392e-09,5.896677102490264e-09,5.89663207797268e-09,5.896587045957179e-09,5.896542006451464e-09,5.896496959491651e-09,5.89645190509898e-09,5.8964068432945705e-09,5.8963617741051794e-09,5.896316697551793e-09,5.896271613660444e-09,5.89622652245376e-09,5.896181423954807e-09,5.896136318187386e-09,5.896091205164139e-09,5.896046084930253e-09,5.896000957495838e-09,5.895955822888955e-09,5.895910681128252e-09,5.895865532237723e-09,5.895820376240508e-09,5.895775213155215e-09,5.895730043013617e-09,5.8956848658332345e-09,5.8956396816359705e-09,5.8955944904466695e-09,5.895549292284293e-09,5.8955040871766535e-09,5.895458875143431e-09,5.895413656205186e-09,5.895368430381441e-09,5.895323197704205e-09,5.8952779581848125e-09,5.895232711854576e-09,5.89518745873121e-09,5.8951421988329605e-09,5.895096932188457e-09,5.895051658816249e-09,5.895006378739251e-09,5.894961091976863e-09,5.894915798551314e-09,5.894870498484353e-09,5.894825191798541e-09,5.894779878510612e-09,5.894734558650224e-09,5.894689232232298e-09,5.894643899278369e-09,5.89459855981231e-09,5.8945532138520855e-09,5.8945078614205455e-09,5.894462502537577e-09,5.894417137223822e-09,5.894371765500331e-09,5.894326387389513e-09,5.894281002906668e-09,5.894235612078961e-09,5.894190214922175e-09,5.89414481145804e-09,5.894099401711638e-09,5.894053985696287e-09,5.894008563434659e-09,5.893963134947003e-09,5.89391770024877e-09,5.893872259370044e-09,5.893826812327734e-09,5.893781359137747e-09,5.893735899825389e-09,5.893690434401091e-09,5.893644962896358e-09,5.8935994853223784e-09,5.893554001690381e-09,5.893508512047762e-09,5.8934630163924265e-09,5.893417514751874e-09,5.893372007137435e-09,5.893326493577373e-09,5.893280974082462e-09,5.89323544867754e-09,5.893189917380764e-09,5.8931443802090875e-09,5.89309883718915e-09,5.89305328832575e-09,5.893007733648707e-09,5.8929621731732206e-09,5.892916606919449e-09,5.892871034911046e-09,5.892825457156913e-09,5.892779873681496e-09,5.892734284499722e-09,5.892688689632988e-09,5.892643089098574e-09,5.892597482915201e-09,5.892551871103773e-09,5.89250625367887e-09,5.892460630659839e-09,5.8924150020654955e-09,5.89236936791411e-09,5.892323728217997e-09,5.892278083003666e-09,5.8922324322850284e-09,5.8921867760810575e-09,5.892141114410825e-09,5.892095447289295e-09,5.892049774735732e-09,5.892004096766838e-09,5.891958413396269e-09,5.891912724649347e-09,5.891867030541287e-09,5.8918213310870844e-09,5.89177562630722e-09,5.891729916220227e-09,5.891684200835352e-09,5.891638480176724e-09,5.891592754257606e-09,5.891547023096644e-09,5.891501286712906e-09,5.891455545122293e-09,5.891409798340198e-09,5.891364046385453e-09,5.891318289276653e-09,5.891272527027243e-09,5.891226759654648e-09,5.8911809871742985e-09,5.89113520960463e-09,5.891089426962206e-09,5.891043639265789e-09,5.890997846528974e-09,5.890952048766503e-09,5.890906245995673e-09,5.8908604382352465e-09,5.890814625502075e-09,5.890768807808743e-09,5.890722985169349e-09,5.890677157613698e-09,5.890631325145024e-09,5.890585487776937e-09,5.890539645534135e-09,5.890493798429924e-09,5.890447946480774e-09,5.890402089701813e-09,5.8903562281057315e-09,5.89031036171195e-09,5.890264490536235e-09,5.890218614593657e-09,5.890172733896239e-09,5.890126848467246e-09,5.8900809583159555e-09,5.8900350634638035e-09,5.8899891639260885e-09,5.8899432597068795e-09,5.889897350828169e-09,5.889851437305907e-09,5.889805519158829e-09,5.889759596390304e-09,5.889713669028258e-09,5.8896677370832464e-09,5.889621800573558e-09,5.889575859505556e-09,5.889529913901591e-09,5.889483963775118e-09,5.889438009139831e-09,5.889392050010784e-09,5.889346086403112e-09,5.88930011833442e-09,5.8892541458131035e-09,5.8892081688551304e-09,5.88916218748011e-09,5.889116201702157e-09,5.889070211529984e-09,5.8890242169817195e-09,5.888978218073691e-09,5.888932214817394e-09,5.8888862072265145e-09,5.8888401953183134e-09,5.888794179102218e-09,5.88874815859798e-09,5.888702133814803e-09,5.888656104771304e-09,5.888610071474453e-09,5.888564033943329e-09,5.88851799219419e-09,5.888471946238723e-09,5.888425896090925e-09,5.888379841763541e-09,5.888333783271391e-09,5.888287720627785e-09,5.888241653846647e-09,5.88819558294198e-09,5.888149507926605e-09,5.888103428813523e-09,5.888057345618102e-09,5.888011258354261e-09,5.887965167029608e-09,5.887919071667396e-09,5.8878729722693395e-09,5.887826868861022e-09,5.8877807614520955e-09,5.887734650052662e-09,5.887688534677053e-09,5.887642415338317e-09,5.887596292049213e-09,5.8875501648241495e-09,5.887504033675481e-09,5.8874578986161934e-09,5.887411759659465e-09,5.887365616818223e-09,5.8873194701047035e-09,5.887273319532702e-09,5.8872271651141495e-09,5.887181006863203e-09,5.887134844793649e-09,5.887088678914899e-09,5.887042509242855e-09,5.886996335785901e-09,5.886950158558903e-09,5.886903977577057e-09,5.886857792845047e-09,5.8868116043832825e-09,5.886765412201415e-09,5.886719216310429e-09,5.886673016725415e-09,5.886626813461098e-09,5.886580606524808e-09,5.886534395929331e-09,5.886488181687332e-09,5.886441963817001e-09,5.8863957423191815e-09,5.886349517212569e-09,5.886303288511309e-09,5.886257056228635e-09,5.886210820365703e-09,5.886164580941102e-09,5.886118337967367e-09,5.886072091455432e-09,5.886025841416626e-09,5.8859795878645e-09,5.885933330810579e-09,5.885887070263863e-09,5.885840806240395e-09,5.885794538749767e-09,5.885748267807923e-09,5.8857019934204316e-09,5.885655715598232e-09,5.885609434354847e-09,5.885563149705648e-09,5.885516861655026e-09,5.885470570217715e-09,5.88542427540614e-09,5.885377977227786e-09,5.885331675698965e-09,5.885285370829689e-09,5.885239062630654e-09,5.885192751113466e-09,5.885146436289616e-09,5.885100118168084e-09,5.88505379676133e-09,5.885007472081679e-09,5.884961144141531e-09,5.884914812946798e-09,5.884868478510186e-09,5.884822140844352e-09,5.884775799966353e-09,5.884729455871769e-09,5.884683108579883e-09,5.884636758102784e-09,5.884590404451899e-09,5.884544047634711e-09,5.884497687663057e-09,5.884451324553118e-09,5.88440495830444e-09,5.884358588932953e-09,5.884312216449869e-09,5.8842658408709654e-09,5.8842194622025175e-09,5.884173080451195e-09,5.884126695626151e-09,5.884080307739396e-09,5.8840339168066425e-09,5.883987522836896e-09,5.883941125838837e-09,5.883894725829276e-09,5.883848322805583e-09,5.883801916785072e-09,5.883755507777086e-09,5.883709095792636e-09,5.883662680847645e-09,5.883616262939101e-09,5.883569842081277e-09,5.8835234182893375e-09,5.8834769915733195e-09,5.883430561940567e-09,5.883384129404042e-09,5.8833376939662234e-09,5.88329125563961e-09,5.883244814440327e-09,5.883198370374817e-09,5.883151923452804e-09,5.883105473682822e-09,5.883059021083699e-09,5.883012565647344e-09,5.882966107394388e-09,5.8829196463336085e-09,5.882873182474501e-09,5.882826715826099e-09,5.8827802464105414e-09,5.882733774212882e-09,5.882687299253903e-09,5.8826408215511735e-09,5.88259434110119e-09,5.88254785791947e-09,5.882501372015422e-09,5.8824548833979e-09,5.882408392078534e-09,5.8823618980700765e-09,5.882315401369939e-09,5.8822689019938434e-09,5.882222399950084e-09,5.882175895249891e-09,5.882129387902935e-09,5.882082877917871e-09,5.882036365301076e-09,5.881989850064174e-09,5.88194333221343e-09,5.88189681176271e-09,5.881850288718121e-09,5.881803763089039e-09,5.8817572348975826e-09,5.881710704121742e-09,5.881664170793047e-09,5.881617634915277e-09,5.881571096498854e-09,5.881524555550852e-09,5.8814780120872975e-09,5.8814314661041875e-09,5.8813849176277575e-09,5.881338366643647e-09,5.881291813172386e-09,5.881245257223041e-09,5.8811986988034985e-09,5.8811521379234e-09,5.881105574591281e-09,5.881059008814541e-09,5.881012440602008e-09,5.880965869968667e-09,5.880919296910981e-09,5.880872721443793e-09,5.880826143574796e-09,5.880779563313387e-09,5.880732980666716e-09,5.880686395644107e-09,5.880639808248901e-09,5.880593218499345e-09,5.880546626398929e-09,5.880500031954643e-09,5.880453435176326e-09,5.880406836071404e-09,5.880360234649187e-09,5.880313630915769e-09,5.880267024881207e-09,5.880220416552918e-09,5.88017380594292e-09,5.880127193051328e-09,5.880080577889839e-09,5.880033960468218e-09,5.879987340792632e-09,5.87994071886516e-09,5.879894094706288e-09,5.8798474683182635e-09,5.87980083970937e-09,5.879754208885987e-09,5.879707575857503e-09,5.87966094063103e-09,5.87961430321446e-09,5.879567663615069e-09,5.879521021835329e-09,5.879474377895102e-09,5.8794277317964595e-09,5.879381083545988e-09,5.879334433152193e-09,5.87928778062266e-09,5.879241125964894e-09,5.879194469186229e-09,5.879147810294278e-09,5.8791011492976675e-09,5.879054486203146e-09,5.879007821018053e-09,5.878961153750454e-09,5.878914484407375e-09,5.878867812996863e-09,5.878821139525258e-09,5.878774464000754e-09,5.878727786430313e-09,5.878681106822209e-09,5.878634425183072e-09,5.878587741520377e-09,5.878541055841224e-09,5.8784943681533e-09,5.878447678463786e-09,5.878400986780027e-09,5.8783542931083855e-09,5.8783075974574025e-09,5.8782608998337725e-09,5.8782142002437455e-09,5.878167498695788e-09,5.878120795196332e-09,5.878074089752878e-09,5.878027382372238e-09,5.877980673062214e-09,5.877933961827489e-09,5.877887248677696e-09,5.877840533619338e-09,5.877793816658406e-09,5.8777470978018265e-09,5.877700377057853e-09,5.87765365443297e-09,5.8776069299330676e-09,5.8775602035627754e-09,5.877513475334302e-09,5.877466745252843e-09,5.8774200133243e-09,5.8773732795559005e-09,5.877326543953462e-09,5.877279806524536e-09,5.877233067275591e-09,5.877186326213487e-09,5.8771395833446846e-09,5.877092838668901e-09,5.877046092207343e-09,5.87699934395994e-09,5.876952593931968e-09,5.8769058421308175e-09,5.8768590885628665e-09,5.876812333235851e-09,5.876765576154813e-09,5.876718817326444e-09,5.8766720567566685e-09,5.876625294454007e-09,5.8765785304231875e-09,5.8765317646709265e-09,5.876484997203538e-09,5.876438228027574e-09,5.876391457142733e-09,5.876344684569856e-09,5.876297910307264e-09,5.876251134362252e-09,5.876204356741153e-09,5.876157577449933e-09,5.8761107964942495e-09,5.876064013881141e-09,5.876017229615336e-09,5.875970443704109e-09,5.8759236561541986e-09,5.875876866972117e-09,5.875830076160617e-09,5.875783283730437e-09,5.875736489685066e-09,5.875689694031824e-09,5.875642896776674e-09,5.875596097924802e-09,5.875549297483338e-09,5.875502495458343e-09,5.875455691855044e-09,5.87540888668019e-09,5.875362079940299e-09,5.875315271638777e-09,5.8752684617834914e-09,5.875221650379795e-09,5.875174837434864e-09,5.875128022952856e-09,5.875081206940366e-09,5.8750343894041165e-09,5.874987570348375e-09,5.874940749780031e-09,5.8748939277044465e-09,5.874847104110909e-09,5.8748002790386995e-09,5.874753452476928e-09,5.874706624416637e-09,5.874659794893757e-09,5.87461296389714e-09,5.874566131435579e-09,5.874519297509193e-09,5.8744724621301275e-09,5.874425625300674e-09,5.8743787870280785e-09,5.8743319473168785e-09,5.874285106172522e-09,5.874238263600573e-09,5.8741914196070765e-09,5.874144574198708e-09,5.8740977273671555e-09,5.8740508791426995e-09,5.874004029518574e-09,5.873957178500404e-09,5.8739103260934196e-09,5.873863472303293e-09,5.87381661713592e-09,5.8737697605958805e-09,5.8737229026893134e-09,5.873676043421572e-09,5.873629182797016e-09,5.873582320822458e-09,5.873535457503789e-09,5.8734885928438175e-09,5.8734417268492934e-09,5.873394859525726e-09,5.87334799087796e-09,5.8733011209117e-09,5.873254249631751e-09,5.8732073770448445e-09,5.873160503153524e-09,5.873113627964547e-09,5.873066751483371e-09,5.873019873714305e-09,5.8729729946630766e-09,5.872926114335215e-09,5.8728792327347755e-09,5.872832349867749e-09,5.87278546573886e-09,5.872738580354167e-09,5.8726916937176e-09,5.872644805832987e-09,5.872597916708936e-09,5.872551026347282e-09,5.872504134755339e-09,5.872457241936836e-09,5.8724103478975944e-09,5.8723634526414305e-09,5.872316556174604e-09,5.872269658500999e-09,5.872222759626558e-09,5.872175859554737e-09,5.872128958292018e-09,5.872082055842708e-09,5.872035152218474e-09,5.871988247401274e-09,5.871941341421234e-09,5.8718944342745586e-09,5.871847525964857e-09,5.871800616497346e-09,5.87175370587714e-09,5.8717067940969145e-09,5.871659881185309e-09,5.871612967137284e-09,5.871566051953831e-09,5.871519135641296e-09,5.8714722182042676e-09,5.871425299649847e-09,5.871378379998591e-09,5.8713314592160236e-09,5.871284537330942e-09,5.871237614344995e-09,5.8711906902575376e-09,5.871143765081877e-09,5.871096838820611e-09,5.871049911475599e-09,5.871002983054012e-09,5.8709560535580415e-09,5.870909122994598e-09,5.8708621913656696e-09,5.870815258681768e-09,5.870768324938674e-09,5.87072139014359e-09,5.870674454303873e-09,5.8706275174245915e-09,5.870580579506987e-09,5.870533640553835e-09,5.870486700574793e-09,5.8704397595719465e-09,5.8703928175502556e-09,5.870345874512772e-09,5.870298930466091e-09,5.870251985413338e-09,5.870205039358237e-09,5.870158092305866e-09,5.8701111442799556e-09,5.870064195245239e-09,5.870017245228508e-09,5.86997029422937e-09,5.869923342254545e-09,5.869876389308882e-09,5.869829435396022e-09,5.86978248052019e-09,5.869735524686949e-09,5.869688567897225e-09,5.869641610158323e-09,5.869594651470344e-09,5.869547691843213e-09,5.869500731279932e-09,5.869453769782044e-09,5.869406807354963e-09,5.869359844002892e-09,5.869312879728818e-09,5.86926591453387e-09,5.869218948432565e-09,5.869171981420959e-09,5.869125013505796e-09,5.86907804469035e-09,5.869031074978069e-09,5.8689841043725315e-09,5.868937132873209e-09,5.868890160496127e-09,5.8688431872385395e-09,5.8687962131064475e-09,5.868749238101616e-09,5.868702262228561e-09,5.868655285495769e-09,5.868608307897926e-09,5.8685613294443495e-09,5.868514350139276e-09,5.868467369984708e-09,5.868420388986359e-09,5.868373407148856e-09,5.868326424491682e-09,5.868279440983789e-09,5.868232456648881e-09,5.868185471487554e-09,5.868138485505474e-09,5.868091498704828e-09,5.8680445110917055e-09,5.8679975226714515e-09,5.867950533443946e-09,5.8679035434120125e-09,5.8678565525886516e-09,5.867809560976035e-09,5.867762568563717e-09,5.867715575363561e-09,5.867668581382432e-09,5.867621586621043e-09,5.867574591085786e-09,5.8675275947776555e-09,5.867480597709745e-09,5.867433599870181e-09,5.867386601269589e-09,5.8673396019118506e-09,5.867292601800459e-09,5.8672456009405766e-09,5.867198599332467e-09,5.867151596982505e-09,5.8671045938961275e-09,5.867057590073829e-09,5.867010585520764e-09,5.866963580238759e-09,5.866916574235168e-09,5.866869567509495e-09,5.866822560057641e-09,5.866775551902427e-09,5.866728543037714e-09,5.8666815334657555e-09,5.866634523189787e-09,5.8665875122176766e-09,5.8665405005471705e-09,5.866493488184591e-09,5.8664464751331875e-09,5.866399461397463e-09,5.866352446970474e-09,5.866305431876343e-09,5.866258416103764e-09,5.866211399661394e-09,5.866164382550603e-09,5.8661173647764116e-09,5.866070346340687e-09,5.866023327246993e-09,5.8659763075001e-09,5.865929287099425e-09,5.8658822660647085e-09,5.865835244374479e-09,5.865788222053455e-09,5.865741199086284e-09,5.865694175491877e-09,5.865647151257979e-09,5.865600126397873e-09,5.865553100915481e-09,5.8655060748114975e-09,5.8654590480892325e-09,5.865412020751994e-09,5.865364992814273e-09,5.865317964261009e-09,5.865270935102261e-09,5.865223905342577e-09,5.865176874968343e-09,5.865129844016469e-09,5.865082812475037e-09,5.865035780333458e-09,5.864988747615583e-09,5.864941714316195e-09,5.864894680440186e-09,5.8648476459919875e-09,5.86480061096779e-09,5.8647535753755304e-09,5.864706539216627e-09,5.864659502495882e-09,5.864612465215702e-09,5.864565427357539e-09,5.864518388967051e-09,5.864471350027945e-09,5.864424310541683e-09,5.864377270510995e-09,5.8643302299402264e-09,5.864283188828962e-09,5.864236147187373e-09,5.8641891050137314e-09,5.864142062309123e-09,5.864095019078971e-09,5.8640479753291405e-09,5.864000931060156e-09,5.863953886273114e-09,5.863906840973092e-09,5.863859795156382e-09,5.863812748842027e-09,5.8637657020195095e-09,5.863718654696886e-09,5.86367160687542e-09,5.863624558558695e-09,5.863577509750095e-09,5.863530460451035e-09,5.863483410664905e-09,5.863436360396028e-09,5.863389309645891e-09,5.8633422584190766e-09,5.863295206719037e-09,5.8632481545302455e-09,5.863201101889763e-09,5.863154048783039e-09,5.863106995213669e-09,5.863059941183612e-09,5.863012886683887e-09,5.862965831741042e-09,5.862918776347332e-09,5.862871720503987e-09,5.86282466421287e-09,5.862777607466549e-09,5.8627305502943765e-09,5.862683492684092e-09,5.862636434630934e-09,5.86258937615191e-09,5.862542317245e-09,5.862495257910865e-09,5.862448198155736e-09,5.8624011379799774e-09,5.862354077377573e-09,5.86230701635905e-09,5.8622599549341795e-09,5.862212893099736e-09,5.862165830846553e-09,5.862118768201829e-09,5.862071705155626e-09,5.862024641710831e-09,5.861977577876054e-09,5.861930513639873e-09,5.86188344899492e-09,5.861836383982289e-09,5.861789318589883e-09,5.861742252802066e-09,5.861695186641304e-09,5.861648120104216e-09,5.861601053191662e-09,5.861553985907047e-09,5.8615069182519245e-09,5.861459850238204e-09,5.861412781853454e-09,5.861365713107309e-09,5.861318644000314e-09,5.861271574534789e-09,5.8612245047177675e-09,5.861177434553142e-09,5.86113036403632e-09,5.86108329317493e-09,5.861036221969296e-09,5.860989150421514e-09,5.860942078535376e-09,5.860895006314109e-09,5.860847933759522e-09,5.860800860872263e-09,5.860753787657626e-09,5.860706714118238e-09,5.860659640255599e-09,5.860612566079732e-09,5.86056549157676e-09,5.860518416764855e-09,5.860471341622708e-09,5.8604242661611525e-09,5.860377190411627e-09,5.860330114363477e-09,5.860283038003211e-09,5.860235961341996e-09,5.86018888438382e-09,5.860141807126434e-09,5.860094729578078e-09,5.8600476517391525e-09,5.860000573612995e-09,5.859953495184038e-09,5.859906416486646e-09,5.8598593375252154e-09,5.85981225826892e-09,5.859765178735517e-09,5.85971809892532e-09,5.859671018844365e-09,5.859623938495817e-09,5.859576857862947e-09,5.859529776979858e-09,5.859482695841227e-09,5.859435614437187e-09,5.859388532774367e-09,5.859341450848583e-09,5.859294368677113e-09,5.859247286256693e-09,5.859200203584778e-09,5.85915312066669e-09,5.85910603750657e-09,5.859058954104267e-09,5.859011870462787e-09,5.858964786585384e-09,5.858917702474226e-09,5.8588706181307765e-09,5.858823533556155e-09,5.858776448745976e-09,5.8587293637163365e-09,5.858682278464624e-09,5.858635192991773e-09,5.858588107300175e-09,5.858541021393318e-09,5.858493935269566e-09,5.858446848933471e-09,5.858399762387118e-09,5.858352675640693e-09,5.858305588682237e-09,5.858258501533797e-09,5.858211414172741e-09,5.858164326611016e-09,5.858117238859274e-09,5.8580701509063164e-09,5.858023062761378e-09,5.857975974423965e-09,5.857928885899342e-09,5.857881797190315e-09,5.8578347082983144e-09,5.8577876192240095e-09,5.857740529967059e-09,5.857693440531496e-09,5.857646350910263e-09,5.857599261127297e-09,5.8575521711769335e-09,5.857505081046164e-09,5.85745799075786e-09,5.8574109003078e-09,5.8573638096951806e-09,5.857316718921566e-09,5.8572696279899124e-09,5.857222536902767e-09,5.857175445656301e-09,5.857128354261939e-09,5.857081262717499e-09,5.857034171025163e-09,5.8569870791868685e-09,5.856939987204333e-09,5.856892895080864e-09,5.856845802818045e-09,5.856798710416482e-09,5.856751617869442e-09,5.856704525198468e-09,5.856657432392178e-09,5.856610339459905e-09,5.856563246399349e-09,5.856516153214353e-09,5.856469059905948e-09,5.856421966474605e-09,5.856374872923953e-09,5.856327779256271e-09,5.856280685471767e-09,5.856233591568378e-09,5.856186497559547e-09,5.85613940344248e-09,5.856092309215888e-09,5.856045214881533e-09,5.8559981204443775e-09,5.855951025900176e-09,5.855903931269029e-09,5.8558568365256335e-09,5.85580974170143e-09,5.8557626467766054e-09,5.855715551757707e-09,5.855668456646842e-09,5.855621361454673e-09,5.855574266171465e-09,5.855527170801888e-09,5.855480075349482e-09,5.855432979815355e-09,5.855385884198388e-09,5.855338788508066e-09,5.855291692746478e-09,5.855244596907198e-09,5.8551975009979085e-09,5.855150405019685e-09,5.8551033089659116e-09,5.855056212845845e-09,5.855009116668243e-09,5.854962020428215e-09,5.854914924128671e-09,5.854867827769465e-09,5.854820731345973e-09,5.854773634876141e-09,5.854726538353677e-09,5.854679441779552e-09,5.854632345155369e-09,5.854585248483261e-09,5.8545381517654e-09,5.854491055003686e-09,5.854443958200747e-09,5.854396861355654e-09,5.854349764471633e-09,5.8543026675526075e-09,5.8542555705897276e-09,5.854208473600524e-09,5.85416137657484e-09,5.854114279523845e-09,5.854067182446031e-09,5.854020085341832e-09,5.853972988212865e-09,5.8539258910560255e-09,5.853878793899377e-09,5.853831696709085e-09,5.853784599496412e-09,5.853737502270806e-09,5.853690405034133e-09,5.8536433077801675e-09,5.853596210516972e-09,5.853549113249731e-09,5.853502015962988e-09,5.853454918679352e-09,5.853407821390678e-09,5.853360724100364e-09,5.8533136268095815e-09,5.853266529517487e-09,5.8532194322306285e-09,5.85317233494941e-09,5.853125237674707e-09,5.853078140405999e-09,5.853031043147196e-09,5.852983945900296e-09,5.8529368486657114e-09,5.852889751445771e-09,5.852842654243363e-09,5.852795557057691e-09,5.852748459885076e-09,5.852701362738842e-09,5.852654265615026e-09,5.852607168517618e-09,5.852560071444193e-09,5.852512974399989e-09,5.852465877382488e-09,5.852418780397834e-09,5.85237168344029e-09,5.8523245865248185e-09,5.852277489643767e-09,5.852230392802349e-09,5.8521832959891275e-09,5.852136199224863e-09,5.852089102502727e-09,5.8520420058231276e-09,5.85199490920906e-09,5.851947812617705e-09,5.851900716075368e-09,5.851853619587673e-09,5.8518065231516715e-09,5.8517594267674905e-09,5.851712330440329e-09,5.851665234164516e-09,5.85161813794852e-09,5.85157104179437e-09,5.8515239456982874e-09,5.851476849667268e-09,5.851429753701597e-09,5.851382657799062e-09,5.8513355619603716e-09,5.851288466194318e-09,5.8512413704986256e-09,5.851194274874752e-09,5.851147179322888e-09,5.851100083846794e-09,5.851052988446661e-09,5.851005893123406e-09,5.8509587978792006e-09,5.850911702715704e-09,5.850864607626957e-09,5.850817512631129e-09,5.850770417717896e-09,5.8507233228821915e-09,5.850676228145507e-09,5.850629133501715e-09,5.850582038945751e-09,5.850534944481676e-09,5.850487850110164e-09,5.850440755835367e-09,5.850393661639437e-09,5.850346567558525e-09,5.850299473577598e-09,5.850252379699874e-09,5.850205285926623e-09,5.8501581922554225e-09,5.85011109868956e-09,5.850064005233249e-09,5.850016911883745e-09,5.849969818643392e-09,5.849922725510485e-09,5.849875632495605e-09,5.849828539594383e-09,5.849781446801775e-09,5.849734354132963e-09,5.849687261582189e-09,5.849640169152413e-09,5.849593076843553e-09,5.849545984652768e-09,5.849498892590918e-09,5.849451800653434e-09,5.849404708844047e-09,5.849357617162582e-09,5.849310525610879e-09,5.849263434190371e-09,5.849216342902248e-09,5.849169251746635e-09,5.8491221607279535e-09,5.849075069835573e-09,5.84902797908951e-09,5.8489808884875696e-09,5.848933798021004e-09,5.8488867076945294e-09,5.848839617513537e-09,5.848792527478035e-09,5.848745437587208e-09,5.848698347843998e-09,5.848651258250518e-09,5.848604168807069e-09,5.848557079536221e-09,5.848509990393973e-09,5.8484629014053434e-09,5.848415812572891e-09,5.848368723900624e-09,5.848321635388167e-09,5.848274547031488e-09,5.848227458827976e-09,5.8481803707916124e-09,5.8481332829158285e-09,5.8480861952074874e-09,5.848039107665705e-09,5.847992020297386e-09,5.847944933090488e-09,5.847897846053831e-09,5.8478507591875075e-09,5.847803672493455e-09,5.847756585972121e-09,5.847709499626572e-09,5.847662413467326e-09,5.847615327474952e-09,5.8475682416610435e-09,5.847521156027607e-09,5.847474070580143e-09,5.847426985309597e-09,5.847379900222244e-09,5.847332815320196e-09,5.8472857306043015e-09,5.847238646078627e-09,5.847191561738266e-09,5.847144477587882e-09,5.8470973936525326e-09,5.84705030988582e-09,5.847003226301582e-09,5.84695614292575e-09,5.846909059747288e-09,5.846861976762425e-09,5.846814893979606e-09,5.8467678113935045e-09,5.8467207290087845e-09,5.846673646825373e-09,5.846626564847126e-09,5.846579483071592e-09,5.846532401502018e-09,5.846485320149368e-09,5.846438238995412e-09,5.846391158050773e-09,5.846344077316861e-09,5.846296996792775e-09,5.8462499164823605e-09,5.8462028363869844e-09,5.8461557565070145e-09,5.846108676843661e-09,5.846061597398003e-09,5.8460145181715595e-09,5.8459674391651245e-09,5.8459203603795816e-09,5.845873281820033e-09,5.84582620348065e-09,5.845779125365804e-09,5.8457320474764685e-09,5.8456849698170905e-09,5.845637892383904e-09,5.845590815179951e-09,5.845543738206707e-09,5.845496661465161e-09,5.845449584956562e-09,5.845402508681977e-09,5.845355432644281e-09,5.845308356838213e-09,5.845261281274932e-09,5.845214205948895e-09,5.845167130863725e-09,5.845120056017335e-09,5.845072981413631e-09,5.8450259070627695e-09,5.844978832943654e-09,5.844931759071325e-09,5.844884685445903e-09,5.844837612068812e-09,5.844790538943928e-09,5.8447434660895626e-09,5.84469639346489e-09,5.844649321088512e-09,5.8446022489540435e-09,5.844555177084893e-09,5.844508105468165e-09,5.844461034111207e-09,5.844413963014458e-09,5.844366892188996e-09,5.8443198216067156e-09,5.84427275128624e-09,5.844225681226138e-09,5.844178611433147e-09,5.844131541898263e-09,5.844084472630465e-09,5.8440374036375e-09,5.843990334903645e-09,5.843943266438875e-09,5.843896198242518e-09,5.843849130316892e-09,5.843802062667667e-09,5.843754995286385e-09,5.843707928179515e-09,5.84366086134838e-09,5.8436137947915566e-09,5.8435667285104814e-09,5.843519662508131e-09,5.843472596783416e-09,5.84342553134137e-09,5.843378466179148e-09,5.843331401315424e-09,5.843284336721223e-09,5.8432372724337116e-09,5.843190208405501e-09,5.84314314466389e-09,5.84309608120884e-09,5.843049018042238e-09,5.843001955187593e-09,5.842954892601396e-09,5.84290783030608e-09,5.842860768328002e-09,5.8428137066183754e-09,5.842766645203096e-09,5.84271958408339e-09,5.842672523257636e-09,5.842625462723443e-09,5.842578402496244e-09,5.8425313425680156e-09,5.842484282943665e-09,5.8424372236212135e-09,5.842390164597217e-09,5.842343105876444e-09,5.842296047478782e-09,5.842248989364959e-09,5.8422019315609184e-09,5.842154874063196e-09,5.8421078168736415e-09,5.842060760017246e-09,5.8420137034629955e-09,5.841966647204434e-09,5.841919591271367e-09,5.841872535654012e-09,5.84182548033572e-09,5.8417784253329646e-09,5.841731370646431e-09,5.841684316274443e-09,5.8416372622227645e-09,5.841590208503628e-09,5.841543155090501e-09,5.841496102002686e-09,5.841449049233028e-09,5.841401996781634e-09,5.841354944658002e-09,5.841307892860469e-09,5.841260841386057e-09,5.841213790252814e-09,5.841166739455516e-09,5.841119688992305e-09,5.841072638823499e-09,5.8410255889943e-09,5.840978539500038e-09,5.840931490334016e-09,5.8408844415046355e-09,5.8408373930105756e-09,5.8407903448474185e-09,5.8407432970195955e-09,5.840696249529502e-09,5.8406492023780366e-09,5.840602155558764e-09,5.8405551090840094e-09,5.840508062950174e-09,5.840461017157802e-09,5.840413971708778e-09,5.840366926602821e-09,5.8403198818403745e-09,5.840272837423255e-09,5.840225793352611e-09,5.84017874963154e-09,5.840131706255785e-09,5.840084663228795e-09,5.840037620555099e-09,5.839990578228415e-09,5.839943536253308e-09,5.839896494634326e-09,5.839849453365125e-09,5.839802412457861e-09,5.8397553718975175e-09,5.839708331693451e-09,5.83966129184647e-09,5.839614252357562e-09,5.8395672132274955e-09,5.839520174460227e-09,5.839473136053617e-09,5.8394260980115186e-09,5.839379060299307e-09,5.839332022975223e-09,5.839284986010358e-09,5.839237949428798e-09,5.839190913197931e-09,5.839143877333967e-09,5.839096841840534e-09,5.839049806697727e-09,5.83900277193903e-09,5.838955737553042e-09,5.838908703530897e-09,5.838861669871864e-09,5.838814636602795e-09,5.83876760370178e-09,5.838720571179019e-09,5.838673539023549e-09,5.838626507250305e-09,5.838579475854865e-09,5.8385324448438425e-09,5.838485414200495e-09,5.838438383936244e-09,5.838391354052867e-09,5.838344324551141e-09,5.838297295430562e-09,5.838250266694193e-09,5.8382032383404105e-09,5.83815621036999e-09,5.838109182785599e-09,5.838062155575608e-09,5.838015128765951e-09,5.837968102343232e-09,5.83792107630707e-09,5.837874050665501e-09,5.837827025411423e-09,5.837780000540524e-09,5.837732976064718e-09,5.8376859519847205e-09,5.837638928293509e-09,5.837591904997075e-09,5.837544882097375e-09,5.837497859601362e-09,5.837450837492739e-09,5.837403815801271e-09,5.837356794487338e-09,5.837309773586757e-09,5.837262753072996e-09,5.837215732958263e-09,5.837168713245115e-09,5.837121693935717e-09,5.837074675039392e-09,5.8370276565385676e-09,5.836980638438972e-09,5.8369336207269375e-09,5.836886603439966e-09,5.836839586553831e-09,5.836792570102015e-09,5.836745554047366e-09,5.83669853839071e-09,5.83665152314827e-09,5.8366045083113355e-09,5.836557493896702e-09,5.836510479884697e-09,5.836463466285573e-09,5.836416453106673e-09,5.836369440334722e-09,5.8363224279834675e-09,5.836275416050142e-09,5.836228404529221e-09,5.836181393437522e-09,5.836134382751447e-09,5.836087372479497e-09,5.836040362633818e-09,5.835993353220392e-09,5.8359463442154585e-09,5.835899335635437e-09,5.835852327470178e-09,5.8358053197370754e-09,5.83575831242561e-09,5.8357113055398816e-09,5.835664299080378e-09,5.835617293045221e-09,5.835570287440855e-09,5.835523282270463e-09,5.835476277524812e-09,5.83542927320456e-09,5.835382269308875e-09,5.835335265855796e-09,5.835288262823405e-09,5.835241260230301e-09,5.835194258081352e-09,5.8351472563556865e-09,5.835100255062647e-09,5.835053254223011e-09,5.83500625380499e-09,5.834959253838051e-09,5.834912254284736e-09,5.8348652551701905e-09,5.834818256502777e-09,5.834771258277788e-09,5.834724260493554e-09,5.834677263149872e-09,5.834630266231866e-09,5.8345832697600786e-09,5.8345362737455314e-09,5.834489278168796e-09,5.834442283042598e-09,5.83439528836021e-09,5.834348294125945e-09,5.834301300339715e-09,5.834254306999464e-09,5.834207314109213e-09,5.834160321668279e-09,5.834113329665682e-09,5.834066338125361e-09,5.834019347035506e-09,5.833972356398514e-09,5.8339253662142816e-09,5.8338783764852136e-09,5.833831387207515e-09,5.833784398383707e-09,5.83373741001938e-09,5.833690422105175e-09,5.833643434664515e-09,5.8335964476605925e-09,5.833549461121052e-09,5.83350247503562e-09,5.83345548941547e-09,5.833408504258865e-09,5.833361519559065e-09,5.8333145353304095e-09,5.8332675515497106e-09,5.833220568248628e-09,5.833173585394149e-09,5.833126603010866e-09,5.8330796210916975e-09,5.833032639652644e-09,5.832985658660454e-09,5.832938678144143e-09,5.832891698087261e-09,5.832844718502056e-09,5.832797739388102e-09,5.8327507607535795e-09,5.832703782590934e-09,5.832656804890473e-09,5.832609827658577e-09,5.832562850899449e-09,5.83251587460077e-09,5.832468898782678e-09,5.83242192344423e-09,5.832374948573936e-09,5.832327974185028e-09,5.83228100027441e-09,5.832234026840801e-09,5.832187053883287e-09,5.83214008140578e-09,5.8320931094010926e-09,5.8320461378672584e-09,5.8319991668130095e-09,5.831952196247348e-09,5.8319052261706315e-09,5.831858256575987e-09,5.831811287475358e-09,5.831764318843729e-09,5.831717350699402e-09,5.831670383043772e-09,5.831623415869295e-09,5.831576449158468e-09,5.831529482962945e-09,5.83148251723986e-09,5.831435552008278e-09,5.831388587271511e-09,5.831341623020032e-09,5.831294659265488e-09,5.8312476959947904e-09,5.831200733227896e-09,5.831153770932665e-09,5.8311068091385875e-09,5.831059847831857e-09,5.831012887024373e-09,5.830965926711588e-09,5.830918966892589e-09,5.830872007564825e-09,5.830825048737913e-09,5.8307780904110525e-09,5.830731132573146e-09,5.83068417523827e-09,5.8306372183964244e-09,5.83059026205204e-09,5.830543306208737e-09,5.830496350871372e-09,5.8304493960361605e-09,5.8304024417102755e-09,5.8303554878621534e-09,5.8303085345328945e-09,5.830261581711368e-09,5.830214629389832e-09,5.830167677571141e-09,5.830120726257653e-09,5.830073775446346e-09,5.830026825149572e-09,5.8299798753560695e-09,5.8299329260710025e-09,5.829885977291919e-09,5.829839029021552e-09,5.829792081261968e-09,5.829745134013356e-09,5.8296981872694725e-09,5.829651241044446e-09,5.829604295327822e-09,5.829557350124764e-09,5.829510405424779e-09,5.829463461248764e-09,5.829416517579695e-09,5.829369574432258e-09,5.829322631799536e-09,5.829275689682509e-09,5.82922874807501e-09,5.829181806984772e-09,5.829134866414168e-09,5.829087926351956e-09,5.82904098682127e-09,5.828994047809844e-09,5.828947109322289e-09,5.828900171349278e-09,5.828853233902231e-09,5.828806296980432e-09,5.828759360576937e-09,5.828712424683981e-09,5.8286654893320755e-09,5.828618554492181e-09,5.828571620182102e-09,5.828524686413803e-09,5.828477753155873e-09,5.828430820424043e-09,5.828383888213338e-09,5.828336956533262e-09,5.82829002538397e-09,5.828243094760767e-09,5.828196164667994e-09,5.828149235107758e-09,5.828102306077102e-09,5.828055377572804e-09,5.828008449598616e-09,5.827961522160069e-09,5.827914595246865e-09,5.827867668868147e-09,5.827820743027421e-09,5.827773817720637e-09,5.827726892944399e-09,5.827679968728907e-09,5.827633045029955e-09,5.82758612186102e-09,5.827539199238225e-09,5.8274922771423035e-09,5.8274453555848525e-09,5.8273984345609695e-09,5.827351514091087e-09,5.827304594156931e-09,5.8272576747549995e-09,5.827210755902752e-09,5.827163837589922e-09,5.82711691981904e-09,5.827070002581554e-09,5.827023085895979e-09,5.8269761697541935e-09,5.826929254153292e-09,5.82688233910013e-09,5.826835424591455e-09,5.8267885106267995e-09,5.8267415972086155e-09,5.8266946843397746e-09,5.8266477720052295e-09,5.826600860230482e-09,5.826553949002076e-09,5.8265070383175874e-09,5.826460128187598e-09,5.826413218601928e-09,5.826366309555328e-09,5.826319401074551e-09,5.826272493159961e-09,5.8262255857833555e-09,5.826178678962145e-09,5.82613177267767e-09,5.8260848669547716e-09,5.82603796179143e-09,5.8259910571824944e-09,5.825944153128348e-09,5.825897249633154e-09,5.825850346690121e-09,5.825803444303663e-09,5.82575654247225e-09,5.825709641195749e-09,5.825662740480948e-09,5.8256158403213345e-09,5.825568940725152e-09,5.82552204168883e-09,5.825475143212352e-09,5.8254282453018996e-09,5.82538134794654e-09,5.825334451152211e-09,5.825287554920916e-09,5.825240659247273e-09,5.825193764148082e-09,5.825146869599162e-09,5.825099975626131e-09,5.8250530822344216e-09,5.825006189387624e-09,5.824959297106724e-09,5.824912405391165e-09,5.8248655142439494e-09,5.824818623659376e-09,5.8247717336340646e-09,5.82472484418828e-09,5.824677955311234e-09,5.8246310670018115e-09,5.824584179264101e-09,5.8245372920976746e-09,5.824490405500696e-09,5.8244435194724285e-09,5.8243966340201945e-09,5.824349749130072e-09,5.824302864819825e-09,5.824255981085368e-09,5.824209097918432e-09,5.824162215333922e-09,5.824115333317529e-09,5.824068451868388e-09,5.8240215710096456e-09,5.823974690733503e-09,5.823927811019096e-09,5.8238809318780955e-09,5.823834053321123e-09,5.823787175341928e-09,5.823740297945988e-09,5.823693421124534e-09,5.823646544884279e-09,5.823599669231825e-09,5.8235527941490755e-09,5.823505919647411e-09,5.823459045721654e-09,5.823412172382324e-09,5.82336529962701e-09,5.823318427451538e-09,5.823271555878786e-09,5.823224684873256e-09,5.823177814450886e-09,5.82313094461397e-09,5.823084075362587e-09,5.823037206693776e-09,5.822990338613587e-09,5.822943471113551e-09,5.822896604207519e-09,5.822849737888334e-09,5.822802872158177e-09,5.822756007012141e-09,5.8227091424629166e-09,5.822662278485228e-09,5.822615415110886e-09,5.822568552336439e-09,5.822521690137015e-09,5.822474828536011e-09,5.822427967524874e-09,5.822381107105849e-09,5.822334247281921e-09,5.822287388047799e-09,5.822240529401454e-09,5.822193671357308e-09,5.822146813910584e-09,5.82209995705375e-09,5.822053100793435e-09,5.822006245134513e-09,5.8219593900651136e-09,5.821912535591017e-09,5.8218656817153745e-09,5.821818828437017e-09,5.821771975756067e-09,5.82172512366517e-09,5.8216782721809995e-09,5.821631421297502e-09,5.821584571015151e-09,5.821537721332898e-09,5.821490872247754e-09,5.821444023765983e-09,5.8213971758881224e-09,5.821350328610469e-09,5.82130348193154e-09,5.8212566358599624e-09,5.821209790390217e-09,5.821162945526728e-09,5.821116101282397e-09,5.82106925761623e-09,5.821022414572708e-09,5.820975572132367e-09,5.820928730289891e-09,5.820881889056388e-09,5.820835048432057e-09,5.82078820842041e-09,5.820741369016956e-09,5.820694530214821e-09,5.820647692020605e-09,5.820600854433853e-09,5.8205540174689144e-09,5.820507181104106e-09,5.820460345355032e-09,5.820413510211408e-09,5.820366675678609e-09,5.820319841757405e-09,5.820273008448073e-09,5.8202261757511874e-09,5.82017934366795e-09,5.820132512197519e-09,5.820085681341229e-09,5.820038851101234e-09,5.819992021474089e-09,5.819945192459999e-09,5.819898364060965e-09,5.8198515362796975e-09,5.819804709114178e-09,5.819757882566795e-09,5.819711056636437e-09,5.819664231323712e-09,5.819617406628724e-09,5.819570582548557e-09,5.819523759090907e-09,5.819476936255134e-09,5.819430114028826e-09,5.819383292424926e-09,5.819336471439145e-09,5.8192896510820014e-09,5.8192428313463595e-09,5.819196012232781e-09,5.819149193734103e-09,5.819102375865282e-09,5.819055558610239e-09,5.8190087419880975e-09,5.8189619259945256e-09,5.818915110617791e-09,5.818868295862347e-09,5.818821481738169e-09,5.818774668240148e-09,5.8187278553670414e-09,5.818681043127579e-09,5.818634231505346e-09,5.8185874205147085e-09,5.818540610149833e-09,5.8184938004109365e-09,5.8184469912824475e-09,5.818400182800685e-09,5.818353374951493e-09,5.818306567720473e-09,5.818259761126763e-09,5.818212955163608e-09,5.818166149827266e-09,5.8181193451345265e-09,5.81807254106478e-09,5.818025737630479e-09,5.817978934814399e-09,5.8179321326444614e-09,5.817885331108317e-09,5.817838530204906e-09,5.817791729936529e-09,5.817744930295197e-09,5.817698131301485e-09,5.817651332937844e-09,5.817604535204437e-09,5.817557738109438e-09,5.8175109416535044e-09,5.817464145829342e-09,5.817417350646138e-09,5.8173705561049725e-09,5.817323762205793e-09,5.817276968940712e-09,5.817230176312853e-09,5.8171833843233175e-09,5.817136592969418e-09,5.817089802257954e-09,5.817043012188436e-09,5.816996222756536e-09,5.816949433968622e-09,5.8169026458104945e-09,5.8168558583053736e-09,5.81680907143249e-09,5.816762285248672e-09,5.816715499672435e-09,5.8166687147305725e-09,5.816621930444774e-09,5.8165751467994946e-09,5.81652836379222e-09,5.8164815814366016e-09,5.816434799745324e-09,5.8163880186806576e-09,5.816341238262306e-09,5.8162944584885714e-09,5.8162476793626e-09,5.816200900881891e-09,5.816154123044187e-09,5.8161073458618115e-09,5.816060569324818e-09,5.816013793436032e-09,5.815967018200305e-09,5.815920243615374e-09,5.815873469678179e-09,5.815826696372662e-09,5.815779923749813e-09,5.815733151765077e-09,5.815686380430218e-09,5.815639609764782e-09,5.815592839731689e-09,5.815546070353642e-09,5.815499301626146e-09,5.815452533570668e-09,5.815405766157092e-09,5.815358999393183e-09,5.815312233281191e-09,5.8152654678261265e-09,5.815218703023289e-09,5.815171938878714e-09,5.815125175389275e-09,5.815078412556526e-09,5.8150316503704285e-09,5.8149848888458454e-09,5.8149381279940555e-09,5.814891367769346e-09,5.814844608220212e-09,5.814797849341775e-09,5.814751091151165e-09,5.8147043335860354e-09,5.814657576666795e-09,5.814610820401401e-09,5.814564064801538e-09,5.814517309865612e-09,5.814470555595859e-09,5.81442380198822e-09,5.814377049041524e-09,5.814330296756776e-09,5.814283545135316e-09,5.814236794178021e-09,5.814190043882364e-09,5.8141432942550645e-09,5.814096545286806e-09,5.814049796991572e-09,5.814003049351158e-09,5.8139563023726296e-09,5.81390955607129e-09,5.8138628104034176e-09,5.8138160654114726e-09,5.8137693211008e-09,5.8137225774543926e-09,5.813675834470692e-09,5.813629092153957e-09,5.813582350496455e-09,5.813535609522102e-09,5.813488869226857e-09,5.813442129589403e-09,5.8133953906205684e-09,5.813348652316743e-09,5.8133019146887374e-09,5.813255177720595e-09,5.813208441421757e-09,5.81316170580378e-09,5.81311497086372e-09,5.813068236588789e-09,5.813021502968215e-09,5.8129747700352036e-09,5.8129280377748445e-09,5.812881306190114e-09,5.8128345752791125e-09,5.8127878450327886e-09,5.812741115498465e-09,5.812694386618774e-09,5.812647658402623e-09,5.812600930857655e-09,5.812554203989686e-09,5.812507477798587e-09,5.812460752287615e-09,5.8124140274485475e-09,5.8123673032841525e-09,5.812320579784679e-09,5.812273856968379e-09,5.8122271348289035e-09,5.812180413376879e-09,5.8121336925943486e-09,5.8120869724999965e-09,5.812040253080567e-09,5.811993534335752e-09,5.811946816266375e-09,5.811900098875543e-09,5.811853382171722e-09,5.811806666154184e-09,5.81175995082474e-09,5.811713236179667e-09,5.811666522207436e-09,5.811619808934249e-09,5.811573096333966e-09,5.811526384396549e-09,5.811479673151453e-09,5.811432962588631e-09,5.811386252721767e-09,5.811339543532229e-09,5.811292835031337e-09,5.8112461272098405e-09,5.811199420073302e-09,5.811152713623378e-09,5.811106007854806e-09,5.811059302774581e-09,5.811012598381451e-09,5.8109658946749915e-09,5.810919191637508e-09,5.810872489296633e-09,5.810825787645878e-09,5.810779086687948e-09,5.810732386399801e-09,5.810685686820015e-09,5.8106389879294875e-09,5.810592289721728e-09,5.810545592209508e-09,5.810498895382357e-09,5.8104521992583166e-09,5.810405503818305e-09,5.810358809054143e-09,5.810312114995984e-09,5.8102654216279455e-09,5.8102187289484145e-09,5.810172036952246e-09,5.81012534565256e-09,5.810078655055045e-09,5.8100319651495175e-09,5.809985275934155e-09,5.809938587415616e-09,5.809891899591754e-09,5.809845212457391e-09,5.80979852603213e-09,5.809751840293176e-09,5.809705155248603e-09,5.80965847089446e-09,5.809611787227047e-09,5.809565104268082e-09,5.809518422004475e-09,5.809471740421633e-09,5.809425059540032e-09,5.80937837937018e-09,5.809331699899954e-09,5.809285021106587e-09,5.8092383430278865e-09,5.809191665632202e-09,5.809144988954845e-09,5.809098312978421e-09,5.8090516376953245e-09,5.8090049631139726e-09,5.808958289244836e-09,5.808911616063441e-09,5.808864943592809e-09,5.808818271818039e-09,5.808771600745492e-09,5.808724930368164e-09,5.808678260692797e-09,5.808631591726047e-09,5.808584923464021e-09,5.808538255916935e-09,5.808491589056619e-09,5.808444922902168e-09,5.808398257452386e-09,5.808351592691175e-09,5.808304928651497e-09,5.808258265324976e-09,5.808211602700342e-09,5.808164940766207e-09,5.808118279536973e-09,5.808071619023265e-09,5.808024959215733e-09,5.807978300135303e-09,5.8079316417485635e-09,5.807884984057253e-09,5.807838327070573e-09,5.807791670801121e-09,5.8077450152347515e-09,5.807698360374385e-09,5.807651706230379e-09,5.807605052791715e-09,5.807558400061428e-09,5.807511748044383e-09,5.807465096737625e-09,5.807418446140317e-09,5.807371796255555e-09,5.8073251470770255e-09,5.807278498606347e-09,5.807231850860431e-09,5.807185203818409e-09,5.80713855748997e-09,5.807091911873433e-09,5.807045266963906e-09,5.8069986227730655e-09,5.8069519792967065e-09,5.8069053365325185e-09,5.806858694482806e-09,5.80681205314648e-09,5.8067654125084945e-09,5.806718772602058e-09,5.80667213341009e-09,5.806625494925968e-09,5.806578857152872e-09,5.806532220119929e-09,5.806485583785997e-09,5.80643894817309e-09,5.80639231327847e-09,5.8063456790973934e-09,5.806299045636952e-09,5.806252412892714e-09,5.806205780867395e-09,5.806159149559973e-09,5.8061125189708955e-09,5.806065889100358e-09,5.806019259943763e-09,5.805972631511096e-09,5.805926003806047e-09,5.805879376811859e-09,5.8058327505304424e-09,5.805786124976647e-09,5.805739500151915e-09,5.805692876041659e-09,5.805646252652637e-09,5.805599629985136e-09,5.805553008038504e-09,5.805506386809547e-09,5.805459766307778e-09,5.80541314653534e-09,5.805366527481088e-09,5.8053199091447546e-09,5.805273291517938e-09,5.805226674632275e-09,5.8051800584561136e-09,5.805133443019869e-09,5.805086828294234e-09,5.805040214304081e-09,5.804993601042085e-09,5.8049469885065795e-09,5.804900376703863e-09,5.804853765619621e-09,5.804807155269131e-09,5.8047605456382356e-09,5.804713936720585e-09,5.804667328543364e-09,5.804620721091658e-09,5.8045741143692245e-09,5.80452750837498e-09,5.80448090310949e-09,5.804434298577967e-09,5.804387694751233e-09,5.804341091672364e-09,5.804294489325232e-09,5.804247887687281e-09,5.8042012867954585e-09,5.80415468663984e-09,5.80410808721082e-09,5.804061488511683e-09,5.804014890543856e-09,5.803968293310031e-09,5.803921696799458e-09,5.803875101033331e-09,5.803828505975319e-09,5.803781911665218e-09,5.8037353180896254e-09,5.803688725242676e-09,5.803642133103131e-09,5.803595541724683e-09,5.803548951081602e-09,5.803502361172399e-09,5.803455771997558e-09,5.803409183554177e-09,5.803362595848992e-09,5.8033160088774625e-09,5.803269422642398e-09,5.803222837137191e-09,5.803176252378335e-09,5.8031296683512565e-09,5.803083085060931e-09,5.803036502506755e-09,5.802989920690845e-09,5.8029433396053325e-09,5.802896759263133e-09,5.802850179657193e-09,5.802803600789387e-09,5.802757022648744e-09,5.8027104452575265e-09,5.8026638685873235e-09,5.8026172926739015e-09,5.8025707174980045e-09,5.802524143064357e-09,5.802477569368309e-09,5.802430996414583e-09,5.802384424201079e-09,5.802337852724002e-09,5.802291281992302e-09,5.80224471199875e-09,5.802198142743081e-09,5.8021515742304966e-09,5.802105006461823e-09,5.802058439434836e-09,5.8020118731550536e-09,5.8019653076166536e-09,5.801918742821166e-09,5.801872178764367e-09,5.8018256154583036e-09,5.801779052893114e-09,5.801732491071818e-09,5.801685929991466e-09,5.801639369657936e-09,5.801592810068683e-09,5.801546251225671e-09,5.801499693128083e-09,5.801453135779409e-09,5.801406579172069e-09,5.801360023311606e-09,5.801313468195737e-09,5.801266913827269e-09,5.8012203602068554e-09,5.801173807331331e-09,5.801127255207807e-09,5.801080703832997e-09,5.801034153188203e-09,5.800987603302182e-09,5.800941054146564e-09,5.80089450575852e-09,5.8008479581142055e-09,5.800801411225491e-09,5.800754865085209e-09,5.800708319694516e-09,5.800661775049609e-09,5.800615231144732e-09,5.800568688004724e-09,5.8005221456153406e-09,5.80047560397558e-09,5.800429063093217e-09,5.8003825229568115e-09,5.8003359835703255e-09,5.8002894449335215e-09,5.800242907054623e-09,5.800196369925159e-09,5.800149833548424e-09,5.800103297924818e-09,5.800056763047828e-09,5.800010228929499e-09,5.799963695550402e-09,5.7999171629381916e-09,5.799870631080383e-09,5.799824099978614e-09,5.7997775696246235e-09,5.7997310400313976e-09,5.799684511193729e-09,5.799637983108706e-09,5.799591455779874e-09,5.799544929208259e-09,5.799498403391821e-09,5.79945187833232e-09,5.799405354027564e-09,5.799358830482018e-09,5.799312307693171e-09,5.799265785658244e-09,5.799219264383402e-09,5.79917274386536e-09,5.79912622409944e-09,5.7990797050815865e-09,5.799033186844305e-09,5.7989866693592865e-09,5.798940152633638e-09,5.798893636667136e-09,5.7988471214597315e-09,5.798800607012228e-09,5.798754093312734e-09,5.7987075803852355e-09,5.7986610682176015e-09,5.798614556810837e-09,5.7985680461635164e-09,5.7985215362779406e-09,5.79847502715529e-09,5.798428518788226e-09,5.798382011185412e-09,5.798335504344374e-09,5.798288998266874e-09,5.798242492946411e-09,5.7981959883927225e-09,5.798149484604144e-09,5.798102981577039e-09,5.798056479313156e-09,5.798009977813438e-09,5.7979634770724294e-09,5.797916977101064e-09,5.797870477893059e-09,5.797823979448827e-09,5.797777481748833e-09,5.7977309848344586e-09,5.79768448868276e-09,5.797637993297132e-09,5.797591498688383e-09,5.79754500483703e-09,5.797498511757824e-09,5.797452019442851e-09,5.797405527880873e-09,5.797359037085508e-09,5.797312547069259e-09,5.797266057818841e-09,5.797219569333996e-09,5.797173081615855e-09,5.797126594667563e-09,5.797080108484782e-09,5.797033623075383e-09,5.796987138433598e-09,5.796940654560881e-09,5.796894171446596e-09,5.796847689112017e-09,5.796801207546518e-09,5.796754726751343e-09,5.796708246726677e-09,5.796661767471149e-09,5.796615288979125e-09,5.796568811259817e-09,5.796522334317507e-09,5.796475858139212e-09,5.796429382732163e-09,5.7963829081036385e-09,5.796336434236723e-09,5.796289961151873e-09,5.7962434888448335e-09,5.796197017303584e-09,5.796150546536202e-09,5.79610407654088e-09,5.796057607319784e-09,5.7960111388737546e-09,5.795964671202635e-09,5.795918204295315e-09,5.795871738168112e-09,5.79582527281619e-09,5.795778808238469e-09,5.795732344451002e-09,5.795685881417005e-09,5.795639419162391e-09,5.7955929576666825e-09,5.79554649696111e-09,5.79550003703581e-09,5.795453577885189e-09,5.7954071194860854e-09,5.795360661884302e-09,5.7953142050643786e-09,5.795267749015375e-09,5.795221293745016e-09,5.795174839259743e-09,5.795128385548003e-09,5.795081932614807e-09,5.795035480458563e-09,5.794989029081871e-09,5.794942578481717e-09,5.794896128656612e-09,5.794849679610022e-09,5.794803231343942e-09,5.794756783862315e-09,5.79471033715926e-09,5.794663891233313e-09,5.7946174460903875e-09,5.79457100172314e-09,5.794524558139903e-09,5.794478115336082e-09,5.794431673315327e-09,5.794385232075336e-09,5.794338791622869e-09,5.7942923519417115e-09,5.7942459130457345e-09,5.7941994749325616e-09,5.794153037609226e-09,5.79410660105287e-09,5.794060165286472e-09,5.794013730296963e-09,5.793967296094e-09,5.7939208626810345e-09,5.793874430050877e-09,5.793827998196092e-09,5.793781567129843e-09,5.7937351368467285e-09,5.793688707340788e-09,5.793642278629497e-09,5.793595850702751e-09,5.793549423558561e-09,5.793502997194242e-09,5.793456571620239e-09,5.793410146831299e-09,5.793363722833547e-09,5.793317299617198e-09,5.793270877186659e-09,5.793224455543314e-09,5.793178034686157e-09,5.793131614619411e-09,5.7930851953344185e-09,5.793038776837887e-09,5.792992359135098e-09,5.792945942224556e-09,5.7928995260848416e-09,5.792853110743028e-09,5.792806696188076e-09,5.792760282419383e-09,5.792713869441298e-09,5.792667457248599e-09,5.792621045851894e-09,5.792574635237633e-09,5.792528225418707e-09,5.792481816389808e-09,5.792435408147212e-09,5.792389000691181e-09,5.792342594022027e-09,5.792296188152416e-09,5.792249783077942e-09,5.792203378787219e-09,5.792156975286156e-09,5.792110572571751e-09,5.792064170659609e-09,5.792017769532112e-09,5.791971369194018e-09,5.791924969653233e-09,5.7918785709048095e-09,5.791832172950883e-09,5.791785775790144e-09,5.791739379414177e-09,5.791692983836101e-09,5.791646589050615e-09,5.791600195060506e-09,5.791553801858337e-09,5.79150740946111e-09,5.791461017845246e-09,5.791414627024639e-09,5.791368237008791e-09,5.791321847780646e-09,5.79127545935112e-09,5.791229071715674e-09,5.791182684876901e-09,5.791136298833586e-09,5.791089913586175e-09,5.791043529132053e-09,5.790997145472814e-09,5.790950762607938e-09,5.79090438054386e-09,5.7908579992782615e-09,5.7908116188095866e-09,5.790765239138047e-09,5.790718860261074e-09,5.790672482184604e-09,5.790626104913901e-09,5.790579728432936e-09,5.790533352750182e-09,5.7904869778658245e-09,5.790440603782188e-09,5.790394230495787e-09,5.790347858003227e-09,5.790301486308082e-09,5.790255115416882e-09,5.79020874532495e-09,5.79016237603057e-09,5.790116007542829e-09,5.790069639848731e-09,5.790023272958661e-09,5.7899769068690585e-09,5.789930541578077e-09,5.7898841770862785e-09,5.789837813393181e-09,5.7897914504957845e-09,5.789745088402317e-09,5.789698727124916e-09,5.7896523666475956e-09,5.789606006968919e-09,5.789559648092437e-09,5.789513290012902e-09,5.789466932739642e-09,5.789420576268926e-09,5.789374220600676e-09,5.789327865735773e-09,5.789281511652909e-09,5.789235158396682e-09,5.789188805943714e-09,5.789142454296345e-09,5.789096103450848e-09,5.789049753403845e-09,5.789003404171936e-09,5.788957055743658e-09,5.7889107081151284e-09,5.788864361296979e-09,5.788818015282135e-09,5.7887716700762175e-09,5.788725325673676e-09,5.788678982077461e-09,5.7886326392888954e-09,5.788586297315449e-09,5.7885399561344355e-09,5.788493615758626e-09,5.788447276198447e-09,5.78840093743533e-09,5.788354599485558e-09,5.788308262344505e-09,5.788261926008615e-09,5.788215590478062e-09,5.7881692557583e-09,5.7881229218431464e-09,5.788076588737677e-09,5.788030256440224e-09,5.787983924953527e-09,5.7879375942731096e-09,5.787891264412684e-09,5.787844935351573e-09,5.787798607091641e-09,5.787752279651195e-09,5.787705953017104e-09,5.78765962718926e-09,5.787613302175061e-09,5.787566977974591e-09,5.787520654585444e-09,5.787474332003697e-09,5.787428010235576e-09,5.787381689276838e-09,5.787335369131055e-09,5.787289049797339e-09,5.787242731277557e-09,5.787196413565896e-09,5.787150096674134e-09,5.787103780588202e-09,5.787057465303655e-09,5.787011150840687e-09,5.786964837197046e-09,5.786918524353075e-09,5.786872212329375e-09,5.786825901120261e-09,5.786779590723909e-09,5.786733281141168e-09,5.786686972371461e-09,5.786640664416538e-09,5.786594357276137e-09,5.786548050949646e-09,5.786501745437918e-09,5.786455440741045e-09,5.786409136858865e-09,5.7863628337965405e-09,5.786316531544597e-09,5.786270230110079e-09,5.7862239294892625e-09,5.7861776296846485e-09,5.786131330695479e-09,5.786085032491125e-09,5.786038735134415e-09,5.78599243858746e-09,5.785946142863982e-09,5.78589984795226e-09,5.78585355385546e-09,5.785807260582476e-09,5.7857609681274575e-09,5.785714676496415e-09,5.785668385677005e-09,5.785622095675221e-09,5.7855758064915316e-09,5.7855295181264945e-09,5.7854832305789634e-09,5.785436943850524e-09,5.785390657939964e-09,5.7853443728494375e-09,5.785298088575896e-09,5.785251805123571e-09,5.785205522490526e-09,5.7851592406787354e-09,5.785112959685285e-09,5.785066679512084e-09,5.785020400162088e-09,5.784974121630414e-09,5.784927843915862e-09,5.7848815670243635e-09,5.784835290956999e-09,5.784789015707495e-09,5.784742741279874e-09,5.784696467673324e-09,5.784650194888394e-09,5.784603922924829e-09,5.784557651792529e-09,5.7845113814735034e-09,5.784465111976779e-09,5.784418843293239e-09,5.784372575449703e-09,5.78432630842345e-09,5.784280042217246e-09,5.784233776834206e-09,5.784187512274476e-09,5.784141248539508e-09,5.7840949856269125e-09,5.784048723536967e-09,5.784002462269632e-09,5.783956201825819e-09,5.783909942208967e-09,5.7838636834159215e-09,5.783817425446801e-09,5.783771168304365e-09,5.783724911984838e-09,5.783678656492515e-09,5.783632401827553e-09,5.783586147987537e-09,5.783539894968214e-09,5.783493642779449e-09,5.783447391413966e-09,5.7834011408763245e-09,5.783354891164622e-09,5.7833086422797e-09,5.783262394227389e-09,5.783216146996023e-09,5.7831699005908294e-09,5.783123655007328e-09,5.783077410257408e-09,5.783031166335639e-09,5.782984923257761e-09,5.782938680990936e-09,5.782892439551687e-09,5.7828461989410055e-09,5.7827999591626006e-09,5.782753720204813e-09,5.782707482080107e-09,5.782661244787986e-09,5.782615008320693e-09,5.7825687726825235e-09,5.782522537873728e-09,5.7824763038951006e-09,5.7824300707453836e-09,5.782383838424507e-09,5.782337606933765e-09,5.782291376274963e-09,5.7822451464458205e-09,5.782198917452211e-09,5.782152689285722e-09,5.782106461948652e-09,5.7820602354638205e-09,5.78201400978729e-09,5.781967784946762e-09,5.781921560934435e-09,5.781875337752255e-09,5.781829115403313e-09,5.781782893887821e-09,5.781736673200911e-09,5.781690453343106e-09,5.781644234321681e-09,5.781598016134217e-09,5.781551798777762e-09,5.781505582255519e-09,5.781459366553271e-09,5.781413151689078e-09,5.781366937666835e-09,5.781320724478481e-09,5.781274512129126e-09,5.781228300607289e-09,5.781182089920171e-09,5.781135880052684e-09,5.781089671035241e-09,5.781043462847264e-09,5.780997255496986e-09,5.780951048982632e-09,5.780904843303934e-09,5.780858638459759e-09,5.780812434447127e-09,5.780766231273774e-09,5.780720028924488e-09,5.780673827423154e-09,5.780627626757484e-09,5.780581426941091e-09,5.780535227949472e-09,5.780489029793161e-09,5.780442832481963e-09,5.780396635995922e-09,5.78035044034977e-09,5.780304245539991e-09,5.780258051565641e-09,5.780211858428526e-09,5.780165666130956e-09,5.780119474665691e-09,5.780073284043049e-09,5.780027094258857e-09,5.779980905314319e-09,5.779934717206343e-09,5.779888529936873e-09,5.77984234350452e-09,5.779796157911891e-09,5.779749973163522e-09,5.779703789254568e-09,5.779657606179523e-09,5.779611423937784e-09,5.7795652425413e-09,5.779519061983699e-09,5.779472882259751e-09,5.779426703382502e-09,5.779380525346343e-09,5.779334348150417e-09,5.779288171799244e-09,5.779241996284046e-09,5.779195821609758e-09,5.779149647772413e-09,5.779103474778634e-09,5.7790573026263275e-09,5.779011131317036e-09,5.778964960849205e-09,5.7789187912221775e-09,5.778872622434634e-09,5.778826454491908e-09,5.778780287391722e-09,5.778734121152874e-09,5.778687955737506e-09,5.778641791169631e-09,5.778595627441144e-09,5.77854946455396e-09,5.778503302518038e-09,5.778457141315113e-09,5.7784109809492596e-09,5.7783648214340754e-09,5.778318662763716e-09,5.778272504940264e-09,5.778226347956505e-09,5.778180191823102e-09,5.778134036533857e-09,5.778087882089589e-09,5.778041728482398e-09,5.7779955757149996e-09,5.777949423798978e-09,5.777903272730542e-09,5.777857122504946e-09,5.777810973124527e-09,5.777764824600028e-09,5.777718676911422e-09,5.7776725300662545e-09,5.777626384067907e-09,5.777580238916052e-09,5.77753409460861e-09,5.777487951148185e-09,5.7774418085140935e-09,5.7773956667495295e-09,5.777349525819166e-09,5.7773033857469205e-09,5.7772572465199704e-09,5.777211108143088e-09,5.777164970612634e-09,5.7771188339297295e-09,5.777072698077014e-09,5.7770265630868844e-09,5.776980428946766e-09,5.776934295653622e-09,5.776888163200979e-09,5.776842031602137e-09,5.776795900862279e-09,5.776749770964807e-09,5.77670364191735e-09,5.776657513710067e-09,5.776611386360159e-09,5.776565259855534e-09,5.776519134201829e-09,5.77647300939942e-09,5.776426885440275e-09,5.776380762334636e-09,5.776334640082705e-09,5.776288518680081e-09,5.776242398127472e-09,5.776196278439629e-09,5.776150159587803e-09,5.77610404158399e-09,5.776057924438414e-09,5.776011808138769e-09,5.775965692699465e-09,5.775919578109246e-09,5.775873464364029e-09,5.7758273514703486e-09,5.7757812394288796e-09,5.7757351282399005e-09,5.775689017896117e-09,5.775642908409396e-09,5.775596799775846e-09,5.775550691993873e-09,5.7755045850566125e-09,5.77545847898018e-09,5.77541237375771e-09,5.775366269381599e-09,5.77532016586462e-09,5.775274063198212e-09,5.775227961391852e-09,5.775181860438633e-09,5.775135760335453e-09,5.775089661086089e-09,5.775043562690795e-09,5.774997465149029e-09,5.7749513684533264e-09,5.7749052726204094e-09,5.7748591776426996e-09,5.774813083519148e-09,5.774766990249721e-09,5.7747208978362295e-09,5.7746748062774416e-09,5.7746287155740825e-09,5.774582625724999e-09,5.774536536731953e-09,5.7744904485891725e-09,5.77444436130831e-09,5.7743982748841535e-09,5.7743521893162484e-09,5.774306104604042e-09,5.774260020745223e-09,5.774213937744761e-09,5.774167855623223e-09,5.774121774336235e-09,5.774075693905976e-09,5.774029614337435e-09,5.773983535617902e-09,5.773937457759621e-09,5.773891380756027e-09,5.773845304611891e-09,5.773799229324201e-09,5.773753154893986e-09,5.7737070813365036e-09,5.773661008624436e-09,5.773614936770205e-09,5.773568865774961e-09,5.773522795638925e-09,5.773476726370569e-09,5.7734306579494735e-09,5.773384590388346e-09,5.773338523679425e-09,5.773292457837113e-09,5.773246392862436e-09,5.773200328739025e-09,5.773154265463466e-09,5.773108203060679e-09,5.773062141515206e-09,5.7730160808304665e-09,5.772970021005568e-09,5.772923962040561e-09,5.77287790393574e-09,5.772831846691333e-09,5.7727857903089755e-09,5.7727397347833645e-09,5.772693680120225e-09,5.77264762632126e-09,5.7726015733853225e-09,5.772555521306609e-09
19,4.356226686347673e-68,2.223741112184751e-67,6.87000472998346e-67,1.6574169859036067e-66,3.4323052209150757e-66,6.397485608710801e-66,1.103385503329158e-65,1.7925095057455093e-65,2.7765325698361654e-65,4.136680993258863e-65,5.9667764740243185e-65,8.374030162280426e-65,1.147984989649559e-64,1.5420659674449723e-64,2.034872981017903e-64,2.6433016007622028e-64,3.3860005592219464e-64,4.283456928192325e-64,5.358081708204754e-64,6.634295711169006e-64,8.138615638758402e-64,9.899740279031448e-64,1.1948636761114445e-63,1.431862682236418e-63,1.704547305436923e-63,2.016746510369029e-63,2.3725505810695202e-63,2.7763197275553324e-63,3.2326926844705966e-63,3.746595301426379e-63,4.323249124897887e-63,4.968179971695347e-63,5.68722649412454e-63,6.486548737011896e-63,7.372636686801228e-63,8.352318812941084e-63,9.432770601781052e-63,1.0621523083183142e-62,1.1926471350043425e-62,1.335588307089559e-62,1.4918406995754167e-62,1.6623081455333506e-62,1.8479342853763543e-62,2.049703415490334e-62,2.2686413362342635e-62,2.5058161993166164e-62,2.762339354554441e-62,3.039366196020591e-62,3.338097007583509e-62,3.6597778078436516e-62,4.005701194469571e-62,4.37720718793643e-62,4.775684074669456e-62,5.202569249593988e-62,5.659350058094008e-62,6.147564637380552e-62,6.668802757271086e-62,7.224706660381155e-62,7.816971901729057e-62,8.447348187754416e-62,9.117640214751551e-62,9.829708506718145e-62,1.0585470252619901e-61,1.1386900143071838e-61,1.2236031206436664e-61,1.3134955644340866e-61,1.4085825666608893e-61,1.5090854325615924e-61,1.6152316350059902e-61,1.7272548978152982e-61,1.845395279023287e-61,1.969899254079482e-61,2.10101979899443e-61,2.2390164734270934e-61,2.3841555037144312e-61,2.5367098658431647e-61,2.6969593683638172e-61,2.865190735247041e-61,3.0416976886822667e-61,3.226781031818743e-61,3.420748731449025e-61,3.623916000634795e-61,3.8366053812753654e-61,4.0591468266185756e-61,4.2918777837143245e-61,4.5351432758107156e-61,4.789295984692866e-61,5.0546963329644e-61,5.331712566271719e-61,5.620720835470993e-61,5.922105278738038e-61,6.236258103621004e-61,6.563579669036012e-61,6.90447856720567e-61,7.259371705540643e-61,7.62868438846419e-61,8.012850399179785e-61,8.412312081381843e-61,8.827520420909588e-61,9.258935127344089e-61,9.707024715548526e-61,1.0172266587151743e-60,1.0655147111975062e-60,1.1156161709402447e-60,1.1675814929694081e-60,1.2214620535243345e-60,1.277310158177724e-60,1.3351790499500338e-60,1.3951229174182254e-60,1.4571969028188743e-60,1.5214571101456347e-60,1.5879606132410737e-60,1.6567654638828787e-60,1.7279306998644354e-60,1.8015163530697777e-60,1.8775834575429337e-60,1.9561940575516435e-60,2.037411215645476e-60,2.121299020708335e-60,2.2079225960053662e-60,2.2973481072242606e-60,2.3896427705109654e-60,2.4848748604998078e-60,2.5831137183380304e-60,2.6844297597047395e-60,2.788894482824287e-60,2.896580476474054e-60,3.007561427986691e-60,3.1219121312467755e-60,3.239708494681907e-60,3.36102754924825e-60,3.485947456410506e-60,3.6145475161163594e-60,3.7469081747653505e-60,3.883111033172225e-60,4.023238854524722e-60,4.167375572335857e-60,4.315606298390643e-60,4.468017330687298e-60,4.624696161372928e-60,4.7857314846736753e-60,4.9512132048194085e-60,5.121232443962792e-60,5.295881550092943e-60,5.475254104943556e-60,5.659444931895515e-60,5.848550103873998e-60,6.04266695124013e-60,6.241894069677114e-60,6.446331328070883e-60,6.656079876385269e-60,6.871242153531693e-60,7.091921895233412e-60,7.31822414188425e-60,7.550255246401874e-60,7.788122882075635e-60,8.031936050408919e-60,8.281805088956068e-60,8.537841679153833e-60,8.800158854147391e-60,9.068871006610907e-60,9.344093896562665e-60,9.625944659174777e-60,9.914541812577415e-60,1.0210005265657683e-59,1.0512456325853005e-59,1.0822017706939118e-59,1.1138813536812654e-59,1.1462969365268307e-59,1.1794612171770564e-59,1.2133870373220056e-59,1.2480873831714568e-59,1.28357538623045e-59,1.3198643240743066e-59,1.3569676211231095e-59,1.394898849415633e-59,1.4336717293827496e-59,1.4733001306202904e-59,1.513798072661368e-59,1.5551797257481665e-59,1.5974594116031885e-59,1.6406516041999781e-59,1.684770930533288e-59,1.7298321713887308e-59,1.7758502621118842e-59,1.8228402933768632e-59,1.8708175119543644e-59,1.9197973214791572e-59,1.9697952832170697e-59,2.020827116831419e-59,2.0729087011489177e-59,2.1260560749250385e-59,2.1802854376088698e-59,2.2356131501074066e-59,2.2920557355493385e-59,2.349629880048293e-59,2.4083524334655455e-59,2.468240410172211e-59,2.529310989810891e-59,2.591581518056808e-59,2.65506950737839e-59,2.71979263779735e-59,2.7857687576482133e-59,2.8530158843373335e-59,2.92155220510137e-59,2.9913960777652626e-59,3.062566031499633e-59,3.1350807675777027e-59,3.2089591601316595e-59,3.2842202569085195e-59,3.360883280025443e-59,3.438967626724533e-59,3.518492870127113e-59,3.5994787599874785e-59,3.6819452234461204e-59,3.7659123657824212e-59,3.8514004711668455e-59,3.9384300034125906e-59,4.027021606726717e-59,4.117196106460776e-59,4.208974509860866e-59,4.302378006817237e-59,4.397427970613322e-59,4.49414595867426e-59,4.592553713314908e-59,4.692673162487321e-59,4.794526420527731e-59,4.898135788902981e-59,5.00352375695646e-59,5.11071300265351e-59,5.219726393326321e-59,5.330586986418308e-59,5.443318030227957e-59,5.557942964652176e-59,5.6744854219291055e-59,5.792969227380435e-59,5.9134184001532015e-59,6.035857153961042e-59,6.160309897824972e-59,6.286801236813612e-59,6.415355972782944e-59,6.54599910511551e-59,6.67875583145911e-59,6.8136515484650095e-59,6.950711852525596e-59,7.089962540511556e-59,7.231429610508517e-59,7.375139262553194e-59,7.521117899369013e-59,7.669392127101226e-59,7.819988756051522e-59,7.97293480141211e-59,8.12825748399931e-59,8.285984230986638e-59,8.446142676637356e-59,8.608760663036531e-59,8.773866240822562e-59,8.941487669918308e-59,9.111653420261497e-59,9.284392172534807e-59,9.459732818895394e-59,9.637704463703884e-59,9.818336424252874e-59,1.0001658231494932e-58,1.0187699630770088e-58,1.0376490582532821e-58,1.0568061263078541e-58,1.0762442065269528e-58,1.095966359926045e-58,1.1159756693223323e-58,1.1362752394071947e-58,1.1568681968185878e-58,1.1777576902133886e-58,1.1989468903396913e-58,1.2204389901090505e-58,1.242237204668678e-58,1.2643447714735867e-58,1.2867649503586862e-58,1.3095010236108238e-58,1.3325562960407845e-58,1.3559340950552307e-58,1.3796377707285988e-58,1.4036706958749427e-58,1.428036266119729e-58,1.4527378999715822e-58,1.4777790388939783e-58,1.5031631473768905e-58,1.5288937130083833e-58,1.5549742465461598e-58,1.5814082819890577e-58,1.608199376648492e-58,1.635351111219855e-58,1.662867089853863e-58,1.690750940227849e-58,1.719006313617018e-58,1.7476368849656397e-58,1.7766463529582e-58,1.8060384400904958e-58,1.8358168927406948e-58,1.8659854812403262e-58,1.896547999945227e-58,1.9275082673064666e-58,1.9588701259411794e-58,1.990637442703375e-58,2.022814108754692e-58,2.055404039635104e-58,2.088411175333573e-58,2.12183948035866e-58,2.155692943809081e-58,2.1899755794442167e-58,2.224691425754571e-58,2.2598445460321813e-58,2.295439028440986e-58,2.3314789860871333e-58,2.367968557089244e-58,2.404911904648632e-58,2.4423132171194677e-58,2.480176708078897e-58,2.51850661639711e-58,2.5573072063073626e-58,2.5965827674759507e-58,2.636337615072128e-58,2.6765760898379913e-58,2.7173025581582828e-58,2.7585214121302002e-58,2.8002370696331102e-58,2.8424539743982276e-58,2.8851765960782447e-58,2.928409430316929e-58,2.9721569988186483e-58,3.0164238494178626e-58,3.061214556148562e-58,3.1065337193136565e-58,3.1523859655543213e-58,3.198775947919292e-58,3.245708345934113e-58,3.29318786567032e-58,3.341219239814621e-58,3.389807227737969e-58,3.438956615564633e-58,3.488672216241202e-58,3.5389588696055366e-58,3.589821442455694e-58,3.641264828618776e-58,3.693293949019748e-58,3.745913751750212e-58,3.7991292121371235e-58,3.852945332811459e-58,3.907367143776844e-58,3.96239970247813e-58,4.018048093869921e-58,4.074317430485058e-58,4.131212852503047e-58,4.188739527818452e-58,4.24690265210923e-58,4.3057074489050194e-58,4.365159169655392e-58,4.425263093798039e-58,4.48602452882693e-58,4.547448810360411e-58,4.609541302209254e-58,4.672307396444671e-58,4.735752513466271e-58,4.799882102069975e-58,4.8647016395158785e-58,4.930216631596072e-58,4.9964326127024124e-58,5.0633551458942444e-58,5.1309898229660855e-58,5.199342264515248e-58,5.268418120009426e-58,5.3382230678542416e-58,5.4087628154607e-58,5.480043099312683e-58,5.5520696850343075e-58,5.624848367457289e-58,5.6983849706882356e-58,5.7726853481759236e-58,5.8477553827784795e-58,5.9236009868305596e-58,6.000228102210461e-58,6.0776427004071895e-58,6.1558507825874876e-58,6.234858379662808e-58,6.314671552356238e-58,6.395296391269378e-58,6.476739016949204e-58,6.559005579954834e-58,6.642102260924276e-58,6.72603527064113e-58,6.810810850101231e-58,6.896435270579278e-58,6.982914833695363e-58,7.070255871481495e-58,7.158464746448068e-58,7.247547851650284e-58,7.337511610754525e-58,7.428362478104673e-58,7.520106938788411e-58,7.612751508703433e-58,7.70630273462366e-58,7.800767194265355e-58,7.89615149635327e-58,7.992462280686644e-58,8.089706218205235e-58,8.187890011055295e-58,8.287020392655427e-58,8.387104127762543e-58,8.488148012537613e-58,8.590158874611483e-58,8.693143573150585e-58,8.79710899892264e-58,8.902062074362284e-58,9.00800975363668e-58,9.11495902271105e-58,9.222916899414198e-58,9.331890433503951e-58,9.441886706732586e-58,9.552912832912184e-58,9.664975957979972e-58,9.778083260063589e-58,9.892241949546317e-58,1.0007459269132262e-57,1.0123742493911522e-57,1.0241098931425251e-57,1.0359535921730729e-57,1.0479060837466361e-57,1.0599681083916646e-57,1.0721404099077083e-57,1.0844237353719044e-57,1.0968188351454608e-57,1.1093264628801338e-57,1.1219473755247003e-57,1.1346823333314302e-57,1.147532099862546e-57,1.1604974419966891e-57,1.173579129935369e-57,1.1867779372094199e-57,1.2000946406854448e-57,1.213530020572258e-57,1.2270848604273221e-57,1.240759947163183e-57,1.2545560710538978e-57,1.2684740257414598e-57,1.2825146082422155e-57,1.2966786189532843e-57,1.310966861658968e-57,1.3253801435371553e-57,1.3399192751657259e-57,1.354585070528948e-57,1.3693783470238723e-57,1.3842999254667186e-57,1.399350630099261e-57,1.4145312885952095e-57,1.4298427320665824e-57,1.445285795070081e-57,1.4608613156134534e-57,1.4765701351618586e-57,1.4924130986442203e-57,1.5083910544595868e-57,1.524504854483477e-57,1.5407553540742238e-57,1.5571434120793137e-57,1.5736698908417263e-57,1.5903356562062627e-57,1.607141577525874e-57,1.6240885276679824e-57,1.641177383020801e-57,1.6584090234996465e-57,1.6757843325532493e-57,1.6933041971700594e-57,1.7109695078845453e-57,1.7287811587834918e-57,1.7467400475122913e-57,1.7648470752812317e-57,1.7831031468717804e-57,1.8015091706428607e-57,1.8200660585371305e-57,1.8387747260872484e-57,1.857636092422142e-57,1.8766510802732682e-57,1.8958206159808724e-57,1.9151456295002382e-57,1.9346270544079386e-57,1.9542658279080767e-57,1.9740628908385318e-57,1.994019187677189e-57,2.0141356665481724e-57,2.0344132792280722e-57,2.0548529811521667e-57,2.075455731420642e-57,2.0962224928048024e-57,2.1171542317532856e-57,2.1382519183982628e-57,2.1595165265616414e-57,2.1809490337612642e-57,2.2025504212170965e-57,2.22432167385742e-57,2.2462637803250134e-57,2.268377732983331e-57,2.2906645279226805e-57,2.313125164966393e-57,2.3357606476769896e-57,2.3585719833623427e-57,2.3815601830818368e-57,2.4047262616525203e-57,2.4280712376552532e-57,2.4515961334408582e-57,2.4753019751362565e-57,2.4991897926506073e-57,2.5232606196814386e-57,2.5475154937207773e-57,2.5719554560612724e-57,2.596581551802314e-57,2.621394829856152e-57,2.646396342954001e-57,2.6715871476521555e-57,2.696968304338085e-57,2.722540877236542e-57,2.7483059344156466e-57,2.7742645477929803e-57,2.8004177931416755e-57,2.826766750096492e-57,2.8533125021598996e-57,2.880056136708145e-57,2.906998744997327e-57,2.934141422169456e-57,2.9614852672585233e-57,2.989031383196545e-57,3.0167808768196267e-57,3.044734858874004e-57,3.0728944440220866e-57,3.1012607508485037e-57,3.129834901866131e-57,3.1586180235221305e-57,3.187611246203974e-57,3.2168157042454615e-57,3.2462325359327504e-57,3.2758628835103595e-57,3.305707893187187e-57,3.335768715142513e-57,3.3660465035320036e-57,3.396542416493705e-57,3.4272576161540433e-57,3.45819326863381e-57,3.4893505440541475e-57,3.5207306165425325e-57,3.5523346642387523e-57,3.5841638693008786e-57,3.616219417911234e-57,3.6485025002823594e-57,3.681014310662974e-57,3.713756047343931e-57,3.7467289126641704e-57,3.779934113016668e-57,3.8133728588543787e-57,3.8470463646961763e-57,3.8809558491327933e-57,3.915102534832745e-57,3.949487648548262e-57,3.9841124211212167e-57,4.018978087489038e-57,4.0540858866906253e-57,4.089437061872267e-57,4.1250328602935415e-57,4.160874533333222e-57,4.1969633364951736e-57,4.2333005294142556e-57,4.2698873758622006e-57,4.306725143753513e-57,4.343815105151341e-57,4.381158536273368e-57,4.4187567174976713e-57,4.4566109333686076e-57,4.49472247260267e-57,4.5330926280943503e-57,4.5717226969220046e-57,4.6106139803537005e-57,4.649767783853068e-57,4.689185417085151e-57,4.728868193922245e-57,4.7688174324497325e-57,4.8090344549719233e-57,4.8495205880178785e-57,4.890277162347242e-57,4.9313055129560563e-57,4.972606979082585e-57,5.014182904213127e-57,5.056034636087813e-57,5.098163526706445e-57,5.140570932334258e-57,5.183258213507735e-57,5.226226735040409e-57,5.269477866028637e-57,5.313012979857398e-57,5.356833454206065e-57,5.400940671054195e-57,5.445336016687287e-57,5.490020881702562e-57,5.534996661014729e-57,5.58026475386174e-57,5.625826563810552e-57,5.671683498762885e-57,5.717836970960955e-57,5.76428839699325e-57,5.811039197800237e-57,5.85809079868012e-57,5.905444629294572e-57,5.953102123674465e-57,6.00106472022558e-57,6.049333861734363e-57,6.097910995373603e-57,6.146797572708175e-57,6.195995049700737e-57,6.245504886717436e-57,6.295328548533623e-57,6.345467504339526e-57,6.395923227745971e-57,6.446697196790056e-57,6.497790893940843e-57,6.549205806105036e-57,6.600943424632667e-57,6.653005245322766e-57,6.705392768429024e-57,6.758107498665473e-57,6.811150945212144e-57,6.864524621720723e-57,6.918230046320205e-57,6.972268741622549e-57,7.026642234728323e-57,7.08135205723235e-57,7.136399745229344e-57,7.191786839319543e-57,7.247514884614345e-57,7.303585430741932e-57,7.360000031852906e-57,7.416760246625881e-57,7.47386763827313e-57,7.531323774546177e-57,7.589130227741409e-57,7.647288574705689e-57,7.705800396841942e-57,7.764667280114765e-57,7.823890815056012e-57,7.883472596770378e-57,7.943414224940997e-57,8.003717303835018e-57,8.064383442309172e-57,8.125414253815358e-57,8.186811356406207e-57,8.248576372740642e-57,8.310710930089454e-57,8.373216660340847e-57,8.436095200005998e-57,8.499348190224601e-57,8.562977276770423e-57,8.62698411005684e-57,8.691370345142376e-57,8.756137641736233e-57,8.821287664203837e-57,8.886822081572344e-57,8.952742567536187e-57,9.019050800462574e-57,9.085748463397012e-57,9.15283724406883e-57,9.22031883489666e-57,9.288194932993971e-57,9.356467240174552e-57,9.425137462958011e-57,9.494207312575266e-57,9.563678504974043e-57,9.633552760824355e-57,9.703831805523979e-57,9.77451736920394e-57,9.845611186733984e-57,9.917114997728047e-57,9.989030546549723e-57,1.0061359582317715e-56,1.0134103858911316e-56,1.0207265134975841e-56,1.028084517392809e-56,1.0354845743961798e-56,1.042926861805307e-56,1.0504115573965825e-56,1.0579388394257237e-56,1.0655088866283146e-56,1.073121878220352e-56,1.0807779938987847e-56,1.0884774138420586e-56,1.0962203187106563e-56,1.104006889647638e-56,1.1118373082791852e-56,1.1197117567151387e-56,1.1276304175495396e-56,1.13559347386117e-56,1.1436011092140917e-56,1.1516535076581841e-56,1.159750853729686e-56,1.1678933324517308e-56,1.176081129334887e-56,1.1843144303776935e-56,1.1925934220671991e-56,1.2009182913794972e-56,1.2092892257802643e-56,1.217706413225295e-56,1.2261700421610372e-56,1.2346803015251293e-56,1.2432373807469335e-56,1.251841469748071e-56,1.2604927589429568e-56,1.2691914392393326e-56,1.2779377020388013e-56,1.2867317392373604e-56,1.2955737432259326e-56,1.3044639068909012e-56,1.31340242361464e-56,1.3223894872760464e-56,1.331425292251071e-56,1.3405100334132508e-56,1.3496439061342377e-56,1.3588271062843306e-56,1.368059830233003e-56,1.3773422748494347e-56,1.3866746375030398e-56,1.396057116063996e-56,1.4054899089037716e-56,1.414973214895656e-56,1.4245072334152855e-56,1.4340921643411701e-56,1.4437282080552218e-56,1.4534155654432815e-56,1.4631544378956434e-56,1.4729450273075827e-56,1.4827875360798799e-56,1.4926821671193463e-56,1.5026291238393483e-56,1.512628610160333e-56,1.52268083051035e-56,1.5327859898255784e-56,1.5429442935508469e-56,1.5531559476401578e-56,1.5634211585572107e-56,1.5737401332759233e-56,1.5841130792809535e-56,1.5945402045682216e-56,1.6050217176454305e-56,1.6155578275325876e-56,1.6261487437625235e-56,1.6367946763814138e-56,1.6474958359492984e-56,1.6582524335405996e-56,1.669064680744643e-56,1.6799327896661738e-56,1.6908569729258773e-56,1.7018374436608963e-56,1.712874415525346e-56,1.7239681026908363e-56,1.735118719846983e-56,1.746326482201929e-56,1.7575916054828575e-56,1.7689143059365082e-56,1.780294800329694e-56,1.7917333059498142e-56,1.8032300406053702e-56,1.8147852226264792e-56,1.8263990708653923e-56,1.8380718046969995e-56,1.849803644019352e-56,1.8615948092541683e-56,1.8734455213473506e-56,1.8853560017694958e-56,1.897326472516408e-56,1.9093571561096083e-56,1.9214482755968488e-56,1.9336000545526209e-56,1.9458127170786654e-56,1.9580864878044855e-56,1.9704215918878531e-56,1.9828182550153209e-56,1.9952767034027302e-56,2.0077971637957186e-56,2.0203798634702303e-56,2.0330250302330237e-56,2.0457328924221765e-56,2.0585036789075975e-56,2.071337619091528e-56,2.0842349429090545e-56,2.097195880828609e-56,2.110220663852478e-56,2.123309523517309e-56,2.1364626918946133e-56,2.149680401591271e-56,2.162962885750039e-56,2.176310378050047e-56,2.1897231127073116e-56,2.203201324475233e-56,2.2167452486451e-56,2.2303551210465913e-56,2.2440311780482808e-56,2.257773656558137e-56,2.2715827940240245e-56,2.285458828434208e-56,2.2994019983178514e-56,2.313412542745519e-56,2.3274907013296744e-56,2.341636714225182e-56,2.3558508221298064e-56,2.370133266284712e-56,2.3844842884749606e-56,2.398904131030011e-56,2.4133930368242167e-56,2.4279512492773235e-56,2.4425790123549697e-56,2.4572765705691793e-56,2.4720441689788596e-56,2.486882053190302e-56,2.501790469357674e-56,2.516769664183512e-56,2.5318198849192276e-56,2.54694137936559e-56,2.5621343958732303e-56,2.57739918334313e-56,2.5927359912271197e-56,2.608145069528369e-56,2.623626668801881e-56,2.6391810401549886e-56,2.6548084352478423e-56,2.670509106293905e-56,2.6862833060604466e-56,2.702131287869028e-56,2.7180533055960023e-56,2.7340496136729993e-56,2.7501204670874168e-56,2.766266121382915e-56,2.7824868326599015e-56,2.798782857576023e-56,2.8151544533466577e-56,2.8316018777453987e-56,2.8481253891045455e-56,2.864725246315593e-56,2.881401708829719e-56,2.8981550366582714e-56,2.914985490373257e-56,2.9318933311078253e-56,2.948878820556757e-56,2.965942220976952e-56,2.983083795187913e-56,3.000303806572231e-56,3.017602519076076e-56,3.0349801972096717e-56,3.052437106047789e-56,3.0699735112302265e-56,3.0875896789622954e-56,3.105285876015304e-56,3.1230623697270385e-56,3.1409194280022497e-56,3.158857319313131e-56,3.176876312699803e-56,3.1949766777707965e-56,3.2131586847035347e-56,3.231422604244811e-56,3.249768707711274e-56,3.2681972669899045e-56,3.286708554538497e-56,3.3053028433861407e-56,3.3239804071336987e-56,3.3427415199542885e-56,3.361586456593757e-56,3.380515492371166e-56,3.3995289031792615e-56,3.4186269654849588e-56,3.437809956329819e-56,3.4570781533305226e-56,3.4764318346793515e-56,3.4958712791446614e-56,3.5153967660713646e-56,3.535008575381392e-56,3.554706987574188e-56,3.574492283727171e-56,3.594364745496215e-56,3.6143246551161224e-56,3.6343722954011005e-56,3.6545079497452297e-56,3.674731902122946e-56,3.695044437089507e-56,3.715445839781471e-56,3.73593639591716e-56,3.7565163917971454e-56,3.7771861143047097e-56,3.797945850906322e-56,3.81879588965211e-56,3.8397365191763325e-56,3.8607680286978434e-56,3.8818907080205694e-56,3.903104847533979e-56,3.9244107382135477e-56,3.9458086716212334e-56,3.96729893990594e-56,3.988881835803993e-56,4.0105576526396003e-56,4.032326684325323e-56,4.0541892253625525e-56,4.0761455708419613e-56,4.098196016443982e-56,4.12034085843927e-56,4.142580393689174e-56,4.164914919646198e-56,4.1873447343544675e-56,4.209870136450198e-56,4.232491425162157e-56,4.255208900312131e-56,4.27802286231539e-56,4.300933612181151e-56,4.323941451513042e-56,4.347046682509571e-56,4.370249607964576e-56,4.393550531267704e-56,4.416949756404863e-56,4.440447587958687e-56,4.464044331109002e-56,4.487740291633281e-56,4.511535775907111e-56,4.535431090904655e-56,4.5594265441991035e-56,4.583522443963146e-56,4.607719098969427e-56,4.632016818591001e-56,4.656415912801802e-56,4.680916692177096e-56,4.705519467893938e-56,4.730224551731639e-56,4.755032256072213e-56,4.779942893900849e-56,4.804956778806352e-56,4.830074224981614e-56,4.855295547224066e-56,4.880621060936132e-56,4.906051082125693e-56,4.931585927406534e-56,4.957225913998803e-56,4.982971359729474e-56,5.008822583032788e-56,5.034779902950719e-56,5.060843639133426e-56,5.087014111839703e-56,5.1132916419374355e-56,5.1396765509040605e-56,5.166169160827007e-56,5.1927697944041575e-56,5.2194787749442995e-56,5.246296426367579e-56,5.273223073205947e-56,5.3002590406036165e-56,5.3274046543175115e-56,5.35466024071772e-56,5.38202612678794e-56,5.409502640125939e-56,5.437090108943993e-56,5.464788862069345e-56,5.492599228944652e-56,5.520521539628433e-56,5.548556124795514e-56,5.576703315737486e-56,5.604963444363148e-56,5.633336843198951e-56,5.661823845389458e-56,5.690424784697773e-56,5.7191399955060055e-56,5.747969812815708e-56,5.776914572248327e-56,5.805974610045639e-56,5.835150263070212e-56,5.864441868805838e-56,5.893849765357985e-56,5.923374291454239e-56,5.953015786444751e-56,5.982774590302677e-56,6.012651043624627e-56,6.042645487631106e-56,6.072758264166953e-56,6.102989715701804e-56,6.133340185330499e-56,6.163810016773558e-56,6.194399554377608e-56,6.225109143115823e-56,6.255939128588373e-56,6.286889857022859e-56,6.317961675274759e-56,6.349154930827868e-56,6.38046997179473e-56,6.411907146917091e-56,6.443466805566324e-56,6.475149297743887e-56,6.506954974081744e-56,6.538884185842815e-56,6.570937284921407e-56,6.6031146238436595e-56,6.63541655576798e-56,6.66784343448548e-56,6.700395614420406e-56,1.0833417404669513e-25,4.6340321796534915e-25,1.2165547140758836e-24,2.5380108553945345e-24,4.61917835103358e-24,7.674462507709622e-24,1.1943147217190581e-23,1.769141503165423e-23,2.5214525429602857e-23,3.4839164670047043e-23,4.6925981212305856e-23,6.187232183834834e-23,8.011518492186229e-23,1.0213440871595759e-22,1.2845611408948466e-22,1.596564228437311e-22,1.9636547460133802e-22,2.3927176729450356e-22,2.891268485053279e-22,3.467503873522948e-22,4.1303565928582257e-22,4.889554790876371e-22,5.755686205789177e-22,6.7402676507208575e-22,7.855820244665196e-22,9.115950891474965e-22,1.053544055520079e-21,1.2130339931532068e-21,1.391807317272252e-21,1.5917550378476278e-21,1.8149289656032948e-21,2.0635549548734508e-21,2.340047304881651e-21,2.64702435962216e-21,2.987325504519806e-21,3.3640296222579647e-21,3.7804751707635815e-21,4.240282030770753e-21,4.747375289823741e-21,5.3060111465908756e-21,5.9208051380852516e-21,6.5967629132967186e-21,7.33931379990412e-21,8.154347436515605e-21,9.048253771560961e-21,1.0027966761896773e-20,1.1101012139779704e-20,1.2275559656557515e-20,1.356048025574757e-20,1.496540867768305e-20,1.650081205327267e-20,1.81780651063839e-20,2.0009532653770733e-20,2.2008660169293303e-20,2.4190073266509997e-20,2.6569687051831717e-20,2.9164826410729546e-20,3.199435841363722e-20,3.50788381680416e-20,3.844066960098664e-20,4.210428283419619e-20,4.6096330015627974e-20,5.044590169772831e-20,5.518476611236516e-20,6.034763398277199e-20,6.597245184571589e-20,7.210072723371004e-20,7.877788949605605e-20,8.605369052598545e-20,9.398265021848472e-20,1.0262455211948057e-19,1.1204499543428736e-19,1.2231601053856617e-19,1.3351674566286172e-19,1.4573423422778684e-19,1.5906425285522632e-19,1.7361228197395965e-19,1.8949458242755663e-19,2.0683940349258888e-19,2.2578833991428055e-19,2.464978581639075e-19,2.6914101511924556e-19,2.9390939585335264e-19,3.2101530126866056e-19,3.506942210553123e-19,3.832076326301905e-19,4.188461753168134e-19,4.579332502978195e-19,5.008291161666654e-19,5.479355499728133e-19,5.997011622002169e-19,6.566274665427842e-19,7.192758229950523e-19,7.882753929483451e-19,8.64332269483798e-19,9.482399748058758e-19,1.0408915513029493e-18,1.1432935139915236e-18,1.2565819816076374e-18,1.3820413631343761e-18,1.521126048306721e-18,1.6754856373459743e-18,1.846994350248662e-18,2.0377853836183497e-18,2.250291138583464e-18,2.4872904334248357e-18,2.751964047505856e-18,3.047960229494658e-18,3.379472156069541e-18,3.751329764292879e-18,4.169108923311796e-18,4.639261586789795e-18,5.169271412210074e-18,5.767840393066777e-18,6.4451133847864265e-18,7.212949092900692e-18,8.085248234391007e-18,9.078352314095497e-18,1.0211529954318858e-17,1.1507572211596718e-17,1.2993524122496369e-17,1.4701587258861687e-17,1.6670237906188583e-17,1.894561837085245e-17,2.1583275913748587e-17,2.4650346326560646e-17,2.8228309180387134e-17,3.2416482016762104e-17,3.733647503576075e-17,4.3137901537864803e-17,5.000574011120618e-17,5.816988320403308e-17,6.791759895143932e-17,7.96099016904105e-17,9.370320484535716e-17,1.1077816713492875e-16,1.3157841308713672e-16,1.5706292310082558e-16,1.8847751719323123e-16,2.2745326416658683e-16,2.761432491219534e-16,3.3741458936146863e-16,4.151209776433791e-16,5.144941348669186e-16,6.42713390166824e-16,8.09746416384582e-16,1.0296102932589963e-15,1.3222978046147685e-15,1.7167821615536034e-15,2.2558197000316113e-15,3.0038506092752455e-15,4.0604490297442924e-15,5.584177026818064e-15,7.837007102320223e-15,1.127196601338448e-14,1.6718081258340586e-14,2.580186401281004e-14,4.1994875022996424e-14,7.34834715065486e-14,1.419358088522076e-13,3.1265605795456605e-13,8.108546185694148e-13,2.504988662741229e-12,8.888379419797213e-12,3.327108057625938e-11,1.2103818724221032e-10,4.116548769859035e-10,1.3039244225585114e-09,4.1124059491415605e-09,1.5914864358028624e-08,7.743083393785446e-08,3.50110871999435e-07,1.2377664364684063e-06,3.3639162595612215e-06,7.268112919254577e-06,1.3064361035730018e-05,2.0396680088308422e-05,2.865683388455014e-05,3.722968618484643e-05,4.563364766976796e-05,5.355595384779212e-05,6.082974791256439e-05,6.739290789824269e-05,7.324945492817265e-05,7.844049408869867e-05,8.302483295544934e-05,8.706712252205846e-05,9.063114895759752e-05,9.37763882986742e-05,9.655651212779028e-05,9.901899925529192e-05,0.00010120533573737452,0.000103151498129542,0.00010488854662096269,0.00010644323375743929,0.00010783858070340781,0.00010909439936101412,0.00011022775324990615,0.00011125335776665375,0.00011218392421881383,0.00011303045359884075,0.00011380248642883886,0.00011450831475829574,0.00011515516185495297,0.00011574933448380578,0.00011629635201411615,0.00011680105598204434,0.00011726770318597933,0.00011770004491100585,0.00011810139446524599,0.00011847468485960798,0.00011882251816567953,0.00011914720783847083,0.0001194508150809643,0.00011973518015519152,0.00012000194939847916,0.00012025259858282583,0.00012048845315450283,0.00012071070580683143,0.00012092043176855814,0.00012111860213165227,0.00012130609549292256,0.000121483708142633,0.00012165216299841549,0.00012181211745389136,0.00012196417028628518,0.00012210886774683026,0.00012224670894056606,0.00012237815058599902,0.00012250361123369334,0.00012262347501139438,0.00012273809495422566,0.0001228477959706398,0.00012295287748810115,0.00012305361581658731,0.00012315026626352727,0.00012324306502862199,0.00012333223090418773,0.00012341796680313458,0.00012350046113394285,0.00012357988903949124,0.00012365641351500336,0.00012373018641787716,0.00012380134938149565,0.00012387003464272396,0.00012393636579229985,0.0001240004584566228,0.00012406242091709703,0.0001241223546742122,0.00012418035496136214,0.00012423651121367006,0.00012429090749634152,0.00012434362289596716,0.00012439473187905638,0.00012444430462037702,0.00012449240730421816,0.00012453910240096968,0.0001245844489213631,0.000124628502650474,0.00012467131636309672,0.00012471294002242594,0.0001247534209633383,0.00012479280406168863,0.0001248311318907823,0.00012486844486628748,0.0001249047813803079,0.00012494017792572787,0.00012497466921163364,0.00012500828827032527,0.00012504106655690032,0.00012507303404186792,0.00012510421929730085,0.00012513464957709667,0.00012516435089190826,0.0001251933480788539,0.00012522166486678165,0.00012524932393720697,0.0001252763469811951,0.0001253027547527462,0.0001253285671186896,0.0001253538031053593,0.0001253784809425587,0.00012540261810464311,0.0001254262313491172,0.0001254493367529429,0.00012547194974664162,0.00012549408514647622,0.00012551575718443747,0.00012553697953683078,0.0001255577653510277,0.00012557812727076096,0.00012559807745988764,0.00012561762762493094,0.000125636789036304,0.00012565557250817532,0.00012567398857925286,0.00012569204728655654,0.00012570975834613597,0.0001257271311280282,0.0001257441746714124,0.00012576089769908064,0.00012577730863113452,0.00012579341559795126,0.00012580922645251709,0.00012582474878215292,0.00012583998991950104,0.00012585495695324254,0.00012586965673808302,0.00012588409590428212,0.00012589828086672015,0.00012591221783360854,0.00012592591281466965,0.00012593937162902377,0.00012595259991256407,0.00012596560312528007,0.00012597838655786228,0.0001259909553382818,0.00012600331443796218,0.00012601546867768365,0.00012602742273323627,0.0001260391811408079,0.0001260507483021284,0.00012606212848943922,0.0001260733258501408,0.0001260843444113462,0.00012609518808419146,0.0001261058606679627,0.00012611636585402013,0.00012612670722966392,0.00012613688828166605,0.0001261469123998491,0.00012615678288037543,0.00012616650292891437,0.0001261760756637585,0.00012618550411875714,0.00012619479124618407,0.00012620393991932423,0.00012621295293524694,0.00012622183301721113,0.00012623058281708928,0.00012623920491770904,0.00012624770183501948,0.00012625607602024798,0.0001262643298621049,0.00012627246568850252,0.00012628048576864101,0.00012628839231476646,0.00012629618748400098,0.00012630387337998574,0.00012631145205454776,0.0001263189255092672,0.00012632629569700332,0.00012633356452335765,0.0001263407338480908,0.0001263478054864977,0.00012635478121067456,0.00012636166275085953,0.00012636845179660286,0.00012637514999797842,0.00012638175896670256,0.00012638828027725045,0.00012639471546791183,0.00012640106604183256,0.0001264073334679832,0.00012641351918215934,0.00012641962458784234,0.00012642565105716938,0.0001264315999317801,0.00012643747252359468,0.00012644327011570515,0.0001264489939631378,0.00012645464529357746,0.00012646022530814368,0.00012646573518208045,0.00012647117606546105,0.00012647654908383093,0.0001264818553388726,0.00012648709590902318,0.00012649227185008568,0.00012649738419580954,0.0001265024339584642,0.00012650742212940003,0.00012651234967954905,0.00012651721755998685,0.0001265220267024137,0.0001265267780196265,0.0001265314724060343,0.00012653611073808036,0.00012654069387468535,0.00012654522265771937,0.00012654969791237416,0.0001265541204476021,0.00012655849105649509,0.00012656281051667424,0.00012656707959066702,0.00012657129902626132,0.00012657546955685816,0.00012657959190182137,0.00012658366676680102,0.0001265876948440586,0.00012659167681277714,0.00012659561333937423,0.0001265995050777931,0.00012660335266979556,0.0001266071567452454,0.0001266109179223602,0.00012661463680799963,0.00012661831399790716,0.00012662195007697745,0.00012662554561948875,0.00012662910118934972,0.00012663261734031705,0.00012663609461621315,0.00012663953355119038,0.0001266429346699002,0.00012664629848772445,0.00012664962551095827,0.00012665291623704914,0.00012665617115469965,0.00012665939074414263,0.00012666257547731713,0.0001266657258179948,0.00012666884222199625,0.0001266719251373374,0.00012667497500441812,0.0001266779922561394,0.00012668097731810025,0.0001266839306087521,0.00012668685253950268,0.00012668974351490528,0.00012669260393277597,0.000126695434184371,0.00012669823465445953,0.00012670100572149842,0.00012670374775775316,0.00012670646112940452,0.00012670914619669868,0.00012671180331404777,0.00012671443283015114,0.00012671703508810396,0.0001267196104255298,0.0001267221591746613,0.00012672468166244027,0.0001267271782106619,0.00012672964913603893,0.00012673209475030404,0.000126734515360346,0.00012673691126823656,0.0001267392827713743,0.00012674163016257133,0.00012674395373008104,0.0001267462537577477,0.00012674853052513236,0.00012675078430746738,0.00012675301537581372,0.00012675522399714837,0.00012675741043440675,0.00012675957494658424,0.00012676171778879043,0.00012676383921233036,0.0001267659394647661,0.0001267680187900144,0.00012677007742835554,0.00012677211561656513,0.00012677413358791985,0.00012677613157231733,0.000126778109796284,0.00012678006848306953,0.0001267820078526846,0.00012678392812198117,0.00012678582950468003,0.0001267877122114624,0.00012678957644998934,0.00012679142242496937,0.000126793250338216,0.00012679506038868523,0.00012679685277253058,0.00012679862768316853,0.00012680038531128542,0.000126802125844925,0.00012680384946952807,0.00012680555636792796,0.00012680724672046854,0.00012680892070500487,0.000126810578496949,0.0001268122202693139,0.0001268138461927572,0.00012681545643561493,0.00012681705116394232,0.00012681863054156132,0.00012682019473008314,0.0001268217438889247,0.00012682327817542508,0.00012682479774479228,0.00012682630275016578,0.00012682779334267268,0.00012682926967143673,0.00012683073188361754,0.00012683218012444835,0.00012683361453724902,0.00012683503526348042,0.0001268364424427608,0.00012683783621290692,0.00012683921670992245,0.00012684058406808998,0.0001268419384199544,0.0001268432798963613,0.0001268446086264902,0.0001268459247378659,0.00012684722835639984,0.00012684851960641162,0.0001268497986106388,0.00012685106549028654,0.0001268523203650318,0.0001268535633530556,0.00012685479457106465,0.00012685601413431455,0.00012685722215662637,0.0001268584187504171,0.00012685960402671412,0.0001268607780951824,0.000126861941064125,0.00012686309304055297,0.00012686423413014493,0.00012686536443730354,0.00012686648406516184,0.00012686759311560878,0.00012686869168930217,0.00012686977988568917,0.00012687085780302494,0.0001268719255383887,0.00012687298318770897,0.00012687403084575183,0.00012687506860617956,0.00012687609656153958,0.00012687711480328673,0.0001268781234218009,0.00012687912250640014,0.00012688011214535515,0.00012688109242591346,0.00012688206343429943,0.00012688302525573947,0.00012688397797447302,0.00012688492167377014,0.0001268858564359255,0.000126886782342309,0.00012688769947334804,0.0001268886079085529,0.00012688950772652604,0.00012689039900498045,0.00012689128182074208,0.00012689215624976582,0.00012689302236716375,0.00012689388024719126,0.00012689472996327527,0.00012689557158801612,0.0001268964051932064,0.00012689723084984147,0.00012689804862811967,0.00012689885859746918,0.00012689966082654884,0.00012690045538325709,0.00012690124233475563,0.00012690202174746413,0.00012690279368706532,0.00012690355821853416,0.00012690431540614812,0.00012690506531346676,0.00012690580800337327,0.00012690654353806854,0.00012690727197908362,0.00012690799338728427,0.00012690870782288745,0.00012690941534546728,0.00012691011601395107,0.00012691080988664927,0.00012691149702124892,0.00012691217747482774,0.00012691285130385707,0.00012691351856421374,0.00012691417931118626,0.00012691483359948227,0.0001269154814832351,0.00012691612301602117,0.00012691675825084612,0.00012691738724016728,0.00012691801003590164,0.00012691862668942882,0.00012691923725159488,0.00012691984177272257,0.0001269204403026151,0.00012692103289057432,0.00012692161958538725,0.00012692220043534965,0.00012692277548825438,0.00012692334479142233,0.0001269239083916881,0.00012692446633541093,0.000126925018668486,0.00012692556543634305,0.0001269261066839578,0.0001269266424558539,0.00012692717279610957,0.0001269276977483635,0.00012692821735582014,0.00012692873166125407,0.00012692924070701675,0.00012692974453503748,0.0001269302431868357,0.00012693073670351878,0.0001269312251257932,0.00012693170849396442,0.00012693218684794565,0.00012693266022725496,0.00012693312867103292,0.0001269335922180334,0.00012693405090663705,0.00012693450477485363,0.00012693495386032464,0.00012693539820032905,0.0001269358378317891,0.00012693627279127047,0.0001269367031149904,0.00012693712883881677,0.00012693754999827892,0.00012693796662856732,0.0001269383787645381,0.00012693878644071585,0.00012693918969130114,0.00012693958855017101,0.00012693998305088208,0.00012694037322667697,0.00012694075911048655,0.00012694114073493346,0.00012694151813233526,0.00012694189133470964,0.000126942260373775,0.000126942625280959,0.00012694298608738894,0.00012694334282391484,0.0001269436955210978,0.00012694404420921966,0.00012694438891827718,0.0001269447296780018,0.00012694506651784651,0.00012694539946699694,0.00012694572855437408,0.00012694605380863402,0.0001269463752581718,0.00012694669293113173,0.0001269470068553964,0.00012694731705859943,0.00012694762356812376,0.00012694792641111145,0.0001269482256144565,0.00012694852120481262,0.00012694881320859686,0.00012694910165199095,0.00012694938656093773,0.00012694966796115997,0.00012694994587814456,0.00012695022033715824,0.00012695049136323558,0.00012695075898120085,0.00012695102321565527,0.00012695128409098098,0.00012695154163135417,0.0001269517958607345,0.00012695204680287256,0.00012695229448131414,0.00012695253891939557,0.00012695278014024892,0.00012695301816682215,0.00012695325302184907,0.00012695348472787057,0.0001269537133072335,0.0001269539387820937,0.0001269541611744189,0.00012695438050598236,0.0001269545967983739,0.000126954810073003,0.0001269550203510914,0.00012695522765368344,0.00012695543200164387,0.00012695563341566098,0.00012695583191624704,0.00012695602752374244,0.00012695622025831485,0.00012695641013996247,0.00012695659718851783,0.00012695678142364436,0.00012695696286484188,0.00012695714153144672,0.00012695731744263622,0.00012695749061742573,0.00012695766107467365,0.0001269578288330807,0.000126957993911195,0.00012695815632741064,0.0001269583160999695,0.00012695847324696474,0.00012695862778633557,0.0001269587797358795,0.00012695892911324675,0.0001269590759359431,0.00012695922022133298,0.00012695936198663425,0.0001269595012489298,0.00012695963802516013,0.00012695977233213407,0.00012695990418651936,0.0001269600336048491,0.00012696016060352594,0.00012696028519881947,0.0001269604074068656,0.00012696052724367503,0.0001269606447251294,0.00012696075986697833,0.0001269608726848507,0.0001269609831942523,0.00012696109141056123,0.00012696119734903583,0.00012696130102481085,0.00012696140245290543,0.00012696150164821622,0.00012696159862552565,0.000126961693399496,0.0001269617859846763,0.00012696187639550216,0.0001269619646462947,0.00012696205075126294,0.00012696213472450574,0.00012696221658001146,0.00012696229633165943,0.00012696237399322096,0.00012696244957836149,0.00012696252310063916,0.00012696259457350807,0.0001269626640103184,0.0001269627314243176,0.00012696279682864988,0.00012696286023635944,0.00012696292166039,0.0001269629811135863,0.00012696303860869505,0.00012696309415836495,0.00012696314777514887,0.00012696319947150364,0.00012696324925979134,0.0001269632971522808,0.00012696334316114803,0.00012696338729847542,0.00012696342957625536,0.00012696347000638964,0.0001269635086006902,0.00012696354537088003,0.0001269635803285947,0.00012696361348538194,0.00012696364485270342,0.00012696367444193512,0.00012696370226436662,0.00012696372833120723,0.00012696375265357966,0.00012696377524252446,0.0001269637961090007,0.00012696381526388625,0.00012696383271797854,0.00012696384848199423,0.00012696386256657455,0.00012696387498227867,0.00012696388573958943,0.00012696389484891286,0.0001269639023205785,0.00012696390816484062,0.00012696391239187845,0.00012696391501179662,0.00012696391603462677,0.00012696391547032735,0.0001269639133287844,0.0001269639096198124,0.00012696390435315458,0.00012696389753848395,0.0001269638891854037,0.00012696387930344888,0.00012696386790208184,0.0001269638549907014,0.0001269638405786379,0.0001269638246751535,0.00012696380728944494,0.00012696378843064324,0.00012696376810781418,0.00012696374632995892,0.0001269637231060143,0.00012696369844485462,0.00012696367235528984,0.00012696364484606813,0.00012696361592587623,0.00012696358560333932,0.000126963553887021,0.0001269635207854251,0.00012696348630699596,0.00012696345046011798,0.00012696341325311734,0.00012696337469426114,0.00012696333479175927,0.0001269632935537643,0.0001269632509883714,0.00012696320710361975,0.00012696316190749263,0.00012696311540791764,0.00012696306761276758,0.00012696301852986055,0.00012696296816696063,0.0001269629165317783,0.00012696286363197076,0.00012696280947514262,0.00012696275406884593,0.00012696269742058108,0.0001269626395377968,0.00012696258042789102,0.00012696252009821072,0.00012696245855605296,0.00012696239580866484,0.00012696233186324413,0.00012696226672694012,0.00012696220040685192,0.00012696213291003215,0.0001269620642434849,0.00012696199441416753,0.0001269619234289887,0.00012696185129481197,0.00012696177801845398,0.0001269617036066858,0.0001269616280662328,0.00012696155140377513,0.0001269614736259481,0.00012696139473934262,0.0001269613147505055,0.00012696123366593996,0.00012696115149210568,0.00012696106823541906,0.00012696098390225418,0.00012696089849894256,0.00012696081203177477,0.00012696072450699727,0.00012696063593081708,0.0001269605463093987,0.00012696045564886767,0.00012696036395530864,0.0001269602712347651,0.00012696017749324175,0.00012696008273670357,0.00012695998697107662,0.0001269598902022478,0.00012695979243606563,0.00012695969367834033,0.00012695959393484407,0.00012695949321131177,0.00012695939151344057,0.0001269592888468907,0.00012695918521728582,0.0001269590806302127,0.00012695897509122214,0.0001269588686058291,0.00012695876117951283,0.00012695865281771692,0.00012695854352585015,0.00012695843330928641,0.000126958322173365,0.00012695821012339084,0.00012695809716463494,0.00012695798330233452,0.00012695786854169305,0.00012695775288788105,0.00012695763634603568,0.00012695751892126164,0.00012695740061863082,0.00012695728144318302,0.00012695716139992608,0.00012695704049383585,0.00012695691872985674,0.00012695679611290223,0.00012695667264785341,0.0001269565483395621,0.00012695642319284796,0.00012695629721250248,0.00012695617040328497,0.0001269560427699257,0.00012695591431712474,0.0001269557850495531,0.0001269556549718524,0.00012695552408863522,0.00012695539240448507,0.0001269552599239572,0.00012695512665157824,0.00012695499259184656,0.00012695485774923284,0.00012695472212817988,0.00012695458573310238,0.00012695444856838828,0.00012695431063839826,0.00012695417194746544,0.00012695403249989704,0.00012695389229997297,0.00012695375135194734,0.0001269536096600477,0.00012695346722847535,0.00012695332406140655,0.00012695318016299107,0.00012695303553735384,0.0001269528901885942,0.00012695274412078712,0.0001269525973379809,0.00012695244984420076,0.0001269523016434472,0.0001269521527396957,0.00012695200313689824,0.00012695185283898212,0.00012695170184985141,0.00012695155017338608,0.00012695139781344292,0.00012695124477385503,0.00012695109105843272,0.00012695093667096315,0.00012695078161521032,0.00012695062589491613,0.00012695046951379966,0.0001269503124755575,0.00012695015478386427,0.00012694999644237304,0.00012694983745471395,0.00012694967782449565,0.0001269495175553049,0.00012694935665070873,0.00012694919511425042,0.00012694903294945516,0.00012694887015982496,0.00012694870674884103,0.00012694854271996458,0.00012694837807663626,0.00012694821282227588,0.0001269480469602834,0.00012694788049403841,0.0001269477134269008,0.00012694754576221044,0.00012694737750328745,0.00012694720865343256,0.00012694703921592665,0.00012694686919403257,0.00012694669859099212,0.00012694652741002962,0.0001269463556543496,0.00012694618332713848,0.00012694601043156345,0.0001269458369707736,0.00012694566294789975,0.00012694548836605392,0.00012694531322833026,0.00012694513753780468,0.00012694496129753627,0.00012694478451056546,0.00012694460717991473,0.00012694442930858972,0.00012694425089957833,0.0001269440719558514,0.00012694389248036229,0.00012694371247604826,0.00012694353194582785,0.00012694335089260568,0.00012694316931926493,0.00012694298722867625,0.00012694280462369306,0.0001269426215071517,0.00012694243788187296,0.00012694225375065957,0.0001269420691163014,0.00012694188398157017,0.00012694169834922216,0.00012694151222199793,0.00012694132560262244,0.00012694113849380544,0.0001269409508982411,0.00012694076281860795,0.00012694057425756988,0.00012694038521777546,0.00012694019570185744,0.00012694000571243557,0.00012693981525211304,0.0001269396243234789,0.0001269394329291083,0.00012693924107155997,0.00012693904875337998,0.00012693885597709945,0.00012693866274523545,0.00012693846906029077,0.0001269382749247547,0.0001269380803411019,0.00012693788531179228,0.00012693768983927471,0.00012693749392598194,0.00012693804697166023,0.00012693812392564012,0.00012693812891799184,0.0001269381271502088,0.00012693812995762303,0.00012693814042567003,0.0001269381604586621,0.00012693819185810966,0.00012693823647041023,0.00012693829619014608,0.00012693837294162802,0.00012693846865820352,0.00012693858526273297,0.00012693872465000325,0.00012693888867136192,0.00012693907912166054,0.00012693929772850937,0.00012693954614376534,0.000126939825937118,0.00012694013859160282,0.0001269404855008416,0.00012694086796780763,0.0001269412872048929,0.00012694174433508168,0.0001269422403940273,0.00012694277633285372,0.0001269433530215205,0.00012694397125259842,0.0001269446317453373,0.0001269453351499055,0.00012694608205172364,0.00012694687297580011,0.0001269477083910167,0.00012694858871431289,0.00012694951431472238,0.0001269504855172542,0.00012695150260656174,0.00012695256583043389,0.0001269536754030633,0.0001269548315080983,0.00012695603430147345,0.0001269572839140664,0.00012695858045411266,0.00012695992400944386,0.00012696131464954126,0.00012696275242740876,0.0001269642373812871,0.00012696576953619574,0.00012696734890536108,0.00012696897549148073,0.00012697064928789093,0.00012697237027959867,0.0001269741384441961,0.0001269759537527457,0.00012697781617050506,0.0001269797256576091,0.00012698168216967085,0.0001269836856583081,0.0001269857360716655,0.00012698783335477585,0.00012698997744997842,0.00012699216829724418,0.00012699440583446655,0.00012699668999773277,0.00012699902072153596,0.0001270013979389915,0.0001270038215820073,0.0001270062915814415,0.00012700880786723187,0.00012701137036851993,0.00012701397901375164,0.00012701663373076261,0.00012701933444685863,0.00012702208108886925,0.00012702487358324683,0.00012702771185606828,0.0001270305958330664,0.0001270335254397071,0.0001270365006012162,0.00012703952124257212,0.00012704258728855666,0.00012704569866375071,0.0001270488552925649,0.00012705205709923187,0.00012705530400783943,0.00012705859594233106,0.00012706193282649152,0.00012706531458397006,0.00012706874113828,0.00012707221241280126,0.0001270757283307795,0.00012707928881533338,0.00012708289378945685,0.00012708654317598203,0.00012709023689763124,0.00012709397487700787,0.00012709775703658192,0.00012710158329864117,0.00012710545358539144,0.00012710936781888592,0.00012711332592104494,0.00012711732781362203,0.00012712137341832247,0.00012712546265662415,0.0001271295954499069,0.00012713377171940236,0.00012713799138620646,0.000127142254371287,0.00012714656059546745,0.0001271509099794344,0.00012715530244373932,0.00012715973790880083,0.00012716421629490313,0.00012716873752219798,0.00012717330151069498,0.00012717790818028466,0.00012718255745072088,0.00012718724924163302,0.0001271919834725241,0.00012719676006276283,0.00012720157893160146,0.00012720643999817387,0.00012721134318148278,0.00012721628840042326,0.0001272212755737671,0.00012722630462017796,0.00012723137545819814,0.00012723648800627376,0.00012724164218272634,0.0001272468379057873,0.00012725207509356484,0.00012725735366408858,0.00012726267353528012,0.00012726803462495843,0.0001272734368508457,0.00012727888013058775,0.0001272843643817475,0.00012728988952176893,0.00012729545546804518,0.0001273010621379104,0.00012730670944848183,0.00012731239731694446,0.0001273181256603731,0.0001273238943957573,0.00012732970344001625,0.0001273355527100121,0.00012734144212252685,0.00012734737159428395,0.0001273533410419504,0.0001273593503821344,0.00012736539953139343,0.00012737148840622506,0.00012737761692307726,0.00012738378499835027,0.00012738999254840148,0.00012739623948954188,0.00012740252573804122,0.00012740885121009595,0.00012741521582193663,0.00012742161948975895,0.00012742806212961874,0.0001274345436576711,0.00012744106398995873,0.0001274476230425158,0.00012745422073136788,0.00012746085697253566,0.00012746753168194725,0.0001274742447755911,0.00012748099616941182,0.0001274877857793423,0.00012749461352130472,0.00012750147931120907,0.00012750838306496275,0.00012751532469845744,0.00012752230412760936,0.00012752932126830103,0.0001275363760364018,0.00012754346834785833,0.00012755059811856134,0.00012755776526444097,0.0001275649697013737,0.00012757221134533997,0.00012757949011223078,0.00012758680591798128,0.00012759415867849347,0.00012760154830986336,0.00012760897472817253,0.0001276164378493911,0.00012762393758955119,0.00012763147386470262,0.00012763904659097544,0.0001276466556844777,0.00012765430106142,0.0001276619826378801,0.00012766970033015133,0.00012767745405446975,0.0001276852437271234,0.00012769306926432893,0.00012770093058266823,0.00012770882759843968,0.00012771676022808184,0.000127724728388083,0.00012773273199497966,0.00012774077096535183,0.0001277488452158279,0.00012775695466307754,0.00012776509922383296,0.0001277732788148635,0.00012778149335298186,0.00012778974275508818,0.00012779802693813002,0.0001278063458190732,0.00012781469931500385,0.00012782308734301867,0.00012783150982028808,0.00012783996666405193,0.00012784845779163518,0.00012785698312034775,0.000127865542567612,0.00012787413605099002,0.00012788276348807835,0.000127891424796381,0.00012790011989366115,0.00012790884869770498,0.00012791761112634486,0.00012792640709750953,0.00012793523652919348,0.00012794409933946824,0.00012795299544650344,0.0001279619247684848,0.00012797088722375102,0.00012797988273065448,0.00012798891120768517,0.0001279979725733897,0.0001280070667464005,0.00012801619364543422,0.0001280253531892856,0.00012803454529685285,0.00012804376988711263,0.00012805302687912738,0.000128062316192041,0.00012807163774507802,0.0001280809914576055,0.0001280903772490554,0.00012809979503890242,0.00012810924474677247,0.0001281187262923533,0.00012812823959548438,0.00012813778457603967,0.0001281473611540111,0.00012815696924953568,0.00012816660878272796,0.00012817627967390418,0.00012818598184341222,0.00012819571521178165,0.00012820547969959198,0.00012821527522755165,0.00012822510171643168,0.00012823495908714035,0.00012824484726067407,0.0001282547661581272,0.00012826471570071547,0.00012827469580978305,0.00012828470640652629,0.00012829474741300184,0.00012830481875045406,0.00012831492034073546,0.00012832505210570827,0.00012833521396729146,0.00012834540584764516,0.000128355627668939,0.00012836587935347642,0.00012837616082366865,0.00012838647200206534,0.00012839681281129383,0.0001284071831741343,0.00012841758301339274,0.0001284280122521921,0.00012843847081359002,0.0001284489586208037,0.0001284594755972148,0.00012847002166621886,0.0001284805967514164,0.0001284912007765554,0.00012850183366538206,0.00012851249534186372,0.00012852318573006524,0.00012853390475423698,0.00012854465233853534,0.00012855542840745622,0.00012856623288554523,0.00012857706569747553,0.00012858792676803048,0.00012859881602212482,0.00012860973338480144,0.00012862067878122114,0.00012863165213667627,0.00012864265337657666,0.00012865368242646153,0.00012866473921199575,0.00012867582365897048,0.00012868693569329816,0.0001286980752410414,0.00012870924222835054,0.00012872043658154232,0.00012873165822712535,0.00012874290709149195,0.0001287541831014069,0.0001287654861836877,0.0001287768162652951,0.0001287881732732572,0.00012879955713480885,0.00012881096777738344,0.00012882240512832315,0.0001288338691154059,0.00012884535966599525,0.00012885687670817256,0.00012886842016989337,0.00012887998997930926,0.0001288915860646813,0.00012890320835439522,0.00012891485677691964,0.0001289265312610116,0.0001289382317353404,0.00012894995812894823,0.0001289617103708584,0.0001289734883902447,0.0001289852921164359,0.00012899712147889706,0.00012900897640722605,0.0001290208568310944,0.00012903276268040956,0.00012904469388517128,0.0001290566503755179,0.0001290686320817338,0.0001290806389342103,0.0001290926708634899,0.00012910472780025225,0.00012911680967534386,0.0001291289164196695,0.00012914104796432084,0.00012915320424051026,0.00012916538517987878,0.00012917759071345194,0.00012918982077306666,0.0001292020752905328,0.00012921435419806313,0.00012922665742710088,0.0001292389849101364,0.00012925133657946803,0.00012926371236757518,0.0001292761122070768,0.00012928853603070948,0.00012930098377131506,0.00012931345536198953,0.00012932595073580187,0.00012933846982602672,0.0001293510125661865,0.00012936357889007874,0.0001293761687309157,0.00012938878202278255,0.00012940141869966737,0.0001294140786958276,0.00012942676194540705,0.00012943946838265546,0.00012945219794227258,0.0001294649505588726,0.0001294777261674229,0.0001294905247028089,0.00012950334610017835,0.00012951619029465293,0.00012952905722170852,0.000129541946816465,0.000129554859015305,0.00012956779375368079,0.00012958075096753093,0.0001295937305930225,0.0001296067325661569,0.0001296197568234655,0.00012963280330140412,0.00012964587193671522,0.00012965896266591595,0.00012967207542609528,0.0001296852101542834,0.0001296983667876752,0.00012971154526360162,0.00012972474551966025,0.00012973796749297896,0.00012975121112192777,0.00012976447634416012,0.0001297777630976036,0.0001297910713205929,0.00012980440095135506,0.00012981775192821604,0.00012983112419015614,0.00012984451767552612,0.00012985793232328478,0.00012987136807247806,0.00012988482486224966,0.00012989830263189744,0.00012991180132081672,0.00012992532086859217,0.00012993886121489444,0.00012995242229957936,0.0001299660040626042,0.0001299796064441187,0.0001299932293845424,0.00013000687282392308,0.0001300205367029413,0.0001300342209622843,0.00013004792554277797,0.0001300616503853942,0.00013007539543117845,0.00013008916062136685,0.00013010294589731829,0.00013011675120050864,0.00013013057647259858,0.00013014442165536325,0.0001301582866907075,0.00013017217152071063,0.00013018607608753784,0.00013020000033351034,0.00013021394420105554,0.00013022790763285867,0.0001302418905716238,0.0001302558929604557,0.00013026991474205838,0.0001302839558593497,0.00013029801625583613,0.00013031209587499219,0.00013032619466050812,0.00013034031255594817,0.00013035444950516202,0.0001303686054519463,0.0001303827803406905,0.0001303969741154738,0.0001304111867206781,0.00013042541810081125,0.0001304396682005041,0.00013045393696463781,0.0001304682243379921,0.0001304825302655933,0.0001304968546926694,0.000130511197564532,0.0001305255588266418,0.00013053993842458047,0.0001305543363040578,0.0001305687524109592,0.00013058318669161427,0.00013059763909137803,0.00013061210955688963,0.00013062659803449078,0.0001306411044708266,0.0001306556288126246,0.00013067017100641237,0.00013068473099900948,0.00013069930873766506,0.00013071390416968188,0.0001307285172420703,0.00013074314790237885,0.0001307577960985622,0.0001307724617779591,0.00013078714488866944,0.0001308018453783545,0.00013081656319528933,0.00013083129828761058,0.00013084605060374513,0.00013086082009225198,0.00013087560670166893,0.00013089041038071746,0.00013090523107841558,0.00013092006874372,0.00013093492332578104,0.00013094979477379877,0.0001309646830372749,0.00013097958806569874,0.00013099450980883593,0.00013100944821640506,0.0001310244032388055,0.0001310393748251101,0.0001310543629260299,0.0001310693674927201,0.00013108438847414373,0.00013109942582134322,0.00013111447948531107,0.00013112954941630275,0.00013114463556564352,0.00013115973788439513,0.0001311748563237806,0.00013118999083511297,0.00013120514136985312,0.0001312203078793832,0.00013123549031563401,0.00013125068863058291,0.0001312659027759747,0.00013128113270392328,0.0001312963783669135,0.0001313116397168387,0.00013132691670627322,0.00013134220928791833,0.0001313575174143053,0.0001313728410383601,0.00013138818011319606,0.00013140353459177142,0.0001314189044269124,0.00013143428957232718,0.00013144968998141384,0.00013146510560774273,0.00013148053640500782,0.00013149598232702517,0.00013151144332773312,0.0001315269193611922,0.00013154241038158506,0.00013155791634321049,0.00013157343720050424,0.00013158897290800825,0.00013160452342039045,0.00013162008869243956,0.000131635668679065,0.00013165126333529646,0.00013166687261628398,0.0001316824964772975,0.00013169813487372677,0.00013171378776108097,0.00013172945509498866,0.0001317451368311975,0.00013176083292557394,0.00013177654333410336,0.00013179226801287818,0.00013180800691814268,0.00013182376000634487,0.00013183952723370366,0.00013185530855691434,0.00013187110393267194,0.000131886913317783,0.00013190273666915993,0.00013191857394385842,0.00013193442509903695,0.0001319502900919803,0.0001319661688800682,0.000131982061420821,0.00013199796767185117,0.00013201388759092282,0.00013202982113584991,0.00013204576826468577,0.00013206172893538243,0.00013207770310620073,0.00013209369073545487,0.0001321096917815713,0.00013212570620311153,0.00013214173395870692,0.0001321577750071237,0.00013217382930722128,0.00013218989681803455,0.0001322059774986955,0.00013222207130832256,0.00013223817820629606,0.00013225429815207863,0.0001322704311052496,0.00013228657702542336,0.00013230273587237396,0.00013231890760599305,0.00013233509218626993,0.00013235128957332106,0.00013236749972736272,0.0001323837226087257,0.00013239995817779945,0.00013241620639518393,0.0001324324672214303,0.00013244874061751305,0.00013246502654405996,0.00013248132496234842,0.00013249763583327422,0.00013251395911814673,0.00013253029477813485,0.0001325466427747803,0.00013256300306958477,0.00013257937562414989,0.00013259576040018067,0.0001326121573596642,0.00013262856646442038,0.00013264498767675016,0.000132661420958464,0.0001326778662719792,0.00013269432357968105,0.00013271079284401846,0.00013272727402765334,0.00013274376709319628,0.00013276027200350435,0.00013277678872149282,0.00013279331721014005,0.00013280985743254744,0.00013282640935193983,0.00013284297293158562,0.00013285954813494987,0.00013287613492563878,0.00013289273326734212,0.00013290934312357243,0.00013292596445814997,0.00013294259723514514,0.00013295924141908222,0.0001329758969732007,0.00013299256386218453,0.00013300924205008097,0.00013302593150151023,0.00013304263218076603,0.0001330593440531451,0.00013307606708305136,0.0001330928012353007,0.00013310954647486486,0.00013312630276683554,0.00013314307007652307,0.00013315984836873043,0.00013317663760894162,0.00013319343776260108,0.00013321024879490615,0.00013322707067182565,0.00013324390335918776,0.000133260746822651,0.00013327760102826183,0.00013329446594228842,0.00013331134153080225,0.00013332822776068167,0.00013334512459749052,0.0001333620320082266,0.00013337894995867856,0.00013339587841546032,0.0001334128173454072,0.00013342976671531462,0.00013344672649207202,0.0001334636966426516,0.00013348067713418605,0.00013349766793387246,0.00013351466900881208,0.0001335316803264308,0.00013354870185446947,0.0001335657335601653,0.00013358277541133078,0.00013359982737508785,0.00013361688942053324,0.00013363396151457429,0.00013365104362558002,0.00013366813572217366,0.00013368523777210683,0.0001337023497436829,0.00013371947160529783,0.00013373660332550595,0.0001337537448721021,0.00013377089621518265,0.0001337880573227929,0.00013380522816378352,0.00013382240870709385,0.0001338395989217539,0.0001338567987768853,0.00013387400824169875,0.00013389122728549383,0.0001339084558776589,0.00013392569398767352,0.00013394294158520224,0.00013396019863979615,0.00013397746512124116,0.00013399474099938971,0.00013401202624405403,0.00013402932082538454,0.0001340466247133626,0.00013406393787802616,0.00013408126028981846,0.00013409859191936853,0.00013411593273686265,0.00013413328271254336,0.0001341506418173413,0.0001341680100219045,0.00013418538729712738,0.00013420277361379332,0.00013422016894228735,0.00013423757325474656,0.00013425498652181895,0.00013427240871468168,0.00013428983980463504,0.00013430727976310148,0.0001343247285616083,0.0001343421861716368,0.00013435965256471848,0.00013437712771275292,0.00013439461158747142,0.0001344121041606531,0.00013442960540445742,0.00013444711529074705,0.0001344646337918479,0.00013448216087987732,0.00013449969652710853,0.00013451724070587677,0.00013453479338871793,0.00013455235454817562,0.00013456992415687455,0.00013458750218759536,0.00013460508861294951,0.00013462268340588135,0.00013464028653942917,0.00013465789798646535,0.00013467551772066704,0.00013469314571441592,0.00013471078194118944,0.00013472842637447409,0.0001347460789876595,0.00013476373975404563,0.00013478140864764054,0.0001347990856415815,0.00013481677071022584,0.00013483446382767274,0.00013485216496663793,0.00013486987410175352,0.0001348875912069866,0.00013490531625638593,0.00013492304922427823,0.00013494079008490593,0.00013495853881274596,0.0001349762953820478,0.0001349940597673478,0.0001350118319432911,0.00013502961188456022,0.00013504739956583488,0.00013506519496205181,0.0001350829980479555,0.00013510080879854493,0.00013511862718889415,0.0001351364531941312,0.0001351542867893396,0.00013517212795029597,0.00013518997665140723,0.00013520783286870438,0.00013522569657753656,0.00013524356775371807,0.00013526144637233964,0.0001352793324094321,0.00013529722584067569,0.00013531512664202445,0.00013533303478931738,0.00013535095025861435,0.00013536887302601354,0.00013538680306753007,0.0001354047403593794,0.00013542268487755832,0.0001354406365990098,0.00013545859549999914,0.00013547656155661093,0.0001354945347458187,0.00013551251504437058,0.00013553050242877664,0.00013554849687574672,0.0001355664983622474,0.00013558450686563053,0.00013560252236195883,0.00013562054482931717,0.00013563857424301893,0.00013565661058194967,0.00013567465382287674,0.0001356927039431524,0.00013571076092013605,0.00013572882473097175,0.00013574689535386737,0.00013576497276609564,0.00013578305694533286,0.0001358011478693035,0.00013581924551582614,0.0001358373498627708,0.00013585546088772175,0.0001358735785691082,0.0001358917028853295,0.00013590983381402824,0.00013592797133488223,0.00013594611542335654,0.00013596426605929043,0.0001359824232212257,0.0001360005868872038,0.000136018757036519,0.0001360369336466961,0.00013605511669769916,0.00013607330616743695,0.00013609150203406633,0.00013610970427715638,0.00013612791287561355,0.0001361461278082819,0.00013616434905448175,0.00013618257659336107,0.00013620081040348589,0.00013621905046482083,0.00013623729675650223,0.00013625554925785513,0.0001362738079480742,0.00013629207280678958,0.00013631034381353412,0.0001363286209480284,0.00013634690419027314,0.0001363651935193082,0.0001363834889152567,0.00013640179035799232,0.00013642009782649907,0.00013643841130163716,0.00013645673076438284,0.00013647505619412007,0.0001364933875707317,0.00013651172487474963,0.0001365300680862615,0.00013654841718689116,0.00013656677215354154,0.00013658513297018323,0.00013660349961590679,0.00013662187207150932,0.00013664025031780933,0.00013665863433526382,0.00013667702410440836,0.00013669541960672303,0.0001367138208235732,0.0001367322277350219,0.00013675064032149772,0.00013676905856352837,0.00013678748244466444,0.00013680591194518044,0.0001368243470455131,0.00013684278772747472,0.00013686123397232443,0.00013687968576151798,0.00013689814307664695,0.00013691660589889234,0.00013693507421002807,0.00013695354799166145,0.00013697202722542367,0.00013699051189323627,0.00013700900197663191,0.00013702749745776274,0.00013704599831841237,0.00013706450454113438,0.00013708301610585388,0.0001371015329971334,0.00013712005519615498,0.00013713858268491692,0.00013715711544594632,0.00013717565346149437,0.00013719419671383136,0.00013721274518659846,0.0001372312988598465,0.0001372498577172962,0.00013726842174152648,0.00013728699091516223,0.0001373055652207093,0.0001373241446412604,0.00013734272915941906,0.00013736131875784045,0.00013737991341970096,0.00013739851312774117,0.00013741711786505832,0.00013743572761475422,0.00013745434235985904,0.00013747296208365677,0.00013749158676899835,0.0001375102163991447,0.0001375288509593752,0.0001375474904295807,0.00013756613479508166,0.00013758478403868183,0.00013760343814484913,0.00013762209709665808,0.0001376407608777277,0.00013765942947172754,0.00013767810286237846,0.0001376967810334657,0.00013771546396883094,0.00013773415165222187,0.00013775284406769835,0.00013777154119908988,0.00013779024303047562,0.00013780894954620347,0.000137827660729842,0.00013784637656592732,0.00013786509703847712,0.00013788382213264126,0.0001379025518311548,0.00013792128611916351,0.0001379400249806563,0.00013795876840094239,0.0001379775163644317,0.00013799626885501113,0.0001380150258580512,0.00013803378735734924,0.00013805255333873556,0.0001380713237862697,0.0001380900986842762,0.00013810887801837061,0.00013812766177252072,0.00013814644993220406,0.00013816524248241063,0.00013818403940768807,0.000138202840694124,0.00013822164632639776,0.0001382404562896435,0.00013825927056896928,0.00013827808914970425,0.0001382969120175289,0.00013831573915708276,0.0001383345705540811,0.00013835340619463885,0.00013837224606290076,0.00013839109014507676,0.00013840993842639403,0.00013842879089318404,0.00013844764753075898,0.00013846650832487033,0.0001384853732611897,0.00013850424232550812,0.00013852311550381348,0.00013854199278189307,0.0001385608741437249,0.0001385797595792143,0.00013859864907242317,0.00013861754260939964,0.00013863644017625773,0.00013865534175891095,0.00013867424734402477,0.00013869315691760798,0.00013871207046589382,0.00013873098797528407,0.00013874990943206936,0.000138768834822734,0.00013878776413368823,0.0001388066973513974,0.00013882563446229447,0.00013884457545319763,0.0001388635203106175,0.00013888246902121523,0.00013890142157163608,0.00013892037794919002,0.00013893933813972873,0.00013895830213046242,0.0001389772699083919,0.0001389962414603496,0.0001390152167732577,0.00013903419583405244,0.00013905317862983503,0.00013907216514766829,0.0001390911553746649,0.00013911014929803605,0.00013912914690491604,0.0001391481481825155,0.00013916715311809518,0.00013918616169889268,0.000139205173912516,0.00013922418974622727,0.00013924320918749843,0.00013926223222379078,0.00013928125884255803,0.00013930028903131518,0.00013931932277774534,0.00013933836006945936,0.00013935740089410218,0.00013937644523794601,0.00013939549309142192,0.00013941454444125367,0.00013943359927500883,0.0001394526575806058,0.0001394717193459365,0.0001394907845589447,0.00013950985320763818,0.00013952892528003573,0.00013954800076414135,0.00013956707964804342,0.00013958616191980333,0.00013960524756755538,0.00013962433657973853,0.0001396434289442853,0.0001396625246496167,0.0001396816236840446,0.00013970072603597297,0.00013971983169375391,0.00013973894064577116,0.0001397580528802601,0.0001397771683861516,0.00013979628715168343,0.00013981540916555493,0.00013983453441633159,0.0001398536628924786,0.0001398727945828727,0.0001398919294760129,0.00013991106756083187,0.0001399302088261673,0.0001399493532606778,0.0001399685008532657,0.00013998765159288254,0.00014000680546837662,0.00014002596246871324,0.00014004512258294606,0.00014006428579998916,0.00014008345210882737,0.00014010262149877155,0.00014012179395886932,0.0001401409694782215,0.00014016014804605338,0.00014017932965159434,0.00014019851428410742,0.00014021770193288995,0.00014023689258727253,0.00014025608623661996,0.00014027528287032442,0.00014029448247771531,0.00014031368504850738,0.00014033289057202765,0.00014035209903783604,0.00014037131043538392,0.00014039052475449447,0.000140409741984685,0.0001404289621156178,0.0001404481851369887,0.00014046741103852526,0.0001404866398098718,0.00014050587144093712,0.00014052510592166552,0.00014054434324192876,0.00014056358339131067,0.00014058282635998962,0.0001406020721378037,0.00014062132071475682,0.00014064057208088566,0.00014065982622634313,0.00014067908314097842,0.00014069834281519073,0.0001407176052386795,0.00014073687040203991,0.00014075613829527648,0.0001407754089085667,0.00014079468223238776,0.00014081395825693454,0.00014083323697254265,0.00014085251836944168,0.00014087180243763838,0.0001408910891686273,0.00014091037855212978,0.0001409296705788301,0.0001409489652391752,0.00014096826252366575,0.00014098756242307466,0.00014100686492773707,0.00014102617002839567,0.00014104547771569165,0.00014106478798037354,0.00014108410081319048,0.00014110341620471106,0.00014112273414577071,0.0001411420546273663,0.0001411613776401293,0.00014118070317492326,0.0001412000312228342,0.0001412193617746307,0.00014123869482160254,0.00014125803035437508,0.00014127736836446237,0.00014129670884175286,0.0001413160517779176,0.00014133539716410618,0.00014135474499153534,0.00014137409525108075,0.00014139344793422814,0.00014141280303206762,0.000141432160535735,0.00014145152043676151,0.0001414708827263016,0.00014149024739562902,0.0001415096144360813,0.00014152898383908204,0.00014154835559598012,0.00014156772969820648,0.00014158710613724926,0.00014160648490452545,0.0001416258659915704,0.00014164524938990738,0.0001416646350911476,0.00014168402308680322,0.0001417034133685714,0.00014172280592808056,0.00014174220075695358,0.00014176159784689893,0.00014178099718961643,0.00014180039877690874,0.0001418198026005483,0.00014183920865230303,0.0001418586169240065,0.0001418780274075094,0.00014189744009470814,0.00014191685497735325,0.00014193627204701765,0.0001419556912967418,0.00014197511271712044,0.0001419945363016854,0.00014201396204173615,0.00014203338992933642,0.00014205281995673615,0.00014207225211547073,0.0001420916863980478,0.000142111122797092,0.0001421305613041234,0.00014215000191139903,0.00014216944461173752,0.00014218888939699506,0.00014220833625887055,0.0001422277851905664,0.00014224723618371117,0.0001422666892314458,0.00014228614432573614,0.00014230560145851845,0.00014232506062293812,0.00014234452181153737,0.0001423639850163544,0.00014238345023009154,0.00014240291744533405,0.00014242238665448156,0.00014244185784967388,0.0001424613310243557,0.0001424808061708378,0.0001425002832816709,0.0001425197623496743,0.0001425392433672106,0.00014255872632705716,0.00014257821122211036,0.0001425976980439934,0.00014261718678764337,0.00014263667744460583,0.00014265617000692652,0.00014267566446919433,0.0001426951608235957,0.00014271465906312512,0.00014273415918034015,0.0001427536611675576,0.0001427731650192326,0.00014279267072774676,0.0001428121782858905,0.00014283168768684646,0.00014285119892279538,0.00014287071198812473,0.00014289022687583006,0.00014290974357855134,0.00014292926208952578,0.0001429487824019414,0.00014296830450896228,0.00014298782840379518,0.00014300735407966856,0.00014302688152983257,0.00014304641074755877,0.0001430659417261403,0.0001430854744588918,0.00014310500893914893,0.00014312454516026899,0.00014314408311727426,0.00014316362280012253,0.00014318316420422868,0.00014320270732280692,0.00014322225214939642,0.00014324179867738752,0.0001432613468995037,0.00014328089681076993,0.00014330044840410891,0.00014332000167304143,0.0001433395566112562,0.00014335911321223808,0.00014337867146837786,0.00014339823137583682,0.00014341779292692444,0.00014343735611552718,0.00014345692093528032,0.000143476487379741,0.0001434960554429805,0.00014351562511870432,0.00014353519640032032,0.0001435547692820246,0.00014357434375740814,0.00014359391982052267,0.0001436134974651121,0.0001436330766852854,0.00014365265747453933,0.0001436722398274149,0.00014369182373723927,0.0001437114091984277,0.00014373099620446612,0.00014375058474964974,0.00014377017482592437,0.0001437897664314614,0.0001438093595580673,0.00014382895420019545,0.00014384855035179842,0.0001438681480069211,0.00014388774715968047,0.00014390734780427873,0.00014392694993506895,0.0001439465535460183,0.00014396615863095815,0.0001439857651849535,0.00014400537320181797,0.00014402498267585345,0.00014404459360133076,0.00014406420597258492,0.00014408381978396622,0.00014410343502964238,0.00014412305170251788,0.0001441426698018969,0.00014416228931720144,0.0001441819102443259,0.00014420153257813532,0.00014422115631258648,0.0001442407814394429,0.00014426040795888152,0.0001442800358627175,0.00014429966514525164,0.00014431929580136253,0.00014433892782518746,0.00014435856121148785,0.0001443781959549264,0.0001443978320500277,0.00014441746949141613,0.00014443710827373075,0.00014445674839156004,0.00014447638983971657,0.00014449603261282282,0.0001445156767055874,0.00014453532211267477,0.0001445549688288955,0.00014457461684890327,0.00014459426616755686,0.00014461391677983313,0.00014463356868037308,0.0001446532218640031,0.00014467287632556584,0.00014469253205992067,0.0001447121890619774,0.00014473184732655985,0.00014475150684860745,0.00014477116762331676,0.0001447908296450951,0.00014481049290913833,0.00014483015741047374,0.00014484982314406396,0.00014486949010491731,0.0001448891582880501,0.0001449088276885131,0.00014492849830128576,0.00014494817012150125,0.00014496784314429852,0.0001449875173647259,0.00014500719277788147,0.00014502686937893235,0.00014504654716301031,0.00014506622612528992,0.00014508590626087115,0.0001451055875652545,0.00014512527003321865,0.00014514495366019096,0.00014516463844160404,0.0001451843243722561,0.00014520401144773007,0.00014522369966355408,0.0001452433890166678,0.00014526307949844146,0.000145282771106756,0.0001453024638358515,0.00014532215768144684,0.0001453418526393422,0.0001453615487048172,0.00014538124587315304,0.00014540094413952487,0.00014542064349974394,0.00014544034394951987,0.00014546004548394707,0.00014547974809829716,0.00014549945178844254,0.00014551915654948804,0.00014553886237718145,0.00014555856926729962,0.00014557827721493788,0.00014559798621663662,0.00014561769626650044,0.0001456374073614425,0.00014565711949569073,0.00014567683266599236,0.00014569654686754678,0.0001457162620958823,0.00014573597834425747,0.00014575569561404284,0.00014577541389589768,0.0001457951331861836,0.00014581485348487522,0.00014583457478483744,0.0001458542970815743,0.00014587402037098896,0.00014589374464890666,0.0001459134699094048,0.00014593319615166227,0.00014595292336838436,0.00014597265155513902,0.00014599238071255594,0.0001460121108334855,0.00014603184191118725,0.00014605157394664565,0.0001460713069330921,0.00014609104086504317,0.0001461107757390383,0.00014613051155234962,0.00014615024830011753,0.00014616998598301732,0.00014618972459092285,0.0001462094641211907,0.00014622920456773178,0.00014624894593147543,0.0001462686882032709,0.00014628843138233543,0.00014630817546610608,0.00014632792044597117,0.00014634766632099126,0.0001463674130898505,0.00014638716074318902,0.000146406909282453,0.00014642665869895395,0.00014644640899281582,0.00014646616015787743,0.0001464859121913694,0.00014650566508830887,0.0001465254188459025,0.0001465451734599734,0.0001465649289267723,0.00014658468524250763,0.0001466044424031107,0.00014662420040509894,0.00014664395924469568,0.00014666371891815662,0.0001466834794222114,0.00014670324075214097,0.0001467230029036332,0.00014674276587548952,0.00014676252966285528,0.00014678229426186884,0.00014680205966905235,0.00014682182588071565,0.0001468415928932208,0.0001468613607030754,0.00014688112930646876,0.00014690089870006125,0.00014692066887999006,0.0001469404398427526,0.0001469602115850391,0.00014697998410358217,0.00014699975739391414,0.00014701953145307347,0.00014703930627839366,0.00014705908186474017,0.0001470788582092795,0.0001470986353079044,0.000147118413158551,0.00014713819175741683,0.00014715797110037795,0.00014717775118569266,0.00014719753200886348,0.0001472173135661465,0.00014723709585324015,0.00014725687886773004,0.00014727666260637404,0.00014729644706571674,0.00014731623224079925,0.0001473360181314963,0.0001473558047328986,0.0001473755920415252,0.00014739538005442834,0.00014741516876821853,0.00014743495817792497,0.00014745474828338392,0.00014747453907986395,0.0001474943305616152,0.00014751412272848776,0.00014753391557829754,0.00014755370910593475,0.00014757350330883167,0.00014759329818301008,0.00014761309372559738,0.00014763288993390917,0.00014765268680389407,0.00014767248433313247,0.00014769228251770017,0.00014771208135511542,0.00014773188084196177,0.0001477516809749961,0.00014777148175155064,0.0001477912831676268,0.0001478110852211855,0.00014783088790850036,0.00014785069122701062,0.0001478704951730344,0.00014789029974434352,0.00014791010493685886,0.0001479299107488076,0.0001479497171757802,0.00014796952421540076,0.0001479893318644278,0.00014800914011980503,0.00014802894897942241,0.00014804875843986816,0.0001480685684975445,0.00014808837915117616,0.00014810819039583244,0.00014812800222937752,0.00014814781464831992,0.0001481676276510153,0.00014818744123409015,0.00014820725539410476,0.00014822707012866144,0.00014824688543450262,0.00014826670130913124,0.00014828651774959206,0.00014830633475296874,0.000148326152316554,0.00014834597043718572,0.00014836578911223237,0.00014838560833828292,0.00014840542811388617,0.00014842524843583382,0.00014844506930042136,0.00014846489070542414,0.00014848471264842738,0.0001485045351262124,0.00014852435813607375,0.0001485441816743909,0.0001485640057402836,0.00014858383033008966,0.00014860365544086532,0.0001486234810709737,0.0001486433072164051,0.00014866313387502055,0.00014868296104405672,0.00014870278872174266,0.00014872261690365216,0.00014874244558793357,0.00014876227477219535,0.000148782104453685,0.00014880193462951305,0.00014882176529763667,0.00014884159645440738,0.0001488614280981539,0.00014888126022541225,0.00014890109283650772,0.00014892092592536227,0.00014894075949093967,0.00014896059352943346,0.0001489804280395338,0.00014900026301802445,0.00014902009846256794,0.0001490399343699648,0.00014905977073920905,0.0001490796075672204,0.00014909944485156542,0.00014911928258917924,0.00014913912077719864,0.00014915895941524192,0.0001491787985012425,0.00014919863802847238,0.00014921847799661818,0.00014923831840358854,0.00014925815924784032,0.00014927800052537936,0.00014929784223445937,0.0001493176843751112,0.00014933752693943277,0.0001493573699283655,0.00014937721333926196,0.00014939705716932744,0.00014941690141687317,0.00014943674607889346,0.0001494565911530007,0.0001494764366380485,0.000149496282529933,0.0001495161288274335,0.00014953597552771388,0.00014955582262864448,0.00014957567012787123,0.00014959551802309667,0.00014961536631201829,0.000149635214992949,0.0001496550640605314,0.0001496749135175228,0.00014969476335784785,0.00014971461358099838,0.00014973446418419412,0.00014975431516582957,0.00014977416652240552,0.00014979401825221706,0.0001498138703531192,0.00014983372282280046,0.00014985357565875466,0.00014987342885953238,0.00014989328242251025,0.00014991313634554399,0.000149932990626094,0.0001499528452628875,0.00014997270025310662,0.00014999255559441859,0.00015001241128602101,0.00015003226732347922,0.00015005212370590077,0.00015007198043182516,0.0001500918374974815,0.00015011169490160113,0.0001501315526421194,0.00015015141071673106,0.0001501712691235775,0.00015019112786044837,0.00015021098692518113,0.00015023084631579352,0.00015025070603037546,0.00015027056606627267,0.00015029042642187424,0.00015031028709536873,0.00015033014808423696,0.00015035000938605177,0.00015036987099999985,0.00015038973292339473,0.00015040959515472772,0.00015042945769179,0.00015044932053105668,0.00015046918367144638,0.00015048904711219562,0.00015050891084991992,0.00015052877488280729,0.0001505486392096725,0.00015056850382776346,0.00015058836873365478,0.00015060823392821186,0.00015062809940858608,0.0001506479651724853,0.00015066783121793067,0.0001506876975431761,0.000150707564147336,0.00015072743102645365,0.00015074729817939145,0.0001507671656046185,0.00015078703329983784,0.00015080690126331004,0.00015082676949316882,0.00015084663798748174,0.00015086650674443102,0.0001508863757621338,0.00015090624503860228,0.00015092611457214345,0.00015094598436070952,0.00015096585440292683,0.00015098572469586912,0.00015100559524179862,0.00015102546603241809,0.00015104533706928848,0.00015106520835018756,0.00015108507987368887,0.00015110495163743047,0.00015112482363989534,0.00015114469587927022,0.00015116456835377446,0.00015118444106165354,0.00015120431400088454,0.0001512241871700692,0.00015124406056968653,0.00015126393419324965,0.0001512838080413622,0.00015130368211226442,0.00015132355640372317,0.00015134343091516018,0.00015136330564357757,0.00015138318058797908,0.0001514030557463931,0.0001514229311172809,0.00015144280669885112,0.00015146268248867343,0.00015148255848645677,0.00015150243468980523,0.00015152231109678716,0.00015154218770621248,0.00015156206451615758,0.0001515819415249408,0.00015160181873172636,0.00015162169613457184,0.00015164157372990475,0.00015166145151769927,0.0001516813294958436,0.00015170120766276726,0.00015172108601643769,0.00015174096455639402,0.000151760843280068,0.00015178072218682094,0.0001518006012740589,0.00015182048054070718,0.00015184035998536274,0.0001518602396058379,0.00015188011940045493,0.00015189999936865745,0.00015191987950729396,0.00015193975981558027,0.00015195964029193852,0.00015197952093544962,0.00015199940174325348,0.00015201928271376175,0.00015203916384603144,0.00015205904513945325,0.00015207892659036026,0.0001520988081993527,0.00015211868996343217,0.00015213857188168894,0.00015215845395255578,0.0001521783361746384,0.00015219821854681677,0.00015221810106662065,0.00015223798373291755,0.0001522578665443577,0.00015227774949951479,0.0001522976325971199,0.00015231751583533849,0.0001523373992128594,0.0001523572827279076,0.00015237716637877155,0.0001523970501643008,0.00015241693408313639,0.0001524368181341978,0.00015245670231516493,0.0001524765866250755,0.0001524964710627834,0.00015251635562684612,0.0001525362403155119,0.00015255612512667132,0.00015257601006001654,0.0001525958951136227,0.00015261578028671538,0.00015263566557690225,0.0001526555509833385,0.00015267543650473458,0.00015269532213864855,0.00015271520788570845,0.00015273509374245258,0.00015275497971082043,0.00015277486578426698,0.00015279475196428447,0.00015281463824902257,0.00015283452463763164,0.0001528544111285725,0.00015287429771952988,0.00015289418441407187,0.00015291407120486252,0.00015293395809183613,0.00015295384507747902,0.0001529737321547316,0.0001529936193247213,0.0001530135065858987,0.00015303339393797744,0.00015305328137873493,0.0001530731689068371,0.0001530930565214881,0.00015311294422332662,0.00015313283200652804,0.0001531527198720022,0.00015317260781898,0.00015319249584825218,0.00015321238395325922,0.00015323227213597822,0.00015325216039670757,0.00015327204873127152,0.00015329193713824792,0.00015331182561745973,0.00015333171416769326,0.00015335160278769598,0.00015337149147672064,0.0001533913802326761,0.00015341126905424012,0.00015343115794071627,0.00015345104689119143,0.0001534709359036522,0.00015349082497775413,0.0001535107141108736,0.0001535306033048361,0.00015355049255260926,0.00015357038185748518,0.0001535902712179975,0.00015361016063194897,0.00015363005009852063,0.0001536499396165471,0.00015366982918491785,0.0001536897188018825,0.00015370960846718064,0.0001537294981787901,0.00015374938793617947,0.0001537692777384608,0.0001537891675831246,0.0001538090574697205,0.0001538289473972015,0.00015384883736673636,0.00015386872737470708,0.00015388861741742798,0.00015390850749546692,0.00015392839760988998,0.00015394828775771002,0.00015396817793866577,0.00015398806815107422,0.00015400795839436932,0.00015402784866720205,0.00015404773896788887,0.00015406762929514437,0.0001540875196495443,0.00015410741002872558,0.00015412730043256245,0.00015414719085721923,0.0001541670813072642,0.00015418697177501322,0.00015420686226156745,0.00015422675276763605,0.00015424664329117074,0.0001542665338304088,0.00015428642438499953,0.000154306314953802,0.00015432620553561052,0.000154346096129036,0.00015436598673312617,0.0001543858773514248,0.00015440576797436003,0.0001544256585995714,0.00015444554923696945,0.00015446543988078398,0.0001544853305269342,0.00015450522117831106,0.00015452511183179928,0.0001545450024875923,0.00015456489314308295,0.0001545847837980426,0.00015460467445176231,0.00015462456510357243,0.0001546444557507761,0.00015466434639299916,0.0001546842370301072,0.00015470412765998602,0.00015472401828277286,0.00015474390889794092,0.00015476379950530501,0.00015478369009858114,0.00015480358068041246,0.00015482347125302006,0.00015484336180881288,0.0001548632523502372,0.0001548831428755286,0.0001549030333834476,0.00015492292387500836,0.00015494281434805205,0.00015496270480217493,0.00015498259523518518,0.00015500248564720678,0.00015502237603663658,0.00015504226640296486,0.00015506215674455527,0.00015508204705856545,0.00015510193734852098,0.00015512182761226223,0.00015514171784776829,0.00015516160805459004,0.00015518149823162214,0.0001552013883777652,0.000155221278490968,0.00015524116857272324,0.00015526105862109446,0.00015528094863500577,0.00015530083861354163,0.00015532072855562484,0.00015534061846051418,0.00015536050832731243,0.00015538039815511637,0.00015540028794302504,0.00015542017769008527,0.00015544006739566543,0.00015545995705853425,0.00015547984667794448,0.0001554997362529694,0.00015551962578315862,0.0001555395152670698,0.00015555940470362897,0.0001555792940923019,0.00015559918343242864,0.00015561907272323373,0.00015563896196369844,0.00015565885115305522,0.00015567874028958739,0.00015569862937313319,0.00015571851840291196,0.00015573840737777896,0.0001557582962974065,0.00015577818516052756,0.00015579807396624596,0.0001558179627140417,0.00015583785140270269,0.00015585774003132457,0.00015587762860009094,0.00015589751710752125,0.0001559174055523555,0.00015593729393078632,0.00015595718225066882,0.00015597707050112852,0.00015599695868865091,0.0001560168468140686,0.00015603673486772518,0.0001560566228539529,0.00015607651077146196,0.00015609639862072415,0.0001561162863978939,0.00015613617410501125,0.00015615606173950786,0.00015617594930154754,0.00015619583678981317,0.00015621572420340202,0.00015623561154277935,0.00015625549880561698,0.00015627538599233991,0.0001562952731010219,0.00015631516013179148,0.00015633504708351085,0.00015635493395381602,0.00015637482074562652,0.00015639470745577104,0.0001564145940841267,0.00015643448062994519,0.00015645436709176602,0.00015647425346807284,0.00015649413976071737,0.00015651402596709513,0.00015653391208696738,0.00015655379811922723,0.00015657368406467914,0.00015659356992019026,0.00015661345568738388,0.00015663334136364828,0.0001566532269489392,0.0001566731124425001,0.00015669299784316188,0.0001567128831511357,0.0001567327683651343,0.00015675265348472433,0.0001567725385088898,0.0001567924234370913,0.00015681230826864107,0.00015683219300263696,0.00015685207763845444,0.00015687196217575354,0.00015689184661009045,0.0001569117309469993,0.0001569316151831871,0.0001569514993173178,0.00015697138334884973,0.00015699126727852073,0.00015701115110381073,0.00015703103482585403,0.00015705091844178353,0.0001570708019519446,0.0001570906853567741,0.00015711056865307538,0.00015713045184147386,0.00015715033492180218,0.00015717021789167396,0.00015719010075309055,0.00015720998350310153,0.00015722986614213994,0.00015724974866968675,0.00015726963108541326,0.00015728951338964714,0.00015730939557732289,0.00015732927765026584,0.0001573491596087313,0.00015736904145059922,0.00015738892317908868,0.00015740880478774268,0.00015742868627935405,0.0001574485676476425,0.0001574684489012545,0.00015748833003511746,0.0001575082110488033,0.00015752809194158446,0.00015754797271475568,0.00015756785336290378,0.0001575877338913178,0.0001576076142938901,0.00015762749457250586,0.00015764737472339282,0.00015766725474969324,0.00015768713465222483,0.00015770701442962965,0.00015772689407724666,0.00015774677360059065,0.0001577666529944109,0.00015778653225777693,0.00015780641139180135,0.00015782629039270702,0.00015784616926750667,0.00015786604801014937,0.00015788592661698965,0.00015790580509529023,0.0001579256834401249,0.0001579455616501472,0.00015796543972711652,0.00015798531766773294,0.0001580051954727859,0.000158025073141856,0.00015804495067390964,0.000158064828067992,0.0001580847053249378,0.00015810458244337869,0.00015812445942369648,0.00015814433626366785,0.00015816421296330362,0.000158184089522265,0.00015820396593969028,0.0001582238422151995,0.0001582437183483975,0.0001582635943385842,0.00015828347018523098,0.0001583033458876952,0.00015832322144429675,0.000158343096856738,0.00015836297212355762,0.0001583828472438298,0.00015840272221696498,0.0001584225970436318,0.0001584424717204369,0.00015846234625052549,0.00015848222063033086,0.00015850209486059673,0.0001585219689388108,0.0001585418428687261,0.0001585617166472112,0.00015858159027408976,0.00015860146374778697,0.0001586213370691327,0.0001586412102378676,0.00015866108325184212,0.0001586809561123142,0.00015870082881753162,0.00015872070136723783,0.00015874057375976302,0.00015876044599713146,0.00015878031807717492,0.00015880019000173734,0.00015882006176619405,0.00015883993337192538,0.00015885980481700264,0.00015887967610279913,0.00015889954722982775,0.000158919418196254,0.0001589392890002775,0.00015895915964282757,0.00015897903012415375,0.00015899890044349558,0.0001590187705980083,0.000159038640588738,0.0001590585104187096,0.00015907838007740656,0.00015909824957810096,0.0001591181189110586,0.00015913798807854954,0.00015915785707951619,0.00015917772591149946,0.0001591975945771344,0.00015921746307491415,0.00015923733140316815,0.00015925719956207178,0.00015927706755308667,0.00015929693537362788,0.00015931680302336103,0.00015933667050510578,0.0001593565378136702,0.00015937640495039123,0.00015939627191491833,0.00015941613870707066,0.00015943600532632464,0.00015945587177032262,0.00015947573804076342,0.0001594956041370403,0.00015951547005791798,0.0001595353358017713,0.00015955520137145814,0.00015957506676488622,0.00015959493198115457,0.00015961479702049318,0.00015963466188154702,0.00015965452656494902,0.0001596743910665508,0.00015969425539219908,0.00015971411953865606,0.0001597339835048351,0.00015975384729059036,0.00015977371089438667,0.0001597935743174555,0.00015981343755928654,0.00015983330061782839,0.0001598531634949615,0.0001598730261889266,0.00015989288869951333,0.0001599127510270679,0.0001599326131692292,0.00015995247512692802,0.00015997233689946552,0.0001599921984856133,0.00016001205988646708,0.00016003192110094545,0.00016005178212856306,0.0001600716429688327,0.00016009150362145878,0.00016011136408622352,0.00016013122436222882,0.00016015108444913942,0.00016017094434678716,0.00016019080405471218,0.00016021066357251382,0.00016023052289973892,0.00016025038203592128,0.00016027024097976656,0.00016029009973277453,0.00016030995829386296,0.00016032981666211834,0.00016034967483739303,0.0001603695328192775,0.00016038939060726242,0.00016040924820168653,0.00016042910560075402,0.00016044896280285886,0.0001604688198118159,0.00016048867662559214,0.00016050853324264418,0.00016052838966364568,0.00016054824588727457,0.0001605681019135311,0.00016058795774213298,0.00016060781337247858,0.0001606276688043793,0.00016064752403805778,0.00016066737907270988,0.000160687233907043,0.0001607070885414063,0.00016072694297233992,0.00016074679720569016,0.0001607666512379193,0.00016078650506873646,0.00016080635869775232,0.00016082621212508067,0.0001608460653492227,0.00016086591837039161,0.0001608857711882486,0.00016090562380211216,0.00016092547620950005,0.00016094532841521848,0.0001609651804161602,0.00016098503221220802,0.0001610048838025323,0.00016102473518743207,0.00016104458636265456,0.000161064437334677,0.00016108428809966,0.0001611041386569613,0.00016112398900692494,0.00016114383914890974,0.00016116368908254873,0.00016118353880727843,0.00016120338832335124,0.00016122323762992813,0.0001612430867266295,0.00016126293561346503,0.00016128278428992557,0.00016130263275527127,0.00016132248100980684,0.00016134232905301924,0.00016136217688444269,0.00016138202450377152,0.00016140187191072798,0.0001614217191047808,0.00016144156608589118,0.00016146141285348407,0.0001614812594073101,0.0001615011057469389,0.0001615209518735986,0.00016154079778495442,0.00016156064348040063,0.00016158048895984986,0.00016160033422424648,0.00016162017927342587,0.00016164002410524433,0.0001616598687202977,0.00016167971311815865,0.00016169955729890495,0.00016171940126197585,0.00016173924500711824,0.00016175908853392835,0.00016177893184202296,0.00016179877493141306,0.00016181861779909694,0.00016183846044847986,0.00016185830287897886,0.00016187814508984399,0.00016189798707948698,0.00016191782884812845,0.00016193767039609334,0.00016195751172264137,0.00016197735282758797,0.0001619971937103454,0.00016201703437074687,0.00016203687480843409,0.000162056715022907,0.00016207655501449499,0.00016209639478091334,0.0001621162343251318,0.00016213607364351046,0.00016215591273938663,0.00016217575160991759,0.0001621955902538882,0.00016221542867443536,0.00016223526686838852,0.00016225510483485083,0.00016227494257761214,0.00016229478009394238,0.00016231461737657433,0.0001623344544386369,0.00016235429127363414,0.00016237412788107825,0.00016239396426097322,0.00016241380041115576,0.00016243363633471194,0.0001624534720287583,0.00016247330749367877,0.00016249314272881303,0.00016251297773471203,0.00016253281251051382,0.00016255264705643182,0.00016257248137191224,0.00016259231545845594,0.00016261214931174748,0.00016263198293467633,0.00016265181632447103,0.00016267164948306772,0.0001626914824108333,0.00016271131510624075,0.00016273114756678667,0.0001627509797946845,0.00016277081179044787,0.00016279064354776697,0.00016281047507529437,0.00016283030636932448,0.0001628501374311835,0.00016286996825594713,0.0001628897988469983,0.00016290962920363552,0.00016292945932450928,0.00016294928920928262,0.00016296911885856538,0.00016298894827173924,0.00016300877744889896,0.00016302860638914765,0.00016304843509253714,0.000163068263558706,0.00016308809178795227,0.00016310791977925684,0.0001631277475318358,0.00016314757504698699,0.00016316740232429357,0.00016318722936244293,0.00016320705616088753,0.00016322688272140675,0.0001632467090422798,0.00016326653512132886,0.00016328636096269464,0.00016330618656437728,0.0001633260119253643,0.00016334583704668402,0.00016336566192592437,0.00016338548656490587,0.0001634053109618689,0.00016342513511590135,0.0001634449590293857,0.00016346478270081298,0.0001634846061305525,0.00016350442931738465,0.00016352425226121736,0.00016354407495986943,0.00016356389741749362,0.0001635837196316996,0.00016360354159805686,0.000163623363323564,0.00016364318480617619,0.00016366300604378682,0.00016368282703724355,0.0001637026477855664,0.00016372246829108477,0.00016374228854561913,0.0001637621085601292,0.00016378192832674734,0.0001638017478474001,0.0001638215671220651,0.0001638413861500109,0.00016386120493558037,0.0001638810234682776,0.00016390084175607947,0.0001639206597955798,0.00016394047758782783,0.0001639602951302082,0.00016398011243107474,0.00016399992947928923,0.0001640197462790455,0.00016403956283575922,0.0001640593791378601,0.0001640791951909125,0.00016409901099017106,0.00016411882654418958,0.00016413864184856153,0.00016415845690302943,0.00016417827170822413,0.00016419808626049002,0.00016421790056336612,0.00016423771461577258,0.0001642575284173516,0.00016427734196745178,0.0001642971552662372,0.00016431696831353557,0.00016433678110910088,0.00016435659365245136,0.00016437640594322878,0.00016439621798118248,0.00016441602976668038,0.00016443584129920846,0.00016445565257942925,0.00016447546360718777,0.00016449527437654835,0.00016451508489383275,0.0001645348951593712,0.00016455470516978706,0.00016457451492668534,0.00016459432443073605,0.0001646141336782764,0.00016463394267130608,0.00016465375140898124,0.00016467355989080345,0.0001646933681180035,0.00016471317609158994,0.00016473298380585447,0.00016475279126189777,0.00016477259846263604,0.00016479240540978525,0.00016481221210305888,0.0001648320185366816,0.00016485182471143257,0.00016487163063017322,0.00016489143629297114,0.00016491124169548807,0.00016493104684014583,0.00016495085172810194,0.00016497065635775034,0.0001649904607292847,0.0001650102648416928,0.00016503006869631934,0.0001650498722922346,0.0001650696756281421,0.00016508947870507562,0.0001651092815222059,0.00016512908408053845,0.00016514888637878507,0.00016516868841579677,0.00016518849019368158,0.00016520829171199594,0.00016522809296907104,0.0001652478939663571,0.00016526769470409444,0.0001652874951780876,0.0001653072953920792,0.00016532709534462634,0.00016534689503424005,0.00016536669446344738,0.00016538649362892946,0.00016540629253384854,0.00016542609117644577,0.00016544588955613759,0.00016546568767386187,0.0001654854855285649,0.00016550528312239275,0.00016552508045059126,0.00016554487751487676,0.00016556467431729768,0.00016558447085429878,0.00016560426712881199,0.00016562406313926935,0.00016564385888692535,0.00016566365436856224,0.00016568344958458754,0.00016570324453833054,0.00016572303922713621,0.0001657428336512093,0.00016576262780894347,0.00016578242170138416,0.0001658022153275797,0.00016582200868898997,0.0001658418017848127,0.000165861594613962,0.000165881387177538,0.00016590117947742992,0.0001659209715085477,0.00016594076327291693,0.00016596055476959213,0.00016598034600031895,0.0001660001369648656,0.00016601992766190438,0.00016603971809089552,0.00016605950825236996,0.00016607929814247202,0.00016609908776876487,0.00016611887712881227,0.00016613866621867837,0.00016615845504017038,0.00016617824359333488,0.00016619803187783373,0.00016621781989357884,0.00016623760763907845,0.00016625739511991506,0.00016627718232851513,0.0001662969692691863,0.00016631675593995054,0.00016633654233985697,0.00016635632847032138,0.00016637611433372023,0.00016639589992621556,0.00016641568524674455,0.00016643547029635003,0.0001664552550746474,0.00016647503958699096,0.0001664948238252313,0.00016651460779179648,0.00016653439148866524,0.00016655417491302953,0.00016657395806819205,0.0001665937409500112,0.00016661352355971357,0.00016663330589741055,0.00016665308796604827,0.00016667286976160842,0.0001666926512854964,0.00016671243253554702,0.0001667322135144727,0.00016675199421713565,0.0001667717746504955,0.00016679155480929715,0.00016681133469447304,0.00016683111430700049,0.00016685089364562862,0.00016687067271126062,0.0001668904515028186,0.00016691023002056367,0.00016693000826452484,0.00016694978623440945,0.0001669695639348274,0.0001669893413559309,0.0001670091185034584,0.00016702889537500943,0.00016704867197247527,0.00016706844829526206,0.00016708822434347614,0.00016710800011793755,0.00016712777561545127,0.00016714755083776104,0.00016716732578511733,0.00016718710045647133,0.00016720687485311696,0.00016722664897270078,0.00016724642281621739,0.0001672661963842636,0.0001672859696778901,0.00016730574269264398,0.0001673255154332099,0.00016734528789526005,0.00016736506008061734,0.00016738483199067375,0.00016740460362229032,0.00016742437497690532,0.00016744414605370862,0.00016746391685357333,0.0001674836873760679,0.00016750345762090815,0.00016752322758753014,0.0001675429972778096,0.00016756276668802227,0.00016758253582066027,0.00016760230467545897,0.00016762207325112075,0.00016764184154888806,0.00016766160956767468,0.00016768137730800093,0.00016770114476968677,0.00016772091195242582,0.0001677406788554379,0.00016776044548093215,0.00016778021182587533,0.0001677999778921942,0.0001678197436792678,0.00016783950918489686,0.00016785927441188562,0.00016787903935922973,0.00016789880402663914,0.000167918568416206,0.00016793833252329307,0.00016795809634918477,0.00016797785989548135,0.000167997623159773,0.00016801738614602335,0.00016803714884892573,0.00016805691127203882,0.0001680766734190345,0.0001680964352775651,0.000168116196857081,0.00016813595815383023,0.00016815571917114136,0.00016817547990510292,0.0001681952403593859,0.00016821500053114906,0.00016823476042103567,0.00016825452002967078,0.00016827427935369555,0.00016829403839909292,0.00016831379716111925,0.00016833355564112033,0.0001683533138385773,0.00016837307175107726,0.0001683928293828287,0.00016841258673116493,0.00016843234379757037,0.00016845210058066235,0.00016847185708089812,0.00016849161329796186,0.00016851136923062309,0.00016853112488050248,0.00016855088024682387,0.00016857063532931064,0.00016859039012774696,0.00016861014464456277,0.00016862989887592988,0.00016864965282349892,0.00016866940648664107,0.00016868915986482504,0.00016870891295908317,0.0001687286657686931,0.00016874841829383574,0.00016876817053627558,0.00016878792249251523,0.00016880767416339849,0.00016882742554993617,0.00016884717665063316,0.00016886692746492988,0.00016888667799616633,0.000168906428241255,0.00016892617820184856,0.00016894592787713948,0.00016896567726615763,0.00016898542636935383,0.00016900517518729348,0.0001690249237189155,0.00016904467196356382,0.00016906441992253505,0.00016908416759536067,0.0001691039149826118,0.00016912366208334198,0.0001691434088975711,0.00016916315542413933,0.0001691829016642351,0.00016920264761853147,0.00016922239328661306,0.000169242138667195,0.0001692618837600873,0.00016928162856663163,0.0001693013730877914,0.00016932111731747583,0.00016934086126117406,0.00016936060491993336,0.00016938034828976466,0.00016940009137181408,0.0001694198341657862,0.00016943957667174463,0.00016945931889108656,0.00016947906082207602,0.00016949880246464318,0.0001695185438189225,0.00016953828488628392,0.0001695580256635197,0.00016957776615313282,0.0001695975063524455,0.00016961724626139433,0.0001696369858848163,0.00016965672521976997,0.00016967646426582978,0.00016969620302140567,0.00016971594149152875,0.0001697356796705987,0.00016975541756044098,0.00016977515515965237,0.0001697948924718843,0.00016981462949369056,0.0001698343662257778,0.00016985410266848547,0.00016987383882171323,0.00016989357468513982,0.00016991331025749428,0.00016993304554135854,0.0001699527805360967,0.00016997251523947856,0.0001699922496516471,0.00017001198377486674,0.00017003171760762034,0.0001700514511489067,0.00017007118440001156,0.0001700909173609941,0.0001701106500305397,0.0001701303824106643,0.00017015011449883588,0.0001701698462971613,0.000170189577803646,0.00017020930902117358,0.00017022903994747348,0.00017024877058167067,0.0001702685009245101,0.00017028823097585391,0.0001703079607361548,0.00017032769020490054,0.00017034741938219081,0.00017036714826780823,0.00017038687686171108,0.00017040660516390643,0.00017042633317480957,0.00017044606089348067,0.00017046578831967615,0.00017048551545590556,0.00017050524229765549,0.00017052496885017695,0.00017054469510785738,0.0001705644210723939,0.0001705841467450384,0.00017060387212511179,0.00017062359721275227,0.00017064332200797427,0.00017066304651021984,0.00017068277071961892,0.0001707024946361521,0.00017072221825976817,0.0001707419415902858,0.00017076166462795989,0.000170781387372347,0.00017080110982369391,0.0001708208319814029,0.0001708405538449861,0.00017086027541565288,0.000170879996692139,0.00017089971767609484,0.0001709194383664348,0.00017093915876206618,0.00017095887886622337,0.00017097859867546146,0.0001709983181908448,0.00017101803741298484,0.00017103775634066942,0.00017105747497271677,0.0001710771933112335,0.00017109691135591207,0.0001711166291065687,0.0001711363465604258,0.00017115606372240712,0.00017117578058952759,0.0001711954971608388,0.00017121521343578235,0.00017123492941902013,0.00017125464510751626,0.0001712743605009907,0.0001712940755997835,0.00017131379040406802,0.00017133350491304897,0.00017135321912672868,0.00017137293304623368,0.00017139264666968024,0.00017141235999789845,0.0001714320730289286,0.00017145178576530965,0.00017147149820732655,0.00017149121035394372,0.00017151092220354103,0.00017153063375900516,0.00017155034501886368,0.00017157005598265461,0.00017158976665198272,0.0001716094770246151,0.0001716291871011066,0.00017164889688159579,0.00017166860636578176,0.00017168831555362652,0.00017170802444590783,0.00017172773304192064,0.00017174744134129257,0.0001717671493431764,0.00017178685704979973,0.00017180656446033157,0.0001718262715739955,0.00017184597838819523,0.00017186568490931472,0.0001718853911336553,0.00017190509706072117,0.00017192480269009284,0.00017194450802321794,0.00017196421305944558,0.00017198391779653038,0.00017200362223896237,0.0001720233263845618,0.0001720430302330144,0.0001720627337819445,0.00017208243703318384,0.00017210213998830162,0.0001721218426477818,0.0001721415450108551,0.00017216124707530013,0.0001721809488416097,0.00017220065031043255,0.00017222035147893277,0.00017224005235259,0.00017225975292830403,0.00017227945320637714,0.0001722991531864872,0.0001723188528660333,0.000172338552250619,0.00017235825133837265,0.00017237795012705947,0.00017239764861669786,0.00017241734680830604,0.00017243704470060024,0.00017245674229667205,0.0001724764395953445,0.00017249613659403408,0.0001725158332939749,0.00017253552969529322,0.00017255522579844092,0.00017257492159946766,0.00017259461710593805,0.00017261431231308566,0.00017263400722133953,0.00017265370183073666,0.00017267339614133166,0.00017269309014790804,0.00017271278386076506,0.00017273247727501022,0.00017275217038727235,0.00017277186320298847,0.00017279155571941582,0.00017281124793671335,0.00017283093985488552,0.00017285063147300532,0.0001728703227895726,0.00017289001380956103,0.00017290970453022906,0.00017292939495191562,0.0001729490850737162,0.00017296877489535035,0.00017298846441707858,0.00017300815363992172,0.00017302784256283634,0.00017304753118698162,0.0001730672195102018,0.00017308690753377334,0.0001731065952575005,0.00017312628267563432,0.00017314596980140271,0.00017316565662507685,0.00017318534314883854,0.00017320502937198068,0.00017322471529523115,0.00017324440091548334,0.00017326408623797202,0.0001732837712554348,0.0001733034559776336,0.00017332314039935297,0.00017334282452048584,0.00017336250834131838,0.0001733821918613222,0.00017340187508060583,0.0001734215579994788,0.0001734412406178764,0.00017346092293301347,0.00017348060494995658,0.00017350028666595014,0.00017351996808125507,0.00017353964919548955,0.0001735593300090108,0.00017357901052157185,0.000173598690735081,0.00017361837064539388,0.00017363805025457423,0.0001736577295628851,0.00017367740856974958,0.00017369708727556818,0.00017371676567986026,0.00017373644378326425,0.00017375612158499065,0.0001737757990853836,0.00017379547628275325,0.0001738151531803441,0.00017383482977668184,0.00017385450607102242,0.00017387418206385102,0.00017389385775786896,0.00017391353314773306,0.00017393320823574912,0.0001739528830217215,0.00017397255750629647,0.0001739922316887907,0.00017401190556944353,0.00017403157914816568,0.00017405125242522164,0.00017407092540276908,0.00017409059807567062,0.00017411027044625426,0.00017412994251501474,0.00017414961428156107,0.00017416928574581748,0.0001741889569078563,0.00017420862776781575,0.0001742282983256343,0.00017424796858071697,0.0001742676385333886,0.00017428730818378228,0.0001743069775316895,0.00017432664657715324,0.00017434631531980973,0.00017436598376033275,0.00017438565189817034,0.00017440531973347812,0.00017442498726592907,0.00017444465449565927,0.00017446432142278196,0.0001744839880472418,0.00017450365436876008,0.00017452332038747558,0.00017454298610322948,0.00017456265151638117,0.00017458231662628525,0.0001746019814332027,0.00017462164593733446,0.00017464131013821002,0.00017466097403615258,0.00017468063763083258,0.00017470030092233565,0.00017471996391043532,0.00017473962659586968,0.00017475928897776622,0.0001747789510561082,0.00017479861283125136,0.00017481827430336199,0.00017483793547175887,0.0001748575963366079,0.00017487725689818392,0.00017489691715749767,0.0001749165771122414,0.00017493623676318224,0.0001749558961104519,0.00017497555515410163,0.0001749952138942909,0.0001750148723307176,0.000175034530463415,0.0001750541882923806,0.0001750738458176581,0.00017509350304211092,0.0001751131599595862,0.00017513281657300376,0.00017515247288265272,0.00017517212888832072,0.0001751917845900812,0.000175211439987342,0.00017523109508074135,0.00017525074987022625,0.00017527040435588685,0.00017529005853681497,0.00017530971241393108,0.0001753293659868606,0.0001753490192557689,0.00017536867222042797,0.0001753883248838397,0.00017540797723958695,0.00017542762929128296,0.00017544728103837588,0.00017546693248086134,0.00017548658361882295,0.0001755062344525289,0.00017552588498153797,0.00017554553520656582,0.00017556518512703792,0.00017558483474283934,0.00017560448405369128,0.0001756241330610006,0.00017564378176287943,0.0001756634301603439,0.00017568307825291353,0.00017570272604059423,0.00017572237352366177,0.00017574202070181794,0.0001757616675748736,0.00017578131414320599,0.00017580096040641365,0.00017582060636435256,0.00017584025201799116,0.00017585989736655858,0.00017587954241011312,0.0001758991871483575,0.00017591883158177835,0.00017593847571018454,0.00017595811953319013,0.00017597776305134334,0.00017599740626422517,0.00017601704917199614,0.00017603669178159942,0.00017605633407888962,0.00017607597607089125,0.0001760956177637419,0.0001761152591446864,0.00017613490022085513,0.00017615454099084273,0.0001761741814570814,0.000176193821616698,0.00017621346147115086,0.00017623310101976794,0.00017625274026289314,0.000176272379200635,0.0001762920178329547,0.00017631165615959287,0.00017633129418016875,0.0001763509319003074,0.00017637056930978648,0.0001763902064135773,0.00017640984321164977,0.0001764294797040612,0.00017644911589076564,0.00017646875177152716,0.00017648838734658854,0.00017650802261578384,0.00017652765757898912,0.0001765472922365971,0.00017656692658810097,0.00017658656063314484,0.0001766061943728007,0.0001766258278064154,0.00017664546093388613,0.00017666509375545574,0.0001766847262708382,0.00017670435848025283,0.00017672399038297007,0.00017674362198020525,0.00017676325327122788,0.00017678288425594085,0.00017680251493460208,0.00017682214530705608,0.00017684177537309622,0.00017686140513315437,0.0001768810345867783,0.000176900663734225,0.00017692029257504336,0.0001769399211096024,0.00017695954933850266,0.00017697917726018625,0.0001769988048759687,0.00017701843218490001,0.00017703805918751036,0.00017705768588334821,0.00017707731227295095,0.00017709693835573552,0.00017711656413210488,0.00017713618960173884,0.00017715581476507626,0.0001771754396214957,0.00017719506417123064,0.00017721468841143674,0.00017723431235167379,0.00017725393598134947,0.00017727355930403658,0.0001772931823202688,0.0001773128050297584,0.00017733242743243983,0.0001773520495334505,0.00017737167132248266,0.00017739129280387638,0.00017741091397914735,0.00017743053484755946,0.0001774501554091711,0.00017746977566297822,0.00017748939560227852,0.00017750901524337688,0.00017752863457623762,0.00017754825360214815,0.00017756787232325644,0.00017758749073590053,0.0001776071088408159,0.00017762672663930513,0.00017764634413014888,0.0001776659613143501,0.00017768557819093365,0.00017770519476092742,0.00017772481102184745,0.00017774442697721918,0.00017776404262608486,0.0001777836579670607,0.00017780327299995723,0.0001778228877261246,0.00017784250214619715,0.00017786211625804452,0.0001778817300625486,0.0001779013435595334,0.00017792095674949376,0.00017794056963154437,0.00017796018220622064,0.00017797979447370626,0.00017799940643372896,0.00017801901807808606,0.0001780386294234265,0.00017805824046029903,0.00017807785119061136,0.00017809746161335385,0.00017811707172829332,0.00017813668153568186,0.00017815629103549692,0.0001781759002271335,0.00017819550911209327,0.00017821511768898802,0.00017823472595954618,0.00017825433392123005,0.00017827394157465928,0.00017829354892086335,0.00017831315595936832,0.00017833276269011057,0.00017835236911350382,0.00017837197523083245,0.00017839158103774891,0.00017841118653754847,0.00017843079172918754,0.00017845039661295382,0.00017847000118903066,0.00017848960545768815,0.0001785092094208202,0.00017852881307335906,0.00017854841641811367,0.00017856801945435844,0.00017858762218279722,0.00017860722460340505,0.00017862682671421833,0.00017864642851906268,0.00017866603001574018,0.00017868563120409733,0.0001787052320848382,0.00017872483265740064,0.00017874443292132606,0.00017876403287013227,0.0001787836325183738,0.00017880323185778482,0.0001788228308897389,0.00017884242961344664,0.0001788620280295301,0.0001788816261371511,0.00017890122393561086,0.00017892082142653595,0.00017894041861031201,0.00017896001548312057,0.0001789796120455891,0.0001789992083036897,0.00017901880425395103,0.00017903839989511343,0.00017905799522845462,0.00017907759025282636,0.00017909718496931617,0.00017911677937409003,0.00017913637347355735,0.00017915596726484373,0.00017917556074776997,0.0001791951539225896,0.00017921474678846445,0.00017923433934683783,0.0001792539315967001,0.00017927352353714842,0.00017929311516955008,0.00017931270649322383,0.00017933229750880444,0.00017935188821489954,0.0001793714786130753,0.00017939106870653638,0.00017941065848717976,0.00017943024795917967,0.00017944983712300574,0.00017946942597871777,0.00017948901452458568,0.0001795086027628465,0.00017952819069248213,0.00017954777831348826,0.00017956736562547087,0.00017958695263269254,0.0001796065393266491,0.00017962612571343966,0.0001796457117907961,0.00017966529755970525,0.00017968488301935457,0.00017970446817049547,0.00017972405301302453,0.00017974363754629373,0.00017976322177205335,0.00017978280568338074,0.00017980238929068387,0.00017982197258497877,0.00017984155557419293,0.00017986113825169397,0.00017988072062407608,0.00017990030268702622,0.00017991988444038002,0.00017993946588524707,0.0001799590470215407,0.00017997862784930685,0.0001799982083637748,0.00018001778857272893,0.00018003736847317582,0.00018005694806467285,0.00018007652735411596,0.00018009610632760997,0.00018011568499136385,0.00018013526335113652,0.00018015484139839006,0.00018017441913643299,0.00018019399656471894,0.00018021357368269453,0.00018023315049322405,0.00018025272699432045,0.00018027230318673802,0.00018029187906974138,0.0001803114546436381,0.00018033102991731647,0.00018035060487333617,0.00018037017951961964,0.00018038975385673808,0.0001804093278850239,0.00018042890160384657,0.0001804484750146896,0.00018046804811451867,0.00018048762090536264,0.00018050719338811279,0.00018052676556162253,0.00018054633742484917,0.00018056590897878923,0.00018058548022413314,0.00018060505116017147,0.00018062462178954587,0.000180644192105698,0.0001806637621141766,0.0001806833318128553,0.00018070290120243546,0.00018072247028274685,0.00018074203905347593,0.00018076160751534306,0.00018078117566807286,0.00018080074351117359,0.00018082031104521296,0.0001808398782694423,0.0001808594451836534,0.00018087901179551587,0.00018089857809082022,0.0001809181440768285,0.0001809377097531344,0.0001809572751202807,0.00018097684018296073,0.00018099640493159008,0.0001810159693703508,0.00018103553350000236,0.00018105509732090465,0.00018107466083737875,0.00018109422403827805,0.00018111378692993316,0.00018113334951550886,0.00018115291178906386,0.00018117247375254496,0.0001811920354068518,0.00018121159675056994,0.0001812311577847353,0.00018125071851288739,0.00018127027893183824,0.00018128983903865876,0.00018130939883577465,0.0001813289583281579,0.0001813485175057131,0.00018136807637365198,0.00018138763493177334,0.00018140719317777805,0.00018142675111745347,0.00018144630875484944,0.00018146586607424475,0.0001814854230815914,0.0001815049797845894,0.00018152453617492577,0.00018154409225511938,0.00018156364802594392,0.00018158320348708862,0.00018160275863893919,0.00018162231347766298,0.00018164186800945258,0.00018166142223152514,0.00018168097614454154,0.000181700529748736,0.00018172008304220827,0.00018173963602446572,0.00018175918869841378,0.00018177874106198896,0.0001817982931160613,0.00018181784486089847,0.0001818373962959035,0.00018185694742083624,0.00018187649823595947,0.00018189604874210553,0.0001819155989380797,0.00018193514882380426,0.00018195469839969863,0.00018197424766269876,0.0001819937966195301,0.00018201334526376286,0.00018203289360512235,0.00018205244164027062,0.00018207198935712141,0.0001820915367611717,0.00018211108385891446,0.00018213063064676153,0.0001821501771241704,0.00018216972329306022,0.00018218926915092857,0.0001822088146987062,0.0001822283599358966,0.0001822479048700166,0.0001822674494878185,0.00018228699378842225,0.00018230653778571394,0.0001823260814732079,0.0001823456248517666,0.0001823651679199033,0.0001823847106772891,0.00018240425313166618,0.00018242379527024102,0.00018244333709585816,0.00018246287861368792,0.0001824824198219874,0.000182501960723325,0.0001825215013116318,0.00018254104158915263,0.0001825605815579544,0.00018258012121672015,0.00018259966056475638,0.00018261919960299054,0.000182638738331165,0.00018265827674884442,0.00018267781485609342,0.00018269735265329413,0.00018271689014085678,0.00018273642732156105,0.0001827559641896048,0.00018277550074710186,0.00018279503699450333,0.00018281457293178055,0.00018283410855838916,0.0001828536438759813,0.00018287317888354888,0.0001828927135810737,0.00018291224796538024,0.0001829317820422494,0.00018295131580347643,0.00018297084925934012,0.00018299038240583156,0.00018300991523931729,0.0001830294477654719,0.0001830489799813299,0.00018306851188796465,0.0001830880434840557,0.00018310757476941417,0.00018312710574427886,0.00018314663640921311,0.00018316616676535404,0.00018318569681181424,0.00018320522655239602,0.0001832247559782309,0.000183244285092311,0.00018326381390099608,0.00018328334239563294,0.00018330287057895248,0.00018332239845207041,0.00018334192601514733,0.0001833614532679463,0.00018338098021017268,0.00018340050684427959,0.0001834200331664178,0.00018343955917835017,0.00018345908487998194,0.00018347861027137282,0.00018349813535274682,0.0001835176601234192,0.00018353718458369132,0.00018355670873404124,0.0001835762325782903,0.0001835957561081397,0.00018361527932924128,0.00018363480223852736,0.00018365432483779281,0.0001836738471263189,0.00018369336910439637,0.00018371289077274728,0.00018373241213064616,0.00018375193317796942,0.00018377145391543036,0.00018379097434476535,0.00018381049446113503,0.0001838300142665587,0.00018384953376239304,0.00018386905294865335,0.00018388857182409407,0.0001839080903913649,0.00018392760864281967,0.00018394712658985658,0.00018396664422014363,0.00018398616154275495,0.00018400567855570563,0.00018402519525898372,0.0001840447116488587,0.00018406422773031446,0.00018408374350208797,0.00018410325896345002,0.00018412277411484248,0.00018414228895743801,0.00018416180348804326,0.00018418131770668207,0.0001842008316166919,0.00018422034521574723,0.00018423985850407108,0.00018425937148523728,0.00018427888415617778,0.00018429839651400802,0.00018431790856152008,0.00018433742029825174,0.00018435693172504021,0.00018437644284454344,0.00018439595365015826,0.0001844154641451061,0.00018443497432982643,0.00018445448420441552,0.00018447399376865685,0.00018449350302248736,0.00018451301196582598,0.00018453252059829521,0.00018455202892106763,0.0001845715369335433,0.00018459104463472558,0.00018461055202915986,0.00018463005911023735,0.00018464956588295226,0.00018466907234332978,0.0001846885784928088,0.00018470808433184186,0.00018472758986055716,0.00018474709508097524,0.00018476659998211483,0.0001847861045787199,0.00018480560886693272,0.000184825112843454,0.00018484461650820777,0.00018486411986462758,0.00018488362290995655,0.0001849031256427665,0.00018492262807028205,0.00018494213018365116,0.00018496163198710735,0.0001849811334798559,0.00018500063466216462,0.00018502013553511074,0.00018503963609656292,0.0001850591363471141,0.00018507863628710312,0.00018509813591745605,0.00018511763523718747,0.00018513713424612776,0.00018515663294490004,0.00018517613133319947,0.00018519562941044667,0.00018521512717772638,0.0001852346246371696,0.00018525412178401892,0.00018527361862052575,0.0001852931151457359,0.00018531261136134306,0.0001853321072658233,0.00018535160286086146,0.00018537109814465176,0.00018539059312017034,0.00018541008778198416,0.0001854295821337978,0.00018544907617418623,0.0001854685699085882,0.00018548806332895234,0.0001855075564388586,0.00018552704923873833,0.00018554654171974822,0.00018556603390024886,0.00018558552577009418,0.00018560501732747302,0.0001856245085743176,0.00018564399951121176,0.0001856634901366721,0.00018568298045363297,0.00018570247045927602,0.0001857219601534019,0.00018574144953820596,0.000185760938611373,0.00018578042737351725,0.00018579991582613566,0.0001858194039695726,0.00018583889180090517,0.0001858583793215637,0.00018587786653160999,0.00018589735343162213,0.00018591684002069824,0.00018593632629927242,0.00018595581226770838,0.00018597529792565128,0.00018599478327311966,0.00018601426831308757,0.00018603375303874334,0.00018605323745492802,0.0001860727215643117,0.00018609220535869623,0.0001861116888412411,0.00018613117201457275,0.00018615065487759716,0.00018617013743075646,0.00018618961967286244,0.0001862091016118443,0.0001862285832334997,0.00018624806454455107,0.0001862675455443042,0.00018628702623278695,0.00018630650661164555,0.00018632598668005284,0.00018634546643688107,0.00018636494588394382,0.00018638442502072838,0.00018640390384856421,0.00018642338236376957,0.0001864428605686899,0.00018646233846591223,0.00018648181604976032,0.0001865012933232279,0.00018652077028576562,0.00018654024693779512,0.0001865597232812668,0.00018657919931218227,0.00018659867503294342,0.00018661815044266036,0.00018663762554195582,0.00018665710033067756,0.00018667657480871732,0.00018669604897623968,0.00018671552283369865,0.00018673499637984992,0.00018675446961960128,0.00018677394254543943,0.00018679341515864752,0.00018681288746345267,0.00018683235945845148,0.000186851831142002,0.00018687130251466403,0.00018689077357730808,0.0001869102443292833,0.0001869297147702526,0.00018694918490066068,0.0001869686547117048,0.00018698812422219906,0.00018700759342217484,0.0001870270623113429,0.00018704653088849054,0.00018706599915429466,0.00018708546711096273,0.000187104934760207,0.00018712440209670898,0.00018714386912377763,0.00018716333583901796,0.00018718280224337843,0.00018720226833461739,0.00018722173411812865,0.0001872411995909118,0.00018726066475336818,0.00018728012960532816,0.0001872995941470466,0.00018731905837778416,0.0001873385222938251,0.0001873579859036746,0.00018737744920296277,0.00018739691219152307,0.00018741637486756945,0.0001874358372353087,0.00018745529929273217,0.0001874747610394835,0.0001874942224757285,0.00018751368360025875,0.00018753314441564463,0.00018755260492050324,0.00018757206510494498,0.00018759152498871252,0.0001876109845664444,0.0001876304438281688,0.00018764990277885657,0.00018766936142054633,0.00018768881975026014,0.00018770827777073805,0.00018772773548051988,0.00018774719288014677,0.00018776664996855187,0.0001877861067472339,0.00018780556321539471,0.00018782501936891546,0.00018784447521592816,0.00018786393075241264,0.00018788338597837943,0.00018790284089470602,0.00018792229550028316,0.00018794174979497183,0.00018796120377920022,0.00018798065745292186,0.00018800011081615819,0.00018801956386878916,0.00018803901661098609,0.00018805846904286472,0.00018807792116277823,0.00018809737297363857,0.0001881168244741476,0.00018813627566433924,0.0001881557265429619,0.0001881751771118856,0.00018819462737042802,0.00018821407731843968,0.00018823352695604098,0.000188252976283104,0.00018827242529969213,0.000188291874005153,0.00018831132240209187,0.00018833077048632435,0.00018835021826065906,0.00018836966572402828,0.00018838911287784722,0.00018840855972092276,0.00018842800624943292,0.00018844745247274743,0.00018846689838495834,0.0001884863439865691,0.0001885057892774235,0.00018852523425634464,0.000188544678916236,0.00018856412327454715,0.00018858356732391252,0.0001886030110674809,0.0001886224544959829,0.00018864189761530177,0.00018866134042279508,0.00018868078291878597,0.00018870022509902878,0.00018871966697570143,0.00018873910854159075,0.00018875854979759506,0.0001887779907414338,0.0001887974313773811,0.00018881687170203327,0.00018883631171275124,0.00018885575141640307,0.00018887519080935624,0.00018889462989223155,0.00018891406866464576,0.00018893350712466343,0.0001889529452761665,0.00018897238311690594,0.00018899182064688056,0.0001890112578670194,0.0001890306947772271,0.0001890501313766874,0.0001890695676662539,0.00018908900364434275,0.0001891084393125082,0.00018912787466349927,0.00018914730970973008,0.0001891667444361998,0.00018918617886301445,0.00018920561297929096,0.00018922504678545198,0.00018924448028112998,0.0001892639134571285,0.00018928334633172285,0.00018930277889613235,0.00018932221113989763,0.00018934164308359472,0.0001893610747169331,0.00018938050603985128,0.00018939993705336324,0.0001894193677590751,0.00018943879815072964,0.0001894582282323157,0.00018947765800211966,0.0001894970874613186,0.00018951651661188747,0.00018953594545213643,0.00018955537397435728,0.00018957480219513592,0.00018959423010416756,0.00018961365770330397,0.00018963308499215313,0.0001896525119609173,0.00018967193862270623,0.000189691364980647,0.00018971079102277294,0.00018973021675358322,0.0001897496421802897,0.00018976906729667703,0.00018978849210263556,0.000189807916599366,0.00018982734078487116,0.00018984676465450044,0.00018986618821965347,0.0001898856114726942,0.00018990503441701715,0.00018992445705297094,0.00018994387937696836,0.00018996330139020101,0.00018998272309422065,0.00019000214448202236,0.00019002156555602163,0.00019004098631756822,0.0001900604067832936,0.00019007982693501643,0.00019009924677494629,0.00019011866630632923,0.00019013808552602492,0.00019015750443508188,0.00019017692303556483,0.00019019634132612785,0.00019021575930608397,0.00019023517697549784,0.00019025459433742435,0.000190274011387209,0.00019029342812656433,0.00019031284455573418,0.00019033226067434694,0.00019035167648288225,0.00019037109198147067,0.00019039050716986212,0.00019040992204786886,0.00019042933661464156,0.0001904487508721959,0.0001904681648196154,0.00019048757845539568,0.00019050699178241182,0.00019052640479921745,0.0001905458175042927,0.00019056522990065945,0.00019058464198363524,0.00019060405375979903,0.00019062346522565166,0.00019064287638126664,0.0001906622872264921,0.00019068169776150342,0.00019070110798494107,0.00019072051789811517,0.0001907399274997749,0.00019075933680458634,0.00019077874578892254,0.0001907981544649628,0.00019081756282314903,0.0001908369708774555,0.00019085637862136087,0.00019087578605386316,0.00019089519318342505,0.00019091459999669893,0.0001909340064986043,0.0001909534126933161,0.0001909728185813641,0.00019099222415207027,0.00019101162941485085,0.00019103103436584966,0.0001910504390099131,0.000191069843341275,0.0001910892473620442,0.00019110865106992454,0.00019112805447210583,0.00019114745756427024,0.00019116686034595997,0.00019118626281730292,0.00019120566497880955,0.00019122506682955773,0.00019124446837060036,0.00019126386960185624,0.00019128327052273444,0.000191302671138209,0.00019132207143806587,0.00019134147142809205,0.00019136087110878302,0.00019138027047720208,0.00019139966953666163,0.00019141906828917907,0.0001914384667302178,0.0001914578648598588,0.0001914772626812473,0.00019149666019237628,0.00019151605739271767,0.00019153545427968071,0.00019155485086044298,0.00019157424712299459,0.000191593643083939,0.00019161303872902285,0.00019163243406930663,0.0001916518291002261,0.0001916712238210357,0.0001916906182311575,0.00019171001232713667,0.00019172940611638,0.0001917487995970286,0.00019176819277489542,0.00019178758563510623,0.00019180697818777954,0.00019182637041943355,0.0001918457623457227,0.00019186515396662717,0.00019188454527586414,0.0001919039362773049,0.00019192332696427972,0.00019194271734535525,0.0001919621074165319,0.00019198149717510423,0.00019200088662691935,0.00019202027576656575,0.00019203966459554496,0.00019205905311645504,0.0001920784413227383,0.00019209782922425595,0.00019211721681801813,0.00019213660409924917,0.00019215599106581102,0.0001921753777278041,0.00019219476407877987,0.00019221415012325325,0.00019223353585434314,0.00019225292127672663,0.00019227230638900022,0.00019229169119129672,0.00019231107568465903,0.00019233045986678373,0.00019234984373672014,0.00019236922729843706,0.00019238861055213483,0.00019240799349829477,0.00019242737612999345,0.00019244675845643815,0.00019246614047028774,0.00019248552216984485,0.00019250490356398638,0.0001925242846492285,0.00019254366541734556,0.00019256304588169832,0.00019258242603032311,0.0001926018058791369,0.00019262118541799744,0.0001926405646438443,0.00019265994355879555,0.00019267932216391796,0.00019269870045959096,0.00019271807845212084,0.0001927374561336187,0.00019275683349959707,0.00019277621055844156,0.0001927955873051712,0.0001928149637429074,0.0001928343398701049,0.00019285371568717762,0.00019287309119524952,0.00019289246639287575,0.00019291184128074107,0.00019293121586364337,0.00019295059013190398,0.0001929699640908085,0.00019298933773960057,0.00019300871107867011,0.0001930280841072399,0.00019304745682721417,0.00019306682923782647,0.00019308620133709457,0.00019310557312909114,0.0001931249446045191,0.00019314431577875497,0.00019316368664083473,0.00019318305719518003,0.0001932024274374844,0.0001932217973687832,0.0001932411669920732,0.00019326053630181822,0.00019327990530777718,0.00019329927399720458,0.000193318642384048,0.0001933380104583671,0.00019335737822343495,0.00019337674567294127,0.0001933961128207642,0.00019341547965535832,0.00019343484618375903,0.00019345421240111603,0.0001934735783079482,0.00019349294390111604,0.00019351230918405332,0.0001935316741611169,0.00019355103882978659,0.0001935704031887051,0.00019358976724324637,0.00019360913098529297,0.00019362849441556824,0.0001936478575391268,0.00019366722035070203,0.00019368658285189968,0.0001937059450434915,0.00019372530692614052,0.0001937446684985263,0.00019376402976389865,0.0001937833907232952,0.00019380275137336798,0.00019382211171063216,0.00019384147173540493,0.00019386083145066802,0.00019388019085173457,0.00019389954994923126,0.00019391890873586323,0.0001939382672113367,0.00019395762537905204,0.00019397698324645631,0.0001939963407924759,0.0001940156980351586,0.000194035054966842,0.00019405441158646801,0.00019407376789817393,0.000194093123897469,0.00019411247958999516,0.00019413183496780532,0.00019415119004434017,0.00019417054480775733,0.00019418989926406647,0.0001942092534085348,0.0001942286072433337,0.0001942479607691753,0.00019426731398725924,0.00019428666689386191,0.00019430601948972488,0.00019432537177948873,0.00019434472375776246,0.00019436407542886344,0.00019438342679122184,0.00019440277784364942,0.00019442212858433768,0.00019444147901509273,0.00019446082913330615,0.00019448017895219708,0.0001944995284549972,0.00019451887764668105,0.00019453822653064888,0.0001945575751059271,0.00019457692337183748,0.00019459627132990294,0.0001946156189752187,0.00019463496631275836,0.00019465431334060026,0.00019467366005998778,0.00019469300647005403,0.00019471235257022273,0.0001947316983606683,0.00019475104384421047,0.0001947703890152926,0.00019478973387837193,0.00019480907843164906,0.00019482842267971157,0.0001948477666141925,0.0001948671102423143,0.00019488645355829868,0.00019490579656521179,0.00019492513926296255,0.00019494448165426257,0.00019496382373619155,0.00019498316550798007,0.0001950025069746177,0.00019502184812670597,0.00019504118896966695,0.0001950605295017015,0.00019507986972694847,0.0001950992096409641,0.00019511854924428597,0.00019513788853997165,0.00019515722753150295,0.00019517656620656498,0.00019519590457733532,0.00019521524263669358,0.00019523458037999671,0.00019525391782040637,0.0001952732549516354,0.00019529259177606127,0.00019531192828992183,0.00019533126449348346,0.0001953506003888108,0.00019536993597440503,0.00019538927124960597,0.00019540860621596496,0.0001954279408749019,0.00019544727522511406,0.00019546660926481342,0.00019548594299812662,0.0001955052764218133,0.00019552460953447122,0.0001955439423380321,0.00019556327483413283,0.00019558260701063758,0.00019560193888593823,0.00019562127045465142,0.00019564060171050387,0.00019565993266155112,0.00019567926330323735,0.00019569859363762534,0.00019571792365728703,0.00019573725336923225,0.0001957565827752849,0.00019577591186863318,0.00019579524065359643,0.0001958145691293985,0.00019583389729987705,0.00019585322515751442,0.00019587255270593976,0.00019589187994653628,0.00019591120687677223,0.00019593053349817148,0.00019594985981117045,0.00019596918581497728,0.0001959885115085925,0.00019600783689850568,0.0001960271619743523,0.00019604648674200175,0.00019606581120261426,0.00019608513535208645,0.00019610445919479,0.0001961237827331867,0.00019614310595629628,0.000196162428864415,0.00019618175146924636,0.00019620107376390068,0.00019622039575626247,0.00019623971743627235,0.00019625903880513427,0.00019627835986500705,0.0001962976806160132,0.0001963170010566979,0.00019633632119008562,0.0001963556410144878,0.00019637496053084873,0.00019639427973938906,0.00019641359863751032,0.00019643291722812938,0.00019645223550811096,0.0001964715534791605,0.00019649087114137254,0.00019651018849249597,0.00019652950553729074,0.00019654882227340868,0.00019656813870035545,0.00019658745482049715,0.00019660677062715356,0.00019662608613055802,0.00019664540132021774,0.0001966647161942254,0.00019668403076778283,0.00019670334503242557,0.00019672265898856275,0.0001967419726352492,0.00019676128597496877,0.0001967805990094098,0.0001967999117303575,0.00019681922414249784,0.00019683853624651382,0.00019685784804093266,0.0001968771595260917,0.00019689647070298425,0.00019691578157215902,0.00019693509213071462,0.00019695440238470794,0.00019697371232693368,0.0001969930219593396,0.00019701233128550341,0.00019703164029950658,0.000197050949007485,0.00019707025740991628,0.00019708956549756805,0.00019710887327380254,0.0001971281807474664,0.00019714748791386188,0.00019716679476893735,0.00019718610131538291,0.00019720540755117642,0.0001972247134801302,0.00019724401909971856,0.00019726332440731,0.00019728262941068195,0.0001973019341053251,0.0001973212384935202,0.0001973405425712112,0.0001973598463395344,0.00019737914980043095,0.00019739845294471407,0.00019741775578712987,0.0001974370583213437,0.00019745636054665431,0.00019747566246319334,0.00019749496407233663,0.0001975142653718847,0.0001975335663654734,0.00019755286704753672,0.00019757216742135147,0.00019759146748612248,0.0001976107672440997,0.00019763006669024254,0.00019764936583517456,0.00019766866466593944,0.00019768796318420993,0.0001977072614003531,0.00019772655930516112,0.00019774585690202388,0.00019776515419044625,0.00019778445116930382,0.00019780374784095374,0.0001978230442064538,0.0001978423402599969,0.00019786163600389497,0.0001978809314413142,0.0001979002265697633,0.00019791952138736445,0.00019793881589929963,0.00019795811010335106,0.0001979774039983874,0.00019799669758506662,0.00019801599086358867,0.00019803528383710686,0.00019805457649900508,0.00019807386885191392,0.00019809316089588504,0.00019811245263148401,0.00019813174406013942,0.0001981510351795306,0.00019817032598953195,0.00019818961649193328,0.00019820890668736102,0.00019822819657279127,0.0001982474861504243,0.0001982667754186821,0.00019828606437232867,0.0001983053530286804,0.00019832464136949304,0.00019834392940291267,0.000198363217131325,0.00019838250455036239,0.0001984017916602135,0.00019842107845944313,0.00019844036495023516,0.00019845965113553062,0.00019847893701279099,0.00019849822258245162,0.0001985175078387663,0.0001985367927908543,0.00019855607743239097,0.00019857536176793076,0.00019859464579526513,0.00019861392951447019,0.0001986332129254857,0.0001986524960282428,0.00019867177882247207,0.00019869106130880238,0.0001987103434866089,0.00019872962535545278,0.00019874890691675337,0.0001987681881707404,0.00019878746911666134,0.00019880674975363086,0.0001988260300826536,0.00019884531010294114,0.00019886458981511264,0.00019888386921904802,0.0001989031483150118,0.00019892242710428657,0.00019894170558389188,0.00019896098375431543,0.00019898026162077533,0.00019899953917814977,0.00019901881642841993,0.00019903809336736125,0.00019905736999818488,0.00019907664632076813,0.00019909592233824266,0.00019911519804462755,0.00019913447344675482,0.00019915374853688168,0.0001991730233169877,0.00019919229779206493,0.0001992115719604493,0.00019923084581830407,0.00019925011936777838,0.0001992693926096163,0.0001992886655404045,0.00019930793816701559,0.00019932721048380753,0.00019934648249325473,0.00019936575419548253,0.0001993850255971043,0.0001994042966833471,0.00019942356746016472,0.00019944283793363836,0.00019946210809613252,0.00019948137795059752,0.00019950064749867216,0.0001995199167336577,0.0001995391856642278,0.00019955845428537374,0.00019957772260443757,0.00019959699061004228,0.00019961625830746684,0.0001996355256972485,0.0001996547927786955,0.0001996740595552178,0.00019969332601865478,0.000199712592176099,0.0001997318580278468,0.00019975112357075537,0.00019977038880461195,0.00019978965373263258,0.0001998089183511973,0.00019982818266004628,0.00019984744665933624,0.00019986671035249705,0.00019988597373843357,0.0001999052368168312,0.00019992449958894726,0.00019994376205217257,0.00019996302420687297,0.0001999822860550238,0.00020000154759409742,0.00020002080883021531,0.0002000400697538609,0.00020005933037379724,0.00020007859066657063,0.00020009785066654574,0.00020011711036225352,0.00020013636974512813,0.00020015562882167999,0.00020017488759313577,0.00020019414605405375,0.0002002134041993505,0.0002002326620447819,0.0002002519195823608,0.00020027117681286,0.0002002904337353399,0.0002003096903507957,0.00020032894666049383,0.0002003482026593298,0.00020036745835171809,0.00020038671373663033,0.00020040596881214015,0.0002004252235794146,0.00020044447803994493,0.00020046373220051117,0.00020048298603988815,0.0002005022395770459,0.0002005214928071045,0.00020054074572227394,0.00020055999833786046,0.00020057925064471282,0.00020059850264494172,0.00020061775432968375,0.00020063700571170117,0.00020065625678780314,0.00020067550755728156,0.00020069475801817797,0.00020071400817270218,0.000200733258018457,0.00020075250755679965,0.00020077175678736428,0.00020079100571445256,0.00020081025433200676,0.00020082950263557828,0.00020084875064434223,0.000200867998338053,0.00020088724571924087,0.00020090649278081327,0.00020092573954874057,0.00020094498601472735,0.00020096423217568797,0.00020098347802674084,0.0002010027235689999,0.00020102196880156074,0.00020104121372622197,0.0002010604583436556,0.000201079702653648,0.0002010989466557508,0.00020111819034968734,0.00020113743373680203,0.0002011566768143887,0.00020117591958644743,0.00020119516204735968,0.00020121440420482105,0.00020123364605602903,0.0002012528875948602,0.00020127212883955942,0.00020129136977251042,0.00020131061039196696,0.0002013298507049174,0.0002013490907122203,0.00020136833041226843,0.00020138756980838738,0.00020140680889090372,0.00020142604766159992,0.00020144528612934932,0.00020146452428998916,0.0002014837621450268,0.00020150299969021027,0.00020152223693226915,0.00020154147386745744,0.0002015607104911723,0.00020157994680472467,0.00020159918281356494,0.00020161841852230604,0.00020163765391736883,0.0002016568890050911,0.00020167612378437844,0.00020169535825614163,0.00020171459242426096,0.00020173382626940002,0.00020175305981540742,0.00020177229305860182,0.0002017915259961602,0.00020181075862567115,0.00020182999094743408,0.00020184922296025858,0.00020186845466759715,0.00020188768606854902,0.00020190691716718423,0.00020192614795623903,0.0002019453784383762,0.0002019646086094046,0.00020198383847689285,0.00020200306803322356,0.00020202229728408333,0.00020204152622967905,0.00020206075486988207,0.00020207998320342777,0.00020209921122711126,0.0002021184389412941,0.0002021376663454459,0.00020215689344116265,0.0002021761202334292,0.0002021953467115022,0.00020221457288636192,0.00020223379876221464,0.0002022530243271067,0.00020227224958538153,0.00020229147453147887,0.00020231069917319493,0.0002023299235060036,0.00020234914753396359,0.00020236837125486067,0.00020238759466812466,0.0002024068177760638,0.00020242604057595215,0.0002024452630685061,0.00020246448525398087,0.00020248370713974562,0.00020250292871472182,0.000202522149981564,0.0002025413709394283,0.00020256059159785787,0.00020257981194110852,0.000202599031977193,0.0002026182517090323,0.00020263747113130596,0.00020265669024859597,0.00020267590905356515,0.00020269512755427606,0.00020271434575414062,0.00020273356364101055,0.00020275278122141994,0.00020277199849625925,0.00020279121546773024,0.00020281043213063275,0.00020282964848271525,0.00020284886452836846,0.00020286808026835623,0.00020288729570016545,0.00020290651082481453,0.00020292572564458417,0.00020294494015150763,0.00020296415435509381,0.00020298336825218315,0.00020300258184452816,0.00020302179513373734,0.00020304100811111039,0.0002030602207821723,0.00020307943315301159,0.00020309864521527552,0.00020311785696481565,0.00020313706840680975,0.00020315627955070316,0.00020317549038109588,0.00020319470091120898,0.00020321391112653714,0.0002032331210344514,0.00020325233063813434,0.00020327153993435136,0.00020329074891887542,0.00020330995760189612,0.00020332916597408873,0.00020334837404177016,0.0002033675818023997,0.0002033867892589785,0.00020340599640888076,0.0002034252032495715,0.00020344440978266188,0.00020346361600416096,0.00020348282192576297,0.00020350202753971586,0.00020352123284672597,0.0002035404378535897,0.00020355964254662593,0.00020357884692960966,0.00020359805100733,0.00020361725478449725,0.0002036364582553655,0.0002036556614157663,0.00020367486426959075,0.00020369406680838346,0.00020371326904597875,0.00020373247098180757,0.00020375167261224754,0.00020377087393224827,0.00020379007494772394,0.00020380927565762666,0.00020382847605785611,0.0002038476761529626,0.00020386687594195146,0.00020388607542287963,0.0002039052745971285,0.0002039244734651363,0.00020394367202578216,0.00020396287028181674,0.00020398206823262315,0.00020400126587141274,0.00020402046320693688,0.00020403966023533476,0.00020405885695729803,0.0002040780533751207,0.00020409724948405622,0.0002041164452859829,0.00020413564078201692,0.0002041548359711966,0.00020417403085425852,0.0002041932254373107,0.00020421241970719923,0.0002042316136707092,0.00020425080733085845,0.0002042700006863825,0.00020428919372548855,0.00020430838646517935,0.0002043275788965702,0.00020434677102094183,0.00020436596284026113,0.00020438515435178636,0.00020440434555749765,0.00020442353645639611,0.00020444272704896966,0.00020446191733525376,0.0002044811073151853,0.00020450029699089676,0.0002045194863582979,0.00020453867541606855,0.00020455786417115877,0.00020457705262295735,0.00020459624076547492,0.00020461542859822473,0.00020463461612732294,0.00020465380335014596,0.00020467299026667225,0.0002046921768773501,0.000204711363183493,0.00020473054918143562,0.00020474973487033754,0.0002047689202549524,0.00020478810533549412,0.0002048072901153769,0.00020482647458217772,0.0002048456587484296,0.00020486484260232732,0.0002048840261556922,0.00020490320939845768,0.0002049223923337869,0.0002049415749625113,0.0002049607572820947,0.0002049799392985833,0.00020499912100585403,0.00020501830240980608,0.00020503748351327077,0.00020505666430497402,0.00020507584479129986,0.00020509502497089287,0.00020511420484419163,0.00020513338441113474,0.00020515256366971475,0.00020517174263208525,0.00020519092128052415,0.00020521009962190943,0.00020522927766542526,0.0002052484553964026,0.00020526763281872263,0.000205286809936508,0.00020530598674854306,0.00020532516325435555,0.00020534433945298706,0.0002053635153489472,0.0002053826909336497,0.00020540186622210115,0.0002054210411981631,0.00020544021586740358,0.00020545939023230102,0.00020547856430179283,0.00020549773805383413,0.0002055169114992024,0.00020553608463858445,0.0002055552574719133,0.00020557443000049857,0.0002055936022216896,0.00020561277413743185,0.00020563194574673446,0.00020565111705243225,0.00020567028804779997,0.00020568945873896966,0.00020570862912405459,0.00020572779920341312,0.0002057469689762347,0.00020576613844587013,0.0002057853076072478,0.00020580447646324342,0.0002058236450132732,0.00020584281326196176,0.00020586198120022177,0.00020588114883982847,0.00020590031616628913,0.0002059194831875931,0.00020593864990189211,0.00020595781631118414,0.00020597698241370114,0.00020599614821039403,0.00020601531370300315,0.00020603447888786197,0.00020605364376807136,0.00020607280834392363,0.00020609197261330293,0.00020611113657607847,0.00020613030023321967,0.00020614946358256048,0.00020616862662660703,0.00020618778936487447,0.000206206951799234,0.00020622611392480007,0.00020624527574568237,0.00020626443726088652,0.00020628359847164762,0.00020630275937576193,0.0002063219199742142,0.00020634108026642124,0.0002063602402528688,0.00020637939993208517,0.00020639855930747634,0.00020641771837671754,0.00020643687714098569,0.00020645603559912571,0.00020647519375109955,0.000206494351598207,0.00020651350913769424,0.00020653266637104143,0.00020655182330596328,0.00020657097993085065,0.00020659013625743593,0.0002066092922705043,0.00020662844798006305,0.0002066476033812586,0.0002066667584771156,0.0002066859132674082,0.00020670506775367418,0.00020672422193846496,0.0002067433758116544,0.00020676252937919414,0.00020678168264161195,0.00020680083559578488,0.00020681998824661474,0.00020683914059253165,0.00020685829263376493,0.00020687744436697074,0.00020689659579582048,0.0002069157469190499,0.00020693489773653632,0.00020695404825112927,0.00020697319845798073,0.00020699234836537675,0.00020701149796152935,0.00020703064725214487,0.0002070497962365591,0.00020706894491818263,0.0002070880932918834,0.0002071072413598569,0.0002071263891233888,0.00020714553658118297,0.0002071646837328623,0.00020718383057946686,0.00020720297712028377,0.0002072221233563373,0.000207241269285932,0.0002072604149102055,0.00020727956023037253,0.00020729870524400303,0.00020731784995260517,0.00020733699435819582,0.00020735613846249498,0.00020737528225229796,0.00020739442573931925,0.0002074135689207379,0.0002074327117967987,0.0002074518543675702,0.0002074709966328835,0.00020749013859765035,0.00020750928025216033,0.00020752842160151692,0.00020754756264540199,0.00020756670338453834,0.00020758584381801761,0.00020760498394555593,0.00020762412377014962,0.00020764326328842213,0.00020766240250144938,0.00020768154140867858,0.00020770068001287444,0.0002077198183100422,0.00020773895630103896,0.00020775809398749403,0.0002077772313687304,0.0002077963684444891,0.00020781550521715308,0.00020783464168225814,0.00020785377784255605,0.00020787291369793372,0.00020789204925651862,0.0002079111845015,0.00020793031944225376,0.0002079494540776356,0.00020796858840319392,0.000207987722427087,0.00020800685614335302,0.00020802598955529863,0.0002080451226677356,0.00020806425547517857,0.00020808338797250945,0.00020810252016528123,0.00020812165205370933,0.00020814078363750934,0.00020815991491543678,0.00020817904588929872,0.0002081981765561343,0.00020821730691825615,0.00020823643697528762,0.00020825556673159445,0.00020827469617859935,0.0002082938253207503,0.00020831295415766945,0.00020833208268931233,0.00020835121091643407,0.00020837033884132025,0.00020838946646035945,0.00020840859377200565,0.00020842772078149128,0.00020844684748607482,0.00020846597388281162,0.00020848509997871992,0.00020850422576556155,0.00020852335124514325,0.00020854247642258453,0.00020856160129456694,0.00020858072586196375,0.0002085998501240102,0.00020861897408042346,0.00020863809773139376,0.00020865722108157604,0.00020867634412436424,0.00020869546686181787,0.00020871458929446986,0.00020873371141585936,0.00020875283324122735,0.0002087719547599814,0.00020879107598066322,0.00020881019689047585,0.00020882931749362273,0.00020884843779245233,0.00020886755779670648,0.00020888667748750786,0.00020890579687137084,0.00020892491595287386,0.00020894403472891579,0.00020896315319707373,0.00020898227136199353,0.0002090013892218861,0.00020902050677742902,0.00020903962402766795,0.000209058740973943,0.00020907785761691095,0.00020909697395530123,0.00020911608998829548,0.00020913520571448594,0.0002091543211363947,0.00020917343625457784,0.00020919255106685746,0.00020921166557627663,0.00020923077977946208,0.00020924989367847693,0.0002092690072718766,0.00020928812056067762,0.0002093072335422726,0.00020932634622337372,0.0002093454585983459,0.00020936457066832916,0.0002093836824304782,0.00020940279389429213,0.00020942190505041043,0.00020944101590434638,0.0002094601264521579,0.00020947923669259406,0.00020949834662861575,0.00020951745626344266,0.0002095365655917834,0.00020955567461586035,0.00020957478333822997,0.0002095938917519199,0.00020961299986107493,0.00020963210766660972,0.00020965121516973678,0.00020967032236624862,0.00020968942925843817,0.00020970853584380153,0.00020972764212658264,0.0002097467481049056,0.00020976585377842968,0.00020978495914758066,0.0002098040642107192,0.00020982316897155784,0.00020984227342733192,0.000209861377576061,0.00020988048141838884,0.00020989958496330522,0.0002099186881996237,0.0002099377911320952,0.0002099568937610327,0.00020997599608468695,0.00020999509810534564,0.00021001419981872636,0.00021003330123054107,0.0002100524023354743,0.00021007150313593338,0.00021009060363342863,0.000210109703827997,0.00021012880371960483,0.00021014790330310096,0.00021016700258038844,0.00021018610155627574,0.0002102052002284014,0.00021022429859810735,0.00021024339665906392,0.00021026249441861378,0.00021028159187484738,0.00021030068902465194,0.00021031978587014835,0.00021033888241050314,0.00021035797864665096,0.0002103770745813834,0.0002103961702099963,0.0002104152655347917,0.00021043436055449762,0.00021045345527236526,0.00021047254968147388,0.00021049164379158557,0.0002105107375971138,0.0002105298310941451,0.0002105489242898986,0.00021056801717987366,0.0002105871097661297,0.00021060620204764775,0.00021062529402494928,0.00021064438569805928,0.00021066347706803727,0.00021068256813434576,0.00021070165889732655,0.00021072074935439696,0.00021073983950661683,0.0002107589293546778,0.00021077801889860296,0.00021079710813950005,0.0002108161970750251,0.0002108352857031822,0.00021085437403057323,0.00021087346205388976,0.0002108925497730412,0.00021091163718711849,0.0002109307242978119,0.00021094981110645524,0.00021096889761175797,0.00021098798381108904,0.00021100706970644622,0.0002110261552986017,0.00021104524058401146,0.0002110643255680087,0.00021108341024643205,0.00021110249462080174,0.0002111215786920297,0.00021114066245993265,0.00021115974592485716,0.00021117882908793827,0.0002111979119461289,0.00021121699449436811,0.0002112360767393587,0.0002112551586817759,0.00021127424032024334,0.00021129332165697426,0.00021131240268827111,0.00021133148341573551,0.00021135056383947637,0.00021136964395922645,0.00021138872378385998,0.00021140780329506026,0.00021142688250255787,0.0002114459614054793,0.00021146504000540422,0.00021148411830399985,0.00021150319629418166,0.0002115222739809746,0.00021154135136605955,0.000211560428445102,0.00021157950522111425,0.00021159858169185112,0.00021161765785967832,0.00021163673372348886,0.00021165580928283258,0.00021167488453473207,0.00021169395948850595,0.00021171303413906667,0.00021173210848220625,0.00021175118252568154,0.00021177025626279507,0.00021178932969551588,0.00021180840282552005,0.00021182747565273084,0.00021184654817505363,0.00021186562039497966,0.00021188469231062036,0.00021190376392275532,0.00021192283523024504,0.0002119419062351008,0.00021196097693169908,0.00021198004732869244,0.00021199911742537502,0.0002120181872143225,0.00021203725670096237,0.00021205632588548214,0.00021207539476487004,0.00021209446333916282,0.00021211353160956436,0.00021213259957761753,0.00021215166724089065,0.00021217073460121555,0.00021218980165723473,0.00021220886840929982,0.0002122279348568843,0.0002122470010023337,0.0002122660668409277,0.00021228513237855003,0.0002123041976171257,0.000212323262548343,0.00021234232717326393,0.0002123613915000988,0.00021238045552037847,0.00021239951923661765,0.00021241858264950573,0.00021243764575886608,0.0002124567085650868,0.00021247577106740445,0.00021249483326606756,0.00021251389516134623,0.00021253295675307228,0.00021255201804125758,0.00021257107902596833,0.00021259013970527515,0.0002126092000830602,0.00021262826015660389,0.00021264731992744928,0.00021266637939466548,0.00021268543855859493,0.00021270449743204898,0.00021272355598911166,0.00021274261424556205,0.00021276167219574395,0.0002127807298446576,0.00021279978719097027,0.0002128188442312383,0.00021283790096784762,0.00021285695739838115,0.00021287601352810954,0.00021289506935456734,0.00021291412487765878,0.0002129331800972231,0.00021295223501380445,0.00021297128962684728,0.00021299034393696659,0.00021300939794327778,0.0002130284516471605,0.00021304750504695636,0.00021306655814351387,0.0002130856109361486,0.00021310466342608857,0.00021312371561261776,0.0002131427674946657,0.00021316181907430153,0.0002131808703521005,0.0002131999213255527,0.00021321897199451755,0.00021323802236152377,0.00021325707242498187,0.00021327612218537774,0.00021329517164258435,0.00021331422079665004,0.00021333326964369204,0.00021335231819119476,0.00021337136643544827,0.00021339041438032616,0.00021340946201486814,0.00021342850934851708,0.00021344755638012935,0.00021346660310862372,0.00021348564953396106,0.0002135046956555993,0.00021352374147465443,0.0002135427869909673,0.00021356183220478157,0.00021358087711574738,0.00021359992172247536,0.0002136189660264209,0.00021363801002752532,0.0002136570537247917,0.00021367609711984615,0.00021369514021097932,0.00021371418299821594,0.00021373322548262212,0.00021375226766603321,0.00021377130954441934,0.00021379035112090695,0.00021380939239370954,0.00021382843336358417,0.00021384747403037073,0.00021386651439169797,0.00021388555445244408,0.00021390459421053132,0.00021392363366795711,0.0002139426728197262,0.00021396171166826298,0.00021398075020719954,0.00021399978845007631,0.0002140188263902482,0.00021403786402726161,0.00021405690135968777,0.00021407593839244165,0.00021409497512049267,0.0002141140115440285,0.00021413304766641227,0.00021415208348592632,0.00021417111900248395,0.00021419015421591115,0.00021420918912677322,0.00021422822373510174,0.0002142472580405703,0.00021426629204242704,0.00021428532574162615,0.00021430435913599765,0.0002143233922289583,0.00021434242501961376,0.00021436145749871701,0.0002143804896844117,0.00021439952156542878,0.00021441855314486698,0.00021443758442215316,0.00021445661539606985,0.0002144756460665692,0.0002144946764357667,0.00021451370650346692,0.0002145327362667936,0.00021455176572686925,0.00021457079488482336,0.00021458982373955633,0.00021460885229713687,0.00021462788054960838,0.00021464690849601594,0.0002146659361395836,0.00021468496347833429,0.00021470399051697007,0.00021472301725261803,0.0002147420436915892,0.00021476106982140858,0.00021478009565073728,0.00021479912117603248,0.00021481814639829654,0.00021483717131762993,0.00021485619593458695,0.00021487522025046338,0.0002148942442621246,0.00021491326797590658,0.00021493229138216634,0.00021495131448585268,0.0002149703372815462,0.0002149893597794049,0.00021500838197512334,0.0002150274038647457,0.0002150464254565482,0.00021506544674459917,0.00021508446773035685,0.00021510348841431313,0.00021512250879577487,0.00021514152887385892,0.0002151605486516384,0.00021517956812488768,0.00021519858729553468,0.00021521760616300902,0.00021523662472869957,0.000215255642991856,0.00021527466095313456,0.00021529367861157828,0.0002153126959653708,0.000215331713016477,0.0002153507297674471,0.0002153697462183822,0.00021538876236458057,0.00021540777820865125,0.00021542679375283552,0.0002154458089918357,0.00021546482392809603,0.00021548383856194266,0.000215502852891618,0.00021552186692088364,0.0002155408806476828,0.00021555989407367473,0.00021557890719637484,0.0002155979200165608,0.00021561693253375686,0.00021563594474860383,0.00021565495666148461,0.0002156739682729962,0.0002156929795810248,0.00021571199058657126,0.00021573100128203707,0.00021575001168290254,0.00021576902177950134,0.00021578803157521587,0.00021580704106931347,0.00021582605025770847,0.00021584505914806616,0.00021586406773878124,0.00021588307602423307,0.00021590208400701382,0.00021592109168623496,0.00021594009906497768,0.0002159591061389409,0.00021597811291071889,0.00021599711938008467,0.00021601612555027493,0.0002160351314203312,0.00021605413698552967,0.00021607314224744893,0.0002160921472081184,0.0002161111518667001,0.000216130156218845,0.00021614916027276376,0.0002161681640255551,0.00021618716747577718,0.0002162061706237066,0.00021622517347025195,0.0002162441760144044,0.00021626317826479449,0.00021628218020350792,0.00021630118184538436,0.00021632018318056028,0.00021633918421439354,0.00021635818494495818,0.0002163771853738695,0.0002163961855007087,0.00021641518533272052,0.00021643418485652106,0.0002164531840774768,0.00021647218299684903,0.00021649118161740804,0.0002165101799336897,0.00021652917794368962,0.00021654817565429742,0.00021656717306235438,0.00021658617017209395,0.00021660516697642862,0.0002166241634804541,0.00021664315968190657,0.00021666215558068075,0.00021668115118015464,0.00021670014647608518,0.00021671914146865521,0.00021673813615954185,0.00021675713054863328,0.00021677612462994594,0.00021679511841530874,0.0002168141118999045,0.00021683310507950428,0.00021685209795933494,0.00021687109053349272,0.00021689008280668313,0.00021690907478065052,0.00021692806645276015,0.00021694705782280863,0.00021696604889073147,0.00021698503965965132,0.00021700403012466865,0.00021702302028749773,0.0002170420101488353,0.00021706099971161691,0.00021707998896929766,0.00021709897792465888,0.00021711796658098177,0.0002171369549330237,0.00021715594298445372,0.00021717493073135417,0.0002171939181766116,0.00021721290532167927,0.00021723189216493792,0.00021725087870649756,0.00021726986494653632,0.0002172888508882014,0.00021730783652467323,0.00021732682185917682,0.0002173458068922461,0.00021736479162378042,0.00021738377605323955,0.00021740276018125402,0.00021742174400748217,0.00021744072753242873,0.0002174597107555163,0.00021747869367918048,0.00021749767629869403,0.00021751665861620642,0.0002175356406320112,0.00021755462234639776,0.00021757360376039445,0.00021759258487197725,0.0002176115656726448,0.00021763054618112137,0.00021764952638798815,0.000217668506291298,0.00021768748589638036,0.00021770646519828692,0.00021772544419973176,0.00021774442289881327,0.0002177634012969012,0.00021778237939362063,0.00021780135718272087,0.0002178203346754862,0.0002178393118669261,0.00021785828875658627,0.00021787726534449735,0.0002178962416271598,0.00021791521761310582,0.0002179341932970928,0.00021795316868245907,0.00021797214376332634,0.00021799111853930303,0.00021801009301724176,0.00021802906719850344,0.0002180480410729516,0.0002180670146470423,0.00021808598791938727,0.00021810496089045788,0.00021812393356028414,0.00021814290592876232,0.00021816187799592298,0.00021818084976109225,0.00021819982122659435,0.00021821879239009888,0.0002182377632509262,0.00021825673380962136,0.00021827570406870802
20,1.6885354031709457e-23,3.693390662456749e-23,5.900043051085381e-23,8.255774771107734e-23,1.0722492599360925e-22,1.3271867864798243e-22,1.5882803761487164e-22,1.8539588098879612e-22,2.123051892827702e-22,2.39468810024603e-22,2.668218347647531e-22,2.9431592170960724e-22,3.2191506739542156e-22,3.4959245756263758e-22,3.7732812178504673e-22,4.051071867105864e-22,4.329185751294214e-22,4.60754037080327e-22,4.88607428248879e-22,5.164741725408722e-22,5.4435086182372695e-22,5.7223495782634e-22,6.001245701233716e-22,6.280182907848481e-22,6.559150712283331e-22,6.838141305022541e-22,7.117148869781778e-22,7.396169074773456e-22,7.675198693816965e-22,7.954235324153354e-22,8.233277176282535e-22,8.512322917440495e-22,8.791371555026108e-22,9.070422349780902e-22,9.349474751128189e-22,9.628528349015575e-22,9.907582838048798e-22,1.0186637990779702e-21,1.0465693637811998e-21,1.074474965298459e-21,1.1023805942336613e-21,1.1302862435888942e-21,1.1581919081523304e-21,1.1860975840423643e-21,1.2140032683680952e-21,1.241908958976471e-21,1.2698146542639642e-21,1.2977203530363203e-21,1.3256260544040925e-21,1.3535317577048497e-21,1.3814374624452356e-21,1.4093431682578106e-21,1.43724887486892e-21,1.4651545820747525e-21,1.493060289723515e-21,1.52096599770216e-21,1.5488717059264891e-21,1.576777414333797e-21,1.6046831228773817e-21,1.6325888315224621e-21,1.6604945402431322e-21,1.688400249020099e-21,1.716305957838996e-21,1.7442116666891184e-21,1.7721173755624974e-21,1.800023084453198e-21,1.8279287933567982e-21,1.8558345022700068e-21,1.8837402111903702e-21,1.9116459201160628e-21,1.939551629045726e-21,1.9674573379783436e-21,1.9953630469131636e-21,2.0232687558496225e-21,2.051174464787303e-21,2.079080173725893e-21,2.1069858826651603e-21,2.1348915916049313e-21,2.1627973005450792e-21,2.1907030094855055e-21,2.2186087184261416e-21,2.246514427366932e-21,2.2744201363078386e-21,2.3023258452488306e-21,2.3302315541898873e-21,2.3581372631309925e-21,2.386042972072132e-21,2.413948681013299e-21,2.4418543899544842e-21,2.469760098895683e-21,2.4976658078368948e-21,2.5255715167781136e-21,2.5534772257193396e-21,2.58138293466057e-21,2.6092886436018028e-21,2.637194352543039e-21,2.665100061484277e-21,2.6930057704255164e-21,2.7209114793667563e-21,2.7488171883079985e-21,2.77672289724924e-21,2.8046286061904824e-21,2.832534315131725e-21,2.860440024072967e-21,2.8883457330142092e-21,2.916251441955452e-21,2.944157150896697e-21,2.9720628598379413e-21,2.999968568779185e-21,3.0278742777204278e-21,3.055779986661671e-21,3.0836856956029136e-21,3.111591404544157e-21,3.1394971134854005e-21,3.167402822426644e-21,3.1953085313678874e-21,3.223214240309132e-21,3.2511199492503747e-21,3.279025658191617e-21,3.3069313671328613e-21,3.3348370760741045e-21,3.362742785015348e-21,3.390648493956592e-21,3.418554202897835e-21,3.44645991183908e-21,3.474365620780324e-21,3.502271329721567e-21,3.5301770386628104e-21,3.558082747604054e-21,3.585988456545297e-21,3.61389416548654e-21,3.641799874427784e-21,3.6697055833690276e-21,3.697611292310271e-21,3.725517001251513e-21,3.753422710192757e-21,3.781328419134e-21,3.809234128075243e-21,3.837139837016488e-21,3.865045545957732e-21,3.892951254898973e-21,3.920856963840216e-21,3.9487626727814595e-21,3.976668381722704e-21,4.004574090663948e-21,4.0324797996051916e-21,4.0603855085464356e-21,4.08829121748768e-21,4.116196926428923e-21,4.144102635370166e-21,4.17200834431141e-21,4.199914053252652e-21,4.227819762193894e-21,4.2557254711351355e-21,4.2836311800763795e-21,4.3115368890176235e-21,4.339442597958867e-21,4.367348306900109e-21,4.395254015841354e-21,4.423159724782599e-21,4.451065433723841e-21,4.4789711426650854e-21,4.506876851606329e-21,4.534782560547572e-21,4.562688269488816e-21,4.590593978430061e-21,4.618499687371304e-21,4.6464053963125466e-21,4.67431110525379e-21,4.702216814195034e-21,4.730122523136278e-21,4.7580282320775204e-21,4.785933941018764e-21,4.8138396499600054e-21,4.8417453589012495e-21,4.869651067842493e-21,4.897556776783737e-21,4.92546248572498e-21,4.953368194666223e-21,4.981273903607466e-21,5.009179612548709e-21,5.037085321489953e-21,5.064991030431197e-21,5.0928967393724404e-21,5.120802448313684e-21,5.148708157254928e-21,5.1766138661961725e-21,5.2045195751374165e-21,5.23242528407866e-21,5.260330993019903e-21,5.288236701961147e-21,5.3161424109023926e-21,5.3440481198436366e-21,5.3719538287848814e-21,5.399859537726125e-21,5.427765246667369e-21,5.455670955608613e-21,5.483576664549857e-21,5.5114823734911e-21,5.539388082432345e-21,5.567293791373588e-21,5.595199500314832e-21,5.623105209256076e-21,5.651010918197319e-21,5.6789166271385634e-21,5.706822336079806e-21,5.73472804502105e-21,5.762633753962295e-21,5.790539462903536e-21,5.8184451718447775e-21,5.846350880786022e-21,5.874256589727263e-21,5.902162298668506e-21,5.93006800760975e-21,5.9579737165509916e-21,5.9858794254922356e-21,6.013785134433479e-21,6.041690843374722e-21,6.069596552315966e-21,6.0975022612572094e-21,6.125407970198452e-21,6.153313679139693e-21,6.181219388080935e-21,6.209125097022176e-21,6.237030805963418e-21,6.264936514904659e-21,6.292842223845902e-21,6.320747932787143e-21,6.3486536417283846e-21,6.376559350669625e-21,6.404465059610866e-21,6.432370768552107e-21,6.460276477493348e-21,6.48818218643459e-21,6.5160878953758284e-21,6.543993604317068e-21,6.571899313258307e-21,6.5998050221995485e-21,6.627710731140787e-21,6.655616440082027e-21,6.683522149023264e-21,6.711427857964505e-21,6.739333566905744e-21,6.767239275846983e-21,6.795144984788223e-21,6.823050693729462e-21,6.8509564026707e-21,6.87886211161194e-21,6.906767820553178e-21,6.934673529494417e-21,6.962579238435654e-21,6.990484947376891e-21,7.018390656318128e-21,7.046296365259369e-21,7.074202074200604e-21,7.102107783141842e-21,7.130013492083076e-21,7.157919201024315e-21,7.185824909965553e-21,7.213730618906794e-21,7.241636327848031e-21,7.26954203678927e-21,7.297447745730507e-21,7.325353454671747e-21,7.353259163612986e-21,7.381164872554223e-21,7.40907058149546e-21,7.436976290436699e-21,7.464881999377936e-21,7.492787708319175e-21,7.520693417260411e-21,7.548599126201651e-21,7.57650483514289e-21,7.604410544084127e-21,7.632316253025364e-21,7.660221961966603e-21,7.68812767090784e-21,7.716033379849078e-21,7.743939088790315e-21,7.771844797731552e-21,7.799750506672791e-21,7.82765621561403e-21,7.855561924555268e-21,7.883467633496507e-21,7.911373342437743e-21,7.93927905137898e-21,7.967184760320217e-21,7.995090469261455e-21,8.022996178202695e-21,8.050901887143932e-21,8.078807596085171e-21,8.10671330502641e-21,8.13461901396765e-21,8.162524722908887e-21,8.190430431850123e-21,8.21833614079136e-21,8.246241849732599e-21,8.274147558673838e-21,8.30205326761508e-21,8.329958976556323e-21,8.35786468549756e-21,8.385770394438797e-21,8.413676103380035e-21,8.441581812321272e-21,8.469487521262509e-21,8.497393230203746e-21,8.525298939144984e-21,8.55320464808622e-21,8.581110357027458e-21,8.609016065968697e-21,8.636921774909939e-21,8.664827483851176e-21,8.692733192792416e-21,8.720638901733653e-21,8.74854461067489e-21,8.776450319616128e-21,8.804356028557368e-21,8.832261737498607e-21,8.860167446439847e-21,8.888073155381083e-21,8.915978864322322e-21,8.943884573263559e-21,8.971790282204804e-21,8.999695991146042e-21,9.027601700087283e-21,9.055507409028521e-21,9.083413117969762e-21,9.111318826911e-21,9.13922453585224e-21,9.167130244793478e-21,9.195035953734715e-21,9.222941662675954e-21,9.250847371617193e-21,9.278753080558432e-21,9.306658789499667e-21,9.334564498440908e-21,9.362470207382143e-21,9.39037591632338e-21,9.418281625264622e-21,9.446187334205861e-21,9.474093043147101e-21,9.501998752088339e-21,9.529904461029579e-21,9.557810169970815e-21,9.585715878912053e-21,9.613621587853292e-21,9.64152729679453e-21,9.669433005735767e-21,9.697338714677002e-21,9.72524442361824e-21,9.753150132559478e-21,9.781055841500716e-21,9.808961550441951e-21,9.836867259383192e-21,9.864772968324427e-21,9.892678677265666e-21,9.920584386206905e-21,9.94849009514814e-21,9.97639580408938e-21,1.0004301513030618e-20,1.0032207221971855e-20,1.0060112930913096e-20,1.0088018639854333e-20,1.0115924348795573e-20,1.0143830057736812e-20,1.0171735766678052e-20,1.0199641475619288e-20,1.0227547184560527e-20,1.0255452893501764e-20,1.0283358602443004e-20,1.0311264311384241e-20,1.0339170020325482e-20,1.0367075729266719e-20,1.0394981438207961e-20,1.0422887147149198e-20,1.0450792856090435e-20,1.0478698565031673e-20,1.0506604273972908e-20,1.0534509982914149e-20,1.0562415691855386e-20,1.0590321400796622e-20,1.0618227109737862e-20,1.0646132818679099e-20,1.067403852762034e-20,1.0701944236561577e-20,1.0729849945502817e-20,1.0757755654444054e-20,1.0785661363385294e-20,1.0813567072326532e-20,1.0841472781267769e-20,1.0869378490209006e-20,1.0897284199150243e-20,1.0925189908091482e-20,1.0953095617032724e-20,1.098100132597396e-20,1.1008907034915198e-20,1.1036812743856437e-20,1.1064718452797676e-20,1.1092624161738912e-20,1.112052987068015e-20,1.1148435579621392e-20,1.1176341288562626e-20,1.1204246997503862e-20,1.12321527064451e-20,1.126005841538634e-20,1.128796412432758e-20,1.1315869833268819e-20,1.1343775542210059e-20,1.1371681251151296e-20,1.1399586960092533e-20,1.1427492669033772e-20,1.145539837797501e-20,1.148330408691625e-20,1.1511209795857487e-20,1.1539115504798724e-20,1.1567021213739961e-20,1.1594926922681202e-20,1.162283263162244e-20,1.1650738340563678e-20,1.1678644049504918e-20,1.1706549758446155e-20,1.1734455467387397e-20,1.1762361176328634e-20,1.1790266885269872e-20,1.1818172594211113e-20,1.184607830315235e-20,1.1873984012093588e-20,1.1901889721034825e-20,1.1929795429976065e-20,1.19577011389173e-20,1.1985606847858543e-20,1.2013512556799785e-20,1.2041418265741022e-20,1.2069323974682262e-20,1.20972296836235e-20,1.2125135392564741e-20,1.2153041101505981e-20,1.2180946810447216e-20,1.2208852519388456e-20,1.2236758228329693e-20,1.2264663937270932e-20,1.2292569646212169e-20,1.2320475355153405e-20,1.2348381064094644e-20,1.237628677303588e-20,1.2404192481977115e-20,1.2432098190918351e-20,1.2460003899859588e-20,1.2487909608800825e-20,1.251581531774206e-20,1.2543721026683294e-20,1.2571626735624531e-20,1.2599532444565768e-20,1.2627438153507006e-20,1.2655343862448241e-20,1.2683249571389476e-20,1.2711155280330713e-20,1.273906098927195e-20,1.276696669821319e-20,1.2794872407154422e-20,1.2822778116095656e-20,1.2850683825036889e-20,1.2878589533978126e-20,1.290649524291936e-20,1.2934400951860593e-20,1.2962306660801827e-20,1.299021236974306e-20,1.3018118078684293e-20,1.304602378762553e-20,1.3073929496566761e-20,1.3101835205507995e-20,1.3129740914449231e-20,1.3157646623390465e-20,1.3185552332331703e-20,1.3213458041272937e-20,1.3241363750214177e-20,1.3269269459155414e-20,1.3297175168096649e-20,1.3325080877037881e-20,1.3352986585979119e-20,1.3380892294920353e-20,1.340879800386159e-20,1.3436703712802824e-20,1.3464609421744062e-20,1.3492515130685299e-20,1.3520420839626535e-20,1.3548326548567769e-20,1.3576232257509006e-20,1.3604137966450242e-20,1.3632043675391475e-20,1.3659949384332713e-20,1.368785509327395e-20,1.3715760802215185e-20,1.374366651115642e-20,1.377157222009766e-20,1.3799477929038895e-20,1.3827383637980128e-20,1.3855289346921367e-20,1.3883195055862602e-20,1.3911100764803838e-20,1.3939006473745074e-20,1.3966912182686307e-20,1.3994817891627545e-20,1.402272360056878e-20,1.405062930951002e-20,1.4078535018451253e-20,1.410644072739249e-20,1.4134346436333727e-20,1.416225214527497e-20,1.4190157854216205e-20,1.421806356315744e-20,1.424596927209868e-20,1.4273874981039915e-20,1.4301780689981148e-20,1.4329686398922386e-20,1.4357592107863622e-20,1.4385497816804864e-20,1.4413403525746097e-20,1.4441309234687332e-20,1.4469214943628568e-20,1.44971206525698e-20,1.452502636151104e-20,1.4552932070452272e-20,1.4580837779393505e-20,1.4608743488334744e-20,1.4636649197275977e-20,1.4664554906217215e-20,1.469246061515845e-20,1.472036632409968e-20,1.4748272033040923e-20,1.4776177741982155e-20,1.4804083450923388e-20,1.4831989159864627e-20,1.4859894868805862e-20,1.48878005777471e-20,1.4915706286688337e-20,1.494361199562957e-20,1.4971517704570805e-20,1.499942341351204e-20,1.502732912245328e-20,1.5055234831394516e-20,1.508314054033575e-20,1.5111046249276984e-20,1.5138951958218226e-20,1.516685766715946e-20,1.519476337610069e-20,1.5222669085041927e-20,1.5250574793983163e-20,1.52784805029244e-20,1.5306386211865634e-20,1.533429192080687e-20,1.5362197629748106e-20,1.5390103338689342e-20,1.5418009047630577e-20,1.544591475657181e-20,1.5473820465513043e-20,1.550172617445428e-20,1.5529631883395514e-20,1.5557537592336753e-20,1.558544330127799e-20,1.5613349010219225e-20,1.564125471916046e-20,1.56691604281017e-20,1.5697066137042932e-20,1.5724971845984168e-20,1.575287755492541e-20,1.5780783263866645e-20,1.5808688972807878e-20,1.5836594681749117e-20,1.5864500390690355e-20,1.589240609963159e-20,1.592031180857283e-20,1.5948217517514063e-20,1.59761232264553e-20,1.6004028935396537e-20,1.6031934644337773e-20,1.6059840353279012e-20,1.6087746062220247e-20,1.6115651771161486e-20,1.6143557480102722e-20,1.6171463189043958e-20,1.619936889798519e-20,1.6227274606926426e-20,1.6255180315867665e-20,1.62830860248089e-20,1.6310991733750136e-20,1.6338897442691372e-20,1.6366803151632608e-20,1.639470886057384e-20,1.642261456951508e-20,1.6450520278456315e-20,1.6478425987397557e-20,1.650633169633879e-20,1.6534237405280025e-20,1.656214311422126e-20,1.6590048823162497e-20,1.6617954532103733e-20,1.6645860241044968e-20,1.66737659499862e-20,1.6701671658927437e-20,1.672957736786867e-20,1.67574830768099e-20,1.6785388785751135e-20,1.6813294494692368e-20,1.6841200203633604e-20,1.6869105912574836e-20,1.6897011621516072e-20,1.6924917330457305e-20,1.6952823039398544e-20,1.698072874833978e-20,1.7008634457281012e-20,1.7036540166222245e-20,1.7064445875163484e-20,1.7092351584104713e-20,1.7120257293045946e-20,1.7148163001987182e-20,1.7176068710928418e-20,1.7203974419869644e-20,1.7231880128810874e-20,1.7259785837752104e-20,1.7287691546693336e-20,1.731559725563457e-20,1.7343502964575805e-20,1.7371408673517035e-20,1.7399314382458267e-20,1.7427220091399494e-20,1.7455125800340724e-20,1.7483031509281954e-20,1.7510937218223183e-20,1.753884292716441e-20,1.756674863610564e-20,1.759465434504687e-20,1.76225600539881e-20,1.765046576292933e-20,1.767837147187056e-20,1.7706277180811788e-20,1.7734182889753018e-20,1.7762088598694248e-20,1.778999430763548e-20,1.7817900016576713e-20,1.7845805725517943e-20,1.7873711434459173e-20,1.7901617143400406e-20,1.7929522852341635e-20,1.7957428561282865e-20,1.7985334270224095e-20,1.8013239979165327e-20,1.8041145688106557e-20,1.806905139704779e-20,1.8096957105989026e-20,1.8124862814930252e-20,1.8152768523871485e-20,1.8180674232812715e-20,1.8208579941753942e-20,1.8236485650695174e-20,1.82643913596364e-20,1.829229706857763e-20,1.832020277751886e-20,1.834810848646009e-20,1.837601419540132e-20,1.840391990434255e-20,1.843182561328378e-20,1.8459731322225006e-20,1.848763703116624e-20,1.8515542740107466e-20,1.8543448449048695e-20,1.8571354157989922e-20,1.8599259866931155e-20,1.8627165575872385e-20,1.8655071284813614e-20,1.8682976993754844e-20,1.871088270269607e-20,1.8738788411637303e-20,1.876669412057853e-20,1.879459982951976e-20,1.882250553846099e-20,1.8850411247402222e-20,1.8878316956343452e-20,1.890622266528468e-20,1.8934128374225912e-20,1.8962034083167138e-20,1.898993979210837e-20,1.90178455010496e-20,1.904575120999083e-20,1.9073656918932057e-20,1.910156262787329e-20,1.9129468336814517e-20,1.9157374045755746e-20,1.9185279754696973e-20,1.9213185463638206e-20,1.924109117257944e-20,1.9268996881520665e-20,1.9296902590461898e-20,1.9324808299403128e-20,1.935271400834436e-20,1.938061971728559e-20,1.9408525426226817e-20,1.9436431135168047e-20,1.9464336844109276e-20,1.949224255305051e-20,1.9520148261991742e-20,1.9548053970932966e-20,1.9575959679874195e-20,1.9603865388815425e-20,1.9631771097756658e-20,1.9659676806697882e-20,1.968758251563911e-20,1.9715488224580335e-20,1.9743393933521562e-20,1.977129964246279e-20,1.979920535140402e-20,1.9827111060345245e-20,1.9855016769286478e-20,1.9882922478227704e-20,1.9910828187168934e-20,1.993873389611016e-20,1.9966639605051397e-20,1.9994545313992626e-20,2.0022451022933856e-20,2.0050356731875086e-20,2.0078262440816312e-20,2.0106168149757542e-20,2.013407385869877e-20,2.0161979567640002e-20,2.0189885276581228e-20,2.021779098552246e-20,2.024569669446369e-20,2.027360240340492e-20,2.0301508112346153e-20,2.0329413821287383e-20,2.0357319530228613e-20,2.0385225239169842e-20,2.0413130948111072e-20,2.04410366570523e-20,2.046894236599353e-20,2.0496848074934758e-20,2.0524753783875988e-20,2.055265949281722e-20,2.0580565201758448e-20,2.0608470910699677e-20,2.0636376619640904e-20,2.066428232858213e-20,2.0692188037523363e-20,2.0720093746464596e-20,2.0747999455405826e-20,2.0775905164347056e-20,2.0803810873288288e-20,2.0831716582229518e-20,2.085962229117075e-20,2.0887528000111984e-20,2.091543370905321e-20,2.0943339417994443e-20,2.097124512693567e-20,2.0999150835876903e-20,2.1027056544818132e-20,2.1054962253759362e-20,2.108286796270059e-20,2.1110773671641824e-20,2.1138679380583048e-20,2.1166585089524284e-20,2.119449079846551e-20,2.1222396507406734e-20,2.1250302216347967e-20,2.127820792528919e-20,2.1306113634230417e-20,2.1334019343171644e-20,2.1361925052112877e-20,2.13898307610541e-20,2.141773646999533e-20,2.144564217893656e-20,2.1473547887877784e-20,2.150145359681902e-20,2.1529359305760246e-20,2.155726501470148e-20,2.1585170723642706e-20,2.161307643258394e-20,2.1640982141525168e-20,2.1668887850466395e-20,2.1696793559407628e-20,2.1724699268348854e-20,2.175260497729008e-20,2.178051068623131e-20,2.1808416395172535e-20,2.183632210411376e-20,2.1864227813054994e-20,2.189213352199622e-20,2.1920039230937453e-20,2.194794493987868e-20,2.197585064881991e-20,2.2003756357761137e-20,2.2031662066702366e-20,2.2059567775643602e-20,2.208747348458483e-20,2.2115379193526065e-20,2.2143284902467294e-20,2.217119061140852e-20,2.2199096320349754e-20,2.2227002029290978e-20,2.225490773823221e-20,2.2282813447173443e-20,2.2310719156114673e-20,2.2338624865055905e-20,2.2366530573997126e-20,2.239443628293836e-20,2.2422341991879592e-20,2.245024770082082e-20,2.247815340976205e-20,2.2506059118703284e-20,2.2533964827644517e-20,2.256187053658575e-20,2.2589776245526982e-20,2.261768195446821e-20,2.2645587663409438e-20,2.267349337235067e-20,2.2701399081291898e-20,2.272930479023313e-20,2.275721049917436e-20,2.2785116208115593e-20,2.2813021917056832e-20,2.2840927625998062e-20,2.286883333493929e-20,2.289673904388052e-20,2.292464475282175e-20,2.295255046176298e-20,2.2980456170704207e-20,2.300836187964544e-20,2.303626758858668e-20,2.3064173297527905e-20,2.3092079006469132e-20,2.311998471541037e-20,2.3147890424351598e-20,2.317579613329283e-20,2.3203701842234057e-20,2.3231607551175287e-20,2.325951326011652e-20,2.3287418969057746e-20,2.3315324677998976e-20,2.3343230386940203e-20,2.337113609588143e-20,2.3399041804822662e-20,2.342694751376389e-20,2.3454853222705122e-20,2.3482758931646348e-20,2.3510664640587575e-20,2.3538570349528802e-20,2.356647605847003e-20,2.3594381767411255e-20,2.3622287476352488e-20,2.365019318529372e-20,2.3678098894234948e-20,2.370600460317618e-20,2.3733910312117407e-20,2.376181602105864e-20,2.3789721729999866e-20,2.38176274389411e-20,2.3845533147882326e-20,2.387343885682356e-20,2.390134456576478e-20,2.3929250274706012e-20,2.395715598364724e-20,2.3985061692588472e-20,2.4012967401529698e-20,2.404087311047093e-20,2.4068778819412158e-20,2.4096684528353384e-20,2.412459023729461e-20,2.4152495946235844e-20,2.4180401655177068e-20,2.4208307364118297e-20,2.4236213073059524e-20,2.4264118782000748e-20,2.4292024490941968e-20,2.4319930199883198e-20,2.4347835908824425e-20,2.4375741617765646e-20,2.4403647326706872e-20,2.44315530356481e-20,2.4459458744589323e-20,2.448736445353055e-20,2.4515270162471776e-20,2.4543175871413003e-20,2.457108158035423e-20,2.4598987289295456e-20,2.4626892998236686e-20,2.4654798707177907e-20,2.4682704416119134e-20,2.4710610125060357e-20,2.4738515834001584e-20,2.476642154294281e-20,2.479432725188403e-20,2.482223296082526e-20,2.4850138669766482e-20,2.487804437870771e-20,2.4905950087648932e-20,2.493385579659016e-20,2.4961761505531377e-20,2.4989667214472606e-20,2.501757292341383e-20,2.5045478632355057e-20,2.5073384341296278e-20,2.51012900502375e-20,2.5129195759178734e-20,2.5157101468119955e-20,2.5185007177061178e-20,2.52129128860024e-20,2.5240818594943626e-20,2.5268724303884853e-20,2.5296630012826076e-20,2.5324535721767303e-20,2.5352441430708524e-20,2.538034713964975e-20,2.540825284859098e-20,2.54361585575322e-20,2.5464064266473428e-20,2.5491969975414654e-20,2.5519875684355878e-20,2.5547781393297105e-20,2.5575687102238337e-20,2.5603592811179558e-20,2.5631498520120782e-20,2.5659404229062003e-20,2.568730993800322e-20,2.5715215646944447e-20,2.5743121355885674e-20,2.5771027064826897e-20,2.5798932773768124e-20,2.582683848270935e-20,2.585474419165057e-20,2.5882649900591804e-20,2.5910555609533022e-20,2.593846131847425e-20,2.5966367027415475e-20,2.59942727363567e-20,2.602217844529793e-20,2.605008415423916e-20,2.607798986318038e-20,2.6105895572121603e-20,2.613380128106283e-20,2.616170699000405e-20,2.6189612698945274e-20,2.62175184078865e-20,2.624542411682772e-20,2.627332982576894e-20,2.630123553471016e-20,2.632914124365139e-20,2.6357046952592616e-20,2.638495266153383e-20,2.6412858370475055e-20,2.644076407941628e-20,2.6468669788357505e-20,2.6496575497298732e-20,2.6524481206239947e-20,2.6552386915181176e-20,2.6580292624122397e-20,2.6608198333063618e-20,2.6636104042004847e-20,2.666400975094606e-20,2.6691915459887286e-20,2.6719821168828504e-20,2.6747726877769718e-20,2.6775632586710936e-20,2.680353829565216e-20,2.683144400459338e-20,2.6859349713534598e-20,2.688725542247582e-20,2.6915161131417042e-20,2.6943066840358263e-20,2.6970972549299475e-20,2.69988782582407e-20,2.7026783967181916e-20,2.705468967612313e-20,2.7082595385064355e-20,2.711050109400557e-20,2.7138406802946796e-20,2.7166312511888017e-20,2.719421822082923e-20,2.722212392977045e-20,2.725002963871167e-20,2.727793534765289e-20,2.730584105659411e-20,2.7333746765535335e-20,2.7361652474476544e-20,2.7389558183417764e-20,2.7417463892358985e-20,2.74453696013002e-20,2.747327531024142e-20,2.750118101918263e-20,2.7529086728123844e-20,2.755699243706506e-20,2.7584898146006273e-20,2.761280385494749e-20,2.76407095638887e-20,2.766861527282991e-20,2.769652098177113e-20,2.772442669071234e-20,2.7752332399653555e-20,2.7780238108594776e-20,2.780814381753599e-20,2.7836049526477205e-20,2.7863955235418414e-20,1.466489193513501e-12,3.001648894713068e-12,4.555714517532373e-12,6.127234301903617e-12,7.716497068292014e-12,9.32386297753225e-12,1.0949703940005817e-11,1.2594401773397098e-11,1.4258348445435119e-11,1.594194640354131e-11,1.7645608920030854e-11,1.936976045084198e-11,2.1114837008296136e-11,2.2881286548512287e-11,2.466956937413379e-11,2.6480158553060398e-11,2.8313540353911715e-11,3.017021469898789e-11,3.2050695635527895e-11,3.3955511826112785e-11,3.588520705910166e-11,3.784034078003177e-11,3.9821488644966615e-11,4.182924309682486e-11,4.3864213965778414e-11,4.5927029094863154e-11,4.8018334992007924e-11,5.013879750975056e-11,5.2289102553976104e-11,5.4469956823087885e-11,5.668208857909091e-11,5.892624845215318e-11,6.120321028028924e-11,6.351377198590632e-11,6.585875649104067e-11,6.823901267321653e-11,7.065541636396169e-11,7.31088713921328e-11,7.560031067430993e-11,7.813069735465781e-11,8.07010259967737e-11,8.331232383018487e-11,8.596565205431212e-11,8.866210720285992e-11,9.140282257177349e-11,9.418896971406777e-11,9.70217600050177e-11,9.990244628140619e-11,1.0283232455871631e-10,1.0581273583038476e-10,1.0884506795345469e-10,1.1193075762521436e-10,1.1507129245565883e-10,1.182682131408809e-10,1.2152311574278483e-10,1.2483765408080684e-10,1.2821354224164596e-10,1.3165255721332223e-10,1.3515654165024607e-10,1.3872740677630762e-10,1.4236713543340457e-10,1.4607778528318286e-10,1.4986149217018654e-10,1.5372047365503933e-10,1.5765703272667364e-10,1.616735617031148e-10,1.657725463307423e-10,1.699565700924128e-10,1.7422831873535728e-10,1.7859058503005454e-10,1.8304627377199758e-10,1.875984070384787e-10,1.9225012971305934e-10,1.9700471529081386e-10,2.0186557197762769e-10,2.068362490973855e-10,2.1192044382085248e-10,2.1712200823033614e-10,2.2244495673415565e-10,2.2789347384484532e-10,2.3347192233466464e-10,2.391848517813281e-10,2.450370075162445e-10,2.5103333998606e-10,2.5717901453700953e-10,2.634794216289273e-10,2.69940187483608e-10,2.765671851681667e-10,2.8336654610986875e-10,2.9034467203315734e-10,2.9750824730294194e-10,3.0486425164959116e-10,3.1241997324061836e-10,3.2018302205149915e-10,3.281613434727831e-10,3.363632320714412e-10,3.4479734540232964e-10,3.534727177377389e-10,3.6239877355027523e-10,3.715853405444385e-10,3.8104266198404235e-10,3.9078140800543494e-10,4.008126855365179e-10,4.1114804635894194e-10,4.217994927503426e-10,4.3277948002396217e-10,4.4410091513833023e-10,4.5577715037810087e-10,4.678219708991706e-10,4.802495746833986e-10,4.930745431515657e-10,5.063118003262509e-10,5.199765580111806e-10,5.340842439434156e-10,5.486504092662896e-10,5.636906109437026e-10,5.792202638706539e-10,5.952544564046613e-10,6.118077218177422e-10,6.28893756726425e-10,6.46525075845156e-10,6.64712590415359e-10,6.834650953270835e-10,7.027886472564413e-10,7.226858130616494e-10,7.431547642052114e-10,7.641881891275608e-10,7.857719913643264e-10,8.078837369396241e-10,8.304908104411994e-10,8.535482356941609e-10,8.769961147971562e-10,9.007566396099902e-10,9.24730634251137e-10,9.487935981554647e-10,9.727912401425425e-10,9.965345293259057e-10,1.0197943446153257e-09,1.042295888598879e-09,1.0637131526359273e-09,1.0836638873037576e-09,1.1017057533369165e-09,1.117334604334748e-09,1.1299861714529347e-09,1.1390427449671967e-09,1.1438466994474795e-09,1.1437227505149903e-09,1.1380104516326819e-09,1.1261073657928194e-09,1.1075213038704818e-09,1.081926880609109e-09,1.04921767986998e-09,1.0095415853575037e-09,9.633052668600403e-10,9.111372660783218e-10,8.538099871403995e-10,7.921399651593584e-10,7.269112155891725e-10,6.588964153159298e-10,5.890902248199822e-10,5.193286443816947e-10,4.534978481225458e-10,3.9915241766521457e-10,3.67898481922718e-10,3.7270607752684687e-10,4.274579423166994e-10,5.559846722329774e-10,7.974655221587755e-10,1.187888039688586e-09,1.7257673849648462e-09,2.3565601678318617e-09,2.991433384388886e-09,3.5319285104030103e-09,3.885710294680457e-09,3.9951405113178694e-09,3.8660962494315985e-09,3.5595354503198894e-09,3.154887737139606e-09,2.7199635589141086e-09,2.300015649994813e-09,1.9194913616769695e-09,1.5881105951733802e-09,1.3067512181938051e-09,1.0717184795385649e-09,8.774096646308961e-10,7.178048121164377e-10,5.87213222048774e-10,4.805897429349124e-10,3.936208184560874e-10,3.226975936591942e-10,2.6484079126833474e-10,2.1761105040407073e-10,1.790210548192946e-10,1.4745647003637774e-10,1.2160794232856707e-10,1.0041411682929738e-10,8.301463770966845e-11,6.871175926085757e-11,5.6939180057158714e-11,4.7236834406476344e-11,3.9230545683908246e-11,3.261562150620454e-11,2.7143631735200776e-11,2.2611750182658962e-11,1.8854158555713588e-11,1.5735108323308617e-11,1.3143315401613759e-11,1.0987426679843906e-11,9.192349050003848e-12,7.696273069405197e-12,6.44825661276616e-12,5.406260471694295e-12,4.535549142749987e-12,3.8073870785151435e-12,3.197974304486481e-12,2.6875762224287777e-12,2.2598111683720107e-12,1.9010663104239475e-12,1.6000181056037124e-12,1.3472380637113605e-12,1.1348682105561199e-12,9.563535795840319e-13,8.062214302014697e-13,6.798988053019292e-13,5.735615890631847e-13,4.840094808629695e-13,4.0856231901527497e-13,3.4497401508708243e-13,2.913610327574022e-13,2.461428933501192e-13,2.079926378437747e-13,1.7579554085557543e-13,1.486146714037941e-13,1.2566214055931592e-13,1.0627507740138863e-13,8.989554009690133e-14,7.605370511334236e-14,6.435378967157499e-14,5.446225510919794e-14,4.609791525226132e-14,3.9023637101690654e-14,3.303937345774245e-14,2.79763105028594e-14,2.3691949331238605e-14,2.006597033080058e-14,1.6996754163453792e-14,1.4398453775248055e-14,1.2198529119053467e-14,1.0335670615264042e-14,8.758049384367618e-15,7.42184228815299e-15,6.2899881882811106e-15,5.331138833131975e-15,4.518773636587788e-15,3.8304525265507444e-15,3.247185149556449e-15,2.7528981691720346e-15,2.3339852895933796e-15,1.978927066171724e-15,1.677969606545708e-15,1.4228529810778282e-15,1.2065816048899934e-15,1.0232300671546606e-15,8.67778905044169e-16,7.3597567973036e-16,6.242174367516143e-16,5.294512431082908e-16,4.490900083747784e-16,3.809412310763354e-16,3.231466773989592e-16,2.741313083699774e-16,2.3256003224403743e-16,1.9730107885677656e-16,1.673949785658459e-16,1.4202828544278738e-16,1.2051131686867345e-16,1.0225929387904871e-16,8.677636129443841e-17,7.364204672332351e-17,6.249978532011699e-17,5.3047194399061534e-17,4.5027830456498766e-17,3.82242021877134e-17,3.245184771968278e-17,2.755431365763679e-17,2.3398898383405496e-17,1.987304307868189e-17,1.6881271760773867e-17,1.4342596664564728e-17,1.2188318117942964e-17,1.0360158840004479e-17,8.808681767506673e-18,7.491948265712457e-18,6.3743801623326494e-18,5.425794655202965e-18,4.62058557223779e-18,3.937029207384618e-18,3.35669541414405e-18,2.8639480042676715e-18,2.4455210331424567e-18,2.0901593671605467e-18,1.7883137800319333e-18,1.5318823008482727e-18,1.3139907943841626e-18,1.128806819505075e-18,9.713817165897918e-19,8.375166397473836e-19,7.23648902947194e-19,6.267555575736309e-19,5.442715882768093e-19,4.74020510155118e-19,4.141554866904899e-19,3.6310937312261386e-19,3.1955233212272093e-19,2.823558734468566e-19,2.5056234418393756e-19,2.2335904283758797e-19,2.0005625665833466e-19,1.8006862744760627e-19,1.628993413445805e-19,1.4812671459163482e-19,1.3539281213722833e-19,1.2439379096992749e-19,1.1487170683863335e-19,1.0660756252935869e-19,9.941540957434651e-20,9.313734374655911e-20,8.763925889001959e-20,8.280724414052527e-20,7.854452708681111e-20,7.476888007298458e-20,7.141041951294433e-20,6.84097386333672e-20,6.571632310339388e-20,6.328720670506798e-20,6.10858306497154e-20,5.908107570600229e-20,5.724644089624481e-20,5.555934661337075e-20,5.400054326016095e-20,5.2553609430606244e-20,5.120452607450308e-20,4.994131511337566e-20,4.875373273428331e-20,4.763300913268246e-20,4.657162757839649e-20,4.5563136916077193e-20,4.4601992395780527e-20,4.3683420565671807e-20,4.280330456268635e-20,4.195808672223542e-20,4.114468587884643e-20,4.0360427134711393e-20,3.9602982207080445e-20,3.8870318752397536e-20,3.816065731424469e-20,3.7472434726701346e-20,3.680427301569721e-20,3.61549529507528e-20,3.552339155437079e-20,3.490862296400117e-20,3.430978214485253e-20,3.3726091019578106e-20,3.315684665487031e-20,3.2601411186853315e-20,3.2059203236422157e-20,3.1529690571799175e-20,3.1012383847680493e-20,3.0506831256029386e-20,3.001261393812082e-20,2.952934206134979e-20,2.905665145532188e-20,2.859420071717548e-20,2.814166872623273e-20,2.7698752499978565e-20,2.7265165346364186e-20,2.6840635262953958e-20,2.6424903551257915e-20,2.6017723612059145e-20,2.5618859897036714e-20,2.5228086992429465e-20,2.4845188816042823e-20,2.446995791458455e-20,2.4102194839241258e-20,2.3741707597330004e-20,2.3388311165171943e-20,2.304182705021893e-20,2.2702082904244717e-20,2.2368912173780608e-20,2.2042153782156115e-20,2.1721651846938107e-20,2.1407255418199218e-20,2.1098818242453636e-20,2.079619854500425e-20,2.0499258829646427e-20,2.0207865694569815e-20,1.9921889661057866e-20,1.964120501377698e-20,1.9365689652783937e-20,1.909522495422237e-20,1.882969564000679e-20,1.856898965447797e-20,1.8312998048688137e-20,1.806161487047781e-20,1.781473706026882e-20,1.757226435357216e-20,1.733409918563065e-20,1.7100146602848342e-20,1.6870314176332113e-20,1.6644511920892878e-20,1.6422652216346295e-20,1.6204649733366124e-20,1.5990421362071653e-20,1.5779886140563617e-20,1.557296519113224e-20,1.5369581655282272e-20,1.516966063349209e-20,1.4973129123968616e-20,1.477991597056427e-20,1.458995180329588e-20,1.4403168985917014e-20,1.421950156755793e-20,1.4038885231382895e-20,1.3861257248214252e-20,1.368655642948307e-20,1.3514723085014135e-20,1.3345698978261905e-20,1.3179427284805134e-20,1.3015852554517647e-20,1.2854920670741931e-20,1.269657881396883e-20,1.254077542371011e-20,1.2387460166495983e-20,1.2236583899774364e-20,1.2088098639440277e-20,1.1941957528894062e-20,1.1798114806904873e-20,1.1656525778621077e-20,1.151714678646605e-20,1.1379935182334816e-20,1.1244849299425341e-20,1.1111848427268008e-20,1.0980892786331533e-20,1.0851943501592793e-20,1.0724962580134869e-20,1.0599912887721348e-20,1.047675812450174e-20,1.0355462806070566e-20,1.023599223998997e-20,1.0118312505312562e-20,1.000239043522422e-20,9.88819359485773e-21,9.77569026071267e-21,9.66484940782341e-21,9.555640688729285e-21,9.44803441585884e-21,9.34200154625813e-21,9.237513664232909e-21,9.134542966362372e-21,9.033062245801535e-21,8.93304487769093e-21,8.834464803586125e-21,8.737296519699633e-21,8.641515060597889e-21,8.547095988288771e-21,8.454015376993529e-21,8.362249802806774e-21,8.271776330102674e-21,8.182572500527667e-21,8.094616320575544e-21,8.0078862515116e-21,7.922361197057553e-21,7.838020494126646e-21,7.75484390195497e-21,7.672811591823722e-21,7.591904137820645e-21,7.512102507127707e-21,7.433388050165412e-21,7.355742493099841e-21,7.27914792756336e-21,7.203586802370518e-21,7.12904191703201e-21,7.055496410941872e-21,6.982933757101904e-21,6.911337754275382e-21,6.840692519469199e-21,6.7709824805291506e-21,6.7021923693066815e-21,6.634307214655631e-21,6.5673123354228545e-21,6.501193334392535e-21,6.435936092677341e-21,6.371526760584346e-21,6.30795175476164e-21,6.245197751266023e-21,6.1832516790410885e-21,6.122100715158293e-21,6.0617322791090366e-21,6.002134027306025e-21,5.943293848480253e-21,5.885199857833202e-21,5.827840392553678e-21,5.771204006617257e-21,5.7152794674632936e-21,5.6600557492607575e-21,5.605522029933123e-21,5.5516676864448005e-21,5.498482290322437e-21,5.445955604008513e-21,5.394077576299304e-21,5.3428383385264304e-21,5.292228201171175e-21,5.2422376493176315e-21,5.192857339594682e-21,5.144078096320015e-21,5.095890908041242e-21,5.0482869241129115e-21,5.001257451533683e-21,4.954793951427722e-21,4.90888803607077e-21,4.8635314656030766e-21,4.818716145635614e-21,4.7744341227061095e-21,4.730677583314348e-21,4.687438849922278e-21,4.644710378599838e-21,4.6024847561259366e-21,4.560754697521303e-21,4.519513043407134e-21,4.478752757471951e-21,4.438466924055982e-21,4.398648745478977e-21,4.359291540693965e-21,4.320388741519063e-21,4.2819338913645225e-21,4.243920642819887e-21,4.20634275545924e-21,4.1691940938080554e-21,4.1324686253416975e-21,4.096160418181231e-21,4.060263639597735e-21,4.024772553767679e-21,3.989681520002627e-21,3.954984990823309e-21,3.920677510704942e-21,3.8867537132965585e-21,3.85320832058995e-21,3.82003614088364e-21,3.787232067244473e-21,3.754791075736911e-21,3.7227082241601255e-21,3.69097865038596e-21,3.659597570396691e-21,3.628560277549586e-21,3.5978621406681206e-21,3.567498602900537e-21,3.537465180129567e-21,3.507757459631589e-21,3.478371099067212e-21,3.449301824726209e-21,3.420545430539224e-21,3.3920977768672165e-21,3.3639547889388464e-21,3.3361124560483297e-21,3.308566830574796e-21,3.281314026252801e-21,3.2543502170711804e-21,3.227671636996691e-21,3.2012745780026757e-21,3.1751553894468087e-21,3.1493104769423794e-21,3.1237363014785765e-21,3.0984293782062408e-21,3.0733862755579774e-21,3.048603614630565e-21,3.024078067673164e-21,2.9998063575804054e-21,2.975785256833898e-21,2.952011586767562e-21,2.928482216608144e-21,2.9051940626626357e-21,2.882144087512643e-21,2.8593292992302946e-21,2.836746750332693e-21,2.814393537543739e-21,2.7922668006476142e-21,2.7703637217159145e-21,2.748681524486683e-21,2.7272174737159374e-21,2.705968874398533e-21,2.6849330711484537e-21,2.664107447225492e-21,2.6434894243817448e-21,2.6230764617722426e-21,2.6028660557962734e-21,2.5828557388057833e-21,2.56304307902977e-21,2.543425679861858e-21,2.5240011791122575e-21,2.5047672486236817e-21,2.485721593562441e-21,2.4668619519438976e-21,2.448186094074184e-21,2.4296918219973014e-21,2.411376968968631e-21,2.3932393989725558e-21,2.3752770061745166e-21,2.3574877145327273e-21,2.339869477125651e-21,2.3224202758625167e-21,2.305138120845687e-21,2.2880210500561918e-21,2.2710671287933902e-21,2.2542744493917586e-21,2.2376411305198266e-21,2.221165317064021e-21,2.2048451794858816e-21,2.188678913467146e-21,2.1726647395538253e-21,2.156800902716439e-21,2.141085671936524e-21,2.1255173399164894e-21,2.1100942226021575e-21,2.094814658945247e-21,2.079677010373343e-21,2.064679660534536e-21,2.0498210149474718e-21,2.035099500670376e-21,2.0205135658821445e-21,2.0060616796203753e-21,1.991742331496185e-21,1.977554031279854e-21,1.963495308640471e-21,1.9495647128246097e-21,1.9357608123813226e-21,1.922082194797993e-21,1.9085274663039376e-21,1.8950952514323174e-21,1.881784193085443e-21,1.8685929517425754e-21,1.855520205565233e-21,1.842564649979437e-21,1.8297249976152167e-21,1.816999977662108e-21,1.804388335995481e-21,1.7918888347349873e-21,1.779500252009237e-21,1.7672213817906877e-21,1.7550510336325102e-21,1.742988032264426e-21,1.7310312176913172e-21,1.7191794447272492e-21,1.7074315828914846e-21,1.6957865160050836e-21,1.684243142234134e-21,1.6728003737398432e-21,1.661457136455119e-21,1.6502123699073548e-21,1.6390650271946566e-21,1.628014074342343e-21,1.6170584905943332e-21,1.6061972678818497e-21,1.5954294110067245e-21,1.5847539369635299e-21,1.5741698751401364e-21,1.56367626710204e-21,1.553272166118619e-21,1.5429566373718388e-21,1.5327287576041314e-21,1.5225876149178705e-21,1.512532308788436e-21,1.5025619498219533e-21,1.49267565915411e-21,1.4828725690833733e-21,1.4731518224526875e-21,1.463512572572187e-21,1.4539539830490872e-21,1.4444752276193432e-21,1.435075490205251e-21,1.4257539645614651e-21,1.4165098540913983e-21,1.4073423719599143e-21,1.3982507407318239e-21,1.3892341923443896e-21,1.3802919679570333e-21,1.3714233178329928e-21,1.3626275011980902e-21,1.3539037861248387e-21,1.3452514494122517e-21,1.33666977640342e-21,1.3281580609992068e-21,1.3197156054356243e-21,1.3113417202173013e-21,1.3030357239314888e-21,1.2947969432530527e-21,1.286624712745117e-21,1.27851837481672e-21,1.2704772795185718e-21,1.262500784522756e-21,1.2545882550097158e-21,1.2467390635172044e-21,1.2389525899991654e-21,1.231228221482262e-21,1.2235653521246727e-21,1.2159633830876042e-21,1.2084217224141658e-21,1.2009397850820034e-21,1.1935169926768728e-21,1.1861527734916814e-21,1.1788465622879632e-21,1.1715978003535983e-21,1.1644059353765462e-21,1.1572704212678774e-21,1.1501907181614826e-21,1.1431662924139244e-21,1.136196616314184e-21,1.1292811681401224e-21,1.1224194321626811e-21,1.1156108983755744e-21,1.1088550624495278e-21,1.1021514258497588e-21,1.0954994955360962e-21,1.0888987840911339e-21,1.0823488094046782e-21,1.075849094855764e-21,1.0693991690345586e-21,1.06299856587181e-21,1.0566468244053165e-21,1.0503434887553314e-21,1.044088108125409e-21,1.0378802366842688e-21,1.03171943349113e-21,1.025605262470842e-21,1.0195372923360486e-21,1.0135150965122147e-21,1.007538253090184e-21,1.0016063447802285e-21,9.957189588320105e-22,9.89875686976764e-22,9.840761253784264e-22,9.783198746126876e-22,9.726065395515977e-22,9.669357293432253e-22,9.613070573474128e-22,9.557201410836533e-22,9.501746021915801e-22,9.446700663649307e-22,9.39206163310111e-22,9.337825267044917e-22,9.28398794113828e-22,9.230546069619127e-22,9.177496105377524e-22,9.124834538528812e-22,9.072557896500578e-22,9.020662743527681e-22,8.969145680181745e-22,8.918003342780824e-22,8.867232403210035e-22,8.816829568270408e-22,8.766791579316123e-22,8.717115212300122e-22,8.667797275865158e-22,8.618834612807034e-22,8.570224098823872e-22,8.521962641953054e-22,8.474047182449256e-22,8.426474692241781e-22,8.379242175036894e-22,8.332346664429632e-22,8.285785225747485e-22,8.239554954217586e-22,8.19365297492854e-22,8.148076442578188e-22,8.102822540957671e-22,8.057888482750913e-22,8.01327150928216e-22,7.968968889742631e-22,7.924977921358809e-22,7.881295928856288e-22,7.837920264093027e-22,7.794848305819829e-22,7.752077459294233e-22,7.709605156021693e-22,7.667428853271015e-22,7.625546034520297e-22,7.583954208005391e-22,7.542650906803133e-22,7.501633689561326e-22,7.460900138736408e-22,7.420447861069273e-22,7.380274487269071e-22,7.340377671600171e-22,7.30075509178367e-22,7.261404448438352e-22,7.222323465117975e-22,7.18350988805304e-22,7.144961485461113e-22,7.106676047616203e-22,7.068651387001947e-22,7.030885337235533e-22,6.993375753229925e-22,6.956120511150722e-22,6.919117507767851e-22,6.882364660604761e-22,6.845859907480952e-22,6.809601206128432e-22,6.773586534403393e-22,6.73781388978188e-22,6.702281289063982e-22,6.666986768382886e-22,6.63192838279962e-22,6.597104206247623e-22,6.5625123312054725e-22,6.528150868523672e-22,6.494017947229343e-22,6.460111714315215e-22,6.4264303345265265e-22,6.392971990238035e-22,6.359734881145066e-22,6.326717224141802e-22,6.293917253135658e-22,6.261333218828858e-22,6.228963388542453e-22,6.196806046092062e-22,6.1648594911233e-22,6.1331220404376415e-22,6.101592025540132e-22,6.070267794527359e-22,6.03914771011873e-22,6.008230151832927e-22,5.977513513291638e-22,5.946996203442799e-22,5.916676646148641e-22,5.886553280028761e-22,5.856624558356373e-22,5.826888948760418e-22,5.797344933023376e-22,5.767991007183394e-22,5.738825681217518e-22,5.709847478883503e-22,5.681054937596789e-22,5.652446608210079e-22,5.624021055203819e-22,5.595776855872188e-22,5.567712601023261e-22,5.539826894198183e-22,5.512118351887993e-22,5.48458560305276e-22,5.457227289195303e-22,5.430042064455466e-22,5.403028595077728e-22,5.37618555966997e-22,5.349511648280972e-22,5.323005563457821e-22,5.296666019366839e-22,5.270491741628092e-22,5.24448146759511e-22,5.218633945965455e-22,5.192947936692622e-22,5.167422210956513e-22,5.14205555082423e-22,5.116846749531372e-22,5.091794610892987e-22,5.066897949625252e-22,5.042155590963989e-22,5.017566370638504e-22,4.99312913477736e-22,4.968842739783458e-22,4.944706052169116e-22,4.920717948594306e-22,4.896877315643294e-22,4.87318304979079e-22,4.849634057206829e-22,4.826229253788553e-22,4.802967564875085e-22,4.779847925371598e-22,4.756869279564366e-22,4.734030580946925e-22,4.7113307922297835e-22,4.688768885176916e-22,4.66634384055282e-22,4.644054647982397e-22,4.621900305903967e-22,4.59987982177939e-22,4.57799221092951e-22,4.556236498476468e-22,4.5346117168835105e-22,4.513116907404832e-22,4.491751119557829e-22,4.470513411068572e-22,4.449402847811463e-22,4.428418503711307e-22,4.407559460591627e-22,4.386824808245666e-22,4.3662136442868325e-22,4.3457250739085285e-22,4.325358210234188e-22,4.3051121736119415e-22,4.284986092316156e-22,4.264979101724591e-22,4.2450903447718425e-22,4.2253189713151863e-22,4.2056641389344746e-22,4.1861250120194394e-22,4.1667007622396636e-22,4.1473905680638584e-22,4.1281936149875164e-22,4.1091090954829927e-22,4.090136208636035e-22,4.071274160385223e-22,4.0525221633129493e-22,4.0338794368115684e-22,4.0153452061713385e-22,3.9969187038226045e-22,3.97859916842356e-22,3.960385844878827e-22,3.942277984549557e-22,3.9242748448076895e-22,3.906375689376579e-22,3.888579788057726e-22,3.870886416717398e-22,3.8532948571300847e-22,3.8358043971535245e-22,3.8184143303988726e-22,3.8011239563937877e-22,3.78393258030295e-22,3.7668395131453054e-22,3.749844071539641e-22,3.7329455777657884e-22,3.7161433596781266e-22,3.6994367505136207e-22,3.6828250889733633e-22,3.666307719029127e-22,3.6498839904424015e-22,3.6335532577630537e-22,3.6173148813422173e-22,3.6011682262853486e-22,3.585112662941356e-22,3.569147566806859e-22,3.5532723184580866e-22,3.5374863033888476e-22,3.521788912142928e-22,3.5061795401360446e-22,3.4906575876532923e-22,3.4752224598186673e-22,3.459873566510415e-22,3.4446103223507304e-22,3.4294321465852073e-22,3.414338463119722e-22,3.3993287008379156e-22,3.3844022926362735e-22,3.3695586761690104e-22,3.354797293554273e-22,3.3401175913948245e-22,3.325519020597856e-22,3.3110010365157335e-22,3.2965630987168413e-22,3.282204671097651e-22,3.2679252217448726e-22,3.253724223120269e-22,3.2396011516695815e-22,3.2255554879637266e-22,3.211586716721273e-22,3.1976943266924556e-22,3.183877810612405e-22,3.170136665228442e-22,3.156470391304584e-22,3.142878493273141e-22,3.129360479794457e-22,3.115915862787362e-22,3.102544158471272e-22,3.0892448867506014e-22,3.076017571151669e-22,3.062861738991035e-22,3.0497769210122224e-22,3.03676265197702e-22,3.023818469999163e-22,3.0109439167728787e-22,2.9981385375482215e-22,2.9854018810737417e-22,2.972733499610427e-22,2.9601329488483903e-22,2.9475997878466517e-22,2.935133579079224e-22,2.9227338883756106e-22,2.910400284815902e-22,2.898132340941794e-22,2.8859296323709532e-22,2.873791738036667e-22,2.8617182401512814e-22,2.849708723889806e-22,2.837762777774807e-22,2.8258799933608634e-22,2.814059965367129e-22,2.80230229151389e-22,2.790606572638732e-22,2.77897241252288e-22,2.767399417842918e-22,2.7558871985233577e-22,2.7444353671762155e-22,3.9879519577053846e-22,4.61903600234092e-22,5.140000377072539e-22,5.627967390227077e-22,6.094281708123004e-22,6.540277425088959e-22,6.965910352112757e-22,7.371081857198914e-22,7.755828843348821e-22,8.120337187145017e-22,8.464927453768813e-22,8.790036405794633e-22,9.096198344621535e-22,9.384027215970183e-22,9.654199859321544e-22,9.907440612232706e-22,1.0144507395524793e-21,1.0366179335581016e-21,1.0573245924948159e-21,1.076649768025326e-21,1.0946718223543193e-21,1.1114677691753273e-21,1.127112736276774e-21,1.1416795380694687e-21,1.1552383459082348e-21,1.167856444349308e-21,1.1795980619144342e-21,1.1905242656322282e-21,1.2006929094824115e-21,1.2101586277118402e-21,1.2189728650216087e-21,1.2271839364170058e-21,1.234837110516056e-21,1.2419747108851466e-21,1.248636230754862e-21,1.254858457182147e-21,1.2606756013391867e-21,1.266119432220143e-21,1.2712194114648672e-21,1.2760028274948038e-21,1.2804949275043883e-21,1.2847190462289514e-21,1.2886967305234885e-21,1.292447859199396e-21,1.2959907576387172e-21,1.2993423068966749e-21,1.3025180471379067e-21,1.3055322753207348e-21,1.3083981372134267e-21,1.3111277137546607e-21,1.3137321019602147e-21,1.3162214905236162e-21,1.3186052302995752e-21,1.3208918999789758e-21,1.3230893670733285e-21,1.32520484453793e-21,1.32724494325047e-21,1.3292157205863224e-21,1.3311227253688068e-21,1.3329710393349099e-21,1.334765315465833e-21,1.336509813308218e-21,1.3382084315263661e-21,1.3398647378860426e-21,1.341481996834702e-21,1.3430631948839026e-21,1.3446110639315148e-21,1.3461281026946927e-21,1.3476165963891052e-21,1.3490786347992972e-21,1.3505161288564487e-21,1.351930825843766e-21,1.353324323342366e-21,1.3546980820079513e-21,1.3560534373000163e-21,1.3573916101934941e-21,1.3587137170043299e-21,1.3600207784024674e-21,1.361313727648401e-21,1.3625934181209438e-21,1.3638606302261196e-21,1.365116077701302e-21,1.3663604133927948e-21,1.3675942345291496e-21,1.3688180875557955e-21,1.370032472544809e-21,1.3712378472231781e-21,1.3724346306645142e-21,1.3736232066565062e-21,1.3748039267785887e-21,1.3759771132127188e-21,1.3771430613135044e-21,1.3783020419537256e-21,1.3794543036563819e-21,1.380600074564473e-21,1.3817395642237481e-21,1.3828729652095215e-21,1.384000454600325e-21,1.385122195364316e-21,1.3862383375786746e-21,1.3873490195658332e-21,1.3884543689173172e-21,1.389554503462855e-21,1.3906495320870295e-21,1.3917395555424946e-21,1.392824667153291e-21,1.3939049534684423e-21,1.3949804948579107e-21,1.3960513660505976e-21,1.3971176366297177e-21,1.3981793714833867e-21,1.3992366312152534e-21,1.4002894725182673e-21,1.4013379485158224e-21,1.4023821090705662e-21,1.4034220010719283e-21,1.404457668690616e-21,1.4054891536157954e-21,1.4065164952689682e-21,1.4075397309973901e-21,1.4085588962551225e-21,1.4095740247643304e-21,1.4105851486604148e-21,1.4115922986303646e-21,1.4125955040322372e-21,1.4135947930091402e-21,1.4145901925881626e-21,1.4155817287770394e-21,1.4165694266432725e-21,1.4175533103964953e-21,1.4185334034523757e-21,1.4195097285036972e-21,1.4204823075729284e-21,1.4214511620657428e-21,1.4224163128197472e-21,1.4233777801512937e-21,1.4243355838940207e-21,1.425289743429111e-21,1.4262402777288251e-21,1.4271872053849055e-21,1.428130544612167e-21,1.429070313316025e-21,1.4300065290881405e-21,1.4309392092307765e-21,1.4318683707776374e-21,1.4327940305128425e-21,1.4337162049830057e-21,1.4346349105145548e-21,1.435550163226703e-21,1.4364619790429688e-21,1.43737037370268e-21,1.4382753627697522e-21,1.439176961642688e-21,1.4400751855629042e-21,1.440970049622906e-21,1.4418615687722844e-21,1.4427497578247897e-21,1.4436346314595022e-21,1.4445162042400147e-21,1.44539449060972e-21,1.446269504883347e-21,1.4471412612808336e-21,1.4480097739040622e-21,1.4488750567535633e-21,1.4497371237310907e-21,1.4505959886427719e-21,1.4514516651913608e-21,1.4523041669966165e-21,1.4531535075850082e-21,1.4539997003955473e-21,1.4548427587816675e-21,1.4556826960126427e-21,1.456519525276361e-21,1.4573532596791606e-21,1.4581839122513954e-21,1.4590114959426945e-21,1.4598360236250703e-21,1.4606575081037924e-21,1.4614759621039059e-21,1.4622913982814224e-21,1.4631038292143234e-21,1.4639132674199393e-21,1.464719725335786e-21,1.4655232153335849e-21,1.4663237497126945e-21,1.467121340723006e-21,1.4679160005445209e-21,1.468707741278786e-21,1.469496574966338e-21,1.4702825135832748e-21,1.471065569047191e-21,1.4718457532082193e-21,1.472623077861084e-21,1.4733975547235161e-21,1.4741691954692605e-21,1.4749380117030448e-21,1.475704014971013e-21,1.4764672167501917e-21,1.4772276284877545e-21,1.477985261543354e-21,1.4787401272273649e-21,1.4794922367933204e-21,1.480241601437809e-21,1.4809882323005218e-21,1.4817321404650144e-21,1.4824733369582363e-21,1.483211832752961e-21,1.483947638765604e-21,1.4846807658571625e-21,1.4854112248373133e-21,1.4861390264611323e-21,1.4868641814271458e-21,1.4875867003858172e-21,1.4883065939310372e-21,1.4890238726053419e-21,1.4897385468999973e-21,1.4904506272563317e-21,1.4911601240582117e-21,1.4918670476423921e-21,1.4925714083004415e-21,1.493273216271253e-21,1.4939724817315033e-21,1.4946692148226862e-21,1.4953634256334304e-21,1.4960551242015053e-21,1.4967443205176967e-21,1.497431024523957e-21,1.4981152461143647e-21,1.4987969951368888e-21,1.4994762813877145e-21,1.5001531146213184e-21,1.500827504540795e-21,1.501499460806777e-21,1.5021689930319544e-21,1.5028361107834962e-21,1.5035008235829195e-21,1.5041631409061588e-21,1.5048230721852424e-21,1.5054806268070222e-21,1.5061358141138762e-21,1.5067886434034181e-21,1.5074391239289623e-21,1.5080872649036245e-21,1.5087330754954615e-21,1.509376564826361e-21,1.5100177419791013e-21,1.5106566159919707e-21,1.5112931958645732e-21,1.511927490550659e-21,1.5125595089636581e-21,1.5131892599781494e-21,1.5138167524208324e-21,1.5144419950831029e-21,1.5150649967115857e-21,1.5156857660175149e-21,1.5163043116687335e-21,1.5169206422946802e-21,1.5175347664826235e-21,1.5181466927824809e-21,1.5187564297037885e-21,1.5193639857167956e-21,1.5199693692537751e-21,1.520572588709693e-21,1.5211736524268167e-21,1.5217725687517788e-21,1.5223693459413217e-21,1.5229639922426838e-21,1.523556515860034e-21,1.5241469249574178e-21,1.5247352276690831e-21,1.525321432086713e-21,1.5259055462666948e-21,1.5264875782289122e-21,1.5270675359582418e-21,1.5276454274018571e-21,1.528221260473093e-21,1.5287950430452672e-21,1.52936678296681e-21,1.529936488041384e-21,1.530504166040217e-21,1.5310698247021353e-21,1.531633471726152e-21,1.5321951147814882e-21,1.5327547615043781e-21,1.5333124194915337e-21,1.5338680963105843e-21,1.5344217994946384e-21,1.534973536546583e-21,1.5355233149256467e-21,1.5360711420687202e-21,1.536617025376341e-21,1.5371609722166563e-21,1.5377029899248383e-21,1.5382430858040974e-21,1.5387812671258546e-21,1.539317541129354e-21,1.5398519150223516e-21,1.5403843959807874e-21,1.5409149911494157e-21,1.5414437076417446e-21,1.5419705525403564e-21,1.5424955328966875e-21,1.543018655732471e-21,1.5435399280373306e-21,1.5440593567720804e-21,1.544576948870261e-21,1.5450927112246524e-21,1.5456066507089078e-21,1.54611877416354e-21,1.5466290884002537e-21,1.5471376001986752e-21,1.5476443163124238e-21,1.5481492434689877e-21,1.5486523883576628e-21,1.5491537576514749e-21,1.5496533579729734e-21,1.5501511959397975e-21,1.5506472781310148e-21,1.5511416111000108e-21,1.5516342013714204e-21,1.5521250554416185e-21,1.552614179777409e-21,1.5531015808241542e-21,1.5535872649911548e-21,1.5540712386698283e-21,1.5545535082184959e-21,1.555034079969243e-21,1.5555129602280758e-21,1.5559901552744572e-21,1.5564656713611547e-21,1.5569395147123677e-21,1.5574116915298074e-21,1.557882207987325e-21,1.5583510702330577e-21,1.5588182843895624e-21,1.5592838565527405e-21,1.5597477927932997e-21,1.5602100991567087e-21,1.560670781664034e-21,1.5611298463086272e-21,1.5615872990603276e-21,1.562043145863585e-21,1.5624973926482956e-21,1.5629500452931803e-21,1.5634011096762207e-21,1.563850591645003e-21,1.5642984970323795e-21,1.5647448316149713e-21,1.5651896011774292e-21,1.5656328114688547e-21,1.5660744682159644e-21,1.5665145771219657e-21,1.5669531438656521e-21,1.5673901741014122e-21,1.5678256734640843e-21,1.568259647559634e-21,1.568692101973577e-21,1.5691230422716392e-21,1.5695524740013525e-21,1.5699804026636482e-21,1.5704068337610073e-21,1.5708317727655422e-21,1.5712552251311876e-21,1.5716771962814106e-21,1.5720976916166081e-21,1.5725167165248898e-21,1.572934276365252e-21,1.5733503764815795e-21,1.5737650221890084e-21,1.5741782187848897e-21,1.5745899715400174e-21,1.5750002857102605e-21,1.575409166515058e-21,1.5758166191868986e-21,1.5762226489044756e-21,1.5766272608360203e-21,1.5770304601316571e-21,1.577432251911338e-21,1.577832641286158e-21,1.5782316333400967e-21,1.5786292331409433e-21,1.5790254457254478e-21,1.579420276122723e-21,1.5798137293357306e-21,1.5802058103481424e-21,1.5805965241235462e-21,1.5809858756090354e-21,1.5813738697148733e-21,1.5817605113626166e-21,1.582145805429995e-21,1.5825297567790925e-21,1.5829123702599528e-21,1.5832936506963476e-21,1.5836736028917484e-21,1.5840522316445446e-21,1.584429541713237e-21,1.5848055378498272e-21,1.5851802247860179e-21,1.5855536072337587e-21,1.5859256898864577e-21,1.5862964774179459e-21,1.5866659744847403e-21,1.587034185723562e-21,1.587401115753987e-21,1.5877667691763228e-21,1.5881311505739754e-21,1.5884942645156978e-21,1.5888561155390536e-21,1.5892167081763632e-21,1.5895760469387404e-21,1.5899341363194556e-21,1.5902909807942735e-21,1.5906465848197758e-21,1.5910009528362987e-21,1.5913540892662627e-21,1.5917059985143878e-21,1.5920566849690654e-21,1.5924061530010005e-21,1.5927544069635996e-21,1.5931014511940043e-21,1.5934472900111803e-21,1.5937919277177362e-21,1.594135368598533e-21,1.5944776169247844e-21,1.59481867694801e-21,1.595158552909172e-21,1.595497249020722e-21,1.5958347694804394e-21,1.5961711184797181e-21,1.5965063001900694e-21,1.5968403187685497e-21,1.5971731783500263e-21,1.5975048830567318e-21,1.5978354369906807e-21,1.5981648442482146e-21,1.5984931088998254e-21,1.598820235003937e-21,1.5991462266030943e-21,1.5994710877238797e-21,1.5997948223798842e-21,1.6001174345639981e-21,1.6004389282561449e-21,1.6007593074223757e-21,1.6010785760122597e-21,1.6013967379605218e-21,1.6017137971864331e-21,1.6020297575940425e-21,1.6023446230732343e-21,1.6026583975055178e-21,1.6029710847341724e-21,1.6032826886118777e-21,1.6035932129675474e-21,1.6039026616188085e-21,1.6042110383677838e-21,1.6045183469949554e-21,1.6048245912698052e-21,1.6051297749534145e-21,1.6054339017908064e-21,1.6057369755041548e-21,1.6060389998096387e-21,1.6063399784146368e-21,1.6066399149974721e-21,1.60693881323496e-21,1.6072366767787007e-21,1.6075335092757836e-21,1.607829314354311e-21,1.6081240956315102e-21,1.6084178567109242e-21,1.6087106011795465e-21,1.609002332611711e-21,1.6092930545713887e-21,1.6095827706053181e-21,1.6098714842480633e-21,1.6101591990193763e-21,1.610445918428709e-21,1.6107316459697875e-21,1.611016385125654e-21,1.6113001393630622e-21,1.6115829121456207e-21,1.6118647068975891e-21,1.6121455270575503e-21,1.6124253760566835e-21,1.6127042572716988e-21,1.6129821741015483e-21,1.6132591299291299e-21,1.6135351281093206e-21,1.613810172001034e-21,1.6140842649436033e-21,1.6143574102644413e-21,1.6146296112778706e-21,1.6149008712860134e-21,1.615171193575208e-21,1.6154405814266352e-21,1.615709038107868e-21,1.6159765668680081e-21,1.6162431709482709e-21,1.6165088535817687e-21,1.6167736179774956e-21,1.6170374673417596e-21,1.6173004048689711e-21,1.6175624337367214e-21,1.617823557115199e-21,1.6180837781636653e-21,1.6183431000251282e-21,1.618601525826962e-21,1.6188590586968113e-21,1.6191157017437865e-21,1.619371458066241e-21,1.6196263307510696e-21,1.6198803228734794e-21,1.6201334374974724e-21,1.6203856776755605e-21,1.6206370464488459e-21,1.6208875468471789e-21,1.6211371818893005e-21,1.6213859545826423e-21,1.6216338679234442e-21,1.62188092489686e-21,1.6221271284770527e-21,1.6223724816270975e-21,1.6226169872991248e-21,1.6228606484344002e-21,1.6231034679631985e-21,1.6233454488050898e-21,1.6235865938687393e-21,1.6238269060521329e-21,1.6240663882425825e-21,1.6243050433166992e-21,1.6245428741403929e-21,1.6247798835693242e-21,1.6250160744499715e-21,1.62525144961355e-21,1.6254860118856321e-21,1.6257197640799209e-21,1.6259527089996894e-21,1.62618484943765e-21,1.6264161881767303e-21,1.6266467279893527e-21,1.6268764716379614e-21,1.6271054218745486e-21,1.627333581441338e-21,1.62756095307019e-21,1.6277875394834509e-21,1.6280133433925718e-21,1.6282383675007869e-21,1.6284626144985653e-21,1.6286860870690315e-21,1.6289087878848082e-21,1.629130719608584e-21,1.6293518848936966e-21,1.6295722863831722e-21,1.6297919267106707e-21,1.6300108084999676e-21,1.6302289343661321e-21,1.6304463069144363e-21,1.6306629287390315e-21,1.6308788024265473e-21,1.6310939305537967e-21,1.631308315688316e-21,1.6315219603873111e-21,1.6317348671992205e-21,1.6319470386633166e-21,1.6321584773095716e-21,1.6323691856589292e-21,1.6325791662229268e-21,1.6327884215041304e-21,1.632996953995412e-21,1.6332047661818004e-21,1.6334118605373635e-21,1.633618239531063e-21,1.633823905617304e-21,1.634028861248221e-21,1.6342331088611036e-21,1.6344366508880784e-21,1.6346394897495127e-21,1.634841627860205e-21,1.6350430676244018e-21,1.6352438114375882e-21,1.6354438616865697e-21,1.635643220751588e-21,1.6358418910010714e-21,1.6360398747991573e-21,1.6362371744947325e-21,1.6364337924338521e-21,1.6366297309525646e-21,1.6368249923779553e-21,1.6370195790301109e-21,1.6372134932187927e-21,1.6374067372471676e-21,1.6375993134095267e-21,1.6377912239914878e-21,1.6379824712706004e-21,1.638173057516489e-21,1.6383629849899113e-21,1.638552255944575e-21,1.6387408726264442e-21,1.6389288372732633e-21,1.6391161521116245e-21,1.6393028193624096e-21,1.6394888412401626e-21,1.6396742199551166e-21,1.6398589576948422e-21,1.6400430566533937e-21,1.6402265190091392e-21,1.6404093469376145e-21,1.6405915426020102e-21,1.6407731081673817e-21,1.6409540457804753e-21,1.6411343575836686e-21,1.641314045712274e-21,1.6414931122941716e-21,1.6416715594507833e-21,1.6418493892899426e-21,1.6420266039176772e-21,1.6422032054312694e-21,1.642379195916851e-21,1.6425545774600588e-21,1.6427293521365843e-21,1.6429035220120792e-21,1.643077089147693e-21,1.6432500555984675e-21,1.6434224234091898e-21,1.6435941946243388e-21,1.6437653712672362e-21,1.6439359553671182e-21,1.644105948933327e-21,1.6442753539750368e-21,1.6444441724956482e-21,1.6446124064900526e-21,1.644780057945994e-21,1.6449471288440998e-21,1.6451136211585917e-21,1.6452795368563344e-21,1.6454448778954634e-21,1.645609646229326e-21,1.645773843806382e-21,1.6459374725626291e-21,1.6461005344316567e-21,1.646263031333019e-21,1.6464249651966636e-21,1.6465863379248785e-21,1.646747151425679e-21,1.6469074076017722e-21,1.647067108340438e-21,1.647226255526318e-21,1.6473848510375152e-21,1.6475428967460636e-21,1.647700394509799e-21,1.647857346199618e-21,1.6480137536607787e-21,1.6481696187383758e-21,1.6483249432709936e-21,1.648479729090724e-21,1.6486339780231589e-21,1.6487876918874648e-21,1.6489408724964114e-21,1.64909352165636e-21,1.6492456411672944e-21,1.6493972328236951e-21,1.6495482984119268e-21,1.6496988397134347e-21,1.6498488585031631e-21,1.6499983565485907e-21,1.6501473356132545e-21,1.6502957974522604e-21,1.6504437438142715e-21,1.6505911764445236e-21,1.6507380970827512e-21,1.6508845074584013e-21,1.651030409294491e-21,1.6511758043129564e-21,1.651320694226653e-21,1.6514650807436962e-21,1.6516089655646661e-21,1.6517523503803513e-21,1.6518952368887485e-21,1.6520376267694416e-21,1.6521795216994764e-21,1.6523209233510466e-21,1.6524618333898945e-21,1.652602253476506e-21,1.6527421852643945e-21,1.6528816304011418e-21,1.6530205905307367e-21,1.6531590672893567e-21,1.6532970623073287e-21,1.6534345772115193e-21,1.6535716136201039e-21,1.6537081731486873e-21,1.6538442574047774e-21,1.653979867990993e-21,1.6541150065041653e-21,1.6542496745363992e-21,1.6543838736737454e-21,1.6545176054966792e-21,1.654650871580654e-21,1.6547836734938962e-21,1.6549160128009999e-21,1.655047891061018e-21,1.6551793098259892e-21,1.655310270647663e-21,1.6554407750624871e-21,1.6555708246089296e-21,1.6557004208194703e-21,1.6558295652201036e-21,1.6559582593302171e-21,1.6560865046684163e-21,1.6562143027413686e-21,1.6563416550583485e-21,1.656468563121137e-21,1.656595028416161e-21,1.6567210524372813e-21,1.6568466366681955e-21,1.6569717825873872e-21,1.657096491669591e-21,1.6572207653832843e-21,1.6573446051930026e-21,1.657468012555974e-21,1.6575909889259655e-21,1.6577135357518153e-21,1.6578356544770726e-21,1.657957346539729e-21,1.6580786133740798e-21,1.6581994564075886e-21,1.658319877064046e-21,1.6584398767621522e-21,1.6585594569157051e-21,1.6586786189327336e-21,1.6587973642204275e-21,1.6589156941717164e-21,1.659033610184796e-21,1.6591511136481052e-21,1.6592682059477393e-21,1.6593848884600294e-21,1.6595011625619301e-21,1.6596170296230085e-21,1.6597324910093344e-21,1.6598475480810915e-21,1.6599622021947353e-21,1.6600764547016644e-21,1.6601903069478057e-21,1.6603037602751426e-21,1.6604168160193321e-21,1.6605294755166254e-21,1.6606417400941438e-21,1.6607536110729814e-21,1.6608650897745203e-21,1.6609761775138116e-21,1.6610868755995105e-21,1.6611971853365863e-21,1.6613071080265803e-21,1.6614166449683496e-21,1.661525797448305e-21,1.6616345667599712e-21,1.6617429541756436e-21,1.66185096098377e-21,1.661958588455588e-21,1.6620658378610171e-21,1.662172710465156e-21,1.6622792075271648e-21,1.6623853303075603e-21,1.6624910800567854e-21,1.6625964580228632e-21,1.6627014654495034e-21,1.6628061035761172e-21,1.662910373637932e-21,1.6630142768639094e-21,1.663117814483089e-21,1.6632209877196695e-21,1.663323797789201e-21,1.6634262459139127e-21,1.6635283332881482e-21,1.6636300611260287e-21,1.6637314306298518e-21,1.663832442994767e-21,1.6639330994182072e-21,1.664033401083703e-21,1.6641333491833796e-21,1.6642329448939255e-21,1.6643321893889932e-21,1.664431083845405e-21,1.6645296294320626e-21,1.6646278273131956e-21,1.6647256786511921e-21,1.6648231846032169e-21,1.6649203463191312e-21,1.6650171649517227e-21,1.6651136416452703e-21,1.6652097775408106e-21,1.6653055737743486e-21,1.6654010314800822e-21,1.665496151787319e-21,1.6655909358223019e-21,1.6656853847084144e-21,1.665779499560057e-21,1.6658732814929894e-21,1.665966731617568e-21,1.666059851035668e-21,1.6661526408543401e-21,1.6662451021770374e-21,1.6663372360954296e-21,1.666429043699511e-21,1.6665205260784299e-21,1.6666116843152598e-21,1.6667025194964271e-21,1.6667930326815731e-21,1.6668832249604647e-21,1.6669730973954546e-21,1.6670626510531102e-21,1.6671518869962141e-21,1.667240806281851e-21,1.667329409963734e-21,1.6674176990959274e-21,1.6675056747282985e-21,1.6675933379005178e-21,1.66768068965045e-21,1.6677677310124988e-21,1.6678544630311714e-21,1.6679408867319936e-21,1.6680270031376345e-21,1.6681128132732367e-21,1.6681983181576266e-21,1.6682835188069172e-21,1.668368416233921e-21,1.6684530114460522e-21,1.6685373054496084e-21,1.668621299246545e-21,1.668704993835219e-21,1.66878839021152e-21,1.6688714893662114e-21,1.6689542922889122e-21,1.6690367999641877e-21,1.669119013376325e-21,1.6692009334945193e-21,1.669282561304626e-21,1.6693638977742701e-21,1.669444943871003e-21,1.6695257005612674e-21,1.6696061688066216e-21,1.6696863495652517e-21,1.6697662437978234e-21,1.6698458524461072e-21,1.6699251764640544e-21,1.6700042167973478e-21,1.6700829743883198e-21,1.6701614501755357e-21,1.6702396450964589e-21,1.6703175600831556e-21,1.6703951960646216e-21,1.6704725539684366e-21,1.6705496347171717e-21,1.6706264392314514e-21,1.6707029684285907e-21,1.6707792232223057e-21,1.6708552045239906e-21,1.6709309132400575e-21,1.6710063502751793e-21,1.671081516538952e-21,1.6711564129160425e-21,1.671231040309575e-21,1.6713053996096047e-21,1.6713794917092073e-21,1.6714533174929605e-21,1.6715268778443453e-21,1.6716001736438877e-21,1.6716732057690085e-21,1.6717459750943357e-21,1.6718184824914987e-21,1.6718907288285947e-21,1.6719627149718156e-21,1.6720344417834385e-21,1.672105910123452e-21,1.6721771208497526e-21,1.6722480748143519e-21,1.672318772869701e-21,1.6723892158632501e-21,1.6724594046437119e-21,1.6725293400477062e-21,1.672599022917759e-21,1.6726684540891267e-21,1.6727376343989102e-21,1.672806564677906e-21,1.6728752457520097e-21,1.67294367844951e-21,1.6730118635901358e-21,1.6730798019979747e-21,1.6731474944875984e-21,1.6732149418718717e-21,1.6732821449652607e-21,1.6733491045734084e-21,1.673415821504492e-21,1.6734822965619739e-21,1.6735485305450781e-21,1.67361452425526e-21,1.6736802784864052e-21,1.6737457940311386e-21,1.6738110716790609e-21,1.673876112217757e-21,1.6739409164332261e-21,1.6740054851050715e-21,1.674069819013859e-21,1.6741339189385303e-21,1.674197785648787e-21,1.6742614199184224e-21,1.6743248225153074e-21,1.6743879942079856e-21,1.6744509357591305e-21,1.6745136479301063e-21,1.6745761314791853e-21,1.6746383871624845e-21,1.6747004157339607e-21,1.674762217944247e-21,1.6748237945356473e-21,1.674885146266523e-21,1.6749462738740586e-21,1.6750071780991646e-21,1.6750678596802324e-21,1.6751283193525266e-21,1.6751885578508982e-21,1.6752485759056388e-21,1.6753083742451743e-21,1.675367953595756e-21,1.6754273146807994e-21,1.6754864582218225e-21,1.6755453849373371e-21,1.6756040955437287e-21,1.67566259075458e-21,1.6757208712821457e-21,1.6757789378352338e-21,1.6758367911206509e-21,1.6758944318425626e-21,1.6759518607047061e-21,1.6760090784039458e-21,1.6760660856387422e-21,1.676122883104461e-21,1.6761794714934306e-21,1.676235851495936e-21,1.6762920237997839e-21,1.6763479890908197e-21,1.6764037480524053e-21,1.6764593013656308e-21,1.6765146497093738e-21,1.6765697937600443e-21,1.6766247341917852e-21,1.6766794716765089e-21,1.676734006883764e-21,1.6767883404816666e-21,1.6768424731350873e-21,1.6768964055071588e-21,1.6769501382585705e-21,1.6770036720477452e-21,1.6770570075309075e-21,1.6771101453625214e-21,1.6771630861943643e-21,1.6772158306761843e-21,1.677268379451772e-21,1.6773207331737144e-21,1.6773728924823235e-21,1.6774248580180897e-21,1.677476630420132e-21,1.677528210325149e-21,1.6775795983678744e-21,1.677630795180884e-21,1.6776818013946644e-21,1.6777326176373518e-21,1.6777832445351875e-21,1.6778336827120877e-21,1.6778839327900198e-21,1.6779339953894681e-21,1.6779838711275535e-21,1.6780335606204132e-21,1.6780830644817912e-21,1.6781323833234478e-21,1.6781815177549962e-21,1.6782304683838182e-21,1.6782792358149805e-21,1.678327820653042e-21,1.678376223498827e-21,1.6784244449521036e-21,1.6784724856102864e-21,1.6785203460683906e-21,1.6785680269204876e-21,1.6786155287574652e-21,1.6786628521693029e-21,1.6787099977438273e-21,1.6787569660661221e-21,1.6788037577199704e-21,1.6788503732872147e-21,1.6788968133473756e-21,1.678943078478303e-21,1.6789891692559972e-21,1.679035086254135e-21,1.6790808300445813e-21,1.6791264011979132e-21,1.6791718002821157e-21,1.6792170278634377e-21,1.6792620845062935e-21,1.6793069707732409e-21,1.679351687224891e-21,1.6793962344200046e-21,1.6794406129154998e-21,1.6794848232664568e-21,1.6795288660260045e-21,1.6795727417452793e-21,1.6796164509743188e-21,1.679659994260434e-21,1.6797033721495302e-21,1.6797465851853513e-21,1.6797896339106183e-21,1.6798325188654812e-21,1.679875240588485e-21,1.6799177996164761e-21,1.6799601964844307e-21,1.6800024317252966e-21,1.6800445058707832e-21,1.6800864194508298e-21,1.6801281729933144e-21,1.6801697670237714e-21,1.6802112020670755e-21,1.6802524786456827e-21,1.6802935972804766e-21,1.6803345584906961e-21,1.6803753627939214e-21,1.6804160107054374e-21,1.6804565027397493e-21,1.6804968394082947e-21,1.6805370212224537e-21,1.6805770486907042e-21,1.6806169223200515e-21,1.6806566426164149e-21,1.6806962100833933e-21,1.680735625223147e-21,1.680774888535723e-21,1.6808140005193775e-21,1.6808529616730855e-21,1.6808917724909598e-21,1.6809304334672296e-21,1.6809689450939228e-21,1.6810073078614944e-21,1.6810455222592114e-21,1.6810835887738336e-21,1.6811215078912277e-21,1.681159280095325e-21,1.6811969058687657e-21,1.6812343856923117e-21,1.6812717200448382e-21,1.6813089094041314e-21,1.6813459542465284e-21,1.681382855046074e-21,1.6814196122756392e-21,1.6814562264068692e-21,1.6814926979092144e-21,1.6815290272514133e-21,1.6815652148994408e-21,1.6816012613192577e-21,1.6816371669722906e-21,1.6816729323215849e-21,1.6817085578277247e-21,1.6817440439497314e-21,1.6817793911444469e-21,1.6818145998683014e-21,1.681849670575429e-21,1.6818846037185162e-21,1.6819193997492686e-21,1.6819540591173312e-21,1.6819885822709354e-21,1.6820229696568907e-21,1.6820572217206671e-21,1.6820913389059873e-21,1.6821253216552935e-21,1.6821591704096304e-21,1.6821928856082606e-21,1.6822264676892078e-21,1.6822599170890952e-21,1.6822932342430862e-21,1.6823264195846118e-21,1.68235947354613e-21,1.6823923965583613e-21,1.68242518905058e-21,1.6824578514507125e-21,1.6824903841852222e-21,1.682522787679277e-21,1.682555062356575e-21,1.6825872086393456e-21,1.6826192269484754e-21,1.6826511177032917e-21,1.6826828813221332e-21,1.6827145182212568e-21,1.6827460288155091e-21,1.6827774135205009e-21,1.6828086727466162e-21,1.6828398069075003e-21,1.6828708164117838e-21,1.6829017016679042e-21,1.682932463083279e-21,1.6829631010627692e-21,1.6829936160113874e-21,1.6830240083329098e-21,1.6830542784280914e-21,1.6830844266973692e-21,1.6831144535407519e-21,1.6831443593553778e-21,1.6831741445368027e-21,1.6832038094814717e-21,1.6832333545822108e-21,1.6832627802326664e-21,1.6832920868234586e-21,1.6833212747437814e-21,1.6833503443833152e-21,1.6833792961295437e-21,1.68340813036787e-21,1.683436847483373e-21,1.6834654478596114e-21,1.6834939318786166e-21,1.6835222999207031e-21,1.6835505523667982e-21,1.6835786895949362e-21,1.6836067119821495e-21,1.6836346199045603e-21,1.6836624137364508e-21,1.6836900938513934e-21,1.683717660621723e-21,1.683745114416968e-21,1.6837724556098164e-21,1.683799684567039e-21,1.6838268016549703e-21,1.6838538072419833e-21,1.6838807016920745e-21,1.683907485369025e-21,1.6839341586348743e-21,1.6839607218500185e-21,1.683987175376568e-21,1.6840135195725862e-21,1.6840397547954931e-21,1.6840658814019682e-21,1.684091899746284e-21,1.6841178101842558e-21,1.6841436130687529e-21,1.6841693087510334e-21,1.6841948975818089e-21,1.6842203799106362e-21,1.684245756085883e-21,1.6842710264546444e-21,1.6842961913630573e-21,1.6843212511559955e-21,1.6843462061771917e-21,1.6843710567693046e-21,1.6843958032738317e-21,1.684420446031123e-21,1.6844449853804235e-21,1.684469421661844e-21,1.684493755208189e-21,1.6845179863578235e-21,1.6845421154451905e-21,1.6845661428040489e-21,1.6845900687669396e-21,1.6846138936643022e-21,1.684637617828373e-21,1.6846612415876327e-21,1.6846847652702614e-21,1.684708189203515e-21,1.6847315137131819e-21,1.684754739122888e-21,1.684777865759365e-21,1.6848008939438796e-21,1.6848238239984298e-21,1.6848466562435334e-21,1.6848693909986657e-21,1.6848920285827638e-21,1.6849145693132643e-21,1.684937013506212e-21,1.6849593614774704e-21,1.6849816135411216e-21,1.6850037700107691e-21,1.6850258311985983e-21,1.6850477974161218e-21,1.6850696689731334e-21,1.6850914461794726e-21,1.6851131293428062e-21,1.685134718770692e-21,1.6851562147688177e-21,1.6851776176426997e-21,1.6851989276942607e-21,1.6852201452310245e-21,1.6852412705527549e-21,1.6852623039610391e-21,1.6852832457558714e-21,1.6853040962363351e-21,1.6853248557006086e-21,1.6853455244459618e-21,1.6853661027687973e-21,1.6853865909641006e-21,1.6854069893258235e-21,1.6854272981480569e-21,1.6854475177227318e-21,1.685467648341225e-21,1.6854876902939612e-21,1.6855076438704252e-21,1.6855275093591897e-21,1.68554728704753e-21,1.6855669772207417e-21,1.685586580169187e-21,1.685606096172811e-21,1.6856255255168379e-21,1.6856448684844712e-21,1.6856641253571871e-21,1.685683296413412e-21,1.6857023819385787e-21,1.6857213822092996e-21,1.6857402975035911e-21,1.6857591280990083e-21,1.6857778742715761e-21,1.6857965362969942e-21,1.6858151144498137e-21,1.6858336090036816e-21,1.685852020231316e-21,1.6858703484045866e-21,1.6858885937944083e-21,1.6859067566710021e-21,1.6859248373034333e-21,1.6859428359600231e-21,1.6859607529081718e-21,1.685978588414383e-21,1.6859963427442957e-21,1.6860140161627493e-21,1.6860316089337212e-21,1.6860491213202604e-21,1.68606655358445e-21,1.6860839059876142e-21,1.6861011787901713e-21,1.6861183722517823e-21,1.6861354866311362e-21,1.686152522186139e-21,1.6861694791740104e-21,1.6861863578505481e-21,1.6862031584713e-21,1.686219881290788e-21,1.6862365265626857e-21,1.6862530945398129e-21,1.6862695854741725e-21,1.6862859996169845e-21,1.6863023372185033e-21,1.686318598528307e-21,1.686334783795154e-21,1.6863508932669063e-21,1.6863669271905497e-21,1.6863828858124605e-21,1.686398769378039e-21,1.68641457813194e-21,1.6864303123178854e-21,1.6864459721792175e-21,1.6864615579578092e-21,1.6864770698952503e-21,1.6864925082323757e-21,1.6865078732086114e-21,1.6865231650633157e-21,1.6865383840349228e-21,1.6865535303621275e-21,1.6865686042787968e-21,1.6865836060226527e-21,1.6865985358280927e-21,1.6866133939298014e-21,1.6866281805616613e-21,1.686642895956447e-21,1.6866575403461789e-21,1.6866721139619419e-21,1.6866866170346156e-21,1.6867010497941644e-21,1.6867154124693945e-21,1.6867297052884818e-21,1.6867439284791528e-21,1.6867580822680027e-21,1.6867721668812123e-21,1.6867861825442326e-21,1.6868001294813743e-21,1.6868140079170654e-21,1.6868278180734542e-21,1.6868415601738284e-21,1.6868552344388291e-21,1.6868688410901281e-21,1.6868823803476132e-21,1.6868958524307033e-21,1.6869092575565021e-21,1.6869225959467882e-21,1.6869358678155893e-21,1.6869490733799275e-21,1.6869622128583965e-21,1.6869752864643112e-21,1.6869882944120084e-21,1.6870012369153226e-21,1.6870141141873094e-21,1.6870269264393076e-21,1.687039673885064e-21,1.6870523567336056e-21,1.687064975195035e-21,1.6870775294819391e-21,1.6870900198013406e-21,1.6871024463597994e-21,1.6871148093679885e-21,1.6871271090311477e-21,1.687139345554578e-21,1.6871515191441578e-21,1.6871636300054958e-21,1.6871756783422896e-21,1.6871876643606764e-21,1.687199588259986e-21,1.6872114502431e-21,1.687223250510314e-21,1.687234989265268e-21,1.6872466667051779e-21,1.6872582830313348e-21,1.6872698384433687e-21,1.6872813331368311e-21,1.687292767310949e-21,1.687304141164081e-21,1.687315454889409e-21,1.6873267086855045e-21,1.6873379027446433e-21,1.687349037263399e-21,1.68736011243413e-21,1.6873711284504899e-21,1.6873820855042442e-21,1.6873929837878074e-21,1.6874038234920622e-21,1.687414604807585e-21,1.6874253279242475e-21,1.687435993031219e-21,1.6874466003172523e-21,1.6874571499704244e-21,1.6874676421781036e-21,1.6874780771274003e-21,1.6874884550039422e-21,1.6874987759929894e-21,1.6875090402808217e-21,1.6875192480512385e-21,1.6875293994878837e-21,1.6875394947739733e-21,1.6875495340920999e-21,1.6875595176242186e-21,1.6875694455517336e-21,1.687579318055288e-21,1.6875891353153213e-21,1.6875988975111744e-21,1.6876086048219118e-21,1.6876182574260732e-21,1.6876278555016633e-21,1.6876373992254133e-21,1.6876468887743798e-21,1.687656324324917e-21,1.6876657060518787e-21,1.6876750341304626e-21,1.6876843087347944e-21,1.6876935300392844e-21,1.6877026982169896e-21,1.6877118134402811e-21,1.6877208758819886e-21,1.6877298857131773e-21,1.6877388431046508e-21,1.687747748226471e-21,1.6877566012488748e-21,1.6877654023412668e-21,1.6877741516723318e-21,1.6877828494095569e-21,1.6877914957219562e-21,1.687800090775947e-21,1.6878086347380345e-21,1.6878171277743263e-21,1.6878255700502327e-21,1.6878339617300664e-21,1.687842302979368e-21,1.6878505939614519e-21,1.6878588348385945e-21,1.6878670257748195e-21,1.6878751669327343e-21,1.6878832584732782e-21,1.6878913005579386e-21,1.6878992933470296e-21,1.6879072370008025e-21,1.6879151316789962e-21,1.687922977540435e-21,1.6879307747438803e-21,1.6879385234470635e-21,1.6879462238078197e-21,1.6879538759829827e-21,1.6879614801290395e-21,1.6879690364020742e-21,1.6879765449572843e-21,1.6879840059500026e-21,1.6879914195344048e-21,1.6879987858646371e-21,1.6880061050939132e-21,1.6880133773754737e-21,1.6880206028613982e-21,1.6880277817040367e-21,1.6880349140544133e-21,1.6880420000636172e-21,1.6880490398820616e-21,1.6880560336596691e-21,1.688062981546281e-21,1.6880698836906466e-21,1.6880767402410566e-21,1.6880835513460931e-21,1.6880903171526624e-21,1.6880970378080126e-21,1.6881037134585388e-21,1.688110344250781e-21,1.6881169303301323e-21,1.688123471841578e-21,1.6881299689299434e-21,1.6881364217393384e-21,1.6881428304134274e-21,1.6881491950955454e-21,1.6881555159284137e-21,1.688161793054388e-21,1.6881680266151904e-21,1.6881742167522888e-21,1.6881803636064214e-21,1.6881864673184177e-21,1.688192528028152e-21,1.68819854587487e-21,1.6882045209979214e-21,1.6882104535359309e-21,1.6882163436269655e-21,1.688222191408766e-21,1.6882279970183876e-21,1.6882337605931468e-21,1.6882394822691504e-21,1.688245162182279e-21,1.688250800468316e-21,1.6882563972619283e-21,1.6882619526979116e-21,1.6882674669103669e-21,1.6882729400332574e-21,1.6882783721994333e-21,1.6882837635419688e-21,1.6882891141933003e-21,1.688294424285429e-21,1.6882996939497966e-21,1.6883049233177576e-21,1.6883101125196356e-21,1.6883152616860628e-21,1.6883203709465512e-21,1.6883254404313064e-21,1.688330470268482e-21,1.6883354605869753e-21,1.6883404115146588e-21,1.6883453231796056e-21,1.6883501957089191e-21,1.6883550292296071e-21,1.6883598238679697e-21,1.6883645797504832e-21,1.6883692970026283e-21,1.688373975749692e-21,1.688378616116419e-21,1.6883832182271514e-21,1.688387782206377e-21,1.6883923081777864e-21,1.6883967962637319e-21,1.6884012465874726e-21,1.6884056592715115e-21,1.6884100344380848e-21,1.68841437220844e-21,1.688418672703984e-21,1.6884229360459962e-21,1.6884271623538769e-21,1.6884313517482696e-21,1.6884355043488135e-21,1.6884396202747208e-21,1.6884436996449563e-21,1.6884477425778597e-21,1.6884517491915544e-21,1.6884557196039953e-21,1.6884596539321431e-21,1.688463552293234e-21,1.6884674148036302e-21,1.6884712415796083e-21,1.68847503273698e-21,1.688478788391105e-21,1.6884825086570926e-21,1.688486193649732e-21,1.688489843482766e-21,1.6884934582710127e-21,1.6884970381273687e-21,1.6885005831652625e-21,1.6885040934974986e-21,1.6885075692366061e-21,1.6885110104944315e-21,1.6885144173828228e-21,1.6885177900131037e-21,1.688521128496278e-21,1.688524432942956e-21,1.6885277034634352e-21,1.6885309401676383e-21,1.6885341431650885e-21,1.6885373125649043e-21,1.6885404484760726e-21,1.68854355100698e-21,1.6885466202657022e-21,1.688549656360271e-21,1.6885526593976942e-21,1.6885556294853227e-21,1.6885585667298484e-21,1.6885614712375233e-21,1.6885643431144552e-21,1.6885671824662945e-21,1.6885699893984576e-21,1.688572764015866e-21,1.688575506423201e-21,1.688578216724741e-21,1.6885808950244906e-21,1.688583541426118e-21,1.68858615603281e-21,1.6885887389475978e-21,1.6885912902731507e-21,1.6885938101116674e-21,1.6885962985650088e-21,1.688598755735065e-21,1.6886011817229093e-21,1.6886035766296852e-21,1.688605940555918e-21,1.6886082736017837e-21,1.6886105758673596e-21,1.6886128474523877e-21,1.6886150884561175e-21,1.6886172989774694e-21,1.6886194791153093e-21,1.6886216289678398e-21,1.6886237486329905e-21,1.6886258382087356e-21,1.6886278977924104e-21,1.6886299274810634e-21,1.6886319273714362e-21,1.6886338975599812e-21,1.6886358381430049e-21,1.6886377492160665e-21,1.688639630874792e-21,1.6886414832143947e-21,1.6886433063297255e-21,1.6886451003153952e-21,1.688646865265677e-21,1.6886486012745354e-21,1.6886503084355977e-21,1.6886519868422851e-21,1.6886536365875968e-21,1.6886552577643126e-21,1.6886568504648088e-21,1.6886584147813167e-21,1.6886599508056404e-21,1.6886614586294726e-21,1.6886629383437656e-21,1.688664390039603e-21,1.68866581380771e-21,1.6886672097383743e-21,1.6886685779216072e-21,1.6886699184472997e-21,1.6886712314049159e-21,1.6886725168835502e-21,1.6886737749721873e-21,1.6886750057593936e-21,1.6886762093335145e-21,1.6886773857826772e-21,1.688678535194407e-21,1.6886796576562866e-21,1.6886807532554941e-21,1.6886818220788399e-21,1.688682864213038e-21,1.6886838797443459e-21,1.6886848687588817e-21,1.6886858313423668e-21,1.688686767580266e-21,1.6886876775578158e-21,1.6886885613599127e-21,1.6886894190712654e-21,1.688690250776253e-21,1.6886910565589311e-21,1.6886918365031303e-21,1.6886925906924917e-21,1.6886933192102257e-21,1.6886940221393454e-21,1.6886946995627281e-21,1.6886953515625942e-21,1.6886959782213464e-21,1.6886965796208302e-21,1.6886971558427759e-21,1.6886977069685634e-21,1.6886982330793651e-21,1.6886987342560383e-21,1.6886992105791954e-21,1.688699662129209e-21,1.6887000889861242e-21,1.6887004912298576e-21,1.688700868939905e-21,1.6887012221955817e-21,1.6887015510760245e-21,1.688701855659911e-21,1.6887021360258771e-21,1.6887023922521719e-21,1.688702624416833e-21,1.6887028325975974e-21,1.6887030168720402e-21,1.6887031773174801e-21,1.6887033140108479e-21,1.6887034270289198e-21,1.6887035164482746e-21,1.6887035823451428e-21,1.6887036247955698e-21,1.6887036438753048e-21,1.6887036396599388e-21,1.688703612224673e-21,1.6887035616445855e-21,1.6887034879945134e-21,1.6887033913489844e-21,1.6887032717822682e-21,1.6887031293684646e-21,1.6887029641814072e-21,1.6887027762946882e-21,1.6887025657816414e-21,1.6887023327154156e-21,1.6887020771688206e-21,1.6887017992145182e-21,1.6887014989249458e-21,1.6887011763722403e-21,1.6887008316283063e-21,1.6887004647648825e-21,1.6887000758534e-21,1.688699664965108e-21,1.6886992321710057e-21,1.6886987775418594e-21,1.6886983011482046e-21,1.6886978030603494e-21,1.6886972833483786e-21,1.6886967420821541e-21,1.6886961793313088e-21,1.6886955951652168e-21,1.6886949896530484e-21,1.6886943628637785e-21,1.6886937148660424e-21,1.6886930457285345e-21,1.6886923555194076e-21,1.6886916443067834e-21,1.6886909121584164e-21,1.6886901591419979e-21,1.6886893853248984e-21,1.688688590774121e-21,1.6886877755568866e-21,1.6886869397398637e-21,1.6886860833893774e-21,1.6886852065720815e-21,1.688684309353917e-21,1.6886833918007908e-21,1.688682453978262e-21,1.6886814959518591e-21,1.6886805177868574e-21,1.6886795195482451e-21,1.6886785013006598e-21,1.6886774631090372e-21,1.6886764050376565e-21,1.688675327150608e-21,1.6886742295117918e-21,1.6886731121852641e-21,1.6886719752344644e-21,1.68867081872258e-21,1.6886696427129329e-21,1.6886684472685465e-21,1.6886672324520637e-21,1.6886659983260161e-21,1.6886647449527261e-21,1.6886634723943105e-21,1.6886621807127693e-21,1.6886608699698128e-21,1.6886595402269346e-21,1.6886581915454415e-21,1.6886568239865974e-21,1.6886554376111297e-21,1.688654032479974e-21,1.6886526086534177e-21,1.6886511661922304e-21,1.6886497051562424e-21,1.6886482256054148e-21,1.6886467275995493e-21,1.6886452111981984e-21,1.6886436764607597e-21,1.6886421234463323e-21,1.6886405522140225e-21,1.6886389628224774e-21,1.6886373553304157e-21,1.688635729796172e-21,1.6886340862779636e-21,1.688632424833905e-21,1.6886307455218212e-21,1.6886290483993088e-21,1.688627333523646e-21,1.6886256009523471e-21,1.68862385074276e-21,1.688622082951605e-21,1.6886202976354197e-21,1.6886184948509573e-21,1.6886166746544126e-21,1.6886148371020475e-21,1.688612982249866e-21,1.6886111101536367e-21,1.6886092208690455e-21,1.6886073144515788e-21,1.6886053909563542e-21,1.6886034504385684e-21,1.688601492953023e-21,1.6885995185547307e-21,1.6885975272977485e-21,1.688595519237071e-21,1.688593494426624e-21,1.6885914529203583e-21,1.688589394772143e-21,1.6885873200357502e-21,1.6885852287646392e-21,1.6885831210121286e-21,1.6885809968313508e-21,1.6885788562754055e-21,1.6885766993970343e-21,1.6885745262484671e-21,1.6885723368829405e-21,1.6885701313530663e-21,1.6885679097096418e-21,1.6885656720052172e-21,1.6885634182919103e-21,1.6885611486209334e-21,1.6885588630439582e-21,1.6885565616121466e-21,1.6885542443767547e-21,1.6885519113887308e-21,1.6885495626988586e-21,1.688547198357574e-21,1.6885448184156677e-21,1.6885424229233357e-21,1.6885400119305945e-21,1.6885375854875789e-21,1.6885351436439895e-21,1.688532686449349e-21,1.6885302139530802e-21,1.6885277262052243e-21,1.6885252232544226e-21,1.6885227051494016e-21,1.6885201719396885e-21,1.6885176236735956e-21,1.6885150603998203e-21,1.6885124821667648e-21,1.68850988902236e-21,1.688507281014862e-21,1.6885046581920881e-21,1.6885020206019726e-21,1.6884993682919427e-21,1.6884967013095683e-21,1.6884940197020713e-21,1.6884913235167159e-21,1.6884886128006817e-21,1.6884858876002137e-21,1.6884831479622048e-21,1.688480393933322e-21,1.688477625559872e-21,1.6884748428880997e-21,1.6884720459641324e-21,1.6884692348339985e-21,1.6884664095432395e-21,1.6884635701375646e-21,1.6884607166625144e-21,1.6884578491633825e-21,1.6884549676854535e-21,1.6884520722737217e-21,1.6884491629730829e-21,1.6884462398282915e-21,1.6884433028839438e-21,1.688440352184564e-21,1.688437387774389e-21,1.6884344096976422e-21,1.688431417998377e-21,1.6884284127204942e-21,1.6884253939076387e-21,1.688422361603519e-21,1.6884193158516347e-21,1.6884162566953202e-21,1.6884131841776122e-21,1.6884100983416401e-21,1.6884069992303264e-21,1.688403886886375e-21,1.688400761352552e-21,1.6883976226713164e-21,1.6883944708849277e-21,1.6883913060357318e-21,1.6883881281655916e-21,1.6883849373166684e-21,1.68838173353071e-21,1.6883785168493846e-21,1.6883752873141716e-21,1.6883720449666009e-21,1.688368789847737e-21,1.6883655219988602e-21,1.6883622414609532e-21,1.6883589482755135e-21,1.688355642481724e-21,1.6883523241219225e-21,1.6883489932353718e-21,1.6883456498620357e-21,1.688342294043751e-21,1.688338925819694e-21,1.6883355452298798e-21,1.6883321523139076e-21,1.688328747112034e-21,1.6883253296632779e-21,1.6883219000074518e-21,1.6883184581835967e-21,1.6883150042311244e-21,1.6883115381890396e-21,1.6883080600960458e-21,1.6883045699912529e-21,1.6883010679131026e-21,1.6882975539003453e-21,1.6882940279912868e-21,1.6882904902242865e-21,1.6882869406377689e-21,1.6882833792691846e-21,1.6882798061568724e-21,1.6882762213385422e-21,1.68827262485189e-21,1.6882690167345619e-21,1.6882653970241717e-21,1.6882617657575928e-21,1.688258122972353e-21,1.688254468705401e-21,1.6882508029938509e-21,1.6882471258741376e-21,1.688243437383567e-21,1.6882397375582246e-21,1.6882360264350161e-21,1.6882323040500546e-21,1.688228570439747e-21,1.6882248256402099e-21,1.6882210696873616e-21,1.6882173026171274e-21,1.688213524465297e-21,1.6882097352675505e-21,1.6882059350594686e-21,1.6882021238764493e-21,1.6881983017538597e-21,1.6881944687268544e-21,1.6881906248305338e-21,1.6881867701005945e-21,1.6881829045706493e-21,1.6881790282759526e-21,1.6881751412513365e-21,1.6881712435312601e-21,1.6881673351498818e-21,1.6881634161418448e-21,1.6881594865410394e-21,1.6881555463819165e-21,1.6881515956983236e-21,1.688147634523868e-21,1.688143662892797e-21,1.6881396808385123e-21,1.6881356883944803e-21,1.6881316855944278e-21,1.6881276724712078e-21,1.6881236490584493e-21,1.688119615389078e-21,1.6881155714959842e-21,1.6881115174120996e-21,1.6881074531699322e-21,1.688103378803098e-21,1.6880992943436988e-21,1.6880951998239757e-21,1.6880910952766168e-21,1.6880869807330931e-21,1.6880828562267318e-21,1.6880787217889349e-21,1.6880745774528022e-21,1.6880704232481727e-21,1.6880662592078498e-21,1.6880620853633537e-21,1.6880579017462336e-21,1.6880537083875873e-21,1.6880495053196857e-21,1.6880452925725419e-21,1.6880410701784593e-21,1.6880368381679594e-21,1.6880325965726344e-21,1.688028345422494e-21,1.6880240847479784e-21,1.6880198145798913e-21,1.688015534949614e-21,1.688011245886279e-21,1.688006947421257e-21,1.68800263958479e-21,1.6879983224066945e-21,1.6879939959177622e-21,1.6879896601461865e-21,1.687985315123033e-21,1.6879809608787738e-21,1.6879765974413042e-21,1.6879722248411412e-21,1.6879678431079348e-21,1.6879634522705183e-21,1.687959052358801e-21,1.6879546434016416e-21,1.6879502254280774e-21,1.6879457984672716e-21,1.6879413625481378e-21,1.6879369176991892e-21,1.687932463949345e-21,1.6879280013270209e-21,1.6879235298610548e-21,1.6879190495798221e-21,1.687914560511565e-21,1.6879100626846594e-21,1.68790555612718e-21,1.6879010408671944e-21,1.687896516932679e-21,1.6878919843515868e-21,1.6878874431516435e-21,1.6878828933609278e-21,1.6878783350065033e-21,1.6878737681160557e-21,1.687869192717192e-21,1.6878646088372229e-21,1.6878600165031505e-21,1.6878554157428735e-21,1.6878508065825574e-21,1.6878461890499242e-21,1.687841563171641e-21,1.6878369289749594e-21,1.6878322864856137e-21,1.687827635730848e-21,1.6878229767372438e-21,1.687818309531434e-21,1.68781363413954e-21,1.687808950587802e-21,1.6878042589029022e-21,1.6877995591104813e-21,1.6877948512369067e-21,1.6877901353081344e-21,1.6877854113503165e-21,1.6877806793886194e-21,1.6877759394492217e-21,1.687771191557155e-21,1.6877664357389579e-21,1.6877616720197278e-21,1.6877569004251387e-21,1.687752120980097e-21,1.6877473337095839e-21,1.6877425386390578e-21,1.687737735793869e-21,1.6877329251987571e-21,1.687728106878318e-21,1.6877232808575806e-21,1.687718447161767e-21,1.6877136058152394e-21,1.6877087568416774e-21,1.6877039002680516e-21,1.6876990361155106e-21,1.687694164410483e-21,1.6876892851767408e-21,1.6876843984385427e-21,1.687679504220513e-21,1.68767460254593e-21,1.6876696934390056e-21,1.6876647769239228e-21,1.6876598530243113e-21,1.687654921763445e-21,1.6876499831654952e-21,1.687645037253999e-21,1.6876400840516184e-21,1.6876351235830277e-21,1.6876301558710673e-21,1.6876251809390094e-21,1.6876201988099648e-21,1.6876152095070833e-21,1.687610213053915e-21,1.6876052094728485e-21,1.6876001987868792e-21,1.6875951810190104e-21,1.6875901561922706e-21,1.6875851243285793e-21,1.6875800854508623e-21,1.6875750395818075e-21,1.68756998674374e-21,1.6875649269592411e-21,1.6875598602504074e-21,1.6875547866403914e-21,1.687549706149772e-21,1.6875446188013345e-21,1.6875395246173202e-21,1.6875344236196106e-21,1.6875293158303867e-21,1.6875242012710127e-21,1.6875190799632936e-21,1.687513951929309e-21,1.6875088171900817e-21,1.687503675767458e-21,1.6874985276828988e-21,1.687493372957588e-21,1.687488211613366e-21,1.6874830436711567e-21,1.6874778691521934e-21,1.6874726880778426e-21,1.6874675004687847e-21,1.6874623063461587e-21,1.6874571057308964e-21,1.6874518986439008e-21,1.6874466851059233e-21,1.6874414651376235e-21,1.6874362387598055e-21,1.6874310059930322e-21,1.6874257668577498e-21,1.687420521374477e-21,1.6874152695635021e-21,1.687410011445292e-21,1.6874047470400405e-21,1.6873994763682143e-21,1.6873941994494003e-21,1.687388916303886e-21,1.6873836269518133e-21,1.6873783314130131e-21,1.6873730297073781e-21,1.6873677218547683e-21,1.6873624078747117e-21,1.6873570877872975e-21,1.6873517616124084e-21,1.687346429368509e-21,1.6873410910755423e-21,1.6873357467532091e-21,1.6873303964206514e-21,1.6873250400973734e-21,1.687319677802558e-21,1.6873143095553064e-21,1.6873089353748197e-21,1.6873035552801366e-21,1.6872981692900362e-21,1.687292777423583e-21,1.6872873796999258e-21,1.6872819761376316e-21,1.687276566756363e-21,1.6872711515730731e-21,1.6872657306073016e-21,1.6872603038775117e-21,1.6872548714022812e-21,1.6872494331999148e-21,1.6872439892891354e-21,1.6872385396881042e-21,1.6872330844150952e-21,1.6872276234883967e-21,1.6872221569267557e-21,1.6872166847468738e-21,1.6872112069675537e-21,1.687205723606641e-21,1.6872002346822616e-21,1.6871947402120705e-21,1.6871892402149972e-21,1.6871837347068262e-21,1.6871782237062922e-21,1.687172707231111e-21,1.6871671852986336e-21,1.6871616579264487e-21,1.6871561251321086e-21,1.6871505869330615e-21,1.68714504334643e-21,1.6871394943897186e-21,1.6871339400801715e-21,1.6871283804349262e-21,1.6871228154710425e-21,1.6871172452058299e-21,1.687111669656088e-21,1.6871060888388178e-21,1.687100502771027e-21,1.6870949114694842e-21,1.6870893149510743e-21,1.6870837132325294e-21,1.6870781063304936e-21,1.6870724942617322e-21,1.6870668770427228e-21,1.687061254690104e-21,1.687055627219931e-21,1.6870499946490795e-21,1.687044356994198e-21,1.687038714271403e-21,1.6870330664966513e-21,1.687027413686122e-21,1.687021755856524e-21,1.687016093023696e-21,1.68701042520374e-21,1.6870047524125562e-21,1.6869990746661658e-21,1.6869933919804788e-21,1.6869877043713873e-21,1.6869820118546804e-21,1.6869763144460876e-21,1.6869706121620505e-21,1.6869649050171592e-21,1.6869591930271273e-21,1.6869534762076115e-21,1.6869477545744727e-21,1.686942028143067e-21,1.6869362969285775e-21,1.686930560946521e-21,1.6869248202121566e-21,1.6869190747408344e-21,1.6869133245477193e-21,1.686907569648014e-21,1.6869018100568389e-21,1.6868960457891157e-21,1.6868902768604135e-21,1.6868845032848137e-21,1.6868787250781333e-21,1.6868729422542296e-21,1.6868671548286829e-21,1.6868613628164706e-21,1.6868555662314196e-21,1.6868497650889802e-21,1.6868439594039873e-21,1.6868381491898534e-21,1.6868323344617697e-21,1.6868265152364016e-21,1.6868206915241291e-21,1.6868148633412696e-21,1.686809030702205e-21,1.6868031936211294e-21,1.686797352112945e-21,1.6867915061907738e-21,1.6867856558696367e-21,1.6867798011634321e-21,1.6867739420863626e-21,1.6867680786521926e-21,1.686762210875124e-21,1.6867563387689594e-21,1.6867504623476334e-21,1.6867445816245263e-21,1.6867386966146274e-21,1.6867328073307899e-21,1.6867269137874824e-21,1.6867210159976723e-21,1.686715113974866e-21,1.6867092077330292e-21,1.6867032972863253e-21,1.6866973826475803e-21,1.6866914638300046e-21,1.6866855408487825e-21,1.6866796137147178e-21,1.686673682442056e-21,1.6866677470436887e-21,1.6866618075342465e-21,1.6866558639258362e-21,1.68664991623176e-21,1.6866439644654671e-21,1.686638008640041e-21,1.6866320487682529e-21,1.6866260848632536e-21,1.686620116937834e-21,1.6866141450051342e-21,1.6866081690779459e-21,1.6866021891690956e-21,1.686596205291199e-21,1.6865902174572706e-21,1.6865842256801756e-21,1.6865782299720794e-21,1.6865722303456842e-21,1.6865662268139206e-21,1.6865602193892987e-21,1.68655420808386e-21,1.6865481929104932e-21,1.6865421738821172e-21,1.6865361510098567e-21,1.6865301243065716e-21,1.686524093784804e-21,1.686518059456414e-21,1.6865120213343076e-21,1.6865059794300363e-21,1.686499933756194e-21,1.6864938843251883e-21,1.6864878311481513e-21,1.6864817742376058e-21,1.6864757136052773e-21,1.6864696492635035e-21,1.6864635812241407e-21,1.686457509499591e-21,1.6864514341004387e-21,1.6864453550390896e-21,1.68643927232863e-21,1.6864331859785447e-21,1.6864270960010926e-21,1.6864210024085058e-21,1.6864149052120266e-21,1.6864088044235556e-21,1.686402700053756e-21,1.6863965921165953e-21,1.6863904806201351e-21,1.6863843655781207e-21,1.686378247001294e-21,1.6863721249009428e-21,1.6863659992885707e-21,1.6863598701740361e-21,1.6863537375717737e-21,1.6863476014904044e-21,1.6863414619421613e-21,1.6863353189377449e-21,1.6863291724890098e-21,1.6863230226043744e-21,1.686316869298271e-21,1.6863107125803184e-21,1.6863045524597357e-21,1.6862983889510128e-21,1.6862922220631138e-21,1.6862860518084688e-21,1.6862798781950721e-21,1.6862737012350554e-21,1.6862675209391993e-21,1.6862613373179414e-21,1.6862551503830278e-21,1.6862489601439747e-21,1.6862427666116264e-21,1.6862365697966558e-21,1.686230369709752e-21,1.6862241663612678e-21,1.6862179597617145e-21,1.68621174992153e-21,1.6862055368512439e-21,1.6861993205612893e-21,1.6861931010619931e-21,1.6861868783634905e-21,1.6861806524761778e-21,1.686174423410033e-21,1.6861681911752988e-21,1.6861619557839052e-21,1.6861557172439737e-21,1.6861494755654657e-21,1.6861432307594535e-21,1.6861369828353909e-21,1.686130731803127e-21,1.6861244776736245e-21,1.6861182204562492e-21,1.6861119601610758e-21,1.6861056967981053e-21,1.6860994303767679e-21,1.6860931609064655e-21,1.6860868883988101e-21,1.686080612863138e-21,1.6860743343081638e-21,1.6860680527430497e-21,1.686061768177435e-21,1.6860554806228307e-21,1.6860491900884643e-21,1.6860428965829667e-21,1.6860366001158156e-21,1.6860303006978436e-21,1.686023998337782e-21,1.686017693044512e-21,1.686011384828059e-21,1.6860050736976606e-21,1.6859987596629266e-21,1.6859924427327247e-21,1.6859861229166193e-21,1.6859798002242636e-21,1.6859734746644344e-21,1.6859671462466581e-21,1.6859608149797066e-21,1.685954480873072e-21,1.6859481439362679e-21,1.6859418041776347e-21,1.6859354616062687e-21,1.6859291162317846e-21,1.6859227680626586e-21,1.6859164171077063e-21,1.6859100633772291e-21,1.685903706878863e-21,1.6858973476219435e-21,1.6858909856157118e-21,1.6858846208682562e-21,1.6858782533893003e-21,1.6858718831866294e-21,1.6858655102694603e-21,1.6858591346467059e-21,1.6858527563266975e-21,1.685846375318381e-21,1.6858399916296895e-21,1.6858336052707077e-21,1.6858272162494572e-21,1.6858208245737382e-21,1.6858144302532022e-21,1.6858080332953908e-21,1.6858016337092224e-21,1.6857952315026788e-21,1.6857888266852005e-21,1.6857824192650331e-21,1.6857760092493855e-21,1.6857695966474146e-21,1.6857631814673385e-21,1.68575676371793e-21,1.6857503434070487e-21,1.685743920543245e-21,1.6857374951341616e-21,1.685731067188224e-21,1.6857246367138891e-21,1.6857182037189354e-21,1.68571176821073e-21,1.6857053301990105e-21,1.6856988896911353e-21,1.6856924466954224e-21,1.6856860012191827e-21,1.6856795532705165e-21,1.6856731028577172e-21,1.6856666499888467e-21,1.6856601946716154e-21,1.6856537369151122e-21,1.6856472767246696e-21,1.6856408141088413e-21,1.6856343490766916e-21,1.685627881635412e-21,1.6856214117926833e-21,1.6856149395562223e-21,1.6856084649337918e-21,1.6856019879335132e-21,1.6855955085611664e-21,1.6855890268267967e-21,1.6855825427366016e-21,1.6855760562987056e-21,1.6855695675210143e-21,1.6855630764104931e-21,1.6855565829738725e-21,1.6855500872198347e-21,1.6855435891561589e-21,1.685537088789889e-21,1.685530586128519e-21,1.6855240811776712e-21,1.6855175739473225e-21,1.6855110644439714e-21,1.685504552674312e-21,1.6854980386464497e-21,1.6854915223665534e-21,1.6854850038431744e-21,1.6854784830831647e-21,1.6854719600936204e-21,1.6854654348806722e-21,1.685458907452821e-21,1.6854523778166758e-21,1.6854458459800232e-21,1.6854393119490136e-21,1.685432775732407e-21,1.6854262373348772e-21,1.6854196967651318e-21,1.685413154029876e-21,1.6854066091356672e-21,1.6854000620898834e-21,1.685393512899097e-21,1.685386961570577e-21,1.6853804081110755e-21,1.685373852527343e-21,1.685367294826393e-21,1.6853607350133805e-21,1.6853541730984115e-21,1.6853476090863063e-21,1.6853410429845572e-21,1.6853344747992926e-21,1.685327904537355e-21,1.6853213322052211e-21,1.6853147578095432e-21,1.6853081813579177e-21,1.6853016028562707e-21,1.685295022311122e-21,1.6852884397293343e-21,1.6852818551171203e-21,1.6852752684817069e-21,1.6852686798291952e-21,1.6852620891659591e-21,1.6852554964980355e-21,1.6852489018333336e-21,1.6852423051767339e-21,1.6852357065360689e-21,1.6852291059170738e-21,1.6852225033256197e-21,1.6852158987691173e-21,1.6852092922534078e-21,1.6852026837850388e-21,1.6851960733699337e-21,1.6851894610145256e-21,1.6851828467251374e-21,1.6851762305081557e-21,1.6851696123691644e-21,1.6851629923155509e-21,1.685156370352656e-21,1.685149746486651e-21,1.6851431207241598e-21,1.6851364930707362e-21,1.6851298635329247e-21,1.6851232321165398e-21,1.685116598827743e-21,1.685109963672587e-21,1.6851033266573549e-21,1.6850966877872658e-21,1.6850900470692908e-21,1.685083404508735e-21,1.68507676011172e-21,1.6850701138848864e-21,1.6850634658331865e-21,1.6850568159628036e-21,1.685050164279656e-21,1.6850435107889176e-21,1.685036855497891e-21,1.6850301984120251e-21,1.6850235395364448e-21,1.6850168788777726e-21,1.6850102164404074e-21,1.6850035522318571e-21,1.6849968862565693e-21,1.6849902185190267e-21,1.684983549029053e-21,1.6849768777891179e-21,1.6849702048060797e-21,1.6849635300844592e-21,1.6849568536311091e-21,1.6849501754503964e-21,1.6849434955488047e-21,1.6849368139317346e-21,1.6849301306044202e-21,1.6849234455735234e-21,1.684916758842436e-21,1.6849100704183497e-21,1.6849033803061992e-21,1.6848966885115804e-21,1.6848899950407527e-21,1.6848832998976486e-21,1.6848766030885891e-21,1.6848699046184279e-21,1.6848632044929374e-21,1.6848565027173665e-21,1.6848497992970393e-21,1.6848430942377926e-21,1.6848363875442551e-21,1.68482967922201e-21,1.684822969276326e-21,1.684816257712565e-21,1.6848095445351012e-21,1.6848028297504288e-21,1.6847961133631876e-21,1.684789395378711e-21,1.6847826758023398e-21,1.6847759546388689e-21,1.684769231893649e-21,1.6847625075717155e-21,1.6847557816775682e-21,1.6847490542174123e-21,1.6847423251960489e-21,1.6847355946181556e-21,1.6847288624892803e-21,1.6847221288145867e-21,1.6847153935979564e-21,1.6847086568453877e-21,1.6847019185612465e-21,1.6846951787507846e-21,1.6846884374192353e-21,1.6846816945713798e-21,1.6846749502119022e-21,1.684668204345986e-21,1.6846614569788347e-21,1.6846547081147394e-21,1.6846479577587604e-21,1.6846412059154633e-21,1.6846344525900078e-21,1.684627697787181e-21,1.6846209415121386e-21,1.6846141837691822e-21,1.6846074245629023e-21,1.6846006638980642e-21,1.6845939017799462e-21,1.6845871382131873e-21,1.6845803732020682e-21,1.684573606750895e-21,1.6845668388664672e-21,1.6845600695514324e-21,1.6845532988101342e-21,1.6845465266485517e-21,1.6845397530708447e-21,1.6845329780816607e-21,1.6845262016856197e-21,1.6845194238867593e-21,1.6845126446901711e-21,1.6845058641004522e-21,1.6844990821220333e-21,1.684492298758953e-21,1.6844855140167435e-21,1.6844787278990877e-21,1.684471940411242e-21,1.684465151557755e-21,1.6844583613413667e-21,1.6844515697674854e-21,1.6844447768406518e-21,1.684437982565774e-21,1.6844311869454991e-21,1.6844243899861171e-21,1.6844175916913134e-21,1.6844107920659264e-21,1.6844039911129519e-21,1.6843971888379602e-21,1.6843903852449231e-21,1.6843835803380094e-21,1.684376774121493e-21,1.6843699665997552e-21,1.6843631577774463e-21,1.6843563476579185e-21,1.6843495362455399e-21,1.6843427235453226e-21,1.6843359095613635e-21,1.684329094297042e-21,1.684322277757075e-21,1.684315459945874e-21,1.6843086408671493e-21,1.6843018205250221e-21,1.6842949989240088e-21,1.6842881760674915e-21,1.6842813519604536e-21,1.6842745266061916e-21,1.6842677000094424e-21,1.6842608721732558e-21,1.6842540431023899e-21,1.6842472128012861e-21,1.6842403812735136e-21,1.6842335485232459e-21,1.6842267145541984e-21,1.6842198793705472e-21,1.6842130429761978e-21,1.6842062053751757e-21,1.6841993665713787e-21,1.6841925265687126e-21,1.6841856853709718e-21,1.6841788429823305e-21,1.684171999406735e-21,1.6841651546472287e-21,1.6841583087091565e-21,1.6841514615944675e-21,1.6841446133091727e-21,1.6841377638562924e-21,1.6841309132392362e-21,1.6841240614620275e-21,1.6841172085284392e-21,1.684110354442164e-21,1.684103499207148e-21,1.6840966428271318e-21,1.6840897853057988e-21,1.6840829266469654e-21,1.684076066854287e-21,1.684069205931433e-21,1.6840623438822263e-21,1.6840554807102508e-21,1.6840486164193828e-21,1.684041751013404e-21,1.684034884495564e-21,1.6840280168699181e-21,1.684021148139471e-21,1.684014278308252e-21,1.6840074073802217e-21,1.6840005353577663e-21,1.6839936622457204e-21,1.6839867880472441e-21,1.683979912765675e-21,1.6839730364049567e-21,1.6839661589690407e-21,1.6839592804606855e-21,1.683952400883509e-21,1.6839455202410554e-21,1.6839386385377915e-21,1.6839317557754516e-21,1.6839248719585333e-21,1.6839179870907944e-21,1.6839111011758757e-21,1.6839042142155672e-21,1.6838973262143905e-21,1.683890437175822e-21,1.6838835471030836e-21,1.6838766559995387e-21,1.683869763868836e-21,1.6838628707143287e-21,1.683855976538948e-21,1.6838490813466992e-21,1.6838421851406662e-21,1.6838352879247758e-21,1.6838283897015285e-21,1.6838214904740705e-21,1.6838145902460506e-21,1.6838076890213521e-21,1.683800786802138e-21,1.6837938835922824e-21,1.6837869793951452e-21,1.6837800742134028e-21,1.6837731680510601e-21,1.683766260911137e-21,1.683759352796804e-21,1.683752443711309e-21,1.6837455336579184e-21,1.683738622639506e-21,1.6837317106594584e-21,1.6837247977211298e-21,1.6837178838279018e-21,1.6837109689821076e-21,1.6837040531872344e-21,1.6836971364466509e-21,1.6836902187642966e-21,1.6836833001411274e-21,1.6836763805814735e-21,1.6836694600886749e-21,1.6836625386658075e-21,1.6836556163154958e-21,1.6836486930409936e-21,1.6836417688461526e-21,1.6836348437323845e-21,1.6836279177035133e-21,1.6836209907626537e-21,1.6836140629136173e-21,1.6836071341587733e-21,1.683600204500512e-21,1.6835932739417013e-21,1.6835863424855353e-21,1.68357941013573e-21,1.6835724768950837e-21,1.6835655427663075e-21,1.6835586077533169e-21,1.683551671857084e-21,1.6835447350816206e-21,1.6835377974297244e-21,1.6835308589044039e-21,1.6835239195094197e-21,1.6835169792457296e-21,1.683510038116784e-21,1.6835030961263013e-21,1.6834961532770286e-21,1.6834892095715125e-21,1.6834822650130552e-21,1.6834753196032798e-21,1.6834683733454814e-21,1.6834614262433827e-21,1.6834544782992893e-21,1.6834475295159696e-21,1.6834405798960725e-21,1.683433629443684e-21,1.6834266781589337e-21,1.6834197260462848e-21,1.6834127731082397e-21,1.6834058193475848e-21,1.6833988647670071e-21,1.6833919093710532e-21,1.6833849531587607e-21,1.6833779961346378e-21,1.6833710383024786e-21,1.6833640796631138e-21,1.6833571202201346e-21,1.683350159976173e-21,1.683343198933888e-21,1.6833362370961771e-21,1.6833292744663427e-21,1.6833223110451382e-21,1.6833153468362059e-21,1.6833083818420372e-21,1.683301416065555e-21,1.6832944495094827e-21,1.6832874821762887e-21,1.6832805140681803e-21,1.6832735451881275e-21,1.683266575538269e-21,1.6832596051219265e-21,1.683252633941198e-21,1.6832456619987298e-21,1.6832386892990474e-21,1.6832317158399823e-21,1.6832247416275538e-21,1.6832177666634206e-21,1.6832107909503993e-21,1.6832038144907483e-21,1.6831968372879254e-21,1.6831898593427197e-21,1.6831828806600735e-21,1.6831759012390179e-21,1.6831689210838655e-21,1.6831619401970848e-21,1.6831549585810113e-21,1.6831479762383158e-21,1.6831409931712849e-21,1.683134009382316e-21,1.6831270248738166e-21,1.6831200396491754e-21,1.6831130537089859e-21,1.6831060670565976e-21,1.68309907969432e-21,1.683092091624705e-21,1.6830851028498744e-21,1.6830781133723901e-21,1.6830711231938615e-21,1.6830641323181337e-21,1.6830571407467746e-21,1.6830501484820702e-21,1.6830431555265082e-21,1.6830361618822632e-21,1.6830291675518446e-21,1.6830221725372867e-21,1.6830151768411765e-21,1.6830081804656907e-21,1.6830011834137028e-21,1.6829941856863093e-21,1.6829871872863153e-21,1.6829801882162534e-21,1.6829731884782068e-21,1.682966188073459e-21,1.6829591870061043e-21,1.6829521852775677e-21,1.6829451828901756e-21,1.682938179845891e-21,1.6829311761471465e-21,1.682924171796071e-21,1.6829171667948944e-21,1.682910161145762e-21,1.6829031548500034e-21,1.6828961479116751e-21,1.6828891403321122e-21,1.682882132113277e-21,1.6828751232574714e-21,1.6828681137668627e-21,1.6828611036436085e-21,1.682854092889743e-21,1.6828470815074459e-21,1.68284006949905e-21,1.6828330568665213e-21,1.6828260436119754e-21,1.6828190297375513e-21,1.6828120152453083e-21,1.6828050001375563e-21,1.6827979844160015e-21,1.6827909680830277e-21,1.6827839511405983e-21,1.6827769335909158e-21,1.6827699154359563e-21,1.6827628966777661e-21,1.6827558773183935e-21,1.68274885735997e-21,1.6827418368044913e-21,1.6827348156540538e-21,1.6827277939104538e-21,1.6827207715760747e-21,1.6827137486527255e-21,1.6827067251423521e-21,1.6826997010471904e-21,1.6826926763689848e-21,1.682685651109965e-21,1.6826786252719924e-21,1.6826715988571198e-21,1.682664571867098e-21,1.68265754430413e-21,1.682650516170213e-21,1.6826434874672145e-21,1.6826364581969254e-21,1.6826294283615144e-21,1.6826223979629508e-21,1.6826153670029563e-21,1.682608335483129e-21,1.6826013034062283e-21,1.6825942707738288e-21,1.6825872375878264e-21,1.68258020385003e-21,1.682573169562356e-21,1.682566134726727e-21,1.6825590993450504e-21,1.682552063419154e-21,1.6825450269508983e-21,1.6825379899411325e-21,1.682530952393864e-21,1.682523914309973e-21,1.6825168756911054e-21,1.6825098365392506e-21,1.6825027968561748e-21,1.682495756643901e-21,1.6824887159040195e-21,1.6824816746383777e-21,1.6824746328487469e-21,1.6824675905372137e-21,1.6824605477053149e-21,1.682453504354895e-21,1.6824464604877308e-21,1.6824394161056718e-21,1.6824323712094467e-21,1.6824253258030748e-21,1.682418279887059e-21,1.6824112334632852e-21,1.6824041865335702e-21,1.6823971390995877e-21,1.6823900911630463e-21,1.6823830427257873e-21,1.6823759937892605e-21,1.6823689443554765e-21,1.6823618944261178e-21,1.6823548440030397e-21,1.6823477930874272e-21,1.6823407416816989e-21,1.6823336897871054e-21,1.6823266374056077e-21,1.6823195845388017e-21,1.6823125311883366e-21,1.6823054773560135e-21,1.6822984230434926e-21,1.6822913682523389e-21,1.6822843129843909e-21,1.6822772572413359e-21,1.682270201024461e-21,1.6822631443357036e-21,1.682256087176686e-21,1.6822490295491533e-21,1.6822419714545335e-21,1.6822349128945352e-21,1.6822278538709643e-21,1.682220794385172e-21,1.6822137344389743e-21,1.6822066740338726e-21,1.6821996131690123e-21,1.682192551851044e-21,1.6821854900790311e-21,1.6821784278523773e-21,1.6821713651772781e-21,1.6821643020526825e-21,1.6821572384807072e-21,1.6821501744620199e-21,1.6821431099992458e-21,1.6821360450934168e-21,1.6821289797463029e-21,1.68212191395932e-21,1.6821148477339925e-21,1.6821077810718946e-21,1.6821007139745853e-21,1.6820936464438375e-21,1.6820865784790429e-21,1.682079510085465e-21,1.682072441262822e-21,1.68206537201262e-21,1.6820583023363268e-21,1.6820512322355006e-21,1.6820441617117258e-21,1.6820370907663637e-21,1.6820300194009657e-21,1.6820229476171042e-21,1.6820158754160781e-21,1.6820088027995734e-21,1.682001729769151e-21,1.6819946563259292e-21,1.681987582471556e-21,1.681980508207547e-21,1.681973433535309e-21,1.681966358456344e-21,1.6819592829720032e-21,1.6819522070840334e-21,1.6819451307933913e-21,1.6819380541017793e-21,1.6819309770106914e-21,1.6819238995213842e-21,1.6819168216354297e-21,1.6819097433542122e-21,1.6819026646790342e-21,1.681895585611456e-21,1.6818885061528228e-21,1.6818814263046258e-21,1.681874346068147e-21,1.6818672654445742e-21,1.6818601844358452e-21,1.6818531030428324e-21,1.6818460212672937e-21,1.6818389391103862e-21,1.6818318565736518e-21,1.6818247736582416e-21,1.6818176903657259e-21,1.6818106066973177e-21,1.6818035226544816e-21,1.6817964382383652e-21,1.681789353450624e-21,1.6817822682924353e-21,1.6817751827661903e-21,1.6817680968697351e-21,1.6817610106082266e-21,1.6817539239817168e-21,1.6817468369913282e-21,1.6817397496384674e-21,1.6817326619244689e-21,1.6817255738487596e-21,1.681718485416403e-21,1.6817113966271022e-21,1.6817043074815845e-21,1.6816972179814748e-21,1.6816901281279616e-21,1.6816830379226891e-21,1.6816759473694094e-21,1.6816688564634799e-21,1.6816617652097737e-21,1.6816546736091404e-21,1.681647581662021e-21,1.6816404893709737e-21,1.6816333967370474e-21,1.6816263037609623e-21,1.6816192104445129e-21,1.6816121167884607e-21,1.6816050227944287e-21,1.6815979284633105e-21,1.6815908337972089e-21,1.6815837387960742e-21,1.6815766434614953e-21,1.6815695477951746e-21,1.6815624517984313e-21,1.6815553554719311e-21,1.6815482588166931e-21,1.6815411618346877e-21,1.6815340645267964e-21,1.681526966894288e-21,1.6815198689381424e-21,1.6815127706599107e-21,1.6815056720605702e-21,1.6814985731412585e-21,1.6814914739031965e-21,1.6814843743506055e-21,1.6814772744785491e-21,1.6814701742916706e-21,1.6814630737904685e-21,1.6814559729764344e-21,1.6814488718507786e-21,1.6814417704146501e-21,1.6814346686691148e-21,1.6814275666156168e-21,1.6814204642547206e-21,1.6814133615880455e-21,1.6814062586161327e-21,1.681399155341067e-21,1.6813920517637106e-21,1.6813849478848143e-21,1.6813778437057055e-21,1.6813707392274618e-21,1.6813636344511488e-21,1.6813565293773517e-21,1.6813494240087963e-21,1.6813423183453168e-21,1.6813352123884733e-21,1.6813281061392244e-21,1.6813209995986288e-21,1.681313892767619e-21,1.681306785646695e-21,1.6812996782387054e-21,1.6812925705437544e-21,1.6812854625631904e-21,1.6812783542977666e-21,1.6812712457486321e-21,1.6812641369175702e-21,1.6812570278042665e-21,1.6812499184105412e-21,1.6812428087375201e-21,1.681235698785991e-21,1.6812285885572802e-21,1.6812214780525515e-21,1.6812143672752001e-21,1.6812072562210133e-21,1.6812001448940466e-21,1.681193033294787e-21,1.6811859214246285e-21,1.681178809284292e-21,1.6811716968752412e-21,1.6811645841986062e-21,1.6811574712549169e-21,1.6811503580450013e-21,1.6811432445712682e-21,1.6811361308345705e-21,1.6811290168336602e-21,1.6811219025708808e-21,1.6811147880476444e-21,1.6811076732645306e-21,1.6811005582229087e-21,1.6810934429234082e-21,1.6810863273684073e-21,1.6810792115565637e-21,1.6810720954899459e-21,1.6810649791695678e-21,1.6810578625962877e-21,1.6810507457714373e-21,1.6810436286954928e-21,1.6810365113697145e-21,1.6810293937954464e-21,1.6810222759731395e-21,1.6810151579040282e-21,1.6810080395888428e-21,1.6810009210289954e-21,1.6809938022249795e-21,1.6809866831764534e-21,1.6809795638874063e-21,1.6809724443572322e-21,1.6809653245866795e-21,1.6809582045767325e-21,1.6809510843289014e-21,1.6809439638433489e-21,1.6809368431213151e-21,1.6809297221637992e-21,1.6809226009718595e-21,1.6809154795448062e-21,1.6809083578867329e-21,1.6809012359962985e-21,1.6808941138752698e-21,1.6808869915241763e-21,1.68087986894421e-21,1.6808727461360429e-21,1.680865623100612e-21,1.680858499839063e-21,1.6808513763515922e-21,1.6808442526416908e-21,1.680837128706447e-21,1.680830004549997e-21,1.6808228801703792e-21,1.680815755570855e-21,1.6808086307499444e-21,1.6808015057100906e-21,1.6807943804522042e-21,1.6807872549767727e-21,1.6807801292847178e-21,1.6807730033768574e-21,1.6807658772558803e-21,1.680758750919699e-21,1.6807516243703456e-21,1.68074449760878e-21,1.6807373706333997e-21,1.680730243450132e-21,1.6807231160575415e-21,1.6807159884543726e-21,1.6807088606445918e-21,1.680701732627829e-21,1.6806946044051452e-21,1.6806874759775731e-21,1.6806803473448873e-21,1.6806732185086941e-21,1.6806660894695037e-21,1.6806589602284602e-21,1.6806518307862089e-21,1.6806447011404225e-21,1.6806375712982314e-21,1.680630441257526e-21,1.6806233110189735e-21,1.6806161805832678e-21,1.6806090499514128e-21,1.6806019191237506e-21,1.6805947881021305e-21,1.6805876568866448e-21,1.6805805254777292e-21,1.6805733938766739e-21,1.6805662620846053e-21,1.6805591301019726e-21,1.6805519979293483e-21,1.6805448655677352e-21,1.6805377330169197e-21,1.6805306002802095e-21,1.680523467356265e-21,1.6805163342466734e-21,1.6805092009519438e-21,1.6805020674729357e-21,1.6804949338105513e-21,1.680487799965244e-21,1.6804806659379374e-21,1.6804735317295718e-21,1.6804663973406645e-21,1.680459262772326e-21,1.680452128025322e-21,1.6804449930976349e-21,1.6804378579952574e-21,1.6804307227162414e-21,1.6804235872614813e-21,1.6804164516315468e-21,1.6804093158254941e-21,1.6804021798475349e-21,1.6803950436968727e-21,1.6803879073740452e-21,1.6803807708795405e-21,1.6803736342126443e-21,1.6803664973781085e-21,1.6803593603743288e-21,1.6803522232009127e-21,1.6803450858607432e-21,1.6803379483538534e-21,1.680330810680582e-21,1.6803236728422582e-21,1.6803165348391685e-21,1.6803093966707361e-21,1.6803022583388859e-21,1.6802951198453576e-21,1.6802879811899548e-21,1.6802808423716316e-21,1.6802737033947432e-21,1.6802665642580828e-21,1.6802594249624685e-21,1.6802522855094207e-21,1.6802451458975184e-21,1.6802380061259954e-21,1.680230866201263e-21,1.6802237261218652e-21,1.6802165858856257e-21,1.6802094454963787e-21,1.680202304953769e-21,1.6801951642582986e-21,1.6801880234107018e-21,1.6801808824115372e-21,1.6801737412628662e-21,1.6801665999631422e-21,1.6801594585140203e-21,1.6801523169160134e-21,1.6801451751695582e-21,1.6801380332761527e-21,1.680130891236552e-21,1.6801237490504272e-21,1.6801166067191762e-21,1.680109464243106e-21,1.6801023216227915e-21,1.6800951788591312e-21,1.680088035952857e-21,1.6800808929045648e-21,1.6800737497145764e-21,1.680066606383905e-21,1.6800594629133064e-21,1.6800523193032767e-21,1.6800451755555509e-21,1.6800380316683136e-21,1.6800308876445678e-21,1.6800237434813867e-21,1.6800165991806293e-21,1.6800094547473433e-21,1.6800023101801706e-21,1.679995165477373e-21,1.679988020640864e-21,1.6799808756714467e-21,1.6799737305691231e-21,1.6799665853353587e-21,1.6799594399704801e-21,1.6799522944752539e-21,1.6799451488475874e-21,1.6799380030929338e-21,1.6799308572121565e-21,1.6799237112009255e-21,1.67991656506212e-21,1.6799094187960469e-21,1.6799022724038748e-21,1.6798951258863553e-21,1.6798879792412386e-21,1.6798808324737846e-21,1.6798736855835328e-21,1.6798665385692468e-21,1.6798593914321782e-21,1.6798522441719179e-21,1.6798450967913194e-21,1.6798379492901312e-21,1.6798308016682062e-21,1.679823653926598e-21,1.6798165060661818e-21,1.679809358087131e-21,1.679802209990191e-21,1.6797950617761043e-21,1.6797879134453765e-21,1.6797807649984818e-21,1.6797736164358284e-21,1.6797664677569993e-21,1.679759318964659e-21,1.6797521700586453e-21,1.6797450210392877e-21,1.6797378719072448e-21,1.6797307226632689e-21,1.6797235733072979e-21,1.6797164238402526e-21,1.6797092742627346e-21,1.6797021245764331e-21,1.6796949747798432e-21,1.6796878248765105e-21,1.679680674863163e-21,1.6796735247418657e-21,1.679666374514509e-21,1.6796592241795724e-21,1.6796520737386893e-21,1.6796449231919559e-21,1.6796377725404769e-21,1.6796306217848265e-21,1.6796234709254996e-21,1.6796163199627708e-21,1.6796091688968092e-21,1.679602017728455e-21,1.6795948664568454e-21,1.6795877150857818e-21,1.6795805636146932e-21,1.6795734120417853e-21,1.6795662603707677e-21,1.6795591086011632e-21,1.679551956733093e-21,1.6795448047670011e-21,1.6795376527034918e-21,1.6795305005432617e-21,1.6795233482858789e-21,1.6795161959332568e-21,1.6795090434853126e-21,1.6795018909425789e-21,1.6794947383055462e-21,1.6794875855746587e-21,1.6794804327506843e-21,1.6794732798339673e-21,1.6794661268249029e-21,1.6794589737225806e-21,1.6794518205305589e-21,1.6794446672472543e-21,1.679437513874268e-21,1.6794303604115137e-21,1.6794232068597435e-21,1.6794160532192921e-21,1.6794088994904236e-21,1.6794017456739191e-21,1.6793945917702666e-21,1.6793874377797593e-21,1.679380283702219e-21,1.6793731295399288e-21,1.6793659752926135e-21,1.6793588209603189e-21,1.6793516665434529e-21,1.6793445120429675e-21,1.6793373574584102e-21,1.6793302027930768e-21,1.6793230480432092e-21,1.6793158932138933e-21,1.6793087383022022e-21,1.6793015833093921e-21,1.6792944282358928e-21,1.6792872730835698e-21,1.6792801178510872e-21,1.6792729625393772e-21,1.6792658071491474e-21,1.6792586516807058e-21,1.6792514961341447e-21,1.6792443405110387e-21,1.6792371848119108e-21,1.6792300290358944e-21,1.6792228731844316e-21,1.6792157172578068e-21,1.6792085612552326e-21,1.6792014051782512e-21,1.6791942490283727e-21,1.6791870928050497e-21,1.679179936508904e-21,1.6791727801400189e-21,1.679165623698001e-21,1.6791584671856444e-21,1.6791513106022124e-21,1.6791441539479947e-21,1.6791369972234234e-21,1.6791298404290297e-21,1.679122683565233e-21,1.6791155266325551e-21,1.6791083696315627e-21,1.679101212562293e-21,1.6790940554253094e-21,1.6790868982215051e-21,1.679079740949623e-21,1.6790725836125431e-21,1.6790654262088212e-21,1.679058268740388e-21,1.6790511112071375e-21,1.6790439536093052e-21,1.6790367959473432e-21,1.6790296382208932e-21,1.6790224804343773e-21,1.6790153225828897e-21,1.6790081646681957e-21,1.6790010066919793e-21,1.6789938486546769e-21,1.6789866905554406e-21,1.6789795323957293e-21,1.6789723741764558e-21,1.6789652158953758e-21,1.6789580575561636e-21,1.6789508991577367e-21,1.6789437407007215e-21,1.678936582185477e-21,1.6789294236120466e-21,1.678922264981549e-21,1.6789151062942222e-21,1.6789079475503292e-21,1.6789007887499675e-21,1.6788936298938643e-21,1.678886470982521e-21,1.6788793120160842e-21,1.6788721529950978e-21,1.678864993920148e-21,1.6788578347912599e-21,1.6788506756080351e-21,1.6788435163726469e-21,1.678836357084635e-21,1.6788291977447415e-21,1.678822038352761e-21,1.6788148789096582e-21,1.6788077194151511e-21,1.6788005598703325e-21,1.6787934002745241e-21,1.6787862406300798e-21,1.6787790809359918e-21,1.6787719211932425e-21,1.678764761400195e-21,1.6787576015601814e-21,1.6787504416722602e-21,1.6787432817366877e-21,1.6787361217570548e-21,1.6787289617270275e-21,1.678721801650699e-21,1.6787146415291146e-21,1.6787074813619799e-21,1.6787003211493888e-21,1.67869316089231e-21,1.6786860005900314e-21,1.6786788402439435e-21,1.6786716798545216e-21,1.6786645194212945e-21,1.6786573589454934e-21,1.6786501984273157e-21,1.6786430378664869e-21,1.6786358772632669e-21,1.6786287166192183e-21,1.6786215559340253e-21,1.678614395208115e-21,1.678607234441617e-21,1.6786000736352238e-21,1.6785929127891149e-21,1.6785857519035503e-21,1.6785785909790034e-21,1.6785714300158086e-21,1.678564269013262e-21,1.678557107974253e-21,1.6785499468972672e-21,1.6785427857817655e-21,1.6785356246310374e-21,1.678528463444333e-21,1.6785213022209986e-21,1.6785141409618136e-21,1.6785069796669795e-21,1.6784998183372286e-21,1.6784926569700584e-21,1.6784854955709937e-21,1.6784783341378788e-21,1.6784711726713814e-21,1.6784640111718202e-21,1.6784568496389237e-21,1.6784496880732953e-21,1.6784425264757393e-21,1.6784353648459262e-21,1.6784282031843742e-21,1.6784210414909277e-21,1.6784138797672809e-21,1.6784067180129239e-21,1.678399556227218e-21,1.6783923944126229e-21,1.6783852325682794e-21,1.678378070694843e-21,1.6783709087923995e-21,1.6783637468605976e-21,1.678356584901254e-21,1.6783494229137503e-21,1.6783422608988329e-21,1.6783350988565621e-21,1.6783279367872896e-21,1.6783207746914038e-21,1.6783136125691456e-21,1.6783064504207169e-21,1.678299288246897e-21,1.6782921260461738e-21,1.6782849638216157e-21,1.6782778015731211e-21,1.6782706392994064e-21,1.6782634770013427e-21,1.6782563146797973e-21,1.6782491523349836e-21,1.6782419899667775e-21,1.6782348275758286e-21,1.6782276651625209e-21,1.6782205027270112e-21,1.678213340272858e-21,1.678206177793439e-21,1.6781990152927673e-21,1.6781918527712425e-21,1.6781846902296236e-21,1.6781775276679234e-21,1.6781703650856984e-21,1.6781632024825915e-21,1.6781560398608929e-21,1.6781488772196564e-21,1.6781417145600774e-21,1.6781345518821482e-21,1.678127389186918e-21,1.6781202264727652e-21,1.6781130637410837e-21,1.6781059009920018e-21,1.6780987382259295e-21,1.6780915754430528e-21,1.6780844126438703e-21,1.6780772498301484e-21,1.6780700869989792e-21,1.6780629241523481e-21,1.678055761290539e-21,1.678048598414499e-21,1.6780414355230273e-21,1.6780342726171158e-21,1.6780271096971806e-21,1.6780199467635078e-21,1.6780127838167595e-21,1.6780056208563061e-21,1.677998457882973e-21,1.6779912949006842e-21,1.6779841319023998e-21,1.6779769688904536e-21,1.6779698058687326e-21,1.6779626428357243e-21,1.6779554797909456e-21,1.6779483167358384e-21,1.677941153669571e-21,1.6779339905930692e-21,1.6779268275063409e-21,1.6779196644100992e-21,1.6779125013040486e-21,1.6779053381887495e-21,1.6778981750660357e-21,1.67789101193318e-21,1.677883848791904e-21,1.6778766856425074e-21,1.6778695224849405e-21,1.6778623593199015e-21,1.6778551961476628e-21,1.677848032968397e-21,1.6778408697823463e-21,1.677833706589809e-21,1.6778265433910876e-21,1.677819380186377e-21,1.6778122169758998e-21,1.6778050537605783e-21,1.6777978905395529e-21,1.6777907273135975e-21,1.6777835640829417e-21,1.6777764008483552e-21,1.6777692376093576e-21,1.6777620743664872e-21,1.6777549111200698e-21,1.6777477478703228e-21,1.6777405846175725e-21,1.6777334213620094e-21,1.6777262581041987e-21,1.6777190948433605e-21,1.6777119315813822e-21,1.6777047683174171e-21,1.677697605052146e-21,1.6776904417853044e-21,1.6776832785175594e-21,1.6776761152506283e-21,1.6776689519812653e-21,1.6776617887119443e-21,1.6776546254427099e-21,1.6776474621738514e-21,1.677640298906082e-21,1.6776331356422728e-21,1.6776259723762546e-21,1.6776188091109453e-21,1.6776116458454582e-21,1.6776044825834676e-21,1.6775973193230848e-21,1.6775901560654388e-21,1.677582992810743e-21,1.6775758295607569e-21,1.6775686663112772e-21,1.6775615030652e-21,1.6775543398224147e-21,1.6775471765840008e-21,1.6775400133486616e-21,1.6775328501178615e-21,1.6775256868928614e-21,1.6775185236713212e-21,1.677511360454848e-21,1.6775041972434466e-21,1.6774970340374886e-21,1.6774898708379593e-21,1.6774827076436138e-21,1.6774755444555592e-21,1.677468381274003e-21,1.677461218098886e-21,1.6774540549304372e-21,1.677446891769179e-21,1.6774397286150913e-21,1.6774325654689255e-21,1.6774254023303744e-21,1.677418239202343e-21,1.6774110760805079e-21,1.6774039129705888e-21,1.6773967498654293e-21,1.6773895867692755e-21,1.677382423682165e-21,1.6773752606045388e-21,1.6773680975399182e-21,1.6773609344819022e-21,1.677353771433868e-21,1.6773466083999115e-21,1.6773394453726967e-21,1.6773322823562107e-21,1.6773251193507632e-21,1.6773179563561257e-21,1.6773107933719933e-21,1.6773036304008685e-21,1.6772964674415085e-21,1.6772893044947626e-21,1.677282141560435e-21,1.6772749786379964e-21,1.677267815728281e-21,1.6772606528343937e-21,1.6772534899503773e-21,1.6772463270803505e-21,1.6772391642237294e-21,1.6772320013809824e-21,1.6772248385558338e-21,1.6772176757437779e-21,1.6772105129437776e-21,1.6772033501605232e-21,1.67719618739252e-21,1.6771890246373845e-21,1.677181861897597e-21,1.67717469917339e-21,1.6771675364645693e-21,1.677160373772026e-21,1.6771532110977638e-21,1.6771460484377446e-21,1.6771388857949874e-21,1.677131723168452e-21,1.6771245605582472e-21,1.6771173979658807e-21,1.677110235391114e-21,1.6771030728336206e-21,1.6770959102961812e-21,1.6770887477780737e-21,1.6770815852789978e-21,1.6770744227931198e-21,1.6770672603272675e-21,1.67706009788086e-21,1.677052935452867e-21,1.677045773044713e-21,1.6770386106561892e-21,1.677031448286681e-21,1.6770242859369671e-21,1.6770171236074552e-21,1.6770099612983544e-21,1.6770027990087475e-21,1.676995636740468e-21,1.6769884744931836e-21,1.6769813122669349e-21,1.6769741500621104e-21,1.6769669878786854e-21,1.6769598257168102e-21,1.6769526635768287e-21,1.6769455014589428e-21,1.676938339363705e-21,1.6769311772905433e-21,1.6769240152400157e-21,1.676916853212884e-21,1.6769096912081849e-21,1.676902529226743e-21,1.676895367269289e-21,1.676888205334877e-21,1.6768810434254555e-21,1.6768738815387678e-21,1.6768667196763349e-21,1.6768595578382842e-21,1.6768523960248723e-21,1.6768452342362125e-21,1.6768380724729697e-21,1.6768309107349238e-21,1.6768237490226732e-21,1.6768165873310301e-21,1.6768094256688527e-21,1.6768022640318622e-21,1.6767951024237767e-21,1.676787940839598e-21,1.6767807792819573e-21,1.6767736177513744e-21,1.6767664562449378e-21,1.6767592947677573e-21,1.6767521333181405e-21,1.6767449718948167e-21,1.6767378104977105e-21,1.6767306491309922e-21,1.6767234877913257e-21,1.676716326480355e-21,1.6767091651964283e-21,1.676702003941932e-21,1.6766948427161605e-21,1.6766876815201772e-21,1.676680520351588e-21,1.676673359212073e-21,1.6766661981020348e-21,1.6766590370215412e-21,1.6766518759706344e-21,1.6766447149498149e-21,1.6766375539589035e-21,1.676630392998022e-21,1.6766232320676564e-21,1.6766160711660746e-21,1.6766089102972834e-21,1.6766017494593028e-21,1.6765945886520909e-21,1.6765874278769282e-21,1.6765802671327617e-21,1.6765731064190328e-21,1.676565945737581e-21,1.6765587850885377e-21,1.6765516244709278e-21,1.6765444638856562e-21,1.6765373033330798e-21,1.6765301428143239e-21,1.6765229823269213e-21,1.6765158218754991e-21,1.6765086614540615e-21,1.676501501068018e-21,1.6764943407134923e-21,1.6764871803923826e-21,1.6764800201050349e-21,1.6764728598518596e-21,1.676465699634363e-21,1.6764585394498788e-21,1.6764513792993229e-21,1.6764442191807133e-21,1.6764370590996514e-21,1.6764298990526315e-21,1.6764227390447682e-21,1.6764155790704264e-21,1.6764084191298052e-21,1.6764012592253944e-21,1.6763940993558954e-21,1.6763869395239077e-21,1.6763797797265362e-21,1.6763726199653057e-21,1.676365460241459e-21,1.6763583005529586e-21,1.6763511409019599e-21,1.6763439812880557e-21,1.67633682171051e-21,1.676329662171843e-21,1.6763225026685585e-21,1.6763153432019997e-21,1.6763081837740098e-21,1.6763010243855543e-21,1.6762938650330727e-21,1.6762867057191193e-21,1.6762795464421328e-21,1.6762723872048912e-21,1.6762652280057422e-21,1.6762580688453655e-21,1.676250909723941e-21,1.6762437506411588e-21,1.6762365915980938e-21,1.6762294325951493e-21,1.676222273631107e-21,1.6762151147060105e-21,1.6762079558198483e-21,1.6762007969753108e-21,1.6761936381691604e-21,1.676186479404233e-21,1.6761793206813713e-21,1.6761721619973603e-21,1.676165003353699e-21,1.6761578447535954e-21,1.6761506861922192e-21,1.676143527674144e-21,1.6761363691936354e-21,1.6761292107546124e-21,1.6761220523583604e-21,1.6761148940042036e-21,1.67610773569191e-21,1.6761005774214972e-21,1.6760934191907963e-21,1.6760862610028468e-21,1.6760791028594616e-21,1.6760719447576503e-21,1.6760647866994702e-21,1.676057628683876e-21,1.6760504707115886e-21,1.6760433127825763e-21,1.6760361548965991e-21,1.6760289970543082e-21,1.6760218392556144e-21,1.6760146814989273e-21,1.6760075237878678e-21,1.6760003661207058e-21,1.6759932084978101e-21,1.6759860509192256e-21,1.675978893385352e-21,1.6759717358956515e-21,1.675964578450549e-21,1.675957421050878e-21,1.6759502636953063e-21,1.6759431063873865e-21,1.675935949121582e-21,1.6759287919021019e-21,1.6759216347274605e-21,1.6759144775993376e-21,1.6759073205175373e-21,1.6759001634810576e-21,1.675893006492118e-21,1.6758858495472337e-21,1.6758786926512295e-21,1.6758715357991107e-21,1.6758643789946769e-21,1.6758572222368771e-21,1.6758500655281524e-21,1.6758429088635175e-21,1.6758357522473708e-21,1.6758285956772599e-21,1.675821439155102e-21,1.675814282680834e-21,1.6758071262557787e-21,1.6757999698787664e-21,1.6757928135483355e-21,1.6757856572655231e-21,1.6757785010310408e-21,1.6757713448429716e-21,1.6757641887043993e-21,1.6757570326152903e-21,1.6757498765739058e-21,1.6757427205822339e-21,1.6757355646398461e-21,1.6757284087466343e-21,1.6757212529024459e-21,1.6757140971079173e-21,1.6757069413619514e-21,1.6756997856643103e-21,1.6756926300163598e-21,1.6756854744195354e-21,1.6756783188738031e-21,1.6756711633782407e-21,1.6756640079346333e-21,1.6756568525392962e-21,1.6756496971949488e-21,1.6756425419018526e-21,1.6756353866589187e-21,1.6756282314635194e-21,1.6756210763235087e-21,1.6756139212323598e-21,1.6756067661930438e-21,1.6755996112061013e-21,1.6755924562700911e-21,1.6755853013868456e-21,1.6755781465543553e-21,1.6755709917757047e-21,1.6755638370460062e-21,1.6755566823698482e-21,1.675549527745052e-21,1.675542373173536e-21,1.6755352186545987e-21,1.6755280641881019e-21,1.6755209097737533e-21,1.675513755413003e-21,1.6755066011057338e-21,1.6754994468503266e-21,1.6754922926489251e-21,1.675485138500053e-21,1.6754779844043627e-21,1.6754708303624775e-21,1.6754636763751253e-21,1.6754565224418066e-21,1.6754493685635807e-21,1.6754422147356862e-21,1.6754350609644476e-21,1.675427907248127e-21,1.675420753585629e-21,1.6754135999773822e-21,1.6754064464237778e-21,1.6753992929243843e-21,1.6753921394810932e-21,1.6753849860922183e-21,1.6753778327585757e-21,1.6753706794797835e-21,1.6753635262563574e-21,1.6753563730885746e-21,1.6753492199765203e-21,1.6753420669192027e-21,1.6753349139188618e-21,1.675327760973923e-21,1.6753206080851662e-21,1.6753134552510663e-21,1.6753063024747581e-21,1.6752991497537126e-21,1.6752919970901807e-21,1.6752848444831705e-21,1.6752776919327854e-21,1.6752705394381538e-21,1.6752633870004754e-21,1.675256234620136e-21,1.675249082295429e-21,1.6752419300299075e-21,1.675234777821687e-21,1.6752276256715664e-21,1.6752204735780498e-21,1.675213321542988e-21,1.6752061695662841e-21,1.6751990176468676e-21,1.675191865783597e-21,1.6751847139811084e-21,1.675177562235016e-21,1.6751704105480732e-21,1.675163258922131e-21,1.6751561073523738e-21,1.6751489558413141e-21,1.6751418043880866e-21,1.6751346529942465e-21,1.675127501659796e-21,1.6751203503840973e-21,1.6751131991677713e-21,1.6751060480112025e-21,1.6750988969139098e-21,1.6750917458754972e-21,1.6750845948965322e-21,1.6750774439777725e-21,1.675070293117821e-21,1.675063142317972e-21,1.6750559915788632e-21,1.6750488408998519e-21,1.6750416902804685e-21,1.6750345397253449e-21,1.675027389227688e-21,1.6750202387896612e-21,1.675013088413676e-21,1.6750059380968428e-21,1.674998787840969e-21,1.6749916376454374e-21,1.6749844875129895e-21,1.674977337441205e-21,1.674970187429512e-21,1.6749630374805096e-21,1.6749558875927533e-21,1.6749487377665845e-21,1.6749415880007054e-21,1.674934438297966e-21,1.6749272886571938e-21,1.6749201390778885e-21,1.6749129895611775e-21,1.674905840106562e-21,1.67489869071398e-21,1.6748915413838177e-21,1.6748843921165307e-21,1.674877242909861e-21,1.674870093767724e-21,1.6748629446880695e-21,1.6748557956705154e-21,1.6748486467167263e-21,1.6748414978251625e-21,1.6748343489950004e-21,1.6748272002304597e-21,1.6748200515314533e-21,1.6748129028937993e-21,1.6748057543201504e-21,1.6747986058076528e-21,1.6747914573601501e-21,1.674784308977284e-21,1.6747771606583208e-21,1.674770012403397e-21,1.6747628642130587e-21,1.6747557160863437e-21,1.6747485680240027e-21,1.6747414200256559e-21,1.674734272091434e-21,1.6747271242223505e-21,1.6747199764174401e-21,1.6747128286779518e-21,1.6747056810033176e-21,1.6746985333936638e-21,1.674691385849852e-21,1.6746842383702186e-21,1.6746770909558054e-21,1.6746699436068381e-21,1.6746627963225397e-21,1.6746556491054345e-21,1.6746485019518806e-21,1.6746413548658473e-21,1.674634207848115e-21,1.6746270608931707e-21,1.6746199140042743e-21,1.674612767181283e-21,1.6746056204246764e-21,1.6745984737336502e-21,1.6745913271076691e-21,1.6745841805498577e-21,1.6745770340585502e-21,1.674569887633626e-21,1.6745627412756757e-21,1.6745555949846907e-21,1.67454844876039e-21,1.6745413026027026e-21,1.6745341565127129e-21,1.6745270104883455e-21,1.6745198645323581e-21,1.6745127186440535e-21,1.6745055728222217e-21,1.6744984270691905e-21,1.6744912813826927e-21,1.6744841357627585e-21,1.674476990212768e-21,1.6744698447316397e-21,1.6744626993161878e-21,1.674455553968217e-21,1.674448408689327e-21,1.6744412634786346e-21,1.674434118336916e-21,1.6744269732628981e-21,1.674419828257622e-21,1.6744126833220626e-21,1.6744055384535222e-21,1.6743983936536938e-21,1.6743912489218556e-21,1.6743841042595876e-21,1.6743769596665606e-21,1.6743698151421036e-21,1.6743626706897792e-21,1.674355526304164e-21,1.674348381987711e-21,1.6743412377407179e-21,1.674334093563278e-21,1.6743269494549366e-21,1.6743198054166186e-21,1.6743126614470533e-21,1.6743055175483691e-21,1.6742983737194578e-21,1.6742912299606675e-21,1.6742840862713308e-21,1.6742769426532838e-21,1.674269799102776e-21,1.6742626556246405e-21,1.6742555122183516e-21,1.6742483688801509e-21,1.6742412256135167e-21,1.6742340824173157e-21,1.6742269392918122e-21,1.6742197962374444e-21,1.674212653253486e-21,1.6742055103396092e-21,1.6741983674980445e-21,1.674191224728032e-21,1.674184082028441e-21,1.6741769394003188e-21,1.6741697968444248e-21,1.6741626543589444e-21,1.6741555119447789e-21,1.6741483696023543e-21,1.6741412273315973e-21,1.6741340851325021e-21,1.6741269430039466e-21,1.6741198009484852e-21,1.6741126589652286e-21,1.6741055170542396e-21,1.6740983752153637e-21,1.6740912334481612e-21,1.6740840917535628e-21,1.6740769501317345e-21,1.6740698085820593e-21,1.6740626671044072e-21,1.6740555256999773e-21,1.6740483843679747e-21,1.6740412431091422e-21,1.6740341019254628e-21,1.6740269608106354e-21,1.674019819771456e-21,1.6740126788049436e-21,1.6740055379103874e-21,1.6739983970894539e-21,1.6739912563421396e-21,1.6739841156690461e-21,1.673976975069432e-21,1.6739698345423144e-21,1.6739626940887284e-21,1.6739555537085261e-21,1.673948413403974e-21,1.6739412731717174e-21,1.6739341330142453e-21,1.6739269929298812e-21,1.6739198529195936e-21,1.6739127129833154e-21,1.6739055731212733e-21,1.6738984333335127e-21,1.6738912936201744e-21,1.6738841539811195e-21,1.6738770144167398e-21,1.673869874927177e-21,1.6738627355119592e-21,1.6738555961711826e-21,1.6738484569051192e-21,1.6738413177141969e-21,1.6738341785981304e-21,1.6738270395572639e-21,1.6738199005914638e-21,1.6738127617008413e-21,1.6738056228853656e-21,1.6737984841446614e-21,1.6737913454798604e-21,1.673784206890921e-21,1.6737770683758653e-21,1.6737699299368442e-21,1.6737627915730275e-21,1.6737556532861589e-21,1.6737485150750714e-21,1.6737413769399283e-21,1.6737342388795905e-21,1.6737271008963795e-21,1.6737199629878117e-21,1.6737128251568802e-21,1.6737056874028589e-21,1.6736985497240072e-21,1.6736914121210196e-21,1.673684274595375e-21,1.6736771371463044e-21,1.6736699997737084e-21,1.6736628624788227e-21,1.6736557252592312e-21,1.6736485881170917e-21,1.6736414510515386e-21,1.6736343140626104e-21,1.6736271771479542e-21,1.673620040313051e-21,1.6736129035557876e-21,1.6736057668739905e-21,1.6735986302705653e-21,1.6735914937444998e-21,1.6735843572952239e-21,1.6735772209253148e-21,1.673570084631625e-21,1.6735629484160649e-21,1.6735558122759963e-21,1.6735486762157203e-21,1.6735415402333273e-21,1.673534404328718e-21,1.6735272685021322e-21,1.6735201327524822e-21,1.6735129970827942e-21,1.6735058614905385e-21,1.6734987259757088e-21,1.6734915905394372e-21,1.6734844551819492e-21,1.6734773199021055e-21,1.673470184701332e-21,1.6734630495797595e-21,1.6734559145373734e-21,1.673448779573029e-21,1.6734416446872121e-21,1.6734345098800409e-21,1.6734273751511758e-21,1.6734202405015933e-21,1.6734131059313175e-21,1.6734059714395615e-21,1.6733988370273944e-21,1.673391702692617e-21,1.6733845684388547e-21,1.6733774342628783e-21,1.6733703001734805e-21,1.6733631661579065e-21,1.6733560322205863e-21,1.6733488983646864e-21,1.6733417645878433e-21,1.67333463088979e-21,1.673327497272458e-21,1.6733203637379092e-21,1.6733132302803101e-21,1.6733060969027166e-21,1.6732989636048773e-21,1.6732918303872145e-21,1.6732846972494527e-21,1.6732775641911666e-21,1.6732704312143017e-21,1.6732632983173277e-21,1.6732561655006128e-21,1.6732490327650414e-21,1.6732419001101402e-21,1.673234767535512e-21,1.6732276350386375e-21,1.6732205026275114e-21,1.6732133702950764e-21,1.673206238043279e-21,1.67319910587505e-21,1.6731919737847985e-21,1.6731848417759509e-21,1.6731777098478138e-21,1.6731705780036935e-21,1.6731634462389565e-21,1.6731563145548618e-21,1.6731491829517094e-21,1.6731420514302787e-21,1.6731349199898552e-21,1.6731277886313489e-21,1.6731206573543187e-21,1.6731135261590119e-21,1.6731063950438382e-21,1.6730992640111588e-21,1.673092133062663e-21,1.6730850021912449e-21,1.6730778714045598e-21,1.673070740701687e-21,1.6730636100853148e-21,1.6730564795459164e-21,1.6730493490865807e-21,1.6730422187085485e-21,1.673035088413682e-21,1.673027958201587e-21,1.6730208280727263e-21,1.6730136980264561e-21,1.6730065680625863e-21,1.6729994381813127e-21,1.6729923083827423e-21,1.672985178667151e-21,1.6729780490340434e-21,1.6729709194845158e-21,1.6729637900171316e-21,1.6729566606340233e-21,1.6729495313324178e-21,1.6729424021133778e-21,1.6729352729793127e-21,1.672928143923449e-21,1.6729210149523718e-21,1.6729138860668098e-21,1.6729067572642347e-21,1.6728996285443753e-21,1.672892499907904e-21,1.672885371353653e-21,1.672878242885228e-21,1.672871114502079e-21,1.6728639862008993e-21,1.6728568579833634e-21,1.6728497298489752e-21,1.672842601799352e-21,1.6728354738319839e-21,1.672828345948424e-21,1.6728212181503835e-21,1.6728140904374538e-21,1.6728069628076559e-21,1.6727998352593404e-21,1.6727927077975964e-21,1.6727855804201854e-21,1.6727784531274564e-21,1.6727713259192265e-21,1.6727641987941044e-21,1.67275707175928e-21,1.67274994480601e-21,1.6727428179356468e-21,1.6727356911493851e-21,1.6727285644481172e-21,1.6727214378317682e-21,1.6727143113008986e-21,1.6727071848542714e-21,1.6727000584922408e-21,1.6726929322133992e-21,1.6726858060204558e-21,1.6726786799125181e-21,1.6726715538911235e-21,1.6726644279536254e-21,1.6726573021028405e-21,1.6726501763367168e-21,1.6726430506552622e-21,1.672635925058537e-21,1.6726287995471082e-21,1.6726216741221982e-21,1.6726145487837081e-21,1.6726074235319906e-21,1.6726002983663487e-21,1.6725931732851134e-21,1.6725860482922619e-21,1.6725789233838315e-21,1.672571798558257e-21,1.6725646738200983e-21,1.672557549167717e-21,1.6725504246032833e-21,1.6725433001239063e-21,1.6725361757314066e-21,1.6725290514242563e-21,1.6725219272033698e-21,1.6725148030690319e-21,1.6725076790203532e-21,1.6725005550585133e-21,1.6724934311832001e-21,1.6724863073944457e-21,1.672479183689531e-21,1.6724720600726519e-21,1.672464936542813e-21,1.6724578131004522e-21,1.6724506897420406e-21,1.6724435664735106e-21,1.6724364432918945e-21,1.6724293201961716e-21,1.6724221971884037e-21,1.672415074266928e-21,1.6724079514344783e-21,1.672400828688184e-21,1.6723937060267922e-21,1.6723865834548914e-21,1.6723794609700481e-21,1.6723723385720417e-21,1.6723652162600952e-21,1.6723580940361718e-21,1.6723509719011746e-21,1.6723438498535383e-21,1.6723367278930317e-21,1.6723296060205958e-21,1.6723224842359676e-21,1.6723153625382838e-21,1.6723082409306166e-21,1.6723011194094355e-21,1.6722939979760268e-21,1.6722868766297293e-21,1.6722797553700256e-21,1.672272634200177e-21,1.672265513118236e-21,1.6722583921219344e-21,1.672251271214523e-21,1.6722441503974157e-21,1.6722370296688956e-21,1.6722299090254253e-21,1.6722227884728028e-21,1.6722156680061951e-21,1.672208547630998e-21,1.6722014273445447e-21,1.6721943071457003e-21,1.6721871870357094e-21,1.6721800670162118e-21,1.6721729470834546e-21,1.6721658272409424e-21,1.6721587074864042e-21,1.6721515878208305e-21,1.672144468243148e-21,1.672137348754379e-21,1.6721302293555062e-21,1.6721231100459948e-21,1.67211599082738e-21,1.672108871695361e-21,1.6721017526528715e-21,1.6720946336996957e-21,1.6720875148333463e-21,1.6720803960589967e-21,1.6720732773752297e-21,1.6720661587803613e-21,1.672059040272704e-21,1.672051921854396e-21,1.6720448035270336e-21,1.672037685289271e-21,1.6720305671442397e-21,1.6720234490868814e-21,1.6720163311174783e-21,1.6720092132373731e-21,1.672002095448516e-21,1.6719949777487602e-21,1.6719878601385573e-21,1.6719807426194266e-21,1.6719736251898134e-21,1.6719665078500195e-21,1.6719593906009088e-21,1.6719522734420184e-21,1.6719451563731673e-21,1.6719380393948504e-21,1.671930922506098e-21,1.6719238057071968e-21,1.671916689000695e-21,1.6719095723833947e-21,1.671902455856783e-21,1.6718953394206615e-21,1.6718882230742042e-21,1.6718811068192274e-21,1.6718739906550718e-21,1.671866874581393e-21,1.6718597585985759e-21,1.6718526427064056e-21,1.67184552690268e-21,1.6718384111922453e-21,1.6718312955727124e-21,1.6718241800429887e-21,1.6718170646036183e-21,1.6718099492589554e-21,1.6718028340027665e-21,1.6717957188384424e-21,1.6717886037654995e-21,1.6717814887832935e-21,1.6717743738927916e-21,1.6717672590933906e-21,1.6717601443855188e-21,1.6717530297689995e-21,1.671745915243937e-21,1.6717388008102829e-21,1.671731686467376e-21,1.671724572216739e-21,1.6717174580589064e-21,1.6717103439914343e-21,1.6717032300144435e-21,1.6716961161303405e-21,1.6716890023392556e-21,1.6716818886390247e-21,1.671674775030617e-21,1.6716676615141415e-21,1.6716605480894463e-21,1.6716534347560786e-21,1.6716463215154641e-21,1.6716392083679293e-21,1.671632095311805e-21,1.6716249823470089e-21,1.6716178694723638e-21,1.6716107566924446e-21,1.6716036440027608e-21,1.671596531407632e-21,1.6715894189027915e-21,1.6715823064919638e-21,1.6715751941740605e-21,1.6715680819487575e-21,1.6715609698171635e-21,1.6715538577768964e-21,1.6715467458304178e-21,1.671539633975555e-21,1.6715325222112438e-21,1.6715254105417596e-21,1.6715182989648213e-21,1.671511187480866e-21,1.6715040760898772e-21,1.6714969647918347e-21,1.6714898535875774e-21,1.671482742472662e-21,1.6714756314536727e-21,1.671468520528067e-21,1.6714614096925454e-21,1.6714542989525324e-21,1.6714471883066848e-21,1.671440077753534e-21,1.6714329672934676e-21,1.6714258569268057e-21,1.6714187466539071e-21,1.6714116364731686e-21,1.6714045263878021e-21,1.6713974163921957e-21,1.6713903064925468e-21,1.6713831966867114e-21,1.6713760869738555e-21,1.671368977350752e-21,1.671361867825522e-21,1.6713547583942357e-21,1.6713476490567086e-21,1.6713405398129879e-21,1.6713334306626717e-21,1.6713263216067255e-21,1.6713192126445688e-21,1.6713121037764671e-21,1.6713049950015333e-21,1.6712978863222327e-21,1.6712907777363507e-21,1.6712836692446665e-21,1.6712765608470229e-21,1.6712694525437856e-21,1.6712623443338078e-21,1.6712552362189479e-21,1.671248128198179e-21,1.6712410202717937e-21,1.6712339124381374e-21,1.6712268047005695e-21,1.6712196970547806e-21,1.6712125895061973e-21,1.6712054820518823e-21,1.6711983746925815e-21,1.671191267427574e-21,1.6711841602575328e-21,1.6711770531822423e-21,1.6711699462009972e-21,1.671162839315235e-21,1.671155732523862e-21,1.6711486258268151e-21,1.6711415192248595e-21,1.6711344127181698e-21,1.6711273063063573e-21,1.6711201999902957e-21,1.6711130937690605e-21,1.671105987642944e-21,1.6710988816112233e-21,1.6710917756758264e-21,1.67108466983517e-21,1.6710775640897581e-21,1.6710704584390895e-21,1.67106335288409e-21,1.6710562474243664e-21,1.6710491420602504e-21,1.6710420367915497e-21,1.6710349316188792e-21,1.6710278265409716e-21,1.671020721558778e-21,1.6710136166718699e-21,1.6710065118807334e-21,1.6709994071854417e-21,1.6709923025854683e-21,1.6709851980819896e-21,1.6709780936744172e-21,1.6709709893599742e-21,1.67096388514295e-21,1.6709567810190358e-21,1.6709496769939899e-21,1.6709425730640678e-21,1.6709354692311558e-21,1.6709283654941405e-21,1.6709212618531617e-21,1.6709141583076523e-21,1.6709070548567669e-21,1.6708999515042172e-21,1.6708928482479361e-21,1.6708857450876588e-21,1.6708786420246734e-21,1.6708715390571607e-21,1.6708644361857143e-21,1.6708573334103282e-21,1.6708502307323033e-21,1.6708431281502279e-21,1.670836025664684e-21,1.6708289232757264e-21,1.6708218209823623e-21,1.6708147187864167e-21,1.6708076166848271e-21,1.6708005146820378e-21,1.6707934127759613e-21,1.6707863109668553e-21,1.6707792092535042e-21,1.6707721076379222e-21,1.670765006119208e-21,1.6707579046969872e-21,1.670750803371847e-21,1.6707437021438239e-21,1.6707366010126704e-21,1.6707294999786565e-21,1.6707223990414161e-21,1.6707152982016473e-21,1.6707081974589992e-21,1.6707010968129622e-21,1.6706939962645528e-21,1.6706868958132454e-21,1.670679795458302e-21,1.6706726951991155e-21,1.6706655950406347e-21,1.6706584949785957e-21,1.6706513950140278e-21,1.6706442951468443e-21,1.6706371953771225e-21,1.6706300957049503e-21,1.67062299612854e-21,1.6706158966515179e-21,1.6706087972720148e-21,1.6706016979902246e-21,1.6705945988058774e-21,1.6705874997193735e-21,1.6705804007308612e-21,1.6705733018392244e-21,1.6705662030457764e-21,1.6705591043501662e-21,1.6705520057525947e-21,1.6705449072521278e-21,1.6705378088502758e-21,1.6705307105467156e-21,1.6705236123408782e-21,1.6705165142331356e-21,1.6705094162235141e-21,1.6705023183112504e-21,1.6704952204979472e-21,1.6704881227827254e-21,1.6704810251655871e-21,1.6704739276435511e-21,1.6704668302229307e-21,1.6704597329002228e-21,1.670452635675976e-21,1.6704455385518124e-21,1.6704384415247607e-21,1.6704313445970843e-21,1.6704242477675489e-21,1.6704171510344657e-21,1.6704100543998286e-21,1.6704029578656154e-21,1.6703958614298106e-21,1.6703887650923733e-21,1.6703816688534087e-21,1.6703745727134382e-21,1.6703674766718206e-21,1.6703603807296882e-21,1.670353284886209e-21,1.670346189141591e-21,1.670339093494235e-21,1.6703319979473334e-21,1.6703249024992723e-21,1.6703178071503095e-21,1.6703107119003833e-21,1.6703036167492855e-21,1.6702965216962189e-21,1.6702894267425744e-21,1.6702823318889092e-21,1.6702752371333715e-21,1.6702681424769626e-21,1.6702610479208426e-21,1.670253953462382e-21,1.670246859104792e-21,1.6702397648473237e-21,1.6702326706882156e-21,1.6702255766286243e-21,1.670218482668314e-21,1.670211388807581e-21,1.670204295046621e-21,1.6701972013852952e-21,1.6701901078220404e-21,1.6701830143592385e-21,1.6701759209961918e-21,1.6701688277327643e-21,1.6701617345713284e-21,1.6701546415063197e-21,1.6701475485417054e-21,1.6701404556742877e-21,1.6701333629088814e-21,1.670126270243953e-21,1.6701191776787179e-21,1.6701120852095178e-21,1.670104992843424e-21,1.6700979005780702e-21,1.6700908084117759e-21,1.6700837163457235e-21,1.670076624380866e-21,1.6700695325154673e-21,1.6700624407502153e-21,1.6700553490849802e-21,1.670048257520077e-21,1.6700411660550679e-21,1.6700340746897578e-21,1.6700269834245904e-21,1.6700198922599429e-21,1.6700128011963796e-21,1.67000571023301e-21,1.6699986193696156e-21,1.6699915286070456e-21,1.6699844379442582e-21,1.6699773473824874e-21,1.6699702569209723e-21,1.6699631665603467e-21,1.6699560763002386e-21,1.6699489861416625e-21,1.6699418960821133e-21,1.6699348061237846e-21,1.6699277162662198e-21,1.669920626510571e-21,1.6699135368532487e-21,1.669906447297879e-21,1.6698993578423675e-21,1.669892268488234e-21,1.6698851792360231e-21,1.6698780900845657e-21,1.6698710010327542e-21,1.6698639120826165e-21,1.669856823233305e-21,1.6698497344839285e-21,1.6698426458370721e-21,1.6698355572913243e-21,1.669828468846277e-21,1.6698213805015243e-21,1.6698142922587206e-21,1.6698072041170063e-21,1.6698001160773293e-21,1.6697930281381891e-21,1.6697859403002619e-21,1.6697788525637292e-21,1.6697717649285258e-21,1.6697646773951932e-21,1.6697575899624126e-21,1.669750502631278e-21,1.669743415402513e-21,1.6697363282759307e-21,1.6697292412482582e-21,1.6697221543236182e-21,1.669715067500327e-21,1.6697079807782798e-21,1.6697008941581707e-21,1.6696938076391438e-21,1.6696867212228273e-21,1.6696796349071872e-21,1.6696725486941858e-21,1.6696654625829528e-21,1.6696583765729768e-21,1.6696512906642556e-21,1.6696442048568116e-21,1.6696371191526953e-21,1.6696300335511581e-21,1.6696229480503993e-21,1.6696158626513945e-21,1.6696087773536842e-21,1.6696016921595726e-21,1.6695946070664592e-21,1.6695875220749951e-21,1.669580437186405e-21,1.669573352399976e-21,1.669566267715979e-21,1.6695591831339927e-21,1.6695520986533947e-21,1.6695450142755968e-21,1.6695379299999263e-21,1.669530845826815e-21,1.669523761755142e-21,1.6695166777874793e-21,1.6695095939202322e-21,1.6695025101555475e-21,1.669495426494846e-21,1.6694883429355026e-21,1.6694812594792366e-21,1.6694741761252846e-21,1.6694670928740891e-21,1.6694600097254411e-21,1.6694529266794224e-21,1.6694458437355995e-21,1.6694387608942601e-21,1.6694316781552864e-21,1.6694245955196335e-21,1.669417512986976e-21,1.669410430557096e-21,1.6694033482300341e-21,1.6693962660053267e-21,1.6693891838839293e-21,1.6693821018665925e-21,1.669375019950933e-21,1.669367938138173e-21,1.6693608564284078e-21,1.6693537748219781e-21,1.6693466933182315e-21,1.669339611916841e-21,1.6693325306181686e-21,1.6693254494233423e-21,1.6693183683315593e-21,1.6693112873425938e-21,1.6693042064577997e-21,1.6692971256752194e-21,1.6692900449964665e-21,1.6692829644209273e-21,1.6692758839483595e-21,1.669268803578838e-21,1.6692617233122823e-21,1.6692546431482274e-21,1.6692475630879019e-21,1.6692404831332193e-21,1.6692334032816729e-21,1.6692263235330565e-21,1.669219243887944e-21,1.6692121643455078e-21,1.6692050849071727e-21,1.6691980055723268e-21,1.6691909263409785e-21,1.669183847213323e-21,1.669176768186035e-21,1.6691696892659223e-21,1.6691626104494702e-21,1.6691555317369178e-21,1.6691484531278442e-21,1.669141374621564e-21,1.6691342962207776e-21,1.669127217923656e-21,1.6691201397295218e-21,1.669113061640102e-21,1.6691059836543045e-21,1.6690989057729863e-21,1.669091827995218e-21,1.6690847503215027e-21,1.6690776727520717e-21,1.6690705952879884e-21,1.6690635179258509e-21,1.6690564406676028e-21,1.6690493635148003e-21,1.669042286464615e-21,1.6690352095195242e-21,1.6690281326788476e-21,1.6690210559419732e-21,1.669013979309013e-21,1.6690069027807398e-21,1.6689998263562202e-21,1.6689927500362629e-21,1.6689856738205197e-21,1.6689785977094682e-21,1.6689715217024121e-21,1.6689644458015066e-21,1.6689573700034386e-21,1.6689502943086396e-21,1.6689432187197786e-21,1.668936143234974e-21,1.6689290678540989e-21,1.6689219925783403e-21,1.6689149174077077e-21,1.668907842341756e-21,1.668900767379977e-21,1.668893692523276e-21,1.6688866177710165e-21,1.6688795431237236e-21,1.6688724685813294e-21,1.6688653941439708e-21,1.6688583198108755e-21,1.6688512455838042e-21,1.6688441714605954e-21,1.668837097440554e-21,1.668830023526845e-21,1.6688229497190197e-21,1.6688158760141024e-21,1.6688088024152668e-21,1.6688017289215689e-21,1.6687946555328323e-21,1.6687875822491507e-21,1.6687805090703655e-21,1.6687734359968351e-21,1.668766363028414e-21,1.6687592901651122e-21,1.6687522174070065e-21,1.6687451447540536e-21,1.6687380722063304e-21,1.6687309997645303e-21,1.6687239274272702e-21,1.6687168551955533e-21,1.6687097830689158e-21,1.6687027110476521e-21,1.6686956391316755e-21,1.6686885673162262e-21,1.6686814956110401e-21,1.6686744240102156e-21,1.6686673525158846e-21,1.6686602811262259e-21,1.6686532098417682e-21,1.6686461386638277e-21,1.6686390675915346e-21,1.6686319966257944e-21,1.6686249257647064e-21,1.6686178550092036e-21,1.6686107843593308e-21,1.6686037138151852e-21,1.668596643376586e-21,1.6685895730437596e-21,1.6685825028165355e-21,1.6685754326952346e-21,1.6685683626793739e-21,1.6685612927696285e-21,1.6685542229656721e-21,1.668547153267814e-21,1.6685400836756135e-21,1.6685330141893441e-21,1.6685259448094253e-21,1.668518875535182e-21,1.668511806366369e-21,1.66850473730392e-21,1.6684976683479763e-21,1.668490599497583e-21,1.6684835307533733e-21,1.668476462115181e-21,1.6684693935830981e-21,1.668462325157086e-21,1.668455256838679e-21,1.6684481886251096e-21,1.6684411205177462e-21,1.6684340525151704e-21,1.668426984621522e-21,1.6684199168332818e-21,1.6684128491509436e-21,1.6684057815749029e-21,1.6683987141051723e-21,1.6683916467420265e-21,1.6683845794850698e-21,1.6683775123343626e-21,1.6683704452898664e-21,1.6683633783517312e-21,1.6683563115204876e-21,1.6683492447956377e-21,1.668342178177217e-21,1.6683351116656079e-21,1.6683280452602556e-21,1.6683209789617694e-21,1.6683139127702561e-21,1.6683068466852739e-21,1.6682997807061557e-21,1.6682927148345112e-21,1.6682856490691054e-21,1.6682785834107259e-21,1.6682715178589949e-21,1.6682644524141124e-21,1.6682573870768912e-21,1.6682503218456053e-21,1.6682432567210247e-21,1.668236191702482e-21,1.6682291267917741e-21,1.6682220619880715e-21,1.6682149972937245e-21,1.6682079327038153e-21,1.6682008682207926e-21,1.6681938038448327e-21,1.6681867395764737e-21,1.6681796754139502e-21,1.6681726113591847e-21,1.6681655474120665e-21,1.6681584835714054e-21,1.6681514198378535e-21,1.6681443562114843e-21,1.668137292692386e-21,1.668130229280329e-21,1.6681231659754041e-21,1.6681161027777198e-21,1.6681090396875317e-21,1.6681019767045403e-21,1.6680949138296405e-21,1.6680878510614909e-21,1.668080788400514e-21,1.6680737258501407e-21,1.6680666634036678e-21,1.6680596010652853e-21,1.6680525388338953e-21,1.6680454767096885e-21,1.6680384146932144e-21,1.6680313527844807e-21,1.6680242909826937e-21,1.6680172292879658e-21,1.6680101677013845e-21,1.6680031062226388e-21,1.6679960448512025e-21,1.6679889835876094e-21,1.6679819224295096e-21,1.6679748613800728e-21,1.6679678004395257e-21,1.6679607396067748e-21,1.667953678882521e-21,1.6679466182650627e-21,1.667939557755515e-21,1.6679324973515172e-21,1.6679254370577324e-21,1.667918376870958e-21,1.6679113167925883e-21,1.6679042568222284e-21,1.6678971969599059e-21,1.6678901372053835e-21,1.667883077558231e-21,1.6678760180196422e-21,1.6678689585872961e-21,1.6678618992647452e-21,1.6678548400502344e-21,1.6678477809458097e-21,1.6678407219476702e-21,1.6678336630574378e-21,1.6678266042766252e-21,1.6678195456022213e-21,1.6678124870363754e-21,1.6678054285785984e-21,1.6677983702287984e-21,1.6677913119871923e-21,1.6677842538541027e-21,1.6677771958284508e-21,1.6677701379118311e-21,1.6677630801035659e-21,1.6677560224038492e-21,1.6677489648122154e-21,1.6677419073289445e-21,1.6677348499538894e-21,1.6677277926873055e-21,1.6677207355300061e-21,1.6677136784812346e-21,1.6677066215400548e-21,1.6676995647064482e-21,1.6676925079822135e-21,1.6676854513664117e-21,1.6676783948581863e-21,1.6676713384595464e-21,1.6676642821696295e-21,1.6676572259883654e-21,1.667650169916328e-21,1.6676431139522584e-21,1.6676360580968585e-21,1.6676290023495704e-21,1.6676219467113473e-21,1.6676148911818898e-21,1.6676078357614212e-21,1.6676007804497284e-21,1.6675937252466882e-21,1.6675866701521326e-21,1.667579615166793e-21,1.6675725602903797e-21,1.6675655055257235e-21,1.6675584508670878e-21,1.6675513963181318e-21,1.6675443418775475e-21,1.6675372875456744e-21,1.6675302333240537e-21,1.6675231792098381e-21,1.667516125203689e-21,1.6675090713076636e-21,1.667502017520881e-21,1.667494963843635e-21,1.6674879102748261e-21,1.6674808568160676e-21,1.6674738034664359e-21,1.667466750226035e-21,1.6674596970936825e-21,1.6674526440697453e-21,1.667445591156028e-21,1.6674385383519236e-21,1.6674314856567195e-21,1.6674244330707548e-21,1.6674173805956567e-21,1.6674103282284479e-21,1.6674032759701555e-21,1.6673962238213515e-21,1.6673891717820063e-21,1.6673821198517733e-21,1.6673750680310343e-21,1.667368016316613e-21,1.6673609647152198e-21,1.6673539132213108e-21,1.6673468618385947e-21,1.6673398105651164e-21,1.667332759401587e-21,1.6673257083474418e-21,1.6673186574028328e-21,1.6673116065651805e-21,1.6673045558393975e-21,1.6672975052235399e-21,1.6672904547171402e-21,1.6672834043191889e-21,1.6672763540317653e-21,1.6672693038556358e-21,1.6672622537882353e-21,1.667255203830743e-21,1.6672481539816643e-21,1.66724110424365e-21,1.6672340546147618e-21,1.6672270050959471e-21,1.6672199556871781e-21,1.6672129063873345e-21,1.6672058571979015e-21,1.6671988081189008e-21,1.6671917591497014e-21,1.6671847102903908e-21,1.667177661543181e-21,1.6671706129037196e-21,1.667163564373815e-21,1.6671565159550596e-21,1.667149467645536e-21,1.6671424194474624e-21,1.6671353713591147e-21,1.6671283233798264e-21,1.6671212755106526e-21,1.6671142277516327e-21,1.6671071801028781e-21,1.6671001325632104e-21,1.6670930851344868e-21,1.6670860378160501e-21,1.667078990607739e-21,1.6670719435084355e-21,1.667064896520572e-21,1.6670578496431743e-21,1.667050802875032e-21,1.6670437562181023e-21,1.6670367096710716e-21,1.6670296632354096e-21,1.6670226169100335e-21,1.6670155706944543e-21,1.667008524589257e-21,1.6670014785944956e-21,1.6669944327100639e-21,1.6669873869348438e-21,1.6669803412713435e-21,1.6669732957184375e-21,1.6669662502759306e-21,1.6669592049438893e-21,1.6669521597225164e-21,1.6669451146115995e-21,1.666938069611303e-21,1.66693102472147e-21,1.6669239799422972e-21,1.6669169352729538e-21,1.666909890715136e-21,1.6669028462681329e-21,1.6668958019318268e-21,1.6668887577061662e-21,1.6668817135907682e-21,1.666874669586376e-21,1.6668676256962156e-21,1.666860581913311e-21,1.6668535382412067e-21,1.666846494680644e-21,1.6668394512296848e-21,1.666832407890161e-21,1.6668253646610583e-21,1.66681832154318e-21,1.6668112785359536e-21,1.6668042356395852e-21,1.6667971928564284e-21,1.6667901501822494e-21,1.6667831076190108e-21,1.6667760651668384e-21,1.6667690228257693e-21,1.666761980597093e-21,1.6667549384776752e-21,1.6667478964695356e-21,1.6667408545713714e-21,1.6667338127854363e-21,1.6667267711118847e-21,1.666719729548179e-21,1.666712688093852e-21,1.6667056467526863e-21,1.6666986055223034e-21,1.6666915644032073e-21,1.6666845233953009e-21,1.6666774824985752e-21,1.6666704417130484e-21,1.6666634010387838e-21,1.6666563604760011e-21,1.6666493200238933e-21,1.6666422796833204e-21,1.6666352394545964e-21,1.6666281993374888e-21,1.6666211593311034e-21
21,1.687099760954888e-83,8.613287522734186e-83,2.6611984890417736e-82,6.420624275685413e-82,1.3296899297770642e-81,2.4784987299928244e-81,4.274828457769758e-81,6.944849243301471e-81,1.0757527818433617e-80,1.6027613250934906e-80,2.3118663952222536e-80,3.2446124854729184e-80,4.4480455682487146e-80,5.97503066379546e-80,7.884573550422776e-80,1.0242145930678458e-79,1.3120013371897774e-79,1.6597565393851782e-79,2.0761647154876948e-79,2.5706892274394478e-79,3.153605641417543e-79,3.836035131810673e-79,4.6299779077015216e-79,5.548346644202672e-79,6.60499990559716e-79,7.814775550947869e-79,9.193524115713234e-79,1.0758142165159463e-78,1.2526605616913323e-78,1.4518003031372113e-78,1.6752568869367369e-78,1.925171671717338e-78,2.2038072479318577e-78,2.5135507539875083e-78,2.856917189300834e-78,3.236552724364709e-78,3.655238007916137e-78,4.1158914712712046e-78,4.621572629929959e-78,5.175485382479956e-78,5.780981306893589e-78,6.441562954250119e-78,7.16088713994882e-78,7.942768232426738e-78,8.791181439441356e-78,9.710266091929457e-78,1.0704328925477912e-77,1.177784735941914e-77,1.2935472773577855e-77,1.4182033782676102e-77,1.5522539508408539e-77,1.6962182849210331e-77,1.8506343747713307e-77,2.016059245589787e-77,2.1930692797970598e-77,2.38226054309256e-77,2.5842491102858955e-77,2.7996713908969126e-77,3.0291844545312895e-77,3.2734663560267657e-77,3.533216460374407e-77,3.809155767412182e-77,4.1020272362914724e-77,4.4125961097207635e-77,4.7416502379781376e-77,5.0900004027035514e-77,5.458480640462293e-77,5.847948566083645e-77,6.259285695775923e-77,6.6933977700144895e-77,7.151215076205617e-77,7.633692771128879e-77,8.1418112031477e-77,8.676576234203885e-77,9.239019561583243e-77,9.830199039458946e-77,1.045119900020928e-76,1.1103130575514321e-76,1.1787132017227355e-76,1.2504369018022907e-76,1.3256035031825622e-76,1.404335159400332e-76,1.4867568641361783e-76,1.572996483188787e-76,1.6631847864290933e-76,1.7574554797311453e-76,1.8559452368816707e-76,1.9587937314658364e-76,2.0661436687332348e-76,2.17814081743886e-76,2.2949340416637913e-76,2.4166753326146767e-76,2.5435198403976076e-76,2.6756259057731467e-76,2.8131550918882434e-76,2.956272215985241e-76,3.1051453810898954e-76,3.2599460076772134e-76,3.420848865314684e-76,3.588032104283176e-76,3.7616772871784875e-76,3.941969420486146e-76,4.1290969861391083e-76,4.323251973050418e-76,4.5246299086251474e-76,4.7334298902501685e-76,4.949854616761127e-76,5.174110419890491e-76,5.406407295689474e-76,5.646958935930686e-76,5.895982759489207e-76,6.15369994370033e-76,6.420335455697435e-76,6.696118083725225e-76,6.981280468433872e-76,7.276059134150659e-76,7.580694520127646e-76,7.895431011772443e-76,8.220516971851609e-76,8.55620477167677e-76,8.902750822266606e-76,9.260415605488186e-76,9.629463705175321e-76,1.0010163838227863e-75,1.0402788885686867e-75,1.0807615923788347e-75,1.122492625499797e-75,1.1655005439020792e-75,1.2098143323791354e-75,1.2554634076441517e-75,1.3024776214249317e-75,1.3508872635558833e-75,1.4007230650688906e-75,1.452016201281329e-75,1.50479829488208e-75,1.5591014190154172e-75,1.6149581003629317e-75,1.6724013222229392e-75,1.731464527588087e-75,1.7921816222209294e-75,1.8545869777264152e-75,1.9187154346236664e-75,1.9846023054145646e-75,2.0522833776506622e-75,2.1217949169975998e-75,2.193173670298137e-75,2.266456868632048e-75,2.341682230374266e-75,2.418887964251838e-75,2.498112772397099e-75,2.5793958533999176e-75,2.662776905357352e-75,2.74829612892142e-75,2.835994230344818e-75,2.9259124245234773e-75,3.0180924380390953e-75,3.11257651219728e-75,3.2094074060647296e-75,3.3086283995049604e-75,3.410283296210481e-75,3.514416426733482e-75,3.6210726515148305e-75,3.7302973639099845e-75,3.842136493214365e-75,3.956636507684671e-75,4.07384441755966e-75,4.1938077780781323e-75,4.31657469249483e-75,4.442193815094319e-75,4.570714354202802e-75,4.702186075198272e-75,4.836659303517838e-75,4.974184927662701e-75,5.114814402202255e-75,5.258599750775222e-75,5.405593569089539e-75,5.555849027918071e-75,5.709419876095288e-75,5.866360443508952e-75,6.026725644092802e-75,6.1905709788127e-75,6.357952538656076e-75,6.528927007615695e-75,6.703551665671168e-75,6.88188439177098e-75,7.063983666810724e-75,7.249908576608373e-75,7.439718814880698e-75,7.63347468621248e-75,7.831237109030426e-75,8.033067618567999e-75,8.239028369833037e-75,8.449182140572441e-75,8.663592334232634e-75,8.882322982919406e-75,9.105438750358426e-75,9.333004934845991e-75,9.565087472208826e-75,9.801752938750628e-75,1.0043068554204677e-74,1.0289102184679512e-74,1.0539922345606618e-74,1.0795598204680985e-74,1.105619958480631e-74,1.1321796967029205e-74,1.1592461493483877e-74,1.1868264970318405e-74,1.2149279870635133e-74,1.2435579337420307e-74,1.2727237186468748e-74,1.3024327909318294e-74,1.3326926676169894e-74,1.36351093388109e-74,1.3948952433537724e-74,1.426853318407514e-74,1.4593929504492147e-74,1.492522000211494e-74,1.5262483980444789e-74,1.5605801442064156e-74,1.5955253091548846e-74,1.6310920338373215e-74,1.6672885299814766e-74,1.7041230803858351e-74,1.7416040392095027e-74,1.7797398322623385e-74,1.8185389572942384e-74,1.858009984285154e-74,1.898161555733909e-74,1.9390023869473443e-74,1.980541266329471e-74,2.022787055669728e-74,2.065748690431937e-74,2.109435180041911e-74,2.1538556081761845e-74,2.1990191330497155e-74,2.2449349877031366e-74,2.291612480290767e-74,2.339060994367474e-74,2.3872899891759547e-74,2.4363089999337585e-74,2.486127638119514e-74,2.5367555917597258e-74,2.5882026257149987e-74,2.6404785819661085e-74,2.6935933798996548e-74,2.7475570165942897e-74,2.802379567105472e-74,2.85807118475121e-74,2.914642101397158e-74,2.972102627741266e-74,3.0304631535986847e-74,3.0897341481859294e-74,3.149926160405552e-74,3.2110498191300023e-74,3.273115833485645e-74,3.3361349931363665e-74,3.4001181685668753e-74,3.465076311366393e-74,3.5310204545117514e-74,3.597961712649855e-74,3.665911282380984e-74,3.734880442540647e-74,3.8048805544824795e-74,3.875923062360001e-74,3.94801949340888e-74,4.021181458228265e-74,4.095420651062952e-74,4.170748850082851e-74,4.247177917667747e-74,4.324719800684744e-74,4.403386530770393e-74,4.48319022461134e-74,4.564143084224573e-74,4.646257397237788e-74,4.729545537168762e-74,4.8140199637056e-74,4.899693222986484e-74,4.986577947878412e-74,5.074686858257104e-74,5.1640327612856615e-74,5.25462855169331e-74,5.346487212053997e-74,5.439621813065157e-74,5.534045513825492e-74,5.6297715621133626e-74,5.726813294664369e-74,5.82518413744953e-74,5.924897605951773e-74,6.025967305443682e-74,6.128406931265343e-74,6.2322302690997356e-74,6.337451195250747e-74,6.444083676918301e-74,6.552141772477622e-74,6.661639631750476e-74,6.7725914962841646e-74,6.885011699628843e-74,6.998914667609513e-74,7.1143149186037e-74,7.231227063814873e-74,7.349665807549364e-74,7.469645947489788e-74,7.59118237497014e-74,7.714290075249596e-74,7.838984127787533e-74,7.965279706517021e-74,8.093192080118728e-74,8.222736612294912e-74,8.353928762041938e-74,8.486784083924272e-74,8.621318228347843e-74,8.75754694183166e-74,8.895486067282253e-74,9.035151544264296e-74,9.17655940927423e-74,9.319725796011781e-74,9.464666935651953e-74,9.61139915711697e-74,9.759938887347393e-74,9.910302651574341e-74,1.006250707359002e-73,1.0216568876017794e-73,1.0372504880584513e-73,1.0530332008391202e-73,1.069006728018166e-73,1.0851727816614386e-73,1.1015330838532203e-73,1.1180893667232057e-73,1.1348433724734077e-73,1.1517968534050803e-73,1.1689515719459547e-73,1.1863093006767435e-73,1.203871822358218e-73,1.2216409299580831e-73,1.2396184266779165e-73,1.2578061259796094e-73,1.276205851613051e-73,1.294819437641616e-73,1.3136487284701448e-73,1.3326955788711907e-73,1.351961854011812e-73,1.371449429480134e-73,1.3911601913124232e-73,1.4110960360195025e-73,1.4312588706133734e-73,1.451650612634077e-73,1.4722731901762936e-73,1.4931285419156614e-73,1.51421861713587e-73,1.535545375754762e-73,1.557110788351127e-73,1.5789168361912938e-73,1.6009655112554697e-73,1.6232588162642976e-73,1.645798764705537e-73,1.6685873808602062e-73,1.6916266998291666e-73,1.7149187675597695e-73,1.7384656408719267e-73,1.762269387484464e-73,1.786332086042425e-73,1.8106558261415662e-73,1.8352427083565803e-73,1.8600948442664948e-73,1.885214356480946e-73,1.910603378666799e-73,1.936264055574163e-73,1.962198543062716e-73,1.9884090081280598e-73,2.0148976289275623e-73,2.0416665948068835e-73,2.068718106326242e-73,2.096054375286246e-73,2.1236776247539465e-73,2.1515900890896114e-73,2.1797940139720273e-73,2.2082916564250903e-73,2.237085284843565e-73,2.2661771790196532e-73,2.295569630168285e-73,2.3252649409536597e-73,2.3552654255150133e-73,2.385573409492723e-73,2.4161912300540876e-73,2.4471212359196207e-73,2.4783657873882835e-73,2.509927256364349e-73,2.5418080263823026e-73,2.5740104926334024e-73,2.6065370619912746e-73,2.6393901530376618e-73,2.672572196088453e-73,2.7060856332192122e-73,2.7399329182912968e-73,2.7741165169770998e-73,2.8086389067864424e-73,2.8435025770918584e-73,2.878710029154259e-73,2.9142637761489087e-73,2.950166343190804e-73,2.986420267360667e-73,3.023028097730365e-73,3.059992395387844e-73,3.0973157334647933e-73,3.135000697159606e-73,3.173049883764701e-73,3.211465902691781e-73,3.2502513754963924e-73,3.2894089359048426e-73,3.328941229838947e-73,3.368850915441266e-73,3.4091406631011135e-73,3.449813155479603e-73,3.490871087535242e-73,3.5323171665494233e-73,3.574154112151806e-73,3.6163846563451054e-73,3.659011543531257e-73,3.70203753053664e-73,3.745465386636419e-73,3.7892978935813885e-73,3.833537845621845e-73,3.8781880495338e-73,3.923251324643603e-73,3.9687305028536066e-73,4.0146284286673187e-73,4.060947959214162e-73,4.107691964275229e-73,4.154863326308246e-73,4.202464940472234e-73,4.250499714653225e-73,4.2989705694893545e-73,4.3478804383957064e-73,4.397232267589143e-73,4.447029016114728e-73,4.497273655867711e-73,4.547969171622765e-73,4.599118561055195e-73,4.6507248347683435e-73,4.7027910163169525e-73,4.755320142233463e-73,4.808315262052173e-73,4.8617794383341686e-73,4.915715746692658e-73,4.9701272758173597e-73,5.025017127499446e-73,5.08038841665678e-73,5.136244271358333e-73,5.1925878328490014e-73,5.249422255574808e-73,5.306750707207282e-73,5.3645763686682887e-73,5.422902434154763e-73,5.481732111163793e-73,5.5410686205165185e-73,5.600915196383592e-73,5.661275086309962e-73,5.722151551238257e-73,5.783547865535508e-73,5.845467317015511e-73,5.907913206964904e-73,5.970888850167627e-73,6.034397574928688e-73,6.098442723099662e-73,6.163027650102768e-73,6.228155724955042e-73,6.293830330293811e-73,6.360054862400122e-73,6.4268327312238e-73,6.494167360408057e-73,6.562062187313243e-73,6.630520663042001e-73,6.699546252463191e-73,6.769142434236416e-73,6.839312700836348e-73,6.91006055857724e-73,6.981389527637284e-73,7.053303142082499e-73,7.12580494989133e-73,7.198898512979057e-73,7.272587407222015e-73,7.34687522248145e-73,7.421765562628175e-73,7.497262045567217e-73,7.573368303260085e-73,7.650087981751887e-73,7.72742474119269e-73,7.805382255863889e-73,7.883964214200809e-73,7.963174318817316e-73,8.043016286530173e-73,8.123493848382934e-73,8.204610749670074e-73,8.28637074996052e-73,8.368777623122688e-73,8.451835157347488e-73,8.535547155172746e-73,8.619917433507527e-73,8.704949823655766e-73,8.790648171339804e-73,8.877016336725165e-73,8.964058194443697e-73,9.051777633618228e-73,9.14017855788549e-73,9.229264885420998e-73,9.319040548962028e-73,9.409509495832362e-73,9.500675687965176e-73,9.592543101927363e-73,9.685115728942902e-73,9.778397574917507e-73,9.872392660461395e-73,9.967105020913835e-73,1.0062538706366045e-72,1.0158697781685234e-72,1.0255586326538319e-72,1.0353208435416387e-72,1.0451568217656401e-72,1.0550669797466856e-72,1.0650517313950224e-72,1.075111492112729e-72,1.0852466787959395e-72,1.0954577098374137e-72,1.105745005128692e-72,1.1161089860625109e-72,1.1265500755352828e-72,1.1370686979492103e-72,1.1476652792148032e-72,1.158340246753285e-72,1.1690940294986524e-72,1.1799270579003663e-72,1.1908397639254712e-72,1.2018325810609592e-72,1.2129059443162077e-72,1.2240602902252167e-72,1.2352960568490053e-72,1.2466136837778637e-72,1.25801361213386e-72,1.2694962845730023e-72,1.2810621452875524e-72,1.292711640008514e-72,1.3044452160078285e-72,1.3162633221007753e-72,1.328166408648199e-72,1.340154927558927e-72,1.3522293322920862e-72,1.3643900778592792e-72,1.3766376208271232e-72,1.3889724193194027e-72,1.4013949330193976e-72,1.413905623172303e-72,1.4265049525873773e-72,1.4391933856404352e-72,1.4519713882759542e-72,1.4648394280094963e-72,1.4777979739300845e-72,1.490847496702345e-72,1.5039884685689022e-72,1.5172213633526382e-72,1.5305466564589633e-72,1.543964824878242e-72,1.557476347187959e-72,1.571081703555086e-72,1.5847813757382543e-72,1.598575847090243e-72,1.6124656025600293e-72,1.6264511286952887e-72,1.640532913644532e-72,1.6547114471594732e-72,1.6689872205973188e-72,1.6833607269229685e-72,1.6978324607112696e-72,1.7124029181494732e-72,1.727072597039362e-72,1.74184199679956e-72,1.756711618467704e-72,1.771681964703001e-72,1.7867535397880756e-72,1.8019268496316382e-72,1.8172024017706265e-72,1.8325807053722617e-72,1.8480622712365218e-72,1.8636476117984116e-72,1.879337241130135e-72,1.8951316749433496e-72,1.9110314305914684e-72,1.9270370270719222e-72,1.943148985028427e-72,1.9593678267532333e-72,1.9756940761890034e-72,1.9921282589318805e-72,2.008670902233017e-72,2.0253225350010509e-72,2.0420836878043551e-72,2.0589548928732847e-72,2.0759366841024634e-72,2.093029597052993e-72,2.110234168954596e-72,2.1275509387079298e-72,2.1449804468868232e-72,2.162523235740523e-72,2.1801798491960183e-72,2.1979508328596793e-72,2.2158367340207968e-72,2.2338381016521544e-72,2.2519554864135043e-72,2.270189440653343e-72,2.288540518411028e-72,2.3070092754192163e-72,2.325596269105816e-72,2.3443020585966334e-72,2.3631272047172124e-72,2.382072269995111e-72,2.401137818662187e-72,2.4203244166569544e-72,2.4396326316264255e-72,2.459063032928555e-72,2.478616191634573e-72,2.498292680530857e-72,2.518093074121408e-72,2.538017948629975e-72,2.558067882002082e-72,2.578243453907559e-72,2.598545245742672e-72,2.618973840631812e-72,2.6395298234304403e-72,2.6602137807267137e-72,2.6810263008440093e-72,2.701967973843054e-72,2.723039391523935e-72,2.74424114742848e-72,2.7655738368422796e-72,2.7870380567971145e-72,2.8086344060727295e-72,2.8303634851995863e-72,2.85222589646048e-72,2.874222243893079e-72,2.896353133292068e-72,2.918619172210916e-72,2.941020969964802e-72,2.963559137631959e-72,2.9862342880564987e-72,3.00904703585034e-72,3.0319979973952574e-72,3.055087790845197e-72,3.0783170361283e-72,3.101686354949163e-72,3.1251963707912705e-72,3.1488477089185634e-72,3.1726409963780495e-72,3.19657686200183e-72,3.2206559364090917e-72,3.2448788520087743e-72,3.2692462430009993e-72,3.2937587453797984e-72,3.318416996934898e-72,3.343221637254324e-72,3.368173307725828e-72,3.3932726515398005e-72,3.418520313690879e-72,3.443916940980334e-72,3.4694631820181796e-72,3.4951596872252064e-72,3.521007108835295e-72,3.54700610089728e-72,3.5731573192775656e-72,3.599461421661706e-72,3.6259190675567747e-72,3.6525309182935067e-72,3.6792976370286914e-72,3.70621988874666e-72,3.733298340262119e-72,3.7605336602216537e-72,3.7879265191062565e-72,3.8154775892333145e-72,3.8431875447588826e-72,3.871057061679271e-72,3.899086817834045e-72,3.9272774929073053e-72,3.955629768430206e-72,3.9841443277830847e-72,4.0128218561974987e-72,4.041663040758287e-72,4.0706685704057494e-72,4.099839135937594e-72,4.1291754300113333e-72,4.158678147146135e-72,4.1883479837250193e-72,4.2181856379971267e-72,4.2481918100795646e-72,4.278367201959263e-72,4.308712517495874e-72,4.339228462423147e-72,4.369915744351296e-72,4.4007750727690057e-72,4.4318071590456697e-72,4.4630127164334933e-72,4.494392460069048e-72,4.5259471069763556e-72,4.557677376068032e-72,4.589583988147757e-72,4.621667665912467e-72,4.653929133954282e-72,4.686369118762634e-72,4.718988348725958e-72,4.751787554134869e-72,4.784767467182812e-72,4.817928821969165e-72,4.85127235450089e-72,4.884798802694742e-72,4.918508906378945e-72,4.952403407296149e-72,4.98648304910464e-72,5.020748577380568e-72,5.055200739620431e-72,5.089840285242662e-72,5.124667965590034e-72,5.159684533931373e-72,5.194890745463953e-72,5.230287357315446e-72,5.265875128545721e-72,5.301654820149304e-72,5.337627195057149e-72,5.373793018138853e-72,5.41015305620477e-72,5.446708078007564e-72,5.483458854244776e-72,5.520406157560904e-72,5.557550762548791e-72,5.594893445752551e-72,5.632434985669312e-72,5.670176162750516e-72,5.708117759404973e-72,5.746260560000599e-72,5.784605350865815e-72,5.823152920292693e-72,5.861904058538157e-72,5.900859557826125e-72,5.940020212350132e-72,5.979386818274235e-72,6.018960173736407e-72,6.058741078849143e-72,6.098730335702787e-72,6.138928748366757e-72,6.17933712289168e-72,6.219956267311653e-72,6.260786991645994e-72,6.301830107901436e-72,6.343086430074151e-72,6.384556774151518e-72,6.426241958114892e-72,6.468142801939889e-72,6.510260127600717e-72,6.552594759070401e-72,6.595147522323651e-72,6.637919245338602e-72,6.680910758098731e-72,6.72412289259453e-72,6.767556482826863e-72,6.811212364807573e-72,6.855091376561866e-72,6.89919435813052e-72,6.943522151571595e-72,6.988075600963118e-72,7.032855552403751e-72,7.077862854016177e-72,7.123098355948094e-72,7.16856291037526e-72,7.214257371501838e-72,7.260182595564477e-72,7.306339440832245e-72,7.352728767610019e-72,7.399351438239899e-72,7.446208317103306e-72,7.493300270622989e-72,7.540628167264935e-72,7.588192877540455e-72,7.635995274007862e-72,7.684036231274623e-72,7.732316626000042e-72,7.780837336895512e-72,7.829599244728411e-72,7.878603232322701e-72,7.927850184561706e-72,7.977340988389653e-72,8.027076532813131e-72,8.077057708904728e-72,8.127285409803389e-72,8.177760530716644e-72,8.228483968923418e-72,8.279456623775081e-72,8.330679396697642e-72,8.38215319119416e-72,8.433878912845714e-72,8.485857469314874e-72,8.538089770345677e-72,8.590576727767831e-72,8.643319255496594e-72,8.696318269535748e-72,8.749574687979525e-72,8.803089431014847e-72,8.856863420922008e-72,8.910897582078319e-72,8.965192840958555e-72,9.019750126137711e-72,9.074570368292985e-72,9.129654500205356e-72,9.185003456761239e-72,9.240618174955686e-72,9.296499593892226e-72,9.352648654787854e-72,9.409066300971592e-72,9.465753477887934e-72,9.52271113310002e-72,9.579940216289457e-72,9.637441679258978e-72,9.69521647593542e-72,9.753265562369581e-72,9.811589896740394e-72,9.870190439354824e-72,9.929068152651286e-72,9.988224001200847e-72,1.0047658951709386e-71,1.0107373973019435e-71,1.016737003611166e-71,1.0227648114107159e-71,1.0288209182270354e-71,1.0349054218008834e-71,1.0410184200876777e-71,1.0471600112576576e-71,1.0533302936960478e-71,1.0595293660032356e-71,1.065757326995025e-71,1.0720142757027614e-71,1.0783003113736056e-71,1.084615533470592e-71,1.0909600416729218e-71,1.0973339358761598e-71,1.1037373161922915e-71,1.1101702829500996e-71,1.1166329366952252e-71,1.1231253781904422e-71,1.1296477084157125e-71,1.1362000285684713e-71,1.1427824400639228e-71,1.1493950445349866e-71,1.156037943832615e-71,1.1627112400260258e-71,1.1694150354028508e-71,1.1761494324692683e-71,1.1829145339502338e-71,1.189710442789691e-71,1.1965372621507464e-71,1.2033950954158198e-71,1.2102840461868835e-71,1.2172042182856495e-71,1.2241557157536917e-71,1.2311386428526059e-71,1.238153104064418e-71,1.245199204091542e-71,1.252277047857035e-71,1.2593867405048312e-71,1.2665283873997655e-71,1.2737020941280413e-71,1.2809079664971864e-71,1.2881461105363153e-71,1.295416632496274e-71,1.302719638849886e-71,1.3100552362921835e-71,1.3174235317403759e-71,1.3248246323343542e-71,1.3322586454364779e-71,1.3397256786322148e-71,1.3472258397300096e-71,1.354759236761469e-71,1.3623259779817598e-71,1.3699261718696012e-71,1.3775599271274983e-71,1.3852273526820354e-71,1.392928557683855e-71,1.4006636515079672e-71,1.4084327437539908e-71,1.4162359442462247e-71,1.4240733630338235e-71,1.4319451103912125e-71,1.4398512968178054e-71,1.4477920330387142e-71,1.4557674300045318e-71,1.463777598891768e-71,1.471822651102942e-71,1.4799026982666707e-71,1.488017852238024e-71,1.496168225098527e-71,1.5043539291565632e-71,1.5125750769473808e-71,1.520831781233264e-71,1.529124155003876e-71,1.5374523114762948e-71,1.5458163640951297e-71,1.5542164265330916e-71,1.562652612690635e-71,1.571125036696503e-71,1.579633812907822e-71,1.588179055910218e-71,1.5967608805181466e-71,1.6053794017748404e-71,1.6140347349527472e-71,1.6227269955534727e-71,1.631456299308236e-71,1.6402227621776828e-71,1.6490265003524715e-71,1.6578676302530568e-71,1.6667462685302248e-71,1.6756625320651122e-71,1.6846165379692841e-71,1.6936084035851786e-71,1.702638246485863e-71,1.7117061844756724e-71,1.7208123355902542e-71,1.729956818096494e-71,1.739139750493037e-71,1.7483612515102609e-71,1.757621440110496e-71,1.7669204354881705e-71,1.7762583570701471e-71,1.7856353245157958e-71,1.7950514577170488e-71,1.8045068767987703e-71,1.8140017021187744e-71,1.823536054268283e-71,1.8331100540717458e-71,1.8427238225872036e-71,1.852377481106542e-71,1.8620711511553824e-71,1.871804954493617e-71,1.881579013115362e-71,1.891393449249202e-71,1.9012483853583395e-71,1.911143944140706e-71,1.9210802485293657e-71,1.9310574216925566e-71,1.9410755870336486e-71,1.9511348681917504e-71,1.961235389041469e-71,1.971377273693341e-71,1.981560646494122e-71,1.991785632026575e-71,2.0020523551099496e-71,2.012360940799968e-71,2.022711514389273e-71,2.033104201407222e-71,2.0435391276204846e-71,2.0540164190327305e-71,2.0645362018854527e-71,2.07509860265735e-71,2.085703748065216e-71,2.096351765063648e-71,2.1070427808454866e-71,2.1177769228419428e-71,2.128554318722453e-71,2.139375096395406e-71,2.150239384007918e-71,2.161147309946125e-71,2.172099002835226e-71,2.1830945915400337e-71,2.194134205164785e-71,2.20521797305335e-71,2.216346024789592e-71,2.227518490197348e-71,2.2387354993406644e-71,2.2499971825241015e-71,2.261303670292762e-71,2.272655093432332e-71,2.2840515829696165e-71,2.295493270172434e-71,2.3069802865499116e-71,2.3185127638525316e-71,2.330090834072449e-71,2.341714629443592e-71,2.353384282441791e-71,2.3650999257849626e-71,2.376861692433471e-71,2.3886697155901327e-71,2.4005241287002518e-71,2.4124250654520084e-71,2.424372659776635e-71,2.4363670458484315e-71,2.4484083580850515e-71,2.4604967311475366e-71,2.472632299940818e-71,2.484815199613458e-71,2.497045565558138e-71,2.5093235334116348e-71,2.521649239055164e-71,2.5340228186143913e-71,2.5464444084595398e-71,2.558914145205934e-71,2.571432165713851e-71,2.5839986070886684e-71,2.5966136066812085e-71,2.875451999462473e-35,2.9644830630884366e-35,3.055185959554107e-35,3.14950956631217e-35,3.2476361227173083e-35,3.349758075286312e-35,3.4560800724284243e-35,3.5668199090322765e-35,3.682209554847027e-35,3.8024962785303657e-35,3.9279438749219654e-35,4.0588340078979745e-35,4.1954676808680935e-35,4.338166847895081e-35,4.487276181142692e-35,4.643165011539003e-35,4.806229461290348e-35,4.976894790885772e-35,5.155617981037457e-35,5.342890583019937e-35,5.539241858295656e-35,5.745242249815989e-35,5.961507217586958e-35,6.188701484216645e-35,6.427543736782876e-35,6.678811841111415e-35,6.943348628940191e-35,7.222068327755412e-35,7.515963713016951e-35,7.826114069461431e-35,8.153694065500161e-35,8.499983654259856e-35,8.866379121636522e-35,9.254405465575395e-35,9.665730210192616e-35,1.0102178914438234e-34,1.056575255271695e-34,1.1058647029881758e-34,1.158327511679118e-34,1.2142291130647066e-34,1.2738618735509243e-34,1.3375482292270483e-34,1.4056442248630903e-34,1.4785435137394044e-34,1.556681883139521e-34,1.6405423805884033e-34,1.7306611273487596e-34,1.8276339186405813e-34,1.9321237262248096e-34,2.0448692365369712e-34,2.1666945790739068e-34,2.2985204242869344e-34,2.4413766592985166e-34,2.5964168837183763e-34,2.764935007504458e-34,2.9483842799665744e-34,3.1483991338144794e-34,3.366820293574958e-34,3.6057236737864627e-34,3.86745368405357e-34,4.154661664269762e-34,4.470350302000271e-34,4.817925034162024e-34,5.201253615743284e-34,5.624735252992245e-34,6.093380953442311e-34,6.612907052340085e-34,7.1898442409507396e-34,7.831664860480156e-34,8.546931758210335e-34,9.345472630745983e-34,1.0238584557390403e-33,1.1239274328256597e-33,1.2362541368136941e-33,1.362571127219402e-33,1.5048829813248653e-33,1.6655129145718312e-33,1.847158046877552e-33,2.0529550405611473e-33,2.2865582049513416e-33,2.552232616906716e-33,2.8549653658014313e-33,3.2005987212898425e-33,3.595989877547688e-33,4.049202986658099e-33,4.5697405119692025e-33,5.168822586968075e-33,5.8597250891433705e-33,6.65818976591717e-33,7.582922949162817e-33,8.656203498993709e-33,9.904625785738645e-33,1.136001007513499e-32,1.306052102223144e-32,1.5052045631494095e-32,1.7389895679923345e-32,2.0140917124075314e-32,2.3386111614331913e-32,2.72239044835834e-32,3.177423156359556e-32,3.71836667066474e-32,4.36318767049271e-32,5.133977547908871e-32,6.057986179380123e-32,7.168937369643758e-32,8.508709110185479e-32,1.012948829932834e-31,1.209654517383719e-31,1.449182076184871e-31,1.7418585864107704e-31,2.100751897672527e-31,2.5424672457948474e-31,3.088196427568077e-31,3.765106566086938e-31,4.608187996839791e-31,5.662726414335739e-31,6.987628842510326e-31,8.659924598522185e-31,1.078089358380332e-30,1.3484463395890815e-30,1.6948791609848386e-30,2.141235207594221e-30,2.7196438323850872e-30,3.473688197751247e-30,4.462911329316014e-30,5.769270633760498e-30,7.50646369675505e-30,9.833525424861352e-30,1.2974842649929712e-29,1.7249911704825622e-29,2.311805095417338e-29,3.1246335327599524e-29,4.261403239922407e-29,5.867515764368489e-29,8.161483989220197e-29,1.147593105682505e-28,1.6324135911520504e-28,2.350976075962578e-28,3.431085211572575e-28,5.079399406154633e-28,7.636112719635819e-28,1.167213038354766e-27,1.8165668545895464e-27,2.88310624815314e-27,4.6747308774069974e-27,7.759457135158178e-27,1.3216465390295252e-26,2.3163833924281232e-26,4.191158391262951e-26,7.859216924785504e-26,1.534611193464914e-25,3.1384923107970485e-25,6.772117951197341e-25,1.5562565635184429e-24,3.855885050667501e-24,1.047086887214224e-23,3.186782429740432e-23,1.1208052887779597e-22,4.749146469832801e-22,2.5607741299456443e-21,1.8758536907113704e-20,1.9832011854361191e-19,3.0641147420603587e-18,6.266861088336865e-17,1.3664596229528405e-15,2.5419199615788987e-14,3.5678152780932426e-13,3.6960200482900956e-12,3.082469525491249e-11,2.635216584725121e-10,2.441749567263005e-09,1.8582254055033298e-08,9.927431400095019e-08,3.6863528831229713e-07,9.900050196117934e-07,2.0404165903161697e-06,3.43308580645782e-06,4.9719827925421666e-06,6.4565610419861435e-06,7.746733897193952e-06,8.774596004385542e-06,9.527872059449703e-06,1.0027629386819821e-05,1.0310444654202486e-05,1.0417013846770216e-05,1.038597285572579e-05,1.0251124873221493e-05,1.0040624316764477e-05,9.777163147218772e-06,9.478597821889575e-06,9.158712575025547e-06,8.827967883635637e-06,8.4941682510588e-06,8.163028202657796e-06,7.838637280612069e-06,7.5238343603663434e-06,7.220504761631226e-06,6.929813672908901e-06,6.652388096720152e-06,6.388457748749512e-06,6.1379635414757125e-06,5.900640648828826e-06,5.676081743662179e-06,5.4637848371410065e-06,5.263189203248842e-06,5.073702115545944e-06,4.8947185225480345e-06,4.725635315472297e-06,4.565861471148105e-06,4.41482506322717e-06,4.271977908987855e-06,4.136798443397916e-06,4.008793275199408e-06,3.887497774846437e-06,3.7724759610143367e-06,3.663319889574091e-06,3.5596486996449507e-06,3.461107433404759e-06,3.367365717089419e-06,3.278116368227578e-06,3.193073976764452e-06,3.111973494615641e-06,3.034568858023544e-06,2.9606316595666966e-06,2.8899498806684637e-06,2.822326691437397e-06,2.7575793212439712e-06,2.695538000861377e-06,2.636044975972436e-06,2.578953589925604e-06,2.524127433174781e-06,2.471439556227527e-06,2.420771742620543e-06,2.372013838247891e-06,2.3250631334105306e-06,2.279823793737336e-06,2.2362063367062755e-06,2.1941271501881547e-06,2.1535080497829563e-06,2.1142758719109188e-06,2.0763620998819968e-06,2.039702520104021e-06,2.0042369061608897e-06,1.9699087281930827e-06,1.9366648857478365e-06,1.9044554620580713e-06,1.8732334976883822e-06,1.8429547824026037e-06,1.8135776632675193e-06,1.7850628679295549e-06,1.7573733416404703e-06,1.730474096827966e-06,1.7043320744424811e-06,1.6789160157076974e-06,1.6541963437067922e-06,1.6301450538424184e-06,1.6067356125102114e-06,1.5839428632723882e-06,1.5617429398884673e-06,1.540113185763951e-06,1.5190320791506632e-06,1.4984791637383555e-06,1.4784349841711512e-06,1.4588810261253131e-06,1.439799660500829e-06,1.4211740915461768e-06,1.402988308502748e-06,1.3852270404984329e-06,1.3678757145644897e-06,1.3509204163744697e-06,1.3343478535791142e-06,1.3181453215683757e-06,1.3023006714487767e-06,1.2868022800181817e-06,1.2716390217583014e-06,1.2568002424941088e-06,1.2422757347198546e-06,1.228055714503924e-06,1.2141307997190788e-06,1.200491989644688e-06,1.1871306458358383e-06,1.1740384740210798e-06,1.1612075071598413e-06,1.148630089474716e-06,1.1362988613821546e-06,1.1242067453039188e-06,1.1123469322265353e-06,1.1007128691846639e-06,1.0892982472527229e-06,1.0780969903016661e-06,1.0671032443332463e-06,1.0563113674476633e-06,1.0457159202900566e-06,1.0353116570425118e-06,1.0250935573282924e-06,1.0150566556508542e-06,1.0051962784721527e-06,9.955078730653172e-07,9.859870417401269e-07,9.7662953533071e-07,9.674312469527042e-07,9.583882060853811e-07,9.494965729621822e-07,9.407526332201955e-07,9.321527928021275e-07,9.236935731883092e-07,9.153716067031492e-07,9.071836321577991e-07,8.991264906803829e-07,8.911971217416915e-07,8.833925593207298e-07,8.757099283106863e-07,8.681464410365795e-07,8.606993940100105e-07,8.533661646658592e-07,8.46144208457999e-07,8.390310559278525e-07,8.320243099621039e-07,8.251216431641938e-07,8.183207953317819e-07,8.116195710501301e-07,8.050158373918996e-07,7.985075216849201e-07,7.920926094344785e-07,7.857691422712802e-07,7.795352160118802e-07,7.733889787984269e-07,7.67328629331286e-07,7.613524151123849e-07,7.554586308576623e-07,7.496456168634027e-07,7.439117575183766e-07,7.382554798681213e-07,7.32675252191034e-07,7.271695826625459e-07,7.217370180420284e-07,7.16376142505092e-07,7.110855763559328e-07,7.058639749363667e-07,7.007100275123253e-07,6.956224561947586e-07,6.906000149503239e-07,6.856414886063523e-07,6.807456918165598e-07,6.759114682990541e-07,6.7113768985065e-07,6.664232555427032e-07,6.617670908657902e-07,6.571681469745334e-07,6.526253999104626e-07,6.481378498747708e-07,6.437045205180286e-07,6.393244582586103e-07,6.349967316220106e-07,6.307204305973351e-07,6.264946660502914e-07,6.223185690888607e-07,6.181912905205011e-07,6.141120002811027e-07,6.100798869125468e-07,6.060941570363765e-07,6.021540348584087e-07,5.982587616767689e-07,5.944075954284405e-07,5.905998102126611e-07,5.868346958921149e-07,5.831115576262526e-07,5.794297154728352e-07,5.757885040269162e-07,5.721872719886033e-07,5.686253818042032e-07,5.651022093266647e-07,5.616171434410438e-07,5.581695857397285e-07,5.547589501844122e-07,5.513846628026222e-07,5.480461613684007e-07,5.447428951083033e-07,5.414743244085881e-07,5.382399205384695e-07,5.35039165375027e-07,5.31871551133189e-07,5.287365801296685e-07,5.256337645083202e-07,5.225626260114569e-07,5.195226957547558e-07,5.165135139742288e-07,5.135346298274578e-07,5.105856011801951e-07,5.076659943738522e-07,5.047753840515217e-07,5.01913352942097e-07,4.990794916790093e-07,4.962733986112114e-07,4.934946796194642e-07,4.907429479464602e-07,4.880178240251117e-07,4.853189353078872e-07,4.82645916111251e-07,4.799984074566381e-07,4.773760569204027e-07,4.7477851848043634e-07,4.722054523750338e-07,4.6965652495948417e-07,4.6713140856699814e-07,4.6462978138911613e-07,4.6215132733129194e-07,4.596957358973667e-07,4.572627020560871e-07,4.548519261291641e-07,4.524631136690346e-07,4.5009597535400307e-07,4.477502268826695e-07,4.4542558883777114e-07,4.431217866092996e-07,4.408385502775872e-07,4.3857561452603205e-07,4.36332718517394e-07,4.341096058559455e-07,4.3190602443935973e-07,4.297217263730534e-07,4.275564679142587e-07,4.2541000936003387e-07,4.2328211497760795e-07,4.211725529081222e-07,4.190810951136348e-07,4.170075172751399e-07,4.149515987152917e-07,4.1291312235296684e-07,4.108918746039034e-07,4.088876453251739e-07,4.0690022772141e-07,4.049294183183153e-07,4.029750168687112e-07,4.0103682629374766e-07,3.9911465263249636e-07,3.9720830496305215e-07,3.9531759535477867e-07,3.934423388076148e-07,3.9158235319846133e-07,3.897374592112631e-07,3.8790748030184554e-07,3.860922426470267e-07,3.8429157506821183e-07,3.82505309003738e-07,3.807332784571329e-07,3.7897531992307563e-07,3.772312723836532e-07,3.755009772288317e-07,3.737842782128387e-07,3.7208102144997056e-07,3.7039105532924725e-07,3.6871423044456695e-07,3.6705039963745123e-07,3.653994179060731e-07,3.6376114235936795e-07,3.6213543220127963e-07,3.6052214867524054e-07,3.589211550398052e-07,3.5733231652648526e-07,3.5575550030913244e-07,3.5419057545110327e-07,3.5263741290911675e-07,3.510958854563313e-07,3.4956586768907355e-07,3.480472359560944e-07,3.4653986836429683e-07,3.450436447246861e-07,3.435584465368983e-07,3.420841569444629e-07,3.4062066072583603e-07,3.391678442416421e-07,3.3772559543061827e-07,3.3629380377301993e-07,3.34872360259904e-07,3.334611573765959e-07,3.32060089073712e-07,3.306690507310482e-07,3.2928793916087246e-07,3.2791665255620023e-07,3.26555090471616e-07,3.252031538344297e-07,3.2386074487100254e-07,3.2252776711453846e-07,3.212041253801129e-07,3.1988972574238785e-07,3.185844755122261e-07,3.172882832210453e-07,3.1600105859881206e-07,3.147227125486589e-07,3.134531571372974e-07,3.121923055915799e-07,3.109400722217713e-07,3.096963724672163e-07,3.084611228582522e-07,3.0723424098299207e-07,3.0601564548745244e-07,3.0480525605386143e-07,3.0360299338063045e-07,3.0240877917854537e-07,3.012225361385906e-07,3.000441879259194e-07,2.9887365915640745e-07,2.977108754110993e-07,2.9655576317549955e-07,2.954082498571002e-07,2.942682637636894e-07,2.931357340845129e-07,2.92010590887717e-07,2.90892765095644e-07,2.897821884746005e-07,2.8867879363252077e-07,2.87582513988698e-07,2.8649328377517466e-07,2.854110380184628e-07,2.8433571252840724e-07,2.832672438863209e-07,2.8220556943737627e-07,2.811506272731507e-07,2.801023562253919e-07,2.7906069585067015e-07,2.780255864348682e-07,2.769969689449319e-07,2.7597478506441293e-07,2.749589771552734e-07,2.739494882576098e-07,2.7294626207488694e-07,2.7194924296836385e-07,2.7095837594591067e-07,2.6997360665227734e-07,2.689948813608977e-07,2.6802214695817435e-07,2.6705535095957094e-07,2.660944414641519e-07,2.6513936717019257e-07,2.641900773612601e-07,2.63246521896633e-07,2.6230865120473295e-07,2.6137641627638383e-07,2.604497686490517e-07,2.5952866041123545e-07,2.586130441861967e-07,2.5770287312722576e-07,2.5679810090769995e-07,2.558986817283664e-07,2.550045702824981e-07,2.541157217727224e-07,2.5323209189442874e-07,2.5235363683179717e-07,2.5148031324656557e-07,2.5061207828001005e-07,2.497488895430441e-07,2.4889070509702616e-07,2.4803748346813723e-07,2.4718918362807443e-07,2.46345764995649e-07,2.455071874248035e-07,2.446734111990421e-07,2.438443970347056e-07,2.43020106061958e-07,2.42200499827291e-07,2.4138554028897094e-07,2.4057518980132966e-07,2.397694111208365e-07,2.389681674064536e-07,2.3817142219695826e-07,2.3737913940611386e-07,2.3659128334245987e-07,2.3580781867715858e-07,2.3502871045208278e-07,2.3425392407199234e-07,2.3348342530374157e-07,2.3271718026467042e-07,2.3195515542063698e-07,2.3119731759190261e-07,2.304436339304245e-07,2.2969407192809028e-07,2.2894859940715997e-07,2.2820718452043555e-07,2.27469795743814e-07,2.2673640187301092e-07,2.260069720200339e-07,2.2528147560994966e-07,2.245598823685402e-07,2.238421623360396e-07,2.2312828585062613e-07,2.224182235436917e-07,2.2171194633969686e-07,2.2100942545478363e-07,2.2031063239058344e-07,2.196155389330138e-07,2.1892411713856266e-07,2.1823633934817682e-07,2.17552178168815e-07,2.168716064865143e-07,2.1619459744007923e-07,2.1552112443635896e-07,2.1485116114316657e-07,2.141846814805783e-07,2.1352165962459662e-07,2.1286206999906464e-07,2.1220588727555335e-07,2.1155308636986722e-07,2.109036424385318e-07,2.1025753087579879e-07,2.0961472731198945e-07,2.0897520760914016e-07,2.083389478621535e-07,2.0770592438929262e-07,2.070761137363684e-07,2.0644949266785518e-07,2.058260381696682e-07,2.0520572744250966e-07,2.04588537905381e-07,2.0397444718299393e-07,2.033634331150613e-07,2.0275547374542088e-07,2.0215054732172423e-07,2.0154863229493334e-07,2.009497073153364e-07,2.0035375122925462e-07,1.9976074308041014e-07,1.991706621036574e-07,1.9858348772794617e-07,1.9799919956753368e-07,1.974177774237565e-07,1.9683920128287994e-07,1.962634513145064e-07,1.956905078662087e-07,1.9512035146422926e-07,1.945529628131231e-07,1.9398832278987731e-07,1.9342641244414492e-07,1.9286721299573874e-07,1.9231070583389075e-07,1.9175687251258088e-07,1.9120569475265715e-07,1.9065715443369097e-07,1.9011123360672803e-07,1.895679144708962e-07,1.890271793874852e-07,1.8848901087186787e-07,1.8795339160042908e-07,1.874203043923822e-07,1.8688973222434598e-07,1.8636165822048997e-07,1.8583606565129723e-07,1.8531293793526704e-07,1.8479225863621197e-07,1.842740114541364e-07,1.8375818023811347e-07,1.832447489741449e-07,1.8273370178885385e-07,1.822250229397095e-07,1.8171869682501742e-07,1.812147079762474e-07,1.807130410558376e-07,1.8021368085693794e-07,1.7971661231005404e-07,1.7922182046126981e-07,1.7872929049303446e-07,1.7823900770715854e-07,1.7775095754058785e-07,1.7726512554121022e-07,1.7678149738424821e-07,1.7630005886924695e-07,1.7582079590481618e-07,1.7534369452521484e-07,1.7486874088054394e-07,1.7439592123390537e-07,1.739252219686177e-07,1.7345662958320886e-07,1.7299013066886688e-07,1.725257119462977e-07,1.7206336024218676e-07,1.7160306249160426e-07,1.7114480573583427e-07,1.7068857712015464e-07,1.7023436390264763e-07,1.6978215344268917e-07,1.6933193319760796e-07,1.6888369073408063e-07,1.684374137157609e-07,1.6799308990751437e-07,1.675507071734093e-07,1.671102534762282e-07,1.6667171687572677e-07,1.6623508552809095e-07,1.6580034768507856e-07,1.653674916898756e-07,1.6493650598296534e-07,1.645073790957406e-07,1.6408009965210739e-07,1.636546563637372e-07,1.632310380352657e-07,1.6280923355870816e-07,1.623892319160275e-07,1.6197102217310142e-07,1.6155459348329265e-07,1.611399350860961e-07,1.6072703630364157e-07,1.603158865484006e-07,1.5990647530917778e-07,1.5949879215866802e-07,1.590928267508756e-07,1.5868856881882717e-07,1.5828600818174635e-07,1.5788513473138034e-07,1.5748593844160216e-07,1.570884093593132e-07,1.5669253761179475e-07,1.562983134036691e-07,1.5590572701101191e-07,1.55514768785243e-07,1.5512542915705812e-07,1.547376986238708e-07,1.5435156775677483e-07,1.5396702720463473e-07,1.5358406768230604e-07,1.5320267997169433e-07,1.5282285493213246e-07,1.5244458348670636e-07,1.5206785663323224e-07,1.516926654294074e-07,1.5131900100690058e-07,1.5094685455851236e-07,1.5057621734918243e-07,1.5020708070559614e-07,1.4983943601802287e-07,1.4947327474364293e-07,1.4910858840278887e-07,1.487453685776785e-07,1.4838360691409772e-07,1.480232951198568e-07,1.476644249633808e-07,1.4730698827386692e-07,1.469509769415763e-07,1.4659638291592487e-07,1.4624319820489862e-07,1.4589141487502298e-07,1.4554102505295198e-07,1.4519202092122863e-07,1.44844394719842e-07,1.444981387450507e-07,1.4415324534888763e-07,1.4380970693945635e-07,1.4346751597947583e-07,1.4312666498636683e-07,1.4278714653228042e-07,1.4244895324145664e-07,1.4211207779091382e-07,1.4177651291348262e-07,1.4144225139120393e-07,1.411092860583873e-07,1.4077760980085372e-07,1.4044721555537076e-07,1.4011809630821643e-07,1.3979024509645791e-07,1.3946365500606137e-07,1.3913831917185968e-07,1.388142307802535e-07,1.3849138305880469e-07,1.3816976928829326e-07,1.3784938279666537e-07,1.3753021695749558e-07,1.372122651913965e-07,1.3689552096456474e-07,1.3657997779165827e-07,1.3626562922510977e-07,1.35952468869828e-07,1.3564049037280942e-07,1.3532968742496237e-07,1.3502005376141815e-07,1.3471158316005346e-07,1.344042694420964e-07,1.3409810647241063e-07,1.337930881560707e-07,1.334892084414992e-07,1.3318646131867726e-07,1.3288484081846392e-07,1.3258434101283362e-07,1.3228495601400828e-07,1.3198667997449995e-07,1.316895070854715e-07,1.31393431581843e-07,1.3109844773358856e-07,1.3080454984816786e-07,1.3051173227758186e-07,1.302199894073732e-07,1.2992931566178814e-07,1.296397055032253e-07,1.29351153430887e-07,1.290636539817841e-07,1.2877720172826233e-07,1.2849179127994457e-07,1.2820741728345863e-07,1.2792407441893295e-07,1.2764175740210082e-07,1.2736046098706464e-07,1.2708017995979443e-07,1.2680090914087866e-07,1.2652264338677865e-07,1.2624537758640985e-07,1.2596910666383253e-07,1.2569382557622967e-07,1.2541952931246353e-07,1.2514621289618177e-07,1.2487387138338574e-07,1.2460249986158453e-07,1.2433209345129616e-07,1.2406264730432283e-07,1.2379415660469323e-07,1.23526616567529e-07,1.232600224390294e-07,1.2299436949630616e-07,1.227296530470728e-07,1.2246586842927156e-07,1.222030110114468e-07,1.2194107619156813e-07,1.2168005939737475e-07,1.2141995608615827e-07,1.2116076174427987e-07,1.2090247188702486e-07,1.2064508205883172e-07,1.2038858782911774e-07,1.2013298480435527e-07,1.1987826860921307e-07,1.196244349032316e-07,1.193714793658279e-07,1.1911939771545697e-07,1.1886818568846343e-07,1.186178390503735e-07,1.1836835359361436e-07,1.181197251373564e-07,1.1787194952776223e-07,1.1762502263660998e-07,1.1737894036068857e-07,1.1713369862375245e-07,1.1688929337493127e-07,1.1664572058845723e-07,1.1640297626369253e-07,1.1616105642426855e-07,1.1591995712080811e-07,1.1567967442492047e-07,1.154402044362954e-07,1.1520154327697429e-07,1.149636870942093e-07,1.1472663205728796e-07,1.1449037435916547e-07,1.14254910218283e-07,1.1402023587485052e-07,1.1378634759410474e-07,1.135532416590836e-07,1.1332091438096762e-07,1.1308936209219396e-07,1.1285858114592369e-07,1.1262856791944145e-07,1.1239931881159726e-07,1.1217083024290931e-07,1.1194309865619997e-07,1.1171612051439029e-07,1.114898923039709e-07,1.1126441053047958e-07,1.1103967172232986e-07,1.1081567242815326e-07,1.1059240921741845e-07,1.1036987868041517e-07,1.1014807742792154e-07,1.0992700209050107e-07,1.0970664931969541e-07,1.0948701578673951e-07,1.0926809818306469e-07,1.0904989321925454e-07,1.0883239762615544e-07,1.0861560815294477e-07,1.0839952156909959e-07,1.0818413466342404e-07,1.0796944424314033e-07,1.077554471347476e-07,1.0754214018321971e-07,1.073295202522235e-07,1.071175842235196e-07,1.0690632899723699e-07,1.0669575149464899e-07,1.0648584864756058e-07,1.0627661741789733e-07,1.0606805477467802e-07,1.0586015770835593e-07,1.0565292322685367e-07,1.0544634835546289e-07,1.0524043013698401e-07,1.0503516563144949e-07,1.048305519152578e-07,1.0462658608257983e-07,1.0442326524450628e-07,1.0422058652730019e-07,1.0401854707656777e-07,1.0381714405079696e-07,1.0361637462907721e-07,1.0341623600341227e-07,1.0321672538394256e-07,1.0301783999310352e-07,1.0281957707441312e-07,1.026219338837571e-07,1.0242490769480178e-07,1.0222849579466044e-07,1.0203269548682172e-07,1.0183750409124976e-07,1.0164291894117652e-07,1.014489373861891e-07,1.0125555679061944e-07,1.0106277453586684e-07,1.0087058801137089e-07,1.0067899462825395e-07,1.004879918102661e-07,1.0029757699452845e-07,1.0010774763430996e-07,9.991850119483609e-08,9.972983515744265e-08,9.954174701721415e-08,9.935423428336424e-08,9.916729447806713e-08,9.898092513887539e-08,9.87951238156841e-08,9.860988807299371e-08,9.842521548738676e-08,9.824110365040263e-08,9.80575501662597e-08,9.787455265303147e-08,9.769210874217706e-08,9.751021607693257e-08,9.732887231366719e-08,9.714807512023185e-08,9.696782218221828e-08,9.678811119227113e-08,9.660893986186791e-08,9.643030591008508e-08,9.625220706952031e-08,9.607464108568483e-08,9.589760571668647e-08,9.572109873185836e-08,9.554511791369876e-08,9.536966105629418e-08,9.519472596573464e-08,9.502031046019402e-08,9.48464123693972e-08,9.467302953494162e-08,9.450015980930737e-08,9.432780105671701e-08,9.41559511572991e-08,9.398460799619297e-08,9.381376947269387e-08,9.364343349722679e-08,9.347359799199026e-08,9.33042608892525e-08,9.313542013339675e-08,9.296707367862987e-08,9.279921949068192e-08,9.263185554558965e-08,9.246497983225575e-08,9.229859034819406e-08,9.213268510159216e-08,9.196726211194885e-08,9.180231940906915e-08,9.163785503287825e-08,9.147386703410152e-08,9.131035347472194e-08,9.114731242408091e-08,9.098474196607542e-08,9.082264018767695e-08,9.06610051920173e-08,9.049983509122294e-08,9.033912800598952e-08,9.017888206799067e-08,9.001909541573967e-08,8.985976620225006e-08,8.970089258713324e-08,8.954247273974069e-08,8.938450483920515e-08,8.922698707407091e-08,8.906991764277759e-08,8.891329475295894e-08,8.875711662099313e-08,8.860138147292216e-08,8.844608754400337e-08,8.829123307770247e-08,8.813681632870365e-08,8.798283555828804e-08,8.782928903771627e-08,8.767617504807115e-08,8.752349187648493e-08,8.737123782141201e-08,8.721941118884734e-08,8.706801029435104e-08,8.691703346121845e-08,8.676647902229644e-08,8.66163453179908e-08,8.646663069593636e-08,8.63173335159098e-08,8.616845214274724e-08,8.615645232056672e-08,8.614458740874457e-08,8.61330593067445e-08,8.6121919604845e-08,8.611118967758614e-08,8.610088219010244e-08,8.609100492430884e-08,8.6081561678783e-08,8.607255271521378e-08,8.606397514877379e-08,8.605582333672457e-08,8.604808926473461e-08,8.604076292295356e-08,8.603383266469415e-08,8.60272855418459e-08,8.602110761326603e-08,8.601528422366557e-08,8.600980025193412e-08,8.60046403288877e-08,8.59997890252981e-08,8.599523101162313e-08,8.599095119135463e-08,8.598693481021392e-08,8.59831675434492e-08,8.597963556369053e-08,8.59763255916736e-08,8.597322493208718e-08,8.597032149666762e-08,8.596760381650692e-08,8.596506104531994e-08,8.596268295529855e-08,8.596045992693948e-08,8.595838293411875e-08,8.59564435254353e-08,8.595463380279722e-08,8.595294639801868e-08,8.595137444808455e-08,8.594991156961593e-08,8.594855183303015e-08,8.594728973672449e-08,8.594612018160813e-08,8.594503844618039e-08,8.594404016236277e-08,8.594312129220575e-08,8.594227810556845e-08,8.594150715882041e-08,8.59408052746345e-08,8.594016952283568e-08,8.593959720238948e-08,8.593908582442482e-08,8.593863309631292e-08,8.593823690679743e-08,8.593789531207236e-08,8.593760652283523e-08,8.593736889220308e-08,8.593718090452111e-08,8.593704116494942e-08,8.59369483898236e-08,8.59369013977252e-08,8.593689910122356e-08,8.593694049924403e-08,8.593702467002672e-08,8.593715076462489e-08,8.59373180009044e-08,8.593752565803706e-08,8.593777307140309e-08,8.593805962792335e-08,8.59383847617455e-08,8.593874795030034e-08,8.593914871065587e-08,8.593958659617734e-08,8.594006119346948e-08,8.594057211955698e-08,8.594111901929815e-08,8.594170156302826e-08,8.594231944436963e-08,8.594297237824851e-08,8.594366009907156e-08,8.594438235905622e-08,8.59451389266853e-08,8.59459295853208e-08,8.59467541319039e-08,8.594761237578886e-08,8.594850413765799e-08,8.594942924854487e-08,8.595038754893484e-08,8.595137888792278e-08,8.595240312247831e-08,8.595346011675113e-08,8.595454974142935e-08,8.595567187317904e-08,8.59568263941146e-08,8.595801319130844e-08,8.595923215635074e-08,8.596048318495896e-08,8.596176617661293e-08,8.596308103421043e-08,8.596442766374112e-08,8.596580597405775e-08,8.596721587657717e-08,8.596865728506893e-08,8.597013011542841e-08,8.597163428552188e-08,8.597316971494785e-08,8.59747363249194e-08,8.597633403811452e-08,8.597796277852125e-08,8.597962247134298e-08,8.598131304286403e-08,8.598303442035952e-08,8.59847865320099e-08,8.598656930679412e-08,8.598838267444735e-08,8.599022656535352e-08,8.599210091051251e-08,8.599400564147111e-08,8.599594069026402e-08,8.599790598937714e-08,8.599990147170877e-08,8.600192707050528e-08,8.600398271935975e-08,8.600606835215262e-08,8.600818390303472e-08,8.601032930640017e-08,8.601250449686208e-08,8.60147094092284e-08,8.601694397848124e-08,8.601920813977048e-08,8.602150182837771e-08,8.602382497972106e-08,8.602617752933257e-08,8.602855941284417e-08,8.60309705659934e-08,8.603341092458836e-08,8.603588042451526e-08,8.603837900173751e-08,8.604090659228065e-08,8.604346313221052e-08,8.604604855766206e-08,8.604866280482807e-08,8.605130580986806e-08,8.605397750906008e-08,8.605667783869538e-08,8.605940673508958e-08,8.60621641345929e-08,8.606494997358028e-08,8.606776418845348e-08,8.607060671563408e-08,8.607347749157109e-08,8.607637645273785e-08,8.607930353563e-08,8.608225867675926e-08,8.60852418126563e-08,8.608825287987973e-08,8.609129181500581e-08,8.60943585546267e-08,8.609745303535794e-08,8.610057519382278e-08,8.610372496669043e-08,8.610690229065959e-08,8.611010710239732e-08,8.611333933865145e-08,8.611659893615623e-08,8.611988583167318e-08,8.612319996199872e-08,8.612654126396215e-08,8.612990967438223e-08,8.613330513014038e-08,8.613672756813019e-08,8.61401769252829e-08,8.614365313854593e-08,8.614715614490375e-08,8.615068588137167e-08,8.615424228498915e-08,8.615782529284536e-08,8.616143484204456e-08,8.616507086971718e-08,8.616873331306956e-08,8.617242210931197e-08,8.617613719570712e-08,8.61798785095282e-08,8.61836459881298e-08,8.618743956886033e-08,8.619125918912016e-08,8.619510478632778e-08,8.619897629803451e-08,8.620287366182556e-08,8.620679681525079e-08,8.621074569593646e-08,8.621472024154144e-08,8.621872038980851e-08,8.622274607849516e-08,8.622679724545965e-08,8.6230873828508e-08,8.623497576560424e-08,8.623910299471262e-08,8.624325545385912e-08,8.62474330810625e-08,8.625163581457868e-08,8.625586359253678e-08,8.626011635317509e-08,8.626439403479861e-08,8.626869657576601e-08,8.627302391449495e-08,8.627737598946299e-08,8.628175273920148e-08,8.628615410231243e-08,8.629058001744941e-08,8.629503042332341e-08,8.629950525872447e-08,8.630400446250592e-08,8.630852797355724e-08,8.631307573087616e-08,8.631764767349338e-08,8.632224374051565e-08,8.632686387111642e-08,8.633150800455625e-08,8.633617608011406e-08,8.634086803716516e-08,8.634558381519948e-08,8.635032335375672e-08,8.635508659235174e-08,8.635987347068284e-08,8.63646839284927e-08,8.636951790557984e-08,8.63743753418312e-08,8.637925617720333e-08,8.6384160351726e-08,8.638908780551628e-08,8.639403847873613e-08,8.639901231166046e-08,8.640400924460761e-08,8.640902921800124e-08,8.641407217233484e-08,8.641913804817577e-08,8.642422678617646e-08,8.642933832706006e-08,8.64344726116439e-08,8.643962958081968e-08,8.644480917555633e-08,8.645001133690594e-08,8.645523600599305e-08,8.646048312405647e-08,8.646575263240463e-08,8.647104447239751e-08,8.64763585855145e-08,8.648169491330084e-08,8.648705339742204e-08,8.649243397958811e-08,8.64978366016118e-08,8.650326120541859e-08,8.650870773295123e-08,8.651417612629736e-08,8.65196663275973e-08,8.65251782791201e-08,8.653071192319745e-08,8.653626720226508e-08,8.654184405882124e-08,8.654744243548055e-08,8.655306227493139e-08,8.655870351995095e-08,8.656436611341759e-08,8.657004999830948e-08,8.657575511755788e-08,8.658148141460117e-08,8.658722883245801e-08,8.659299731452259e-08,8.65987868042186e-08,8.660459724503726e-08,8.661042858063644e-08,8.661628075470828e-08,8.662215371105128e-08,8.662804739355821e-08,8.663396174622799e-08,8.663989671313122e-08,8.664585223846462e-08,8.665182826645663e-08,8.665782474155869e-08,8.666384160820659e-08,8.666987881096159e-08,8.66759362945005e-08,8.668201400355287e-08,8.66881118829797e-08,8.669422987776413e-08,8.670036793291126e-08,8.670652599358675e-08,8.671270400504298e-08,8.671890191265986e-08,8.672511966180398e-08,8.673135719805361e-08,8.673761446705061e-08,8.674389141453832e-08,8.675018798635569e-08,8.675650412843446e-08,8.676283978682012e-08,8.676919490764974e-08,8.677556943716646e-08,8.678196332170208e-08,8.678837650770383e-08,8.679480894170665e-08,8.680126057035553e-08,8.68077313403882e-08,8.681422119865861e-08,8.682073009210022e-08,8.682725796776689e-08,8.68338047728562e-08,8.684037045452215e-08,8.684695496016164e-08,8.685355823723127e-08,8.686018023329532e-08,8.68668208959891e-08,8.687348017308858e-08,8.688015801251708e-08,8.688685436217064e-08,8.68935691702206e-08,8.69003023846329e-08,8.69070539538078e-08,8.691382382610761e-08,8.692061195002814e-08,8.69274182741616e-08,8.693424274719114e-08,8.694108531788399e-08,8.694794593519264e-08,8.695482454805124e-08,8.69617211056328e-08,8.696863555713015e-08,8.697556785184636e-08,8.698251793919516e-08,8.698948576870791e-08,8.699647129001202e-08,8.700347445280231e-08,8.701049520693767e-08,8.70175335023598e-08,8.702458928911423e-08,8.703166251735581e-08,8.703875313732757e-08,8.704586109939133e-08,8.705298635400599e-08,8.706012885176033e-08,8.706728854329566e-08,8.707446537939009e-08,8.708165931092392e-08,8.708887028904333e-08,8.709609826456108e-08,8.710334318878989e-08,8.711060501305527e-08,8.71178836889419e-08,8.712517916760225e-08,8.713249140083494e-08,8.713982034034405e-08,8.714716593796689e-08,8.71545281456451e-08,8.716190691541492e-08,8.716930219940134e-08,8.717671394989539e-08,8.718414211919938e-08,8.719158665976105e-08,8.719904752420005e-08,8.720652466531419e-08,8.721401803558476e-08,8.722152758803367e-08,8.722905327563801e-08,8.723659505157081e-08,8.724415286894984e-08,8.72517266809832e-08,8.725931644116731e-08,8.726692210296982e-08,8.727454362008958e-08,8.728218094620255e-08,8.728983403516246e-08,8.729750284082132e-08,8.730518731727091e-08,8.731288741841547e-08,8.732060309892675e-08,8.732833431294464e-08,8.733608101492747e-08,8.734384315948217e-08,8.735162070114171e-08,8.735941359477765e-08,8.736722179523692e-08,8.737504525755801e-08,8.738288393666683e-08,8.739073778784942e-08,8.739860676638421e-08,8.74064908276624e-08,8.741438992717748e-08,8.742230402060955e-08,8.743023306336738e-08,8.743817701163279e-08,8.744613582118187e-08,8.745410944795923e-08,8.746209784819182e-08,8.747010097805077e-08,8.747811879379506e-08,8.748615125208452e-08,8.749419830923352e-08,8.750225992193427e-08,8.751033604695204e-08,8.751842664113227e-08,8.752653166143128e-08,8.753465106488385e-08,8.754278480865786e-08,8.755093284999488e-08,8.755909514625801e-08,8.756727165490301e-08,8.757546233351688e-08,8.758366713986245e-08,8.759188603150418e-08,8.760011896640041e-08,8.760836590254015e-08,8.761662679800985e-08,8.76249016110024e-08,8.76331902997768e-08,8.764149282272488e-08,8.764980913832722e-08,8.765813920515709e-08,8.766648298191795e-08,8.767484042739842e-08,8.768321150048619e-08,8.769159616019135e-08,8.769999436559523e-08,8.770840607588617e-08,8.771683125034363e-08,8.772526984841306e-08,8.773372182957327e-08,8.774218715356359e-08,8.77506657798956e-08,8.775915766822699e-08,8.776766277859611e-08,8.777618107103288e-08,8.778471250571832e-08,8.77932570427736e-08,8.780181464251121e-08,8.781038526522851e-08,8.781896887159556e-08,8.782756542211896e-08,8.783617487750067e-08,8.784479719853384e-08,8.785343234610972e-08,8.786208028128487e-08,8.787074096507005e-08,8.787941435864444e-08,8.788810042332653e-08,8.789679912049753e-08,8.790551041165297e-08,8.791423425837535e-08,8.792297062233746e-08,8.793171946534364e-08,8.794048074947411e-08,8.794925443624555e-08,8.795804048795146e-08,8.796683886674816e-08,8.797564953497278e-08,8.798447245503259e-08,8.799330758923094e-08,8.800215490006523e-08,8.80110143503065e-08,8.801988590277863e-08,8.802876952014523e-08,8.803766516540362e-08,8.804657280182294e-08,8.805549239230818e-08,8.806442390024935e-08,8.807336728877621e-08,8.808232252141479e-08,8.809128956161745e-08,8.810026837303227e-08,8.810925891940416e-08,8.811826116447134e-08,8.812727507211318e-08,8.813630060639231e-08,8.814533773135506e-08,8.815438641118114e-08,8.816344661009238e-08,8.817251829251685e-08,8.818160142287724e-08,8.819069596579187e-08,8.819980188585705e-08,8.820891914810563e-08,8.821804771676892e-08,8.822718755709847e-08,8.823633863462169e-08,8.82455009135605e-08,8.825467435940475e-08,8.826385893763337e-08,8.827305461328875e-08,8.82822613520822e-08,8.829147911957735e-08,8.830070788145195e-08,8.830994760345051e-08,8.831919825142462e-08,8.832845979118819e-08,8.83377321889085e-08,8.834701541079347e-08,8.835630942292314e-08,8.836561419161377e-08,8.837492968342819e-08,8.838425586457608e-08,8.839359270170157e-08,8.84029401615386e-08,8.841229821072674e-08,8.84216668161655e-08,8.843104594487716e-08,8.844043556381395e-08,8.844983563984801e-08,8.845924614040903e-08,8.846866703275227e-08,8.84780982842501e-08,8.848753986236426e-08,8.849699173464463e-08,8.850645386872623e-08,8.851592623233893e-08,8.852540879329072e-08,8.85349015194827e-08,8.85444043789059e-08,8.855391733963337e-08,8.856344036982851e-08,8.857297343774034e-08,8.858251651170172e-08,8.859206956013789e-08,8.860163255155594e-08,8.861120545455314e-08,8.862078823780628e-08,8.863038087008373e-08,8.863998332023897e-08,8.864959555720472e-08,8.865921755001018e-08,8.866884926775948e-08,8.867849067964195e-08,8.868814175494572e-08,8.869780246310353e-08,8.870747277341412e-08,8.8717152655482e-08,8.87268420789241e-08,8.873654101343827e-08,8.874624942880029e-08,8.87559672948821e-08,8.876569458163503e-08,8.877543125910001e-08,8.878517729738079e-08,8.879493266668885e-08,8.880469733729747e-08,8.881447127958824e-08,8.882425446398418e-08,8.883404686106612e-08,8.884384844136509e-08,8.885365917561259e-08,8.886347903458468e-08,8.887330798914142e-08,8.888314601023007e-08,8.889299306885796e-08,8.890284913612589e-08,8.89127141832026e-08,8.89225881813729e-08,8.893247110199838e-08,8.894236291644043e-08,8.895226359623249e-08,8.89621731129671e-08,8.897209143832798e-08,8.898201854401884e-08,8.899195440186568e-08,8.900189898377049e-08,8.901185226170839e-08,8.902181420774091e-08,8.903178479400687e-08,8.904176399272076e-08,8.905175177614752e-08,8.906174811669255e-08,8.907175298673747e-08,8.908176635894182e-08,8.909178820575856e-08,8.910181850005037e-08,8.911185721445775e-08,8.912190432188557e-08,8.91319597951607e-08,8.914202360735503e-08,8.915209573152067e-08,8.916217614078499e-08,8.917226480834852e-08,8.918236170759384e-08,8.919246681181557e-08,8.920258009461062e-08,8.921270152928562e-08,8.922283108952904e-08,8.923296874902404e-08,8.924311448149972e-08,8.925326826082812e-08,8.926343006085825e-08,8.927359985560346e-08,8.928377761911803e-08,8.929396332551183e-08,8.930415694897515e-08,8.931435846378391e-08,8.932456784425656e-08,8.933478506483487e-08,8.934501010006293e-08,8.93552429245465e-08,8.936548351278787e-08,8.937573183948896e-08,8.938598787952124e-08,8.93962516080366e-08,8.940652299941167e-08,8.941680202892018e-08,8.942708867145256e-08,8.943738290226609e-08,8.944768469641786e-08,8.945799402960193e-08,8.946831087696495e-08,8.947863521392275e-08,8.94889670159873e-08,8.949930625876418e-08,8.950965291799847e-08,8.952000696912791e-08,8.953036838802199e-08,8.954073715054353e-08,8.955111323239582e-08,8.956149660978308e-08,8.957188725882032e-08,8.958228515553304e-08,8.959269027619239e-08,8.960310259721736e-08,8.961352209491336e-08,8.962394874609135e-08,8.963438252676572e-08,8.964482341383679e-08,8.96552713834701e-08,8.966572641234888e-08,8.967618847730681e-08,8.968665755515686e-08,8.969713362277764e-08,8.970761665711332e-08,8.971810663521019e-08,8.972860353416412e-08,8.973910733102204e-08,8.974961800303706e-08,8.976013552767138e-08,8.977065988207746e-08,8.978119104377544e-08,8.979172898986643e-08,8.980227369867814e-08,8.981282514719928e-08,8.982338331332286e-08,8.983394817511273e-08,8.984451971010237e-08,8.985509789616917e-08,8.986568271126123e-08,8.987627413343185e-08,8.98868721402701e-08,8.989747671080116e-08,8.990808782278272e-08,8.991870545448538e-08,8.992932958423959e-08,8.99399601904416e-08,8.995059725154874e-08,8.996124074608436e-08,8.997189065263718e-08,8.998254694985262e-08,8.999320961644138e-08,9.000387863124051e-08,9.001455397302377e-08,9.002523562071291e-08,9.003592355328658e-08,9.004661774969968e-08,9.005731818912881e-08,9.006802485064878e-08,9.007873771338066e-08,9.008945675670098e-08,9.010018196011478e-08,9.011091330285302e-08,9.01216507641932e-08,9.013239432384522e-08,9.01431439613552e-08,9.015389965642202e-08,9.016466138868894e-08,9.017542913756046e-08,9.018620288352542e-08,9.019698260617371e-08,9.020776828542029e-08,9.021855990124608e-08,9.022935743373852e-08,9.024016086305664e-08,9.025097016933256e-08,9.026178533273554e-08,9.027260633367102e-08,9.028343315244735e-08,9.029426576941042e-08,9.030510416514385e-08,9.031594832006701e-08,9.032679821488043e-08,9.033765383016922e-08,9.034851514661698e-08,9.035938214495825e-08,9.037025480605438e-08,9.038113311078119e-08,9.039201704007215e-08,9.040290657496473e-08,9.041380169639084e-08,9.042470238550343e-08,9.043560862352172e-08,9.044652039156304e-08,9.045743767125292e-08,9.046836044341817e-08,9.047928868958003e-08,9.049022239126103e-08,9.050116152993384e-08,9.051210608702788e-08,9.052305604441366e-08,9.053401138342394e-08,9.054497208616501e-08,9.055593813457929e-08,9.056690950976511e-08,9.057788619401201e-08,9.058886816920628e-08,9.059985541728816e-08,9.061084792037618e-08,9.062184566054812e-08,9.063284862002947e-08,9.064385678091245e-08,9.065487012547158e-08,9.066588863605774e-08,9.067691229505065e-08,9.068794108483561e-08,9.069897498795923e-08,9.071001398686006e-08,9.072105806413837e-08,9.073210720244798e-08,9.074316138448086e-08,9.075422059291235e-08,9.076528481084516e-08,9.077635402054769e-08,9.078742820529651e-08,9.079850734795227e-08,9.080959143167094e-08,9.082068043916516e-08,9.083177435373564e-08,9.084287315847592e-08,9.085397683665071e-08,9.08650853714619e-08,9.0876198746252e-08,9.088731694439452e-08,9.089843994921951e-08,9.090956774418433e-08,9.092070031261816e-08,9.093183763844097e-08,9.094297970515739e-08,9.095412649617277e-08,9.096527799544176e-08,9.097643418679005e-08,9.098759505389576e-08,9.099876058057466e-08,9.100993075079902e-08,9.102110554879393e-08,9.103228495798355e-08,9.104346896305501e-08,9.10546575469852e-08,9.106585069496757e-08,9.107704839088727e-08,9.10882506190004e-08,9.109945736357395e-08,9.111066860874535e-08,9.112188433931497e-08,9.11331045395112e-08,9.114432919382225e-08,9.115555828676131e-08,9.116679180291486e-08,9.117802972690273e-08,9.118927204317474e-08,9.120051873670881e-08,9.121176979247013e-08,9.122302519495991e-08,9.123428492994877e-08,9.124554898059545e-08,9.125681733278047e-08,9.12680899715857e-08,9.127936688178471e-08,9.129064804893582e-08,9.130193345750641e-08,9.131322309347638e-08,9.132451694156469e-08,9.133581498664014e-08,9.134711721445821e-08,9.135842361036869e-08,9.136973415968796e-08,9.138104884802736e-08,9.139236766090363e-08,9.140369058347321e-08,9.14150176017702e-08,9.142634870131438e-08,9.143768386774819e-08,9.144902308664241e-08,9.146036634383823e-08,9.147171362512484e-08,9.148306491641418e-08,9.14944202037921e-08,9.15057794727562e-08,9.151714270948043e-08,9.152850989998908e-08,9.153988102976039e-08,9.155125608544034e-08,9.156263505375105e-08,9.157401792043584e-08,9.158540467154577e-08,9.159679529354745e-08,9.160818977262586e-08,9.161958809593238e-08,9.163099024769391e-08,9.164239621652592e-08,9.165380598801732e-08,9.166521954882491e-08,9.167663688562173e-08,9.168805798486379e-08,9.169948283305355e-08,9.171091141729133e-08,9.172234372461223e-08,9.173377974124085e-08,9.174521945363488e-08,9.175666284832135e-08,9.176810991370919e-08,9.177956063616997e-08,9.179101500219444e-08,9.180247299911734e-08,9.181393461394297e-08,9.182539983380043e-08,9.183686864590963e-08,9.184834103723286e-08,9.185981699511372e-08,9.187129650679096e-08,9.188277955952729e-08,9.189426614076622e-08,9.190575623771686e-08,9.191724983797416e-08,9.19287469289101e-08,9.194024749838063e-08,9.195175153261475e-08,9.196325902072015e-08,9.197476994971676e-08,9.198628430712755e-08,9.199780208081582e-08,9.200932325847463e-08,9.202084782781034e-08,9.203237577739172e-08,9.20439070935537e-08,9.205544176492338e-08,9.206697977941428e-08,9.20785211249805e-08,9.209006578949892e-08,9.210161376122405e-08,9.211316502809992e-08,9.212471957811646e-08,9.213627739958563e-08,9.214783848055319e-08,9.215940280929377e-08,9.217097037408952e-08,9.218254116317422e-08,9.219411516495504e-08,9.220569236756316e-08,9.221727275939382e-08,9.222885633009606e-08,9.224044306598943e-08,9.225203295675436e-08,9.226362599052058e-08,9.227522215644644e-08,9.228682144284073e-08,9.229842383834215e-08,9.231002933163592e-08,9.232163791143798e-08,9.233324956650617e-08,9.234486428563994e-08,9.235648205758401e-08,9.236810287128145e-08,9.237972671553314e-08,9.239135357930506e-08,9.240298345172332e-08,9.241461632144544e-08,9.242625217772798e-08,9.243789100950817e-08,9.244953280643489e-08,9.24611775566522e-08,9.247282524981407e-08,9.248447587485863e-08,9.249612942154298e-08,9.250778587907329e-08,9.251944523633115e-08,9.25311074831304e-08,9.254277260830149e-08,9.2554440601948e-08,9.256611145308067e-08,9.257778515086643e-08,9.258946168528707e-08,9.260114104530344e-08,9.261282322081481e-08,9.26245082014235e-08,9.263619597645995e-08,9.264788653621551e-08,9.265957987011009e-08,9.267127596784764e-08,9.268297481912101e-08,9.269467641376822e-08,9.270638074183959e-08,9.271808779274884e-08,9.272979755658124e-08,9.274151002367066e-08,9.275322518313573e-08,9.276494302537461e-08,9.277666354018218e-08,9.27883867180485e-08,9.280011254882177e-08,9.281184102263614e-08,9.28235721295732e-08,9.283530585979503e-08,9.284704220359164e-08,9.285878115112943e-08,9.287052269144844e-08,9.288226681729049e-08,9.28940135177532e-08,9.290576278317958e-08,9.291751460395607e-08,9.292926897034558e-08,9.294102587308627e-08,9.295278530250728e-08,9.296454724908381e-08,9.297631170339583e-08,9.298807865595698e-08,9.299984809741072e-08,9.30116200183444e-08,9.302339440940126e-08,9.303517126119256e-08,9.304695056457994e-08,9.305873231023425e-08,9.307051648892232e-08,9.308230309140876e-08,9.309409210886487e-08,9.310588353157207e-08,9.311767735064622e-08,9.312947355708537e-08,9.314127214178279e-08,9.315307309568988e-08,9.316487640976979e-08,9.317668207509431e-08,9.318849008271044e-08,9.32003004236979e-08,9.321211308921068e-08,9.322392807034603e-08,9.323574535825715e-08,9.324756494412916e-08,9.325938681914241e-08,9.327121097470304e-08,9.328303740200782e-08,9.329486609238674e-08,9.330669703716462e-08,9.331853022766755e-08,9.33303656552603e-08,9.334220331141963e-08,9.335404318757189e-08,9.336588527517486e-08,9.337772956483202e-08,9.338957604973707e-08,9.340142472077868e-08,9.341327556937912e-08,9.342512858717538e-08,9.343698376579614e-08,9.344884109689844e-08,9.346070057218953e-08,9.347256218338305e-08,9.348442592218109e-08,9.349629178035094e-08,9.350815974963693e-08,9.35200298218377e-08,9.353190198894105e-08,9.354377624262491e-08,9.355565257486955e-08,9.356753097759398e-08,9.357941144277597e-08,9.359129396236324e-08,9.360317852832635e-08,9.361506513254637e-08,9.362695376733943e-08,9.363884442459437e-08,9.365073709648929e-08,9.366263177511856e-08,9.367452845252259e-08,9.368642712099448e-08,9.369832777260043e-08,9.37102303996751e-08,9.372213499449805e-08,9.373404154923813e-08,9.374595005622327e-08,9.375786050781148e-08,9.376977289629644e-08,9.378168721405378e-08,9.379360345350989e-08,9.380552160701321e-08,9.38174416669514e-08,9.382936362592425e-08,9.384128747636857e-08,9.385321321075205e-08,9.386514082162911e-08,9.387707030155444e-08,9.388900164310899e-08,9.390093483889779e-08,9.391286988154344e-08,9.392480676370048e-08,9.393674547803992e-08,9.394868601719107e-08,9.396062837403234e-08,9.397257254120029e-08,9.398451851147951e-08,9.399646627759103e-08,9.400841583248222e-08,9.402036716892223e-08,9.403232027976974e-08,9.404427515790343e-08,9.405623179622615e-08,9.40681901875942e-08,9.40801503250245e-08,9.409211220156375e-08,9.410407581021413e-08,9.411604114380028e-08,9.412800819552244e-08,9.413997695836892e-08,9.415194742542755e-08,9.416391958981946e-08,9.417589344473704e-08,9.418786898318328e-08,9.419984619850543e-08,9.421182508361998e-08,9.422380563200199e-08,9.423578783676445e-08,9.424777169112525e-08,9.425975718849332e-08,9.427174432210431e-08,9.428373308528209e-08,9.429572347129161e-08,9.430771547325062e-08,9.43197090852199e-08,9.433170430015095e-08,9.434370111159316e-08,9.435569951295554e-08,9.436769949768058e-08,9.437970105938825e-08,9.439170419141662e-08,9.44037088873669e-08,9.441571514078316e-08,9.442772294527028e-08,9.443973229443916e-08,9.44517431817929e-08,9.446375560099968e-08,9.447576954582733e-08,9.448778500982691e-08,9.449980198668799e-08,9.451182047024678e-08,9.452384045413835e-08,9.453586193232762e-08,9.454788489836967e-08,9.455990934637015e-08,9.457193526942749e-08,9.458396266175253e-08,9.459599151723352e-08,9.460802182979728e-08,9.462005359317028e-08,9.463208680145186e-08,9.464412144850207e-08,9.46561575282088e-08,9.466819503471037e-08,9.468023396191048e-08,9.469227430378761e-08,9.470431605436819e-08,9.471635920772912e-08,9.472840375790247e-08,9.474044969897642e-08,9.475249702507414e-08,9.476454573027801e-08,9.477659580874959e-08,9.478864725463067e-08,9.480070006213708e-08,9.481275422541697e-08,9.482480973873595e-08,9.483686659631628e-08,9.48489247923822e-08,9.486098432121157e-08,9.487304517708629e-08,9.48851073543443e-08,9.489717084730446e-08,9.490923565029634e-08,9.492130175767799e-08,9.493336916384178e-08,9.494543786318554e-08,9.495750785002947e-08,9.496957911858486e-08,9.498165166398661e-08,9.499372547983317e-08,9.5005800561558e-08,9.501787690321319e-08,9.502995449932517e-08,9.504203334453584e-08,9.505411343304766e-08,9.506619475966765e-08,9.507827731927542e-08,9.509036110607004e-08,9.510244611470877e-08,9.511453234019596e-08,9.512661977694671e-08,9.513870841927526e-08,9.515079826243203e-08,9.516288930069251e-08,9.517498152927641e-08,9.518707494266761e-08,9.519916953534324e-08,9.521126530252572e-08,9.522336223906258e-08,9.523546033950121e-08,9.524755959879166e-08,9.52596600118201e-08,9.527176157335605e-08,9.528386427801133e-08,9.52959681212064e-08,9.530807309766166e-08,9.532017920225059e-08,9.533228643000816e-08,9.534439477569922e-08,9.535650423433271e-08,9.536861480100603e-08,9.538072647001939e-08,9.53928392377404e-08,9.540495309842405e-08,9.54170680466402e-08,9.542918407854345e-08,9.544130118879624e-08,9.545341937256143e-08,9.546553862473322e-08,9.547765894006061e-08,9.548978031462327e-08,9.550190274320785e-08,9.55140262208632e-08,9.55261507428817e-08,9.553827630393277e-08,9.555040290005775e-08,9.55625305264405e-08,9.557465917804078e-08,9.558678885019257e-08,9.559891953819972e-08,9.561105123735655e-08,9.562318394297883e-08,9.563531765040163e-08,9.564745235497698e-08,9.565958805206661e-08,9.567172473705063e-08,9.568386240532299e-08,9.569600105229488e-08,9.570814067338541e-08,9.572028126506007e-08,9.573242282063118e-08,9.574456533680286e-08,9.575670880891849e-08,9.576885323252559e-08,9.578099860307145e-08,9.579314491560146e-08,9.580529216658493e-08,9.581744035118994e-08,9.582958946495904e-08,9.584173950353692e-08,9.585389046244369e-08,9.586604233652373e-08,9.587819512296494e-08,9.589034881655892e-08,9.59025034130856e-08,9.591465890816666e-08,9.592681529737393e-08,9.59389725766064e-08,9.595113074153213e-08,9.596328978763934e-08,9.59754497109029e-08,9.598761050692796e-08,9.59997721716047e-08,9.60119347006347e-08,9.602409808994419e-08,9.603626233508773e-08,9.604842743226086e-08,9.606059337691286e-08,9.607276016516933e-08,9.608492779258067e-08,9.609709625519757e-08,9.61092655476179e-08,9.612143566830078e-08,9.61336066117613e-08,9.614577837415573e-08,9.61579509513281e-08,9.617012433918812e-08,9.618229853368702e-08,9.619447353082934e-08,9.620664932671689e-08,9.621882591721342e-08,9.623100329809782e-08,9.624318146592166e-08,9.625536041644906e-08,9.626754014576137e-08,9.627972064991642e-08,9.629190192501322e-08,9.630408396716113e-08,9.631626677235853e-08,9.63284503358231e-08,9.63406346567403e-08,9.63528197281668e-08,9.636500554718039e-08,9.637719211021472e-08,9.638937941314887e-08,9.640156745049668e-08,9.641375622199417e-08,9.642594572219117e-08,9.643813594718357e-08,9.64503268934249e-08,9.646251855690876e-08,9.647471093401843e-08,9.648690402107879e-08,9.649909781432524e-08,9.651129231006302e-08,9.652348750460437e-08,9.653568339422822e-08,9.654787997536245e-08,9.656007724430823e-08,9.657227519742936e-08,9.65844738310572e-08,9.65966731416185e-08,9.660887312544464e-08,9.662107377899401e-08,9.663327509879944e-08,9.664547708118562e-08,9.665767972259607e-08,9.666988301948544e-08,9.668208696831544e-08,9.669429156558386e-08,9.670649680773794e-08,9.67187026912945e-08,9.673090921293162e-08,9.674311636884159e-08,9.675532415570332e-08,9.67675325700953e-08,9.677974160855508e-08,9.679195126765033e-08,9.680416154395626e-08,9.681637243406891e-08,9.682858393454072e-08,9.684079604202464e-08,9.685300875317114e-08,9.686522206458495e-08,9.687743597289145e-08,9.688965047476967e-08,9.690186556687459e-08,9.691408124588781e-08,9.692629750844722e-08,9.693851435144058e-08,9.695073177130453e-08,9.69629497648833e-08,9.697516832902849e-08,9.698738746019395e-08,9.699960715532281e-08,9.701182741132427e-08,9.702404822598922e-08,9.703626959364739e-08,9.704849151267597e-08,9.706071397918665e-08,9.707293699021506e-08,9.708516054284903e-08,9.709738463385115e-08,9.710960925998582e-08,9.712183441795571e-08,9.713406010486107e-08,9.714628631772946e-08,9.715851305322233e-08,9.717074030810096e-08,9.718296807950716e-08,9.71951963641029e-08,9.72074251589512e-08,9.72196544611381e-08,9.72318842673213e-08,9.724411457506307e-08,9.725634538040935e-08,9.726857668115231e-08,9.728080847341852e-08,9.72930407549008e-08,9.73052735223303e-08,9.731750677264186e-08,9.732974050136859e-08,9.73419747090707e-08,9.735420938967097e-08,9.736644454062543e-08,9.737868016163266e-08,9.739091624798404e-08,9.740315279661081e-08,9.741538980468768e-08,9.742762726934634e-08,9.743986518663033e-08,9.745210355575519e-08,9.746434237191728e-08,9.74765816320942e-08,9.748882133639438e-08,9.750106148011186e-08,9.751330205879044e-08,9.752554307276944e-08,9.753778451757957e-08,9.755002638954655e-08,9.756226868625519e-08,9.757451140574256e-08,9.758675454472917e-08,9.759899810336639e-08,9.761124207510275e-08,9.762348645803909e-08,9.763573124812779e-08,9.764797644568619e-08,9.76602220447748e-08,9.767246804464313e-08,9.768471444344872e-08,9.769696123558406e-08,9.770920842020834e-08,9.772145599624838e-08,9.773370395764227e-08,9.774595230502652e-08,9.775820103276189e-08,9.777045014066808e-08,9.778269962466811e-08,9.779494948279434e-08,9.78071997117075e-08,9.781945030941816e-08,9.783170127308825e-08,9.784395260014085e-08,9.785620428797704e-08,9.786845633382703e-08,9.788070873528279e-08,9.789296148975585e-08,9.790521459467819e-08,9.791746804778018e-08,9.792972184588834e-08,9.794197598609201e-08,9.795423046739808e-08,9.79664852865572e-08,9.797874044093585e-08,9.79909959281381e-08,9.800325174563646e-08,9.80155078909351e-08,9.802776436163505e-08,9.804002115513471e-08,9.805227826912694e-08,9.806453570098586e-08,9.807679344830185e-08,9.808905150879003e-08,9.810130988019618e-08,9.811356855951542e-08,9.812582754467773e-08,9.813808683380499e-08,9.8150346423485e-08,9.816260631172667e-08,9.817486649576062e-08,9.818712697408115e-08,9.819938774410278e-08,9.821164880304275e-08,9.822391014959915e-08,9.823617178075965e-08,9.824843369397819e-08,9.826069588636478e-08,9.827295835620433e-08,9.828522110126555e-08,9.82974841191853e-08,9.830974740667087e-08,9.832201096342647e-08,9.833427478619131e-08,9.834653887258915e-08,9.835880322057768e-08,9.837106782784003e-08,9.838333269108027e-08,9.839559780998348e-08,9.840786318140187e-08,9.842012880156134e-08,9.843239467015209e-08,9.844466078561631e-08,9.84569271445689e-08,9.846919374521646e-08,9.848146058487716e-08,9.849372766156501e-08,9.850599497340907e-08,9.851826251769319e-08,9.853053029270687e-08,9.854279829581905e-08,9.855506652528162e-08,9.856733497877213e-08,9.857960365408513e-08,9.859187254935467e-08,9.860414166190782e-08,9.861641099027835e-08,9.862868053195369e-08,9.864095028514838e-08,9.865322024738385e-08,9.866549041707724e-08,9.867776079150584e-08,9.869003136937208e-08,9.870230214774576e-08,9.871457312496213e-08,9.872684429881501e-08,9.873911566721728e-08,9.875138722866636e-08,9.876365898085588e-08,9.877593092136761e-08,9.8788203049215e-08,9.880047536115029e-08,9.881274785566263e-08,9.882502053039674e-08,9.883729338414805e-08,9.884956641463573e-08,9.88618396195381e-08,9.887411299719043e-08,9.888638654537517e-08,9.889866026237068e-08,9.891093414615829e-08,9.892320819474293e-08,9.893548240626552e-08,9.894775677858389e-08,9.896003130988464e-08,9.89723059978707e-08,9.898458084146596e-08,9.899685583849603e-08,9.900913098648982e-08,9.9021406283889e-08,9.903368172901764e-08,9.904595731970433e-08,9.905823305409742e-08,9.907050892977174e-08,9.908278494600733e-08,9.909506110036367e-08,9.910733739083598e-08,9.911961381624022e-08,9.913189037391798e-08,9.914416706236512e-08,9.915644387970525e-08,9.916872082466242e-08,9.918099789432928e-08,9.919327508738361e-08,9.920555240217626e-08,9.921782983683011e-08,9.923010738938765e-08,9.924238505841424e-08,9.925466284148376e-08,9.926694073739006e-08,9.927921874382375e-08,9.929149686081724e-08,9.930377508444269e-08,9.93160534138889e-08,9.932833184664036e-08,9.934061038171794e-08,9.935288901696623e-08,9.936516775077685e-08,9.937744658100473e-08,9.938972550686262e-08,9.9402004526284e-08,9.941428363760017e-08,9.942656283875476e-08,9.943884212781473e-08,9.945112150438363e-08,9.946340096702345e-08,9.94756805114104e-08,9.948796013719173e-08,9.950023984291773e-08,9.95125196274739e-08,9.952479948823541e-08,9.953707942396193e-08,9.954935943451852e-08,9.956163951486149e-08,9.957391966541658e-08,9.958619988439091e-08,9.959848016990439e-08,9.961076052075896e-08,9.962304093494098e-08,9.963532141082368e-08,9.96476019475438e-08,9.965988254241175e-08,9.967216319452389e-08,9.968444390197189e-08,9.969672466329211e-08,9.970900547688171e-08,9.972128634116583e-08,9.973356725457458e-08,9.974584821591753e-08,9.975812922173269e-08,9.977041027358015e-08,9.978269136755647e-08,9.979497250320046e-08,9.98072536786512e-08,9.981953489276635e-08,9.983181614324056e-08,9.984409742887546e-08,9.985637874820211e-08,9.986866009964943e-08,9.988094148152292e-08,9.989322289278695e-08,9.990550433167699e-08,9.991778579672738e-08,9.99300672862285e-08,9.994234879924962e-08,9.995463033391471e-08,9.996691188864153e-08,9.997919346279506e-08,9.999147505349426e-08,1.0000375666005204e-07,1.0001603828142784e-07,1.000283199151537e-07,1.0004060156031024e-07,1.000528832154864e-07,1.0006516487912005e-07,1.0007744654993101e-07,1.0008972822641602e-07,1.0010200990710729e-07,1.0011429159064481e-07,1.001265732757155e-07,1.0013885496054798e-07,1.0015113664401086e-07,1.0016341832485767e-07,1.0017570000139815e-07,1.0018798167200895e-07,1.0020026333604432e-07,1.0021254499172425e-07,1.0022482663798649e-07,1.0023710827333293e-07,1.002493898954614e-07,1.0026167150357404e-07,1.0027395309707498e-07,1.0028623467374072e-07,1.0029851623232734e-07,1.0031079777197876e-07,1.0032307929086774e-07,1.0033536078675282e-07,1.0034764226004257e-07,1.003599237088553e-07,1.003722051316497e-07,1.0038448652707997e-07,1.0039676789394352e-07,1.0040904923157337e-07,1.0042133053739921e-07,1.0043361181060357e-07,1.0044589305011213e-07,1.004581742543886e-07,1.004704554222374e-07,1.0048273655238525e-07,1.004950176435183e-07,1.005072986943989e-07,1.0051957970374099e-07,1.0053186067020093e-07,1.0054414159261307e-07,1.005564224695962e-07,1.0056870330018681e-07,1.0058098408245643e-07,1.0059326481769368e-07,1.0060554550064756e-07,1.0061782613217732e-07,1.0063010671078654e-07,1.0064238723548823e-07,1.0065466770470398e-07,1.0066694811738211e-07,1.0067922847229365e-07,1.0069150876822316e-07,1.0070378900397657e-07,1.0071606917819507e-07,1.0072834928989649e-07,1.0074062933927045e-07,1.0075290932219908e-07,1.0076518923894295e-07,1.0077746908830898e-07,1.0078974886880579e-07,1.008020285799671e-07,1.0081430821983509e-07,1.0082658778768401e-07,1.0083886728219038e-07,1.0085114670229134e-07,1.0086342604677965e-07,1.0087570531404273e-07,1.0088798450379864e-07,1.0090026361445906e-07,1.0091254264472964e-07,1.0092482159376403e-07,1.0093710046027391e-07,1.009493792431138e-07,1.0096165794166692e-07,1.0097393655462539e-07,1.0098621507968287e-07,1.0099849351672139e-07,1.0101077186433228e-07,1.0102305012144597e-07,1.0103532828670156e-07,1.0104760635971866e-07,1.0105988433880562e-07,1.0107216222346904e-07,1.0108444001200751e-07,1.0109671770365849e-07,1.011089952974519e-07,1.0112127279194195e-07,1.0113355018599294e-07,1.011458274791601e-07,1.0115810466940375e-07,1.0117038175614024e-07,1.011826587382958e-07,1.0119493561520883e-07,1.0120721238501657e-07,1.012194890466399e-07,1.0123176559940203e-07,1.012440420428323e-07,1.0125631837456993e-07,1.012685945948918e-07,1.0128087070185088e-07,1.0129314669479045e-07,1.0130542257265526e-07,1.0131769833448346e-07,1.0132997397949434e-07,1.0134224950606792e-07,1.0135452491341602e-07,1.0136680020060944e-07,1.0137907536667852e-07,1.0139135041074738e-07,1.0140362533159335e-07,1.0141590012831473e-07,1.014281747997266e-07,1.0144044934468003e-07,1.0145272376237929e-07,1.0146499805189373e-07,1.0147727221246786e-07,1.0148954624257762e-07,1.0150182014154453e-07,1.0151409390857092e-07,1.0152636754267876e-07,1.0153864104270169e-07,1.0155091440724844e-07,1.0156318763604123e-07,1.0157546072780964e-07,1.015877336819855e-07,1.0160000649700733e-07,1.0161227917226819e-07,1.0162455170688514e-07,1.016368240992735e-07,1.0164909634972818e-07,1.0166136845603241e-07,1.0167364041929784e-07,1.0168591223540108e-07,1.0169818390518246e-07,1.017104554274128e-07,1.0172272680148803e-07,1.0173499802637728e-07,1.0174726910056641e-07,1.0175954002617629e-07,1.0177181079859877e-07,1.0178408141771321e-07,1.0179635188497336e-07,1.0180862219594004e-07,1.0182089235122859e-07,1.0183316234980582e-07,1.0184543219141212e-07,1.0185770187459969e-07,1.018699713984625e-07,1.0188224076243598e-07,1.0189450996682816e-07,1.0190677900797571e-07,1.0191904788635707e-07,1.0193131660142198e-07,1.0194358515357989e-07,1.0195585353870722e-07,1.019681217579465e-07,1.019803898114039e-07,1.0199265769643087e-07,1.0200492541207316e-07,1.0201719295814211e-07,1.0202946033381897e-07,1.0204172753825117e-07,1.02053994570907e-07,1.0206626143042036e-07,1.0207852811590232e-07,1.0209079462684633e-07,1.0210306096261921e-07,1.0211532712190378e-07,1.0212759310441362e-07,1.0213985890846172e-07,1.0215212453509526e-07,1.0216438997990971e-07,1.0217665524485974e-07,1.0218892032897444e-07,1.0220118523082126e-07,1.0221344994982825e-07,1.0222571448520353e-07,1.022379788361919e-07,1.0225024300164232e-07,1.0226250698132927e-07,1.0227477077392942e-07,1.0228703437904849e-07,1.02299297796066e-07,1.0231156102337077e-07,1.0232382406061539e-07,1.0233608690708364e-07,1.0234834956342966e-07,1.0236061202734958e-07,1.023728742965103e-07,1.0238513637118992e-07,1.0239739825197929e-07,1.0240965993697172e-07,1.0242192142593653e-07,1.024341827177694e-07,1.0244644381205863e-07,1.0245870470790174e-07,1.0247096540419975e-07,1.0248322590008961e-07,1.0249548619586478e-07,1.0250774629000415e-07,1.0252000618236183e-07,1.0253226587051899e-07,1.0254452535721384e-07,1.0255678463764985e-07,1.0256904371244228e-07,1.025813025819674e-07,1.0259356124489636e-07,1.0260581970008315e-07,1.0261807794724338e-07,1.0263033598561639e-07,1.0264259381439212e-07,1.0265485143265717e-07,1.0266710883975947e-07,1.0267936603782057e-07,1.0269162302088447e-07,1.0270387978743574e-07,1.0271613634351632e-07,1.027283926855098e-07,1.0274064881084591e-07,1.0275290472124177e-07,1.0276516041471974e-07,1.0277741589133472e-07,1.027896711494264e-07,1.0280192618879263e-07,1.0281418100893578e-07,1.0282643560938525e-07,1.0283868998842304e-07,1.028509441457582e-07,1.0286319808125276e-07,1.0287545179353986e-07,1.0288770528265365e-07,1.0289995854820534e-07,1.0291221159002843e-07,1.0292446440419396e-07,1.0293671699226988e-07,1.0294896935556605e-07,1.0296122148936057e-07,1.0297347339509709e-07,1.0298572507163558e-07,1.0299797651815323e-07,1.0301022773521942e-07,1.0302247872145317e-07,1.0303472947654848e-07,1.0304697999910008e-07,1.0305923028912993e-07,1.0307148034559257e-07,1.0308373016812879e-07,1.0309597975566838e-07,1.0310822910641228e-07,1.0312047822247946e-07,1.0313272710247625e-07,1.0314497574511498e-07,1.0315722415006193e-07,1.0316947231658535e-07,1.0318172024395344e-07,1.0319396793085393e-07,1.0320621537815129e-07,1.03218462584603e-07,1.0323070954949257e-07,1.032429562722086e-07,1.0325520275203383e-07,1.0326744898846088e-07,1.0327969498088781e-07,1.0329194072870435e-07,1.0330418623131186e-07,1.0331643148806692e-07,1.0332867649853437e-07,1.0334092126190346e-07,1.0335316577766819e-07,1.0336541004520504e-07,1.0337765406418854e-07,1.0338989783368344e-07,1.0340214135297714e-07,1.0341438462169532e-07,1.0342662763938005e-07,1.0343887040550753e-07,1.0345111291940229e-07,1.034633551805426e-07,1.034755971878254e-07,1.0348783894110452e-07,1.0350008043985168e-07,1.0351232168331288e-07,1.0352456267124256e-07,1.0353680340281348e-07,1.0354904387742394e-07,1.0356128409471224e-07,1.0357352405388578e-07,1.0358576375434105e-07,1.0359800319614211e-07,1.0361024237834111e-07,1.036224813001063e-07,1.0363471995905765e-07,1.0364695835997895e-07,1.0365919649613426e-07,1.0367143437147294e-07,1.0368367198646403e-07,1.0369590933511287e-07,1.0370814642004715e-07,1.0372038324042996e-07,1.0373261979650551e-07,1.0374485608586771e-07,1.037570921097206e-07,1.037693278664493e-07,1.0378156335610639e-07,1.037937985778431e-07,1.0380603353105708e-07,1.038182682159933e-07,1.0383050263117861e-07,1.0384273677683203e-07,1.038549706517245e-07,1.0386720425589778e-07,1.0387943758860305e-07,1.0389167064834957e-07,1.0390390343689179e-07,1.0391613595223796e-07,1.0392836819426813e-07,1.039406001624832e-07,1.0395283185594624e-07,1.0396506327368275e-07,1.0397729441679304e-07,1.039895252836365e-07,1.0400175587402126e-07,1.0401398618723057e-07,1.0402621622371916e-07,1.0403844598151818e-07,1.0405067546159067e-07,1.0406290466228693e-07,1.0407513358354485e-07,1.0408736222485923e-07,1.0409959058547081e-07,1.0411181866547326e-07,1.0412404646403622e-07,1.041362739808551e-07,1.0414850121526686e-07,1.0416072816690148e-07,1.0417295483530046e-07,1.041851812198705e-07,1.0419740732018835e-07,1.0420963313601168e-07,1.0422185866456668e-07,1.0423408390922543e-07,1.042463088679199e-07,1.0425853353979924e-07,1.0427075792449013e-07,1.0428298202240723e-07,1.042952058319701e-07,1.0430742935383923e-07,1.0431965258621653e-07,1.0433187552927578e-07,1.0434409818325364e-07,1.0435632054614631e-07,1.0436854261830853e-07,1.0438076439959948e-07,1.0439298588851683e-07,1.0440520708625727e-07,1.0441742799097075e-07,1.0442964860289143e-07,1.0444186892166668e-07,1.0445408894705733e-07,1.0446630867923585e-07,1.0447852811504922e-07,1.0449074725558862e-07,1.045029661009796e-07,1.045151846498833e-07,1.0452740290424634e-07,1.0453962086006675e-07,1.0455183851902783e-07,1.045640558772393e-07,1.0457627293997948e-07,1.0458848970410279e-07,1.0460070616930987e-07,1.0461292233512356e-07,1.0462513820230325e-07,1.0463735376750003e-07,1.0464956903392583e-07,1.0466178399779499e-07,1.0467399866023606e-07,1.0468621301890266e-07,1.0469842707569261e-07,1.0471064083107812e-07,1.0472285428419286e-07,1.0473506743214351e-07,1.047472802782866e-07,1.0475949281936676e-07,1.0477170505478213e-07,1.0478391698518485e-07,1.0479612860822767e-07,1.0480833992818537e-07,1.0482055094131202e-07,1.0483276164534099e-07,1.0484497204470133e-07,1.0485718213633541e-07,1.048693919193953e-07,1.0488160139492846e-07,1.0489381056087675e-07,1.0490601941769774e-07,1.0491822796510573e-07,1.0493043620243622e-07,1.0494264412907704e-07,1.0495485174551109e-07,1.0496705905087045e-07,1.0497926604536077e-07,1.0499147272759022e-07,1.0500367909753727e-07,1.050158851549629e-07,1.050280908993147e-07,1.0504029633033089e-07,1.0505250144774124e-07,1.0506470625109008e-07,1.0507691074002346e-07,1.0508911491412263e-07,1.0510131877232913e-07,1.0511352231565846e-07,1.0512572554318938e-07,1.051379284543286e-07,1.0515013104868774e-07,1.0516233332664854e-07,1.0517453528610369e-07,1.0518673692895736e-07,1.0519893825299315e-07,1.0521113925864544e-07,1.052233399443433e-07,1.0523554031236969e-07,1.0524774036077055e-07,1.0525994008941961e-07,1.0527213949732406e-07,1.0528433858496394e-07,1.0529653735215871e-07,1.0530873579756216e-07,1.0532093392192462e-07,1.0533313172414426e-07,1.0534532920404174e-07,1.0535752636056575e-07,1.0536972319493403e-07,1.0538191970579417e-07,1.0539411589425637e-07,1.0540631175745552e-07,1.0541850729621496e-07,1.0543070250932747e-07,1.0544289739761423e-07,1.0545509196136687e-07,1.0546728619943352e-07,1.0547948011069185e-07,1.0549167369568388e-07,1.0550386695454262e-07,1.055160598867818e-07,1.0552825249062759e-07,1.0554044476670454e-07,1.0555263671684182e-07,1.0556482833456649e-07,1.0557701962799987e-07,1.055892105911507e-07,1.0560140122538997e-07,1.0561359153004306e-07,1.0562578150358018e-07,1.0563797114759751e-07,1.0565016046115143e-07,1.0566234944318983e-07,1.0567453809380497e-07,1.0568672641387329e-07,1.056989144017847e-07,1.0571110205731577e-07,1.0572328938216977e-07,1.05735476373147e-07,1.0574766303104659e-07,1.0575984935563234e-07,1.0577203534677318e-07,1.0578422100412727e-07,1.0579640632622992e-07,1.058085913141029e-07,1.058207759673506e-07,1.0583296028520162e-07,1.0584514426663524e-07,1.0585732791338563e-07,1.0586951122415298e-07,1.0588169419836004e-07,1.0589387683613282e-07,1.0590605913662186e-07,1.0591824110019327e-07,1.0593042272428434e-07,1.0594260401246382e-07,1.0595478496272983e-07,1.0596696557439359e-07,1.059791458473457e-07,1.0599132578062993e-07,1.0600350537498158e-07,1.0601568463007064e-07,1.0602786354462178e-07,1.0604004211976819e-07,1.060522203544114e-07,1.0606439824840901e-07,1.0607657580195401e-07,1.0608875301358205e-07,1.0610092988384353e-07,1.0611310641229537e-07,1.0612528259816519e-07,1.061374584421108e-07,1.061496339434487e-07,1.0616180910186641e-07,1.0617398391704735e-07,1.0618615838879434e-07,1.0619833251695891e-07,1.0621050630096865e-07,1.062226797406056e-07,1.0623485283574925e-07,1.0624702558610173e-07,1.0625919799140358e-07,1.0627137005135387e-07,1.0628354176565729e-07,1.0629571313350273e-07,1.0630788415579571e-07,1.0632005483185465e-07,1.0633222516110434e-07,1.0634439514343741e-07,1.063565647785901e-07,1.06368734066234e-07,1.0638090300656027e-07,1.0639307159845288e-07,1.064052398409151e-07,1.0641740773626965e-07,1.0642957528325261e-07,1.0644174248090415e-07,1.0645390932962452e-07,1.0646607582858853e-07,1.0647824197778214e-07,1.0649040777701493e-07,1.0650257322590579e-07,1.0651473832432585e-07,1.0652690307239603e-07,1.0653906746961065e-07,1.0655123151516408e-07,1.0656339520925366e-07,1.0657555854974576e-07,1.0658772154021221e-07,1.0659988417846682e-07,1.0661204646432376e-07,1.0662420839752704e-07,1.0663636997813285e-07,1.0664853120521342e-07,1.0666069207888136e-07,1.0667285259891841e-07,1.0668501276489509e-07,1.0669717257527421e-07,1.067093320329893e-07,1.0672149113612633e-07,1.0673364988459683e-07,1.0674580827787996e-07,1.067579663161503e-07,1.0677012399678933e-07,1.0678228132374687e-07,1.067944382946671e-07,1.0680659490913819e-07,1.0681875116736119e-07,1.068309070689292e-07,1.068430626136095e-07,1.0685521780104329e-07,1.0686737263136908e-07,1.0687952710406839e-07,1.0689168121889446e-07,1.0690383497583898e-07,1.0691598837458048e-07,1.0692814141465406e-07,1.0694029409623484e-07,1.0695244641899908e-07,1.0696459838264969e-07,1.0697674998698727e-07,1.0698890123183017e-07,1.0700105211684683e-07,1.0701320264199846e-07,1.0702535280691917e-07,1.070375026114518e-07,1.0704965205532137e-07,1.070618011392649e-07,1.070739498618449e-07,1.0708609822267888e-07,1.0709824622170818e-07,1.0711039385949461e-07,1.0712254113592916e-07,1.0713468804969024e-07,1.0714683460113331e-07,1.0715898078998253e-07,1.0717112661627871e-07,1.0718327207967176e-07,1.0719541717999207e-07,1.0720756191698379e-07,1.0721970629040345e-07,1.0723185030024991e-07,1.0724399394467355e-07,1.0725613722575182e-07,1.0726828014311612e-07,1.0728042269630113e-07,1.0729256488432151e-07,1.073047067073078e-07,1.0731684816544525e-07,1.073289892582777e-07,1.0734112998567891e-07,1.0735327034728136e-07,1.0736541034297388e-07,1.0737754997253058e-07,1.073896892356319e-07,1.074018281324775e-07,1.074139666616536e-07,1.0742610482497639e-07,1.0743824262020512e-07,1.0745038004937588e-07,1.0746251711074107e-07,1.0747465380354649e-07,1.0748679012970653e-07,1.0749892608727438e-07,1.0751106167568964e-07,1.0752319689726714e-07,1.0753533175032479e-07,1.0754746623041066e-07,1.0755960034554965e-07,1.0757173409176183e-07,1.0758386746873566e-07,1.0759600047647199e-07,1.0760813311363554e-07,1.0762026538211084e-07,1.0763239728012504e-07,1.0764452880790281e-07,1.0765665996503965e-07,1.0766879075186082e-07,1.0768092116783496e-07,1.0769305121308065e-07,1.0770518088725975e-07,1.0771731019127523e-07,1.0772943912248753e-07,1.0774156768265297e-07,1.0775369587007513e-07,1.0776582368592426e-07,1.0777795113042511e-07,1.0779007820263239e-07,1.0780220490101348e-07,1.0781433122691188e-07,1.0782645718063493e-07,1.0783858275832288e-07,1.078507079652581e-07,1.0786283279916568e-07,1.0787495726085717e-07,1.0788708134730676e-07,1.0789920506058474e-07,1.0791132840025444e-07,1.0792345136548199e-07,1.0793557395605893e-07,1.0794769617235017e-07,1.0795981801397498e-07,1.0797193948098477e-07,1.0798406057282318e-07,1.0799618128952202e-07,1.0800830163084972e-07,1.0802042159698448e-07,1.0803254118729998e-07,1.0804466040131009e-07,1.080567792398056e-07,1.0806889770252304e-07,1.0808101578865842e-07,1.0809313349787041e-07,1.0810525083124194e-07,1.0811736778771687e-07,1.0812948436595976e-07,1.0814160056849608e-07,1.0815371639409975e-07,1.0816583184214563e-07,1.081779469132594e-07,1.0819006160596164e-07,1.0820217592136216e-07,1.0821428985837894e-07,1.0822640341645268e-07,1.0823851659703285e-07,1.082506293991936e-07,1.082627418231593e-07,1.0827485386817799e-07,1.0828696553418968e-07,1.0829907681985736e-07,1.0831118772771709e-07,1.0832329825629943e-07,1.0833540840289729e-07,1.0834751817178406e-07,1.0835962756170637e-07,1.0837173657136996e-07,1.0838384520129416e-07,1.0839595345087049e-07,1.084080613215274e-07,1.0842016880825602e-07,1.0843227591775217e-07,1.0844438264520473e-07,1.0845648899179092e-07,1.0846859495748997e-07,1.0848070054185371e-07,1.0849280574753124e-07,1.0850491056811001e-07,1.08517015008456e-07,1.0852911906649075e-07,1.0854122274284734e-07,1.0855332603593184e-07,1.0856542895083689e-07,1.0857753148076222e-07,1.0858963362826161e-07,1.0860173539663737e-07,1.086138367788306e-07,1.0862593777823662e-07,1.0863803839194679e-07,1.0865013862518793e-07,1.0866223847526505e-07,1.0867433794202046e-07,1.0868643702583328e-07,1.0869853572447457e-07,1.0871063404009636e-07,1.0872273197204342e-07,1.0873482952009152e-07,1.0874692668384084e-07,1.087590234633933e-07,1.0877111985863863e-07,1.0878321586942487e-07,1.0879531149545742e-07,1.0880740673651178e-07,1.088195015924418e-07,1.0883159606346272e-07,1.0884369014926095e-07,1.0885578385024259e-07,1.0886787716630498e-07,1.0887997009383074e-07,1.088920626366738e-07,1.0890415479503356e-07,1.0891624656685063e-07,1.0892833795309878e-07,1.0894042895418917e-07,1.0895251956788384e-07,1.0896460979540181e-07,1.0897669963622851e-07,1.0898878909005829e-07,1.0900087815764108e-07,1.0901296683958948e-07,1.0902505513242264e-07,1.0903714303680864e-07,1.0904923055452748e-07,1.0906131768662494e-07,1.0907340443292522e-07,1.0908549078990508e-07,1.0909757675803616e-07,1.0910966233906777e-07,1.0912174753303704e-07,1.0913383233729838e-07,1.0914591675332841e-07,1.0915800078183157e-07,1.0917008442183452e-07,1.0918216767344604e-07,1.0919425053605375e-07,1.0920633301047447e-07,1.0921841509614421e-07,1.0923049679226899e-07,1.0924257809948337e-07,1.0925465901727451e-07,1.0926673954626329e-07,1.0927881968566013e-07,1.0929089943476305e-07,1.0930297879485945e-07,1.093150577656785e-07,1.0932713634620496e-07,1.0933921453732087e-07,1.0935129233917306e-07,1.0936336974920343e-07,1.0937544676969558e-07,1.0938752339976873e-07,1.0939959963851938e-07,1.0941167548748387e-07,1.094237509446398e-07,1.0943582601191683e-07,1.0944790068824562e-07,1.0945997497326751e-07,1.09472048867557e-07,1.0948412237047071e-07,1.0949619548331895e-07,1.0950826820320419e-07,1.095203405311737e-07,1.0953241246847448e-07,1.0954448401294326e-07,1.0955655516636608e-07,1.0956862592779028e-07,1.0958069629798175e-07,1.0959276627497803e-07,1.0960483585902884e-07,1.0961690505216372e-07,1.0962897385277004e-07,1.0964104226097207e-07,1.096531102757893e-07,1.0966517789786342e-07,1.0967724512661058e-07,1.0968931196292982e-07,1.0970137840632634e-07,1.0971344445614619e-07,1.0972551011305351e-07,1.0973757537820951e-07,1.0974964024850622e-07,1.0976170472518491e-07,1.0977376880766899e-07,1.097858324970252e-07,1.0979789579311187e-07,1.0980995869512509e-07,1.0982202120273433e-07,1.0983408331626532e-07,1.0984614503336927e-07,1.0985820635866272e-07,1.098702672906586e-07,1.0988232782696139e-07,1.0989438796867457e-07,1.0990644771582501e-07,1.0991850706821727e-07,1.0993056602579172e-07,1.0994262458764488e-07,1.099546827571783e-07,1.0996674052978452e-07,1.099787979080861e-07,1.0999085489088196e-07,1.1000291147759409e-07,1.1001496766908801e-07,1.1002702346681496e-07,1.1003907886843514e-07,1.1005113387330602e-07,1.1006318848206772e-07,1.1007524269448805e-07,1.1008729651382759e-07,1.1009934993512597e-07,1.1011140295987117e-07,1.1012345558926074e-07,1.1013550782159477e-07,1.1014755965888494e-07,1.1015961109861121e-07,1.1017166214152514e-07,1.1018371278769469e-07,1.101957630389203e-07,1.1020781289275459e-07,1.1021986235006177e-07,1.102319114095178e-07,1.1024396007278433e-07,1.1025600833673107e-07,1.102680562056036e-07,1.1028010367620123e-07,1.1029215074910131e-07,1.1030419742489463e-07,1.1031624370282604e-07,1.1032828958344855e-07,1.1034033506610882e-07,1.1035238015097041e-07,1.1036442483805253e-07,1.1037646912718334e-07,1.1038851302116879e-07,1.1040055651401749e-07,1.1041259960923175e-07,1.1042464230534611e-07,1.1043668460352081e-07,1.1044872650339853e-07,1.1046076800506808e-07,1.1047280910898481e-07,1.1048484981323144e-07,1.1049689011887721e-07,1.1050893002607084e-07,1.1052096953418691e-07,1.1053300864400643e-07,1.1054504735411022e-07,1.1055708566510223e-07,1.1056912357734998e-07,1.1058116109149807e-07,1.1059319820484136e-07,1.1060523492023267e-07,1.1061727123504419e-07,1.1062930715038745e-07,1.1064134266711547e-07,1.1065337778332182e-07,1.1066541249988378e-07,1.1067744681631189e-07,1.1068948073314549e-07,1.1070151425012636e-07,1.107135473670808e-07,1.1072558008367557e-07,1.1073761240105474e-07,1.1074964431695371e-07,1.1076167583289431e-07,1.1077370694872105e-07,1.1078573766365012e-07,1.1079776797843963e-07,1.1080979789243568e-07,1.1082182740595362e-07,1.1083385651889359e-07,1.1084588523107382e-07,1.1085791354202335e-07,1.1086994145309215e-07,1.108819689624363e-07,1.1089399607123276e-07,1.1090602277911209e-07,1.1091804908474005e-07,1.1093007498982324e-07,1.1094210049375861e-07,1.1095412559637753e-07,1.1096615029895462e-07,1.1097817459867096e-07,1.1099019849631567e-07,1.1100222199286911e-07,1.1101424508686801e-07,1.1102626778073093e-07,1.1103829007123084e-07,1.1105031196054e-07,1.11062333450898e-07,1.1107435453479508e-07,1.1108637521798798e-07,1.110983954981991e-07,1.1111041537745968e-07,1.1112243485339143e-07,1.1113445392823824e-07,1.1114647260027021e-07,1.1115849086989147e-07,1.1117050873748222e-07,1.1118252620100683e-07,1.1119454326411151e-07,1.1120655992391532e-07,1.1121857618123995e-07,1.1123059203577616e-07,1.1124260748606398e-07,1.1125462253466561e-07,1.1126663717996585e-07,1.112786514228761e-07,1.1129066526255737e-07,1.1130267869929483e-07,1.11314691732902e-07,1.1132670436263327e-07,1.1133871658948305e-07,1.113507284129863e-07,1.1136273983297884e-07,1.1137475084933474e-07,1.1138676146353691e-07,1.1139877167326561e-07,1.114107814795263e-07,1.1142279088194555e-07,1.114347998802081e-07,1.1144680847494402e-07,1.1145881666572202e-07,1.1147082445265515e-07,1.114828318368269e-07,1.1149483881611336e-07,1.1150684539103663e-07,1.1151885156221163e-07,1.1153085732874037e-07,1.1154286269028905e-07,1.1155486764888956e-07,1.1156687220267829e-07,1.1157887635266015e-07,1.1159088009835561e-07,1.1160288343917195e-07,1.1161488637539919e-07,1.1162688890738276e-07,1.1163889103448834e-07,1.1165089275631566e-07,1.1166289407366521e-07,1.1167489498625481e-07,1.1168689549444351e-07,1.1169889559765701e-07,1.1171089529591313e-07,1.1172289458852261e-07,1.1173489347620331e-07,1.117468919593755e-07,1.1175889003779151e-07,1.1177088771067839e-07,1.1178288497793034e-07,1.1179488184036262e-07,1.1180687829857301e-07,1.1181887434886105e-07,1.1183086999457618e-07,1.1184286523635842e-07,1.1185486007178938e-07,1.1186685450157103e-07,1.118788485255337e-07,1.1189084214371943e-07,1.1190283535698724e-07,1.1191482816429277e-07,1.119268205655879e-07,1.1193881256097264e-07,1.1195080415128191e-07,1.1196279533457422e-07,1.119747861123784e-07,1.1198677648307162e-07,1.119987664466256e-07,1.1201075600598389e-07,1.1202274515936599e-07,1.1203473390652229e-07,1.1204672224649251e-07,1.1205871018234216e-07,1.1207069771067095e-07,1.1208268483260131e-07,1.1209467154728447e-07,1.1210665785694327e-07,1.1211864375949723e-07,1.1213062925537878e-07,1.1214261434480302e-07,1.1215459902771521e-07,1.1216658330392984e-07,1.121785671726802e-07,1.1219055063554123e-07,1.1220253369213316e-07,1.1221451634110912e-07,1.1222649858257004e-07,1.1223848041788979e-07,1.1225046184615704e-07,1.1226244286677169e-07,1.1227442348052242e-07,1.1228640368745387e-07,1.1229838348677357e-07,1.1231036287971069e-07,1.1232234186473649e-07,1.1233432044314203e-07,1.1234629861371865e-07,1.1235827637823003e-07,1.1237025373530119e-07,1.1238223068440485e-07,1.1239420722601084e-07,1.1240618336003327e-07,1.1241815908676102e-07,1.1243013440588587e-07,1.1244210931747874e-07,1.124540838214165e-07,1.1246605791767805e-07,1.1247803160627952e-07,1.1249000488747703e-07,1.125019777607124e-07,1.1251395022584223e-07,1.1252592228439464e-07,1.1253789393364567e-07,1.125498651767909e-07,1.1256183601041948e-07,1.1257380643557716e-07,1.1258577645303395e-07,1.1259774606238086e-07,1.1260971526371214e-07,1.1262168405704381e-07,1.126336524420464e-07,1.1264562041880541e-07,1.1265758798731788e-07,1.1266955514755804e-07,1.126815218994298e-07,1.1269348824308926e-07,1.1270545417828068e-07,1.1271741970515875e-07,1.1272938482336815e-07,1.1274134953262502e-07,1.1275331383366987e-07,1.1276527772574223e-07,1.12777241209849e-07,1.1278920428534793e-07,1.1280116695157743e-07,1.1281312921050758e-07,1.1282509106006118e-07,1.128370525008895e-07,1.1284901353337384e-07,1.1286097415678277e-07,1.1287293437041208e-07,1.1288489417554749e-07,1.1289685357200731e-07,1.1290881255969191e-07,1.1292077113692383e-07,1.1293272930669878e-07,1.1294468706721228e-07,1.1295664441790114e-07,1.1296860135843308e-07,1.1298055789164256e-07,1.1299251401570076e-07,1.13004469730439e-07,1.1301642503607875e-07,1.1302837993273179e-07,1.1304033441992244e-07,1.1305228849766376e-07,1.1306424216664842e-07,1.1307619542573847e-07,1.1308814827544624e-07,1.131001007145955e-07,1.1311205274473215e-07,1.1312400436603604e-07,1.1313595557789181e-07,1.1314790637932044e-07,1.131598567720871e-07,1.1317180675530489e-07,1.1318375632870113e-07,1.131957054932583e-07,1.1320765424763431e-07,1.1321960259217012e-07,1.1323155052696262e-07,1.1324349805183206e-07,1.1325544516676982e-07,1.1326739187225364e-07,1.1327933816786745e-07,1.13291284053393e-07,1.1330322952832332e-07,1.1331517459402091e-07,1.1332711924998642e-07,1.1333906349576419e-07,1.1335100732979247e-07,1.1336295075593693e-07,1.1337489377197186e-07,1.1338683637760408e-07,1.13398778572591e-07,1.1341072035781675e-07,1.1342266173289638e-07,1.1343460269647789e-07,1.1344654325129209e-07,1.1345848339602758e-07,1.1347042313050134e-07,1.1348236245328433e-07,1.1349430136549677e-07,1.1350623986809724e-07,1.1351817796138563e-07,1.1353011564490724e-07,1.1354205291732444e-07,1.1355398977894751e-07,1.1356592623017452e-07,1.1357786226930183e-07,1.1358979789965616e-07,1.1360173311936604e-07,1.136136679286255e-07,1.136256023272478e-07,1.1363753631366914e-07,1.1364946989129111e-07,1.1366140305898833e-07,1.1367333581542068e-07,1.1368526816060497e-07,1.1369720009516664e-07,1.1370913161834164e-07,1.137210627320073e-07,1.1373299343546357e-07,1.137449237271499e-07,1.1375685360783067e-07,1.1376878307758553e-07,1.1378071213670095e-07,1.1379264078279218e-07,1.1380456902045151e-07,1.1381649684680059e-07,1.1382842426210488e-07,1.1384035126640496e-07,1.138522778597378e-07,1.1386420403895611e-07,1.1387612981030306e-07,1.1388805517082739e-07,1.1389998011850156e-07,1.139119046566215e-07,1.1392382878353426e-07,1.139357524993515e-07,1.1394767580408296e-07,1.139595986971779e-07,1.1397152117773286e-07,1.1398344324877755e-07,1.1399536490865623e-07,1.1400728615758295e-07,1.1401920699502313e-07,1.1403112742081314e-07,1.1404304743512335e-07,1.1405496703858071e-07,1.1406688623056321e-07,1.1407880501178218e-07,1.1409072338093848e-07,1.1410264133882196e-07,1.1411455888531836e-07,1.1412647601695877e-07,1.1413839274176288e-07,1.1415030905384683e-07,1.1416222495454536e-07,1.1417414044343831e-07,1.1418605552097623e-07,1.1419797018528729e-07,1.1420988443955233e-07,1.1422179827938398e-07,1.1423371171070035e-07,1.1424562473035482e-07,1.1425753733829455e-07,1.1426944953469905e-07,1.1428136131926126e-07,1.1429327269205581e-07,1.1430518365328183e-07,1.1431709420290572e-07,1.1432900433925486e-07,1.1434091406540689e-07,1.1435282337970139e-07,1.1436473228230725e-07,1.1437664077300347e-07,1.1438854885201555e-07,1.144004565192051e-07,1.1441236377573904e-07,1.1442427061911829e-07,1.1443617705059431e-07,1.1444808307034524e-07,1.1445998867803126e-07,1.1447189387390205e-07,1.1448379865767809e-07,1.1449570302975432e-07,1.1450760698966555e-07,1.145195105376298e-07,1.145314136726348e-07,1.1454331639665097e-07,1.1455521870880132e-07,1.1456712060863756e-07,1.1457902209647246e-07,1.1459092317394794e-07,1.146028238378398e-07,1.1461472408955284e-07,1.1462662392898247e-07,1.146385233565252e-07,1.1465042237178172e-07,1.146623209749084e-07,1.1467421916585695e-07,1.1468611694480103e-07,1.1469801431305148e-07,1.1470991126751649e-07,1.1472180780961143e-07,1.147337039396469e-07,1.1474559965739796e-07,1.1475749496282725e-07,1.1476938985599049e-07,1.1478128433697932e-07,1.147931784057674e-07,1.1480507206200703e-07,1.1481696530590416e-07,1.1482885813755224e-07,1.1484075055682934e-07,1.148526425637769e-07,1.1486453415818309e-07,1.1487642534046961e-07,1.1488831611030809e-07,1.149002064678068e-07,1.1491209641277612e-07,1.149239859453073e-07,1.1493587506548616e-07,1.1494776377328312e-07,1.1495965206854128e-07,1.1497153995135927e-07,1.1498342742164538e-07,1.1499531447963372e-07,1.150072011249388e-07,1.1501908735773344e-07,1.1503097317814675e-07,1.1504285858590673e-07,1.1505474358121821e-07,1.1506662816389474e-07,1.1507851233399549e-07,1.1509039609139487e-07,1.1510227943655172e-07,1.1511416236894692e-07,1.151260448885826e-07,1.1513792699568469e-07,1.1514980869036007e-07,1.1516168997221586e-07,1.1517357084135751e-07,1.1518545129795959e-07,1.151973313426455e-07,1.1520921097403772e-07,1.1522109019260036e-07,1.1523296899843313e-07,1.1524484739157102e-07,1.1525672537212342e-07,1.1526860293991993e-07,1.1528048009498776e-07,1.1529235683734141e-07,1.1530423316701409e-07,1.1531610908574461e-07,1.1532798458983223e-07,1.1533985968104721e-07,1.1535173435957864e-07,1.1536360862530408e-07,1.1537548247828474e-07,1.1538735591816929e-07,1.1539922894535507e-07,1.1541110155982327e-07,1.1542297376163652e-07,1.1543484555025758e-07,1.1544671692625381e-07,1.154585878894079e-07,1.1547045843983657e-07,1.1548232857740582e-07,1.1549419830394057e-07,1.1550606761558137e-07,1.1551793651451504e-07,1.155298050004265e-07,1.155416730733168e-07,1.1555354073325148e-07,1.1556540798040023e-07,1.1557727481451226e-07,1.1558914123602787e-07,1.1560100724460986e-07,1.1561287284020012e-07,1.15624738022647e-07,1.1563660279280533e-07,1.1564846714954513e-07,1.1566033109349489e-07,1.1567219462437175e-07,1.1568405774219514e-07,1.156959204471343e-07,1.1570778273903235e-07,1.1571964461777762e-07,1.1573150608360933e-07,1.1574336713629893e-07,1.1575522777577008e-07,1.1576708800261726e-07,1.1577894781638397e-07,1.1579080721712182e-07,1.1580266620465924e-07,1.1581452477930048e-07,1.1582638294094263e-07,1.1583824068936612e-07,1.1585009802490862e-07,1.1586195494733054e-07,1.1587381145674024e-07,1.1588566755733948e-07,1.1589752324060017e-07,1.1590937851077424e-07,1.1592123337158e-07,1.159330878153242e-07,1.1594494184632709e-07,1.1595679546374835e-07,1.159686486690706e-07,1.1598050146056519e-07,1.1599235383912737e-07,1.1600420580436275e-07,1.1601605735649029e-07,1.1602790849558759e-07,1.1603975922164277e-07,1.1605160953450336e-07,1.1606345943395861e-07,1.1607530892341228e-07,1.1608715799670702e-07,1.1609900665685615e-07,1.1611085490384501e-07,1.1612270273772835e-07,1.1613455015848527e-07,1.1614639716598614e-07,1.1615824376038744e-07,1.1617008994160253e-07,1.161819357095641e-07,1.1619378106452499e-07,1.1620562600618879e-07,1.1621747053435149e-07,1.1622931464967438e-07,1.1624115835177071e-07,1.1625300164059011e-07,1.1626484451629295e-07,1.1627668697871689e-07,1.1628852902800544e-07,1.1630037066372937e-07,1.1631221188663636e-07,1.1632405269629242e-07,1.163358930926509e-07,1.1634773307588436e-07,1.1635957264590491e-07,1.1637141180260175e-07,1.1638325054624755e-07,1.1639508887657865e-07,1.1640692679376133e-07,1.1641876429753739e-07,1.1643060138813751e-07,1.1644243806593709e-07,1.1645427433001099e-07,1.1646611018116157e-07,1.1647794561882588e-07,1.164897806433361e-07,1.165016152544316e-07,1.1651344945244952e-07,1.1652528323704832e-07,1.1653711660848077e-07,1.1654894956656959e-07,1.1656078211158748e-07,1.165726142431719e-07,1.1658444596147825e-07,1.1659627726479788e-07,1.1660810815891152e-07,1.1661993863743993e-07,1.1663176870255359e-07,1.1664359835457972e-07,1.1665542759335958e-07,1.1666725641886548e-07,1.1667908483420344e-07,1.16690912833177e-07,1.1670274041840829e-07,1.1671456759082458e-07,1.1672639434999572e-07,1.1673822069596788e-07,1.1675004662814564e-07,1.1676187214249971e-07,1.1677369724887412e-07,1.1678552194122732e-07,1.1679734622035034e-07,1.1680917008754549e-07,1.1682099354062197e-07,1.1683281658003227e-07,1.1684463920656742e-07,1.1685646141951644e-07,1.1686828321948343e-07,1.1688010460590095e-07,1.1689192557939648e-07,1.1690374613848415e-07,1.169155662853046e-07,1.1692738601928921e-07,1.1693920533961216e-07,1.1695102424617743e-07,1.1696284273980428e-07,1.1697466082089506e-07,1.1698647848816992e-07,1.1699829574217219e-07,1.1701011258281313e-07,1.1702192901039992e-07,1.1703374502441012e-07,1.1704556062517932e-07,1.1705737581282896e-07,1.1706919058720723e-07,1.1708100494338681e-07,1.1709281889140424e-07,1.1710463242557882e-07,1.1711644554707189e-07,1.171282582552908e-07,1.1714007055010588e-07,1.171518824316719e-07,1.1716369389999736e-07,1.1717550495473086e-07,1.1718731559678101e-07,1.1719912582532627e-07,1.1721093564141822e-07,1.1722274504354458e-07,1.1723455403208447e-07,1.1724636260767546e-07,1.1725817077004486e-07,1.1726997851915935e-07,1.1728178585528419e-07,1.172935927792041e-07,1.1730539928831464e-07,1.1731720538460737e-07,1.1732901106747162e-07,1.1734081633709002e-07,1.17352621193581e-07,1.1736442563712551e-07,1.1737622966887164e-07,1.1738803328578019e-07,1.1739983648955695e-07,1.174116392797727e-07,1.1742344165686831e-07,1.1743524362083861e-07,1.1744704517051014e-07,1.1745884630820178e-07,1.174706470326006e-07,1.174824473436273e-07,1.1749424724171772e-07,1.1750604672654541e-07,1.1751784579784547e-07,1.175296444517289e-07,1.1754144269696834e-07,1.1755324052859778e-07,1.1756503794745835e-07,1.1757683495308805e-07,1.1758863154586958e-07,1.1760042772531009e-07,1.1761222349100813e-07,1.176240188439483e-07,1.1763581378437639e-07,1.1764760831000748e-07,1.1765940242123071e-07,1.1767119612164971e-07,1.176829894091914e-07,1.1769478228310513e-07,1.1770657474417702e-07,1.1771836679172242e-07,1.1773015842641315e-07,1.1774194964595235e-07,1.177537404542059e-07,1.1776553084945892e-07,1.1777732083161804e-07,1.1778911040084423e-07,1.1780089955664466e-07,1.1781268829989604e-07,1.1782447663001292e-07,1.1783626454646159e-07,1.1784805205007341e-07,1.1785983914045205e-07,1.1787162581798912e-07,1.1788341208186343e-07,1.1789519793302879e-07,1.1790698337341978e-07,1.1791876839818125e-07,1.1793055300983125e-07,1.1794233720866668e-07,1.1795412099473585e-07,1.1796590436700584e-07,1.1797768732683897e-07,1.1798946987363429e-07,1.1800125200739934e-07,1.1801303372791051e-07,1.1802481503774632e-07,1.1803659593180168e-07,1.1804837641375576e-07,1.180601564822568e-07,1.1807193613791399e-07,1.1808371538024341e-07,1.180954942097165e-07,1.1810727262628252e-07,1.18119050629562e-07,1.1813082822062068e-07,1.1814260539530272e-07,1.181543821598856e-07,1.1816615850897681e-07,1.1817793444735675e-07,1.1818970997104536e-07,1.1820148508402314e-07,1.1821325978371119e-07,1.1822503407001987e-07,1.1823680794362497e-07,1.1824858140449465e-07,1.1826035445266288e-07,1.1827212708527464e-07,1.1828389930702324e-07,1.1829567111612269e-07,1.1830744251231559e-07,1.1831921349976514e-07,1.183309840701229e-07,1.1834275422713786e-07,1.1835452397428289e-07,1.1836629330643989e-07,1.1837806222561011e-07,1.18389830731476e-07,1.1840159882371503e-07,1.1841336650406577e-07,1.1842513377134196e-07,1.1843690062600986e-07,1.1844866706764573e-07,1.1846043309643728e-07,1.1847219871774144e-07,1.1848396392109314e-07,1.1849572871126432e-07,1.1850749308860843e-07,1.1851925705334158e-07,1.1853102060509177e-07,1.1854278374476649e-07,1.1855454647055287e-07,1.1856630878368426e-07,1.1857807068470859e-07,1.1858983217294771e-07,1.1860159324778724e-07,1.1861335390983543e-07,1.1862511415952675e-07,1.1863687399644227e-07,1.1864863342217902e-07,1.186603924328148e-07,1.186721510316959e-07,1.1868390921755125e-07,1.186956669908177e-07,1.1870742435140822e-07,1.1871918129914213e-07,1.1873093783446695e-07,1.1874269395722797e-07,1.1875444966714487e-07,1.1876620496457239e-07,1.1877795984906681e-07,1.1878971432051712e-07,1.1880146838354565e-07,1.1881322202962706e-07,1.1882497526313843e-07,1.188367280838486e-07,1.1884848049209057e-07,1.1886023249070023e-07,1.1887198407393376e-07,1.1888373524431125e-07,1.1889548600230553e-07,1.1890723634814152e-07,1.1891898628443116e-07,1.1893073580448799e-07,1.1894248491213028e-07,1.1895423360926662e-07,1.1896598189234542e-07,1.1897772976254664e-07,1.1898947722042185e-07,1.1900122426513988e-07,1.1901297089732454e-07,1.1902471711912087e-07,1.1903646292862611e-07,1.1904820832409419e-07,1.1905995330699417e-07,1.1907169788032336e-07,1.1908344203803429e-07,1.1909518578326304e-07,1.1910692911590667e-07,1.1911867203459628e-07,1.1913041454281618e-07,1.1914215664301563e-07,1.1915389832576081e-07,1.1916563959464274e-07,1.1917738045429576e-07,1.1918912089974338e-07,1.1920086093250756e-07,1.1921260055306881e-07,1.1922433976124894e-07,1.192360785572929e-07,1.192478169389169e-07,1.1925955490984268e-07,1.1927129246841826e-07,1.1928302961505037e-07,1.1929476634989664e-07,1.1930650267181973e-07,1.1931823858054304e-07,1.1932997407782476e-07,1.193417091624319e-07,1.1935344383490713e-07,1.1936517809541624e-07,1.1937691194361587e-07,1.1938864537937935e-07,1.194003784028709e-07,1.194121110146066e-07,1.1942384321387647e-07,1.194355750006523e-07,1.1944730637519393e-07,1.194590373356801e-07,1.1947076788615528e-07,1.1948249802277268e-07,1.19494227751383e-07,1.1950595706999392e-07,1.1951768597137005e-07,1.195294144588179e-07,1.195411425362472e-07,1.1955287020151837e-07,1.1956459745431906e-07,1.1957632429580913e-07,1.1958805072450452e-07,1.1959977674097253e-07,1.196115023449323e-07,1.1962322754089805e-07,1.1963495232094495e-07,1.1964667668455395e-07,1.196584006400643e-07,1.196701241835991e-07,1.1968184731569251e-07,1.1969357003545766e-07,1.197052923427163e-07,1.197170142421229e-07,1.19728735726015e-07,1.1974045679611634e-07,1.1975217745553406e-07,1.1976389770323927e-07,1.1977561754078492e-07,1.1978733696454208e-07,1.1979905597587003e-07,1.198107745760211e-07,1.1982249276422045e-07,1.1983421054005953e-07,1.198459279041118e-07,1.198576448562336e-07,1.1986936139617945e-07,1.198810775239938e-07,1.1989279323992398e-07,1.1990450854422844e-07,1.1991622343858536e-07,1.19927937919527e-07,1.1993965198833602e-07,1.1995136564529446e-07,1.199630788903951e-07,1.199747917233304e-07,1.199865041450968e-07,1.1999821615510749e-07,1.2000992775336156e-07,1.2002163893796842e-07,1.2003334971240383e-07,1.2004506007176782e-07,1.200567700222286e-07,1.2006847956140224e-07,1.200801886871192e-07,1.200918974027929e-07,1.2010360570665963e-07,1.2011531359937543e-07,1.2012702108016195e-07,1.2013872814891592e-07,1.2015043480579662e-07,1.2016214105115364e-07,1.2017384688567827e-07,1.2018555230885514e-07,1.2019725732297666e-07,1.2020896192273605e-07,1.202206661099384e-07,1.202323698884152e-07,1.202440732529862e-07,1.2025577620530315e-07,1.202674787460488e-07,1.2027918087532708e-07,1.2029088259301507e-07,1.2030258389894443e-07,1.2031428479459875e-07,1.2032598527768582e-07,1.203376853492764e-07,1.203493850093208e-07,1.2036108425786927e-07,1.2037278309507351e-07,1.2038448152052978e-07,1.2039617953443015e-07,1.2040787713708416e-07,1.2041957433078561e-07,1.2043127111057619e-07,1.2044296747985422e-07,1.2045466343679752e-07,1.204663589824897e-07,1.2047805411651644e-07,1.204897488390655e-07,1.2050144315057662e-07,1.2051313705063564e-07,1.20524830539175e-07,1.205365236166368e-07,1.2054821628407544e-07,1.205599085386014e-07,1.205716003814359e-07,1.205832918134118e-07,1.2059498283454682e-07,1.206066734441043e-07,1.206183636436902e-07,1.2063005342873117e-07,1.2064174280607307e-07,1.20653431768335e-07,1.2066512032097388e-07,1.2067680846280581e-07,1.2068849619384148e-07,1.207001835118554e-07,1.2071187041984896e-07,1.2072355691707785e-07,1.207352430031145e-07,1.2074692867823878e-07,1.2075861394316325e-07,1.207702987959935e-07,1.2078198323675174e-07,1.207936672674551e-07,1.2080535088671753e-07,1.2081703409468725e-07,1.2082871689351547e-07,1.2084039928138096e-07,1.2085208125656724e-07,1.2086376282076423e-07,1.208754439736982e-07,1.208871247158928e-07,1.208988050489447e-07,1.2091048496891942e-07,1.2092216447775383e-07,1.2093384357572472e-07,1.2094552226290467e-07,1.2095720053917636e-07,1.2096887840451116e-07,1.2098055585887716e-07,1.2099223290205927e-07,1.210039095347714e-07,1.2101558575666973e-07,1.210272615671699e-07,1.2103893696900382e-07,1.210506119582297e-07,1.210622865378516e-07,1.210739607054998e-07,1.2108563446205176e-07,1.2109730780778474e-07,1.211089807427976e-07,1.2112065326830555e-07,1.211323253777507e-07,1.211439970799722e-07,1.21155668372672e-07,1.2116733925388585e-07,1.2117900972358566e-07,1.211906797838367e-07,1.2120234943300353e-07,1.212140186702415e-07,1.2122568749988897e-07,1.2123735591666168e-07,1.2124902392310485e-07,1.2126069151875514e-07,1.2127235870378766e-07,1.2128402547885544e-07,1.212956918427027e-07,1.2130735779569527e-07,1.2131902333804366e-07,1.2133068847031975e-07,1.2134235319194268e-07,1.2135401750282655e-07,1.213656814033586e-07,1.2137734489336845e-07,1.2138900797251852e-07,1.2140067064147595e-07,1.2141233290152442e-07,1.2142399474983363e-07,1.2143565618776042e-07,1.214473172147495e-07,1.2145897783182264e-07,1.214706380380856e-07,1.2148229783455877e-07,1.214939572201718e-07,1.2150561619671886e-07,1.2151727476096567e-07,1.2152893291513802e-07,1.2154059065839708e-07,1.215522479940115e-07,1.2156390491717126e-07,1.2157556143003765e-07,1.2158721753287593e-07,1.2159887322041925e-07,1.2161052850365084e-07,1.2162218337652076e-07,1.2163383783795787e-07,1.216454918891275e-07,1.216571455303979e-07,1.2166879876088897e-07,1.2168045158237137e-07,1.2169210399317083e-07,1.2170375599318472e-07,1.2171540758373582e-07,1.2172705876345468e-07,1.2173870953271816e-07,1.2175035989243634e-07,1.21762009842832e-07,1.217736593821571e-07,1.2178530851129374e-07,1.2179695723028459e-07,1.2180860553948974e-07,1.21820253438383e-07,1.2183190092723636e-07,1.2184354800628243e-07,1.2185519467531906e-07,1.218668409343722e-07,1.2187848678523164e-07,1.2189013222383856e-07,1.2190177725309902e-07,1.2191342187462124e-07,1.219250660835176e-07,1.2193670988169382e-07,1.2194835327073416e-07,1.2195999624998626e-07,1.219716388197361e-07,1.2198328097928258e-07,1.2199492273338266e-07,1.2200656407355708e-07,1.220182050038378e-07,1.220298455238207e-07,1.220414856335388e-07,1.2205312533398514e-07,1.22064764624682e-07,1.2207640350496488e-07,1.220880419759301e-07,1.2209968003728842e-07,1.2211131768984453e-07,1.22122954931414e-07,1.2213459176340493e-07,1.2214622818738017e-07,1.2215786419996305e-07,1.2216949980294946e-07,1.221811349960316e-07,1.221927697794682e-07,1.222044041544419e-07,1.222160381185695e-07,1.2222767167330734e-07,1.2223930481813105e-07,1.2225093755342844e-07,1.222625698791231e-07,1.2227420179515778e-07,1.222858333016478e-07,1.222974643988772e-07,1.2230909508611224e-07,1.2232072536630126e-07,1.2233235523496737e-07,1.223439846928918e-07,1.2235561374260796e-07,1.2236724238329766e-07,1.2237887061398755e-07,1.2239049843502403e-07,1.224021258469442e-07,1.224137528493713e-07,1.2242537944211436e-07,1.2243700562545367e-07,1.2244863139414714e-07,1.2246025675943997e-07,1.2247188171539262e-07,1.22483506261847e-07,1.224951303980893e-07,1.2250675412453802e-07,1.225183774425251e-07,1.225300003530833e-07,1.22541622853052e-07,1.2255324494442044e-07,1.2256486662577148e-07,1.225764878976839e-07,1.2258810875883178e-07,1.225997292124464e-07,1.2261134925675385e-07,1.2262296889200128e-07,1.2263458811810532e-07,1.2264620693522915e-07,1.2265782534294335e-07,1.22669443339045e-07,1.2268106092862164e-07,1.2269267810908053e-07,1.2270429488033256e-07,1.2271591124132834e-07,1.2272752719458638e-07,1.227391427389254e-07,1.227507578741399e-07,1.227623726003479e-07,1.227739869168369e-07,1.2278560082515586e-07,1.227972143244923e-07,1.2280882740895908e-07,1.2282044009034746e-07,1.2283205236546446e-07,1.2284366422839093e-07,1.228552756820928e-07,1.2286688672780292e-07,1.2287849736375653e-07,1.2289010759160236e-07,1.2290171741048247e-07,1.2291332682073043e-07,1.2292493582172262e-07,1.229365444143667e-07,1.2294815259820396e-07,1.2295976037078495e-07,1.22971367736976e-07,1.2298297469438903e-07,1.2299458124304693e-07,1.2300618738348615e-07,1.230177931150552e-07,1.2302939843768363e-07,1.230410033516443e-07,1.2305260785691627e-07,1.2306421195353328e-07,1.2307581564142835e-07,1.2308741892071995e-07,1.230990217914915e-07,1.2311062425277547e-07,1.2312222630631619e-07,1.231338279513582e-07,1.2314542918792938e-07,1.2315703001529853e-07,1.2316863043459346e-07,1.2318023044542142e-07,1.231918300477021e-07,1.232034292415286e-07,1.232150280268305e-07,1.2322662640366069e-07,1.2323822437164325e-07,1.2324982193234524e-07,1.2326141908328273e-07,1.2327301582614347e-07,1.232846121603062e-07,1.232962080866282e-07,1.2330780360440638e-07,1.2331939871137883e-07,1.233309934131447e-07,1.2334258770619043e-07,1.2335418159083336e-07,1.2336577506699583e-07,1.2337736813398356e-07,1.2338896078757685e-07,1.234005530382001e-07,1.234121448814705e-07,1.234237363192823e-07,1.2343532734611562e-07,1.2344691796549376e-07,1.2345850817585215e-07,1.2347009797740163e-07,1.2348168736762177e-07,1.2349327635378488e-07,1.2350486493160337e-07,1.235164531016263e-07,1.235280408625064e-07,1.235396282168054e-07,1.2355121516250711e-07,1.2356280169805624e-07,1.2357438782755118e-07,1.235859735488439e-07,1.2359755886231602e-07,1.2360914376775346e-07,1.2362072826401775e-07,1.2363231235342926e-07,1.236438960346649e-07,1.236554793077378e-07,1.2366706217320903e-07,1.2367864463104276e-07,1.2369022668076148e-07,1.2370180832288827e-07,1.2371338955648881e-07,1.2372497038250666e-07,1.237365507966294e-07,1.2374813080627523e-07,1.2375971040251164e-07,1.2377128959732903e-07,1.2378286838426805e-07,1.2379444676358078e-07,1.2380602473506647e-07,1.23817602293255e-07,1.2382917944905749e-07,1.238407561972479e-07,1.2385233253160463e-07,1.2386390846440886e-07,1.2387548398953628e-07,1.2388705910696608e-07,1.2389863381731451e-07,1.2391020812155038e-07,1.23921782015961e-07,1.239333555029329e-07,1.2394492858145955e-07,1.2395650125225855e-07,1.2396807351651287e-07,1.239796453732337e-07,1.2399121681784338e-07,1.2400278786022916e-07,1.2401435849426844e-07,1.240259287210781e-07,1.2403749854043473e-07,1.240490679465221e-07,1.2406063694715679e-07,1.2407220554421647e-07,1.2408377373058152e-07,1.240953415089553e-07,1.241069088836328e-07,1.2411847585093338e-07,1.2413004241080376e-07,1.2414160856396947e-07,1.2415317430925648e-07,1.241647396439078e-07,1.241763045747282e-07,1.2418786909717673e-07,1.2419943321329403e-07,1.2421099692329655e-07,1.242225602250637e-07,1.2423412311931602e-07,1.242456856069937e-07,1.2425724768393524e-07,1.2426880935159423e-07,1.2428037061079018e-07,1.2429193147142815e-07,1.243034919227044e-07,1.2431505196594717e-07,1.243266116031014e-07,1.243381708323101e-07,1.2434972965420666e-07,1.2436128807003943e-07,1.2437284607901806e-07,1.243844036807457e-07,1.2439596087527542e-07,1.2440751766443618e-07,1.244190740454707e-07,1.244306300194152e-07,1.2444218558642447e-07,1.2445374074628944e-07,1.2446529549931108e-07,1.244768498455804e-07,1.2448840378495933e-07,1.2449995731735038e-07,1.2451151044225948e-07,1.2452306316090272e-07,1.2453461547274598e-07,1.245461673769044e-07,1.245577188751046e-07,1.2456926996650126e-07,1.2458082065019904e-07,1.2459237092800885e-07,1.2460392079716028e-07,1.2461547026157954e-07,1.2462701931919818e-07,1.246385679700732e-07,1.2465011621412447e-07,1.2466166405147047e-07,1.2467321148132053e-07,1.246847585044604e-07,1.2469630512016506e-07,1.2470785133716517e-07,1.247193971414237e-07,1.2473094254019514e-07,1.2474248752780935e-07,1.2475403211259367e-07,1.2476557629067605e-07,1.2477712006147854e-07,1.2478866343004666e-07,1.2480020638845583e-07,1.2481174893964311e-07,1.2482329108610273e-07,1.2483483282816504e-07,1.2484637415949515e-07,1.2485791508570205e-07,1.248694556045073e-07,1.2488099571880293e-07,1.2489253542517739e-07,1.2490407472489593e-07,1.2491561361660958e-07,1.2492715210460104e-07,1.2493869018631868e-07,1.2495022786149947e-07,1.249617651302399e-07,1.249733019928483e-07,1.2498483844879747e-07,1.2499637449872037e-07,1.250079101425823e-07,1.250194453800491e-07,1.2503098021409005e-07,1.2504251463864243e-07,1.2505404865716267e-07,1.2506558226995383e-07,1.2507711547528665e-07,1.2508864827514527e-07,1.251001806707402e-07,1.251117126593852e-07,1.251232442411421e-07,1.2513477541789804e-07,1.2514630618846944e-07,1.2515783655255435e-07,1.2516936650862778e-07,1.251808960609685e-07,1.251924252024555e-07,1.2520395394296234e-07,1.2521548227403927e-07,1.252270102022622e-07,1.2523853772493832e-07,1.2525006484164032e-07,1.2526159155203117e-07,1.2527311785407405e-07,1.2528464375218143e-07,1.2529616924526505e-07,1.253076943367894e-07,1.253192190179309e-07,1.2533074329471518e-07,1.2534226715914166e-07,1.2535379062052808e-07,1.2536531367887275e-07,1.2537683633045883e-07,1.2538835857759866e-07,1.2539988041634267e-07,1.254114018517921e-07,1.25422922881584e-07,1.254344435041253e-07,1.2544596372290024e-07,1.2545748353471378e-07,1.2546900294046172e-07,1.254805219417053e-07,1.2549204053456052e-07,1.2550355872490297e-07,1.2551507651096292e-07,1.2552659388992083e-07,1.2553811086051747e-07,1.2554962742876914e-07,1.2556114359085152e-07,1.2557265934946736e-07,1.2558417470053756e-07,1.2559568964685176e-07,1.2560720418759712e-07,1.2561871832285724e-07,1.256302320532662e-07,1.2564174537747148e-07,1.256532582949235e-07,1.2566477080798835e-07,1.2567628291679954e-07,1.2568779462165347e-07,1.2569930591845764e-07,1.2571081681268497e-07,1.2572232729999526e-07,1.2573383737939103e-07,1.2574534705615803e-07,1.2575685632823944e-07,1.2576836519076108e-07,1.2577987365167498e-07,1.257913817038857e-07,1.2580288935686154e-07,1.2581439660459208e-07,1.2582590344526915e-07,1.2583740988016863e-07,1.2584891590993717e-07,1.2586042153480523e-07,1.2587192675853966e-07,1.2588343157646467e-07,1.258949359859292e-07,1.259064399919258e-07,1.259179435915115e-07,1.2592944678655018e-07,1.2594094957614014e-07,1.2595245196053797e-07,1.2596395394042142e-07,1.2597545551495225e-07,1.259869566845452e-07,1.2599845745206202e-07,1.2600995781177237e-07,1.2602145776682703e-07,1.2603295731678802e-07,1.2604445646189734e-07,1.2605595520171494e-07,1.2606745353737654e-07,1.2607895146844165e-07,1.2609044899374543e-07,1.2610194611572364e-07,1.2611344282886772e-07,1.2612493914231997e-07,1.2613643504958192e-07,1.2614793055329125e-07,1.261594256509059e-07,1.2617092034305605e-07,1.261824146315295e-07,1.2619390851305742e-07,1.2620540199344236e-07,1.2621689506513253e-07,1.2622838773642155e-07,1.262398800014167e-07,1.2625137186208033e-07,1.2626286331467655e-07,1.2627435436745618e-07,1.2628584501357817e-07,1.2629733525723494e-07,1.2630882509555794e-07,1.2632031452886967e-07,1.2633180355531678e-07,1.2634329217695461e-07,1.2635478039638192e-07,1.2636626821211288e-07,1.26377755623356e-07,1.263892426333128e-07,1.2640072923718039e-07,1.264122154354005e-07,1.264237012309865e-07,1.26435186620823e-07,1.264466716058808e-07,1.2645815618662824e-07,1.26469640363473e-07,1.2648112413564378e-07,1.2649260750507936e-07,1.2650409047240964e-07,1.2651557303566316e-07,1.2652705519278374e-07,1.2653853694397508e-07,1.2655001829101775e-07,1.2656149923114574e-07,1.2657297977066883e-07,1.2658445990528434e-07,1.2659593963482504e-07,1.2660741896131786e-07,1.266188978891894e-07,1.2663037640596895e-07,1.2664185452236435e-07,1.266533322338429e-07,1.2666480953979414e-07,1.2667628644268255e-07,1.266877629398556e-07,1.2669923903467447e-07,1.267107147224396e-07,1.2672219001113527e-07,1.267336648937518e-07,1.267451393738629e-07,1.2675661344868246e-07,1.2676808711949868e-07,1.267795603867591e-07,1.2679103325118167e-07,1.2680250571057372e-07,1.2681397776538507e-07,1.2682544941838296e-07,1.2683692066638447e-07,1.268483915119643e-07,1.2685986195419586e-07,1.268713319923957e-07,1.268828016255019e-07,1.2689427085460264e-07,1.2690573967815932e-07,1.2691720810402413e-07,1.2692867612226656e-07,1.2694014373585422e-07,1.2695161094680914e-07,1.2696307775457317e-07,1.2697454415875118e-07,1.269860101602632e-07,1.269974757562141e-07,1.270089409495649e-07,1.2702040573918987e-07,1.270318701258393e-07,1.2704333410901047e-07,1.2705479768837836e-07,1.2706626086405532e-07,1.2707772363772864e-07,1.270891860061147e-07,1.271006479718723e-07,1.2711210953394456e-07,1.271235706950636e-07,1.2713503145028964e-07,1.2714649180390886e-07,1.271579517525122e-07,1.2716941129793084e-07,1.2718087044012204e-07,1.2719232918070336e-07,1.2720378751796494e-07,1.2721524545145944e-07,1.2722670298415216e-07,1.2723816011049676e-07,1.2724961683371032e-07,1.27261073152743e-07,1.2727252907006293e-07,1.2728398458304723e-07,1.2729543969202852e-07,1.273068943988293e-07,1.2731834870552632e-07,1.2732980260483898e-07,1.273412561039902e-07,1.2735270919877965e-07,1.2736416188647205e-07,1.2737561417486825e-07,1.2738706606026153e-07,1.273985175440713e-07,1.2740996862408468e-07,1.274214193004756e-07,1.2743286957447318e-07,1.2744431944520754e-07,1.2745576891229703e-07,1.274672179766767e-07,1.2747866663919838e-07,1.2749011489910478e-07,1.2750156275534695e-07,1.275130102103856e-07,1.2752445726231564e-07,1.2753590391031613e-07,1.2754735015554473e-07,1.2755879599898566e-07,1.2757024143346458e-07,1.2758168646988182e-07,1.275931311050695e-07,1.2760457533532214e-07,1.2761601916541652e-07,1.276274625926825e-07,1.2763890561834381e-07,1.276503482380166e-07,1.276617904558678e-07,1.276732322729816e-07,1.276846736853522e-07,1.2769611469553983e-07,1.2770755530310213e-07,1.277189955103235e-07,1.2773043531276176e-07,1.2774187471258507e-07,1.2775331371061696e-07,1.2776475230538257e-07,1.2777619049779043e-07,1.2778762828811056e-07,1.2779906567589202e-07,1.278105026605536e-07,1.2782193924594595e-07,1.2783337542595634e-07,1.278448112040626e-07,1.2785624658097037e-07,1.278676815542639e-07,1.2787911612653838e-07,1.278905502992647e-07,1.2790198406596335e-07,1.2791341742681947e-07,1.279248503887705e-07,1.2793628294775576e-07,1.2794771510844798e-07,1.2795914686491274e-07,1.2797057821787724e-07,1.2798200916862792e-07,1.2799343971725218e-07,1.2800486986289895e-07,1.2801629960737482e-07,1.2802772894969287e-07,1.2803915789042212e-07,1.280505864297105e-07,1.280620145660264e-07,1.2807344230111566e-07,1.280848696331348e-07,1.2809629656310478e-07,1.2810772309109426e-07,1.281191492157884e-07,1.281305749400087e-07,1.2814200026238445e-07,1.2815342518263142e-07,1.2816484970216897e-07,1.2817627381705564e-07,1.281876975333557e-07,1.2819912084487863e-07,1.282105437505083e-07,1.2822196625924762e-07,1.2823338836610578e-07,1.282448100713309e-07,1.282562313743896e-07,1.2826765227675195e-07,1.2827907277943615e-07,1.28290492877594e-07,1.2830191257401144e-07,1.2831333186910435e-07,1.2832475076201506e-07,1.283361692529558e-07,1.2834758734252738e-07,1.283590050310707e-07,1.2837042231687447e-07,1.283818392035412e-07,1.283932556868197e-07,1.284046717678745e-07,1.2841608744883125e-07,1.2842750272621408e-07,1.2843891760365398e-07,1.2845033208144947e-07,1.2846174615415622e-07,1.2847315982377086e-07,1.2848457309554321e-07,1.2849598596670445e-07,1.2850739843487462e-07,1.2851881050165112e-07,1.2853022216585756e-07,1.285416334297601e-07,1.285530442918754e-07,1.285644547506648e-07,1.2857586481073728e-07,1.2858727446944056e-07,1.2859868372813508e-07,1.2861009258443463e-07,1.2862150103902666e-07,1.286329090930727e-07,1.286443167411529e-07,1.286557239919969e-07,1.2866713084187342e-07,1.2867853729037708e-07,1.2868994333760878e-07,1.2870134898438535e-07,1.2871275422942414e-07,1.287241590748857e-07,1.287355635174916e-07,1.2874696755919677e-07,1.2875837119954076e-07,1.2876977443986488e-07,1.287811772772068e-07,1.2879257971785194e-07,1.288039817541646e-07,1.2881538338714087e-07,1.2882678462291952e-07,1.2883818545607614e-07,1.2884958588862512e-07,1.2886098592028505e-07,1.2887238555040655e-07,1.2888378478039593e-07,1.2889518361088868e-07,1.289065820384684e-07,1.289179800645157e-07,1.2892937769090804e-07,1.289407749161962e-07,1.2895217173927563e-07,1.2896356816322273e-07,1.2897496418674422e-07,1.28986359809179e-07,1.2899775503093212e-07,1.2900914985213328e-07,1.290205442746602e-07,1.2903193829461566e-07,1.290433319135664e-07,1.2905472513155678e-07,1.2906611794893421e-07,1.2907751036655156e-07,1.2908890238305896e-07,1.2910029399839002e-07,1.291116852136132e-07,1.2912307602911458e-07,1.291344664431217e-07,1.2914585645694613e-07,1.2915724606966874e-07,1.291686352782095e-07,1.2918002409280842e-07,1.2919141250270555e-07,1.292028005127212e-07,1.2921418812428165e-07,1.2922557533481573e-07,1.292369621444513e-07,1.292483485523525e-07,1.292597345598212e-07,1.292711201686109e-07,1.2928250537722862e-07,1.292938901859532e-07,1.2930527459140025e-07,1.2931665859896534e-07,1.2932804220492578e-07,1.293394254119923e-07,1.293508082188649e-07,1.2936219062560662e-07,1.2937357263218967e-07,1.2938495423859368e-07,1.293963354446665e-07,1.2940771625079387e-07,1.2941909665662257e-07,1.294304766619027e-07,1.294418562674876e-07,1.2945323547352934e-07,1.2946461427958718e-07,1.2947599268515827e-07,1.2948737069084668e-07,1.2949874829620086e-07,1.2951012550159833e-07,1.2952150230698336e-07,1.2953287871252288e-07,1.2954425471898545e-07,1.295556303246292e-07,1.2956700552974987e-07,1.2957838033744863e-07,1.2958975474470135e-07,1.2960112875270197e-07,1.2961250235896833e-07,1.2962387556540846e-07,1.2963524837195685e-07,1.2964662078048254e-07,1.2965799278746473e-07,1.2966936439695063e-07,1.296807356043806e-07,1.2969210641094027e-07,1.297034768195833e-07,1.297148468293424e-07,1.297262164379705e-07,1.2973758564674435e-07,1.2974895445611578e-07,1.297603228640896e-07,1.297716908747276e-07,1.2978305848471158e-07,1.2979442569552362e-07,1.2980579250724095e-07,1.298171589237796e-07,1.2982852493644486e-07,1.2983989054875848e-07,1.2985125576431924e-07,1.2986262057863605e-07,1.2987398499346304e-07,1.2988534900977928e-07,1.2989671262364593e-07,1.2990807584019489e-07,1.2991943865648078e-07,1.2993080107685058e-07,1.299421630946026e-07,1.299535247128687e-07,1.299648859319745e-07,1.2997624675153204e-07,1.299876071735514e-07,1.2999896719324626e-07,1.3001032681480483e-07,1.3002168603841786e-07,1.300330448622458e-07,1.3004440328617326e-07,1.300557613121107e-07,1.3006711893793695e-07,1.3007847616351443e-07,1.3008983298894355e-07,1.3010118941626244e-07,1.301125454448379e-07,1.301239010744968e-07,1.301352563059934e-07,1.3014661113780453e-07,1.301579655701567e-07,1.3016931960422709e-07,1.3018067323853985e-07,1.3019202647671188e-07,1.3020337931315506e-07,1.30214731753041e-07,1.3022608378255508e-07,1.3023743542197587e-07,1.3024878666455268e-07,1.302601375052468e-07,1.302714879479101e-07,1.3028283799327612e-07,1.3029418763815606e-07,1.303055368795615e-07,1.3031688572679196e-07,1.3032823417515855e-07,1.3033958222512252e-07,1.3035092987614834e-07,1.303622771288335e-07,1.3037362398393267e-07,1.3038497043845764e-07,1.3039631649502057e-07,1.304076621530281e-07,1.30419007411356e-07,1.3043035227070817e-07,1.3044169673197382e-07,1.304530407991598e-07,1.3046438445977847e-07,1.3047572772501451e-07,1.304870705920108e-07,1.3049841305618181e-07,1.305097551265686e-07,1.3052109679778575e-07,1.3053243807109356e-07,1.3054377894128206e-07,1.3055511941588378e-07,1.3056645949302689e-07,1.3057779917231245e-07,1.3058913845259575e-07,1.3060047733519587e-07,1.3061181581871044e-07,1.3062315390395405e-07,1.3063449159071976e-07,1.306458288815574e-07,1.3065716577291158e-07,1.3066850226217828e-07,1.3067983836065741e-07,1.306911740564464e-07,1.307025093510413e-07,1.3071384424028086e-07,1.3072517873947047e-07,1.3073651284374012e-07,1.3074784655128612e-07,1.3075917985924147e-07,1.3077051276828067e-07,1.3078184527788666e-07,1.3079317738912406e-07,1.308045091024041e-07,1.3081584041761395e-07,1.3082717133450384e-07,1.308385018529244e-07,1.3084983197367767e-07,1.3086116169518514e-07,1.3087249101981437e-07,1.308838199442689e-07,1.3089514847309494e-07,1.30906476604651e-07,1.30917804335353e-07,1.3092913167594324e-07,1.3094045861607523e-07,1.3095178515472678e-07,1.3096311129602776e-07,1.309744370404969e-07,1.309857623872021e-07,1.3099708733810833e-07,1.3100841188754064e-07,1.310197360365553e-07,1.310310597903928e-07,1.3104238314661386e-07,1.3105370610611824e-07,1.310650286664173e-07,1.3107635083148595e-07,1.3108767259912826e-07,1.310989939666542e-07,1.3111031493484166e-07,1.3112163550691576e-07,1.3113295568560311e-07,1.3114427546292303e-07,1.3115559484262395e-07,1.31166913824066e-07,1.3117823240780616e-07,1.311895505961375e-07,1.3120086837769396e-07,1.3121218576652006e-07,1.3122350276047002e-07,1.3123481935788746e-07,1.3124613555736795e-07,1.312574513591035e-07,1.312687667624079e-07,1.312800817693192e-07,1.3129139637932583e-07,1.3130271059483315e-07,1.3131402441157886e-07,1.3132533783114242e-07,1.3133665085107666e-07,1.3134796347584002e-07,1.3135927570097034e-07,1.3137058752982107e-07,1.313818989625273e-07,1.3139320999902862e-07,1.314045206385944e-07,1.31415830879348e-07,1.3142714072152112e-07,1.31438450164809e-07,1.314497592101653e-07,1.3146106786053806e-07,1.3147237610961852e-07,1.3148368396387627e-07,1.3149499142580123e-07,1.315062984883718e-07,1.3151760515415923e-07,1.3152891141990666e-07,1.3154021729021034e-07,1.3155152276242335e-07,1.3156282783893804e-07,1.315741325184718e-07,1.3158543680070354e-07,1.3159674068700086e-07,1.31608044175771e-07,1.316193472674525e-07,1.316306499622061e-07,1.3164195226437806e-07,1.3165325416746886e-07,1.3166455567305117e-07,1.3167585678064354e-07,1.3168715749586502e-07,1.3169845780947562e-07,1.3170975772619663e-07,1.3172105724775712e-07,1.3173235637104853e-07,1.3174365509877146e-07,1.3175495342663053e-07,1.3176625135937395e-07,1.3177754889902108e-07,1.3178884603844112e-07,1.3180014278149583e-07,1.318114391287148e-07,1.31822735081409e-07,1.318340306365317e-07,1.3184532579277275e-07,1.3185662055272604e-07,1.3186791491685295e-07,1.3187920888369041e-07,1.31890502453849e-07,1.3190179562868295e-07,1.3191308840352218e-07,1.3192438078397043e-07,1.3193567276818167e-07,1.3194696435719926e-07,1.3195825555198032e-07,1.3196954634742388e-07,1.3198083674678986e-07,1.319921267536694e-07,1.320034163631666e-07,1.320147055728606e-07,1.3202599438580463e-07,1.3203728280755824e-07,1.3204857082909273e-07,1.3205985845818563e-07,1.3207114568632506e-07,1.3208243251785165e-07,1.3209371895465455e-07,1.3210500499484617e-07,1.321162906359535e-07,1.3212757588397266e-07,1.3213886073344457e-07,1.32150145188091e-07,1.3216142924643048e-07,1.3217271291024203e-07,1.3218399617799114e-07,1.3219527904820796e-07,1.3220656152184647e-07,1.3221784359657712e-07,1.3222912527928396e-07,1.3224040656542254e-07,1.3225168745542292e-07,1.3226296795329118e-07,1.3227424805100108e-07,1.3228552775078558e-07,1.3229680705546827e-07,1.3230808596782944e-07,1.3231936448450844e-07,1.3233064260306927e-07,1.323419203258064e-07,1.3235319764777408e-07,1.323644745771054e-07,1.3237575111347999e-07,1.3238702725478227e-07,1.3239830299806e-07,1.3240957834679478e-07,1.3242085330039268e-07,1.3243212785645676e-07,1.3244340201766645e-07,1.324546757834553e-07,1.3246594915269123e-07,1.3247722212620255e-07,1.324884947042574e-07,1.3249976688620944e-07,1.3251103867368818e-07,1.3252231006634453e-07,1.3253358106020321e-07,1.325448516604186e-07,1.3255612186473538e-07,1.3256739167357033e-07,1.3257866108828394e-07,1.3258993010610502e-07,1.326011987281455e-07,1.3261246695507718e-07,1.3262373478634708e-07,1.326350022223999e-07,1.3264626926683145e-07,1.3265753591194087e-07,1.3266880216171726e-07,1.3268006801794548e-07,1.3269133347989535e-07,1.3270259854065932e-07,1.327138632102365e-07,1.3272512748341224e-07,1.3273639136096197e-07,1.3274765484404444e-07,1.327589179310686e-07,1.3277018062320746e-07,1.3278144291989008e-07,1.3279270482141253e-07,1.3280396632781248e-07,1.328152274390603e-07,1.328264881564258e-07,1.3283774847751837e-07,1.3284900840157425e-07,1.3286026793269053e-07,1.328715270705161e-07,1.3288278581155098e-07,1.328940441555258e-07,1.3290530210603285e-07,1.3291655966155622e-07,1.3292781682208733e-07,1.3293907358790995e-07,1.3295032995980526e-07,1.3296158593563045e-07,1.3297284151491264e-07,1.329840967004451e-07,1.3299535149237372e-07,1.3300660589271343e-07,1.3301785989418542e-07,1.3302911350415288e-07,1.330403667157107e-07,1.3305161953580238e-07,1.3306287195853611e-07,1.3307412398577926e-07,1.3308537561803382e-07,1.3309662685382283e-07,1.3310787769670867e-07,1.3311912814311215e-07,1.3313037819650428e-07,1.3314162785856076e-07,1.3315287712268166e-07,1.3316412599261845e-07,1.331753744675957e-07,1.3318662254788266e-07,1.331978702334535e-07,1.3320911752314741e-07,1.3322036442409849e-07,1.332316109259355e-07,1.3324285703269638e-07,1.3325410274978526e-07,1.3326534806860688e-07,1.3327659299145809e-07,1.3328783752076598e-07,1.332990816558267e-07,1.3331032539638136e-07,1.33321568741877e-07,1.3333281169497208e-07,1.3334405425064276e-07,1.3335529641771213e-07,1.33366538186712e-07,1.3337777956093024e-07,1.333890205418347e-07,1.3340026113466965e-07,1.3341150132653035e-07,1.3342274112375064e-07,1.3343398052674407e-07,1.3344521953547873e-07,1.3345645815073853e-07,1.3346769637098267e-07,1.3347893419736508e-07,1.3349017162931644e-07,1.335014086685103e-07,1.3351264531102067e-07,1.3352388156045482e-07,1.335351174157121e-07,1.3354635287702461e-07,1.3355758794392568e-07,1.3356882261839547e-07,1.3358005689747085e-07,1.3359129078284946e-07,1.3360252427420368e-07,1.3361375737425742e-07,1.336249900776958e-07,1.3363622239143264e-07,1.336474543069894e-07,1.3365868582905887e-07,1.336699169565724e-07,1.3368114769071166e-07,1.3369237803045277e-07,1.3370360797637135e-07,1.3371483752949575e-07,1.337260666876901e-07,1.337372954527817e-07,1.3374852382496134e-07,1.3375975180299734e-07,1.3377097938682636e-07,1.3378220657702942e-07,1.3379343337235263e-07,1.3380465977427224e-07,1.3381588578252376e-07,1.3382711139821092e-07,1.338383366184825e-07,1.3384956144576556e-07,1.3386078587948482e-07,1.338720099203798e-07,1.3388323356716983e-07,1.338944568204476e-07,1.339056796798828e-07,1.339169021457738e-07,1.3392812421726835e-07,1.339393458963749e-07,1.3395056718174807e-07,1.339617880740868e-07,1.3397300857273015e-07,1.3398422867766545e-07,1.3399544838966667e-07,1.3400666770713402e-07,1.340178866309523e-07,1.3402910516564314e-07,1.3404032330443027e-07,1.3405154105419546e-07,1.340627584060339e-07,1.340739753658247e-07,1.3408519193073577e-07,1.3409640810255434e-07,1.3410762388115782e-07,1.341188392674601e-07,1.3413005426297444e-07,1.3414126886177336e-07,1.3415248306736165e-07,1.341636968800555e-07,1.3417491029804793e-07,1.3418612332421356e-07,1.3419733595765028e-07,1.342085481985032e-07,1.342197600448284e-07,1.3423097149878642e-07,1.3424218255965417e-07,1.3425339322737027e-07,1.3426460350361163e-07,1.3427581338555766e-07,1.342870228780701e-07,1.3429823197426295e-07,1.3430944067748906e-07,1.3432064898737034e-07,1.3433185690591722e-07,1.3434306443013905e-07,1.3435427156133296e-07,1.3436547830026253e-07,1.3437668464618524e-07,1.3438789059889237e-07,1.3439909615900366e-07,1.34410301326115e-07,1.3442150610083993e-07,1.344327104821999e-07,1.3444391447086857e-07,1.3445511806757504e-07,1.3446632127090793e-07,1.344775240817632e-07,1.3448872650133172e-07,1.344999285306321e-07,1.3451113016195426e-07,1.3452233140216465e-07,1.345335322496233e-07,1.3454473270448733e-07,1.3455593276680722e-07,1.3456713243650198e-07,1.3457833171645478e-07,1.3458953060099797e-07,1.3460072909313167e-07,1.3461192719267936e-07,1.3462312490007587e-07,1.3463432221480966e-07,1.3464551913671686e-07,1.3465671566757505e-07,1.3466791180541099e-07,1.3467910755087153e-07,1.3469030290364903e-07,1.347014978653694e-07,1.34712692433709e-07,1.3472388660918199e-07,1.3473508039275472e-07,1.347462737840421e-07,1.3475746678291021e-07,1.3476865939076162e-07,1.3477985160499845e-07,1.3479104342724445e-07,1.3480223485744501e-07,1.3481342590036165e-07,1.3482461654618765e-07,1.3483580680041068e-07,1.348469966623727e-07,1.348581861294858e-07,1.3486937520653286e-07,1.3488056389004266e-07,1.348917521819595e-07,1.3490294008510886e-07,1.349141275963008e-07,1.349253147125495e-07,1.349365014371174e-07,1.3494768777014356e-07,1.3495887371147305e-07,1.3497005926039376e-07,1.3498124441796951e-07,1.3499242918248792e-07,1.3500361355531078e-07,1.350147975362319e-07,1.3502598112781298e-07,1.3503716432505504e-07,1.3504834713057513e-07,1.3505952954415681e-07,1.3507071156579145e-07,1.3508189319593376e-07,1.3509307443593446e-07,1.351042552836865e-07,1.3511543573830742e-07,1.3512661580286584e-07,1.3513779547576917e-07,1.3514897475531654e-07,1.351601536456144e-07,1.3517133214186447e-07,1.3518251024513594e-07,1.3519368795843042e-07,1.3520486527982542e-07,1.352160422098451e-07,1.3522721874804875e-07,1.3523839489428667e-07,1.3524957064868594e-07,1.3526074601397518e-07,1.3527192098631195e-07,1.3528309556690876e-07,1.352942697560884e-07,1.3530544355009183e-07,1.35316616957832e-07,1.3532778997313798e-07,1.3533896260101166e-07,1.3535013483398693e-07,1.3536130667453526e-07,1.3537247812404106e-07,1.3538364918820465e-07,1.353948198560163e-07,1.3540599013129286e-07,1.3541716001671577e-07,1.3542832951048965e-07,1.3543949861121816e-07,1.3545066732162076e-07,1.354618356406666e-07,1.3547300356876613e-07,1.3548417110537223e-07,1.3549533825128322e-07,1.3550650500689117e-07,1.3551767137147242e-07,1.3552883734455234e-07,1.3554000292532742e-07,1.3555116811528798e-07,1.3556233291476445e-07,1.3557349732250107e-07,1.3558466134028526e-07,1.3559582496616261e-07,1.356069882013485e-07,1.3561815104501208e-07,1.3562931349776336e-07,1.3564047555808763e-07,1.35651637229918e-07,1.3566279850998016e-07,1.356739593989464e-07,1.3568511989517515e-07,1.3569628000422117e-07,1.357074397206346e-07,1.3571859904764206e-07,1.357297579829586e-07,1.3574091652586438e-07,1.3575207467810357e-07,1.3576323244156708e-07,1.3577438981317698e-07,1.357855467942493e-07,1.3579670338628243e-07,1.3580785958522257e-07,1.358190153934993e-07,1.3583017081166006e-07,1.3584132584042577e-07,1.3585248047735424e-07,1.3586363472379614e-07,1.358747885783033e-07,1.3588594204336055e-07,1.3589709511789157e-07,1.3590824780170983e-07,1.3591940009507104e-07,1.3593055199703913e-07,1.3594170350978789e-07,1.3595285463171696e-07,1.3596400536168567e-07,1.3597515570008158e-07,1.3598630565216196e-07,1.35997455211411e-07,1.3600860438061428e-07,1.3601975315997284e-07,1.3603090154846915e-07,1.3604204954745795e-07,1.360531971544519e-07,1.3606434437279323e-07,1.360754911993979e-07,1.360866376356798e-07,1.36097783682532e-07,1.3610892933999405e-07,1.3612007460805576e-07,1.3613121948372076e-07,1.361423639681165e-07,1.361535080640586e-07,1.3616465177018692e-07,1.3617579508729044e-07,1.3618693801169275e-07,1.3619808054768974e-07,1.3620922269418078e-07,1.362203644493584e-07,1.362315058144795e-07,1.362426467890661e-07,1.3625378737367787e-07,1.362649275699547e-07,1.3627606737516685e-07,1.3628720679066586e-07,1.3629834581572632e-07,1.3630948445225865e-07,1.3632062269623347e-07,1.3633176055336062e-07,1.3634289802039265e-07,1.363540350950633e-07,1.3636517178159177e-07,1.363763080773677e-07,1.363874439836039e-07,1.3639857949972195e-07,1.3640971462603404e-07,1.3642084936256934e-07,1.3643198370996285e-07,1.3644311766790173e-07,1.3645425123661148e-07,1.3646538441459228e-07,1.364765172024763e-07,1.364876496006779e-07,1.3649878160922335e-07,1.3650991322877102e-07,1.365210444579709e-07,1.36532175295668e-07,1.3654330574572566e-07,1.3655443580622503e-07,1.3656556547712822e-07,1.3657669475792058e-07,1.3658782364959637e-07,1.3659895215294247e-07,1.3661008026723006e-07,1.3662120799092905e-07,1.3663233532521703e-07,1.3664346227056135e-07,1.3665458882490515e-07,1.3666571499137208e-07,1.3667684076754762e-07,1.366879661543299e-07,1.366990911522669e-07,1.3671021576126003e-07,1.3672133998152257e-07,1.367324638137367e-07,1.3674358725613298e-07,1.3675471030577438e-07,1.3676583296658121e-07,1.3677695523896208e-07,1.3678807712212276e-07,1.3679919861736953e-07,1.3681031972255993e-07,1.3682144043863939e-07,1.3683256076568243e-07,1.368436807035465e-07,1.3685480025741522e-07,1.368659194166318e-07,1.3687703818687412e-07,1.368881565676479e-07,1.368992745598864e-07,1.369103921645692e-07,1.3692150937759173e-07,1.3693262620188365e-07,1.369437426384423e-07,1.3695485868475233e-07,1.3696597434258504e-07,1.3697708961064122e-07,1.369882044903137e-07,1.3699931898097184e-07,1.370104330823622e-07,1.3702154679276642e-07,1.370326601176243e-07,1.3704377305398087e-07,1.3705488559940436e-07,1.3706599775842081e-07,1.370771095271451e-07,1.3708822090673667e-07,1.3709933189818054e-07,1.371104425014474e-07,1.3712155271532755e-07,1.3713266254129035e-07,1.3714377197824266e-07,1.3715488102665454e-07,1.371659896858717e-07,1.3717709795707973e-07,1.3718820583701673e-07,1.3719931333073456e-07,1.3721042043783756e-07,1.3722152715400868e-07,1.3723263348242763e-07,1.3724373942320846e-07,1.3725484497461685e-07,1.37265950136684e-07,1.3727705491012555e-07,1.3728815929584918e-07,1.3729926329245352e-07,1.3731036690101884e-07,1.3732147012076427e-07,1.373325729519083e-07,1.373436753941601e-07,1.37354777448893e-07,1.3736587911338002e-07,1.3737698039104725e-07,1.3738808128303422e-07,1.3739918178451373e-07,1.374102818961222e-07,1.3742138162264423e-07,1.3743248095916246e-07,1.3744357990716252e-07,1.374546784670471e-07,1.374657766387324e-07,1.3747687442245525e-07,1.3748797181778248e-07,1.3749906882487135e-07,1.3751016544389557e-07,1.3752126167476656e-07,1.375323575175076e-07,1.3754345297216438e-07,1.3755454803762903e-07,1.3756564271617692e-07,1.3757673700622849e-07,1.3758783090870514e-07,1.3759892442307356e-07,1.376100175495439e-07,1.3762111029558645e-07,1.3763220264613125e-07,1.3764329461037283e-07,1.3765438618503368e-07,1.3766547737303426e-07,1.3767656817361504e-07,1.3768765858477838e-07,1.3769874860793162e-07,1.3770983824168074e-07,1.3772092748910286e-07,1.3773201634877414e-07,1.377431048206537e-07,1.3775419290466183e-07,1.3776528060112682e-07,1.3777636790973767e-07,1.3778745483086605e-07,1.3779854136400783e-07,1.3780962750997843e-07,1.378207132678279e-07,1.3783179863805888e-07,1.3784288362028937e-07,1.378539682152441e-07,1.3786505242251957e-07,1.3787613624151056e-07,1.3788721967342327e-07,1.3789830271861232e-07,1.3790938537562763e-07,1.3792046764439967e-07,1.3793154952641605e-07,1.3794263102076106e-07,1.379537121277324e-07,1.379647928472615e-07,1.3797587317940018e-07,1.3798695312189274e-07,1.3799803267911343e-07,1.380091118489089e-07,1.380201906335522e-07,1.3803126902667635e-07,1.38042347033787e-07,1.3805342465423298e-07,1.3806450188739857e-07,1.3807557873326923e-07,1.3808665519154692e-07,1.3809773126289097e-07,1.381088069472237e-07,1.3811988224469534e-07,1.3813095715511787e-07,1.3814203167769484e-07,1.3815310581328828e-07,1.381641795618728e-07,1.3817525292288135e-07,1.381863258972732e-07,1.3819739848406664e-07,1.3820847068329047e-07,1.3821954249557935e-07,1.3823061392200268e-07,1.3824168496024154e-07,1.3825275561212048e-07,1.3826382587661396e-07,1.3827489575417498e-07,1.382859652447239e-07,1.3829703434689372e-07,1.383081030635329e-07,1.383191713934461e-07,1.3833023933779998e-07,1.3834130689372043e-07,1.3835237406261797e-07,1.3836344084080597e-07,1.383745072361689e-07,1.383855732448508e-07,1.3839663886660846e-07,1.384077041006189e-07,1.3841876894975324e-07,1.3842983341110146e-07,1.384408974847803e-07,1.3845196117276234e-07,1.3846302447405599e-07,1.384740873886322e-07,1.3848514991639158e-07,1.384962120576849e-07,1.385072738125375e-07,1.3851833518077633e-07,1.3852939616197048e-07,1.3854045675669287e-07,1.3855151696369442e-07,1.3856257678497078e-07,1.3857363622001624e-07,1.385846952634708e-07,1.385957539258882e-07,1.3860681220073662e-07,1.3861787008982349e-07,1.386289275928331e-07,1.3863998470906795e-07,1.3865104143851156e-07,1.3866209778241133e-07,1.386731537406611e-07,1.3868420931160364e-07,1.386952644959015e-07,1.3870631929422816e-07,1.387173737059548e-07,1.3872842773462613e-07,1.3873948137561645e-07,1.3875053462839725e-07,1.3876158749484688e-07,1.3877263997383392e-07,1.3878369206809994e-07,1.3879474377598987e-07,1.38805795101177e-07,1.3881684603643853e-07,1.3882789658681346e-07,1.388389467502493e-07,1.388499965273473e-07,1.3886104591817815e-07,1.3887209492307726e-07,1.3888314354280587e-07,1.3889419177555594e-07,1.3890523962502437e-07,1.3891628708562254e-07,1.3892733416023317e-07,1.3893838084572372e-07,1.389494271480064e-07,1.3896047306459268e-07,1.3897151859320108e-07,1.389825637386453e-07,1.3899360849749383e-07,1.3900465287060985e-07,1.3901569685828892e-07,1.390267404601416e-07,1.3903778367566784e-07,1.390488265066654e-07,1.3905986895069009e-07,1.3907091100887554e-07,1.3908195268090407e-07,1.390929939675931e-07,1.391040348685211e-07,1.3911507538408274e-07,1.3912611551373066e-07,1.3913715525642466e-07,1.391481946133205e-07,1.3915923358590622e-07,1.3917027217425903e-07,1.391813103756592e-07,1.3919234819163457e-07,1.392033856234943e-07,1.3921442266818217e-07,1.3922545932712571e-07,1.392364956005263e-07,1.3924753148738133e-07,1.3925856698988043e-07,1.3926960210684692e-07,1.392806368392542e-07,1.3929167118567153e-07,1.3930270514656558e-07,1.3931373872167086e-07,1.3932477191137484e-07,1.3933580471590563e-07,1.3934683713562782e-07,1.3935786916932646e-07,1.3936890081759497e-07,1.3937993207603287e-07,1.393909629536444e-07,1.394019934448206e-07,1.3941302355154573e-07,1.394240532734065e-07,1.3943508260804065e-07,1.3944611155991342e-07,1.3945714012809876e-07,1.3946816830935842e-07,1.3947919610519688e-07,1.394902235151201e-07,1.39501250540925e-07,1.3951227718012853e-07,1.3952330343424688e-07,1.3953432930316343e-07,1.3954535478876747e-07,1.3955637989051285e-07,1.3956740460568124e-07,1.3957842893519314e-07,1.395894528802355e-07,1.3960047644034145e-07,1.3961149961299417e-07,1.3962252240297552e-07,1.396335448086145e-07,1.3964456682908492e-07,1.396555884645567e-07,1.3966660971557374e-07,1.3967763058156107e-07,1.396886510675366e-07,1.39699671163126e-07,1.397106908769478e-07,1.3972171020329015e-07,1.3973272914527758e-07,1.3974374770180398e-07,1.397547658738131e-07,1.3976578366108255e-07,1.3977680106782004e-07,1.397878180862842e-07,1.3979883471959417e-07,1.398098509684933e-07,1.398208668346046e-07,1.3983188231476607e-07,1.3984289740783322e-07,1.398539121178122e-07,1.3986492644288487e-07,1.3987594038551428e-07,1.3988695394160696e-07,1.3989796711412846e-07,1.3990897990178295e-07,1.3991999230451528e-07,1.3993100432429956e-07,1.3994201595868915e-07,1.3995302720780074e-07,1.3996403807262143e-07,1.3997504855309525e-07,1.399860586457713e-07,1.399970683575142e-07,1.40008077685546e-07,1.4001908662742634e-07,1.400300951862015e-07,1.4004110335845667e-07,1.4005211114693737e-07,1.4006311855266322e-07,1.400741255741173e-07,1.400851322112027e-07,1.400961384638886e-07,1.401071443339968e-07,1.401181498187008e-07,1.401291549190046e-07,1.4014015963533033e-07,1.4015116396938837e-07,1.401621679173962e-07,1.4017317148098097e-07,1.4018417466205729e-07,1.401951774575979e-07,1.4020617986973774e-07,1.4021718189622554e-07,1.4022818353874533e-07,1.4023918479814784e-07,1.4025018567351252e-07,1.4026118616491242e-07,1.4027218627246076e-07,1.4028318599800042e-07,1.4029418533758655e-07,1.403051842930996e-07,1.4031618286486844e-07,1.403271810528401e-07,1.4033817885671615e-07,1.4034917627687504e-07,1.4036017331313316e-07,1.403711699657888e-07,1.4038216623453084e-07,1.403931621207719e-07,1.4040415762179405e-07,1.4041515273884836e-07,1.404261474721204e-07,1.404371418217923e-07,1.4044813578846697e-07,1.4045912937099026e-07,1.404701225644503e-07,1.4048111537969935e-07,1.4049210781129814e-07,1.4050309985813272e-07,1.4051409152329555e-07,1.405250828039425e-07,1.4053607370164827e-07,1.4054706421533318e-07,1.4055805434579693e-07,1.4056904409283758e-07,1.405800334528436e-07,1.4059102243236865e-07,1.4060201102853163e-07,1.4061299924108332e-07,1.406239870700509e-07,1.4063497451342158e-07,1.4064596157615522e-07,1.4065694825521903e-07,1.4066793455255813e-07,1.4067892046478766e-07,1.4068990599169206e-07,1.4070089113725064e-07,1.4071187590225846e-07,1.4072286028087007e-07,1.4073384427682965e-07,1.4074482788934438e-07,1.4075581111870063e-07,1.4076679396493127e-07,1.4077777642798222e-07,1.4078875850789101e-07,1.407997402042739e-07,1.4081072151849406e-07,1.4082170244921132e-07,1.4083268299604826e-07,1.4084366315932794e-07,1.408546429405267e-07
