,0,1,2,3,4,5,6,7,8,9,10,11,12,13,14,15,16,17,18,19,20,21,22,23,24,25,26,27,28,29,30,31,32,33,34,35,36,37,38,39,40,41,42,43,44,45,46,47,48,49,50,51,52,53,54,55,56,57,58,59,60,61,62,63,64,65,66,67,68,69,70,71,72,73,74,75,76,77,78,79,80,81,82,83,84,85,86,87,88,89,90,91,92,93,94,95,96,97,98,99,100,101,102,103,104,105,106,107,108,109,110,111,112,113,114,115,116,117,118,119,120,121,122,123,124,125,126,127,128,129,130,131,132,133,134,135,136,137,138,139,140,141,142,143,144,145,146,147,148,149,150,151,152,153,154,155,156,157,158,159,160,161,162,163,164,165,166,167,168,169,170,171,172,173,174,175,176,177,178,179,180,181,182,183,184,185,186,187,188,189,190,191,192,193,194,195,196,197,198,199,200,201,202,203,204,205,206,207,208,209,210,211,212,213,214,215,216,217,218,219,220,221,222,223,224,225,226,227,228,229,230,231,232,233,234,235,236,237,238,239,240,241,242,243,244,245,246,247,248,249,250,251,252,253,254,255,256,257,258,259,260,261,262,263,264,265,266,267,268,269,270,271,272,273,274,275,276,277,278,279,280,281,282,283,284,285,286,287,288,289,290,291,292,293,294,295,296,297,298,299,300,301,302,303,304,305,306,307,308,309,310,311,312,313,314,315,316,317,318,319,320,321,322,323,324,325,326,327,328,329,330,331,332,333,334,335,336,337,338,339,340,341,342,343,344,345,346,347,348,349,350,351,352,353,354,355,356,357,358,359,360,361,362,363,364,365,366,367,368,369,370,371,372,373,374,375,376,377,378,379,380,381,382,383,384,385,386,387,388,389,390,391,392,393,394,395,396,397,398,399,400,401,402,403,404,405,406,407,408,409,410,411,412,413,414,415,416,417,418,419,420,421,422,423,424,425,426,427,428,429,430,431,432,433,434,435,436,437,438,439,440,441,442,443,444,445,446,447,448,449,450,451,452,453,454,455,456,457,458,459,460,461,462,463,464,465,466,467,468,469,470,471,472,473,474,475,476,477,478,479,480,481,482,483,484,485,486,487,488,489,490,491,492,493,494,495,496,497,498,499,500,501,502,503,504,505,506,507,508,509,510,511,512,513,514,515,516,517,518,519,520,521,522,523,524,525,526,527,528,529,530,531,532,533,534,535,536,537,538,539,540,541,542,543,544,545,546,547,548,549,550,551,552,553,554,555,556,557,558,559,560,561,562,563,564,565,566,567,568,569,570,571,572,573,574,575,576,577,578,579,580,581,582,583,584,585,586,587,588,589,590,591,592,593,594,595,596,597,598,599,600,601,602,603,604,605,606,607,608,609,610,611,612,613,614,615,616,617,618,619,620,621,622,623,624,625,626,627,628,629,630,631,632,633,634,635,636,637,638,639,640,641,642,643,644,645,646,647,648,649,650,651,652,653,654,655,656,657,658,659,660,661,662,663,664,665,666,667,668,669,670,671,672,673,674,675,676,677,678,679,680,681,682,683,684,685,686,687,688,689,690,691,692,693,694,695,696,697,698,699,700,701,702,703,704,705,706,707,708,709,710,711,712,713,714,715,716,717,718,719,720,721,722,723,724,725,726,727,728,729,730,731,732,733,734,735,736,737,738,739,740,741,742,743,744,745,746,747,748,749,750,751,752,753,754,755,756,757,758,759,760,761,762,763,764,765,766,767,768,769,770,771,772,773,774,775,776,777,778,779,780,781,782,783,784,785,786,787,788,789,790,791,792,793,794,795,796,797,798,799,800,801,802,803,804,805,806,807,808,809,810,811,812,813,814,815,816,817,818,819,820,821,822,823,824,825,826,827,828,829,830,831,832,833,834,835,836,837,838,839,840,841,842,843,844,845,846,847,848,849,850,851,852,853,854,855,856,857,858,859,860,861,862,863,864,865,866,867,868,869,870,871,872,873,874,875,876,877,878,879,880,881,882,883,884,885,886,887,888,889,890,891,892,893,894,895,896,897,898,899,900,901,902,903,904,905,906,907,908,909,910,911,912,913,914,915,916,917,918,919,920,921,922,923,924,925,926,927,928,929,930,931,932,933,934,935,936,937,938,939,940,941,942,943,944,945,946,947,948,949,950,951,952,953,954,955,956,957,958,959,960,961,962,963,964,965,966,967,968,969,970,971,972,973,974,975,976,977,978,979,980,981,982,983,984,985,986,987,988,989,990,991,992,993,994,995,996,997,998,999,1000,1001,1002,1003,1004,1005,1006,1007,1008,1009,1010,1011,1012,1013,1014,1015,1016,1017,1018,1019,1020,1021,1022,1023,1024,1025,1026,1027,1028,1029,1030,1031,1032,1033,1034,1035,1036,1037,1038,1039,1040,1041,1042,1043,1044,1045,1046,1047,1048,1049,1050,1051,1052,1053,1054,1055,1056,1057,1058,1059,1060,1061,1062,1063,1064,1065,1066,1067,1068,1069,1070,1071,1072,1073,1074,1075,1076,1077,1078,1079,1080,1081,1082,1083,1084,1085,1086,1087,1088,1089,1090,1091,1092,1093,1094,1095,1096,1097,1098,1099,1100,1101,1102,1103,1104,1105,1106,1107,1108,1109,1110,1111,1112,1113,1114,1115,1116,1117,1118,1119,1120,1121,1122,1123,1124,1125,1126,1127,1128,1129,1130,1131,1132,1133,1134,1135,1136,1137,1138,1139,1140,1141,1142,1143,1144,1145,1146,1147,1148,1149,1150,1151,1152,1153,1154,1155,1156,1157,1158,1159,1160,1161,1162,1163,1164,1165,1166,1167,1168,1169,1170,1171,1172,1173,1174,1175,1176,1177,1178,1179,1180,1181,1182,1183,1184,1185,1186,1187,1188,1189,1190,1191,1192,1193,1194,1195,1196,1197,1198,1199,1200,1201,1202,1203,1204,1205,1206,1207,1208,1209,1210,1211,1212,1213,1214,1215,1216,1217,1218,1219,1220,1221,1222,1223,1224,1225,1226,1227,1228,1229,1230,1231,1232,1233,1234,1235,1236,1237,1238,1239,1240,1241,1242,1243,1244,1245,1246,1247,1248,1249,1250,1251,1252,1253,1254,1255,1256,1257,1258,1259,1260,1261,1262,1263,1264,1265,1266,1267,1268,1269,1270,1271,1272,1273,1274,1275,1276,1277,1278,1279,1280,1281,1282,1283,1284,1285,1286,1287,1288,1289,1290,1291,1292,1293,1294,1295,1296,1297,1298,1299,1300,1301,1302,1303,1304,1305,1306,1307,1308,1309,1310,1311,1312,1313,1314,1315,1316,1317,1318,1319,1320,1321,1322,1323,1324,1325,1326,1327,1328,1329,1330,1331,1332,1333,1334,1335,1336,1337,1338,1339,1340,1341,1342,1343,1344,1345,1346,1347,1348,1349,1350,1351,1352,1353,1354,1355,1356,1357,1358,1359,1360,1361,1362,1363,1364,1365,1366,1367,1368,1369,1370,1371,1372,1373,1374,1375,1376,1377,1378,1379,1380,1381,1382,1383,1384,1385,1386,1387,1388,1389,1390,1391,1392,1393,1394,1395,1396,1397,1398,1399,1400,1401,1402,1403,1404,1405,1406,1407,1408,1409,1410,1411,1412,1413,1414,1415,1416,1417,1418,1419,1420,1421,1422,1423,1424,1425,1426,1427,1428,1429,1430,1431,1432,1433,1434,1435,1436,1437,1438,1439,1440,1441,1442,1443,1444,1445,1446,1447,1448,1449,1450,1451,1452,1453,1454,1455,1456,1457,1458,1459,1460,1461,1462,1463,1464,1465,1466,1467,1468,1469,1470,1471,1472,1473,1474,1475,1476,1477,1478,1479,1480,1481,1482,1483,1484,1485,1486,1487,1488,1489,1490,1491,1492,1493,1494,1495,1496,1497,1498,1499,1500,1501,1502,1503,1504,1505,1506,1507,1508,1509,1510,1511,1512,1513,1514,1515,1516,1517,1518,1519,1520,1521,1522,1523,1524,1525,1526,1527,1528,1529,1530,1531,1532,1533,1534,1535,1536,1537,1538,1539,1540,1541,1542,1543,1544,1545,1546,1547,1548,1549,1550,1551,1552,1553,1554,1555,1556,1557,1558,1559,1560,1561,1562,1563,1564,1565,1566,1567,1568,1569,1570,1571,1572,1573,1574,1575,1576,1577,1578,1579,1580,1581,1582,1583,1584,1585,1586,1587,1588,1589,1590,1591,1592,1593,1594,1595,1596,1597,1598,1599,1600,1601,1602,1603,1604,1605,1606,1607,1608,1609,1610,1611,1612,1613,1614,1615,1616,1617,1618,1619,1620,1621,1622,1623,1624,1625,1626,1627,1628,1629,1630,1631,1632,1633,1634,1635,1636,1637,1638,1639,1640,1641,1642,1643,1644,1645,1646,1647,1648,1649,1650,1651,1652,1653,1654,1655,1656,1657,1658,1659,1660,1661,1662,1663,1664,1665,1666,1667,1668,1669,1670,1671,1672,1673,1674,1675,1676,1677,1678,1679,1680,1681,1682,1683,1684,1685,1686,1687,1688,1689,1690,1691,1692,1693,1694,1695,1696,1697,1698,1699,1700,1701,1702,1703,1704,1705,1706,1707,1708,1709,1710,1711,1712,1713,1714,1715,1716,1717,1718,1719,1720,1721,1722,1723,1724,1725,1726,1727,1728,1729,1730,1731,1732,1733,1734,1735,1736,1737,1738,1739,1740,1741,1742,1743,1744,1745,1746,1747,1748,1749,1750,1751,1752,1753,1754,1755,1756,1757,1758,1759,1760,1761,1762,1763,1764,1765,1766,1767,1768,1769,1770,1771,1772,1773,1774,1775,1776,1777,1778,1779,1780,1781,1782,1783,1784,1785,1786,1787,1788,1789,1790,1791,1792,1793,1794,1795,1796,1797,1798,1799,1800,1801,1802,1803,1804,1805,1806,1807,1808,1809,1810,1811,1812,1813,1814,1815,1816,1817,1818,1819,1820,1821,1822,1823,1824,1825,1826,1827,1828,1829,1830,1831,1832,1833,1834,1835,1836,1837,1838,1839,1840,1841,1842,1843,1844,1845,1846,1847,1848,1849,1850,1851,1852,1853,1854,1855,1856,1857,1858,1859,1860,1861,1862,1863,1864,1865,1866,1867,1868,1869,1870,1871,1872,1873,1874,1875,1876,1877,1878,1879,1880,1881,1882,1883,1884,1885,1886,1887,1888,1889,1890,1891,1892,1893,1894,1895,1896,1897,1898,1899,1900,1901,1902,1903,1904,1905,1906,1907,1908,1909,1910,1911,1912,1913,1914,1915,1916,1917,1918,1919,1920,1921,1922,1923,1924,1925,1926,1927,1928,1929,1930,1931,1932,1933,1934,1935,1936,1937,1938,1939,1940,1941,1942,1943,1944,1945,1946,1947,1948,1949,1950,1951,1952,1953,1954,1955,1956,1957,1958,1959,1960,1961,1962,1963,1964,1965,1966,1967,1968,1969,1970,1971,1972,1973,1974,1975,1976,1977,1978,1979,1980,1981,1982,1983,1984,1985,1986,1987,1988,1989,1990,1991,1992,1993,1994,1995,1996,1997,1998,1999,2000,2001,2002,2003,2004,2005,2006,2007,2008,2009,2010,2011,2012,2013,2014,2015,2016,2017,2018,2019,2020,2021,2022,2023,2024,2025,2026,2027,2028,2029,2030,2031,2032,2033,2034,2035,2036,2037,2038,2039,2040,2041,2042,2043,2044,2045,2046,2047,2048,2049,2050,2051,2052,2053,2054,2055,2056,2057,2058,2059,2060,2061,2062,2063,2064,2065,2066,2067,2068,2069,2070,2071,2072,2073,2074,2075,2076,2077,2078,2079,2080,2081,2082,2083,2084,2085,2086,2087,2088,2089,2090,2091,2092,2093,2094,2095,2096,2097,2098,2099,2100,2101,2102,2103,2104,2105,2106,2107,2108,2109,2110,2111,2112,2113,2114,2115,2116,2117,2118,2119,2120,2121,2122,2123,2124,2125,2126,2127,2128,2129,2130,2131,2132,2133,2134,2135,2136,2137,2138,2139,2140,2141,2142,2143,2144,2145,2146,2147,2148,2149,2150,2151,2152,2153,2154,2155,2156,2157,2158,2159,2160,2161,2162,2163,2164,2165,2166,2167,2168,2169,2170,2171,2172,2173,2174,2175,2176,2177,2178,2179,2180,2181,2182,2183,2184,2185,2186,2187,2188,2189,2190,2191,2192,2193,2194,2195,2196,2197,2198,2199,2200,2201,2202,2203,2204,2205,2206,2207,2208,2209,2210,2211,2212,2213,2214,2215,2216,2217,2218,2219,2220,2221,2222,2223,2224,2225,2226,2227,2228,2229,2230,2231,2232,2233,2234,2235,2236,2237,2238,2239,2240,2241,2242,2243,2244,2245,2246,2247,2248,2249,2250,2251,2252,2253,2254,2255,2256,2257,2258,2259,2260,2261,2262,2263,2264,2265,2266,2267,2268,2269,2270,2271,2272,2273,2274,2275,2276,2277,2278,2279,2280,2281,2282,2283,2284,2285,2286,2287,2288,2289,2290,2291,2292,2293,2294,2295,2296,2297,2298,2299,2300,2301,2302,2303,2304,2305,2306,2307,2308,2309,2310,2311,2312,2313,2314,2315,2316,2317,2318,2319,2320,2321,2322,2323,2324,2325,2326,2327,2328,2329,2330,2331,2332,2333,2334,2335,2336,2337,2338,2339,2340,2341,2342,2343,2344,2345,2346,2347,2348,2349,2350,2351,2352,2353,2354,2355,2356,2357,2358,2359,2360,2361,2362,2363,2364,2365,2366,2367,2368,2369,2370,2371,2372,2373,2374,2375,2376,2377,2378,2379,2380,2381,2382,2383,2384,2385,2386,2387,2388,2389,2390,2391,2392,2393,2394,2395,2396,2397,2398,2399,2400,2401,2402,2403,2404,2405,2406,2407,2408,2409,2410,2411,2412,2413,2414,2415,2416,2417,2418,2419,2420,2421,2422,2423,2424,2425,2426,2427,2428,2429,2430,2431,2432,2433,2434,2435,2436,2437,2438,2439,2440,2441,2442,2443,2444,2445,2446,2447,2448,2449,2450,2451,2452,2453,2454,2455,2456,2457,2458,2459,2460,2461,2462,2463,2464,2465,2466,2467,2468,2469,2470,2471,2472,2473,2474,2475,2476,2477,2478,2479,2480,2481,2482,2483,2484,2485,2486,2487,2488,2489,2490,2491,2492,2493,2494,2495,2496,2497,2498,2499,2500,2501,2502,2503,2504,2505,2506,2507,2508,2509,2510,2511,2512,2513,2514,2515,2516,2517,2518,2519,2520,2521,2522,2523,2524,2525,2526,2527,2528,2529,2530,2531,2532,2533,2534,2535,2536,2537,2538,2539,2540,2541,2542,2543,2544,2545,2546,2547,2548,2549,2550,2551,2552,2553,2554,2555,2556,2557,2558,2559,2560,2561,2562,2563,2564,2565,2566,2567,2568,2569,2570,2571,2572,2573,2574,2575,2576,2577,2578,2579,2580,2581,2582,2583,2584,2585,2586,2587,2588,2589,2590,2591,2592,2593,2594,2595,2596,2597,2598,2599,2600,2601,2602,2603,2604,2605,2606,2607,2608,2609,2610,2611,2612,2613,2614,2615,2616,2617,2618,2619,2620,2621,2622,2623,2624,2625,2626,2627,2628,2629,2630,2631,2632,2633,2634,2635,2636,2637,2638,2639,2640,2641,2642,2643,2644,2645,2646,2647,2648,2649,2650,2651,2652,2653,2654,2655,2656,2657,2658,2659,2660,2661,2662,2663,2664,2665,2666,2667,2668,2669,2670,2671,2672,2673,2674,2675,2676,2677,2678,2679,2680,2681,2682,2683,2684,2685,2686,2687,2688,2689,2690,2691,2692,2693,2694,2695,2696,2697,2698,2699,2700,2701,2702,2703,2704,2705,2706,2707,2708,2709,2710,2711,2712,2713,2714,2715,2716,2717,2718,2719,2720,2721,2722,2723,2724,2725,2726,2727,2728,2729,2730,2731,2732,2733,2734,2735,2736,2737,2738,2739,2740,2741,2742,2743,2744,2745,2746,2747,2748,2749,2750,2751,2752,2753,2754,2755,2756,2757,2758,2759,2760,2761,2762,2763,2764,2765,2766,2767,2768,2769,2770,2771,2772,2773,2774,2775,2776,2777,2778,2779,2780,2781,2782,2783,2784,2785,2786,2787,2788,2789,2790,2791,2792,2793,2794,2795,2796,2797,2798,2799,2800,2801,2802,2803,2804,2805,2806,2807,2808,2809,2810,2811,2812,2813,2814,2815,2816,2817,2818,2819,2820,2821,2822,2823,2824,2825,2826,2827,2828,2829,2830,2831,2832,2833,2834,2835,2836,2837,2838,2839,2840,2841,2842,2843,2844,2845,2846,2847,2848,2849,2850,2851,2852,2853,2854,2855,2856,2857,2858,2859,2860,2861,2862,2863,2864,2865,2866,2867,2868,2869,2870,2871,2872,2873,2874,2875,2876,2877,2878,2879,2880,2881,2882,2883,2884,2885,2886,2887,2888,2889,2890,2891,2892,2893,2894,2895,2896,2897,2898,2899,2900,2901,2902,2903,2904,2905,2906,2907,2908,2909,2910,2911,2912,2913,2914,2915,2916,2917,2918,2919,2920,2921,2922,2923,2924,2925,2926,2927,2928,2929,2930,2931,2932,2933,2934,2935,2936,2937,2938,2939,2940,2941,2942,2943,2944,2945,2946,2947,2948,2949,2950,2951,2952,2953,2954,2955,2956,2957,2958,2959,2960,2961,2962,2963,2964,2965,2966,2967,2968,2969,2970,2971,2972,2973,2974,2975,2976,2977,2978,2979,2980,2981,2982,2983,2984,2985,2986,2987,2988,2989,2990,2991,2992,2993,2994,2995,2996,2997,2998,2999,3000,3001,3002,3003,3004,3005,3006,3007,3008,3009,3010,3011,3012,3013,3014,3015,3016,3017,3018,3019,3020,3021,3022,3023,3024,3025,3026,3027,3028,3029,3030,3031,3032,3033,3034,3035,3036,3037,3038,3039,3040,3041,3042,3043,3044,3045,3046,3047,3048,3049,3050,3051,3052,3053,3054,3055,3056,3057,3058,3059,3060,3061,3062,3063,3064,3065,3066,3067,3068,3069,3070,3071,3072,3073,3074,3075,3076,3077,3078,3079,3080,3081,3082,3083,3084,3085,3086,3087,3088,3089,3090,3091,3092,3093,3094,3095,3096,3097,3098,3099,3100,3101,3102,3103,3104,3105,3106,3107,3108,3109,3110,3111,3112,3113,3114,3115,3116,3117,3118,3119,3120,3121,3122,3123,3124,3125,3126,3127,3128,3129,3130,3131,3132,3133,3134,3135,3136,3137,3138,3139,3140,3141,3142,3143,3144,3145,3146,3147,3148,3149,3150,3151,3152,3153,3154,3155,3156,3157,3158,3159,3160,3161,3162,3163,3164,3165,3166,3167,3168,3169,3170,3171,3172,3173,3174,3175,3176,3177,3178,3179,3180,3181,3182,3183,3184,3185,3186,3187,3188,3189,3190,3191,3192,3193,3194,3195,3196,3197,3198,3199,3200,3201,3202,3203,3204,3205,3206,3207,3208,3209,3210,3211,3212,3213,3214,3215,3216,3217,3218,3219,3220,3221,3222,3223,3224,3225,3226,3227,3228,3229,3230,3231,3232,3233,3234,3235,3236,3237,3238,3239,3240,3241,3242,3243,3244,3245,3246,3247,3248,3249,3250,3251,3252,3253,3254,3255,3256,3257,3258,3259,3260,3261,3262,3263,3264,3265,3266,3267,3268,3269,3270,3271,3272,3273,3274,3275,3276,3277,3278,3279,3280,3281,3282,3283,3284,3285,3286,3287,3288,3289,3290,3291,3292,3293,3294,3295,3296,3297,3298,3299,3300,3301,3302,3303,3304,3305,3306,3307,3308,3309,3310,3311,3312,3313,3314,3315,3316,3317,3318,3319,3320,3321,3322,3323,3324,3325,3326,3327,3328,3329,3330,3331,3332,3333,3334,3335,3336,3337,3338,3339,3340,3341,3342,3343,3344,3345,3346,3347,3348,3349,3350,3351,3352,3353,3354,3355,3356,3357,3358,3359,3360,3361,3362,3363,3364,3365,3366,3367,3368,3369,3370,3371,3372,3373,3374,3375,3376,3377,3378,3379,3380,3381,3382,3383,3384,3385,3386,3387,3388,3389,3390,3391,3392,3393,3394,3395,3396,3397,3398,3399,3400,3401,3402,3403,3404,3405,3406,3407,3408,3409,3410,3411,3412,3413,3414,3415,3416,3417,3418,3419,3420,3421,3422,3423,3424,3425,3426,3427,3428,3429,3430,3431,3432,3433,3434,3435,3436,3437,3438,3439,3440,3441,3442,3443,3444,3445,3446,3447,3448,3449,3450,3451,3452,3453,3454,3455,3456,3457,3458,3459,3460,3461,3462,3463,3464,3465,3466,3467,3468,3469,3470,3471,3472,3473,3474,3475,3476,3477,3478,3479,3480,3481,3482,3483,3484,3485,3486,3487,3488,3489,3490,3491,3492,3493,3494,3495,3496,3497,3498,3499,3500,3501,3502,3503,3504,3505,3506,3507,3508,3509,3510,3511,3512,3513,3514,3515,3516,3517,3518,3519,3520,3521,3522,3523,3524,3525,3526,3527,3528,3529,3530,3531,3532,3533,3534,3535,3536,3537,3538,3539,3540,3541,3542,3543,3544,3545,3546,3547,3548,3549,3550,3551,3552,3553,3554,3555,3556,3557,3558,3559,3560,3561,3562,3563,3564,3565,3566,3567,3568,3569,3570,3571,3572,3573,3574,3575,3576,3577,3578,3579,3580,3581,3582,3583,3584,3585,3586,3587,3588,3589,3590,3591,3592,3593,3594,3595,3596,3597,3598,3599,3600,3601,3602,3603,3604,3605,3606,3607,3608,3609,3610,3611,3612,3613,3614,3615,3616,3617,3618,3619,3620,3621,3622,3623,3624,3625,3626,3627,3628,3629,3630,3631,3632,3633,3634,3635,3636,3637,3638,3639,3640,3641,3642,3643,3644,3645,3646,3647,3648,3649,3650,3651,3652,3653,3654,3655,3656,3657,3658,3659,3660,3661,3662,3663,3664,3665,3666,3667,3668,3669,3670,3671,3672,3673,3674,3675,3676,3677,3678,3679,3680,3681,3682,3683,3684,3685,3686,3687,3688,3689,3690,3691,3692,3693,3694,3695,3696,3697,3698,3699,3700,3701,3702,3703,3704,3705,3706,3707,3708,3709,3710,3711,3712,3713,3714,3715,3716,3717,3718,3719,3720,3721,3722,3723,3724,3725,3726,3727,3728,3729,3730,3731,3732,3733,3734,3735,3736,3737,3738,3739,3740,3741,3742,3743,3744,3745,3746,3747,3748,3749,3750,3751,3752,3753,3754,3755,3756,3757,3758,3759,3760,3761,3762,3763,3764,3765,3766,3767,3768,3769,3770,3771,3772,3773,3774,3775,3776,3777,3778,3779,3780,3781,3782,3783,3784,3785,3786,3787,3788,3789,3790,3791,3792,3793,3794,3795,3796,3797,3798,3799,3800,3801,3802,3803,3804,3805,3806,3807,3808,3809,3810,3811,3812,3813,3814,3815,3816,3817,3818,3819,3820,3821,3822,3823,3824,3825,3826,3827,3828,3829,3830,3831,3832,3833,3834,3835,3836,3837,3838,3839,3840,3841,3842,3843,3844,3845,3846,3847,3848,3849,3850,3851,3852,3853,3854,3855,3856,3857,3858,3859,3860,3861,3862,3863,3864,3865,3866,3867,3868,3869,3870,3871,3872,3873,3874,3875,3876,3877,3878,3879,3880,3881,3882,3883,3884,3885,3886,3887,3888,3889,3890,3891,3892,3893,3894,3895,3896,3897,3898,3899,3900,3901,3902,3903,3904,3905,3906,3907,3908,3909,3910,3911,3912,3913,3914,3915,3916,3917,3918,3919,3920,3921,3922,3923,3924,3925,3926,3927,3928,3929,3930,3931,3932,3933,3934,3935,3936,3937,3938,3939,3940,3941,3942,3943,3944,3945,3946,3947,3948,3949,3950,3951,3952,3953,3954,3955,3956,3957,3958,3959,3960,3961,3962,3963,3964,3965,3966,3967,3968,3969,3970,3971,3972,3973,3974,3975,3976,3977,3978,3979,3980,3981,3982,3983,3984,3985,3986,3987,3988,3989,3990,3991,3992,3993,3994,3995,3996,3997,3998,3999,4000,4001,4002,4003,4004,4005,4006,4007,4008,4009,4010,4011,4012,4013,4014,4015,4016,4017,4018,4019,4020,4021,4022,4023,4024,4025,4026,4027,4028,4029,4030,4031,4032,4033,4034,4035,4036,4037,4038,4039,4040,4041,4042,4043,4044,4045,4046,4047,4048,4049,4050,4051,4052,4053,4054,4055,4056,4057,4058,4059,4060,4061,4062,4063,4064,4065,4066,4067,4068,4069,4070,4071,4072,4073,4074,4075,4076,4077,4078,4079,4080,4081,4082,4083,4084,4085,4086,4087,4088,4089,4090,4091,4092,4093,4094,4095,4096,4097,4098,4099,4100,4101,4102,4103,4104,4105,4106,4107,4108,4109,4110,4111,4112,4113,4114,4115,4116,4117,4118,4119,4120,4121,4122,4123,4124,4125,4126,4127,4128,4129,4130,4131,4132,4133,4134,4135,4136,4137,4138,4139,4140,4141,4142,4143,4144,4145,4146,4147,4148,4149,4150,4151,4152,4153,4154,4155,4156,4157,4158,4159,4160,4161,4162,4163,4164,4165,4166,4167,4168,4169,4170,4171,4172,4173,4174,4175,4176,4177,4178,4179,4180,4181,4182,4183,4184,4185,4186,4187,4188,4189,4190,4191,4192,4193,4194,4195,4196,4197,4198,4199,4200,4201,4202,4203,4204,4205,4206,4207,4208,4209,4210,4211,4212,4213,4214,4215,4216,4217,4218,4219,4220,4221,4222,4223,4224,4225,4226,4227,4228,4229,4230,4231,4232,4233,4234,4235,4236,4237,4238,4239,4240,4241,4242,4243,4244,4245,4246,4247,4248,4249,4250,4251,4252,4253,4254,4255,4256,4257,4258,4259,4260,4261,4262,4263,4264,4265,4266,4267,4268,4269,4270,4271,4272,4273,4274,4275,4276,4277,4278,4279,4280,4281,4282,4283,4284,4285,4286,4287,4288,4289,4290,4291,4292,4293,4294,4295,4296,4297,4298,4299,4300,4301,4302,4303,4304,4305,4306,4307,4308,4309,4310,4311,4312,4313,4314,4315,4316,4317,4318,4319,4320,4321,4322,4323,4324,4325,4326,4327,4328,4329,4330,4331,4332,4333,4334,4335,4336,4337,4338,4339,4340,4341,4342,4343,4344,4345,4346,4347,4348,4349,4350,4351,4352,4353,4354,4355,4356,4357,4358,4359,4360,4361,4362,4363,4364,4365,4366,4367,4368,4369,4370,4371,4372,4373,4374,4375,4376,4377,4378,4379,4380,4381,4382,4383,4384,4385,4386,4387,4388,4389,4390,4391,4392,4393,4394,4395,4396,4397,4398,4399,4400,4401,4402,4403,4404,4405,4406,4407,4408,4409,4410,4411,4412,4413,4414,4415,4416,4417,4418,4419,4420,4421,4422,4423,4424,4425,4426,4427,4428,4429,4430,4431,4432,4433,4434,4435,4436,4437,4438,4439,4440,4441,4442,4443,4444,4445,4446,4447,4448,4449,4450,4451,4452,4453,4454,4455,4456,4457,4458,4459,4460,4461,4462,4463,4464,4465,4466,4467,4468,4469,4470,4471,4472,4473,4474,4475,4476,4477,4478,4479,4480,4481,4482,4483,4484,4485,4486,4487,4488,4489,4490,4491,4492,4493,4494,4495,4496,4497,4498,4499,4500,4501,4502,4503,4504,4505,4506,4507,4508,4509,4510,4511,4512,4513,4514,4515,4516,4517,4518,4519,4520,4521,4522,4523,4524,4525,4526,4527,4528,4529,4530,4531,4532,4533,4534,4535,4536,4537,4538,4539,4540,4541,4542,4543,4544,4545,4546,4547,4548,4549,4550,4551,4552,4553,4554,4555,4556,4557,4558,4559,4560,4561,4562,4563,4564,4565,4566,4567,4568,4569,4570,4571,4572,4573,4574,4575,4576,4577,4578,4579,4580,4581,4582,4583,4584,4585,4586,4587,4588,4589,4590,4591,4592,4593,4594,4595,4596,4597,4598,4599,4600,4601,4602,4603,4604,4605,4606,4607,4608,4609,4610,4611,4612,4613,4614,4615,4616,4617,4618,4619,4620,4621,4622,4623,4624,4625,4626,4627,4628,4629,4630,4631,4632,4633,4634,4635,4636,4637,4638,4639,4640,4641,4642,4643,4644,4645,4646,4647,4648,4649,4650,4651,4652,4653,4654,4655,4656,4657,4658,4659,4660,4661,4662,4663,4664,4665,4666,4667,4668,4669,4670,4671,4672,4673,4674,4675,4676,4677,4678,4679,4680,4681,4682,4683,4684,4685,4686,4687,4688,4689,4690,4691,4692,4693,4694,4695,4696,4697,4698,4699,4700,4701,4702,4703,4704,4705,4706,4707,4708,4709,4710,4711,4712,4713,4714,4715,4716,4717,4718,4719,4720,4721,4722,4723,4724,4725,4726,4727,4728,4729,4730,4731,4732,4733,4734,4735,4736,4737,4738,4739,4740,4741,4742,4743,4744,4745,4746,4747,4748,4749,4750,4751,4752,4753,4754,4755,4756,4757,4758,4759,4760,4761,4762,4763,4764,4765,4766,4767,4768,4769,4770,4771,4772,4773,4774,4775,4776,4777,4778,4779,4780,4781,4782,4783,4784,4785,4786,4787,4788,4789,4790,4791,4792,4793,4794,4795,4796,4797,4798,4799,4800,4801,4802,4803,4804,4805,4806,4807,4808,4809,4810,4811,4812,4813,4814,4815,4816,4817,4818,4819,4820,4821,4822,4823,4824,4825,4826,4827,4828,4829,4830,4831,4832,4833,4834,4835,4836,4837,4838,4839,4840,4841,4842,4843,4844,4845,4846,4847,4848,4849,4850,4851,4852,4853,4854,4855,4856,4857,4858,4859,4860,4861,4862,4863,4864,4865,4866,4867,4868,4869,4870,4871,4872,4873,4874,4875,4876,4877,4878,4879,4880,4881,4882,4883,4884,4885,4886,4887,4888,4889,4890,4891,4892,4893,4894,4895,4896,4897,4898,4899,4900,4901,4902,4903,4904,4905,4906,4907,4908,4909,4910,4911,4912,4913,4914,4915,4916,4917,4918,4919,4920,4921,4922,4923,4924,4925,4926,4927,4928,4929,4930,4931,4932,4933,4934,4935,4936,4937,4938,4939,4940,4941,4942,4943,4944,4945,4946,4947,4948,4949,4950,4951,4952,4953,4954,4955,4956,4957,4958,4959,4960,4961,4962,4963,4964,4965,4966,4967,4968,4969,4970,4971,4972,4973,4974,4975,4976,4977,4978,4979,4980,4981,4982,4983,4984,4985,4986,4987,4988,4989,4990,4991,4992,4993,4994,4995,4996,4997,4998,4999,5000,5001,5002,5003,5004,5005,5006,5007,5008,5009,5010,5011,5012,5013,5014,5015,5016,5017,5018,5019,5020,5021,5022,5023,5024,5025,5026,5027,5028,5029,5030,5031,5032,5033,5034,5035,5036,5037,5038,5039,5040,5041,5042,5043,5044,5045,5046,5047,5048,5049,5050,5051,5052,5053,5054,5055,5056,5057,5058,5059,5060,5061,5062,5063,5064,5065,5066,5067,5068,5069,5070,5071,5072,5073,5074,5075,5076,5077,5078,5079,5080,5081,5082,5083,5084,5085,5086,5087,5088,5089,5090,5091,5092,5093,5094,5095,5096,5097,5098,5099,5100,5101,5102,5103,5104,5105,5106,5107,5108,5109,5110,5111,5112,5113,5114,5115,5116,5117,5118,5119,5120,5121,5122,5123,5124,5125,5126,5127,5128,5129,5130,5131,5132,5133,5134,5135,5136,5137,5138,5139,5140,5141,5142,5143,5144,5145,5146,5147,5148,5149,5150,5151,5152,5153,5154,5155,5156,5157,5158,5159,5160,5161,5162,5163,5164,5165,5166,5167,5168,5169,5170,5171,5172,5173,5174,5175,5176,5177,5178,5179,5180,5181,5182,5183,5184,5185,5186,5187,5188,5189,5190,5191,5192,5193,5194,5195,5196,5197,5198,5199,5200,5201,5202,5203,5204,5205,5206,5207,5208,5209,5210,5211,5212,5213,5214,5215,5216,5217,5218,5219,5220,5221,5222,5223,5224,5225,5226,5227,5228,5229,5230,5231,5232,5233,5234,5235,5236,5237,5238,5239,5240,5241,5242,5243,5244,5245,5246,5247,5248,5249,5250,5251,5252,5253,5254,5255,5256,5257,5258,5259,5260,5261,5262,5263,5264,5265,5266,5267,5268,5269,5270,5271,5272,5273,5274,5275,5276,5277,5278,5279,5280,5281,5282,5283,5284,5285,5286,5287,5288,5289,5290,5291,5292,5293,5294,5295,5296,5297,5298,5299,5300,5301,5302,5303,5304,5305,5306,5307,5308,5309,5310,5311,5312,5313,5314,5315,5316,5317,5318,5319,5320,5321,5322,5323,5324,5325,5326,5327,5328,5329,5330,5331,5332,5333,5334,5335,5336,5337,5338,5339,5340,5341,5342,5343,5344,5345,5346,5347,5348,5349,5350,5351,5352,5353,5354,5355,5356,5357,5358,5359,5360,5361,5362,5363,5364,5365,5366,5367,5368,5369,5370,5371,5372,5373,5374,5375,5376,5377,5378,5379,5380,5381,5382,5383,5384,5385,5386,5387,5388,5389,5390,5391,5392,5393,5394,5395,5396,5397,5398,5399,5400,5401,5402,5403,5404,5405,5406,5407,5408,5409,5410,5411,5412,5413,5414,5415,5416,5417,5418,5419,5420,5421,5422,5423,5424,5425,5426,5427,5428,5429,5430,5431,5432,5433,5434,5435,5436,5437,5438,5439,5440,5441,5442,5443,5444,5445,5446,5447,5448,5449,5450,5451,5452,5453,5454,5455,5456,5457,5458,5459,5460,5461,5462,5463,5464,5465,5466,5467,5468,5469,5470,5471,5472,5473,5474,5475,5476,5477,5478,5479,5480,5481,5482,5483,5484,5485,5486,5487,5488,5489,5490,5491,5492,5493,5494,5495,5496,5497,5498,5499,5500,5501,5502,5503,5504,5505,5506,5507,5508,5509,5510,5511,5512,5513,5514,5515,5516,5517,5518,5519,5520,5521,5522,5523,5524,5525,5526,5527,5528,5529,5530,5531,5532,5533,5534,5535,5536,5537,5538,5539,5540,5541,5542,5543,5544,5545,5546,5547,5548,5549,5550,5551,5552,5553,5554,5555,5556,5557,5558,5559,5560,5561,5562,5563,5564,5565,5566,5567,5568,5569,5570,5571,5572,5573,5574,5575,5576,5577,5578,5579,5580,5581,5582,5583,5584,5585,5586,5587,5588,5589,5590,5591,5592,5593,5594,5595,5596,5597,5598,5599,5600,5601,5602,5603,5604,5605,5606,5607,5608,5609,5610,5611,5612,5613,5614,5615,5616,5617,5618,5619,5620,5621,5622,5623,5624,5625,5626,5627,5628,5629,5630,5631,5632,5633,5634,5635,5636,5637,5638,5639,5640,5641,5642,5643,5644,5645,5646,5647,5648,5649,5650,5651,5652,5653,5654,5655,5656,5657,5658,5659,5660,5661,5662,5663,5664,5665,5666,5667,5668,5669,5670,5671,5672,5673,5674,5675,5676,5677,5678,5679,5680,5681,5682,5683,5684,5685,5686,5687,5688,5689,5690,5691,5692,5693,5694,5695,5696,5697,5698,5699,5700,5701,5702,5703,5704,5705,5706,5707,5708,5709,5710,5711,5712,5713,5714,5715,5716,5717,5718,5719,5720,5721,5722,5723,5724,5725,5726,5727,5728,5729,5730,5731,5732,5733,5734,5735,5736,5737,5738,5739,5740,5741,5742,5743,5744,5745,5746,5747,5748,5749,5750,5751,5752,5753,5754,5755,5756,5757,5758,5759,5760,5761,5762,5763,5764,5765,5766,5767,5768,5769,5770,5771,5772,5773,5774,5775,5776,5777,5778,5779,5780,5781,5782,5783,5784,5785,5786,5787,5788,5789,5790,5791,5792,5793,5794,5795,5796,5797,5798,5799,5800,5801,5802,5803,5804,5805,5806,5807,5808,5809,5810,5811,5812,5813,5814,5815,5816,5817,5818,5819,5820,5821,5822,5823,5824,5825,5826,5827,5828,5829,5830,5831,5832,5833,5834,5835,5836,5837,5838,5839,5840,5841,5842,5843,5844,5845,5846,5847,5848,5849,5850,5851,5852,5853,5854,5855,5856,5857,5858,5859,5860,5861,5862,5863,5864,5865,5866,5867,5868,5869,5870,5871,5872,5873,5874,5875,5876,5877,5878,5879,5880,5881,5882,5883,5884,5885,5886,5887,5888,5889,5890,5891,5892,5893,5894,5895,5896,5897,5898,5899,5900,5901,5902,5903,5904,5905,5906,5907,5908,5909,5910,5911,5912,5913,5914,5915,5916,5917,5918,5919,5920,5921,5922,5923,5924,5925,5926,5927,5928,5929,5930,5931,5932,5933,5934,5935,5936,5937,5938,5939,5940,5941,5942,5943,5944,5945,5946,5947,5948,5949,5950,5951,5952,5953,5954,5955,5956,5957,5958,5959,5960,5961,5962,5963,5964,5965,5966,5967,5968,5969,5970,5971,5972,5973,5974,5975,5976,5977,5978,5979,5980,5981,5982,5983,5984,5985,5986,5987,5988,5989,5990,5991,5992,5993,5994,5995,5996,5997,5998,5999,6000,6001,6002,6003,6004,6005,6006,6007,6008,6009,6010,6011,6012,6013,6014,6015,6016,6017,6018,6019,6020,6021,6022,6023,6024,6025,6026,6027,6028,6029,6030,6031,6032,6033,6034,6035,6036,6037,6038,6039,6040,6041,6042,6043,6044,6045,6046,6047,6048,6049,6050,6051,6052,6053,6054,6055,6056,6057,6058,6059,6060,6061,6062,6063,6064,6065,6066,6067,6068,6069,6070,6071,6072,6073,6074,6075,6076,6077,6078,6079,6080,6081,6082,6083,6084,6085,6086,6087,6088,6089,6090,6091,6092,6093,6094,6095,6096,6097,6098,6099,6100,6101,6102,6103,6104,6105,6106,6107,6108,6109,6110,6111,6112,6113,6114,6115,6116,6117,6118,6119,6120,6121,6122,6123,6124,6125,6126,6127,6128,6129,6130,6131,6132,6133,6134,6135,6136,6137,6138,6139,6140,6141,6142,6143,6144,6145,6146,6147,6148,6149,6150,6151,6152,6153,6154,6155,6156,6157,6158,6159,6160,6161,6162,6163,6164,6165,6166,6167,6168,6169,6170,6171,6172,6173,6174,6175,6176,6177,6178,6179,6180,6181,6182,6183,6184,6185,6186,6187,6188,6189,6190,6191,6192,6193,6194,6195,6196,6197,6198,6199,6200,6201,6202,6203,6204,6205,6206,6207,6208,6209,6210,6211,6212,6213,6214,6215,6216,6217,6218,6219,6220,6221,6222,6223,6224,6225,6226,6227,6228,6229,6230,6231,6232,6233,6234,6235,6236,6237,6238,6239,6240,6241,6242,6243,6244,6245,6246,6247,6248,6249,6250,6251,6252,6253,6254,6255,6256,6257,6258,6259,6260,6261,6262,6263,6264,6265,6266,6267,6268,6269,6270,6271,6272,6273,6274,6275,6276,6277,6278,6279,6280,6281,6282,6283,6284,6285,6286,6287,6288,6289,6290,6291,6292,6293,6294,6295,6296,6297,6298,6299,6300,6301,6302,6303,6304,6305,6306,6307,6308,6309,6310,6311,6312,6313,6314,6315,6316,6317,6318,6319,6320,6321,6322,6323,6324,6325,6326,6327,6328,6329,6330,6331,6332,6333,6334,6335,6336,6337,6338,6339,6340,6341,6342,6343,6344,6345,6346,6347,6348,6349,6350,6351,6352,6353,6354,6355,6356,6357,6358,6359,6360,6361,6362,6363,6364,6365,6366,6367,6368,6369,6370,6371,6372,6373,6374,6375,6376,6377,6378,6379,6380,6381,6382,6383,6384,6385,6386,6387,6388,6389,6390,6391,6392,6393,6394,6395,6396,6397,6398,6399,6400,6401,6402,6403,6404,6405,6406,6407,6408,6409,6410,6411,6412,6413,6414,6415,6416,6417,6418,6419,6420,6421,6422,6423,6424,6425,6426,6427,6428,6429,6430,6431,6432,6433,6434,6435,6436,6437,6438,6439,6440,6441,6442,6443,6444,6445,6446,6447,6448,6449,6450,6451,6452,6453,6454,6455,6456,6457,6458,6459,6460,6461,6462,6463,6464,6465,6466,6467,6468,6469,6470,6471,6472,6473,6474,6475,6476,6477,6478,6479,6480,6481,6482,6483,6484,6485,6486,6487,6488,6489,6490,6491,6492,6493,6494,6495,6496,6497,6498,6499,6500,6501,6502,6503,6504,6505,6506,6507,6508,6509,6510,6511,6512,6513,6514,6515,6516,6517,6518,6519,6520,6521,6522,6523,6524,6525,6526,6527,6528,6529,6530,6531,6532,6533,6534,6535,6536,6537,6538,6539,6540,6541,6542,6543,6544,6545,6546,6547,6548,6549,6550,6551,6552,6553,6554,6555,6556,6557,6558,6559,6560,6561,6562,6563,6564,6565,6566,6567,6568,6569,6570,6571,6572,6573,6574,6575,6576,6577,6578,6579,6580,6581,6582,6583,6584,6585,6586,6587,6588,6589,6590,6591,6592,6593,6594,6595,6596,6597,6598,6599,6600,6601,6602,6603,6604,6605,6606,6607,6608,6609,6610,6611,6612,6613,6614,6615,6616,6617,6618,6619,6620,6621,6622,6623,6624,6625,6626,6627,6628,6629,6630,6631,6632,6633,6634,6635,6636,6637,6638,6639,6640,6641,6642,6643,6644,6645,6646,6647,6648,6649,6650,6651,6652,6653,6654,6655,6656,6657,6658,6659,6660,6661,6662,6663,6664,6665,6666,6667,6668,6669,6670,6671,6672,6673,6674,6675,6676,6677,6678,6679,6680,6681,6682,6683,6684,6685,6686,6687,6688,6689,6690,6691,6692,6693,6694,6695,6696,6697,6698,6699,6700,6701,6702,6703,6704,6705,6706,6707,6708,6709,6710,6711,6712,6713,6714,6715,6716,6717,6718,6719,6720,6721,6722,6723,6724,6725,6726,6727,6728,6729,6730,6731,6732,6733,6734,6735,6736,6737,6738,6739,6740,6741,6742,6743,6744,6745,6746,6747,6748,6749,6750,6751,6752,6753,6754,6755,6756,6757,6758,6759,6760,6761,6762,6763,6764,6765,6766,6767,6768,6769,6770,6771,6772,6773,6774,6775,6776,6777,6778,6779,6780,6781,6782,6783,6784,6785,6786,6787,6788,6789,6790,6791,6792,6793,6794,6795,6796,6797,6798,6799,6800,6801,6802,6803,6804,6805,6806,6807,6808,6809,6810,6811,6812,6813,6814,6815,6816,6817,6818,6819,6820,6821,6822,6823,6824,6825,6826,6827,6828,6829,6830,6831,6832,6833,6834,6835,6836,6837,6838,6839,6840,6841,6842,6843,6844,6845,6846,6847,6848,6849,6850,6851,6852,6853,6854,6855,6856,6857,6858,6859,6860,6861,6862,6863,6864,6865,6866,6867,6868,6869,6870,6871,6872,6873,6874,6875,6876,6877,6878,6879,6880,6881,6882,6883,6884,6885,6886,6887,6888,6889,6890,6891,6892,6893,6894,6895,6896,6897,6898,6899,6900,6901,6902,6903,6904,6905,6906,6907,6908,6909,6910,6911,6912,6913,6914,6915,6916,6917,6918,6919,6920,6921,6922,6923,6924,6925,6926,6927,6928,6929,6930,6931,6932,6933,6934,6935,6936,6937,6938,6939,6940,6941,6942,6943,6944,6945,6946,6947,6948,6949,6950,6951,6952,6953,6954,6955,6956,6957,6958,6959,6960,6961,6962,6963,6964,6965,6966,6967,6968,6969,6970,6971,6972,6973,6974,6975,6976,6977,6978,6979,6980,6981,6982,6983,6984,6985,6986,6987,6988,6989,6990,6991,6992,6993,6994,6995,6996,6997,6998,6999,7000
0,0.12021453509295285,0.12021453509295285,0.12021453509295285,0.12021453509295285,0.12021453509295285,0.12021453509295285,0.12021453509295285,0.12021453509295285,0.12021453509295285,0.12021453509295285,0.12021453509295285,0.12021453509295285,0.12021453509295285,0.12021453509295285,0.12021453509295285,0.12021453509295285,0.12021453509295285,0.12021453509295285,0.12021453509295285,0.12021453509295285,0.12021453509295285,0.12021453509295285,0.12021453509295285,0.12021453509295285,0.12021453509295285,0.12021453509295285,0.12021453509295285,0.12021453509295285,0.12021453509295285,0.12021453509295285,0.12021453509295285,0.12021453509295285,0.12021453509295285,0.12021453509295285,0.12021453509295285,0.12021453509295285,0.12021453509295285,0.12021453509295285,0.12021453509295285,0.12021453509295285,0.12021453509295285,0.12021453509295285,0.12021453509295285,0.12021453509295285,0.12021453509295285,0.12021453509295285,0.12021453509295285,0.12021453509295285,0.12021453509295285,0.12021453509295285,0.12021453509295285,0.12021453509295285,0.12021453509295285,0.12021453509295285,0.12021453509295285,0.12021453509295285,0.12021453509295285,0.12021453509295285,0.12021453509295285,0.12021453509295285,0.12021453509295285,0.12021453509295285,0.12021453509295285,0.12021453509295285,0.12021453509295285,0.12021453509295285,0.12021453509295285,0.12021453509295285,0.12021453509295285,0.12021453509295285,0.12021453509295285,0.12021453509295285,0.12021453509295285,0.12021453509295285,0.12021453509295285,0.12021453509295285,0.12021453509295285,0.12021453509295285,0.12021453509295285,0.12021453509295285,0.12021453509295285,0.12021453509295285,0.12021453509295285,0.12021453509295285,0.12021453509295285,0.12021453509295285,0.12021453509295285,0.12021453509295285,0.12021453509295285,0.12021453509295285,0.12021453509295285,0.12021453509295285,0.12021453509295285,0.12021453509295285,0.12021453509295285,0.12021453509295285,0.12021453509295285,0.12021453509295285,0.12021453509295285,0.12021453509295285,0.12021453509295285,0.12021453509295285,0.12021453509295285,0.12021453509295285,0.12021453509295285,0.12021453509295285,0.12021453509295285,0.12021453509295285,0.12021453509295285,0.12021453509295285,0.12021453509295285,0.12021453509295285,0.12021453509295285,0.12021453509295285,0.12021453509295285,0.12021453509295285,0.12021453509295285,0.12021453509295285,0.12021453509295285,0.12021453509295285,0.12021453509295285,0.12021453509295285,0.12021453509295285,0.12021453509295285,0.12021453509295285,0.12021453509295285,0.12021453509295285,0.12021453509295285,0.12021453509295285,0.12021453509295285,0.12021453509295285,0.12021453509295285,0.12021453509295285,0.12021453509295285,0.12021453509295285,0.12021453509295285,0.12021453509295285,0.12021453509295285,0.12021453509295285,0.12021453509295285,0.12021453509295285,0.12021453509295285,0.12021453509295285,0.12021453509295285,0.12021453509295285,0.12021453509295285,0.12021453509295285,0.12021453509295285,0.12021453509295285,0.12021453509295285,0.12021453509295285,0.12021453509295285,0.12021453509295285,0.12021453509295285,0.12021453509295285,0.12021453509295285,0.12021453509295285,0.12021453509295285,0.12021453509295285,0.12021453509295285,0.12021453509295285,0.12021453509295285,0.12021453509295285,0.12021453509295285,0.12021453509295285,0.12021453509295285,0.12021453509295285,0.12021453509295285,0.12021453509295285,0.12021453509295285,0.12021453509295285,0.12021453509295285,0.12021453509295285,0.12021453509295285,0.12021453509295285,0.12021453509295285,0.12021453509295285,0.12021453509295285,0.12021453509295285,0.12021453509295285,0.12021453509295285,0.12021453509295285,0.12021453509295285,0.12021453509295285,0.12021453509295285,0.12021453509295285,0.12021453509295285,0.12021453509295285,0.12021453509295285,0.12021453509295285,0.12021453509295285,0.12021453509295285,0.12021453509295285,0.12021453509295285,0.12021453509295285,0.12021453509295285,0.12021453509295285,0.12021453509295285,0.12021453509295285,0.12021453509295285,0.12021453509295285,0.12021453509295285,0.12021453509295285,0.12021453509295285,0.12021453509295285,0.12021453509295285,0.12021453509295285,0.12021453509295285,0.12021453509295285,0.12021453509295285,0.12021453509295285,0.12021453509295285,0.12021453509295285,0.12021453509295285,0.12021453509295285,0.12021453509295285,0.12021453509295285,0.12021453509295285,0.12021453509295285,0.12021453509295285,0.12021453509295285,0.12021453509295285,0.12021453509295285,0.12021453509295285,0.12021453509295285,0.12021453509295285,0.12021453509295285,0.12021453509295285,0.12021453509295285,0.12021453509295285,0.12021453509295285,0.12021453509295285,0.12021453509295285,0.12021453509295285,0.12021453509295285,0.12021453509295285,0.12021453509295285,0.12021453509295285,0.12021453509295285,0.12021453509295285,0.12021453509295285,0.12021453509295285,0.12021453509295285,0.12021453509295285,0.12021453509295285,0.12021453509295285,0.12021453509295285,0.12021453509295285,0.12021453509295285,0.12021453509295285,0.12021453509295285,0.12021453509295285,0.12021453509295285,0.12021453509295285,0.12021453509295285,0.12021453509295285,0.12021453509295285,0.12021453509295285,0.12021453509295285,0.12021453509295285,0.12021453509295285,0.12021453509295285,0.12021453509295285,0.12021453509295285,0.12021453509295285,0.12021453509295285,0.12021453509295285,0.12021453509295285,0.12021453509295285,0.12021453509295285,0.12021453509295285,0.12021453509295285,0.12021453509295285,0.12021453509295285,0.12021453509295285,0.12021453509295285,0.12021453509295285,0.12021453509295285,0.12021453509295285,0.12021453509295285,0.12021453509295285,0.12021453509295285,0.12021453509295285,0.12021453509295285,0.12021453509295285,0.12021453509295285,0.12021453509295285,0.12021453509295285,0.12021453509295285,0.12021453509295285,0.12021453509295285,0.12021453509295285,0.12021453509295285,0.12021453509295285,0.12021453509295285,0.12021453509295285,0.12021453509295285,0.12021453509295285,0.12021453509295285,0.12021453509295285,0.12021453509295285,0.12021453509295285,0.12021453509295285,0.12021453509295285,0.12021453509295285,0.12021453509295285,0.12021453509295285,0.12021453509295285,0.12021453509295285,0.12021453509295285,0.12021453509295285,0.12021453509295285,0.12021453509295285,0.12021453509295285,0.12021453509295285,0.12021453509295285,0.12021453509295285,0.12021453509295285,0.12021453509295285,0.12021453509295285,0.12021453509295285,0.12021453509295285,0.12021453509295285,0.12021453509295285,0.12021453509295285,0.12021453509295285,0.12021453509295285,0.12021453509295285,0.12021453509295285,0.12021453509295285,0.12021453509295285,0.12021453509295285,0.12021453509295285,0.12021453509295285,0.12021453509295285,0.12021453509295285,0.12021453509295285,0.12021453509295285,0.12021453509295285,0.12021453509295285,0.12021453509295285,0.12021453509295285,0.12021453509295285,0.12021453509295285,0.12021453509295285,0.12021453509295285,0.12021453509295285,0.12021453509295285,0.12021453509295285,0.12021453509295285,0.12021453509295285,0.12021453509295285,0.12021453509295285,0.12021453509295285,0.12021453509295285,0.12021453509295285,0.12021453509295285,0.12021453509295285,0.12021453509295285,0.12021453509295285,0.12021453509295285,0.12021453509295285,0.12021453509295285,0.12021453509295285,0.12021453509295285,0.12021453509295285,0.12021453509295285,0.12021453509295285,0.12021453509295285,0.12021453509295285,0.12021453509295285,0.12021453509295285,0.12021453509295285,0.12021453509295285,0.12021453509295285,0.12021453509295285,0.12021453509295285,0.12021453509295285,0.12021453509295285,0.12021453509295285,0.12021453509295285,0.12021453509295285,0.12021453509295285,0.12021453509295285,0.12021453509295285,0.12021453509295285,0.12021453509295285,0.12021453509295285,0.12021453509295285,0.12021453509295285,0.12021453509295285,0.12021453509295285,0.12021453509295285,0.12021453509295285,0.12021453509295285,0.12021453509295285,0.12021453509295285,0.12021453509295285,0.12021453509295285,0.12021453509295285,0.12021453509295285,0.12021453509295285,0.12021453509295285,0.12021453509295285,0.12021453509295285,0.12021453509295285,0.12021453509295285,0.12021453509295285,0.12021453509295285,0.12021453509295285,0.12021453509295285,0.12021453509295285,0.12021453509295285,0.12021453509295285,0.12021453509295285,0.12021453509295285,0.12021453509295285,0.12021453509295285,0.12021453509295285,0.12021453509295285,0.12021453509295285,0.12021453509295285,0.12021453509295285,0.12021453509295285,0.12021453509295285,0.12021453509295285,0.12021453509295285,0.12021453509295285,0.12021453509295285,0.12021453509295285,0.12021453509295285,0.12021453509295285,0.12021453509295285,0.12021453509295285,0.12021453509295285,0.12021453509295285,0.12021453509295285,0.12021453509295285,0.12021453509295285,0.12021453509295285,0.12021453509295285,0.12021453509295285,0.12021453509295285,0.12021453509295285,0.12021453509295285,0.12021453509295285,0.12021453509295285,0.12021453509295285,0.12021453509295285,0.12021453509295285,0.12021453509295285,0.12021453509295285,0.12021453509295285,0.12021453509295285,0.12021453509295285,0.12021453509295285,0.12021453509295285,0.12021453509295285,0.12021453509295285,0.12021453509295285,0.12021453509295285,0.12021453509295285,0.12021453509295285,0.12021453509295285,0.12021453509295285,0.12021453509295285,0.12021453509295285,0.12021453509295285,0.12021453509295285,0.12021453509295285,0.12021453509295285,0.12021453509295285,0.12021453509295285,0.12021453509295285,0.12021453509295285,0.12021453509295285,0.12021453509295285,0.12021453509295285,0.12021453509295285,0.12021453509295285,0.12021453509295285,0.12021453509295285,0.12021453509295285,0.12021453509295285,0.12021453509295285,0.12021453509295285,0.12021453509295285,0.12021453509295285,0.12021453509295285,0.12021453509295285,0.12021453509295285,0.12021453509295285,0.12021453509295285,0.12021453509295285,0.12021453509295285,0.12021453509295285,0.12021453509295285,0.12021453509295285,0.12021453509295285,0.12021453509295285,0.12021453509295285,0.12021453509295285,0.12021453509295285,0.12021453509295285,0.12021453509295285,0.12021453509295285,0.12021453509295285,0.12021453509295285,0.12021453509295285,0.12021453509295285,0.12021453509295285,0.12021453509295285,0.12021453509295285,0.12021453509295285,0.12021453509295285,0.12021453509295285,0.12021453509295285,0.12021453509295285,0.12021453509295285,0.12021453509295285,0.12021453509295285,0.12021453509295285,0.12021453509295285,0.12021453509295285,0.12021453509295285,0.12021453509295285,0.12021453509295285,0.12021453509295285,0.12021453509295285,0.12021453509295285,0.12021453509295285,0.12021453509295285,0.12021453509295285,0.12021453509295285,0.12021453509295285,0.12021453509295285,0.12021453509295285,0.12021453509295285,0.12021453509295285,0.12021453509295285,0.12021453509295285,0.12021453509295285,0.12021453509295285,0.12021453509295285,0.12021453509295285,0.12021453509295285,0.12021453509295285,0.12021453509295285,0.12021453509295285,0.12021453509295285,0.12021453509295285,0.12021453509295285,0.12021453509295285,0.12021453509295285,0.12021453509295285,0.12021453509295285,0.12021453509295285,0.12021453509295285,0.12021453509295285,0.12021453509295285,0.12021453509295285,0.12021453509295285,0.12021453509295285,0.12021453509295285,0.12021453509295285,0.12021453509295285,0.12021453509295285,0.12021453509295285,0.12021453509295285,0.12021453509295285,0.12021453509295285,0.12021453509295285,0.12021453509295285,0.12021453509295285,0.12021453509295285,0.12021453509295285,0.12021453509295285,0.12021453509295285,0.12021453509295285,0.12021453509295285,0.12021453509295285,0.12021453509295285,0.12021453509295285,0.12021453509295285,0.12021453509295285,0.12021453509295285,0.12021453509295285,0.12021453509295285,0.12021453509295285,0.12021453509295285,0.12021453509295285,0.12021453509295285,0.12021453509295285,0.12021453509295285,0.12021453509295285,0.12021453509295285,0.12021453509295285,0.12021453509295285,0.12021453509295285,0.12021453509295285,0.12021453509295285,0.12021453509295285,0.12021453509295285,0.12021453509295285,0.12021453509295285,0.12021453509295285,0.12021453509295285,0.12021453509295285,0.12021453509295285,0.12021453509295285,0.12021453509295285,0.12021453509295285,0.12021453509295285,0.12021453509295285,0.12021453509295285,0.12021453509295285,0.12021453509295285,0.12021453509295285,0.12021453509295285,0.12021453509295285,0.12021453509295285,0.12021453509295285,0.12021453509295285,0.12021453509295285,0.12021453509295285,0.12021453509295285,0.12021453509295285,0.12021453509295285,0.12021453509295285,0.12021453509295285,0.12021453509295285,0.12021453509295285,0.12021453509295285,0.12021453509295285,0.12021453509295285,0.12021453509295285,0.12021453509295285,0.12021453509295285,0.12021453509295285,0.12021453509295285,0.12021453509295285,0.12021453509295285,0.12021453509295285,0.12021453509295285,0.12021453509295285,0.12021453509295285,0.12021453509295285,0.12021453509295285,0.12021453509295285,0.12021453509295285,0.12021453509295285,0.12021453509295285,0.12021453509295285,0.12021453509295285,0.12021453509295285,0.12021453509295285,0.12021453509295285,0.12021453509295285,0.12021453509295285,0.12021453509295285,0.12021453509295285,0.12021453509295285,0.12021453509295285,0.12021453509295285,0.12021453509295285,0.12021453509295285,0.12021453509295285,0.12021453509295285,0.12021453509295285,0.12021453509295285,0.12021453509295285,0.12021453509295285,0.12021453509295285,0.12021453509295285,0.12021453509295285,0.12021453509295285,0.12021453509295285,0.12021453509295285,0.12021453509295285,0.12021453509295285,0.12021453509295285,0.12021453509295285,0.12021453509295285,0.12021453509295285,0.12021453509295285,0.12021453509295285,0.12021453509295285,0.12021453509295285,0.12021453509295285,0.12021453509295285,0.12021453509295285,0.12021453509295285,0.12021453509295285,0.12021453509295285,0.12021453509295285,0.12021453509295285,0.12021453509295285,0.12021453509295285,0.12021453509295285,0.12021453509295285,0.12021453509295285,0.12021453509295285,0.12021453509295285,0.12021453509295285,0.12021453509295285,0.12021453509295285,0.12021453509295285,0.12021453509295285,0.12021453509295285,0.12021453509295285,0.12021453509295285,0.12021453509295285,0.12021453509295285,0.12021453509295285,0.12021453509295285,0.12021453509295285,0.12021453509295285,0.12021453509295285,0.12021453509295285,0.12021453509295285,0.12021453509295285,0.12021453509295285,0.12021453509295285,0.12021453509295285,0.12021453509295285,0.12021453509295285,0.12021453509295285,0.12021453509295285,0.12021453509295285,0.12021453509295285,0.12021453509295285,0.12021453509295285,0.12021453509295285,0.12021453509295285,0.12021453509295285,0.12021453509295285,0.12021453509295285,0.12021453509295285,0.12021453509295285,0.12021453509295285,0.12021453509295285,0.12021453509295285,0.12021453509295285,0.12021453509295285,0.12021453509295285,0.12021453509295285,0.12021453509295285,0.12021453509295285,0.12021453509295285,0.12021453509295285,0.12021453509295285,0.12021453509295285,0.12021453509295285,0.12021453509295285,0.12021453509295285,0.12021453509295285,0.12021453509295285,0.12021453509295285,0.12021453509295285,0.12021453509295285,0.12021453509295285,0.12021453509295285,0.12021453509295285,0.12021453509295285,0.12021453509295285,0.12021453509295285,0.12021453509295285,0.12021453509295285,0.12021453509295285,0.12021453509295285,0.12021453509295285,0.12021453509295285,0.12021453509295285,0.12021453509295285,0.12021453509295285,0.12021453509295285,0.12021453509295285,0.12021453509295285,0.12021453509295285,0.12021453509295285,0.12021453509295285,0.12021453509295285,0.12021453509295285,0.12021453509295285,0.12021453509295285,0.12021453509295285,0.12021453509295285,0.12021453509295285,0.12021453509295285,0.12021453509295285,0.12021453509295285,0.12021453509295285,0.12021453509295285,0.12021453509295285,0.12021453509295285,0.12021453509295285,0.12021453509295285,0.12021453509295285,0.12021453509295285,0.12021453509295285,0.12021453509295285,0.12021453509295285,0.12021453509295285,0.12021453509295285,0.12021453509295285,0.12021453509295285,0.12021453509295285,0.12021453509295285,0.12021453509295285,0.12021453509295285,0.12021453509295285,0.12021453509295285,0.12021453509295285,0.12021453509295285,0.12021453509295285,0.12021453509295285,0.12021453509295285,0.12021453509295285,0.12021453509295285,0.12021453509295285,0.12021453509295285,0.12021453509295285,0.12021453509295285,0.12021453509295285,0.12021453509295285,0.12021453509295285,0.12021453509295285,0.12021453509295285,0.12021453509295285,0.12021453509295285,0.12021453509295285,0.12021453509295285,0.12021453509295285,0.12021453509295285,0.12021453509295285,0.12021453509295285,0.12021453509295285,0.12021453509295285,0.12021453509295285,0.12021453509295285,0.12021453509295285,0.12021453509295285,0.12021453509295285,0.12021453509295285,0.12021453509295285,0.12021453509295285,0.12021453509295285,0.12021453509295285,0.12021453509295285,0.12021453509295285,0.12021453509295285,0.12021453509295285,0.12021453509295285,0.12021453509295285,0.12021453509295285,0.12021453509295285,0.12021453509295285,0.12021453509295285,0.12021453509295285,0.12021453509295285,0.12021453509295285,0.12021453509295285,0.12021453509295285,0.12021453509295285,0.12021453509295285,0.12021453509295285,0.12021453509295285,0.12021453509295285,0.12021453509295285,0.12021453509295285,0.12021453509295285,0.12021453509295285,0.12021453509295285,0.12021453509295285,0.12021453509295285,0.12021453509295285,0.12021453509295285,0.12021453509295285,0.12021453509295285,0.12021453509295285,0.12021453509295285,0.12021453509295285,0.12021453509295285,0.12021453509295285,0.12021453509295285,0.12021453509295285,0.12021453509295285,0.12021453509295285,0.12021453509295285,0.12021453509295285,0.12021453509295285,0.12021453509295285,0.12021453509295285,0.12021453509295285,0.12021453509295285,0.12021453509295285,0.12021453509295285,0.12021453509295285,0.12021453509295285,0.12021453509295285,0.12021453509295285,0.12021453509295285,0.12021453509295285,0.12021453509295285,0.12021453509295285,0.12021453509295285,0.12021453509295285,0.12021453509295285,0.12021453509295285,0.12021453509295285,0.12021453509295285,0.12021453509295285,0.12021453509295285,0.12021453509295285,0.12021453509295285,0.12021453509295285,0.12021453509295285,0.12021453509295285,0.12021453509295285,0.12021453509295285,0.12021453509295285,0.12021453509295285,0.12021453509295285,0.12021453509295285,0.12021453509295285,0.12021453509295285,0.12021453509295285,0.12021453509295285,0.12021453509295285,0.12021453509295285,0.12021453509295285,0.12021453509295285,0.12021453509295285,0.12021453509295285,0.12021453509295285,0.12021453509295285,0.12021453509295285,0.12021453509295285,0.12021453509295285,0.12021453509295285,0.12021453509295285,0.12021453509295285,0.12021453509295285,0.12021453509295285,0.12021453509295285,0.12021453509295285,0.12021453509295285,0.12021453509295285,0.12021453509295285,0.12021453509295285,0.12021453509295285,0.12021453509295285,0.12021453509295285,0.12021453509295285,0.12021453509295285,0.12021453509295285,0.12021453509295285,0.12021453509295285,0.12021453509295285,0.12021453509295285,0.12021453509295285,0.12021453509295285,0.12021453509295285,0.12021453509295285,0.12021453509295285,0.12021453509295285,0.12021453509295285,0.12021453509295285,0.12021453509295285,0.12021453509295285,0.12021453509295285,0.12021453509295285,0.12021453509295285,0.12021453509295285,0.12021453509295285,0.12021453509295285,0.12021453509295285,0.12021453509295285,0.12021453509295285,0.12021453509295285,0.12021453509295285,0.12021453509295285,0.12021453509295285,0.12021453509295285,0.12021453509295285,0.12021453509295285,0.12021453509295285,0.12021453509295285,0.12021453509295285,0.12021453509295285,0.12021453509295285,0.12021453509295285,0.12021453509295285,0.12021453509295285,0.12021453509295285,0.12021453509295285,0.12021453509295285,0.12021453509295285,0.12021453509295285,0.12021453509295285,0.12021453509295285,0.12021453509295285,0.12021453509295286,0.12021453509295289,0.12021453509295285,0.12021453509295288,0.12021453509295286,0.1202145350929529,0.12021453509295289,0.12021453509295288,0.1202145350929529,0.12021453509295284,0.12021453509295292,0.12021453509295289,0.1202145350929529,0.12021453509295292,0.12021453509295292,0.12021453509295289,0.12021453509295296,0.12021453509295295,0.12021453509295295,0.12021453509295298,0.12021453509295296,0.12021453509295296,0.12021453509295293,0.12021453509295293,0.12021453509295293,0.1202145350929529,0.1202145350929529,0.12021453509295293,0.12021453509295295,0.12021453509295293,0.12021453509295293,0.1202145350929529,0.1202145350929529,0.12021453509295293,0.12021453509295295,0.12021453509295292,0.12021453509295293,0.12021453509295293,0.12021453509295292,0.12021453509295292,0.12021453509295288,0.1202145350929529,0.12021453509295289,0.12021453509295286,0.12021453509295292,0.1202145350929529,0.12021453509295295,0.12021453509295295,0.12021453509295298,0.12021453509295293,0.12021453509295295,0.12021453509295295,0.12021453509295295,0.12021453509295292,0.12021453509295293,0.12021453509295295,0.12021453509295286,0.12021453509295286,0.12021453509295286,0.12021453509295286,0.12021453509295288,0.12021453509295285,0.12021453509295282,0.1202145350929528,0.12021453509295281,0.12021453509295274,0.12021453509295274,0.12021453509295274,0.12021453509295275,0.12021453509295274,0.12021453509295277,0.12021453509295275,0.12021453509295275,0.12021453509295275,0.12021453509295274,0.12021453509295275,0.12021453509295277,0.12021453509295275,0.12021453509295274,0.12021453509295278,0.12021453509295274,0.12021453509295274,0.12021453509295275,0.12021453509295277,0.12021453509295275,0.12021453509295274,0.12021453509295275,0.12021453509295275,0.12021453509295275,0.12021453509295273,0.1202145350929527,0.1202145350929527,0.12021453509295271,0.12021453509295274,0.12021453509295273,0.12021453509295274,0.12021453509295268,0.12021453509295268,0.1202145350929527,0.12021453509295273,0.12021453509295273,0.12021453509295271,0.12021453509295273,0.1202145350929528,0.12021453509295285,0.12021453509295284,0.12021453509295275,0.12021453509295277,0.12021453509295281,0.12021453509295278,0.12021453509295278,0.12021453509295277,0.12021453509295278,0.1202145350929528,0.12021453509295285,0.12021453509295285,0.12021453509295285,0.12021453509295282,0.12021453509295284,0.12021453509295281,0.12021453509295277,0.1202145350929528,0.12021453509295275,0.12021453509295277,0.12021453509295277,0.12021453509295281,0.12021453509295281,0.12021453509295282,0.12021453509295278,0.1202145350929528,0.12021453509295277,0.12021453509295284,0.12021453509295284,0.1202145350929528,0.12021453509295284,0.12021453509295285,0.12021453509295282,0.12021453509295282,0.12021453509295282,0.12021453509295282,0.12021453509295284,0.12021453509295284,0.12021453509295285,0.12021453509295282,0.12021453509295284,0.12021453509295282,0.12021453509295285,0.12021453509295286,0.12021453509295284,0.12021453509295284,0.12021453509295284,0.12021453509295282,0.12021453509295289,0.12021453509295293,0.12021453509295292,0.12021453509295295,0.12021453509295292,0.12021453509295292,0.1202145350929529,0.12021453509295295,0.12021453509295293,0.12021453509295286,0.12021453509295286,0.12021453509295288,0.12021453509295293,0.1202145350929529,0.12021453509295293,0.12021453509295292,0.12021453509295293,0.12021453509295295,0.12021453509295292,0.12021453509295295,0.12021453509295292,0.12021453509295293,0.12021453509295293,0.12021453509295296,0.12021453509295305,0.12021453509295302,0.12021453509295303,0.12021453509295302,0.12021453509295305,0.12021453509295298,0.12021453509295299,0.120214535092953,0.12021453509295295,0.12021453509295296,0.12021453509295293,0.12021453509295295,0.120214535092953,0.12021453509295296,0.12021453509295295,0.120214535092953,0.120214535092953,0.120214535092953,0.12021453509295299,0.12021453509295305,0.12021453509295303,0.12021453509295303,0.120214535092953,0.12021453509295302,0.12021453509295293,0.12021453509295293,0.12021453509295292,0.12021453509295295,0.12021453509295295,0.12021453509295295,0.12021453509295298,0.12021453509295292,0.120214535092953,0.120214535092953,0.12021453509295298,0.12021453509295302,0.12021453509295299,0.12021453509295302,0.12021453509295298,0.12021453509295293,0.12021453509295292,0.12021453509295289,0.12021453509295293,0.12021453509295296,0.12021453509295295,0.12021453509295299,0.120214535092953,0.120214535092953,0.12021453509295299,0.12021453509295302,0.12021453509295299,0.12021453509295302,0.12021453509295296,0.12021453509295298,0.12021453509295298,0.12021453509295302,0.12021453509295302,0.12021453509295302,0.12021453509295302,0.12021453509295302,0.12021453509295302,0.120214535092953,0.12021453509295299,0.12021453509295302,0.12021453509295299,0.12021453509295299,0.12021453509295298,0.12021453509295302,0.12021453509295296,0.12021453509295307,0.12021453509295307,0.12021453509295305,0.12021453509295305,0.12021453509295309,0.12021453509295313,0.1202145350929531,0.1202145350929531,0.1202145350929531,0.12021453509295313,0.12021453509295311,0.1202145350929531,0.12021453509295306,0.12021453509295306,0.12021453509295305,0.12021453509295305,0.12021453509295305,0.12021453509295303,0.12021453509295303,0.120214535092953,0.12021453509295302,0.12021453509295306,0.12021453509295307,0.12021453509295305,0.12021453509295313,0.12021453509295311,0.12021453509295313,0.12021453509295309,0.12021453509295309,0.12021453509295302,0.12021453509295305,0.12021453509295303,0.12021453509295303,0.12021453509295303,0.12021453509295303,0.12021453509295303,0.12021453509295306,0.12021453509295309,0.12021453509295307,0.1202145350929531,0.12021453509295311,0.12021453509295324,0.12021453509295324,0.12021453509295323,0.12021453509295324,0.12021453509295323,0.12021453509295318,0.12021453509295318,0.12021453509295311,0.12021453509295323,0.12021453509295317,0.12021453509295314,0.12021453509295318,0.12021453509295306,0.12021453509295305,0.12021453509295307,0.1202145350929531,0.12021453509295311,0.1202145350929531,0.12021453509295309,0.12021453509295313,0.12021453509295313,0.12021453509295313,0.1202145350929531,0.12021453509295303,0.12021453509295303,0.12021453509295302,0.12021453509295307,0.12021453509295311,0.1202145350929531,0.12021453509295317,0.12021453509295313,0.12021453509295305,0.12021453509295306,0.12021453509295309,0.12021453509295307,0.12021453509295309,0.12021453509295307,0.12021453509295313,0.12021453509295306,0.12021453509295303,0.12021453509295303,0.12021453509295306,0.12021453509295313,0.12021453509295313,0.12021453509295311,0.12021453509295309,0.12021453509295311,0.12021453509295313,0.12021453509295309,0.12021453509295325,0.12021453509295327,0.1202145350929532,0.12021453509295321,0.12021453509295323,0.12021453509295323,0.12021453509295323,0.12021453509295323,0.1202145350929532,0.12021453509295316,0.12021453509295316,0.1202145350929531,0.12021453509295311,0.12021453509295311,0.12021453509295314,0.12021453509295317,0.12021453509295313,0.12021453509295311,0.1202145350929532,0.12021453509295316,0.12021453509295311,0.12021453509295328,0.12021453509295321,0.12021453509295318,0.12021453509295323,0.12021453509295323,0.12021453509295321,0.1202145350929532,0.12021453509295321,0.12021453509295317,0.1202145350929532,0.12021453509295323,0.12021453509295321,0.12021453509295321,0.12021453509295323,0.12021453509295317,0.12021453509295321,0.12021453509295321,0.12021453509295323,0.1202145350929533,0.12021453509295328,0.12021453509295349,0.12021453509295349,0.1202145350929535,0.1202145350929535,0.12021453509295353,0.12021453509295352,0.12021453509295353,0.12021453509295353,0.12021453509295349,0.1202145350929538,0.12021453509295386,0.12021453509295385,0.12021453509295385,0.12021453509295386,0.12021453509295385,0.12021453509295386,0.12021453509295378,0.12021453509295388,0.12021453509295386,0.12021453509295395,0.1202145350929539,0.120214535092954,0.12021453509295407,0.1202145350929543,0.1202145350929543,0.12021453509295434,0.12021453509295431,0.12021453509295424,0.12021453509295427,0.12021453509295428,0.12021453509295425,0.12021453509295427,0.12021453509295427,0.12021453509295425,0.12021453509295416,0.12021453509295403,0.12021453509295414,0.12021453509295424,0.1202145350929542,0.12021453509295417,0.12021453509295417,0.12021453509295421,0.12021453509295428,0.12021453509295431,0.12021453509295434,0.12021453509295435,0.1202145350929543,0.12021453509295438,0.12021453509295439,0.12021453509295425,0.12021453509295424,0.12021453509295431,0.12021453509295424,0.12021453509295425,0.12021453509295425,0.12021453509295425,0.12021453509295427,0.12021453509295428,0.12021453509295427,0.12021453509295434,0.1202145350929543,0.12021453509295425,0.12021453509295424,0.12021453509295418,0.12021453509295417,0.12021453509295416,0.12021453509295386,0.12021453509295403,0.12021453509295428,0.12021453509295428,0.12021453509295423,0.12021453509295431,0.1202145350929541,0.12021453509295413,0.1202145350929539,0.1202145350929538,0.12021453509295382,0.12021453509295377,0.12021453509295375,0.12021453509295377,0.12021453509295381,0.12021453509295393,0.1202145350929539,0.12021453509295388,0.12021453509295377,0.1202145350929539,0.12021453509295385,0.12021453509295392,0.12021453509295393,0.12021453509295389,0.12021453509295389,0.12021453509295388,0.12021453509295392,0.12021453509295382,0.1202145350929538,0.1202145350929538,0.12021453509295382,0.12021453509295382,0.12021453509295396,0.12021453509295396,0.12021453509295395,0.12021453509295392,0.12021453509295396,0.12021453509295398,0.12021453509295409,0.12021453509295398,0.120214535092954,0.120214535092954,0.12021453509295396,0.12021453509295392,0.12021453509295378,0.12021453509295375,0.12021453509295377,0.12021453509295378,0.12021453509295389,0.12021453509295393,0.12021453509295396,0.12021453509295374,0.12021453509295384,0.12021453509295385,0.12021453509295389,0.12021453509295386,0.12021453509295388,0.12021453509295377,0.12021453509295371,0.1202145350929538,0.12021453509295377,0.12021453509295378,0.12021453509295377,0.12021453509295378,0.12021453509295384,0.12021453509295378,0.1202145350929538,0.1202145350929542,0.12021453509295414,0.12021453509295416,0.12021453509295414,0.12021453509295417,0.1202145350929542,0.12021453509295459,0.12021453509295471,0.12021453509295453,0.1202145350929549,0.12021453509295484,0.12021453509295493,0.12021453509295486,0.12021453509295486,0.12021453509295486,0.120214535092955,0.12021453509295496,0.1202145350929549,0.12021453509295514,0.12021453509295513,0.1202145350929551,0.12021453509295517,0.12021453509295507,0.1202145350929551,0.12021453509295522,0.12021453509295522,0.12021453509295527,0.12021453509295527,0.12021453509295528,0.12021453509295528,0.12021453509295528,0.12021453509295528,0.12021453509295528,0.12021453509295532,0.12021453509295521,0.12021453509295518,0.12021453509295536,0.12021453509295538,0.12021453509295545,0.12021453509295539,0.12021453509295536,0.12021453509295484,0.12021453509295464,0.12021453509295435,0.1202145350929554,0.1202145350929548,0.12021453509295461,0.1202145350929547,0.12021453509295464,0.1202145350929551,0.12021453509295507,0.12021453509295557,0.12021453509295561,0.12021453509295614,0.12021453509295661,0.12021453509295661,0.12021453509295692,0.12021453509295689,0.12021453509295783,0.12021453509295778,0.12021453509295787,0.12021453509295789,0.12021453509295792,0.120214535092958,0.12021453509295811,0.12021453509295808,0.12021453509295885,0.12021453509295887,0.12021453509295882,0.12021453509295864,0.12021453509295854,0.12021453509295857,0.12021453509295812,0.120214535092958,0.12021453509295801,0.12021453509295801,0.12021453509295725,0.12021453509295707,0.12021453509295697,0.12021453509295583,0.12021453509295578,0.12021453509295556,0.12021453509295538,0.12021453509295525,0.12021453509295542,0.12021453509295542,0.12021453509295549,0.12021453509295553,0.1202145350929556,0.12021453509295606,0.12021453509295602,0.12021453509295603,0.12021453509295599,0.12021453509295603,0.12021453509295607,0.1202145350929561,0.12021453509295617,0.12021453509295629,0.12021453509295656,0.12021453509295657,0.12021453509295547,0.12021453509295552,0.1202145350929551,0.12021453509295509,0.12021453509295461,0.12021453509295472,0.1202145350929547,0.12021453509295471,0.12021453509295511,0.12021453509295504,0.12021453509295608,0.12021453509295602,0.12021453509295615,0.12021453509295581,0.12021453509295575,0.12021453509295575,0.12021453509295582,0.12021453509295604,0.12021453509295582,0.12021453509295608,0.1202145350929562,0.12021453509295717,0.12021324353586166,0.12021324353586449,0.12021324353586449,0.12021324353586452,0.12021324353586431,0.12021324353586442,0.1202132435358643,0.12021324353586435,0.1202132435358653,0.1202132435358654,0.12021324353586538,0.12021324353586547,0.12021324353586535,0.12021324353586516,0.12021324353586489,0.12021324353586547,0.12021324353586726,0.12021115798239926,0.12021115798239934,0.12021115798240012,0.12021115798240042,0.12021115798240409,0.12021115798240385,0.12021115798240381,0.12021115798240384,0.12021115798240374,0.12021115798240387,0.12021115798240246,0.12021115798240255,0.12021115798240585,0.12021115798240949,0.12021115798245204,0.12021115798245202,0.12021115798245981,0.12021115798246342,0.12021115798246104,0.12019064022010496,0.1201906402201042,0.1201906402200514,0.12019064022003789,0.12019064022003731,0.12019064022003229,0.12019064022003241,0.12019064022003317,0.1201906402200384,0.12019064022003641,0.12019064022003725,0.12019064022003755,0.12019064022003562,0.1201906402200361,0.12019064022003703,0.12019064022003749,0.12019064022003743,0.12019064022003752,0.12019052119999296,0.12019052119999217,0.12019052119999307,0.12019052119999155,0.12019052119999404,0.12019052119999325,0.12019052119999549,0.1201905211999861,0.12019052119998608,0.12019052119998239,0.12019052119997616,0.12019052119997617,0.1201905211999845,0.12019052119998727,0.12019052120001705,0.12019052120006543,0.12019052120006468,0.12019052120005605,0.12019052120005547,0.12019052120009091,0.12019052120014959,0.12019052120014477,0.12019052120014763,0.12019052120014764,0.12019052120017072,0.12019052120018484,0.12019052120018658,0.12019052120013714,0.12019052120011603,0.12019052120011497,0.1201905212001054,0.12019052120011414,0.12019052120009285,0.12019052119998502,0.12019065167017458,0.12019065167017055,0.1201906516701665,0.12019065167016765,0.12019065167022923,0.12019065167025267,0.1201906516702331,0.12019065167023671,0.12019065167022651,0.12019065167032729,0.1201906516703211,0.12019065167031655,0.12019065167031806,0.12019065167037489,0.1201906516703749,0.12019065167036454,0.12019065167037457,0.1201906516703514,0.12019065167035106,0.1201906516703806,0.12019065167037524,0.12019065167037518,0.12019065167037571,0.12019065167034562,0.12019065167034562,0.12019065167034472,0.12019065167034468,0.12019065167033674,0.12019065167033671,0.12019065167035016,0.12019065167034872,0.12019065167034876,0.12019065167039163,0.12019065167039165,0.12019065167039773,0.12019065167038807,0.12019065167036182,0.12019065167036172,0.12019065167033469,0.12019065167033312,0.12019065167034249,0.12019065167033942,0.1201906516703473,0.12019065167034744,0.12019065167035423,0.12019065167035779,0.12019065167035745,0.12019065167035772,0.12019065167035706,0.12019065167035259,0.12019065167035418,0.12019065167035209,0.120190651670351,0.1201906516703501,0.12019065167035095,0.12019065167033993,0.12019065167033831,0.12019065167033754,0.12019065167033803,0.12019065167033802,0.12019065167033556,0.12019065167033101,0.12019065167032889,0.12019065167033102,0.12019065167033008,0.12019065167033038,0.12019065167032997,0.12019065167032558,0.12019065167033398,0.12019065167033247,0.12019065167030869,0.12019065167030794,0.12019065167031392,0.12019065167031105,0.12019065167031319,0.12019065167031322,0.12019065167031136,0.12019065167030775,0.12019065167030647,0.12019204702347162,0.1201920470234726,0.12019204702347303,0.12019204702347672,0.12019204702347686,0.1201920470234752,0.12019204702347523,0.12019204702347457,0.12019204702347397,0.120192047023474,0.12019204702347393,0.1201920470234742,0.12019204702347426,0.12019204702347433,0.12019204702347558,0.12019204702347544,0.1201920470234849,0.12019204702348824,0.12019204702349744,0.12019204702349777,0.12019204702350499,0.12019204702350361,0.1201920470235021,0.12019204702350456,0.12019204702350585,0.12019204702350565,0.12019204702350543,0.12019204702350283,0.12019204702350288,0.1201920470235049,0.12019204702350547,0.12019204702350778,0.12019204702350592,0.12019204702351069,0.12019204702351317,0.12019204702352014,0.12019204702351916,0.12019204702352118,0.12019204702353312,0.12019204702353584,0.12019204702353542,0.1201920470235353,0.12019204702353538,0.12019204702353503,0.12019204702352869,0.12019204702352897,0.12019204702352912,0.12019204702352909,0.12019204702352963,0.12019204702352802,0.1201920470235281,0.1201920470235281,0.12019204702352813,0.1201920470235279,0.1201920470235279,0.1201920470235276,0.12019204702352604,0.12019204702352614,0.12019204702352615,0.12019204702352626,0.12019204702352498,0.120192047023525,0.12019204702352498,0.120192047023525,0.12019204702352497,0.12019204702352498,0.12019204702352383,0.12019204702352417,0.1201920470235243,0.12019204702352432,0.12019204702352428,0.12019204702352444,0.12019204702352425,0.12019204702352407,0.12019204702352378,0.12019204702352373,0.1201920470235234,0.12019204702352349,0.12019204702352261,0.12019204702352411,0.12019204702352412,0.12019204702352546,0.12019204702352462,0.12019204702352465,0.12019204702352496,0.12019204702352491,0.12019204702352512,0.12019204702352448,0.12019204702352311,0.12019204702352296,0.1201920470235221,0.12019204702352226,0.12019204702352212,0.12019204702352211,0.12019204702352211,0.12019204702352211,0.120192047023522,0.12019204702352194,0.12019204702352047,0.12019204702352154,0.12019204702352194,0.12019204702352011,0.12019204702351936,0.12019204702351853,0.12019204702351931,0.12019204702351934,0.1201920470235202,0.12019204702352014,0.12019204702352004,0.12019204702352315,0.12019204702352139,0.12019204702352135,0.12019204702352133,0.1201920470235213,0.12019204702352128,0.12019204702352124,0.12019204702352088,0.12019204702352056,0.1201920470235203,0.12019204702351982,0.12019204702351868,0.12019204702351757,0.12019204702351764,0.12019204702351782,0.12019204702351775,0.12019204702351777,0.12019204702351746,0.12019204702351755,0.12019204702351755,0.12019204702351771,0.12019204702351771,0.12019204702351792,0.12019204702351796,0.1201920470235179,0.12019204702351796,0.12019204702351789,0.12019204702351786,0.1201920470235178,0.12019204702351786,0.12019204702351789,0.12019204702351803,0.12019204702351803,0.12019204702351831,0.12019204702351832,0.1201920470235184,0.12019204702351871,0.12019204702351897,0.12019204702351861,0.1201920470235186,0.12019204702351936,0.12019204702351928,0.12019204702351928,0.1201920470235192,0.12019204702351916,0.12019204702351906,0.1201920470235191,0.12019204702351911,0.12019204702351914,0.12019204702351911,0.12019204702351917,0.12019204702351907,0.12019204702351904,0.12019204702351909,0.12019204702351907,0.12019204702351902,0.12019204702351906,0.12019204702351909,0.12019204702351907,0.12019204702351907,0.12019204702351911,0.1201920470235191,0.1201920470235191,0.12019204702351907,0.12019204702351907,0.12019204702351906,0.12019204702351911,0.12019204702351916,0.12019204702351916,0.12019204702351928,0.1201920470235191,0.12019204702351906,0.12019204702351906,0.12019204702351903,0.12019204702351909,0.12019204702351907,0.12019204702351935,0.1201920470235193,0.12019204702351927,0.12019204702351925,0.12019204702351927,0.12019204702351927,0.1201920470235192,0.12019204702351928,0.12019204702351928,0.1201920470235192,0.12019204702351902,0.12019204702351909,0.12019204702351909,0.12019204702351914,0.12019204702351913,0.12019204702351913,0.12019204702351913,0.12019204702351916,0.12019204702351911,0.12019204702351911,0.12019204702351911,0.12019204702351914,0.12019204702351916,0.12019204702351914,0.12019204702351917,0.12019204702351907,0.12019204702351917,0.1201920470235191,0.12019204702351916,0.12019204702351913,0.12019204702351913,0.1201920470235191,0.12019204702351911,0.12019204702351914,0.12019204702351914,0.12019204702351911,0.12019204702351913,0.12019204702351914,0.12019204702351913,0.1201920470235191,0.12019204702351913,0.12019204702351911,0.12019204702351913,0.12019204702351911,0.12019204702351911,0.12019204702351916,0.12019204702351914,0.12019204702351911,0.12019204702351909,0.12019204702351911,0.12019204702351914,0.12019204702351911,0.1201920470235191,0.12019204702351914,0.12019204702351916,0.1201920470235191,0.12019204702351909,0.12019204702351914,0.12019204702351909,0.1201920470235191,0.1201920470235191,0.12019204702351907,0.12019204702351916,0.12019204702351914,0.12019204702351913,0.12019204702351913,0.12019204702351909,0.12019204702351909,0.12019204702351916,0.12019204702351911,0.12019204702351911,0.12019204702351913,0.12019204702351897,0.12019204702351907,0.1201920470235191,0.12019204702351907,0.12019204702351907,0.12019204702351907,0.12019204702351907,0.12019204702351909,0.12019204702351914,0.12019204702351916,0.12019204702351916,0.12019204702351917,0.12019204702351917,0.12019204702351914,0.12019204702351914,0.12019204702351913,0.12019204702351914,0.12019204702351916,0.12019204702351913,0.12019204702351916,0.12019204702351914,0.12019204702351916,0.12019204702351918,0.12019204702351906,0.12019204702351911,0.12019204702351911,0.12019204702351917,0.12019204702351916,0.12019204702351918,0.1201920470235191,0.1201920470235191,0.12019204702351911,0.12019204702351909,0.12019204702351911,0.12019204702351911,0.12019204702351913,0.12019204702351913,0.12019204702351911,0.12019204702351909,0.1201920470235191,0.12019204702351909,0.1201920470235191,0.12019204702351913,0.1201920470235191,0.12019204702351913,0.12019204702351914,0.12019204702351913,0.12019204702351914,0.12019204702351913,0.12019204702351913,0.12019204702351916,0.12019204702351907,0.12019204702351914,0.12019204702351913,0.12019204702351913,0.12019204702351913,0.1201920470235191,0.12019204702351914,0.12019204702351913,0.12019204702351911,0.12019204702351913,0.12019204702351911,0.12019204702351914,0.12019204702351913,0.12019204702351913,0.12019204702351916,0.12019204702351911,0.12019204702351913,0.12019204702351914,0.12019204702351914,0.12019204702351914,0.12019204702351913,0.12019204702351916,0.12019204702351914,0.1201920470235191,0.12019204702351911,0.12019204702351911,0.12019204702351911,0.12019204702351918,0.12019204702351918,0.12019204702351913,0.12019204702351914,0.12019204702351914,0.12019204702351916,0.12019204702351913,0.12019204702351914,0.12019204702351916,0.12019204702351917,0.12019204702351913,0.12019204702351916,0.12019204702351916,0.12019204702351914,0.12019204702351916,0.12019204702351913,0.12019204702351916,0.12019204702351911,0.1201920470235191,0.12019204702351914,0.12019204702351913,0.12019204702351913,0.12019204702351914,0.12019204702351917,0.12019204702351914,0.12019204702351914,0.12019204702351914,0.12019204702351916,0.12019204702351911,0.12019204702351914,0.12019204702351911,0.12019204702351914,0.12019204702351918,0.12019204702351913,0.12019204702351916,0.12019204702351914,0.12019204702351921,0.12019204702351918,0.1201920470235192,0.12019204702351918,0.12019204702351917,0.12019204702351918,0.12019204702351917,0.12019204702351922,0.1201920470235192,0.12019204702351917,0.12019204702351918,0.1201920470235192,0.12019204702351916,0.12019204702351917,0.12019204702351917,0.12019204702351921,0.12019204702351918,0.12019204702351917,0.12019204702351918,0.12019204702351914,0.12019204702351917,0.12019204702351916,0.12019204702351921,0.12019204702351916,0.12019204702351916,0.12019204702351918,0.12019204702351918,0.12019204702351917,0.12019204702351917,0.1201920470235192,0.12019204702351917,0.1201920470235192,0.1201920470235192,0.12019204702351918,0.1201920470235192,0.1201920470235192,0.1201920470235192,0.1201920470235192,0.12019204702351917,0.12019204702351917,0.12019204702351917,0.1201920470235192,0.1201920470235192,0.12019204702351921,0.12019204702351913,0.12019204702351914,0.12019204702351914,0.12019204702351916,0.12019204702351916,0.12019204702351917,0.12019204702351913,0.1201920470235192,0.12019204702351916,0.12019204702351917,0.12019204702351917,0.12019204702351917,0.12019204702351917,0.1201920470235192,0.12019204702351917,0.12019204702351918,0.12019204702351921,0.12019204702351917,0.1201920470235192,0.12019204702351916,0.12019204702351918,0.1201920470235192,0.12019204702351914,0.12019204702351918,0.12019204702351918,0.1201920470235192,0.12019204702351918,0.12019204702351918,0.1201920470235192,0.12019204702351924,0.12019204702351916,0.12019204702351918,0.12019204702351916,0.12019204702351916,0.1201920470235192,0.12019204702351917,0.12019204702351916,0.12019204702351918,0.12019204702351918,0.12019204702351921,0.12019204702351918,0.12019204702351917,0.12019204702351917,0.12019204702351916,0.12019204702351917,0.12019204702351918,0.12019204702351916,0.12019204702351918,0.12019204702351918,0.12019204702351922,0.12019204702351918,0.12019204702351917,0.12019204702351916,0.1201920470235192,0.12019204702351921,0.12019204702351917,0.12019204702351917,0.12019204702351918,0.12019204702351916,0.12019204702351917,0.1201920470235192,0.12019204702351918,0.12019204702351916,0.12019204702351918,0.12019204702351918,0.12019204702351921,0.12019204702351917,0.12019204702351917,0.1201920470235192,0.12019204702351911,0.12019204702351931,0.12019204702351917,0.12019204702351916,0.12019204702351917,0.12019204702351918,0.12019204702351918,0.12019204702351922,0.12019204702351918,0.12019204702351916,0.1201920470235192,0.12019204702351918,0.12019204702351921,0.1201920470235192,0.12019204702351916,0.12019204702351917,0.12019204702351917,0.12019204702351917,0.12019204702351924,0.12019204702351917,0.12019204702351917,0.12019204702351917,0.12019204702351918,0.12019204702351917,0.12019204702351916,0.12019204702351916,0.1201920470235192,0.12019204702351914,0.12019204702351918,0.12019204702351916,0.12019204702351917,0.12019204702351916,0.12019204702351917,0.12019204702351917,0.1201920470235192,0.12019204702351917,0.12019204702351918,0.1201920470235192,0.1201920470235192,0.12019204702351918,0.1201920470235192,0.12019204702351918,0.12019204702351918,0.1201920470235192,0.12019204702351918,0.12019204702351917,0.12019204702351918,0.1201920470235192,0.1201920470235192,0.12019204702351916,0.12019204702351922,0.12019204702351916,0.12019204702351924,0.12019204702351924,0.12019204702351924,0.12019204702351924,0.1201920470235192,0.12019204702351922,0.12019204702351921,0.12019204702351925,0.12019204702351924,0.12019204702351927,0.12019204702351918,0.12019204702351928,0.12019204702351924,0.12019204702351925,0.12019204702351921,0.12019204702351924,0.12019204702351925,0.12019204702351927,0.12019204702351922,0.12019204702351922,0.12019204702351927,0.1201920470235192,0.12019204702351921,0.12019204702351924,0.12019204702351921,0.12019204702351921,0.12019204702351922,0.12019204702351924,0.12019204702351925,0.12019204702351922,0.12019204702351917,0.12019204702351917,0.1201920470235192,0.12019204702351922,0.12019204702351921,0.12019204702351917,0.12019204702351924,0.12019204702351921,0.12019204702351922,0.12019204702351921,0.12019204702351922,0.12019204702351918,0.12019204702351927,0.12019204702351917,0.12019204702351918,0.12019204702351916,0.12019204702351918,0.1201920470235192,0.12019204702351918,0.12019204702351918,0.1201920470235192,0.12019204702351918,0.12019204702351922,0.12019204702351922,0.12019204702351918,0.12019204702351918,0.12019204702351922,0.1201920470235192,0.12019204702351924,0.12019204702351918,0.12019204702351927,0.12019204702351921,0.12019204702351924,0.12019204702351924,0.12019204702351922,0.12019204702351922,0.12019204702351922,0.12019204702351925,0.12019204702351925,0.12019204702351922,0.12019204702351925,0.12019204702351925,0.12019204702351925,0.12019204702351922,0.12019204702351928,0.12019204702351921,0.12019204702351922,0.12019204702351927,0.12019204702351922,0.12019204702351924,0.12019204702351925,0.1201920470235192,0.1201920470235192,0.12019204702351927,0.12019204702351918,0.12019204702351921,0.12019204702351921,0.12019204702351916,0.12019204702351925,0.1201920470235191,0.12019204702351916,0.12019204702351916,0.12019204702351918,0.12019204702351917,0.12019204702351917,0.12019204702351918,0.12019204702351914,0.12019204702351916,0.12019204702351922,0.1201920470235192,0.12019204702351917,0.12019204702351916,0.12019204702351918,0.12019204702351918,0.12019204702351914,0.12019204702351917,0.1201920470235192,0.12019204702351916,0.12019204702351916,0.12019204702351916,0.12019204702351918,0.12019204702351918,0.12019204702351934,0.12019204702351921,0.12019204702351918,0.12019204702351922,0.12019204702351927,0.12019204702351927,0.12019204702351921,0.1201920470235186,0.12019204702351909,0.12019204702351909,0.12019204702351911,0.12019204702351913,0.12019204702351909,0.12019204702351911,0.12019204702351913,0.12019204702351909,0.12019204702351907,0.12019204702351909,0.12019204702351911,0.12019204702351906,0.12019204702351907,0.12019204702351907,0.12019204702351914,0.12019204702351909,0.12019204702351907,0.12019204702351906,0.12019204702351909,0.12019204702351907,0.12019204702351907,0.12019204702351913,0.12019204702351907,0.12019204702351911,0.1201920470235191,0.12019204702351909,0.12019204702351911,0.1201920470235191,0.12019204702351911,0.12019204702351913,0.12019204702351909,0.12019204702351907,0.12019204702351911,0.12019204702351913,0.1201920470235191,0.12019204702351909,0.1201920470235191,0.1201920470235191,0.12019204702351907,0.12019204702351909,0.1201920470235191,0.12019204702351907,0.12019204702351907,0.12019204702351909,0.1201920470235191,0.12019204702351911,0.12019204702351911,0.12019204702351913,0.1201920470235191,0.12019204702351909,0.12019204702351907,0.12019204702351909,0.12019204702351913,0.12019204702351909,0.12019204702351906,0.12019204702351913,0.1201920470235191,0.12019204702351913,0.12019204702351909,0.12019204702351907,0.12019204702351909,0.12019204702351914,0.12019204702351911,0.12019204702351909,0.12019204702351914,0.12019204702351911,0.12019204702351911,0.12019204702351911,0.12019204702351913,0.12019204702351911,0.12019204702351916,0.12019204702351913,0.1201920470235191,0.12019204702351916,0.12019204702351913,0.12019204702351913,0.12019204702351911,0.12019204702351916,0.12019204702351917,0.12019204702351909,0.12019204702351916,0.12019204702351911,0.12019204702351913,0.12019204702351911,0.12019204702351911,0.12019204702351914,0.1201920470235191,0.12019204702351914,0.12019204702351911,0.12019204702351913,0.12019204702351916,0.12019204702351913,0.12019204702351911,0.12019204702351913,0.12019204702351913,0.12019204702351911,0.12019204702351914,0.12019204702351913,0.12019204702351913,0.12019204702351911,0.12019204702351916,0.12019204702351906,0.12019204702351913,0.12019204702351914,0.12019204702351914,0.12019204702351914,0.12019204702351916,0.12019204702351914,0.12019204702351914,0.1201920470235191,0.12019204702351913,0.12019204702351906,0.1201920470235191,0.12019204702351907,0.12019204702351913,0.12019204702351914,0.12019204702351916,0.12019204702351911,0.12019204702351913,0.12019204702351911,0.12019204702351913,0.12019204702351913,0.12019204702351913,0.12019204702351911,0.12019204702351909,0.12019204702351904,0.1201920470235191,0.12019204702351913,0.1201920470235191,0.1201920470235191,0.12019204702351913,0.12019204702351911,0.12019204702351907,0.12019204702351917,0.12019204702351913,0.12019204702351916,0.12019204702351914,0.12019204702351911,0.12019204702351913,0.12019204702351911,0.12019204702351911,0.12019204702351911,0.12019204702351914,0.12019204702351913,0.12019204702351906,0.12019204702351917,0.1201920470235191,0.12019204702351911,0.12019204702351914,0.12019204702351914,0.12019204702351913,0.12019204702351909,0.12019204702351914,0.12019204702351913,0.12019204702351913,0.12019204702351916,0.12019204702351914,0.12019204702351911,0.12019204702351916,0.12019204702351913,0.12019204702351913,0.12019204702351909,0.12019204702351914,0.12019204702351914,0.12019204702351913,0.12019204702351913,0.12019204702351911,0.1201920470235191,0.12019204702351922,0.12019204702351916,0.12019204702351917,0.12019204702351913,0.12019204702351914,0.12019204702351916,0.12019204702351917,0.12019204702351914,0.12019204702351911,0.12019204702351913,0.12019204702351917,0.12019204702351911,0.12019204702351916,0.12019204702351913,0.12019204702351916,0.12019204702351917,0.12019204702351917,0.12019204702351914,0.12019204702351914,0.12019204702351916,0.12019204702351916,0.12019204702351916,0.12019204702351914,0.12019204702351916,0.12019204702351916,0.12019204702351914,0.1201920470235192,0.12019204702351917,0.12019204702351917,0.12019204702351918,0.12019204702351917,0.12019204702351918,0.12019204702351916,0.12019204702351917,0.12019204702351916,0.12019204702351917,0.12019204702351917,0.12019204702351917,0.12019204702351917,0.12019204702351916,0.12019204702351918,0.12019204702351914,0.12019204702351916,0.12019204702351916,0.12019204702351911,0.12019204702351914,0.12019204702351916,0.12019204702351916,0.12019204702351913,0.12019204702351917,0.12019204702351917,0.12019204702351913,0.12019204702351914,0.12019204702351916,0.12019204702351917,0.12019204702351916,0.12019204702351917,0.1201920470235191,0.12019204702351911,0.12019204702351914,0.12019204702351918,0.12019204702351914,0.12019204702351916,0.12019204702351917,0.12019204702351916,0.12019204702351916,0.12019204702351914,0.12019204702351916,0.12019204702351916,0.12019204702351914,0.1201920470235192,0.12019204702351918,0.12019204702351917,0.12019204702351916,0.12019204702351917,0.12019204702351913,0.12019204702351918,0.12019204702351917,0.12019204702351917,0.12019204702351914,0.12019204702351916,0.12019204702351917,0.12019204702351916,0.12019204702351917,0.12019204702351918,0.12019204702351916,0.12019204702351917,0.12019204702351917,0.12019204702351916,0.12019204702351916,0.12019204702351916,0.12019204702351916,0.12019204702351917,0.12019204702351914,0.12019204702351918,0.12019204702351916,0.12019204702351918,0.12019204702351917,0.12019204702351918,0.12019204702351918,0.12019204702351914,0.12019204702351914,0.12019204702351918,0.12019204702351917,0.12019204702351916,0.12019204702351918,0.12019204702351918,0.12019204702351917,0.12019204702351917,0.12019204702351914,0.12019204702351914,0.12019204702351918,0.12019204702351917,0.12019204702351918,0.12019204702351917,0.12019204702351911,0.12019204702351917,0.12019204702351917,0.12019204702351917,0.12019204702351916,0.12019204702351917,0.12019204702351917,0.12019204702351913,0.12019204702351917,0.12019204702351917,0.12019204702351916,0.12019204702351913,0.12019204702351917,0.12019204702351916,0.1201920470235191,0.12019204702351914,0.12019204702351913,0.12019204702351914,0.12019204702351916,0.12019204702351916,0.12019204702351913,0.12019204702351914,0.12019204702351913,0.12019204702351913,0.12019204702351916,0.12019204702351917,0.12019204702351913,0.12019204702351914,0.12019204702351918,0.12019204702351916,0.12019204702351916,0.12019204702351911,0.12019204702351913,0.12019204702351916,0.12019204702351917,0.12019204702351914,0.12019204702351916,0.12019204702351914,0.12019204702351918,0.12019204702351916,0.12019204702351916,0.12019204702351918,0.12019204702351917,0.12019204702351917,0.12019204702351914,0.12019204702351917,0.12019204702351917,0.12019204702351913,0.1201920470235192,0.12019204702351917,0.12019204702351917,0.12019204702351914,0.12019204702351916,0.12019204702351918,0.12019204702351916,0.12019204702351917,0.12019204702351918,0.12019204702351917,0.12019204702351917,0.12019204702351914,0.12019204702351916,0.12019204702351918,0.12019204702351914,0.12019204702351917,0.12019204702351914,0.12019204702351913,0.12019204702351914,0.12019204702351917,0.12019204702351917,0.12019204702351913,0.12019204702351917,0.12019204702351914,0.12019204702351916,0.12019204702351914,0.12019204702351914,0.12019204702351913,0.12019204702351917,0.12019204702351914,0.12019204702351918,0.12019204702351917,0.12019204702351918,0.12019204702351916,0.12019204702351916,0.12019204702351918,0.12019204702351917,0.12019204702351916,0.12019204702351918,0.12019204702351914,0.12019204702351914,0.12019204702351917,0.12019204702351914,0.12019204702351917,0.12019204702351916,0.12019204702351916,0.12019204702351917,0.12019204702351917,0.12019204702351918,0.12019204702351917,0.12019204702351917,0.12019204702351917,0.12019204702351917,0.12019204702351918,0.12019204702351917,0.12019204702351916,0.12019204702351914,0.12019204702351914,0.12019204702351918,0.12019204702351917,0.12019204702351913,0.12019204702351911,0.12019204702351914,0.12019204702351917,0.12019204702351909,0.12019204702351909,0.12019204702351916,0.12019204702351911,0.12019204702351911,0.12019204702351913,0.12019204702351914,0.12019204702351914,0.12019204702351909,0.12019204702351914,0.12019204702351911,0.12019204702351911,0.1201920470235191,0.1201920470235191,0.1201920470235191,0.1201920470235191,0.12019204702351909,0.12019204702351913,0.12019204702351909,0.12019204702351909,0.12019204702351911,0.12019204702351916,0.12019204702351918,0.12019204702351914,0.12019204702351914,0.12019204702351914,0.12019204702351913,0.12019204702351913,0.12019204702351911,0.12019204702351913,0.1201920470235191,0.12019204702351914,0.12019204702351911,0.12019204702351913,0.12019204702351909,0.12019204702351906,0.12019204702351907,0.12019204702351909,0.12019204702351904,0.12019204702351906,0.12019204702351906,0.12019204702351914,0.12019204702351909,0.12019204702351911,0.1201920470235191,0.12019204702351907,0.12019204702351907,0.12019204702351913,0.1201920470235191,0.12019204702351911,0.1201920470235191,0.12019204702351909,0.12019204702351909,0.12019204702351907,0.12019204702351907,0.12019204702351916,0.12019204702351907,0.12019204702351907,0.12019204702351907,0.12019204702351909,0.12019204702351909,0.12019204702351907,0.12019204702351909,0.12019204702351907,0.12019204702351906,0.12019204702351906,0.12019204702351909,0.12019204702351907,0.12019204702351906,0.12019204702351907,0.12019204702351904,0.12019204702351903,0.1201920470235191,0.1201920470235191,0.12019204702351909,0.1201920470235191,0.12019204702351909,0.1201920470235191,0.12019204702351916,0.1201920470235191,0.12019204702351906,0.12019204702351914,0.12019204702351917,0.12019204702351909,0.12019204702351907,0.12019204702351911,0.12019204702351913,0.12019204702351911,0.1201920470235191,0.12019204702351914,0.12019204702351913,0.12019204702351913,0.12019204702351913,0.12019204702351907,0.12019204702351904,0.12019204702351904,0.12019204702351904,0.12019204702351904,0.12019204702351906,0.12019204702351904,0.12019204702351904,0.12019204702351909,0.12019204702351907,0.12019204702351907,0.12019204702351906,0.12019204702351907,0.12019204702351907,0.12019204702351909,0.12019204702351903,0.12019204702351903,0.12019204702351902,0.12019204702351903,0.12019204702351904,0.12019204702351903,0.12019204702351906,0.12019204702351906,0.12019204702351906,0.12019204702351907,0.12019204702351907,0.12019204702351909,0.12019204702351906,0.12019204702351909,0.12019204702351911,0.12019204702351913,0.12019204702351907,0.1201920470235191,0.1201920470235191,0.12019204702351906,0.12019204702351909,0.12019204702351909,0.12019204702351904,0.1201920470235191,0.12019204702351907,0.1201920470235191,0.12019204702351914,0.12019204702351911,0.1201920470235191,0.12019204702351907,0.12019204702351914,0.12019204702351913,0.12019204702351913,0.12019204702351914,0.12019204702351913,0.12019204702351914,0.12019204702351916,0.12019204702351916,0.12019204702351909,0.12019204702351913,0.1201920470235191,0.12019204702351909,0.12019204702351917,0.12019204702351907,0.12019204702351907,0.12019204702351911,0.12019204702351911,0.12019204702351914,0.12019204702351911,0.12019204702351914,0.12019204702351911,0.12019204702351917,0.1201920470235191,0.12019204702351916,0.12019204702351911,0.12019204702351914,0.1201920470235191,0.12019204702351914,0.12019204702351913,0.12019204702351914,0.12019204702351916,0.1201920470235191,0.12019204702351917,0.12019204702351916,0.12019204702351914,0.12019204702351913,0.12019204702351913,0.12019204702351914,0.12019204702351914,0.12019204702351918,0.12019204702351911,0.12019204702351911,0.12019204702351911,0.12019204702351917,0.12019204702351906,0.12019204702351916,0.12019204702351914,0.12019204702351914,0.12019204702351913,0.12019204702351918,0.12019204702351903,0.12019204702351914,0.12019204702351916,0.12019204702351914,0.12019204702351911,0.12019204702351914,0.12019204702351914,0.12019204702351914,0.12019204702351914,0.12019204702351916,0.12019204702351916,0.12019204702351916,0.12019204702351911,0.12019204702351917,0.12019204702351911,0.12019204702351913,0.12019204702351917,0.12019204702351913,0.12019204702351911,0.12019204702351916,0.12019204702351918,0.12019204702351913,0.12019204702351916,0.12019204702351911,0.12019204702351913,0.12019204702351913,0.12019204702351907,0.12019204702351913,0.12019204702351909,0.12019204702351917,0.12019204702351911,0.12019204702351914,0.12019204702351904,0.12019204702351914,0.1201920470235191,0.1201920470235191,0.12019204702351911,0.12019204702351906,0.12019204702351909,0.12019204702351911,0.12019204702351911,0.12019204702351913,0.12019204702351914,0.12019204702351906,0.12019204702351906,0.1201920470235191,0.1201920470235191,0.1201920470235191,0.12019204702351906,0.12019204702351906,0.12019204702351909,0.12019204702351906,0.12019204702351906,0.12019204702351907,0.12019204702351907,0.1201920470235191,0.12019204702351888,0.12019204702351904,0.12019204702351907,0.12019204702351909,0.12019204702351906,0.12019204702351907,0.12019204702351909,0.12019204702351904,0.12019204702351909,0.12019204702351911,0.12019204702351902,0.12019204702351906,0.12019204702351904,0.12019204702351904,0.12019204702351904,0.12019204702351907,0.12019204702351903,0.12019204702351906,0.12019204702351907,0.12019204702351904,0.12019204702351902,0.12019204702351906,0.12019204702351902,0.12019204702351904,0.120192047023519,0.12019204702351906,0.12019204702351909,0.12019204702351909,0.12019204702351909,0.12019204702351907,0.12019204702351907,0.12019204702351906,0.12019204702351909,0.12019204702351897,0.12019204702351902,0.12019204702351909,0.12019204702351904,0.12019204702351904,0.12019204702351903,0.12019204702351906,0.12019204702351906,0.12019204702351907,0.12019204702351906,0.12019204702351903,0.12019204702351906,0.12019204702351904,0.12019204702351904,0.12019204702351906,0.12019204702351909,0.12019204702351907,0.12019204702351909,0.12019204702351909,0.12019204702351907,0.12019204702351904,0.12019204702351906,0.12019204702351906,0.12019204702351906,0.12019204702351907,0.12019204702351904,0.12019204702351904,0.12019204702351906,0.12019204702351904,0.12019204702351888,0.12019204702351897,0.12019204702351903,0.12019204702351902,0.12019204702351902,0.120192047023519,0.12019204702351904,0.12019204702351896,0.120192047023519,0.12019204702351896,0.12019204702351903,0.12019204702351902,0.12019204702351902,0.12019204702351902,0.12019204702351906,0.12019204702351899,0.12019204702351899,0.12019204702351902,0.12019204702351899,0.12019204702351909,0.12019204702351907,0.12019204702351907,0.12019204702351907,0.12019204702351907,0.12019204702351909,0.12019204702351907,0.12019204702351907,0.12019204702351906,0.12019204702351909,0.12019204702351909,0.12019204702351907,0.12019204702351907,0.12019204702351907,0.12019204702351909,0.12019204702351907,0.12019204702351907,0.12019204702351907,0.12019204702351909,0.12019204702351907,0.12019204702351907,0.12019204702351907,0.12019204702351906,0.12019204702351906,0.12019204702351909,0.12019204702351909,0.12019204702351906,0.12019204702351907,0.12019204702351907,0.12019204702351906,0.12019204702351909,0.12019204702351909,0.12019204702351907,0.12019204702351904,0.12019204702351909,0.1201920470235191,0.12019204702351903,0.12019204702351904,0.12019204702351907,0.12019204702351903,0.12019204702351909,0.12019204702351907,0.12019204702351909,0.12019204702351909,0.12019204702351909,0.12019204702351909,0.12019204702351906,0.12019204702351907,0.12019204702351907,0.12019204702351906,0.12019204702351907,0.12019204702351906,0.12019204702351906,0.12019204702351907,0.12019204702351907,0.12019204702351907,0.12019204702351909,0.12019204702351906,0.12019204702351909,0.12019204702351907,0.12019204702351902,0.12019204702351904,0.12019204702351906,0.12019204702351904,0.12019204702351906,0.12019204702351903,0.12019204702351909,0.120192047023519,0.12019204702351903,0.12019204702351904,0.12019204702351902,0.12019204702351902,0.12019204702351907,0.12019204702351909,0.12019204702351907,0.12019204702351907,0.12019204702351907,0.12019204702351906,0.12019204702351909,0.120192047023519,0.120192047023519,0.12019204702351907,0.12019204702351907,0.12019204702351906,0.12019204702351906,0.12019204702351909,0.12019204702351906,0.12019204702351904,0.12019204702351904,0.12019204702351906,0.12019204702351907,0.12019204702351906,0.12019204702351904,0.12019204702351906,0.12019204702351907,0.12019204702351907,0.12019204702351903,0.12019204702351906,0.12019204702351904,0.12019204702351903,0.12019204702351907,0.12019204702351907,0.12019204702351907,0.12019204702351906,0.12019204702351907,0.12019204702351906,0.12019204702351909,0.12019204702351906,0.12019204702351906,0.12019204702351909,0.12019204702351909,0.12019204702351909,0.12019204702351907,0.12019204702351906,0.12019204702351909,0.120192047023519,0.12019204702351907,0.12019204702351909,0.12019204702351904,0.12019204702351909,0.12019204702351907,0.12019204702351909,0.1201920470235191,0.12019204702351907,0.12019204702351906,0.12019204702351904,0.12019204702351907,0.12019204702351903,0.12019204702351906,0.12019204702351904,0.12019204702351904,0.12019204702351906,0.12019204702351906,0.12019204702351899,0.12019204702351906,0.12019204702351906,0.12019204702351903,0.12019204702351903,0.12019204702351907,0.12019204702351904,0.12019204702351903,0.12019204702351907,0.12019204702351902,0.12019204702351904,0.120192047023519,0.12019204702351906,0.12019204702351903,0.12019204702351907,0.12019204702351903,0.12019204702351903,0.12019204702351904,0.12019204702351903,0.12019204702351903,0.120192047023519,0.12019204702351907,0.12019204702351902,0.120192047023519,0.12019204702351909,0.12019204702351903,0.12019204702351903,0.12019204702351907,0.12019204702351899,0.12019204702351902,0.12019204702351903,0.12019204702351903,0.12019204702351906,0.12019204702351904,0.12019204702351904,0.12019204702351904,0.12019204702351902,0.12019204702351903,0.12019204702351909,0.12019204702351909,0.12019204702351903,0.12019204702351904,0.12019204702351906,0.12019204702351906,0.12019204702351904,0.12019204702351904,0.12019204702351904,0.12019204702351899,0.12019204702351903,0.12019204702351902,0.12019204702351903,0.12019204702351904,0.12019204702351907,0.120192047023519,0.12019204702351904,0.12019204702351904,0.12019204702351906,0.12019204702351904,0.12019204702351902,0.120192047023519,0.12019204702351909,0.12019204702351909,0.12019204702351909,0.12019204702351907,0.12019204702351906,0.12019204702351909,0.12019204702351902,0.12019204702351906,0.12019204702351907,0.12019204702351907,0.12019204702351909,0.12019204702351906,0.12019204702351909,0.12019204702351907,0.12019204702351907,0.1201920470235191,0.12019204702351904,0.12019204702351904,0.12019204702351906,0.12019204702351906,0.12019204702351906,0.12019204702351903,0.12019204702351904,0.12019204702351907,0.12019204702351904,0.12019204702351907,0.12019204702351907,0.12019204702351909,0.12019204702351907,0.12019204702351907,0.12019204702351904,0.12019204702351907,0.12019204702351907,0.12019204702351907,0.12019204702351907,0.12019204702351906,0.12019204702351906,0.12019204702351907,0.12019204702351907,0.12019204702351907,0.12019204702351907,0.12019204702351911,0.12019204702351907,0.12019204702351907,0.12019204702351907,0.12019204702351909,0.1201920470235191,0.12019204702351909,0.12019204702351907,0.12019204702351909,0.12019204702351907,0.12019204702351906,0.12019204702351907,0.12019204702351907,0.12019204702351906,0.12019204702351907,0.12019204702351909,0.12019204702351909,0.12019204702351907,0.12019204702351907,0.12019204702351907,0.12019204702351906,0.12019204702351907,0.12019204702351907,0.12019204702351907,0.12019204702351907,0.12019204702351907,0.12019204702351906,0.1201920470235191,0.12019204702351906,0.12019204702351907,0.12019204702351907,0.12019204702351906,0.12019204702351907,0.12019204702351907,0.12019204702351907,0.12019204702351906,0.1201920470235191,0.12019204702351909,0.12019204702351909,0.12019204702351909,0.1201920470235191,0.12019204702351909,0.12019204702351906,0.12019204702351906,0.12019204702351909,0.12019204702351909,0.12019204702351907,0.12019204702351909,0.12019204702351909,0.12019204702351907,0.1201920470235191,0.12019204702351909,0.12019204702351911,0.12019204702351909,0.12019204702351909,0.12019204702351913,0.1201920470235191,0.12019204702351906,0.1201920470235191,0.12019204702351907,0.1201920470235191,0.12019204702351909,0.1201920470235191,0.12019204702351913,0.12019204702351907,0.12019204702351909,0.12019204702351909,0.12019204702351909,0.12019204702351906,0.12019204702351906,0.12019204702351904,0.12019204702351906,0.12019204702351903,0.1201920470235191,0.120192047023519,0.12019204702351909,0.12019204702351903,0.12019204702351902,0.12019204702351903,0.12019204702351902,0.1201920470235191,0.12019204702351906,0.12019204702351904,0.12019204702351903,0.12019204702351906,0.12019204702351906,0.12019204702351903,0.12019204702351904,0.12019204702351899,0.12019204702351902,0.12019204702351902,0.120192047023519,0.12019204702351903,0.120192047023519,0.12019204702351903,0.12019204702351897,0.12019204702351902,0.12019204702351896,0.12019204702351899,0.120192047023519,0.12019204702351897,0.120192047023519,0.12019204702351903,0.120192047023519,0.120192047023519,0.12019204702351902,0.120192047023519,0.12019204702351899,0.12019204702351902,0.12019204702351903,0.120192047023519,0.12019204702351899,0.120192047023519,0.120192047023519,0.12019204702351902,0.120192047023519,0.12019204702351903,0.12019204702351899,0.12019204702351904,0.12019204702351897,0.12019204702351902,0.12019204702351906,0.12019204702351903,0.12019204702351906,0.12019204702351904,0.12019204702351903,0.12019204702351903,0.12019204702351903,0.12019204702351907,0.12019204702351906,0.12019204702351907,0.12019204702351906,0.1201920470235191,0.12019204702351907,0.12019204702351907,0.12019204702351906,0.12019204702351904,0.12019204702351904,0.12019204702351904,0.12019204702351904,0.12019204702351902,0.12019204702351902,0.12019204702351906,0.12019204702351904,0.12019204702351906,0.12019204702351904,0.12019204702351903,0.12019204702351904,0.12019204702351904,0.1201920470235191,0.12019204702351907,0.12019204702351906,0.12019204702351907,0.12019204702351909,0.12019204702351909,0.1201920470235191,0.12019204702351909,0.12019204702351907,0.12019204702351909,0.12019204702351906,0.12019204702351909,0.12019204702351906,0.12019204702351909,0.12019204702351909,0.12019204702351907,0.12019204702351907,0.12019204702351909,0.12019204702351907,0.12019204702351907,0.12019204702351906,0.12019204702351909,0.12019204702351906,0.12019204702351907,0.12019204702351907,0.12019204702351907,0.12019204702351902,0.12019204702351906,0.12019204702351907,0.12019204702351909,0.12019204702351911,0.12019204702351906,0.12019204702351909,0.12019204702351906,0.12019204702351907,0.12019204702351909,0.12019204702351907,0.12019204702351906,0.12019204702351909,0.12019204702351907,0.12019204702351909,0.12019204702351909,0.12019204702351893,0.12019204702351899,0.12019204702351907,0.12019204702351899,0.12019204702351897,0.12019204702351896,0.12019204702351899,0.12019204702351896,0.12019204702351896,0.12019204702351896,0.12019204702351896,0.12019204702351893,0.12019204702351896,0.12019204702351896,0.12019204702351896,0.12019204702351897,0.12019204702351896,0.12019204702351896,0.12019204702351896,0.120192047023519,0.12019204702351897,0.12019204702351897,0.12019204702351899,0.12019204702351897,0.12019204702351893,0.12019204702351893,0.12019204702351903,0.12019204702351899,0.12019204702351895,0.12019204702351902,0.12019204702351892,0.120192047023519,0.12019204702351896,0.12019204702351896,0.12019204702351896,0.12019204702351896,0.12019204702351897,0.12019204702351895,0.120192047023519,0.12019204702351899,0.12019204702351896,0.12019204702351896,0.12019204702351897,0.12019204702351896,0.12019204702351896,0.120192047023519,0.120192047023519,0.12019204702351896,0.12019204702351899,0.12019204702351896,0.12019204702351899,0.120192047023519,0.120192047023519,0.12019204702351902,0.12019204702351897,0.12019204702351899,0.12019204702351897,0.12019204702351897,0.12019204702351899,0.12019204702351895,0.12019204702351897,0.12019204702351896,0.12019204702351899,0.120192047023519,0.12019204702351899,0.12019204702351896,0.12019204702351899,0.12019204702351902,0.120192047023519,0.12019204702351899,0.12019204702351897,0.12019204702351902,0.120192047023519,0.12019204702351902,0.12019204702351897,0.12019204702351906,0.12019204702351906,0.12019204702351899,0.12019204702351907,0.120192047023519,0.12019204702351899,0.12019204702351904,0.12019204702351902,0.12019204702351903,0.12019204702351907,0.12019204702351906,0.12019204702351907,0.12019204702351907,0.12019204702351907,0.12019204702351907,0.12019204702351906,0.12019204702351907,0.12019204702351909,0.12019204702351906,0.12019204702351913,0.12019204702351909,0.1201920470235191,0.12019204702351911,0.12019204702351909,0.12019204702351907,0.12019204702351909,0.12019204702351916,0.12019204702351909,0.12019204702351911,0.12019204702351913,0.12019204702351911,0.12019204702351907,0.12019204702351911,0.12019204702351913,0.1201920470235191,0.12019204702351913,0.12019204702351911,0.12019204702351916,0.12019204702351909,0.12019204702351907,0.12019204702351907,0.12019204702351907,0.12019204702351906,0.12019204702351907,0.12019204702351906,0.12019204702351909,0.12019204702351907,0.12019204702351909,0.12019204702351907,0.12019204702351907,0.12019204702351907,0.12019204702351907,0.12019204702351904,0.12019204702351906,0.12019204702351907,0.12019204702351906,0.12019204702351907,0.12019204702351909,0.12019204702351906,0.12019204702351907,0.12019204702351907,0.12019204702351907,0.12019204702351906,0.12019204702351906,0.12019204702351904,0.12019204702351904,0.12019204702351903,0.12019204702351904,0.12019204702351904,0.12019204702351907,0.12019204702351904,0.12019204702351906,0.12019204702351906,0.12019204702351906,0.12019204702351904,0.12019204702351906,0.12019204702351903,0.12019204702351906,0.12019204702351907,0.12019204702351906,0.12019204702351904,0.120192047023519,0.12019204702351907,0.120192047023519,0.12019204702351902,0.12019204702351907,0.12019204702351906,0.12019204702351909,0.12019204702351909,0.12019204702351903,0.12019204702351903,0.12019204702351904,0.12019204702351916,0.12019204702351907,0.12019204702351907,0.12019204702351907,0.12019204702351907,0.12019204702351906,0.12019204702351906,0.1201920470235191,0.12019204702351904,0.12019204702351911,0.1201920470235191,0.12019204702351906,0.12019204702351907,0.12019204702351906,0.12019204702351909,0.12019204702351909,0.12019204702351909,0.12019204702351907,0.1201920470235191,0.12019204702351907,0.12019204702351907,0.12019204702351906,0.12019204702351907,0.12019204702351907,0.12019204702351907,0.12019204702351909,0.12019204702351907,0.12019204702351906,0.12019204702351909,0.12019204702351911,0.12019204702351909,0.12019204702351909,0.12019204702351904,0.12019204702351906,0.1201920470235191,0.12019204702351907,0.12019204702351904,0.12019204702351906,0.12019204702351906,0.12019204702351903,0.12019204702351904,0.12019204702351907,0.12019204702351902,0.12019204702351906,0.12019204702351904,0.12019204702351906,0.120192047023519,0.12019204702351904,0.12019204702351903,0.12019204702351906,0.12019204702351904,0.12019204702351903,0.12019204702351906,0.12019204702351907,0.12019204702351907,0.12019204702351907,0.12019204702351904,0.12019204702351907,0.12019204702351909,0.12019204702351907,0.12019204702351906,0.12019204702351904,0.12019204702351904,0.12019204702351904,0.12019204702351903,0.12019204702351904,0.12019204702351904,0.12019204702351903,0.12019204702351906,0.12019204702351904,0.12019204702351907,0.12019204702351909,0.12019204702351909,0.12019204702351906,0.12019204702351909,0.12019204702351907,0.12019204702351907,0.12019204702351904,0.12019204702351906,0.12019204702351907,0.12019204702351903,0.12019204702351906,0.12019204702351903,0.12019204702351903,0.12019204702351903,0.12019204702351904,0.12019204702351906,0.12019204702351907,0.12019204702351906,0.12019204702351904,0.12019204702351904,0.12019204702351903,0.12019204702351904,0.12019204702351903,0.1201920470235191,0.12019204702351903,0.12019204702351906,0.12019204702351889,0.120192047023519,0.120192047023519,0.12019204702351897,0.120192047023519,0.12019204702351902,0.12019204702351897,0.12019204702351902,0.12019204702351902,0.12019204702351902,0.12019204702351904,0.12019204702351902,0.12019204702351907,0.12019204702351899,0.12019204702351906,0.12019204702351906,0.12019204702351903,0.12019204702351906,0.12019204702351907,0.12019204702351907,0.1201920470235191,0.12019204702351907,0.12019204702351907,0.12019204702351906,0.12019204702351906,0.12019204702351909,0.12019204702351907,0.12019204702351907,0.12019204702351907,0.12019204702351906,0.12019204702351913,0.12019204702351907,0.12019204702351909,0.12019204702351911,0.12019204702351906,0.12019204702351913,0.1201920470235191,0.1201920470235191,0.1201920470235191,0.12019204702351904,0.12019204702351911,0.12019204702351909,0.12019204702351907,0.12019204702351907,0.12019204702351904,0.12019204702351904,0.12019204702351907,0.12019204702351906,0.12019204702351902,0.12019204702351906,0.12019204702351907,0.12019204702351907,0.12019204702351907,0.12019204702351907,0.12019204702351906,0.12019204702351909,0.12019204702351909,0.12019204702351907,0.12019204702351907,0.12019204702351906,0.12019204702351907,0.1201920470235191,0.12019204702351909,0.1201920470235191,0.12019204702351909,0.12019204702351909,0.12019204702351906,0.12019204702351906,0.12019204702351904,0.12019204702351906,0.12019204702351904,0.12019204702351906,0.12019204702351904,0.12019204702351904,0.12019204702351906,0.12019204702351904,0.12019204702351906,0.12019204702351903,0.12019204702351906,0.12019204702351906,0.12019204702351903,0.12019204702351902,0.12019204702351907,0.12019204702351903,0.12019204702351902,0.12019204702351906,0.12019204702351906,0.12019204702351904,0.12019204702351904,0.12019204702351904,0.12019204702351903,0.12019204702351906,0.12019204702351903,0.12019204702351907,0.12019204702351906,0.12019204702351906,0.12019204702351909,0.12019204702351909,0.12019204702351907,0.12019204702351909,0.12019204702351907,0.12019204702351906,0.12019204702351906,0.12019204702351904,0.12019204702351903,0.12019204702351906,0.12019204702351904,0.12019204702351906,0.12019204702351902,0.1201920470235191,0.12019204702351906,0.12019204702351903,0.12019204702351903,0.12019204702351906,0.12019204702351906,0.12019204702351906,0.12019204702351906,0.12019204702351904,0.12019204702351904,0.12019204702351904,0.12019204702351903,0.12019204702351903,0.12019204702351906,0.12019204702351909,0.12019204702351909,0.12019204702351907,0.12019204702351907,0.12019204702351909,0.12019204702351907,0.12019204702351906,0.12019204702351906,0.12019204702351904,0.1201920470235191,0.12019204702351906,0.12019204702351909,0.12019204702351904,0.12019204702351906,0.12019204702351904,0.12019204702351902,0.12019204702351906,0.12019204702351906,0.12019204702351904,0.12019204702351902,0.12019204702351906,0.12019204702351902,0.12019204702351909,0.12019204702351909,0.12019204702351906,0.12019204702351909,0.12019204702351907,0.12019204702351907,0.12019204702351909,0.12019204702351907,0.12019204702351907,0.12019204702351907,0.12019204702351903,0.12019204702351907,0.12019204702351906,0.12019204702351906,0.12019204702351904,0.12019204702351906,0.12019204702351906,0.120192047023519,0.12019204702351902,0.12019204702351909,0.12019204702351907,0.12019204702351907,0.12019204702351907,0.12019204702351906,0.1201920470235191,0.12019204702351906,0.12019204702351904,0.12019204702351904,0.12019204702351903,0.12019204702351907,0.12019204702351902,0.12019204702351903,0.12019204702351907,0.12019204702351904,0.12019204702351904,0.12019204702351904,0.12019204702351897,0.12019204702351909,0.12019204702351902,0.12019204702351903,0.12019204702351902,0.12019204702351902,0.12019204702351899,0.12019204702351896,0.12019204702351899,0.12019204702351904,0.12019204702351902,0.12019204702351907,0.120192047023519,0.120192047023519,0.120192047023519,0.120192047023519,0.12019204702351904,0.12019204702351906,0.12019204702351902,0.120192047023519,0.120192047023519,0.12019204702351899,0.12019204702351906,0.12019204702351906,0.12019204702351902,0.12019204702351903,0.12019204702351904,0.12019204702351904,0.12019204702351906,0.12019204702351903,0.120192047023519,0.12019204702351907,0.12019204702351899,0.12019204702351903,0.12019204702351907,0.12019204702351909,0.12019204702351909,0.12019204702351906,0.12019204702351909,0.12019204702351909,0.1201920470235191,0.12019204702351906,0.12019204702351906,0.12019204702351909,0.12019204702351904,0.12019204702351907,0.12019204702351906,0.12019204702351914,0.1201920470235191,0.12019204702351907,0.12019204702351907,0.1201920470235191,0.12019204702351907,0.12019204702351907,0.12019204702351907,0.12019204702351909,0.12019204702351909,0.12019204702351907,0.12019204702351917,0.12019204702351907,0.12019204702351907,0.12019204702351909,0.12019204702351909,0.12019204702351909,0.12019204702351907,0.12019204702351903,0.12019204702351906,0.1201920470235191,0.12019204702351909,0.12019204702351909,0.12019204702351909,0.12019204702351909,0.12019204702351903,0.12019204702351904,0.12019204702351906,0.12019204702351904,0.12019204702351903,0.12019204702351907,0.12019204702351907,0.12019204702351902,0.12019204702351906,0.120192047023519,0.12019204702351904,0.12019204702351906,0.12019204702351904,0.12019204702351897,0.12019204702351907,0.120192047023519,0.12019204702351902,0.12019204702351903,0.12019204702351906,0.12019204702351904,0.12019204702351903,0.12019204702351903,0.12019204702351911,0.12019204702351904,0.12019204702351904,0.12019204702351903,0.12019204702351902,0.12019204702351909,0.12019204702351907,0.12019204702351909,0.12019204702351907,0.12019204702351909,0.12019204702351907,0.12019204702351909,0.12019204702351906,0.12019204702351907,0.12019204702351907,0.12019204702351907,0.12019204702351906,0.12019204702351909,0.1201920470235191,0.12019204702351909,0.12019204702351907,0.12019204702351902,0.12019204702351907,0.12019204702351911,0.12019204702351895,0.12019204702351903,0.12019204702351906,0.12019204702351906,0.12019204702351904,0.12019204702351904,0.12019204702351906,0.12019204702351906,0.12019204702351904,0.120192047023519,0.12019204702351902,0.12019204702351907,0.12019204702351903,0.12019204702351909,0.12019204702351899,0.12019204702351899,0.12019204702351899,0.12019204702351902,0.12019204702351902,0.12019204702351903,0.12019204702351904,0.12019204702351899,0.12019204702351903,0.12019204702351904,0.12019204702351902,0.12019204702351903,0.12019204702351907,0.12019204702351906,0.12019204702351907,0.12019204702351899,0.12019204702351907,0.12019204702351902,0.12019204702351907,0.12019204702351902,0.12019204702351907,0.12019204702351907,0.12019204702351904,0.12019204702351909,0.12019204702351907,0.12019204702351909,0.12019204702351907,0.12019204702351906,0.12019204702351909,0.12019204702351907,0.12019204702351909,0.12019204702351906,0.12019204702351907,0.12019204702351909,0.12019204702351909,0.12019204702351907,0.12019204702351907,0.12019204702351907,0.12019204702351904,0.12019204702351904,0.12019204702351904,0.1201920470235191,0.12019204702351909,0.12019204702351907,0.12019204702351907,0.1201920470235191,0.12019204702351904,0.12019204702351906,0.12019204702351906,0.12019204702351904,0.12019204702351906,0.12019204702351902,0.12019204702351909,0.12019204702351907,0.12019204702351909,0.12019204702351909,0.12019204702351909,0.12019204702351907,0.12019204702351907,0.12019204702351907,0.12019204702351907,0.12019204702351907,0.12019204702351907,0.12019204702351907,0.12019204702351904,0.12019204702351906,0.12019204702351913,0.12019204702351906,0.12019204702351907,0.12019204702351911,0.1201920470235191,0.1201920470235191,0.12019204702351907,0.12019204702351907,0.12019204702351907,0.12019204702351907,0.12019204702351906,0.1201920470235191,0.12019204702351906,0.12019204702351907,0.1201920470235191,0.12019204702351907,0.12019204702351907,0.12019204702351911,0.12019204702351907,0.12019204702351909,0.12019204702351906,0.12019204702351906,0.12019204702351906,0.12019204702351907,0.1201920470235191,0.12019204702351906,0.12019204702351906,0.12019204702351906,0.12019204702351911,0.1201920470235191,0.1201920470235191,0.12019204702351906,0.12019204702351907,0.12019204702351906,0.12019204702351914,0.12019204702351907,0.12019204702351907,0.12019204702351913,0.12019204702351911,0.12019204702351907,0.12019204702351909,0.1201920470235191,0.1201920470235191,0.12019204702351913,0.12019204702351904,0.12019204702351911,0.1201920470235191,0.12019204702351911,0.12019204702351909,0.12019204702351909,0.12019204702351907,0.12019204702351911,0.12019204702351907,0.12019204702351909,0.1201920470235191,0.12019204702351906,0.12019204702351907,0.12019204702351909,0.1201920470235191,0.12019204702351911,0.12019204702351909,0.1201920470235191,0.12019204702351913,0.12019204702351911,0.12019204702351909,0.12019204702351911,0.12019204702351909,0.12019204702351909,0.1201920470235191,0.1201920470235191,0.1201920470235191,0.12019204702351907,0.1201920470235191,0.12019204702351909,0.1201920470235191,0.12019204702351911,0.12019204702351911,0.12019204702351911,0.12019204702351907,0.12019204702351909,0.12019204702351902,0.12019204702351916,0.12019204702351916,0.12019204702351917,0.12019204702351918,0.12019204702351916,0.12019204702351918,0.12019204702351917,0.12019204702351914,0.12019204702351916,0.12019204702351914,0.12019204702351918,0.12019204702351918,0.12019204702351918,0.12019204702351914,0.12019204702351918,0.12019204702351918,0.12019204702351921,0.12019204702351911,0.12019204702351916,0.12019204702351914,0.1201920470235192,0.12019204702351913,0.1201920470235192,0.12019204702351918,0.12019204702351916,0.12019204702351916,0.12019204702351917,0.12019204702351913,0.12019204702351917,0.12019204702351917,0.12019204702351916,0.12019204702351917,0.12019204702351917,0.12019204702351917,0.12019204702351914,0.12019204702351917,0.12019204702351914,0.12019204702351913,0.12019204702351917,0.12019204702351917,0.12019204702351914,0.12019204702351917,0.12019204702351913,0.12019204702351916,0.12019204702351906,0.12019204702351916,0.12019204702351914,0.12019204702351913,0.12019204702351917,0.12019204702351907,0.12019204702351914,0.12019204702351914,0.12019204702351914,0.12019204702351913,0.12019204702351913,0.1201920470235192,0.12019204702351918,0.12019204702351917,0.12019204702351917,0.12019204702351916,0.1201920470235192,0.12019204702351918,0.12019204702351911,0.12019204702351917,0.12019204702351917,0.12019204702351918,0.12019204702351917,0.12019204702351918,0.12019204702351917,0.12019204702351917,0.12019204702351917,0.12019204702351914,0.12019204702351918,0.12019204702351914,0.12019204702351916,0.12019204702351916,0.12019204702351914,0.12019204702351916,0.12019204702351916,0.12019204702351917,0.12019204702351917,0.12019204702351918,0.12019204702351917,0.12019204702351917,0.12019204702351917,0.12019204702351916,0.12019204702351916,0.12019204702351916,0.12019204702351916,0.12019204702351917,0.12019204702351916,0.12019204702351916,0.12019204702351914,0.1201920470235192,0.12019204702351916,0.12019204702351917,0.12019204702351913,0.12019204702351916,0.12019204702351916,0.12019204702351917,0.12019204702351916,0.12019204702351917,0.12019204702351917,0.12019204702351918,0.12019204702351916,0.12019204702351918,0.12019204702351917,0.12019204702351917,0.12019204702351917,0.12019204702351916,0.12019204702351917,0.12019204702351917,0.12019204702351917,0.12019204702351916,0.12019204702351922,0.12019204702351916,0.12019204702351917,0.12019204702351916,0.12019204702351916,0.12019204702351917,0.12019204702351922,0.12019204702351914,0.12019204702351921,0.12019204702351916,0.1201920470235192,0.12019204702351917,0.12019204702351922,0.12019204702351918,0.12019204702351917,0.12019204702351916,0.12019204702351917,0.12019204702351918,0.12019204702351916,0.12019204702351918,0.12019204702351918,0.1201920470235192,0.12019204702351918,0.1201920470235192,0.12019204702351917,0.12019204702351918,0.1201920470235192,0.12019204702351917,0.12019204702351916,0.1201920470235192,0.12019204702351916,0.12019204702351916,0.12019204702351911,0.12019204702351916,0.12019204702351916,0.12019204702351917,0.12019204702351918,0.12019204702351918,0.12019204702351916,0.12019204702351916,0.12019204702351918,0.12019204702351914,0.12019204702351914,0.12019204702351914,0.12019204702351916,0.12019204702351914,0.12019204702351917,0.12019204702351913,0.12019204702351918,0.12019204702351913,0.12019204702351917,0.12019204702351917,0.12019204702351916,0.12019204702351916,0.12019204702351916,0.12019204702351916,0.12019204702351918,0.12019204702351916,0.12019204702351914,0.12019204702351918,0.12019204702351918,0.12019204702351916,0.12019204702351917,0.12019204702351916,0.12019204702351916,0.12019204702351917,0.12019204702351917,0.12019204702351917,0.12019204702351916,0.12019204702351916,0.12019204702351917,0.12019204702351911,0.12019204702351913,0.12019204702351916,0.12019204702351917,0.12019204702351917,0.12019204702351917,0.12019204702351918,0.12019204702351916,0.12019204702351917,0.12019204702351913,0.12019204702351916,0.12019204702351916,0.12019204702351918,0.12019204702351916,0.12019204702351914,0.1201920470235191,0.12019204702351918,0.12019204702351916,0.12019204702351916,0.12019204702351914,0.12019204702351913,0.12019204702351916,0.12019204702351914,0.12019204702351911,0.12019204702351917,0.12019204702351914,0.12019204702351916,0.12019204702351913,0.12019204702351913,0.12019204702351913,0.12019204702351917,0.12019204702351911,0.12019204702351914,0.12019204702351909,0.12019204702351917,0.12019204702351914,0.12019204702351914,0.12019204702351914,0.1201920470235192,0.12019204702351911,0.12019204702351913,0.12019204702351909,0.12019204702351909,0.12019204702351914,0.12019204702351917,0.12019204702351916,0.12019204702351911,0.12019204702351911,0.12019204702351913,0.1201920470235191,0.1201920470235191,0.12019204702351913,0.12019204702351914,0.1201920470235191,0.1201920470235191,0.12019204702351913,0.12019204702351909,0.12019204702351911,0.1201920470235191,0.12019204702351909,0.1201920470235191,0.1201920470235191,0.1201920470235191,0.12019204702351909,0.1201920470235191,0.12019204702351909,0.12019204702351909,0.12019204702351907,0.1201920470235191,0.12019204702351907,0.12019204702351907,0.12019204702351909,0.1201920470235191,0.12019204702351909,0.12019204702351907,0.12019204702351909,0.12019204702351909,0.12019204702351907,0.12019204702351909,0.1201920470235191,0.12019204702351907,0.12019204702351907,0.12019204702351906,0.12019204702351907,0.12019204702351907,0.12019204702351909,0.12019204702351907,0.12019204702351907,0.12019204702351914,0.12019204702351911,0.12019204702351911,0.12019204702351911,0.12019204702351914,0.12019204702351917,0.12019204702351914,0.12019204702351907,0.12019204702351911,0.1201920470235191,0.12019204702351914,0.12019204702351916,0.12019204702351913,0.12019204702351918,0.12019204702351909,0.12019204702351913,0.12019204702351913,0.12019204702351909,0.1201920470235191,0.12019204702351913,0.12019204702351913,0.12019204702351911,0.1201920470235191,0.12019204702351911,0.12019204702351913,0.1201920470235191,0.12019204702351914,0.12019204702351911,0.12019204702351914,0.1201920470235191,0.12019204702351913,0.12019204702351911,0.12019204702351911,0.12019204702351906,0.1201920470235191,0.12019204702351907,0.12019204702351911,0.12019204702351906,0.12019204702351907,0.1201920470235191,0.12019204702351914,0.12019204702351904,0.12019204702351914,0.12019204702351909,0.12019204702351907,0.12019204702351913,0.12019204702351907,0.12019204702351907,0.1201920470235191,0.12019204702351911,0.12019204702351902,0.12019204702351911,0.12019204702351907,0.12019204702351909,0.12019204702351909,0.12019204702351907,0.12019204702351907,0.12019204702351907,0.12019204702351906,0.12019204702351906,0.12019204702351911,0.12019204702351906,0.12019204702351902,0.12019204702351907,0.12019204702351906,0.12019204702351906,0.12019204702351907,0.12019204702351906,0.12019204702351909,0.12019204702351909,0.120192047023519,0.12019204702351907,0.12019204702351907,0.12019204702351907,0.12019204702351906,0.12019204702351909,0.12019204702351902,0.12019204702351909,0.12019204702351899,0.12019204702351904,0.12019204702351904,0.12019204702351904,0.12019204702351907,0.12019204702351906,0.12019204702351906,0.12019204702351904,0.12019204702351902,0.12019204702351902,0.12019204702351902,0.12019204702351902,0.12019204702351903,0.12019204702351906,0.12019204702351899,0.12019204702351903,0.12019204702351903,0.120192047023519,0.12019204702351903,0.12019204702351903,0.120192047023519,0.12019204702351906,0.12019204702351904,0.12019204702351903,0.12019204702351906,0.12019204702351902,0.12019204702351902,0.12019204702351904,0.12019204702351897,0.120192047023519,0.12019204702351903,0.120192047023519,0.12019204702351899,0.120192047023519,0.12019204702351903,0.12019204702351903,0.12019204702351902,0.12019204702351902,0.120192047023519,0.12019204702351899,0.120192047023519,0.120192047023519,0.12019204702351902,0.120192047023519,0.12019204702351899,0.12019204702351902,0.12019204702351904,0.12019204702351904,0.12019204702351903,0.12019204702351903,0.12019204702351903,0.12019204702351903,0.12019204702351907,0.12019204702351895,0.12019204702351904,0.12019204702351904,0.12019204702351903,0.12019204702351902,0.12019204702351903,0.12019204702351902,0.12019204702351902,0.12019204702351907,0.12019204702351899,0.12019204702351897,0.12019204702351902,0.12019204702351902,0.12019204702351899,0.12019204702351899,0.120192047023519,0.12019204702351916,0.12019204702351909,0.12019204702351907,0.12019204702351907,0.12019204702351907,0.12019204702351909,0.12019204702351907,0.12019204702351907,0.12019204702351909,0.12019204702351909,0.12019204702351907,0.12019204702351907,0.12019204702351907,0.1201920470235191,0.12019204702351911,0.12019204702351907,0.12019204702351909,0.12019204702351904,0.12019204702351904,0.12019204702351906,0.12019204702351906,0.12019204702351904,0.12019204702351904,0.12019204702351906,0.12019204702351904,0.12019204702351904,0.12019204702351904,0.12019204702351904,0.12019204702351906,0.12019204702351904,0.12019204702351903,0.12019204702351906,0.12019204702351903,0.12019204702351903,0.12019204702351906,0.12019204702351902,0.12019204702351904,0.12019204702351902,0.12019204702351903,0.12019204702351906,0.12019204702351902,0.12019204702351904,0.12019204702351902,0.12019204702351906,0.12019204702351906,0.12019204702351906,0.12019204702351904,0.12019204702351904,0.12019204702351906,0.12019204702351902,0.12019204702351914,0.12019204702351907,0.12019204702351909,0.12019204702351907,0.12019204702351909,0.12019204702351906,0.12019204702351907,0.12019204702351909,0.12019204702351907,0.12019204702351906,0.12019204702351906,0.12019204702351903,0.12019204702351906,0.12019204702351904,0.12019204702351903,0.12019204702351904,0.12019204702351897,0.12019204702351907,0.12019204702351899,0.12019204702351913,0.12019204702351911,0.12019204702351906,0.12019204702351903,0.12019204702351904,0.12019204702351904,0.12019204702351906,0.12019204702351904,0.12019204702351904,0.12019204702351904,0.12019204702351902,0.12019204702351899,0.12019204702351909,0.12019204702351909,0.120192047023519,0.12019204702351902,0.12019204702351903,0.12019204702351906,0.120192047023519,0.12019204702351902,0.120192047023519,0.12019204702351902,0.12019204702351903,0.12019204702351906,0.12019204702351904,0.12019204702351902,0.12019204702351902,0.12019204702351903,0.12019204702351902,0.12019204702351902,0.12019204702351903,0.12019204702351906,0.12019204702351903,0.12019204702351903,0.12019204702351906,0.120192047023519,0.12019204702351907,0.12019204702351907,0.12019204702351909,0.12019204702351907,0.12019204702351907,0.12019204702351907,0.12019204702351907,0.1201920470235191,0.12019204702351907,0.12019204702351907,0.12019204702351906,0.12019204702351909,0.12019204702351909,0.12019204702351907,0.12019204702351907,0.12019204702351907,0.12019204702351911,0.1201920470235191,0.1201920470235191,0.12019204702351909,0.12019204702351907,0.12019204702351909,0.12019204702351914,0.1201920470235191,0.12019204702351907,0.12019204702351907,0.12019204702351907,0.12019204702351906,0.12019204702351904,0.1201920470235191,0.12019204702351906,0.1201920470235191,0.12019204702351909,0.1201920470235191,0.12019204702351909,0.12019204702351909,0.12019204702351909,0.12019204702351906,0.12019204702351911,0.12019204702351904,0.12019204702351907,0.12019204702351906,0.12019204702351902,0.12019204702351913,0.12019204702351906,0.12019204702351906,0.12019204702351906,0.12019204702351904,0.12019204702351904,0.12019204702351904,0.12019204702351903,0.12019204702351909,0.12019204702351906,0.1201920470235191,0.12019204702351904,0.12019204702351904,0.12019204702351903,0.12019204702351904,0.12019204702351906,0.12019204702351904,0.12019204702351904,0.12019204702351906,0.12019204702351904,0.12019204702351902,0.12019204702351904,0.12019204702351904,0.12019204702351899,0.12019204702351902,0.120192047023519,0.12019204702351899,0.12019204702351897,0.12019204702351907,0.12019204702351909,0.12019204702351906,0.120192047023519,0.12019204702351902,0.12019204702351909,0.12019204702351907,0.12019204702351909,0.12019204702351906,0.12019204702351907,0.12019204702351909,0.12019204702351909,0.12019204702351907,0.12019204702351906,0.12019204702351906,0.12019204702351906,0.12019204702351907,0.120192047023519,0.12019204702351904,0.12019204702351903,0.12019204702351902,0.12019204702351907,0.12019204702351907,0.12019204702351907,0.12019204702351904,0.12019204702351904,0.12019204702351902,0.12019204702351903,0.12019204702351904,0.12019204702351899,0.12019204702351907,0.12019204702351904,0.12019204702351906,0.12019204702351902,0.12019204702351903,0.12019204702351903,0.12019204702351907,0.12019204702351906,0.12019204702351907,0.12019204702351907,0.12019204702351907,0.12019204702351909,0.12019204702351907,0.12019204702351904,0.12019204702351904,0.12019204702351906,0.12019204702351906,0.12019204702351904,0.12019204702351903,0.12019204702351906,0.12019204702351904,0.12019204702351904,0.12019204702351903,0.12019204702351902,0.12019204702351903,0.12019204702351903,0.120192047023519,0.12019204702351907,0.12019204702351906,0.12019204702351906,0.12019204702351906,0.12019204702351907,0.12019204702351904,0.12019204702351904,0.12019204702351902,0.12019204702351909,0.12019204702351907,0.12019204702351907,0.1201920470235191,0.12019204702351904,0.12019204702351904,0.12019204702351906,0.12019204702351903,0.12019204702351909,0.12019204702351909,0.12019204702351907,0.12019204702351909,0.12019204702351907,0.12019204702351909,0.12019204702351907,0.12019204702351907,0.12019204702351907,0.12019204702351909,0.12019204702351909,0.12019204702351907,0.12019204702351907,0.12019204702351907,0.12019204702351907,0.12019204702351907,0.12019204702351904,0.1201920470235191,0.1201920470235191,0.12019204702351909,0.12019204702351913,0.12019204702351911,0.1201920470235191,0.12019204702351906,0.12019204702351909,0.12019204702351907,0.12019204702351911,0.12019204702351906,0.12019204702351909,0.12019204702351909,0.1201920470235191,0.1201920470235191,0.12019204702351913,0.12019204702351913,0.1201920470235191,0.1201920470235191,0.12019204702351913,0.12019204702351913,0.12019204702351911,0.12019204702351911,0.12019204702351911,0.12019204702351913,0.12019204702351914,0.12019204702351913,0.1201920470235191,0.12019204702351909,0.12019204702351913,0.1201920470235191,0.12019204702351911,0.1201920470235191,0.12019204702351916,0.12019204702351911,0.1201920470235191,0.1201920470235191,0.12019204702351907,0.12019204702351911,0.12019204702351907,0.12019204702351916,0.12019204702351913,0.12019204702351913,0.12019204702351911,0.12019204702351913,0.12019204702351911,0.1201920470235191,0.12019204702351914,0.12019204702351913,0.12019204702351911,0.1201920470235191,0.12019204702351907,0.12019204702351909,0.12019204702351911,0.12019204702351907,0.1201920470235191,0.12019204702351911,0.12019204702351909,0.12019204702351914,0.12019204702351911,0.12019204702351917,0.12019204702351914,0.12019204702351914,0.12019204702351916,0.12019204702351911,0.12019204702351911,0.1201920470235191,0.1201920470235191,0.12019204702351907,0.12019204702351907,0.1201920470235191,0.1201920470235191,0.1201920470235191,0.12019204702351911,0.12019204702351913,0.1201920470235191,0.1201920470235191,0.12019204702351907,0.12019204702351909,0.12019204702351909,0.12019204702351906,0.12019204702351906,0.12019204702351911,0.12019204702351911,0.12019204702351909,0.12019204702351907,0.1201920470235191,0.12019204702351909,0.12019204702351906,0.12019204702351907,0.1201920470235191,0.12019204702351909,0.12019204702351906,0.12019204702351911,0.1201920470235191,0.1201920470235191,0.12019204702351909,0.12019204702351909,0.12019204702351907,0.12019204702351909,0.12019204702351906,0.12019204702351907,0.12019204702351907,0.12019204702351909,0.1201920470235191,0.12019204702351913,0.12019204702351911,0.12019204702351909,0.1201920470235191,0.1201920470235191,0.12019204702351906,0.12019204702351907,0.1201920470235191,0.12019204702351906,0.12019204702351909,0.12019204702351909,0.12019204702351911,0.1201920470235191,0.12019204702351909,0.1201920470235191,0.12019204702351907,0.12019204702351909,0.12019204702351909,0.12019204702351911,0.12019204702351907,0.1201920470235191,0.12019204702351911,0.12019204702351907,0.1201920470235191,0.12019204702351907,0.12019204702351909,0.12019204702351909,0.12019204702351911,0.12019204702351911,0.12019204702351909,0.1201920470235191,0.1201920470235191,0.12019204702351907,0.12019204702351911,0.12019204702351907,0.1201920470235191,0.12019204702351911,0.12019204702351906,0.12019204702351907,0.12019204702351917,0.12019204702351913,0.12019204702351907,0.12019204702351913,0.12019204702351909,0.12019204702351907,0.12019204702351909,0.12019204702351906,0.12019204702351909,0.1201920470235191,0.1201920470235191,0.12019204702351907,0.12019204702351909,0.12019204702351906,0.12019204702351904,0.12019204702351906,0.12019204702351906,0.12019204702351911,0.12019204702351906,0.12019204702351906,0.12019204702351903,0.12019204702351906,0.12019204702351906,0.12019204702351904,0.12019204702351904,0.12019204702351903,0.12019204702351906,0.12019204702351904,0.12019204702351904,0.12019204702351903,0.12019204702351902,0.12019204702351903,0.12019204702351903,0.12019204702351907,0.120192047023519,0.12019204702351903,0.12019204702351907,0.12019204702351909,0.12019204702351909,0.12019204702351909,0.12019204702351909,0.12019204702351907,0.12019204702351909,0.12019204702351906,0.12019204702351906,0.12019204702351903,0.12019204702351906,0.12019204702351907,0.12019204702351906,0.12019204702351906,0.12019204702351907,0.12019204702351906,0.120192047023519,0.12019204702351903,0.12019204702351909,0.12019204702351909,0.12019204702351906,0.12019204702351909,0.12019204702351907,0.12019204702351906,0.12019204702351907,0.12019204702351907,0.12019204702351909,0.12019204702351906,0.12019204702351909,0.12019204702351904,0.12019204702351904,0.12019204702351902,0.12019204702351907,0.12019204702351907,0.12019204702351909,0.12019204702351904,0.12019204702351909,0.12019204702351909,0.12019204702351906,0.12019204702351907,0.12019204702351904,0.1201920470235191,0.12019204702351907,0.12019204702351906,0.1201920470235191,0.12019204702351906,0.12019204702351904,0.12019204702351904,0.12019204702351907,0.12019204702351907,0.12019204702351906,0.12019204702351906,0.12019204702351906,0.12019204702351906,0.12019204702351904,0.12019204702351906,0.12019204702351907,0.12019204702351906,0.12019204702351904,0.12019204702351904,0.12019204702351904,0.12019204702351902,0.12019204702351903,0.120192047023519,0.120192047023519,0.12019204702351909,0.12019204702351906,0.12019204702351907,0.12019204702351907,0.12019204702351909,0.12019204702351907,0.12019204702351907,0.12019204702351906,0.12019204702351909,0.12019204702351907,0.12019204702351913,0.12019204702351904,0.12019204702351907,0.12019204702351903,0.12019204702351904,0.12019204702351904,0.12019204702351903,0.12019204702351903,0.12019204702351904,0.12019204702351903,0.12019204702351907,0.12019204702351902,0.12019204702351907,0.12019204702351907,0.12019204702351909,0.12019204702351906,0.12019204702351907,0.12019204702351907,0.12019204702351906,0.12019204702351907,0.12019204702351907,0.12019204702351907,0.12019204702351907,0.12019204702351907,0.12019204702351907,0.12019204702351907,0.12019204702351903,0.12019204702351907,0.12019204702351903,0.12019204702351904,0.12019204702351906,0.12019204702351906,0.12019204702351904,0.1201920470235191,0.12019204702351909,0.12019204702351907,0.12019204702351902,0.12019204702351906,0.12019204702351904,0.12019204702351903,0.12019204702351907,0.12019204702351904,0.12019204702351903,0.12019204702351906,0.12019204702351904,0.12019204702351906,0.12019204702351902,0.12019204702351906,0.12019204702351904,0.12019204702351903,0.12019204702351907,0.12019204702351909,0.12019204702351907,0.12019204702351907,0.12019204702351907,0.12019204702351909,0.12019204702351907,0.12019204702351906,0.12019204702351907,0.12019204702351902,0.12019204702351907,0.12019204702351904,0.12019204702351906,0.12019204702351906,0.12019204702351902,0.12019204702351909,0.12019204702351903,0.12019204702351903,0.12019204702351906,0.12019204702351909,0.12019204702351909,0.12019204702351907,0.12019204702351907,0.12019204702351907,0.12019204702351907,0.12019204702351907,0.12019204702351907,0.12019204702351907,0.12019204702351906,0.12019204702351907,0.12019204702351909,0.12019204702351907,0.12019204702351903,0.12019204702351906,0.12019204702351906,0.12019204702351903,0.12019204702351906,0.12019204702351906,0.12019204702351897,0.12019204702351906,0.12019204702351904,0.12019204702351903,0.12019204702351904,0.12019204702351902,0.12019204702351903,0.120192047023519,0.12019204702351903,0.12019204702351903,0.12019204702351907,0.12019204702351902,0.12019204702351904,0.12019204702351903,0.12019204702351906,0.12019204702351906,0.12019204702351904,0.12019204702351904,0.12019204702351907,0.12019204702351907,0.12019204702351907,0.12019204702351907,0.12019204702351907,0.12019204702351906,0.12019204702351909,0.12019204702351909,0.12019204702351909,0.12019204702351909,0.12019204702351909,0.12019204702351904,0.12019204702351903,0.12019204702351906,0.12019204702351904,0.12019204702351903,0.12019204702351904,0.12019204702351904,0.12019204702351906,0.12019204702351906,0.12019204702351904,0.12019204702351904,0.12019204702351906,0.12019204702351904,0.12019204702351903,0.12019204702351907,0.12019204702351907,0.12019204702351904,0.12019204702351906,0.12019204702351904,0.12019204702351904,0.12019204702351904,0.12019204702351904,0.120192047023519,0.12019204702351909,0.12019204702351906,0.12019204702351906,0.12019204702351909,0.12019204702351909,0.12019204702351906,0.12019204702351906,0.12019204702351906,0.12019204702351907,0.12019204702351907,0.12019204702351907,0.12019204702351907,0.12019204702351904,0.12019204702351904,0.12019204702351906,0.12019204702351906,0.12019204702351907,0.12019204702351904,0.12019204702351903,0.12019204702351907,0.12019204702351909,0.12019204702351903,0.12019204702351904,0.12019204702351904,0.12019204702351902,0.12019204702351904,0.12019204702351909,0.12019204702351907,0.12019204702351906,0.12019204702351906,0.12019204702351904,0.12019204702351903,0.12019204702351904,0.12019204702351904,0.12019204702351906,0.12019204702351903,0.12019204702351904,0.12019204702351903,0.12019204702351907,0.12019204702351903,0.12019204702351904,0.12019204702351903,0.12019204702351906,0.12019204702351904,0.12019204702351904,0.12019204702351904,0.120192047023519,0.1201920470235191,0.12019204702351907,0.12019204702351909,0.12019204702351906,0.12019204702351909,0.12019204702351907,0.12019204702351907,0.12019204702351907,0.12019204702351907,0.1201920470235191,0.12019204702351903,0.12019204702351909,0.12019204702351909,0.12019204702351909,0.12019204702351909,0.12019204702351907,0.12019204702351906,0.12019204702351906,0.12019204702351906,0.12019204702351906,0.12019204702351907,0.12019204702351904,0.12019204702351906,0.12019204702351906,0.12019204702351904,0.12019204702351903,0.12019204702351902,0.12019204702351906,0.12019204702351907,0.12019204702351909,0.12019204702351907,0.12019204702351906,0.12019204702351907,0.120192047023519,0.12019204702351903,0.12019204702351902,0.12019204702351904,0.12019204702351909,0.12019204702351907,0.12019204702351907,0.12019204702351907,0.12019204702351906,0.12019204702351909,0.12019204702351906,0.12019204702351907,0.12019204702351907,0.12019204702351906,0.12019204702351909,0.12019204702351907,0.12019204702351906,0.12019204702351906,0.12019204702351909,0.12019204702351909,0.12019204702351909,0.12019204702351907,0.12019204702351909,0.12019204702351907,0.12019204702351909,0.12019204702351907,0.12019204702351906,0.12019204702351904,0.12019204702351907,0.12019204702351906,0.12019204702351904,0.12019204702351907,0.12019204702351896,0.12019204702351909,0.12019204702351906,0.12019204702351907,0.12019204702351906,0.12019204702351904,0.12019204702351909,0.12019204702351906,0.12019204702351907,0.12019204702351907,0.12019204702351909,0.12019204702351906,0.12019204702351909,0.12019204702351907,0.12019204702351911,0.12019204702351906,0.12019204702351906,0.12019204702351906,0.12019204702351906,0.12019204702351904,0.12019204702351907,0.12019204702351906,0.12019204702351906,0.12019204702351904,0.12019204702351906,0.12019204702351902,0.12019204702351906,0.12019204702351906,0.12019204702351904,0.12019204702351906,0.12019204702351904,0.12019204702351907,0.12019204702351906,0.12019204702351903,0.12019204702351909,0.12019204702351902,0.12019204702351903,0.12019204702351907,0.12019204702351907,0.12019204702351909,0.12019204702351907,0.12019204702351906,0.12019204702351906,0.12019204702351906,0.12019204702351904,0.12019204702351902,0.12019204702351902,0.1201920470235191,0.12019204702351909,0.12019204702351907,0.12019204702351906,0.12019204702351907,0.12019204702351906,0.12019204702351906,0.12019204702351909,0.12019204702351909,0.12019204702351907,0.12019204702351909,0.12019204702351909,0.12019204702351907,0.12019204702351906,0.12019204702351909,0.12019204702351907,0.12019204702351906,0.12019204702351904,0.12019204702351907,0.12019204702351904,0.12019204702351903,0.12019204702351906,0.12019204702351902,0.12019204702351907,0.12019204702351906,0.12019204702351903,0.12019204702351903,0.120192047023519,0.12019204702351903,0.12019204702351906,0.12019204702351907,0.12019204702351907,0.12019204702351909,0.12019204702351907,0.12019204702351907,0.12019204702351907,0.12019204702351907,0.12019204702351907,0.12019204702351906,0.12019204702351907,0.12019204702351909,0.12019204702351906,0.12019204702351907,0.12019204702351906,0.12019204702351904,0.12019204702351913,0.12019204702351909,0.12019204702351907,0.12019204702351909,0.12019204702351904,0.12019204702351906,0.12019204702351904,0.12019204702351907,0.12019204702351904,0.12019204702351903,0.12019204702351903,0.12019204702351904,0.12019204702351906,0.12019204702351906,0.12019204702351906,0.12019204702351906,0.12019204702351904,0.12019204702351903,0.12019204702351902,0.12019204702351903,0.12019204702351904,0.12019204702351904,0.12019204702351906,0.12019204702351903,0.120192047023519,0.12019204702351909,0.12019204702351909,0.12019204702351909,0.12019204702351909,0.12019204702351907,0.12019204702351909,0.12019204702351911,0.12019204702351906,0.12019204702351909,0.12019204702351907,0.12019204702351902,0.1201920470235191,0.12019204702351909,0.12019204702351907,0.12019204702351907,0.12019204702351907,0.12019204702351907,0.12019204702351909,0.12019204702351907,0.12019204702351907,0.12019204702351907,0.12019204702351906,0.12019204702351909,0.12019204702351907,0.12019204702351906,0.12019204702351904,0.12019204702351906,0.12019204702351906,0.120192047023519,0.12019204702351906,0.12019204702351909,0.12019204702351904,0.12019204702351909,0.12019204702351906,0.12019204702351904,0.12019204702351903,0.12019204702351903,0.12019204702351909,0.12019204702351904,0.12019204702351907,0.12019204702351904,0.12019204702351909,0.12019204702351906,0.12019204702351909,0.12019204702351907,0.12019204702351907,0.12019204702351906,0.12019204702351907,0.12019204702351906,0.12019204702351899,0.12019204702351904,0.12019204702351906,0.12019204702351904,0.12019204702351904,0.12019204702351906,0.120192047023519,0.12019204702351899,0.12019204702351906,0.12019204702351907,0.12019204702351909,0.12019204702351907,0.12019204702351909,0.12019204702351907,0.12019204702351909,0.12019204702351907,0.12019204702351907,0.12019204702351907,0.12019204702351909,0.12019204702351907,0.12019204702351907,0.12019204702351906,0.12019204702351906,0.12019204702351906,0.12019204702351906,0.12019204702351906,0.12019204702351903,0.12019204702351906,0.12019204702351903,0.12019204702351906,0.12019204702351906,0.12019204702351902,0.12019204702351903,0.12019204702351909,0.12019204702351907,0.12019204702351909,0.12019204702351906,0.12019204702351906,0.12019204702351907,0.12019204702351907,0.12019204702351909,0.12019204702351906,0.12019204702351907,0.12019204702351906,0.12019204702351906,0.12019204702351904,0.12019204702351907,0.12019204702351907,0.12019204702351909,0.12019204702351906,0.1201920470235191,0.12019204702351906,0.12019204702351904,0.12019204702351904,0.12019204702351906,0.12019204702351906,0.12019204702351904,0.12019204702351906,0.12019204702351904,0.12019204702351906,0.12019204702351906,0.12019204702351904,0.12019204702351903,0.12019204702351909,0.120192047023519,0.12019204702351909,0.12019204702351906,0.12019204702351914,0.12019204702351906,0.12019204702351907,0.12019204702351909,0.12019204702351907,0.12019204702351907,0.12019204702351907,0.12019204702351907,0.12019204702351907,0.12019204702351909,0.12019204702351906,0.12019204702351907,0.12019204702351906,0.12019204702351904,0.12019204702351904,0.12019204702351903,0.12019204702351909,0.12019204702351907,0.12019204702351902,0.12019204702351925,0.12019204702351904,0.12019204702351909,0.12019204702351907,0.12019204702351909,0.12019204702351906,0.1201920470235191,0.12019204702351909,0.12019204702351907,0.1201920470235191,0.1201920470235191,0.1201920470235191,0.12019204702351909,0.12019204702351909,0.12019204702351907,0.12019204702351911,0.12019204702351913,0.1201920470235191,0.12019204702351914,0.12019204702351907,0.1201920470235191,0.12019204702351907,0.12019204702351916,0.12019204702351907,0.12019204702351909,0.1201920470235191,0.1201920470235191,0.1201920470235191,0.1201920470235191,0.12019204702351909,0.12019204702351909,0.12019204702351913,0.12019204702351904,0.12019204702351906,0.12019204702351907,0.12019204702351909,0.12019204702351907,0.12019204702351906,0.12019204702351909,0.12019204702351903,0.12019204702351909,0.12019204702351907,0.12019204702351909,0.12019204702351907,0.12019204702351907,0.12019204702351907,0.12019204702351903,0.12019204702351906,0.12019204702351906,0.12019204702351907,0.12019204702351906,0.12019204702351906,0.12019204702351897,0.12019204702351907,0.12019204702351909,0.12019204702351907,0.12019204702351903,0.12019204702351907,0.12019204702351907,0.12019204702351907,0.12019204702351909,0.12019204702351909,0.12019204702351907,0.12019204702351906,0.12019204702351907,0.12019204702351904,0.12019204702351907,0.1201920470235191,0.12019204702351907,0.12019204702351909,0.12019204702351909,0.12019204702351907,0.12019204702351907,0.12019204702351907,0.12019204702351904,0.12019204702351904,0.12019204702351906,0.12019204702351904,0.12019204702351904,0.12019204702351903,0.12019204702351909,0.12019204702351907,0.12019204702351902,0.12019204702351906,0.12019204702351904,0.12019204702351902,0.12019204702351906,0.12019204702351907,0.12019204702351906,0.12019204702351909,0.12019204702351909,0.12019204702351913,0.12019204702351896,0.12019204702351903,0.12019204702351906,0.12019204702351904,0.12019204702351903,0.12019204702351906,0.12019204702351904,0.12019204702351906,0.12019204702351906,0.12019204702351904,0.12019204702351904,0.12019204702351904,0.12019204702351902,0.12019204702351909,0.12019204702351907,0.12019204702351909,0.12019204702351907,0.12019204702351906,0.12019204702351907,0.12019204702351907,0.12019204702351906,0.1201920470235191,0.12019204702351904,0.12019204702351906,0.12019204702351904,0.12019204702351911,0.12019204702351906,0.12019204702351904,0.12019204702351906,0.12019204702351903,0.12019204702351906,0.12019204702351907,0.12019204702351907,0.12019204702351906,0.12019204702351909,0.12019204702351906,0.12019204702351906,0.12019204702351907,0.12019204702351907,0.12019204702351906,0.12019204702351907,0.12019204702351907,0.12019204702351909,0.12019204702351907,0.1201920470235191,0.12019204702351909,0.12019204702351907,0.1201920470235191,0.12019204702351909,0.12019204702351907,0.1201920470235191,0.12019204702351906,0.12019204702351909,0.12019204702351907,0.12019204702351907,0.1201920470235191,0.12019204702351909,0.12019204702351907,0.12019204702351907,0.12019204702351914,0.12019204702351909,0.12019204702351907,0.12019204702351909,0.12019204702351909,0.12019204702351909,0.1201920470235191,0.12019204702351909,0.12019204702351907,0.12019204702351907,0.12019204702351909,0.12019204702351911,0.1201920470235191,0.12019204702351907,0.12019204702351909,0.12019204702351906,0.12019204702351907,0.12019204702351909,0.12019204702351909,0.12019204702351909,0.12019204702351909,0.12019204702351907,0.12019204702351906,0.12019204702351906,0.12019204702351906,0.12019204702351907,0.12019204702351907,0.12019204702351909,0.1201920470235191,0.12019204702351909,0.12019204702351906,0.12019204702351907,0.12019204702351907,0.12019204702351909,0.12019204702351909,0.12019204702351907,0.1201920470235191,0.12019204702351909,0.12019204702351909,0.12019204702351907,0.12019204702351909,0.12019204702351907,0.12019204702351909,0.12019204702351902,0.12019204702351911,0.12019204702351909,0.12019204702351909,0.12019204702351906,0.12019204702351907,0.12019204702351906,0.12019204702351909,0.12019204702351904,0.12019204702351911,0.12019204702351907,0.12019204702351907,0.12019204702351906,0.12019204702351909,0.12019204702351907,0.12019204702351906,0.12019204702351904,0.12019204702351909,0.12019204702351904,0.12019204702351907,0.12019204702351906,0.12019204702351904,0.12019204702351906,0.12019204702351904,0.12019204702351906,0.12019204702351904,0.120192047023519,0.12019204702351902,0.12019204702351902,0.12019204702351903,0.12019204702351906,0.12019204702351906,0.120192047023519,0.12019204702351902,0.12019204702351899,0.12019204702351902,0.120192047023519,0.12019204702351899,0.12019204702351897,0.12019204702351902,0.12019204702351903,0.120192047023519,0.12019204702351899,0.12019204702351899,0.120192047023519,0.120192047023519,0.12019204702351899,0.12019204702351897,0.120192047023519,0.120192047023519,0.12019204702351899,0.12019204702351903,0.120192047023519,0.120192047023519,0.12019204702351899,0.12019204702351902,0.120192047023519,0.12019204702351897,0.12019204702351899,0.120192047023519,0.12019204702351906,0.12019204702351906,0.12019204702351909,0.12019204702351907,0.12019204702351907,0.12019204702351909,0.1201920470235191,0.12019204702351909,0.12019204702351907,0.12019204702351909,0.12019204702351906,0.12019204702351903,0.12019204702351906,0.12019204702351904,0.12019204702351902,0.12019204702351907,0.12019204702351907,0.12019204702351906,0.12019204702351907,0.12019204702351909,0.12019204702351906,0.12019204702351909,0.12019204702351907,0.12019204702351907,0.12019204702351907,0.12019204702351909,0.12019204702351909,0.12019204702351907,0.12019204702351909,0.12019204702351909,0.12019204702351907,0.12019204702351909,0.12019204702351909,0.1201920470235191,0.1201920470235191,0.1201920470235191,0.12019204702351913,0.12019204702351911,0.12019204702351911,0.12019204702351914,0.12019204702351911,0.1201920470235191,0.12019204702351911,0.12019204702351909,0.12019204702351913,0.12019204702351913,0.12019204702351911,0.1201920470235191,0.12019204702351917,0.12019204702351913,0.12019204702351913,0.12019204702351909,0.12019204702351916,0.12019204702351917,0.12019204702351914,0.12019204702351913,0.12019204702351911,0.12019204702351914,0.12019204702351911,0.12019204702351911,0.12019204702351916,0.12019204702351909,0.1201920470235191,0.12019204702351913,0.1201920470235191,0.1201920470235191,0.12019204702351913,0.12019204702351913,0.1201920470235191,0.1201920470235191,0.12019204702351918,0.12019204702351914,0.12019204702351917,0.12019204702351914,0.12019204702351913,0.12019204702351907,0.1201920470235191,0.1201920470235191,0.12019204702351911,0.12019204702351911,0.12019204702351913,0.1201920470235191,0.12019204702351907,0.1201920470235191,0.1201920470235191,0.12019204702351907,0.12019204702351916,0.12019204702351913,0.12019204702351913,0.12019204702351911,0.12019204702351911,0.1201920470235191,0.1201920470235191,0.12019204702351909,0.12019204702351911,0.1201920470235191,0.12019204702351907,0.12019204702351914,0.12019204702351913,0.1201920470235191,0.12019204702351911,0.1201920470235191,0.12019204702351913,0.12019204702351913,0.12019204702351909,0.1201920470235191,0.12019204702351917,0.12019204702351909,0.12019204702351911,0.12019204702351913,0.1201920470235191,0.12019204702351913,0.12019204702351913,0.1201920470235191,0.12019204702351909,0.12019204702351916,0.12019204702351914,0.12019204702351911,0.12019204702351914,0.1201920470235191,0.12019204702351911,0.12019204702351916,0.12019204702351914,0.1201920470235191,0.12019204702351914,0.12019204702351913,0.12019204702351913,0.12019204702351906,0.12019204702351916,0.12019204702351911,0.12019204702351914,0.12019204702351913,0.12019204702351913,0.12019204702351911,0.12019204702351914,0.12019204702351911,0.1201920470235191,0.12019204702351914,0.12019204702351913,0.12019204702351909,0.12019204702351907,0.12019204702351909,0.12019204702351906,0.12019204702351907,0.12019204702351911,0.12019204702351907,0.1201920470235191,0.12019204702351913,0.12019204702351911,0.1201920470235191,0.1201920470235191,0.1201920470235191,0.12019204702351909,0.12019204702351914,0.12019204702351911,0.12019204702351914,0.12019204702351909,0.12019204702351917,0.12019204702351914,0.1201920470235191,0.12019204702351917,0.12019204702351911,0.12019204702351916,0.12019204702351907,0.12019204702351914,0.12019204702351914,0.12019204702351914,0.12019204702351914,0.12019204702351914,0.12019204702351916,0.12019204702351911,0.12019204702351913,0.12019204702351909,0.12019204702351913,0.12019204702351913,0.12019204702351913,0.12019204702351914,0.12019204702351913,0.1201920470235191,0.12019204702351909,0.1201920470235191,0.12019204702351911,0.12019204702351909,0.12019204702351916,0.12019204702351909,0.12019204702351911,0.12019204702351916,0.12019204702351911,0.12019204702351913,0.12019204702351914,0.12019204702351907,0.12019204702351911,0.12019204702351909,0.1201920470235191,0.12019204702351907,0.1201920470235191,0.1201920470235191,0.1201920470235191,0.1201920470235191,0.12019204702351909,0.12019204702351907,0.12019204702351909,0.12019204702351911,0.12019204702351907,0.12019204702351907,0.12019204702351909,0.12019204702351909,0.12019204702351904,0.12019204702351906,0.12019204702351904,0.12019204702351907,0.12019204702351903,0.12019204702351906,0.12019204702351907,0.12019204702351907,0.12019204702351906,0.12019204702351907,0.12019204702351909,0.12019204702351903,0.12019204702351904,0.12019204702351903,0.12019204702351904,0.12019204702351907,0.12019204702351909,0.12019204702351909,0.12019204702351907,0.12019204702351909,0.12019204702351909,0.12019204702351907,0.1201920470235191,0.12019204702351902,0.12019204702351916,0.1201920470235191,0.1201920470235191,0.12019204702351903,0.12019204702351906,0.12019204702351906,0.12019204702351904,0.12019204702351904,0.12019204702351904,0.12019204702351906,0.12019204702351904,0.12019204702351903,0.120192047023519,0.12019204702351904,0.12019204702351904,0.12019204702351907,0.12019204702351903,0.12019204702351911,0.12019204702351907,0.12019204702351906,0.12019204702351907,0.12019204702351906,0.12019204702351904,0.12019204702351904,0.12019204702351906,0.12019204702351904,0.12019204702351904,0.12019204702351906,0.12019204702351903,0.12019204702351906,0.12019204702351903,0.12019204702351907,0.12019204702351907,0.12019204702351907,0.12019204702351906,0.12019204702351907,0.12019204702351907,0.12019204702351907,0.12019204702351907,0.12019204702351909,0.12019204702351907,0.12019204702351906,0.12019204702351909,0.12019204702351909,0.12019204702351904,0.1201920470235191,0.12019204702351907,0.12019204702351906,0.1201920470235191,0.12019204702351906,0.12019204702351918,0.12019204702351909,0.12019204702351916,0.12019204702351913,0.12019204702351914,0.12019204702351911,0.12019204702351909,0.12019204702351911,0.12019204702351909,0.12019204702351913,0.12019204702351911,0.12019204702351913,0.12019204702351913,0.1201920470235191,0.12019204702351913,0.1201920470235191,0.12019204702351914,0.12019204702351913,0.12019204702351911,0.12019204702351911,0.1201920470235191,0.12019204702351913,0.12019204702351916,0.12019204702351911,0.12019204702351907,0.12019204702351914,0.12019204702351911,0.12019204702351913,0.12019204702351914,0.12019204702351913,0.1201920470235191,0.12019204702351911,0.12019204702351913,0.12019204702351903,0.1201920470235191,0.12019204702351911,0.1201920470235191,0.12019204702351913,0.12019204702351907,0.1201920470235191,0.1201920470235191,0.1201920470235191,0.12019204702351909,0.1201920470235191,0.1201920470235191,0.12019204702351909,0.12019204702351906,0.12019204702351907,0.12019204702351904,0.1201920470235191,0.12019204702351909,0.1201920470235191,0.12019204702351909,0.12019204702351909,0.12019204702351909,0.12019204702351911,0.12019204702351911,0.1201920470235191,0.12019204702351909,0.12019204702351907,0.12019204702351911,0.1201920470235191,0.12019204702351906,0.12019204702351909,0.12019204702351911,0.12019204702351907,0.12019204702351909,0.12019204702351907,0.12019204702351911,0.12019204702351911,0.12019204702351911,0.1201920470235191,0.1201920470235191,0.1201920470235191,0.12019204702351911,0.12019204702351911,0.1201920470235191,0.1201920470235191,0.1201920470235191,0.12019204702351913,0.12019204702351911,0.12019204702351913,0.1201920470235191,0.1201920470235191,0.1201920470235191,0.12019204702351907,0.12019204702351909,0.12019204702351907,0.12019204702351913,0.12019204702351909,0.12019204702351917,0.12019204702351911,0.12019204702351914,0.12019204702351909,0.12019204702351911,0.12019204702351907,0.12019204702351913,0.12019204702351911,0.12019204702351913,0.12019204702351907,0.12019204702351911,0.1201920470235191,0.12019204702351913,0.12019204702351914,0.12019204702351914,0.12019204702351911,0.1201920470235191,0.1201920470235191,0.1201920470235191,0.12019204702351909,0.1201920470235191,0.1201920470235191,0.12019204702351911,0.1201920470235191,0.1201920470235191,0.12019204702351913,0.12019204702351913,0.12019204702351911,0.12019204702351911,0.1201920470235191,0.12019204702351914,0.12019204702351911,0.12019204702351916,0.1201920470235191,0.1201920470235191,0.12019204702351909,0.12019204702351911,0.12019204702351911,0.12019204702351911,0.12019204702351913,0.12019204702351911,0.12019204702351903,0.12019204702351911,0.1201920470235191,0.12019204702351913,0.12019204702351907,0.12019204702351911,0.1201920470235191,0.12019204702351909,0.12019204702351907,0.12019204702351904,0.12019204702351906,0.12019204702351903,0.12019204702351906,0.12019204702351903,0.12019204702351907,0.12019204702351903,0.12019204702351906,0.12019204702351904,0.12019204702351904,0.12019204702351909,0.12019204702351902,0.12019204702351903,0.12019204702351909,0.120192047023519,0.12019204702351906,0.12019204702351902,0.12019204702351904,0.12019204702351902,0.12019204702351907,0.12019204702351904,0.12019204702351906,0.12019204702351903,0.12019204702351909,0.12019204702351903,0.12019204702351903,0.12019204702351906,0.12019204702351906,0.12019204702351904,0.12019204702351903,0.12019204702351906,0.12019204702351906,0.12019204702351902,0.12019204702351903,0.120192047023519,0.12019204702351904,0.120192047023519,0.12019204702351906,0.12019204702351903,0.12019204702351899,0.12019204702351907,0.120192047023519,0.12019204702351902,0.12019204702351902,0.12019204702351903,0.12019204702351904,0.12019204702351903,0.12019204702351903,0.12019204702351903,0.12019204702351906,0.12019204702351902,0.12019204702351903,0.12019204702351903,0.12019204702351904,0.12019204702351903,0.120192047023519,0.12019204702351897,0.12019204702351902,0.12019204702351899,0.12019204702351904,0.12019204702351906,0.120192047023519,0.12019204702351904,0.12019204702351899,0.12019204702351902,0.12019204702351903,0.12019204702351902,0.12019204702351904,0.12019204702351902,0.12019204702351906,0.12019204702351903,0.12019204702351909,0.12019204702351902,0.12019204702351903,0.12019204702351904,0.12019204702351906,0.12019204702351903,0.12019204702351903,0.120192047023519,0.12019204702351902,0.12019204702351904,0.12019204702351906,0.12019204702351899,0.12019204702351906,0.12019204702351906,0.12019204702351906,0.12019204702351906,0.12019204702351906,0.12019204702351906,0.12019204702351907,0.12019204702351909,0.12019204702351907,0.12019204702351907,0.12019204702351907,0.120192047023519,0.1201920470235191,0.12019204702351907,0.12019204702351907,0.1201920470235191,0.12019204702351909,0.12019204702351909,0.12019204702351906,0.12019204702351907,0.12019204702351906,0.12019204702351907,0.12019204702351909,0.12019204702351907,0.12019204702351907,0.12019204702351906,0.12019204702351911,0.12019204702351911,0.1201920470235191,0.12019204702351909,0.12019204702351907,0.12019204702351906,0.12019204702351907,0.12019204702351909,0.12019204702351907,0.12019204702351909,0.12019204702351906,0.12019204702351907,0.12019204702351909,0.12019204702351907,0.12019204702351909,0.12019204702351906,0.12019204702351906,0.12019204702351907,0.12019204702351903,0.12019204702351907,0.12019204702351904,0.12019204702351904,0.12019204702351909,0.12019204702351906,0.12019204702351906,0.12019204702351907,0.12019204702351907,0.12019204702351909,0.12019204702351907,0.12019204702351907,0.12019204702351906,0.12019204702351906,0.12019204702351907,0.12019204702351904,0.12019204702351906,0.12019204702351907,0.12019204702351903,0.12019204702351906,0.12019204702351903,0.12019204702351903,0.12019204702351906,0.12019204702351902,0.12019204702351902,0.12019204702351909,0.120192047023519,0.120192047023519,0.12019204702351906,0.12019204702351904,0.12019204702351909,0.12019204702351899,0.12019204702351907,0.12019204702351907,0.12019204702351909,0.12019204702351909,0.12019204702351907,0.12019204702351909,0.12019204702351903,0.12019204702351909,0.12019204702351907,0.12019204702351907,0.12019204702351907,0.12019204702351906,0.12019204702351909,0.12019204702351906,0.12019204702351909,0.12019204702351907,0.1201920470235191,0.12019204702351906,0.12019204702351909,0.1201920470235191,0.12019204702351906,0.12019204702351907,0.12019204702351907,0.12019204702351907,0.12019204702351911,0.12019204702351906,0.12019204702351911,0.12019204702351909,0.12019204702351914,0.12019204702351911,0.12019204702351906,0.12019204702351904,0.12019204702351907,0.12019204702351916,0.12019204702351907,0.12019204702351906,0.1201920470235191,0.12019204702351899,0.12019204702351904,0.12019204702351904,0.12019204702351906,0.12019204702351902,0.12019204702351906,0.12019204702351909,0.12019204702351907,0.12019204702351906,0.12019204702351909,0.12019204702351909,0.12019204702351907,0.12019204702351907,0.12019204702351907,0.12019204702351907,0.12019204702351909,0.12019204702351907,0.12019204702351906,0.12019204702351906,0.1201920470235191,0.12019204702351909,0.12019204702351906,0.12019204702351907,0.1201920470235191,0.1201920470235191,0.12019204702351909,0.12019204702351909,0.12019204702351907,0.12019204702351906,0.12019204702351909,0.12019204702351903,0.12019204702351906,0.12019204702351907,0.12019204702351904,0.12019204702351906,0.12019204702351904,0.12019204702351904,0.12019204702351903,0.12019204702351906,0.12019204702351903,0.12019204702351904,0.12019204702351903,0.12019204702351906,0.12019204702351904,0.12019204702351904,0.12019204702351906,0.12019204702351902,0.12019204702351907,0.12019204702351907,0.12019204702351907,0.120192047023519,0.12019204702351909,0.12019204702351909,0.12019204702351909,0.12019204702351907,0.12019204702351904,0.12019204702351903,0.12019204702351906,0.12019204702351903,0.12019204702351903,0.12019204702351906,0.12019204702351902,0.12019204702351906,0.12019204702351906,0.12019204702351907,0.12019204702351904,0.12019204702351906,0.12019204702351906,0.12019204702351904,0.12019204702351899,0.120192047023519,0.12019204702351903,0.12019204702351899,0.12019204702351899,0.12019204702351916,0.12019204702351903,0.12019204702351897,0.12019204702351906,0.12019204702351899,0.12019204702351906,0.12019204702351906,0.12019204702351907,0.12019204702351909,0.12019204702351907,0.12019204702351907,0.12019204702351907,0.12019204702351909,0.12019204702351906,0.12019204702351907,0.1201920470235191,0.12019204702351907,0.12019204702351907,0.12019204702351907,0.12019204702351909,0.12019204702351907,0.12019204702351907,0.12019204702351906,0.12019204702351906,0.12019204702351909,0.12019204702351907,0.12019204702351906,0.12019204702351907,0.12019204702351906,0.12019204702351907,0.12019204702351904,0.12019204702351906,0.12019204702351906,0.12019204702351904,0.12019204702351906,0.12019204702351904,0.12019204702351904,0.12019204702351903,0.12019204702351904,0.12019204702351902,0.12019204702351906,0.12019204702351904,0.12019204702351904,0.12019204702351904,0.120192047023519,0.120192047023519,0.12019204702351903,0.12019204702351903,0.12019204702351903,0.120192047023519,0.120192047023519,0.12019204702351899,0.12019204702351902,0.12019204702351907,0.120192047023519,0.12019204702351902,0.12019204702351902,0.12019204702351902,0.12019204702351906,0.120192047023519,0.12019204702351902,0.120192047023519,0.12019204702351902,0.12019204702351903,0.120192047023519,0.120192047023519,0.120192047023519,0.12019204702351902,0.12019204702351904,0.12019204702351899,0.12019204702351904,0.12019204702351904,0.12019204702351906,0.12019204702351904,0.12019204702351904,0.12019204702351903,0.12019204702351904,0.12019204702351902,0.12019204702351902,0.12019204702351902,0.12019204702351902,0.12019204702351903,0.12019204702351904,0.12019204702351907,0.120192047023519,0.120192047023519,0.12019204702351903,0.12019204702351904,0.12019204702351906,0.12019204702351909,0.12019204702351906,0.12019204702351907,0.12019204702351907,0.12019204702351907,0.12019204702351907,0.12019204702351909,0.12019204702351909,0.12019204702351906,0.12019204702351904,0.12019204702351903,0.12019204702351903,0.12019204702351903,0.12019204702351904,0.12019204702351907,0.12019204702351896,0.12019204702351909,0.12019204702351909,0.12019204702351909,0.12019204702351909,0.12019204702351907,0.12019204702351907,0.12019204702351907,0.12019204702351907,0.12019204702351907,0.12019204702351906,0.12019204702351907,0.12019204702351907,0.12019204702351909,0.12019204702351907,0.12019204702351907,0.12019204702351907,0.12019204702351909,0.12019204702351904,0.12019204702351906,0.12019204702351906,0.12019204702351906,0.12019204702351903,0.12019204702351906,0.12019204702351906,0.12019204702351903,0.12019204702351904,0.12019204702351906,0.12019204702351902,0.12019204702351902,0.12019204702351902,0.12019204702351902,0.120192047023519,0.12019204702351903,0.12019204702351902,0.12019204702351904,0.12019204702351906,0.12019204702351903,0.12019204702351903,0.12019204702351907,0.12019204702351903,0.12019204702351906,0.12019204702351903,0.12019204702351903,0.12019204702351907,0.12019204702351906,0.12019204702351907,0.12019204702351909,0.12019204702351907,0.12019204702351907,0.12019204702351907,0.1201920470235191,0.1201920470235191,0.12019204702351909,0.12019204702351909,0.12019204702351906,0.12019204702351909,0.12019204702351913,0.12019204702351909,0.12019204702351907,0.1201920470235191,0.12019204702351904,0.12019204702351907,0.12019204702351909,0.12019204702351911,0.1201920470235191,0.12019204702351909,0.12019204702351913,0.1201920470235191,0.12019204702351909,0.12019204702351909,0.12019204702351909,0.12019204702351906,0.12019204702351909,0.12019204702351906,0.12019204702351909,0.12019204702351909,0.12019204702351909,0.12019204702351909,0.120192047023519,0.12019204702351909,0.12019204702351909,0.12019204702351907,0.12019204702351907,0.12019204702351907,0.12019204702351907,0.12019204702351907,0.12019204702351907,0.12019204702351909,0.12019204702351907,0.12019204702351907,0.12019204702351909,0.12019204702351909,0.12019204702351907,0.12019204702351906,0.12019204702351907,0.12019204702351907,0.12019204702351902,0.12019204702351907,0.12019204702351907,0.12019204702351907,0.12019204702351907,0.12019204702351909,0.12019204702351904,0.12019204702351907,0.12019204702351907,0.12019204702351909,0.12019204702351906,0.12019204702351906,0.12019204702351909,0.12019204702351909,0.12019204702351907,0.12019204702351907,0.12019204702351907,0.12019204702351909,0.1201920470235191,0.12019204702351906,0.12019204702351907,0.12019204702351904,0.12019204702351904,0.12019204702351904,0.12019204702351906,0.12019204702351897,0.12019204702351902,0.120192047023519,0.120192047023519,0.12019204702351904,0.120192047023519,0.12019204702351902,0.12019204702351902,0.12019204702351902,0.12019204702351899,0.12019204702351902,0.12019204702351899,0.12019204702351909,0.120192047023519,0.12019204702351899,0.120192047023519,0.120192047023519,0.12019204702351899,0.12019204702351899,0.12019204702351897,0.12019204702351897,0.120192047023519,0.12019204702351899,0.12019204702351904,0.12019204702351906,0.12019204702351903,0.12019204702351903,0.12019204702351903,0.12019204702351907,0.12019204702351909,0.12019204702351907,0.12019204702351906,0.12019204702351903,0.12019204702351909,0.12019204702351906,0.12019204702351904,0.12019204702351907,0.12019204702351904,0.12019204702351907,0.12019204702351906,0.12019204702351904,0.12019204702351906,0.12019204702351902,0.12019204702351907,0.12019204702351903,0.12019204702351904,0.12019204702351904,0.12019204702351904,0.12019204702351904,0.12019204702351903,0.12019204702351907,0.12019204702351902,0.12019204702351903,0.12019204702351903,0.12019204702351903,0.12019204702351906,0.12019204702351907,0.12019204702351909,0.12019204702351907,0.12019204702351907
1,0.0,4.8115144335810976e-40,4.8115144335810976e-40,4.8115148153911245e-40,4.844681570646657e-40,4.96352663461974e-40,4.96352663461974e-40,4.96352663461974e-40,4.96352663461974e-40,4.96352663461974e-40,4.96352663461974e-40,4.96352663461974e-40,4.96352663461974e-40,4.96352663461974e-40,4.96352663461974e-40,4.96352663461974e-40,4.96352663461974e-40,4.96352663461974e-40,4.96352663461974e-40,4.96352663461974e-40,4.96352663461974e-40,4.96352663461974e-40,4.96352663461974e-40,4.96352663461974e-40,4.96352663461974e-40,4.96352663461974e-40,4.96352663461974e-40,4.96352663461974e-40,4.96352663461974e-40,4.96352663461974e-40,4.96352663461974e-40,4.96352663461974e-40,4.96352663461974e-40,4.96352663461974e-40,4.96352663461974e-40,4.96352663461974e-40,4.96352663461974e-40,4.96352663461974e-40,4.96352663461974e-40,4.96352663461974e-40,4.96352663461974e-40,4.96352663461974e-40,4.96352663461974e-40,4.96352663461974e-40,4.96352663461974e-40,4.96352663461974e-40,4.96352663461974e-40,4.96352663461974e-40,4.96352663461974e-40,4.96352663461974e-40,4.96352663461974e-40,4.96352663461974e-40,4.96352663461974e-40,4.96352663461974e-40,4.96352663461974e-40,4.96352663461974e-40,4.96352663461974e-40,4.96352663461974e-40,4.96352663461974e-40,4.96352663461974e-40,4.96352663461974e-40,4.96352663461974e-40,4.96352663461974e-40,4.96352663461974e-40,4.96352663461974e-40,4.96352663461974e-40,4.96352663461974e-40,4.96352663461974e-40,4.96352663461974e-40,4.96352663461974e-40,4.96352663461974e-40,4.96352663461974e-40,4.96352663461974e-40,4.96352663461974e-40,4.96352663461974e-40,4.96352663461974e-40,4.96352663461974e-40,4.96352663461974e-40,4.96352663461974e-40,4.96352663461974e-40,4.96352663461974e-40,4.96352663461974e-40,4.96352663461974e-40,4.96352663461974e-40,4.96352663461974e-40,4.96352663461974e-40,4.96352663461974e-40,4.96352663461974e-40,4.96352663461974e-40,4.96352663461974e-40,4.96352663461974e-40,4.96352663461974e-40,4.96352663461974e-40,4.96352663461974e-40,4.96352663461974e-40,4.96352663461974e-40,4.96352663461974e-40,4.96352663461974e-40,4.96352663461974e-40,4.96352663461974e-40,4.96352663461974e-40,4.96352663461974e-40,4.96352663461974e-40,4.96352663461974e-40,4.96352663461974e-40,4.96352663461974e-40,4.96352663461974e-40,4.96352663461974e-40,4.96352663461974e-40,4.96352663461974e-40,4.96352663461974e-40,4.96352663461974e-40,4.96352663461974e-40,4.96352663461974e-40,4.96352663461974e-40,4.96352663461974e-40,4.96352663461974e-40,4.96352663461974e-40,4.96352663461974e-40,4.96352663461974e-40,4.96352663461974e-40,4.96352663461974e-40,4.96352663461974e-40,4.96352663461974e-40,4.96352663461974e-40,4.96352663461974e-40,4.96352663461974e-40,4.96352663461974e-40,4.96352663461974e-40,4.96352663461974e-40,4.96352663461974e-40,4.96352663461974e-40,4.96352663461974e-40,4.96352663461974e-40,4.96352663461974e-40,4.96352663461974e-40,4.96352663461974e-40,4.96352663461974e-40,4.96352663461974e-40,4.96352663461974e-40,4.96352663461974e-40,4.96352663461974e-40,4.96352663461974e-40,4.96352663461974e-40,4.96352663461974e-40,4.96352663461974e-40,4.96352663461974e-40,4.96352663461974e-40,4.96352663461974e-40,4.96352663461974e-40,4.96352663461974e-40,4.96352663461974e-40,4.96352663461974e-40,4.96352663461974e-40,4.96352663461974e-40,4.96352663461974e-40,4.96352663461974e-40,4.96352663461974e-40,4.96352663461974e-40,4.96352663461974e-40,4.96352663461974e-40,4.96352663461974e-40,4.96352663461974e-40,4.96352663461974e-40,4.96352663461974e-40,4.96352663461974e-40,4.96352663461974e-40,4.96352663461974e-40,4.96352663461974e-40,4.96352663461974e-40,4.96352663461974e-40,4.96352663461974e-40,4.96352663461974e-40,4.96352663461974e-40,4.96352663461974e-40,4.96352663461974e-40,4.96352663461974e-40,4.96352663461974e-40,4.96352663461974e-40,4.96352663461974e-40,4.96352663461974e-40,4.96352663461974e-40,4.96352663461974e-40,4.96352663461974e-40,4.96352663461974e-40,4.96352663461974e-40,4.96352663461974e-40,4.96352663461974e-40,4.96352663461974e-40,4.96352663461974e-40,4.96352663461974e-40,4.96352663461974e-40,4.96352663461974e-40,4.96352663461974e-40,4.96352663461974e-40,4.96352663461974e-40,4.96352663461974e-40,4.96352663461974e-40,4.96352663461974e-40,4.96352663461974e-40,4.96352663461974e-40,4.96352663461974e-40,4.96352663461974e-40,4.96352663461974e-40,4.96352663461974e-40,4.96352663461974e-40,4.96352663461974e-40,4.96352663461974e-40,4.96352663461974e-40,4.96352663461974e-40,4.96352663461974e-40,4.96352663461974e-40,4.96352663461974e-40,4.96352663461974e-40,4.96352663461974e-40,4.96352663461974e-40,4.96352663461974e-40,4.96352663461974e-40,4.96352663461974e-40,4.96352663461974e-40,4.96352663461974e-40,4.96352663461974e-40,4.96352663461974e-40,4.96352663461974e-40,4.96352663461974e-40,4.96352663461974e-40,4.96352663461974e-40,4.96352663461974e-40,4.96352663461974e-40,4.96352663461974e-40,4.96352663461974e-40,4.96352663461974e-40,4.96352663461974e-40,4.96352663461974e-40,4.96352663461974e-40,4.96352663461974e-40,4.96352663461974e-40,4.96352663461974e-40,4.96352663461974e-40,4.96352663461974e-40,4.96352663461974e-40,4.96352663461974e-40,4.96352663461974e-40,4.96352663461974e-40,4.96352663461974e-40,4.96352663461974e-40,4.96352663461974e-40,4.96352663461974e-40,4.96352663461974e-40,4.96352663461974e-40,4.96352663461974e-40,4.96352663461974e-40,4.96352663461974e-40,4.96352663461974e-40,4.96352663461974e-40,4.96352663461974e-40,4.96352663461974e-40,4.96352663461974e-40,4.96352663461974e-40,4.96352663461974e-40,4.96352663461974e-40,4.96352663461974e-40,4.96352663461974e-40,4.96352663461974e-40,4.96352663461974e-40,4.96352663461974e-40,4.96352663461974e-40,4.96352663461974e-40,4.96352663461974e-40,4.96352663461974e-40,4.96352663461974e-40,4.96352663461974e-40,4.96352663461974e-40,4.96352663461974e-40,4.96352663461974e-40,4.96352663461974e-40,4.96352663461974e-40,4.96352663461974e-40,4.96352663461974e-40,4.96352663461974e-40,4.96352663461974e-40,4.96352663461974e-40,4.96352663461974e-40,4.96352663461974e-40,4.96352663461974e-40,4.96352663461974e-40,4.96352663461974e-40,4.96352663461974e-40,4.96352663461974e-40,4.96352663461974e-40,4.96352663461974e-40,4.96352663461974e-40,4.96352663461974e-40,4.96352663461974e-40,4.96352663461974e-40,4.96352663461974e-40,4.96352663461974e-40,4.96352663461974e-40,4.96352663461974e-40,4.96352663461974e-40,4.96352663461974e-40,4.96352663461974e-40,4.96352663461974e-40,4.96352663461974e-40,4.96352663461974e-40,4.96352663461974e-40,4.96352663461974e-40,4.96352663461974e-40,4.96352663461974e-40,4.96352663461974e-40,4.96352663461974e-40,4.96352663461974e-40,4.96352663461974e-40,4.96352663461974e-40,4.96352663461974e-40,4.96352663461974e-40,4.96352663461974e-40,4.96352663461974e-40,4.96352663461974e-40,4.96352663461974e-40,4.96352663461974e-40,4.96352663461974e-40,4.96352663461974e-40,4.96352663461974e-40,4.96352663461974e-40,4.96352663461974e-40,4.96352663461974e-40,4.96352663461974e-40,4.96352663461974e-40,4.96352663461974e-40,4.96352663461974e-40,4.96352663461974e-40,4.96352663461974e-40,4.96352663461974e-40,4.96352663461974e-40,4.96352663461974e-40,4.96352663461974e-40,4.96352663461974e-40,4.96352663461974e-40,4.96352663461974e-40,4.96352663461974e-40,4.96352663461974e-40,4.96352663461974e-40,4.96352663461974e-40,4.96352663461974e-40,4.96352663461974e-40,4.96352663461974e-40,4.96352663461974e-40,4.96352663461974e-40,4.96352663461974e-40,4.96352663461974e-40,4.96352663461974e-40,4.96352663461974e-40,4.96352663461974e-40,4.96352663461974e-40,4.96352663461974e-40,4.96352663461974e-40,4.96352663461974e-40,4.96352663461974e-40,4.96352663461974e-40,4.96352663461974e-40,4.96352663461974e-40,4.96352663461974e-40,4.96352663461974e-40,4.96352663461974e-40,4.96352663461974e-40,4.96352663461974e-40,4.96352663461974e-40,4.96352663461974e-40,4.96352663461974e-40,4.96352663461974e-40,4.96352663461974e-40,4.96352663461974e-40,4.96352663461974e-40,4.96352663461974e-40,4.96352663461974e-40,4.96352663461974e-40,4.96352663461974e-40,4.96352663461974e-40,4.96352663461974e-40,4.96352663461974e-40,4.96352663461974e-40,4.96352663461974e-40,4.96352663461974e-40,4.96352663461974e-40,4.96352663461974e-40,4.96352663461974e-40,4.96352663461974e-40,4.96352663461974e-40,4.96352663461974e-40,4.96352663461974e-40,4.96352663461974e-40,4.96352663461974e-40,4.96352663461974e-40,4.96352663461974e-40,4.96352663461974e-40,4.96352663461974e-40,4.96352663461974e-40,4.96352663461974e-40,4.96352663461974e-40,4.96352663461974e-40,4.96352663461974e-40,4.96352663461974e-40,4.96352663461974e-40,4.96352663461974e-40,4.96352663461974e-40,4.96352663461974e-40,4.96352663461974e-40,4.96352663461974e-40,4.96352663461974e-40,4.96352663461974e-40,4.96352663461974e-40,4.96352663461974e-40,4.96352663461974e-40,4.96352663461974e-40,4.96352663461974e-40,4.96352663461974e-40,4.96352663461974e-40,4.96352663461974e-40,4.96352663461974e-40,4.96352663461974e-40,4.96352663461974e-40,4.96352663461974e-40,4.96352663461974e-40,4.96352663461974e-40,4.96352663461974e-40,4.96352663461974e-40,4.96352663461974e-40,4.96352663461974e-40,4.96352663461974e-40,4.96352663461974e-40,4.96352663461974e-40,4.96352663461974e-40,4.96352663461974e-40,4.96352663461974e-40,4.96352663461974e-40,4.96352663461974e-40,4.96352663461974e-40,4.96352663461974e-40,4.96352663461974e-40,4.96352663461974e-40,4.96352663461974e-40,4.96352663461974e-40,4.96352663461974e-40,4.96352663461974e-40,4.96352663461974e-40,4.96352663461974e-40,4.96352663461974e-40,4.96352663461974e-40,4.96352663461974e-40,4.96352663461974e-40,4.96352663461974e-40,4.96352663461974e-40,4.96352663461974e-40,4.96352663461974e-40,4.96352663461974e-40,4.96352663461974e-40,4.96352663461974e-40,4.96352663461974e-40,4.96352663461974e-40,4.96352663461974e-40,4.96352663461974e-40,4.96352663461974e-40,4.96352663461974e-40,4.96352663461974e-40,4.96352663461974e-40,4.96352663461974e-40,4.96352663461974e-40,4.96352663461974e-40,4.96352663461974e-40,4.96352663461974e-40,4.96352663461974e-40,4.96352663461974e-40,4.96352663461974e-40,4.96352663461974e-40,4.96352663461974e-40,4.96352663461974e-40,4.96352663461974e-40,4.96352663461974e-40,4.96352663461974e-40,4.96352663461974e-40,4.96352663461974e-40,4.96352663461974e-40,4.96352663461974e-40,4.96352663461974e-40,4.96352663461974e-40,4.96352663461974e-40,4.96352663461974e-40,4.96352663461974e-40,4.96352663461974e-40,4.96352663461974e-40,4.96352663461974e-40,4.96352663461974e-40,4.96352663461974e-40,4.96352663461974e-40,4.96352663461974e-40,4.96352663461974e-40,4.96352663461974e-40,4.96352663461974e-40,4.96352663461974e-40,4.96352663461974e-40,4.96352663461974e-40,4.96352663461974e-40,4.96352663461974e-40,4.96352663461974e-40,4.96352663461974e-40,4.96352663461974e-40,4.96352663461974e-40,4.96352663461974e-40,4.96352663461974e-40,4.96352663461974e-40,4.96352663461974e-40,4.96352663461974e-40,4.96352663461974e-40,4.96352663461974e-40,4.96352663461974e-40,4.96352663461974e-40,4.96352663461974e-40,4.96352663461974e-40,4.96352663461974e-40,4.96352663461974e-40,4.96352663461974e-40,4.96352663461974e-40,4.96352663461974e-40,4.96352663461974e-40,4.96352663461974e-40,4.96352663461974e-40,4.96352663461974e-40,4.96352663461974e-40,4.96352663461974e-40,4.96352663461974e-40,4.96352663461974e-40,4.96352663461974e-40,4.96352663461974e-40,4.96352663461974e-40,4.96352663461974e-40,4.96352663461974e-40,4.96352663461974e-40,4.96352663461974e-40,4.96352663461974e-40,4.96352663461974e-40,4.96352663461974e-40,4.96352663461974e-40,4.96352663461974e-40,4.96352663461974e-40,4.96352663461974e-40,4.96352663461974e-40,4.96352663461974e-40,4.96352663461974e-40,4.96352663461974e-40,4.96352663461974e-40,4.96352663461974e-40,4.96352663461974e-40,4.96352663461974e-40,4.96352663461974e-40,4.96352663461974e-40,4.96352663461974e-40,4.96352663461974e-40,4.96352663461974e-40,4.96352663461974e-40,4.96352663461974e-40,4.96352663461974e-40,4.96352663461974e-40,4.96352663461974e-40,4.96352663461974e-40,4.96352663461974e-40,4.96352663461974e-40,4.96352663461974e-40,4.96352663461974e-40,4.96352663461974e-40,4.96352663461974e-40,4.96352663461974e-40,4.96352663461974e-40,4.96352663461974e-40,4.96352663461974e-40,4.96352663461974e-40,4.96352663461974e-40,4.96352663461974e-40,4.96352663461974e-40,4.96352663461974e-40,4.96352663461974e-40,4.96352663461974e-40,4.96352663461974e-40,4.96352663461974e-40,4.96352663461974e-40,4.96352663461974e-40,4.96352663461974e-40,4.96352663461974e-40,4.96352663461974e-40,4.96352663461974e-40,4.96352663461974e-40,4.96352663461974e-40,4.96352663461974e-40,4.96352663461974e-40,4.96352663461974e-40,4.96352663461974e-40,4.96352663461974e-40,4.96352663461974e-40,4.96352663461974e-40,4.96352663461974e-40,4.96352663461974e-40,4.96352663461974e-40,4.96352663461974e-40,4.96352663461974e-40,4.96352663461974e-40,4.96352663461974e-40,4.96352663461974e-40,4.96352663461974e-40,4.96352663461974e-40,4.96352663461974e-40,4.96352663461974e-40,4.96352663461974e-40,4.96352663461974e-40,4.96352663461974e-40,4.96352663461974e-40,4.96352663461974e-40,4.96352663461974e-40,4.96352663461974e-40,4.96352663461974e-40,4.96352663461974e-40,4.96352663461974e-40,4.96352663461974e-40,4.96352663461974e-40,4.96352663461974e-40,4.96352663461974e-40,4.96352663461974e-40,4.96352663461974e-40,4.96352663461974e-40,4.96352663461974e-40,4.96352663461974e-40,4.96352663461974e-40,4.96352663461974e-40,4.96352663461974e-40,4.96352663461974e-40,4.96352663461974e-40,4.96352663461974e-40,4.96352663461974e-40,4.96352663461974e-40,4.96352663461974e-40,4.96352663461974e-40,4.96352663461974e-40,4.96352663461974e-40,4.96352663461974e-40,4.96352663461974e-40,4.96352663461974e-40,4.96352663461974e-40,4.96352663461974e-40,4.96352663461974e-40,4.96352663461974e-40,4.96352663461974e-40,4.96352663461974e-40,4.96352663461974e-40,4.96352663461974e-40,4.96352663461974e-40,4.96352663461974e-40,4.96352663461974e-40,4.96352663461974e-40,4.96352663461974e-40,4.96352663461974e-40,4.96352663461974e-40,4.96352663461974e-40,4.96352663461974e-40,4.96352663461974e-40,4.96352663461974e-40,4.96352663461974e-40,4.96352663461974e-40,4.96352663461974e-40,4.96352663461974e-40,4.96352663461974e-40,4.96352663461974e-40,4.96352663461974e-40,4.96352663461974e-40,4.96352663461974e-40,4.96352663461974e-40,4.96352663461974e-40,4.96352663461974e-40,4.96352663461974e-40,4.96352663461974e-40,4.96352663461974e-40,4.96352663461974e-40,4.96352663461974e-40,4.96352663461974e-40,4.96352663461974e-40,4.96352663461974e-40,4.96352663461974e-40,4.96352663461974e-40,4.96352663461974e-40,4.96352663461974e-40,4.96352663461974e-40,4.96352663461974e-40,4.96352663461974e-40,4.96352663461974e-40,4.96352663461974e-40,4.96352663461974e-40,4.96352663461974e-40,4.96352663461974e-40,4.96352663461974e-40,4.96352663461974e-40,4.96352663461974e-40,4.96352663461974e-40,4.96352663461974e-40,4.96352663461974e-40,4.96352663461974e-40,4.96352663461974e-40,4.96352663461974e-40,4.96352663461974e-40,4.96352663461974e-40,4.96352663461974e-40,4.96352663461974e-40,4.96352663461974e-40,4.96352663461974e-40,4.96352663461974e-40,4.96352663461974e-40,4.96352663461974e-40,4.96352663461974e-40,4.96352663461974e-40,4.96352663461974e-40,4.96352663461974e-40,4.96352663461974e-40,4.96352663461974e-40,4.96352663461974e-40,4.96352663461974e-40,4.96352663461974e-40,4.96352663461974e-40,4.96352663461974e-40,4.96352663461974e-40,4.96352663461974e-40,4.96352663461974e-40,4.96352663461974e-40,4.96352663461974e-40,4.96352663461974e-40,4.96352663461974e-40,4.96352663461974e-40,4.96352663461974e-40,4.96352663461974e-40,4.96352663461974e-40,4.96352663461974e-40,4.96352663461974e-40,4.96352663461974e-40,4.96352663461974e-40,4.96352663461974e-40,4.96352663461974e-40,4.96352663461974e-40,4.96352663461974e-40,4.96352663461974e-40,4.96352663461974e-40,4.96352663461974e-40,4.96352663461974e-40,4.96352663461974e-40,4.96352663461974e-40,4.96352663461974e-40,4.96352663461974e-40,4.96352663461974e-40,4.96352663461974e-40,4.96352663461974e-40,4.96352663461974e-40,4.96352663461974e-40,4.96352663461974e-40,4.96352663461974e-40,4.96352663461974e-40,4.96352663461974e-40,4.96352663461974e-40,4.96352663461974e-40,4.96352663461974e-40,4.96352663461974e-40,4.96352663461974e-40,4.96352663461974e-40,4.96352663461974e-40,4.96352663461974e-40,4.96352663461974e-40,4.96352663461974e-40,4.96352663461974e-40,4.96352663461974e-40,4.96352663461974e-40,4.96352663461974e-40,4.96352663461974e-40,4.96352663461974e-40,4.96352663461974e-40,4.96352663461974e-40,4.96352663461974e-40,4.96352663461974e-40,4.96352663461974e-40,4.96352663461974e-40,4.96352663461974e-40,4.96352663461974e-40,4.96352663461974e-40,4.96352663461974e-40,4.96352663461974e-40,4.96352663461974e-40,4.96352663461974e-40,4.96352663461974e-40,4.96352663461974e-40,4.96352663461974e-40,4.96352663461974e-40,4.96352663461974e-40,4.96352663461974e-40,4.96352663461974e-40,4.96352663461974e-40,4.96352663461974e-40,4.96352663461974e-40,4.96352663461974e-40,4.96352663461974e-40,4.96352663461974e-40,4.96352663461974e-40,4.96352663461974e-40,4.96352663461974e-40,4.96352663461974e-40,4.96352663461974e-40,4.96352663461974e-40,4.96352663461974e-40,4.96352663461974e-40,4.96352663461974e-40,4.96352663461974e-40,4.96352663461974e-40,4.96352663461974e-40,4.96352663461974e-40,4.96352663461974e-40,4.96352663461974e-40,4.96352663461974e-40,4.96352663461974e-40,4.96352663461974e-40,4.96352663461974e-40,4.96352663461974e-40,4.96352663461974e-40,4.96352663461974e-40,4.96352663461974e-40,4.96352663461974e-40,4.96352663461974e-40,4.96352663461974e-40,4.96352663461974e-40,4.96352663461974e-40,4.96352663461974e-40,4.96352663461974e-40,4.96352663461974e-40,4.96352663461974e-40,4.96352663461974e-40,4.96352663461974e-40,4.96352663461974e-40,4.96352663461974e-40,4.96352663461974e-40,4.96352663461974e-40,4.96352663461974e-40,4.96352663461974e-40,4.96352663461974e-40,4.96352663461974e-40,4.96352663461974e-40,4.96352663461974e-40,4.96352663461974e-40,4.96352663461974e-40,4.96352663461974e-40,4.96352663461974e-40,4.96352663461974e-40,4.96352663461974e-40,4.96352663461974e-40,4.96352663461974e-40,4.96352663461974e-40,4.96352663461974e-40,4.96352663461974e-40,4.96352663461974e-40,4.96352663461974e-40,4.96352663461974e-40,4.96352663461974e-40,4.96352663461974e-40,4.96352663461974e-40,4.96352663461974e-40,4.96352663461974e-40,4.96352663461974e-40,4.96352663461974e-40,4.96352663461974e-40,4.96352663461974e-40,4.96352663461974e-40,4.96352663461974e-40,4.96352663461974e-40,4.96352663461974e-40,4.96352663461974e-40,4.96352663461974e-40,4.96352663461974e-40,4.96352663461974e-40,4.96352663461974e-40,4.96352663461974e-40,4.96352663461974e-40,4.96352663461974e-40,4.96352663461974e-40,4.96352663461974e-40,4.96352663461974e-40,4.96352663461974e-40,4.96352663461974e-40,4.96352663461974e-40,4.96352663461974e-40,4.96352663461974e-40,4.96352663461974e-40,4.96352663461974e-40,4.96352663461974e-40,4.96352663461974e-40,4.96352663461974e-40,4.96352663461974e-40,4.96352663461974e-40,4.96352663461974e-40,4.96352663461974e-40,4.96352663461974e-40,4.96352663461974e-40,4.96352663461974e-40,4.96352663461974e-40,4.96352663461974e-40,4.96352663461974e-40,4.96352663461974e-40,4.96352663461974e-40,4.96352663461974e-40,4.96352663461974e-40,4.96352663461974e-40,4.96352663461974e-40,4.96352663461974e-40,4.96352663461974e-40,4.96352663461974e-40,4.96352663461974e-40,4.96352663461974e-40,4.96352663461974e-40,4.96352663461974e-40,4.96352663461974e-40,4.96352663461974e-40,4.96352663461974e-40,4.96352663461974e-40,4.96352663461974e-40,4.96352663461974e-40,4.96352663461974e-40,4.96352663461974e-40,4.96352663461974e-40,4.96352663461974e-40,4.96352663461974e-40,4.96352663461974e-40,4.605385905504118e-40,4.605385905504118e-40,4.605385905504118e-40,4.605385905504118e-40,4.605385905504118e-40,4.812246757051466e-40,4.812246757051466e-40,4.812246757051466e-40,4.812246757051466e-40,4.812246757051466e-40,4.965686602343149e-40,4.965686602343149e-40,5.090628853780676e-40,5.095851051985307e-40,5.2303591064354894e-40,5.486238463129674e-40,5.486238463129674e-40,5.233123116609936e-40,5.701807734738615e-40,5.476847501421943e-40,5.3147833849238e-40,5.3147833849238e-40,5.746739929068398e-40,5.746739929068398e-40,5.746739929068398e-40,5.746739929068398e-40,5.746739929068398e-40,5.746739929068398e-40,5.838468646940971e-40,6.287092347044936e-40,6.287092347044936e-40,6.368442177735597e-40,6.7313771121405576e-40,6.7313771121405576e-40,6.827748757906714e-40,7.097961994503579e-40,7.349237541480422e-40,7.066103309015711e-40,7.433931829017425e-40,7.433931829017425e-40,7.672524557155727e-40,7.956064625731801e-40,7.905209786811818e-40,7.624212386379832e-40,7.867773607638708e-40,8.13223237206585e-40,8.227768440148839e-40,7.385832704789017e-40,7.412795471721876e-40,7.181854304646765e-40,7.181854304646765e-40,7.125001571450749e-40,7.582427761634297e-40,8.031838638017857e-40,8.42705668864903e-40,8.869534925278623e-40,9.167593886726941e-40,8.961707395728018e-40,9.02998986593427e-40,8.466778844851027e-40,8.732690334969889e-40,8.861411687479922e-40,9.381052344635625e-40,9.407104844709622e-40,9.210852159044398e-40,9.079529066101756e-40,8.814085302647265e-40,9.211527119622013e-40,9.140573844189817e-40,9.75041593116964e-40,9.750415931169639e-40,9.75041593116964e-40,9.75041593116964e-40,9.75041593116964e-40,9.750415931169637e-40,9.750415931169642e-40,9.750415931169639e-40,9.75041593116964e-40,9.750415931169637e-40,9.750415931169637e-40,9.750415931169636e-40,9.75041593116963e-40,9.750415931169637e-40,9.750415931169636e-40,9.750415931169637e-40,9.750415931169637e-40,9.750415931169637e-40,9.750415931169639e-40,9.750415931169642e-40,9.750415931169642e-40,9.750415931169642e-40,9.750415931169645e-40,9.750415931169644e-40,9.750415931169644e-40,9.750415931169642e-40,9.75041593116964e-40,9.75041593116964e-40,9.75041593116964e-40,9.75041593116964e-40,9.75041593116964e-40,9.750415931169645e-40,9.750415931169642e-40,9.750415931169642e-40,9.75041593116964e-40,9.75041593116964e-40,9.750415931169645e-40,9.750415931169647e-40,9.750415931169647e-40,9.750415931169649e-40,9.750415931169649e-40,9.750415931169649e-40,9.750415931169649e-40,9.750415931169649e-40,9.750415931169649e-40,9.750415931169649e-40,9.750415931169647e-40,9.75041593116965e-40,9.750415931169647e-40,9.75041593116965e-40,9.750415931169649e-40,9.750415931169652e-40,9.750415931169649e-40,9.750415931169649e-40,9.75041593116965e-40,9.75041593116965e-40,9.75041593116965e-40,9.750415931169654e-40,9.750415931169654e-40,9.750415931169647e-40,9.750415931169647e-40,9.750415931169645e-40,9.750415931169645e-40,9.750415931169645e-40,9.750415931169644e-40,9.75041593116964e-40,9.750415931169644e-40,9.750415931169642e-40,9.750415931169639e-40,9.750415931169637e-40,9.75041593116964e-40,9.75041593116964e-40,9.750415931169644e-40,9.75041593116964e-40,9.75041593116964e-40,9.750415931169642e-40,9.750415931169642e-40,9.75041593116964e-40,9.75041593116964e-40,9.750415931169639e-40,9.750415931169637e-40,9.750415931169636e-40,9.750415931169639e-40,9.750415931169636e-40,9.750415931169636e-40,9.750415931169639e-40,9.750415931169639e-40,9.750415931169637e-40,9.750415931169639e-40,9.750415931169639e-40,9.750415931169639e-40,9.750415931169637e-40,9.750415931169636e-40,9.750415931169634e-40,9.750415931169637e-40,9.750415931169636e-40,9.750415931169639e-40,9.750415931169637e-40,9.750415931169637e-40,9.750415931169634e-40,9.750415931169634e-40,9.750415931169637e-40,9.750415931169639e-40,9.750415931169639e-40,9.750415931169639e-40,9.750415931169639e-40,9.750415931169644e-40,9.75041593116965e-40,9.750415931169649e-40,9.750415931169642e-40,9.750415931169644e-40,9.750415931169647e-40,9.750415931169642e-40,9.750415931169644e-40,9.750415931169644e-40,9.750415931169644e-40,9.750415931169645e-40,9.750415931169647e-40,9.750415931169645e-40,9.750415931169647e-40,9.750415931169645e-40,9.750415931169647e-40,9.750415931169642e-40,9.750415931169639e-40,9.750415931169644e-40,9.750415931169642e-40,9.750415931169642e-40,9.750415931169642e-40,9.750415931169645e-40,9.750415931169645e-40,9.750415931169647e-40,9.750415931169644e-40,9.750415931169645e-40,9.750415931169642e-40,9.75041593116965e-40,9.750415931169647e-40,9.750415931169644e-40,9.750415931169647e-40,9.750415931169649e-40,9.750415931169644e-40,9.750415931169645e-40,9.750415931169645e-40,9.750415931169647e-40,9.750415931169649e-40,9.750415931169649e-40,9.750415931169647e-40,9.750415931169644e-40,9.750415931169644e-40,9.750415931169647e-40,9.750415931169649e-40,9.750415931169645e-40,9.750415931169642e-40,9.750415931169639e-40,9.75041593116964e-40,9.75041593116964e-40,9.750415931169642e-40,9.750415931169644e-40,9.750415931169644e-40,9.750415931169644e-40,9.750415931169645e-40,9.750415931169647e-40,9.750415931169645e-40,9.750415931169649e-40,9.750415931169649e-40,9.750415931169644e-40,9.750415931169642e-40,9.750415931169642e-40,9.750415931169649e-40,9.750415931169645e-40,9.750415931169649e-40,9.750415931169649e-40,9.750415931169649e-40,9.750415931169652e-40,9.750415931169652e-40,9.750415931169652e-40,9.750415931169654e-40,9.750415931169654e-40,9.750415931169655e-40,9.750415931169658e-40,9.750415931169663e-40,9.750415931169663e-40,9.750415931169663e-40,9.750415931169663e-40,9.750415931169663e-40,9.750415931169657e-40,9.750415931169658e-40,9.750415931169658e-40,9.750415931169655e-40,9.750415931169658e-40,9.750415931169657e-40,9.750415931169658e-40,9.750415931169665e-40,9.750415931169662e-40,9.750415931169663e-40,9.750415931169667e-40,9.750415931169668e-40,9.750415931169667e-40,9.750415931169667e-40,9.75041593116967e-40,9.750415931169668e-40,9.750415931169668e-40,9.75041593116967e-40,9.75041593116967e-40,9.750415931169662e-40,9.75041593116966e-40,9.750415931169658e-40,9.750415931169662e-40,9.750415931169657e-40,9.750415931169663e-40,9.750415931169663e-40,9.750415931169662e-40,9.750415931169667e-40,9.750415931169665e-40,9.750415931169663e-40,9.750415931169665e-40,9.750415931169665e-40,9.750415931169667e-40,9.750415931169663e-40,9.750415931169662e-40,9.75041593116966e-40,9.750415931169662e-40,9.750415931169668e-40,9.75041593116967e-40,9.750415931169668e-40,9.750415931169671e-40,9.750415931169675e-40,9.750415931169675e-40,9.750415931169671e-40,9.750415931169675e-40,9.750415931169673e-40,9.750415931169676e-40,9.750415931169675e-40,9.750415931169673e-40,9.750415931169676e-40,9.75041593116968e-40,9.75041593116968e-40,9.750415931169681e-40,9.750415931169681e-40,9.75041593116968e-40,9.75041593116968e-40,9.75041593116968e-40,9.750415931169676e-40,9.750415931169681e-40,9.75041593116968e-40,9.75041593116968e-40,9.750415931169678e-40,9.750415931169683e-40,9.75041593116968e-40,9.75041593116969e-40,9.750415931169688e-40,9.750415931169686e-40,9.750415931169688e-40,9.75041593116969e-40,9.75041593116969e-40,9.75041593116969e-40,9.750415931169691e-40,9.750415931169688e-40,9.750415931169693e-40,9.75041593116969e-40,9.750415931169688e-40,9.750415931169686e-40,9.750415931169688e-40,9.750415931169686e-40,9.750415931169688e-40,9.750415931169686e-40,9.750415931169686e-40,9.750415931169686e-40,9.750415931169683e-40,9.750415931169688e-40,9.750415931169691e-40,9.750415931169691e-40,9.75041593116969e-40,9.750415931169696e-40,9.750415931169693e-40,9.750415931169694e-40,9.75041593116969e-40,9.750415931169688e-40,9.750415931169681e-40,9.750415931169685e-40,9.750415931169685e-40,9.750415931169683e-40,9.750415931169685e-40,9.750415931169683e-40,9.750415931169683e-40,9.750415931169683e-40,9.750415931169685e-40,9.750415931169683e-40,9.750415931169685e-40,9.750415931169685e-40,9.750415931169694e-40,9.750415931169694e-40,9.750415931169694e-40,9.750415931169694e-40,9.750415931169693e-40,9.750415931169688e-40,9.75041593116969e-40,9.750415931169686e-40,9.750415931169694e-40,9.750415931169691e-40,9.75041593116969e-40,9.750415931169693e-40,9.750415931169685e-40,9.750415931169683e-40,9.750415931169681e-40,9.750415931169686e-40,9.750415931169688e-40,9.750415931169688e-40,9.750415931169688e-40,9.75041593116969e-40,9.750415931169691e-40,9.750415931169688e-40,9.750415931169683e-40,9.75041593116968e-40,9.750415931169676e-40,9.75041593116968e-40,9.750415931169683e-40,9.750415931169686e-40,9.750415931169685e-40,9.75041593116969e-40,9.750415931169685e-40,9.750415931169678e-40,9.75041593116968e-40,9.750415931169681e-40,9.75041593116968e-40,9.750415931169678e-40,9.75041593116968e-40,9.75041593116968e-40,9.750415931169676e-40,9.750415931169675e-40,9.750415931169675e-40,9.750415931169676e-40,9.750415931169686e-40,9.75041593116969e-40,9.750415931169688e-40,9.750415931169685e-40,9.750415931169686e-40,9.750415931169686e-40,9.75041593137674e-40,9.750415931376755e-40,9.750415931376754e-40,9.750415931376752e-40,9.75041593137675e-40,9.75041593137675e-40,9.75041593137675e-40,9.750415931376749e-40,9.750415931376752e-40,9.750415931376747e-40,9.750415931376747e-40,9.750415931376749e-40,9.750415931376742e-40,9.750415931376745e-40,9.750415931376745e-40,9.750415931376747e-40,9.750415931376745e-40,9.750415931376742e-40,9.750415931376744e-40,9.750415931376749e-40,9.750415931376745e-40,9.750415931376745e-40,9.750415931376755e-40,9.750415931376754e-40,9.750415931376749e-40,9.750415931376755e-40,9.750415931376752e-40,9.750415931376754e-40,9.750415931376754e-40,9.750415931376752e-40,9.75041593137675e-40,9.750415931376752e-40,9.750415931376755e-40,9.750415931376754e-40,9.750415931376754e-40,9.750415931376755e-40,9.75041593137675e-40,9.75041593137675e-40,9.750415931376754e-40,9.750415931376755e-40,9.750415931376759e-40,9.750415931376759e-40,9.750415931376772e-40,9.750415931376772e-40,9.750415931376773e-40,9.750415931376772e-40,9.750415931376776e-40,9.750415931376773e-40,9.750415931376773e-40,9.750415931376773e-40,9.75041593137677e-40,9.750415931376793e-40,9.750415931376798e-40,9.750415931385199e-40,9.750415931385202e-40,9.750415919539029e-40,9.750415919539027e-40,9.750415919539027e-40,9.750415919539021e-40,9.750415919539024e-40,9.750415919539027e-40,9.750415919539034e-40,9.750415919539032e-40,9.750415919539042e-40,9.750415919539047e-40,9.750415919539065e-40,9.750415919539067e-40,9.750415919539067e-40,9.750415919539065e-40,9.750415919539058e-40,9.750415919539058e-40,9.750415919539062e-40,9.75041591953906e-40,9.75041591953906e-40,9.75041591953906e-40,9.750415919539057e-40,9.750415919539052e-40,9.750415919539039e-40,9.750415919539049e-40,9.750415919539057e-40,9.750415919539054e-40,9.75041591953905e-40,9.75041591953905e-40,9.750415919539054e-40,9.75041591953906e-40,9.750415919539063e-40,9.750415919539063e-40,9.750415919539065e-40,9.75041591953906e-40,9.750415919539067e-40,9.750415919539068e-40,9.750415919539055e-40,9.750415919539055e-40,9.75041591953906e-40,9.750415919539063e-40,9.750415919539062e-40,9.750415919539062e-40,9.750415919539062e-40,9.750415919539063e-40,9.750415919539062e-40,9.750415919538913e-40,9.750415919538915e-40,9.750415919538912e-40,9.750415919538907e-40,9.750415919538907e-40,9.750415919538904e-40,9.750415919538902e-40,9.750415919538905e-40,9.750415919541065e-40,9.75041591954108e-40,9.7504159195411e-40,9.750415919541098e-40,9.750415919541094e-40,9.750415919541098e-40,9.750415919541081e-40,9.750415919541083e-40,9.750415919541067e-40,9.750415919541062e-40,9.750415919541062e-40,9.750415919541055e-40,9.750415919541055e-40,9.750415919541055e-40,9.75041591954106e-40,9.750415919541068e-40,9.750415919541068e-40,9.75041591954107e-40,9.750415919541062e-40,9.750415919541073e-40,9.75041591954107e-40,9.750415919541072e-40,9.750415919541073e-40,9.750415919541072e-40,9.750415919541073e-40,9.75041591954107e-40,9.750415919541073e-40,9.750415919541065e-40,9.750415919541063e-40,9.750415919541073e-40,9.750415919541078e-40,9.750415919541075e-40,9.750415919541073e-40,9.750415919541073e-40,9.750415919541076e-40,9.75041591954107e-40,9.750415919541073e-40,9.750415919541072e-40,9.750415919541083e-40,9.750415919541073e-40,9.750415919541068e-40,9.750415919541067e-40,9.750415919541062e-40,9.750415919541058e-40,9.750415919541052e-40,9.750415919541049e-40,9.750415919541083e-40,9.750415919541085e-40,9.750415919541101e-40,9.750415919541104e-40,9.750415919531161e-40,9.750415919531134e-40,9.750415919531142e-40,9.750415919531137e-40,9.750415919531138e-40,9.750415919531134e-40,9.750415919531135e-40,9.750415919531129e-40,9.750415919531125e-40,9.75041591953113e-40,9.750415919531134e-40,9.750415919531134e-40,9.750415919531135e-40,9.750415919531135e-40,9.750415919531138e-40,9.750415919531132e-40,9.750415919531134e-40,9.750415919531166e-40,9.75041591953116e-40,9.75041591953116e-40,9.750415919531155e-40,9.750415919531155e-40,9.750415919531158e-40,9.750415919531189e-40,9.750415919531199e-40,9.750415919531186e-40,9.750415919531217e-40,9.750415919531212e-40,9.750415919531213e-40,9.750415919531207e-40,9.750415919531209e-40,9.750415919531212e-40,9.750419550185655e-40,9.750419550185654e-40,9.750419550185652e-40,9.75041955018567e-40,9.75041955018567e-40,9.75041955018567e-40,9.750419550185672e-40,9.750419550185667e-40,9.750419550185668e-40,9.75041955018568e-40,9.750419550185678e-40,9.750419550185681e-40,9.750419550185743e-40,9.750419550206918e-40,9.750419550206918e-40,9.750419550206915e-40,9.750419550206923e-40,9.750419550206923e-40,9.750419550206944e-40,9.750419550206936e-40,9.750419550206938e-40,9.750419550206977e-40,9.750419550206978e-40,9.750419550206983e-40,9.750419550206975e-40,9.750419550206975e-40,-1.4934700640267075e-36,-4.05770665070181e-72,2.4969093291171e-60,3.5761365309290957e-50,-3.4909389488262173e-37,-1.617210920687802e-65,2.607527959756198e-50,2.606395636416845e-50,-9.330249768316096e-37,-2.5672837587816165e-56,-1.4362289068263417e-49,1.8052795968741644e-46,2.8731442204285373e-36,2.873144202207204e-36,2.873144202207213e-36,2.873144277414184e-36,2.8731442774141718e-36,2.8731442774141935e-36,2.873144277414374e-36,2.873144275966623e-36,2.8731442759665286e-36,2.8731516384365585e-36,2.873151638436572e-36,2.8731516385013727e-36,2.7039875802390798e-36,2.7039875802390965e-36,4.386402859176064e-28,4.386402859176035e-28,4.38640285917603e-28,4.3864028591760135e-28,4.386402856788935e-28,4.386402856788919e-28,4.386416805259107e-28,4.38641699884071e-28,4.38641699884071e-28,4.386416998840683e-28,4.386067399633756e-28,4.373866736565988e-28,4.373866735684613e-28,4.373866715285467e-28,4.408828811598084e-28,4.408834488668691e-28,4.408837872004347e-28,4.408837872004214e-28,4.408838042617917e-28,4.408839320684352e-28,4.40884205122726e-28,4.408842051227262e-28,4.408842051077128e-28,4.40892767978298e-28,4.409166796980289e-28,4.409166849392666e-28,4.354499705454654e-28,4.354499791477087e-28,4.356883373984168e-28,4.357003059855297e-28,4.357003053797299e-28,4.35700305381655e-28,4.3570031255655995e-28,4.357002672722686e-28,3.8627576159311123e-28,3.8634322806001706e-28,3.863450735875569e-28,3.9029734136210874e-28,2.3935384759347727e-25,2.3935384759347727e-25,2.3935378642841304e-25,2.3935378642841387e-25,2.3935378642841364e-25,2.3935378645476955e-25,2.3935378657901256e-25,2.3935378366689657e-25,2.393533817112484e-25,2.3935338311047495e-25,2.3935341655867856e-25,2.393534165572932e-25,2.3935341675229946e-25,2.39355692837116e-25,2.3935569283711647e-25,2.3935542112345355e-25,2.3933568364894844e-25,2.3933311228077225e-25,2.393331122807778e-25,2.3933311196079493e-25,2.393330924866661e-25,2.393327842797439e-25,2.3933287271540926e-25,2.3933287271540903e-25,2.3933278501260576e-25,2.393327849748885e-25,2.3933276445485433e-25,2.3933279686525144e-25,2.3933284337455626e-25,2.393328431763024e-25,2.393328304623503e-25,2.3933281844909983e-25,2.393328181764314e-25,2.3933282676527576e-25,2.3932867463170054e-25,2.3932867428336193e-25,2.39328674337614e-25,2.393286182423439e-25,2.39328617971294e-25,2.3932861821995343e-25,2.3932861797844003e-25,2.3932861960185765e-25,2.3932862002420983e-25,2.3932862674178623e-25,2.3932862623205377e-25,2.3932862807230735e-25,2.393286280723138e-25,2.3932862801361877e-25,2.393286293302002e-25,2.393286287675413e-25,2.3932862868485424e-25,2.393286285663546e-25,2.3932862856742943e-25,2.3928777971578263e-25,2.392877797157811e-25,2.3928777971567582e-25,2.392877796718354e-25,2.3928777967788065e-25,2.39287779677855e-25,2.3928777967785595e-25,2.392877796779216e-25,2.392877796779427e-25,2.3928777899776795e-25,2.3928777899772336e-25,2.3928777899772166e-25,2.392877789977186e-25,2.392877789987956e-25,2.392877789987974e-25,2.392877789987983e-25,2.392877789987978e-25,2.3928777899879885e-25,2.3928754204155357e-25,2.392875420415523e-25,2.39287542041554e-25,2.392875420415511e-25,2.3928754205294214e-25,2.3928754205294044e-25,2.3928754205294457e-25,2.392875420529285e-25,2.39287542052929e-25,2.3928754205291964e-25,2.3928754205289553e-25,2.3928754205289563e-25,2.392875420529127e-25,2.3928754205291895e-25,2.3928754205273087e-25,2.3928754205283345e-25,2.392875420528521e-25,2.3928754205078548e-25,2.3928754205078823e-25,2.3928754202263555e-25,2.392875420223213e-25,2.3928754202231656e-25,2.392875420222609e-25,2.392875420223341e-25,2.3928754199502526e-25,2.39287541995071e-25,2.392875419946956e-25,2.392875420109191e-25,2.3928754201101653e-25,2.392875420036711e-25,2.3928754200366404e-25,2.3928754242970406e-25,2.3928754746996385e-25,2.39288181516173e-25,2.3928844197169823e-25,2.3928843859129616e-25,2.3928843881646e-25,2.3928843942649578e-25,2.392884394256182e-25,2.392884394259884e-25,2.3928843923463343e-25,2.392884827234786e-25,2.392884822618174e-25,2.3928847670312804e-25,2.392884641307236e-25,2.392884639931819e-25,2.392884639800341e-25,2.3928846398389157e-25,2.3928846398389318e-25,2.3928846394864267e-25,2.392884639430291e-25,2.3928839848960507e-25,2.3928839885238766e-25,2.39288398851358e-25,2.392883014449562e-25,2.392883014450203e-25,2.3928830229579284e-25,2.392883016106912e-25,2.392883016187076e-25,2.3928830161874166e-25,2.3928830242638985e-25,2.392883020288615e-25,2.392883020287815e-25,2.392883012098278e-25,2.392883012073485e-25,2.3928830119360333e-25,2.395056157230938e-25,2.395056135135773e-25,2.395057246833928e-25,2.3954475273770948e-25,2.3954471940493464e-25,2.3954472774543046e-25,2.3954595342892695e-25,2.395459534282648e-25,2.395459534376214e-25,2.395459534388979e-25,2.395459502206729e-25,2.3954595002903518e-25,2.395459500720891e-25,2.3954595007209996e-25,2.3954616662100677e-25,2.395461666187092e-25,2.3954623924970643e-25,2.3954623927251024e-25,2.395462392725252e-25,2.395462392766481e-25,2.395434766530772e-25,2.3954347665572945e-25,2.395434766425866e-25,2.3954347659653133e-25,2.3954347659642374e-25,2.395434765961939e-25,2.39543475958421e-25,2.3954347595838584e-25,2.3954347540122044e-25,2.395434747177413e-25,2.3954347471046814e-25,2.395434747107359e-25,2.3954347623842166e-25,2.395432515525329e-25,2.395432445721428e-25,2.395432445726677e-25,2.395432445876436e-25,2.3954324458786523e-25,2.3954324458061913e-25,2.395432445806378e-25,2.395432317738059e-25,2.395432317738436e-25,2.3954323177075963e-25,2.3954323177141795e-25,2.3954323177176206e-25,2.39666441847665e-25,2.396664418482675e-25,2.396692250501193e-25,2.396692250619455e-25,2.3966922508259674e-25,2.396692248930809e-25,2.3966922489566696e-25,2.3966922537757874e-25,2.3966922627126737e-25,2.3966922626563896e-25,2.3966922629168075e-25,2.3966939170982693e-25,2.3966939171044833e-25,2.396693917133525e-25,2.3966939171332577e-25,2.396693917133068e-25,2.3966939171028716e-25,2.396693916945073e-25,2.3966939167603165e-25,2.3966939166987077e-25,2.3966939166930346e-25,2.396693916676572e-25,2.396693856116044e-25,2.3966938562207806e-25,2.3966940925952807e-25,2.3966940925990666e-25,2.396694092754388e-25,2.3966940927501365e-25,2.396694092657476e-25,2.396694092673903e-25,2.39669409261337e-25,2.3967225837927385e-25,2.396722583773038e-25,2.396722583829151e-25,2.396722584106104e-25,2.3967225841064453e-25,2.396722584106026e-25,2.3967225895378642e-25,2.3967225895383377e-25,2.3967225274846746e-25,2.3967225305998283e-25,2.396718238358611e-25,2.396718238389526e-25,2.3967245531781215e-25,2.396724553181989e-25,2.396724553175501e-25,2.3967245531702893e-25,2.396724553173447e-25,2.3967245531193836e-25,2.396724552457932e-25,2.396724552388472e-25,2.396724552369812e-25,2.3967245524091967e-25,2.396724552409248e-25,2.3967245524092426e-25,2.396724552358839e-25,2.3967245523594825e-25,2.39672455209745e-25,2.3967247460898173e-25,2.3967247457820816e-25,2.3967247458163927e-25,2.3967247457943926e-25,2.3967247457362167e-25,2.3967231595212514e-25,2.3967231595212377e-25,2.396723159553264e-25,2.396723159545387e-25,2.39672315875096e-25,2.3967231587567035e-25,2.3967231585131704e-25,2.396723158513527e-25,2.3967231585135277e-25,2.39672315868397e-25,2.3967231586823516e-25,2.3967231034481473e-25,2.396722989046194e-25,2.3967395607528646e-25,2.3964915969920674e-25,2.396497166196211e-25,2.39658247795655e-25,2.3965887941279e-25,2.3965842020768275e-25,2.396584892812483e-25,2.3966287048742033e-25,2.396470682071829e-25,2.3964706793153137e-25,2.396467400188006e-25,2.3964675368220923e-25,2.396470168768791e-25,2.396443718602471e-25,2.396256124595014e-25,2.397673497395238e-25,2.388058594077001e-25,2.3880094350673545e-25,2.4124823717051673e-25,2.4125071857568423e-25,2.412507185096796e-25,2.4125397233561543e-25,2.4125406196486555e-25,2.4125694875002503e-25,2.412613001801094e-25,2.42052179482731e-25,2.420068029727608e-25,2.4216454335023935e-25,2.417948421315314e-25,2.4241585729220026e-25,2.4242370357841774e-25,2.5889558272489502e-25,2.5928157638638493e-25,2.5928039649279876e-25,2.5924997901559335e-25,2.3162505572938886e-25,2.3160088520315193e-25,2.315914929510557e-25,2.3159191724358297e-25,2.3159739465778723e-25,2.315946366795231e-25,2.308648660017402e-25,2.30846219881155e-25,2.307401870794605e-25,2.3073521905649624e-25,2.3071386973469733e-25,2.307482613157451e-25,2.30681074346138e-25,2.3069054707083524e-25,2.3114516537047953e-25,2.3114694646079896e-25,2.3121542396495323e-25,2.311945028538468e-25,2.9377499857060127e-25,2.8829786408398263e-25,2.8830932832783056e-25,2.8831165448792218e-25,2.888177406572195e-25,2.8880616935405196e-25,2.928290921544346e-25,2.92972195680154e-25,2.927120339597664e-25,2.9106934941880396e-25,2.91646217409977e-25,2.916530912914733e-25,2.896856860028788e-25,2.8968568897629003e-25,2.8976000210630215e-25,2.899716898734279e-25,2.899937323431838e-25,2.9125519456829447e-25,2.9116842929659495e-25,2.910265079206652e-25,2.908065708043629e-25,2.9092228484551023e-25,2.9084612003363736e-25,2.908461296474162e-25,2.8914225030413685e-25,2.8907206237436045e-25,2.8947107462315507e-25,2.911007288334193e-25,2.9110404562896403e-25,2.9110651050134026e-25,2.911035796381338e-25,2.9110375267375865e-25,2.915404237331488e-25,2.137992828936554e-25,1.4826810773114515e-25,1.4826799429286277e-25,1.4826799496466227e-25,1.5430333293207759e-25,1.5522543093144482e-25,1.5525930221856957e-25,1.5527438379441138e-25,1.5541929149736787e-25,6.812408302985416e-25,6.812320286136481e-25,6.812175791932736e-25,6.812178704384476e-25,6.812178704384822e-25,6.812178704220185e-25,6.81216844396113e-25,6.812320981020194e-25,1.087652652378439e-24,1.0876526520606686e-24,1.0876526523583666e-24,1.0876526523457087e-24,1.0876526506299226e-24,1.0876526506318071e-24,1.0876526512589945e-24,1.0876526572017842e-24,1.0876527660227098e-24,1.0917948428395521e-24,1.0917948355432583e-24,1.0917948355663553e-24,1.0917948368299425e-24,1.091794836945188e-24,1.0917948370628186e-24,1.0917948370628375e-24,1.0917948370754465e-24,1.0917948386503804e-24,1.0917948377257963e-24,1.0917948372279913e-24,1.0917948371932645e-24,1.0917948389922438e-24,1.091794838961046e-24,1.0917948389610461e-24,1.0917948389610458e-24,1.0917948389610544e-24,1.0917948389610542e-24,1.0917948389610832e-24,1.091794838961085e-24,1.0917948389610853e-24,1.0917948389612037e-24,1.091794838961204e-24,1.0917948389612041e-24,1.091794838961202e-24,1.0917948389611615e-24,1.0917948389611611e-24,1.0917948389611613e-24,1.0917948389611613e-24,1.0917948389611613e-24,1.091794838961161e-24,1.091794838961161e-24,1.091794838961161e-24,1.091794838961161e-24,1.0917948389611606e-24,1.0917948389611608e-24,1.0917948389611582e-24,1.0917948389611591e-24,1.091794838961159e-24,1.0917948389611593e-24,1.0917948389611593e-24,1.0917948389611595e-24,1.0917948389611538e-24,1.091794838961155e-24,1.091794838961156e-24,1.0917948389611602e-24,1.0917948389611597e-24,1.0917948389611598e-24,1.0917948389611602e-24,1.0917948389611606e-24,1.0917948389611604e-24,1.091794838961159e-24,1.0917948389611598e-24,1.091794838961159e-24,1.0917948389611635e-24,1.0917948389611619e-24,1.091794838961165e-24,1.0917948389611696e-24,1.0917948389611698e-24,1.091794838961174e-24,1.0917948389611112e-24,1.0917948389611117e-24,1.0917948389611349e-24,1.0917948389611345e-24,1.0917948389610487e-24,1.0917948389610485e-24,1.0917948389610485e-24,1.0917948389610485e-24,1.0917948389610483e-24,1.0917948389610483e-24,1.0917948389610485e-24,1.0917948389610496e-24,1.091794838961051e-24,1.0917948389610513e-24,1.091794838961051e-24,1.091794838961062e-24,1.0917948389610608e-24,1.0917948389610607e-24,1.0917948389610603e-24,1.091794838961061e-24,1.091794838961061e-24,1.091794838961061e-24,1.0917948389610612e-24,1.0917948389610607e-24,1.0917948389610603e-24,1.091794838961059e-24,1.0917948389610579e-24,1.0917948389610603e-24,1.0917948389610597e-24,1.0917948389610596e-24,1.0917948389610596e-24,1.0917948389610597e-24,1.0917948389610597e-24,1.09179483896106e-24,1.0917948389610612e-24,1.091794838961062e-24,1.0917948389610566e-24,1.0917948389610573e-24,1.091794838961057e-24,1.0917948389610575e-24,1.0917948389610597e-24,1.09179483896106e-24,1.0917948389610531e-24,1.0917948389610537e-24,1.0917948389610537e-24,1.0917948389610515e-24,1.0917948389610517e-24,1.0917948389610507e-24,1.0917948389610504e-24,1.0917948389610507e-24,1.0917948389610511e-24,1.0917948389610507e-24,1.091794838961051e-24,1.0917948389610511e-24,1.091794838961051e-24,1.0917948389610511e-24,1.0917948389610518e-24,1.0917948389611306e-24,1.0917948389611308e-24,1.0917948389611304e-24,1.0917948389611034e-24,1.0917948389194182e-24,1.0917948389194177e-24,1.0917948389194182e-24,1.0917948389194182e-24,1.0917948389194182e-24,1.0917948389194182e-24,1.0917948389194178e-24,1.0917948389192066e-24,1.0917948389192064e-24,1.0917948389192057e-24,1.0917948389192057e-24,1.0917948389192265e-24,1.0917948389192268e-24,1.0917948389192268e-24,1.0917948389192268e-24,1.091794838919227e-24,1.0917948389192266e-24,1.0917948389192266e-24,1.091794838919227e-24,1.0917948389192266e-24,1.0917948389192268e-24,1.0917948389192266e-24,1.0917948389192268e-24,1.091794838919227e-24,1.0917948389192261e-24,1.0917948389192257e-24,1.0917948389192283e-24,1.0917948389192289e-24,1.0917948389192292e-24,1.0917948389192303e-24,1.0917948389192296e-24,1.0917948389192296e-24,1.0917948389192296e-24,1.0917948389192298e-24,1.0917948389192294e-24,1.0917948389192294e-24,1.0917948389192294e-24,1.0917948389192296e-24,1.091794838919229e-24,1.091794838919229e-24,1.091794838919229e-24,1.0917948389192289e-24,1.0917948389192289e-24,1.0917948389192283e-24,1.091794838919229e-24,1.0917948389192287e-24,1.0917948389192287e-24,1.0917948389192287e-24,1.0917948389192285e-24,1.0917948389192289e-24,1.091794838919229e-24,1.0917948389192296e-24,1.0917948389192164e-24,1.0917948389192162e-24,1.0917948389192158e-24,1.0917948389192162e-24,1.0917948389192153e-24,1.0917948389192154e-24,1.0917948389192153e-24,1.0917948389192153e-24,1.0917948389192153e-24,1.0917948389192153e-24,1.0917948389192044e-24,1.0917948389192044e-24,1.0917948389192052e-24,1.0917948389192046e-24,1.091794838919205e-24,1.0917948389192048e-24,1.0917948389192046e-24,1.0917948389192055e-24,1.0917948389192085e-24,1.0917948389192083e-24,1.0917948389192053e-24,1.091794838919205e-24,1.0917948389192052e-24,1.0917948389192053e-24,1.0917948389192048e-24,1.0917948389192057e-24,1.091794838919206e-24,1.0917948389192064e-24,1.091794838919206e-24,1.0917948389192134e-24,1.0917948389192129e-24,1.091794838919208e-24,1.0917948389193029e-24,1.091794838919303e-24,1.0917948389193036e-24,1.0917948389193032e-24,1.091794838919303e-24,1.0917948389193034e-24,1.091794838919298e-24,1.0917948389192975e-24,1.0917948389192975e-24,1.0917948389192977e-24,1.0917948389192975e-24,1.091794838919298e-24,1.0917948389192977e-24,1.0917948389192977e-24,1.091794838919298e-24,1.0917948389192977e-24,1.0917948389192977e-24,1.091794838919298e-24,1.091794838919298e-24,1.091794838919298e-24,1.0917948389192964e-24,1.0917948389192975e-24,1.0917948389192974e-24,1.0917948389192977e-24,1.0917948389192972e-24,1.0917948389192975e-24,1.0917948389192974e-24,1.0917948389192977e-24,1.0917948389192977e-24,1.091794838919298e-24,1.0917948389192975e-24,1.091794838919298e-24,1.091794838919298e-24,1.0917948389192974e-24,1.091794838919297e-24,1.0917948389192968e-24,1.0917948389192924e-24,1.091794838919293e-24,1.091794838919292e-24,1.091794838919292e-24,1.0917948389192922e-24,1.0917948389192918e-24,1.0917948389192922e-24,1.0917948389192917e-24,1.0917948389192918e-24,1.0917948389192922e-24,1.0917948389192918e-24,1.0917948389192924e-24,1.0917948389192922e-24,1.0917948389192928e-24,1.0917948389198943e-24,1.0917948389198945e-24,1.0917948389198943e-24,1.0917948389198947e-24,1.0917948389198937e-24,1.0917948389198943e-24,1.0917948389198941e-24,1.0917948389198941e-24,1.0917948389198943e-24,1.0917948389198943e-24,1.0917948389198941e-24,1.0917948389198937e-24,1.0917948389198941e-24,1.0917948389198943e-24,1.0917948389198943e-24,1.0917948389198941e-24,1.0917948389198941e-24,1.0917948389198936e-24,1.0917948389198941e-24,1.0917948389198937e-24,1.0917948389198937e-24,1.0917948389198956e-24,1.0917948389198954e-24,1.0917948389198956e-24,1.0917948389198954e-24,1.0917948389198952e-24,1.0917948389198954e-24,1.0917948389198956e-24,1.0917948389198958e-24,1.0917948389198952e-24,1.0917948389198956e-24,1.0917948389198958e-24,1.0917948389198958e-24,1.0917948389198956e-24,1.0917948389199e-24,1.0917948389199002e-24,1.0917948389198996e-24,1.0917948389199018e-24,1.0917948389199005e-24,1.0917948389199007e-24,1.0917948389199004e-24,1.0917948389199004e-24,1.0917948389199007e-24,1.0917948389199002e-24,1.0917948389199005e-24,1.0917948389198994e-24,1.0917948389198992e-24,1.0917948389198994e-24,1.0917948389198996e-24,1.091794838919905e-24,1.0917948389199053e-24,1.091794838919905e-24,1.0917948389199042e-24,1.0917948389199044e-24,1.0917948389199044e-24,1.0917948389199026e-24,1.0917948389199022e-24,1.091794838919902e-24,1.0917948389199022e-24,1.0917948389199022e-24,1.091794838919902e-24,1.0917948389199024e-24,1.091794838919902e-24,1.0917948389199022e-24,1.091794838919902e-24,1.0917948389198961e-24,1.0917948389198956e-24,1.0917948389198952e-24,1.0917948389198956e-24,1.0917948389198961e-24,1.0917948389198956e-24,1.0917948389198961e-24,1.0917948389198958e-24,1.0917948389198739e-24,1.0917948389198734e-24,1.0917948389198743e-24,1.091794838919874e-24,1.0917948389191319e-24,1.0917948389191317e-24,1.0917948389186709e-24,1.09179483891867e-24,1.091794838918671e-24,1.0917948389186705e-24,1.0917948389189212e-24,1.0917948389189214e-24,1.091794838918916e-24,1.0917948389189159e-24,1.0917948389189157e-24,1.091794838918914e-24,1.0917948389189139e-24,1.091794838918914e-24,1.0917948389189139e-24,1.0917948389189205e-24,1.0917948389189212e-24,1.0917948389189205e-24,1.0917948389189183e-24,1.0917948389188336e-24,1.0917948389188332e-24,1.0917948389188332e-24,1.0917948389188632e-24,1.0917948389188635e-24,1.091794838918949e-24,1.0917948530542746e-24,1.0917948530543095e-24,1.0917948530543096e-24,1.0917948530543091e-24,1.0917948530543212e-24,1.0917948530543214e-24,1.0917948530543243e-24,1.0917948530543242e-24,1.0917948530543243e-24,1.0917948530542799e-24,1.0917948530544048e-24,1.0917948530544261e-24,1.0917948530582367e-24,1.091794853078251e-24,1.0917948530782508e-24,1.0917948530780592e-24,1.0917948530780594e-24,1.0917948530780644e-24,1.0917948530780601e-24,1.0917948530780601e-24,1.0917948530780603e-24,1.0917948530781448e-24,1.0917948530781444e-24,1.091794853096911e-24,1.0917948530969116e-24,1.0917948530969118e-24,1.0917948532384108e-24,1.0917948532388681e-24,1.0917948532388674e-24,1.0917948532388685e-24,1.0917948532388613e-24,1.0917948532388612e-24,1.0917948532388613e-24,1.091794853238154e-24,1.0917948532381428e-24,1.0917948532381434e-24,1.091794853238143e-24,1.0917948532381434e-24,1.091794853238143e-24,1.0917948532381436e-24,1.0917948532381428e-24,1.0917948532381393e-24,1.0917948532381395e-24,1.0917948532381461e-24,1.0917948532381458e-24,1.0917948532381461e-24,1.0917948532379547e-24,1.0917948532379544e-24,1.0917948532612016e-24,1.091794853261202e-24,1.0917948532612016e-24,1.091794853261202e-24,1.0917948532612012e-24,1.0917948532612226e-24,1.0917948532612218e-24,1.0917948532612222e-24,1.0917948532612222e-24,1.0917948532612218e-24,1.0917948532612218e-24,1.0917948532612214e-24,1.0917948532612218e-24,1.091794853261222e-24,1.0917948532612216e-24,1.0917948532612216e-24,1.0917948532612218e-24,1.0917948532612216e-24,1.0917948532612214e-24,1.0917948532612218e-24,1.0917948532612213e-24,1.0917948532612213e-24,1.0917948532612216e-24,1.0917948532612213e-24,1.091794853261221e-24,1.091794853261221e-24,1.0917948532612218e-24,1.0917948532612218e-24,1.0917948532612226e-24,1.0917948532612218e-24,1.091794853261222e-24,1.0917948532612222e-24,1.0917948532612218e-24,1.0917948532612226e-24,1.091794853261222e-24,1.0917948532612224e-24,1.0917948532612242e-24,1.0917948532612156e-24,1.0917948532612154e-24,1.0917948532612152e-24,1.0917948532612156e-24,1.0917948532612152e-24,1.0917948532612156e-24,1.091794853261216e-24,1.0917948532612147e-24,1.0917948532612147e-24,1.0917948532612147e-24,1.091794853261222e-24,1.0917948532612222e-24,1.0917948532612216e-24,1.0917948532612218e-24,1.0917948532612222e-24,1.0917948532612214e-24,1.0917948532612216e-24,1.0917948532612214e-24,1.0917948532612216e-24,1.09179485326121e-24,1.0917948532612106e-24,1.0917948532612075e-24,1.0917948532612073e-24,1.0917948532612077e-24,1.0917948532612079e-24,1.0917948532612077e-24,1.0917948532612071e-24,1.091794853261206e-24,1.0917948532612104e-24,1.0917948532612104e-24,1.0917948532612108e-24,1.0917948532612106e-24,1.0917948532612102e-24,1.0917948532612104e-24,1.0917948532612106e-24,1.0917948532612102e-24,1.0917948532612104e-24,1.0917948532612102e-24,1.09179485326121e-24,1.0917948532612093e-24,1.0917948532612093e-24,1.0917948532612095e-24,1.0917948532612099e-24,1.0917948532612099e-24,1.0917948532612097e-24,1.0917948532612093e-24,1.0917948532612097e-24,1.0917948532612093e-24,1.0917948532612091e-24,1.0917948532612099e-24,1.0917948532612093e-24,1.0917948532612099e-24,1.0917948532612095e-24,1.0917948532612095e-24,1.0917948532612093e-24,1.0917948532612093e-24,1.0917948532612095e-24,1.0917948532612093e-24,1.0917948532612091e-24,1.0917948532612091e-24,1.0917948532612097e-24,1.0917948532612099e-24,1.0917948532612095e-24,1.0917948532612095e-24,1.0917948532612093e-24,1.0917948532612093e-24,1.091794853261209e-24,1.091794853261209e-24,1.0917948532612437e-24,1.0917948532612431e-24,1.0917948532612433e-24,1.0917948532612433e-24,1.0917948532612433e-24,1.0917948532612437e-24,1.0917948532612437e-24,1.0917948532612439e-24,1.0917948532612435e-24,1.0917948532612433e-24,1.091794853261243e-24,1.091794853261243e-24,1.0917948532612433e-24,1.0917948532612428e-24,1.0917948532612424e-24,1.0917948532612431e-24,1.0917948532612428e-24,1.091794853261243e-24,1.0917948532612426e-24,1.0917948532612424e-24,1.0917948532612593e-24,1.0917948532612595e-24,1.0917948532612595e-24,1.0917948532612591e-24,1.0917948532612595e-24,1.0917948532612593e-24,1.091794853261259e-24,1.091794853261259e-24,1.0917948532612591e-24,1.091794853261259e-24,1.0917948532612595e-24,1.091794853261259e-24,1.0917948532612587e-24,1.0917948532612593e-24,1.0917948532612591e-24,1.0917948532612587e-24,1.091794853261259e-24,1.0917948532612593e-24,1.0917948532612593e-24,1.0917948532612585e-24,1.0917948532612593e-24,1.091794853261259e-24,1.0917948532612587e-24,1.091794853261259e-24,1.0917948532612585e-24,1.091794853261259e-24,1.0917948532612587e-24,1.0917948532612591e-24,1.0917948532612635e-24,1.0917948532612633e-24,1.0917948532612639e-24,1.0917948532612637e-24,1.0917948532612631e-24,1.0917948532612593e-24,1.0917948532612999e-24,1.0917948532612922e-24,1.0917948532612923e-24,1.0917948532612923e-24,1.0917948532612923e-24,1.0917948532612922e-24,1.0917948532612925e-24,1.0917948532612018e-24,1.0917948532612029e-24,1.0917948532612029e-24,1.0917948532612029e-24,1.091794853261203e-24,1.0917948532612306e-24,1.0917948532612304e-24,1.0917948532612303e-24,1.0917948532612299e-24,1.09179485326123e-24,1.0917948532612297e-24,1.09179485326123e-24,1.0917948532612297e-24,1.09179485326123e-24,1.0917948532612303e-24,1.0917948532612304e-24,1.0917948532612205e-24,1.0917948532612207e-24,1.091794853261214e-24,1.0917948532612137e-24,1.0917948532612137e-24,1.091794853261214e-24,1.0917948532612136e-24,1.0917948532612134e-24,1.0917948532612134e-24,1.0917948532612136e-24,1.091794853261214e-24,1.0917948532612136e-24,1.0917948532612137e-24,1.091794853261214e-24,1.0917948532612137e-24,1.0917948532612134e-24,1.0917948532612141e-24,1.0917948532611911e-24,1.0917948532611915e-24,1.0917948532611832e-24,1.091794853261183e-24,1.0917948532611832e-24,1.0917948532611832e-24,1.091794853261183e-24,1.0917948532611832e-24,1.0917948532611834e-24,1.091794853261183e-24,1.0917948532611827e-24,1.0917948532611834e-24,1.091794853261183e-24,1.091794853261183e-24,1.091794853261184e-24,1.0917948532611838e-24,1.0917948532611836e-24,1.0917948532611834e-24,1.0917948532611838e-24,1.0917948532611838e-24,1.0917948532611838e-24,1.091794853261184e-24,1.0917948532611836e-24,1.0917948532611834e-24,1.0917948532611803e-24,1.09179485326118e-24,1.09179485326118e-24,1.09179485326118e-24,1.0917948532611805e-24,1.0917948532611803e-24,1.0917948532611798e-24,1.0917948532611798e-24,1.0917948532611798e-24,1.0917948532611796e-24,1.0917948532611803e-24,1.0917948532611796e-24,1.0917948532611796e-24,1.0917948532611792e-24,1.0917948532611788e-24,1.0917948532611798e-24,1.0917948532611798e-24,1.0917948532611798e-24,1.0917948532611794e-24,1.0917948532611794e-24,1.09179485326118e-24,1.0917948532611794e-24,1.0917948532611796e-24,1.09179485326118e-24,1.0917948532611803e-24,1.0917948532611801e-24,1.0917948532611801e-24,1.0917948532611801e-24,1.09179485326118e-24,1.0917948532611803e-24,1.0917948532611803e-24,1.0917948532611803e-24,1.09179485326118e-24,1.0917948532611801e-24,1.0917948532611801e-24,1.09179485326118e-24,1.0917948532611805e-24,1.0917948532611801e-24,1.0917948532611798e-24,1.09179485326118e-24,1.0917948532611798e-24,1.0917948532611798e-24,1.0917948532611798e-24,1.0917948532611798e-24,1.0917948532611798e-24,1.0917948532611798e-24,1.09179485326118e-24,1.0917948532611796e-24,1.0917948532611798e-24,1.0917948532611798e-24,1.09179485326118e-24,1.0917948532611798e-24,1.09179485326118e-24,1.09179485326118e-24,1.0917948532611796e-24,1.09179485326118e-24,1.0917948532611801e-24,1.0917948532611801e-24,1.0917948532611798e-24,1.0917948532611801e-24,1.0917948532611801e-24,1.0917948532611798e-24,1.0917948532611796e-24,1.0917948532611798e-24,1.0917948532611801e-24,1.09179485326118e-24,1.09179485326118e-24,1.0917948532611796e-24,1.0917948532611796e-24,1.09179485326118e-24,1.0917948532611805e-24,1.0917948532611801e-24,1.0917948532611803e-24,1.0917948532611803e-24,1.0917948532611801e-24,1.0917948532611801e-24,1.09179485326118e-24,1.0917948532611803e-24,1.0917948532611801e-24,1.0917948532611801e-24,1.0917948532611807e-24,1.0917948532611805e-24,1.0917948532611805e-24,1.0917948532611803e-24,1.0917948532611803e-24,1.09179485326118e-24,1.0917948532611805e-24,1.0917948532611803e-24,1.0917948532611803e-24,1.0917948532611801e-24,1.0917948532611801e-24,1.0917948532611803e-24,1.09179485326118e-24,1.0917948532611801e-24,1.0917948532611801e-24,1.0917948532611803e-24,1.0917948532611803e-24,1.0917948532611805e-24,1.0917948532611805e-24,1.0917948532611803e-24,1.0917948532611803e-24,1.0917948532611801e-24,1.0917948532611807e-24,1.0917948532611803e-24,1.0917948532611805e-24,1.0917948532611537e-24,1.0917948532611539e-24,1.0917948532611542e-24,1.0917948532611542e-24,1.0917948532611441e-24,1.0917948532611438e-24,1.0917948532611438e-24,1.0917948532611441e-24,1.0917948532611441e-24,1.0917948532611441e-24,1.0917948532611443e-24,1.0917948532611441e-24,1.0917948532611441e-24,1.0917948532611441e-24,1.091794853261144e-24,1.0917948532611438e-24,1.0917948532611443e-24,1.0917948532611441e-24,1.0917948532611443e-24,1.0917948532611443e-24,1.0917948532611438e-24,1.0917948532611445e-24,1.0917948532611583e-24,1.0917948532611584e-24,1.0917948532611586e-24,1.0917948532611583e-24,1.0917948532611586e-24,1.0917948532611577e-24,1.0917948532611579e-24,1.0917948532611579e-24,1.0917948532611579e-24,1.0917948532611575e-24,1.091794853261158e-24,1.0917948532611577e-24,1.0917948532611572e-24,1.0917948532611577e-24,1.0917948532611575e-24,1.0917948532611577e-24,1.0917948532611577e-24,1.0917948532611579e-24,1.0917948532611575e-24,1.0917948532611577e-24,1.0917948532611573e-24,1.0917948532611572e-24,1.0917948532611573e-24,1.0917948532611577e-24,1.0917948532611572e-24,1.0917948532611573e-24,1.0917948532611577e-24,1.0917948532611573e-24,1.0917948532611573e-24,1.091794853261157e-24,1.0917948532611573e-24,1.0917948532611542e-24,1.091794853261189e-24,1.0917948532611884e-24,1.0917948532611886e-24,1.0917948532611886e-24,1.0917948532611888e-24,1.0917948532611884e-24,1.0917948532611853e-24,1.0917948532611856e-24,1.0917948532611853e-24,1.0917948532611667e-24,1.0917948532611667e-24,1.0917948532611667e-24,1.0917948532611669e-24,1.0917948532611665e-24,1.0917948532611669e-24,1.0917948532611665e-24,1.0917948532611658e-24,1.091794853261166e-24,1.0917948532611972e-24,1.0917948532611972e-24,1.091794853261197e-24,1.0917948532611974e-24,1.0917948532611974e-24,1.0917948532611968e-24,1.0917948532612124e-24,1.0917948532612124e-24,1.0917948532612124e-24,1.0917948532612126e-24,1.0917948532612123e-24,1.0917948532612123e-24,1.091794853261212e-24,1.0917948532612119e-24,1.0917948532612123e-24,1.0917948532612126e-24,1.0917948532612126e-24,1.091794853261212e-24,1.0917948532612124e-24,1.0917948532612124e-24,1.0917948532612124e-24,1.0917948532612124e-24,1.0917948532612123e-24,1.0917948532612124e-24,1.0917948532612126e-24,1.0917948532612123e-24,1.09179485326122e-24,1.0917948532612198e-24,1.0917948532612196e-24,1.0917948532612196e-24,1.0917948532610336e-24,1.0917948532610336e-24,1.0917948532610334e-24,1.0917948532610332e-24,1.0917948532610336e-24,1.091794853261033e-24,1.091794853261033e-24,1.0917948532610334e-24,1.091794853261033e-24,1.0917948532610332e-24,1.0917948532610328e-24,1.0917948532610328e-24,1.091794853261033e-24,1.0917948532610332e-24,1.0917948532610328e-24,1.0917948532610328e-24,1.0917948532610328e-24,1.0917948532610328e-24,1.0917948532610328e-24,1.0917948532610328e-24,1.0917948532609847e-24,1.0917948532609847e-24,1.0917948532609847e-24,1.0917948532609849e-24,1.0917948532609702e-24,1.0917948532609678e-24,1.0917948532609672e-24,1.0917948532609672e-24,1.0917948532609674e-24,1.0917948532609682e-24,1.0917948532609676e-24,1.0917948532609683e-24,1.091794853260969e-24,1.0917948532609685e-24,1.0917948532609687e-24,1.0917948532609687e-24,1.0917948532609687e-24,1.0917948532609689e-24,1.0917948532609683e-24,1.0917948532609687e-24,1.0917948532609687e-24,1.0917948532609693e-24,1.0917948532609693e-24,1.0917948532609693e-24,1.091794853260969e-24,1.0917948532609693e-24,1.0917948532609693e-24,1.0917948532609695e-24,1.091794853260969e-24,1.091794853260969e-24,1.091794853260969e-24,1.0917948532609695e-24,1.0917948532609696e-24,1.091794853260969e-24,1.0917948532609682e-24,1.091794853260968e-24,1.0917948532609676e-24,1.0917948532609663e-24,1.091794853260966e-24,1.091794853260966e-24,1.0917948532609654e-24,1.0917948532609661e-24,1.0917948532609658e-24,1.0917948532609661e-24,1.0917948532609656e-24,1.0917948532609654e-24,1.0917948532609658e-24,1.091794853260966e-24,1.0917948532609658e-24,1.0917948532610082e-24,1.0917948532610084e-24,1.091794853261009e-24,1.0917948532610088e-24,1.091794853261009e-24,1.0917948532609959e-24,1.0917948532609955e-24,1.0917948532609955e-24,1.091794853260996e-24,1.0917948532610045e-24,1.0917948532610049e-24,1.0917948532610043e-24,1.0917948532610187e-24,1.0917948532610923e-24,1.0917948532610923e-24,1.0917948532610923e-24,1.0917948532610898e-24,1.091794853261089e-24,1.0917948532610896e-24,1.0917948532610896e-24,1.0917948532610898e-24,1.09179485326109e-24,1.0917948532610901e-24,1.0917948532610971e-24,1.091794853261097e-24,1.0917948532610973e-24,1.0917948532610967e-24,1.0917948532610971e-24,1.0917948532610973e-24,1.0917948532610971e-24,1.0917948532610971e-24,1.091794853261097e-24,1.0917948532610967e-24,1.0917948532610973e-24,1.0917948532610975e-24,1.0917948532610975e-24,1.0917948532610971e-24,1.0917948532610973e-24,1.0917948532613324e-24,1.0917948532613326e-24,1.091794853261332e-24,1.0917948532613324e-24,1.091794853261333e-24,1.0917948532613331e-24,1.0917948532613326e-24,1.0917948532613328e-24,1.0917948532613328e-24,1.091794853261333e-24,1.091794853261333e-24,1.0917948532613328e-24,1.0917948532613328e-24,1.0917948532613331e-24,1.0917948532613331e-24,1.0917948532612894e-24,1.091794853261289e-24,1.0917948532612894e-24,1.0917948532612896e-24,1.09179485326129e-24,1.0917948532612903e-24,1.0917948532612905e-24,1.0917948532612903e-24,1.0917948532612903e-24,1.0917948532612907e-24,1.0917948532612901e-24,1.0917948532612898e-24,1.0917948532612872e-24,1.091794853261287e-24,1.0917948532612872e-24,1.0917948532612872e-24,1.0917948532612872e-24,1.0917948532612874e-24,1.0917948532612872e-24,1.0917948532612874e-24,1.0917948532612876e-24,1.0917948532612874e-24,1.0917948532612874e-24,1.0917948532612872e-24,1.091794853261016e-24,1.0917948532610156e-24,1.0917948532610161e-24,1.091794853261016e-24,1.0917948532610154e-24,1.091794853261016e-24,1.0917948532610152e-24,1.0917948532612486e-24,1.091794853261248e-24,1.0917948532612486e-24,1.0917948532612486e-24,1.0917948532612484e-24,1.0917948532612486e-24,1.0917948532612488e-24,1.0917948532612486e-24,1.0917948532612547e-24,1.0917948532612547e-24,1.0917948532612477e-24,1.091794853261247e-24,1.0917948532612468e-24,1.0917948532612464e-24,1.091794853261332e-24,1.0917948532613328e-24,1.0917948532613346e-24,1.0917948532614071e-24,1.0917948532614419e-24,1.09179485326144e-24,1.0917948532614402e-24,1.0917948532614402e-24,1.0917948532614402e-24,1.0917948532614395e-24,1.0917948532614402e-24,1.0917948532614459e-24,1.091794853261436e-24,1.0917948532614365e-24,1.0917948532612576e-24,1.0917948532612578e-24,1.0917948532612582e-24,1.0917948532611382e-24,1.0917948532611384e-24,1.091794853261138e-24,1.0917948532611382e-24,1.0917948532611234e-24,1.0917948532611241e-24,1.0917948532611234e-24,1.0917948532611237e-24,1.0917948532611234e-24,1.0917948532611236e-24,1.0917948532611234e-24,1.0917948532611237e-24,1.0917948532611234e-24,1.0917948532611236e-24,1.0917948532611236e-24,1.0917948532611234e-24,1.0917948532611237e-24,1.0917948532611236e-24,1.0917948532611237e-24,1.0917948532611236e-24,1.0917948532611236e-24,1.0917948532611236e-24,1.0917948532611236e-24,1.0917948532611241e-24,1.0917948532611236e-24,1.0917948532611236e-24,1.0917948532611237e-24,1.0917948532611241e-24,1.0917948532611234e-24,1.091794853261118e-24,1.0917948532606614e-24,1.0917948532606616e-24,1.0917948532606614e-24,1.091794853260662e-24,1.0917948532606578e-24,1.0917948532606686e-24,1.0917948532606688e-24,1.0917948532606686e-24,1.0917948532606682e-24,1.0917948532606686e-24,1.0917948532606688e-24,1.0917948532606793e-24,1.0917948532606789e-24,1.0917948532606789e-24,1.0917948532719515e-24,1.0917948532719513e-24,1.0917948532719848e-24,1.0917948532719851e-24,1.0917948532719848e-24,1.091794853271985e-24,1.0917948532719851e-24,1.091794853271985e-24,1.0917948532719846e-24,1.0917948532719848e-24,1.091794853271985e-24,1.0917948532719844e-24,1.0917948532719618e-24,1.0917948532719618e-24,1.091794853271962e-24,1.0917948532719623e-24,1.0917948532719618e-24,1.0917948532719734e-24,1.091794853271973e-24,1.0917948532719447e-24,1.0917948532719467e-24,1.091794853271947e-24,1.0917948532719464e-24,1.0917948532719572e-24,1.0917948532719568e-24,1.0917948532719568e-24,1.0917948532719568e-24,1.0917948532719565e-24,1.0917948532719567e-24,1.091794853271957e-24,1.0917948532719565e-24,1.091794853271907e-24,1.0917948532719072e-24,1.0917948532719067e-24,1.0917948532719067e-24,1.0917948532719069e-24,1.0917948532719082e-24,1.0917948532719377e-24,1.0917948532719372e-24,1.0917948532719374e-24,1.091794853275351e-24,1.0917948532753507e-24,1.0917948532753507e-24,1.0917948532753507e-24,1.0917948532753507e-24,1.0917948532709046e-24,1.0917948532709042e-24,1.0917948532709055e-24,1.0917948532709005e-24,1.0917948532709005e-24,1.0917948532709002e-24,1.0917948532708998e-24,1.0917948532709e-24,1.0917948532708045e-24,1.091794853270805e-24,1.0917948532708052e-24,1.0917948532708102e-24,1.0917948532708104e-24,1.0917948532708107e-24,1.0917948532708331e-24,1.091794853270833e-24,1.0917948532708522e-24,1.091794853270852e-24,1.0917948532708522e-24,1.0917948532708526e-24,1.0917948532708524e-24,1.0917948532708269e-24,1.0917948532708598e-24,1.0917948532708592e-24,1.0917948532716922e-24,1.091794853271692e-24,1.0917948532716923e-24,1.0917948532716922e-24,1.091794853271692e-24,1.0917948532716912e-24,1.0917948532716999e-24,1.0917948532716997e-24,1.0917948532716991e-24,1.0917948532716995e-24,1.0917948532717065e-24,1.091794853271707e-24,1.0917948532717074e-24,1.0917948532717069e-24,1.091794853271707e-24,1.0917948532717067e-24,1.0917948532717074e-24,1.091794853271707e-24,1.0917948532717074e-24,1.0917948532717074e-24,1.091794853271707e-24,1.0917948532717074e-24,1.0917948532717078e-24,1.0917948532717074e-24,1.0917948532717113e-24,1.091794853271711e-24,1.091794853271711e-24,1.0917948532717934e-24,1.0917948532717932e-24,1.0917948532717934e-24,1.091794853271793e-24,1.0917948532717928e-24,1.0917948532717853e-24,1.0917948532717855e-24,1.0917948532717858e-24,1.0917948532717855e-24,1.091794853271785e-24,1.0917948532717842e-24,1.0917948532748013e-24,1.0917948532748023e-24,1.0917948532746968e-24,1.0917948532747325e-24,1.0917948532747321e-24,1.0917948532747317e-24,1.0917948532817663e-24,1.0917948532818574e-24,1.0917948532818936e-24,1.0917948532816541e-24,1.091794853281654e-24,1.0917948532816547e-24,1.0917948532816543e-24,1.0917948532816357e-24,1.0917948532816357e-24,1.091794853281636e-24,1.0917948532816376e-24,1.0917948532816374e-24,1.091794853281638e-24,1.0917948532816376e-24,1.0917948532816383e-24,1.0917948532816376e-24,1.0917948532816372e-24,1.091794853281637e-24,1.0917948532816368e-24,1.091794853281752e-24,1.0917948532817522e-24,1.0917948532817538e-24,1.0917948532817548e-24,1.0917948532817551e-24,1.0917948532817551e-24,1.0917948532838604e-24,1.0917948532838607e-24,1.0917948532838611e-24,1.0917948532838613e-24,1.091794853283862e-24,1.0917948532838617e-24,1.0917948530510304e-24,1.0917948530510308e-24,1.0917948530510304e-24,1.0917948530510304e-24,1.09179485305103e-24,1.0917948530510302e-24,1.0917948530510302e-24,1.0917948530510304e-24,1.0917948530510304e-24,1.0917948530510302e-24,1.0917948530510304e-24,1.0917948530510304e-24,1.09179485305103e-24,1.0917948530510304e-24,1.0917948530510304e-24,1.0917948530510306e-24,1.0917948530510306e-24,1.0917948530510302e-24,1.0917948530510306e-24,1.0917948530510304e-24,1.0917948530510304e-24,1.0917948530510304e-24,1.0917948530498369e-24,1.0917948530498369e-24,1.0917948530498369e-24,1.091794853049837e-24,1.0917948530498286e-24,1.0917948530498286e-24,1.0917948530498305e-24,1.0917948530498303e-24,1.0917948530498305e-24,1.0917948530498316e-24,1.0917948530498314e-24,1.091794853049833e-24,1.0917948530498323e-24,1.0917948530498332e-24,1.0917948530498334e-24,1.0917948530498332e-24,1.0917948530498334e-24,1.0917948530498327e-24,1.0917948530498327e-24,1.0917948530498332e-24,1.0917948530508322e-24,1.0917948530507277e-24,1.09179485305064e-24,1.0917948530506434e-24,1.091794853058522e-24,1.091794853058522e-24,1.091794853058521e-24,1.0917948530585218e-24,1.0917948530585256e-24,1.0917948530585304e-24,1.0917948530565126e-24,1.0917948530565139e-24,1.091794853056514e-24,1.0917948530565119e-24,1.0917948530565119e-24,1.0917948530565108e-24,1.0917948530565313e-24,1.0917948530791014e-24,1.0917948530791008e-24,1.091794853079101e-24,1.0917948530086838e-24,1.091794853008684e-24,1.0917948530086845e-24,1.0917948530086845e-24,1.0917948530086841e-24,1.0917948530086843e-24,1.0917948530086849e-24,1.0917948530086847e-24,1.0917948530086847e-24,1.0917948530086847e-24,1.0917948530086847e-24,1.0917948530086847e-24,1.0917948530086843e-24,1.0917948530086849e-24,1.091794853008685e-24,1.0917948530086849e-24,1.0917948530086847e-24,1.0917948530086832e-24,1.0917948530086834e-24,1.0917948530086834e-24,1.091794853008683e-24,1.0917948530086834e-24,1.091794853008683e-24,1.0917948530086832e-24,1.0917948530086832e-24,1.0917948530086826e-24,1.0917948530086553e-24,1.0917948530086558e-24,1.0917948530086557e-24,1.0917948530086551e-24,1.0917948530086544e-24,1.0917948530086545e-24,1.0917948530143807e-24,1.0917948530143803e-24,1.0917948530147221e-24,1.0917948530147223e-24,1.0917948530147216e-24,1.0917948530147221e-24,1.0917948530147225e-24,1.0917948530147221e-24,1.0917948530147355e-24,1.0917948530147355e-24,1.0917948530147377e-24,1.0917948530147377e-24,1.0917948530147372e-24,1.0917948530147232e-24,1.0917948530147e-24,1.0917948530147003e-24,1.0917948530146999e-24,1.0917948530147004e-24,1.0917948530147006e-24,1.0917948530147012e-24,1.0917948530147601e-24,1.09179485301476e-24,1.0917948530147486e-24,1.0917948530147493e-24,1.0917948530147491e-24,1.0917948530147488e-24,1.091794853014749e-24,1.0917948530533832e-24,1.0917948530533827e-24,1.091794853053358e-24,1.091794853053358e-24,1.0917948530533575e-24,1.0917948530533577e-24,1.0917948530533573e-24,1.0917948530533301e-24,1.0917948530533309e-24,1.091794853053331e-24,1.0917948530533303e-24,1.0917948530533303e-24,1.0917948530533305e-24,1.0917948530533303e-24,1.0917948530533301e-24,1.0917948530533298e-24,1.0917948530533305e-24,1.0917948530533884e-24,1.0917948530533882e-24,1.091794853053389e-24,1.0917948530533876e-24,1.0917948530533876e-24,1.0917948530533878e-24,1.091794853053382e-24,1.0917948530533823e-24,1.0917948530533825e-24,1.0917948530533821e-24,1.0917948530533825e-24,1.0917948530533825e-24,1.0917948530533825e-24,1.0917948530533823e-24,1.0917948530533823e-24,1.0917948530533823e-24,1.0917948530533827e-24,1.0917948530533825e-24,1.091794853053382e-24,1.0917948530533821e-24,1.0917948530533825e-24,1.0917948530533827e-24,1.0917948530533827e-24,1.0917948530533828e-24,1.0917948530533827e-24,1.0917948530534229e-24,1.0917948530534234e-24,1.0917948530534176e-24,1.0917948530534176e-24,1.0917948530534174e-24,1.0917948530534176e-24,1.0917948530534172e-24,1.0917948530534174e-24,1.0917948530534172e-24,1.0917948530534174e-24,1.0917948530534172e-24,1.0917948530534166e-24,1.0917948530534168e-24,1.091794853053417e-24,1.0917948530534168e-24,1.0917948530534168e-24,1.0917948530534163e-24,1.0917948530534159e-24,1.0917948530534166e-24,1.0917948530534159e-24,1.091794853053416e-24,1.0917948530534163e-24,1.0917948530534163e-24,1.091794853053416e-24,1.0917948530534157e-24,1.0917948530534163e-24,1.0917948530534159e-24,1.0917948530534159e-24,1.0917948530534172e-24,1.0917948530534168e-24,1.0917948530534168e-24,1.0917948530534168e-24,1.0917948530534172e-24,1.091794853053608e-24,1.0917948530536078e-24,1.0917948530536082e-24,1.0917948530536084e-24,1.091794853053608e-24,1.091794853053608e-24,1.091794853053608e-24,1.0917948530536082e-24,1.0917948530536075e-24,1.091794853053608e-24,1.0917948530536104e-24,1.0917948530536106e-24,1.0917948530536104e-24,1.0917948530536106e-24,1.0917948530536102e-24,1.0917948530536099e-24,1.0917948530536102e-24,1.0917948530536102e-24,1.0917948530536102e-24,1.0917948530536104e-24,1.0917948530536157e-24,1.0917948530536163e-24,1.0917948530536157e-24,1.0917948530536157e-24,1.0917948530536157e-24,1.0917948530536163e-24,1.091794853053616e-24,1.091794853053616e-24,1.0917948530536168e-24,1.0917948530535785e-24,1.0917948530535794e-24,1.091794853053579e-24,1.0917948530535792e-24,1.0917948530535792e-24,1.091794853053579e-24,1.0917948530535785e-24,1.0917948530535786e-24,1.0917948530535812e-24,1.0917948530535808e-24,1.0917948530535807e-24,1.0917948530535807e-24,1.091794853053581e-24,1.0917948530535807e-24,1.0917948530535805e-24,1.0917948530535805e-24,1.0917948530535803e-24,1.0917948530535803e-24,1.0917948530535753e-24,1.0917948530535759e-24,1.0917948530535751e-24,1.0917948530535751e-24,1.0917948530535751e-24,1.0917948530535748e-24,1.0917948530535751e-24,1.091794853053575e-24,1.0917948530535753e-24,1.091794853053575e-24,1.0917948530535904e-24,1.0917948530535902e-24,1.0917948530535902e-24,1.0917948530535902e-24,1.0917948530535898e-24,1.0917948530535897e-24,1.0917948530535897e-24,1.0917948530535893e-24,1.0917948530535891e-24,1.0917948530535891e-24,1.0917948530535891e-24,1.0917948530535893e-24,1.0917948530535895e-24,1.0917948530535893e-24,1.0917948530535897e-24,1.0917948530535895e-24,1.0917948530535897e-24,1.0917948530535893e-24,1.0917948530535898e-24,1.09179485305359e-24,1.0917948530536016e-24,1.0917948530536012e-24,1.0917948530536005e-24,1.0917948530536001e-24,1.0917948530536003e-24,1.0917948530536001e-24,1.0917948530536005e-24,1.0917948530536007e-24,1.0917948530536003e-24,1.0917948530536007e-24,1.0917948530536009e-24,1.091794853053601e-24,1.0917948530536009e-24,1.0917948530536009e-24,1.091794853053601e-24,1.0917948530536012e-24,1.091794853053601e-24,1.0917948530536053e-24,1.0917948530536045e-24,1.0917948530536053e-24,1.0917948530536045e-24,1.0917948530536045e-24,1.0917948530536045e-24,1.0917948530536045e-24,1.0917948530536049e-24,1.0917948530536047e-24,1.0917948530536055e-24,1.091794853053605e-24,1.0917948530536053e-24,1.0917948530536053e-24,1.0917948530536053e-24,1.091794853053605e-24,1.091794853053605e-24,1.0917948530536053e-24,1.0917948530536053e-24,1.0917948530536045e-24,1.0917948530536053e-24,1.0917948530536053e-24,1.0917948530536056e-24,1.0917948530536053e-24,1.0917948530536058e-24,1.0917948530536053e-24,1.0917948530536354e-24,1.0917948530536354e-24,1.0917948530536352e-24,1.0917948530536354e-24,1.0917948530536356e-24,1.0917948530536486e-24,1.0917948530536484e-24,1.0917948530536484e-24,1.0917948530536484e-24,1.0917948530536482e-24,1.0917948530536484e-24,1.0917948530536486e-24,1.0917948530536484e-24,1.091794853053648e-24,1.0917948530536479e-24,1.091794853053648e-24,1.0917948530536488e-24,1.0917948530536486e-24,1.0917948530536488e-24,1.0917948530536482e-24,1.091794853053649e-24,1.0917948530536486e-24,1.0917948530536521e-24,1.0917948530536523e-24,1.091794853053652e-24,1.091794853053652e-24,1.0917948530536516e-24,1.0917948530536517e-24,1.0917948530536516e-24,1.0917948530536516e-24,1.0917948530536517e-24,1.0917948530536514e-24,1.0917948530536516e-24,1.0917948530536514e-24,1.0917948530536514e-24,1.091794853053651e-24,1.0917948530536583e-24,1.0917948530536583e-24,1.0917948530536622e-24,1.0917948530536626e-24,1.0917948530536628e-24,1.0917948530536624e-24,1.091794853073836e-24,1.0917948530738273e-24,1.0917948530738278e-24,1.0917948530738273e-24,1.0917948530738278e-24,1.0917948530738276e-24,1.0917948530738274e-24,1.0917948530738276e-24,1.0917948530738274e-24,1.0917948530738282e-24,1.0917948530738276e-24,1.0917948530738273e-24,1.091794853073827e-24,1.0917948530738267e-24,1.0917948530738269e-24,1.0917948530738265e-24,1.0917948530738324e-24,1.0917948530738324e-24,1.0917948530738324e-24,1.0917948530738322e-24,1.0917948530738324e-24,1.0917948530738317e-24,1.091794853073832e-24,1.0917948530738324e-24,1.0917948530738322e-24,1.0917948530738322e-24,1.0917948530738322e-24,1.0917948530738319e-24,1.0917948530738322e-24,1.0917948530738319e-24,1.0917948530738322e-24,1.091794853073832e-24,1.091794853073832e-24,1.091794853073832e-24,1.0917948530738324e-24,1.0917948530738317e-24,1.0917948530738322e-24,1.091794853073832e-24,1.0917948530738322e-24,1.0917948530738326e-24,1.091794853073832e-24,1.0917948530738324e-24,1.091794853073832e-24,1.0917948530738319e-24,1.0917948530738324e-24,1.091794853073913e-24,1.091794853073913e-24,1.091794853073913e-24,1.0917948530739132e-24,1.091794853073913e-24,1.091794853073913e-24,1.0917948530739127e-24,1.0917948530739132e-24,1.0917948530739134e-24,1.0917948530739132e-24,1.0917948530739145e-24,1.0917948530739147e-24,1.0917948530739149e-24,1.0917948530739145e-24,1.0917948530739149e-24,1.091794853073915e-24,1.0917948530739149e-24,1.091794853073915e-24,1.0917948530739143e-24,1.091794853073915e-24,1.0917948530739145e-24,1.0917948530739149e-24,1.0917948530739149e-24,1.0917948530739154e-24,1.0917948530739e-24,1.0917948530739011e-24,1.0917948530739011e-24,1.0917948530739011e-24,1.0917948530739007e-24,1.0917948530739007e-24,1.0917948530739005e-24,1.0917948530739007e-24,1.0917948530739015e-24,1.0917948530739011e-24,1.091794853073901e-24,1.0917948530739016e-24,1.0917948530739007e-24,1.091794853073886e-24,1.0917948530738857e-24,1.091794853073886e-24,1.0917948530738862e-24,1.091794853073886e-24,1.0917948530738864e-24,1.0917948530738859e-24,1.0917948530738864e-24,1.0917948530738866e-24,1.0917948530738864e-24,1.091794853073886e-24,1.0917948530738864e-24,1.0917948530738873e-24,1.0917948530738873e-24,1.0917948530738875e-24,1.0917948530738873e-24,1.0917948530738868e-24,1.0917948530738873e-24,1.091794853073887e-24,1.0917948530738875e-24,1.0917948530738873e-24,1.0917948530738873e-24,1.09179485307389e-24,1.0917948530738895e-24,1.0917948530738897e-24,1.0917948530738895e-24,1.0917948530738895e-24,1.0917948530738792e-24,1.0917948530738789e-24,1.091794853073879e-24,1.0917948530738421e-24,1.0917948530738425e-24,1.0917948530738425e-24,1.0917948530738425e-24,1.0917948530738423e-24,1.0917948530738425e-24,1.0917948530738425e-24,1.0917948530738423e-24,1.0917948530738421e-24,1.091794853073842e-24,1.0917948530738425e-24,1.0917948530738423e-24,1.0917948530738423e-24,1.091794853073842e-24,1.0917948530738425e-24,1.091794853073842e-24,1.0917948530738416e-24,1.091794853073842e-24,1.0917948530738416e-24,1.0917948530738414e-24,1.0917948530738425e-24,1.0917948530738425e-24,1.0917948530738418e-24,1.091794853073842e-24,1.0917948530738418e-24,1.0917948530738375e-24,1.0917948530738377e-24,1.0917948530738915e-24,1.0917948530738915e-24,1.0917948530738892e-24,1.0917948530738892e-24,1.0917948530738884e-24,1.0917948530738882e-24,1.091794853073889e-24,1.0917948530738888e-24,1.091794853073889e-24,1.0917948530738892e-24,1.0917948530738969e-24,1.0917948530738967e-24,1.0917948530738967e-24,1.091794853073897e-24,1.0917948530738961e-24,1.0917948530738965e-24,1.0917948530738967e-24,1.0917948530738967e-24,1.0917948530738963e-24,1.0917948530738967e-24,1.0917948530738972e-24,1.0917948530738969e-24,1.0917948530738972e-24,1.091794853073899e-24,1.0917948530738994e-24,1.0917948530738989e-24,1.0917948530738989e-24,1.0917948530738989e-24,1.0917948530738987e-24,1.0917948530738983e-24,1.091794853073937e-24,1.091794853073937e-24,1.091794853073937e-24,1.091794853073937e-24,1.0917948530739481e-24,1.0917948530739477e-24,1.0917948530739498e-24,1.0917948530737176e-24,1.091794853073718e-24,1.0917948530737176e-24,1.0917948530737182e-24,1.0917948530737183e-24,1.0917948530737182e-24,1.0917948530737182e-24,1.0917948530737182e-24,1.091794853073718e-24,1.0917948530737178e-24,1.0917948530737178e-24,1.091794853073718e-24,1.0917948530737178e-24,1.091794853073718e-24,1.091794853073718e-24,1.0917948530737183e-24,1.0917948530737183e-24,1.0917948530737185e-24,1.0917948530737183e-24,1.0917948530737187e-24,1.0917948530737183e-24,1.0917948530737185e-24,1.091794853073719e-24,1.091794853073719e-24,1.0917948530737194e-24,1.091794853073719e-24,1.0917948530737196e-24,1.0917948530737202e-24,1.0917948530737204e-24,1.0917948530737215e-24,1.0917948530737215e-24,1.0917948530737213e-24,1.0917948530737217e-24,1.091794853073721e-24,1.091794853073721e-24,1.0917948530737217e-24,1.091794853073721e-24,1.0917948530737213e-24,1.0917948530737217e-24,1.0917948530737211e-24,1.091794853073721e-24,1.0917948530737211e-24,1.0917948530737215e-24,1.0917948530737207e-24,1.0917948530737207e-24,1.0917948530737205e-24,1.0917948530737207e-24,1.0917948530737204e-24,1.0917948530737205e-24,1.0917948530737211e-24,1.0917948530737215e-24,1.09179485307372e-24,1.09179485307372e-24,1.0917948530737196e-24,1.0917948530737194e-24,1.0917948530737198e-24,1.0917948530737202e-24,1.0917948530737202e-24,1.0917948530737217e-24,1.0917948530737215e-24,1.0917948530737218e-24,1.0917948530737213e-24,1.0917948530737213e-24,1.0917948530737213e-24,1.0917948530737213e-24,1.0917948530737213e-24,1.0917948530737215e-24,1.0917948530737213e-24,1.0917948530737207e-24,1.0917948530737211e-24,1.0917948530737211e-24,1.0917948530737217e-24,1.0917948530737213e-24,1.0917948530737215e-24,1.091794853073721e-24,1.0917948530737211e-24,1.0917948530737215e-24,1.0917948530737211e-24,1.091794853073721e-24,1.0917948530737213e-24,1.0917948530737215e-24,1.0917948530737215e-24,1.091794853073722e-24,1.0917948530737194e-24,1.091794853073719e-24,1.0917948530737194e-24,1.091794853073719e-24,1.0917948530737193e-24,1.0917948530737189e-24,1.0917948530737193e-24,1.0917948530737196e-24,1.0917948530737198e-24,1.0917948530737198e-24,1.0917948530737194e-24,1.0917948530737194e-24,1.0917948530737196e-24,1.0917948530737194e-24,1.0917948530737193e-24,1.091794853073719e-24,1.091794853073719e-24,1.0917948530737193e-24,1.0917948530737194e-24,1.091794853073719e-24,1.091794853073719e-24,1.0917948530737194e-24,1.0917948530737194e-24,1.091794853073719e-24,1.091794853073719e-24,1.091794853073719e-24,1.091794853073719e-24,1.0917948530737193e-24,1.091794853073719e-24,1.091794853073719e-24,1.091794853073719e-24,1.091794853073719e-24,1.0917948530737185e-24,1.0917948530737187e-24,1.0917948530737185e-24,1.0917948530737189e-24,1.0917948530736972e-24,1.0917948530736976e-24,1.0917948530736978e-24,1.0917948530736976e-24,1.0917948530736978e-24,1.0917948530736978e-24,1.0917948530736978e-24,1.0917948530736978e-24,1.091794853073698e-24,1.0917948530736981e-24,1.0917948530736983e-24,1.0917948530736981e-24,1.091794853073698e-24,1.0917948530736981e-24,1.091794853073698e-24,1.0917948530736983e-24,1.0917948530736983e-24,1.0917948530736983e-24,1.0917948530736981e-24,1.0917948530736983e-24,1.0917948530736983e-24,1.091794853073699e-24,1.0917948530736983e-24,1.0917948530736981e-24,1.0917948530736978e-24,1.091794853073698e-24,1.0917948530736978e-24,1.0917948530736978e-24,1.091794853073698e-24,1.0917948530736981e-24,1.0917948530736983e-24,1.0917948530736981e-24,1.0917948530736987e-24,1.0917948530736983e-24,1.0917948530736989e-24,1.0917948530736739e-24,1.091794853073674e-24,1.091794853073674e-24,1.0917948530736739e-24,1.0917948530736787e-24,1.091794853073679e-24,1.0917948530736787e-24,1.0917948530736787e-24,1.0917948530736858e-24,1.0917948530736857e-24,1.091794853073686e-24,1.0917948530736857e-24,1.091794853073686e-24,1.0917948530736857e-24,1.091794853073686e-24,1.0917948530736864e-24,1.091794853073686e-24,1.091794853073686e-24,1.0917948530736827e-24,1.0917948530736822e-24,1.0917948530736825e-24,1.0917948530736823e-24,1.0917948530737e-24,1.0917948530737e-24,1.0917948530736996e-24,1.0917948530737003e-24,1.0917948530737002e-24,1.0917948530737002e-24,1.0917948530736998e-24,1.0917948530737002e-24,1.0917948530737005e-24,1.091794853073701e-24,1.091794853073701e-24,1.0917948530737007e-24,1.0917948530737007e-24,1.0917948530737009e-24,1.0917948530737009e-24,1.0917948530737007e-24,1.0917948530737005e-24,1.0917948530737002e-24,1.0917948530737005e-24,1.0917948530737003e-24,1.0917948530737007e-24,1.0917948530737009e-24,1.0917948530737003e-24,1.0917948530737003e-24,1.0917948530737005e-24,1.0917948530737003e-24,1.0917948530737007e-24,1.0917948530737007e-24,1.0917948530737005e-24,1.0917948530737002e-24,1.0917948530737002e-24,1.0917948530737005e-24,1.0917948530737009e-24,1.0917948530737007e-24,1.091794853073701e-24,1.0917948530737013e-24,1.0917948530737007e-24,1.091794853073701e-24,1.0917948530737013e-24,1.0917948530737014e-24,1.0917948530737013e-24,1.091794853073701e-24,1.0917948530737013e-24,1.091794853073701e-24,1.0917948530737013e-24,1.0917948530737014e-24,1.091794853073701e-24,1.0917948530737009e-24,1.0917948530737042e-24,1.0917948530737046e-24,1.0917948530737042e-24,1.0917948530737044e-24,1.0917948530737044e-24,1.0917948530737042e-24,1.0917948530737044e-24,1.0917948530737042e-24,1.0917948530737042e-24,1.091794853073704e-24,1.0917948530737037e-24,1.0917948530737038e-24,1.0917948530737035e-24,1.0917948530736919e-24,1.0917948530736919e-24,1.0917948530736917e-24,1.0917948530736917e-24,1.0917948530736919e-24,1.0917948530736923e-24,1.091794853073692e-24,1.0917948530736926e-24,1.0917948530736923e-24,1.0917948530736923e-24,1.0917948530736919e-24,1.0917948530736926e-24,1.091794853073692e-24,1.0917948530737033e-24,1.0917948530737003e-24,1.0917948530737007e-24,1.0917948530737005e-24,1.0917948530737007e-24,1.0917948530737009e-24,1.0917948530737007e-24,1.0917948530737009e-24,1.0917948530737005e-24,1.0917948530737005e-24,1.0917948530737003e-24,1.0917948530737007e-24,1.0917948530737007e-24,1.0917948530737007e-24,1.0917948530737007e-24,1.0917948530737003e-24,1.0917948530737003e-24,1.0917948530737003e-24,1.0917948530737002e-24,1.0917948530737007e-24,1.0917948530737007e-24,1.0917948530737013e-24,1.0917948530737007e-24,1.091794853073701e-24,1.0917948530737003e-24,1.0917948530737007e-24,1.0917948530737002e-24,1.0917948530737e-24,1.0917948530737003e-24,1.0917948530737002e-24,1.0917948530737002e-24,1.0917948530737e-24,1.091794853073684e-24,1.0917948530736836e-24,1.0917948530736842e-24,1.0917948530736842e-24,1.0917948530736805e-24,1.0917948530736803e-24,1.0917948530736717e-24,1.0917948530736724e-24,1.0917948530737744e-24,1.0917948530737744e-24,1.0917948530737744e-24,1.0917948530737745e-24,1.0917948530737742e-24,1.0917948530737747e-24,1.0917948530737745e-24,1.0917948530737747e-24,1.0917948530737742e-24,1.0917948530737745e-24,1.0917948530737747e-24,1.0917948530737744e-24,1.0917948530737744e-24,1.0917948530737747e-24,1.0917948530737744e-24,1.0917948530737742e-24,1.0917948530737742e-24,1.0917948530737738e-24,1.0917948530737745e-24,1.091794853073774e-24,1.0917948530737736e-24,1.0917948530737736e-24,1.0917948530737738e-24,1.0917948530737674e-24,1.0917948530737666e-24,1.0917948530737448e-24,1.0917948530737481e-24,1.0917948530737316e-24,1.0917948530737316e-24,1.0917948530737316e-24,1.0917948530737312e-24,1.0917948530737318e-24,1.0917948530737312e-24,1.0917948530737314e-24,1.091794853073731e-24,1.091794853073731e-24,1.0917948530737312e-24,1.0917948530737307e-24,1.0917948530737349e-24,1.091794853073735e-24,1.0917948530737349e-24,1.0917948530737352e-24,1.0917948530737347e-24,1.0917948530737347e-24,1.0917948530737345e-24,1.0917948530737343e-24,1.0917948530737347e-24,1.0917948530737345e-24,1.0917948530737382e-24,1.091794853073738e-24,1.091794853073738e-24,1.0917948530737378e-24,1.0917948530737382e-24,1.0917948530737382e-24,1.0917948530737378e-24,1.091794853073738e-24,1.0917948530737384e-24,1.091794853073758e-24,1.0917948530737584e-24,1.0917948530737578e-24,1.0917948530737183e-24,1.0917948530737189e-24,1.0917948530737183e-24,1.0917948530737185e-24,1.0917948530737189e-24,1.0917948530737187e-24,1.0917948530737183e-24,1.0917948530737182e-24,1.0917948530737182e-24,1.0917948530737183e-24,1.0917948530737182e-24,1.091794853073718e-24,1.0917948530737178e-24,1.091794853073718e-24,1.0917948530737283e-24,1.0917948530737283e-24,1.0917948530737205e-24,1.091794853073721e-24,1.0917948530737205e-24,1.0917948530737204e-24,1.0917948530737204e-24,1.0917948530737207e-24,1.0917948530737205e-24,1.091794853073721e-24,1.0917948530737202e-24,1.0917948530737204e-24,1.0917948530737202e-24,1.0917948530737204e-24,1.0917948530737211e-24,1.0917948530737204e-24,1.0917948530737204e-24,1.0917948530736908e-24,1.0917948530736908e-24,1.091794853073691e-24,1.0917948530736908e-24,1.0917948530736904e-24,1.0917948530736908e-24,1.0917948530736912e-24,1.0917948530736908e-24,1.0917948530736908e-24,1.0917948530736908e-24,1.0917948530736908e-24,1.0917948530736904e-24,1.0917948530736908e-24,1.091794853073691e-24,1.091794853073691e-24,1.091794853073691e-24,1.0917948530736913e-24,1.0917948530736913e-24,1.0917948530736908e-24,1.0917948530736912e-24,1.0917948530736908e-24,1.0917948530736913e-24,1.0917948530736913e-24,1.0917948530736912e-24,1.091794853073691e-24,1.0917948530736915e-24,1.0917948530736912e-24,1.0917948530736912e-24,1.0917948530736913e-24,1.0917948530736917e-24,1.0917948530736912e-24,1.0917948530736912e-24,1.091794853073691e-24,1.091794853073691e-24,1.0917948530736906e-24,1.0917948530736906e-24,1.0917948530736902e-24,1.0917948530736902e-24,1.091794853073691e-24,1.0917948530736906e-24,1.0917948530736902e-24,1.0917948530736899e-24,1.0917948530736902e-24,1.0917948530736897e-24,1.0917948530736899e-24,1.0917948530736895e-24,1.0917948530736895e-24,1.0917948530736897e-24,1.0917948530736897e-24,1.0917948530736897e-24,1.09179485307369e-24,1.0917948530736902e-24,1.0917948530736895e-24,1.0917948530736895e-24,1.0917948530736895e-24,1.0917948530736902e-24,1.0917948530736895e-24,1.0917948530736895e-24,1.0917948530736902e-24,1.0917948530736906e-24,1.0917948530736906e-24,1.0917948530736906e-24,1.0917948530736906e-24,1.0917948530736913e-24,1.0917948530736912e-24,1.0917948530736912e-24,1.0917948530736908e-24,1.091794853073691e-24,1.0917948530736917e-24,1.0917948530736913e-24,1.0917948530736919e-24,1.0917948530736912e-24,1.0917948530736912e-24,1.0917948530736913e-24,1.0917948530736917e-24,1.0917948530736919e-24,1.0917948530736917e-24,1.0917948530736917e-24,1.0917948530736915e-24,1.0917948530736919e-24,1.0917948530736915e-24,1.0917948530736913e-24,1.0917948530736913e-24,1.0917948530736917e-24,1.0917948530736912e-24,1.0917948530736917e-24,1.0917948530736908e-24,1.0917948530736913e-24,1.0917948530736912e-24,1.0917948530736915e-24,1.0917948530736912e-24,1.0917948530736919e-24,1.0917948530736917e-24,1.0917948530736915e-24,1.0917948530736919e-24,1.0917948530736913e-24,1.0917948530736913e-24,1.0917948530736908e-24,1.0917948530736904e-24,1.0917948530736908e-24,1.0917948530736906e-24,1.0917948530736906e-24,1.0917948530736904e-24,1.0917948530736904e-24,1.0917948530736906e-24,1.09179485307369e-24,1.09179485307369e-24,1.0917948530736902e-24,1.09179485307369e-24,1.0917948530736899e-24,1.09179485307369e-24,1.0917948530736902e-24,1.0917948530736908e-24,1.0917948530736906e-24,1.0917948530736904e-24,1.0917948530736902e-24,1.0917948530736906e-24,1.09179485307369e-24,1.0917948530736904e-24,1.0917948530736906e-24,1.0917948530736904e-24,1.091794853073691e-24,1.0917948530736906e-24,1.091794853073691e-24,1.0917948530736912e-24,1.0917948530736908e-24,1.0917948530736908e-24,1.091794853073691e-24,1.0917948530736904e-24,1.0917948530736904e-24,1.09179485307369e-24,1.0917948530736902e-24,1.0917948530736902e-24,1.0917948530736902e-24,1.0917948530736902e-24,1.09179485307369e-24,1.0917948530736902e-24,1.0917948530736908e-24,1.0917948530736906e-24,1.0917948530736904e-24,1.091794853073691e-24,1.0917948530736485e-24,1.0917948530736485e-24,1.0917948530736482e-24,1.0917948530736484e-24,1.0917948530736482e-24,1.0917948530736482e-24,1.0917948530736482e-24,1.0917948530736487e-24,1.0917948530736478e-24,1.091794853073648e-24,1.0917948530736482e-24,1.091794853073648e-24,1.091794853073648e-24,1.0917948530736482e-24,1.091794853073648e-24,1.091794853073648e-24,1.091794853073648e-24,1.0917948530736482e-24,1.0917948530736484e-24,1.0917948530736487e-24,1.0917948530736485e-24,1.0917948530736482e-24,1.0917948530736485e-24,1.0917948530736487e-24,1.0917948530737791e-24,1.0917948530737777e-24,1.0917948530737773e-24,1.0917948530737771e-24,1.0917948530737771e-24,1.0917948530737771e-24,1.0917948530737722e-24,1.091794853073772e-24,1.0917948530737716e-24,1.0917948530737723e-24,1.091794853073772e-24,1.0917948530737716e-24,1.0917948530737718e-24,1.0917948530737723e-24,1.0917948530737722e-24,1.0917948530737722e-24,1.0917948530737799e-24,1.0917948530737806e-24,1.0917948530737806e-24,1.0917948530737806e-24,1.0917948530737813e-24,1.0917948530737815e-24,1.0917948530737813e-24,1.0917948530737986e-24,1.0917948530737982e-24,1.0917948530737914e-24,1.0917948530737914e-24,1.091794853073791e-24,1.0917948530737913e-24,1.0917948530737913e-24,1.091794853073791e-24,1.0917948530737913e-24,1.091794853073791e-24,1.0917948530734285e-24,1.0917948530734285e-24,1.0917948530734303e-24,1.0917948530734302e-24,1.0917948530734303e-24,1.09179485307343e-24,1.0917948530734302e-24,1.0917948530734302e-24,1.0917948530734302e-24,1.0917948530734302e-24,1.0917948530734296e-24,1.09179485307343e-24,1.0917948530734157e-24,1.0917948530734158e-24,1.0917948530734158e-24,1.0917948530734601e-24,1.0917948530734603e-24,1.0917948530734596e-24,1.0917948530734596e-24,1.0917948530734583e-24,1.0917948530734307e-24,1.091794853073431e-24,1.0917948530734309e-24,1.091794853073431e-24,1.0917948530734305e-24,1.0917948530734307e-24,1.0917948530734305e-24,1.09179485307343e-24,1.0917948530734303e-24,1.0917948530734305e-24,1.0917948530734307e-24,1.0917948530734305e-24,1.0917948530734307e-24,1.0917948530734303e-24,1.0917948530734309e-24,1.0917948530734289e-24,1.0917948530734287e-24,1.091794853073428e-24,1.0917948530735923e-24,1.0917948530735922e-24,1.0917948530735927e-24,1.091794853073592e-24,1.0917948530735929e-24,1.0917948530735925e-24,1.0917948530735918e-24,1.091794853073592e-24,1.0917948530737255e-24,1.0917948530737253e-24,1.0917948530737255e-24,1.0917948530737575e-24,1.0917948530737573e-24,1.0917948530737575e-24,1.0917948530737576e-24,1.0917948530737575e-24,1.0917948530737576e-24,1.0917948530737578e-24,1.0917948530737576e-24,1.0917948530737575e-24,1.0917948530737578e-24,1.0917948530737578e-24,1.0917948530737575e-24,1.0917948530737576e-24,1.0917948530737575e-24,1.0917948530737576e-24,1.091794853073757e-24,1.0917948530737576e-24,1.0917948530737575e-24,1.0917948530737575e-24,1.091794853073758e-24,1.0917948530737571e-24,1.0917948530737576e-24,1.0917948530737576e-24,1.0917948530737575e-24,1.0917948530737576e-24,1.0917948530737576e-24,1.0917948530737584e-24,1.0917948530737584e-24,1.0917948530737582e-24,1.091794853073758e-24,1.091794853073758e-24,1.0917948530737602e-24,1.0917948530737599e-24,1.0917948530737604e-24,1.0917948530737606e-24,1.0917948530737608e-24,1.0917948530737608e-24,1.0917948530737611e-24,1.091794853073761e-24,1.0917948530737611e-24,1.091794853073761e-24,1.091794853073761e-24,1.0917948530737604e-24,1.091794853073761e-24,1.0917948530737606e-24,1.0917948530737608e-24,1.0917948530737606e-24,1.0917948530737606e-24,1.0917948530737608e-24,1.0917948530737606e-24,1.0917948530737606e-24,1.0917948530737606e-24,1.0917948530737608e-24,1.0917948530737606e-24,1.0917948530737608e-24,1.0917948530737613e-24,1.091794853073761e-24,1.0917948530737795e-24,1.0917948530737793e-24,1.0917948530737795e-24,1.0917948530737791e-24,1.0917948530737791e-24,1.0917948530738745e-24,1.0917948530738745e-24,1.0917948530738754e-24,1.0917948530738746e-24,1.0917948530738748e-24,1.0917948530738743e-24,1.0917948530738756e-24,1.0917948530738754e-24,1.0917948530738758e-24,1.0917948530738756e-24,1.091794853073883e-24,1.0917948530738827e-24,1.0917948530738844e-24,1.0917948530738842e-24,1.091794853073884e-24,1.0917948530738844e-24,1.091794853073884e-24,1.0917948530738842e-24,1.091794853073884e-24,1.0917948530738844e-24,1.0917948530738838e-24,1.0917948530738842e-24,1.0917948530738838e-24,1.0917948530738859e-24,1.0917948530738855e-24,1.0917948530738859e-24,1.0917948530738857e-24,1.0917948530738855e-24,1.0917948530738857e-24,1.0917948530738864e-24,1.0917948530738893e-24,1.0917948530738899e-24,1.091794853073889e-24,1.0917948530738893e-24,1.0917948530738888e-24,1.0917948530738925e-24,1.091794853073889e-24,1.0917948530738892e-24,1.0917948530738893e-24,1.0917948530738893e-24,1.0917948530738831e-24,1.0917948530738827e-24,1.091794853073883e-24,1.091794853073883e-24,1.091794853073883e-24,1.091794853073883e-24,1.091794853073883e-24,1.0917948530738796e-24,1.0917948530738796e-24,1.0917948530739606e-24,1.0917948530739661e-24,1.0917948530739661e-24,1.0917948530739669e-24,1.0917948530739652e-24,1.0917948530739652e-24,1.0917948530739654e-24,1.091794853073964e-24,1.0917948530739641e-24,1.0917948530739637e-24,1.0917948530739641e-24,1.0917948530739635e-24,1.0917948530739634e-24,1.0917948530739634e-24,1.0917948530739635e-24,1.0917948530739632e-24,1.091794853073963e-24,1.091794853073963e-24,1.091794853073963e-24,1.091794853073963e-24,1.0917948530739634e-24,1.091794853073963e-24,1.0917948530741175e-24,1.0917948530741171e-24,1.0917948530741175e-24,1.0917948530741096e-24,1.0917948530741096e-24,1.0917948530741096e-24,1.0917948530741094e-24,1.0917948530741096e-24,1.0917948530741097e-24,1.09179485307411e-24,1.0917948530741108e-24,1.0917948530741114e-24,1.0917948530741112e-24,1.091794853074111e-24,1.0917948530741184e-24,1.091794853074118e-24,1.0917948530740714e-24,1.0917948530740714e-24,1.091794853074052e-24,1.091794853074052e-24,1.091794853074052e-24,1.0917948530740519e-24,1.091794853074052e-24,1.0917948530740515e-24,1.0917948530740517e-24,1.0917948530740526e-24,1.0917948530740526e-24,1.0917948530740526e-24,1.0917948530740526e-24,1.0917948530740528e-24,1.0917948530740528e-24,1.091794853074066e-24,1.091794853074066e-24,1.0917948530740662e-24,1.0917948530740662e-24,1.0917948530740664e-24,1.091794853074158e-24,1.0917948530741579e-24,1.0917948530741584e-24,1.0917948530741588e-24,1.0917948530741586e-24,1.0917948530741614e-24,1.0917948530741612e-24,1.0917948530741612e-24,1.0917948530741614e-24,1.0917948530741661e-24,1.0917948530741628e-24,1.0917948530741645e-24,1.091794853074164e-24,1.0917948530741606e-24,1.0917948530741603e-24,1.0917948530741606e-24,1.0917948530741606e-24,1.0917948530741072e-24,1.0917948530741064e-24,1.0917948530741068e-24,1.0917948530741064e-24,1.0917948530741068e-24,1.0917948530741066e-24,1.0917948530741066e-24,1.0917948530741068e-24,1.0917948530741072e-24,1.0917948530741066e-24,1.0917948530741068e-24,1.0917948530741066e-24,1.0917948530741066e-24,1.0917948530741072e-24,1.0917948530741072e-24,1.091794853074107e-24,1.0917948530741066e-24,1.0917948530741068e-24,1.0917948530741068e-24,1.0917948530741046e-24,1.0917948530741048e-24,1.091794853074104e-24,1.0917948530741042e-24,1.0917948530741039e-24,1.0917948530741074e-24,1.091794853074108e-24,1.0917948530741121e-24,1.0917948530741153e-24,1.0917948530741153e-24,1.091794853074115e-24,1.0917948530741153e-24,1.0917948530741153e-24,1.0917948530740451e-24,1.0917948530739716e-24,1.0917948530739716e-24,1.0917948530739718e-24,1.0917948530739718e-24,1.0917948530739718e-24,1.091794853073972e-24,1.0917948530739716e-24,1.0917948530739716e-24,1.0917948530739716e-24,1.0917948530739718e-24,1.0917948530739702e-24,1.0917948530739698e-24,1.09179485307397e-24,1.09179485307397e-24,1.09179485307397e-24,1.0917948530739696e-24,1.0917948530739696e-24,1.0917948530739694e-24,1.0917948530739694e-24,1.0917948530739573e-24,1.0917948530739575e-24,1.091794853073887e-24,1.0917948530738871e-24,1.091794853073887e-24,1.0917948530734483e-24,1.0917948530734517e-24,1.0917948530734513e-24,1.0917948530734535e-24,1.0917948530734535e-24,1.091794853073454e-24,1.0917948530734476e-24,1.0917948530734474e-24,1.0917948530734467e-24,1.091794853073447e-24,1.0917948530734469e-24,1.0917948530734474e-24,1.0917948530734472e-24,1.0917948530734469e-24,1.0917948530734476e-24,1.0917948530734469e-24,1.0917948530734469e-24,1.0917948530734472e-24,1.0917948530734469e-24,1.0917948530734469e-24,1.0917948530734467e-24,1.0917948530734467e-24,1.0917948530734423e-24,1.091794853073442e-24,1.091794853073442e-24,1.091794853073486e-24,1.091794853073514e-24,1.0917948530735143e-24,1.0917948530735143e-24,1.0917948530735147e-24,1.0917948530735143e-24,1.0917948530735147e-24,1.0917948530735145e-24,1.0917948530735198e-24,1.0917948530735194e-24,1.0917948530735196e-24,1.0917948530735194e-24,1.0917948530735196e-24,1.0917948530735369e-24,1.0917948530735369e-24,1.091794853073537e-24,1.0917948530735431e-24,1.0917948530735435e-24,1.0917948530735444e-24,1.091794853073544e-24,1.0917948530735439e-24,1.0917948530735446e-24,1.0917948530735444e-24,1.0917948530735446e-24,1.091794853073545e-24,1.091794853073545e-24,1.0917948530735442e-24,1.0917948530735448e-24,1.0917948530735442e-24,1.0917948530735448e-24,1.0917948530735444e-24,1.0917948530735448e-24,1.091794853073548e-24,1.0917948530735483e-24,1.0917948530735521e-24,1.091794853073552e-24,1.0917948530735525e-24,1.0917948530735567e-24,1.0917948530735563e-24,1.0917948530735565e-24,1.0917948530735563e-24,1.0917948530735563e-24,1.0917948530735565e-24,1.0917948530735563e-24,1.0917948530735563e-24,1.0917948530735556e-24,1.0917948530735556e-24,1.0917948530735525e-24,1.0917948530735523e-24,1.0917948530735527e-24,1.0917948530735525e-24,1.0917948530735529e-24,1.0917948530735523e-24,1.0917948530735529e-24,1.0917948530735527e-24,1.0917948530734472e-24,1.0917948530734476e-24,1.0917948530733497e-24,1.09179485307335e-24,1.0917948530733499e-24,1.0917948530733503e-24,1.0917948530733497e-24,1.0917948530733495e-24,1.0917948530733497e-24,1.0917948530733495e-24,1.0917948530733495e-24,1.0917948530733499e-24,1.0917948530733503e-24,1.09179485307328e-24,1.0917948530732803e-24,1.0917948530732803e-24,1.09179485307328e-24,1.0917948530732803e-24,1.0917948530732803e-24,1.09179485307328e-24,1.0917948530732803e-24,1.0917948530732797e-24,1.0917948530732801e-24,1.0917948530736337e-24,1.0917948530736331e-24,1.0917948530736331e-24,1.0917948530736335e-24,1.091794853073633e-24,1.091794853073633e-24,1.0917948530736335e-24,1.0917948530736331e-24,1.091794853073639e-24,1.0917948530736392e-24,1.0917948530736392e-24,1.0917948530736388e-24,1.0917948530736388e-24,1.0917948530736386e-24,1.0917948530736386e-24,1.0917948530736384e-24,1.0917948530736388e-24,1.0917948530736388e-24,1.0917948530736388e-24,1.0917948530736388e-24,1.0917948530736388e-24,1.0917948530736392e-24,1.0917948530736392e-24,1.091794853073639e-24,1.091794853073639e-24,1.091794853073639e-24,1.0917948530736392e-24,1.0917948530736388e-24,1.0917948530736392e-24,1.091794853073638e-24,1.091794853073639e-24,1.0917948530736388e-24,1.0917948530736388e-24,1.0917948530736388e-24,1.0917948530736392e-24,1.091794853073639e-24,1.0917948530736394e-24,1.0917948530736397e-24,1.0917948530736392e-24,1.091794853073639e-24,1.0917948530736405e-24,1.0917948530736407e-24,1.0917948530736403e-24,1.0917948530736408e-24,1.0917948530736408e-24,1.0917948530736407e-24,1.09179485307364e-24,1.0917948530736397e-24,1.0917948530736395e-24,1.0917948530736394e-24,1.0917948530736395e-24,1.0917948530736394e-24,1.091794853073639e-24,1.091794853073639e-24,1.091794853073639e-24,1.091794853073639e-24,1.0917948530736392e-24,1.0917948530736392e-24,1.0917948530736395e-24,1.091794853708787e-24,1.0917948537087968e-24,1.0917948537087974e-24,1.0917948537087968e-24,1.0917948537087968e-24,1.091794853708797e-24,1.091794853708797e-24,1.0917948537087972e-24,1.0917948537087974e-24,1.0917948537087974e-24,1.0917948537087974e-24,1.0917948537088007e-24,1.091794853708801e-24,1.0917948537088007e-24,1.091794853708801e-24,1.0917948537088014e-24,1.0917948537088016e-24,1.0917948537088018e-24,1.0917948537088018e-24,1.0917948537088016e-24,1.091794853708802e-24,1.0917948537088016e-24,1.0917948537088018e-24,1.0917948537088016e-24,1.091794853708802e-24,1.0917948537088023e-24,1.091794853708802e-24,1.091794853708802e-24,1.091794853708802e-24,1.0917948537088021e-24,1.0917948537088025e-24,1.0917948537088021e-24,1.0917948537088021e-24,1.0917948537088021e-24,1.0917948537088025e-24,1.0917948537088021e-24,1.0917948537088025e-24,1.0917948537088018e-24,1.0917948537088016e-24,1.0917948537088014e-24,1.091794853708802e-24,1.0917948537088673e-24,1.0917948537088675e-24,1.0917948537088673e-24,1.0917948537088673e-24,1.091794853708866e-24,1.0917948537088662e-24,1.0917948537088666e-24,1.0917948537088668e-24,1.0917948537088728e-24,1.091794853708873e-24,1.0917948537088732e-24,1.0917948537088727e-24,1.0917948537088732e-24,1.0917948537088736e-24,1.0917948537088741e-24,1.0917948537088741e-24,1.0917948537088738e-24,1.0917948537088738e-24,1.0917948537088822e-24,1.0917948537088822e-24,1.0917948537088822e-24,1.0917948537088828e-24,1.0917948537088826e-24,1.0917948537088826e-24,1.0917948537088824e-24,1.0917948537019793e-24,1.09179485370198e-24,1.09179485370198e-24,1.0917948537019795e-24,1.0917948537019799e-24,1.0917948537019797e-24,1.0917948537019799e-24,1.0917948537019799e-24,1.0917948537020052e-24,1.091794853702005e-24,1.091794853702005e-24,1.0917948537020052e-24,1.091794853702009e-24,1.091794853702009e-24,1.0917948537020089e-24,1.0917948537019999e-24,1.091794853702e-24,1.0917948537020002e-24,1.091794853702e-24,1.091794853702e-24,1.0917948537020004e-24,1.0917948537020032e-24,1.0917948537020032e-24,1.091794853702004e-24,1.0917948537020041e-24,1.0917948537020045e-24,1.0917948537020045e-24,1.0917948537020043e-24,1.0917948537020045e-24,1.0917948537020041e-24,1.0917948537020041e-24,1.0917948537020043e-24,1.0917948537020043e-24,1.0917948537020037e-24,1.0917948537020043e-24,1.0917948537020037e-24,1.0917948537020037e-24,1.0917948537020037e-24,1.0917948537020035e-24,1.0917948537020032e-24,1.0917948537020032e-24,1.0917948537020034e-24,1.091794853702003e-24,1.0917948537020032e-24,1.091794853702003e-24,1.0917948537020019e-24,1.091794853702002e-24,1.0917948537020026e-24,1.091794853702002e-24,1.0917948537020019e-24,1.0917948537020019e-24,1.091794853702002e-24,1.0917948537020023e-24,1.091794853702002e-24,1.0917948537020026e-24,1.091794853702002e-24,1.0917948537020024e-24,1.0917948537020024e-24,1.0917948537020024e-24,1.0917948537020026e-24,1.0917948537020024e-24,1.0917948537020024e-24,1.0917948537020023e-24,1.0917948537020023e-24,1.0917948537020019e-24,1.091794853702002e-24,1.0917948537020024e-24,1.091794853702002e-24,1.0917948537020026e-24,1.0917948537020023e-24,1.0917948537020024e-24,1.0917948537020024e-24,1.0917948537020024e-24,1.0917948537020024e-24,1.0917948537020024e-24,1.091794853702002e-24,1.0917948537020026e-24,1.0917948537020026e-24,1.0917948537020028e-24,1.0917948537020023e-24,1.0917948537020026e-24,1.0917948537020024e-24,1.0917948537020028e-24,1.091794853702003e-24,1.091794853702003e-24,1.091794853702003e-24,1.0917948537020032e-24,1.0917948537020032e-24,1.091794853702003e-24,1.0917948537020032e-24,1.0917948537020034e-24,1.0917948537020026e-24,1.0917948537020032e-24,1.091794853702003e-24,1.0917948537020032e-24,1.0917948537020028e-24,1.0917948537020032e-24,1.0917948537020032e-24,1.0917948537020024e-24,1.0917948537020023e-24,1.0917948537020024e-24,1.091794853702003e-24,1.0917948537020028e-24,1.0917948537020028e-24,1.0917948537020024e-24,1.0917948537020024e-24,1.091794853702002e-24,1.0917948537020019e-24,1.0917948537020019e-24,1.091794853702002e-24,1.0917948537020019e-24,1.0917948537020017e-24,1.0917948537020019e-24,1.0917948537020017e-24,1.0917948537020019e-24,1.0917948537020023e-24,1.0917948537020019e-24,1.0917948537020023e-24,1.091794853702002e-24,1.0917948537020024e-24,1.0917948537020024e-24,1.0917948537020024e-24,1.091794853702002e-24,1.0917948537020023e-24,1.0917948537020024e-24,1.0917948537020017e-24,1.0917948537020026e-24,1.0917948537020024e-24,1.091794853702002e-24,1.0917948537020019e-24,1.0917948537020019e-24,1.0917948537020019e-24,1.0917948537020024e-24,1.091794853702002e-24,1.0917948537020017e-24,1.0917948537020019e-24,1.0917948537020019e-24,1.0917948537020023e-24,1.0917948537020019e-24,1.0917948537020019e-24,1.0917948537020019e-24,1.091794853702002e-24,1.0917948537020019e-24,1.091794853702002e-24,1.091794853702002e-24,1.0917948537020023e-24,1.0917948537020024e-24,1.0917948537020028e-24,1.0917948537020026e-24,1.0917948537020024e-24,1.0917948537020024e-24,1.0917948537020024e-24,1.0917948537020024e-24,1.0917948537020026e-24,1.0917948537020024e-24,1.091794853702003e-24,1.0917948537020028e-24,1.0917948537020032e-24,1.0917948537020028e-24,1.0917948537020024e-24,1.0917948537020023e-24,1.0917948537020026e-24,1.0917948537020024e-24,1.0917948537020026e-24,1.091794853702003e-24,1.0917948537020024e-24,1.0917948537020024e-24,1.0917948537020028e-24,1.0917948537020024e-24,1.0917948537020028e-24,1.0917948537020026e-24,1.0917948537020026e-24,1.0917948537020028e-24,1.0917948537020024e-24,1.0917948537020026e-24,1.0917948537020026e-24,1.0917948537020028e-24,1.091794853702003e-24,1.0917948537020028e-24,1.0917948537020028e-24,1.0917948537020024e-24,1.0917948537020026e-24,1.0917948537020026e-24,1.091794853702002e-24,1.0917948537020023e-24,1.091794853702002e-24,1.0917948537020026e-24,1.0917948537020026e-24,1.0917948537020026e-24,1.091794853702003e-24,1.091794853702003e-24,1.0917948537020026e-24,1.0917948537020023e-24,1.0917948537020024e-24,1.0917948537020023e-24,1.0917948537020026e-24,1.0917948537020023e-24,1.0917948537020024e-24,1.0917948537020023e-24,1.0917948537020026e-24,1.0917948537020024e-24,1.0917948537020026e-24,1.0917948537020026e-24,1.0917948537020024e-24,1.0917948537020024e-24,1.091794853702003e-24,1.091794853702003e-24,1.0917948537020028e-24,1.0917948537020028e-24,1.0917948537020024e-24,1.0917948537020026e-24,1.0917948537020028e-24,1.0917948537020026e-24,1.0917948537020023e-24,1.0917948537020023e-24,1.0917948537020026e-24,1.0917948537020023e-24,1.0917948537020024e-24,1.0917948537020023e-24,1.0917948537020028e-24,1.0917948537020024e-24,1.0917948537020024e-24,1.0917948537020024e-24,1.091794853702002e-24,1.0917948537020026e-24,1.0917948537020024e-24,1.0917948537020032e-24,1.0917948537020028e-24,1.0917948537020034e-24,1.0917948537020028e-24,1.091794853702003e-24,1.0917948537020032e-24,1.0917948537020032e-24,1.0917948537020035e-24,1.0917948537020035e-24,1.0917948537020032e-24,1.0917948537020035e-24,1.0917948537020035e-24,1.0917948537020037e-24,1.0917948537020041e-24,1.0917948537020037e-24,1.091794853702004e-24,1.0917948537020045e-24,1.0917948537020041e-24,1.0917948537020045e-24,1.0917948537020041e-24,1.0917948537020045e-24,1.0917948537020043e-24,1.0917948537020041e-24,1.0917948537020043e-24,1.0917948537020041e-24,1.0917948537020041e-24,1.091794853702004e-24,1.091794853702004e-24,1.091794853702004e-24,1.091794853702004e-24,1.0917948537020043e-24,1.0917948537020041e-24,1.0917948537020043e-24,1.0917948537020037e-24,1.091794853702004e-24,1.0917948537020037e-24,1.0917948537020037e-24,1.0917948537020035e-24,1.0917948537020037e-24,1.0917948537020041e-24,1.091794853702004e-24,1.0917948537020045e-24,1.0917948537020048e-24,1.0917948537020048e-24,1.0917948537020046e-24,1.0917948537020043e-24,1.0917948537020048e-24,1.0917948537020048e-24,1.0917948537020043e-24,1.0917948537020041e-24,1.0917948537020046e-24,1.0917948537020048e-24,1.0917948537020043e-24,1.091794853702005e-24,1.0917948537020061e-24,1.0917948537020061e-24,1.0917948537020054e-24,1.0917948537020056e-24,1.0917948537020054e-24,1.0917948537020057e-24,1.0917948537020052e-24,1.091794853702005e-24,1.0917948537020054e-24,1.0917948537020054e-24,1.0917948537020054e-24,1.091794853702006e-24,1.0917948537020054e-24,1.0917948537020054e-24,1.0917948537020057e-24,1.0917948537020054e-24,1.0917948537020054e-24,1.0917948537020054e-24,1.0917948537020056e-24,1.0917948537020052e-24,1.0917948537020061e-24,1.091794853702006e-24,1.0917948537020063e-24,1.091794853702006e-24,1.091794853702006e-24,1.0917948537020061e-24,1.0917948537020056e-24,1.0917948537020057e-24,1.0917948537020057e-24,1.0917948537020057e-24,1.0917948537020052e-24,1.0917948537020054e-24,1.0917948537020057e-24,1.0917948537020052e-24,1.0917948537020056e-24,1.0917948537020052e-24,1.0917948537020054e-24,1.0917948537020054e-24,1.0917948537020056e-24,1.0917948537020056e-24,1.0917948537020054e-24,1.091794853702006e-24,1.0917948537020057e-24,1.0917948537020054e-24,1.091794853702006e-24,1.0917948537020056e-24,1.091794853702006e-24,1.091794853702006e-24,1.0917948537020056e-24,1.0917948537020056e-24,1.0917948537020065e-24,1.0917948537020063e-24,1.0917948537020057e-24,1.0917948537020065e-24,1.0917948537020063e-24,1.0917948537020061e-24,1.0917948537020067e-24,1.0917948537020063e-24,1.0917948537020063e-24,1.0917948537020065e-24,1.0917948537020063e-24,1.0917948537020061e-24,1.0917948537020061e-24,1.091794853702006e-24,1.0917948537020061e-24,1.091794853702006e-24,1.0917948537020063e-24,1.0917948537020069e-24,1.0917948537020063e-24,1.0917948537020065e-24,1.0917948537020063e-24,1.0917948537020067e-24,1.0917948537020067e-24,1.091794853702007e-24,1.0917948537020067e-24,1.0917948537020067e-24,1.0917948537020072e-24,1.091794853702007e-24,1.0917948537020074e-24,1.0917948537020072e-24,1.091794853702007e-24,1.0917948537020072e-24,1.091794853702007e-24,1.0917948537020072e-24,1.0917948537020069e-24,1.091794853702007e-24,1.0917948537020076e-24,1.0917948537020072e-24,1.091794853702007e-24,1.0917948537020069e-24,1.0917948537020067e-24,1.0917948537020067e-24,1.091794853702007e-24,1.0917948537020069e-24,1.091794853702007e-24,1.0917948537020069e-24,1.0917948537020069e-24,1.0917948537020072e-24,1.0917948537020072e-24,1.0917948537020072e-24,1.0917948537020076e-24,1.0917948537020078e-24,1.0917948537020072e-24,1.0917948537020076e-24,1.091794853702008e-24,1.0917948537020074e-24,1.091794853702007e-24,1.091794853702007e-24,1.0917948537020072e-24,1.0917948537020069e-24,1.0917948537020067e-24,1.0917948537020067e-24,1.0917948537020065e-24,1.0917948537020067e-24,1.0917948537020069e-24,1.091794853702007e-24,1.091794853702007e-24,1.091794853702007e-24,1.0917948537020078e-24,1.0917948537020076e-24,1.0917948537020076e-24,1.0917948537020069e-24,1.091794853702007e-24,1.0917948537020078e-24,1.0917948537020074e-24,1.0917948537020076e-24,1.0917948537020072e-24,1.0917948537020078e-24,1.0917948537020074e-24,1.0917948537020072e-24,1.0917948537020078e-24,1.0917948537020072e-24,1.0917948537020072e-24,1.0917948537020072e-24,1.0917948537020078e-24,1.0917948537020076e-24,1.0917948537020078e-24,1.0917948537020078e-24,1.0917948537020078e-24,1.0917948537020076e-24,1.0917948537020078e-24,1.0917948537020074e-24,1.0917948537020072e-24,1.0917948537020076e-24,1.0917948537020072e-24,1.0917948537020078e-24,1.0917948537020078e-24,1.0917948537020074e-24,1.0917948537020076e-24,1.0917948537020072e-24,1.0917948537020072e-24,1.0917948537020072e-24,1.091794853702007e-24,1.0917948537020069e-24,1.0917948537020069e-24,1.091794853702007e-24,1.0917948537020072e-24,1.0917948537020069e-24,1.091794853702007e-24,1.091794853702007e-24,1.0917948537020069e-24,1.0917948537020074e-24,1.0917948537020069e-24,1.0917948537020072e-24,1.0917948537020069e-24,1.091794853702007e-24,1.0917948537020074e-24,1.0917948537020076e-24,1.0917948537020076e-24,1.091794853702008e-24,1.0917948537020076e-24,1.0917948537020083e-24,1.0917948537020076e-24,1.0917948537020081e-24,1.0917948537020078e-24,1.0917948537020076e-24,1.0917948537020076e-24,1.0917948537020076e-24,1.0917948537020078e-24,1.0917948537020076e-24,1.0917948537020078e-24,1.0917948537020078e-24,1.0917948537020074e-24,1.091794853702007e-24,1.0917948537020074e-24,1.0917948537020076e-24,1.0917948537020078e-24,1.0917948537020074e-24,1.091794853702008e-24,1.0917948537020076e-24,1.0917948537020076e-24,1.0917948537020081e-24,1.0917948537020081e-24,1.0917948537020078e-24,1.0917948537020085e-24,1.0917948537020078e-24,1.0917948537020076e-24,1.0917948537020074e-24,1.0917948537020078e-24,1.0917948537020076e-24,1.0917948537020078e-24,1.0917948537020083e-24,1.0917948537020078e-24,1.0917948537020076e-24,1.0917948537020078e-24,1.0917948537020078e-24,1.091794853702008e-24,1.0917948537020074e-24,1.0917948537020078e-24,1.0917948537020076e-24,1.0917948537020076e-24,1.091794853702008e-24,1.0917948537020078e-24,1.0917948537020078e-24,1.0917948537020072e-24,1.0917948537020078e-24,1.0917948537020081e-24,1.0917948537020081e-24,1.0917948537020081e-24,1.0917948537020078e-24,1.0917948537020076e-24,1.0917948537020078e-24,1.0917948537020076e-24,1.0917948537020078e-24,1.0917948537020078e-24,1.0917948537020078e-24,1.0917948537020081e-24,1.0917948537020076e-24,1.0917948537020078e-24,1.0917948537020081e-24,1.0917948537020081e-24,1.0917948537020081e-24,1.091794853702008e-24,1.0917948537020078e-24,1.0917948537020078e-24,1.0917948537020076e-24,1.0917948537020076e-24,1.0917948537020078e-24,1.0917948537020076e-24,1.0917948537020074e-24,1.0917948537020078e-24,1.0917948537020076e-24,1.0917948537020076e-24,1.091794853702007e-24,1.091794853702007e-24,1.0917948537020072e-24,1.0917948537020072e-24,1.0917948537020076e-24,1.0917948537020078e-24,1.091794853702007e-24,1.0917948537020078e-24,1.0917948537020076e-24,1.0917948537020076e-24,1.0917948537020078e-24,1.0917948537020074e-24,1.0917948537020076e-24,1.0917948537020072e-24,1.0917948537020076e-24,1.0917948537020078e-24,1.0917948537020078e-24,1.0917948537020074e-24,1.0917948537020076e-24,1.0917948537020072e-24,1.0917948537020078e-24,1.0917948537020076e-24,1.0917948537020074e-24,1.0917948537020072e-24,1.0917948537020074e-24,1.0917948537020072e-24,1.0917948537020074e-24,1.0917948537020072e-24,1.0917948537020072e-24,1.091794853702007e-24,1.0917948537020072e-24,1.0917948537020074e-24,1.0917948537020072e-24,1.0917948537020069e-24,1.0917948537020074e-24,1.0917948537020069e-24,1.0917948537020069e-24,1.0917948537020069e-24,1.091794853702007e-24,1.0917948537020072e-24,1.091794853702007e-24,1.0917948537020072e-24,1.0917948537020072e-24,1.0917948537020074e-24,1.091794853702007e-24,1.0917948537020072e-24,1.0917948537020072e-24,1.0917948537020072e-24,1.0917948537020072e-24,1.0917948537020076e-24,1.091794853702007e-24,1.0917948537020065e-24,1.091794853702007e-24,1.091794853702007e-24,1.091794853702007e-24,1.0917948537020072e-24,1.0917948537020076e-24,1.091794853702007e-24,1.0917948537020078e-24,1.0917948537020076e-24,1.0917948537020074e-24,1.0917948537020072e-24,1.0917948537020072e-24,1.091794853702007e-24,1.091794853702007e-24,1.0917948537020067e-24,1.0917948537020067e-24,1.0917948537020067e-24,1.0917948537020069e-24,1.0917948537020069e-24,1.0917948537020067e-24,1.0917948537020065e-24,1.091794853702007e-24,1.0917948537020069e-24,1.0917948537020069e-24,1.091794853702007e-24,1.0917948537020067e-24,1.0917948537020072e-24,1.0917948537020074e-24,1.0917948537020069e-24,1.091794853702007e-24,1.0917948537020072e-24,1.091794853702007e-24,1.0917948537020072e-24,1.091794853702008e-24,1.0917948537020074e-24,1.0917948537020074e-24,1.0917948537020076e-24,1.091794853702007e-24,1.091794853702007e-24,1.091794853702007e-24,1.091794853702007e-24,1.0917948537020074e-24,1.0917948537020072e-24,1.0917948537020072e-24,1.091794853702007e-24,1.0917948537020076e-24,1.091794853702007e-24,1.0917948537020074e-24,1.0917948537020072e-24,1.091794853702007e-24,1.091794853702007e-24,1.0917948537020072e-24,1.0917948537020072e-24,1.0917948537020069e-24,1.0917948537020076e-24,1.0917948537020072e-24,1.0917948537020072e-24,1.091794853702007e-24,1.0917948537020072e-24,1.091794853702007e-24,1.091794853702007e-24,1.0917948537020067e-24,1.0917948537020069e-24,1.091794853702007e-24,1.0917948537020065e-24,1.0917948537020069e-24,1.0917948537020069e-24,1.0917948537020069e-24,1.0917948537020072e-24,1.0917948537020072e-24,1.0917948537020069e-24,1.0917948537020065e-24,1.0917948537020065e-24,1.0917948537020067e-24,1.091794853702007e-24,1.0917948537020069e-24,1.0917948537020069e-24,1.0917948537020072e-24,1.0917948537020072e-24,1.0917948537020069e-24,1.0917948537020072e-24,1.0917948537020074e-24,1.0917948537020074e-24,1.0917948537020074e-24,1.0917948537020074e-24,1.0917948537020074e-24,1.0917948537020078e-24,1.0917948537020072e-24,1.0917948537020072e-24,1.0917948537020072e-24,1.0917948537020076e-24,1.0917948537020074e-24,1.0917948537020076e-24,1.0917948537020076e-24,1.0917948537020076e-24,1.091794853702007e-24,1.091794853702007e-24,1.0917948537020072e-24,1.0917948537020076e-24,1.0917948537020072e-24,1.091794853702007e-24,1.0917948537020074e-24,1.091794853702007e-24,1.0917948537020072e-24,1.091794853702007e-24,1.091794853702008e-24,1.0917948537020076e-24,1.0917948537020078e-24,1.0917948537020074e-24,1.0917948537020076e-24,1.0917948537020076e-24,1.0917948537020076e-24,1.091794853702008e-24,1.0917948537020078e-24,1.0917948537020078e-24,1.091794853702008e-24,1.0917948537020078e-24,1.091794853702008e-24,1.0917948537020081e-24,1.0917948537020076e-24,1.0917948537020085e-24,1.0917948537020078e-24,1.0917948537020074e-24,1.0917948537020076e-24,1.0917948537020074e-24,1.091794853702008e-24,1.0917948537020076e-24,1.0917948537020074e-24,1.091794853702007e-24,1.0917948537020076e-24,1.0917948537020074e-24,1.091794853702007e-24,1.0917948537020065e-24,1.0917948537020067e-24,1.0917948537020061e-24,1.0917948537020061e-24,1.0917948537020063e-24,1.0917948537020067e-24,1.0917948537020065e-24,1.0917948537020069e-24,1.0917948537020065e-24,1.091794853702007e-24,1.091794853702007e-24,1.0917948537020065e-24,1.0917948537020061e-24,1.0917948537020063e-24,1.0917948537020063e-24,1.0917948537020063e-24,1.0917948537020063e-24,1.0917948537020061e-24,1.0917948537020065e-24,1.0917948537020063e-24,1.0917948537020061e-24,1.0917948537020065e-24,1.091794853702006e-24,1.0917948537020061e-24,1.0917948537020067e-24,1.0917948537020067e-24,1.0917948537020067e-24,1.0917948537020069e-24,1.0917948537020069e-24,1.0917948537020069e-24,1.0917948537020074e-24,1.091794853702007e-24,1.0917948537020069e-24,1.0917948537020067e-24,1.0917948537020074e-24,1.091794853702007e-24,1.0917948537020069e-24,1.0917948537020065e-24,1.0917948537020065e-24,1.0917948537020063e-24,1.0917948537020065e-24,1.0917948537020065e-24,1.0917948537020063e-24,1.0917948537020057e-24,1.0917948537020061e-24,1.0917948537020061e-24,1.0917948537020061e-24,1.091794853702006e-24,1.0917948537020063e-24,1.0917948537020061e-24,1.0917948537020063e-24,1.0917948537020063e-24,1.0917948537020067e-24,1.0917948537020065e-24,1.0917948537020067e-24,1.091794853702007e-24,1.0917948537020067e-24,1.0917948537020072e-24,1.091794853702007e-24,1.0917948537020069e-24,1.091794853702007e-24,1.0917948537020067e-24,1.0917948537020069e-24,1.091794853702007e-24,1.091794853702007e-24,1.091794853702007e-24,1.0917948537020072e-24,1.0917948537020072e-24,1.0917948537020069e-24,1.0917948537020069e-24,1.091794853702007e-24,1.091794853702007e-24,1.0917948537020067e-24,1.0917948537020072e-24,1.091794853702007e-24,1.0917948537020069e-24,1.0917948537020069e-24,1.091794853702007e-24,1.0917948537020072e-24,1.091794853702008e-24,1.0917948537020072e-24,1.091794853702007e-24,1.0917948537020072e-24,1.091794853702007e-24,1.091794853702007e-24,1.091794853702007e-24,1.0917948537020072e-24,1.0917948537020074e-24,1.091794853702007e-24,1.0917948537020072e-24,1.0917948537020076e-24,1.0917948537020078e-24,1.0917948537020078e-24,1.0917948537020078e-24,1.091794853702008e-24,1.0917948537020078e-24,1.0917948537020076e-24,1.0917948537020076e-24,1.0917948537020078e-24,1.091794853702008e-24,1.0917948537020078e-24,1.0917948537020081e-24,1.0917948537020078e-24,1.0917948537020076e-24,1.091794853702008e-24,1.0917948537020085e-24,1.0917948537020081e-24,1.0917948537020078e-24,1.0917948537020078e-24,1.0917948537020074e-24,1.0917948537020078e-24,1.091794853702007e-24,1.0917948537020072e-24,1.0917948537020074e-24,1.091794853702007e-24,1.0917948537020078e-24,1.0917948537020078e-24,1.0917948537020078e-24,1.0917948537020078e-24,1.0917948537020076e-24,1.0917948537020076e-24,1.0917948537020087e-24,1.091794853702009e-24,1.091794853702009e-24,1.0917948537020085e-24,1.0917948537020089e-24,1.0917948537020087e-24,1.0917948537020087e-24,1.0917948537020089e-24,1.0917948537020085e-24,1.091794853702009e-24,1.0917948537020092e-24,1.0917948537020089e-24,1.091794853702009e-24,1.0917948537020094e-24,1.091794853702009e-24,1.0917948537020096e-24,1.0917948537020096e-24,1.091794853702009e-24,1.0917948537020092e-24,1.0917948537020092e-24,1.09179485370201e-24,1.0917948537020094e-24,1.0917948537020096e-24,1.0917948537020096e-24,1.0917948537020102e-24,1.0917948537020096e-24,1.0917948537020096e-24,1.0917948537020094e-24,1.091794853702009e-24,1.091794853702009e-24,1.091794853702009e-24,1.091794853702009e-24,1.0917948537020083e-24,1.0917948537020089e-24,1.091794853702009e-24,1.0917948537020089e-24,1.091794853702009e-24,1.0917948537020092e-24,1.091794853702009e-24,1.0917948537020092e-24,1.0917948537020096e-24,1.0917948537020089e-24,1.0917948537020089e-24,1.0917948537020085e-24,1.0917948537020083e-24,1.0917948537020085e-24,1.0917948537020081e-24,1.0917948537020081e-24,1.091794853702008e-24,1.0917948537020085e-24,1.0917948537020085e-24,1.0917948537020081e-24,1.0917948537020083e-24,1.091794853702007e-24,1.0917948537020074e-24,1.0917948537020076e-24,1.091794853702008e-24,1.091794853702008e-24,1.091794853702008e-24,1.0917948537020083e-24,1.091794853702008e-24,1.0917948537020083e-24,1.0917948537020083e-24,1.091794853702008e-24,1.0917948537020081e-24,1.0917948537020081e-24,1.0917948537020076e-24,1.0917948537020076e-24,1.0917948537020072e-24,1.091794853702007e-24,1.0917948537020074e-24,1.0917948537020078e-24,1.0917948537020078e-24,1.0917948537020074e-24,1.0917948537020076e-24,1.0917948537020072e-24,1.0917948537020076e-24,1.0917948537020076e-24,1.0917948537020076e-24,1.0917948537020078e-24,1.091794853702008e-24,1.0917948537020078e-24,1.0917948537020083e-24,1.091794853702008e-24,1.0917948537020083e-24,1.0917948537020085e-24,1.0917948537020024e-24,1.0917948537020024e-24,1.0917948537020028e-24,1.0917948537020026e-24,1.0917948537020026e-24,1.0917948537019828e-24,1.0917948537019824e-24,1.0917948537019824e-24,1.0917948537019822e-24,1.091794853701983e-24,1.0917948537019819e-24,1.0917948537019824e-24,1.091794853701982e-24,1.0917948537019828e-24,1.0917948537019822e-24,1.0917948537019835e-24,1.0917948537019837e-24,1.0917948537019832e-24,1.0917948537019833e-24,1.0917948537019833e-24,1.0917948537019951e-24,1.0917948537019951e-24,1.0917948537019951e-24,1.0917948537019947e-24,1.0917948537019953e-24,1.0917948537019955e-24,1.0917948537019955e-24,1.0917948537019953e-24,1.0917948537019958e-24,1.0917948537019653e-24,1.0917948537019652e-24,1.0917948537019648e-24,1.0917948537019648e-24,1.0917948537019631e-24,1.0917948537019709e-24,1.0917948537019705e-24,1.0917948537019705e-24,1.09179485370197e-24,1.0917948537019824e-24,1.0917948537019824e-24,1.0917948537019819e-24,1.0917948537019824e-24,1.091794853701982e-24,1.091794853701982e-24,1.0917948537019819e-24,1.0917948537019516e-24,1.0917948537019517e-24,1.091794853701952e-24,1.0917948537019516e-24,1.0917948537019514e-24,1.091794853701952e-24,1.091794853701951e-24,1.0917948537019514e-24,1.091794853701951e-24,1.091794853701952e-24,1.0917948537019523e-24,1.0917948537019525e-24,1.0917948537019527e-24,1.0917948537019562e-24,1.091794853701956e-24,1.0917948537019652e-24,1.0917948537019648e-24,1.091794853701969e-24,1.0917948537019692e-24,1.0917948537019694e-24,1.0917948537019696e-24,1.0917948537019174e-24,1.091794853701999e-24,1.091794853701999e-24,1.0917948537019991e-24,1.0917948537019997e-24,1.0917948537020054e-24,1.0917948537020092e-24,1.0917948537020089e-24,1.091794853702009e-24,1.0917948537020092e-24,1.0917948537020085e-24,1.0917948537020083e-24,1.0917948537020078e-24,1.0917948537020081e-24,1.09179485370201e-24,1.0917948537020105e-24,1.0917948537020105e-24,1.0917948537020105e-24,1.0917948537020081e-24,1.0917948537020085e-24,1.0917948537020085e-24,1.091794853702248e-24,1.0917948537022493e-24,1.0917948537022497e-24,1.0917948537022497e-24,1.0917948537022497e-24,1.0917948537022497e-24,1.0917948537022497e-24,1.0917948537022495e-24,1.0917948537022513e-24,1.091794853702251e-24,1.0917948537022498e-24,1.0917948537022491e-24,1.0917948537022498e-24,1.0917948537022486e-24,1.0917948537022486e-24,1.0917948537022484e-24,1.0917948537022486e-24,1.0917948537022623e-24,1.0917948537022623e-24,1.091794853702262e-24,1.091794853702262e-24,1.0917948537022554e-24,1.0917948537022554e-24,1.0917948537022554e-24,1.0917948537022511e-24,1.0917948537022508e-24,1.091794853702251e-24,1.0917948537022506e-24,1.0917948537022513e-24,1.0917948537022574e-24,1.0917948537022574e-24,1.0917948537022572e-24,1.091794853702254e-24,1.0917948537022539e-24,1.091794853702254e-24,1.0917948537022539e-24,1.0917948537026234e-24,1.0917948537026642e-24,1.0917948537026648e-24,1.0917948537026648e-24,1.0917948537026668e-24,1.0917948537026666e-24,1.0917948537026668e-24,1.0917948537026666e-24,1.091794853702667e-24,1.0917948537026714e-24,1.0917948537026708e-24,1.0917948537026708e-24,1.0917948537026807e-24,1.09179485370268e-24,1.0917948537026807e-24,1.09179485370268e-24,1.0917948537026806e-24,1.0917948537026798e-24,1.091794853702687e-24,1.0917948537027206e-24,1.0917948537027208e-24,1.0917948537027202e-24,1.0917948537024769e-24,1.0917948537024763e-24,1.0917948537024763e-24,1.0917948537024763e-24,1.0917948537024763e-24,1.0917948537024758e-24,1.0917948537024124e-24,1.0917948537024126e-24,1.0917948537024122e-24,1.0917948537024126e-24,1.0917948537024126e-24,1.091794853702413e-24,1.0917948537024128e-24,1.0917948537024126e-24,1.0917948537024174e-24,1.0917948537024028e-24,1.091794853702407e-24,1.0917948537024069e-24,1.0917948537024069e-24,1.091794853702407e-24,1.091794853702407e-24,1.091794853702406e-24,1.0917948537024058e-24,1.0917948537024058e-24,1.0917948537024054e-24,1.0917948537024052e-24,1.0917948537024056e-24,1.0917948537024054e-24,1.0917948537024052e-24,1.091794853702405e-24,1.0917948537024052e-24,1.0917948537024052e-24,1.0917948537024052e-24,1.0917948537024049e-24,1.0917948537024054e-24,1.0917948537024056e-24,1.0917948537024054e-24,1.091794853702406e-24,1.0917948537024065e-24,1.0917948537024058e-24,1.0917948537024056e-24,1.0917948537024054e-24,1.0917948537024052e-24,1.0917948537024056e-24,1.0917948537024056e-24,1.0917948537024056e-24,1.0917948537024052e-24,1.0917948537024052e-24,1.0917948537024056e-24,1.0917948537024062e-24,1.091794853702406e-24,1.0917948537024058e-24,1.0917948537024058e-24,1.0917948537024058e-24,1.091794853702406e-24,1.0917948537024056e-24,1.0917948537024056e-24,1.0917948537024098e-24,1.0917948537024102e-24,1.09179485370241e-24,1.0917948537024104e-24,1.0917948537024102e-24,1.0917948537024102e-24,1.0917948537024104e-24,1.0917948537024106e-24,1.0917948537024106e-24,1.0917948537024106e-24,1.0917948537024107e-24,1.0917948537024104e-24,1.0917948537024106e-24,1.09179485370241e-24,1.0917948537024102e-24,1.0917948537024102e-24,1.0917948537024093e-24,1.0917948537024139e-24,1.0917948537024137e-24,1.0917948537024139e-24,1.0917948537024135e-24,1.0917948537024137e-24,1.091794853702398e-24,1.0917948537023986e-24,1.0917948537024005e-24,1.0917948537024016e-24,1.0917948537024014e-24,1.0917948537024012e-24,1.0917948537024008e-24,1.0917948537024008e-24,1.0917948537022974e-24,1.0917948537022978e-24,1.0917948537022974e-24,1.0917948537022851e-24,1.0917948537022847e-24,1.091794853702285e-24,1.0917948537022846e-24,1.0917948537023123e-24,1.0917948537023123e-24,1.0917948537023121e-24,1.0917948537023143e-24,1.091794853702315e-24,1.0917948537023141e-24,1.0917948537023145e-24,1.091794853702315e-24,1.0917948537023152e-24,1.0917948537023152e-24,1.0917948537023152e-24,1.0917948537023154e-24,1.0917948537023152e-24,1.0917948537023286e-24,1.0917948537023286e-24,1.0917948537023286e-24,1.0917948537023288e-24,1.091794853702329e-24,1.0917948537023294e-24,1.0917948537023292e-24,1.0917948537023297e-24,1.0917948537023294e-24,1.0917948537023301e-24,1.0917948537023353e-24,1.0917948537023349e-24,1.0917948537023349e-24,1.091794853702335e-24,1.0917948537023353e-24,1.0917948537023997e-24,1.0917948537023997e-24,1.0917948537023997e-24,1.0917948537023999e-24,1.0917948537023797e-24,1.0917948537023799e-24,1.0917948537023797e-24,1.09179485370238e-24,1.09179485370238e-24,1.0917948537023799e-24,1.0917948537023803e-24,1.09179485370238e-24,1.09179485370238e-24,1.0917948537023799e-24,1.09179485370238e-24,1.09179485370238e-24,1.0917948537023799e-24,1.0917948537023799e-24,1.0917948537023803e-24,1.0917948537023806e-24,1.0917948537023803e-24,1.0917948537023803e-24,1.09179485370238e-24,1.0917948537023799e-24,1.0917948537023795e-24,1.0917948537023797e-24,1.0917948537023797e-24,1.09179485370238e-24,1.0917948537023795e-24,1.0917948537023797e-24,1.0917948537023797e-24,1.09179485370238e-24,1.09179485370238e-24,1.0917948537023803e-24,1.0917948537023808e-24,1.0917948537023803e-24,1.09179485370238e-24,1.0917948537023803e-24,1.0917948537023803e-24,1.0917948537023803e-24,1.0917948537023806e-24,1.0917948537023803e-24,1.0917948537023799e-24,1.0917948537023797e-24,1.0917948537023797e-24,1.0917948537023799e-24,1.0917948537023964e-24,1.0917948537023966e-24,1.0917948537023966e-24,1.0917948537023964e-24,1.0917948537023972e-24,1.091794853702397e-24,1.091794853702397e-24,1.091794853702397e-24,1.0917948537023966e-24,1.091794853702397e-24,1.0917948537023966e-24,1.091794853702397e-24,1.0917948537023973e-24,1.091794853702397e-24,1.0917948537023876e-24,1.0917948537023878e-24,1.0917948537023874e-24,1.0917948537023878e-24,1.0917948537023878e-24,1.0917948537023876e-24,1.0917948537023872e-24,1.0917948537023878e-24,1.0917948537023872e-24,1.0917948537023874e-24,1.0917948537023872e-24,1.0917948537023876e-24,1.0917948537023878e-24,1.0917948537023874e-24,1.0917948537023874e-24,1.0917948537023872e-24,1.0917948537023876e-24,1.0917948537023874e-24,1.0917948537023878e-24,1.091794853702388e-24,1.0917948537023876e-24,1.0917948537023878e-24,1.091794853702388e-24,1.0917948537023878e-24,1.0917948537023876e-24,1.0917948537023878e-24,1.0917948537023878e-24,1.0917948537023874e-24,1.0917948537023874e-24,1.091794853702388e-24,1.0917948537023874e-24,1.0917948537023878e-24,1.0917948537023874e-24,1.0917948537023874e-24,1.0917948537023869e-24,1.0917948537023874e-24,1.0917948537023872e-24,1.0917948537023872e-24,1.0917948537023872e-24,1.0917948537023874e-24,1.0917948537023872e-24,1.091794853702387e-24,1.0917948537023872e-24,1.0917948537024106e-24,1.0917948537024102e-24,1.0917948537024106e-24,1.0917948537024104e-24,1.0917948537024106e-24,1.0917948537024104e-24,1.0917948537024102e-24,1.0917948537024093e-24,1.0917948537024093e-24,1.091794853702409e-24,1.0917948537024096e-24,1.0917948537024093e-24,1.091794853702409e-24,1.0917948537024095e-24,1.0917948537024093e-24,1.0917948537024093e-24,1.0917948537024093e-24,1.091794853702409e-24,1.0917948537024093e-24,1.0917948537024093e-24,1.0917948537024089e-24,1.0917948537023992e-24,1.0917948537023997e-24,1.0917948537023992e-24,1.0917948537023994e-24,1.0917948537023999e-24,1.0917948537023994e-24,1.0917948537023995e-24,1.0917948537023995e-24,1.0917948537023994e-24,1.0917948537023994e-24,1.0917948537024e-24,1.0917948537023997e-24,1.0917948537023997e-24,1.0917948537023997e-24,1.0917948537023995e-24,1.0917948537023999e-24,1.0917948537024e-24,1.0917948537024e-24,1.0917948537023997e-24,1.0917948537024e-24,1.0917948537023999e-24,1.0917948537023997e-24,1.0917948537023995e-24,1.0917948537024e-24,1.0917948537024e-24,1.0917948537023744e-24,1.0917948537023744e-24,1.0917948537023744e-24,1.091794853702374e-24,1.091794853702374e-24,1.0917948537023738e-24,1.0917948537023738e-24,1.0917948537023746e-24,1.0917948537023744e-24,1.0917948537023738e-24,1.0917948537023738e-24,1.091794853702374e-24,1.0917948537023736e-24,1.0917948537023742e-24,1.0917948537023746e-24,1.091794853702374e-24,1.0917948537023742e-24,1.0917948537023744e-24,1.0917948537023747e-24,1.0917948537023744e-24,1.0917948537023744e-24,1.0917948537023746e-24,1.0917948537023744e-24,1.0917948537023747e-24,1.0917948537023744e-24,1.0917948537023747e-24,1.0917948537023742e-24,1.091794853702375e-24,1.0917948537023654e-24,1.091794853702365e-24,1.0917948537023656e-24,1.0917948537023646e-24,1.0917948537023654e-24,1.0917948537023648e-24,1.0917948537023652e-24,1.0917948537023652e-24,1.0917948537023652e-24,1.0917948537023654e-24,1.091794853702365e-24,1.0917948537023654e-24,1.0917948537023648e-24,1.0917948537023648e-24,1.0917948537023646e-24,1.091794853702365e-24,1.091794853702365e-24,1.0917948537023654e-24,1.0917948537023654e-24,1.0917948537023656e-24,1.0917948537023652e-24,1.091794853702365e-24,1.0917948537023654e-24,1.0917948537023656e-24,1.0917948537023652e-24,1.0917948537023654e-24,1.0917948537023654e-24,1.0917948537023657e-24,1.091794853702366e-24,1.0917948537023661e-24,1.091794853702366e-24,1.091794853702366e-24,1.0917948537023645e-24,1.0917948537023652e-24,1.0917948537023648e-24,1.0917948537023648e-24,1.0917948537023646e-24,1.0917948537023648e-24,1.0917948537023648e-24,1.0917948537023648e-24,1.091794853702365e-24,1.0917948537023646e-24,1.0917948537023646e-24,1.0917948537023646e-24,1.091794853702365e-24,1.0917948537023646e-24,1.0917948537023646e-24,1.0917948537023648e-24,1.0917948537023646e-24,1.0917948537023643e-24,1.0917948537023646e-24,1.0917948537023648e-24,1.091794853702365e-24,1.0917948537023645e-24,1.0917948537023648e-24,1.0917948537023648e-24,1.0917948537023646e-24,1.0917948537023646e-24,1.0917948537023646e-24,1.091794853702365e-24,1.0917948537023645e-24,1.0917948537023645e-24,1.0917948537023643e-24,1.0917948537023646e-24,1.0917948537023645e-24,1.0917948537023646e-24,1.0917948537023648e-24,1.0917948537023646e-24,1.0917948537023643e-24,1.091794853702364e-24,1.0917948537023639e-24,1.0917948537023643e-24,1.0917948537023635e-24,1.0917948537023645e-24,1.091794853702364e-24,1.0917948537023643e-24,1.0917948537023637e-24,1.091794853702364e-24,1.0917948537023643e-24,1.0917948537023643e-24,1.0917948537023643e-24,1.0917948537023648e-24,1.0917948537023652e-24,1.0917948537023652e-24,1.0917948537023652e-24,1.0917948537023648e-24,1.0917948537023652e-24,1.0917948537023648e-24,1.0917948537023652e-24,1.0917948537023648e-24,1.0917948537023635e-24,1.091794853702363e-24,1.0917948537023628e-24,1.0917948537023634e-24,1.0917948537023634e-24,1.091794853702363e-24,1.091794853702363e-24,1.0917948537023628e-24,1.0917948537023626e-24,1.0917948537023626e-24,1.0917948537023628e-24,1.0917948537023626e-24,1.0917948537023628e-24,1.0917948537023626e-24,1.091794853702363e-24,1.0917948537023626e-24,1.0917948537023623e-24,1.0917948537023623e-24,1.0917948537023624e-24,1.0917948537023623e-24,1.0917948537023619e-24,1.0917948537023615e-24,1.0917948537023619e-24,1.0917948537023619e-24,1.0917948537023617e-24,1.091794853702362e-24,1.091794853702362e-24,1.0917948537023619e-24,1.0917948537023623e-24,1.0917948537023619e-24,1.0917948537023617e-24,1.0917948537023619e-24,1.0917948537023615e-24,1.0917948537023624e-24,1.0917948537023617e-24,1.0917948537023619e-24,1.0917948537023615e-24,1.0917948537023617e-24,1.0917948537023615e-24,1.0917948537023612e-24,1.0917948537023613e-24,1.0917948537023613e-24,1.0917948537023615e-24,1.0917948537023615e-24,1.0917948537023615e-24,1.091794853702363e-24,1.091794853702363e-24,1.091794853702363e-24,1.0917948537023626e-24,1.091794853702363e-24,1.091794853702363e-24,1.091794853702363e-24,1.0917948537023628e-24,1.0917948537023628e-24,1.091794853702363e-24,1.0917948537023637e-24,1.0917948537023628e-24,1.0917948537023626e-24,1.0917948537023632e-24,1.091794853702363e-24,1.091794853702363e-24,1.091794853702363e-24,1.0917948537023632e-24,1.0917948537023628e-24,1.0917948537023628e-24,1.091794853702363e-24,1.0917948537023623e-24,1.0917948537023632e-24,1.0917948537023632e-24,1.0917948537023632e-24,1.0917948537023635e-24,1.0917948537023632e-24,1.0917948537023635e-24,1.0917948537023635e-24,1.0917948537023634e-24,1.0917948537023635e-24,1.0917948537023637e-24,1.0917948537023637e-24,1.0917948537023637e-24,1.0917948537023635e-24,1.0917948537023639e-24,1.0917948537023635e-24,1.0917948537023643e-24,1.0917948537023643e-24,1.0917948537023643e-24,1.0917948537023639e-24,1.0917948537023643e-24,1.0917948537023643e-24,1.0917948537023645e-24,1.0917948537023646e-24,1.0917948537023645e-24,1.0917948537023643e-24,1.0917948537023643e-24,1.0917948537023645e-24,1.091794853702364e-24,1.0917948537023639e-24,1.0917948537023643e-24,1.0917948537023645e-24,1.0917948537023648e-24,1.0917948537023645e-24,1.0917948537023643e-24,1.0917948537023646e-24,1.0917948537023645e-24,1.0917948537023646e-24,1.0917948537023645e-24,1.0917948537023645e-24,1.0917948537023645e-24,1.0917948537023645e-24,1.0917948537023645e-24,1.0917948537023643e-24,1.0917948537023645e-24,1.0917948537023645e-24,1.0917948537023648e-24,1.0917948537023643e-24,1.0917948537023646e-24,1.0917948537023645e-24,1.0917948537023645e-24,1.0917948537023643e-24,1.0917948537023639e-24,1.091794853702364e-24,1.091794853702364e-24,1.0917948537023646e-24,1.091794853702366e-24,1.0917948537023668e-24,1.0917948537023663e-24,1.0917948537023661e-24,1.091794853702366e-24,1.091794853702366e-24,1.0917948537023657e-24,1.0917948537023661e-24,1.091794853702366e-24,1.0917948537023661e-24,1.0917948537023657e-24,1.091794853702366e-24,1.091794853702366e-24,1.0917948537023661e-24,1.0917948537023663e-24,1.0917948537023663e-24,1.0917948537023661e-24,1.091794853702366e-24,1.091794853702366e-24,1.0917948537023663e-24,1.0917948537023661e-24,1.0917948537023665e-24,1.0917948537023663e-24,1.0917948537023665e-24,1.0917948537023665e-24,1.0917948537023663e-24,1.0917948537023667e-24,1.0917948537023665e-24,1.0917948537023667e-24,1.0917948537023665e-24,1.0917948537023665e-24,1.0917948537023668e-24,1.0917948537023665e-24,1.0917948537023667e-24,1.0917948537023661e-24,1.0917948537023661e-24,1.091794853702366e-24,1.0917948537023661e-24,1.0917948537023661e-24,1.0917948537023657e-24,1.0917948537023661e-24,1.0917948537023663e-24,1.091794853702366e-24,1.0917948537023667e-24,1.0917948537023665e-24,1.0917948537023667e-24,1.091794853702366e-24,1.0917948537023665e-24,1.0917948537023665e-24,1.091794853702366e-24,1.0917948537023663e-24,1.091794853702366e-24,1.091794853702366e-24,1.091794853702366e-24,1.091794853702366e-24,1.0917948537023661e-24,1.0917948537023667e-24,1.0917948537023667e-24,1.0917948537023667e-24,1.0917948537023665e-24,1.0917948537023667e-24,1.091794853702367e-24,1.0917948537023667e-24,1.0917948537023667e-24,1.091794853702367e-24,1.0917948537023667e-24,1.091794853702367e-24,1.0917948537023665e-24,1.0917948537023668e-24,1.0917948537023665e-24,1.091794853702367e-24,1.091794853702367e-24,1.0917948537023668e-24,1.0917948537023667e-24,1.0917948537023668e-24,1.0917948537023663e-24,1.0917948537023667e-24,1.0917948537023668e-24,1.0917948537023667e-24,1.0917948537023667e-24,1.0917948537023667e-24,1.0917948537023667e-24,1.0917948537023667e-24,1.0917948537023665e-24,1.0917948537023667e-24,1.0917948537023665e-24,1.0917948537023672e-24,1.091794853702367e-24,1.0917948537023676e-24,1.0917948537023672e-24,1.0917948537023668e-24,1.0917948537023678e-24,1.0917948537023672e-24,1.0917948537023676e-24,1.0917948537023678e-24,1.0917948537023678e-24,1.0917948537023678e-24,1.0917948537023678e-24,1.0917948537023678e-24,1.0917948537023678e-24,1.0917948537023683e-24,1.091794853702368e-24,1.091794853702368e-24,1.091794853702368e-24,1.091794853702368e-24,1.0917948537023678e-24,1.091794853702368e-24,1.0917948537023678e-24,1.091794853702368e-24,1.0917948537023678e-24,1.0917948537023683e-24,1.0917948537023685e-24,1.0917948537023681e-24,1.0917948537023685e-24,1.091794853702368e-24,1.0917948537023681e-24,1.0917948537023685e-24,1.091794853702368e-24,1.0917948537023681e-24,1.0917948537023681e-24,1.0917948537023689e-24,1.0917948537023685e-24,1.0917948537023689e-24,1.0917948537023683e-24,1.0917948537023683e-24,1.0917948537023685e-24,1.0917948537023685e-24,1.0917948537023683e-24,1.0917948537023685e-24,1.0917948537023683e-24,1.0917948537023683e-24,1.0917948537023685e-24,1.0917948537023689e-24,1.0917948537023683e-24,1.0917948537023685e-24,1.0917948537023685e-24,1.0917948537023687e-24,1.0917948537023689e-24,1.0917948537023689e-24,1.0917948537023689e-24,1.0917948537023689e-24,1.091794853702369e-24,1.091794853702369e-24,1.091794853702369e-24,1.0917948537023689e-24,1.0917948537023685e-24,1.0917948537023685e-24,1.0917948537023683e-24,1.0917948537023681e-24,1.0917948537023683e-24,1.0917948537023685e-24,1.0917948537023683e-24,1.0917948537023681e-24,1.091794853702368e-24,1.0917948537023683e-24,1.0917948537023681e-24,1.0917948537023687e-24,1.0917948537023683e-24,1.0917948537023683e-24,1.0917948537023685e-24,1.091794853702369e-24,1.0917948537023689e-24,1.0917948537023683e-24,1.0917948537023683e-24,1.091794853702369e-24,1.091794853702369e-24,1.0917948537023692e-24,1.0917948537023692e-24,1.0917948537023689e-24,1.0917948537023692e-24,1.091794853702369e-24,1.0917948537023694e-24,1.0917948537023696e-24,1.0917948537023694e-24,1.0917948537023694e-24,1.0917948537023694e-24,1.0917948537023692e-24,1.0917948537023696e-24,1.0917948537023696e-24,1.09179485370237e-24,1.0917948537023696e-24,1.0917948537023696e-24,1.0917948537023698e-24,1.0917948537023696e-24,1.09179485370237e-24,1.0917948537023696e-24,1.0917948537023694e-24,1.0917948537023698e-24,1.0917948537023692e-24,1.0917948537023694e-24,1.0917948537023692e-24,1.0917948537023696e-24,1.0917948537023696e-24,1.0917948537023694e-24,1.0917948537023696e-24,1.0917948537023696e-24,1.0917948537023694e-24,1.09179485370237e-24,1.09179485370237e-24,1.0917948537023702e-24,1.0917948537023705e-24,1.0917948537023702e-24,1.0917948537023702e-24,1.0917948537023705e-24,1.09179485370237e-24,1.0917948537023707e-24,1.0917948537023714e-24,1.0917948537023713e-24,1.0917948537023714e-24,1.0917948537023705e-24,1.0917948537023709e-24,1.0917948537023707e-24,1.0917948537023707e-24,1.0917948537023709e-24,1.0917948537023702e-24,1.0917948537023709e-24,1.0917948537023702e-24,1.0917948537023707e-24,1.0917948537023703e-24,1.0917948537023703e-24,1.0917948537023705e-24,1.0917948537023705e-24,1.0917948537023703e-24,1.09179485370237e-24,1.0917948537023702e-24,1.09179485370237e-24,1.09179485370237e-24,1.0917948537023698e-24,1.0917948537023698e-24,1.09179485370237e-24,1.0917948537023696e-24,1.0917948537023698e-24,1.0917948537023702e-24,1.0917948537023702e-24,1.0917948537023702e-24,1.0917948537023696e-24,1.0917948537023703e-24,1.0917948537023702e-24,1.0917948537023703e-24,1.0917948537023703e-24,1.09179485370237e-24,1.0917948537023703e-24,1.0917948537023702e-24,1.0917948537023709e-24,1.0917948537023702e-24,1.09179485370237e-24,1.0917948537023703e-24,1.0917948537023696e-24,1.09179485370237e-24,1.0917948537023703e-24,1.0917948537023705e-24,1.0917948537023702e-24,1.0917948537023705e-24,1.0917948537023702e-24,1.0917948537023702e-24,1.09179485370237e-24,1.0917948537023702e-24,1.0917948537023702e-24,1.0917948537023702e-24,1.0917948537023702e-24,1.0917948537023702e-24,1.0917948537023702e-24,1.0917948537023702e-24,1.0917948537023703e-24,1.0917948537023698e-24,1.0917948537023698e-24,1.0917948537023702e-24,1.0917948537023698e-24,1.0917948537023698e-24,1.09179485370237e-24,1.0917948537023689e-24,1.091794853702369e-24,1.091794853702369e-24,1.091794853702369e-24,1.0917948537023685e-24,1.091794853702369e-24,1.091794853702369e-24,1.0917948537023683e-24,1.0917948537023689e-24,1.0917948537023692e-24,1.0917948537023692e-24,1.0917948537023698e-24,1.0917948537023696e-24,1.0917948537023698e-24,1.0917948537023698e-24,1.0917948537023705e-24,1.0917948537023702e-24,1.0917948537023702e-24,1.09179485370237e-24,1.0917948537023705e-24,1.0917948537023702e-24,1.0917948537023703e-24,1.0917948537023703e-24,1.0917948537023702e-24,1.0917948537023707e-24,1.0917948537023703e-24,1.0917948537023702e-24,1.0917948537023692e-24,1.0917948537023698e-24,1.09179485370237e-24,1.0917948537023702e-24,1.09179485370237e-24,1.0917948537023698e-24,1.0917948537023698e-24,1.09179485370237e-24,1.0917948537023696e-24,1.0917948537023696e-24,1.0917948537023702e-24,1.09179485370237e-24,1.0917948537023705e-24,1.0917948537023705e-24,1.0917948537023705e-24,1.0917948537023702e-24,1.0917948537023702e-24,1.0917948537023702e-24,1.0917948537023702e-24,1.0917948537023698e-24,1.0917948537023698e-24,1.0917948537023702e-24,1.0917948537023702e-24,1.0917948537023702e-24,1.0917948537023705e-24,1.0917948537023694e-24,1.0917948537023689e-24,1.0917948537023698e-24,1.0917948537023692e-24,1.0917948537023696e-24,1.0917948537023694e-24,1.0917948537023698e-24,1.0917948537023694e-24,1.0917948537023694e-24,1.0917948537023694e-24,1.0917948537023692e-24,1.0917948537023696e-24,1.0917948537023698e-24,1.09179485370237e-24,1.0917948537023702e-24,1.0917948537023696e-24,1.0917948537023698e-24,1.0917948537023702e-24,1.0917948537023703e-24,1.0917948537023705e-24,1.0917948537023703e-24,1.0917948537023702e-24,1.0917948537023702e-24,1.0917948537023703e-24,1.0917948537023705e-24,1.0917948537023702e-24,1.0917948537023707e-24,1.0917948537023705e-24,1.0917948537023707e-24,1.0917948537023709e-24,1.0917948537023714e-24,1.0917948537023714e-24,1.0917948537023713e-24,1.0917948537023718e-24,1.0917948537023716e-24,1.0917948537023716e-24,1.0917948537023718e-24,1.091794853702372e-24,1.0917948537023714e-24,1.0917948537023718e-24,1.0917948537023718e-24,1.0917948537023718e-24,1.091794853702372e-24,1.0917948537023718e-24,1.0917948537023718e-24,1.091794853702372e-24,1.091794853702372e-24,1.091794853702372e-24,1.0917948537023718e-24,1.0917948537023718e-24,1.0917948537023718e-24,1.091794853702372e-24,1.0917948537023716e-24,1.0917948537023709e-24,1.0917948537023713e-24,1.0917948537023713e-24,1.0917948537023713e-24,1.0917948537023716e-24,1.0917948537023713e-24,1.0917948537023714e-24,1.091794853702371e-24,1.0917948537023713e-24,1.0917948537023709e-24,1.0917948537023713e-24,1.0917948537023714e-24,1.0917948537023713e-24,1.0917948537023714e-24,1.0917948537023718e-24,1.0917948537023707e-24,1.091794853702371e-24,1.0917948537023709e-24,1.0917948537023709e-24,1.0917948537023707e-24,1.0917948537023707e-24,1.0917948537023709e-24,1.091794853702371e-24,1.091794853702371e-24,1.091794853702371e-24,1.091794853702371e-24,1.0917948537023713e-24,1.0917948537023713e-24,1.0917948537023713e-24,1.0917948537023713e-24,1.0917948537023709e-24,1.0917948537023709e-24,1.0917948537023713e-24,1.0917948537023713e-24,1.0917948537023713e-24,1.091794853702371e-24,1.091794853702371e-24,1.0917948537023709e-24,1.0917948537023709e-24,1.0917948537023703e-24,1.0917948537023703e-24,1.0917948537023705e-24,1.0917948537023707e-24,1.0917948537023705e-24,1.0917948537023705e-24,1.0917948537023707e-24,1.0917948537023705e-24,1.0917948537023705e-24,1.0917948537023707e-24,1.0917948537023707e-24,1.0917948537023702e-24,1.0917948537023709e-24,1.0917948537023707e-24,1.0917948537023702e-24,1.0917948537023702e-24,1.0917948537023705e-24,1.0917948537023705e-24,1.09179485370237e-24,1.0917948537023705e-24,1.0917948537023702e-24,1.0917948537023696e-24,1.09179485370237e-24,1.0917948537023702e-24,1.09179485370237e-24,1.0917948537023702e-24,1.0917948537023702e-24,1.09179485370237e-24,1.0917948537023702e-24,1.0917948537023698e-24,1.0917948537023702e-24,1.0917948537023703e-24,1.0917948537023703e-24,1.0917948537023703e-24,1.0917948537023705e-24,1.0917948537023703e-24,1.0917948537023705e-24,1.0917948537023709e-24,1.091794853702371e-24,1.0917948537023707e-24,1.0917948537023709e-24,1.0917948537023707e-24,1.0917948537023709e-24,1.091794853702371e-24,1.0917948537023714e-24,1.091794853702371e-24,1.0917948537023716e-24,1.091794853702372e-24,1.0917948537023714e-24,1.091794853702371e-24,1.0917948537023714e-24,1.0917948537023713e-24,1.0917948537023714e-24,1.0917948537023709e-24,1.091794853702371e-24,1.091794853702371e-24,1.0917948537023707e-24,1.0917948537023707e-24,1.0917948537023709e-24,1.0917948537023702e-24,1.0917948537023698e-24,1.0917948537023696e-24,1.0917948537023698e-24,1.0917948537023696e-24,1.0917948537023698e-24,1.0917948537023696e-24,1.0917948537023694e-24,1.0917948537023696e-24,1.0917948537023698e-24,1.0917948537023694e-24,1.0917948537023694e-24,1.0917948537023698e-24,1.0917948537023696e-24,1.09179485370237e-24,1.0917948537023698e-24,1.0917948537023702e-24,1.09179485370237e-24,1.0917948537023696e-24,1.0917948537023702e-24,1.09179485370237e-24,1.0917948537023696e-24,1.0917948537023702e-24,1.0917948537023703e-24,1.0917948537023698e-24,1.0917948537023698e-24,1.0917948537023692e-24,1.0917948537023702e-24,1.0917948537023702e-24,1.09179485370237e-24,1.09179485370237e-24,1.0917948537023696e-24,1.0917948537023702e-24,1.0917948537023702e-24,1.0917948537023696e-24,1.0917948537023698e-24,1.0917948537023702e-24,1.0917948537023698e-24,1.0917948537023702e-24,1.0917948537023707e-24,1.0917948537023707e-24,1.0917948537023703e-24,1.0917948537023703e-24,1.0917948537023703e-24,1.0917948537023702e-24,1.0917948537023696e-24,1.09179485370237e-24,1.0917948537023702e-24,1.0917948537023702e-24,1.0917948537023696e-24,1.0917948537023698e-24,1.0917948537023698e-24,1.0917948537023698e-24,1.0917948537023703e-24,1.0917948537023702e-24,1.0917948537023698e-24,1.0917948537023703e-24,1.0917948537023702e-24,1.09179485370237e-24,1.0917948537023698e-24,1.09179485370237e-24,1.0917948537023698e-24,1.09179485370237e-24,1.0917948537023698e-24,1.0917948537023698e-24,1.0917948537023698e-24,1.0917948537023702e-24,1.09179485370237e-24,1.0917948537023698e-24,1.0917948537023696e-24,1.0917948537023696e-24,1.09179485370237e-24,1.0917948537023702e-24,1.0917948537023705e-24,1.09179485370237e-24,1.0917948537023702e-24,1.0917948537023702e-24,1.0917948537023696e-24,1.09179485370237e-24,1.0917948537023698e-24,1.0917948537023698e-24,1.0917948537023696e-24,1.0917948537023694e-24,1.0917948537023698e-24,1.0917948537023698e-24,1.0917948537023696e-24,1.0917948537023702e-24,1.0917948537023696e-24,1.0917948537023696e-24,1.09179485370237e-24,1.09179485370237e-24,1.0917948537023696e-24,1.0917948537023698e-24,1.0917948537023694e-24,1.0917948537023696e-24,1.09179485370237e-24,1.0917948537023698e-24,1.0917948537023702e-24,1.0917948537023703e-24,1.0917948537023702e-24,1.0917948537023702e-24,1.0917948537023702e-24,1.0917948537023696e-24,1.0917948537023696e-24,1.091794853702369e-24,1.0917948537023694e-24,1.0917948537023694e-24,1.0917948537023698e-24,1.0917948537023694e-24,1.09179485370237e-24,1.0917948537023702e-24,1.09179485370237e-24,1.0917948537023702e-24,1.09179485370237e-24,1.0917948537023703e-24,1.0917948537023709e-24,1.0917948537023703e-24,1.0917948537023707e-24,1.0917948537023702e-24,1.0917948537023702e-24,1.09179485370237e-24,1.0917948537023702e-24,1.0917948537023705e-24,1.0917948537023702e-24,1.0917948537023705e-24,1.09179485370237e-24,1.0917948537023702e-24,1.0917948537023702e-24,1.09179485370237e-24,1.09179485370237e-24,1.09179485370237e-24,1.0917948537023692e-24,1.0917948537023692e-24,1.0917948537023692e-24
2,0.0,2.666506468540766e-43,2.666506468540766e-43,2.666506468540766e-43,-6.147575210203864e-41,8.271591958914656e-45,8.271591958914656e-45,8.271591958914656e-45,8.271591958914656e-45,8.271591958914656e-45,8.271591958914656e-45,8.271591958914656e-45,8.271591958914656e-45,8.271591958914656e-45,8.271591958914656e-45,8.271591958914656e-45,8.271591958914656e-45,8.271591958914656e-45,8.271591958914656e-45,8.271591958914656e-45,8.271591958914656e-45,8.271591958914656e-45,8.271591958914656e-45,8.271591958914656e-45,8.271591958914656e-45,8.271591958914656e-45,8.271591958914656e-45,8.271591958914656e-45,8.271591958914656e-45,8.271591958914656e-45,8.271591958914656e-45,8.271591958914656e-45,8.271591958914656e-45,8.271591958914656e-45,8.271591958914656e-45,8.271591958914656e-45,8.271591958914656e-45,8.271591958914656e-45,8.271591958914656e-45,8.271591958914656e-45,8.271591958914656e-45,8.271591958914656e-45,8.271591958914656e-45,8.271591958914656e-45,8.271591958914656e-45,8.271591958914656e-45,8.271591958914656e-45,8.271591958914656e-45,8.271591958914656e-45,8.271591958914656e-45,8.271591958914656e-45,8.271591958914656e-45,8.271591958914656e-45,8.271591958914656e-45,8.271591958914656e-45,8.271591958914656e-45,8.271591958914656e-45,8.271591958914656e-45,8.271591958914656e-45,8.271591958914656e-45,8.271591958914656e-45,8.271591958914656e-45,8.271591958914656e-45,8.271591958914656e-45,8.271591958914656e-45,8.271591958914656e-45,8.271591958914656e-45,8.271591958914656e-45,8.271591958914656e-45,8.271591958914656e-45,8.271591958914656e-45,8.271591958914656e-45,8.271591958914656e-45,8.271591958914656e-45,8.271591958914656e-45,8.271591958914656e-45,8.271591958914656e-45,8.271591958914656e-45,8.271591958914656e-45,8.271591958914656e-45,8.271591958914656e-45,8.271591958914656e-45,8.271591958914656e-45,8.271591958914656e-45,8.271591958914656e-45,8.271591958914656e-45,8.271591958914656e-45,8.271591958914656e-45,8.271591958914656e-45,8.271591958914656e-45,8.271591958914656e-45,8.271591958914656e-45,8.271591958914656e-45,8.271591958914656e-45,8.271591958914656e-45,8.271591958914656e-45,8.271591958914656e-45,8.271591958914656e-45,8.271591958914656e-45,8.271591958914656e-45,8.271591958914656e-45,8.271591958914656e-45,8.271591958914656e-45,8.271591958914656e-45,8.271591958914656e-45,8.271591958914656e-45,8.271591958914656e-45,8.271591958914656e-45,8.271591958914656e-45,8.271591958914656e-45,8.271591958914656e-45,8.271591958914656e-45,8.271591958914656e-45,8.271591958914656e-45,8.271591958914656e-45,8.271591958914656e-45,8.271591958914656e-45,8.271591958914656e-45,8.271591958914656e-45,8.271591958914656e-45,8.271591958914656e-45,8.271591958914656e-45,8.271591958914656e-45,8.271591958914656e-45,8.271591958914656e-45,8.271591958914656e-45,8.271591958914656e-45,8.271591958914656e-45,8.271591958914656e-45,8.271591958914656e-45,8.271591958914656e-45,8.271591958914656e-45,8.271591958914656e-45,8.271591958914656e-45,8.271591958914656e-45,8.271591958914656e-45,8.271591958914656e-45,8.271591958914656e-45,8.271591958914656e-45,8.271591958914656e-45,8.271591958914656e-45,8.271591958914656e-45,8.271591958914656e-45,8.271591958914656e-45,8.271591958914656e-45,8.271591958914656e-45,8.271591958914656e-45,8.271591958914656e-45,8.271591958914656e-45,8.271591958914656e-45,8.271591958914656e-45,8.271591958914656e-45,8.271591958914656e-45,8.271591958914656e-45,8.271591958914656e-45,8.271591958914656e-45,8.271591958914656e-45,8.271591958914656e-45,8.271591958914656e-45,8.271591958914656e-45,8.271591958914656e-45,8.271591958914656e-45,8.271591958914656e-45,8.271591958914656e-45,8.271591958914656e-45,8.271591958914656e-45,8.271591958914656e-45,8.271591958914656e-45,8.271591958914656e-45,8.271591958914656e-45,8.271591958914656e-45,8.271591958914656e-45,8.271591958914656e-45,8.271591958914656e-45,8.271591958914656e-45,8.271591958914656e-45,8.271591958914656e-45,8.271591958914656e-45,8.271591958914656e-45,8.271591958914656e-45,8.271591958914656e-45,8.271591958914656e-45,8.271591958914656e-45,8.271591958914656e-45,8.271591958914656e-45,8.271591958914656e-45,8.271591958914656e-45,8.271591958914656e-45,8.271591958914656e-45,8.271591958914656e-45,8.271591958914656e-45,8.271591958914656e-45,8.271591958914656e-45,8.271591958914656e-45,8.271591958914656e-45,8.271591958914656e-45,8.271591958914656e-45,8.271591958914656e-45,8.271591958914656e-45,8.271591958914656e-45,8.271591958914656e-45,8.271591958914656e-45,8.271591958914656e-45,8.271591958914656e-45,8.271591958914656e-45,8.271591958914656e-45,8.271591958914656e-45,8.271591958914656e-45,8.271591958914656e-45,8.271591958914656e-45,8.271591958914656e-45,8.271591958914656e-45,8.271591958914656e-45,8.271591958914656e-45,8.271591958914656e-45,8.271591958914656e-45,8.271591958914656e-45,8.271591958914656e-45,8.271591958914656e-45,8.271591958914656e-45,8.271591958914656e-45,8.271591958914656e-45,8.271591958914656e-45,8.271591958914656e-45,8.271591958914656e-45,8.271591958914656e-45,8.271591958914656e-45,8.271591958914656e-45,8.271591958914656e-45,8.271591958914656e-45,8.271591958914656e-45,8.271591958914656e-45,8.271591958914656e-45,8.271591958914656e-45,8.271591958914656e-45,8.271591958914656e-45,8.271591958914656e-45,8.271591958914656e-45,8.271591958914656e-45,8.271591958914656e-45,8.271591958914656e-45,8.271591958914656e-45,8.271591958914656e-45,8.271591958914656e-45,8.271591958914656e-45,8.271591958914656e-45,8.271591958914656e-45,8.271591958914656e-45,8.271591958914656e-45,8.271591958914656e-45,8.271591958914656e-45,8.271591958914656e-45,8.271591958914656e-45,8.271591958914656e-45,8.271591958914656e-45,8.271591958914656e-45,8.271591958914656e-45,8.271591958914656e-45,8.271591958914656e-45,8.271591958914656e-45,8.271591958914656e-45,8.271591958914656e-45,8.271591958914656e-45,8.271591958914656e-45,8.271591958914656e-45,8.271591958914656e-45,8.271591958914656e-45,8.271591958914656e-45,8.271591958914656e-45,8.271591958914656e-45,8.271591958914656e-45,8.271591958914656e-45,8.271591958914656e-45,8.271591958914656e-45,8.271591958914656e-45,8.271591958914656e-45,8.271591958914656e-45,8.271591958914656e-45,8.271591958914656e-45,8.271591958914656e-45,8.271591958914656e-45,8.271591958914656e-45,8.271591958914656e-45,8.271591958914656e-45,8.271591958914656e-45,8.271591958914656e-45,8.271591958914656e-45,8.271591958914656e-45,8.271591958914656e-45,8.271591958914656e-45,8.271591958914656e-45,8.271591958914656e-45,8.271591958914656e-45,8.271591958914656e-45,8.271591958914656e-45,8.271591958914656e-45,8.271591958914656e-45,8.271591958914656e-45,8.271591958914656e-45,8.271591958914656e-45,8.271591958914656e-45,8.271591958914656e-45,8.271591958914656e-45,8.271591958914656e-45,8.271591958914656e-45,8.271591958914656e-45,8.271591958914656e-45,8.271591958914656e-45,8.271591958914656e-45,8.271591958914656e-45,8.271591958914656e-45,8.271591958914656e-45,8.271591958914656e-45,8.271591958914656e-45,8.271591958914656e-45,8.271591958914656e-45,8.271591958914656e-45,8.271591958914656e-45,8.271591958914656e-45,8.271591958914656e-45,8.271591958914656e-45,8.271591958914656e-45,8.271591958914656e-45,8.271591958914656e-45,8.271591958914656e-45,8.271591958914656e-45,8.271591958914656e-45,8.271591958914656e-45,8.271591958914656e-45,8.271591958914656e-45,8.271591958914656e-45,8.271591958914656e-45,8.271591958914656e-45,8.271591958914656e-45,8.271591958914656e-45,8.271591958914656e-45,8.271591958914656e-45,8.271591958914656e-45,8.271591958914656e-45,8.271591958914656e-45,8.271591958914656e-45,8.271591958914656e-45,8.271591958914656e-45,8.271591958914656e-45,8.271591958914656e-45,8.271591958914656e-45,8.271591958914656e-45,8.271591958914656e-45,8.271591958914656e-45,8.271591958914656e-45,8.271591958914656e-45,8.271591958914656e-45,8.271591958914656e-45,8.271591958914656e-45,8.271591958914656e-45,8.271591958914656e-45,8.271591958914656e-45,8.271591958914656e-45,8.271591958914656e-45,8.271591958914656e-45,8.271591958914656e-45,8.271591958914656e-45,8.271591958914656e-45,8.271591958914656e-45,8.271591958914656e-45,8.271591958914656e-45,8.271591958914656e-45,8.271591958914656e-45,8.271591958914656e-45,8.271591958914656e-45,8.271591958914656e-45,8.271591958914656e-45,8.271591958914656e-45,8.271591958914656e-45,8.271591958914656e-45,8.271591958914656e-45,8.271591958914656e-45,8.271591958914656e-45,8.271591958914656e-45,8.271591958914656e-45,8.271591958914656e-45,8.271591958914656e-45,8.271591958914656e-45,8.271591958914656e-45,8.271591958914656e-45,8.271591958914656e-45,8.271591958914656e-45,8.271591958914656e-45,8.271591958914656e-45,8.271591958914656e-45,8.271591958914656e-45,8.271591958914656e-45,8.271591958914656e-45,8.271591958914656e-45,8.271591958914656e-45,8.271591958914656e-45,8.271591958914656e-45,8.271591958914656e-45,8.271591958914656e-45,8.271591958914656e-45,8.271591958914656e-45,8.271591958914656e-45,8.271591958914656e-45,8.271591958914656e-45,8.271591958914656e-45,8.271591958914656e-45,8.271591958914656e-45,8.271591958914656e-45,8.271591958914656e-45,8.271591958914656e-45,8.271591958914656e-45,8.271591958914656e-45,8.271591958914656e-45,8.271591958914656e-45,8.271591958914656e-45,8.271591958914656e-45,8.271591958914656e-45,8.271591958914656e-45,8.271591958914656e-45,8.271591958914656e-45,8.271591958914656e-45,8.271591958914656e-45,8.271591958914656e-45,8.271591958914656e-45,8.271591958914656e-45,8.271591958914656e-45,8.271591958914656e-45,8.271591958914656e-45,8.271591958914656e-45,8.271591958914656e-45,8.271591958914656e-45,8.271591958914656e-45,8.271591958914656e-45,8.271591958914656e-45,8.271591958914656e-45,8.271591958914656e-45,8.271591958914656e-45,8.271591958914656e-45,8.271591958914656e-45,8.271591958914656e-45,8.271591958914656e-45,8.271591958914656e-45,8.271591958914656e-45,8.271591958914656e-45,8.271591958914656e-45,8.271591958914656e-45,8.271591958914656e-45,8.271591958914656e-45,8.271591958914656e-45,8.271591958914656e-45,8.271591958914656e-45,8.271591958914656e-45,8.271591958914656e-45,8.271591958914656e-45,8.271591958914656e-45,8.271591958914656e-45,8.271591958914656e-45,8.271591958914656e-45,8.271591958914656e-45,8.271591958914656e-45,8.271591958914656e-45,8.271591958914656e-45,8.271591958914656e-45,8.271591958914656e-45,8.271591958914656e-45,8.271591958914656e-45,8.271591958914656e-45,8.271591958914656e-45,8.271591958914656e-45,8.271591958914656e-45,8.271591958914656e-45,8.271591958914656e-45,8.271591958914656e-45,8.271591958914656e-45,8.271591958914656e-45,8.271591958914656e-45,8.271591958914656e-45,8.271591958914656e-45,8.271591958914656e-45,8.271591958914656e-45,8.271591958914656e-45,8.271591958914656e-45,8.271591958914656e-45,8.271591958914656e-45,8.271591958914656e-45,8.271591958914656e-45,8.271591958914656e-45,8.271591958914656e-45,8.271591958914656e-45,8.271591958914656e-45,8.271591958914656e-45,8.271591958914656e-45,8.271591958914656e-45,8.271591958914656e-45,8.271591958914656e-45,8.271591958914656e-45,8.271591958914656e-45,8.271591958914656e-45,8.271591958914656e-45,8.271591958914656e-45,8.271591958914656e-45,8.271591958914656e-45,8.271591958914656e-45,8.271591958914656e-45,8.271591958914656e-45,8.271591958914656e-45,8.271591958914656e-45,8.271591958914656e-45,8.271591958914656e-45,8.271591958914656e-45,8.271591958914656e-45,8.271591958914656e-45,8.271591958914656e-45,8.271591958914656e-45,8.271591958914656e-45,8.271591958914656e-45,8.271591958914656e-45,8.271591958914656e-45,8.271591958914656e-45,8.271591958914656e-45,8.271591958914656e-45,8.271591958914656e-45,8.271591958914656e-45,8.271591958914656e-45,8.271591958914656e-45,8.271591958914656e-45,8.271591958914656e-45,8.271591958914656e-45,8.271591958914656e-45,8.271591958914656e-45,8.271591958914656e-45,8.271591958914656e-45,8.271591958914656e-45,8.271591958914656e-45,8.271591958914656e-45,8.271591958914656e-45,8.271591958914656e-45,8.271591958914656e-45,8.271591958914656e-45,8.271591958914656e-45,8.271591958914656e-45,8.271591958914656e-45,8.271591958914656e-45,8.271591958914656e-45,8.271591958914656e-45,8.271591958914656e-45,8.271591958914656e-45,8.271591958914656e-45,8.271591958914656e-45,8.271591958914656e-45,8.271591958914656e-45,8.271591958914656e-45,8.271591958914656e-45,8.271591958914656e-45,8.271591958914656e-45,8.271591958914656e-45,8.271591958914656e-45,8.271591958914656e-45,8.271591958914656e-45,8.271591958914656e-45,8.271591958914656e-45,8.271591958914656e-45,8.271591958914656e-45,8.271591958914656e-45,8.271591958914656e-45,8.271591958914656e-45,8.271591958914656e-45,8.271591958914656e-45,8.271591958914656e-45,8.271591958914656e-45,8.271591958914656e-45,8.271591958914656e-45,8.271591958914656e-45,8.271591958914656e-45,8.271591958914656e-45,8.271591958914656e-45,8.271591958914656e-45,8.271591958914656e-45,8.271591958914656e-45,8.271591958914656e-45,8.271591958914656e-45,8.271591958914656e-45,8.271591958914656e-45,8.271591958914656e-45,8.271591958914656e-45,8.271591958914656e-45,8.271591958914656e-45,8.271591958914656e-45,8.271591958914656e-45,8.271591958914656e-45,8.271591958914656e-45,8.271591958914656e-45,8.271591958914656e-45,8.271591958914656e-45,8.271591958914656e-45,8.271591958914656e-45,8.271591958914656e-45,8.271591958914656e-45,8.271591958914656e-45,8.271591958914656e-45,8.271591958914656e-45,8.271591958914656e-45,8.271591958914656e-45,8.271591958914656e-45,8.271591958914656e-45,8.271591958914656e-45,8.271591958914656e-45,8.271591958914656e-45,8.271591958914656e-45,8.271591958914656e-45,8.271591958914656e-45,8.271591958914656e-45,8.271591958914656e-45,8.271591958914656e-45,8.271591958914656e-45,8.271591958914656e-45,8.271591958914656e-45,8.271591958914656e-45,8.271591958914656e-45,8.271591958914656e-45,8.271591958914656e-45,8.271591958914656e-45,8.271591958914656e-45,8.271591958914656e-45,8.271591958914656e-45,8.271591958914656e-45,8.271591958914656e-45,8.271591958914656e-45,8.271591958914656e-45,8.271591958914656e-45,8.271591958914656e-45,8.271591958914656e-45,8.271591958914656e-45,8.271591958914656e-45,8.271591958914656e-45,8.271591958914656e-45,8.271591958914656e-45,8.271591958914656e-45,8.271591958914656e-45,8.271591958914656e-45,8.271591958914656e-45,8.271591958914656e-45,8.271591958914656e-45,8.271591958914656e-45,8.271591958914656e-45,8.271591958914656e-45,8.271591958914656e-45,8.271591958914656e-45,8.271591958914656e-45,8.271591958914656e-45,8.271591958914656e-45,8.271591958914656e-45,8.271591958914656e-45,8.271591958914656e-45,8.271591958914656e-45,8.271591958914656e-45,8.271591958914656e-45,8.271591958914656e-45,8.271591958914656e-45,8.271591958914656e-45,8.271591958914656e-45,8.271591958914656e-45,8.271591958914656e-45,8.271591958914656e-45,8.271591958914656e-45,8.271591958914656e-45,8.271591958914656e-45,8.271591958914656e-45,8.271591958914656e-45,8.271591958914656e-45,8.271591958914656e-45,8.271591958914656e-45,8.271591958914656e-45,8.271591958914656e-45,8.271591958914656e-45,8.271591958914656e-45,8.271591958914656e-45,8.271591958914656e-45,8.271591958914656e-45,8.271591958914656e-45,8.271591958914656e-45,8.271591958914656e-45,8.271591958914656e-45,8.271591958914656e-45,8.271591958914656e-45,8.271591958914656e-45,8.271591958914656e-45,8.271591958914656e-45,8.271591958914656e-45,8.271591958914656e-45,8.271591958914656e-45,8.271591958914656e-45,8.271591958914656e-45,8.271591958914656e-45,8.271591958914656e-45,8.271591958914656e-45,8.271591958914656e-45,8.271591958914656e-45,8.271591958914656e-45,8.271591958914656e-45,8.271591958914656e-45,8.271591958914656e-45,8.271591958914656e-45,8.271591958914656e-45,8.271591958914656e-45,8.271591958914656e-45,8.271591958914656e-45,8.271591958914656e-45,8.271591958914656e-45,8.271591958914656e-45,8.271591958914656e-45,8.271591958914656e-45,8.271591958914656e-45,8.271591958914656e-45,8.271591958914656e-45,8.271591958914656e-45,8.271591958914656e-45,8.271591958914656e-45,8.271591958914656e-45,8.271591958914656e-45,8.271591958914656e-45,8.271591958914656e-45,8.271591958914656e-45,8.271591958914656e-45,8.271591958914656e-45,8.271591958914656e-45,8.271591958914656e-45,8.271591958914656e-45,8.271591958914656e-45,8.271591958914656e-45,8.271591958914656e-45,8.271591958914656e-45,8.271591958914656e-45,8.271591958914656e-45,8.271591958914656e-45,8.271591958914656e-45,8.271591958914656e-45,8.271591958914656e-45,8.271591958914656e-45,8.271591958914656e-45,8.271591958914656e-45,8.271591958914656e-45,8.271591958914656e-45,8.271591958914656e-45,8.271591958914656e-45,8.271591958914656e-45,8.271591958914656e-45,8.271591958914656e-45,8.271591958914656e-45,8.271591958914656e-45,8.271591958914656e-45,8.271591958914656e-45,8.271591958914656e-45,8.271591958914656e-45,8.271591958914656e-45,8.271591958914656e-45,8.271591958914656e-45,8.271591958914656e-45,8.271591958914656e-45,8.271591958914656e-45,8.271591958914656e-45,8.271591958914656e-45,8.271591958914656e-45,8.271591958914656e-45,8.271591958914656e-45,8.271591958914656e-45,8.271591958914656e-45,8.271591958914656e-45,8.271591958914656e-45,8.271591958914656e-45,8.271591958914656e-45,8.271591958914656e-45,8.271591958914656e-45,8.271591958914656e-45,8.271591958914656e-45,8.271591958914656e-45,8.271591958914656e-45,8.271591958914656e-45,8.271591958914656e-45,8.271591958914656e-45,8.271591958914656e-45,8.271591958914656e-45,8.271591958914656e-45,8.271591958914656e-45,8.271591958914656e-45,8.271591958914656e-45,8.271591958914656e-45,8.271591958914656e-45,8.271591958914656e-45,8.271591958914656e-45,8.271591958914656e-45,8.271591958914656e-45,8.271591958914656e-45,8.271591958914656e-45,8.271591958914656e-45,8.271591958914656e-45,8.271591958914656e-45,8.271591958914656e-45,8.271591958914656e-45,8.271591958914656e-45,8.271591958914656e-45,8.271591958914656e-45,8.271591958914656e-45,8.271591958914656e-45,8.271591958914656e-45,8.271591958914656e-45,8.271591958914656e-45,8.271591958914656e-45,8.271591958914656e-45,8.271591958914656e-45,8.271591958914656e-45,8.271591958914656e-45,8.271591958914656e-45,8.271591958914656e-45,8.271591958914656e-45,8.271591958914656e-45,8.271591958914656e-45,8.271591958914656e-45,8.271591958914656e-45,8.271591958914656e-45,8.271591958914656e-45,8.271591958914656e-45,8.271591958914656e-45,8.271591958914656e-45,8.271591958914656e-45,8.271591958914656e-45,8.271591958914656e-45,8.271591958914656e-45,8.271591958914656e-45,8.271591958914656e-45,8.271591958914656e-45,8.271591958914656e-45,8.271591958914656e-45,8.271591958914656e-45,8.271591958914656e-45,8.271591958914656e-45,8.271591958914656e-45,8.271591958914656e-45,8.271591958914656e-45,8.271591958914656e-45,8.271591958914656e-45,8.271591958914656e-45,8.271591958914656e-45,8.271591958914656e-45,8.271591958914656e-45,8.271591958914656e-45,8.271591958914656e-45,8.271591958914656e-45,8.271591958914656e-45,8.271591958914656e-45,8.271591958914656e-45,8.271591958914656e-45,8.271591958914656e-45,8.271591958914656e-45,8.271591958914656e-45,8.271591958914656e-45,8.271591958914656e-45,8.271591958914656e-45,8.271591958914656e-45,8.271591958914656e-45,8.271591958914656e-45,8.271591958914656e-45,8.271591958914656e-45,8.271591958914656e-45,8.271591958914656e-45,8.271591958914656e-45,8.271591958914656e-45,8.271591958914656e-45,8.271591958914656e-45,8.271591958914656e-45,8.271591958914656e-45,8.271591958914656e-45,8.271591958914656e-45,8.271591958914656e-45,8.271591958914656e-45,8.271591958914656e-45,8.271591958914656e-45,8.271591958914656e-45,8.271591958914656e-45,8.271591958914656e-45,8.271591958914656e-45,8.271591958914656e-45,8.271591958914656e-45,8.271591958914656e-45,8.271591958914656e-45,8.271591958914656e-45,8.271591958914656e-45,8.271591958914656e-45,8.271591958914656e-45,8.271591958914656e-45,8.271591958914656e-45,8.271591958914656e-45,8.271591958914656e-45,8.271591958914656e-45,8.271591958914656e-45,8.271591958914656e-45,8.271591958914656e-45,8.271591958914656e-45,8.271591958914656e-45,8.271591958914656e-45,8.271591958914656e-45,8.271591958914656e-45,8.271591958914656e-45,8.271591958914656e-45,8.271591958914656e-45,8.271591958914656e-45,8.271591958914656e-45,8.271591958914656e-45,8.271591958914656e-45,8.271591958914656e-45,8.271591958914656e-45,8.271591958914656e-45,8.271591958914656e-45,8.271591958914656e-45,8.271591958914656e-45,8.271591958914656e-45,8.271591958914656e-45,8.271591958914656e-45,8.271591958914656e-45,8.271591958914656e-45,8.271591958914656e-45,8.271591958914656e-45,8.271591958914656e-45,8.271591958914656e-45,8.271591958914656e-45,8.271591958914656e-45,8.271591958914656e-45,8.271591958914656e-45,8.271591958914656e-45,8.271591958914656e-45,8.271591958914656e-45,8.271591958914656e-45,8.271591958914656e-45,8.271591958914656e-45,8.271591958914656e-45,1.0552936870906685e-42,1.0552936870906685e-42,1.0552936870906685e-42,1.0552936870906685e-42,1.0552936870906685e-42,1.0552936870906685e-42,1.0552936870906685e-42,1.0552936870906685e-42,1.0552936870906685e-42,1.0552936870906685e-42,1.0552936870906685e-42,1.0552936870906685e-42,1.0552936870906685e-42,1.0552936870906685e-42,-3.36553575430893e-42,9.996488072919946e-42,9.996488072919946e-42,9.996488072919946e-42,9.996488072919946e-42,9.996488072919946e-42,9.996488072919946e-42,9.996488072919946e-42,9.996488072919946e-42,9.996488072919946e-42,9.996488072919946e-42,9.996488072919946e-42,9.996488072919946e-42,9.996488072919946e-42,9.996488072919946e-42,9.996488072919946e-42,9.996488072919946e-42,9.996488072919946e-42,9.996488072919946e-42,9.996488072919946e-42,9.996488072919946e-42,9.996488072919946e-42,-2.5597226500421877e-42,2.408699455140325e-47,2.408699455140325e-47,2.408699455140325e-47,2.408699455140325e-47,2.408699455140325e-47,2.4016116516919827e-41,2.4016116516919827e-41,2.4016116516919827e-41,2.4016116516919827e-41,2.4016116516919827e-41,2.4016116516919827e-41,2.4016116516919827e-41,2.4016116516919827e-41,2.4016116516919827e-41,3.235586529626831e-41,3.6521564488769935e-41,3.6521564488769935e-41,3.6521564488769935e-41,3.6521564488769935e-41,3.6521564488769935e-41,2.7739602860166654e-41,2.7739602860166654e-41,2.7739602860166654e-41,2.7739602860166654e-41,2.7739602860166654e-41,2.7739602860166654e-41,2.7739602860166654e-41,2.7739602860166654e-41,2.773960286016666e-41,2.7739602860166654e-41,2.773960286016665e-41,2.7739602860166654e-41,2.7739602860166644e-41,2.7739602860166654e-41,2.7739602860166644e-41,2.773960286016665e-41,2.773960286016664e-41,2.7739602860166644e-41,2.773960286016664e-41,2.773960286016663e-41,2.7739602860166634e-41,2.7739602860166634e-41,2.7739602860166634e-41,2.773960286016664e-41,2.7739602860166634e-41,2.773960286016664e-41,2.7739602860166644e-41,2.7739602860166644e-41,2.7739602860166644e-41,2.7739602860166654e-41,2.7739602860166644e-41,2.7739602860166644e-41,2.7739602860166634e-41,2.7739602860166634e-41,2.7739602860166634e-41,2.773960286016664e-41,2.773960286016664e-41,2.773960286016664e-41,2.7739602860166654e-41,2.7739602860166644e-41,2.773960286016664e-41,2.7739602860166634e-41,2.773960286016664e-41,2.7739602860166654e-41,2.7739602860166654e-41,2.773960286016665e-41,2.7739602860166654e-41,2.7739602860166654e-41,2.7739602860166654e-41,2.7739602860166654e-41,2.7739602860166654e-41,2.773960286016665e-41,2.7739602860166654e-41,2.773960286016664e-41,2.773960286016665e-41,2.7739602860166634e-41,2.773960286016665e-41,2.7739602860166644e-41,2.7739602860166654e-41,2.7739602860166644e-41,2.7739602860166644e-41,2.7739602860166644e-41,2.7739602860166634e-41,2.773960286016663e-41,2.773960286016664e-41,2.773960286016664e-41,2.773960286016662e-41,2.7739602860166624e-41,2.7739602860166624e-41,2.7739602860166624e-41,2.7739602860166624e-41,2.7739602860166614e-41,2.773960286016661e-41,2.773960286016661e-41,2.773960286016661e-41,2.7739602860166603e-41,2.7739602860166603e-41,2.773960286016661e-41,2.7739602860166614e-41,2.7739602860166624e-41,2.7739602860166624e-41,2.7739602860166624e-41,2.7739602860166634e-41,2.7739602860166634e-41,2.7739602860166634e-41,2.7739602860166634e-41,2.7739602860166634e-41,2.7739602860166634e-41,2.773960286016663e-41,2.773960286016664e-41,2.7739602860166624e-41,2.7739602860166634e-41,2.7739602860166634e-41,2.7739602860166634e-41,2.7739602860166634e-41,2.7739602860166634e-41,2.7739602860166634e-41,2.773960286016664e-41,2.7739602860166634e-41,2.773960286016663e-41,2.773960286016663e-41,2.7739602860166644e-41,2.773960286016664e-41,2.7739602860166644e-41,2.773960286016664e-41,2.7739602860166634e-41,2.7739602860166634e-41,2.773960286016664e-41,2.773960286016664e-41,2.7739602860166644e-41,2.7739602860166634e-41,2.773960286016664e-41,2.7739602860166634e-41,2.7739602860166654e-41,2.773960286016667e-41,2.7739602860166665e-41,2.7739602860166634e-41,2.7739602860166644e-41,2.7739602860166644e-41,2.7739602860166634e-41,2.7739602860166634e-41,2.7739602860166634e-41,2.7739602860166634e-41,2.7739602860166634e-41,2.773960286016665e-41,2.7739602860166644e-41,2.7739602860166644e-41,2.7739602860166654e-41,2.773960286016666e-41,2.7739602860166654e-41,2.773960286016664e-41,2.773960286016664e-41,2.773960286016664e-41,2.7739602860166634e-41,2.773960286016663e-41,2.773960286016664e-41,2.7739602860166644e-41,2.7739602860166644e-41,2.773960286016664e-41,2.7739602860166644e-41,2.7739602860166634e-41,2.7739602860166654e-41,2.7739602860166644e-41,2.773960286016664e-41,2.7739602860166644e-41,2.7739602860166654e-41,2.7739602860166644e-41,2.773960286016665e-41,2.773960286016664e-41,2.7739602860166644e-41,2.7739602860166644e-41,2.773960286016665e-41,2.773960286016664e-41,2.773960286016664e-41,2.7739602860166634e-41,2.7739602860166644e-41,2.7739602860166644e-41,2.7739602860166634e-41,2.7739602860166634e-41,2.773960286016663e-41,2.773960286016664e-41,2.773960286016664e-41,2.773960286016664e-41,2.7739602860166644e-41,2.7739602860166644e-41,2.773960286016664e-41,2.7739602860166634e-41,2.7739602860166634e-41,2.773960286016663e-41,2.7739602860166634e-41,2.773960286016664e-41,2.773960286016662e-41,2.773960286016661e-41,2.7739602860166614e-41,2.773960286016663e-41,2.7739602860166624e-41,2.773960286016663e-41,2.773960286016663e-41,2.7739602860166634e-41,2.7739602860166644e-41,2.773960286016664e-41,2.7739602860166634e-41,2.773960286016664e-41,2.7739602860166644e-41,2.773960286016664e-41,2.773960286016664e-41,2.7739602860166654e-41,2.773960286016666e-41,2.773960286016666e-41,2.773960286016666e-41,2.7739602860166654e-41,2.773960286016664e-41,2.7739602860166644e-41,2.7739602860166644e-41,2.773960286016663e-41,2.7739602860166644e-41,2.773960286016664e-41,2.773960286016664e-41,2.7739602860166644e-41,2.773960286016664e-41,2.773960286016664e-41,2.7739602860166644e-41,2.7739602860166644e-41,2.773960286016664e-41,2.773960286016664e-41,2.773960286016664e-41,2.7739602860166634e-41,2.7739602860166634e-41,2.7739602860166634e-41,2.773960286016664e-41,2.773960286016661e-41,2.773960286016661e-41,2.7739602860166603e-41,2.7739602860166614e-41,2.773960286016661e-41,2.773960286016662e-41,2.7739602860166624e-41,2.773960286016662e-41,2.7739602860166634e-41,2.773960286016663e-41,2.7739602860166624e-41,2.773960286016663e-41,2.773960286016663e-41,2.7739602860166634e-41,2.773960286016663e-41,2.773960286016662e-41,2.773960286016662e-41,2.7739602860166624e-41,2.7739602860166634e-41,2.773960286016664e-41,2.773960286016664e-41,2.7739602860166644e-41,2.7739602860166654e-41,2.7739602860166644e-41,2.7739602860166634e-41,2.7739602860166644e-41,2.7739602860166644e-41,2.7739602860166654e-41,2.773960286016664e-41,2.7739602860166634e-41,2.7739602860166634e-41,2.7739602860166634e-41,2.773960286016664e-41,2.7739602860166634e-41,2.7739602860166634e-41,2.773960286016663e-41,2.7739602860166624e-41,2.7739602860166624e-41,2.773960286016662e-41,2.773960286016663e-41,2.7739602860166624e-41,2.773960286016663e-41,2.773960286016663e-41,2.7739602860166634e-41,2.7739602860166634e-41,2.773960286016666e-41,2.773960286016666e-41,2.773960286016665e-41,2.7739602860166644e-41,2.7739602860166654e-41,2.7739602860166654e-41,2.773960286016665e-41,2.7739602860166654e-41,2.7739602860166644e-41,2.773960286016666e-41,2.7739602860166654e-41,2.7739602860166644e-41,2.7739602860166634e-41,2.7739602860166634e-41,2.7739602860166634e-41,2.7739602860166634e-41,2.773960286016664e-41,2.773960286016663e-41,2.7739602860166634e-41,2.773960286016663e-41,2.773960286016665e-41,2.773960286016665e-41,2.7739602860166644e-41,2.7739602860166644e-41,2.7739602860166665e-41,2.773960286016666e-41,2.7739602860166654e-41,2.773960286016664e-41,2.7739602860166634e-41,2.773960286016662e-41,2.7739602860166624e-41,2.7739602860166624e-41,2.7739602860166624e-41,2.773960286016663e-41,2.773960286016663e-41,2.773960286016663e-41,2.773960286016664e-41,2.7739602860166644e-41,2.7739602860166634e-41,2.7739602860166644e-41,2.773960286016664e-41,2.7739602860166675e-41,2.773960286016667e-41,2.7739602860166665e-41,2.7739602860166665e-41,2.7739602860166665e-41,2.7739602860166644e-41,2.7739602860166644e-41,2.7739602860166634e-41,2.7739602860166654e-41,2.7739602860166644e-41,2.773960286016664e-41,2.773960286016665e-41,2.773960286016662e-41,2.7739602860166624e-41,2.7739602860166624e-41,2.7739602860166634e-41,2.7739602860166634e-41,2.773960286016663e-41,2.773960286016663e-41,2.773960286016664e-41,2.7739602860166634e-41,2.7739602860166634e-41,2.7739602860166624e-41,2.773960286016661e-41,2.7739602860166603e-41,2.773960286016661e-41,2.773960286016662e-41,2.7739602860166624e-41,2.7739602860166624e-41,2.773960286016664e-41,2.7739602860166634e-41,2.773960286016661e-41,2.773960286016662e-41,2.773960286016663e-41,2.773960286016663e-41,2.7739602860166624e-41,2.773960286016663e-41,2.7739602860166634e-41,2.773960286016663e-41,2.773960286016663e-41,2.773960286016663e-41,2.7739602860166634e-41,2.7739602860166654e-41,2.773960286016666e-41,2.773960286016665e-41,2.7739602860166634e-41,2.7739602860166634e-41,2.773960286016664e-41,2.773960286016663e-41,2.773960286016667e-41,2.773960286016667e-41,2.773960286016666e-41,2.773960286016666e-41,2.773960286016666e-41,2.773960286016666e-41,2.7739602860166654e-41,2.7739602860166654e-41,2.773960286016664e-41,2.773960286016663e-41,2.7739602860166634e-41,2.773960286016662e-41,2.7739602860166624e-41,2.7739602860166624e-41,2.773960286016662e-41,2.773960286016662e-41,2.7739602860166603e-41,2.7739602860166603e-41,2.773960286016662e-41,2.773960286016661e-41,2.77396028601666e-41,2.773960286016664e-41,2.773960286016663e-41,2.7739602860166624e-41,2.773960286016664e-41,2.7739602860166634e-41,2.773960286016664e-41,2.7739602860166634e-41,2.7739602860166634e-41,2.773960286016663e-41,2.7739602860166634e-41,2.773960286016664e-41,2.773960286016664e-41,2.773960286016664e-41,2.773960286017622e-41,2.7739602860176203e-41,2.773960286017621e-41,2.773960286017622e-41,2.773960286017622e-41,2.7739602860176233e-41,2.773960286017623e-41,2.7739602860176274e-41,2.7739602860176274e-41,2.7739602860176274e-41,2.773960286017627e-41,2.773960286017628e-41,2.773960286017628e-41,2.7739602860176274e-41,2.773960286017628e-41,2.773960286017627e-41,2.7739602860176335e-41,2.773960286017634e-41,2.7739602860176346e-41,2.7739602860176335e-41,2.773960286017644e-41,2.7739602860176427e-41,2.773960286017643e-41,2.773960286017641e-41,2.773960286017643e-41,2.7739602860176437e-41,2.7739602860176463e-41,2.773960286017644e-41,2.7739602860176473e-41,2.773960286017649e-41,2.7739602860176534e-41,2.7739602860176544e-41,2.773960286017654e-41,2.773960286017654e-41,2.773960286017653e-41,2.773960286017653e-41,2.773960286017653e-41,2.7739602860176524e-41,2.7739602860176524e-41,2.773960286017653e-41,2.773960286017652e-41,2.7739602860176504e-41,2.773960286017647e-41,2.7739602860176483e-41,2.7739602860176504e-41,2.77396028601765e-41,2.773960286017649e-41,2.7739602860176493e-41,2.773960286017651e-41,2.773960286017653e-41,2.7739602860176534e-41,2.7739602860176534e-41,2.7739602860176534e-41,2.773960286017652e-41,2.7739602860176534e-41,2.7739602860176544e-41,2.773960286017651e-41,2.773960286017651e-41,2.773960286017652e-41,2.773960286017651e-41,2.773960286017651e-41,2.773960286017651e-41,2.7739602860176504e-41,2.7739602860176504e-41,2.7739602860176493e-41,2.77396028601765e-41,2.7739602860176504e-41,2.77396028601765e-41,2.7739602860176493e-41,2.7739602860176493e-41,2.7739602860176473e-41,2.7739602860176473e-41,2.7739602860176473e-41,2.7739602860514066e-41,2.77396028605141e-41,2.773960286051416e-41,2.773960286051416e-41,2.7739602860514137e-41,2.773960286051416e-41,2.7739602860514107e-41,2.7739602860514117e-41,2.7739602860514076e-41,2.773960286051405e-41,2.7739602860514056e-41,2.7739602860514035e-41,2.7739602860514035e-41,2.7739602860514035e-41,2.773960286051405e-41,2.7739602859433475e-41,2.773960285943347e-41,2.773960285943347e-41,2.7739602859433455e-41,2.773960285943348e-41,2.7739602859433175e-41,2.7739602859433185e-41,2.7739602859433185e-41,2.7739602859433175e-41,2.7739602859433175e-41,2.7739602859433164e-41,2.7739602859433175e-41,2.773960285943315e-41,2.7739602859433144e-41,2.7739602859433144e-41,2.773960285943315e-41,2.7739602859433144e-41,2.7739602859432706e-41,2.77396028594327e-41,2.773960285943271e-41,2.7739602859432695e-41,2.773960285943271e-41,2.77396028594327e-41,2.7739602859432736e-41,2.773960285943271e-41,2.7739602859432716e-41,2.773960285943271e-41,2.77396028594327e-41,2.7739602859432695e-41,2.773960285943266e-41,2.7739602859432655e-41,2.7739602858560563e-41,2.773960285856057e-41,2.773960285856057e-41,2.7739602858560563e-41,2.773960285856057e-41,2.7739602858560517e-41,2.773960285856054e-41,2.773960285856058e-41,2.7739602858560594e-41,2.773960285856058e-41,2.7739602858560583e-41,2.7739602858560563e-41,2.7739602858560563e-41,2.773960285856058e-41,2.7739602858560573e-41,2.7739602858560573e-41,2.773960285856057e-41,2.7739602858560573e-41,2.7739602858560583e-41,2.7739602858560563e-41,2.7739602858560573e-41,2.7739602858560665e-41,2.773960285856065e-41,2.7739602858560655e-41,2.7739602858560655e-41,2.7739602858560655e-41,2.7739602858560675e-41,2.773960285856075e-41,2.773960285856078e-41,2.773960285856074e-41,2.7739602858560833e-41,2.773960285856082e-41,2.7739602858560843e-41,2.7739602858560823e-41,2.7739602858560823e-41,2.7739602858560823e-41,2.773960275536383e-41,2.773960275536382e-41,2.773960275536381e-41,2.773960275536386e-41,2.773960275536386e-41,2.773960275536386e-41,2.7739602755363867e-41,2.7739602755363846e-41,2.7739602755363846e-41,2.773960275536388e-41,2.773960275536384e-41,2.773960275536384e-41,2.773960275536385e-41,2.7739602755363846e-41,2.7739602755363846e-41,2.7739602755363836e-41,2.773960275536384e-41,2.773960275536384e-41,2.773960275536384e-41,2.7739602755363816e-41,2.773960275536381e-41,2.7739602755363846e-41,2.7739602755363846e-41,2.773960275536386e-41,2.7739602755363836e-41,2.7739602755363836e-41,2.7739593844289355e-41,2.7739593844289315e-41,2.773959384428924e-41,2.7739593830583004e-41,2.7739592287487767e-41,2.773959228748773e-41,2.7739592287487747e-41,2.773959228748648e-41,2.7739592287486554e-41,2.773959228748654e-41,2.7739592287486656e-41,2.7739592287486666e-41,2.773959228748679e-41,2.773959873364117e-41,2.773959873364116e-41,2.7739598733641235e-41,2.7739598733500365e-41,2.7739598733500574e-41,2.77395986797649e-41,2.7739598679764936e-41,2.7739598679764936e-41,-3.463952006121306e-39,-4.027380048194276e-52,2.501587060971582e-45,2.501587055415723e-45,2.5015870634738182e-45,2.562120585725407e-45,1.529289518884595e-40,1.2981749464128037e-40,1.8658123171605977e-40,1.8657615174054127e-40,1.8657607150295825e-40,-9.158964141398833e-33,-4.8177525128051135e-43,5.864937867929339e-63,8.122027891811986e-44,-7.176989400365428e-33,-9.661465974566298e-31,-3.260100186851104e-42,7.480596506006694e-43,-4.85319763375825e-30,-1.0456820181186055e-30,-1.6966842589272624e-32,-1.5140114715479664e-39,-1.8756415795657496e-33,-6.487483729065889e-42,-8.706030286540689e-32,1.2088800848568533e-45,2.8775062076623086e-41,1.991342171741433e-32,6.606761782135793e-30,6.606477940263948e-30,9.227184681615669e-30,9.229001796772215e-30,-5.7802919037445e-28,-5.452504674133402e-32,4.23874218716036e-33,4.239180959712397e-33,-3.088029355801798e-26,-2.9469263901267624e-32,-1.6625557744565467e-31,-8.809369584977113e-32,3.61795134295558e-27,3.6179513429555646e-27,3.617951342955568e-27,3.6179513430095905e-27,3.59583109148969e-27,3.595831091489659e-27,3.5958314833584004e-27,3.5911806254772895e-27,3.5919618569741424e-27,-5.461867336346457e-26,-4.32445219458231e-29,-3.427624993145212e-27,3.9936203217973583e-28,3.902739692521901e-28,2.1306083828810504e-27,6.917856135972026e-26,6.917856114529404e-26,7.05690116885227e-26,7.228280596888136e-26,7.228202935431453e-26,7.228202954800273e-26,7.2276866268124e-26,5.722567532900143e-26,5.394864360807223e-26,5.648720781903828e-26,5.648720781902588e-26,5.859669898301092e-26,5.86068220915225e-26,5.239222312592704e-26,2.2247949678076972e-26,1.9260617065566547e-26,1.951782068174476e-26,2.078869047533817e-26,2.0889881659835062e-26,2.0807136028141353e-26,2.060765299913397e-26,2.072875346098485e-26,2.2762550778862572e-26,2.2758607516312406e-26,2.872639185721001e-26,2.856149621481185e-26,2.8594534452897964e-26,2.862682833648796e-26,2.893250482704175e-26,2.8939898023502586e-26,2.900047712935135e-26,2.897930451541632e-26,2.9063534102404945e-26,2.9063542500693846e-26,2.9065981045806155e-26,2.9011852191740137e-26,2.901186981061835e-26,2.901055421505582e-26,2.901004751766033e-26,2.9010152965496155e-26,2.911241211883921e-26,2.911241211883903e-26,2.911241211882622e-26,2.9112536853515425e-26,2.9112536720533913e-26,2.9112539605396815e-26,2.911253918084032e-26,2.9112539312205824e-26,2.9112540345097654e-26,2.9112494198126673e-26,2.911249679123878e-26,2.911249680749071e-26,2.911254697947633e-26,2.9112547005859943e-26,2.9112547004599673e-26,2.9112547002361e-26,2.91125470057547e-26,2.9112547004542666e-26,2.911217472856458e-26,2.91121747285644e-26,2.911217469352675e-26,2.911217469320314e-26,2.911217470631731e-26,2.911217470351503e-26,2.9112174730251404e-26,2.911217478667282e-26,2.91121747869658e-26,2.9112174749348687e-26,2.911217453794274e-26,2.91121745383256e-26,2.9112174534180886e-26,2.9112174532327915e-26,2.9112174376054964e-26,2.911217491000671e-26,2.9112174924669365e-26,2.911217398140721e-26,2.911217495977332e-26,2.9112347326971277e-26,2.911235369231926e-26,2.9112352423972306e-26,2.911234846990223e-26,2.911234846674332e-26,2.9112357606928443e-26,2.911246892246756e-26,2.9110669042801814e-26,2.911066138311781e-26,2.9111044533983513e-26,2.910860569551787e-26,2.910860103592685e-26,2.91085776147483e-26,2.910878692009224e-26,2.911206539291239e-26,2.909368403898856e-26,2.9094225549621356e-26,2.9094245629896266e-26,2.909391971907614e-26,2.909808312150494e-26,2.909810834027085e-26,2.9097941390964345e-26,2.909737436942143e-26,2.909740131699741e-26,2.9097426580122937e-26,2.909894855137449e-26,2.9098997889846605e-26,2.9100801587275393e-26,2.910080063158984e-26,2.9100800631599514e-26,2.91007973216665e-26,2.908839027291755e-26,2.908776847317713e-26,2.90877780800922e-26,2.908778782746109e-26,2.9095595905073864e-26,2.9095595412497346e-26,2.9095615821296667e-26,2.909706647893222e-26,2.9097066154160914e-26,2.909704709708027e-26,2.909700996741579e-26,2.9098643803553827e-26,2.909864686236965e-26,2.9098695395355597e-26,2.9100205259517674e-26,2.910020556736183e-26,2.907628579663664e-26,2.907728420299233e-26,2.907734583659156e-26,2.9095570723966997e-26,2.9095770901932435e-26,2.909807098162693e-26,2.9105351750582524e-26,2.9110658108219656e-26,2.9110574716490157e-26,2.909977064629114e-26,2.979796652197576e-26,2.979782291979798e-26,2.979692030587291e-26,2.9796915339509626e-26,2.97968802338073e-26,3.0415388654742324e-26,3.043069855273624e-26,3.0435037005220107e-26,3.043504718612979e-26,2.332133687820355e-26,2.331371344554397e-26,2.3313767796483265e-26,2.335262929727526e-26,2.3352209356782016e-26,2.33521974751678e-26,2.3465154565850176e-26,2.34654911884838e-26,2.3465496835414343e-26,2.3477804027835865e-26,2.3418843377969505e-26,2.3420206930660342e-26,2.3438013716171727e-26,2.343803317983541e-26,2.3434410624187212e-26,2.3434391613933376e-26,2.3434419934535004e-26,2.343425323684746e-26,2.343423418761755e-26,2.3434376871552597e-26,2.3434370583337526e-26,2.344281667679576e-26,2.3442688963052632e-26,2.3442803155822384e-26,2.3442374670724792e-26,2.3442343134869787e-26,-3.289656684192941e-27,-6.831122868999051e-32,-4.7227267489761065e-30,-8.45463758588816e-31,-1.8150262332452354e-29,-3.398254534348584e-29,-6.825642822875864e-31,6.2399934154137765e-28,6.242726341731373e-28,6.242031616759728e-28,6.24203956954608e-28,-2.09471315942914e-27,6.784901151453652e-32,4.6201829836691075e-31,5.048097941824398e-31,5.634834831038246e-31,5.177235090449588e-31,-1.7900417968313115e-30,3.4424503982490315e-32,-1.4368594841374002e-28,9.566874284550949e-31,-9.830336503453226e-30,9.739479783863889e-30,9.632973861762445e-30,9.718440236718661e-30,-2.6253484186652913e-28,1.8144113513068808e-29,3.68428915416635e-30,3.7713500489905106e-30,3.012637256326848e-30,3.1113908705434413e-30,2.402113436793222e-29,2.4036132789735153e-29,2.5522225976339605e-29,1.7748621415526633e-28,1.770555810081107e-28,1.6930047875707832e-28,2.1465203234116996e-28,2.1462287282798733e-28,-2.1092017835090972e-26,1.406686924134946e-29,-7.256775749728084e-26,1.4050686398681205e-31,1.1258581137506892e-30,1.1054280638464894e-30,1.0932068758448728e-30,6.024883952911398e-30,9.457311290409827e-29,9.495474350621739e-29,6.367482051506474e-29,6.356750086162964e-29,6.722454910809219e-29,6.575319246844408e-29,6.578842144773589e-29,6.553934744666156e-29,7.661753806742907e-29,1.9841419381960098e-28,2.0003051200530562e-28,3.1006148549663938e-28,5.756451322770779e-28,7.177562903478057e-28,7.209675446731006e-28,7.2060639602571345e-28,-1.5966100890716328e-26,2.5469162019695514e-32,4.501900807865182e-31,4.725099317248177e-31,1.0233221113204488e-30,7.027608197958561e-29,4.710582678945254e-29,4.387489024493952e-29,4.443611395021256e-29,1.2712621871520422e-29,1.3376398105100605e-29,5.834227418089874e-25,5.834227418089866e-25,5.8342274180898515e-25,5.83422741808985e-25,5.834227418089833e-25,5.834227418089837e-25,5.834227418089796e-25,5.83422741808987e-25,5.83422741808987e-25,5.834227418089934e-25,5.834227418089893e-25,5.834227418089896e-25,5.834227418089909e-25,5.834227418089907e-25,5.834227418089918e-25,5.834227418089886e-25,5.834227418089821e-25,5.834227418089814e-25,5.834227418089772e-25,5.834227418089779e-25,5.834227418089773e-25,5.8342274180897735e-25,5.8342274180897735e-25,5.8342274180897735e-25,5.834227418089766e-25,5.8342274180897615e-25,5.834227418089692e-25,5.834227418089743e-25,5.834227418089762e-25,5.834227418089674e-25,5.834227418089637e-25,5.834227418089597e-25,5.834227418089636e-25,5.834227418089639e-25,5.83422741808968e-25,5.834227418089676e-25,5.834227418089673e-25,5.834227418089809e-25,5.834227418089724e-25,5.834227418089723e-25,5.834227418089719e-25,5.834227418089719e-25,5.834227418089718e-25,5.834227418089717e-25,5.834227418089699e-25,5.834227418089682e-25,5.83422741808967e-25,5.834227418089648e-25,5.83422741808959e-25,5.834227418089537e-25,5.83422741808954e-25,5.8342274180895485e-25,5.834227418089548e-25,5.834227418089545e-25,5.834227418089531e-25,5.834227418089536e-25,5.8342274180895365e-25,5.834227418089543e-25,5.834227418089543e-25,5.834227418089545e-25,5.834227418089545e-25,5.834227418089544e-25,5.834227418089546e-25,5.834227418089544e-25,5.834227418089543e-25,5.834227418089538e-25,5.834227418089542e-25,5.834227418089542e-25,5.8342274180895485e-25,5.8342274180895485e-25,5.834227418089555e-25,5.834227418089554e-25,5.83422741808956e-25,5.834227418089574e-25,5.834227418089588e-25,5.834227418089571e-25,5.83422741808957e-25,5.8342274180896045e-25,5.834227418089603e-25,5.834227418089601e-25,5.834227418089595e-25,5.834227418089594e-25,5.834227418089591e-25,5.834227418089592e-25,5.834227418089591e-25,5.834227418089593e-25,5.834227418089593e-25,5.834227418089597e-25,5.834227418089588e-25,5.834227418089586e-25,5.834227418089587e-25,5.834227418089587e-25,5.834227418089583e-25,5.834227418089586e-25,5.834227418089588e-25,5.834227418089587e-25,5.834227418089588e-25,5.834227418089589e-25,5.834227418089589e-25,5.834227418089588e-25,5.834227418089587e-25,5.834227418089588e-25,5.834227418089587e-25,5.834227418089589e-25,5.834227418089593e-25,5.8342274180895935e-25,5.834380055152426e-25,5.83522668503644e-25,5.835227397806447e-25,5.8358427081506605e-25,5.835774329156177e-25,5.835720597596343e-25,5.836485644245151e-25,5.83582117031018e-25,5.781093392952465e-25,5.777769126072693e-25,5.77215499665384e-25,5.772383678426542e-25,5.774891331691811e-25,5.775061970482516e-25,5.774497904251706e-25,5.775511537420942e-25,5.775511537538568e-25,5.711383731808193e-25,5.71146581296231e-25,5.711478484489523e-25,5.699662277398141e-25,5.691337972769922e-25,5.691337972770019e-25,5.691337972770059e-25,5.691337972770025e-25,5.691337972770025e-25,5.691337972750418e-25,5.691337972750434e-25,5.691337972750441e-25,5.691337972750145e-25,5.69133797275066e-25,5.691337972505662e-25,5.691337972505421e-25,5.6913379725055295e-25,5.691337972505526e-25,5.691337972505503e-25,5.691337972505501e-25,5.691337972505487e-25,5.691337972505856e-25,5.691337972505857e-25,5.6913379725058215e-25,5.691337972505815e-25,5.691337972505814e-25,5.691337972505819e-25,5.691337972505515e-25,5.691337972505406e-25,5.691337972502451e-25,5.691337972502446e-25,5.691337972501655e-25,5.691337972501675e-25,5.6913379725016595e-25,5.691337972499005e-25,5.691337972498952e-25,5.691337972498417e-25,5.691337972498531e-25,5.691337972498514e-25,5.691337972498518e-25,5.691337972498537e-25,5.691337972498538e-25,5.691337972498327e-25,5.691337972498387e-25,5.691337972498538e-25,5.691337972498318e-25,5.691337972498385e-25,5.69133797249834e-25,5.691337972498747e-25,5.691337972498192e-25,5.691337972498128e-25,5.691337972495103e-25,5.691337972496489e-25,5.691337972475527e-25,5.69133797247578e-25,5.691337972478297e-25,5.691337972479582e-25,5.691337972479997e-25,5.691337972480011e-25,5.691337972480012e-25,5.691337972480024e-25,5.691337972480025e-25,5.691337972633469e-25,5.691337972633569e-25,5.691337972633582e-25,5.691337972633624e-25,5.691337972632952e-25,5.691337972632982e-25,5.691337972632903e-25,5.691337972630161e-25,5.691337972630095e-25,5.691337972630096e-25,5.691337972630096e-25,5.691337972630128e-25,5.69133797263014e-25,5.691337972630149e-25,5.691337972630797e-25,5.691337972631365e-25,5.691337972631366e-25,5.691337972631134e-25,5.691337972631145e-25,5.691337972631182e-25,5.69133797263118e-25,5.691337972631177e-25,5.6913379726312155e-25,5.691337972631196e-25,5.691337972631199e-25,5.691337972632067e-25,5.69133797263207e-25,5.69133797263208e-25,5.69133797263198e-25,5.691337972631979e-25,5.69133797263214e-25,5.691337972632141e-25,5.691337972632254e-25,5.691337972632084e-25,5.691337972632084e-25,5.691337972632031e-25,5.691337972632038e-25,5.691337972632032e-25,5.691337972632045e-25,5.691337972632045e-25,5.691337972632075e-25,5.69133797263209e-25,5.691337972632254e-25,5.691337972632119e-25,5.691337972632101e-25,5.691337972632071e-25,5.691337972587999e-25,5.691337970286466e-25,5.691337970286022e-25,5.691337970194137e-25,5.69133797019156e-25,5.691337970191119e-25,5.691337970191108e-25,5.691337970191109e-25,5.691337970094222e-25,5.691337970094327e-25,5.691337970092812e-25,5.69133797009281e-25,5.69133797009282e-25,5.691337970092346e-25,5.6913379700923e-25,5.691337970092301e-25,5.691337970092303e-25,5.691337970091354e-25,5.6913379700913405e-25,5.691337970090989e-25,5.69133797009099e-25,5.691337970090974e-25,5.691337970091035e-25,5.691337970090968e-25,5.691337970090968e-25,5.691337970090961e-25,5.69133797009096e-25,5.6913379700909585e-25,5.691337970090918e-25,5.691337970091169e-25,5.691337970091169e-25,5.691337970086323e-25,5.691337970086214e-25,5.691337970086013e-25,5.691337970085954e-25,5.691337970086104e-25,5.691337970086087e-25,5.691337970086183e-25,5.691337970086091e-25,5.691337970086078e-25,5.691337970086123e-25,5.691337970086101e-25,5.691337970086108e-25,5.691337970086113e-25,5.691337970086122e-25,5.6913379700861215e-25,5.691337970085992e-25,5.69133797008599e-25,5.691337970086027e-25,5.691337970085999e-25,5.691337970086003e-25,5.691337970085993e-25,5.691337970085999e-25,5.69133797009045e-25,5.691337970090436e-25,5.691337970090493e-25,5.691337970090469e-25,5.691337970089645e-25,5.691337970089657e-25,5.691337970089665e-25,5.6913379700893045e-25,5.6913379700892825e-25,5.691337970089397e-25,5.691337970089285e-25,5.6913379700892595e-25,5.691337970089254e-25,5.691337970089256e-25,5.691337970088728e-25,5.691337970088895e-25,5.6913379700888885e-25,5.691337970088722e-25,5.6913379700887195e-25,5.691337970087498e-25,5.691337970082366e-25,5.691337970083604e-25,5.691337970083578e-25,5.691337970083792e-25,5.6913379700838605e-25,5.69133797008387e-25,5.691337970083596e-25,5.691337970083622e-25,5.691337970079183e-25,5.691337970079372e-25,5.691337970826024e-25,5.6913379708262375e-25,5.691337970667564e-25,5.691337970841962e-25,5.691337970841961e-25,5.691337973612241e-25,5.6913379736122225e-25,5.691337973599282e-25,5.691337973599413e-25,5.691337973599343e-25,5.691337973599025e-25,5.691337973600238e-25,5.6913379736002545e-25,5.691337973600254e-25,5.69133797360227e-25,5.691337973602269e-25,5.691337973602268e-25,5.691337973602269e-25,5.691337973602269e-25,5.691337973602318e-25,5.691337973546098e-25,5.691337973546116e-25,5.691337973546118e-25,5.691337973546118e-25,5.691337972496201e-25,5.691337972496575e-25,5.6913379724966885e-25,5.691337972496752e-25,5.691337972496796e-25,5.691337972496789e-25,5.691337972496778e-25,5.691337972496782e-25,5.691337972496631e-25,5.691337972496614e-25,5.691337972496684e-25,5.691337972496422e-25,5.6913379724962495e-25,5.691337972498227e-25,5.691337972498126e-25,5.691337972497943e-25,5.691337972497892e-25,5.691337972497893e-25,5.691337972497858e-25,5.691337972497817e-25,5.691337972497778e-25,5.6913379696941345e-25,5.691337969694022e-25,5.691337969694026e-25,5.691337969694926e-25,5.6913379696949335e-25,5.691337969694974e-25,5.691337969694979e-25,5.691337969694842e-25,5.691337969694773e-25,5.691337969694292e-25,5.691337969694286e-25,5.691337969694205e-25,5.691337969694132e-25,5.6913379696941795e-25,5.691337969694179e-25,5.69133796969415e-25,5.691337969694238e-25,5.691337969694301e-25,5.691337969693649e-25,5.691337969693643e-25,5.691337969693671e-25,5.691337969693658e-25,5.691337969693668e-25,5.69133796969369e-25,5.691337969693723e-25,5.691337969693688e-25,5.691337969693687e-25,5.691337969692792e-25,5.691337969691954e-25,5.691337969691955e-25,5.691337969691954e-25,5.691337969694369e-25,5.691337969694334e-25,5.691337969694337e-25,5.691337969694334e-25,5.691337969694335e-25,5.691337969694334e-25,5.691337969694407e-25,5.6913379696943485e-25,5.6913379696943485e-25,5.6913379696945735e-25,5.691337969694569e-25,5.691337969694549e-25,5.691337969697192e-25,5.691337969697193e-25,5.691337969697043e-25,5.691337969696761e-25,5.691337969696762e-25,5.691337969696762e-25,5.691337969696774e-25,5.691337969696638e-25,5.691337969696639e-25,5.69133796969664e-25,5.691337969696581e-25,5.691337969697979e-25,5.691337969697947e-25,5.691337969697949e-25,5.691337969698035e-25,5.691337969698037e-25,5.6913379696980375e-25,5.6913379696982e-25,5.691337969698447e-25,5.691337969699405e-25,5.691337969699163e-25,5.691337969699415e-25,5.691337969699417e-25,5.691337969699417e-25,5.691337969699397e-25,5.691337969699403e-25,5.6913379696993985e-25,5.691337969698995e-25,5.691337969698808e-25,5.691337969698807e-25,5.691337969698538e-25,5.691337969699828e-25,5.69133796969983e-25,5.691337969699957e-25,5.691337969699958e-25,5.691337969702294e-25,5.691337969702296e-25,5.691337969702289e-25,5.691337969702219e-25,5.691337969700702e-25,5.691337969701868e-25,5.691337969701839e-25,5.691337969701276e-25,5.691337969701552e-25,5.691337969701552e-25,5.6913379697014685e-25,5.6913379697014685e-25,5.691337969699019e-25,5.691337969699343e-25,5.691337969697683e-25,5.691337969913256e-25,5.691337969913215e-25,5.691337969913215e-25,5.691337969913296e-25,5.691337969913043e-25,5.691337969913044e-25,5.691337969912973e-25,5.691337969913314e-25,5.69133796991345e-25,5.691337969913448e-25,5.691337969913489e-25,5.691337969913479e-25,5.691337969913481e-25,5.6913379699134735e-25,5.691337969913429e-25,5.691337969912606e-25,5.691337911746829e-25,5.69133791174675e-25,5.691337911746759e-25,5.691337911746763e-25,5.69133791175751e-25,5.691337911758116e-25,5.6913379117577235e-25,5.691337804887002e-25,5.691337804886951e-25,5.691337804886766e-25,5.691337804848911e-25,5.6913378048506725e-25,5.691337804861034e-25,5.691337804861034e-25,5.691337804798267e-25,5.691337804861607e-25,5.691337804861609e-25,5.691337804859222e-25,5.6913378048593895e-25,5.691337804861517e-25,5.6913378049893845e-25,5.691337805136572e-25,5.691337805136544e-25,5.691337805127721e-25,5.691337805127214e-25,5.691337805075702e-25,5.691337805075699e-25,5.691337805075539e-25,5.691337805049666e-25,5.691337803674443e-25,5.691337805060742e-25,5.691337805069714e-25,5.691337805072558e-25,5.691337805063307e-25,5.691337805064339e-25,5.691337805073326e-25,5.691337805082327e-25,5.691337805083105e-25,5.691337805083236e-25,5.691337805083142e-25,5.691337805083126e-25,5.691337805082766e-25,5.691337805082775e-25,5.691337805082776e-25,5.691337805117098e-25,5.691337805116718e-25,5.69133780511724e-25,5.691337805121743e-25,5.691337805120645e-25,5.691337805120644e-25,5.691337805121467e-25,5.691337805121369e-25,5.691337805121364e-25,5.691337805121353e-25,5.691337805121364e-25,5.6913378051230685e-25,5.691337805123071e-25,5.691337805123074e-25,5.691337805123091e-25,5.691337805123013e-25,5.691337805123016e-25,5.691337805123012e-25,5.691337805123022e-25,5.691337805122997e-25,5.691337805123005e-25,5.691337805123006e-25,5.691337805123007e-25,5.691337805123199e-25,5.69133780512321e-25,5.691337805122245e-25,5.691337805122319e-25,5.69133780512231e-25,5.691337805122495e-25,5.691337804890223e-25,5.69133780489021e-25,5.69133780489026e-25,5.69133780489015e-25,5.6913378048898e-25,5.691337804890348e-25,5.691337804889908e-25,5.691337804890097e-25,5.691337804890076e-25,5.691337804890432e-25,5.691337804891118e-25,5.6913378048911205e-25,5.691337804891428e-25,5.691337804890876e-25,5.691337804897865e-25,5.691337804897868e-25,5.691337804900029e-25,5.6913378048999395e-25,5.6913378049084425e-25,5.691337804908441e-25,5.691337804908467e-25,5.691337804908411e-25,5.6913378049084085e-25,5.6913378049084085e-25,5.691337804908448e-25,5.691337804908449e-25,5.691337804908443e-25,5.69133780490844e-25,5.691337804908439e-25,5.691337804908326e-25,5.691337804908337e-25,5.691337804908324e-25,5.691337804908453e-25,5.691337804908705e-25,5.691337804908705e-25,5.691337804908674e-25,5.691337804908668e-25,5.691337804908592e-25,5.691337804908576e-25,5.691337804908743e-25,5.691337804908744e-25,5.691337804908149e-25,5.691337804907653e-25,5.691337804907671e-25,5.69133780490761e-25,5.691337804907181e-25,5.691337804906094e-25,5.691337804906092e-25,5.691337804906097e-25,5.691337804906168e-25,5.691337804906168e-25,5.691337804906166e-25,5.691337804906167e-25,5.691337804906169e-25,5.691337804906163e-25,5.691337804906173e-25,5.691337804906219e-25,5.691337804906218e-25,5.691337804906206e-25,5.691337804906204e-25,5.691337804906206e-25,5.691337804906226e-25,5.691337804906283e-25,5.691337804906286e-25,5.691337804906254e-25,5.691337804906265e-25,5.691337804906235e-25,5.691337804906247e-25,5.691337804906241e-25,5.691337804906244e-25,5.691337804906239e-25,5.691337804906243e-25,5.691337804906243e-25,5.691337804906243e-25,5.691337804906241e-25,5.691337804906238e-25,5.691337804906244e-25,5.691337804906241e-25,5.691337804906238e-25,5.6913378049062385e-25,5.691337804906156e-25,5.6913378049061595e-25,5.691337804905304e-25,5.691337804905304e-25,5.691337804905308e-25,5.6913378049055295e-25,5.691337804905583e-25,5.69133780490578e-25,5.691337804905656e-25,5.69133780490918e-25,5.691337804909191e-25,5.691337804909307e-25,5.691337804909494e-25,5.691337804910169e-25,5.691337804911039e-25,5.691337804910986e-25,5.691337804910425e-25,5.691337804910557e-25,5.69133780491046e-25,5.691337804910566e-25,5.691337804910587e-25,5.691337804910564e-25,5.691337804910648e-25,5.691337804910649e-25,5.691337804910839e-25,5.691337804910839e-25,5.691337804910604e-25,5.691337804910606e-25,5.69133780491066e-25,5.691337804910452e-25,5.69133780491036e-25,5.691337804910532e-25,5.691337804910545e-25,5.691337804910534e-25,5.6913378049105575e-25,5.691337804910535e-25,5.691337804910421e-25,5.6913378049103885e-25,5.691337804910266e-25,5.691337804910289e-25,5.691337804910364e-25,5.691337804910294e-25,5.691337804910401e-25,5.691337804910481e-25,5.691337804910475e-25,5.691337804910354e-25,5.691337804910354e-25,5.6913378049102875e-25,5.6913378049101415e-25,5.6913378049101865e-25,5.6913378049104565e-25,5.691337804910459e-25,5.691337804910407e-25,5.6913378049104445e-25,5.691337804910137e-25,5.691337804909913e-25,5.691337804910023e-25,5.691337804910022e-25,5.691337804910022e-25,5.691337804909816e-25,5.691337804909802e-25,5.691337804909664e-25,5.69133780490966e-25,5.691337804909737e-25,5.691337804909735e-25,5.691337804909913e-25,5.69133780490962e-25,5.6913378049096235e-25,5.691337804909643e-25,5.691337804909644e-25,5.69133780490965e-25,5.691337804909656e-25,5.691337804909704e-25,5.691337804909697e-25,5.691337804909695e-25,5.691337804909699e-25,5.691337804909695e-25,5.691337804910155e-25,5.691337804910156e-25,5.691337804910117e-25,5.691337804910116e-25,5.691337804910121e-25,5.691337804910119e-25,5.691337804910121e-25,5.691337804910121e-25,5.69133780491013e-25,5.69133780491008e-25,5.691337804910251e-25,5.691337804909945e-25,5.69133780490995e-25,5.691337804909886e-25,5.691337804909887e-25,5.691337804909811e-25,5.691337804909721e-25,5.691337804909807e-25,5.69133780491014e-25,5.691337804910006e-25,5.691337804909999e-25,5.69133780490999e-25,5.691337804909988e-25,5.6913378049099725e-25,5.6913378049099835e-25,5.691337804909982e-25,5.691337804909929e-25,5.691337804909907e-25,5.691337804909928e-25,5.691337804909855e-25,5.691337804909928e-25,5.691337804909805e-25,5.691337804909824e-25,5.691337804909807e-25,5.691337804909788e-25,5.691337804909827e-25,5.6913378049098265e-25,5.691337804909894e-25,5.691337804909896e-25,5.691337804909894e-25,5.691337804909902e-25,5.691337804909947e-25,5.691337804909948e-25,5.6913378049099495e-25,5.691337804909953e-25,5.6913378049099615e-25,5.691337804909959e-25,5.691337804910477e-25,5.691337804910489e-25,5.691337804910369e-25,5.6913378049103775e-25,5.69133780491039e-25,5.691337804910443e-25,5.691337804910442e-25,5.6913378049105345e-25,5.691337804910532e-25,5.69133780491025e-25,5.691337804910246e-25,5.691337804910428e-25,5.691337804910389e-25,5.691337804910401e-25,5.691337804910389e-25,5.69133780491039e-25,5.691337804910388e-25,5.691337804910389e-25,5.69133780491039e-25,5.691337804910385e-25,5.691337804910398e-25,5.691337804910401e-25,5.691337804910401e-25,5.691337804910481e-25,5.69133780491048e-25,5.69133780491051e-25,5.691337804910512e-25,5.691337804910501e-25,5.6913378049105e-25,5.691337804910497e-25,5.6913378049105015e-25,5.691337804910496e-25,5.691337804910451e-25,5.691337804910446e-25,5.691337804910445e-25,5.691337804910445e-25,5.691337804910442e-25,5.691337804910435e-25,5.691337804910381e-25,5.6913378049103885e-25,5.691337804910343e-25,5.69133780491034e-25,5.691337804910354e-25,5.691337804910368e-25,5.691337804910355e-25,5.69133780491035e-25,5.691337804910385e-25,5.691337804910362e-25,5.691337804910356e-25,5.691337804910346e-25,5.691337804910338e-25,5.691337804910333e-25,5.691337804910332e-25,5.69133780491032e-25,5.6913378049103215e-25,5.691337804910332e-25,5.691337804910316e-25,5.6913378049103095e-25,5.691337804910306e-25,5.691337804910322e-25,5.691337804910367e-25,5.6913378049103665e-25,5.691337804910357e-25,5.69133780491034e-25,5.69133780490996e-25,5.691337804909961e-25,5.69133780490996e-25,5.691337804909858e-25,5.69133780490986e-25,5.691337804909856e-25,5.691337804909684e-25,5.691337804909729e-25,5.691337804909645e-25,5.691337804909645e-25,5.6913378049096575e-25,5.691337804909208e-25,5.691337804909248e-25,5.691337804909096e-25,5.691337804909179e-25,5.691337804909179e-25,5.691337804909184e-25,5.691337804909173e-25,5.691337804909182e-25,5.6913378049092185e-25,5.691337804909274e-25,5.691337804909098e-25,5.691337804909102e-25,5.691337804909159e-25,5.691337804909157e-25,5.691337804909209e-25,5.691337804909178e-25,5.691337804909172e-25,5.69133780490917e-25,5.691337804909151e-25,5.691337804909225e-25,5.691337804913651e-25,5.69133780491362e-25,5.691337804913608e-25,5.691337804913591e-25,5.691337804913604e-25,5.691337804913527e-25,5.69133780491342e-25,5.691337804913418e-25,5.691337804913401e-25,5.6913378049134035e-25,5.691337804913356e-25,5.691337804913355e-25,5.691337804913349e-25,5.69133780491277e-25,5.691337804912818e-25,5.691337804912829e-25,5.6913378049128515e-25,5.691337804912975e-25,5.6913378049131215e-25,5.691337804913127e-25,5.691337804913125e-25,5.691337804913105e-25,5.691337804913105e-25,5.691337804913312e-25,5.691337804914703e-25,5.691337804914702e-25,5.691337804914196e-25,5.6913378049141905e-25,5.691337804914065e-25,5.691337804914064e-25,5.6913378049141e-25,5.691337804951791e-25,5.69133780495177e-25,5.69133780495279e-25,5.691337804952182e-25,5.691337804952208e-25,5.691337804950888e-25,5.691337804950897e-25,5.691337804950879e-25,5.691337804950979e-25,5.691337804951008e-25,5.69133780495101e-25,5.691337804951051e-25,5.691337804951054e-25,5.691337804951053e-25,5.691337804951065e-25,5.691337804951049e-25,5.691337804951059e-25,5.691337804951057e-25,5.691337804950552e-25,5.691337804950553e-25,5.691337804950532e-25,5.691337804950769e-25,5.691337804950269e-25,5.691337804950251e-25,5.691337804950502e-25,5.6913378049503865e-25,5.69133780495037e-25,5.691337804950408e-25,5.691337804950433e-25,5.691337804950435e-25,5.691337804950436e-25,5.691337804950456e-25,5.691337804950456e-25,5.691337804950451e-25,5.691337804950461e-25,5.691337804950538e-25,5.691337804950539e-25,5.691337804950454e-25,5.691337804951434e-25,5.6913378049514335e-25,5.691337804951428e-25,5.69133780495183e-25,5.691337804952095e-25,5.69133780495208e-25,5.691337804952089e-25,5.691337804951801e-25,5.691337804951804e-25,5.691337804951896e-25,5.691337804951898e-25,5.691337804951894e-25,5.691337804951901e-25,5.691337804951886e-25,5.691337804951736e-25,5.6913378049517145e-25,5.691337804951716e-25,5.691337804951627e-25,5.691337804951577e-25,5.691337804951566e-25,5.691337804951391e-25,5.691337804951486e-25,5.691337804950977e-25,5.691337804950975e-25,5.691337804950925e-25,5.691337804950828e-25,5.69133780495071e-25,5.6913378049503865e-25,5.691337804950911e-25,5.691337804950917e-25,5.691337804950915e-25,5.69133780495109e-25,5.691337804951213e-25,5.6913378049511855e-25,5.691337804951189e-25,5.691337804951916e-25,5.691337804951917e-25,5.691337804952177e-25,5.691337804952352e-25,5.691337804952331e-25,5.691337804952366e-25,5.691337804952212e-25,5.69133780495214e-25,5.691337804952058e-25,5.691337804952093e-25,5.691337804952133e-25,5.69133780495169e-25,5.6913378049516915e-25,5.691337804951628e-25,5.691337804951569e-25,5.691337804951847e-25,5.691337804951892e-25,5.691337804952228e-25,5.691337804952184e-25,5.691337804952322e-25,5.691337804952315e-25,5.6913378049526595e-25,5.691337804952693e-25,5.6913378049528395e-25,5.691337804952829e-25,5.6913378049528275e-25,5.691337804952832e-25,5.691337804953305e-25,5.691337804953244e-25,5.691337804953246e-25,5.691337804953247e-25,5.691337804953249e-25,5.69133780495322e-25,5.691337804953241e-25,5.691337804952446e-25,5.691337804952462e-25,5.691337804951658e-25,5.691337804951395e-25,5.691337804951697e-25,5.691337804951671e-25,5.691337804951655e-25,5.691337804951165e-25,5.691337804951167e-25,5.69133780495121e-25,5.69133780495106e-25,5.691337804949307e-25,5.691337804948951e-25,5.691337804948957e-25,5.691337804948954e-25,5.691337804948919e-25,5.691337804948569e-25,5.691337804952196e-25,5.691337804952233e-25,5.6913378049523325e-25,5.691337804952317e-25,5.6913378049524115e-25,5.691337804952413e-25,5.6913378049524345e-25,5.691337804952274e-25,5.6913378049492955e-25,5.691337804962668e-25,5.691337804962767e-25,5.691337804962767e-25,5.691337804963277e-25,5.691337804963286e-25,5.691337804963283e-25,5.691337804963269e-25,5.691337804963229e-25,5.691337804963085e-25,5.691337804963095e-25,5.691337804963059e-25,5.691337804961164e-25,5.691337804961317e-25,5.691337804961319e-25,5.691337804786651e-25,5.69133780478665e-25,5.691337804786495e-25,5.6913378047863665e-25,5.691337804785939e-25,5.691337804785939e-25,5.69133780478595e-25,5.69133780478595e-25,5.691337804786086e-25,5.691337804786083e-25,5.69133780478609e-25,5.691337804786093e-25,5.691337804786094e-25,5.691337804786149e-25,5.691337804786176e-25,5.6913378047861645e-25,5.691337804786168e-25,5.691337804786015e-25,5.691337804786043e-25,5.691337804786044e-25,5.691337804786046e-25,5.691337804785202e-25,5.691337804787199e-25,5.6913378047871985e-25,5.691337804787062e-25,5.691337804787068e-25,5.691337804785971e-25,5.691337804786119e-25,5.691337804786341e-25,5.691337804786343e-25,5.691337804769818e-25,5.691337804769817e-25,5.691337804770287e-25,5.691337804770325e-25,5.691337804770319e-25,5.691337804770006e-25,5.691337804768307e-25,5.691337804765834e-25,5.691337804765834e-25,5.691337804766638e-25,5.691337804766605e-25,5.691337804767132e-25,5.691337804804328e-25,5.691337804805701e-25,5.691337804805702e-25,5.69133780480474e-25,5.691337804804753e-25,5.691337804804767e-25,5.691337804804837e-25,5.691337804806414e-25,5.691337804806438e-25,5.691337804806422e-25,5.691337804806273e-25,5.691337804806291e-25,5.69133780480629e-25,5.691337804797426e-25,5.691337805572399e-25,5.691337805572388e-25,5.691337805567799e-25,5.691337805569122e-25,5.69133780556968e-25,5.691337805569408e-25,5.691337805569541e-25,5.6913378055696305e-25,5.691337805569684e-25,5.691337805569683e-25,5.69133780556969e-25,5.69133780556969e-25,5.691337805569847e-25,5.6913378055700805e-25,5.691337805568925e-25,5.691337805567182e-25,5.691337805567174e-25,5.691337805567127e-25,5.691337806588211e-25,5.691337806588159e-25,5.6913378065856305e-25,5.691337813855413e-25,5.6913378138557095e-25,5.691337813855713e-25,5.691337813855722e-25,5.691337813854622e-25,5.691337813854902e-25,5.69133781385895e-25,5.691337813858951e-25,5.691337813858932e-25,5.691337813857969e-25,5.691337813857968e-25,5.691337813857961e-25,5.691337813857981e-25,5.6913378138579815e-25,5.691337813857986e-25,5.691337813857989e-25,5.6913378138580375e-25,5.691337813858038e-25,5.691337813855697e-25,5.691337813855769e-25,5.691337813855741e-25,5.691337818312723e-25,5.691337818312778e-25,5.69133781831294e-25,5.691337818312941e-25,5.691337818300362e-25,5.6913378179481e-25,5.691337817948115e-25,5.691337817948078e-25,5.691337817948076e-25,5.691337817947398e-25,5.691337817947477e-25,5.691337817947475e-25,5.691337817947974e-25,5.691337817947989e-25,5.691337817947989e-25,5.691337817948059e-25,5.691337817948163e-25,5.6913378179514055e-25,5.691337817951612e-25,5.691337817949812e-25,5.691337817951763e-25,5.691337817951761e-25,5.691337817951764e-25,5.691337817950282e-25,5.691337817950324e-25,5.691337817949435e-25,5.691337817949473e-25,5.691337817949472e-25,5.691337817949461e-25,5.691337817949704e-25,5.691337817941011e-25,5.691337817941299e-25,5.691337817954537e-25,5.691337818006883e-25,5.691337818005348e-25,5.691337817895838e-25,5.69133781789583e-25,5.69133781789583e-25,5.691337817895833e-25,5.691337817964614e-25,5.6913378179659045e-25,5.691337817965754e-25,5.691337817965757e-25,5.691337817965737e-25,5.691337817965729e-25,5.691337817965717e-25,5.691337817955069e-25,5.691337817955069e-25,5.691337817955075e-25,5.691337817955139e-25,5.691337817955132e-25,5.691337817962468e-25,5.691337817970333e-25,5.691337817938974e-25,5.69133781798518e-25,5.69133781816196e-25,5.691337818160831e-25,5.691337818173504e-25,5.691337818173504e-25,5.691337820422017e-25,5.691337820422008e-25,5.691337820422007e-25,5.691337820421974e-25,5.691337827580407e-25,5.691337827575835e-25,5.691337827575747e-25,5.691337827596349e-25,5.691337827595846e-25,5.691337827596077e-25,5.691337827596073e-25,5.691337827595424e-25,5.691337827595592e-25,5.691337827597263e-25,5.691337827597263e-25,5.691337827597263e-25,5.691337827597265e-25,5.691337827595468e-25,5.691337827599558e-25,5.691337827599827e-25,5.691337827599825e-25,5.691337827599835e-25,5.691337827547017e-25,5.691337827463945e-25,5.691337827463889e-25,5.691337826299338e-25,5.691337826345564e-25,5.69133782634513e-25,5.691337826344968e-25,5.691337826305368e-25,5.691337826299199e-25,5.6913378262997535e-25,5.691337826352502e-25,5.691337826352558e-25,5.691337826411638e-25,5.691337826411818e-25,5.691337826411776e-25,5.69133782641153e-25,5.691337826418143e-25,5.691337826418143e-25,5.691337826418125e-25,5.691337826418124e-25,5.691337826418126e-25,5.691337826418226e-25,5.69133782641878e-25,5.691337826418965e-25,5.691337826419086e-25,5.6913378264190855e-25,5.6913378264186355e-25,5.691337826418642e-25,5.691337826419462e-25,5.691337826349399e-25,5.691337826350296e-25,5.691337826348249e-25,5.691337826349395e-25,5.691337827980237e-25,5.69133782798007e-25,5.69133782799071e-25,5.691337828076362e-25,5.691337828061537e-25,5.69133782806111e-25,5.691337828061109e-25,5.691337828061527e-25,5.6913378280615275e-25,5.691337828061639e-25,5.691337828061671e-25,5.691337828061712e-25,5.691337828061879e-25,5.691337827916884e-25,5.6913378271979065e-25,5.691337827870218e-25,5.691337827867375e-25,5.691337827876541e-25,5.691337827876709e-25,5.691337827876826e-25,5.691337827876804e-25,5.691337827876061e-25,5.691337826830168e-25,5.691337826833147e-25,5.691337826839346e-25,5.691337826839239e-25,5.6913378268535e-25,5.6913378268535555e-25,5.691337826860325e-25,5.691337826860336e-25,5.6913378268922385e-25,5.69133782689222e-25,5.6913378268933e-25,5.691337826917208e-25,5.691337826914245e-25,5.691337826914244e-25,5.691337826914479e-25,5.691337826914429e-25,5.691337826902989e-25,5.691337826900127e-25,5.691337828528931e-25,5.691337828528879e-25,5.691337828542968e-25,5.691337828542095e-25,5.691337828542013e-25,5.6913378285421045e-25,5.691337828542249e-25,5.691337828542502e-25,5.691337828543526e-25,5.691337828143085e-25,5.691337828143332e-25,5.691337828026574e-25,5.691337828024561e-25,5.691337827158873e-25,5.691337827158958e-25,5.69133782716066e-25,5.6913378271606635e-25,5.691337830500471e-25,5.691337830488701e-25,5.691337830487487e-25,5.69133783048748e-25,5.691337830487482e-25,5.691337830487479e-25,5.6913378304874815e-25,5.691337830523799e-25,5.6913378312022675e-25,5.691337831201873e-25,5.691337831201875e-25,5.691337831211349e-25,5.691337831211437e-25,5.6913378312114345e-25,5.6913378312114685e-25,5.6913378312112e-25,5.691337831211092e-25,5.691337831211245e-25,5.69133783121143e-25,5.6913378312114795e-25,5.691337831210432e-25,5.691337831211033e-25,5.691337831211031e-25,5.691337831210948e-25,5.691337831210948e-25,5.6913378312109e-25,5.691337831211166e-25,5.691337831160104e-25,5.691337831160693e-25,5.6913378311609645e-25,5.6913378311603005e-25,5.691337831160367e-25,5.691337831218486e-25,5.691337831219056e-25,5.691337831219001e-25,5.691337831219014e-25,5.6913378312192745e-25,5.69133783142287e-25,5.691337831441002e-25,5.6913378314409975e-25,5.691337831193388e-25,5.691337831193413e-25,5.6913378311645e-25,5.691337831164499e-25,5.691337831164491e-25,5.691337831164449e-25,5.691337831164447e-25,5.691337831164331e-25,5.691337831164321e-25,5.6913378311643275e-25,5.691337831165583e-25,5.691337831165584e-25,5.691337831165709e-25,5.691337831165728e-25,5.691337831159884e-25,5.691337831150607e-25,5.691337832641783e-25,5.691337832643396e-25,5.691337832643423e-25,5.691337832643614e-25,5.691337832610679e-25,5.691337832610065e-25,5.691337832948291e-25,5.691337832966275e-25,5.6913378329663e-25,5.691337832852968e-25,5.691337832845216e-25,5.691337832845163e-25,5.691337833034354e-25,5.691337833058451e-25,5.691337833058411e-25,5.691337833057982e-25,5.691337833052164e-25,5.691337833688977e-25,5.691337833685439e-25,5.691337833684228e-25,5.691337833680292e-25,5.6913378337513885e-25,5.691337846349041e-25,5.691337846278709e-25,5.691337846278707e-25,5.69133784627139e-25,5.6913378467775585e-25,5.691337847040241e-25,5.691337847024388e-25,5.691337847024388e-25,5.691337847024391e-25,5.69133784702467e-25,5.691337847024508e-25,5.691337847024525e-25,5.691337847024491e-25,5.691337847072952e-25,5.691337847037877e-25,5.691337847037874e-25,5.691337847038194e-25,5.691337847065819e-25,5.6913378470658145e-25,5.691337847077014e-25,5.691337847075602e-25,5.691337847075503e-25,5.691337847075666e-25,5.691337847075646e-25,5.691337847075637e-25,5.69133784707247e-25,5.691337847071664e-25,5.691337847071448e-25,5.691337847071442e-25,5.691337847071432e-25,5.691337847071499e-25,5.691337847071713e-25,5.691337847117635e-25,5.691337847117636e-25,5.691337845759696e-25,5.691337845759695e-25,5.691337845759465e-25,5.691337846169402e-25,5.691337846169639e-25,5.691337845998649e-25,5.691337845998505e-25,5.69133784600295e-25,5.691337846002952e-25,5.6913378460015035e-25,5.691337846001503e-25,5.691337846001484e-25,5.691337846001419e-25,5.691337846001125e-25,5.691337846001125e-25,5.691337846001101e-25,5.691337846001215e-25,5.6913378454568465e-25,5.6913378454568465e-25,5.691337845456822e-25,5.69133784545666e-25,5.691337845455933e-25,5.691337845455936e-25,5.691337845455921e-25,5.691337845455923e-25,5.691337845455938e-25,5.691337845492448e-25,5.691337845491644e-25,5.6913378454856415e-25,5.691337845487481e-25,5.691337845487315e-25,5.691337845487878e-25,5.691337845480089e-25,5.691337845479976e-25,5.691337845479929e-25,5.691337845481464e-25,5.691337845481464e-25,5.691337845481219e-25,5.691337845481215e-25,5.69133784548116e-25,5.691337845481418e-25,5.691337845383919e-25,5.691337845383983e-25,5.691337845383984e-25,5.691337845384211e-25,5.691337845384227e-25,5.691337845385192e-25,5.691337845385199e-25,5.691337845385173e-25,5.6913378453852065e-25,5.691337845385209e-25,5.691337845350527e-25,5.691337845350428e-25,5.691337845350535e-25,5.691337845350733e-25,5.691337845350785e-25,5.691337845350827e-25,5.691337845350612e-25,5.691337845350554e-25,5.691337845350567e-25,5.691337845350866e-25,5.691337845317321e-25,5.691337845317444e-25,5.691337845317519e-25,5.691337845318023e-25,5.691337845317971e-25,5.691337845324149e-25,5.69133784532402e-25,5.691337845321878e-25,5.691337845321961e-25,5.691337845321865e-25,5.691337845321874e-25,5.69133784532196e-25,5.691337845322753e-25,5.691337845322807e-25,5.691337845322806e-25,5.69133784532364e-25,5.691337845323441e-25,5.691337845323423e-25,5.691337845323413e-25,5.6913378453234205e-25,5.691337845323417e-25,5.6913378453232525e-25,5.691337845323671e-25,5.691337845340721e-25,5.691337845343469e-25,5.691337845343417e-25,5.691337845343569e-25,5.691337845343572e-25,5.691337845343557e-25,5.691337845343164e-25,5.691337845343247e-25,5.691337845343261e-25,5.691337845343405e-25,5.691337845344038e-25,5.691337845343812e-25,5.691337845343817e-25,5.691337845343799e-25,5.691337845343765e-25,5.691337845343797e-25,5.691337845343857e-25,5.691337845343916e-25,5.691337845343914e-25,5.691337845343829e-25,5.691337845335346e-25,5.691337845335367e-25,5.691337845335434e-25,5.691337845335452e-25,5.691337845336242e-25,5.691337845343227e-25,5.691337845343271e-25,5.691337845343255e-25,5.691337845343452e-25,5.6913378453434535e-25,5.691337845343276e-25,5.69133784534779e-25,5.6913378453478295e-25,5.69133784534783e-25,5.691337844790811e-25,5.691337844790811e-25,5.691337844790587e-25,5.691337844790588e-25,5.6913378447907195e-25,5.691337844790725e-25,5.69133784479064e-25,5.691337844790523e-25,5.691337844790819e-25,5.69133784479059e-25,5.691337844790575e-25,5.691337844790518e-25,5.691337844790479e-25,5.691337844790465e-25,5.691337844790504e-25,5.69133784479045e-25,5.691337844790694e-25,5.691337844790741e-25,5.691337844790745e-25,5.691337844790948e-25,5.691337844790945e-25,5.691337844790961e-25,5.691337844791002e-25,5.691337844790987e-25,5.69133784479099e-25,5.691337844790818e-25,5.69133784479075e-25,5.691337844790929e-25,5.691337844801334e-25,5.691337844801334e-25,5.691337844802331e-25,5.6913378448024065e-25,5.691337844802411e-25,5.691337844802388e-25,5.691337844802709e-25,5.691337844803223e-25,5.691337844803378e-25,5.691337844803379e-25,5.691337844803379e-25,5.691337844803641e-25,5.691337844803633e-25,5.691337844803639e-25,5.691337844800092e-25,5.691337844800071e-25,5.691337844800041e-25,5.691337844800047e-25,5.691337844800069e-25,5.69133784480006e-25,5.691337844800067e-25,5.691337844800135e-25,5.691337844800463e-25,5.69133784480046e-25,5.69133784480046e-25,5.691337844800437e-25,5.691337844800344e-25,5.691337844800348e-25,5.691337844800353e-25,5.691337844800419e-25,5.691337844800439e-25,5.691337844800427e-25,5.691337844799991e-25,5.691337844799703e-25,5.691337844799704e-25,5.691337844799535e-25,5.691337844799325e-25,5.691337844799326e-25,5.691337844799371e-25,5.691337844799344e-25,5.691337844799344e-25,5.6913378447990095e-25,5.691337844799e-25,5.691337844798961e-25,5.691337844798976e-25,5.691337844799033e-25,5.6913378447990215e-25,5.691337844799071e-25,5.6913378447990325e-25,5.691337844799031e-25,5.691337844799042e-25,5.691337844798572e-25,5.691337844798572e-25,5.691337844798573e-25,5.691337844798248e-25,5.691337844798357e-25,5.691337844798322e-25,5.691337844798314e-25,5.691337844798185e-25,5.691337844798184e-25,5.69133784479844e-25,5.691337844798431e-25,5.691337844798318e-25,5.691337844798611e-25,5.691337844798611e-25,5.691337844798287e-25,5.691337844798313e-25,5.691337844798353e-25,5.691337844798416e-25,5.691337844798483e-25,5.6913378447984695e-25,5.691337844798518e-25,5.691337844798513e-25,5.691337844798529e-25,5.6913378447999095e-25,5.691337844799613e-25,5.691337844799604e-25,5.691337844799607e-25,5.691337844799612e-25,5.691337844799616e-25,5.691337844799671e-25,5.691337844799395e-25,5.691337844799318e-25,5.691337844799301e-25,5.691337844799315e-25,5.691337844799321e-25,5.691337844799903e-25,5.691337844799884e-25,5.691337844799797e-25,5.6913378447997865e-25,5.691337844799656e-25,5.691337844793856e-25,5.6913378447938465e-25,5.69133784479383e-25,5.691337844793831e-25,5.691337844793843e-25,5.69133784479384e-25,5.691337844793919e-25,5.691337844793998e-25,5.691337844793996e-25,5.691337844794019e-25,5.6913378447940385e-25,5.6913378447938465e-25,5.691337844793778e-25,5.691337844793722e-25,5.691337844793725e-25,5.691337844793649e-25,5.691337844793649e-25,5.691337844793629e-25,5.691337844793637e-25,5.691337844793627e-25,5.691337844793629e-25,5.691337844793728e-25,5.69133784479373e-25,5.691337844793763e-25,5.691337844793708e-25,5.691337844793616e-25,5.691337844793578e-25,5.691337844793697e-25,5.6913378447937685e-25,5.691337844793754e-25,5.691337844793599e-25,5.691337844793383e-25,5.691337844793368e-25,5.69133784479335e-25,5.691337844793132e-25,5.691337844793132e-25,5.691337844793133e-25,5.691337844793093e-25,5.6913378447930935e-25,5.691337844793081e-25,5.691337844793196e-25,5.691337844792926e-25,5.691337844792925e-25,5.691337844792925e-25,5.691337844793031e-25,5.691337844792771e-25,5.691337844792767e-25,5.691337844792988e-25,5.691337844793004e-25,5.691337844793054e-25,5.691337844793033e-25,5.691337844793159e-25,5.691337844793126e-25,5.69133784479311e-25,5.691337844792799e-25,5.691337844792781e-25,5.691337844399182e-25,5.691337844400218e-25,5.6913378444002185e-25,5.691337844400244e-25,5.691337844400159e-25,5.691337844400149e-25,5.691337844399987e-25,5.691337844399727e-25,5.691337844399839e-25,5.6913378443998585e-25,5.691337844399869e-25,5.691337844399919e-25,5.691337844399816e-25,5.691337844399849e-25,5.691337844399858e-25,5.691337844399921e-25,5.691337844399874e-25,5.691337844399913e-25,5.691337844399905e-25,5.691337844400019e-25,5.69133784440008e-25,5.691337844399799e-25,5.691337844399934e-25,5.691337844399952e-25,5.6913378443999145e-25,5.691337844399956e-25,5.691337844399964e-25,5.691337844399884e-25,5.691337844399912e-25,5.691337844399915e-25,5.691337844400167e-25,5.691337844400167e-25,5.691337844401505e-25,5.6913378444014665e-25,5.691337844401414e-25,5.6913378444014665e-25,5.691337844401598e-25,5.6913378444015005e-25,5.691337844401189e-25,5.691337844402661e-25,5.691337844399938e-25,5.691337844401549e-25,5.691337844245091e-25,5.691337844245237e-25,5.69133784424526e-25,5.69133784424477e-25,5.691337844244783e-25,5.691337844245267e-25,5.691337844245263e-25,5.691337844245417e-25,5.691337844245422e-25,5.6913378442451735e-25,5.69133784424548e-25,5.691337844245442e-25,5.691337844245379e-25,5.691337844245379e-25,5.69133784424518e-25,5.6913378442454325e-25,5.69133784424518e-25,5.69133784424538e-25,5.69133784424532e-25,5.691337844245168e-25,5.691337844245352e-25,5.691337844245305e-25,5.691337844244504e-25,5.691337844244646e-25,5.691337844244789e-25,5.691337844244801e-25,5.691337844244806e-25,5.691337844244798e-25,5.691337844244798e-25,5.691337844244799e-25,5.691337844244795e-25,5.691337844244792e-25,5.6913378442447915e-25,5.691337844385357e-25,5.691337844385356e-25,5.691337844385353e-25,5.691337844385358e-25,5.69133784438535e-25,5.691337844385349e-25,5.69133784438535e-25,5.691337844385351e-25,5.691337844385352e-25,5.691337844385317e-25,5.691337844385316e-25,5.691337844372448e-25,5.691337844372451e-25,5.69133784437243e-25,5.6913378443723e-25,5.691337844372298e-25,5.691337844372291e-25,5.691337844372269e-25,5.691337844372313e-25,5.691337844372512e-25,5.691337844372513e-25,5.691337844372513e-25,5.69133784437243e-25,5.691337844372435e-25,5.691337844372394e-25,5.691337844372495e-25,5.691337844372488e-25,5.691337844372458e-25,5.691337844372432e-25,5.691337844372474e-25,5.691337844372474e-25,5.691337844372465e-25,5.691337844372464e-25,5.691337844372746e-25,5.691337844372752e-25,5.691337844372752e-25,5.691337844372743e-25,5.691337844372748e-25,5.691337844372738e-25,5.691337844372785e-25,5.691337844372782e-25,5.6913378443727725e-25,5.6913378443727725e-25,5.691337844372774e-25,5.691337844372773e-25,5.691337844372773e-25,5.691337844372736e-25,5.69133784437273e-25,5.691337844372729e-25,5.6913378443727615e-25,5.691337844372761e-25,5.691337844372735e-25,5.691337844372734e-25,5.691337844372747e-25,5.691337844371736e-25,5.691337844371623e-25,5.691337844371571e-25,5.691337844371634e-25,5.691337844371624e-25,5.691337844371609e-25,5.691337844371611e-25,5.691337844371809e-25,5.691337844371797e-25,5.691337844370098e-25,5.691337844370086e-25,5.691337844370043e-25,5.691337844371142e-25,5.6913378443711305e-25,5.691337844371165e-25,5.69133784437133e-25,5.69133784437133e-25,5.691337844371336e-25,5.691337844371219e-25,5.691337844371217e-25,5.691337844371105e-25,5.691337844371042e-25,5.691337844371013e-25,5.69133784437102e-25,5.691337844371067e-25,5.691337844371138e-25,5.69133784437114e-25,5.691337844371294e-25,5.69133784437128e-25,5.691337844371385e-25,5.691337844371386e-25,5.691337844371414e-25,5.691337844371416e-25,5.691337844371416e-25,5.691337844371416e-25,5.691337844371418e-25,5.691337844371422e-25,5.691337844371423e-25,5.691337844371417e-25,5.6913378443714235e-25,5.691337844371444e-25,5.691337844371443e-25,5.691337844371451e-25,5.691337844371611e-25,5.691337844371612e-25,5.691337844371609e-25,5.691337844371612e-25,5.691337844371634e-25,5.6913378443716145e-25,5.69133784437162e-25,5.69133784437161e-25,5.691337844371607e-25,5.69133784437161e-25,5.691337844371592e-25,5.691337844371614e-25,5.691337844369632e-25,5.691337844369636e-25,5.6913378443696345e-25,5.691337844369645e-25,5.691337844369769e-25,5.6913378443698485e-25,5.691337844369874e-25,5.691337844369875e-25,5.691337844369872e-25,5.691337844369872e-25,5.691337844369839e-25,5.691337844369876e-25,5.69133784436987e-25,5.691337844369818e-25,5.691337844369892e-25,5.691337844369827e-25,5.691337844369839e-25,5.6913378443698485e-25,5.6913378443698705e-25,5.691337844370132e-25,5.691337844369985e-25,5.691337844369944e-25,5.691337844369969e-25,5.691337844369861e-25,5.691337844369837e-25,5.691337844369839e-25,5.691337844369808e-25,5.691337844369813e-25,5.691337844369808e-25,5.691337844369812e-25,5.6913378443698145e-25,5.691337844369808e-25,5.691337844369805e-25,5.6913378443698e-25,5.691337844369792e-25,5.691337844369796e-25,5.691337844369796e-25,5.691337844369809e-25,5.69133784436982e-25,5.691337844369804e-25,5.691337844369789e-25,5.691337844369782e-25,5.691337844369769e-25,5.69133784436979e-25,5.691337844369796e-25,5.691337844369924e-25,5.691337844369954e-25,5.691337844369944e-25,5.691337844369929e-25,5.691337844369932e-25,5.691337844369927e-25,5.691337844369936e-25,5.691337844369935e-25,5.691337844369927e-25,5.691337844369917e-25,5.691337844369913e-25,5.691337844369906e-25,5.691337844369882e-25,5.691337844369885e-25,5.691337844369887e-25,5.691337844369902e-25,5.691337844369903e-25,5.691337844369891e-25,5.691337844369893e-25,5.691337844369902e-25,5.691337844369935e-25,5.691337844369927e-25,5.691337844369917e-25,5.691337844369929e-25,5.691337844369937e-25,5.691337844369891e-25,5.6913378443698935e-25,5.691337844369889e-25,5.691337844369895e-25,5.691337844369911e-25,5.69133784436989e-25,5.691337844369844e-25,5.691337844369805e-25,5.691337844369792e-25,5.691337844369823e-25,5.691337844369845e-25,5.691337844369848e-25,5.691337844370132e-25,5.69133784437013e-25,5.691337844370111e-25,5.6913378443701185e-25,5.691337844370129e-25,5.691337844370127e-25,5.691337844370077e-25,5.691337844370066e-25,5.691337844370064e-25,5.691337844370044e-25,5.691337844370043e-25,5.691337844370042e-25,5.691337844370068e-25,5.691337844370072e-25,5.691337844370043e-25,5.691337844370041e-25,5.691337844370006e-25,5.6913378443700055e-25,5.691337844369961e-25,5.691337844370013e-25,5.691337844370012e-25,5.691337844369988e-25,5.691337844370207e-25,5.691337844370203e-25,5.691337844370347e-25,5.6913378443703545e-25,5.691337844370348e-25,5.691337844386599e-25,5.691337844386587e-25,5.69133784438657e-25,5.691337844386591e-25,5.691337844385918e-25,5.691337844385918e-25,5.69133784438595e-25,5.691337844385936e-25,5.691337844386681e-25,5.691337844386689e-25,5.691337844385366e-25,5.691337844385403e-25,5.691337844385096e-25,5.691337844385038e-25,5.691337844385029e-25,5.69133784438503e-25,5.691337844385039e-25,5.691337844385051e-25,5.691337844385293e-25,5.691337844385281e-25,5.691337844385284e-25,5.691337844385476e-25,5.691337844385435e-25,5.691337844385436e-25,5.691337844385437e-25,5.691337844385413e-25,5.691337844384779e-25,5.691337844384778e-25,5.691337844384701e-25,5.6913378443847e-25,5.691337844384218e-25,5.691337844384217e-25,5.6913378443841895e-25,5.691337844384156e-25,5.691337844384153e-25,5.691337844384149e-25,5.691337844384154e-25,5.6913378443840775e-25,5.691337844383896e-25,5.691337844383881e-25,5.69133784438389e-25,5.691337844383893e-25,5.691337844383888e-25,5.691337844383895e-25,5.691337844384004e-25,5.691337844384006e-25,5.691337844383937e-25,5.691337844383978e-25,5.69133784438396e-25,5.69133784438712e-25,5.691337844387078e-25,5.691337844386642e-25,5.691337844386616e-25,5.691337844386592e-25,5.691337844386545e-25,5.691337844386542e-25,5.69133784438649e-25,5.691337844386769e-25,5.69133784438673e-25,5.691337844386743e-25,5.691337844386775e-25,5.6913378443867765e-25,5.691337844386922e-25,5.691337844386935e-25,5.691337844386935e-25,5.691337844386918e-25,5.69133784438691e-25,5.691337844386922e-25,5.691337844386904e-25,5.691337844386905e-25,5.691337844386897e-25,5.691337844386997e-25,5.691337844386991e-25,5.691337844386945e-25,5.691337844386894e-25,5.691337844386919e-25,5.691337844386957e-25,5.691337844386896e-25,5.691337844386895e-25,5.691337844386899e-25,5.691337844386945e-25,5.691337844386951e-25,5.691337844386917e-25,5.69133784438715e-25,5.691337844387149e-25,5.691337844387085e-25,5.691337844387091e-25,5.691337844387124e-25,5.691337844387119e-25,5.691337844387191e-25,5.691337844387286e-25,5.691337844387291e-25,5.691337844387228e-25,5.691337844387228e-25,5.691337844387228e-25,5.691337844387257e-25,5.691337844387267e-25,5.691337844387271e-25,5.691337844387272e-25,5.691337844387313e-25,5.691337844387354e-25,5.691337844387336e-25,5.691337844386534e-25,5.691337844386518e-25,5.691337844386526e-25,5.691337844386579e-25,5.6913378443865745e-25,5.691337844386654e-25,5.691337844386661e-25,5.691337844386669e-25,5.691337844386669e-25,5.691337844385518e-25,5.691337844385479e-25,5.691337844385521e-25,5.691337844385519e-25,5.6913378443857e-25,5.691337844385671e-25,5.691337844385515e-25,5.691337844385511e-25,5.691337844385511e-25,5.691337844385511e-25,5.6913378443855395e-25,5.691337844385512e-25,5.691337844385506e-25,5.691337844385525e-25,5.6913378443855615e-25,5.6913378443857755e-25,5.691337844385707e-25,5.69133784438571e-25,5.691337844385709e-25,5.691337844385712e-25,5.691337844385671e-25,5.691337844385729e-25,5.691337844385728e-25,5.69133784438573e-25,5.691337844385788e-25,5.691337844385789e-25,5.69133784438579e-25,5.691337844385839e-25,5.691337844385936e-25,5.691337844386159e-25,5.69133784438621e-25,5.691337844386297e-25,5.691337844386327e-25,5.69133784438637e-25,5.691337844386023e-25,5.691337844385965e-25,5.691337844385788e-25,5.691337844385818e-25,5.691337844385817e-25,5.691337844385872e-25,5.691337844385872e-25,5.691337844386245e-25,5.691337844386245e-25,5.6913378443867205e-25,5.691337844386719e-25,5.691337844386613e-25,5.691337844386613e-25,5.691337844386271e-25,5.691337844386264e-25,5.691337844386143e-25,5.691337844386097e-25,5.691337844386316e-25,5.691337844386314e-25,5.691337844386245e-25,5.691337844386249e-25,5.691337844386309e-25,5.691337844386311e-25,5.691337844386577e-25,5.691337844386516e-25,5.691337844386627e-25,5.691337844386459e-25,5.691337844386465e-25,5.69133784438647e-25,5.691337844386452e-25,5.691337844386434e-25,5.691337844386357e-25,5.691337844386246e-25,5.691337844386235e-25,5.691337844386233e-25,5.6913378443862935e-25,5.691337844386287e-25,5.691337844386288e-25,5.691337844386178e-25,5.691337844386179e-25,5.6913378443861805e-25,5.6913378443861805e-25,5.691337844386161e-25,5.691337844386161e-25,5.691337844386178e-25,5.691337844386174e-25,5.691337844386173e-25,5.691337844386608e-25,5.691337844387112e-25,5.69133784438708e-25,5.691337844387067e-25,5.691337844386892e-25,5.691337844386894e-25,5.691337844387353e-25,5.691337844387315e-25,5.691337844387688e-25,5.6913378443877e-25,5.691337844387642e-25,5.69133784438764e-25,5.691337844387721e-25,5.691337844387706e-25,5.691337844387713e-25,5.69133784438771e-25,5.691337844388179e-25,5.691337844388184e-25,5.691337844388122e-25,5.691337844388019e-25,5.691337844387932e-25,5.691337844387963e-25,5.69133784438753e-25,5.691337844387537e-25,5.69133784438754e-25,5.691337844387484e-25,5.6913378443874625e-25,5.691337844387461e-25,5.691337844387416e-25,5.691337844387379e-25,5.691337844387332e-25,5.691337844387332e-25,5.691337844387387e-25,5.691337844387392e-25,5.691337844387395e-25,5.6913378443677895e-25,5.691337844367742e-25,5.691337844367704e-25,5.691337844367696e-25,5.691337844367719e-25,5.691337844367762e-25,5.691337844367748e-25,5.691337844367747e-25,5.691337844367747e-25,5.691337844367789e-25,5.691337844367762e-25,5.691337844367712e-25,5.691337844367678e-25,5.69133784436768e-25,5.691337844367695e-25,5.691337844367683e-25,5.691337844367809e-25,5.691337844367864e-25,5.691337844367737e-25,5.691337844367805e-25,5.691337844367824e-25,5.691337844367927e-25,5.691337844367687e-25,5.6913378443676885e-25,5.691337844367688e-25,5.6913378443674865e-25,5.6913378443674865e-25,5.691337844367505e-25,5.691337844367506e-25,5.691337844367496e-25,5.691337844367498e-25,5.691337844367391e-25,5.691337844367324e-25,5.691337844367185e-25,5.691337844367175e-25,5.691337844367179e-25,5.691337844367188e-25,5.691337844367184e-25,5.691337844367159e-25,5.691337844367055e-25,5.691337844359398e-25,5.691337844359397e-25,5.691337844359144e-25,5.691337844359142e-25,5.691337844359162e-25,5.691337844359166e-25,5.691337844359156e-25,5.691337844359134e-25,5.69133784435915e-25,5.6913378443591405e-25,5.691337844359594e-25,5.691337844359596e-25,5.691337844359432e-25,5.691337844359605e-25,5.691337844358962e-25,5.691337844359029e-25,5.691337844359337e-25,5.691337844359321e-25,5.691337844359312e-25,5.691337844359438e-25,5.691337844359303e-25,5.691337844359321e-25,5.691337844359215e-25,5.691337844359213e-25,5.691337844359214e-25,5.6913378443597365e-25,5.691337844359744e-25,5.691337844359747e-25,5.691337844359738e-25,5.691337844359752e-25,5.691337844359717e-25,5.691337844359542e-25,5.691337844359543e-25,5.691337844359344e-25,5.691337844359276e-25,5.691337844359309e-25,5.691337844359307e-25,5.691337844413388e-25,5.691337844413398e-25,5.691337844413517e-25,5.691337844412792e-25,5.691337844412658e-25,5.691337844412702e-25,5.691337844412732e-25,5.691337844412732e-25,5.6913378444127375e-25,5.691337844412736e-25,5.691337844412601e-25,5.691337844412533e-25,5.691337844412516e-25,5.691337844412351e-25,5.691337844411428e-25,5.691337844410894e-25,5.691337844410857e-25,5.691337844410856e-25,5.69133784441073e-25,5.691337844410715e-25,5.691337844410923e-25,5.691337844411082e-25,5.69133784441105e-25,5.691337844411115e-25,5.691337844411124e-25,5.691337844410209e-25,5.691337844410229e-25,5.691337844410236e-25,5.6913378444102515e-25,5.691337844410236e-25,5.691337844410259e-25,5.69133784441026e-25,5.691337844410163e-25,5.691337844410169e-25,5.691337844410177e-25,5.691337844410172e-25,5.691337846547156e-25,5.691337846547137e-25,5.691337846547133e-25,5.691337846547122e-25,5.69133784654715e-25,5.69133784654711e-25,5.6913378465471175e-25,5.6913378465471175e-25,5.691337846547117e-25,5.691337846547082e-25,5.691337846547071e-25,5.691337846547067e-25,5.691337846547171e-25,5.6913378465471965e-25,5.691337846547218e-25,5.691337846547328e-25,5.691337846548678e-25,5.691337846548717e-25,5.691337846548674e-25,5.691337846548689e-25,5.691337846548696e-25,5.691337846548696e-25,5.691337846548679e-25,5.691337846548675e-25,5.691337846548687e-25,5.69133784654868e-25,5.69133784654878e-25,5.691337846548781e-25,5.691337846548784e-25,5.691337846548796e-25,5.691337846548827e-25,5.691337846548842e-25,5.691337846548083e-25,5.6913378465481e-25,5.691337846547921e-25,5.6913378465483e-25,5.691337846548272e-25,5.691337846536969e-25,5.6913378465369495e-25,5.691337846537106e-25,5.691337846537115e-25,5.691337846537174e-25,5.691337846537169e-25,5.691337846537237e-25,5.691337846537181e-25,5.691337846537187e-25,5.691337846537188e-25,5.691337846536994e-25,5.691337846537e-25,5.6913378465371e-25,5.691337846537645e-25,5.691337846538348e-25,5.691337846538966e-25,5.691337846538855e-25,5.691337846539335e-25,5.691337846539277e-25,5.6913378465392e-25,5.691337846539278e-25,5.691337846539259e-25,5.691337846540851e-25,5.691337846541021e-25,5.691337846541792e-25,5.69133784626426e-25,5.6913378462642605e-25,5.691337845656337e-25,5.691337845656235e-25,5.691337845655962e-25,5.691337845655932e-25,5.691337845656057e-25,5.691337845656058e-25,5.691337845656005e-25,5.691337845659191e-25,5.6913378456591555e-25,5.691337845658328e-25,5.691337845658324e-25,5.691337845658376e-25,5.6913378456625975e-25,5.691337845662837e-25,5.691337845662847e-25,5.691337845662282e-25,5.691337845662282e-25,5.691337845662289e-25,5.69133784566237e-25,5.691337846397215e-25,5.691337846397332e-25,5.691337846397372e-25,5.69133784639737e-25,5.69133784639754e-25,5.69133784639771e-25,5.6913378463977425e-25,5.691337846397657e-25,5.6913378463976525e-25,5.691337846397655e-25,5.691337846397603e-25,5.691337846397658e-25,5.691337846397668e-25,5.691337846397652e-25,5.691337846397649e-25,5.691337846397637e-25,5.691337846397667e-25,5.691337846423441e-25,5.69133784642339e-25,5.691337846423383e-25,5.691337846015395e-25,5.691337846015333e-25,5.691337846015369e-25,5.691337845903364e-25,5.691337845903225e-25,5.691337845903257e-25,5.69133784590329e-25,5.691337845694782e-25,5.6913378457657315e-25,5.691337845762912e-25,5.691337845762919e-25,5.691337845762934e-25,5.691337845762933e-25,5.691337845762779e-25,5.6913378457627955e-25,5.691337845621356e-25,5.691337845621224e-25,5.691337845621245e-25,5.691337845621257e-25,5.69133784562125e-25,5.691337845621261e-25,5.69133784562128e-25,5.691337845107651e-25,5.691337845107589e-25,5.691337845111832e-25,5.691337845111592e-25,5.691337845110856e-25,5.6913378451108085e-25,5.6913378451099985e-25,5.691337845110014e-25,5.691337845110049e-25,5.691337845110059e-25,5.691337845110845e-25,5.691337845214693e-25,5.691337845214971e-25,5.691337845214731e-25,5.691337845214751e-25,5.691337845214416e-25,5.691337845224683e-25,5.691337845224661e-25,5.691337845137608e-25,5.691337845138872e-25,5.691337845138892e-25,5.6913378451474e-25,5.691337845147677e-25,5.691337845147689e-25,5.691337845147655e-25,5.69133784511969e-25,5.691337845119629e-25,5.6913378451190645e-25,5.691337845127307e-25,5.691337845151304e-25,5.691337845151293e-25,5.69133784515128e-25,5.691337845144042e-25,5.691337845144005e-25,5.691337845144021e-25,5.691337845144077e-25,5.691337845174278e-25,5.691337845177512e-25,5.691337845177549e-25,5.691337845177547e-25,5.691337845177544e-25,5.691337845177684e-25,5.691337845154475e-25,5.69133784515458e-25,5.691337845154542e-25,5.691337844768202e-25,5.691337844768203e-25,5.691337844768405e-25,5.6913378447683365e-25,5.691337844767133e-25,5.691337844767403e-25,5.6913378447674e-25,5.691337844767122e-25,5.69133784476713e-25,5.691337844764235e-25,5.691337844764185e-25,5.691337844763531e-25,5.691337844763513e-25,5.691337855519805e-25,5.691337855519851e-25,5.691337855519864e-25,5.691337855520265e-25,5.691337855520219e-25,5.691337855516035e-25,5.691337855515849e-25,5.69133785551558e-25,5.69133785551557e-25,5.691337855515614e-25,5.691337855515695e-25,5.6913378555155985e-25,5.691337855515596e-25,5.69133785551551e-25,5.6913378555156655e-25,5.691337855515665e-25,5.691337855515549e-25,5.691337855515228e-25,5.69133785551697e-25,5.69133785551698e-25,5.691337855516028e-25,5.691337855516019e-25,5.691337855516118e-25,5.691337855516139e-25,5.691337854439499e-25,5.691337854440313e-25,5.691337854448147e-25,5.691337854447645e-25,5.691337854447688e-25,5.6913378544476885e-25,5.691337854447606e-25,5.691337854447469e-25,5.6913378544474525e-25,5.691337854447445e-25,5.691337854437497e-25,5.691337854386245e-25,5.691337854386024e-25,5.69133785438081e-25,5.691337854379794e-25,5.691337854379727e-25,5.69133785437973e-25,5.691337854373466e-25,5.691337854459009e-25,5.691337854458498e-25,5.691337854458287e-25,5.691337854458284e-25,5.691337854449889e-25,5.69133785444989e-25,5.691337854449891e-25,5.691337854451277e-25,5.691337854450643e-25,5.691337854450637e-25,5.691337854450532e-25,5.691337853974617e-25,5.6913378477420525e-25,5.691337847742055e-25,5.691337847742391e-25,5.691337847742457e-25,5.691337847742447e-25,5.691337850939063e-25,5.691337850759608e-25,5.691337850759573e-25,5.691337855953484e-25,5.691337855954195e-25,5.691337855954156e-25,5.69133785595396e-25,5.691337855954164e-25,5.69133785595424e-25,5.691337855954409e-25,5.691337855956922e-25,5.691337855956883e-25,5.691337855956807e-25,5.691337855604864e-25,5.691337855611679e-25,5.691337856609997e-25,5.69133785203165e-25,5.691337852031682e-25,5.6913378521267465e-25,5.691337852127028e-25,5.691337852127027e-25,5.6913378553112985e-25,5.691337855339175e-25,5.691337857188983e-25,5.6913378571938435e-25,5.691337857193838e-25,5.691337857194877e-25,5.691337857195363e-25,5.691337857195397e-25,5.691337853985897e-25,5.691337854058915e-25,5.691337854059884e-25,5.691337854059875e-25,5.69133785405995e-25,5.691337854018243e-25,5.691337854019111e-25,5.69133785479837e-25,5.6913378547967515e-25,5.691337854796749e-25,5.691337851535246e-25,5.691337851534767e-25,5.6913378515437665e-25,5.691337851543667e-25,5.691337851541499e-25,5.691337851541468e-25,5.69133785154149e-25,5.691337851492425e-25,5.69133785221197e-25,5.691337852211652e-25,5.691337852211649e-25,5.691337852202735e-25,5.691337851439765e-25,5.691337851439755e-25,5.691337852064007e-25,5.691337852064003e-25,5.691337852064696e-25,5.69133785206504e-25,5.691337852065004e-25,5.691337851796877e-25,5.69133785627493e-25,5.691337856989739e-25,5.691337856989905e-25,5.691337857062669e-25,5.691337857062828e-25,5.691337857095925e-25,5.691337857096015e-25,5.691337863112406e-25,5.691337863143595e-25,5.691337860943289e-25,5.691337860943247e-25,5.691337860943258e-25,5.691337865894614e-25,5.691337865924634e-25,5.691337864319621e-25,5.691337860991213e-25,5.691337861014208e-25,5.691337861010236e-25,5.69133785869381e-25,5.6913378586888785e-25,5.691337859724119e-25,5.691337859649315e-25,5.6913378596343635e-25,5.691337859617487e-25,5.691337859617627e-25,5.691337859411683e-25,5.691337859411766e-25,5.691337859411452e-25,5.691337859457399e-25,5.691337859449265e-25,5.691337859449333e-25,5.691337859449325e-25,5.691337859449835e-25,5.691337859449264e-25,5.691337837812703e-25,5.69133783782153e-25,5.69133783782966e-25,5.691337837828147e-25,5.691337836884147e-25,5.69133783688469e-25,5.691337836884673e-25,5.691337836881115e-25,5.691337784703794e-25,5.691337784703851e-25,5.691337784703702e-25,5.691337784703706e-25,5.691337784670291e-25,5.691337784670327e-25,5.691337784667637e-25,5.691337784667627e-25,5.691337784667599e-25,5.691337784667268e-25,5.691337784667086e-25,5.691337791865806e-25,5.691337791865809e-25,5.691337791866068e-25,5.691337791865869e-25,5.69133779186583e-25,5.691337794745223e-25,5.691337794745224e-25,5.69133779474508e-25,5.691337793232909e-25,5.691337788946567e-25,5.691337788946491e-25,5.691337788946341e-25,5.691337788946257e-25,5.691337789035484e-25,5.691337788097864e-25,5.691337788288344e-25,5.691337788388147e-25,5.6913377883626515e-25,5.691337788362773e-25,5.6913377883595e-25,5.691337788359506e-25,5.691337793363976e-25,5.691337793366974e-25,5.691337793366981e-25,5.691337793367107e-25,5.69133779337775e-25,5.691337793377776e-25,5.691337793549929e-25,5.691337793549954e-25,5.691337793549746e-25,5.691337793549688e-25,5.6913377935501365e-25,5.691337793137375e-25,5.691337793137332e-25,5.691337793500593e-25,5.6913377928580275e-25,5.691337792858012e-25,5.691337792843516e-25,5.691337792843538e-25,5.6913377928433145e-25,5.69133779284546e-25,5.691337792845503e-25,5.691337794598222e-25,5.691337794481054e-25,5.69133779448692e-25,5.691337794487061e-25,5.691337794306726e-25,5.691337794307695e-25,5.691337794307687e-25,5.691337794307375e-25,5.691337794307468e-25,5.6913377943118605e-25,5.691337794307202e-25,5.6913377943072945e-25,5.691337794307016e-25,5.69133779430718e-25,5.691337794307203e-25,5.691337794305067e-25,5.691337794305086e-25,5.69133779430517e-25,5.691337787789068e-25,5.691337787789448e-25,5.691337787789454e-25,5.691337787789525e-25,5.691337789493989e-25,5.691337789487094e-25,5.691337789699576e-25,5.691337784836631e-25,5.6913377848364145e-25,5.691337784836823e-25,5.691337784836172e-25,5.691337726350418e-25,5.6913377261184605e-25,5.6913377261187e-25,5.6913377261186965e-25,5.691337725548779e-25,5.691337725548766e-25,5.691337725548744e-25,5.691337735076394e-25,5.691337735084002e-25,5.691337735084754e-25,5.691337735084832e-25,5.691337735084841e-25,5.691337735084133e-25,5.691337734731855e-25,5.691337734731026e-25,5.691337734731293e-25,5.691337741112133e-25,5.691337741112132e-25,5.6913377385418985e-25,5.691337738539731e-25,5.691337738554019e-25,5.691337738553436e-25,5.69133773855392e-25,5.691337738553904e-25,5.691337738553863e-25,5.691337738565326e-25,5.691337738565697e-25,5.69133773856597e-25,5.691337738565974e-25,5.691337738565913e-25,5.691337738605612e-25,5.691337738605657e-25,5.6913377386531535e-25,5.691337738659739e-25,5.691337738660328e-25,5.691337738660305e-25,5.6913377386599815e-25,5.691337738755788e-25,5.6913377387554215e-25,5.691337738809293e-25,5.691337738808222e-25,5.691337738808214e-25,5.691337738808304e-25,5.691337738808293e-25,5.691337738810681e-25,5.6913377388202e-25,5.691337738823397e-25,5.691337738821232e-25,5.691337738821139e-25,5.691337738821578e-25,5.691337738821704e-25,5.691337738821493e-25,5.691337738821548e-25,5.6913377388215e-25,5.691337738821574e-25,5.691337738821587e-25,5.691337738822412e-25,5.691337738814595e-25,5.691337738813752e-25,5.691337738813758e-25,5.69133773881292e-25,5.691337738812518e-25,5.691337738812518e-25,5.691337738812496e-25,5.691337738812631e-25,5.691337746655939e-25,5.691337746656441e-25,5.691337746656687e-25,5.691337746656695e-25,5.691337746656654e-25,5.691337746655333e-25,5.691337746939955e-25,5.6913377469399295e-25,5.691337746939186e-25,5.6913377470657735e-25,5.691337747065923e-25,5.691337747065954e-25,5.691337747066111e-25,5.691337747056773e-25,5.691337747056923e-25,5.691337747056916e-25,5.6913377470569445e-25,5.691337747056884e-25,5.691337747056887e-25,5.69133774705686e-25,5.691337747056901e-25,5.691337747056769e-25,5.691337747056768e-25,5.691337747056769e-25,5.691337747057233e-25,5.69133774705715e-25,5.69133774705676e-25,5.6913377470564945e-25,5.6913377470577425e-25,5.69133774705772e-25,5.691337747057759e-25,5.691337747057819e-25,5.691337747055262e-25,5.691337747055354e-25,5.6913377470553805e-25,5.691337747055356e-25,5.6913377470553585e-25,5.691337747055172e-25,5.691337747055136e-25,5.691337747055139e-25,5.691337747055146e-25,5.69133774705519e-25,5.691337747388645e-25,5.691337747398566e-25,5.691337747398641e-25,5.691337747398355e-25,5.691337747398379e-25,5.691337747397476e-25,5.691337747397475e-25,5.691337747398003e-25,5.6913377473981905e-25,5.691337747398154e-25,5.691337747398043e-25,5.691337747398037e-25,5.69133774739745e-25,5.691337747397445e-25,5.691337747397825e-25,5.691337747397826e-25,5.691337747397702e-25,5.691337747397509e-25,5.691337747397464e-25,5.691337747397513e-25,5.691337747397506e-25,5.691337747397528e-25,5.69133774739724e-25,5.691337747397265e-25,5.6913377473972675e-25,5.691337747397298e-25,5.691337747397872e-25,5.691337747398023e-25,5.6913377473980775e-25,5.691337747398428e-25,5.691337747398426e-25,5.69133774679329e-25,5.691337746793193e-25,5.69133774679492e-25,5.691337746795031e-25,5.69133774679504e-25,5.691337746795192e-25,5.691337746795193e-25,5.6913377467951775e-25,5.691337746795135e-25,5.691337746794827e-25,5.691337746794828e-25,5.691337746794892e-25,5.691337746792271e-25,5.691337746792236e-25,5.6913377467922185e-25,5.6913377467922525e-25,5.691337746791581e-25,5.691337746791572e-25,5.691337746791529e-25,5.691337746791487e-25,5.691337746791471e-25,5.691337746781868e-25,5.691337746782396e-25,5.691337746782895e-25,5.69133774678286e-25,5.6913377467829165e-25,5.691337746782936e-25,5.691337746782936e-25,5.691337746782938e-25,5.691337746782943e-25,5.691337746781855e-25,5.691337746781822e-25,5.691337746781822e-25,5.691337746782097e-25,5.691337746782079e-25,5.691337746782079e-25,5.691337746782288e-25,5.691337746782392e-25,5.69133774678239e-25,5.691337746782409e-25,5.691337746782446e-25,5.691337746782315e-25,5.69133774678224e-25,5.691337746782241e-25,5.69133774678224e-25,5.691337746782244e-25,5.691337746782101e-25,5.6913377467820735e-25,5.6913377467820735e-25,5.691337746781949e-25,5.691337746781937e-25,5.6913377467819385e-25,5.69133774678049e-25,5.6913377467804875e-25,5.691337746780931e-25,5.691337746780929e-25,5.691337746776736e-25,5.691337746776742e-25,5.691337746776747e-25,5.691337746776677e-25,5.691337746776733e-25,5.691337746776734e-25,5.691337746776831e-25,5.691337746776701e-25,5.691337746776749e-25,5.6913377467767195e-25,5.691337746776712e-25,5.69133774677664e-25,5.69133774677666e-25,5.691337746776682e-25,5.691337746776698e-25,5.691337746776702e-25,5.691337746776527e-25,5.691337746776532e-25,5.691337746776379e-25,5.691337746776392e-25,5.6913377467764e-25,5.691337746776401e-25,5.691337746776452e-25,5.691337746776436e-25,5.691337746776437e-25,5.69133774677647e-25,5.691337746776466e-25,5.69133774677645e-25,5.691337746776284e-25,5.691337746776258e-25,5.691337746776258e-25,5.691337746777127e-25,5.691337746777126e-25,5.691337746776807e-25,5.691337746776811e-25,5.691337746776791e-25,5.691337746776914e-25,5.691337746776911e-25,5.691337746776903e-25,5.691337746776924e-25,5.691337746776929e-25,5.691337746776906e-25,5.691337746777003e-25,5.691337746776899e-25,5.691337746776936e-25,5.691337746776889e-25,5.691337746776887e-25,5.691337746776842e-25,5.691337746776774e-25,5.691337746776746e-25,5.691337746776749e-25,5.6913377467767645e-25,5.691337746776763e-25,5.691337746776718e-25,5.691337746776719e-25,5.691337746776717e-25,5.6913377467767195e-25,5.691337746776934e-25,5.691337746777133e-25,5.691337746777304e-25,5.691337746777344e-25,5.691337746777441e-25,5.691337746777963e-25,5.691337746777902e-25,5.691337746777853e-25,5.691337746777847e-25,5.6913377467778555e-25,5.691337746777999e-25,5.691337746778036e-25,5.691337746778038e-25,5.691337746778034e-25,5.691337746778055e-25,5.691337746778142e-25,5.691337746778144e-25,5.691337746778145e-25,5.691337746778144e-25,5.691337746778115e-25,5.691337746777844e-25,5.691337746777837e-25,5.691337746777809e-25,5.691337746777738e-25,5.69133774677767e-25,5.691337746777673e-25,5.691337746777638e-25,5.691337746777647e-25,5.691337746777651e-25,5.691337746777369e-25,5.691337746777355e-25,5.691337746777354e-25,5.691337746777359e-25,5.69133774677737e-25,5.691337746777344e-25,5.691337746777425e-25,5.691337746777426e-25,5.691337746777419e-25,5.691337746777411e-25,5.69133774677742e-25,5.691337746777425e-25,5.69133774677742e-25,5.691337746777374e-25,5.691337746777389e-25,5.691337746777416e-25,5.691337746777404e-25,5.691337746777394e-25,5.691337746777392e-25,5.691337746777311e-25,5.691337746777374e-25,5.691337746777374e-25,5.6913377467772585e-25,5.691337746777346e-25,5.691337746777336e-25,5.691337746777389e-25,5.691337746777894e-25,5.6913377467778775e-25,5.691337746777812e-25,5.691337746777725e-25,5.691337746777308e-25,5.691337746777339e-25,5.691337746777428e-25,5.691337746777259e-25,5.691337746777285e-25,5.691337746777432e-25,5.691337746777726e-25,5.691337746777598e-25,5.691337746777665e-25,5.69133774677767e-25,5.691337746777633e-25,5.691337746777634e-25,5.69133774677765e-25,5.6913377467776525e-25,5.691337746777544e-25,5.691337746778291e-25,5.691337746778293e-25,5.691337746778311e-25,5.69133774677833e-25,5.691337746778345e-25,5.6913377467713085e-25,5.691337746771314e-25,5.691337746771306e-25,5.691337746771214e-25,5.691337746770758e-25,5.691337746770742e-25,5.6913377467707355e-25,5.6913377467707465e-25,5.6913377467707015e-25,5.691337746770024e-25,5.691337746770007e-25,5.691337746770018e-25,5.6913377467705325e-25,5.691337746770506e-25,5.691337746770005e-25,5.691337746770017e-25,5.6913377467815445e-25,5.691337746781547e-25,5.691337746781554e-25,5.691337746781497e-25,5.691337746781536e-25,5.69133774678153e-25,5.691337746781588e-25,5.691337746781414e-25,5.691337746781414e-25,5.691337746781407e-25,5.691337746781782e-25,5.691337746781687e-25,5.691337746781594e-25,5.691337746781597e-25,5.691337746781631e-25,5.691337746781669e-25,5.691337746781356e-25,5.691337746781363e-25,5.691337746781358e-25,5.691337746781481e-25,5.691337746781276e-25,5.691337746781272e-25,5.6913377467812745e-25,5.691337746781273e-25,5.691337746781274e-25,5.691337746780718e-25,5.6913377467807005e-25,5.691337746780753e-25,5.691337746780756e-25,5.691337746780765e-25,5.691337746780788e-25,5.691337746780786e-25,5.69133774678082e-25,5.691337746780793e-25,5.691337746780794e-25,5.691337746780807e-25,5.69133774678081e-25,5.691337746780851e-25,5.691337746780768e-25,5.691337746780771e-25,5.691337746780624e-25,5.691337746780624e-25,5.691337746780649e-25,5.691337746780674e-25,5.691337746780689e-25,5.691337746780741e-25,5.691337746780746e-25,5.6913377467807455e-25,5.691337746780751e-25,5.691337746784204e-25,5.691337746784166e-25,5.691337746784157e-25,5.691337746784169e-25,5.691337746784162e-25,5.691337746784161e-25,5.691337746784038e-25,5.691337746801547e-25,5.691337746801678e-25,5.691337746801721e-25,5.691337746801789e-25,5.691337746801744e-25,5.6913377468020615e-25,5.691337746802062e-25,5.6913377468019265e-25,5.691337746801926e-25,5.691337746801927e-25,5.691337746801927e-25,5.691337746801924e-25,5.691337746801927e-25,5.691337746801922e-25,5.691337746801921e-25,5.691337746801887e-25,5.691337746801864e-25,5.691337746801809e-25,5.691337746801808e-25,5.691337746801687e-25,5.691337746801696e-25,5.6913377468017e-25,5.6913377468017e-25,5.691337746801698e-25,5.691337746801638e-25,5.6913377468016445e-25,5.6913377468017015e-25,5.691337746801579e-25,5.691337746801584e-25,5.691337746801566e-25,5.691337746801725e-25,5.691337746801748e-25,5.691337746801797e-25,5.6913377468018e-25,5.691337746801795e-25,5.691337746801766e-25,5.691337746801781e-25,5.69133774680178e-25,5.691337746801749e-25,5.691337746801753e-25,5.691337746801749e-25,5.691337746801771e-25,5.691337746801789e-25,5.691337746802007e-25,5.691337746802008e-25,5.691337746802032e-25,5.6913377468020275e-25,5.691337746802037e-25,5.691337746802037e-25,5.691337746802069e-25,5.6913377468022075e-25,5.691337746802225e-25,5.691337746802216e-25,5.691337746802241e-25,5.691337746802236e-25,5.691337746793763e-25,5.691337746793695e-25,5.69133774679372e-25,5.691337746793719e-25,5.691337746793551e-25,5.691337746793218e-25,5.6913377467931865e-25,5.6913377467931975e-25,5.691337746793195e-25,5.691337746903482e-25,5.691337746903484e-25,5.691337746903481e-25,5.6913377469035085e-25,5.691337746903537e-25,5.691337746903556e-25,5.691337746903555e-25,5.691337746903269e-25,5.691337746903295e-25,5.691337746903309e-25,5.691337746903298e-25,5.691337746903278e-25,5.691337746903262e-25,5.691337746903266e-25,5.691337746903288e-25,5.691337746903286e-25,5.691337746903726e-25,5.691337746903911e-25,5.6913377469039015e-25,5.691337746903887e-25,5.691337746904258e-25,5.691337746904262e-25,5.691337746904292e-25,5.691337746904293e-25,5.69133774690372e-25,5.6913377469037555e-25,5.691337746903731e-25,5.691337746903747e-25,5.6913377469037445e-25,5.6913377469037665e-25,5.691337746903506e-25,5.691337746903536e-25,5.691337746903522e-25,5.6913377469035305e-25,5.691337746903111e-25,5.691337746903059e-25,5.69133774690316e-25,5.691337746903132e-25,5.691337746903125e-25,5.691337746903184e-25,5.691337746903245e-25,5.691337746903106e-25,5.691337746903081e-25,5.691337746903089e-25,5.6913377469029795e-25,5.691337746902976e-25,5.691337746902965e-25,5.691337746903e-25,5.691337746903074e-25,5.691337746903191e-25,5.69133774690317e-25,5.691337746903147e-25,5.6913377469031485e-25,5.691337746903153e-25,5.691337746903185e-25,5.691337746903185e-25,5.691337746903188e-25,5.691337746903189e-25,5.691337746903219e-25,5.691337746903202e-25,5.691337746903273e-25,5.69133774690323e-25,5.691337746903228e-25,5.691337746903223e-25,5.691337746903222e-25,5.691337746903259e-25,5.691337746903272e-25,5.691337746903276e-25,5.691337746903277e-25,5.691337746903274e-25,5.691337746903314e-25,5.691337746903138e-25,5.69133774690317e-25,5.6913377469031255e-25,5.691337746903138e-25,5.691337746903161e-25,5.691337746903067e-25,5.691337746903115e-25,5.69133774690318e-25,5.691337746903175e-25,5.691337746903174e-25,5.691337746903213e-25,5.691337746903191e-25,5.691337746903224e-25,5.691337746903244e-25,5.691337746903224e-25,5.691337746903234e-25,5.691337746903232e-25,5.691337746903223e-25,5.691337746903226e-25,5.691337746903249e-25,5.69133774690323e-25,5.691337746903229e-25,5.69133774690317e-25,5.691337746903269e-25,5.691337746903317e-25,5.691337746903316e-25,5.691337746903312e-25,5.691337746903287e-25,5.691337746903287e-25,5.691337746903391e-25,5.6913377469034965e-25,5.691337746903419e-25,5.691337746903398e-25,5.691337746903395e-25,5.691337746903394e-25,5.69133774690338e-25,5.691337746903375e-25,5.691337746904144e-25,5.6913377469041385e-25,5.6913377469041385e-25,5.691337746904139e-25,5.691337746904111e-25,5.6913377469041155e-25,5.691337746904121e-25,5.691337746904126e-25,5.6913377469041265e-25,5.6913377469041265e-25,5.69133774690413e-25,5.691337746904095e-25,5.69133774691128e-25,5.691337746911305e-25,5.69133774691132e-25,5.691337746911346e-25,5.691337746911339e-25,5.691337746911459e-25,5.691337746911196e-25,5.691337746911099e-25,5.691337746911204e-25,5.691337746911203e-25,5.691337746911189e-25,5.6913377469112015e-25,5.691337746929931e-25,5.691337746929904e-25,5.69133774692973e-25,5.691337746929779e-25,5.691337746929803e-25,5.691337746929804e-25,5.691337746929799e-25,5.691337746929826e-25,5.691337746929878e-25,5.691337746929876e-25,5.691337746929866e-25,5.691337746929699e-25,5.691337746929705e-25,5.69133774692982e-25,5.691337746929801e-25,5.691337746929943e-25,5.691337746929968e-25,5.691337746930028e-25,5.691337746930038e-25,5.691337746930189e-25,5.691337746930165e-25,5.691337746930166e-25,5.691337746930198e-25,5.6913377469302335e-25,5.691337746930332e-25,5.691337746930295e-25,5.691337746930301e-25,5.691337746930314e-25,5.691337746930403e-25,5.691337743244147e-25,5.691337743244168e-25,5.691337743244158e-25,5.691337743244149e-25,5.691337743244151e-25,5.691337743244175e-25,5.691337743244183e-25,5.691337743243722e-25,5.691337743243812e-25,5.691337743243809e-25,5.691337743243703e-25,5.691337743243657e-25,5.691337743243645e-25,5.691337743243645e-25,5.691337743243613e-25,5.691337743243837e-25,5.691337743243829e-25,5.691337743243807e-25,5.691337743243796e-25,5.691337743243799e-25,5.691337743243853e-25,5.691337743243902e-25,5.69133774324352e-25,5.691337743243408e-25,5.691337743243436e-25,5.691337743243444e-25,5.6913377432434305e-25,5.6913377432433e-25,5.691337743243317e-25,5.691337743243312e-25,5.691337743243309e-25,5.691337743243308e-25,5.691337743243306e-25,5.691337743243304e-25,5.691337743243274e-25,5.691337743243245e-25,5.691337743243288e-25,5.691337743243222e-25,5.691337743243226e-25,5.691337743243409e-25,5.691337743243413e-25,5.6913377432434e-25,5.691337743243399e-25,5.691337743245854e-25,5.691337743245831e-25,5.691337743245829e-25,5.691337743245814e-25,5.69133774429109e-25,5.691337744291081e-25,5.691337744290889e-25,5.691337744290908e-25,5.691337744290919e-25,5.691337744290944e-25,5.691337744290948e-25,5.691337744290924e-25,5.691337744290973e-25,5.691337744290931e-25,5.691337744290933e-25,5.691337744290934e-25,5.691337744290819e-25,5.691337744290795e-25,5.691337744290899e-25,5.691337744290837e-25,5.691337744290795e-25,5.691337744290765e-25,5.691337744291045e-25,5.69133774429093e-25,5.691337744290981e-25,5.691337744295605e-25,5.691337744295624e-25,5.691337744295395e-25,5.691337744295482e-25,5.691337744295465e-25,5.691337744295463e-25,5.691337744295449e-25,5.691337744366017e-25,5.6913377443660735e-25,5.69133774436603e-25,5.691337744366065e-25,5.691337744366066e-25,5.691337744366067e-25,5.691337744366003e-25,5.691337744366029e-25,5.691337744366034e-25,5.691337744366086e-25,5.691337744366079e-25,5.691337744366344e-25,5.6913377443663775e-25,5.691337744366359e-25,5.691337744366356e-25,5.691337744366304e-25,5.691337744366359e-25,5.69133774436632e-25,5.69133774436635e-25,5.6913377443663775e-25,5.69133774436639e-25,5.691337744366393e-25,5.691337744366199e-25,5.691337744365873e-25,5.691337744366178e-25,5.691337744366192e-25,5.691337744366678e-25,5.691337744366709e-25,5.691337744366709e-25,5.691337744366793e-25,5.691337744366794e-25,5.691337744366788e-25,5.691337744366784e-25,5.691337744366848e-25,5.691337744366803e-25,5.691337744366789e-25,5.691337744366781e-25,5.6913377443667705e-25,5.691337744366768e-25,5.691337744366773e-25,5.691337744366756e-25,5.69133774436663e-25,5.691337744366745e-25,5.691337744366806e-25,5.691337744366806e-25,5.691337744366691e-25,5.691337744366807e-25,5.691337744366827e-25,5.691337744366771e-25,5.6913377443667705e-25,5.691337744366842e-25,5.691337744366798e-25,5.6913377443668e-25,5.691337744366799e-25,5.691337744366799e-25,5.6913377443668e-25,5.6913377443685595e-25,5.691337744368548e-25,5.691337744368563e-25,5.691337744368565e-25,5.691337744367439e-25,5.691337744367267e-25,5.691337744367292e-25,5.6913377443673105e-25,5.691337744367291e-25,5.691337744367249e-25,5.691337744367259e-25,5.691337744367264e-25,5.691337744367263e-25,5.691337744367279e-25,5.691337744367233e-25,5.691337744367224e-25,5.691337744367146e-25,5.691337744367204e-25,5.691337744367405e-25,5.691337744367403e-25,5.691337744367425e-25,5.6913377443672435e-25,5.691337744367242e-25,5.6913377443673105e-25,5.691337744367312e-25,5.691337744367632e-25,5.691337744367629e-25,5.691337744367649e-25,5.691337744367642e-25,5.691337744367559e-25,5.691337744367546e-25,5.691337744367545e-25,5.69133774436755e-25,5.6913377443677945e-25,5.691337744367798e-25,5.691337744367762e-25,5.691337744367763e-25,5.691337744367708e-25,5.6913377443677045e-25,5.6913377443677045e-25,5.691337744367692e-25,5.691337744367765e-25,5.69133774436776e-25,5.691337744367765e-25,5.691337744367779e-25,5.691337744367781e-25,5.69133774436776e-25,5.691337744367759e-25,5.691337744367757e-25,5.691337744367757e-25,5.691337744367764e-25,5.6913377443677495e-25,5.691337744367775e-25,5.691337744367709e-25,5.6913377443676935e-25,5.691337744367694e-25,5.691337744367695e-25,5.691337744367556e-25,5.69133774436757e-25,5.691337744367571e-25,5.691337744367575e-25,5.691337744367566e-25,5.6913377443675585e-25,5.6913377443675585e-25,5.691337744367545e-25,5.691337744367551e-25,5.691337744367554e-25,5.691337744367551e-25,5.691337744367552e-25,5.691337744367348e-25,5.691337744367361e-25,5.691337744367353e-25,5.691337744367352e-25,5.691337744367353e-25,5.691337744367353e-25,5.691337744367354e-25,5.691337744367361e-25,5.69133774436743e-25,5.691337744367435e-25,5.69133774436746e-25,5.691337744367461e-25,5.691337744367439e-25,5.691337744367458e-25,5.69133774436744e-25,5.691337744367442e-25,5.691337744367445e-25,5.691337744367444e-25,5.691337744367565e-25,5.691337744367566e-25,5.691337744367567e-25,5.691337744367387e-25,5.691337744367359e-25,5.691337744379261e-25,5.691337744379216e-25,5.691337744379295e-25,5.691337744379146e-25,5.691337744380018e-25,5.69133774438003e-25,5.691337744380038e-25,5.691337744380092e-25,5.691337744380099e-25,5.691337744382648e-25,5.691337744382674e-25,5.691337744382674e-25,5.691337744382636e-25,5.691337744382603e-25,5.691337744382598e-25,5.691337744383727e-25,5.691337744383729e-25,5.691337744383858e-25,5.6913377443838565e-25,5.691337744383828e-25,5.691337744491926e-25,5.691337744491924e-25,5.691337744491827e-25,5.691337744491921e-25,5.691337744491676e-25,5.691337744491674e-25,5.691337744491671e-25,5.691337744491637e-25,5.6913377444913895e-25,5.691337744491329e-25,5.6913377444914345e-25,5.691337744491443e-25,5.691337744491595e-25,5.691337744491413e-25,5.691337744491374e-25,5.691337744491404e-25,5.691337744491398e-25,5.691337744491358e-25,5.691337744491372e-25,5.691337744392087e-25,5.691337744392058e-25,5.691337744392844e-25,5.691337744392845e-25,5.6913377443927995e-25,5.691337744392776e-25,5.691337744392867e-25,5.691337744393981e-25,5.691337744393827e-25,5.691337744393784e-25,5.691337744393111e-25,5.691337744393106e-25,5.69133774439306e-25,5.6913377443930695e-25,5.69133774439307e-25,5.69133774439255e-25,5.691337744392532e-25,5.691337744383769e-25,5.6913377443837665e-25,5.691337744383823e-25,5.691337744383809e-25,5.691337744383859e-25,5.691337744383062e-25,5.691337744383064e-25,5.691337744383086e-25,5.691337744383153e-25,5.69133774438318e-25,5.691337744383186e-25,5.691337744383185e-25,5.691337744383183e-25,5.691337744383184e-25,5.691337744383034e-25,5.691337744383066e-25,5.691337744383072e-25,5.6913377443832045e-25,5.691337744383403e-25,5.691337744383453e-25,5.691337744383429e-25,5.691337744383496e-25,5.691337744383752e-25,5.691337744383726e-25,5.691337744383727e-25,5.6913377443837785e-25,5.691337744383696e-25,5.69133774438367e-25,5.691337744383626e-25,5.691337744383406e-25,5.69133774438337e-25,5.691337744383353e-25,5.691337744383352e-25,5.69133774438332e-25,5.691337744383318e-25,5.69133774438233e-25,5.691337744382141e-25,5.691337744382146e-25,5.691337744382275e-25,5.691337744382003e-25,5.691337744381985e-25,5.691337744381984e-25,5.691337744381984e-25,5.691337744381976e-25,5.691337744381963e-25,5.691337744381969e-25,5.691337744382089e-25,5.691337744382196e-25,5.691337744382197e-25,5.691337744382079e-25,5.691337744380202e-25,5.691337744380098e-25,5.691337744380097e-25,5.6913377443801005e-25,5.691337744380388e-25,5.691337744380275e-25,5.691337744380285e-25,5.691337744380286e-25,5.691337744380287e-25,5.691337744380287e-25,5.691337744380289e-25,5.691337744381181e-25,5.691337744381218e-25,5.691337744381221e-25,5.69133774438123e-25,5.69133774438123e-25,5.691337744381241e-25,5.691337744381242e-25,5.691337744381192e-25,5.6913377443811915e-25,5.6913377443811915e-25,5.6913377443806175e-25,5.691337744380714e-25,5.691337744380711e-25,5.691337744379333e-25,5.691337744379263e-25,5.69133774437936e-25,5.691337744379147e-25,5.691337744379117e-25,5.691337744379177e-25,5.691337744379452e-25,5.691337744379073e-25,5.6913377443795155e-25,5.691337744379512e-25,5.691337744379507e-25,5.691337744379514e-25,5.691337744379554e-25,5.691337744379491e-25,5.6913377443794585e-25,5.6913377443794475e-25,5.691337744379474e-25,5.691337744379473e-25,5.691337744379491e-25,5.691337744379637e-25,5.691337744379566e-25,5.691337744379561e-25,5.691337744379561e-25,5.691337744379483e-25,5.691337744379254e-25,5.691337744769033e-25,5.6913377447688805e-25,5.691337744768879e-25,5.691337744768889e-25,5.691337744768915e-25,5.691337744768912e-25,5.69133774476891e-25,5.691337744769257e-25,5.691337744769272e-25,5.691337744768003e-25,5.6913377447680705e-25,5.6913377447680705e-25,5.691337744768065e-25,5.691337744768061e-25,5.691337744768085e-25,5.691337744768134e-25,5.691337744768134e-25,5.691337744768112e-25,5.691337744768308e-25,5.691337744768304e-25,5.691337744764913e-25,5.691337744764913e-25,5.691337744764913e-25,5.691337744764913e-25,5.6913377447670815e-25,5.691337744767199e-25,5.691337744767046e-25,5.691337744766466e-25,5.691337744766461e-25,5.691337744766453e-25,5.691337744766542e-25,5.6913377447665415e-25,5.691337744766444e-25,5.691337744766537e-25,5.691337744766653e-25,5.691337744766661e-25,5.691337744768577e-25,5.691337744768575e-25,5.6913377447688585e-25,5.691337744769429e-25,5.691337744769109e-25,5.691337744769088e-25,5.691337744769191e-25,5.691337744769167e-25,5.691337744769564e-25,5.691337744769575e-25,5.691337744769574e-25,5.691337744769626e-25,5.691337744769624e-25,5.691337744769627e-25,5.691337744769633e-25,5.6913377447696565e-25,5.6913377447693085e-25,5.6913377447695555e-25,5.691337744769602e-25,5.6913377447695215e-25,5.6913377447695215e-25,5.691337744769562e-25,5.691337744769919e-25,5.691337744769936e-25,5.69133774477005e-25,5.6913377447700505e-25,5.691337744769516e-25,5.691337744769594e-25,5.6913377447186805e-25,5.691337745202873e-25,5.691337745203661e-25,5.691337745204771e-25,5.691337745204195e-25,5.691337745204184e-25,5.691337745204141e-25,5.691337745204149e-25,5.691337745204374e-25,5.69133774520437e-25,5.691337745203927e-25,5.691337745202335e-25,5.69133774520221e-25,5.691337745202221e-25,5.691337745204031e-25,5.691337745204358e-25,5.691337745204378e-25,5.691337745204336e-25,5.6913377452043415e-25,5.69133774520412e-25,5.691337745204121e-25,5.691337745204137e-25,5.6913377451623635e-25,5.691337745090234e-25,5.691337745090125e-25,5.691337745091081e-25,5.691337745087794e-25,5.691337745087831e-25,5.691337745087834e-25,5.6913377450878335e-25,5.6913377450615915e-25,5.691337745061527e-25,5.691337745061535e-25,5.691337745062287e-25,5.691337745062536e-25,5.6913377450625365e-25,5.691337745062884e-25,5.691337745063096e-25,5.6913377450628395e-25,5.691337745064114e-25,5.691337745063389e-25,5.691337745063405e-25,5.691337745063419e-25,5.691337745063422e-25,5.691337745063597e-25,5.691337745063574e-25,5.691337745063572e-25,5.691337745177851e-25,5.691337745178227e-25,5.691337745178218e-25,5.69133774517763e-25,5.691337745177589e-25,5.69133774517759e-25,5.691337745177588e-25,5.6913377451777615e-25,5.691337745177615e-25,5.691337745178404e-25,5.69133774517806e-25,5.691337745231405e-25,5.691337745228162e-25,5.691337745252986e-25,5.6913377452533605e-25,5.6913377452581525e-25,5.691337745258152e-25,5.691337745259948e-25,5.691337745259974e-25,5.691337745289193e-25,5.691337745066242e-25,5.69133774506634e-25,5.69133774506634e-25,5.691337745066685e-25,5.691337745066681e-25,5.691337745066753e-25,5.6913377450687445e-25,5.691337745066246e-25,5.691337745065838e-25,5.691337744491848e-25,5.691337744492031e-25,5.691337744492028e-25,5.6913377445081035e-25,5.69133774450822e-25,5.691337744502974e-25,5.691337744502636e-25,5.691337744502646e-25,5.691337744500614e-25,5.691337744041485e-25,5.691337744041526e-25,5.691337744047274e-25,5.691337744049481e-25,5.691337744049454e-25,5.691337744049367e-25,5.691337744048879e-25,5.691337743444691e-25,5.691337743445266e-25,5.691337743383923e-25,5.691337743358226e-25,5.6913377433582405e-25,5.691337743358242e-25,5.691337743357561e-25,5.691337743357555e-25,5.6913377433575e-25,5.6913377433574975e-25,5.691337743294524e-25,5.691337743294484e-25,5.691337743294586e-25,5.691337743184231e-25,5.691337743184257e-25,5.691337742852166e-25,5.691337742852165e-25,5.691337743087697e-25,5.691337743087555e-25,5.691337743142588e-25,5.691337743155325e-25,5.691337744181313e-25,5.69133774414463e-25,5.691337744143368e-25,5.691337744143369e-25,5.691337744160261e-25,5.691337744113829e-25,5.691337744124376e-25,5.691337744124548e-25,5.691337744124562e-25,5.691337744119757e-25,5.691337744108514e-25,5.6913377441033955e-25,5.691337744103516e-25,5.691337744103517e-25,5.691337743859487e-25,5.691337743860615e-25,5.691337743860715e-25,5.6913377438591985e-25,5.691337744241378e-25,5.691337744241382e-25,5.691337744241375e-25,5.691337744848643e-25,5.6913377446991195e-25,5.6913377446992e-25,5.691337744699091e-25,5.691337744699647e-25,5.691337744699676e-25,5.691337744696119e-25,5.6913377446961275e-25,5.691337744695738e-25,5.691337744695473e-25,5.691337744632838e-25,5.691337744614546e-25,5.691337744899065e-25,5.691337744823925e-25,5.691337744823832e-25,5.691337744770211e-25,5.691337744770239e-25,5.691337747105157e-25,5.691337747102152e-25,5.69133774710213e-25,5.691337747097503e-25,5.691337746863428e-25,5.6913377470583e-25,5.691337747058301e-25,5.691337747013712e-25,5.691337747014493e-25,5.691337747014494e-25,5.691337747014548e-25,5.691337747050064e-25,5.691337747050105e-25,5.691337747051094e-25,5.691337747051153e-25,5.691337746852447e-25,5.691337746630563e-25,5.691337746630562e-25,5.691337746630564e-25,5.691337767848848e-25,5.691337767996886e-25,5.691337767996892e-25,5.691337768003949e-25,5.691337768056852e-25,5.691337768056782e-25,5.691337768008136e-25,5.691337768008154e-25,5.6913377680081375e-25,5.691337768009737e-25,5.691337768009462e-25,5.691337768011381e-25,5.691337770540301e-25,5.691337770420984e-25,5.691337770420687e-25,5.6913377704184345e-25,5.6913377704391e-25,5.691337770561269e-25,5.691337770540838e-25,5.691337770225643e-25,5.691337770269753e-25,5.69133777027944e-25,5.691337770279441e-25,5.691337770278682e-25,5.691337770278906e-25,5.691337770246054e-25,5.691337770265924e-25,5.6913377702671355e-25,5.691337774722013e-25,5.691337774722015e-25,5.691337774720429e-25,5.691337774720286e-25,5.691337773847529e-25,5.691337773847457e-25,5.691337773511235e-25,5.691337773536287e-25,5.691337773359834e-25,5.69133777334501e-25,5.6913377703772555e-25,5.691337770377275e-25,5.691337770377348e-25,5.691337770323884e-25,5.691337770323883e-25,5.691337770323533e-25,5.691337770353806e-25,5.69133777019086e-25,5.691337770190859e-25,5.691337770190889e-25,5.691337770190889e-25,5.691337770190884e-25,5.691337770189999e-25,5.691337770178044e-25,5.691337770180445e-25,5.691337770180438e-25,5.6913377737906165e-25,5.691337773796362e-25,5.69133777379615e-25,5.69133777377933e-25,5.691337773779441e-25,5.691337773779541e-25,5.691337773778206e-25,5.69133777377867e-25,5.691337773778553e-25,5.691337773778667e-25,5.691337773778665e-25,5.691337773779909e-25,5.691337773737798e-25,5.691337773738132e-25,5.69133777373815e-25,5.691337773738148e-25,5.691337773738148e-25,5.691337773738192e-25,5.691337773738188e-25,5.691337774355338e-25,5.6913377743552725e-25,5.691337774355273e-25,5.691337774524822e-25,5.69133777454294e-25,5.691337774626449e-25,5.691337774630143e-25,5.691337774554384e-25,5.69133777455435e-25,5.691337774554455e-25,5.691337774554363e-25,5.691337774555262e-25,5.691337774555814e-25,5.691337774554976e-25,5.69133777453311e-25,5.691337774533128e-25,5.691337774532986e-25,5.691337774532771e-25,5.69133777453242e-25,5.691337774531979e-25,5.691337774532206e-25,5.691337774518195e-25,5.69133777688686e-25,5.691337777303981e-25,5.691337777303979e-25,5.691337777304012e-25,5.691337777304138e-25,5.691337777303378e-25,5.691337777232064e-25,5.691337777232446e-25,5.691337777241501e-25,5.691337777533646e-25,5.691337777533518e-25,5.69133777753365e-25,5.691337777533648e-25,5.691337777531884e-25,5.69133777810642e-25,5.691337778320444e-25,5.691337778320785e-25,5.691337778335869e-25,5.69133777833608e-25,5.691337778336085e-25,5.691337778336076e-25,5.691337778886986e-25,5.69133777888701e-25,5.691337778887025e-25,5.691337778664406e-25,5.691337778664412e-25,5.691337778663938e-25,5.691337778663942e-25,5.691337778664403e-25,5.691337778664023e-25,5.691337778931201e-25,5.691337778931467e-25,5.691337778931467e-25,5.691337778916544e-25,5.691337778192912e-25,5.691337778192289e-25,5.691337778191896e-25,5.691337778189881e-25,5.691337778189819e-25,5.691337778190222e-25,5.69133777819019e-25,5.691337777547492e-25,5.691337777553562e-25,5.691337777762957e-25,5.691337777722758e-25,5.691337777722758e-25,5.691337777723385e-25,5.691337777723319e-25,5.691337777723319e-25,5.691337777830317e-25,5.691337777830281e-25,5.691337777830444e-25,5.691337777603763e-25,5.691337777784831e-25,5.691337777784867e-25,5.691337777782658e-25,5.691337777783192e-25,5.691337777783294e-25,5.69133777778337e-25,5.691337777783497e-25,5.691337777783525e-25,5.691337777488288e-25,5.691337777488164e-25,5.691337777488162e-25,5.691337777455219e-25,5.691337778549936e-25,5.691337778550451e-25,5.691337779086564e-25,5.691337779095448e-25,5.691337779086004e-25,5.691337779086013e-25,5.691337779086001e-25,5.691337779086014e-25,5.691337779085997e-25,5.691337779086029e-25,5.691337779086023e-25,5.691337779100153e-25,5.691337779099317e-25,5.691337779980285e-25,5.691337779979343e-25,5.691337779979342e-25,5.691337779980462e-25,5.6913377799810425e-25,5.691337780039542e-25,5.691337780050757e-25,5.691337780050678e-25,5.691337780050679e-25,5.691337779996575e-25,5.691337779996714e-25,5.691337779996513e-25,5.6913377799964525e-25,5.691337779996452e-25,5.691337779656397e-25,5.691337779657373e-25,5.691337779657513e-25,5.691337778523435e-25,5.691337778629684e-25,5.691337779365176e-25,5.691337779363799e-25,5.6913377793632605e-25,5.691337779363131e-25,5.691337779363253e-25,5.691337779362429e-25,5.691337779362578e-25,5.691337779362574e-25,5.691337779326324e-25,5.691337779325722e-25,5.6913377793257365e-25,5.691337779322827e-25,5.691337779596961e-25,5.691337779597229e-25,5.691337779674639e-25,5.691337779674519e-25,5.691337779674494e-25,5.691337779674725e-25,5.691337779674274e-25,5.691337779674157e-25,5.69133777967416e-25,5.691337779674162e-25,5.691337779674174e-25,5.691337779689122e-25,5.69133777966964e-25,5.691337779669867e-25,5.691337779635173e-25,5.691337779635197e-25,5.691337779635567e-25,5.69133777963557e-25,5.691337779635711e-25,5.691337779635702e-25,5.69133777963557e-25,5.691337779635615e-25,5.69133777955413e-25,5.691337779553971e-25,5.691337779554837e-25,5.691337779578925e-25,5.691337779767344e-25,5.691337779767153e-25,5.691337779767915e-25,5.691337779767924e-25,5.691337779766858e-25,5.691337779766841e-25,5.691337779766839e-25,5.691337779766692e-25,5.69133777976669e-25,5.691337779766705e-25,5.691337779766928e-25,5.691337779766936e-25,5.691337779767367e-25,5.691337779767389e-25,5.691337779767155e-25,5.691337779767158e-25,5.691337779767162e-25,5.69133777982788e-25,5.6913377798278765e-25,5.691337779827878e-25,5.691337779827881e-25,5.6913377798279095e-25,5.691337780878531e-25,5.691337780878509e-25,5.691337780390282e-25,5.691337780390281e-25,5.69133778039052e-25,5.691337780389986e-25,5.691337780389989e-25,5.69133778038966e-25,5.691337780389646e-25,5.691337780389647e-25,5.691337780385786e-25,5.691337780385731e-25,5.691337780385697e-25,5.691337780385698e-25,5.691337780385745e-25,5.691337780386038e-25,5.691337780213336e-25,5.691337780213332e-25,5.691337780213307e-25,5.691337780213362e-25,5.691337780213394e-25,5.691337780213202e-25,5.691337780212539e-25,5.691337780212845e-25,5.691337780212855e-25,5.691337780212866e-25,5.691337780212837e-25,5.691337780212828e-25,5.691337780212766e-25,5.691337780212888e-25,5.691337780212809e-25,5.691337780212808e-25,5.691337780212621e-25,5.691337780212059e-25,5.691337780209196e-25,5.6913377802093115e-25,5.691337780209305e-25,5.691337780241095e-25,5.691337780241145e-25,5.691337780240245e-25,5.691337780240464e-25,5.691337789599383e-25,5.691337789598854e-25,5.691337789599252e-25,5.691337789599429e-25,5.691337789599341e-25,5.691337789599334e-25,5.691337789599349e-25,5.691337789599428e-25,5.691337789599427e-25,5.6913377895994515e-25,5.691337789596032e-25,5.691337789595899e-25,5.6913377895958865e-25,5.691337789596406e-25,5.691337789596807e-25,5.691337789596633e-25,5.691337789597393e-25,5.691337789597564e-25,5.691337789597565e-25,5.691337789597565e-25,5.691337789597416e-25,5.691337789597414e-25,5.691337789597798e-25,5.691337789595248e-25,5.691337789595298e-25,5.6913377895949635e-25,5.69133778959496e-25,5.691337789594949e-25,5.691337789427058e-25,5.691337789426941e-25,5.691337789426954e-25,5.691337789428489e-25,5.691337789428488e-25,5.691337789428962e-25,5.691337789428909e-25,5.691337789428716e-25,5.691337789428714e-25,5.69133778942873e-25,5.691337789428776e-25,5.691337789428629e-25,5.691337789428664e-25,5.691337789428595e-25,5.6913377894286035e-25,5.691337789428746e-25,5.691337789428691e-25,5.691337789428632e-25,5.691337789457788e-25,5.691337789458005e-25,5.691337789457928e-25,5.691337789458139e-25,5.6913377894581755e-25,5.691337789458441e-25,5.691337789458862e-25,5.691337789458885e-25,5.691337789459003e-25,5.691337789458993e-25,5.691337789459064e-25,5.6913377894591425e-25,5.6913377894591425e-25,5.691337789460764e-25,5.69133778946096e-25,5.691337789460959e-25,5.691337789460836e-25,5.691337789460786e-25,5.691337789460761e-25,5.691337789460768e-25,5.69133778946078e-25,5.691337789458807e-25,5.691337789458801e-25,5.69133778946307e-25,5.691337789463099e-25,5.691337789463098e-25,5.691337789462875e-25,5.6913377894628435e-25,5.691337789462867e-25,5.69133778946287e-25,5.691337789462815e-25,5.691337789461329e-25,5.691337789461398e-25,5.691337789461364e-25,5.691337789462728e-25,5.691337789462726e-25,5.691337789462732e-25,5.691337789462788e-25,5.6913377894621235e-25,5.691337789465065e-25,5.691337789465212e-25,5.691337789465071e-25,5.691337789465071e-25,5.691337789465113e-25,5.6913377894651265e-25,5.691337789465142e-25,5.691337789465164e-25,5.69133778946501e-25,5.691337789465003e-25,5.691337789464507e-25,5.691337789464509e-25,5.691337789464525e-25,5.691337789464622e-25,5.691337789464623e-25,5.691337789464605e-25,5.691337789464614e-25,5.69133778946468e-25,5.69133778946469e-25,5.691337789464772e-25,5.691337789464774e-25,5.691337789464774e-25,5.691337789464689e-25,5.691337789464709e-25,5.691337789464658e-25,5.691337789464633e-25,5.691337789465054e-25,5.691337789465075e-25,5.691337789465083e-25,5.691337789465085e-25,5.691337789464999e-25,5.691337789465001e-25,5.691337789464984e-25,5.691337789465624e-25,5.691337789465406e-25,5.691337789465403e-25,5.691337789465358e-25,5.691337789465337e-25,5.691337789465342e-25,5.691337789465368e-25,5.691337789465198e-25,5.691337789465006e-25,5.691337789465051e-25,5.691337789464941e-25,5.691337789465125e-25,5.691337789465194e-25,5.69133778946514e-25,5.691337789465424e-25,5.6913377894654075e-25,5.691337789468795e-25,5.691337789468853e-25,5.691337789468676e-25,5.691337789468629e-25,5.691337789468625e-25,5.691337789468638e-25,5.691337789467802e-25,5.6913377894678375e-25,5.691337789467684e-25,5.691337789467756e-25,5.691337789467761e-25,5.69133778946776e-25,5.69133778946772e-25,5.691337789467532e-25,5.691337789467538e-25,5.691337789467488e-25,5.691337789467459e-25,5.691337789467472e-25,5.691337789423007e-25,5.691337789423018e-25,5.691337789423027e-25,5.69133778942277e-25,5.691337789422764e-25,5.691337789422668e-25,5.6913377894225975e-25,5.691337789422633e-25,5.691337789422976e-25,5.691337789422963e-25,5.691337789422249e-25,5.69133778941768e-25,5.691337789418034e-25,5.691337789419214e-25,5.691337789419177e-25,5.69133778941917e-25,5.691337789419163e-25,5.691337789419624e-25,5.691337789419501e-25,5.691337789419407e-25,5.691337789419413e-25,5.691337789419451e-25,5.691337789419525e-25,5.691337789419465e-25,5.691337789418943e-25,5.691337789418941e-25,5.6913377894193695e-25,5.691337789419404e-25,5.69133778941942e-25,5.691337789419416e-25,5.691337789419187e-25,5.691337789419231e-25,5.691337789419213e-25,5.69133778941904e-25,5.691337789419182e-25,5.691337789419184e-25,5.691337789418824e-25,5.691337789418857e-25,5.691337789418836e-25,5.691337789418585e-25,5.691337789418554e-25,5.691337789418448e-25,5.691337789418543e-25,5.691337789418519e-25,5.6913377894186715e-25,5.691337789418647e-25,5.691337789418454e-25,5.691337789418821e-25,5.691337789418828e-25,5.691337789418885e-25,5.691337789418608e-25,5.691337789418694e-25,5.691337789418806e-25,5.69133778941876e-25,5.691337789420005e-25,5.691337789420274e-25,5.691337789420146e-25,5.691337789420105e-25,5.691337789419847e-25,5.691337789419754e-25,5.691337789419587e-25,5.691337789419628e-25,5.691337789419591e-25,5.691337789419594e-25,5.6913377894193245e-25,5.691337789420048e-25,5.691337789420123e-25,5.6913377894203585e-25,5.69133778942017e-25,5.691337789420243e-25,5.691337789420283e-25,5.691337789420301e-25,5.691337789420297e-25,5.691337789420353e-25,5.6913377894203585e-25,5.6913377894209775e-25,5.691337789421124e-25,5.691337789421118e-25,5.691337789421146e-25,5.691337789420725e-25,5.691337789421038e-25,5.6913377894208875e-25,5.691337789420929e-25,5.691337789420945e-25,5.691337789420983e-25,5.691337789420984e-25,5.691337789420451e-25,5.691337789420376e-25,5.691337789420298e-25,5.691337789420293e-25,5.691337789420387e-25,5.691337789420863e-25,5.691337789420977e-25,5.691337789421123e-25,5.691337789421123e-25,5.691337789421147e-25,5.691337789415467e-25,5.69133778941546e-25,5.6913377894155105e-25,5.691337789416004e-25,5.691337789416653e-25,5.691337789416389e-25,5.691337789416521e-25,5.691337789416803e-25,5.691337789416846e-25,5.691337789416921e-25,5.691337789416718e-25,5.691337789416702e-25,5.691337789416685e-25,5.6913377894177715e-25,5.691337789417821e-25,5.691337789417756e-25,5.69133778941768e-25,5.6913377894176595e-25,5.6913377894176485e-25,5.691337789417592e-25,5.691337789417933e-25,5.691337789418137e-25,5.691337789417851e-25,5.691337789417768e-25,5.69133778941553e-25,5.691337789415155e-25,5.691337789415047e-25,5.691337789421685e-25,5.691337789421622e-25,5.6913377894216185e-25,5.6913377894215175e-25,5.691337789422157e-25,5.691337789422155e-25,5.691337789422127e-25,5.691337789422088e-25,5.691337789422065e-25,5.691337789422174e-25,5.691337789422168e-25,5.691337789422137e-25,5.691337789422217e-25,5.69133778942213e-25,5.691337789422138e-25,5.691337789422249e-25,5.691337789422159e-25,5.69133778942202e-25,5.691337789421514e-25,5.691337789421514e-25,5.691337789421535e-25,5.691337789421484e-25,5.6913377894213605e-25,5.691337789421318e-25,5.691337789421191e-25,5.691337789421297e-25,5.691337789421243e-25,5.691337789421491e-25,5.691337789421526e-25,5.691337789421552e-25,5.691337789421579e-25,5.691337789421554e-25,5.691337789421518e-25,5.6913377894215e-25,5.691337789421439e-25,5.69133778942141e-25,5.691337789421398e-25,5.691337789421305e-25,5.691337789421313e-25,5.691337789421247e-25,5.69133778942126e-25,5.691337789421259e-25,5.691337789421036e-25,5.69133778942082e-25,5.691337789420823e-25,5.691337789420839e-25,5.691337789420838e-25,5.691337789420856e-25,5.6913377894208315e-25,5.691337789420823e-25,5.691337789420694e-25,5.691337789421046e-25,5.691337789420475e-25,5.691337789420496e-25,5.691337789420487e-25,5.691337789420483e-25,5.69133778942047e-25,5.691337789420432e-25,5.691337789420427e-25,5.691337789418213e-25,5.6913377894180985e-25,5.691337789418412e-25,5.691337789418431e-25,5.691337789418426e-25,5.69133778941834e-25,5.691337789418366e-25,5.691337789448256e-25,5.691337789448296e-25,5.691337789448104e-25,5.691337789441511e-25,5.691337789441613e-25,5.691337789441589e-25,5.691337789441516e-25,5.691337789441479e-25,5.691337789441506e-25,5.69133778944143e-25,5.691337789441403e-25,5.691337789440015e-25,5.691337789440039e-25,5.691337789439945e-25,5.691337789439938e-25,5.691337789439936e-25,5.691337789440088e-25,5.691337789439869e-25,5.691337789439924e-25,5.691337789440176e-25,5.691337789440175e-25,5.691337789440154e-25,5.69133778944016e-25,5.6913377894401335e-25,5.691337789440135e-25,5.691337789440113e-25,5.691337789440043e-25,5.69133778944005e-25,5.6913377894399755e-25,5.691337789439912e-25,5.691337789439929e-25,5.691337789440064e-25,5.691337789439791e-25,5.6913377894398295e-25,5.691337789439821e-25,5.691337789440696e-25,5.691337789440516e-25,5.69133778944043e-25,5.691337789440425e-25,5.6913377894404255e-25,5.69133778944046e-25,5.691337789440457e-25,5.691337789440489e-25,5.691337789440661e-25,5.691337789440651e-25,5.691337789440702e-25,5.691337789440714e-25,5.691337789440477e-25,5.691337789440413e-25,5.691337789440176e-25,5.691337789440138e-25,5.691337789440225e-25,5.691337789440365e-25,5.691337789440387e-25,5.691337789440407e-25,5.691337789440393e-25,5.691337789440348e-25,5.691337789440299e-25,5.691337789440279e-25,5.691337789318094e-25,5.691337789312612e-25,5.691337789312493e-25,5.691337789312539e-25,5.691337789312572e-25,5.691337789312494e-25,5.691337789312594e-25,5.691337789312557e-25,5.691337789312541e-25,5.691337789312533e-25,5.69133778931252e-25,5.691337789312041e-25,5.691337789312039e-25,5.691337789312076e-25,5.691337789312119e-25,5.691337789311768e-25,5.691337789311783e-25,5.691337789311784e-25,5.691337789312492e-25,5.691337789312701e-25,5.691337789312841e-25,5.691337789312808e-25,5.691337789312787e-25,5.691337789312823e-25,5.691337789312825e-25,5.691337789313159e-25,5.691337789313178e-25,5.69133778931313e-25,5.691337789313328e-25,5.691337789313332e-25,5.69133778931335e-25,5.691337789313347e-25,5.691337789313351e-25,5.691337789313329e-25,5.691337789313306e-25,5.691337789313329e-25,5.691337789313305e-25,5.6913377893110385e-25,5.691337789311039e-25,5.691337789310931e-25,5.691337789311057e-25,5.691337789311047e-25,5.691337789311126e-25,5.691337789311147e-25,5.691337789311151e-25,5.691337789311207e-25,5.691337789311125e-25,5.691337789311118e-25,5.691337789311147e-25,5.69133778931103e-25,5.691337789311036e-25,5.691337789311058e-25,5.69133778931108e-25,5.691337789310422e-25,5.691337789310337e-25,5.691337789310343e-25,5.691337789310316e-25,5.691337789310462e-25,5.691337789311004e-25,5.691337789310986e-25,5.6913377893110495e-25,5.691337789311053e-25,5.6913377893110275e-25,5.691337789310998e-25,5.691337789310893e-25,5.691337789311082e-25,5.691337789310986e-25,5.69133778931099e-25,5.69133778931094e-25,5.691337789310878e-25,5.69133778931109e-25,5.691337789311082e-25,5.691337789311124e-25,5.691337789311115e-25,5.691337789311218e-25,5.691337789311342e-25,5.691337789311256e-25,5.691337789311345e-25,5.691337789311343e-25,5.691337789311342e-25,5.691337789311327e-25,5.691337789311387e-25,5.691337789311379e-25,5.69133778931125e-25,5.691337789311228e-25,5.691337789311195e-25,5.69133778931115e-25,5.691337789311278e-25,5.691337789311227e-25,5.691337789311156e-25,5.691337789311227e-25,5.6913377893112185e-25,5.691337789310885e-25,5.691337789310839e-25,5.691337789311011e-25,5.691337789310944e-25,5.691337789310945e-25,5.691337789310962e-25,5.691337789311011e-25,5.691337789311013e-25,5.691337789310573e-25,5.691337789310581e-25,5.691337789310583e-25,5.691337789310355e-25,5.691337789310523e-25,5.691337789310334e-25,5.691337789310337e-25,5.691337789310495e-25,5.691337789310572e-25,5.691337789310574e-25,5.691337789318934e-25,5.691337789318859e-25,5.691337789318917e-25,5.691337789319066e-25,5.691337789320268e-25,5.691337789320153e-25,5.691337789320199e-25,5.691337789319792e-25,5.691337789317146e-25,5.691337789317108e-25,5.691337789316901e-25,5.691337789316865e-25,5.691337789316847e-25,5.691337789316814e-25,5.691337789316428e-25,5.691337789316333e-25,5.691337789316358e-25,5.691337789316398e-25,5.69133778931636e-25,5.691337789316357e-25,5.691337789316388e-25,5.69133778849315e-25,5.69133778849314e-25,5.69133778849277e-25,5.691337788492773e-25,5.691337788492772e-25,5.69133778849277e-25,5.691337788493127e-25,5.691337788493129e-25,5.6913377884931405e-25,5.691337788492865e-25,5.6913377884928825e-25,5.691337788495236e-25,5.691337788495271e-25,5.691337788495237e-25,5.6913377884952555e-25,5.691337788485915e-25,5.691337788485742e-25,5.691337788485722e-25,5.691337788485697e-25,5.6913377884854695e-25,5.691337788485473e-25,5.691337788485538e-25,5.691337788485781e-25,5.691337788485782e-25,5.691337788486298e-25,5.691337788486154e-25,5.691337788486175e-25,5.691337788485971e-25,5.691337788485849e-25,5.69133778848603e-25,5.6913377884859985e-25,5.691337788488584e-25,5.691337788488585e-25,5.691337788488616e-25,5.691337788488603e-25,5.6913377884886525e-25,5.691337788488727e-25,5.691337788488793e-25,5.691337788488779e-25,5.691337788489092e-25,5.691337788489083e-25,5.691337788489082e-25,5.691337788489568e-25,5.691337788489558e-25,5.691337788489581e-25,5.691337788489682e-25,5.691337788489706e-25,5.691337788488761e-25,5.691337788489033e-25,5.691337788490344e-25,5.691337788490335e-25,5.691337788490335e-25,5.691337788490649e-25,5.691337788489866e-25,5.691337788489785e-25,5.691337788489785e-25,5.691337788489927e-25,5.691337788489961e-25,5.691337788489971e-25,5.691337788489686e-25,5.691337788489796e-25,5.691337788489741e-25,5.691337788489613e-25,5.691337788489722e-25,5.6913377884899575e-25,5.691337788490254e-25,5.6913377884904185e-25,5.691337788490412e-25,5.691337788490988e-25,5.691337788490986e-25,5.691337788490989e-25,5.691337788490718e-25,5.691337788490718e-25,5.691337788490709e-25,5.691337788489953e-25,5.691337788489956e-25,5.6913377884899575e-25,5.691337788489812e-25,5.691337788489836e-25,5.691337788489812e-25,5.691337788489806e-25,5.691337788489896e-25,5.691337788489941e-25,5.691337788490129e-25,5.6913377884894855e-25,5.691337788489476e-25,5.691337788489563e-25,5.6913377884895305e-25,5.691337788489532e-25,5.691337788455189e-25,5.691337788455203e-25,5.691337788455619e-25,5.691337788455616e-25,5.691337788455616e-25,5.691337788455612e-25,5.691337788456035e-25,5.691337788455728e-25,5.691337788455699e-25,5.691337788455689e-25,5.691337788455911e-25,5.691337788456902e-25,5.691337788457275e-25,5.691337788457296e-25,5.691337788457755e-25,5.691337788457737e-25,5.69133778845777e-25,5.691337788457763e-25,5.691337788458783e-25,5.691337788458855e-25,5.69133778845911e-25,5.69133778845912e-25,5.691337788459176e-25,5.691337788458818e-25,5.69133778845881e-25,5.691337788458791e-25,5.69133778845878e-25,5.691337788458829e-25,5.6913377884588905e-25,5.691337788458967e-25,5.691337788458853e-25,5.6913377884605885e-25,5.69133778846056e-25,5.691337788460574e-25,5.6913377884603755e-25,5.69133778846047e-25,5.691337788460546e-25,5.691337788460559e-25,5.691337788460524e-25,5.691337788460572e-25,5.691337788460168e-25,5.691337788460002e-25,5.691337788460796e-25,5.691337788460728e-25,5.69133778846073e-25,5.691337788460725e-25,5.691337788461133e-25,5.691337788461141e-25,5.691337788461134e-25,5.691337788461166e-25,5.691337788461136e-25,5.691337788494322e-25,5.69133778849432e-25,5.691337788493838e-25,5.691337788493815e-25,5.691337788493813e-25,5.691337788493834e-25,5.691337788493831e-25,5.691337788493811e-25,5.6913377884936805e-25,5.691337788493617e-25,5.691337788493827e-25,5.6913377884938275e-25,5.691337788493804e-25,5.691337788493673e-25,5.691337788493442e-25,5.691337788493479e-25,5.6913377884932e-25,5.691337788493064e-25,5.691337788493051e-25,5.691337788493082e-25,5.69133778849332e-25,5.691337788493304e-25,5.691337788493234e-25,5.69133778849361e-25,5.691337788493604e-25,5.691337788493596e-25,5.691337788493288e-25,5.691337788490705e-25,5.691337788488777e-25,5.691337788488906e-25,5.6913377884888895e-25,5.691337788488877e-25,5.691337788488884e-25,5.691337788488812e-25,5.691337788488826e-25,5.691337788488828e-25,5.691337788488786e-25,5.691337788488746e-25,5.691337788488786e-25,5.69133778848873e-25,5.691337788488655e-25,5.691337788488655e-25,5.691337788487416e-25,5.691337788487407e-25,5.691337788487261e-25,5.691337788487274e-25,5.691337788488004e-25,5.691337788488064e-25,5.69133778848817e-25,5.691337788488694e-25,5.691337788491799e-25,5.691337788491797e-25,5.691337788491794e-25,5.691337788492378e-25,5.691337788492447e-25,5.691337788492519e-25,5.691337788492542e-25,5.691337788492546e-25,5.691337788492523e-25,5.6913377884926795e-25,5.69133778849267e-25,5.6913377884926235e-25,5.691337788492293e-25,5.691337788492256e-25,5.6913377884922635e-25,5.691337788492627e-25,5.691337788492577e-25,5.691337788492567e-25,5.691337788492553e-25,5.691337788492489e-25,5.691337788492424e-25,5.691337788492414e-25,5.691337788492316e-25,5.691337788492243e-25,5.691337788491934e-25,5.691337788492232e-25,5.691337788492795e-25,5.691337788492796e-25,5.691337788492783e-25,5.691337788492797e-25,5.691337788492315e-25,5.691337788492328e-25,5.691337788492353e-25,5.691337788492337e-25,5.691337788505658e-25,5.691337788505686e-25,5.691337788505685e-25,5.691337788505999e-25,5.691337788505906e-25,5.6913377885066e-25,5.6913377885066045e-25,5.691337788506588e-25,5.691337788506612e-25,5.691337788506761e-25,5.691337788506743e-25,5.691337788506911e-25,5.691337788510696e-25,5.691337788510708e-25,5.691337788510723e-25,5.69133778851065e-25,5.691337788510823e-25,5.691337788511094e-25,5.691337788511146e-25,5.691337788511145e-25,5.691337788511158e-25,5.691337788510902e-25,5.691337788510825e-25,5.691337788510811e-25,5.6913377885108345e-25,5.691337788510814e-25,5.691337788510721e-25,5.691337788510622e-25,5.691337788510603e-25,5.691337788510604e-25,5.691337788510603e-25,5.691337788510492e-25,5.691337788510479e-25,5.691337788510465e-25,5.691337788510407e-25,5.69133778851149e-25,5.691337788511498e-25,5.691337788511599e-25,5.691337788512051e-25,5.691337788512045e-25,5.691337788512046e-25,5.691337788512144e-25,5.691337788512231e-25,5.691337788512291e-25,5.6913377885126565e-25,5.691337788512897e-25,5.691337788513094e-25,5.691337788513102e-25,5.691337788513097e-25,5.691337788513265e-25,5.691337788513271e-25,5.6913377885132635e-25,5.691337788513575e-25,5.69133778851377e-25,5.691337788513743e-25,5.691337788513574e-25,5.691337788513606e-25,5.691337788513589e-25,5.691337788513555e-25,5.691337788513535e-25,5.691337788513234e-25,5.691337788513242e-25,5.691337788513237e-25,5.691337788513159e-25,5.691337788513038e-25,5.691337788512882e-25,5.69133778851273e-25,5.691337788516322e-25,5.691337788516305e-25,5.691337788909087e-25,5.691337788908977e-25,5.691337788908952e-25,5.691337788907628e-25,5.691337788907537e-25,5.691337788907587e-25,5.6913377889075895e-25,5.691337788906343e-25,5.691337788906379e-25,5.691337788906632e-25,5.691337788906727e-25,5.691337788906725e-25,5.691337788906719e-25,5.691337788906744e-25,5.691337788906718e-25,5.691337788906721e-25,5.691337788906805e-25,5.691337788906818e-25,5.691337788907144e-25,5.691337788906933e-25,5.691337788906449e-25,5.691337788906494e-25,5.6913377889061505e-25
3,0.05752037248751414,0.05752037248751414,0.05752037248751414,0.05752037248751414,0.05752037248751414,0.05752037248751414,0.05752037248751414,0.05752037248751414,0.05752037248751414,0.05752037248751414,0.05752037248751414,0.05752037248751414,0.05752037248751414,0.05752037248751414,0.05752037248751414,0.05752037248751414,0.05752037248751414,0.05752037248751414,0.05752037248751414,0.05752037248751414,0.05752037248751414,0.05752037248751414,0.05752037248751414,0.05752037248751414,0.05752037248751414,0.05752037248751414,0.05752037248751414,0.05752037248751414,0.05752037248751414,0.05752037248751414,0.05752037248751414,0.05752037248751414,0.05752037248751414,0.05752037248751414,0.05752037248751414,0.05752037248751414,0.05752037248751414,0.05752037248751414,0.05752037248751414,0.05752037248751414,0.05752037248751414,0.05752037248751414,0.05752037248751414,0.05752037248751414,0.05752037248751414,0.05752037248751414,0.05752037248751414,0.05752037248751414,0.05752037248751414,0.05752037248751414,0.05752037248751414,0.05752037248751414,0.05752037248751414,0.05752037248751414,0.05752037248751414,0.05752037248751414,0.05752037248751414,0.05752037248751414,0.05752037248751414,0.05752037248751414,0.05752037248751414,0.05752037248751414,0.05752037248751414,0.05752037248751414,0.05752037248751414,0.05752037248751414,0.05752037248751414,0.05752037248751414,0.05752037248751414,0.05752037248751414,0.05752037248751414,0.05752037248751414,0.05752037248751414,0.05752037248751414,0.05752037248751414,0.05752037248751414,0.05752037248751414,0.05752037248751414,0.05752037248751414,0.05752037248751414,0.05752037248751414,0.05752037248751414,0.05752037248751414,0.05752037248751414,0.05752037248751414,0.05752037248751414,0.05752037248751414,0.05752037248751414,0.05752037248751414,0.05752037248751414,0.05752037248751414,0.05752037248751414,0.05752037248751414,0.05752037248751414,0.05752037248751414,0.05752037248751414,0.05752037248751414,0.05752037248751414,0.05752037248751414,0.05752037248751414,0.05752037248751414,0.05752037248751414,0.05752037248751414,0.05752037248751414,0.05752037248751414,0.05752037248751414,0.05752037248751414,0.05752037248751414,0.05752037248751414,0.05752037248751414,0.05752037248751414,0.05752037248751414,0.05752037248751414,0.05752037248751414,0.05752037248751414,0.05752037248751414,0.05752037248751414,0.05752037248751414,0.05752037248751414,0.05752037248751414,0.05752037248751414,0.05752037248751414,0.05752037248751414,0.05752037248751414,0.05752037248751414,0.05752037248751414,0.05752037248751414,0.05752037248751414,0.05752037248751414,0.05752037248751414,0.05752037248751414,0.05752037248751414,0.05752037248751414,0.05752037248751414,0.05752037248751414,0.05752037248751414,0.05752037248751414,0.05752037248751414,0.05752037248751414,0.05752037248751414,0.05752037248751414,0.05752037248751414,0.05752037248751414,0.05752037248751414,0.05752037248751414,0.05752037248751414,0.05752037248751414,0.05752037248751414,0.05752037248751414,0.05752037248751414,0.05752037248751414,0.05752037248751414,0.05752037248751414,0.05752037248751414,0.05752037248751414,0.05752037248751414,0.05752037248751414,0.05752037248751414,0.05752037248751414,0.05752037248751414,0.05752037248751414,0.05752037248751414,0.05752037248751414,0.05752037248751414,0.05752037248751414,0.05752037248751414,0.05752037248751414,0.05752037248751414,0.05752037248751414,0.05752037248751414,0.05752037248751414,0.05752037248751414,0.05752037248751414,0.05752037248751414,0.05752037248751414,0.05752037248751414,0.05752037248751414,0.05752037248751414,0.05752037248751414,0.05752037248751414,0.05752037248751414,0.05752037248751414,0.05752037248751414,0.05752037248751414,0.05752037248751414,0.05752037248751414,0.05752037248751414,0.05752037248751414,0.05752037248751414,0.05752037248751414,0.05752037248751414,0.05752037248751414,0.05752037248751414,0.05752037248751414,0.05752037248751414,0.05752037248751414,0.05752037248751414,0.05752037248751414,0.05752037248751414,0.05752037248751414,0.05752037248751414,0.05752037248751414,0.05752037248751414,0.05752037248751414,0.05752037248751414,0.05752037248751414,0.05752037248751414,0.05752037248751414,0.05752037248751414,0.05752037248751414,0.05752037248751414,0.05752037248751414,0.05752037248751414,0.05752037248751414,0.05752037248751414,0.05752037248751414,0.05752037248751414,0.05752037248751414,0.05752037248751414,0.05752037248751414,0.05752037248751414,0.05752037248751414,0.05752037248751414,0.05752037248751414,0.05752037248751414,0.05752037248751414,0.05752037248751414,0.05752037248751414,0.05752037248751414,0.05752037248751414,0.05752037248751414,0.05752037248751414,0.05752037248751414,0.05752037248751414,0.05752037248751414,0.05752037248751414,0.05752037248751414,0.05752037248751414,0.05752037248751414,0.05752037248751414,0.05752037248751414,0.05752037248751414,0.05752037248751414,0.05752037248751414,0.05752037248751414,0.05752037248751414,0.05752037248751414,0.05752037248751414,0.05752037248751414,0.05752037248751414,0.05752037248751414,0.05752037248751414,0.05752037248751414,0.05752037248751414,0.05752037248751414,0.05752037248751414,0.05752037248751414,0.05752037248751414,0.05752037248751414,0.05752037248751414,0.05752037248751414,0.05752037248751414,0.05752037248751414,0.05752037248751414,0.05752037248751414,0.05752037248751414,0.05752037248751414,0.05752037248751414,0.05752037248751414,0.05752037248751414,0.05752037248751414,0.05752037248751414,0.05752037248751414,0.05752037248751414,0.05752037248751414,0.05752037248751414,0.05752037248751414,0.05752037248751414,0.05752037248751414,0.05752037248751414,0.05752037248751414,0.05752037248751414,0.05752037248751414,0.05752037248751414,0.05752037248751414,0.05752037248751414,0.05752037248751414,0.05752037248751414,0.05752037248751414,0.05752037248751414,0.05752037248751414,0.05752037248751414,0.05752037248751414,0.05752037248751414,0.05752037248751414,0.05752037248751414,0.05752037248751414,0.05752037248751414,0.05752037248751414,0.05752037248751414,0.05752037248751414,0.05752037248751414,0.05752037248751414,0.05752037248751414,0.05752037248751414,0.05752037248751414,0.05752037248751414,0.05752037248751414,0.05752037248751414,0.05752037248751414,0.05752037248751414,0.05752037248751414,0.05752037248751414,0.05752037248751414,0.05752037248751414,0.05752037248751414,0.05752037248751414,0.05752037248751414,0.05752037248751414,0.05752037248751414,0.05752037248751414,0.05752037248751414,0.05752037248751414,0.05752037248751414,0.05752037248751414,0.05752037248751414,0.05752037248751414,0.05752037248751414,0.05752037248751414,0.05752037248751414,0.05752037248751414,0.05752037248751414,0.05752037248751414,0.05752037248751414,0.05752037248751414,0.05752037248751414,0.05752037248751414,0.05752037248751414,0.05752037248751414,0.05752037248751414,0.05752037248751414,0.05752037248751414,0.05752037248751414,0.05752037248751414,0.05752037248751414,0.05752037248751414,0.05752037248751414,0.05752037248751414,0.05752037248751414,0.05752037248751414,0.05752037248751414,0.05752037248751414,0.05752037248751414,0.05752037248751414,0.05752037248751414,0.05752037248751414,0.05752037248751414,0.05752037248751414,0.05752037248751414,0.05752037248751414,0.05752037248751414,0.05752037248751414,0.05752037248751414,0.05752037248751414,0.05752037248751414,0.05752037248751414,0.05752037248751414,0.05752037248751414,0.05752037248751414,0.05752037248751414,0.05752037248751414,0.05752037248751414,0.05752037248751414,0.05752037248751414,0.05752037248751414,0.05752037248751414,0.05752037248751414,0.05752037248751414,0.05752037248751414,0.05752037248751414,0.05752037248751414,0.05752037248751414,0.05752037248751414,0.05752037248751414,0.05752037248751414,0.05752037248751414,0.05752037248751414,0.05752037248751414,0.05752037248751414,0.05752037248751414,0.05752037248751414,0.05752037248751414,0.05752037248751414,0.05752037248751414,0.05752037248751414,0.05752037248751414,0.05752037248751414,0.05752037248751414,0.05752037248751414,0.05752037248751414,0.05752037248751414,0.05752037248751414,0.05752037248751414,0.05752037248751414,0.05752037248751414,0.05752037248751414,0.05752037248751414,0.05752037248751414,0.05752037248751414,0.05752037248751414,0.05752037248751414,0.05752037248751414,0.05752037248751414,0.05752037248751414,0.05752037248751414,0.05752037248751414,0.05752037248751414,0.05752037248751414,0.05752037248751414,0.05752037248751414,0.05752037248751414,0.05752037248751414,0.05752037248751414,0.05752037248751414,0.05752037248751414,0.05752037248751414,0.05752037248751414,0.05752037248751414,0.05752037248751414,0.05752037248751414,0.05752037248751414,0.05752037248751414,0.05752037248751414,0.05752037248751414,0.05752037248751414,0.05752037248751414,0.05752037248751414,0.05752037248751414,0.05752037248751414,0.05752037248751414,0.05752037248751414,0.05752037248751414,0.05752037248751414,0.05752037248751414,0.05752037248751414,0.05752037248751414,0.05752037248751414,0.05752037248751414,0.05752037248751414,0.05752037248751414,0.05752037248751414,0.05752037248751414,0.05752037248751414,0.05752037248751414,0.05752037248751414,0.05752037248751414,0.05752037248751414,0.05752037248751414,0.05752037248751414,0.05752037248751414,0.05752037248751414,0.05752037248751414,0.05752037248751414,0.05752037248751414,0.05752037248751414,0.05752037248751414,0.05752037248751414,0.05752037248751414,0.05752037248751414,0.05752037248751414,0.05752037248751414,0.05752037248751414,0.05752037248751414,0.05752037248751414,0.05752037248751414,0.05752037248751414,0.05752037248751414,0.05752037248751414,0.05752037248751414,0.05752037248751414,0.05752037248751414,0.05752037248751414,0.05752037248751414,0.05752037248751414,0.05752037248751414,0.05752037248751414,0.05752037248751414,0.05752037248751414,0.05752037248751414,0.05752037248751414,0.05752037248751414,0.05752037248751414,0.05752037248751414,0.05752037248751414,0.05752037248751414,0.05752037248751414,0.05752037248751414,0.05752037248751414,0.05752037248751414,0.05752037248751414,0.05752037248751414,0.05752037248751414,0.05752037248751414,0.05752037248751414,0.05752037248751414,0.05752037248751414,0.05752037248751414,0.05752037248751414,0.05752037248751414,0.05752037248751414,0.05752037248751414,0.05752037248751414,0.05752037248751414,0.05752037248751414,0.05752037248751414,0.05752037248751414,0.05752037248751414,0.05752037248751414,0.05752037248751414,0.05752037248751414,0.05752037248751414,0.05752037248751414,0.05752037248751414,0.05752037248751414,0.05752037248751414,0.05752037248751414,0.05752037248751414,0.05752037248751414,0.05752037248751414,0.05752037248751414,0.05752037248751414,0.05752037248751414,0.05752037248751414,0.05752037248751414,0.05752037248751414,0.05752037248751414,0.05752037248751414,0.05752037248751414,0.05752037248751414,0.05752037248751414,0.05752037248751414,0.05752037248751414,0.05752037248751414,0.05752037248751414,0.05752037248751414,0.05752037248751414,0.05752037248751414,0.05752037248751414,0.05752037248751414,0.05752037248751414,0.05752037248751414,0.05752037248751414,0.05752037248751414,0.05752037248751414,0.05752037248751414,0.05752037248751414,0.05752037248751414,0.05752037248751414,0.05752037248751414,0.05752037248751414,0.05752037248751414,0.05752037248751414,0.05752037248751414,0.05752037248751414,0.05752037248751414,0.05752037248751414,0.05752037248751414,0.05752037248751414,0.05752037248751414,0.05752037248751414,0.05752037248751414,0.05752037248751414,0.05752037248751414,0.05752037248751414,0.05752037248751414,0.05752037248751414,0.05752037248751414,0.05752037248751414,0.05752037248751414,0.05752037248751414,0.05752037248751414,0.05752037248751414,0.05752037248751414,0.05752037248751414,0.05752037248751414,0.05752037248751414,0.05752037248751414,0.05752037248751414,0.05752037248751414,0.05752037248751414,0.05752037248751414,0.05752037248751414,0.05752037248751414,0.05752037248751414,0.05752037248751414,0.05752037248751414,0.05752037248751414,0.05752037248751414,0.05752037248751414,0.05752037248751414,0.05752037248751414,0.05752037248751414,0.05752037248751414,0.05752037248751414,0.05752037248751414,0.05752037248751414,0.05752037248751414,0.05752037248751414,0.05752037248751414,0.05752037248751414,0.05752037248751414,0.05752037248751414,0.05752037248751414,0.05752037248751414,0.05752037248751414,0.05752037248751414,0.05752037248751414,0.05752037248751414,0.05752037248751414,0.05752037248751414,0.05752037248751414,0.05752037248751414,0.05752037248751414,0.05752037248751414,0.05752037248751414,0.05752037248751414,0.05752037248751414,0.05752037248751414,0.05752037248751414,0.05752037248751414,0.05752037248751414,0.05752037248751414,0.05752037248751414,0.05752037248751414,0.05752037248751414,0.05752037248751414,0.05752037248751414,0.05752037248751414,0.05752037248751414,0.05752037248751414,0.05752037248751414,0.05752037248751414,0.05752037248751414,0.05752037248751414,0.05752037248751414,0.05752037248751414,0.05752037248751414,0.05752037248751414,0.05752037248751414,0.05752037248751414,0.05752037248751414,0.05752037248751414,0.05752037248751414,0.05752037248751414,0.05752037248751414,0.05752037248751414,0.05752037248751414,0.05752037248751414,0.05752037248751414,0.05752037248751414,0.05752037248751414,0.05752037248751414,0.05752037248751414,0.05752037248751414,0.05752037248751414,0.05752037248751414,0.05752037248751414,0.05752037248751414,0.05752037248751414,0.05752037248751414,0.05752037248751414,0.05752037248751414,0.05752037248751414,0.05752037248751414,0.05752037248751414,0.05752037248751414,0.05752037248751414,0.05752037248751414,0.05752037248751414,0.05752037248751414,0.05752037248751414,0.05752037248751414,0.05752037248751414,0.05752037248751414,0.05752037248751414,0.05752037248751414,0.05752037248751414,0.05752037248751414,0.05752037248751414,0.05752037248751414,0.05752037248751414,0.05752037248751414,0.05752037248751414,0.05752037248751414,0.05752037248751414,0.05752037248751414,0.05752037248751414,0.05752037248751414,0.05752037248751414,0.05752037248751414,0.05752037248751414,0.05752037248751414,0.05752037248751414,0.05752037248751414,0.05752037248751414,0.05752037248751414,0.05752037248751414,0.05752037248751414,0.05752037248751414,0.05752037248751414,0.05752037248751414,0.05752037248751414,0.05752037248751414,0.05752037248751414,0.05752037248751414,0.05752037248751414,0.05752037248751414,0.05752037248751414,0.05752037248751414,0.05752037248751414,0.05752037248751414,0.05752037248751414,0.05752037248751414,0.05752037248751414,0.05752037248751414,0.05752037248751414,0.05752037248751414,0.05752037248751414,0.05752037248751414,0.05752037248751414,0.05752037248751414,0.05752037248751414,0.05752037248751414,0.05752037248751414,0.05752037248751414,0.05752037248751414,0.05752037248751414,0.05752037248751414,0.05752037248751414,0.05752037248751414,0.05752037248751414,0.05752037248751414,0.05752037248751414,0.05752037248751414,0.05752037248751414,0.05752037248751414,0.05752037248751414,0.05752037248751414,0.05752037248751414,0.05752037248751414,0.05752037248751414,0.05752037248751414,0.05752037248751414,0.05752037248751414,0.05752037248751414,0.05752037248751414,0.05752037248751414,0.05752037248751414,0.05752037248751414,0.05752037248751414,0.05752037248751414,0.05752037248751414,0.05752037248751414,0.05752037248751414,0.05752037248751414,0.05752037248751414,0.05752037248751414,0.05752037248751414,0.05752037248751414,0.05752037248751414,0.05752037248751414,0.05752037248751414,0.05752037248751414,0.05752037248751414,0.05752037248751414,0.05752037248751414,0.05752037248751414,0.05752037248751414,0.05752037248751414,0.05752037248751414,0.05752037248751414,0.05752037248751414,0.05752037248751414,0.05752037248751414,0.05752037248751414,0.05752037248751414,0.05752037248751414,0.05752037248751414,0.05752037248751414,0.05752037248751414,0.05752037248751414,0.05752037248751414,0.05752037248751414,0.05752037248751414,0.05752037248751414,0.05752037248751414,0.05752037248751414,0.05752037248751414,0.05752037248751414,0.05752037248751414,0.05752037248751414,0.05752037248751414,0.05752037248751414,0.05752037248751414,0.05752037248751414,0.05752037248751414,0.05752037248751414,0.05752037248751414,0.05752037248751414,0.05752037248751414,0.05752037248751414,0.05752037248751414,0.05752037248751414,0.05752037248751414,0.05752037248751414,0.05752037248751414,0.05752037248751414,0.05752037248751414,0.05752037248751414,0.05752037248751414,0.05752037248751414,0.05752037248751414,0.05752037248751414,0.05752037248751414,0.05752037248751414,0.05752037248751414,0.05752037248751414,0.05752037248751414,0.05752037248751414,0.05752037248751414,0.05752037248751414,0.05752037248751414,0.05752037248751414,0.05752037248751414,0.05752037248751414,0.05752037248751414,0.05752037248751414,0.05752037248751414,0.05752037248751414,0.05752037248751414,0.05752037248751414,0.05752037248751414,0.05752037248751414,0.05752037248751414,0.05752037248751414,0.05752037248751414,0.05752037248751414,0.05752037248751414,0.05752037248751414,0.05752037248751414,0.05752037248751414,0.05752037248751414,0.05752037248751414,0.05752037248751414,0.05752037248751414,0.05752037248751414,0.05752037248751414,0.05752037248751414,0.05752037248751414,0.05752037248751414,0.05752037248751414,0.05752037248751414,0.05752037248751414,0.05752037248751414,0.05752037248751414,0.05752037248751414,0.05752037248751414,0.05752037248751414,0.05752037248751414,0.05752037248751414,0.05752037248751414,0.05752037248751414,0.05752037248751414,0.05752037248751414,0.05752037248751414,0.05752037248751414,0.05752037248751414,0.05752037248751414,0.05752037248751414,0.05752037248751414,0.05752037248751414,0.05752037248751414,0.05752037248751414,0.05752037248751414,0.05752037248751414,0.05752037248751414,0.05752037248751414,0.05752037248751414,0.05752037248751414,0.05752037248751414,0.05752037248751414,0.05752037248751414,0.05752037248751414,0.05752037248751414,0.05752037248751414,0.05752037248751414,0.05752037248751414,0.05752037248751414,0.05752037248751414,0.05752037248751414,0.05752037248751414,0.05752037248751414,0.05752037248751414,0.05752037248751414,0.05752037248751414,0.05752037248751414,0.05752037248751414,0.05752037248751414,0.05752037248751414,0.05752037248751414,0.05752037248751414,0.05752037248751414,0.05752037248751414,0.05752037248751414,0.05752037248751414,0.05752037248751414,0.05752037248751414,0.05752037248751414,0.05752037248751414,0.05752037248751414,0.05752037248751414,0.05752037248751414,0.05752037248751414,0.05752037248751414,0.05752037248751414,0.05752037248751414,0.05752037248751414,0.05752037248751414,0.05752037248751414,0.05752037248751414,0.05752037248751414,0.05752037248751414,0.05752037248751414,0.05752037248751414,0.05752037248751414,0.05752037248751414,0.05752037248751414,0.05752037248751414,0.05752037248751414,0.05752037248751414,0.05752037248751414,0.05752037248751414,0.05752037248751414,0.05752037248751414,0.05752037248751414,0.05752037248751414,0.05752037248751414,0.05752037248751414,0.05752037248751414,0.05752037248751414,0.05752037248751414,0.05752037248751414,0.05752037248751414,0.05752037248751414,0.05752037248751414,0.05752037248751414,0.05752037248751414,0.05752037248751414,0.05752037248751414,0.05752037248751414,0.05752037248751414,0.05752037248751414,0.05752037248751414,0.05752037248751414,0.05752037248751414,0.05752037248751414,0.05752037248751414,0.05752037248751414,0.05752037248751414,0.05752037248751414,0.05752037248751414,0.05752037248751414,0.05752037248751414,0.05752037248751414,0.05752037248751414,0.05752037248751414,0.05752037248751414,0.05752037248751414,0.05752037248751414,0.05752037248751414,0.05752037248751414,0.05752037248751414,0.05752037248751414,0.05752037248751414,0.05752037248751414,0.05752037248751414,0.05752037248751414,0.05752037248751414,0.05752037248751414,0.05752037248751414,0.05752037248751414,0.05752037248751414,0.05752037248751414,0.05752037248751414,0.05752037248751414,0.05752037248751414,0.05752037248751414,0.05752037248751414,0.05752037248751414,0.05752037248751414,0.05751927507055348,0.05751822009643406,0.05751720159612949,0.05751621465385473,0.05751525517576998,0.0575143197188412,0.0575134053620121,0.057512509607727004,0.05751163030560917,0.05751076559257083,0.0575099138452832,0.057509073642066554,0.05750824373204326,0.05750742300995336,0.05750661049542751,0.05750580531580187,0.05750500669177158,0.05750421392533689,0.057503426389614226,0.05750264352017722,0.057501864807656365,0.057501089791386066,0.05750031805392368,0.05749954921630098,0.05749878293389304,0.05749801889281052,0.05749725680673725,0.057496496414149015,0.05749573747585931,0.05749497977284701,0.05749422310432827,0.057493467286040545,0.0574927121487106,0.05749195753668518,0.05749120330670271,0.0574904493267897,0.05748969547526785,0.057488941639857495,0.05748818771686836,0.05748743361046684,0.057486679232011756,0.05748592449945143,0.057485169336775624,0.05748441367351645,0.05748365744429407,0.05748290058840151,0.05748214304942623,0.057481384774903575,0.05748062571599987,0.057479865827222636,0.05747910506615415,0.05747834339320774,0.057477580771404,0.057476817166165074,0.0574760525451257,0.05747528687795957,0.0574745201362195,0.057473752293190294,0.05747298332375342,0.05747221320426192,0.057471441912426126,0.057470669427207,0.057469895728718794,0.05746912079813886,0.05746834461762408,0.05746756717023485,0.05746678843986341,0.057466008411169105,0.05746522706951721,0.05746444440092378,0.05746366039200359,0.057462875029922623,0.05746208830235401,0.0574613001974371,0.05746051070374004,0.057459719810224734,0.05745892750621465,0.05745813378136504,0.0574573386256353,0.05745654202926354,0.05745574398274282,0.057454944476799406,0.05745414350237243,0.057453341050595165,0.057452537112777716,0.05745173168039092,0.05745092474505136,0.057450116298507735,0.057449306332628,0.057448494839387396,0.05744768181085766,0.05744686723919682,0.057446051116639384,0.057445233435488186,0.05744441418810585,0.05744359336690731,0.05744277096435283,0.05744194697294152,0.05744112138520523,0.057440294193703056,0.05743946539101603,0.05743863496974218,0.05743780292249223,0.05743696924188524,0.05743613392054469,0.05743529695109477,0.057434458326157296,0.0574336180383483,0.057432776080274854,0.0574319324445326,0.05743108712370312,0.057430240110351416,0.05742939139702381,0.05742854097624553,0.05742768884051896,0.0574268349823217,0.057425979394104626,0.0574251220682906,0.057424262997272504,0.05742340217341201,0.05742253958903811,0.05742167523644565,0.05742080910789429,0.057419941195607234,0.057419071491769995,0.05741819998852941,0.05741732667799259,0.05741645155222597,0.057415574603254166,0.057414695823059414,0.05741381520358027,0.05741293273671115,0.057412048414301184,0.057411162228153595,0.05741027417002532,0.05740938423162521,0.057408492404614375,0.05740759868060491,0.05740670305115958,0.057405805507790744,0.05740490604195985,0.057404004645076896,0.057403101308499675,0.05740219602353319,0.05740128878142899,0.05740037957338466,0.057399468390543086,0.05739855522399187,0.05739764006476279,0.05739672290383123,0.057395803732115495,0.05739488254047627,0.057393959319716074,0.05739303406057855,0.057392106753748014,0.0573911773898488,0.057390245959444836,0.057389312453038674,0.05738837686107132,0.057387439173921334,0.05738649938190445,0.05738555747527288,0.05738461344421481,0.057383667278853745,0.0573827189692476,0.05738176850538875,0.05738081587720283,0.05737986107454849,0.05737890408721662,0.05737794490492963,0.05737698351734101,0.057376019914034536,0.05737505408452388,0.05737408601825163,0.057373115704588945,0.057372143132834647,0.05737116829221468,0.05737019117188144,0.05736921176091313,0.05736823004831324,0.05736724602300936,0.05736625967385289,0.05736527098961828,0.05736427995900237,0.057363286570623256,0.0573622908130202,0.057361292674652634,0.05736029214389903,0.05735928920905693,0.05735828385834149,0.05735727607988513,0.057356265861736526,0.05735525319186007,0.05735423805813474,0.057353220448353746,0.057352200350223315,0.05735117775136207,0.05735015263930027,0.05734912500147877,0.05734809482524844,0.057347062097868995,0.05734602680650844,0.057344988938242095,0.057343948480051414,0.05734290541882367,0.05734185974135062,0.05734081143432772,0.05733976048435321,0.05733870687792716,0.05733765060145049,0.057336591641224,0.057335529983447764,0.057334465614219406,0.05733339851953384,0.05733232868528185,0.05733125609724924,0.057330180741115684,0.05732910260245386,0.05732802166672816,0.05732693791929388,0.05732585134539602,0.057324761930168035,0.057323669658631185,0.057322574515692906,0.05732147648614595,0.05732037555466715,0.05731927170581636,0.05731816492403516,0.05731705519364573,0.05731594249884971,0.05731482682372674,0.05731370815223355,0.05731258646820252,0.05731146175534043,0.05731033399722715,0.0573092031773145,0.05730806927892476,0.057306932285249475,0.057305792179347906,0.05730464894414593,0.05730350256243443,0.05730235301686815,0.05730120028996394,0.05730004436409962,0.05729888522151236,0.05729772284429731,0.05729655721440598,0.05729538831364483,0.05729421612367384,0.05729304062600468,0.057291861801999334,0.057290679632868484,0.05728949409966981,0.057288305183306534,0.057287112864525654,0.05728591712391614,0.057284717941907454,0.05728351529876786,0.05728230917460239,0.057281099549351365,0.057279886402788256,0.05727866971451829,0.05727744946397641,0.057276225630425344,0.057274998192953896,0.05727376713047474,0.057272532421722776,0.057271294045252934,0.05727005197943857,0.057268806202468804,0.057267556692347024,0.05726630342688847,0.057265046383718446,0.05726378554026988,0.05726252087378125,0.057261252361294444,0.05725997997965245,0.057258703705497294,0.057257423515267414,0.057256139385195644,0.05725485129130677,0.057253559209414905,0.05725226311512148,0.057250962983812416,0.057249658790655994,0.05724835051059993,0.05724703811836911,0.05724572158846285,0.0572444008951521,0.05724307601247736,0.0572417469142453,0.057240413574026344,0.05723907596515166,0.05723773406071058,0.057236387833547515,0.057235037256259225,0.057233682301191656,0.05723232294043702,0.05723095914583083,0.057229590888948696,0.05722821814110321,0.05722684087334059,0.057225459056437805,0.05722407266089898,0.05722268165695223,0.05722128601454616,0.05721988570334648,0.05721848069273251,0.057217070951793646,0.05721565644932572,0.05721423715382741,0.05721281303349655,0.057211384056226035,0.05720995018960059,0.05720851140089235,0.05720706765705731,0.057205618924730986,0.05720416517022451,0.05720270635952065,0.05720124245826933,0.0571997734317833,0.057198299245034265,0.05719681986264804,0.05719533524890029,0.057193845367711965,0.05719235018264461,0.057190849656895686,0.05718934375329405,0.057187832434294636,0.05718631566197385,0.057184793398024646,0.057183265603751324,0.05718173224006423,0.05718019326747467,0.057178648646089625,0.057177098335606115,0.057175542295305866,0.05717398048404943,0.05717241286027126,0.05717083938197282,0.057169260006717355,0.05716767469162379,0.05716608339336066,0.05716448606813978,0.05716288267171002,0.057161273159350975,0.05715965748586626,0.057158035605577084,0.05715640747231547,0.05715477303941702,0.05715313225971458,0.05715148508553064,0.05714983146867028,0.05714817136041385,0.057146504711509435,0.05714483147216513,0.057143151592041586,0.05714146502024387,0.05713977170531336,0.05713807159522002,0.057136364637353644,0.057134650778515476,0.0571329299649097,0.05713120214213472,0.05712946725517398,0.05712772524838708,0.05712597606550047,0.057124219649598,0.05712245594311124,0.0571206848878098,0.057118906424791394,0.05711712049447141,0.057115327036573335,0.05711352599011684,0.057111717293408644,0.05710990088403039,0.057108076698827996,0.05710624467390046,0.057104404744587646,0.057102556845459534,0.05710070091030317,0.05709883687211089,0.05709696466306776,0.05709508421453903,0.05709319545705692,0.05709129832030751,0.057089392733117056,0.05708747862343849,0.05708555591833752,0.0570836245439781,0.05708168442560758,0.05707973548754221,0.057077777653152015,0.057075810844844935,0.057073834984051476,0.057071849991208096,0.05706985578574132,0.05706785228605044,0.057065839409490934,0.05706381707235633,0.057061785189861026,0.05705974367612127,0.05705769244413797,0.05705563140577607,0.05705356047174612,0.05705147955158441,0.05704938855363259,0.057047287385017076,0.05704517595162809,0.05704305415809798,0.05704092190777945,0.057038779102722814,0.057036625643653416,0.05703446142994774,0.05703228635960966,0.05703010032924614,0.05702790323404232,0.05702569496773513,0.05702347542258796,0.05702124448936364,0.05701900205729724,0.05701674801406791,0.05701448224577046,0.057012204636886145,0.05700991507025275,0.057007613427033914,0.057005299586688186,0.057002973426936755,0.05700063482373056,0.05699828365121733,0.05699591978170678,0.056993543085635916,0.05699115343153297,0.05698875068598053,0.05698633471357817,0.05698390537690373,0.05698146253647386,0.05697900605070385,0.05697653577586586,0.05697405156604702,0.05697155327310554,0.05696904074662662,0.05696651383387643,0.056963972379755964,0.056961416226752895,0.05695884521489185,0.05695625918168546,0.0569536579620821,0.0569510413884127,0.05694840929033689,0.05694576149478751,0.05694309782591319,0.056940418105020374,0.056937722150512717,0.056935009777829886,0.056932280799384505,0.056929535024496776,0.05692677225932837,0.056923992306813935,0.05692119496659085,0.05691838003492745,0.05691554730464856,0.05691269656506003,0.056909827601870105,0.056906940197109894,0.056904034129050485,0.05690110917211829,0.05689816509680824,0.05689520166959412,0.0568922186528367,0.056889215804689044,0.056886192878999424,0.05688314962521104,0.05688008578825933,0.05687700110846601,0.056873895321430216,0.05687076815791629,0.05686761934373858,0.05686444859964238,0.05686125564118183,0.0568580401785939,0.05685480191666868,0.05685154055461575,0.056848255785926755,0.056844947298233174,0.05684161477316034,0.0568382578861768,0.056834876306438915,0.056831469696630735,0.05682803771279851,0.05682458000418086,0.05682109621303249,0.05681758597444299,0.056814048916149905,0.056810484658345047,0.05680689281347536,0.05680327298603658,0.05679962477236098,0.05679594776039726,0.05679224152948366,0.056788505650113216,0.05678473968369143,0.056780943182285146,0.056777115688363904,0.05677325673453133,0.05676936584324815,0.05676544252654493,0.05676148628572536,0.0567574966110587,0.05675347298146177,0.056749414864169026,0.05674532171439146,0.056741192974963356,0.05673702807597498,0.05673282643439341,0.05672858745366829,0.05672431052332419,0.056719995018536,0.05671564029969098,0.05671124571193154,0.05670681058468193,0.056702334231157926,0.05669781594785529,0.056693255014020304,0.056688650691098574,0.05668400222216268,0.05667930883131677,0.05667456972307799,0.05666978408173209,0.05666495107066373,0.056660069831659575,0.056655139484181764,0.05665015912461246,0.05664512782546611,0.056640044634569044,0.056634908574204,0.05662971864021856,0.05662447380109491,0.05661917299697929,0.0566138151386694,0.056608399106556975,0.056602923749523394,0.0565973878837862,0.05659179029169339,0.05658612972046295,0.05658040488086483,0.056574614445841824,0.056568757049066234,0.05656283128342912,0.05655683569945749,0.05655076880365613,0.0565446290567698,0.05653841487196079,0.056532124612896605,0.056525756591744525,0.05651930906706427,0.05651278024159763,0.05650616825994159,0.05649947120610598,0.05649268710094327,0.05648581389944424,0.05647884948789215,0.05647179168086429,0.056464638218074084,0.05645738676104089,0.05645003488957883,0.056442580098091104,0.05643501979165753,0.05642735128190264,0.05641957178262758,0.05641167840519295,0.056403668153631674,0.05639553791947693,0.056387284476283224,0.05637890447381965,0.056370394431912475,0.05636175073391082,0.05635296961974921,0.05634404717857719,0.05633497934092327,0.056325761870359224,0.05631639035462631,0.056306860196182903,0.05629716660212803,0.056287304573452414,0.056277268893563805,0.0562670541160284,0.056256654551465106,0.05624606425352251,0.05623527700386366,0.05622428629607455,0.056213085318405506,0.056201666935243956,0.05619002366721076,0.05617814766975563,0.056166030710120295,0.05615366414252055,0.056141038881384955,0.05612814537246947,0.05611497356164887,0.05610151286116388,0.05608775211307815,0.05607367954967305,0.05605928275047586,0.05604454859558356,0.0560294632149048,0.05601401193289761,0.05599817920833099,0.05598194856854081,0.055965302537585436,0.055948222557633404,0.055930688902829574,0.055912680584791825,0.05589417524877555,0.05587514905942506,0.05585557657487378,0.05583543060779874,0.05581468207183183,0.05579329981151506,0.055771250413721184,0.0557484979981634,0.05572500398427009,0.05570072683128456,0.05567562174798715,0.05564964036786055,0.05562273038488222,0.05559483514434317,0.05556589318219223,0.055535837705326115,0.055504596003973616,0.05547208878581339,0.05543822941965863,0.055402923074403775,0.05536810219572001,0.05532975091037381,0.055289607321202174,0.055247534107326406,0.0552033791677669,0.055156973669429905,0.05510812978309772,0.055056638049849956,0.055002264309628186,0.05494474610948205,0.054883788492506594,0.05481905904720521,0.054750182072403786,0.05467673168234968,0.05459822364016693,0.054514105664250107,0.05442374590067322,0.054393756175498555,0.05429412337666436,0.05418638581202878,0.05406953489659369,0.05394240121889653,0.05380362541994438,0.05365162381219526,0.053484548119222465,0.0533002389378494,0.053096172997423474,0.052869405204533086,0.052616508070262254,0.052333513777028426,0.05201586828392379,0.05165841287316706,0.05125541633611978,0.050800689869216674,0.050287824050636566,0.049710586813633245,0.04927050212353032,0.049270502123511604,0.04927050212219267,0.04857137683871135,0.04779700986781852,0.046947815587574535,0.046027617726691485,0.04504377428992885,0.04400677129637602,0.04292933638841546,0.04182526826764218,0.04070824309308347,0.039590825569958236,0.03848381541843605,0.03739595281699225,0.036333927067244594,0.03530259301387228,0.03430529390022794,0.03427598824591434,0.034275988245777086,0.03331597495121704,0.032393523117417895,0.03150930881537381,0.030663556287237017,0.029856140539660445,0.029086647241440985,0.028354409671489788,0.02765853723834814,0.02699794391535928,0.026371379650150188,0.02577746442357649,0.025214723105644134,0.02468161902026477,0.024176584561201007,0.023698047839302967,0.023244454929930363,0.0228142877296265,0.022406077716408155,0.022018416061508596,0.02164996060374378,0.021299440201101083,0.020965656942165883,0.02064748665302933,0.020343878077892886,0.020053851056450786,0.01977649396709237,0.019510960657609912,0.019256467041589023,0.019012287503501472,0.01877775122353384,0.01855223850738432,0.018335177185657657,0.018283649705051096,0.018076367592591517,0.017876409180463952,0.017683332640926114,0.01749673039553059,0.01731622614221608,0.017141472198786447,0.01697214710273935,0.016807953410301613,0.016648615679640422,0.01649387861891092,0.016343505390338263,0.016197276057354392,0.016054986166414598,0.015916445452028614,0.01578147665639168,0.01564991445326749,0.015521604467917508,0.015396402384973909,0.015274173135965621,0.015154790159821232,0.01503813472981788,0.014924095340410167,0.014812567148846217,0.014703451466427223,0.014596655294400742,0.014492090900839895,0.014389675434240778,0.014289330570594658,0.014190982190650821,0.014094560084604406,0.013999997681718836,0.013907231802378836,0.013816202430445188,0.013726852504512358,0.013639127725570004,0.013552976380212198,0.013468349177677153,0.013385199099382367,0.013303481260266566,0.013223152780291523,0.013144172665707016,0.013066501699046629,0.012990102336976221,0.012914938615581736,0.012840976062224578,0.012768181613599723,0.012696523539380326,0.012625971371017359,0.012556495835297296,0.012488068792276121,0.012420663177196384,0.012354252946175126,0.012288813025268845,0.012224319262734429,0.01216074838419615,0.012098077950587482,0.012036286318510727,0.011975352603021492,0.011915256642541453,0.011855978965799768,0.011797500760654394,0.01173980384466316,0.01168287063727925,0.011626684133570835,0.011571227879386962,0.011516485947821701,0.011462442916942558,0.011409083848699663,0.01135639426885895,0.011304360148052615,0.011252967883792575,0.011202204283245096,0.011152056547008293,0.01110251225366291,0.011053559345007706,0.011005186112070867,0.010957381181759443,0.010910133504149253,0.01088476435063927,0.010838357692419757,0.010792481534336061,0.01074712588276419,0.010702281013377881,0.010657937463232127,0.01061408602221191,0.01057071772436264,0.01052782383943277,0.01048539586471162,0.010443425517199952,0.010401904726110365,0.010360825625678315,0.010320180548278048,0.010279962017822414,0.010240162743430975,0.010200775613376364,0.010161793689226116,0.010123210200302636,0.010085018538270558,0.010047212252035307,0.010009785042739146,0.009972730759054652,0.00993604339258759,0.009899717073477317,0.00986374606618079,0.009828124765402827,0.009792847692176207,0.0097579094901035,0.00972330492171679,0.009689028864984853,0.009655076309954581,0.009621442355491215,0.009588122206174502,0.00955511116924793,0.009522404651743225,0.00948999815764028,0.009457887285199919,0.009426067724323944,0.009394535254010478,0.009363285739965236,0.009332315132221835,0.009301619462866749,0.00927119484384436,0.009241037464828001,0.009211143591189571,0.009181509561976347,0.009152131788015704,0.009123006750050634,0.009094130996937316,0.009065501143914799,0.009037113870907686,0.009008965920901795,0.008981054098362112,0.008953375267703213,0.008925926351804456,0.008898704330573026,0.008871706239556099,0.008844929168581046,0.008818370260453123,0.008792026709681149,0.00876589576125273,0.00873997470942976,0.008714260896594517,0.008688751712122604,0.0086634445912903,0.008638337014212539,0.008613426504817839,0.008588710629839149,0.008564186997848274,0.008539853258309709,0.00851570710066311,0.00849174625343032,0.008467968483350068,0.008444371594533684,0.008420953427646519,0.00839771185910895,0.008374644800323476,0.008351750196916903,0.008329026028013635,0.008306470305507551,0.008284081073383461,0.008261856407023987,0.008239794412567234,0.008217893226251742,0.008196151013796699,0.008174565969794139,0.008153136317113218,0.00813186030632471,0.008110736215140928,0.00808976234785769,0.008068937034830408,0.008048258631943543,0.008027725520108792,0.008007336104766184,0.007987088815401718,0.007966982105075472,0.0079470144499623,0.007927184348899878,0.00790749032296232,0.007887930915012914,0.007868504689300547,0.007849210231058291,0.007830046146091164,0.007811011060399484,0.007792103619788881,0.0077733224895135435,0.007754666353902284,0.007736133916016157,0.007717723897303001,0.007699435037236434,0.007681266093032214,0.0076632158392861425,0.007645283067677209,0.0076274665866571285,0.007609765221149831,0.007592177812256958,0.007574703216972438,0.0075573403079003156,0.007540087972978618,0.007522945115211785,0.007505910652411009,0.0074889835169345284,0.00747216265543105,0.007455447028599109,0.007438835610946824,0.007422327390552491,0.007405921368838138,0.0073896165603382245,0.007373411992482674,0.007357306705377817,0.007341299751596694,0.007325390195968819,0.0073095771153785715,0.007293859598565721,0.007278236745929973,0.0072627076693401425,0.007247271491946558,0.007231927347998708,0.007216674382663048,0.007201511751849955,0.007186438622038115,0.0071714541701086995,0.00715655758317514,0.007141748058425608,0.007127024802959706,0.007112387033632956,0.007097833976901757,0.00708336486868303,0.007068978954197182,0.007054675487815714,0.0070404537329408195,0.007026312961851225,0.007012252455570911,0.006998271503732044,0.0069843694044480166,0.00697054546417966,0.0069567989976130895,0.0069431293275338864,0.006929535784705795,0.006916017707751035,0.006902574443030565,0.00688920534453447,0.0068759097737646855,0.006862687099624753,0.0068495366983127755,0.0068364579532122355,0.00682345025478727,0.006810513000477899,0.006797645594604391,0.006784847448262622,0.006772117979227987,0.006759456611859336,0.006746862777004075,0.006734335911906681,0.0067218754601166015,0.006709480871397309,0.006697151601645822,0.006684887112794441,0.00667268687274081,0.006660550355243734,0.006648477039862807,0.0066364664118656325,0.006624517962151466,0.00661263118717375,0.0066008055888629735,0.006589040674551508,0.006577335956899873,0.00656569095382381,0.006554105188422796,0.006542578188909695,0.006531109488541552,0.006519698625551697,0.006508345143082549,0.006497048589120093,0.006485808516429814,0.006474624482489778,0.0064634960494323315,0.006452422783981201,0.0064414042573888546,0.006441376457677535,0.006441362656526886,0.006441355696478277,0.006441352080623437,0.006441350100061663,0.0064413489195684496,0.0064413481309040736,0.006441347534524671,0.006441347032894342,0.006441346578338418,0.0064413461475544866,0.006441345729153401,0.0064413453175691405,0.006441344910082086,0.00644134450536385,0.006441344102766079,0.006441343701972747,0.006441343302830233,0.0064413429052642465,0.0064413425092392255,0.006441342114738491,0.006441341721754558,0.006441341330284383,0.006441340940327019,0.0064413405518825365,0.006441340164951433,0.006441339779534385,0.006441339395632097,0.006441339013245279,0.00644133863237452,0.0064413382530203725,0.006441337875183315,0.0064413374988637135,0.006441337124061891,0.006441336750778075,0.006441336379012384,0.006441336008764878,0.006441335640035521,0.006441335272824213,0.006441334907130747,0.006441334542954848,0.0064413341802961824,0.006441333819154303,0.006441333459528696,0.006441333101418776,0.006441332744823869,0.006441332389743242,0.006441332036176074,0.006441331684121467,0.006441331333578453,0.0064413309845459945,0.006441330637022973,0.006441330291008207,0.006441329946500448,0.006441329603498359,0.006441329262000549,0.006441328922005551,0.006441328583511799,0.006441328246517764,0.006441327911021731,0.006441327577021981,0.006441327244516669,0.006441326913504039,0.0064413265839820795,0.006441326255948853,0.006441325929402279,0.006441325604340238,0.006441325280760573,0.0064413249586610525,0.0064413246380393765,0.00644132431889322,0.006441324001220173,0.006441323685017765,0.0064413233702834746,0.006441323057014703,0.006441322745208886,0.0064413224348633035,0.006441322125975241,0.006441321818541904,0.006441321512560453,0.006441321208027985,0.006441320904941597,0.006441320603298257,0.006441320303094983,0.006441320004328659,0.006441319706996171,0.006441319411094327,0.006441319116619928,0.006441318823569678,0.006441318531940282,0.006441318241728389,0.006441317952930617,0.00644131766554351,0.006441317379563581,0.006441317094987331,0.006441316811811194,0.006441316530031574,0.006441316249644832,0.006441315970647291,0.006441315693035241,0.006441315416804941,0.0064413151419526055,0.006441314868474423,0.006441314596366528,0.00644131432562504,0.00644131405624604,0.006441313788225579,0.006441313521559679,0.006441313256244318,0.00644131299227546,0.00644131272964903,0.006441312468360915,0.0064413122084070054,0.006441311949783135,0.006441311692485093,0.006441311436508703,0.006441311181849734,0.006441310928503889,0.006441310676466894,0.006441310425734443,0.0064413101763022155,0.006441309928165814,0.006441309681320878,0.006441309435763009,0.006441309191487774,0.006441308948490733,0.006441308706767423,0.006441308466313373,0.006441308227124071,0.006441307989195001,0.006441307752521622,0.006441307517099376,0.006441307282923698,0.006441307049989998,0.006441306818293666,0.006441306587830099,0.006441306358594663,0.006441306130582687,0.006441305903789532,0.006441305678210518,0.006441305453840955,0.006441305230676149,0.006441305008711395,0.006441304787941972,0.006441304568363155,0.006441304349970179,0.006441304132758311,0.006441303916722788,0.0064413037018588365,0.006441303488161688,0.006441303275626552,0.006441303064248645,0.006441302854023157,0.006441302644945293,0.006441302437010234,0.006441302230213161,0.006441302024549254,0.0064413018200136915,0.006441301616601635,0.006441301414308254,0.006441301213128721,0.006441301013058173,0.006441300814091757,0.006441300616224655,0.006441300419452006,0.006441300223768954,0.006441300029170651,0.006441299835652251,0.0064412996432088865,0.006441299451835704,0.006441299261527851,0.006441299072280486,0.0064412988840887395,0.006441298696947777,0.006441298510852739,0.00644129832579877,0.0064412981417810555,0.006441297958794724,0.006441297776834935,0.006441297595896846,0.006441297415975639,0.006441297237066484,0.006441297059164549,0.006441296882265013,0.006441296706363104,0.006441296531453892,0.006441296357532666,0.0064412961845945966,0.00644129601263489,0.00644129584164876,0.0064412956716314125,0.006441295502578072,0.0064412953344839706,0.006441295167344343,0.006441295001154428,0.006441294835909481,0.006441294671604755,0.006441294508235527,0.0064412943457970604,0.006441294184284644,0.006441294023693562,0.006441293864019122,0.00644129370525663,0.006441293547401401,0.006441293390448765,0.006441293234394065,0.006441293079232636,0.0064412929249598435,0.0064412927715710505,0.006441292619061635,0.006441292467426984,0.006441292316662501,0.0064412921667635955,0.006441292017725683,0.006441291869544211,0.006441291722214605,0.006441291575732331,0.006441291430092851,0.0064412912852916445,0.006441291141324199,0.006441290998186022,0.006441290855872623,0.006441290714379543,0.006441290573702306,0.006441290433836476,0.006441290294777613,0.006441290156521301,0.006441290019063166,0.006441289882398746,0.006441289746523723,0.006441289611433666,0.006441289477124248,0.006441289343591136,0.006441289210830008,0.006441289078836505,0.0064412889476064055,0.0064412888171354,0.006441288687419199,0.0064412885584535645,0.006441288430234247,0.006441288302757028,0.006441288176017704,0.006441288050012042,0.006441287924735882,0.0064412878001850575,0.006441287676355408,0.006441287553242805,0.006441287430843119,0.006441287309152252,0.0064412871881661,0.0064412870678805965,0.006441286948291677,0.0064412868293952956,0.006441286711187423,0.0064412865936640425,0.006441286476821152,0.006441286360654772,0.006441286245160922,0.00644128613033567,0.006441286016175067,0.006441285902675197,0.006441285789832154,0.00644128567764204,0.006441285566100996,0.006441285455205164,0.006441285344950692,0.006441285235333762,0.006441285126350572,0.006441285017997323,0.00644128491027023,0.006441284803165533,0.006441284696679507,0.006441284590808399,0.006441284485548513,0.006441284380896145,0.0064412842768476085,0.00644128417339926,0.006441284070547472,0.0064412839682885595,0.006441283866618928,0.006441283765534987,0.00644128366503315,0.006441283565109854,0.006441283465761551,0.006441283366984705,0.00644128326877576,0.006441283171131302,0.0064412830740478025,0.006441282977521787,0.006441282881549817,0.006441282786128457,0.006441282691254286,0.006441282596923891,0.006441282503133902,0.0064412824098809465,0.006441282317161663,0.00644128222497271,0.006441282133310771,0.006441282042172544,0.006441281951554741,0.0064412818614540904,0.006441281771867336,0.006441281682791234,0.006441281594222561,0.0064412815061581155,0.0064412814185946955,0.006441281331529135,0.0064412812449582664,0.00644128115887895,0.006441281073288062,0.006441280988182491,0.0064412809035591335,0.006441280819414933,0.0064412807357468035,0.006441280652551699,0.006441280569826588,0.006441280487568454,0.006441280405774296,0.006441280324441128,0.006441280243565973,0.006441280163145919,0.006441280083177956,0.006441280003659198,0.0064412799245867425,0.006441279845957702,0.006441279767769196,0.006441279690018368,0.006441279612702365,0.0064412795358183604,0.006441279459363547,0.006441279383335115,0.006441279307730287,0.006441279232546292,0.006441279157780374,0.006441279083429802,0.006441279009491839,0.006441278935963794,0.0064412788628429325,0.006441278790126608,0.006441278717812159,0.006441278645896932,0.006441278574378297,0.006441278503253631,0.006441278432520332,0.0064412783621758075,0.006441278292217485,0.006441278222642797,0.006441278153449208,0.006441278084634177,0.0064412780161951875,0.006441277948129737,0.006441277880435341,0.0064412778131095185,0.006441277746149812,0.006441277679553789,0.006441277613319004,0.0064412775474430375,0.0064412774819234825,0.0064412774167579515,0.006441277351944069,0.006441277287479468,0.006441277223361803,0.006441277159588736,0.0064412770961579475,0.006441277033067128,0.0064412769703139925,0.0064412769078962375,0.006441276845811614,0.006441276784057862,0.006441276722632742,0.00644127666153399,0.006441276600759468,0.006441276540306924,0.006441276480174184,0.006441276420359071,0.006441276360859418,0.006441276301673083,0.006441276242797918,0.006441276184231816,0.00644127612597265,0.006441276068018314,0.006441276010366761,0.006441275953015899,0.006441275895963668,0.006441275839208013,0.006441275782746903,0.006441275726578321,0.006441275670700218,0.0064412756151106705,0.006441275559807652,0.006441275504789181,0.006441275450053269,0.006441275395598041,0.006441275341421519,0.006441275287521781,0.006441275233896906,0.006441275180545004,0.006441275127464167,0.006441275074652531,0.006441275022108239,0.006441274969829415,0.006441274917814217,0.006441274866060827,0.006441274814567411,0.006441274763332158,0.0064412747123532765,0.00644127466162898,0.006441274611157495,0.006441274560937053,0.006441274510965879,0.0064412744612422764,0.006441274411764483,0.00644127436253079,0.006441274313539487,0.006441274264788867,0.0064412742162772135,0.006441274168002918,0.006441274119964246,0.006441274072159592,0.0064412740245873065,0.0064412739772457366,0.006441273930133267,0.006441273883248273,0.006441273836589154,0.006441273790154321,0.006441273743942164,0.0064412736979511465,0.006441273652179684,0.006441273606626239,0.006441273561289269,0.006441273516167216,0.0064412734712585564,0.006441273426561806,0.006441273382075449,0.006441273337797987,0.006441273293727932,0.006441273249863815,0.006441273206204169,0.0064412731627475385,0.0064412731194924775,0.006441273076437546,0.006441273033581322,0.006441272990922382,0.006441272948459306,0.00644127290619072,0.006441272864115215,0.006441272822231416,0.00644127278053795,0.006441272739033465,0.006441272697716577,0.006441272656585961,0.006441272615640277,0.006441272574878177,0.00644127253429837,0.006441272493899535,0.0064412724536803585,0.006441272413639598,0.006441272373775894,0.0064412723340880095,0.00644127229457469,0.006441272255234637,0.006441272216066621,0.006441272177069397,0.006441272138241725,0.006441272099582386,0.006441272061090159,0.006441272022763836,0.006441271984602205,0.006441271946604082,0.006441271908768276,0.0064412718710936115,0.00644127183357891,0.006441271796223017,0.006441271759024771,0.006441271721983033,0.006441271685096656,0.006441271648364509,0.006441271611785475,0.006441271575358423,0.006441271539082257,0.006441271502955866,0.00644127146697816,0.0064412714311480514,0.006441271395464458,0.006441271359926309,0.006441271324532541,0.006441271289282088,0.006441271254173906,0.006441271219206953,0.006441271184380186,0.006441271149692575,0.006441271115143099,0.006441271080730745,0.006441271046454485,0.00644127101231335,0.00644127097830633,0.006441270944432431,0.006441270910690669,0.006441270877080062,0.006441270843599653,0.006441270810248475,0.006441270777025586,0.006441270743930001,0.006441270710960829,0.006441270678117106,0.006441270645397903,0.006441270612802297,0.00644127058032937,0.006441270547978221,0.006441270515747928,0.006441270483637602,0.006441270451646355,0.006441270419773286,0.006441270388017527,0.006441270356378195,0.006441270324854429,0.006441270293445365,0.006441270262150148,0.00644127023096792,0.006441270199897843,0.00644127016893908,0.006441270138090793,0.006441270107352154,0.0064412700767223436,0.006441270046200549,0.0064412700157859505,0.0064412699854777536,0.006441269955275148,0.00644126992517735,0.00644126989518357,0.006441269865293021,0.006441269835504929,0.006441269805818518,0.006441269776233029,0.006441269746747692,0.00644126971736175,0.006441269688074465,0.006441269658885075,0.006441269629792854,0.006441269600797055,0.006441269571896954,0.006441269543091828,0.006441269514380946,0.006441269485763603,0.006441269457239076,0.006441269428806678,0.006441269400465697,0.00644126937221545,0.0064412693440552265,0.006441269315984378,0.006441269288002175,0.006441269260107955,0.006441269232301039,0.006441269204580776,0.00644126917694652,0.006441269149397592,0.006441269121933343,0.006441269094553102,0.006441269067256271,0.0064412690400421834,0.00644126901291021,0.006441268985859716,0.006441268958890075,0.006441268932000664,0.006441268905190872,0.006441268878460078,0.0064412688518076825,0.006441268825233074,0.006441268798735655,0.006441268772314822,0.006441268745969996,0.006441268719700579,0.006441268693505993,0.006441268667385653,0.006441268641338988,0.0064412686153654235,0.006441268589464394,0.0064412685636353354,0.0064412685378776886,0.006441268512190896,0.006441268486574404,0.006441268461027667,0.0064412684355501515,0.00644126841014131,0.0064412683848006,0.006441268359527496,0.006441268334321469,0.006441268309181982,0.006441268284108524,0.006441268259100584,0.006441268234157643,0.00644126820927919,0.006441268184464716,0.006441268159713717,0.006441268135025696,0.00644126811040016,0.006441268085836613,0.006441268061334578,0.006441268036893542,0.0064412680125130375,0.006441267988192586,0.006441267963931718,0.006441267939729947,0.006441267915586834,0.006441267891501895,0.0064412678674746465,0.006441267843504648,0.006441267819591443,0.0064412677957345855,0.006441267771933618,0.0064412677481881005,0.006441267724497591,0.006441267700861644,0.006441267677279819,0.006441267653751709,0.006441267630276851,0.006441267606854834,0.006441267583485232,0.006441267560167625,0.006441267536901591,0.006441267513686719,0.006441267490522593,0.006441267467408819,0.00644126744434496,0.0064412674213306246,0.00644126739836542,0.006441267375448946,0.006441267352580809,0.006441267329760611,0.006441267306987953,0.006441267284262484,0.006441267261583794,0.006441267238951506,0.006441267216365247,0.0064412671938246365,0.006441267171329295,0.006441267148878861,0.006441267126472957,0.006441267104111235,0.006441267081793321,0.006441267059518871,0.006441267037287501,0.006441267015098869,0.006441266992952624,0.006441266970848416,0.0064412669487858955,0.006441266926764721,0.006441266904784547,0.006441266882845039,0.006441266860945854,0.006441266839086663,0.006441266817267127,0.006441266795486918,0.006441266773745713,0.006441266752043181,0.006441266730378997,0.006441266708752851,0.00644126668716442,0.006441266665613383,0.006441266644099428,0.0064412666226222465,0.006441266601181521,0.0064412665797769515,0.006441266558408226,0.0064412665370750565,0.0064412665157771295,0.006441266494514153,0.006441266473285828,0.006441266452091856,0.0064412664309319535,0.006441266409805828,0.00644126638871319,0.0064412663676537505,0.006441266346627233,0.006441266325633349,0.006441266304671817,0.006441266283742368,0.006441266262844727,0.006441266241978615,0.006441266221143758,0.006441266200339875,0.006441266179566723,0.00644126615882403,0.006441266138111511,0.006441266117428941,0.006441266096776032,0.006441266076152537,0.0064412660555581945,0.006441266034992751,0.006441266014455954,0.006441265993947553,0.006441265973467298,0.00644126595301494,0.0064412659325902375,0.006441265912192946,0.006441265891822822,0.006441265871479623,0.006441265851163114,0.006441265830873056,0.006441265810609216,0.006441265790371351,0.006441265770159244,0.00644126574997266,0.006441265729811358,0.006441265709675138,0.006441265689563758,0.006441265669476996,0.006441265649414632,0.006441265629376445,0.006441265609362213,0.006441265589371724,0.006441265569404759,0.006441265549461104,0.006441265529540548,0.006441265509642878,0.00644126548976789,0.0064412654699153755,0.00644126545008512,0.00644126543027693,0.006441265410490589,0.0064412653907259115,0.006441265370982686,0.006441265351260708,0.006441265331559793,0.0064412653118797415,0.006441265292220359,0.00644126527258145,0.006441265252962823,0.006441265233364289,0.006441265213785663,0.006441265194226747,0.006441265174687358,0.006441265155167315,0.006441265135666428,0.006441265116184521,0.0064412650967214154,0.006441265077276923,0.00644126505785087,0.006441265038443078,0.006441265019053371,0.006441264999681585,0.006441264980327535,0.006441264960991049,0.0064412649416719595,0.006441264922370095,0.006441264903085291,0.006441264883817361,0.006441264864566175,0.006441264845331543,0.006441264826113313,0.006441264806911318,0.006441264787725402,0.006441264768555395,0.006441264749401144,0.006441264730262497,0.006441264711139289,0.006441264692031368,0.006441264672938581,0.0064412646538607714,0.0064412646347977885,0.006441264615749486,0.006441264596715708,0.006441264577696311,0.006441264558691147,0.006441264539700065,0.006441264520722922,0.006441264501759575,0.006441264482809883,0.006441264463873696,0.0064412644449508795,0.006441264426041291,0.006441264407144795,0.006441264388261249,0.006441264369390516,0.00644126435053246,0.00644126433168695,0.006441264312853848,0.006441264294033024,0.006441264275224339,0.006441264256427669,0.006441264237642879,0.006441264218869844,0.006441264200108432,0.006441264181358515,0.006441264162619973,0.006441264143892676,0.006441264125176494,0.006441264106471319,0.006441264087776996,0.006441264069093439,0.006441264050420518,0.006441264031758108,0.0064412640131060895,0.006441263994464339,0.00644126397583275,0.006441263957211207,0.0064412639385995766,0.006441263919997761,0.006441263901405635,0.006441263882823091,0.006441263864250017,0.006441263845686301,0.0064412638271318335,0.006441263808586501,0.006441263790050191,0.006441263771522812,0.006441263753004214,0.006441263734494342,0.006441263715993065,0.006441263697500288,0.006441263679015892,0.0064412636605397835,0.0064412636420718514,0.006441263623612002,0.00644126360516013,0.006441263586716141,0.006441263568279902,0.006441263549851372,0.00644126353143041,0.006441263513016933,0.006441263494610842,0.00644126347621204,0.006441263457820434,0.006441263439435925,0.006441263421058417,0.006441263402687821,0.006441263384324033,0.006441263365966987,0.006441263347616566,0.006441263329272687,0.006441263310935262,0.006441263292604193,0.0064412632742794,0.006441263255960808,0.006441263237648305,0.0064412632193418164,0.0064412632010412505,0.006441263182746519,0.006441263164457545,0.0064412631461742455,0.006441263127896524,0.006441263109624306,0.006441263091357517,0.006441263073096085,0.006441263054839888,0.006441263036588881,0.0064412630183429565,0.006441263000102049,0.0064412629818660794,0.0064412629636349744,0.006441262945408642,0.006441262927187021,0.006441262908970025,0.0064412628907575846,0.006441262872549621,0.006441262854346062,0.006441262836146831,0.006441262817951851,0.006441262799761051,0.006441262781574357,0.006441262763391706,0.0064412627452130125,0.0064412627270382114,0.006441262708867233,0.006441262690700005,0.00644126267253646,0.006441262654376527,0.006441262636220138,0.006441262618067228,0.006441262599917719,0.006441262581771558,0.0064412625636286755,0.006441262545488999,0.006441262527352464,0.006441262509219001,0.0064412624910885645,0.006441262472961073,0.006441262454836456,0.006441262436714671,0.006441262418595648,0.006441262400479322,0.006441262382365626,0.0064412623642545064,0.00644126234614591,0.006441262328039758,0.006441262309935989,0.006441262291834557,0.006441262273735397,0.006441262255638463,0.006441262237543681,0.0064412622194509935,0.006441262201360356,0.006441262183271708,0.006441262165184981,0.006441262147100123,0.006441262129017087,0.006441262110935808,0.006441262092856237,0.006441262074778326,0.006441262056701998,0.006441262038627224,0.00644126202055394,0.0064412620024820975,0.006441261984411635,0.00644126196634251,0.006441261948274665,0.0064412619302080575,0.006441261912142615,0.006441261894078313,0.006441261876015086,0.0064412618579528895,0.006441261839891674,0.0064412618218313775,0.006441261803771968,0.0064412617857133895,0.006441261767655605,0.006441261749598555,0.006441261731542199,0.006441261713486488,0.006441261695431366,0.006441261677376801,0.006441261659322737,0.006441261641269113,0.00644126162321593,0.00644126160516311,0.006441261587110613,0.006441261569058397,0.006441261551006422,0.006441261532954639,0.006441261514903003,0.006441261496851479,0.006441261478800016,0.00644126146074858,0.006441261442697115,0.006441261424645593,0.0064412614065939644,0.006441261388542198,0.006441261370490249,0.006441261352438069,0.006441261334385643,0.0064412613163329,0.006441261298279811,0.006441261280226336,0.00644126126217244,0.006441261244118083,0.006441261226063225,0.006441261208007827,0.006441261189951864,0.006441261171895281,0.006441261153838049,0.006441261135780131,0.00644126111772149,0.006441261099662092,0.006441261081601895,0.0064412610635408655,0.006441261045478974,0.006441261027416178,0.006441261009352445,0.006441260991287743,0.006441260973222023,0.006441260955155303,0.006441260937087473,0.006441260919018538,0.006441260900948463,0.006441260882877205,0.006441260864804744,0.006441260846731035,0.006441260828656042,0.006441260810579759,0.006441260792502142,0.006441260774423153,0.0064412607563427505,0.0064412607382609306,0.006441260720177626,0.006441260702092851,0.006441260684006544,0.006441260665918686,0.006441260647829242,0.006441260629738183,0.00644126061164548,0.006441260593551102,0.00644126057545502,0.00644126055735721,0.006441260539257639,0.006441260521156277,0.006441260503053079,0.0064412604849480495,0.006441260466841146,0.00644126044873234,0.006441260430621612,0.006441260412508924,0.006441260394394261,0.006441260376277586,0.006441260358158866,0.006441260340038084,0.006441260321915212,0.00644126030379023,0.006441260285663097,0.006441260267533807,0.006441260249402312,0.0064412602312686005,0.006441260213132649,0.006441260194994428,0.006441260176853915,0.006441260158711094,0.006441260140565924,0.006441260122418391,0.0064412601042684635,0.006441260086116116,0.0064412600679613526,0.006441260049804131,0.006441260031644408,0.0064412600134821805,0.006441259995317419,0.00644125997715012,0.006441259958980231,0.006441259940807748,0.006441259922632644,0.006441259904454899,0.0064412598862745,0.006441259868091404,0.006441259849905604,0.006441259831717073,0.006441259813525793,0.006441259795331743,0.006441259777134903,0.00644125975893525,0.006441259740732765,0.006441259722527427,0.006441259704319212,0.006441259686108107,0.006441259667894086,0.006441259649677137,0.006441259631457227,0.006441259613234347,0.0064412595950084995,0.006441259576779649,0.006441259558547738,0.006441259540312785,0.006441259522074737,0.00644125950383363,0.006441259485589414,0.006441259467342077,0.006441259449091623,0.006441259430837983,0.006441259412581165,0.006441259394321154,0.006441259376057941,0.006441259357791487,0.006441259339521788,0.006441259321248826,0.006441259302972589,0.006441259284693046,0.006441259266410188,0.006441259248123997,0.006441259229834458,0.00644125921154155,0.006441259193245266,0.006441259174945583,0.006441259156642488,0.006441259138335971,0.006441259120025998,0.006441259101712565,0.006441259083395658,0.0064412590650752555,0.006441259046751345,0.00644125902842392,0.006441259010092951,0.006441258991758431,0.006441258973420358,0.006441258955078684,0.006441258936733416,0.006441258918384544,0.006441258900032041,0.006441258881675925,0.00644125886331613,0.0064412588449526565,0.006441258826585512,0.006441258808214696,0.006441258789840141,0.006441258771461863,0.0064412587530798485,0.006441258734694084,0.006441258716304559,0.0064412586979112575,0.00644125867951417,0.0064412586611132736,0.006441258642708561,0.006441258624300025,0.006441258605887646,0.006441258587471411,0.006441258569051312,0.006441258550627331,0.0064412585321994625,0.006441258513767692,0.006441258495331994,0.006441258476892389,0.00644125845844884,0.006441258440001336,0.006441258421549868,0.00644125840309443,0.006441258384635002,0.006441258366171582,0.006441258347704154,0.0064412583292327045,0.006441258310757212,0.006441258292277688,0.006441258273794114,0.006441258255306473,0.0064412582368147606,0.00644125821831897,0.006441258199819072,0.006441258181315071,0.006441258162806956,0.006441258144294711,0.006441258125778327,0.006441258107257796,0.0064412580887331025,0.006441258070204248,0.006441258051671203,0.006441258033133979,0.006441258014592555,0.006441257996046922,0.006441257977497074,0.006441257958942994,0.006441257940384684,0.006441257921822126,0.006441257903255319,0.0064412578846842344,0.006441257866108885,0.006441257847529264,0.0064412578289453366,0.006441257810357114,0.006441257791764576,0.006441257773167726,0.00644125775456654,0.00644125773596103,0.006441257717351167,0.006441257698736949,0.006441257680118377,0.00644125766149543,0.006441257642868104,0.0064412576242363915,0.006441257605600284,0.006441257586959775,0.006441257568314853,0.006441257549665513,0.006441257531011749,0.006441257512353546,0.006441257493690903,0.006441257475023808,0.0064412574563522595,0.006441257437676242,0.006441257418995748,0.0064412574003107625,0.0064412573816212855,0.006441257362927321,0.0064412573442288465,0.006441257325525881,0.006441257306818389,0.006441257288106363,0.006441257269389815,0.0064412572506687225,0.006441257231943097,0.006441257213212913,0.006441257194478176,0.0064412571757388685,0.0064412571569949836,0.006441257138246524,0.006441257119493485,0.00644125710073585,0.006441257081973615,0.006441257063206771,0.006441257044435317,0.006441257025659248,0.006441257006878551,0.006441256988093228,0.0064412569693032586,0.00644125695050865,0.006441256931709396,0.006441256912905495,0.006441256894096923,0.006441256875283686,0.0064412568564657735,0.00644125683764319,0.006441256818815932,0.006441256799983966,0.006441256781147302,0.006441256762305941,0.006441256743459878,0.006441256724609095,0.0064412567057535895,0.006441256686893359,0.006441256668028405,0.006441256649158719,0.00644125663028429,0.006441256611405088,0.006441256592521166,0.006441256573632489,0.006441256554739053,0.006441256535840849,0.0064412565169378756,0.0064412564980301235,0.006441256479117597,0.0064412564602002835,0.006441256441278179,0.006441256422351283,0.0064412564034195844,0.006441256384483083,0.006441256365541772,0.006441256346595646,0.006441256327644705,0.006441256308688937,0.006441256289728345,0.00644125627076292,0.006441256251792656,0.006441256232817557,0.006441256213837612,0.006441256194852817,0.006441256175863168,0.006441256156868663,0.006441256137869298,0.006441256118865063,0.0064412560998559605,0.006441256080841984,0.006441256061823126,0.006441256042799388,0.006441256023770766,0.006441256004737252,0.0064412559856988445,0.006441255966655535,0.006441255947607331,0.006441255928554217,0.006441255909496187,0.006441255890433252,0.0064412558713654,0.006441255852292618,0.0064412558332149214,0.006441255814132292,0.006441255795044721,0.006441255775952229,0.006441255756854789,0.0064412557377524155,0.006441255718645089,0.006441255699532828,0.0064412556804156135,0.006441255661293432,0.006441255642166305,0.006441255623034217,0.006441255603897162,0.006441255584755119,0.006441255565608124,0.006441255546456154,0.006441255527299203,0.006441255508137277,0.006441255488970369,0.0064412554697984735,0.0064412554506215886,0.006441255431439708,0.006441255412252832,0.006441255393060959,0.0064412553738640846,0.006441255354662203,0.006441255335455316,0.006441255316243419,0.006441255297026512,0.006441255277804588,0.006441255258577648,0.006441255239345684,0.006441255220108698,0.006441255200866686,0.006441255181619623,0.006441255162367552,0.006441255143110447,0.006441255123848285,0.006441255104581103,0.006441255085308883,0.006441255066031616,0.006441255046749303,0.006441255027461942,0.006441255008169515,0.0064412549888720454,0.006441254969569528,0.0064412549502619485,0.006441254930949309,0.006441254911631611,0.006441254892308847,0.0064412548729810126,0.0064412548536481075,0.006441254834310131,0.006441254814967086,0.006441254795618961,0.006441254776265766,0.0064412547569074885,0.006441254737544127,0.006441254718175682,0.006441254698802153,0.006441254679423532,0.0064412546600398244,0.0064412546406510205,0.006441254621257126,0.006441254601858137,0.006441254582454051,0.006441254563044862,0.006441254543630576,0.006441254524211187,0.006441254504786691,0.006441254485357092,0.006441254465922385,0.006441254446482566,0.006441254427037639,0.006441254407587596,0.00644125438813244,0.006441254368672161,0.006441254349206774,0.006441254329736263,0.006441254310260634,0.006441254290779885,0.006441254271294004,0.0064412542518030025,0.006441254232306866,0.006441254212805607,0.006441254193299217,0.006441254173787693,0.00644125415427103,0.006441254134749243,0.006441254115222313,0.006441254095690243,0.006441254076153042,0.006441254056610695,0.006441254037063209,0.006441254017510567,0.006441253997952796,0.006441253978389883,0.006441253958821814,0.0064412539392486,0.006441253919670238,0.006441253900086715,0.006441253880498058,0.006441253860904239,0.006441253841305265,0.006441253821701137,0.00644125380209185,0.006441253782477404,0.0064412537628578,0.006441253743233034,0.006441253723603111,0.006441253703968028,0.006441253684327778,0.006441253664682358,0.0064412536450317815,0.00644125362537604,0.006441253605715128,0.006441253586049045,0.006441253566377788,0.006441253546701367,0.00644125352701977,0.006441253507333009,0.006441253487641099,0.006441253467943989,0.006441253448241705,0.006441253428534242,0.006441253408821604,0.006441253389103786,0.006441253369380768,0.006441253349652607,0.006441253329919256,0.006441253310180725,0.0064412532904370165,0.006441253270688124,0.006441253250934041,0.006441253231174781,0.006441253211410331,0.0064412531916407285,0.006441253171865919,0.006441253152085912,0.0064412531323007225,0.006441253112510347,0.006441253092714786,0.0064412530729140455,0.006441253053108094,0.006441253033296988,0.006441253013480659,0.00644125299365917,0.006441252973832464,0.006441252954000554,0.006441252934163463,0.006441252914321176,0.006441252894473692,0.006441252874621055,0.00644125285476318,0.006441252834900093,0.006441252815031827,0.006441252795158361,0.006441252775279699,0.006441252755395839,0.006441252735506776,0.006441252715612506,0.006441252695713041,0.00644125267580839,0.006441252655898527,0.006441252635983471,0.006441252616063218,0.006441252596137758,0.006441252576207096,0.006441252556271234,0.006441252536330171,0.006441252516383909,0.0064412524964324435,0.006441252476475769,0.0064412524565139,0.006441252436546818,0.006441252416574536,0.0064412523965970475,0.0064412523766143575,0.006441252356626462,0.0064412523366333685,0.00644125231663506,0.006441252296631553,0.006441252276622837,0.006441252256608897,0.006441252236589765,0.006441252216565425,0.006441252196535881,0.006441252176501122,0.006441252156461167,0.006441252136416007,0.006441252116365629,0.00644125209631004,0.00644125207624925,0.00644125205618326,0.0064412520361120836,0.006441252016035665,0.006441251995954039,0.006441251975867216,0.006441251955775175,0.0064412519356779226,0.0064412519155754655,0.0064412518954677905,0.006441251875354921,0.006441251855236833,0.006441251835113536,0.006441251814985031,0.006441251794851308,0.006441251774712386,0.006441251754568249,0.0064412517344189235,0.00644125171426437,0.006441251694104607,0.006441251673939636,0.006441251653769453,0.006441251633594057,0.006441251613413487,0.0064412515932277085,0.006441251573036703,0.006441251552840476,0.0064412515326390495,0.0064412515124324075,0.006441251492220585,0.0064412514720035285,0.006441251451781253,0.006441251431553774,0.006441251411321087,0.006441251391083183,0.006441251370840072,0.006441251350591761,0.00644125133033825,0.006441251310079518,0.006441251289815579,0.006441251269546436,0.006441251249272084,0.006441251228992526,0.006441251208707771,0.006441251188417799,0.006441251168122614,0.006441251147822228,0.006441251127516639,0.006441251107205838,0.006441251086889834,0.006441251066568618,0.006441251046242194,0.006441251025910582,0.006441251005573715,0.006441250985231676,0.006441250964884427,0.006441250944531981,0.006441250924174332,0.006441250903811471,0.006441250883443411,0.0064412508630701465,0.006441250842691704,0.006441250822308012,0.006441250801919139,0.006441250781525057,0.0064412507611257865,0.0064412507407213045,0.0064412507203116184,0.006441250699896723,0.0064412506794766095,0.006441250659051321,0.006441250638620845,0.006441250618185162,0.00644125059774427,0.006441250577298151,0.006441250556846865,0.00644125053639034,0.0064412505159286565,0.006441250495461766,0.0064412504749896855,0.006441250454512404,0.006441250434029921,0.006441250413542244,0.006441250393049369,0.006441250372551292,0.006441250352048024,0.006441250331539558,0.006441250311025896,0.006441250290507049,0.0064412502699829986,0.006441250249453754,0.006441250228919316,0.0064412502083796815,0.006441250187834854,0.006441250167284834,0.00644125014672962,0.006441250126169218,0.006441250105603623,0.006441250085032833,0.006441250064456859,0.006441250043875705,0.0064412500232893495,0.006441250002697804,0.006441249982101065,0.006441249961499137,0.006441249940892023,0.006441249920279721,0.006441249899662237,0.0064412498790395595,0.006441249858411699,0.00644124983777865,0.006441249817140418,0.006441249796496998,0.006441249775848395,0.006441249755194608,0.00644124973453564,0.006441249713871486,0.0064412496932021515,0.006441249672527636,0.006441249651847941,0.006441249631163064,0.006441249610473005,0.006441249589777763,0.0064412495690773465,0.006441249548371743,0.006441249527660966,0.006441249506945009,0.006441249486223874,0.006441249465497567,0.006441249444766079,0.00644124942402942,0.006441249403287576,0.006441249382540561,0.006441249361788373,0.006441249341031013,0.006441249320268477,0.0064412492995007675,0.006441249278727889,0.0064412492579498356,0.006441249237166612,0.006441249216378218,0.006441249195584655,0.006441249174785918,0.0064412491539820186,0.006441249133172945,0.006441249112358706,0.006441249091539301,0.006441249070714727,0.006441249049884987,0.006441249029050084,0.006441249008210013,0.006441248987364783,0.006441248966514384,0.006441248945658824,0.006441248924798103,0.006441248903932219,0.006441248883061169,0.006441248862184965,0.0064412488413035955,0.006441248820417071,0.006441248799525388,0.0064412487786285385,0.00644124875772654,0.006441248736819379,0.006441248715907066,0.006441248694989597,0.006441248674066963,0.006441248653139191,0.006441248632206249,0.006441248611268159,0.006441248590324917,0.006441248569376533,0.006441248548422984,0.006441248527464291,0.006441248506500443,0.006441248485531447,0.006441248464557305,0.006441248443578012,0.006441248422593574,0.006441248401603985,0.0064412483806092526,0.006441248359609373,0.006441248338604347,0.006441248317594178,0.006441248296578866,0.0064412482755584095,0.00644124825453281,0.0064412482335020685,0.006441248212466192,0.006441248191425172,0.006441248170379012,0.006441248149327713,0.006441248128271273,0.006441248107209699,0.006441248086142983,0.006441248065071132,0.006441248043994143,0.0064412480229120266,0.006441248001824776,0.006441247980732393,0.00644124795963487,0.006441247938532217,0.006441247917424427,0.006441247896311515,0.006441247875193472,0.006441247854070301,0.006441247832942001,0.006441247811808575,0.006441247790670021,0.006441247769526339,0.006441247748377528,0.006441247727223597,0.006441247706064539,0.006441247684900358,0.006441247663731056,0.00644124764255663,0.006441247621377083,0.006441247600192419,0.0064412475790026295,0.006441247557807736,0.0064412475366077155,0.006441247515402567,0.006441247494192308,0.006441247472976932,0.00644124745175643,0.006441247430530814,0.0064412474093000814,0.0064412473880642385,0.006441247366823291,0.006441247345577224,0.0064412473243260415,0.006441247303069756,0.006441247281808355,0.006441247260541847,0.00644124723927024,0.006441247217993514,0.006441247196711688,0.006441247175424754,0.0064412471541327185,0.006441247132835578,0.006441247111533333,0.006441247090225983,0.006441247068913531,0.006441247047595978,0.0064412470262733236,0.006441247004945569,0.006441246983612712,0.006441246962274765,0.006441246940931714,0.006441246919583566,0.0064412468982303255,0.006441246876871984,0.0064412468555085515,0.0064412468341400264,0.006441246812766406,0.006441246791387692,0.00644124677000389,0.006441246748614994,0.0064412467272210085,0.006441246705821933,0.006441246684417769,0.0064412466630085164,0.006441246641594179,0.006441246620174753,0.006441246598750252,0.006441246577320656,0.006441246555885982,0.006441246534446217,0.006441246513001373,0.006441246491551447,0.00644124647009644,0.006441246448636349,0.0064412464271711815,0.006441246405700956,0.006441246384225631,0.006441246362745231,0.006441246341259757,0.0064412463197692045,0.006441246298273578,0.006441246276772882,0.006441246255267111,0.006441246233756265,0.006441246212240351,0.006441246190719364,0.006441246169193309,0.006441246147662179,0.006441246126125985,0.006441246104584727,0.0064412460830384,0.006441246061487005,0.0064412460399305435,0.006441246018369022,0.0064412459968024366,0.00644124597523079,0.006441245953654079,0.0064412459320723064,0.006441245910485475,0.006441245888893584,0.006441245867296635,0.0064412458456946245,0.006441245824087561,0.006441245802475441,0.0064412457808582626,0.00644124575923603,0.006441245737608745,0.006441245715976407,0.006441245694339018,0.006441245672696575,0.006441245651049084,0.006441245629396542,0.006441245607738952,0.006441245586076304,0.00644124556440862,0.0064412455427358874,0.006441245521058115,0.006441245499375293,0.0064412454776874295,0.006441245455994516,0.006441245434296567,0.006441245412593591,0.006441245390885556,0.006441245369172483,0.006441245347454367,0.006441245325731232,0.006441245304003043,0.006441245282269819,0.006441245260531559,0.006441245238788246,0.006441245217039916,0.006441245195286557,0.006441245173528161,0.006441245151764736,0.006441245129996281,0.006441245108222794,0.006441245086444281,0.006441245064660742,0.0064412450428721745,0.00644124502107858,0.006441244999279948,0.006441244977476296,0.006441244955667621,0.006441244933853925,0.006441244912035207,0.006441244890211454,0.006441244868382693,0.006441244846548915,0.006441244824710119,0.006441244802866297,0.006441244781017465,0.006441244759163617,0.006441244737304754,0.006441244715440872,0.006441244693571968,0.006441244671698061,0.006441244649819141,0.006441244627935209,0.006441244606046265,0.006441244584152314,0.00644124456225335,0.00644124454034938,0.006441244518440402,0.006441244496526418,0.00644124447460743,0.006441244452683438,0.0064412444307544395,0.006441244408820438,0.006441244386881437,0.006441244364937433,0.006441244342988431,0.006441244321034425,0.006441244299075422,0.00644124427711142,0.006441244255142421,0.0064412442331684295,0.006441244211189439,0.006441244189205453,0.006441244167216477,0.006441244145222511,0.006441244123223549,0.0064412441012195966,0.006441244079210656,0.00644124405719672,0.0064412440351777995,0.006441244013153889,0.006441243991124993,0.006441243969091108,0.006441243947052242,0.006441243925008392,0.006441243902959563,0.006441243880905744,0.006441243858846944,0.006441243836783165,0.006441243814714404,0.006441243792640663,0.0064412437705619425,0.00644124374847823,0.006441243726389556,0.006441243704295909,0.006441243682197291,0.0064412436600936925,0.006441243637985126,0.006441243615871555,0.00644124359375304,0.006441243571629555,0.006441243549501099,0.0064412435273676774,0.0064412435052292865,0.00644124348308593,0.006441243460937604,0.006441243438784314,0.006441243416626061,0.006441243394462839,0.006441243372294654,0.006441243350121492,0.006441243327943386,0.006441243305760323,0.006441243283572294,0.0064412432613793116,0.006441243239181374,0.0064412432169784735,0.006441243194770613,0.0064412431725578085,0.006441243150340049,0.0064412431281173224,0.006441243105889657,0.006441243083657035,0.006441243061419464,0.006441243039176946,0.006441243016929475,0.006441242994677063,0.006441242972419738,0.006441242950157432,0.0064412429278901525,0.006441242905617949,0.0064412428833407805,0.006441242861058694,0.00644124283877165,0.006441242816479681,0.006441242794182733,0.0064412427718808845,0.006441242749574087,0.00644124272726238,0.006441242704945712,0.00644124268262411,0.006441242660297571,0.006441242637966105,0.00644124261562967,0.006441242593288373,0.006441242570942105,0.006441242548590885,0.006441242526234764,0.006441242503873717,0.006441242481507728,0.006441242459136817,0.00644124243676098,0.006441242414380215,0.006441242391994508,0.006441242369603888,0.006441242347208413,0.00644124232480795,0.006441242302402566,0.006441242279992262,0.006441242257577003,0.006441242235156863,0.006441242212731807,0.006441242190301812,0.006441242167866941,0.006441242145427131,0.006441242122982405,0.006441242100532775,0.006441242078078224,0.0064412420556187655,0.006441242033154394,0.006441242010685119,0.0064412419882109466,0.0064412419657318195,0.00644124194324782,0.006441241920758884,0.006441241898265044,0.0064412418757662905,0.00644124185326263,0.006441241830754104,0.006441241808240674,0.006441241785722344,0.006441241763199106,0.006441241740670941,0.006441241718137918,0.006441241695599988,0.006441241673057161,0.006441241650509441,0.006441241627956786,0.006441241605399283,0.006441241582836877,0.006441241560269582,0.006441241537697396,0.0064412415151203,0.006441241492538336,0.006441241469951477,0.006441241447359731,0.006441241424763094,0.0064412414021615735,0.006441241379555165,0.006441241356943875,0.0064412413343277065,0.006441241311706647,0.006441241289080705,0.006441241266449884,0.006441241243814186,0.0064412412211736015,0.006441241198528143,0.006441241175877806,0.006441241153222599,0.006441241130562511,0.0064412411078975445,0.006441241085227706,0.006441241062552996,0.006441241039873403,0.006441241017188961,0.006441240994499637,0.006441240971805445,0.006441240949106376,0.006441240926402442,0.006441240903693643,0.006441240880979938,0.006441240858261407,0.006441240835538013,0.00644124081280975,0.00644124079007662,0.006441240767338635,0.006441240744595787,0.0064412407218480475,0.006441240699095479,0.006441240676338055,0.006441240653575719,0.006441240630808589,0.006441240608036594,0.006441240585259743,0.006441240562478038,0.0064412405396914825,0.00644124051689998,0.006441240494103705,0.006441240471302601,0.006441240448496637,0.006441240425685836,0.006441240402870184,0.006441240380049674,0.006441240357224311,0.006441240334394108,0.006441240311559055,0.006441240288719173,0.006441240265874446,0.006441240243024873,0.0064412402201704565,0.006441240197311206,0.006441240174447109,0.006441240151578182,0.006441240128704393,0.006441240105825792,0.006441240082942354,0.006441240060054071,0.006441240037160961,0.00644124001426302,0.006441239991360248,0.00644123996845265,0.006441239945540218,0.006441239922622951,0.0064412398997008265,0.006441239876773898,0.0064412398538421485,0.006441239830905559,0.0064412398079641674,0.006441239785017962,0.006441239762066904,0.006441239739111026,0.00644123971615033,0.006441239693184831,0.006441239670214492,0.006441239647239347,0.006441239624259371,0.006441239601274574,0.006441239578284993,0.006441239555290575,0.006441239532291322,0.006441239509287269,0.006441239486278398,0.0064412394632647205,0.006441239440246229,0.006441239417222938,0.0064412393941948205,0.006441239371161918,0.006441239348124217,0.0064412393250816895,0.006441239302034348,0.006441239278982205,0.0064412392559252555,0.006441239232863502,0.0064412392097968705,0.006441239186725525,0.0064412391636493515,0.006441239140568415,0.006441239117482658,0.0064412390943921,0.006441239071296748,0.006441239048196598,0.006441239025091679,0.006441239001981955,0.006441238978867419,0.006441238955748093,0.006441238932623973,0.006441238909495061,0.006441238886361361,0.006441238863222868,0.006441238840079582,0.006441238816931529,0.006441238793778675,0.006441238770621036,0.006441238747458614,0.006441238724291402,0.006441238701119412,0.006441238677942631,0.006441238654761096,0.006441238631574805,0.006441238608383685,0.006441238585187792,0.0064412385619870985,0.006441238538781646,0.006441238515571338,0.006441238492356331,0.006441238469136553,0.006441238445911998,0.006441238422682675,0.006441238399448587,0.006441238376209701,0.00644123835296606,0.006441238329717659,0.006441238306464478,0.006441238283206543,0.00644123825994383,0.006441238236676348,0.006441238213404125,0.006441238190127119,0.006441238166845358,0.00644123814355884,0.006441238120267536,0.0064412380969714736,0.006441238073670656,0.0064412380503650795,0.0064412380270547345,0.006441238003739652,0.006441237980419801,0.006441237957095199,0.006441237933765844,0.006441237910431728,0.006441237887092859,0.0064412378637492655,0.006441237840400893,0.0064412378170477635,0.006441237793689911,0.00644123777032729,0.006441237746959921,0.006441237723587812,0.006441237700210958,0.006441237676829352,0.006441237653442997,0.006441237630051878,0.00644123760665604,0.006441237583255457,0.00644123755985015,0.006441237536440088,0.006441237513025276,0.006441237489605739,0.006441237466181489,0.0064412374427524855,0.006441237419318794,0.006441237395880305,0.0064412373724371,0.006441237348989156,0.006441237325536484,0.006441237302079084,0.006441237278616943,0.00644123725515007,0.006441237231678467,0.006441237208202139,0.006441237184721089,0.006441237161235326,0.006441237137744818,0.006441237114249573,0.006441237090749606,0.006441237067244945,0.006441237043735542,0.006441237020221422,0.006441236996702585,0.0064412369731790264,0.006441236949650745,0.006441236926117757,0.00644123690258004,0.006441236879037605,0.006441236855490436,0.006441236831938579,0.006441236808382013,0.006441236784820727,0.006441236761254732,0.0064412367376840245,0.006441236714108615,0.006441236690528487,0.006441236666943657,0.006441236643354115,0.00644123661975986,0.0064412365961608545,0.0064412365725571834,0.006441236548948819,0.00644123652533576,0.0064412365017179896,0.006441236478095517,0.006441236454468336,0.006441236430836461,0.006441236407199901,0.006441236383558651,0.0064412363599126886,0.0064412363362620325,0.006441236312606667,0.006441236288946622,0.0064412362652818385,0.0064412362416124145,0.0064412362179382945,0.006441236194259492,0.006441236170575988,0.00644123614688779,0.0064412361231949026,0.006441236099497329,0.0064412360757950685,0.00644123605208813,0.006441236028376514,0.006441236004660207,0.006441235980939198,0.0064412359572135185,0.006441235933483144,0.006441235909748107,0.006441235886008391,0.006441235862263992,0.006441235838514914,0.006441235814761166,0.006441235791002738,0.006441235767239635,0.006441235743471812,0.006441235719699304,0.006441235695922179,0.006441235672140424,0.006441235648353953,0.006441235624562833,0.006441235600767,0.006441235576966526,0.006441235553161382,0.006441235529351564,0.00644123550553709,0.006441235481717947,0.0064412354578941315,0.0064412354340656055,0.006441235410232475,0.0064412353863946845,0.006441235362552231,0.006441235338705116,0.006441235314853327,0.0064412352909969,0.006441235267135793,0.006441235243270053,0.006441235219399653,0.006441235195524602,0.006441235171644893,0.006441235147760536,0.0064412351238715216,0.006441235099977857,0.006441235076079527,0.006441235052176563,0.00644123502826895,0.006441235004356688,0.006441234980439776,0.006441234956518222,0.006441234932592021,0.006441234908661154,0.006441234884725663,0.006441234860785531,0.006441234836840753,0.006441234812891393,0.006441234788937394,0.006441234764978677,0.0064412347410154,0.0064412347170474255,0.006441234693074818,0.006441234669097569,0.006441234645115676,0.006441234621129152,0.006441234597137998,0.006441234573142211,0.006441234549141795,0.006441234525136744,0.0064412345011270475,0.006441234477112728,0.006441234453093792,0.006441234429070214,0.006441234405042004,0.0064412343810091865,0.006441234356971674,0.006441234332929601,0.0064412343088829024,0.006441234284831651,0.006441234260775719,0.0064412342367151714,0.006441234212649994,0.006441234188580202,0.006441234164505785,0.0064412341404267584,0.006441234116343108,0.006441234092254843,0.006441234068161969,0.0064412340440645,0.006441234019962392,0.00644123399585567,0.006441233971744361,0.006441233947628408,0.006441233923507879,0.006441233899382719,0.006441233875252919,0.006441233851118543,0.006441233826979552,0.006441233802835949,0.00644123377868776,0.006441233754534924,0.006441233730377527,0.006441233706215527,0.0064412336820489444,0.006441233657877743,0.006441233633701944,0.006441233609521578,0.006441233585336593,0.006441233561146975,0.006441233536952772,0.006441233512753998,0.006441233488550621,0.006441233464342648,0.006441233440130036,0.006441233415912862,0.0064412333916911094,0.006441233367464765,0.0064412333432338365,0.0064412333189982855,0.006441233294758177,0.0064412332705135085,0.0064412332462642375,0.0064412332220103756,0.006441233197751927,0.006441233173488892,0.0064412331492212736,0.006441233124949078,0.0064412331006722945,0.006441233076390912,0.00644123305210499,0.006441233027814471,0.006441233003519412,0.006441232979219733,0.006441232954915474,0.006441232930606641,0.006441232906293238,0.006441232881975273,0.006441232857652728,0.0064412328333256115,0.0064412328089939325,0.0064412327846576755,0.006441232760316839,0.006441232735971443,0.006441232711621475,0.006441232687266948,0.006441232662907824,0.006441232638544159,0.006441232614175933,0.006441232589803148,0.006441232565425849,0.006441232541043938,0.006441232516657447,0.006441232492266415,0.006441232467870795,0.0064412324434706516,0.006441232419065959,0.006441232394656684,0.006441232370242862,0.006441232345824472,0.006441232321401525,0.006441232296974039,0.006441232272542,0.006441232248105411,0.006441232223664264,0.006441232199218549,0.006441232174768307,0.006441232150313568,0.006441232125854221,0.006441232101390311,0.006441232076921899,0.006441232052448916,0.006441232027971388,0.006441232003489326,0.006441231979002714,0.006441231954511564,0.006441231930015874,0.0064412319055156325,0.00644123188101086,0.00644123185650155,0.0064412318319877005,0.006441231807469321,0.0064412317829464424,0.006441231758418992,0.006441231733887018,0.006441231709350508,0.006441231684809403,0.00644123166026382,0.006441231635713715,0.006441231611159068,0.006441231586599902,0.006441231562036203,0.006441231537467983,0.006441231512895236,0.00644123148831801,0.006441231463736212,0.006441231439149888,0.0064412314145590385,0.0064412313899636685,0.006441231365363771,0.0064412313407593595,0.0064412313161504005,0.006441231291536945,0.00644123126691894,0.006441231242296405,0.006441231217669397,0.006441231193037867,0.00644123116840183,0.006441231143761282,0.006441231119116218,0.006441231094466638,0.006441231069812547,0.006441231045153954,0.006441231020490845,0.0064412309958232225,0.0064412309711510945,0.006441230946474459,0.006441230921793323,0.006441230897107678,0.006441230872417493,0.006441230847722838,0.006441230823023677,0.006441230798320009,0.006441230773611795,0.006441230748899137,0.006441230724181956,0.006441230699460285,0.006441230674734095,0.006441230650003421,0.006441230625268263,0.006441230600528614,0.0064412305757844575,0.006441230551035811,0.006441230526282674,0.006441230501525043,0.006441230476762943,0.006441230451996335,0.0064412304272252335,0.00644123040244964,0.006441230377669559,0.00644123035288499,0.006441230328095941,0.006441230303302407,0.006441230278504373,0.006441230253701867,0.006441230228894876,0.006441230204083407,0.00644123017926745,0.006441230154447006,0.00644123012962208,0.006441230104792706,0.006441230079958837,0.006441230055120515,0.006441230030277722,0.006441230005430423,0.006441229980578634,0.006441229955722377,0.0064412299308616435,0.006441229905996384,0.006441229881126707,0.006441229856252551,0.006441229831373934,0.006441229806490854,0.00644122978160331,0.0064412297567112845,0.006441229731814794,0.006441229706913834,0.006441229682008444,0.006441229657098556,0.006441229632184212,0.006441229607265396,0.0064412295823421195,0.006441229557414385,0.00644122953248219,0.006441229507545532,0.006441229482604419,0.006441229457658845,0.006441229432708806,0.006441229407754364,0.006441229382795428,0.006441229357832034,0.006441229332864185,0.006441229307891892,0.0064412292829151355,0.0064412292579339335,0.006441229232948253,0.006441229207958147,0.006441229182963588,0.006441229157964573,0.006441229132961122,0.006441229107953225,0.006441229082940874,0.006441229057924091,0.006441229032902852,0.0064412290078771795,0.006441228982847058,0.006441228957812512,0.006441228932773507,0.0064412289077300676,0.006441228882682183,0.006441228857629865,0.0064412288325731105,0.006441228807511914,0.006441228782446287,0.00644122875737622,0.0064412287323017195,0.0064412287072227875,0.006441228682139439,0.006441228657051637,0.006441228631959412,0.006441228606862759,0.006441228581761669,0.006441228556656149,0.0064412285315462075,0.006441228506431831,0.00644122848131302,0.006441228456189804,0.006441228431062156,0.006441228405930087,0.006441228380793502,0.006441228355652572,0.006441228330507235,0.006441228305357483,0.006441228280203295,0.006441228255044666,0.006441228229881653,0.006441228204714225,0.006441228179542379,0.006441228154366113,0.006441228129185445,0.0064412281040003225,0.006441228078810812,0.0064412280536168985,0.006441228028418571,0.006441228003215837,0.006441227978008671,0.006441227952797115,0.006441227927581172,0.006441227902360785,0.006441227877136004,0.006441227851906846,0.006441227826673259,0.006441227801435263,0.006441227776192893,0.006441227750946132,0.006441227725694919,0.006441227700439374,0.006441227675179374,0.006441227649914939,0.00644122762464614,0.00644122759937294,0.006441227574095347,0.006441227548813376,0.006441227523526979,0.0064412274982362,0.006441227472941018,0.006441227447641448,0.006441227422337497,0.006441227397029136,0.006441227371716397,0.0064412273463992625,0.006441227321077731,0.0064412272957518136,0.006441227270421527,0.006441227245086832,0.006441227219747771,0.006441227194404326,0.006441227169056486,0.00644122714370427,0.006441227118347689,0.006441227092986622,0.006441227067621276,0.006441227042251533,0.006441227016877416,0.006441226991498921,0.006441226966116045,0.006441226940728807,0.006441226915337184,0.006441226889941187,0.006441226864540815,0.006441226839136061,0.00644122681372694,0.006441226788313429,0.006441226762895565,0.00644122673747333,0.006441226712046736,0.006441226686615751,0.006441226661180414,0.006441226635740704,0.0064412266102966305,0.00644122658484819,0.006441226559395386,0.006441226533938221,0.006441226508476695,0.006441226483010778,0.006441226457540538,0.006441226432065917,0.006441226406586945,0.006441226381103612,0.006441226355615911,0.00644122633012386,0.006441226304627435,0.006441226279126676,0.0064412262536215565,0.00644122622811209,0.006441226202598209,0.0064412261770800325,0.00644122615155751,0.006441226126030629,0.006441226100499387,0.006441226074963807,0.006441226049423877,0.006441226023879615,0.006441225998330974,0.006441225972778009,0.006441225947220696,0.006441225921659041,0.00644122589609303,0.006441225870522683,0.006441225844947998,0.006441225819368974,0.006441225793785576,0.0064412257681978665,0.006441225742605818,0.0064412257170094285,0.006441225691408715,0.0064412256658036935,0.006441225640194303,0.006441225614580571,0.006441225588962506,0.006441225563340108,0.006441225537713393,0.006441225512082333,0.0064412254864469705,0.006441225460807252,0.006441225435163212,0.006441225409514835,0.006441225383862128,0.0064412253582050655,0.006441225332543682,0.006441225306878,0.006441225281207987,0.006441225255533692,0.00644122522985504,0.006441225204172057,0.006441225178484781,0.006441225152793164,0.006441225127097228,0.006441225101396966,0.006441225075692389,0.006441225049983449,0.006441225024270255,0.006441224998552723,0.006441224972830887,0.006441224947104734,0.006441224921374266,0.006441224895639498,0.006441224869900403,0.006441224844157002,0.006441224818409289,0.0064412247926572495,0.006441224766900921,0.006441224741140256,0.006441224715375285,0.006441224689606031,0.006441224663832467,0.0064412246380546,0.006441224612272446,0.006441224586485967,0.006441224560695247,0.006441224534900172,0.0064412245091007994,0.006441224483297123,0.006441224457489155,0.006441224431676911,0.006441224405860352,0.006441224380039484,0.006441224354214322,0.00644122432838485,0.0064412243025510785,0.006441224276713033,0.006441224250870697,0.00644122422502405,0.006441224199173128,0.006441224173317913,0.006441224147458429,0.0064412241215946455,0.006441224095726583,0.006441224069854234,0.006441224043977584,0.0064412240180966515,0.006441223992211435,0.006441223966321947,0.006441223940428169,0.006441223914530072,0.006441223888627714,0.006441223862721082,0.006441223836810146,0.006441223810894967,0.006441223784975508,0.0064412237590517705,0.006441223733123749,0.006441223707191447,0.006441223681254818,0.006441223655313975,0.00644122362936886,0.006441223603419477,0.006441223577465837,0.006441223551507894,0.006441223525545682,0.006441223499579175,0.006441223473608429,0.006441223447633408,0.0064412234216542005,0.006441223395670662,0.006441223369682842,0.006441223343690768,0.006441223317694432,0.006441223291693831,0.006441223265688963,0.006441223239679823,0.006441223213666343,0.006441223187648723,0.006441223161626858,0.00644122313560068,0.006441223109570221,0.006441223083535536,0.006441223057496626,0.006441223031453397,0.006441223005405937,0.006441222979354222,0.0064412229532983,0.006441222927238074,0.006441222901173606,0.006441222875104884,0.006441222849031893,0.006441222822954656,0.006441222796873184,0.006441222770787496,0.006441222744697532,0.006441222718603369,0.006441222692504908,0.0064412226664022215,0.006441222640295317,0.006441222614184128,0.006441222588068669,0.006441222561948995,0.006441222535825075,0.006441222509696923,0.006441222483564501,0.006441222457427867,0.006441222431287007,0.006441222405141921,0.006441222378992568,0.006441222352838989,0.006441222326681177,0.006441222300519123,0.00644122227435284,0.006441222248182331,0.0064412222220076145,0.006441222195828661,0.006441222169645454,0.006441222143458029,0.00644122211726637,0.006441222091070462,0.006441222064870384,0.006441222038666035,0.006441222012457466,0.0064412219862446714,0.006441221960027605,0.0064412219338063695,0.006441221907580909,0.006441221881351229,0.0064412218551173185,0.006441221828879167,0.006441221802636837,0.006441221776390275,0.006441221750139533,0.006441221723884539,0.006441221697625324,0.006441221671361898,0.006441221645094205,0.006441221618822341,0.006441221592546282,0.006441221566265987,0.0064412215399815035,0.006441221513692867,0.006441221487399954,0.006441221461102851,0.006441221434801525,0.006441221408495947,0.006441221382186176,0.006441221355872238,0.006441221329554079,0.0064412213032317206,0.006441221276905168,0.006441221250574396,0.0064412212242394296,0.006441221197900264,0.006441221171556897,0.0064412211452093944,0.006441221118857635,0.006441221092501685,0.006441221066141595,0.006441221039777264,0.006441221013408712,0.006441220987035968,0.006441220960659025,0.006441220934277874,0.006441220907892548,0.006441220881503041,0.006441220855109331,0.006441220828711458,0.006441220802309373,0.006441220775903105,0.006441220749492638,0.006441220723077975,0.006441220696659069,0.006441220670236071,0.006441220643808858,0.006441220617377445,0.00644122059094186,0.006441220564502092,0.006441220538058125,0.0064412205116099915,0.0064412204851576945,0.0064412204587012195,0.006441220432240547,0.00644122040577561,0.006441220379306526,0.0064412203528333625,0.006441220326355999,0.006441220299874449,0.006441220273388731,0.006441220246898837,0.006441220220404727,0.00644122019390649,0.006441220167404079,0.006441220140897507,0.0064412201143867545,0.006441220087871877,0.006441220061352785,0.006441220034829537,0.006441220008302115,0.00644121998177053,0.006441219955234825,0.00644121992869491,0.00644121990215083,0.006441219875602588,0.006441219849050179,0.00644121982249368,0.006441219795932956,0.0064412197693680786,0.006441219742799036,0.006441219716225826,0.006441219689648469,0.0064412196630669475,0.006441219636481263,0.006441219609891437,0.0064412195832974,0.0064412195566992654,0.006441219530096974,0.00644121950349053,0.006441219476879986,0.0064412194502652875,0.006441219423646416,0.006441219397023382,0.006441219370396169,0.006441219343764901,0.006441219317129417,0.0064412192904898195,0.006441219263846053,0.006441219237198113,0.0064412192105460534,0.006441219183889855,0.006441219157229519,0.006441219130565037,0.006441219103896382,0.006441219077223604,0.006441219050546752,0.006441219023865725,0.006441218997180546,0.006441218970491229,0.006441218943797774,0.006441218917100183,0.006441218890398463,0.006441218863692615,0.0064412188369826415,0.006441218810268521,0.006441218783550282,0.006441218756827904,0.0064412187301014084,0.006441218703370777,0.006441218676636009,0.0064412186498970896,0.006441218623154068,0.006441218596406921,0.006441218569655633,0.006441218542900237,0.006441218516140712,0.006441218489377062,0.0064412184626092914,0.006441218435837399,0.006441218409061398,0.006441218382281258,0.0064412183554970895,0.006441218328708724,0.006441218301916254,0.006441218275119653,0.0064412182483189265,0.006441218221514102,0.006441218194705156,0.006441218167892088,0.006441218141074913,0.006441218114253533,0.0064412180874281405,0.0064412180605986444,0.006441218033765024,0.006441218006927295,0.006441217980085454,0.00644121795323941,0.006441217926389359,0.006441217899535213,0.006441217872676978,0.00644121784581459,0.006441217818948113,0.006441217792077539,0.006441217765202857,0.006441217738324092,0.006441217711441208,0.006441217684554222,0.0064412176576631374,0.0064412176307679534,0.00644121760386871,0.006441217576965333,0.00644121755005786,0.00644121752314629,0.0064412174962306225,0.006441217469310852,0.006441217442386997,0.006441217415459053,0.006441217388527015,0.0064412173615908865,0.00644121733465069,0.006441217307706381,0.006441217280757984,0.006441217253805503,0.006441217226848947,0.006441217199888291,0.006441217172923542,0.006441217145954713,0.006441217118981795,0.006441217092004799,0.006441217065023718,0.006441217038038556,0.00644121701104931,0.006441216984055986,0.00644121695705858,0.0064412169300570934,0.006441216903051533,0.006441216876041894,0.006441216849028174,0.006441216822010385,0.006441216794988515,0.00644121676796257,0.006441216740932551,0.006441216713898487,0.006441216686860345,0.006441216659818111,0.006441216632771825,0.006441216605721451,0.006441216578667029,0.006441216551608544,0.006441216524545969,0.006441216497479343,0.006441216470408655,0.0064412164433339004,0.006441216416255091,0.006441216389172183,0.00644121636208524,0.0064412163349942455,0.006441216307899155,0.006441216280800029,0.006441216253696858,0.0064412162265896095,0.006441216199478329,0.0064412161723629326,0.006441216145243491,0.006441216118119985,0.006441216090992451,0.006441216063860836,0.0064412160367251945,0.006441216009585359,0.006441215982441609,0.006441215955293781,0.006441215928141915,0.00644121590098599,0.006441215873826007,0.0064412158466619785,0.006441215819493893,0.006441215792321769,0.00644121576514567,0.006441215737965446,0.006441215710781176,0.0064412156835928595,0.00644121565640051,0.0064412156292041065,0.00644121560200366,0.00644121557479917,0.006441215547590638,0.00644121552037809,0.006441215493161358,0.006441215465940644,0.006441215438715887,0.006441215411487091,0.0064412153842543386,0.006441215357017559,0.006441215329776737,0.006441215302531879,0.0064412152752829814,0.006441215248030013,0.006441215220773057,0.006441215193512067,0.006441215166247018,0.006441215138977994,0.006441215111704853,0.006441215084427747,0.00644121505714661,0.006441215029861446,0.0064412150025722585,0.006441214975279034,0.00644121494798179,0.0064412149206805125,0.006441214893375252,0.0064412148660659444,0.006441214838752639,0.006441214811435292,0.0064412147841139255,0.0064412147567885335,0.006441214729459137,0.006441214702125711,0.006441214674788271,0.006441214647446815,0.0064412146201013355,0.006441214592751847,0.006441214565398353,0.006441214538040846,0.006441214510679316,0.006441214483313775,0.006441214455944224,0.006441214428570651,0.006441214401193092,0.006441214373811511,0.006441214346425918,0.006441214319036322,0.006441214291642706,0.006441214264245092,0.006441214236843482,0.006441214209437859,0.006441214182028235,0.0064412141546146065,0.006441214127196975,0.006441214099775344,0.006441214072349704,0.00644121404492007,0.006441214017486447,0.006441213990048816,0.006441213962607187,0.006441213935161561,0.006441213907711956,0.006441213880258294,0.00644121385280068,0.006441213825339071,0.006441213797873428,0.006441213770403848,0.006441213742930265,0.006441213715452688,0.00644121368797112,0.00644121366048555,0.0064412136329960006,0.006441213605502465,0.006441213578004943,0.00644121355050343,0.006441213522997932,0.006441213495488447,0.0064412134679750046,0.006441213440457532,0.006441213412936097,0.00644121338541074,0.006441213357881344,0.006441213330347961,0.006441213302810601,0.006441213275269259,0.006441213247723922,0.006441213220174627,0.006441213192621271,0.006441213165064024,0.006441213137502793,0.006441213109937585,0.006441213082368446,0.0064412130547952945,0.006441213027218188,0.006441212999637083,0.006441212972052018,0.006441212944462979,0.006441212916869969,0.006441212889272991,0.006441212861672045,0.006441212834067133,0.0064412128064582595,0.006441212778845419,0.0064412127512286045,0.006441212723607823,0.006441212695983078,0.006441212668354374,0.0064412126407217005,0.006441212613085072,0.006441212585444478,0.006441212557799923,0.006441212530151411,0.006441212502498934,0.006441212474842506,0.006441212447182123,0.006441212419517776,0.0064412123918494765,0.006441212364177216,0.006441212336501003,0.006441212308820835,0.006441212281136701,0.006441212253448682,0.006441212225756661,0.006441212198060685,0.006441212170360756,0.0064412121426568785,0.0064412121149490555,0.0064412120872372825,0.006441212059521543,0.00644121203180185,0.006441212004078237,0.006441211976350679,0.00644121194861928,0.006441211920883826,0.006441211893144439,0.0064412118654011054,0.0064412118376538305,0.006441211809902612,0.006441211782147458,0.0064412117543883795,0.006441211726625333,0.0064412116988583476,0.006441211671087311,0.006441211643312466,0.006441211615533685,0.006441211587751043,0.006441211559964391,0.006441211532173807,0.006441211504379283,0.006441211476580878,0.006441211448778498,0.006441211420972196,0.006441211393161953,0.006441211365347779,0.0064412113375296775,0.006441211309707728,0.006441211281881761,0.006441211254051879,0.006441211226218061,0.0064412111983803335,0.0064412111705386835,0.006441211142693104,0.0064412111148436065,0.006441211086990183,0.0064412110591328285,0.006441211031271537,0.006441211003406362,0.006441210975537267,0.00644121094766423,0.006441210919787287,0.006441210891906413,0.0064412108640216365,0.006441210836132946,0.006441210808240339,0.006441210780343797,0.006441210752443332,0.006441210724538997,0.006441210696630731,0.006441210668718563,0.006441210640802485,0.006441210612882497,0.00644121058495859,0.00644121055703078,0.006441210529099056,0.006441210501163435,0.006441210473223912,0.006441210445280486,0.006441210417333143,0.006441210389381903,0.006441210361426756,0.006441210333467705,0.0064412103055047545,0.006441210277537906,0.0064412102495671475,0.006441210221592488,0.0064412101936139575,0.006441210165631454,0.006441210137645114,0.006441210109654873,0.006441210081660727,0.006441210053662696,0.006441210025660767,0.006441209997654937,0.006441209969645219,0.006441209941631609,0.006441209913614106,0.006441209885592676,0.006441209857567384,0.0064412098295382235,0.006441209801505162,0.006441209773468207,0.00644120974542737,0.006441209717382641,0.006441209689334029,0.00644120966128153,0.006441209633225142,0.006441209605164881,0.006441209577100728,0.006441209549032687,0.0064412095209608064,0.006441209492885023,0.006441209464805347,0.0064412094367217905,0.006441209408634379,0.006441209380543063,0.006441209352447864,0.006441209324348801,0.006441209296245897,0.006441209268139078,0.0064412092400283755,0.006441209211913819,0.006441209183795386,0.0064412091556730715,0.006441209127546877,0.006441209099416821,0.006441209071282892,0.006441209043145093,0.006441209015003444,0.00644120898685791,0.006441208958708507,0.006441208930555232,0.006441208902398097,0.0064412088742370945,0.006441208846072223,0.006441208817903494,0.006441208789730904,0.006441208761554455,0.00644120873337413,0.0064412087051899485,0.006441208677001909,0.006441208648810011,0.006441208620614295,0.006441208592414662,0.0064412085642111825,0.006441208536003849,0.0064412085077926624,0.006441208479577618,0.006441208451358638,0.006441208423135888,0.006441208394909324,0.006441208366678879,0.006441208338444562,0.006441208310206403,0.006441208281964386,0.006441208253718527,0.006441208225468824,0.006441208197215262,0.006441208168957852,0.006441208140696606,0.006441208112431506,0.006441208084162563,0.006441208055889774,0.006441208027613165,0.006441207999332687,0.006441207971048363,0.006441207942760198,0.006441207914468192,0.006441207886172348,0.006441207857872672,0.006441207829569146,0.006441207801261817,0.006441207772950639,0.006441207744635599,0.006441207716316724,0.006441207687994011,0.006441207659667414,0.0064412076313370035,0.006441207603002794,0.00644120757466475,0.006441207546322777,0.006441207517977067,0.006441207489627528,0.0064412074612741595,0.00644120743291675,0.006441207404555746,0.006441207376190887,0.006441207347822198,0.006441207319449688,0.00644120729107335,0.00644120726269319,0.006441207234309218,0.006441207205921409,0.006441207177529776,0.006441207149134325,0.006441207120735047,0.006441207092331953,0.006441207063925019,0.006441207035514307,0.006441207007099646,0.006441206978681269,0.006441206950259087,0.006441206921833081,0.006441206893403267,0.006441206864969557,0.006441206836532102,0.006441206808090842,0.006441206779645766,0.006441206751196874,0.0064412067227441715,0.006441206694287659,0.0064412066658273365,0.006441206637363203,0.006441206608895273,0.0064412065804235665,0.00644120655194801,0.006441206523468615,0.006441206494985445,0.006441206466498474,0.006441206438007696,0.00644120640951308,0.006441206381014705,0.006441206352512512,0.0064412063240065175,0.0064412062954967994,0.0064412062669832095,0.006441206238465925,0.006441206209944733,0.006441206181419751,0.006441206152890952,0.006441206124358365,0.006441206095821988,0.006441206067281835,0.006441206038737872,0.006441206010190108,0.006441205981638548,0.006441205953083193,0.00644120592452405,0.006441205895961115,0.006441205867394385,0.006441205838823865,0.006441205810249565,0.006441205781671488,0.006441205753089592,0.006441205724503929,0.006441205695914473,0.006441205667321236,0.006441205638724196,0.006441205610123379,0.006441205581518795,0.006441205552910416,0.006441205524298234,0.0064412054956823105,0.00644120546706259,0.006441205438439094,0.006441205409811818,0.006441205381180757,0.006441205352545915,0.0064412053239072346,0.006441205295264836,0.006441205266618676,0.006441205237968719,0.006441205209315002,0.006441205180657482,0.006441205151996201,0.006441205123331157,0.006441205094662343,0.006441205065989736,0.006441205037313374,0.00644120500863326,0.006441204979949367,0.006441204951261705,0.00644120492257027,0.00644120489387506,0.006441204865176108,0.006441204836473404,0.006441204807766907,0.0064412047790566515,0.006441204750342584,0.006441204721624804,0.006441204692903258,0.0064412046641779686,0.006441204635448882,0.006441204606716054,0.006441204577979465,0.006441204549239132,0.006441204520495033,0.006441204491747174,0.006441204462995556,0.006441204434240183,0.006441204405481056,0.006441204376718169,0.006441204347951532,0.006441204319181135,0.006441204290407024,0.006441204261629144,0.006441204232847501,0.006441204204062092,0.006441204175272945,0.006441204146480052,0.006441204117683405,0.006441204088883014,0.0064412040600788124,0.0064412040312709275,0.006441204002459297,0.006441203973643923,0.006441203944824806,0.006441203916001942,0.006441203887175334,0.00644120385834499,0.006441203829510905,0.006441203800673072,0.006441203771831481,0.0064412037429861894,0.0064412037141371396,0.006441203685284359,0.0064412036564277615,0.0064412036275675,0.006441203598703508,0.0064412035698357736,0.006441203540964307,0.006441203512089106,0.006441203483210174,0.006441203454327513,0.006441203425441118,0.006441203396550995,0.006441203367657123,0.006441203338759532,0.006441203309858217,0.0064412032809531726,0.006441203252044402,0.006441203223131901,0.006441203194215677,0.006441203165295666,0.006441203136371996,0.00644120310744459,0.006441203078513466,0.006441203049578695,0.006441203020640123,0.006441202991697833,0.0064412029627518245,0.0064412029338021,0.006441202904848653,0.006441202875891479,0.006441202846930594,0.006441202817965985,0.006441202788997665,0.006441202760025625,0.006441202731049874,0.006441202702070423,0.006441202673087245,0.006441202644100351,0.006441202615109745,0.006441202586115429,0.006441202557117402,0.006441202528115659,0.006441202499110207,0.0064412024701010475,0.00644120244108818,0.006441202412071606,0.00644120238305133,0.00644120235402734,0.006441202324999646,0.006441202295968248,0.006441202266933141,0.006441202237894328,0.006441202208851823,0.006441202179805609,0.006441202150755697,0.006441202121702081,0.006441202092644767,0.006441202063583751,0.00644120203451904,0.006441202005450624,0.006441201976378516,0.00644120194730271,0.006441201918223202,0.006441201889139995,0.006441201860053103,0.006441201830962518,0.006441201801868235,0.006441201772770261,0.00644120174366859,0.0064412017145632295,0.006441201685454178,0.006441201656341433,0.006441201627225003,0.006441201598104857,0.006441201568981048,0.006441201539853571,0.006441201510722391,0.006441201481587522,0.006441201452448975,0.006441201423306738,0.006441201394160817,0.0064412013650114106,0.006441201335858123,0.006441201306701162,0.0064412012775405085,0.006441201248376174,0.0064412012192081695,0.006441201190036473,0.006441201160861089,0.0064412011316820434,0.006441201102499337,0.006441201073312934,0.006441201044122855,0.006441201014929115,0.006441200985731689,0.006441200956530626,0.0064412009273258596,0.006441200898117414,0.006441200868905299,0.006441200839689518,0.006441200810470056,0.006441200781246981,0.006441200752020171,0.0064412007227897,0.0064412006935555665,0.006441200664317771,0.006441200635076307,0.006441200605831175,0.006441200576582378,0.006441200547329935,0.006441200518073809,0.006441200488814018,0.006441200459550566,0.006441200430283449,0.0064412004010126886,0.006441200371738258,0.006441200342460173,0.006441200313178419,0.006441200283893017,0.006441200254603926,0.006441200225311193,0.006441200196014813,0.006441200166714782,0.006441200137411092,0.006441200108103747,0.00644120007879279,0.006441200049478123,0.006441200020159812,0.006441199990837857,0.00644119996151225,0.006441199932182986,0.006441199902850126,0.0064411998735135565,0.006441199844173357,0.006441199814829504,0.006441199785482207,0.006441199756131068,0.006441199726776252,0.006441199697417834,0.006441199668055755,0.0064411996386899975,0.006441199609320635,0.006441199579947649,0.006441199550571001,0.0064411995211907545,0.006441199491806826,0.006441199462419219,0.006441199433027915,0.006441199403633069,0.006441199374234591,0.006441199344832454,0.006441199315426699,0.00644119928601731,0.006441199256604283,0.006441199227187622,0.006441199197767324,0.006441199168343416,0.006441199138915855,0.006441199109484664,0.0064411990800498364,0.006441199050611402,0.006441199021169323,0.0064411989917236056,0.006441198962274271,0.006441198932821319,0.0064411989033647185,0.006441198873904502,0.006441198844440674,0.0064411988149732455,0.00644119878550216,0.00644119875602745,0.006441198726549109,0.006441198697067168,0.006441198667581592,0.0064411986380923875,0.0064411986085995635,0.00644119857910312,0.006441198549603029,0.006441198520099329,0.006441198490592036,0.006441198461081125,0.006441198431566597,0.006441198402048447,0.006441198372526686,0.006441198343001312,0.006441198313472322,0.006441198283939724,0.006441198254403512,0.006441198224863794,0.006441198195320225,0.006441198165773181,0.006441198136222521,0.0064411981066682025,0.0064411980771103645,0.006441198047548885,0.006441198017983805,0.006441197988415142,0.006441197958842844,0.006441197929266943,0.00644119789968744,0.006441197870104333,0.006441197840517621,0.006441197810927309,0.006441197781333393,0.006441197751735883,0.006441197722134774,0.006441197692530066,0.006441197662921753,0.006441197633309842,0.0064411976036943324,0.006441197574075219,0.006441197544452517,0.006441197514826219,0.006441197485196263,0.006441197455562784,0.006441197425925705,0.006441197396285045,0.006441197366640775,0.006441197336992926,0.006441197307341489,0.006441197277686461,0.006441197248027851,0.006441197218365638,0.006441197188699848,0.006441197159030458,0.0064411971293574745,0.006441197099680903,0.00644119707000075,0.006441197040317034,0.00644119701062974,0.006441196980938843,0.006441196951244348,0.006441196921546341,0.006441196891844691,0.006441196862139468,0.006441196832430663,0.006441196802718239,0.00644119677300227,0.006441196743282723,0.0064411967135595905,0.006441196683832898,0.006441196654102632,0.006441196624368764,0.0064411965946313396,0.006441196564890338,0.006441196535145756,0.006441196505397633,0.006441196475645908,0.006441196445890578,0.006441196416131714,0.006441196386369287,0.0064411963566032605,0.006441196326833686,0.006441196297060537,0.006441196267283824,0.006441196237503545,0.006441196207719707,0.006441196177932295,0.006441196148141324,0.006441196118346759,0.006441196088548647,0.006441196058747061,0.00644119602894183,0.006441195999133039,0.0064411959693206865,0.006441195939504871,0.006441195909685478,0.00644119587986245,0.006441195850035845,0.006441195820205692,0.006441195790371988,0.006441195760534718,0.006441195730693899,0.006441195700849546,0.0064411956710016,0.0064411956411501246,0.006441195611295103,0.006441195581436589,0.006441195551574446,0.006441195521708696,0.006441195491839465,0.006441195461966693,0.006441195432090352,0.006441195402210415,0.006441195372326967,0.006441195342440047,0.00644119531254952,0.006441195282655438,0.006441195252757817,0.006441195222856647,0.006441195192951936,0.006441195163043675,0.006441195133131888,0.006441195103216567,0.006441195073297692,0.006441195043375267,0.006441195013449302,0.006441194983519795,0.006441194953586758,0.00644119492365021,0.00644119489371009,0.006441194863766427,0.00644119483381916,0.006441194803868358,0.006441194773914035,0.006441194743956184,0.006441194713994863,0.0064411946840299385,0.0064411946540615175,0.006441194624089598,0.006441194594114136,0.006441194564135136,0.006441194534152613,0.0064411945041665045,0.006441194474176925,0.006441194444183827,0.0064411944141872035,0.006441194384187031,0.006441194354183321,0.006441194324176091,0.006441194294165336,0.006441194264151045,0.006441194234133261,0.0064411942041119555,0.006441194174087132,0.006441194144058784,0.00644119411402692,0.006441194083991533,0.00644119405395262,0.006441194023910194,0.006441193993864245,0.006441193963814756,0.006441193933761771,0.006441193903705275,0.006441193873645261,0.006441193843581734,0.006441193813514694,0.006441193783444145,0.006441193753370076,0.006441193723292511,0.006441193693211419,0.00644119366312672,0.006441193633038611,0.006441193602947006,0.006441193572851777,0.006441193542753135,0.00644119351265099,0.006441193482545331,0.00644119345243617,0.006441193422323508,0.006441193392207335,0.006441193362087657,0.006441193331964485,0.006441193301837799,0.0064411932717076065,0.006441193241574009,0.006441193211436817,0.0064411931812961235,0.006441193151151927,0.0064411931210042375,0.006441193090853047,0.006441193060698372,0.006441193030540176,0.006441193000378546,0.006441192970213364,0.006441192940044702,0.00644119290987252,0.00644119287969686,0.006441192849517704,0.0064411928193350565,0.006441192789148942,0.006441192758959391,0.006441192728766263,0.006441192698569644,0.006441192668369538,0.006441192638165945,0.006441192607958866,0.006441192577748291,0.006441192547534328,0.006441192517316779,0.006441192487095754,0.006441192456871268,0.006441192426643262,0.006441192396411773,0.006441192366176717,0.00644119233593827,0.006441192305696338,0.006441192275450947,0.00644119224520205,0.00644119221494963,0.006441192184693924,0.00644119215443459,0.006441192124171778,0.006441192093905334,0.006441192063635567,0.006441192033362328,0.006441192003085523,0.006441191972805315,0.0064411919425216525,0.006441191912234512,0.006441191881943898,0.006441191851649809,0.0064411918213522525,0.006441191791051188,0.006441191760746688,0.0064411917304387145,0.00644119170012728,0.0064411916698124076,0.00644119163949403,0.00644119160917219,0.0064411915788468764,0.0064411915485181005,0.006441191518185856,0.006441191487850147,0.006441191457510956,0.006441191427168327,0.00644119139682223,0.006441191366472684,0.0064411913361197524,0.006441191305763244,0.006441191275403301,0.006441191245039898,0.006441191214673042,0.006441191184302733,0.006441191153928956,0.006441191123551718,0.00644119109317105,0.0064411910627868935,0.006441191032399292,0.006441191002008232,0.006441190971613793,0.006441190941215831,0.006441190910814395,0.006441190880409527,0.006441190850001205,0.006441190819589434,0.0064411907891742115,0.006441190758755543,0.0064411907283334225,0.00644119069790792,0.00644119066747891,0.006441190637046449,0.00644119060661055,0.006441190576171181,0.006441190545728383,0.006441190515282139,0.006441190484832449,0.006441190454379325,0.006441190423922752,0.006441190393462733,0.006441190362999275,0.006441190332532388,0.00644119030206206,0.006441190271588276,0.006441190241111065,0.006441190210630413,0.006441190180146348,0.00644119014965882,0.006441190119167854,0.006441190088673457,0.006441190058175636,0.006441190027674361,0.006441189997169659,0.00644118996666155,0.006441189936149985,0.006441189905634986,0.006441189875116554,0.006441189844594697,0.0064411898140694064,0.006441189783540686,0.006441189753008541,0.0064411897224729685,0.0064411896919339615,0.006441189661391531,0.0064411896308456725,0.006441189600296322,0.006441189569743549,0.006441189539187421,0.006441189508627862,0.006441189478064894,0.006441189447498496,0.006441189416928674,0.006441189386355426,0.00644118935577877,0.006441189325198667,0.006441189294615164,0.006441189264028244,0.006441189233437835,0.0064411892028440765,0.0064411891722469024,0.0064411891416463335,0.00644118911104233,0.00644118908043506,0.006441189049824223,0.006441189019210031,0.006441188988592377,0.006441188957971338,0.006441188927346859,0.006441188896718941,0.006441188866087653,0.006441188835452939,0.006441188804814818,0.006441188774173295,0.006441188743528386,0.006441188712880042,0.006441188682228268,0.006441188651573111,0.0064411886209145685,0.006441188590252601,0.006441188559587219,0.006441188528918448,0.006441188498246291,0.006441188467570739,0.006441188436891767,0.0064411884062093834,0.006441188375523598,0.006441188344834418,0.006441188314141836,0.006441188283445875,0.006441188252746494,0.006441188222043749,0.006441188191337576,0.006441188160628001,0.006441188129915038,0.00644118809919868,0.006441188068478929,0.0064411880377557825,0.006441188007029251,0.00644118797629932,0.006441187945566097,0.006441187914829383,0.006441187884089287,0.006441187853345788,0.006441187822598943,0.006441187791848673,0.006441187761094944,0.006441187730337904,0.00644118769957748,0.006441187668813667,0.006441187638046462,0.006441187607275878,0.006441187576501885,0.00644118754572455,0.006441187514943809,0.00644118748415969,0.006441187453372191,0.0064411874225813095,0.00644118739178705,0.006441187360989429,0.006441187330188409,0.006441187299384007,0.006441187268576234,0.0064411872377651,0.006441187206950632,0.006441187176132723,0.006441187145311418,0.0064411871144867535,0.006441187083658715,0.006441187052827302,0.0064411870219925225,0.006441186991154348,0.006441186960312838,0.006441186929467943,0.006441186898619681,0.006441186867768048,0.006441186836913045,0.0064411868060546724,0.006441186775192928,0.006441186744327824,0.006441186713459348,0.0064411866825874456,0.006441186651712328,0.006441186620833758,0.006441186589951826,0.006441186559066529,0.006441186528177872,0.00644118649728585,0.006441186466390464,0.006441186435491695,0.0064411864045896,0.00644118637368414,0.006441186342775322,0.006441186311863137,0.0064411862809476625,0.0064411862500288256,0.0064411862191065955,0.006441186188180985,0.0064411861572520246,0.006441186126319705,0.006441186095384032,0.006441186064445003,0.0064411860335026015,0.006441186002556869,0.00644118597160778,0.0064411859406553395,0.006441185909699555,0.006441185878740419,0.006441185847777936,0.0064411858168121295,0.006441185785842949,0.006441185754870417,0.006441185723894545,0.006441185692915323,0.006441185661932746,0.006441185630946851,0.006441185599957588,0.006441185568964988,0.006441185537969043,0.006441185506969756,0.006441185475967085,0.0064411854449610674,0.006441185413951757,0.006441185382939103,0.00644118535192309,0.006441185320903768,0.006441185289881104,0.0064411852588550965,0.006441185227825745,0.006441185196793066,0.006441185165757059,0.006441185134717704,0.006441185103675021,0.0064411850726290455,0.006441185041579712,0.006441185010527026,0.006441184979471077,0.006441184948411849,0.006441184917349062,0.006441184886283051,0.00644118485521371,0.006441184824141039,0.00644118479306524,0.0064411847619859075,0.006441184730903254,0.006441184699817283,0.006441184668728119,0.006441184637635397,0.00644118460653957,0.006441184575440214,0.006441184544337614,0.006441184513231687,0.006441184482122439,0.006441184451009853,0.006441184419894,0.006441184388774797,0.006441184357652266,0.006441184326526429,0.006441184295397205,0.006441184264264719,0.0064411842331289215,0.0064411842019898025,0.006441184170847399,0.006441184139701716,0.006441184108552652,0.006441184077400262,0.006441184046244618,0.00644118401508561,0.0064411839839232845,0.0064411839527577204,0.006441183921588871,0.006441183890416614,0.006441183859241047,0.006441183828062165,0.006441183796879947,0.006441183765694452,0.006441183734505675,0.0064411837033135745,0.006441183672118316,0.006441183640919592,0.006441183609717597,0.006441183578512306,0.006441183547303678,0.0064411835160917445,0.006441183484876402,0.006441183453657875,0.0064411834224360415,0.00644118339121091,0.0064411833599824575,0.006441183328750683,0.006441183297515641,0.006441183266277286,0.006441183235035677,0.006441183203790739,0.006441183172542546,0.00644118314129107,0.006441183110036246,0.006441183078778126,0.00644118304751671,0.006441183016252003,0.006441182984983999,0.00644118295371271,0.0064411829224381234,0.006441182891160242,0.006441182859879079,0.006441182828594627,0.006441182797306903,0.006441182766015866,0.00644118273472154,0.00644118270342393,0.006441182672123015,0.00644118264081883,0.006441182609511385,0.006441182578200619,0.006441182546886607,0.006441182515569216,0.006441182484248595,0.006441182452924717,0.0064411824215975695,0.006441182390267121,0.006441182358933336,0.00644118232759633,0.006441182296256032,0.006441182264912443,0.006441182233565588,0.006441182202215459,0.006441182170862051,0.006441182139505372,0.006441182108145407,0.006441182076782195,0.0064411820454156644,0.006441182014045879,0.006441181982672815,0.006441181951296459,0.006441181919916853,0.006441181888533983,0.006441181857147836,0.006441181825758403,0.006441181794365731,0.006441181762969776,0.006441181731570561,0.006441181700168067,0.006441181668762287,0.006441181637353123,0.006441181605940828,0.006441181574525262,0.0064411815431064355,0.006441181511684343,0.006441181480259065,0.006441181448830446,0.006441181417398584,0.00644118138596344,0.006441181354525035,0.006441181323083336,0.006441181291638242,0.0064411812601900586,0.006441181228738625,0.006441181197283917,0.0064411811658259795,0.0064411811343647865,0.006441181102900373,0.006441181071432689,0.006441181039961675,0.00644118100848743,0.00644118097700996,0.006441180945529206,0.0064411809140451975,0.006441180882557947,0.006441180851067429,0.006441180819573682,0.006441180788076687,0.006441180756576461,0.006441180725072905,0.0064411806935661085,0.006441180662056101,0.006441180630542842,0.006441180599026373,0.0064411805675065655,0.0064411805359835695,0.006441180504457378,0.006441180472927951,0.0064411804413952375,0.006441180409859209,0.006441180378319853,0.00644118034677739,0.006441180315231711,0.006441180283682748,0.0064411802521305555,0.006441180220575127,0.006441180189016585,0.006441180157454717,0.006441180125889576,0.006441180094321201,0.006441180062749609,0.006441180031174684,0.006441179999596779,0.006441179968015457,0.006441179936430896,0.006441179904843102,0.006441179873252071,0.006441179841657919,0.00644117981006042,0.006441179778459647,0.006441179746855699,0.006441179715248412,0.006441179683637989,0.0064411796520243425,0.006441179620407496,0.006441179588787397,0.006441179557164071,0.006441179525537574,0.0064411794939077905,0.006441179462274782,0.006441179430638562,0.006441179398999119,0.006441179367356436,0.006441179335710517,0.006441179304061392,0.006441179272409025,0.006441179240753443,0.006441179209094686,0.006441179177432676,0.006441179145767455,0.006441179114098999,0.0064411790824273315,0.006441179050752453,0.006441179019074335,0.006441178987393024,0.006441178955708497,0.006441178924020745,0.006441178892329808,0.0064411788606356475,0.00644117882893828,0.006441178797237736,0.006441178765533911,0.006441178733826898,0.00644117870211666,0.0064411786704032,0.006441178638686626,0.006441178606966961,0.006441178575243876,0.006441178543517594,0.0064411785117880795,0.006441178480055372,0.006441178448319453,0.00644117841658031,0.006441178384837983,0.0064411783530924395,0.006441178321343693,0.006441178289591765,0.006441178257836616,0.006441178226078291,0.00644117819431673,0.0064411781625519915,0.006441178130784052,0.006441178099012953,0.006441178067238672,0.00644117803546114,0.006441178003680394,0.0064411779718963336,0.00644117794010918,0.006441177908318824,0.006441177876525333,0.0064411778447287255,0.006441177812928786,0.00644117778112568,0.006441177749319337,0.006441177717509765,0.006441177685697047,0.0064411776538812315,0.006441177622062136,0.006441177590239875,0.0064411775584144,0.0064411775265857335,0.006441177494753863,0.006441177462918893,0.006441177431080658,0.006441177399239228,0.006441177367394626,0.006441177335546817,0.006441177303695836,0.006441177271841716,0.006441177239984387,0.006441177208123874,0.006441177176260164,0.006441177144393188,0.006441177112523091,0.006441177080649818,0.006441177048773405,0.00644117701689376,0.006441176985010972,0.006441176953125006,0.006441176921235867,0.006441176889343533,0.006441176857448022,0.006441176825549335,0.006441176793647485,0.006441176761742247,0.006441176729834041,0.006441176697922649,0.006441176666008079,0.006441176634090362,0.006441176602169456,0.006441176570245581,0.006441176538318306,0.006441176506387861,0.006441176474454256,0.0064411764425174895,0.006441176410577625,0.006441176378634463,0.006441176346688207,0.00644117631473878,0.00644117628278619,0.006441176250830415,0.006441176218871503,0.0064411761869094045,0.006441176154944145,0.00644117612297571,0.006441176091004134,0.0064411760590291885,0.006441176027051273,0.006441175995070018,0.006441175963085797,0.006441175931098354,0.006441175899107788,0.006441175867114075,0.006441175835117189,0.006441175803117168,0.006441175771113977,0.006441175739107629,0.0064411757070980845,0.0064411756750854185,0.0064411756430694245,0.00644117561105042,0.006441175579028099,0.0064411755470028115,0.0064411755149743925,0.0064411754829427886,0.006441175450908049,0.0064411754188699565,0.006441175386828917,0.00644117535478475,0.006441175322737408,0.006441175290686804,0.00644117525863316,0.006441175226576388,0.006441175194516452,0.006441175162453372,0.006441175130386946,0.006441175098317381,0.0064411750662446456,0.006441175034168984,0.006441175002090165,0.006441174970008218,0.006441174937923124,0.006441174905834871,0.0064411748737435125,0.006441174841649066,0.006441174809551413,0.00644117477745063,0.006441174745346696,0.006441174713239458,0.006441174681129314,0.006441174649015956,0.0064411746168994794,0.006441174584779658,0.006441174552656899,0.006441174520530883,0.006441174488401851,0.006441174456269561,0.006441174424134264,0.006441174391995842,0.006441174359854211,0.006441174327709521,0.006441174295561696,0.0064411742634107455,0.006441174231256668,0.00644117419909939,0.006441174166938868,0.00644117413477541,0.006441174102608845,0.006441174070439077,0.006441174038266231,0.006441174006090249,0.006441173973911154,0.006441173941728932,0.006441173909543595,0.006441173877355129,0.006441173845163534,0.006441173812968819,0.006441173780770987,0.0064411737485699175,0.0064411737163658465,0.00644117368415865,0.006441173651948339,0.0064411736197350815,0.006441173587518682,0.006441173555299019,0.006441173523076233,0.006441173490850329,0.006441173458621312,0.006441173426389086,0.006441173394153833,0.00644117336191546,0.00644117332967399,0.0064411732974294,0.006441173265181702,0.00644117323293089,0.006441173200676978,0.006441173168419919,0.0064411731361599415,0.006441173103896694,0.0064411730716301945,0.0064411730393607244,0.006441173007088143,0.006441172974812454,0.0064411729425336425,0.006441172910251867,0.006441172877966634,0.006441172845678575,0.00644117281338733,0.006441172781093009,0.006441172748795434,0.0064411727164949,0.006441172684191268,0.0064411726518845275,0.0064411726195747,0.006441172587261768,0.006441172554945729,0.006441172522626495,0.00644117249030416,0.006441172457978836,0.006441172425650403,0.006441172393318876,0.006441172360984067,0.006441172328646335,0.006441172296305534,0.006441172263961683,0.006441172231614688,0.006441172199264592,0.006441172166911196,0.006441172134554917,0.0064411721021955465,0.006441172069833042,0.0064411720374674564,0.006441172005098815,0.006441171972727084,0.006441171940352261,0.006441171907974351,0.006441171875593221,0.006441171843209136,0.0064411718108219615,0.006441171778431699,0.006441171746038268,0.006441171713641746,0.0064411716812421155,0.006441171648839503,0.0064411716164338014,0.006441171584024891,0.006441171551612989,0.006441171519197878,0.006441171486779861,0.006441171454358766,0.006441171421934591,0.006441171389507322,0.006441171357077076,0.006441171324643669,0.0064411712922071655,0.006441171259767598,0.006441171227324956,0.006441171194879232,0.006441171162430438,0.006441171129978551,0.006441171097523594,0.006441171065065576,0.006441171032604486,0.006441171000140237,0.006441170967673,0.006441170935202684,0.006441170902729297,0.0064411708702528485,0.006441170837773359,0.006441170805290757,0.006441170772805099,0.006441170740316379,0.0064411707078245815,0.006441170675329725,0.0064411706428318055,0.006441170610330802,0.006441170577826752,0.0064411705453196345,0.00644117051280943,0.006441170480296177,0.006441170447779838,0.00644117041526046,0.0064411703827380274,0.006441170350212506,0.006441170317683956,0.00644117028515232,0.006441170252617622,0.006441170220079883,0.006441170187539085,0.00644117015499523,0.0064411701224483245,0.006441170089898355,0.006441170057345577,0.006441170024789561,0.0064411699922304255,0.0064411699596682226,0.006441169927102966,0.006441169894534684,0.006441169861963342,0.006441169829388889,0.006441169796811438,0.0064411697642309355,0.006441169731647366,0.0064411696990607755,0.006441169666471115,0.006441169633878411,0.006441169601282726,0.006441169568683916,0.006441169536082068,0.006441169503477211,0.006441169470869266,0.006441169438258322,0.006441169405644334,0.00644116937302727,0.006441169340407131,0.006441169307783946,0.006441169275157745,0.006441169242528485,0.006441169209896172,0.006441169177260841,0.006441169144622502,0.006441169111981072,0.006441169079336624,0.006441169046689224,0.006441169014038711,0.0064411689813851794,0.0064411689487286075,0.006441168916068998,0.0064411688834063105,0.0064411688507405905,0.006441168818071844,0.006441168785400052,0.006441168752725224,0.006441168720047393,0.006441168687366491,0.006441168654682577,0.0064411686219956075,0.006441168589305613,0.006441168556612678,0.006441168523916742,0.006441168491217664,0.0064411684585155135,0.006441168425810473,0.006441168393102352,0.006441168360391,0.006441168327676791,0.00644116829495954,0.006441168262239276,0.006441168229516001,0.006441168196789695,0.006441168164060372,0.006441168131328012,0.0064411680985926685,0.006441168065854268,0.006441168033112798,0.006441168000368358,0.006441167967620981,0.006441167934870488,0.0064411679021169925,0.0064411678693604936,0.006441167836600977,0.006441167803838411,0.006441167771072819,0.006441167738304225,0.0064411677055326265,0.006441167672757985,0.006441167639980348,0.006441167607199801,0.006441167574416129,0.00644116754162944,0.006441167508839721,0.006441167476046976,0.006441167443251224,0.006441167410452501,0.006441167377650823,0.006441167344846073,0.006441167312038315,0.006441167279227848,0.006441167246414082,0.006441167213597298,0.006441167180777531,0.006441167147954777,0.006441167115128955,0.0064411670823001305,0.006441167049468397,0.006441167016633568,0.006441166983795776,0.006441166950954935,0.006441166918111071,0.0064411668852642325,0.006441166852414393,0.0064411668195615765,0.0064411667867057334,0.0064411667538469075,0.006441166720984949,0.006441166688120112,0.006441166655252261,0.0064411666223814544,0.006441166589507621,0.006441166556630786,0.00644116652375095,0.006441166490868162,0.006441166457982301,0.00644116642509349,0.006441166392201688,0.006441166359306898,0.006441166326409083,0.0064411662935083295,0.0064411662606044485,0.006441166227697689,0.0064411661947879235,0.006441166161874996,0.006441166128959259,0.006441166096040542,0.006441166063118752,0.006441166030194002,0.0064411659972663324,0.006441165964335681,0.006441165931402022,0.0064411658984655775,0.006441165865525951,0.006441165832583343,0.0064411657996377505,0.006441165766689179,0.006441165733737617,0.006441165700783058,0.006441165667825529,0.006441165634865016,0.006441165601901547,0.006441165568935069,0.006441165535965604,0.006441165502993206,0.006441165470017805,0.006441165437039415,0.006441165404058047,0.006441165371073701,0.0064411653380863874,0.006441165305096095,0.006441165272102865,0.00644116523910661,0.0064411652061072446,0.006441165173105067,0.006441165140099945,0.006441165107091781,0.006441165074080728,0.006441165041066643,0.006441165008049597,0.006441164975029612,0.006441164942006609,0.006441164908980617,0.006441164875951687,0.006441164842919785,0.006441164809884872,0.006441164776846893,0.006441164743806102,0.006441164710762325,0.0064411646777156155,0.0064411646446659015,0.00644116461161321,0.0064411645785575995,0.006441164545499042,0.0064411645124374875,0.006441164479372975,0.0064411644463055005,0.006441164413235144,0.006441164380161694,0.006441164347085382,0.006441164314006074,0.006441164280923801,0.006441164247838485,0.006441164214750352,0.006441164181659235,0.006441164148565132,0.0064411641154680675,0.006441164082368002,0.006441164049265029,0.006441164016159413,0.006441163983050594,0.006441163949938794,0.006441163916823975,0.006441163883706498,0.006441163850585849,0.006441163817462227,0.006441163784335548,0.006441163751206036,0.006441163718073546,0.006441163684938104,0.006441163651799773,0.006441163618658434,0.006441163585514152,0.006441163552366891,0.006441163519216736,0.006441163486063627,0.006441163452907564,0.006441163419748564,0.00644116338658661,0.006441163353421699,0.006441163320253921,0.0064411632870831495,0.0064411632539093456,0.006441163220732679,0.006441163187553067,0.0064411631543705135,0.006441163121184924,0.006441163087996498,0.006441163054805137,0.006441163021610854,0.00644116298841361,0.006441162955213349,0.006441162922010206,0.006441162888804106,0.006441162855595114,0.006441162822383191,0.006441162789168372,0.00644116275595058,0.006441162722729856,0.0064411626895061235,0.006441162656279525,0.006441162623049996,0.0064411625898176976,0.0064411625565823135,0.0064411625233440125,0.006441162490102739,0.006441162456858588,0.006441162423611544,0.006441162390361401,0.006441162357108306,0.006441162323852432,0.006441162290593667,0.006441162257331926,0.006441162224067267,0.006441162190799678,0.006441162157529168,0.0064411621242558515,0.006441162090979508,0.006441162057700227,0.0064411620244180815,0.006441161991132965,0.006441161957844919,0.0064411619245539,0.006441161891260016,0.00644116185796321,0.006441161824663486,0.006441161791360828,0.006441161758055333,0.006441161724746952,0.006441161691435557,0.0064411616581212475,0.0064411616248040236,0.006441161591483891,0.006441161558160744,0.006441161524834775,0.006441161491505896,0.006441161458174112,0.0064411614248393945,0.00644116139150178,0.0064411613581612775,0.006441161324817833,0.006441161291471466,0.00644116125812223,0.006441161224770065,0.006441161191415039,0.0064411611580570925,0.006441161124696162,0.0064411610913323565,0.006441161057965691,0.006441161024596076,0.006441160991223563,0.0064411609578482335,0.006441160924469908,0.006441160891088679,0.006441160857704873,0.0064411608243178375,0.006441160790927902,0.006441160757535153,0.006441160724139377,0.006441160690740736,0.0064411606573391775,0.006441160623934731,0.006441160590527393,0.006441160557117187,0.006441160523704048,0.006441160490288016,0.0064411604568690795,0.006441160423447262,0.006441160390022542,0.0064411603565949545,0.006441160323164443,0.006441160289731025,0.0064411602562947255,0.006441160222855532,0.006441160189413458,0.006441160155968456,0.006441160122520604,0.006441160089069852,0.006441160055616205,0.006441160022159625,0.006441159988700287,0.006441159955237939,0.006441159921772748,0.006441159888304681,0.006441159854833698,0.0064411598213598665,0.006441159787883139,0.006441159754403323,0.006441159720920784,0.006441159687435423,0.006441159653947136,0.006441159620455922,0.006441159586961859,0.006441159553464904,0.006441159519965075,0.006441159486462374,0.006441159452956844,0.006441159419448397,0.006441159385937041,0.0064411593524228246,0.006441159318905846,0.006441159285385862,0.006441159251863011,0.006441159218337271,0.006441159184808655,0.006441159151277164,0.006441159117742793,0.0064411590842055316,0.006441159050665403,0.006441159017122339,0.006441158983576491,0.006441158950027759,0.006441158916476122,0.006441158882921643,0.006441158849364286,0.006441158815804013,0.0064411587822409185,0.006441158748674954,0.0064411587151061225,0.006441158681534417,0.00644115864795985,0.006441158614382413,0.006441158580802084,0.006441158547218911,0.006441158513632859,0.006441158480043958,0.006441158446452194,0.0064411584128575596,0.006441158379260139,0.006441158345659761,0.006441158312056853,0.006441158278450769,0.00644115824484182,0.00644115821123003,0.006441158177615364,0.006441158143997838,0.006441158110377445,0.006441158076754253,0.0064411580431281,0.006441158009499119,0.006441157975867143,0.006441157942232437,0.006441157908594948,0.006441157874954567,0.0064411578413113195,0.006441157807665219,0.00644115777401623,0.006441157740364404,0.00644115770670974,0.0064411576730522245,0.006441157639391855,0.006441157605728626,0.0064411575720625365,0.006441157538393618,0.006441157504721841,0.0064411574710472016,0.0064411574373697674,0.006441157403689448,0.006441157370006326,0.006441157336320315,0.0064411573026314515,0.006441157268939743,0.00644115723524509,0.00644115720154769,0.006441157167847438,0.006441157134144335,0.006441157100438362,0.006441157066729586,0.0064411570330179775,0.006441156999303663,0.006441156965586383,0.006441156931866239,0.006441156898143249,0.006441156864417233,0.006441156830688539,0.006441156796957076,0.006441156763222715,0.006441156729485533,0.006441156695745512,0.00644115666200267,0.006441156628256972,0.006441156594508452,0.006441156560757137,0.0064411565270029334,0.006441156493245898,0.006441156459485994,0.006441156425723289,0.006441156391957754,0.00644115635818939,0.006441156324418205,0.006441156290644173,0.006441156256867311,0.006441156223087615,0.006441156189305216,0.006441156155519865,0.006441156121731711,0.0064411560879407154,0.00644115605414688,0.0064411560203502,0.006441155986550707,0.006441155952748151,0.006441155918943008,0.006441155885134951,0.006441155851324147,0.006441155817510499,0.006441155783694162,0.006441155749874894,0.00644115571605264,0.006441155682227785,0.0064411556484000225,0.006441155614569604,0.006441155580736231,0.006441155546900041,0.006441155513061048,0.006441155479219216,0.006441155445374389,0.006441155411526941,0.006441155377676718,0.006441155343823615,0.006441155309967715,0.0064411552761089825,0.006441155242247435,0.006441155208383084,0.006441155174515912,0.006441155140645919,0.006441155106773087,0.006441155072897504,0.006441155039019084,0.006441155005137834,0.006441154971253802,0.006441154937366964,0.006441154903477294,0.006441154869584766,0.006441154835689481,0.006441154801791384,0.006441154767890493,0.006441154733986774,0.006441154700080253,0.006441154666170966,0.006441154632258729,0.00644115459834381,0.006441154564426079,0.00644115453050554,0.006441154496582186,0.006441154462655996,0.006441154428727011,0.00644115439479539,0.0064411543608608145,0.006441154326923455,0.0064411542929833305,0.006441154259040358,0.006441154225094591,0.006441154191146027,0.006441154157194645,0.006441154123240481,0.0064411540892835226,0.006441154055323984,0.006441154021361436,0.006441153987396087,0.0064411539534279276,0.006441153919456972,0.00644115388548322,0.006441153851506662,0.006441153817527377,0.006441153783545214,0.0064411537495603025,0.0064411537155726,0.00644115368158211,0.006441153647588866,0.006441153613592768,0.006441153579593883,0.006441153545592229,0.0064411535115877425,0.006441153477580491,0.006441153443570485,0.006441153409557675,0.006441153375541891,0.006441153341523478,0.006441153307502344,0.006441153273478394,0.006441153239451674,0.006441153205422155,0.006441153171389911,0.006441153137354848,0.006441153103316979,0.0064411530692763804,0.006441153035232926,0.0064411530011867085,0.006441152967137716,0.006441152933085968,0.006441152899031414,0.006441152864974045,0.006441152830913926,0.0064411527968510265,0.006441152762785321,0.006441152728716903
4,0.03195576249306341,0.03195576249306341,0.03195576249306341,0.03195576249306341,0.03195576249306341,0.03195576249306341,0.03195576249306341,0.03195576249306341,0.03195576249306341,0.03195576249306341,0.03195576249306341,0.03195576249306341,0.03195576249306341,0.03195576249306341,0.03195576249306341,0.03195576249306341,0.03195576249306341,0.03195576249306341,0.03195576249306341,0.03195576249306341,0.03195576249306341,0.03195576249306341,0.03195576249306341,0.03195576249306341,0.03195576249306341,0.03195576249306341,0.03195576249306341,0.03195576249306341,0.03195576249306341,0.03195576249306341,0.03195576249306341,0.03195576249306341,0.03195576249306341,0.03195576249306341,0.03195576249306341,0.03195576249306341,0.03195576249306341,0.03195576249306341,0.03195576249306341,0.03195576249306341,0.03195576249306341,0.03195576249306341,0.03195576249306341,0.03195576249306341,0.03195576249306341,0.03195576249306341,0.03195576249306341,0.03195576249306341,0.03195576249306341,0.03195576249306341,0.03195576249306341,0.03195576249306341,0.03195576249306341,0.03195576249306341,0.03195576249306341,0.03195576249306341,0.03195576249306341,0.03195576249306341,0.03195576249306341,0.03195576249306341,0.03195576249306341,0.03195576249306341,0.03195576249306341,0.03195576249306341,0.03195576249306341,0.03195576249306341,0.03195576249306341,0.03195576249306341,0.03195576249306341,0.03195576249306341,0.03195576249306341,0.03195576249306341,0.03195576249306341,0.03195576249306341,0.03195576249306341,0.03195576249306341,0.03195576249306341,0.03195576249306341,0.03195576249306341,0.03195576249306341,0.03195576249306341,0.03195576249306341,0.03195576249306341,0.03195576249306341,0.03195576249306341,0.03195576249306341,0.03195576249306341,0.03195576249306341,0.03195576249306341,0.03195576249306341,0.03195576249306341,0.03195576249306341,0.03195576249306341,0.03195576249306341,0.03195576249306341,0.03195576249306341,0.03195576249306341,0.03195576249306341,0.03195576249306341,0.03195576249306341,0.03195576249306341,0.03195576249306341,0.03195576249306341,0.03195576249306341,0.03195576249306341,0.03195576249306341,0.03195576249306341,0.03195576249306341,0.03195576249306341,0.03195576249306341,0.03195576249306341,0.03195576249306341,0.03195576249306341,0.03195576249306341,0.03195576249306341,0.03195576249306341,0.03195576249306341,0.03195576249306341,0.03195576249306341,0.03195576249306341,0.03195576249306341,0.03195576249306341,0.03195576249306341,0.03195576249306341,0.03195576249306341,0.03195576249306341,0.03195576249306341,0.03195576249306341,0.03195576249306341,0.03195576249306341,0.03195576249306341,0.03195576249306341,0.03195576249306341,0.03195576249306341,0.03195576249306341,0.03195576249306341,0.03195576249306341,0.03195576249306341,0.03195576249306341,0.03195576249306341,0.03195576249306341,0.03195576249306341,0.03195576249306341,0.03195576249306341,0.03195576249306341,0.03195576249306341,0.03195576249306341,0.03195576249306341,0.03195576249306341,0.03195576249306341,0.03195576249306341,0.03195576249306341,0.03195576249306341,0.03195576249306341,0.03195576249306341,0.03195576249306341,0.03195576249306341,0.03195576249306341,0.03195576249306341,0.03195576249306341,0.03195576249306341,0.03195576249306341,0.03195576249306341,0.03195576249306341,0.03195576249306341,0.03195576249306341,0.03195576249306341,0.03195576249306341,0.03195576249306341,0.03195576249306341,0.03195576249306341,0.03195576249306341,0.03195576249306341,0.03195576249306341,0.03195576249306341,0.03195576249306341,0.03195576249306341,0.03195576249306341,0.03195576249306341,0.03195576249306341,0.03195576249306341,0.03195576249306341,0.03195576249306341,0.03195576249306341,0.03195576249306341,0.03195576249306341,0.03195576249306341,0.03195576249306341,0.03195576249306341,0.03195576249306341,0.03195576249306341,0.03195576249306341,0.03195576249306341,0.03195576249306341,0.03195576249306341,0.03195576249306341,0.03195576249306341,0.03195576249306341,0.03195576249306341,0.03195576249306341,0.03195576249306341,0.03195576249306341,0.03195576249306341,0.03195576249306341,0.03195576249306341,0.03195576249306341,0.03195576249306341,0.03195576249306341,0.03195576249306341,0.03195576249306341,0.03195576249306341,0.03195576249306341,0.03195576249306341,0.03195576249306341,0.03195576249306341,0.03195576249306341,0.03195576249306341,0.03195576249306341,0.03195576249306341,0.03195576249306341,0.03195576249306341,0.03195576249306341,0.03195576249306341,0.03195576249306341,0.03195576249306341,0.03195576249306341,0.03195576249306341,0.03195576249306341,0.03195576249306341,0.03195576249306341,0.03195576249306341,0.03195576249306341,0.03195576249306341,0.03195576249306341,0.03195576249306341,0.03195576249306341,0.03195576249306341,0.03195576249306341,0.03195576249306341,0.03195576249306341,0.03195576249306341,0.03195576249306341,0.03195576249306341,0.03195576249306341,0.03195576249306341,0.03195576249306341,0.03195576249306341,0.03195576249306341,0.03195576249306341,0.03195576249306341,0.03195576249306341,0.03195576249306341,0.03195576249306341,0.03195576249306341,0.03195576249306341,0.03195576249306341,0.03195576249306341,0.03195576249306341,0.03195576249306341,0.03195576249306341,0.03195576249306341,0.03195576249306341,0.03195576249306341,0.03195576249306341,0.03195576249306341,0.03195576249306341,0.03195576249306341,0.03195576249306341,0.03195576249306341,0.03195576249306341,0.03195576249306341,0.03195576249306341,0.03195576249306341,0.03195576249306341,0.03195576249306341,0.03195576249306341,0.03195576249306341,0.03195576249306341,0.03195576249306341,0.03195576249306341,0.03195576249306341,0.03195576249306341,0.03195576249306341,0.03195576249306341,0.03195576249306341,0.03195576249306341,0.03195576249306341,0.03195576249306341,0.03195576249306341,0.03195576249306341,0.03195576249306341,0.03195576249306341,0.03195576249306341,0.03195576249306341,0.03195576249306341,0.03195576249306341,0.03195576249306341,0.03195576249306341,0.03195576249306341,0.03195576249306341,0.03195576249306341,0.03195576249306341,0.03195576249306341,0.03195576249306341,0.03195576249306341,0.03195576249306341,0.03195576249306341,0.03195576249306341,0.03195576249306341,0.03195576249306341,0.03195576249306341,0.03195576249306341,0.03195576249306341,0.03195576249306341,0.03195576249306341,0.03195576249306341,0.03195576249306341,0.03195576249306341,0.03195576249306341,0.03195576249306341,0.03195576249306341,0.03195576249306341,0.03195576249306341,0.03195576249306341,0.03195576249306341,0.03195576249306341,0.03195576249306341,0.03195576249306341,0.03195576249306341,0.03195576249306341,0.03195576249306341,0.03195576249306341,0.03195576249306341,0.03195576249306341,0.03195576249306341,0.03195576249306341,0.03195576249306341,0.03195576249306341,0.03195576249306341,0.03195576249306341,0.03195576249306341,0.03195576249306341,0.03195576249306341,0.03195576249306341,0.03195576249306341,0.03195576249306341,0.03195576249306341,0.03195576249306341,0.03195576249306341,0.03195576249306341,0.03195576249306341,0.03195576249306341,0.03195576249306341,0.03195576249306341,0.03195576249306341,0.03195576249306341,0.03195576249306341,0.03195576249306341,0.03195576249306341,0.03195576249306341,0.03195576249306341,0.03195576249306341,0.03195576249306341,0.03195576249306341,0.03195576249306341,0.03195576249306341,0.03195576249306341,0.03195576249306341,0.03195576249306341,0.03195576249306341,0.03195576249306341,0.03195576249306341,0.03195576249306341,0.03195576249306341,0.03195576249306341,0.03195576249306341,0.03195576249306341,0.03195576249306341,0.03195576249306341,0.03195576249306341,0.03195576249306341,0.03195576249306341,0.03195576249306341,0.03195576249306341,0.03195576249306341,0.03195576249306341,0.03195576249306341,0.03195576249306341,0.03195576249306341,0.03195576249306341,0.03195576249306341,0.03195576249306341,0.03195576249306341,0.03195576249306341,0.03195576249306341,0.03195576249306341,0.03195576249306341,0.03195576249306341,0.03195576249306341,0.03195576249306341,0.03195576249306341,0.03195576249306341,0.03195576249306341,0.03195576249306341,0.03195576249306341,0.03195576249306341,0.03195576249306341,0.03195576249306341,0.03195576249306341,0.03195576249306341,0.03195576249306341,0.03195576249306341,0.03195576249306341,0.03195576249306341,0.03195576249306341,0.03195576249306341,0.03195576249306341,0.03195576249306341,0.03195576249306341,0.03195576249306341,0.03195576249306341,0.03195576249306341,0.03195576249306341,0.03195576249306341,0.03195576249306341,0.03195576249306341,0.03195576249306341,0.03195576249306341,0.03195576249306341,0.03195576249306341,0.03195576249306341,0.03195576249306341,0.03195576249306341,0.03195576249306341,0.03195576249306341,0.03195576249306341,0.03195576249306341,0.03195576249306341,0.03195576249306341,0.03195576249306341,0.03195576249306341,0.03195576249306341,0.03195576249306341,0.03195576249306341,0.03195576249306341,0.03195576249306341,0.03195576249306341,0.03195576249306341,0.03195576249306341,0.03195576249306341,0.03195576249306341,0.03195576249306341,0.03195576249306341,0.03195576249306341,0.03195576249306341,0.03195576249306341,0.03195576249306341,0.03195576249306341,0.03195576249306341,0.03195576249306341,0.03195576249306341,0.03195576249306341,0.03195576249306341,0.03195576249306341,0.03195576249306341,0.03195576249306341,0.03195576249306341,0.03195576249306341,0.03195576249306341,0.03195576249306341,0.03195576249306341,0.03195576249306341,0.03195576249306341,0.03195576249306341,0.03195576249306341,0.03195576249306341,0.03195576249306341,0.03195576249306341,0.03195576249306341,0.03195576249306341,0.03195576249306341,0.03195576249306341,0.03195576249306341,0.03195576249306341,0.03195576249306341,0.03195576249306341,0.03195576249306341,0.03195576249306341,0.03195576249306341,0.03195576249306341,0.03195576249306341,0.03195576249306341,0.03195576249306341,0.03195576249306341,0.03195576249306341,0.03195576249306341,0.03195576249306341,0.03195576249306341,0.03195576249306341,0.03195576249306341,0.03195576249306341,0.03195576249306341,0.03195576249306341,0.03195576249306341,0.03195576249306341,0.03195576249306341,0.03195576249306341,0.03195576249306341,0.03195576249306341,0.03195576249306341,0.03195576249306341,0.03195576249306341,0.03195576249306341,0.03195576249306341,0.03195576249306341,0.03195576249306341,0.03195576249306341,0.03195576249306341,0.03195576249306341,0.03195576249306341,0.03195576249306341,0.03195576249306341,0.03195576249306341,0.03195576249306341,0.03195576249306341,0.03195576249306341,0.03195576249306341,0.03195576249306341,0.03195576249306341,0.03195576249306341,0.03195576249306341,0.03195576249306341,0.03195576249306341,0.03195576249306341,0.03195576249306341,0.03195576249306341,0.03195576249306341,0.03195576249306341,0.03195576249306341,0.03195576249306341,0.03195576249306341,0.03195576249306341,0.03195576249306341,0.03195576249306341,0.03195576249306341,0.03195576249306341,0.03195576249306341,0.03195576249306341,0.03195576249306341,0.03195576249306341,0.03195576249306341,0.03195576249306341,0.03195576249306341,0.03195576249306341,0.03195576249306341,0.03195576249306341,0.03195576249306341,0.03195576249306341,0.03195576249306341,0.03195576249306341,0.03195576249306341,0.03195576249306341,0.03195576249306341,0.03195576249306341,0.03195576249306341,0.03195576249306341,0.03195576249306341,0.03195576249306341,0.03195576249306341,0.03195576249306341,0.03195576249306341,0.03195576249306341,0.03195576249306341,0.03195576249306341,0.03195576249306341,0.03195576249306341,0.03195576249306341,0.03195576249306341,0.03195576249306341,0.03195576249306341,0.03195576249306341,0.03195576249306341,0.03195576249306341,0.03195576249306341,0.03195576249306341,0.03195576249306341,0.03195576249306341,0.03195576249306341,0.03195576249306341,0.03195576249306341,0.03195576249306341,0.03195576249306341,0.03195576249306341,0.03195576249306341,0.03195576249306341,0.03195576249306341,0.03195576249306341,0.03195576249306341,0.03195576249306341,0.03195576249306341,0.03195576249306341,0.03195576249306341,0.03195576249306341,0.03195576249306341,0.03195576249306341,0.03195576249306341,0.03195576249306341,0.03195576249306341,0.03195576249306341,0.03195576249306341,0.03195576249306341,0.03195576249306341,0.03195576249306341,0.03195576249306341,0.03195576249306341,0.03195576249306341,0.03195576249306341,0.03195576249306341,0.03195576249306341,0.03195576249306341,0.03195576249306341,0.03195576249306341,0.03195576249306341,0.03195576249306341,0.03195576249306341,0.03195576249306341,0.03195576249306341,0.03195576249306341,0.03195576249306341,0.03195576249306341,0.03195576249306341,0.03195576249306341,0.03195576249306341,0.03195576249306341,0.03195576249306341,0.03195576249306341,0.03195576249306341,0.03195576249306341,0.03195576249306341,0.03195576249306341,0.03195576249306341,0.03195576249306341,0.03195576249306341,0.03195576249306341,0.03195576249306341,0.03195576249306341,0.03195576249306341,0.03195576249306341,0.03195576249306341,0.03195576249306341,0.03195576249306341,0.03195576249306341,0.03195576249306341,0.03195576249306341,0.03195576249306341,0.03195576249306341,0.03195576249306341,0.03195576249306341,0.03195576249306341,0.03195576249306341,0.03195576249306341,0.03195576249306341,0.03195576249306341,0.03195576249306341,0.03195576249306341,0.03195576249306341,0.03195576249306341,0.03195576249306341,0.03195576249306341,0.03195576249306341,0.03195576249306341,0.03195576249306341,0.03195576249306341,0.03195576249306341,0.03195576249306341,0.03195576249306341,0.03195576249306341,0.03195576249306341,0.03195576249306341,0.03195576249306341,0.03195576249306341,0.03195576249306341,0.03195576249306341,0.03195576249306341,0.03195576249306341,0.03195576249306341,0.03195576249306341,0.03195576249306341,0.03195576249306341,0.03195576249306341,0.03195576249306341,0.03195576249306341,0.03195576249306341,0.03195576249306341,0.03195576249306341,0.03195576249306341,0.03195576249306341,0.03195576249306341,0.03195576249306341,0.03195576249306341,0.03195576249306341,0.03195576249306341,0.03195576249306341,0.03195576249306341,0.03195576249306341,0.03195576249306341,0.03195576249306341,0.03195576249306341,0.03195576249306341,0.03195576249306341,0.03195576249306341,0.03195576249306341,0.03195576249306341,0.03195576249306341,0.03195576249306341,0.03195576249306341,0.03195576249306341,0.03195576249306341,0.03195576249306341,0.03195576249306341,0.03195576249306341,0.03195576249306341,0.03195576249306341,0.03195576249306341,0.03195576249306341,0.03195576249306341,0.03195576249306341,0.03195576249306341,0.03195576249306341,0.03195576249306341,0.03195576249306341,0.03195576249306341,0.03195576249306341,0.03195576249306341,0.03195576249306341,0.03195576249306341,0.03195576249306341,0.03195576249306341,0.03195576249306341,0.03195576249306341,0.03195576249306341,0.03195576249306341,0.03195576249306341,0.03195576249306341,0.03195576249306341,0.03195576249306341,0.03195576249306341,0.03195576249306341,0.03195576249306341,0.03195576249306341,0.03195576249306341,0.03195576249306341,0.03195576249306341,0.03195576249306341,0.03195576249306341,0.03195576249306341,0.03195576249306341,0.03195576249306341,0.03195576249306341,0.03195576249306341,0.03195576249306341,0.03195576249306341,0.03195576249306341,0.03195576249306341,0.03195576249306341,0.03195576249306341,0.03195576249306341,0.03195576249306341,0.03195576249306341,0.03195576249306341,0.03195576249306341,0.03195576249306341,0.03195576249306341,0.03195576249306341,0.03195576249306341,0.03195576249306341,0.03195576249306341,0.03195576249306341,0.03195576249306341,0.03195576249306341,0.03195576249306341,0.03195576249306341,0.03195576249306341,0.03195576249306341,0.03195576249306341,0.03195576249306341,0.03195576249306341,0.03195576249306341,0.03195576249306341,0.03195576249306341,0.03195576249306341,0.03195576249306341,0.03195576249306341,0.03195576249306341,0.03195576249306341,0.03195576249306341,0.03195576249306341,0.03195576249306341,0.03195576249306341,0.03195576249306341,0.03195576249306341,0.03195576249306341,0.03195576249306341,0.03195576249306341,0.03195576249306341,0.03195576249306341,0.03195576249306341,0.03195576249306341,0.03195576249306341,0.03195576249306341,0.03195576249306341,0.03195576249306341,0.03195576249306341,0.03195576249306341,0.03195576249306341,0.03195576249306341,0.03195576249306341,0.03195576249306341,0.03195576249306341,0.03195576249306341,0.03195576249306341,0.03195576249306341,0.03195576249306341,0.03195576249306341,0.03195576249306341,0.03195576249306341,0.03195576249306341,0.03195576249306341,0.03195576249306341,0.03195576249306341,0.03195576249306341,0.03195576249306341,0.03195576249306341,0.03195576249306341,0.03195576249306341,0.03195576249306341,0.03195576249306341,0.03195576249306341,0.03195576249306341,0.03195576249306341,0.03195576249306341,0.03195576249306341,0.03195576249306341,0.03195576249306341,0.03195576249306341,0.03195576249306341,0.03195576249306341,0.03195576249306341,0.03195576249306341,0.03195576249306341,0.03195576249306341,0.03195576249306341,0.03195576249306341,0.03195576249306341,0.03195576249306341,0.03195576249306341,0.03195576249306341,0.03195576249306341,0.03195576249306341,0.03195576249306341,0.03195576249306341,0.03195576249306341,0.03195576249306341,0.03195576249306341,0.03195576249306341,0.03195576249306341,0.03195576249306341,0.03195576249306341,0.03195576249306341,0.03195576249306341,0.03195576249306341,0.03195576249306341,0.03195576249306341,0.03195576249306341,0.03195576249306341,0.03195576249306341,0.03195576249306341,0.03195576249306341,0.03195576249306341,0.03195576249306341,0.03195576249306341,0.03195576249306341,0.03195576249306341,0.03195576249306341,0.03195576249306341,0.03195576249306341,0.03195576249306341,0.03195576249306341,0.03195576249306341,0.03195576249306341,0.03195576249306341,0.03195576249306341,0.03195576249306341,0.03195576249306341,0.03195576249306341,0.03195576249306341,0.03195576249306341,0.03195576249306341,0.03195576249306341,0.03195576249306341,0.03195576249306341,0.03195576249306341,0.03195576249306341,0.03195576249306341,0.03195576249306341,0.03195576249306341,0.03195576249306341,0.03195576249306341,0.03195576249306341,0.03195576249306341,0.03195576249306341,0.03195576249306341,0.03195576249306341,0.03195576249306341,0.03195576249306341,0.03195576249306341,0.03195576249306341,0.03195576249306341,0.03195576249306341,0.03195576249306341,0.03195576249306341,0.03195576249306341,0.03195576249306341,0.03195576249306341,0.03195576249306341,0.03195576249306341,0.03195576249306341,0.03195576249306341,0.03195576249306341,0.03195576249306341,0.03195576249306341,0.03195576249306341,0.03195576249306341,0.03195576249306341,0.03195576249306341,0.03195576249306341,0.03195576249306341,0.03195576249306341,0.03195576249306341,0.03195576249306341,0.03195576249306341,0.03195576249306341,0.03195576249306341,0.03195576249306341,0.03195576249306341,0.03195576249306341,0.03195576249306341,0.03195576249306341,0.03195576249306341,0.03195576249306341,0.03195576249306341,0.03195576249306341,0.03195576249306341,0.03195576249306341,0.03195576249306341,0.03195576249306341,0.03195576249306341,0.03195576249306341,0.03195576249306341,0.03195576249306341,0.03195576249306341,0.03195576249306341,0.03195576249306341,0.03195576249306341,0.03195576249306341,0.03195576249306341,0.03195576249306341,0.03195576249306341,0.03195576249306341,0.03195576249306341,0.03195576249306341,0.03195576249306341,0.03195576249306341,0.03195576249306341,0.03195576249306341,0.03195576249306341,0.03195576249306341,0.03195576249306341,0.03195576249306341,0.03195576249306341,0.03195576249306341,0.03195576249306341,0.03195576249306341,0.03195576249306341,0.03195576249306341,0.03195576249306341,0.03195576249306341,0.03195576249306341,0.03195576249306341,0.03195576249306341,0.03195576249306341,0.03195576249306341,0.03195576249306341,0.03195576249306341,0.03195576249306341,0.03195576249306341,0.03195576249306341,0.03195576249306341,0.03195576249306341,0.03195576249306341,0.03195398931363596,0.0319522681855901,0.03195059180234702,0.03194895413779479,0.03194735016472066,0.03194577564693252,0.031944226983029164,0.03194270108710933,0.0319411952963793,0.031939707298669136,0.031938235074901386,0.03193677685294123,0.03193533107021554,0.031933896343163785,0.031932471442066804,0.03193105527014853,0.0319296468461033,0.031928245289391345,0.03192684980778811,0.03192545968678292,0.03192407428050284,0.03192269300390492,0.031921315326027475,0.03191994076413138,0.03191856887859321,0.0319171992684365,0.031915831567406946,0.03191446544051404,0.03191310058097356,0.03191173670749639,0.03191037356187764,0.031909010906847245,0.031907648524148374,0.031906286212816305,0.03190492378763256,0.03190356107773414,0.03190219792535996,0.03190083418471804,0.0318994697209613,0.031898104409259054,0.03189673813395467,0.03189537078779982,0.03189400227125792,0.0318926324918692,0.03189126136367208,0.03188988880667428,0.03188851474636988,0.03188713911329727,0.03188576184263443,0.031884382873828325,0.03188300215025461,0.031881619618905704,0.031880235230104324,0.031878848937240176,0.03187746069652791,0.03187607046678455,0.03187467820922467,0.031873283887271786,0.031871887466384696,0.031870488913897266,0.031869088198871284,0.03186768529196009,0.031866280165283326,0.03186487279231121,0.03186346314775746,0.03186205120748115,0.03186063694839528,0.031859220348383024,0.03185780138621968,0.03185638004150138,0.03185495629457847,0.031853530126494285,0.0318521015189286,0.03185067045414513,0.03184923691494315,0.0318478008846127,0.03184636234689311,0.03184492128593466,0.03184347768626314,0.03184203153274698,0.03184058281056684,0.03183913150518752,0.03183767760233184,0.031836221087956564,0.03183476194823001,0.03183330016951139,0.03183183573833158,0.03183036864137534,0.031828898865464875,0.03182742639754448,0.03182595122466644,0.03182447333397786,0.03182299271270832,0.031821509348158784,0.03182002322769098,0.03181853433871758,0.03181704266869319,0.03181554820510586,0.0318140509354693,0.03181255084731559,0.03181104792818827,0.03180954216563615,0.031808033547207334,0.03180652206044379,0.03180500769287614,0.031803490432018904,0.03180197026536608,0.03180044718038698,0.03179892116452213,0.03179739220517979,0.03179586028973243,0.031794325405513586,0.03179278753981474,0.0317912466798825,0.03178970281291592,0.031788155926063995,0.03178660600642315,0.031785053041035176,0.03178349701688494,0.031781937920898375,0.031780375739940636,0.031778810460814086,0.03177724207025673,0.03177567055494046,0.03177409590146948,0.031772518096378696,0.03177093712613238,0.03176935297712266,0.03176776563566814,0.031766175088012695,0.03176458132032407,0.03176298431869272,0.031761384069130524,0.03175978055756971,0.03175817376986184,0.031756563691776256,0.0317549503089995,0.03175333360713384,0.03175171357169663,0.03175009018811887,0.03174846344174443,0.03174683331782898,0.031745199801539024,0.031743562877950895,0.03174192253204978,0.031740278748728784,0.03173863151278797,0.03173698080893332,0.03173532662177591,0.031733668935830885,0.03173200773551654,0.03173034300515339,0.03172867472896319,0.03172700289106798,0.03172532747548921,0.03172364846614673,0.03172196584685791,0.031720279601336575,0.03171858971319216,0.03171689616592864,0.03171519894294367,0.03171349802752755,0.0317117934028623,0.03171008505202066,0.03170837295796493,0.031706657103546323,0.03170493747150364,0.03170321404446244,0.03170148680493399,0.03169975573531415,0.031698020817882436,0.031696282034800925,0.031694539368113235,0.031692792799743415,0.031691042311494964,0.0316892878850496,0.031687529501966266,0.03168576714368001,0.03168400079150086,0.031682230426612806,0.03168045603007245,0.03167867758280799,0.031676895065618035,0.03167510845917052,0.03167331774400128,0.0316715229005131,0.03166972390897446,0.03166792074951812,0.03166611340214023,0.0316643018466987,0.031662486062912255,0.031660666030358914,0.03165884172847489,0.03165701313655316,0.03165518023374219,0.03165334299904464,0.03165150141131592,0.03164965544926292,0.03164780509144258,0.031645950316260524,0.0316440911019696,0.03164222742666852,0.0316403592683004,0.031638486604651204,0.031636609413348414,0.031634727671859486,0.03163284135749028,0.03163095044738362,0.03162905491851769,0.031627154747704465,0.031625249911588174,0.03162334038664373,0.03162142614917496,0.03161950717531314,0.03161758344101522,0.031615654922062246,0.03161372159405754,0.03161178343242509,0.03160984041240776,0.03160789250906553,0.03160593969727378,0.031603981951721344,0.03160201924690891,0.03160005155714696,0.03159807885655403,0.031596101119054754,0.031594118318378,0.031592130428054914,0.03159013742141695,0.03158813927159391,0.03158613595151187,0.031584127433891294,0.03158211369124479,0.031580094695875166,0.03157807041987324,0.03157604083511578,0.03157400591326327,0.031571965625757765,0.03156991994382064,0.03156786883845038,0.03156581228042027,0.03156375024027617,0.03156168268833405,0.03155960959467779,0.03155753092915663,0.031555446661382915,0.03155335676072949,0.03155126119632732,0.031549159937062934,0.03154705295157588,0.03154494020825618,0.03154282167524163,0.03154069732041525,0.03153856711140256,0.03153643101556886,0.03153428900001647,0.03153214103158197,0.03152998707683337,0.031527827102067224,0.03152566107330578,0.03152348895629395,0.031521310716496394,0.03151912631909455,0.031516935728983494,0.031514738910768926,0.03151253582876387,0.03151032644698572,0.03150811072915282,0.03150588863868136,0.031503660138681895,0.03150142519195612,0.03149918376099342,0.03149693580796742,0.0314946812947325,0.03149242018282024,0.031490152433435815,0.031487878007454374,0.03148559686541739,0.031483308967528795,0.03148101427365131,0.031478712743302543,0.031476404335651055,0.03147408900951248,0.03147176672334544,0.03146943743524753,0.03146710110295116,0.031464757683819414,0.031462407134841705,0.031460049412629566,0.03145768447341228,0.031455312273032436,0.031452932766941395,0.031450545910194784,0.03144815165744787,0.031445749962950825,0.03144334078054404,0.03144092406365326,0.03143849976528466,0.031436067838019936,0.03143362823401126,0.03143118090497608,0.03142872580219207,0.03142626287649171,0.031423792078257046,0.03142131335741425,0.0314188266634281,0.031416331945296375,0.03141382915154422,0.03141131823021835,0.03140879912888125,0.031406271794605214,0.03140373617396635,0.03140119221303841,0.03139863985738663,0.03139607905206143,0.031393509741591996,0.031390931869979787,0.03138834538069195,0.03138575021665463,0.03138314632024614,0.03138053363329006,0.031377912097048224,0.03137528165221359,0.03137264223890298,0.03136999379664981,0.031367336264396514,0.031364669580487003,0.031361993682659,0.03135930850803616,0.03135661399312007,0.03135391007378228,0.03135119668525598,0.031348473762127745,0.03134574123832897,0.031342999047127354,0.03134024712111803,0.031337485392214676,0.0313347137916406,0.03133193224991934,0.03132914069686549,0.03132633906157512,0.03132352727241611,0.03132070525701834,0.0313178729422637,0.03131503025427596,0.031312177118410396,0.03130931345924335,0.031306439200561545,0.03130355426535116,0.031300658575786906,0.03129775205322069,0.03129483461817023,0.03129190619030748,0.03128896668844675,0.031286016030532736,0.03128305413362823,0.0312800809139017,0.031277096286614674,0.03127410016610882,0.03127109246579274,0.031268073098128846,0.031265041974619635,0.03126199900579381,0.0312589441011924,0.031255877169354254,0.03125279811780164,0.031249706853025288,0.031246603280469326,0.031243487304515906,0.031240358828469525,0.031237217754541136,0.03123406398383186,0.031230897416316475,0.0312277179508266,0.03122452548503348,0.031221319915430614,0.03121810113731585,0.031214869044773358,0.031211623530655146,0.031208364486562126,0.031205091802825206,0.0312018053684855,0.03119850507127456,0.031195190797594023,0.031191862432495013,0.031188519859656986,0.031185162961366322,0.031181791618494454,0.031178405710475327,0.031175005115283004,0.031171589709408244,0.03116815936783485,0.031164713964015583,0.031161253369847573,0.031157777455647153,0.031154286090124435,0.03115077914035695,0.03114725647176329,0.0311437179480757,0.031140163431312633,0.031136592781750162,0.0311330058578934,0.03112940251644675,0.03112578261228425,0.03112214599841854,0.03111849252596972,0.031114822044133374,0.031111134400147848,0.031107429439261022,0.031103707004696304,0.03109996693761781,0.03109620907709495,0.03109243326006619,0.031088639321302073,0.031084827093367424,0.031080996406582535,0.031077147088983906,0.03107327896628405,0.03106939186183007,0.0310654855965616,0.031061559988967882,0.0310576148550437,0.031053650008244522,0.03104966525944047,0.031045660416869375,0.0310416352860888,0.03103758966992673,0.031033523368431532,0.03102943617882064,0.031025327895427682,0.03102119830964897,0.03101704720988853,0.031012874381501656,0.031008679606737487,0.03100446266467998,0.031000223331187654,0.030995961378831868,0.030991676576833584,0.030987368690998673,0.03098303748365177,0.030978682713568344,0.030974304135905236,0.030969901502129644,0.030965474559946065,0.030961023053221612,0.030956546721910175,0.03095204530197287,0.03094751852529855,0.030942966119621544,0.030938387808437023,0.030933783310914356,0.030929152341809017,0.03092449461137085,0.030919809825251703,0.030915097684409185,0.03091035788500868,0.030905590118323122,0.03090079407062935,0.030895969423102347,0.030891115851706653,0.030886233027084525,0.03088132061444184,0.030876378273430163,0.030871405658026426,0.030866402416408395,0.030861368190828044,0.03085630261748042,0.03085120532636942,0.030846075941169872,0.030840914079085655,0.03083571935070405,0.030830491359845804,0.03082522970341147,0.030819933971222808,0.030814603745860147,0.030809238602494876,0.030803838108717486,0.030798401824360076,0.030792929301314505,0.030787420083344567,0.030781873705893154,0.030776289695883315,0.03077066757151407,0.030765006842049254,0.03075930700760138,0.030753567558907523,0.030747787977099476,0.030741967733466654,0.030736106289211546,0.030730203095198114,0.030724257591691794,0.030718269208092033,0.030712237362656287,0.030706161462214856,0.030700040901877827,0.030693875064731455,0.030687663321526164,0.03068140503035262,0.03067509953630954,0.030668746171159087,0.03066234425297189,0.030655893085759698,0.03064939195909664,0.030642840147726967,0.03063623691116033,0.03062958149325319,0.030622873121776063,0.03061611100796581,0.030609294346062747,0.03060242231283144,0.030595494067065552,0.030588508749074397,0.03058146548015108,0.030574363362024442,0.030567201476287748,0.030559978883809395,0.030552694624120826,0.030545347714783722,0.03053793715073133,0.03053046190358902,0.03052292092096763,0.030515313125728055,0.030507637415223637,0.030499892660508465,0.030492077705518778,0.030484191366221047,0.03047623242972807,0.030468199653379643,0.030460091763788492,0.030451907455847062,0.030443645391694467,0.03043530419964423,0.03042688247306574,0.030418378769221897,0.03040979160805861,0.03040111947094392,0.030392360799354427,0.0303835139935076,0.030374577410934866,0.030365549364994405,0.030356428123320102,0.030347211906203025,0.03033789888490244,0.030328487179882187,0.03031897485896909,0.03030935993542863,0.03029964036595461,0.03028981404856624,0.030279878820409223,0.03026983245545635,0.03025967266209914,0.030249397080627474,0.03023900328058845,0.0302284887580224,0.03021785093255933,0.030207087144382222,0.030196194651028744,0.03018517062405508,0.030174012145510812,0.03016271620424928,0.030151279692048342,0.030139699399527254,0.030127972011860574,0.030116094104257286,0.030104062137212388,0.030091872451495204,0.030079521262875393,0.030067004656561442,0.03005431858132912,0.030041458843333427,0.030028421099562327,0.03001520085093699,0.030001793435003022,0.029988194018209555,0.029974397587735575,0.029960398942835823,0.029946192685673025,0.029931773211600208,0.029917134698847124,0.02990227109758535,0.029887176118303854,0.02987184321946182,0.029856265594356116,0.029840436157147626,0.029824347527984362,0.029807992017142862,0.02979136160812317,0.029774447939606746,0.029757242286194634,0.029739735537811632,0.029721918177688555,0.02970378025879718,0.029685311378591966,0.02966650065194786,0.0296473366821129,0.02962780752951585,0.0296079006782369,0.02958760299993904,0.0295669007150242,0.029545779350768547,0.02952422369615432,0.02950221775308829,0.029479744683673877,0.02945678675314344,0.029433325268041745,0.02940934050918488,0.029384811658876804,0.029359716721798233,0.029334032438919095,0.029307734193707788,0.029280795909819336,0.02925318993935316,0.029224886940656006,0.02919585574448991,0.029166063207305998,0.02913547405010789,0.029104050681276528,0.02907175300144036,0.029038538188280033,0.029004360458815232,0.02896917080640742,0.028932916709330642,0.028895541807262854,0.02885698554160729,0.02881718275483664,0.028776063243438545,0.028733551258136803,0.028689564944133116,0.028644015712946988,0.028596807536098095,0.02854783614930292,0.028496988153970542,0.028444140000621728,0.028392783069055468,0.028335695987206054,0.028276168310855127,0.028214024295124932,0.028149070476424273,0.02808109346257664,0.0280098573922052,0.0279351010062372,0.02785653426515986,0.027773834432431595,0.027686641531920037,0.027594553066967346,0.02749711787038183,0.027393828929936803,0.027284115006579648,0.027167330831454117,0.027042745633525357,0.027002617591434925,0.02686649004443824,0.02672045406673569,0.026563386508604188,0.02639400239128403,0.026210829155838163,0.026012177258383604,0.025796107079883966,0.02556039253825104,0.0253024824809185,0.025019462094617126,0.024708018403771216,0.02436441671257703,0.023984498848385508,0.023563719397930616,0.023097242343844873,0.022580126386126834,0.022007629727837243,0.021375658141634665,0.020918595114420804,0.020918595114401493,0.020918595113041304,0.020180068320032742,0.01937909409811045,0.01851948534081554,0.01760833369756127,0.01665583644364363,0.01567463252982329,0.014678759931341358,0.01368246063923015,0.012699083118661593,0.01174026554231772,0.010815473753532341,0.009931869470548842,0.009094426386532148,0.008306196189485285,0.007568639250866754,0.0075468952056632595,0.007546895205561529,0.006861770668946267,0.006226737650568204,0.005640336092619379,0.005100624553497847,0.004605341977664541,0.004152031270397271,0.003738132336035467,0.0033610514844660965,0.003018212872269904,0.002707096343505899,0.002425264903307023,0.0021703841847550984,0.0019402356493309215,0.0017327248407523995,0.0015458857287175398,0.0013778819813834873,0.0012270058578285803,0.0010916752932888189,0.0009704296502262063,0.0008619245221331303,0.000764925902492402,0.0006783039676327824,0.0006010266683033817,0.0005321532802246422,0.0004708280272842214,0.0004162738616257906,0.0003677864613690115,0.0003247284882280899,0.0002865241327872373,0.0002526539640236604,0.0002226500910461918,0.00019609163843324815,0.00018982267127365217,0.00016705923477426172,0.00014694293798337064,0.00012917837935602348,0.00011350126514969343,9.96754108753987e-05,8.748998889222648e-05,7.675700979338392e-05,6.730902369025823e-05,5.899702665345349e-05,5.168855806242399e-05,4.5265974804837756e-05,3.962488882817703e-05,3.4672755082691213e-05,3.032759756417286e-05,2.6516861815034665e-05,2.3176382945977493e-05,2.0249458930395404e-05,1.7686019620746698e-05,1.5441882620062855e-05,1.3478087801911816e-05,1.176030291315341e-05,1.0258293306093989e-05,8.945449425418315e-06,7.798366224870971e-06,6.7964692036263515e-06,5.921682232049405e-06,5.158132785270857e-06,4.491890616540218e-06,3.910736285163707e-06,3.403956305366453e-06,2.9621620048952194e-06,2.5771294770473643e-06,2.2416582783401724e-06,1.949446768134234e-06,1.6949822086271772e-06,1.473443943545513e-06,1.2806181554115538e-06,1.1128228643843695e-06,9.668419784738876e-07,8.398673371205664e-07,7.294478081914629e-07,6.334446045650035e-07,5.499920811562113e-07,4.77463357764782e-07,4.14440188612423e-07,3.596865665447973e-07,3.1212560965457535e-07,2.7081933115389963e-07,2.349509404486829e-07,2.0380936515243416e-07,1.767757207923564e-07,1.5331148771355504e-07,1.3294818366297373e-07,1.1527834612103753e-07,9.994766104667491e-08,8.664809462859719e-08,7.511190220871121e-08,6.510640401052966e-08,5.642943093346975e-08,4.8905355651784055e-08,4.238163479159729e-08,3.6725797213515564e-08,3.1822821553925625e-08,2.7572853308951215e-08,2.3889217999190312e-08,2.0696692436689432e-08,1.7930000918710502e-08,1.553250738044515e-08,1.3455078221690375e-08,1.1655093743783076e-08,1.0095588952296692e-08,8.744506944338593e-09,7.57405025107659e-09,6.560117388045501e-09,5.681813507229154e-09,4.9210254779610825e-09,4.262052974766514e-09,3.6912882408732744e-09,3.3965719759084836e-09,2.941684136931685e-09,2.5477121209989856e-09,2.2065053570149e-09,1.911001981137946e-09,1.6550837969180694e-09,1.433450486518119e-09,1.2415105301112656e-09,1.075286624607593e-09,9.313336831678687e-10,8.066677493213141e-10,6.987043789219439e-10,6.05205233902535e-10,5.242317975413075e-10,4.5410526499063595e-10,3.9337178794409017e-10,3.4077236100131203e-10,2.952167316851383e-10,2.5576079799990525e-10,2.2158702859302307e-10,1.9198750230520423e-10,1.663492175182037e-10,1.4414136818352614e-10,1.249043237880116e-10,1.0824008549268191e-10,9.380402104658007e-11,8.129770740310678e-11,7.04627327940557e-11,6.107532980913367e-11,5.294172819072373e-11,4.589413092504092e-11,3.9787230105830124e-11,3.4495190219014045e-11,2.9909036179265254e-11,2.593439184098371e-11,2.2489521973660656e-11,1.95036369911938e-11,1.6915425180145724e-11,1.4671781898425388e-11,1.2726709308288524e-11,1.1040363755195478e-11,9.578230972836787e-12,8.310411955356794e-12,7.2110046398337695e-12,6.257568536747256e-12,5.43066117238176e-12,4.713436703223907e-12,4.09129835526131e-12,3.55159746351439e-12,3.083372856456971e-12,2.677125170231921e-12,2.32462140519603e-12,2.0187256662005715e-12,1.7532525737360348e-12,1.5228403043614374e-12,1.3228406277850351e-12,1.1492236608892494e-12,9.98495365301784e-13,8.676260808716573e-13,7.539886149163786e-13,6.553046075515004e-13,5.695980640798318e-13,4.951550946373761e-13,4.304890299633173e-13,3.7431019367693983e-13,3.254997079391546e-13,2.8308679293857825e-13,2.4622909296157377e-13,2.141956244302737e-13,1.8635199550929618e-13,1.6214759380659633e-13,1.411044793462724e-13,1.2280775516750795e-13,1.0689721837310878e-13,9.30601208312932e-14,8.102489157721093e-14,7.055569274246943e-14,6.144769797105408e-14,5.352299711609276e-14,4.6627043859893906e-14,4.062557402898757e-14,3.540193201323692e-14,3.0854751049176925e-14,2.6895940357994463e-14,2.3448938396062438e-14,2.04471969013263e-14,1.783286512414203e-14,1.5555647703499396e-14,1.3571813181986878e-14,1.1843333209066068e-14,1.033713514115931e-14,9.02445302982789e-15,7.880264001671947e-15,6.882798740278636e-15,6.013116288362636e-15,5.254734681700919e-15,4.593310051238257e-15,4.016357805224518e-15,3.513010348441858e-15,3.0738065287839914e-15,2.690508637363553e-15,2.355943339556051e-15,2.0638633928990297e-15,1.8088274225739126e-15,1.586095385062702e-15,1.3915376629714402e-15,1.2215560048304829e-15,1.0730147589073858e-15,9.431810539854169e-16,8.296727572310281e-16,7.304131929361935e-16,6.435917392606112e-16,5.676295361280149e-16,5.01149637736637e-16,4.4295103065150256e-16,3.9198601418011567e-16,3.473405056069422e-16,3.082168900508005e-16,2.739190843954603e-16,2.438395278966025e-16,2.1744784956565262e-16,1.942809950139408e-16,1.7393462375651178e-16,1.560556125737236e-16,1.403355219115152e-16,1.2650490090631252e-16,1.1432832277300507e-16,1.0360005634069019e-16,9.414029175436813e-17,8.579184896800443e-17,7.84173069133213e-17,7.189649925350803e-17,6.612432963394318e-17,6.100886541708358e-17,5.64696741895764e-17,5.243637193231756e-17,4.8847355754156094e-17,4.5648697580358136e-17,4.27931782234599e-17,4.023944391165634e-17,3.795126964717175e-17,3.589691578064122e-17,3.404856592452226e-17,3.2381835860115085e-17,3.0875344406041666e-17,2.9510338384047967e-17,2.8270364811871364e-17,2.714098433748255e-17,2.610952068547251e-17,2.5164841568161124e-17,2.4297167075731143e-17,2.3497902065141484e-17,2.2759489539948922e-17,2.2075282356269116e-17,2.1439430955207158e-17,2.084678509986929e-17,2.029280786126249e-17,1.977350030891391e-17,1.9285335567437578e-17,1.8825201062467786e-17,1.8390347931121372e-17,1.7978346701132203e-17,1.7587048452118663e-17,1.7214550779600914e-17,1.6859167958518274e-17,1.6519404784060822e-17,1.6193933633507904e-17,1.5881574346825582e-17,1.5581276577074036e-17,1.5292104301815686e-17,1.5013222232378194e-17,1.474388388154907e-17,1.448342108676763e-17,1.4231234808785147e-17,1.3986787047871736e-17,1.3749593740879334e-17,1.3519218517991923e-17,1.3295267211328983e-17,1.3077383029737395e-17,1.2865242307361987e-17,1.265855077021185e-17,1.2457040239526893e-17,1.226046573590789e-17,1.206860292439217e-17,1.1881245862888462e-17,1.169820501678496e-17,1.1519305507058872e-17,1.1344385563799102e-17,1.1173295160342875e-17,1.1005894806178942e-17,1.0842054479517994e-17,1.068165268276236e-17,1.0524575606089773e-17,1.0370716386337353e-17,1.0219974449623967e-17,1.0072254927772702e-17,9.927468140605345e-18,9.78552913409325e-18,9.646357270306832e-18,9.509875862123875e-18,9.509875810208551e-18,9.509875759467582e-18,9.509875710000294e-18,9.509875661405859e-18,9.509875613380863e-18,9.509875565752782e-18,9.509875518432332e-18,9.509875471375172e-18,9.509875424559772e-18,9.509875377975858e-18,9.50987533161863e-18,9.509875285485966e-18,9.509875239576965e-18,9.509875193891387e-18,9.509875148429238e-18,9.509875103190677e-18,9.509875058175902e-18,9.509875013385146e-18,9.509874968818629e-18,9.50987492447657e-18,9.509874880359178e-18,9.509874836466659e-18,9.509874792799192e-18,9.509874749356944e-18,9.509874706140075e-18,9.509874663148741e-18,9.509874620383058e-18,9.509874577843155e-18,9.50987453552913e-18,9.509874493441082e-18,9.509874451579086e-18,9.509874409943203e-18,9.509874368533487e-18,9.509874327349982e-18,9.509874286392722e-18,9.509874245661711e-18,9.50987420515696e-18,9.509874164878455e-18,9.509874124826181e-18,9.509874085000101e-18,9.509874045400163e-18,9.50987400602632e-18,9.50987396687851e-18,9.50987392795663e-18,9.509873889260602e-18,9.509873850790316e-18,9.509873812545665e-18,9.509873774526526e-18,9.50987373673275e-18,9.509873699164197e-18,9.509873661820705e-18,9.509873624702102e-18,9.509873587808214e-18,9.509873551138855e-18,9.509873514693806e-18,9.509873478472872e-18,9.509873442475827e-18,9.509873406702446e-18,9.509873371152481e-18,9.509873335825669e-18,9.509873300721756e-18,9.509873265840472e-18,9.509873231181543e-18,9.509873196744672e-18,9.509873162529564e-18,9.509873128535913e-18,9.509873094763394e-18,9.509873061211686e-18,9.50987302788045e-18,9.509872994769347e-18,9.509872961878021e-18,9.509872929206117e-18,9.509872896753264e-18,9.50987286451908e-18,9.509872832503184e-18,9.509872800705184e-18,9.509872769124673e-18,9.509872737761248e-18,9.509872706614486e-18,9.509872675683967e-18,9.509872644969248e-18,9.509872614469912e-18,9.509872584185486e-18,9.509872554115535e-18,9.509872524259585e-18,9.509872494617185e-18,9.509872465187839e-18,9.509872435971084e-18,9.509872406966422e-18,9.509872378173358e-18,9.509872349591399e-18,9.509872321220032e-18,9.509872293058747e-18,9.50987226510702e-18,9.509872237364326e-18,9.509872209830134e-18,9.509872182503917e-18,9.509872155385116e-18,9.509872128473194e-18,9.509872101767595e-18,9.50987207526775e-18,9.509872048973111e-18,9.509872022883102e-18,9.509871996997143e-18,9.509871971314659e-18,9.509871945835057e-18,9.509871920557761e-18,9.509871895482175e-18,9.509871870607691e-18,9.50987184593372e-18,9.50987182145964e-18,9.50987179718485e-18,9.509871773108734e-18,9.509871749230667e-18,9.509871725550027e-18,9.509871702066186e-18,9.50987167877851e-18,9.50987165568637e-18,9.509871632789122e-18,9.509871610086131e-18,9.509871587576746e-18,9.509871565260316e-18,9.509871543136188e-18,9.509871521203704e-18,9.509871499462215e-18,9.509871477911053e-18,9.509871456549552e-18,9.509871435377046e-18,9.509871414392864e-18,9.509871393596336e-18,9.509871372986781e-18,9.50987135256352e-18,9.509871332325884e-18,9.509871312273177e-18,9.509871292404721e-18,9.509871272719827e-18,9.509871253217799e-18,9.509871233897946e-18,9.509871214759583e-18,9.50987119580201e-18,9.50987117702453e-18,9.509871158426437e-18,9.509871140007039e-18,9.509871121765635e-18,9.509871103701512e-18,9.509871085813965e-18,9.509871068102297e-18,9.50987105056579e-18,9.509871033203737e-18,9.509871016015432e-18,9.50987099900015e-18,9.509870982157197e-18,9.50987096548584e-18,9.509870948985377e-18,9.509870932655092e-18,9.509870916494256e-18,9.509870900502164e-18,9.509870884678094e-18,9.509870869021333e-18,9.509870853531147e-18,9.509870838206826e-18,9.509870823047648e-18,9.509870808052895e-18,9.50987079322184e-18,9.509870778553773e-18,9.509870764047959e-18,9.509870749703685e-18,9.509870735520228e-18,9.509870721496858e-18,9.509870707632867e-18,9.509870693927515e-18,9.509870680380107e-18,9.509870666989893e-18,9.50987065375617e-18,9.50987064067821e-18,9.509870627755287e-18,9.509870614986692e-18,9.5098706023717e-18,9.509870589909593e-18,9.509870577599644e-18,9.509870565441138e-18,9.509870553433361e-18,9.509870541575594e-18,9.509870529867112e-18,9.509870518307214e-18,9.509870506895168e-18,9.509870495630275e-18,9.509870484511806e-18,9.509870473539056e-18,9.509870462711317e-18,9.509870452027868e-18,9.509870441488005e-18,9.509870431091019e-18,9.5098704208362e-18,9.509870410722835e-18,9.509870400750225e-18,9.509870390917669e-18,9.509870381224457e-18,9.509870371669882e-18,9.509870362253254e-18,9.509870352973867e-18,9.50987034383102e-18,9.509870334824024e-18,9.509870325952174e-18,9.509870317214778e-18,9.509870308611148e-18,9.509870300140586e-18,9.509870291802407e-18,9.509870283595917e-18,9.509870275520435e-18,9.509870267575271e-18,9.509870259759746e-18,9.509870252073174e-18,9.509870244514873e-18,9.50987023708417e-18,9.509870229780381e-18,9.509870222602836e-18,9.50987021555086e-18,9.509870208623783e-18,9.50987020182093e-18,9.509870195141636e-18,9.50987018858523e-18,9.50987018215106e-18,9.509870175838445e-18,9.509870169646736e-18,9.509870163575273e-18,9.5098701576234e-18,9.509870151790461e-18,9.509870146075806e-18,9.509870140478781e-18,9.509870134998733e-18,9.50987012963502e-18,9.50987012438699e-18,9.509870119254012e-18,9.509870114235434e-18,9.509870109330627e-18,9.509870104538955e-18,9.50987009985977e-18,9.509870095292456e-18,9.509870090836373e-18,9.509870086490902e-18,9.509870082255405e-18,9.509870078129266e-18,9.509870074111862e-18,9.509870070202576e-18,9.509870066400783e-18,9.509870062705884e-18,9.50987005911725e-18,9.509870055634283e-18,9.50987005225637e-18,9.5098700489829e-18,9.50987004581328e-18,9.509870042746902e-18,9.509870039783173e-18,9.509870036921496e-18,9.509870034161268e-18,9.509870031501901e-18,9.509870028942812e-18,9.509870026483409e-18,9.509870024123109e-18,9.509870021861326e-18,9.509870019697485e-18,9.509870017631009e-18,9.509870015661314e-18,9.509870013787839e-18,9.509870012009999e-18,9.509870010327235e-18,9.509870008738982e-18,9.50987000724468e-18,9.509870005843761e-18,9.509870004535662e-18,9.50987000331984e-18,9.509870002195734e-18,9.509870001162793e-18,9.509870000220468e-18,9.509869999368213e-18,9.50986999860548e-18,9.509869997931731e-18,9.509869997346433e-18,9.509869996849038e-18,9.50986999643902e-18,9.509869996115837e-18,9.50986999587897e-18,9.509869995727893e-18,9.509869995662066e-18,9.509869995680992e-18,9.509869995784114e-18,9.50986999597095e-18,9.509869996240973e-18,9.509869996593668e-18,9.509869997028524e-18,9.50986999754504e-18,9.509869998142704e-18,9.509869998821012e-18,9.509869999579472e-18,9.509870000417577e-18,9.509870001334842e-18,9.509870002330757e-18,9.509870003404842e-18,9.509870004556611e-18,9.509870005785578e-18,9.50987000709125e-18,9.509870008473162e-18,9.509870009930817e-18,9.509870011463751e-18,9.509870013071482e-18,9.509870014753548e-18,9.509870016509473e-18,9.509870018338788e-18,9.509870020241038e-18,9.509870022215757e-18,9.509870024262475e-18,9.509870026380749e-18,9.509870028570115e-18,9.509870030830126e-18,9.509870033160324e-18,9.50987003556027e-18,9.509870038029514e-18,9.509870040567614e-18,9.509870043174124e-18,9.509870045848617e-18,9.509870048590642e-18,9.509870051399777e-18,9.509870054275587e-18,9.50987005721764e-18,9.509870060225509e-18,9.509870063298773e-18,9.509870066437002e-18,9.509870069639788e-18,9.509870072906708e-18,9.509870076237342e-18,9.509870079631277e-18,9.509870083088107e-18,9.509870086607416e-18,9.509870090188808e-18,9.509870093831866e-18,9.509870097536203e-18,9.509870101301403e-18,9.509870105127081e-18,9.509870109012833e-18,9.509870112958262e-18,9.509870116962993e-18,9.509870121026622e-18,9.509870125148775e-18,9.509870129329057e-18,9.509870133567087e-18,9.50987013786248e-18,9.509870142214876e-18,9.509870146623878e-18,9.50987015108913e-18,9.509870155610246e-18,9.509870160186867e-18,9.509870164818616e-18,9.509870169505139e-18,9.509870174246057e-18,9.509870179041022e-18,9.509870183889672e-18,9.509870188791646e-18,9.509870193746594e-18,9.509870198754164e-18,9.509870203814e-18,9.509870208925755e-18,9.509870214089083e-18,9.509870219303643e-18,9.509870224569086e-18,9.509870229885065e-18,9.509870235251255e-18,9.509870240667321e-18,9.509870246132922e-18,9.509870251647726e-18,9.509870257211397e-18,9.509870262823606e-18,9.50987026848404e-18,9.509870274192358e-18,9.509870279948248e-18,9.509870285751383e-18,9.50987029160145e-18,9.509870297498122e-18,9.509870303441095e-18,9.509870309430041e-18,9.509870315464668e-18,9.50987032154465e-18,9.50987032766969e-18,9.509870333839479e-18,9.509870340053706e-18,9.509870346312079e-18,9.509870352614295e-18,9.509870358960052e-18,9.509870365349055e-18,9.509870371781003e-18,9.509870378255608e-18,9.509870384772593e-18,9.50987039133165e-18,9.509870397932491e-18,9.509870404574843e-18,9.509870411258407e-18,9.509870417982918e-18,9.509870424748076e-18,9.509870431553621e-18,9.509870438399264e-18,9.509870445284727e-18,9.509870452209744e-18,9.509870459174042e-18,9.509870466177353e-18,9.5098704732194e-18,9.509870480299922e-18,9.50987048741865e-18,9.509870494575326e-18,9.509870501769682e-18,9.509870509001461e-18,9.509870516270407e-18,9.509870523576252e-18,9.509870530918753e-18,9.509870538297655e-18,9.509870545712696e-18,9.50987055316364e-18,9.509870560650227e-18,9.509870568172212e-18,9.509870575729347e-18,9.509870583321393e-18,9.509870590948093e-18,9.509870598609225e-18,9.509870606304539e-18,9.509870614033795e-18,9.509870621796771e-18,9.509870629593212e-18,9.509870637422909e-18,9.509870645285607e-18,9.50987065318108e-18,9.509870661109097e-18,9.509870669069437e-18,9.509870677061886e-18,9.509870685086188e-18,9.509870693142147e-18,9.509870701229527e-18,9.509870709348106e-18,9.509870717497672e-18,9.509870725678008e-18,9.509870733888899e-18,9.509870742130125e-18,9.509870750401472e-18,9.509870758702734e-18,9.509870767033702e-18,9.509870775394156e-18,9.509870783783896e-18,9.509870792202711e-18,9.509870800650405e-18,9.509870809126759e-18,9.509870817631591e-18,9.509870826164669e-18,9.50987083472582e-18,9.509870843314847e-18,9.509870851931548e-18,9.509870860575714e-18,9.509870869247153e-18,9.509870877945594e-18,9.509870886671058e-18,9.50987089542319e-18,9.50987090420183e-18,9.509870913006796e-18,9.509870921837897e-18,9.509870930694953e-18,9.509870939577779e-18,9.509870948486185e-18,9.509870957419998e-18,9.509870966379026e-18,9.509870975363106e-18,9.509870984372036e-18,9.509870993405663e-18,9.509871002463794e-18,9.509871011546262e-18,9.509871020652891e-18,9.509871029783506e-18,9.509871038937933e-18,9.509871048116017e-18,9.50987105731757e-18,9.509871066542433e-18,9.509871075790447e-18,9.509871085061425e-18,9.50987109435522e-18,9.50987110367166e-18,9.509871113010586e-18,9.509871122371839e-18,9.509871131755253e-18,9.509871141160672e-18,9.509871150587936e-18,9.509871160036888e-18,9.509871169507372e-18,9.509871178999241e-18,9.509871188512332e-18,9.509871198046488e-18,9.509871207601565e-18,9.509871217177412e-18,9.509871226773882e-18,9.50987123639081e-18,9.509871246028066e-18,9.509871255685494e-18,9.50987126536295e-18,9.509871275060296e-18,9.509871284777386e-18,9.50987129451407e-18,9.509871304270208e-18,9.509871314045667e-18,9.509871323840294e-18,9.50987133365395e-18,9.50987134348651e-18,9.509871353337828e-18,9.509871363207769e-18,9.509871373096202e-18,9.509871383002984e-18,9.50987139292799e-18,9.509871402871091e-18,9.50987141283214e-18,9.509871422811022e-18,9.50987143280759e-18,9.509871442821731e-18,9.509871452853318e-18,9.509871462902213e-18,9.509871472968291e-18,9.509871483051426e-18,9.509871493151512e-18,9.509871503268397e-18,9.509871513401972e-18,9.509871523552119e-18,9.50987153371871e-18,9.509871543901627e-18,9.509871554100757e-18,9.509871564315967e-18,9.509871574547147e-18,9.509871584794187e-18,9.509871595056955e-18,9.509871605335345e-18,9.509871615629244e-18,9.509871625938537e-18,9.509871636263109e-18,9.50987164660284e-18,9.509871656957636e-18,9.509871667327374e-18,9.509871677711947e-18,9.509871688111247e-18,9.509871698525162e-18,9.509871708953589e-18,9.509871719396416e-18,9.509871729853545e-18,9.50987174032486e-18,9.509871750810262e-18,9.509871761309651e-18,9.509871771822905e-18,9.509871782349945e-18,9.509871792890656e-18,9.509871803444944e-18,9.5098718140127e-18,9.509871824593843e-18,9.50987183518825e-18,9.509871845795839e-18,9.509871856416496e-18,9.509871867050144e-18,9.509871877696668e-18,9.509871888355992e-18,9.509871899028008e-18,9.509871909712616e-18,9.509871920409734e-18,9.509871931119265e-18,9.509871941841115e-18,9.509871952575193e-18,9.509871963321404e-18,9.50987197407967e-18,9.509871984849888e-18,9.509871995631984e-18,9.509872006425852e-18,9.509872017231417e-18,9.509872028048585e-18,9.509872038877272e-18,9.509872049717389e-18,9.509872060568855e-18,9.50987207143158e-18,9.509872082305485e-18,9.509872093190481e-18,9.50987210408649e-18,9.509872114993425e-18,9.509872125911206e-18,9.509872136839754e-18,9.509872147778992e-18,9.509872158728831e-18,9.509872169689186e-18,9.509872180659987e-18,9.50987219164116e-18,9.509872202632623e-18,9.509872213634291e-18,9.509872224646105e-18,9.509872235667962e-18,9.509872246699807e-18,9.509872257741556e-18,9.509872268793137e-18,9.50987227985448e-18,9.509872290925502e-18,9.509872302006136e-18,9.5098723130963e-18,9.509872324195945e-18,9.509872335304977e-18,9.509872346423332e-18,9.50987235755095e-18,9.50987236868774e-18,9.50987237983364e-18,9.50987239098859e-18,9.509872402152512e-18,9.509872413325345e-18,9.509872424507015e-18,9.509872435697463e-18,9.509872446896612e-18,9.509872458104402e-18,9.509872469320767e-18,9.509872480545637e-18,9.509872491778953e-18,9.509872503020646e-18,9.509872514270652e-18,9.509872525528913e-18,9.509872536795361e-18,9.509872548069944e-18,9.509872559352584e-18,9.509872570643222e-18,9.509872581941803e-18,9.509872593248261e-18,9.509872604562543e-18,9.509872615884602e-18,9.509872627214336e-18,9.509872638551722e-18,9.509872649896685e-18,9.509872661249174e-18,9.509872672609141e-18,9.509872683976505e-18,9.509872695351223e-18,9.50987270673323e-18,9.50987271812248e-18,9.509872729518918e-18,9.509872740922475e-18,9.509872752333114e-18,9.50987276375077e-18,9.509872775175389e-18,9.509872786606913e-18,9.509872798045288e-18,9.509872809490472e-18,9.50987282094241e-18,9.509872832401046e-18,9.50987284386633e-18,9.509872855338208e-18,9.509872866816629e-18,9.509872878301545e-18,9.509872889792899e-18,9.509872901290647e-18,9.509872912794742e-18,9.509872924305126e-18,9.509872935821754e-18,9.509872947344578e-18,9.50987295887355e-18,9.509872970408621e-18,9.509872981949742e-18,9.509872993496865e-18,9.509873005049944e-18,9.509873016608938e-18,9.509873028173794e-18,9.509873039744467e-18,9.509873051320915e-18,9.509873062903092e-18,9.509873074490947e-18,9.509873086084438e-18,9.509873097683529e-18,9.509873109288164e-18,9.509873120898302e-18,9.509873132513904e-18,9.50987314413493e-18,9.509873155761325e-18,9.509873167393053e-18,9.509873179030081e-18,9.509873190672349e-18,9.509873202319826e-18,9.509873213972475e-18,9.509873225630242e-18,9.509873237293101e-18,9.509873248961e-18,9.509873260633913e-18,9.509873272311778e-18,9.509873283994576e-18,9.50987329568227e-18,9.509873307374797e-18,9.509873319072128e-18,9.509873330774234e-18,9.50987334248107e-18,9.509873354192597e-18,9.509873365908784e-18,9.509873377629589e-18,9.509873389354978e-18,9.50987340108491e-18,9.50987341281935e-18,9.509873424558266e-18,9.509873436301613e-18,9.50987344804936e-18,9.509873459801471e-18,9.509873471557916e-18,9.509873483318654e-18,9.509873495083665e-18,9.509873506852887e-18,9.509873518626305e-18,9.509873530403883e-18,9.509873542185582e-18,9.50987355397137e-18,9.509873565761216e-18,9.509873577555084e-18,9.509873589352949e-18,9.509873601154771e-18,9.509873612960517e-18,9.509873624770161e-18,9.509873636583664e-18,9.509873648400996e-18,9.509873660222132e-18,9.509873672047037e-18,9.509873683875683e-18,9.509873695708031e-18,9.509873707544058e-18,9.509873719383728e-18,9.509873731227017e-18,9.509873743073896e-18,9.509873754924335e-18,9.509873766778291e-18,9.509873778635744e-18,9.509873790496671e-18,9.50987380236104e-18,9.50987381422882e-18,9.509873826099985e-18,9.509873837974505e-18,9.509873849852345e-18,9.509873861733492e-18,9.509873873617914e-18,9.50987388550558e-18,9.509873897396459e-18,9.50987390929054e-18,9.509873921187777e-18,9.509873933088158e-18,9.509873944991648e-18,9.509873956898222e-18,9.509873968807858e-18,9.50987398072052e-18,9.509873992636197e-18,9.509874004554854e-18,9.509874016476467e-18,9.509874028401023e-18,9.509874040328487e-18,9.509874052258828e-18,9.50987406419203e-18,9.509874076128061e-18,9.509874088066901e-18,9.50987410000853e-18,9.509874111952919e-18,9.509874123900043e-18,9.50987413584989e-18,9.509874147802424e-18,9.509874159757626e-18,9.509874171715479e-18,9.509874183675952e-18,9.509874195639023e-18,9.509874207604675e-18,9.509874219572881e-18,9.509874231543619e-18,9.509874243516871e-18,9.509874255492618e-18,9.509874267470824e-18,9.509874279451479e-18,9.509874291434564e-18,9.509874303420048e-18,9.509874315407916e-18,9.509874327398143e-18,9.509874339390716e-18,9.509874351385613e-18,9.509874363382803e-18,9.509874375382278e-18,9.509874387384014e-18,9.509874399387987e-18,9.509874411394188e-18,9.509874423402578e-18,9.509874435413155e-18,9.509874447425898e-18,9.50987445944078e-18,9.50987447145778e-18,9.509874483476894e-18,9.509874495498088e-18,9.509874507521348e-18,9.509874519546659e-18,9.509874531574004e-18,9.509874543603365e-18,9.509874555634711e-18,9.509874567668032e-18,9.509874579703313e-18,9.509874591740531e-18,9.509874603779672e-18,9.509874615820721e-18,9.509874627863648e-18,9.509874639908446e-18,9.509874651955096e-18,9.509874664003584e-18,9.509874676053894e-18,9.509874688106007e-18,9.509874700159894e-18,9.509874712215564e-18,9.509874724272975e-18,9.509874736332128e-18,9.509874748393e-18,9.509874760455601e-18,9.509874772519864e-18,9.509874784585796e-18,9.509874796653391e-18,9.509874808722624e-18,9.509874820793486e-18,9.50987483286596e-18,9.509874844940028e-18,9.509874857015676e-18,9.50987486909289e-18,9.509874881171659e-18,9.50987489325196e-18,9.509874905333778e-18,9.5098749174171e-18,9.509874929501913e-18,9.509874941588205e-18,9.509874953675956e-18,9.509874965765155e-18,9.50987497785579e-18,9.509874989947856e-18,9.509875002041317e-18,9.509875014136169e-18,9.50987502623241e-18,9.509875038330009e-18,9.509875050428966e-18,9.50987506252926e-18,9.509875074630884e-18,9.509875086733812e-18,9.509875098838047e-18,9.50987511094356e-18,9.509875123050352e-18,9.509875135158408e-18,9.509875147267708e-18,9.509875159378247e-18,9.509875171490007e-18,9.509875183602979e-18,9.509875195717144e-18,9.509875207832476e-18,9.509875219949012e-18,9.509875232066704e-18,9.509875244185547e-18,9.509875256305523e-18,9.50987526842663e-18,9.509875280548853e-18,9.509875292672185e-18,9.509875304796595e-18,9.509875316922099e-18,9.50987532904867e-18,9.509875341176291e-18,9.50987535330496e-18,9.509875365434661e-18,9.50987537756539e-18,9.509875389697126e-18,9.509875401829862e-18,9.509875413963595e-18,9.509875426098305e-18,9.50987543823399e-18,9.509875450370635e-18,9.509875462508228e-18,9.509875474646759e-18,9.50987548678622e-18,9.509875498926599e-18,9.509875511067887e-18,9.509875523210067e-18,9.50987553535314e-18,9.509875547497088e-18,9.509875559641907e-18,9.509875571787584e-18,9.509875583934105e-18,9.509875596081452e-18,9.509875608229634e-18,9.509875620378644e-18,9.509875632528467e-18,9.509875644679086e-18,9.5098756568305e-18,9.509875668982692e-18,9.509875681135664e-18,9.509875693289385e-18,9.509875705443877e-18,9.509875717599113e-18,9.509875729755088e-18,9.509875741911796e-18,9.509875754069214e-18,9.50987576622734e-18,9.509875778386172e-18,9.509875790545697e-18,9.509875802705908e-18,9.509875814866789e-18,9.509875827028352e-18,9.509875839190564e-18,9.509875851353425e-18,9.509875863516933e-18,9.50987587568108e-18,9.509875887845853e-18,9.509875900011242e-18,9.509875912177237e-18,9.50987592434384e-18,9.50987593651104e-18,9.509875948678822e-18,9.509875960847188e-18,9.509875973016125e-18,9.509875985185624e-18,9.509875997355684e-18,9.509876009526293e-18,9.509876021697445e-18,9.50987603386912e-18,9.509876046041337e-18,9.50987605821407e-18,9.509876070387311e-18,9.50987608256106e-18,9.509876094735304e-18,9.509876106910041e-18,9.50987611908526e-18,9.509876131260962e-18,9.509876143437125e-18,9.509876155613753e-18,9.509876167790833e-18,9.509876179968376e-18,9.509876192146353e-18,9.509876204324774e-18,9.509876216503624e-18,9.509876228682894e-18,9.509876240862581e-18,9.509876253042683e-18,9.509876265223173e-18,9.509876277404065e-18,9.509876289585355e-18,9.509876301767022e-18,9.509876313949065e-18,9.509876326131492e-18,9.50987633831428e-18,9.509876350497428e-18,9.509876362680926e-18,9.509876374864765e-18,9.509876387048956e-18,9.509876399233481e-18,9.509876411418333e-18,9.509876423603512e-18,9.509876435789005e-18,9.509876447974815e-18,9.509876460160935e-18,9.509876472347353e-18,9.509876484534073e-18,9.509876496721079e-18,9.509876508908366e-18,9.509876521095928e-18,9.509876533283769e-18,9.509876545471872e-18,9.509876557660237e-18,9.509876569848862e-18,9.509876582037737e-18,9.50987659422686e-18,9.509876606416223e-18,9.509876618605834e-18,9.509876630795651e-18,9.509876642985705e-18,9.509876655175983e-18,9.50987666736648e-18,9.509876679557184e-18,9.509876691748096e-18,9.509876703939207e-18,9.50987671613052e-18,9.509876728322017e-18,9.509876740513705e-18,9.50987675270557e-18,9.509876764897625e-18,9.509876777089845e-18,9.509876789282235e-18,9.509876801474779e-18,9.509876813667476e-18,9.509876825860338e-18,9.509876838053342e-18,9.509876850246492e-18,9.509876862439784e-18,9.50987687463321e-18,9.509876886826763e-18,9.50987689902045e-18,9.50987691121425e-18,9.509876923408177e-18,9.509876935602222e-18,9.509876947796366e-18,9.509876959990615e-18,9.509876972184967e-18,9.509876984379424e-18,9.509876996573967e-18,9.509877008768594e-18,9.50987702096331e-18,9.509877033158104e-18,9.509877045352976e-18,9.509877057547928e-18,9.50987706974294e-18,9.509877081938017e-18,9.509877094133161e-18,9.509877106328359e-18,9.509877118523611e-18,9.509877130718918e-18,9.509877142914263e-18,9.509877155109656e-18,9.509877167305084e-18,9.509877179500544e-18,9.509877191696036e-18,9.509877203891554e-18,9.5098772160871e-18,9.509877228282648e-18,9.509877240478228e-18,9.509877252673813e-18,9.509877264869424e-18,9.509877277065033e-18,9.509877289260646e-18,9.509877301456255e-18,9.50987731365187e-18,9.509877325847466e-18,9.509877338043058e-18,9.509877350238627e-18,9.509877362434184e-18,9.509877374629727e-18,9.509877386825241e-18,9.50987739902073e-18,9.509877411216186e-18,9.50987742341161e-18,9.509877435606998e-18,9.509877447802347e-18,9.509877459997657e-18,9.509877472192912e-18,9.509877484388122e-18,9.509877496583279e-18,9.509877508778386e-18,9.509877520973426e-18,9.509877533168421e-18,9.509877545363322e-18,9.509877557558156e-18,9.509877569752936e-18,9.50987758194765e-18,9.509877594142295e-18,9.509877606336861e-18,9.50987761853134e-18,9.50987763072573e-18,9.509877642920013e-18,9.509877655114236e-18,9.509877667308363e-18,9.509877679502392e-18,9.509877691696314e-18,9.509877703890147e-18,9.509877716083873e-18,9.509877728277495e-18,9.509877740470997e-18,9.509877752664404e-18,9.509877764857692e-18,9.509877777050866e-18,9.509877789243929e-18,9.509877801436859e-18,9.50987781362967e-18,9.50987782582236e-18,9.509877838014915e-18,9.509877850207334e-18,9.509877862399634e-18,9.509877874591792e-18,9.50987788678382e-18,9.509877898975707e-18,9.50987791116744e-18,9.509877923359039e-18,9.509877935550482e-18,9.509877947741785e-18,9.509877959932918e-18,9.509877972123916e-18,9.509877984314743e-18,9.509877996505425e-18,9.509878008695938e-18,9.509878020886273e-18,9.509878033076462e-18,9.509878045266488e-18,9.509878057456342e-18,9.50987806964601e-18,9.509878081835517e-18,9.509878094024851e-18,9.50987810621401e-18,9.509878118402978e-18,9.50987813059177e-18,9.50987814278038e-18,9.509878154968804e-18,9.509878167157035e-18,9.509878179345082e-18,9.509878191532938e-18,9.5098782037206e-18,9.509878215908066e-18,9.509878228095332e-18,9.509878240282398e-18,9.509878252469263e-18,9.509878264655927e-18,9.509878276842383e-18,9.509878289028644e-18,9.509878301214687e-18,9.509878313400514e-18,9.509878325586126e-18,9.509878337771525e-18,9.509878349956714e-18,9.509878362141681e-18,9.509878374326433e-18,9.509878386510964e-18,9.50987839869527e-18,9.509878410879355e-18,9.509878423063204e-18,9.509878435246827e-18,9.509878447430224e-18,9.509878459613386e-18,9.509878471796312e-18,9.509878483979013e-18,9.509878496161473e-18,9.509878508343692e-18,9.509878520525667e-18,9.509878532707414e-18,9.509878544888909e-18,9.509878557070163e-18,9.509878569251171e-18,9.509878581431935e-18,9.509878593612447e-18,9.509878605792707e-18,9.509878617972712e-18,9.50987863015247e-18,9.509878642331963e-18,9.509878654511204e-18,9.509878666690193e-18,9.509878678868919e-18,9.509878691047389e-18,9.509878703225592e-18,9.509878715403528e-18,9.509878727581203e-18,9.509878739758608e-18,9.509878751935753e-18,9.509878764112627e-18,9.509878776289232e-18,9.50987878846556e-18,9.50987880064161e-18,9.509878812817394e-18,9.509878824992898e-18,9.509878837168122e-18,9.509878849343072e-18,9.50987886151774e-18,9.509878873692131e-18,9.509878885866235e-18,9.509878898040055e-18,9.509878910213593e-18,9.50987892238684e-18,9.50987893455981e-18,9.509878946732486e-18,9.50987895890487e-18,9.509878971076968e-18,9.50987898324877e-18,9.509878995420291e-18,9.50987900759152e-18,9.509879019762445e-18,9.509879031933062e-18,9.509879044103397e-18,9.509879056273436e-18,9.509879068443167e-18,9.509879080612597e-18,9.509879092781726e-18,9.509879104950546e-18,9.509879117119057e-18,9.509879129287269e-18,9.509879141455165e-18,9.509879153622773e-18,9.509879165790054e-18,9.50987917795703e-18,9.509879190123693e-18,9.509879202290047e-18,9.509879214456082e-18,9.509879226621807e-18,9.50987923878722e-18,9.509879250952308e-18,9.50987926311709e-18,9.509879275281547e-18,9.509879287445687e-18,9.509879299609504e-18,9.509879311772995e-18,9.50987932393617e-18,9.509879336099025e-18,9.509879348261553e-18,9.509879360423758e-18,9.509879372585626e-18,9.509879384747182e-18,9.509879396908408e-18,9.509879409069303e-18,9.50987942122987e-18,9.509879433390106e-18,9.509879445550014e-18,9.50987945770959e-18,9.509879469868834e-18,9.509879482027745e-18,9.509879494186316e-18,9.509879506344575e-18,9.509879518502476e-18,9.509879530660043e-18,9.509879542817269e-18,9.509879554974155e-18,9.509879567130703e-18,9.509879579286911e-18,9.509879591442781e-18,9.509879603598304e-18,9.509879615753488e-18,9.509879627908328e-18,9.509879640062827e-18,9.509879652216975e-18,9.509879664370783e-18,9.50987967652424e-18,9.509879688677354e-18,9.509879700830114e-18,9.50987971298253e-18,9.509879725134597e-18,9.509879737286309e-18,9.509879749437675e-18,9.509879761588685e-18,9.509879773739345e-18,9.509879785889651e-18,9.509879798039599e-18,9.509879810189196e-18,9.509879822338435e-18,9.509879834487321e-18,9.509879846635856e-18,9.509879858784024e-18,9.509879870931843e-18,9.509879883079296e-18,9.509879895226394e-18,9.509879907373134e-18,9.50987991951951e-18,9.509879931665526e-18,9.509879943811183e-18,9.509879955956479e-18,9.509879968101412e-18,9.50987998024598e-18,9.509879992390182e-18,9.509880004534024e-18,9.509880016677504e-18,9.50988002882062e-18,9.509880040963362e-18,9.509880053105737e-18,9.509880065247748e-18,9.509880077389382e-18,9.509880089530651e-18,9.509880101671553e-18,9.509880113812084e-18,9.509880125952242e-18,9.509880138092028e-18,9.509880150231439e-18,9.509880162370486e-18,9.509880174509156e-18,9.509880186647448e-18,9.509880198785366e-18,9.509880210922914e-18,9.509880223060089e-18,9.509880235196886e-18,9.509880247333312e-18,9.509880259469358e-18,9.509880271605022e-18,9.509880283740319e-18,9.509880295875234e-18,9.509880308009766e-18,9.50988032014392e-18,9.509880332277695e-18,9.509880344411092e-18,9.509880356544108e-18,9.509880368676738e-18,9.509880380808995e-18,9.50988039294087e-18,9.509880405072361e-18,9.509880417203481e-18,9.509880429334202e-18,9.509880441464544e-18,9.509880453594512e-18,9.509880465724082e-18,9.509880477853274e-18,9.509880489982074e-18,9.509880502110491e-18,9.50988051423852e-18,9.509880526366167e-18,9.509880538493426e-18,9.5098805506203e-18,9.50988056274678e-18,9.509880574872872e-18,9.509880586998577e-18,9.509880599123895e-18,9.509880611248824e-18,9.50988062337336e-18,9.509880635497509e-18,9.509880647621267e-18,9.509880659744625e-18,9.509880671867603e-18,9.509880683990186e-18,9.509880696112373e-18,9.509880708234173e-18,9.509880720355578e-18,9.509880732476591e-18,9.50988074459721e-18,9.509880756717434e-18,9.509880768837267e-18,9.509880780956703e-18,9.509880793075747e-18,9.509880805194391e-18,9.509880817312646e-18,9.509880829430503e-18,9.509880841547971e-18,9.509880853665035e-18,9.509880865781696e-18,9.509880877897957e-18,9.509880890013832e-18,9.509880902129302e-18,9.509880914244372e-18,9.509880926359054e-18,9.50988093847333e-18,9.5098809505872e-18,9.509880962700676e-18,9.509880974813755e-18,9.509880986926426e-18,9.509880999038704e-18,9.509881011150579e-18,9.509881023262056e-18,9.509881035373128e-18,9.509881047483805e-18,9.509881059594072e-18,9.509881071703941e-18,9.509881083813412e-18,9.509881095922473e-18,9.509881108031132e-18,9.509881120139389e-18,9.509881132247248e-18,9.509881144354699e-18,9.50988115646174e-18,9.509881168568389e-18,9.509881180674621e-18,9.50988119278045e-18,9.50988120488588e-18,9.5098812169909e-18,9.509881229095517e-18,9.509881241199727e-18,9.50988125330353e-18,9.50988126540693e-18,9.509881277509924e-18,9.509881289612506e-18,9.509881301714685e-18,9.509881313816454e-18,9.50988132591782e-18,9.509881338018782e-18,9.509881350119326e-18,9.509881362219461e-18,9.509881374319193e-18,9.50988138641852e-18,9.509881398517437e-18,9.509881410615942e-18,9.509881422714044e-18,9.509881434811733e-18,9.509881446909015e-18,9.509881459005887e-18,9.509881471102327e-18,9.509881483198378e-18,9.509881495294014e-18,9.509881507389244e-18,9.50988151948406e-18,9.50988153157847e-18,9.50988154367248e-18,9.509881555766059e-18,9.509881567859229e-18,9.509881579951984e-18,9.509881592044333e-18,9.509881604136272e-18,9.509881616227796e-18,9.509881628318905e-18,9.509881640409599e-18,9.509881652499858e-18,9.509881664589735e-18,9.509881676679192e-18,9.50988168876824e-18,9.509881700856876e-18,9.509881712945092e-18,9.509881725032886e-18,9.509881737120277e-18,9.509881749207238e-18,9.5098817612938e-18,9.509881773379931e-18,9.50988178546567e-18,9.509881797550988e-18,9.509881809635886e-18,9.509881821720378e-18,9.509881833804453e-18,9.509881845888095e-18,9.509881857971338e-18,9.509881870054173e-18,9.509881882136588e-18,9.509881894218583e-18,9.509881906300166e-18,9.509881918381332e-18,9.509881930462088e-18,9.509881942542424e-18,9.509881954622348e-18,9.509881966701844e-18,9.509881978780933e-18,9.509881990859598e-18,9.509882002937844e-18,9.509882015015675e-18,9.509882027093086e-18,9.509882039170089e-18,9.509882051246666e-18,9.50988206332283e-18,9.50988207539857e-18,9.509882087473894e-18,9.509882099548804e-18,9.509882111623291e-18,9.509882123697364e-18,9.509882135771017e-18,9.509882147844254e-18,9.509882159917065e-18,9.50988217198946e-18,9.50988218406144e-18,9.509882196132995e-18,9.509882208204125e-18,9.509882220274854e-18,9.509882232345158e-18,9.509882244415042e-18,9.509882256484503e-18,9.50988226855356e-18,9.509882280622191e-18,9.509882292690395e-18,9.509882304758176e-18,9.509882316825542e-18,9.509882328892488e-18,9.50988234095901e-18,9.509882353025097e-18,9.509882365090782e-18,9.509882377156049e-18,9.509882389220886e-18,9.509882401285315e-18,9.509882413349319e-18,9.509882425412906e-18,9.509882437476065e-18,9.509882449538803e-18,9.509882461601124e-18,9.509882473663026e-18,9.509882485724507e-18,9.50988249778557e-18,9.509882509846211e-18,9.509882521906426e-18,9.509882533966219e-18,9.509882546025592e-18,9.509882558084549e-18,9.509882570143081e-18,9.509882582201196e-18,9.509882594258889e-18,9.509882606316133e-18,9.509882618372961e-18,9.509882630429377e-18,9.509882642485381e-18,9.509882654540958e-18,9.50988266659612e-18,9.509882678650829e-18,9.50988269070514e-18,9.509882702759042e-18,9.509882714812514e-18,9.509882726865564e-18,9.50988273891819e-18,9.5098827509704e-18,9.509882763022189e-18,9.509882775073536e-18,9.509882787124473e-18,9.509882799174995e-18,9.509882811225084e-18,9.509882823274756e-18,9.509882835324e-18,9.50988284737282e-18,9.509882859421225e-18,9.5098828714692e-18,9.50988288351676e-18,9.509882895563895e-18,9.509882907610609e-18,9.509882919656889e-18,9.509882931702758e-18,9.5098829437482e-18,9.509882955793217e-18,9.509882967837831e-18,9.509882979882013e-18,9.509882991925756e-18,9.509883003969092e-18,9.509883016011985e-18,9.509883028054468e-18,9.509883040096524e-18,9.509883052138157e-18,9.509883064179358e-18,9.50988307622015e-18,9.50988308826049e-18,9.509883100300427e-18,9.509883112339942e-18,9.509883124379038e-18,9.509883136417705e-18,9.509883148455958e-18,9.509883160493799e-18,9.5098831725312e-18,9.50988318456817e-18,9.509883196604712e-18,9.509883208640845e-18,9.509883220676562e-18,9.50988323271184e-18,9.509883244746718e-18,9.509883256781154e-18,9.509883268815163e-18,9.509883280848752e-18,9.509883292881913e-18,9.509883304914649e-18,9.509883316946969e-18,9.509883328978862e-18,9.50988334101033e-18,9.50988335304137e-18,9.509883365071994e-18,9.50988337710219e-18,9.509883389131955e-18,9.509883401161308e-18,9.509883413190236e-18,9.509883425218733e-18,9.509883437246812e-18,9.509883449274467e-18,9.509883461301701e-18,9.509883473328505e-18,9.509883485354885e-18,9.509883497380846e-18,9.50988350940638e-18,9.509883521431497e-18,9.509883533456169e-18,9.509883545480438e-18,9.509883557504284e-18,9.509883569527698e-18,9.509883581550689e-18,9.509883593573259e-18,9.509883605595402e-18,9.509883617617123e-18,9.50988362963842e-18,9.509883641659298e-18,9.509883653679743e-18,9.509883665699773e-18,9.509883677719373e-18,9.50988368973855e-18,9.5098837017573e-18,9.509883713775634e-18,9.50988372579354e-18,9.509883737811025e-18,9.509883749828087e-18,9.50988376184472e-18,9.50988377386093e-18,9.509883785876713e-18,9.509883797892077e-18,9.509883809907024e-18,9.509883821921537e-18,9.509883833935633e-18,9.509883845949303e-18,9.509883857962546e-18,9.509883869975367e-18,9.509883881987765e-18,9.509883893999747e-18,9.509883906011291e-18,9.509883918022417e-18,9.509883930033117e-18,9.509883942043396e-18,9.509883954053253e-18,9.509883966062682e-18,9.509883978071692e-18,9.509883990080277e-18,9.509884002088442e-18,9.509884014096178e-18,9.509884026103496e-18,9.509884038110384e-18,9.50988405011686e-18,9.509884062122905e-18,9.509884074128527e-18,9.509884086133728e-18,9.5098840981385e-18,9.50988411014285e-18,9.509884122146781e-18,9.509884134150284e-18,9.50988414615337e-18,9.509884158156026e-18,9.50988417015826e-18,9.509884182160075e-18,9.509884194161466e-18,9.509884206162426e-18,9.509884218162974e-18,9.509884230163093e-18,9.509884242162791e-18,9.50988425416207e-18,9.509884266160914e-18,9.509884278159346e-18,9.509884290157347e-18,9.509884302154931e-18,9.509884314152094e-18,9.509884326148829e-18,9.509884338145138e-18,9.50988435014104e-18,9.509884362136508e-18,9.509884374131554e-18,9.509884386126168e-18,9.509884398120367e-18,9.509884410114157e-18,9.50988442210752e-18,9.509884434100458e-18,9.509884446092971e-18,9.509884458085065e-18,9.509884470076729e-18,9.509884482067965e-18,9.509884494058788e-18,9.509884506049185e-18,9.509884518039155e-18,9.509884530028713e-18,9.509884542017839e-18,9.509884554006543e-18,9.509884565994833e-18,9.509884577982701e-18,9.509884589970139e-18,9.509884601957164e-18,9.509884613943764e-18,9.509884625929943e-18,9.50988463791569e-18,9.50988464990102e-18,9.50988466188593e-18,9.50988467387042e-18,9.509884685854483e-18,9.50988469783813e-18,9.509884709821353e-18,9.509884721804142e-18,9.509884733786517e-18,9.509884745768476e-18,9.509884757750004e-18,9.509884769731124e-18,9.509884781711812e-18,9.509884793692078e-18,9.509884805671926e-18,9.509884817651352e-18,9.509884829630358e-18,9.509884841608936e-18,9.509884853587108e-18,9.509884865564845e-18,9.50988487754216e-18,9.509884889519058e-18,9.509884901495534e-18,9.50988491347159e-18,9.509884925447221e-18,9.50988493742244e-18,9.509884949397226e-18,9.509884961371583e-18,9.509884973345533e-18,9.509884985319063e-18,9.509884997292173e-18,9.509885009264859e-18,9.509885021237125e-18,9.509885033208977e-18,9.509885045180405e-18,9.509885057151418e-18,9.509885069122e-18,9.50988508109217e-18,9.509885093061913e-18,9.509885105031234e-18,9.509885117000144e-18,9.50988512896863e-18,9.509885140936694e-18,9.509885152904341e-18,9.50988516487156e-18,9.509885176838359e-18,9.509885188804741e-18,9.509885200770707e-18,9.509885212736245e-18,9.509885224701364e-18,9.509885236666063e-18,9.50988524863035e-18,9.509885260594208e-18,9.509885272557649e-18,9.509885284520666e-18,9.509885296483276e-18,9.509885308445454e-18,9.509885320407212e-18,9.509885332368559e-18,9.509885344329478e-18,9.509885356289983e-18,9.50988536825007e-18,9.509885380209733e-18,9.509885392168975e-18,9.509885404127803e-18,9.509885416086208e-18,9.509885428044195e-18,9.509885440001764e-18,9.509885451958911e-18,9.50988546391564e-18,9.509885475871953e-18,9.509885487827845e-18,9.509885499783314e-18,9.509885511738366e-18,9.50988552369301e-18,9.509885535647224e-18,9.509885547601028e-18,9.50988555955441e-18,9.509885571507371e-18,9.509885583459914e-18,9.509885595412042e-18,9.509885607363743e-18,9.509885619315025e-18,9.5098856312659e-18,9.509885643216358e-18,9.509885655166392e-18,9.509885667116005e-18,9.509885679065208e-18,9.50988569101399e-18,9.50988570296235e-18,9.509885714910297e-18,9.509885726857825e-18,9.509885738804938e-18,9.509885750751628e-18,9.509885762697904e-18,9.509885774643764e-18,9.509885786589203e-18,9.509885798534221e-18,9.509885810478831e-18,9.509885822423017e-18,9.509885834366787e-18,9.509885846310143e-18,9.509885858253078e-18,9.509885870195595e-18,9.509885882137702e-18,9.509885894079382e-18,9.509885906020655e-18,9.509885917961502e-18,9.509885929901943e-18,9.509885941841961e-18,9.50988595378156e-18,9.509885965720745e-18,9.509885977659511e-18,9.509885989597861e-18,9.509886001535795e-18,9.509886013473314e-18,9.509886025410419e-18,9.509886037347102e-18,9.509886049283374e-18,9.509886061219237e-18,9.509886073154677e-18,9.509886085089697e-18,9.509886097024304e-18,9.509886108958494e-18,9.509886120892268e-18,9.509886132825622e-18,9.509886144758569e-18,9.50988615669108e-18,9.509886168623192e-18,9.50988618055489e-18,9.509886192486168e-18,9.509886204417019e-18,9.509886216347476e-18,9.50988622827751e-18,9.509886240207127e-18,9.509886252136342e-18,9.509886264065125e-18,9.509886275993501e-18,9.509886287921454e-18,9.509886299848996e-18,9.509886311776129e-18,9.509886323702837e-18,9.509886335629138e-18,9.509886347555021e-18,9.509886359480481e-18,9.509886371405535e-18,9.509886383330176e-18,9.509886395254411e-18,9.509886407178215e-18,9.50988641910161e-18,9.509886431024588e-18,9.509886442947164e-18,9.509886454869314e-18,9.509886466791056e-18,9.509886478712385e-18,9.509886490633288e-18,9.50988650255379e-18,9.509886514473869e-18,9.509886526393533e-18,9.509886538312786e-18,9.509886550231635e-18,9.509886562150069e-18,9.509886574068084e-18,9.509886585985688e-18,9.509886597902874e-18,9.50988660981965e-18,9.509886621736006e-18,9.509886633651953e-18,9.509886645567486e-18,9.509886657482609e-18,9.50988666939732e-18,9.509886681311618e-18,9.509886693225498e-18,9.509886705138965e-18,9.509886717052023e-18,9.509886728964667e-18,9.5098867408769e-18,9.509886752788715e-18,9.509886764700121e-18,9.509886776611114e-18,9.509886788521695e-18,9.509886800431867e-18,9.509886812341622e-18,9.509886824250965e-18,9.5098868361599e-18,9.509886848068423e-18,9.509886859976534e-18,9.509886871884232e-18,9.50988688379152e-18,9.509886895698391e-18,9.509886907604855e-18,9.509886919510902e-18,9.50988693141654e-18,9.50988694332176e-18,9.509886955226579e-18,9.509886967130982e-18,9.509886979034976e-18,9.509886990938553e-18,9.509887002841721e-18,9.509887014744478e-18,9.509887026646825e-18,9.509887038548758e-18,9.509887050450281e-18,9.509887062351397e-18,9.509887074252102e-18,9.509887086152398e-18,9.509887098052279e-18,9.509887109951748e-18,9.509887121850807e-18,9.509887133749477e-18,9.509887145647715e-18,9.50988715754554e-18,9.509887169442957e-18,9.509887181339964e-18,9.509887193236562e-18,9.509887205132754e-18,9.509887217028527e-18,9.509887228923898e-18,9.509887240818856e-18,9.5098872527134e-18,9.509887264607534e-18,9.509887276501268e-18,9.509887288394587e-18,9.5098873002875e-18,9.509887312179996e-18,9.509887324072088e-18,9.509887335963773e-18,9.509887347855041e-18,9.509887359745911e-18,9.509887371636359e-18,9.509887383526402e-18,9.509887395416041e-18,9.509887407305269e-18,9.509887419194087e-18,9.509887431082495e-18,9.509887442970493e-18,9.50988745485808e-18,9.50988746674526e-18,9.509887478632007e-18,9.509887490518372e-18,9.509887502404338e-18,9.50988751428989e-18,9.509887526175036e-18,9.50988753805977e-18,9.509887549944101e-18,9.509887561828022e-18,9.509887573711565e-18,9.509887585594656e-18,9.50988759747735e-18,9.509887609359616e-18,9.509887621241487e-18,9.509887633122958e-18,9.50988764500402e-18,9.509887656884668e-18,9.509887668764931e-18,9.509887680644742e-18,9.509887692524178e-18,9.509887704403205e-18,9.509887716281825e-18,9.509887728160025e-18,9.509887740037822e-18,9.509887751915216e-18,9.5098877637922e-18,9.509887775668777e-18,9.50988778754496e-18,9.509887799420723e-18,9.509887811296048e-18,9.509887823170998e-18,9.509887835045543e-18,9.509887846919687e-18,9.50988785879343e-18,9.509887870666759e-18,9.509887882539673e-18,9.509887894412194e-18,9.509887906284294e-18,9.509887918155993e-18,9.509887930027288e-18,9.50988794189818e-18,9.509887953768657e-18,9.509887965638741e-18,9.509887977508411e-18,9.509887989377675e-18,9.509888001246528e-18,9.509888013114995e-18,9.509888024983053e-18,9.509888036850707e-18,9.509888048717959e-18,9.509888060584803e-18,9.509888072451249e-18,9.509888084317278e-18,9.509888096182901e-18,9.509888108048117e-18,9.509888119912922e-18,9.509888131777341e-18,9.509888143641337e-18,9.50988815550493e-18,9.509888167368118e-18,9.509888179230902e-18,9.509888191093299e-18,9.509888202955277e-18,9.50988821481685e-18,9.50988822667802e-18,9.50988823853878e-18,9.509888250399143e-18,9.509888262259098e-18,9.509888274118648e-18,9.509888285977794e-18,9.509888297836541e-18,9.50988830969488e-18,9.509888321552818e-18,9.509888333410345e-18,9.509888345267473e-18,9.509888357124199e-18,9.509888368980526e-18,9.509888380836443e-18,9.50988839269196e-18,9.509888404547075e-18,9.509888416401779e-18,9.50988842825609e-18,9.509888440109989e-18,9.509888451963487e-18,9.509888463816581e-18,9.509888475669275e-18,9.509888487521565e-18,9.509888499373454e-18,9.50988851122493e-18,9.509888523076014e-18,9.509888534926685e-18,9.509888546776961e-18,9.509888558626837e-18,9.509888570476313e-18,9.509888582325395e-18,9.509888594174062e-18,9.509888606022332e-18,9.50988861787019e-18,9.50988862971766e-18,9.509888641564714e-18,9.509888653411376e-18,9.509888665257646e-18,9.5098886771035e-18,9.509888688948957e-18,9.509888700794029e-18,9.50988871263867e-18,9.509888724482916e-18,9.509888736326767e-18,9.50988874817021e-18,9.509888760013257e-18,9.509888771855947e-18,9.509888783698193e-18,9.509888795540037e-18,9.509888807381475e-18,9.50988881922251e-18,9.509888831063141e-18,9.509888842903389e-18,9.509888854743225e-18,9.50988886658267e-18,9.509888878421712e-18,9.50988889026035e-18,9.509888902098582e-18,9.50988891393642e-18,9.509888925773862e-18,9.509888937610895e-18,9.509888949447534e-18,9.509888961283767e-18,9.509888973119609e-18,9.509888984955045e-18,9.50988899679008e-18,9.509889008624721e-18,9.509889020458956e-18,9.509889032292794e-18,9.509889044126226e-18,9.509889055959255e-18,9.509889067791894e-18,9.509889079624128e-18,9.509889091455988e-18,9.509889103287432e-18,9.509889115118478e-18,9.509889126949122e-18,9.509889138779364e-18,9.509889150609194e-18,9.509889162438646e-18,9.509889174267701e-18,9.50988918609635e-18,9.5098891979246e-18,9.509889209752449e-18,9.509889221579896e-18,9.509889233406949e-18,9.509889245233605e-18,9.509889257059846e-18,9.509889268885706e-18,9.509889280711173e-18,9.50988929253623e-18,9.509889304360901e-18,9.509889316185171e-18,9.509889328009048e-18,9.50988933983252e-18,9.509889351655591e-18,9.509889363478262e-18,9.509889375300535e-18,9.50988938712241e-18,9.5098893989439e-18,9.509889410764985e-18,9.509889422585675e-18,9.509889434405962e-18,9.509889446225902e-18,9.509889458045398e-18,9.509889469864501e-18,9.509889481683195e-18,9.509889493501509e-18,9.509889505319419e-18,9.509889517136926e-18,9.509889528954046e-18,9.509889540770751e-18,9.509889552587075e-18,9.509889564403e-18,9.50988957621853e-18,9.509889588033666e-18,9.50988959984841e-18,9.509889611662754e-18,9.509889623476698e-18,9.509889635290254e-18,9.509889647103406e-18,9.509889658916168e-18,9.509889670728533e-18,9.509889682540499e-18,9.509889694352067e-18,9.50988970616325e-18,9.509889717974027e-18,9.509889729784403e-18,9.509889741594369e-18,9.509889753403963e-18,9.509889765213162e-18,9.509889777021972e-18,9.509889788830384e-18,9.509889800638444e-18,9.509889812446063e-18,9.50988982425329e-18,9.509889836060114e-18,9.509889847866545e-18,9.509889859672579e-18,9.50988987147823e-18,9.509889883283485e-18,9.509889895088335e-18,9.509889906892794e-18,9.509889918696857e-18,9.509889930500529e-18,9.509889942303808e-18,9.50988995410669e-18,9.509889965909173e-18,9.50988997771126e-18,9.509889989512956e-18,9.509890001314272e-18,9.509890013115192e-18,9.509890024915716e-18,9.50989003671584e-18,9.509890048515575e-18,9.509890060314914e-18,9.509890072113859e-18,9.509890083912416e-18,9.50989009571058e-18,9.509890107508342e-18,9.509890119305717e-18,9.509890131102684e-18,9.509890142899271e-18,9.509890154695473e-18,9.509890166491264e-18,9.509890178286673e-18,9.509890190081689e-18,9.509890201876312e-18,9.509890213670539e-18,9.509890225464378e-18,9.509890237257827e-18,9.509890249050903e-18,9.509890260843558e-18,9.50989027263583e-18,9.509890284427698e-18,9.50989029621919e-18,9.509890308010287e-18,9.509890319800989e-18,9.509890331591284e-18,9.509890343381201e-18,9.509890355170692e-18,9.50989036695983e-18,9.509890378748572e-18,9.509890390536912e-18,9.509890402324865e-18,9.509890414112433e-18,9.509890425899611e-18,9.509890437686396e-18,9.509890449472789e-18,9.509890461258788e-18,9.509890473044402e-18,9.50989048482962e-18,9.509890496614448e-18,9.509890508398891e-18,9.509890520182944e-18,9.509890531966597e-18,9.50989054374986e-18,9.50989055553274e-18,9.509890567315228e-18,9.509890579097325e-18,9.509890590879027e-18,9.509890602660341e-18,9.50989061444127e-18,9.509890626221803e-18,9.509890638001965e-18,9.509890649781715e-18,9.50989066156108e-18,9.509890673340055e-18,9.509890685118637e-18,9.509890696896828e-18,9.509890708674639e-18,9.509890720452052e-18,9.509890732229081e-18,9.509890744005719e-18,9.509890755781973e-18,9.509890767557851e-18,9.509890779333324e-18,9.509890791108405e-18,9.509890802883093e-18,9.509890814657391e-18,9.509890826431306e-18,9.509890838204835e-18,9.509890849977972e-18,9.509890861750725e-18,9.509890873523062e-18,9.50989088529503e-18,9.509890897066605e-18,9.509890908837803e-18,9.509890920608603e-18,9.509890932379044e-18,9.509890944149058e-18,9.509890955918696e-18,9.509890967687946e-18,9.509890979456807e-18,9.509890991225282e-18,9.509891002993367e-18,9.509891014761072e-18,9.50989102652838e-18,9.509891038295304e-18,9.509891050061831e-18,9.509891061827984e-18,9.509891073593748e-18,9.50989108535912e-18,9.509891097124124e-18,9.509891108888725e-18,9.509891120652937e-18,9.509891132416757e-18,9.5098911441802e-18,9.509891155943257e-18,9.509891167705917e-18,9.50989117946819e-18,9.509891191230102e-18,9.509891202991637e-18,9.50989121475276e-18,9.509891226513464e-18,9.509891238273816e-18,9.509891250033752e-18,9.509891261793339e-18,9.509891273552523e-18,9.509891285311324e-18,9.509891297069738e-18,9.509891308827762e-18,9.509891320585401e-18,9.509891332342655e-18,9.509891344099553e-18,9.509891355856031e-18,9.509891367612125e-18,9.509891379367832e-18,9.509891391123161e-18,9.509891402878102e-18,9.509891414632657e-18,9.50989142638682e-18,9.509891438140604e-18,9.509891449893997e-18,9.509891461647007e-18,9.509891473399628e-18,9.509891485151873e-18,9.509891496903726e-18,9.509891508655193e-18,9.509891520406286e-18,9.509891532156979e-18,9.509891543907295e-18,9.509891555657222e-18,9.509891567406765e-18,9.509891579155925e-18,9.509891590904702e-18,9.509891602653102e-18,9.509891614401107e-18,9.509891626148731e-18,9.509891637895975e-18,9.509891649642799e-18,9.509891661389243e-18,9.509891673135342e-18,9.509891684881017e-18,9.509891696626333e-18,9.50989170837127e-18,9.509891720115825e-18,9.509891731860006e-18,9.50989174360379e-18,9.509891755347192e-18,9.509891767090209e-18,9.50989177883285e-18,9.5098917905751e-18,9.509891802316984e-18,9.509891814058479e-18,9.509891825799582e-18,9.509891837540312e-18,9.509891849280656e-18,9.509891861020616e-18,9.509891872760223e-18,9.509891884499413e-18,9.50989189623822e-18,9.509891907976617e-18,9.50989191971465e-18,9.509891931452306e-18,9.509891943189582e-18,9.50989195492648e-18,9.509891966662992e-18,9.50989197839912e-18,9.509891990134872e-18,9.509892001870233e-18,9.509892013605222e-18,9.50989202533982e-18,9.509892037074039e-18,9.509892048807876e-18,9.509892060541329e-18,9.50989207227441e-18,9.509892084007095e-18,9.509892095739406e-18,9.509892107471356e-18,9.509892119202907e-18,9.50989213093408e-18,9.509892142664877e-18,9.509892154395288e-18,9.509892166125344e-18,9.50989217785499e-18,9.509892189584256e-18,9.509892201313123e-18,9.509892213041626e-18,9.50989222476975e-18,9.50989223649747e-18,9.509892248224823e-18,9.509892259951816e-18,9.50989227167842e-18,9.509892283404631e-18,9.50989229513047e-18,9.50989230685593e-18,9.509892318581028e-18,9.509892330305735e-18,9.509892342030059e-18,9.509892353754002e-18,9.509892365477556e-18,9.509892377200747e-18,9.509892388923542e-18,9.509892400645949e-18,9.50989241236798e-18,9.509892424089646e-18,9.50989243581092e-18,9.509892447531815e-18,9.509892459252342e-18,9.509892470972481e-18,9.50989248269224e-18,9.509892494411636e-18,9.509892506130633e-18,9.509892517849259e-18,9.509892529567489e-18,9.509892541285352e-18,9.509892553002854e-18,9.509892564719966e-18,9.509892576436698e-18,9.509892588153042e-18,9.509892599869016e-18,9.509892611584608e-18,9.509892623299827e-18,9.509892635014661e-18,9.509892646729129e-18,9.509892658443214e-18,9.509892670156914e-18,9.509892681870241e-18,9.509892693583205e-18,9.509892705295778e-18,9.509892717007973e-18,9.509892728719784e-18,9.509892740431201e-18,9.509892752142259e-18,9.50989276385295e-18,9.509892775563251e-18,9.509892787273191e-18,9.509892798982733e-18,9.509892810691897e-18,9.509892822400698e-18,9.509892834109115e-18,9.509892845817162e-18,9.509892857524828e-18,9.509892869232119e-18,9.509892880939027e-18,9.50989289264556e-18,9.509892904351721e-18,9.509892916057514e-18,9.509892927762917e-18,9.509892939467907e-18,9.509892951172563e-18,9.509892962876854e-18,9.509892974580758e-18,9.509892986284286e-18,9.509892997987435e-18,9.509893009690208e-18,9.5098930213926e-18,9.50989303309462e-18,9.509893044796261e-18,9.509893056497529e-18,9.509893068198425e-18,9.509893079898947e-18,9.50989309159909e-18,9.509893103298854e-18,9.509893114998224e-18,9.50989312669723e-18,9.509893138395866e-18,9.50989315009412e-18,9.50989316179204e-18,9.509893173489545e-18,9.509893185186685e-18,9.509893196883443e-18,9.509893208579832e-18,9.509893220275833e-18,9.509893231971476e-18,9.50989324366673e-18,9.509893255361582e-18,9.509893267056089e-18,9.509893278750226e-18,9.509893290443981e-18,9.509893302137371e-18,9.509893313830385e-18,9.509893325523022e-18,9.5098933372153e-18,9.509893348907189e-18,9.509893360598714e-18,9.509893372289878e-18,9.509893383980644e-18,9.50989339567104e-18,9.50989340736106e-18,9.509893419050707e-18,9.509893430739978e-18,9.509893442428874e-18,9.509893454117403e-18,9.509893465805551e-18,9.509893477493331e-18,9.509893489180732e-18,9.509893500867773e-18,9.509893512554428e-18,9.50989352424071e-18,9.509893535926625e-18,9.509893547612171e-18,9.509893559297344e-18,9.50989357098214e-18,9.509893582666565e-18,9.509893594350635e-18,9.509893606034305e-18,9.509893617717619e-18,9.50989362940055e-18,9.509893641083114e-18,9.509893652765307e-18,9.50989366444712e-18,9.509893676128564e-18,9.509893687809628e-18,9.509893699490332e-18,9.509893711170661e-18,9.509893722850619e-18,9.509893734530185e-18,9.509893746209392e-18,9.509893757888227e-18,9.509893769566693e-18,9.509893781244785e-18,9.509893792922506e-18,9.509893804599847e-18,9.509893816276827e-18,9.509893827953434e-18,9.50989383962967e-18,9.509893851305535e-18,9.509893862981018e-18,9.509893874656141e-18,9.509893886330894e-18,9.509893898005277e-18,9.509893909679272e-18,9.509893921352909e-18,9.509893933026156e-18,9.509893944699033e-18,9.509893956371557e-18,9.50989396804371e-18,9.509893979715495e-18,9.509893991386907e-18,9.509894003057984e-18,9.509894014728653e-18,9.509894026398958e-18,9.509894038068893e-18,9.509894049738452e-18,9.509894061407645e-18,9.509894073076463e-18,9.509894084744916e-18,9.509894096412996e-18,9.509894108080694e-18,9.509894119748038e-18,9.50989413141501e-18,9.509894143081615e-18,9.509894154747849e-18,9.509894166413714e-18,9.509894178079208e-18,9.509894189744332e-18,9.509894201409087e-18,9.509894213073477e-18,9.509894224737497e-18,9.509894236401126e-18,9.509894248064404e-18,9.509894259727318e-18,9.509894271389858e-18,9.509894283052026e-18,9.509894294713831e-18,9.509894306375269e-18,9.509894318036345e-18,9.509894329697046e-18,9.509894341357375e-18,9.50989435301734e-18,9.509894364676935e-18,9.509894376336167e-18,9.509894387995017e-18,9.50989439965351e-18,9.509894411311626e-18,9.509894422969384e-18,9.509894434626763e-18,9.509894446283781e-18,9.50989445794043e-18,9.509894469596712e-18,9.509894481252626e-18,9.509894492908174e-18,9.509894504563353e-18,9.509894516218161e-18,9.509894527872608e-18,9.509894539526685e-18,9.509894551180394e-18,9.509894562833737e-18,9.509894574486705e-18,9.509894586139312e-18,9.509894597791554e-18,9.509894609443427e-18,9.509894621094937e-18,9.509894632746077e-18,9.509894644396854e-18,9.50989465604726e-18,9.50989466769731e-18,9.509894679346985e-18,9.509894690996301e-18,9.509894702645243e-18,9.509894714293862e-18,9.50989472594208e-18,9.509894737589922e-18,9.509894749237393e-18,9.50989476088451e-18,9.509894772531272e-18,9.509894784177648e-18,9.509894795823658e-18,9.509894807469307e-18,9.509894819114592e-18,9.509894830759502e-18,9.50989484240407e-18,9.509894854048251e-18,9.509894865692078e-18,9.509894877335525e-18,9.509894888978616e-18,9.509894900621348e-18,9.509894912263705e-18,9.509894923905691e-18,9.509894935547321e-18,9.509894947188585e-18,9.509894958829473e-18,9.509894970470004e-18,9.509894982110172e-18,9.509894993749967e-18,9.509895005389388e-18,9.509895017028464e-18,9.509895028667151e-18,9.50989504030549e-18,9.509895051943489e-18,9.509895063581103e-18,9.509895075218357e-18,9.509895086855245e-18,9.509895098491758e-18,9.509895110127922e-18,9.50989512176372e-18,9.509895133399148e-18,9.509895145034219e-18,9.509895156668924e-18,9.509895168303272e-18,9.509895179937248e-18,9.50989519157086e-18,9.509895203204118e-18,9.509895214837006e-18,9.509895226469523e-18,9.509895238101684e-18,9.509895249733482e-18,9.509895261364911e-18,9.509895272995986e-18,9.509895284626689e-18,9.509895296257021e-18,9.509895307887051e-18,9.509895319516663e-18,9.509895331145915e-18,9.509895342774805e-18,9.50989535440333e-18,9.509895366031497e-18,9.509895377659296e-18,9.509895389286736e-18,9.509895400913809e-18,9.509895412540526e-18,9.509895424166877e-18,9.50989543579287e-18,9.509895447418505e-18,9.509895459043774e-18,9.509895470668674e-18,9.509895482293213e-18,9.509895493917393e-18,9.509895505541212e-18,9.509895517164668e-18,9.509895528787766e-18,9.509895540410499e-18,9.50989555203287e-18,9.509895563654879e-18,9.50989557527653e-18,9.509895586897821e-18,9.50989559851874e-18,9.509895610139306e-18,9.509895621759509e-18,9.509895633379357e-18,9.509895644998847e-18,9.509895656617967e-18,9.50989566823673e-18,9.509895679855128e-18,9.509895691473168e-18,9.509895703090838e-18,9.509895714708188e-18,9.50989572632515e-18,9.509895737941744e-18,9.50989574955798e-18,9.509895761173863e-18,9.50989577278938e-18,9.509895784404531e-18,9.509895796019322e-18,9.509895807633765e-18,9.509895819247835e-18,9.509895830861551e-18,9.509895842474903e-18,9.509895854087898e-18,9.509895865700533e-18,9.509895877312806e-18,9.509895888924719e-18,9.509895900536286e-18,9.509895912147479e-18,9.509895923758319e-18,9.509895935368792e-18,9.509895946978905e-18,9.509895958588646e-18,9.509895970198045e-18,9.509895981807084e-18,9.509895993415764e-18,9.50989600502409e-18,9.509896016632048e-18,9.509896028239648e-18,9.509896039846875e-18,9.509896051453762e-18,9.509896063060281e-18,9.50989607466645e-18,9.509896086272258e-18,9.509896097877727e-18,9.509896109482829e-18,9.509896121087565e-18,9.50989613269194e-18,9.509896144295943e-18,9.509896155899603e-18,9.509896167502905e-18,9.509896179105837e-18,9.509896190708424e-18,9.509896202310652e-18,9.509896213912525e-18,9.509896225514031e-18,9.5098962371152e-18,9.509896248715988e-18,9.509896260316427e-18,9.50989627191651e-18,9.50989628351623e-18,9.509896295115591e-18,9.509896306714601e-18,9.509896318313246e-18,9.509896329911545e-18,9.509896341509481e-18,9.509896353107063e-18,9.509896364704284e-18,9.509896376301157e-18,9.509896387897679e-18,9.509896399493831e-18,9.509896411089626e-18,9.509896422685069e-18,9.509896434280141e-18,9.509896445874867e-18,9.509896457469213e-18,9.509896469063222e-18,9.50989648065688e-18,9.509896492250173e-18,9.509896503843118e-18,9.509896515435686e-18,9.50989652702791e-18,9.509896538619781e-18,9.509896550211305e-18,9.509896561802471e-18,9.50989657339329e-18,9.509896584983736e-18,9.509896596573831e-18,9.509896608163581e-18,9.509896619752968e-18,9.509896631341991e-18,9.509896642930669e-18,9.509896654518976e-18,9.50989666610693e-18,9.509896677694536e-18,9.509896689281788e-18,9.509896700868683e-18,9.509896712455222e-18,9.509896724041401e-18,9.509896735627226e-18,9.509896747212717e-18,9.509896758797835e-18,9.509896770382602e-18,9.509896781967021e-18,9.509896793551074e-18,9.509896805134769e-18,9.50989681671811e-18,9.509896828301101e-18,9.509896839883736e-18,9.50989685146605e-18,9.509896863047971e-18,9.509896874629535e-18,9.509896886210755e-18,9.509896897791609e-18,9.509896909372122e-18,9.509896920952286e-18,9.5098969325321e-18,9.50989694411155e-18,9.509896955690648e-18,9.509896967269351e-18,9.50989697884774e-18,9.509896990425777e-18,9.50989700200346e-18,9.509897013580785e-18,9.509897025157762e-18,9.509897036734376e-18,9.509897048310651e-18,9.509897059886604e-18,9.509897071462155e-18,9.509897083037347e-18,9.509897094612206e-18,9.509897106186721e-18,9.509897117760868e-18,9.509897129334649e-18,9.509897140908103e-18,9.509897152481193e-18,9.509897164053935e-18,9.509897175626301e-18,9.509897187198342e-18,9.509897198770022e-18,9.509897210341355e-18,9.509897221912337e-18,9.509897233482973e-18,9.509897245053243e-18,9.509897256623149e-18,9.50989726819272e-18,9.509897279761915e-18,9.50989729133078e-18,9.50989730289929e-18,9.509897314467432e-18,9.509897326035242e-18,9.50989733760271e-18,9.509897349169816e-18,9.50989736073657e-18,9.509897372302977e-18,9.509897383869038e-18,9.509897395434742e-18,9.509897407000095e-18,9.509897418565081e-18,9.509897430129731e-18,9.509897441694031e-18,9.50989745325798e-18,9.509897464821572e-18,9.509897476384817e-18,9.509897487947707e-18,9.509897499510232e-18,9.509897511072417e-18,9.509897522634258e-18,9.509897534195744e-18,9.509897545756882e-18,9.509897557317679e-18,9.509897568878101e-18,9.509897580438197e-18,9.50989759199794e-18,9.509897603557327e-18,9.509897615116382e-18,9.50989762667507e-18,9.509897638233409e-18,9.509897649791395e-18,9.509897661349039e-18,9.50989767290632e-18,9.509897684463265e-18,9.509897696019852e-18,9.509897707576076e-18,9.509897719131965e-18,9.509897730687512e-18,9.509897742242702e-18,9.509897753797565e-18,9.509897765352066e-18,9.509897776906204e-18,9.509897788460003e-18,9.50989780001345e-18,9.509897811566518e-18,9.509897823119261e-18,9.509897834671656e-18,9.509897846223704e-18,9.509897857775429e-18,9.509897869326783e-18,9.509897880877779e-18,9.509897892428431e-18,9.509897903978735e-18,9.509897915528693e-18,9.5098979270783e-18,9.509897938627558e-18,9.509897950176471e-18,9.509897961725033e-18,9.509897973273217e-18,9.509897984821088e-18,9.509897996368604e-18,9.509898007915746e-18,9.509898019462553e-18,9.509898031009024e-18,9.509898042555157e-18,9.509898054100933e-18,9.509898065646373e-18,9.509898077191459e-18,9.509898088736191e-18,9.509898100280584e-18,9.509898111824617e-18,9.509898123368313e-18,9.509898134911653e-18,9.509898146454654e-18,9.509898157997315e-18,9.509898169539644e-18,9.509898181081592e-18,9.509898192623208e-18,9.509898204164484e-18,9.509898215705406e-18,9.509898227245979e-18,9.509898238786213e-18,9.509898250326097e-18,9.509898261865622e-18,9.509898273404807e-18,9.509898284943646e-18,9.509898296482182e-18,9.50989830802036e-18,9.509898319558143e-18,9.5098983310956e-18,9.509898342632702e-18,9.509898354169466e-18,9.509898365705885e-18,9.50989837724197e-18,9.50989838877769e-18,9.509898400313067e-18,9.5098984118481e-18,9.509898423382782e-18,9.509898434917112e-18,9.509898446451099e-18,9.509898457984746e-18,9.509898469518047e-18,9.50989848105101e-18,9.509898492583596e-18,9.509898504115865e-18,9.509898515647785e-18,9.509898527179362e-18,9.509898538710596e-18,9.509898550241458e-18,9.509898561772e-18,9.509898573302195e-18,9.509898584832052e-18,9.509898596361563e-18,9.509898607890727e-18,9.509898619419544e-18,9.509898630948028e-18,9.509898642476153e-18,9.509898654003972e-18,9.50989866553141e-18,9.5098986770585e-18,9.509898688585253e-18,9.509898700111645e-18,9.50989871163769e-18,9.509898723163398e-18,9.509898734688778e-18,9.509898746213818e-18,9.509898757738478e-18,9.509898769262821e-18,9.509898780786803e-18,9.509898792310468e-18,9.50989880383379e-18,9.509898815356754e-18,9.509898826879379e-18,9.50989883840166e-18,9.509898849923599e-18,9.509898861445202e-18,9.509898872966458e-18,9.509898884487344e-18,9.509898896007904e-18,9.509898907528128e-18,9.509898919048007e-18,9.509898930567541e-18,9.509898942086734e-18,9.509898953605584e-18,9.50989896512409e-18,9.509898976642249e-18,9.509898988160072e-18,9.509898999677545e-18,9.509899011194685e-18,9.509899022711468e-18,9.509899034227918e-18,9.509899045744027e-18,9.509899057259804e-18,9.50989906877523e-18,9.509899080290313e-18,9.509899091805057e-18,9.509899103319453e-18,9.509899114833508e-18,9.509899126347224e-18,9.509899137860598e-18,9.509899149373633e-18,9.509899160886314e-18,9.50989917239867e-18,9.509899183910637e-18,9.509899195422299e-18,9.509899206933616e-18,9.509899218444596e-18,9.509899229955235e-18,9.509899241465528e-18,9.509899252975488e-18,9.509899264485105e-18,9.50989927599438e-18,9.509899287503345e-18,9.509899299011937e-18,9.509899310520182e-18,9.5098993220281e-18,9.509899333535666e-18,9.509899345042894e-18,9.509899356549829e-18,9.509899368056376e-18,9.509899379562581e-18,9.509899391068433e-18,9.509899402573974e-18,9.509899414079159e-18,9.509899425584008e-18,9.509899437088514e-18,9.509899448592674e-18,9.509899460096499e-18,9.509899471599987e-18,9.509899483103131e-18,9.509899494605939e-18,9.509899506108393e-18,9.509899517610515e-18,9.509899529112306e-18,9.509899540613756e-18,9.50989955211486e-18,9.509899563615642e-18,9.509899575116069e-18,9.50989958661616e-18,9.509899598115911e-18,9.509899609615321e-18,9.509899621114383e-18,9.509899632613114e-18,9.509899644111506e-18,9.509899655609564e-18,9.50989966710727e-18,9.50989967860465e-18,9.509899690101681e-18,9.509899701598382e-18,9.509899713094739e-18,9.509899724590766e-18,9.509899736086448e-18,9.509899747581795e-18,9.509899759076799e-18,9.509899770571465e-18,9.509899782065794e-18,9.509899793559781e-18,9.509899805053435e-18,9.509899816546749e-18,9.509899828039719e-18,9.50989983953236e-18,9.509899851024657e-18,9.509899862516616e-18,9.509899874008235e-18,9.509899885499515e-18,9.50989989699045e-18,9.509899908481054e-18,9.509899919971314e-18,9.509899931461249e-18,9.50989994295084e-18,9.509899954440086e-18,9.509899965929007e-18,9.509899977417575e-18,9.509899988905809e-18,9.509900000393704e-18,9.509900011881263e-18,9.509900023368496e-18,9.509900034855379e-18,9.509900046341923e-18,9.509900057828141e-18,9.509900069314019e-18,9.509900080799547e-18,9.50990009228475e-18,9.509900103769608e-18,9.509900115254146e-18,9.509900126738349e-18,9.509900138222213e-18,9.509900149705735e-18,9.509900161188925e-18,9.50990017267177e-18,9.509900184154334e-18,9.509900195636508e-18,9.509900207118357e-18,9.509900218599858e-18,9.509900230081036e-18,9.509900241561875e-18,9.509900253042375e-18,9.509900264522542e-18,9.509900276002372e-18,9.509900287481847e-18,9.509900298961013e-18,9.509900310439836e-18,9.509900321918325e-18,9.509900333396476e-18,9.509900344874297e-18,9.509900356351787e-18,9.509900367828934e-18,9.509900379305752e-18,9.50990039078222e-18,9.509900402258417e-18,9.509900413734254e-18,9.509900425209764e-18,9.509900436684932e-18,9.509900448159737e-18,9.509900459634204e-18,9.509900471108339e-18,9.509900482582133e-18,9.509900494055595e-18,9.509900505528743e-18,9.509900517001537e-18,9.509900528473997e-18,9.509900539946138e-18,9.50990055141792e-18,9.509900562889402e-18,9.509900574360526e-18,9.509900585831317e-18,9.509900597301769e-18,9.509900608771885e-18,9.509900620241673e-18,9.509900631711136e-18,9.50990064318026e-18,9.509900654649036e-18,9.509900666117492e-18,9.509900677585595e-18,9.50990068905338e-18,9.509900700520833e-18,9.509900711987948e-18,9.509900723454732e-18,9.50990073492118e-18,9.509900746387297e-18,9.509900757853081e-18,9.509900769318532e-18,9.509900780783648e-18,9.509900792248429e-18,9.509900803712878e-18,9.509900815176997e-18,9.509900826640778e-18,9.509900838104229e-18,9.50990084956735e-18,9.509900861030135e-18,9.509900872492588e-18,9.509900883954706e-18,9.509900895416496e-18,9.509900906877953e-18,9.509900918339084e-18,9.509900929799874e-18,9.509900941260332e-18,9.509900952720463e-18,9.509900964180258e-18,9.509900975639718e-18,9.509900987098844e-18,9.50990099855765e-18,9.509901010016115e-18,9.509901021474253e-18,9.50990103293205e-18,9.509901044389522e-18,9.509901055846662e-18,9.509901067303466e-18,9.509901078759956e-18,9.5099010902161e-18,9.509901101671919e-18,9.509901113127415e-18,9.509901124582556e-18,9.509901136037378e-18,9.509901147491864e-18,9.50990115894602e-18,9.50990117039985e-18,9.509901181853342e-18,9.509901193306505e-18,9.50990120475934e-18,9.509901216211841e-18,9.509901227664008e-18,9.509901239115848e-18,9.509901250567352e-18,9.509901262018538e-18,9.509901273469386e-18,9.509901284919879e-18,9.50990129637007e-18,9.509901307819922e-18,9.50990131926945e-18,9.509901330718647e-18,9.50990134216752e-18,9.509901353616059e-18,9.509901365064295e-18,9.50990137651218e-18,9.509901387959721e-18,9.509901399406942e-18,9.509901410853814e-18,9.509901422300369e-18,9.50990143374659e-18,9.509901445192489e-18,9.509901456638059e-18,9.509901468083298e-18,9.509901479528207e-18,9.509901490972788e-18,9.509901502417036e-18,9.50990151386096e-18,9.50990152530455e-18,9.509901536747805e-18,9.509901548190741e-18,9.509901559633349e-18,9.509901571075621e-18,9.509901582517569e-18,9.509901593959186e-18,9.509901605400478e-18,9.509901616841437e-18,9.509901628282065e-18,9.509901639722371e-18,9.509901651162342e-18,9.509901662601986e-18,9.5099016740413e-18,9.509901685480286e-18,9.509901696918948e-18,9.50990170835728e-18,9.509901719795287e-18,9.509901731232961e-18,9.509901742670315e-18,9.50990175410731e-18,9.509901765544003e-18,9.509901776980363e-18,9.509901788416399e-18,9.509901799852107e-18,9.509901811287489e-18,9.509901822722544e-18,9.509901834157272e-18,9.509901845591686e-18,9.509901857025761e-18,9.5099018684595e-18,9.509901879892871e-18,9.509901891325959e-18,9.509901902758721e-18,9.509901914191155e-18,9.509901925623255e-18,9.509901937055033e-18,9.509901948486487e-18,9.509901959917604e-18,9.509901971348402e-18,9.509901982778884e-18,9.509901994209092e-18,9.509902005638908e-18,9.509902017068395e-18,9.50990202849753e-18,9.509902039926367e-18,9.509902051354881e-18,9.509902062783065e-18,9.509902074210903e-18,9.509902085638436e-18,9.509902097065638e-18,9.50990210849252e-18,9.509902119919078e-18,9.5099021313453e-18,9.50990214277117e-18,9.509902154196755e-18,9.509902165622001e-18,9.509902177046924e-18,9.509902188471516e-18,9.509902199895788e-18,9.509902211319729e-18,9.509902222743355e-18,9.509902234166648e-18,9.509902245589623e-18,9.509902257012272e-18,9.509902268434582e-18,9.509902279856575e-18,9.50990229127824e-18,9.509902302699586e-18,9.509902314120606e-18,9.509902325541299e-18,9.50990233696166e-18,9.509902348381703e-18,9.50990235980143e-18,9.509902371220832e-18,9.509902382639898e-18,9.50990239405864e-18,9.50990240547706e-18,9.509902416895152e-18,9.509902428312922e-18,9.509902439730367e-18,9.509902451147485e-18,9.509902462564288e-18,9.509902473980756e-18,9.509902485396898e-18,9.50990249681272e-18,9.509902508228215e-18,9.509902519643393e-18,9.509902531058241e-18,9.509902542472764e-18,9.509902553886971e-18,9.509902565300858e-18,9.50990257671441e-18,9.509902588127638e-18,9.50990259954054e-18,9.509902610953135e-18,9.509902622365389e-18,9.509902633777328e-18,9.50990264518894e-18,9.50990265660023e-18,9.509902668011195e-18,9.509902679421837e-18,9.509902690832155e-18,9.509902702242152e-18,9.509902713651818e-18,9.509902725061184e-18,9.509902736470216e-18,9.509902747878918e-18,9.509902759287306e-18,9.509902770695358e-18,9.509902782103092e-18,9.509902793510503e-18,9.5099028049176e-18,9.509902816324368e-18,9.509902827730821e-18,9.509902839136936e-18,9.509902850542736e-18,9.509902861948222e-18,9.509902873353365e-18,9.509902884758192e-18,9.509902896162703e-18,9.50990290756689e-18,9.509902918970749e-18,9.509902930374293e-18,9.509902941777519e-18,9.509902953180411e-18,9.50990296458298e-18,9.509902975985241e-18,9.509902987387176e-18,9.509902998788783e-18,9.509903010190068e-18,9.509903021591037e-18,9.509903032991689e-18,9.50990304439202e-18,9.509903055792026e-18,9.509903067191715e-18,9.509903078591071e-18,9.509903089990116e-18,9.509903101388841e-18,9.509903112787245e-18,9.509903124185325e-18,9.509903135583088e-18,9.509903146980529e-18,9.509903158377642e-18,9.509903169774438e-18,9.509903181170916e-18,9.509903192567072e-18,9.509903203962904e-18,9.509903215358419e-18,9.50990322675361e-18,9.509903238148464e-18,9.509903249543021e-18,9.509903260937255e-18,9.509903272331165e-18,9.50990328372476e-18,9.509903295118034e-18,9.509903306511015e-18,9.509903317903647e-18,9.509903329295935e-18,9.509903340687928e-18,9.509903352079602e-18,9.509903363470952e-18,9.50990337486198e-18,9.509903386252696e-18,9.509903397643091e-18,9.509903409033162e-18,9.509903420422921e-18,9.50990343181235e-18,9.509903443201469e-18,9.509903454590263e-18,9.509903465978735e-18,9.509903477366887e-18,9.509903488754721e-18,9.509903500142243e-18,9.509903511529445e-18,9.509903522916332e-18,9.509903534302893e-18,9.509903545689138e-18,9.509903557075061e-18,9.509903568460657e-18,9.509903579845934e-18,9.509903591230904e-18,9.50990360261555e-18,9.509903613999882e-18,9.509903625383915e-18,9.509903636767625e-18,9.509903648151003e-18,9.509903659534064e-18,9.509903670916837e-18,9.509903682299264e-18,9.509903693681365e-18,9.509903705063147e-18,9.509903716444693e-18,9.50990372782583e-18,9.509903739206662e-18,9.509903750587174e-18,9.509903761967374e-18,9.509903773347254e-18,9.509903784726811e-18,9.509903796106052e-18,9.509903807484977e-18,9.509903818863585e-18,9.509903830241882e-18,9.509903841619848e-18,9.509903852997507e-18,9.509903864374847e-18,9.509903875751862e-18,9.509903887128619e-18,9.509903898505007e-18,9.509903909881079e-18,9.50990392125683e-18,9.509903932632262e-18,9.509903944007413e-18,9.509903955382214e-18,9.509903966756702e-18,9.509903978130867e-18,9.509903989504716e-18,9.509904000878249e-18,9.509904012251468e-18,9.509904023624372e-18,9.509904034996956e-18,9.509904046369223e-18,9.509904057741155e-18,9.50990406911279e-18,9.50990408048412e-18,9.509904091855127e-18,9.509904103225815e-18,9.50990411459619e-18,9.509904125966255e-18,9.509904137335995e-18,9.509904148705418e-18,9.50990416007453e-18,9.509904171443296e-18,9.509904182811774e-18,9.509904194179893e-18,9.509904205547744e-18,9.509904216915268e-18,9.509904228282489e-18,9.509904239649386e-18,9.509904251015975e-18,9.509904262382234e-18,9.509904273748186e-18,9.509904285113831e-18,9.50990429647915e-18,9.509904307844158e-18,9.509904319208855e-18,9.509904330573238e-18,9.509904341937306e-18,9.509904353301051e-18,9.509904364664489e-18,9.5099043760276e-18,9.509904387390411e-18,9.509904398752905e-18,9.509904410115077e-18,9.509904421476937e-18,9.509904432838486e-18,9.509904444199727e-18,9.509904455560643e-18,9.509904466921248e-18,9.509904478281548e-18,9.509904489641513e-18,9.50990450100117e-18,9.509904512360522e-18,9.509904523719554e-18,9.509904535078274e-18,9.509904546436683e-18,9.509904557794798e-18,9.509904569152585e-18,9.509904580510038e-18,9.509904591867196e-18,9.509904603224037e-18,9.509904614580573e-18,9.50990462593679e-18,9.509904637292687e-18,9.509904648648272e-18,9.509904660003555e-18,9.509904671358516e-18,9.509904682713158e-18,9.509904694067489e-18,9.509904705421513e-18,9.509904716775215e-18,9.509904728128617e-18,9.509904739481693e-18,9.509904750834448e-18,9.509904762186897e-18,9.509904773539042e-18,9.509904784890889e-18,9.509904796242406e-18,9.509904807593611e-18,9.5099048189445e-18,9.509904830295079e-18,9.509904841645351e-18,9.509904852995305e-18,9.509904864344942e-18,9.509904875694273e-18,9.509904887043287e-18,9.509904898391993e-18,9.509904909740384e-18,9.509904921088467e-18,9.509904932436239e-18,9.509904943783699e-18,9.509904955130842e-18,9.509904966477665e-18,9.50990497782418e-18,9.509904989170394e-18,9.509905000516294e-18,9.509905011861882e-18,9.509905023207157e-18,9.509905034552123e-18,9.509905045896776e-18,9.509905057241144e-18,9.50990506858517e-18,9.50990507992889e-18,9.509905091272296e-18,9.509905102615393e-18,9.509905113958182e-18,9.509905125300658e-18,9.509905136642816e-18,9.509905147984672e-18,9.509905159326212e-18,9.509905170667453e-18,9.509905182008365e-18,9.50990519334898e-18,9.509905204689281e-18,9.509905216029297e-18,9.509905227368983e-18,9.50990523870835e-18,9.50990525004741e-18,9.509905261386156e-18,9.509905272724596e-18,9.509905284062727e-18,9.509905295400543e-18,9.509905306738049e-18,9.509905318075248e-18,9.509905329412137e-18,9.50990534074871e-18,9.509905352084981e-18,9.50990536342094e-18,9.509905374756586e-18,9.509905386091927e-18,9.50990539742696e-18,9.509905408761702e-18,9.509905420096116e-18,9.509905431430215e-18,9.509905442764002e-18,9.50990545409745e-18,9.509905465430625e-18,9.509905476763484e-18,9.509905488096038e-18,9.509905499428275e-18,9.50990551076021e-18,9.509905522091837e-18,9.509905533423157e-18,9.509905544754167e-18,9.509905556084863e-18,9.509905567415253e-18,9.50990557874534e-18,9.509905590075109e-18,9.509905601404574e-18,9.509905612733732e-18,9.509905624062574e-18,9.509905635391117e-18,9.509905646719348e-18,9.509905658047266e-18,9.50990566937488e-18,9.509905680702189e-18,9.509905692029184e-18,9.509905703355875e-18,9.509905714682262e-18,9.509905726008329e-18,9.509905737334096e-18,9.509905748659555e-18,9.5099057599847e-18,9.509905771309546e-18,9.509905782634079e-18,9.509905793958305e-18,9.509905805282226e-18,9.509905816605835e-18,9.509905827929138e-18,9.509905839252136e-18,9.50990585057483e-18,9.509905861897207e-18,9.509905873219282e-18,9.50990588454105e-18,9.509905895862508e-18,9.509905907183662e-18,9.509905918504511e-18,9.50990592982505e-18,9.50990594114528e-18,9.50990595246521e-18,9.509905963784826e-18,9.509905975104136e-18,9.509905986423142e-18,9.509905997741845e-18,9.509906009060235e-18,9.509906020378329e-18,9.509906031696107e-18,9.509906043013575e-18,9.509906054330743e-18,9.509906065647597e-18,9.509906076964153e-18,9.509906088280402e-18,9.50990609959634e-18,9.5099061109119e-18,9.509906122227226e-18,9.509906133542245e-18,9.50990614485696e-18,9.50990615617137e-18,9.509906167485477e-18,9.509906178799281e-18,9.50990619011278e-18,9.509906201425971e-18,9.509906212738846e-18,9.509906224051426e-18,9.509906235363696e-18,9.50990624667566e-18,9.509906257987322e-18,9.509906269298662e-18,9.509906280609712e-18,9.509906291920453e-18,9.509906303230894e-18,9.50990631454103e-18,9.509906325850854e-18,9.509906337160372e-18,9.509906348469596e-18,9.509906359778515e-18,9.509906371087124e-18,9.509906382395426e-18,9.509906393703424e-18,9.509906405011121e-18,9.509906416318507e-18,9.509906427625585e-18,9.509906438932366e-18,9.509906450238845e-18,9.509906461545018e-18,9.509906472850885e-18,9.509906484156445e-18,9.5099064954617e-18,9.509906506766653e-18,9.509906518071305e-18,9.509906529375656e-18,9.509906540679705e-18,9.509906551983448e-18,9.509906563286879e-18,9.50990657459001e-18,9.509906585892836e-18,9.50990659719536e-18,9.509906608497565e-18,9.509906619799486e-18,9.509906631101099e-18,9.509906642402414e-18,9.509906653703416e-18,9.50990666500412e-18,9.509906676304505e-18,9.509906687604606e-18,9.509906698904405e-18,9.509906710203889e-18,9.509906721502998e-18,9.50990673280188e-18,9.50990674410047e-18,9.509906755398742e-18,9.509906766696711e-18,9.509906777994395e-18,9.50990678929176e-18,9.509906800588821e-18,9.509906811885577e-18,9.509906823182018e-18,9.509906834478171e-18,9.509906845774048e-18,9.509906857069628e-18,9.50990686836488e-18,9.50990687965983e-18,9.509906890954483e-18,9.509906902248823e-18,9.50990691354287e-18,9.509906924836606e-18,9.509906936130048e-18,9.509906947423184e-18,9.509906958716005e-18,9.509906970008533e-18,9.509906981300766e-18,9.509906992592696e-18,9.509907003884316e-18,9.50990701517564e-18,9.50990702646666e-18,9.509907037757384e-18,9.509907049047797e-18,9.509907060337914e-18,9.509907071627732e-18,9.509907082917236e-18,9.509907094206434e-18,9.509907105495349e-18,9.509907116783956e-18,9.50990712807227e-18,9.509907139360271e-18,9.509907150647977e-18,9.509907161935384e-18,9.509907173222495e-18,9.509907184509297e-18,9.50990719579581e-18,9.509907207082021e-18,9.509907218367931e-18,9.509907229653526e-18,9.509907240938827e-18,9.509907252223826e-18,9.509907263508522e-18,9.50990727479292e-18,9.50990728607702e-18,9.50990729736082e-18,9.509907308644318e-18,9.509907319927472e-18,9.50990733121042e-18,9.509907342493016e-18,9.509907353775315e-18,9.509907365057334e-18,9.509907376339019e-18,9.509907387620417e-18,9.509907398901515e-18,9.509907410182304e-18,9.509907421462804e-18,9.509907432743003e-18,9.509907444022902e-18,9.509907455302504e-18,9.509907466581797e-18,9.509907477860803e-18,9.5099074891395e-18,9.509907500417897e-18,9.509907511695996e-18,9.509907522973789e-18,9.509907534251295e-18,9.509907545528501e-18,9.509907556805408e-18,9.509907568082017e-18,9.509907579358323e-18,9.50990759063433e-18,9.509907601910063e-18,9.509907613185469e-18,9.50990762446058e-18,9.509907635735385e-18,9.509907647009899e-18,9.509907658284116e-18,9.509907669558024e-18,9.509907680831638e-18,9.509907692104952e-18,9.509907703377975e-18,9.509907714650695e-18,9.509907725923126e-18,9.509907737195246e-18,9.509907748467073e-18,9.509907759738604e-18,9.509907771009827e-18,9.509907782280749e-18,9.509907793551383e-18,9.509907804821725e-18,9.509907816091744e-18,9.509907827361484e-18,9.509907838630926e-18,9.509907849900069e-18,9.509907861168931e-18,9.509907872437481e-18,9.509907883705737e-18,9.509907894973697e-18,9.509907906241351e-18,9.509907917508705e-18,9.509907928775772e-18,9.50990794004254e-18,9.509907951309012e-18,9.509907962575189e-18,9.50990797384106e-18,9.509907985106632e-18,9.509907996371924e-18,9.509908007636913e-18,9.509908018901594e-18,9.50990803016599e-18,9.509908041430081e-18,9.509908052693876e-18,9.509908063957374e-18,9.509908075220583e-18,9.509908086483477e-18,9.509908097746089e-18,9.509908109008405e-18,9.509908120270427e-18,9.50990813153216e-18,9.50990814279355e-18,9.509908154054678e-18,9.509908165315509e-18,9.509908176576047e-18,9.50990818783625e-18,9.509908199096166e-18,9.509908210355815e-18,9.509908221615165e-18,9.50990823287422e-18,9.509908244132983e-18,9.509908255391448e-18,9.509908266649617e-18,9.509908277907483e-18,9.509908289165061e-18,9.509908300422347e-18,9.509908311679329e-18,9.509908322935987e-18,9.509908334192383e-18,9.509908345448509e-18,9.509908356704303e-18,9.50990836795981e-18,9.50990837921502e-18,9.509908390469958e-18,9.509908401724585e-18,9.509908412978888e-18,9.509908424232921e-18,9.509908435486658e-18,9.509908446740104e-18,9.509908457993253e-18,9.509908469246108e-18,9.509908480498664e-18,9.509908491750925e-18,9.509908503002887e-18,9.509908514254558e-18,9.509908525505936e-18,9.509908536757023e-18,9.509908548007815e-18,9.509908559258304e-18,9.509908570508497e-18,9.509908581758407e-18,9.509908593008023e-18,9.509908604257374e-18,9.509908615506427e-18,9.509908626755177e-18,9.509908638003634e-18,9.50990864925178e-18,9.509908660499648e-18,9.509908671747213e-18,9.50990868299447e-18,9.509908694241438e-18,9.509908705488116e-18,9.509908716734494e-18,9.509908727980605e-18,9.5099087392264e-18,9.509908750471903e-18,9.509908761717109e-18,9.509908772962024e-18,9.509908784206658e-18,9.509908795450986e-18,9.509908806695033e-18,9.509908817938785e-18,9.509908829182237e-18,9.509908840425396e-18,9.509908851668255e-18,9.50990886291083e-18,9.509908874153099e-18,9.509908885395085e-18,9.50990889663678e-18,9.50990890787817e-18,9.509908919119277e-18,9.509908930360104e-18,9.50990894160062e-18,9.509908952840847e-18,9.509908964080779e-18,9.509908975320416e-18,9.50990898655977e-18,9.50990899779883e-18,9.509909009037595e-18,9.509909020276062e-18,9.509909031514244e-18,9.50990904275216e-18,9.509909053989761e-18,9.509909065227059e-18,9.50990907646411e-18,9.509909087700832e-18,9.509909098937264e-18,9.5099091101734e-18,9.509909121409252e-18,9.509909132644797e-18,9.509909143880061e-18,9.509909155115035e-18,9.509909166349714e-18,9.509909177584103e-18,9.509909188818205e-18,9.50990920005198e-18,9.509909211285498e-18,9.509909222518725e-18,9.509909233751654e-18,9.509909244984297e-18,9.509909256216642e-18,9.509909267448703e-18,9.509909278680464e-18,9.509909289911927e-18,9.509909301143109e-18,9.509909312374002e-18,9.509909323604603e-18,9.50990933483492e-18,9.509909346064943e-18,9.509909357294668e-18,9.509909368524103e-18,9.509909379753217e-18,9.509909390982079e-18,9.509909402210651e-18,9.509909413438932e-18,9.509909424666919e-18,9.50990943589462e-18,9.509909447122031e-18,9.509909458349115e-18,9.509909469575944e-18,9.509909480802486e-18,9.509909492028728e-18,9.509909503254687e-18,9.509909514480352e-18,9.509909525705741e-18,9.50990953693081e-18,9.50990954815561e-18,9.509909559380112e-18,9.509909570604331e-18,9.509909581828275e-18,9.509909593051864e-18,9.509909604275216e-18,9.509909615498276e-18,9.509909626721113e-18,9.509909637943592e-18,9.509909649165787e-18,9.509909660387722e-18,9.509909671609343e-18,9.509909682830668e-18,9.509909694051709e-18,9.509909705272463e-18,9.50990971649292e-18,9.509909727713096e-18,9.509909738932989e-18,9.509909750152586e-18,9.509909761371889e-18,9.509909772590912e-18,9.509909783809619e-18,9.50990979502806e-18,9.509909806246212e-18,9.509909817464073e-18,9.509909828681646e-18,9.509909839898935e-18,9.509909851115927e-18,9.509909862332644e-18,9.509909873549067e-18,9.509909884765194e-18,9.509909895981042e-18,9.509909907196559e-18,9.50990991841184e-18,9.50990992962682e-18,9.509909940841514e-18,9.509909952055917e-18,9.509909963270025e-18,9.509909974483858e-18,9.509909985697397e-18,9.509909996910644e-18,9.50991000812361e-18,9.509910019336292e-18,9.509910030548685e-18,9.509910041760757e-18,9.509910052972577e-18,9.509910064184112e-18,9.509910075395358e-18,9.509910086606315e-18,9.509910097816982e-18,9.50991010902736e-18,9.509910120237455e-18,9.50991013144726e-18,9.509910142656753e-18,9.50991015386598e-18,9.509910165074927e-18,9.509910176283584e-18,9.50991018749196e-18,9.509910198700046e-18,9.509910209907846e-18,9.509910221115356e-18,9.509910232322578e-18,9.509910243529518e-18,9.50991025473617e-18,9.509910265942537e-18,9.509910277148616e-18,9.509910288354404e-18,9.509910299559914e-18,9.50991031076513e-18,9.509910321970066e-18,9.509910333174707e-18,9.50991034437907e-18,9.509910355583141e-18,9.509910366786935e-18,9.509910377990439e-18,9.509910389193657e-18,9.509910400396592e-18,9.509910411599228e-18,9.509910422801592e-18,9.509910434003671e-18,9.509910445205456e-18,9.509910456406965e-18,9.509910467608181e-18,9.509910478809112e-18,9.509910490009762e-18,9.509910501210121e-18,9.509910512410197e-18,9.50991052360999e-18,9.509910534809496e-18,9.50991054600875e-18,9.509910557207707e-18,9.509910568406365e-18,9.509910579604734e-18,9.509910590802815e-18,9.50991060200061e-18,9.509910613198122e-18,9.50991062439535e-18,9.509910635592297e-18,9.509910646788967e-18,9.509910657985338e-18,9.509910669181428e-18,9.509910680377262e-18,9.509910691572778e-18,9.509910702768022e-18,9.509910713962963e-18,9.509910725157633e-18,9.509910736351957e-18,9.509910747546064e-18,9.509910758739857e-18,9.509910769933388e-18,9.50991078112662e-18,9.509910792319588e-18,9.509910803512271e-18,9.509910814704662e-18,9.509910825896771e-18,9.509910837088604e-18,9.509910848280141e-18,9.509910859471389e-18,9.50991087066237e-18,9.50991088185307e-18,9.509910893043479e-18,9.509910904233597e-18,9.509910915423441e-18,9.509910926613003e-18,9.509910937802276e-18,9.509910948991261e-18,9.50991096017996e-18,9.509910971368389e-18,9.509910982556529e-18,9.509910993744388e-18,9.509911004931967e-18,9.509911016119262e-18,9.509911027306267e-18,9.509911038492996e-18,9.509911049679432e-18,9.509911060865592e-18,9.509911072051476e-18,9.509911083237074e-18,9.509911094422388e-18,9.509911105607419e-18,9.50991111679217e-18,9.509911127976636e-18,9.509911139160824e-18,9.509911150344687e-18,9.509911161528305e-18,9.509911172711644e-18,9.509911183894701e-18,9.509911195077458e-18,9.509911206259955e-18,9.509911217442194e-18,9.509911228624116e-18,9.509911239805757e-18,9.50991125098712e-18,9.5099112621682e-18,9.509911273349001e-18,9.509911284529528e-18,9.509911295709756e-18,9.509911306889709e-18,9.509911318069382e-18,9.509911329248777e-18,9.509911340427891e-18,9.509911351606718e-18,9.509911362785252e-18,9.509911373963526e-18,9.509911385141506e-18,9.509911396319209e-18,9.50991140749662e-18,9.509911418673743e-18,9.509911429850603e-18,9.509911441027192e-18,9.509911452203493e-18,9.509911463379516e-18,9.509911474555252e-18,9.509911485730707e-18,9.509911496905894e-18,9.509911508080782e-18,9.509911519255399e-18,9.509911530429732e-18,9.509911541603783e-18,9.509911552777556e-18,9.509911563951046e-18,9.509911575124263e-18,9.509911586297196e-18,9.509911597469846e-18,9.509911608642238e-18,9.509911619814301e-18,9.509911630986109e-18,9.50991164215764e-18,9.509911653328888e-18,9.50991166449986e-18,9.509911675670546e-18,9.509911686840958e-18,9.509911698011093e-18,9.509911709180948e-18,9.509911720350516e-18,9.509911731519803e-18,9.509911742688812e-18,9.509911753857517e-18,9.509911765025949e-18,9.509911776194115e-18,9.509911787362003e-18,9.509911798529623e-18,9.509911809696951e-18,9.509911820864009e-18,9.50991183203078e-18,9.509911843197288e-18,9.509911854363503e-18,9.509911865529441e-18,9.5099118766951e-18,9.509911887860482e-18,9.509911899025577e-18,9.509911910190402e-18,9.509911921354937e-18,9.509911932519198e-18,9.509911943683182e-18,9.509911954846888e-18,9.509911966010317e-18,9.509911977173466e-18,9.509911988336327e-18,9.509911999498925e-18,9.509912010661237e-18,9.509912021823274e-18,9.509912032985032e-18,9.509912044146532e-18,9.509912055307745e-18,9.50991206646867e-18,9.509912077629313e-18,9.50991208878969e-18,9.509912099949771e-18,9.509912111109576e-18,9.509912122269105e-18,9.509912133428367e-18,9.509912144587346e-18,9.509912155746039e-18,9.50991216690446e-18,9.5099121780626e-18,9.50991218922045e-18,9.509912200378028e-18,9.50991221153534e-18,9.509912222692344e-18,9.509912233849056e-18,9.509912245005567e-18,9.509912256161767e-18,9.509912267317695e-18,9.509912278473339e-18,9.509912289628635e-18,9.509912300783728e-18,9.509912311938544e-18,9.509912323093076e-18,9.509912334247284e-18,9.509912345401301e-18,9.50991235655496e-18,9.509912367708419e-18,9.509912378861569e-18,9.50991239001444e-18,9.509912401167037e-18,9.509912412319363e-18,9.509912423471392e-18,9.509912434623157e-18,9.50991244577465e-18,9.509912456925866e-18,9.50991246807683e-18,9.509912479227493e-18,9.509912490377875e-18,9.50991250152799e-18,9.509912512677817e-18,9.50991252382735e-18,9.509912534976632e-18,9.509912546125637e-18,9.509912557274345e-18,9.509912568422798e-18,9.50991257957098e-18,9.509912590718862e-18,9.509912601866459e-18,9.509912613013808e-18,9.50991262416088e-18,9.509912635307678e-18,9.509912646454218e-18,9.509912657600471e-18,9.509912668746433e-18,9.509912679892132e-18,9.5099126910375e-18,9.509912702182645e-18,9.50991271332751e-18,9.509912724472091e-18,9.509912735616413e-18,9.509912746760456e-18,9.509912757904263e-18,9.509912769047754e-18,9.509912780190969e-18,9.509912791333908e-18,9.509912802476585e-18,9.509912813618988e-18,9.509912824761106e-18,9.50991283590296e-18,9.509912847044518e-18,9.509912858185819e-18,9.509912869326826e-18,9.509912880467554e-18,9.509912891608025e-18,9.509912902748228e-18,9.509912913888149e-18,9.5099129250278e-18,9.509912936167172e-18,9.509912947306275e-18,9.509912958445107e-18,9.509912969583658e-18,9.509912980721935e-18,9.509912991859936e-18,9.509913002997658e-18,9.509913014135114e-18,9.5099130252723e-18,9.509913036409213e-18,9.509913047545847e-18,9.509913058682214e-18,9.509913069818297e-18,9.509913080954113e-18,9.509913092089641e-18,9.509913103224937e-18,9.509913114359933e-18,9.509913125494648e-18,9.509913136629084e-18,9.509913147763262e-18,9.509913158897174e-18,9.5099131700308e-18,9.50991318116415e-18,9.509913192297235e-18,9.509913203430038e-18,9.509913214562575e-18,9.509913225694836e-18,9.509913236826826e-18,9.50991324795854e-18,9.509913259089974e-18,9.509913270221148e-18,9.50991328135204e-18,9.509913292482669e-18,9.509913303613029e-18,9.509913314743103e-18,9.50991332587291e-18,9.50991333700244e-18,9.509913348131707e-18,9.509913359260687e-18,9.509913370389402e-18,9.509913381517835e-18,9.509913392646005e-18,9.50991340377391e-18,9.509913414901588e-18,9.509913426028939e-18,9.509913437156021e-18,9.509913448282835e-18,9.50991345940937e-18,9.509913470535607e-18,9.509913481661603e-18,9.509913492787316e-18,9.509913503912768e-18,9.509913515037945e-18,9.509913526162858e-18,9.509913537287555e-18,9.509913548411922e-18,9.509913559536002e-18,9.509913570659828e-18,9.509913581783368e-18,9.509913592906636e-18,9.509913604029621e-18,9.509913615152338e-18,9.509913626274809e-18,9.509913637397e-18,9.509913648518919e-18,9.509913659640567e-18,9.509913670761946e-18,9.509913681883048e-18,9.509913693003882e-18,9.509913704124447e-18,9.509913715244742e-18,9.509913726364748e-18,9.509913737484515e-18,9.509913748604013e-18,9.509913759723222e-18,9.509913770842162e-18,9.509913781960818e-18,9.509913793079244e-18,9.50991380419737e-18,9.509913815315211e-18,9.509913826432777e-18,9.509913837550088e-18,9.509913848667155e-18,9.50991385978398e-18,9.509913870900486e-18,9.509913882016713e-18,9.509913893132691e-18,9.50991390424839e-18,9.509913915363814e-18,9.509913926478932e-18,9.509913937593808e-18,9.509913948708422e-18,9.509913959822773e-18,9.509913970936845e-18,9.509913982050678e-18,9.509913993164147e-18,9.509914004277418e-18,9.509914015390419e-18,9.509914026503147e-18,9.509914037615607e-18,9.509914048727758e-18,9.50991405983968e-18,9.50991407095135e-18,9.509914082062727e-18,9.509914093173876e-18,9.509914104284717e-18,9.509914115395299e-18,9.509914126505591e-18,9.509914137615625e-18,9.509914148725396e-18,9.509914159834866e-18,9.509914170944104e-18,9.509914182053059e-18,9.50991419316175e-18,9.50991420427017e-18,9.509914215378323e-18,9.509914226486217e-18,9.509914237593831e-18,9.509914248701188e-18,9.509914259808265e-18,9.509914270915066e-18,9.509914282021604e-18,9.50991429312788e-18,9.509914304233887e-18,9.50991431533963e-18,9.509914326445095e-18,9.5099143375503e-18,9.509914348655225e-18,9.509914359759886e-18,9.509914370864287e-18,9.509914381968407e-18,9.509914393072257e-18,9.509914404175844e-18,9.509914415279143e-18,9.509914426382203e-18,9.509914437484991e-18,9.509914448587509e-18,9.509914459689763e-18,9.509914470791726e-18,9.509914481893367e-18,9.509914492994825e-18,9.509914504096e-18,9.509914515196925e-18,9.509914526297569e-18,9.509914537397956e-18,9.509914548498076e-18,9.509914559597926e-18,9.50991457069751e-18,9.50991458179682e-18,9.509914592895863e-18,9.509914603994645e-18,9.509914615093152e-18,9.509914626191397e-18,9.50991463728937e-18,9.509914648387077e-18,9.509914659484503e-18,9.50991467058165e-18,9.50991468167856e-18,9.509914692775205e-18,9.509914703871623e-18,9.509914714967732e-18,9.509914726063586e-18,9.509914737159145e-18,9.509914748254412e-18,9.50991475934946e-18,9.509914770444231e-18,9.509914781538755e-18,9.509914792633018e-18,9.509914803727004e-18,9.509914814820692e-18,9.509914825914146e-18,9.50991483700732e-18,9.509914848100242e-18,9.509914859192899e-18,9.509914870285287e-18,9.509914881377383e-18,9.50991489246924e-18,9.509914903560831e-18,9.509914914652158e-18,9.509914925743216e-18,9.50991493683402e-18,9.509914947924525e-18,9.509914959014787e-18,9.509914970104772e-18,9.509914981194506e-18,9.509914992284e-18,9.509915003373207e-18,9.50991501446215e-18,9.509915025550814e-18,9.509915036639233e-18,9.509915047727369e-18,9.50991505881524e-18,9.50991506990284e-18,9.509915080990187e-18,9.509915092077263e-18,9.509915103164082e-18,9.509915114250621e-18,9.509915125336978e-18,9.509915136422991e-18,9.509915147508746e-18,9.509915158594243e-18,9.509915169679461e-18,9.509915180764419e-18,9.509915191849046e-18,9.509915202933487e-18,9.509915214017666e-18,9.509915225101574e-18,9.509915236185215e-18,9.509915247268567e-18,9.509915258351701e-18,9.509915269434539e-18,9.509915280517119e-18,9.50991529159943e-18,9.509915302681484e-18,9.509915313763263e-18,9.509915324844791e-18,9.509915335926051e-18,9.509915347007046e-18,9.509915358087775e-18,9.509915369168312e-18,9.509915380248519e-18,9.509915391328525e-18,9.509915402408201e-18,9.509915413487627e-18,9.50991542456678e-18,9.50991543564567e-18,9.509915446724297e-18,9.509915457802651e-18,9.509915468880753e-18,9.509915479958585e-18,9.509915491036181e-18,9.509915502113483e-18,9.509915513190595e-18,9.509915524267386e-18,9.509915535343976e-18,9.509915546420236e-18,9.509915557496221e-18,9.50991556857196e-18,9.509915579647429e-18,9.509915590722705e-18,9.50991560179765e-18,9.509915612872321e-18,9.50991562394674e-18,9.509915635020933e-18,9.509915646094832e-18,9.509915657168453e-18,9.50991566824183e-18,9.509915679314935e-18,9.509915690387846e-18,9.509915701460495e-18,9.509915712532882e-18,9.509915723604944e-18,9.509915734676747e-18,9.509915745748274e-18,9.509915756819546e-18,9.509915767890566e-18,9.509915778961303e-18,9.509915790031764e-18,9.509915801101992e-18,9.509915812171948e-18,9.509915823241646e-18,9.509915834311138e-18,9.509915845380297e-18,9.509915856449208e-18,9.509915867517865e-18,9.509915878586326e-18,9.509915889654456e-18,9.509915900722372e-18,9.509915911789978e-18,9.509915922857374e-18,9.509915933924461e-18,9.509915944991283e-18,9.50991595605787e-18,9.509915967124173e-18,9.509915978190214e-18,9.50991598925599e-18,9.509916000321504e-18,9.509916011386789e-18,9.509916022451845e-18,9.509916033516585e-18,9.509916044581048e-18,9.509916055645278e-18,9.509916066709226e-18,9.50991607777292e-18,9.509916088836354e-18,9.509916099899526e-18,9.509916110962434e-18,9.509916122025079e-18,9.509916133087466e-18,9.50991614414959e-18,9.509916155211463e-18,9.509916166273102e-18,9.509916177334445e-18,9.509916188395534e-18,9.509916199456362e-18,9.509916210516867e-18,9.509916221577117e-18,9.509916232637158e-18,9.509916243696948e-18,9.509916254756474e-18,9.509916265815739e-18,9.509916276874775e-18,9.509916287933522e-18,9.509916298992013e-18,9.509916310050239e-18,9.509916321108205e-18,9.50991633216591e-18,9.509916343223356e-18,9.50991635428054e-18,9.50991636533748e-18,9.509916376394094e-18,9.509916387450502e-18,9.509916398506696e-18,9.509916409562586e-18,9.509916420618216e-18,9.509916431673586e-18,9.509916442728708e-18,9.509916453783519e-18,9.509916464838196e-18,9.509916475892515e-18,9.509916486946607e-18,9.509916498000419e-18,9.509916509054033e-18,9.509916520107332e-18,9.509916531160375e-18,9.509916542213156e-18,9.509916553265686e-18,9.50991656431795e-18,9.50991657536996e-18,9.50991658642174e-18,9.50991659747327e-18,9.509916608524499e-18,9.509916619575474e-18,9.509916630626192e-18,9.509916641676714e-18,9.509916652726913e-18,9.509916663776846e-18,9.509916674826509e-18,9.509916685875934e-18,9.5099166969251e-18,9.509916707974079e-18,9.509916719022728e-18,9.509916730071119e-18,9.509916741119266e-18,9.509916752167152e-18,9.50991676321477e-18,9.509916774262127e-18,9.509916785309227e-18,9.509916796356073e-18,9.509916807402702e-18,9.509916818449032e-18,9.509916829495099e-18,9.509916840540917e-18,9.509916851586498e-18,9.50991686263183e-18,9.509916873676907e-18,9.5099168847217e-18,9.509916895766232e-18,9.509916906810553e-18,9.509916917854587e-18,9.509916928898406e-18,9.5099169399419e-18,9.509916950985149e-18,9.509916962028136e-18,9.509916973070874e-18,9.509916984113309e-18,9.509916995155528e-18,9.509917006197491e-18,9.509917017239191e-18,9.509917028280637e-18,9.509917039321823e-18,9.509917050362758e-18,9.509917061403438e-18,9.509917072443862e-18,9.509917083484023e-18,9.509917094523936e-18,9.509917105563613e-18,9.509917116603006e-18,9.509917127642146e-18,9.509917138681028e-18,9.509917149719655e-18,9.509917160758004e-18,9.509917171796123e-18,9.509917182833984e-18,9.509917193871578e-18,9.50991720490893e-18,9.509917215946012e-18,9.509917226982845e-18,9.509917238019423e-18,9.509917249055744e-18,9.509917260091811e-18,9.509917271127626e-18,9.509917282163178e-18,9.509917293198489e-18,9.509917304233526e-18,9.509917315268316e-18,9.509917326302853e-18,9.509917337337125e-18,9.50991734837115e-18,9.50991735940492e-18,9.509917370438433e-18,9.509917381471691e-18,9.509917392504684e-18,9.509917403537428e-18,9.509917414569913e-18,9.509917425602071e-18,9.509917436634027e-18,9.509917447665755e-18,9.509917458697225e-18,9.50991746972844e-18,9.509917480759401e-18,9.509917491790097e-18,9.509917502820566e-18,9.509917513850763e-18,9.509917524880701e-18,9.509917535910396e-18,9.509917546939819e-18,9.509917557968994e-18,9.509917568997918e-18,9.509917580026565e-18,9.509917591054978e-18,9.509917602083136e-18,9.50991761311103e-18,9.509917624138682e-18,9.509917635166064e-18,9.509917646193186e-18,9.509917657220067e-18,9.50991766824671e-18,9.509917679273097e-18,9.509917690299226e-18,9.509917701325103e-18,9.509917712350728e-18,9.509917723376093e-18,9.509917734401187e-18,9.509917745426053e-18,9.50991775645066e-18,9.509917767474975e-18,9.509917778499068e-18,9.5099177895229e-18,9.509917800546485e-18,9.509917811569807e-18,9.509917822592896e-18,9.509917833615724e-18,9.509917844638302e-18,9.509917855660628e-18,9.5099178666827e-18,9.50991787770451e-18,9.509917888726078e-18,9.509917899747388e-18,9.509917910768451e-18,9.509917921789263e-18,9.509917932809792e-18,9.509917943830048e-18,9.509917954850103e-18,9.509917965869911e-18,9.509917976889416e-18,9.509917987908694e-18,9.509917998927785e-18,9.50991800994657e-18,9.509918020965106e-18,9.509918031983383e-18,9.509918043001408e-18,9.509918054019179e-18,9.509918065036692e-18,9.509918076053956e-18,9.509918087070969e-18,9.50991809808773e-18,9.509918109104257e-18,9.509918120120514e-18,9.509918131136492e-18,9.509918142152246e-18,9.509918153167746e-18,9.509918164182987e-18,9.509918175197979e-18,9.50991818621273e-18,9.509918197227236e-18,9.509918208241477e-18,9.509918219255465e-18,9.509918230269208e-18,9.5099182412827e-18,9.509918252295898e-18,9.509918263308878e-18,9.509918274321614e-18,9.509918285334093e-18,9.50991829634634e-18,9.509918307358333e-18,9.50991831837006e-18,9.50991832938151e-18,9.509918340392737e-18,9.50991835140371e-18,9.509918362414333e-18,9.509918373424803e-18,9.50991838443502e-18,9.509918395444984e-18,9.509918406454686e-18,9.50991841746416e-18,9.509918428473385e-18,9.509918439482328e-18,9.509918450491048e-18,9.509918461499502e-18,9.50991847250772e-18,9.509918483515697e-18,9.509918494523409e-18,9.509918505530875e-18,9.509918516538079e-18,9.509918527545037e-18,9.509918538551753e-18,9.509918549558256e-18,9.509918560564468e-18,9.509918571570435e-18,9.50991858257614e-18,9.509918593581602e-18,9.50991860458681e-18,9.509918615591778e-18,9.50991862659648e-18,9.509918637600952e-18,9.50991864860517e-18,9.50991865960913e-18,9.509918670612841e-18,9.509918681616314e-18,9.50991869261951e-18,9.509918703622507e-18,9.509918714625223e-18,9.50991872562768e-18,9.509918736629954e-18,9.509918747631925e-18,9.509918758633633e-18,9.509918769635127e-18,9.509918780636347e-18,9.509918791637313e-18,9.509918802638017e-18,9.509918813638479e-18,9.50991882463862e-18,9.509918835638581e-18,9.509918846638304e-18,9.509918857637766e-18,9.509918868636989e-18,9.509918879635953e-18,9.509918890634679e-18,9.509918901633155e-18,9.509918912631378e-18,9.509918923629347e-18,9.50991893462707e-18,9.509918945624553e-18,9.509918956621769e-18,9.509918967618749e-18,9.509918978615477e-18,9.509918989611966e-18,9.509919000608201e-18,9.50991901160418e-18,9.509919022599921e-18,9.509919033595399e-18,9.509919044590644e-18,9.509919055585688e-18,9.509919066580422e-18,9.509919077574909e-18,9.509919088569163e-18,9.509919099563146e-18,9.509919110556895e-18,9.509919121550393e-18,9.509919132543638e-18,9.509919143536647e-18,9.509919154529425e-18,9.50991916552193e-18,9.509919176514195e-18,9.509919187506229e-18,9.509919198498044e-18,9.50991920948957e-18,9.509919220480849e-18,9.509919231471872e-18,9.509919242462652e-18,9.509919253453193e-18,9.50991926444347e-18,9.509919275433493e-18,9.509919286423282e-18,9.509919297412821e-18,9.509919308402116e-18,9.509919319391135e-18,9.509919330379952e-18,9.509919341368482e-18,9.50991935235679e-18,9.509919363344845e-18,9.509919374332681e-18,9.509919385320219e-18,9.509919396307526e-18,9.509919407294599e-18,9.509919418281419e-18,9.509919429268007e-18,9.509919440254335e-18,9.509919451240319e-18,9.509919462226133e-18,9.509919473211711e-18,9.509919484197063e-18,9.509919495182062e-18,9.5099195061669e-18,9.509919517151498e-18,9.509919528135878e-18,9.509919539119982e-18,9.50991955010385e-18,9.50991956108747e-18,9.509919572070823e-18,9.509919583053949e-18,9.509919594036826e-18,9.509919605019466e-18,9.50991961600185e-18,9.509919626983981e-18,9.509919637965874e-18,9.509919648947519e-18,9.509919659928922e-18,9.509919670910081e-18,9.509919681890968e-18,9.509919692871631e-18,9.50991970385207e-18,9.509919714832248e-18,9.509919725812173e-18,9.50991973679185e-18,9.509919747771315e-18,9.509919758750509e-18,9.509919769729456e-18,9.509919780708153e-18,9.509919791686604e-18,9.50991980266484e-18,9.509919813642812e-18,9.509919824620551e-18,9.509919835598022e-18,9.50991984657525e-18,9.509919857552223e-18,9.509919868528962e-18,9.509919879505458e-18,9.509919890481736e-18,9.509919901457744e-18,9.509919912433498e-18,9.509919923408963e-18,9.509919934384237e-18,9.509919945359257e-18,9.509919956334042e-18,9.50991996730857e-18,9.509919978282847e-18,9.509919989256929e-18,9.50992000023078e-18,9.50992001120434e-18,9.509920022177626e-18,9.509920033150689e-18,9.509920044123522e-18,9.509920055096093e-18,9.509920066068435e-18,9.509920077040486e-18,9.509920088012327e-18,9.509920098983928e-18,9.509920109955263e-18,9.509920120926376e-18,9.509920131897243e-18,9.509920142867893e-18,9.509920153838275e-18,9.50992016480841e-18,9.509920175778306e-18,9.509920186747957e-18,9.509920197717346e-18,9.509920208686481e-18,9.509920219655406e-18,9.509920230624082e-18,9.509920241592513e-18,9.509920252560698e-18,9.509920263528677e-18,9.509920274496381e-18,9.509920285463843e-18,9.509920296431051e-18,9.509920307398031e-18,9.509920318364757e-18,9.509920329331233e-18,9.509920340297478e-18,9.509920351263491e-18,9.509920362229238e-18,9.509920373194752e-18,9.509920384160007e-18,9.509920395125023e-18,9.509920406089823e-18,9.509920417054367e-18,9.509920428018654e-18,9.509920438982707e-18,9.509920449946522e-18,9.50992046091006e-18,9.509920471873388e-18,9.509920482836476e-18,9.50992049379921e-18,9.509920504761811e-18,9.509920515724171e-18,9.509920526686254e-18,9.50992053764814e-18,9.509920548609767e-18,9.50992055957116e-18,9.50992057053231e-18,9.509920581493215e-18,9.509920592453864e-18,9.50992060341428e-18,9.50992061437446e-18,9.509920625334398e-18,9.509920636294089e-18,9.509920647253543e-18,9.509920658212737e-18,9.509920669171702e-18,9.509920680130435e-18,9.509920691088918e-18,9.509920702047157e-18,9.509920713005159e-18,9.509920723962926e-18,9.509920734920436e-18,9.509920745877713e-18,9.509920756834747e-18,9.509920767791546e-18,9.509920778748069e-18,9.509920789704386e-18,9.509920800660452e-18,9.509920811616268e-18,9.509920822571854e-18,9.509920833527191e-18,9.509920844482284e-18,9.509920855437202e-18,9.509920866391824e-18,9.50992087734619e-18,9.509920888300328e-18,9.509920899254237e-18,9.509920910207896e-18,9.50992092116132e-18,9.509920932114494e-18,9.509920943067427e-18,9.509920954020106e-18,9.509920964972554e-18,9.509920975924767e-18,9.509920986876738e-18,9.509920997828423e-18,9.509921008779912e-18,9.509921019731158e-18,9.509921030682164e-18,9.509921041632935e-18,9.509921052583464e-18,9.509921063533758e-18,9.509921074483812e-18,9.509921085433626e-18,9.509921096383218e-18,9.509921107332542e-18,9.509921118281611e-18,9.509921129230475e-18,9.509921140179083e-18,9.509921151127445e-18,9.509921162075596e-18,9.509921173023481e-18,9.509921183971126e-18,9.509921194918536e-18,9.50992120586571e-18,9.509921216812638e-18,9.509921227759325e-18,9.509921238705784e-18,9.509921249651993e-18,9.509921260597965e-18,9.509921271543699e-18,9.509921282489191e-18,9.509921293434444e-18,9.509921304379434e-18,9.509921315324217e-18,9.509921326268648e-18,9.509921337212942e-18,9.509921348156995e-18,9.509921359100813e-18,9.509921370044395e-18,9.509921380987734e-18,9.509921391930834e-18,9.509921402873681e-18,9.509921413816318e-18,9.509921424758706e-18,9.509921435700906e-18,9.509921446642823e-18,9.509921457584471e-18,9.509921468525892e-18,9.509921479467082e-18,9.509921490408035e-18,9.509921501348755e-18,9.509921512289236e-18,9.509921523229468e-18,9.50992153416947e-18,9.50992154510923e-18,9.509921556048752e-18,9.509921566988037e-18,9.509921577927085e-18,9.509921588865887e-18,9.509921599804466e-18,9.509921610742778e-18,9.509921621680869e-18,9.50992163261871e-18,9.509921643556317e-18,9.509921654493692e-18,9.509921665430831e-18,9.509921676367756e-18,9.509921687304416e-18,9.509921698240838e-18,9.509921709177034e-18,9.509921720112991e-18,9.509921731048702e-18,9.509921741984169e-18,9.509921752919356e-18,9.509921763854359e-18,9.509921774789124e-18,9.509921785723643e-18,9.509921796657997e-18,9.509921807592057e-18,9.509921818525851e-18,9.509921829459434e-18,9.50992184039277e-18,9.509921851325876e-18,9.50992186225873e-18,9.509921873191354e-18,9.509921884123741e-18,9.509921895055875e-18,9.509921905987787e-18,9.509921916919467e-18,9.509921927850921e-18,9.50992193878212e-18,9.50992194971309e-18,9.509921960643813e-18,9.509921971574308e-18,9.509921982504565e-18,9.509921993434582e-18,9.509922004364369e-18,9.509922015293877e-18,9.509922026223193e-18,9.509922037152258e-18,9.509922048081088e-18,9.509922059009691e-18,9.50992206993806e-18,9.509922080866186e-18,9.509922091794157e-18,9.509922102721816e-18,9.509922113649264e-18,9.509922124576448e-18,9.509922135503406e-18,9.50992214643008e-18,9.509922157356555e-18,9.509922168282846e-18,9.509922179208833e-18,9.509922190134613e-18,9.509922201060106e-18,9.509922211985396e-18,9.509922222910459e-18,9.509922233835276e-18,9.509922244759866e-18,9.50992225568428e-18,9.509922266608367e-18,9.509922277532225e-18,9.509922288455879e-18,9.509922299379284e-18,9.509922310302456e-18,9.509922321225394e-18,9.509922332148097e-18,9.509922343070562e-18,9.509922353992799e-18,9.509922364914803e-18,9.509922375836555e-18,9.509922386758081e-18,9.509922397679377e-18,9.509922408600427e-18,9.509922419521244e-18,9.509922430441829e-18,9.5099224413622e-18,9.509922452282316e-18,9.509922463202199e-18,9.509922474121849e-18,9.509922485041257e-18,9.50992249596044e-18,9.50992250687937e-18,9.509922517798113e-18,9.509922528716587e-18,9.509922539634821e-18,9.509922550552826e-18,9.509922561470596e-18,9.509922572388143e-18,9.509922583305455e-18,9.509922594222483e-18,9.509922605139318e-18,9.509922616055922e-18,9.509922626972267e-18,9.509922637888398e-18,9.509922648804297e-18,9.509922659719961e-18,9.509922670635394e-18,9.509922681550593e-18,9.509922692465551e-18,9.509922703380208e-18,9.509922714294704e-18,9.509922725208961e-18,9.509922736122997e-18,9.509922747036796e-18,9.509922757950357e-18,9.509922768863692e-18,9.50992277977677e-18,9.50992279068964e-18,9.509922801602264e-18,9.509922812514652e-18,9.509922823426811e-18,9.509922834338722e-18,9.509922845250423e-18,9.509922856161884e-18,9.509922867073109e-18,9.509922877984115e-18,9.509922888894875e-18,9.509922899805399e-18,9.50992291071569e-18,9.50992292162581e-18,9.509922932535648e-18,9.509922943445226e-18,9.509922954354587e-18,9.509922965263703e-18,9.509922976172598e-18,9.509922987081238e-18,9.509922997989664e-18,9.50992300889786e-18,9.5099230198058e-18,9.509923030713538e-18,9.509923041621033e-18,9.509923052528299e-18,9.50992306343532e-18,9.509923074342121e-18,9.5099230852487e-18,9.509923096155035e-18,9.509923107061135e-18,9.509923117967015e-18,9.509923128872642e-18
5,0.0,0.0,0.0,0.0,0.0,0.0,0.0,0.0,0.0,0.0,0.0,0.0,0.0,0.0,0.0,0.0,0.0,0.0,0.0,0.0,0.0,0.0,0.0,0.0,0.0,0.0,0.0,0.0,0.0,0.0,0.0,0.0,0.0,0.0,0.0,0.0,0.0,0.0,0.0,0.0,0.0,0.0,0.0,0.0,0.0,0.0,0.0,0.0,0.0,0.0,0.0,0.0,0.0,0.0,0.0,0.0,0.0,0.0,0.0,0.0,0.0,0.0,0.0,0.0,0.0,0.0,0.0,0.0,0.0,0.0,0.0,0.0,0.0,0.0,0.0,0.0,0.0,0.0,0.0,0.0,0.0,0.0,0.0,0.0,0.0,0.0,0.0,0.0,0.0,0.0,0.0,0.0,0.0,0.0,0.0,0.0,0.0,0.0,0.0,0.0,0.0,0.0,0.0,0.0,0.0,0.0,0.0,0.0,0.0,0.0,0.0,0.0,0.0,0.0,0.0,0.0,0.0,0.0,0.0,0.0,0.0,0.0,0.0,0.0,0.0,0.0,0.0,0.0,0.0,0.0,0.0,0.0,0.0,0.0,0.0,0.0,0.0,0.0,0.0,0.0,0.0,0.0,0.0,0.0,0.0,0.0,0.0,0.0,0.0,0.0,0.0,0.0,0.0,0.0,0.0,0.0,0.0,0.0,0.0,0.0,0.0,0.0,0.0,0.0,0.0,0.0,0.0,0.0,0.0,0.0,0.0,0.0,0.0,0.0,0.0,0.0,0.0,0.0,0.0,0.0,0.0,0.0,0.0,0.0,0.0,0.0,0.0,0.0,0.0,0.0,0.0,0.0,0.0,0.0,0.0,0.0,0.0,0.0,0.0,0.0,0.0,0.0,0.0,0.0,0.0,0.0,0.0,0.0,0.0,0.0,0.0,0.0,0.0,0.0,0.0,0.0,0.0,0.0,0.0,0.0,0.0,0.0,0.0,0.0,0.0,0.0,0.0,0.0,0.0,0.0,0.0,0.0,0.0,0.0,0.0,0.0,0.0,0.0,0.0,0.0,0.0,0.0,0.0,0.0,0.0,0.0,0.0,0.0,0.0,0.0,0.0,0.0,0.0,0.0,0.0,0.0,0.0,0.0,0.0,0.0,0.0,0.0,0.0,0.0,0.0,0.0,0.0,0.0,0.0,0.0,0.0,0.0,0.0,0.0,0.0,0.0,0.0,0.0,0.0,0.0,0.0,0.0,0.0,0.0,0.0,0.0,0.0,0.0,0.0,0.0,0.0,0.0,0.0,0.0,0.0,0.0,0.0,0.0,0.0,0.0,0.0,0.0,0.0,0.0,0.0,0.0,0.0,0.0,0.0,0.0,0.0,0.0,0.0,0.0,0.0,0.0,0.0,0.0,0.0,0.0,0.0,0.0,0.0,0.0,0.0,0.0,0.0,0.0,0.0,0.0,0.0,0.0,0.0,0.0,0.0,0.0,0.0,0.0,0.0,0.0,0.0,0.0,0.0,0.0,0.0,0.0,0.0,0.0,0.0,0.0,0.0,0.0,0.0,0.0,0.0,0.0,0.0,0.0,0.0,0.0,0.0,0.0,0.0,0.0,0.0,0.0,0.0,0.0,0.0,0.0,0.0,0.0,0.0,0.0,0.0,0.0,0.0,0.0,0.0,0.0,0.0,0.0,0.0,0.0,0.0,0.0,0.0,0.0,0.0,0.0,0.0,0.0,0.0,0.0,0.0,0.0,0.0,0.0,0.0,0.0,0.0,0.0,0.0,0.0,0.0,0.0,0.0,0.0,0.0,0.0,0.0,0.0,0.0,0.0,0.0,0.0,0.0,0.0,0.0,0.0,0.0,0.0,0.0,0.0,0.0,0.0,0.0,0.0,0.0,0.0,0.0,0.0,0.0,0.0,0.0,0.0,0.0,0.0,0.0,0.0,0.0,0.0,0.0,0.0,0.0,0.0,0.0,0.0,0.0,0.0,0.0,0.0,0.0,0.0,0.0,0.0,0.0,0.0,0.0,0.0,0.0,0.0,0.0,0.0,0.0,0.0,0.0,0.0,0.0,0.0,0.0,0.0,0.0,0.0,0.0,0.0,0.0,0.0,0.0,0.0,0.0,0.0,0.0,0.0,0.0,0.0,0.0,0.0,0.0,0.0,0.0,0.0,0.0,0.0,0.0,0.0,0.0,0.0,0.0,0.0,0.0,0.0,0.0,0.0,0.0,0.0,0.0,0.0,0.0,0.0,0.0,0.0,0.0,0.0,0.0,0.0,0.0,0.0,0.0,0.0,0.0,0.0,0.0,0.0,0.0,0.0,0.0,0.0,0.0,0.0,0.0,0.0,0.0,0.0,0.0,0.0,0.0,0.0,0.0,0.0,0.0,0.0,0.0,0.0,0.0,0.0,0.0,0.0,0.0,0.0,0.0,0.0,0.0,0.0,0.0,0.0,0.0,0.0,0.0,0.0,0.0,0.0,0.0,0.0,0.0,0.0,0.0,0.0,0.0,0.0,0.0,0.0,0.0,0.0,0.0,0.0,0.0,0.0,0.0,0.0,0.0,0.0,0.0,0.0,0.0,0.0,0.0,0.0,0.0,0.0,0.0,0.0,0.0,0.0,0.0,0.0,0.0,0.0,0.0,0.0,0.0,0.0,0.0,0.0,0.0,0.0,0.0,0.0,0.0,0.0,0.0,0.0,0.0,0.0,0.0,0.0,0.0,0.0,0.0,0.0,0.0,0.0,0.0,0.0,0.0,0.0,0.0,0.0,0.0,0.0,0.0,0.0,0.0,0.0,0.0,0.0,0.0,0.0,0.0,0.0,0.0,0.0,0.0,0.0,0.0,0.0,0.0,0.0,0.0,0.0,0.0,0.0,0.0,0.0,0.0,0.0,0.0,0.0,0.0,0.0,0.0,0.0,0.0,0.0,0.0,0.0,0.0,0.0,0.0,0.0,0.0,0.0,0.0,0.0,0.0,0.0,0.0,0.0,0.0,0.0,0.0,0.0,0.0,0.0,0.0,0.0,0.0,0.0,0.0,0.0,0.0,0.0,0.0,0.0,0.0,0.0,0.0,0.0,0.0,0.0,0.0,0.0,0.0,0.0,0.0,0.0,0.0,0.0,0.0,0.0,0.0,0.0,0.0,0.0,0.0,0.0,0.0,0.0,0.0,0.0,0.0,0.0,0.0,0.0,0.0,0.0,0.0,0.0,0.0,0.0,0.0,0.0,0.0,0.0,0.0,0.0,0.0,0.0,0.0,0.0,0.0,0.0,0.0,0.0,0.0,0.0,0.0,0.0,0.0,0.0,0.0,0.0,0.0,0.0,0.0,0.0,0.0,0.0,0.0,0.0,0.0,0.0,0.0,0.0,0.0,0.0,0.0,0.0,0.0,0.0,0.0,0.0,0.0,0.0,0.0,0.0,0.0,0.0,0.0,0.0,0.0,0.0,0.0,0.0,0.0,0.0,0.0,0.0,0.0,0.0,0.0,0.0,0.0,0.0,0.0,0.0,0.0,0.0,0.0,0.0,0.0,0.0,0.0,0.0,0.0,0.0,0.0,0.0,0.0,0.0,0.0,0.0,0.0,0.0,0.0,0.0,0.0,0.0,0.0,0.0,0.0,0.0,0.0,0.0,0.0,0.0,0.0,0.0,0.0,0.0,0.0,0.0,0.0,0.0,0.0,0.0,0.0,0.0,0.0,0.0,0.0,0.0,0.0,0.0,0.0,0.0,0.0,0.0,0.0,0.0,0.0,0.0,0.0,0.0,0.0,0.0,0.0,0.0,0.0,0.0,0.0,0.0,0.0,0.0,0.0,0.0,0.0,0.0,0.0,0.0,0.0,0.0,0.0,0.0,0.0,0.0,0.0,0.0,0.0,0.0,0.0,0.0,0.0,0.0,0.0,0.0,0.0,0.0,0.0,0.0,0.0,0.0,0.0,0.0,0.0,0.0,0.0,0.0,0.0,0.0,0.0,0.0,0.0,0.0,0.0,0.0,0.0,0.0,0.0,0.0,0.0,0.0,0.0,0.0,0.0,0.0,0.0,0.0,0.0,0.0,0.0,0.0,0.0,0.0,0.0,0.0,0.0,0.0,0.0,0.0,0.0,0.0,0.0,0.0,0.0,0.0,0.0,0.0,0.0,0.0,0.0,0.0,0.0,0.0,0.0,0.0,0.0,-2.720543419252229e-42,-5.45501024305888e-42,7.555656849583714e-43,7.555656849583714e-43,7.555656849583714e-43,7.555656849583714e-43,7.555656849583714e-43,7.555656849583714e-43,7.555656849583714e-43,7.555656849583714e-43,7.555656849583714e-43,4.8751295190634684e-42,4.8751295190634684e-42,4.8751295190634684e-42,4.8751295190634684e-42,4.8751295190634684e-42,4.8751295190634684e-42,4.8751295190634684e-42,4.8751295190634684e-42,4.8751295190634684e-42,4.8751295190634684e-42,4.8751295190634684e-42,4.8751295190634684e-42,4.8751295190634684e-42,4.8751295190634684e-42,4.8751295190634684e-42,4.8751295190634684e-42,4.8751295190634684e-42,4.8751295190634684e-42,4.8751295190634684e-42,4.8751295190634684e-42,4.8751295190634684e-42,4.8751295190634684e-42,4.8751295190634684e-42,4.8751295190634684e-42,8.123920577512908e-42,8.123920577512908e-42,8.123920577512908e-42,8.123920577512908e-42,8.123920577512908e-42,8.123920577512908e-42,8.123920577512908e-42,8.123920577512908e-42,8.123920577512908e-42,8.123920577512908e-42,8.123920577512908e-42,8.123920577512908e-42,8.123920577512908e-42,8.123920577512908e-42,8.123920577512908e-42,8.123920577512908e-42,8.123920577512908e-42,8.123920577512908e-42,5.495815368430013e-07,1.115954796216341e-06,1.6967613797518376e-06,2.290076675475507e-06,2.894315816271154e-06,3.50816300447714e-06,4.130517688670055e-06,4.760453083575332e-06,5.397183856631755e-06,6.040040707873982e-06,6.688450192816817e-06,7.3419185746845845e-06,8.000018802782908e-06,8.662379937670138e-06,9.3286785067951e-06,9.998631394845251e-06,1.0671989962611964e-05,1.1348535155713444e-05,1.202807341573387e-05,1.2710433245684842e-05,1.3395462311637885e-05,1.4083024986296215e-05,1.4773000258324284e-05,1.5465279945891967e-05,1.6159767164344308e-05,1.68563750070126e-05,1.755502540551441e-05,1.825564814179744e-05,1.8958179988910702e-05,1.966256396139357e-05,2.0368748659308933e-05,2.1076687692558816e-05,2.178633917420858e-05,2.2497665273374223e-05,2.3210631819611874e-05,2.3925207952011427e-05,2.4641365807192355e-05,2.5359080241235174e-05,2.6078328581314782e-05,2.6799090403388055e-05,2.752134733279545e-05,2.8245082865066088e-05,2.897028220458016e-05,2.9696932119050702e-05,3.0425020808051155e-05,3.1154537784047593e-05,3.188547376457476e-05,3.261782057437796e-05,3.335157105647651e-05,3.408671899122757e-05,3.4823259022593896e-05,3.5561186590879324e-05,3.6300497871315194e-05,3.7041189717923764e-05,3.778325961216274e-05,3.852670561589576e-05,3.927152632829562e-05,4.001772084631692e-05,4.076528872841996e-05,4.1514229961259354e-05,4.226454492905693e-05,4.301623438546668e-05,4.3769299427673235e-05,4.4523741472560766e-05,4.5279562234775715e-05,4.6036763706502475e-05,4.6795348138853895e-05,4.755531802469598e-05,4.831667608283486e-05,4.907942524340852e-05,4.984356863443726e-05,5.060910956940322e-05,5.137605153579092e-05,5.214439818451842e-05,5.291415332017908e-05,5.3685320892037245e-05,5.44579049857207e-05,5.5231909815552046e-05,5.6007339717469414e-05,5.678419914249876e-05,5.7562492650729675e-05,5.834222490575582e-05,5.9123400669548866e-05,5.990602479773417e-05,6.069010223522907e-05,6.147563801223032e-05,6.226263724051477e-05,6.305110511003048e-05,6.384104688576247e-05,6.463246790485065e-05,6.542537357393491e-05,6.621976936671957e-05,6.701566082174267e-05,6.781305354031316e-05,6.861195318463829e-05,6.941236547610667e-05,7.021429619370767e-05,7.101775117260081e-05,7.182273630280255e-05,7.262925752799707e-05,7.343732084445366e-05,7.424693230004709e-05,7.505809799336886e-05,7.587082407293264e-05,7.668511673645426e-05,7.750098223021139e-05,7.831842684846603e-05,7.91374569329653e-05,7.995807887249994e-05,8.078029910250864e-05,8.160412410473675e-05,8.242956040695787e-05,8.325661458273066e-05,8.408529325119795e-05,8.491560307692876e-05,8.574755076979458e-05,8.658114308488421e-05,8.741638682244095e-05,8.825328882784913e-05,8.909185599162715e-05,8.993209524946118e-05,9.077401358225848e-05,9.161761801622374e-05,9.246291562295766e-05,9.330991351957647e-05,9.415861886885234e-05,9.500903887936732e-05,9.586118080568907e-05,9.671505194856088e-05,9.757065965510324e-05,9.842801131903959e-05,9.928711438092299e-05,0.00010014797632838712,0.00010101060469640094,0.00010187500706752964,0.00010274119107224816,0.00010360916438919268,0.0001044789347454867,0.00010535050991703896,0.00010622389772888323,0.00010709910605549091,0.00010797614282111565,0.00010885501600014137,0.00010973573361743569,0.00011061830374871595,0.00011150273452091637,0.00011238903411256886,0.00011327721075419018,0.00011416727272866815,0.00011505922837166568,0.00011595308607202823,0.00011684885427219417,0.00011774654146861563,0.00011864615621218375,0.00011954770710866333,0.00012045120281912626,0.00012135665206040217,0.0001222640636055324,0.00012317344628422008,0.00012408480898329713,0.00012499816064719365,0.0001259135102784152,0.00012683086693802102,0.00012775023974611677,0.00012867163788235386,0.0001295950705864112,0.00013052054715852014,0.00013144807695996392,0.00013237766941360935,0.000133309334004423,0.00013424308028000406,0.00013517891785112248,0.00013611685639225698,0.00013705690564215741,0.00013799907540438774,0.0001389433755479001,0.00013988981600759394,0.00014083840678489853,0.0001417891579483509,0.00014274207963418074,0.00014369718204692693,0.0001446544754600176,0.00014561397021638635,0.00014657567672908745,0.0001475396054819301,0.000148505767030086,0.00014947417200074362,0.0001504448310937594,0.00015141775508228084,0.0001523929548134389,0.00015337044120899558,0.00015435022526602218,0.00015533231805758428,0.0001563167307334295,0.00015730347452068102,0.00015829256072455133,0.00015928400072905122,0.00016027780599771194,0.00016127398807431364,0.00016227255858362698,0.0001632735292321611,0.0001642769118089135,0.000165282718186135,0.00016629096032011912,0.00016730165025195205,0.00016831480010833126,0.00016933042210235262,0.00017034852853432808,0.00017136913179259633,0.00017239224435435673,0.00017341787878651034,0.0001744460477464868,0.00017547676398314043,0.00017651004033758392,0.00017754588974408034,0.00017858432523093192,0.00017962535992137812,0.00018066900703450254,0.00018171527988616176,0.00018276419188990257,0.0001838157565579159,0.00018486998750199028,0.0001859268984344659,0.0001869865031692325,0.00018804881562269743,0.00018911384981479867,0.00019018161987001089,0.0001912521400183738,0.00019232542459652604,0.00019340148804876072,0.00019448034492808625,0.0001955620098972953,0.00019664649773006295,0.00019773382331204504,0.00019882400164199487,0.00019991704783289076,0.00020101297711308275,0.00020211180482744874,0.00020321354643857,0.00020431821752791112,0.0002054258337970258,0.0002065364110687731,0.00020764996528855034,0.00020876651252553976,0.00020988606897397088,0.00021100865095439975,0.00021213427491500306,0.00021326295743289708,0.00021439471521544426,0.00021552956510163335,0.00021666752406341512,0.0002178086092070892,0.00021895283777470414,0.0002201002271454671,0.00022125079483718688,0.00022240455850772086,0.00022356153595644797,0.0002247217451257478,0.0002258852041025345,0.00022705193111976617,0.00022822194455800809,0.00022939526294698634,0.00023057190496718777,0.00023175188945147453,0.0002329352353867116,0.00023412196191543042,0.00023531208833748964,0.00023650563411179289,0.0002377026188579815,0.0002389030623582201,0.00024010698455893348,0.00024131440557261156,0.0002425253456796107,0.0002437398253300186,0.00024495786514550295,0.0002461794859212075,0.00024740470862766306,0.0002486335544127383,0.0002498660446036043,0.0002511022007087348,0.000252342044419927,0.00025358559761436134,0.00025483288235666964,0.0002560839209010559,0.0002573387356934241,0.0002585973493735619,0.0002598597847773272,0.00026112606493888433,0.00026239621309296827,0.0002636702526771494,0.000264948207334212,0.00026623010091447296,0.0002675159574781871,0.0002688058012979682,0.00027009965686125836,0.00027139754887280776,0.0002726995022572324,0.0002740055421615556,0.00027531569395783633,0.0002766299832458024,0.00027794843585552884,0.0002792710778501807,0.0002805979355287362,0.0002819290354288189,0.000283264404329527,0.0002846040692543273,0.0002859480574739751,0.0002872963965094885,0.0002886491141351537,0.0002900062383815993,0.000291367797538891,0.0002927338201596867,0.0002941043350624468,0.00029547937133465115,0.00029685895833612524,0.0002982431257023717,0.00029963190334797793,0.0003010253214700626,0.00030242341055176014,0.0003038262013658079,0.00030523372497814406,0.0003066460127515506,0.0003080630963494031,0.0003094850077394442,0.00031091177919762063,0.00031234344331198307,0.00031378003298664797,0.0003152215814458163,0.00031666812223786944,0.0003181196892395062,0.0003195763166599635,0.00032103803904529364,0.00032250489128273803,0.0003239769086051264,0.00032545412659537137,0.0003269365811910388,0.00032842430868897815,0.00032991734575005114,0.00033141572940386884,0.0003329194970537448,0.0003344286864815805,0.0003359433358529,0.0003374634837219651,0.0003389891690369779,0.00034052043114535225,0.00034205730979907685,0.00034359984516018813,0.0003451480778062982,0.000346702048736245,0.00034826179937584833,0.0003498273715836921,0.00035139880765710233,0.00035297615033815524,0.0003545594428198156,0.0003561487287521777,0.0003577440522488116,0.00035934545789319993,0.00036095299074533294,0.00036256669634836795,0.00036418662073540726,0.0003658128104364542,0.00036744531248541985,0.000369084174427269,0.00037072944432532326,0.00037238117076866226,0.0003740394028796642,0.00037570419032168444,0.0003773755833068657,0.00037905363260408887,0.0003807383895470686,0.0003824299060425886,0.00038412823457890347,0.00038583342823423825,0.0003875455406855681,0.00038926462621735993,0.0003909907397306773,0.0003927239367523239,0.00039446427344418675,0.00039621180661279814,0.00039796659371895744,0.0003997286928877172,0.0004014981629183719,0.0004032750632947353,0.0004050594541955656,0.00040685139650524363,0.0004086509518245904,0.0004104581824819331,0.00041227315154435974,0.0004140959228291622,0.00041592656091560775,0.00041776513115683074,0.00041961169969196346,0.0004214663334585322,0.000423329100205118,0.0004252000685041946,0.00042707930776530816,0.0004289668882484042,0.00043086288107754763,0.00043276735825479586,0.0004346803926744678,0.0004366020581375513,0.0004385324293665629,0.0004404715820205196,0.0004424195927104664,0.00044437653901505813,0.0004463424994965988,0.00044831755371740873,0.0004503017822564671,0.00045229526672645664,0.00045429808979114675,0.0004563103351830924,0.0004583320877217845,0.00046036343333209686,0.0004624044590631941,0.0004644552531077871,0.00046651590482177,0.0004685865047443726,0.0004706671446187197,0.0004727579174127219,0.000474858917340533,0.00047697023988442256,0.00047909198181715596,0.0004812242412248273,0.00048336711753019885,0.00048552071151656726,0.0004876851253521609,0.0004898604626150175,0.0004920468283185292,0.0004942443289374826,0.000496453072434626,0.0004986731682879738,0.0005009047275186386,0.0005031478627193036,0.0005054026880833709,0.0005076693194347502,0.0005099478742583553,0.0005122384717312971,0.000514541232754783,0.0005168562799867981,0.000519183737875515,0.0005215237326935215,0.000523876392572809,0.0005262418475406714,0.0005286202295563478,0.0005310116725486378,0.0005334163124544662,0.0005358342872580952,0.0005382657370316667,0.0005407108039765706,0.000543169632465732,0.0005456423690870262,0.0005481291626878375,0.0005506301644205269,0.0005531455277892971,0.0005556754086979686,0.0005582199654991224,0.0005607793590444916,0.0005633537527365091,0.0005659433125812897,0.0005685482072429266,0.0005711686080991583,0.0005738046892985748,0.000576456627819163,0.0005791246035285407,0.0005818087992455962,0.0005845094008039746,0.0005872265971170577,0.000589960580244766,0.0005927115454621455,0.0005954796913297726,0.0005982652197661003,0.0006010683361217324,0.0006038892492557866,0.0006067281716142803,0.0006095853193107349,0.0006124609122090028,0.0006153551740084266,0.0006182683323313209,0.0006212006188130339,0.0006241522691944355,0.000627123523417128,0.000630114625721327,0.0006331258247466303,0.0006361573736355969,0.0006392095301405114,0.0006422825567330618,0.0006453767207173983,0.0006484922943464864,0.000651629554941907,0.0006547887850172824,0.0006579702724053277,0.0006611743103888555,0.0006644011978357018,0.0006676512393377382,0.0006709247453543072,0.0006742220323599011,0.0006775434229966099,0.0006808892462311194,0.0006842598375169307,0.0006876555389614904,0.0006910766994987593,0.0006945236750672297,0.0006979968287937604,0.0007014965311832566,0.0007050231603146408,0.0007085771020432053,0.0007121587502096414,0.0007157685068559891,0.0007194067824488301,0.0007230739961099419,0.0007267705758548261,0.0007304969588392242,0.000734253591614124,0.0007380409303897648,0.0007418594413083696,0.0007457096007267394,0.0007495918955085725,0.0007535068233273011,0.0007574548929794052,0.0007614366247093804,0.0007654525505460436,0.0007695032146509491,0.0007735891736800916,0.0007777109971582633,0.000781869267867681,0.0007860645822508699,0.0007902975508287897,0.0007945687986346524,0.0007988789656643818,0.0008032287073441328,0.0008076186950159057,0.0008120496164421949,0.0008165221763300569,0.0008210370968760609,0.0008255951183327624,0.0008301969995978073,0.0008348435188267519,0.0008395354740708044,0.0008442736839404805,0.0008490589882966333,0.0008538922489701425,0.0008587743505116265,0.0008637062009727157,0.0008686887327204471,0.0008737229032864707,0.0008788096962528023,0.0008839501221760545,0.0008891452195519987,0.0008943960558227218,0.0008997037284285949,0.0009050693659071935,0.0009104941290419651,0.0009159792120631107,0.0009215258439037548,0.0009271352895137979,0.000932808851235685,0.0009385478702441497,0.0009443537280556199,0.000950227848107951,0.0009561716974178474,0.0009621867883185378,0.0009682746802825663,0.0009744369818354084,0.000980675352563974,0.0009869915052271843,0.0009933872079731544,0.000999864286670863,0.001006424627362298,0.0010130701788426007,0.001019802955376883,0.0010266250395610803,0.001033538585337609,0.001040545821173506,0.0010476490534135734,0.0010548506698187024,0.0010621531433019627,0.0010695590358754973,0.0010770710028222292,0.0010846917971075096,0.0010924242740477602,0.0011002713962524194,0.001108236238859602,0.0011163219950853505,0.0011245319821090595,0.0011328696473190496,0.0011413385749441253,0.0011499424931000679,0.0011586852812811434,0.0011675709783301375,0.0011766037909226354,0.0011857881026059668,0.0011951284834343994,0.0012046297002471743,0.0012142967276415134,0.0012241347596941938,0.0012341492224931074,0.0012443457875446053,0.0012547303861289553,0.0012653092246826638,0.0012760888012946817,0.0012870759234112296,0.0012982777268537578,0.0013097016962647487,0.001321355687106978,0.0013332479493557965,0.001345387153037072,0.0013577824157798776,0.0013704433325703394,0.0013833800079130277,0.0013966030906281503,0.0014101238115375107,0.001423954024319928,0.0014381062498471876,0.0014525937243469935,0.0014674304517791252,0.0014826312608522331,0.0014982118671611076,0.0015141889409775685,0.0015305801812925228,0.001547404396775419,0.00156468159439871,0.0015824330765637459,0.0016006815476662327,0.0016194512311546632,0.0016387679982624703,0.0016586595097436284,0.0016791553721034174,0.0017002873100033433,0.0017220893567268805,0.0017445980648278156,0.0017678527393450113,0.001791895696260396,0.0018167725492020225,0.0018410502691004764,0.0018678176452637772,0.0018955632877947373,0.001924350443069357,0.001954247506967132,0.001985328572930146,0.0020176740393516687,0.002051371283010743,0.0020865154052141137,0.0021232100572026796,0.002161568351426804,0.002201713863950007,0.0022437817319717673,0.0022879198474492234,0.0023342901432327596,0.0023830699610228323,0.002434453479757253,0.0024511201229142792,0.002506464953486477,0.0025649159061213313,0.002626735026308761,0.0026922064043435304,0.0027616365345175995,0.002835353779629307,0.002913706501147511,0.0029970592157309017,0.0030857859337132467,0.0031802595752068123,0.003280836078864663,0.0033878315658820756,0.0035014908026956824,0.0036219454079567744,0.003749161057501801,0.003882874760730736,0.0040225265263711596,0.0041671944313131926,0.004273752051267675,0.004273752051272149,0.004273752051587152,0.0044236029406866575,0.004573986591521666,0.004722566536291028,0.004866852098102313,0.005004390448676761,0.005132962813867436,0.005250744650649121,0.005356401323523092,0.0054491113344862785,0.0055285283973627,0.0055947044726326715,0.005647997147241339,0.005688979571345325,0.005718363681858565,0.005736940725184281,0.005737488296973677,0.005737488296976253,0.005745780742831819,0.005744956218936996,0.005735838442713305,0.005719228203686883,0.005695896457164801,0.00566657986369148,0.005631977650446653,0.005592749230109385,0.005549512402207334,0.0055028421643589,0.005453270210904434,0.00540128515659829,0.0053473334520857995,0.005291820894935566,0.005235114601785527,0.0051775452957227765,0.005119409772092792,0.005060973426558862,0.0050024727553372094,0.004944117763171375,0.004886094237276599,0.004828565864555929,0.0047716761827461315,0.004715550366897632,0.004660296858758077,0.004606008850945967,0.004552765639312826,0.004500633857876376,0.004449668609461088,0.0043999145045599585,0.004351406619466137,0.004304171382750399,0.004292947918560227,0.004247303072359207,0.004202964630087449,0.004159936417065019,0.004118216543573943,0.004077798156865653,0.004038670055528279,0.004000817227222499,0.003964221346931881,0.0039288612295744,0.003894713248930225,0.0038617517217395523,0.003829949260565874,0.0037992770953628376,0.0037697053660173886,0.0037412033865115582,0.0037137398831269255,0.0036872832076528875,0.0036618015269667048,0.003637262991122303,0.003613635881001616,0.0035908887369597705,0.003568990470485291,0.0035479104597974493,0.0035276186308254532,0.003508085525331034,0.0034892823567636787,0.0034711810555596873,0.0034537543047259973,0.0034369755669189195,0.003420819103894429,0.003405259989115492,0.0033902741145764945,0.0033758381926515925,0.003361929752971974,0.003348527136060098,0.0033356094833216347,0.0033231567243701926,0.0033111495622673887,0.0032995694564173874,0.0032883986044368097,0.0032776199225038752,0.00326721702478624,0.0032571742023946018,0.003247476401646458,0.0032381092022499445,0.0032290587952474793,0.0032203119610473975,0.0032118560476165335,0.00320367894890124,0.0031957690835681795,0.0031881153742225306,0.0031807072269828397,0.0031735345116486622,0.0031665875423635354,0.0031598570588907177,0.0031533342083617565,0.0031470105278198737,0.0031408779271945046,0.003134928672971969,0.0031291553724515494,0.003123550958603284,0.0031181086755241,0.0031128220644922938,0.003107684950597352,0.00310269142987669,0.0030978358570702127,0.003093112833860263,0.0030885171975913897,0.0030840440106446863,0.0030796885500746283,0.0030754462977077247,0.003071312931025371,0.0030672843141023847,0.003063356489019665,0.003059525667839075,0.003055788224785182,0.0030521406888647878,0.003048579736804828,0.003046789026857424,0.003043351641362407,0.003039993189162518,0.0030367108039233513,0.0030335017440647934,0.0030303633841160826,0.003027293208497368,0.003024288806260695,0.0030213478662604234,0.0030184681726528567,0.003015647600625602,0.0030128841123271063,0.0030101757530030127,0.0030075206473015336,0.0030049169957591247,0.0030023630714624307,0.0029998572168077006,0.0029973978405663715,0.002994983414831233,0.00299261247240146,0.0029902836039800225,0.0029879954558355826,0.002985746727238112,0.002983536168255346,0.0029813625775800077,0.0029792248004053474,0.0029771217264436215,0.0029750522880466145,0.0029730154583586985,0.0029710102496288684,0.002969035711551685,0.0029670909296601817,0.002965175023873808,0.0029632871469730806,0.0029614264833539754,0.0029595922475910987,0.0029577836833118215,0.002956000061844155,0.0029542406811749193,0.00295250486493546,0.0029507919611695336,0.0029491013414378415,0.0029474323998664553,0.0029457845522227718,0.0029441572350612493,0.0029425499047947413,0.00294096203704823,0.0029393931257875594,0.0029378426826145126,0.0029363102360842,0.0029347953309925047,0.0029332975277880807,0.00293181640192751,0.0029303515432964164,0.002928902555642546,0.002927469056045057,0.0029260506743978075,0.002924647052892395,0.0029232578455871223,0.0029218827179206025,0.0029205213462973945,0.0029191734176386647,0.0029178386290268886,0.0029165166872950313,0.0029152073086668073,0.002913910218404674,0.0029126251504776723,0.0029113518472135723,0.0029100900590298736,0.0029088395441043413,0.002907600068098286,0.0029063714038816218,0.002905153331274899,0.0029039456367880414,0.0029027481133847154,0.00290156056024385,0.0029003827825455648,0.002899214591243205,0.0028980558028750968,0.002896906239328403,0.002895765727721634,0.0028946341001322372,0.002893511193509049,0.0028923968494129677,0.0028912909139286753,0.0028901932374796667,0.002889103674673719,0.0028880220841738355,0.0028869483285472565,0.0028858822741157793,0.0028848237908811435,0.0028837727523384547,0.0028827290354110813,0.002881692520298154,0.0028806630903838283,0.002879640632125274,0.002878625034953174,0.002877616191169843,0.002876613995873964,0.0028756183468005526,0.0028746291443556915,0.002873646291447295,0.0028726696933710112,0.0028716992578240114,0.0028707348947581706,0.002869776516377218,0.002868824036982089,0.0028678773729841492,0.0028669364427711236,0.002866001166649812,0.0028650714669398794,0.002864147267616691,0.002863228494523737,0.002862315075198872,0.002861406938842934,0.0028605040162692505,0.002859606239859348,0.002858713543503352,0.0028578258625630926,0.002856943133837672,0.002856065295512489,0.0028551922870963774,0.0028543240494008403,0.002853460524535651,0.0028526016558320984,0.002851747387802665,0.0028508976661328752,0.00285005243761638,0.0028492116501620504,0.002848375252731665,0.002847543195328516,0.002846715428951055,0.0028458919055842843,0.0028450725781593014,0.0028442574005296175,0.0028434463274483795,0.0028426393145419234,0.002841836318288556,0.002841037295987491,0.0028402422057553583,0.002839451006480392,0.0028386636578250843,0.0028378801201795916,0.0028371003546768083,0.0028363243231332197,0.002835551988062205,0.0028347833126500235,0.0028340182607525586,0.0028332567967995445,0.002832498885858916,0.0028317444936830517,0.002830993586517657,0.002830246131214488,0.0028295020951740494,0.0028287614463589025,0.002828024153243909,0.0028272901848454624,0.002826559510672401,0.002825832100729432,0.002825107925501725,0.0028243869559448414,0.002823669163495261,0.0028229545200105107,0.0028222429977972385,0.002821534569594172,0.002820829208545747,0.0028201268882121966,0.0028194275825573433,0.002818731265953261,0.0028180379131206366,0.0028173474991675038,0.002816659999565727,0.002815975390143308,0.0028152936470820485,0.002814614746898972,0.002813938666449274,0.002813265382932111,0.0028125948738154825,0.0028119271169413256,0.002811262090377664,0.0028105997726095735,0.002809940142324613,0.0028092831785264637,0.0028086288605003594,0.0028079771678037966,0.0028073280802668925,0.0028066815779853134,0.002806037641313488,0.0028053962508604014,0.0028047573874844228,0.002804121032288253,0.002803487166614597,0.002802855772040076,0.002802226830373362,0.0028016003236479565,0.0028009762341113754,0.002800354544253383,0.002799735236757014,0.0027991182945087552,0.002798503700614918,0.0027985037006149184,0.002798503700614918,0.0027985037006149176,0.002798503700614917,0.0027985037006149176,0.002798503700614918,0.002798503700614919,0.002798503700614919,0.002798503700614919,0.0027985037006149193,0.0027985037006149193,0.002798503700614922,0.0027985037006149206,0.002798503700614921,0.0027985037006149206,0.0027985037006149206,0.00279850370061492,0.00279850370061492,0.0027985037006149206,0.0027985037006149206,0.00279850370061492,0.00279850370061492,0.0027985037006149206,0.0027985037006149206,0.00279850370061492,0.0027985037006149206,0.00279850370061492,0.00279850370061492,0.00279850370061492,0.00279850370061492,0.002798503700614921,0.0027985037006149206,0.00279850370061492,0.0027985037006149197,0.00279850370061492,0.0027985037006149206,0.0027985037006149197,0.0027985037006149206,0.0027985037006149206,0.002798503700614921,0.002798503700614921,0.0027985037006149215,0.0027985037006149223,0.00279850370061492,0.0027985037006149206,0.0027985037006149206,0.0027985037006149206,0.002798503700614922,0.0027985037006149215,0.0027985037006149215,0.002798503700614922,0.00279850370061492,0.0027985037006149206,0.0027985037006149215,0.002798503700614921,0.002798503700614921,0.0027985037006149215,0.002798503700614917,0.0027985037006149193,0.0027985037006149197,0.0027985037006149193,0.0027985037006149184,0.002798503700614919,0.0027985037006149193,0.0027985037006149193,0.00279850370061492,0.002798503700614921,0.0027985037006149206,0.002798503700614921,0.0027985037006149206,0.00279850370061492,0.00279850370061492,0.00279850370061492,0.0027985037006149206,0.00279850370061492,0.0027985037006149197,0.00279850370061492,0.00279850370061492,0.0027985037006149206,0.002798503700614921,0.002798503700614919,0.0027985037006149206,0.002798503700614921,0.002798503700614922,0.002798503700614921,0.0027985037006149223,0.0027985037006149206,0.0027985037006149206,0.002798503700614921,0.0027985037006149206,0.002798503700614921,0.002798503700614921,0.0027985037006149215,0.002798503700614922,0.002798503700614921,0.00279850370061492,0.0027985037006149215,0.002798503700614921,0.002798503700614921,0.002798503700614922,0.002798503700614922,0.002798503700614922,0.0027985037006149228,0.0027985037006149215,0.0027985037006149215,0.002798503700614922,0.0027985037006149215,0.002798503700614922,0.0027985037006149206,0.002798503700614922,0.0027985037006149215,0.0027985037006149215,0.0027985037006149215,0.0027985037006149215,0.0027985037006149228,0.0027985037006149228,0.002798503700614922,0.002798503700614922,0.0027985037006149215,0.0027985037006149223,0.002798503700614922,0.0027985037006149223,0.0027985037006149228,0.002798503700614922,0.002798503700614922,0.0027985037006149228,0.0027985037006149223,0.0027985037006149223,0.0027985037006149223,0.0027985037006149228,0.0027985037006149223,0.002798503700614922,0.0027985037006149215,0.002798503700614922,0.0027985037006149215,0.002798503700614923,0.0027985037006149228,0.0027985037006149215,0.002798503700614922,0.002798503700614922,0.0027985037006149223,0.0027985037006149215,0.002798503700614922,0.0027985037006149223,0.0027985037006149223,0.0027985037006149215,0.002798503700614922,0.002798503700614922,0.002798503700614922,0.002798503700614922,0.002798503700614921,0.0027985037006149228,0.002798503700614921,0.002798503700614921,0.0027985037006149228,0.002798503700614922,0.002798503700614922,0.0027985037006149223,0.0027985037006149236,0.0027985037006149236,0.0027985037006149236,0.0027985037006149236,0.0027985037006149228,0.0027985037006149223,0.0027985037006149236,0.0027985037006149228,0.002798503700614924,0.0027985037006149245,0.0027985037006149236,0.002798503700614924,0.0027985037006149245,0.0027985037006149267,0.0027985037006149245,0.002798503700614925,0.0027985037006149245,0.0027985037006149236,0.0027985037006149245,0.002798503700614924,0.002798503700614925,0.002798503700614924,0.0027985037006149245,0.002798503700614926,0.002798503700614926,0.0027985037006149254,0.002798503700614926,0.0027985037006149262,0.0027985037006149262,0.0027985037006149262,0.002798503700614926,0.0027985037006149254,0.0027985037006149254,0.002798503700614926,0.0027985037006149254,0.0027985037006149262,0.002798503700614926,0.002798503700614926,0.002798503700614926,0.0027985037006149262,0.0027985037006149254,0.002798503700614925,0.0027985037006149254,0.0027985037006149245,0.0027985037006149254,0.002798503700614925,0.002798503700614925,0.002798503700614925,0.0027985037006149254,0.0027985037006149254,0.002798503700614925,0.002798503700614925,0.0027985037006149245,0.002798503700614925,0.0027985037006149254,0.002798503700614925,0.0027985037006149254,0.0027985037006149245,0.0027985037006149245,0.002798503700614925,0.002798503700614925,0.0027985037006149245,0.002798503700614925,0.0027985037006149236,0.0027985037006149262,0.002798503700614926,0.002798503700614926,0.002798503700614926,0.002798503700614926,0.0027985037006149267,0.0027985037006149275,0.0027985037006149267,0.002798503700614927,0.002798503700614928,0.0027985037006149275,0.002798503700614928,0.002798503700614927,0.0027985037006149275,0.002798503700614928,0.0027985037006149267,0.0027985037006149275,0.002798503700614927,0.002798503700614928,0.0027985037006149275,0.002798503700614928,0.0027985037006149275,0.002798503700614929,0.002798503700614927,0.002798503700614928,0.0027985037006149275,0.0027985037006149275,0.0027985037006149284,0.0027985037006149275,0.0027985037006149275,0.0027985037006149275,0.002798503700614928,0.0027985037006149284,0.0027985037006149284,0.002798503700614928,0.0027985037006149275,0.0027985037006149275,0.002798503700614928,0.0027985037006149275,0.0027985037006149275,0.002798503700614928,0.0027985037006149275,0.0027985037006149284,0.0027985037006149275,0.0027985037006149267,0.0027985037006149262,0.0027985037006149275,0.002798503700614927,0.0027985037006149262,0.0027985037006149267,0.002798503700614927,0.0027985037006149262,0.0027985037006149267,0.0027985037006149275,0.0027985037006149267,0.0027985037006149267,0.0027985037006149267,0.0027985037006149267,0.0027985037006149275,0.0027985037006149267,0.0027985037006149262,0.002798503700614927,0.0027985037006149254,0.0027985037006149254,0.0027985037006149215,0.0027985037006149215,0.002798503700614922,0.0027985037006149223,0.0027985037006149228,0.002798503700614923,0.0027985037006149223,0.0027985037006149215,0.0027985037006149223,0.0027985037006149223,0.002798503700614923,0.0027985037006149223,0.0027985037006149215,0.0027985037006149215,0.0027985037006149223,0.0027985037006149215,0.0027985037006149236,0.0027985037006149223,0.0027985037006149228,0.0027985037006149223,0.0027985037006149228,0.0027985037006149228,0.002798503700614921,0.0027985037006149223,0.0027985037006149228,0.002798503700614923,0.002798503700614924,0.002798503700614923,0.0027985037006149236,0.0027985037006149236,0.0027985037006149228,0.002798503700614923,0.002798503700614924,0.0027985037006149236,0.002798503700614924,0.0027985037006149245,0.002798503700614924,0.0027985037006149236,0.002798503700614924,0.002798503700614925,0.0027985037006149245,0.0027985037006149245,0.0027985037006149245,0.002798503700614926,0.0027985037006149245,0.002798503700614925,0.002798503700614925,0.002798503700614924,0.002798503700614925,0.0027985037006149236,0.0027985037006149245,0.002798503700614925,0.002798503700614925,0.002798503700614925,0.002798503700614924,0.002798503700614925,0.0027985037006149236,0.002798503700614925,0.002798503700614924,0.002798503700614926,0.002798503700614926,0.0027985037006149275,0.0027985037006149262,0.002798503700614927,0.002798503700614926,0.002798503700614926,0.002798503700614926,0.0027985037006149262,0.002798503700614925,0.002798503700614925,0.002798503700614925,0.002798503700614924,0.0027985037006149245,0.002798503700614926,0.002798503700614926,0.002798503700614926,0.002798503700614925,0.0027985037006149254,0.002798503700614925,0.002798503700614925,0.002798503700614923,0.0027985037006149245,0.002798503700614925,0.0027985037006149262,0.0027985037006149262,0.002798503700614926,0.0027985037006149267,0.0027985037006149262,0.0027985037006149262,0.0027985037006149254,0.0027985037006149254,0.002798503700614925,0.0027985037006149262,0.002798503700614924,0.002798503700614924,0.002798503700614923,0.002798503700614924,0.002798503700614924,0.0027985037006149236,0.0027985037006149245,0.002798503700614925,0.002798503700614924,0.002798503700614925,0.0027985037006149254,0.002798503700614925,0.002798503700614925,0.0027985037006149254,0.002798503700614925,0.0027985037006149245,0.002798503700614924,0.002798503700614925,0.002798503700614924,0.0027985037006149245,0.0027985037006149245,0.0027985037006149245,0.002798503700614924,0.0027985037006149245,0.002798503700614925,0.0027985037006149254,0.002798503700614925,0.002798503700614925,0.002798503700614925,0.002798503700614925,0.0027985037006149236,0.0027985037006149245,0.002798503700614923,0.002798503700614923,0.0027985037006149236,0.002798503700614923,0.0027985037006149236,0.0027985037006149236,0.002798503700614923,0.0027985037006149228,0.0027985037006149236,0.002798503700614922,0.0027985037006149228,0.0027985037006149228,0.0027985037006149215,0.002798503700614923,0.002798503700614926,0.002798503700614927,0.0027985037006149262,0.0027985037006149267,0.0027985037006149262,0.0027985037006149262,0.002798503700614928,0.0027985037006149267,0.0027985037006149275,0.002798503700614929,0.0027985037006149284,0.0027985037006149275,0.0027985037006149275,0.002798503700614928,0.0027985037006149284,0.0027985037006149275,0.0027985037006149275,0.0027985037006149284,0.002798503700614927,0.002798503700614927,0.002798503700614927,0.0027985037006149275,0.0027985037006149267,0.002798503700614929,0.002798503700614926,0.002798503700614926,0.0027985037006149262,0.0027985037006149293,0.0027985037006149293,0.0027985037006149275,0.0027985037006149093,0.002798503700614921,0.002798503700614921,0.0027985037006149215,0.002798503700614922,0.002798503700614921,0.0027985037006149215,0.002798503700614922,0.002798503700614921,0.0027985037006149215,0.0027985037006149215,0.002798503700614922,0.0027985037006149206,0.002798503700614922,0.002798503700614922,0.0027985037006149223,0.002798503700614922,0.002798503700614922,0.002798503700614921,0.002798503700614922,0.0027985037006149215,0.0027985037006149215,0.002798503700614923,0.002798503700614922,0.0027985037006149228,0.0027985037006149228,0.0027985037006149223,0.0027985037006149228,0.0027985037006149223,0.002798503700614923,0.0027985037006149228,0.0027985037006149228,0.002798503700614922,0.002798503700614923,0.0027985037006149236,0.0027985037006149228,0.0027985037006149228,0.0027985037006149236,0.0027985037006149236,0.0027985037006149228,0.0027985037006149228,0.0027985037006149228,0.0027985037006149223,0.0027985037006149228,0.0027985037006149228,0.002798503700614923,0.002798503700614923,0.002798503700614923,0.0027985037006149236,0.0027985037006149228,0.0027985037006149228,0.0027985037006149223,0.002798503700614922,0.0027985037006149228,0.0027985037006149215,0.002798503700614921,0.0027985037006149223,0.0027985037006149215,0.0027985037006149223,0.002798503700614921,0.0027985037006149206,0.0027985037006149215,0.0027985037006149223,0.0027985037006149215,0.0027985037006149215,0.002798503700614922,0.002798503700614922,0.0027985037006149215,0.0027985037006149215,0.0027985037006149215,0.0027985037006149215,0.0027985037006149223,0.0027985037006149215,0.0027985037006149206,0.0027985037006149223,0.0027985037006149215,0.0027985037006149215,0.002798503700614921,0.0027985037006149223,0.0027985037006149223,0.00279850370061492,0.0027985037006149215,0.00279850370061492,0.0027985037006149206,0.0027985037006149206,0.0027985037006149206,0.002798503700614921,0.00279850370061492,0.0027985037006149215,0.00279850370061492,0.0027985037006149206,0.002798503700614922,0.0027985037006149206,0.0027985037006149206,0.0027985037006149206,0.002798503700614921,0.00279850370061492,0.002798503700614921,0.002798503700614921,0.002798503700614921,0.0027985037006149215,0.0027985037006149223,0.00279850370061492,0.0027985037006149215,0.0027985037006149223,0.0027985037006149223,0.0027985037006149228,0.0027985037006149228,0.0027985037006149223,0.0027985037006149223,0.0027985037006149215,0.0027985037006149215,0.0027985037006149206,0.0027985037006149215,0.0027985037006149206,0.0027985037006149215,0.0027985037006149215,0.0027985037006149223,0.0027985037006149215,0.0027985037006149223,0.0027985037006149215,0.0027985037006149223,0.002798503700614922,0.002798503700614922,0.002798503700614922,0.0027985037006149215,0.00279850370061492,0.002798503700614922,0.002798503700614922,0.0027985037006149215,0.0027985037006149215,0.0027985037006149228,0.0027985037006149223,0.0027985037006149215,0.0027985037006149228,0.002798503700614922,0.0027985037006149228,0.002798503700614922,0.0027985037006149215,0.002798503700614922,0.002798503700614921,0.0027985037006149215,0.002798503700614921,0.0027985037006149215,0.002798503700614922,0.00279850370061492,0.0027985037006149228,0.002798503700614922,0.0027985037006149223,0.002798503700614923,0.0027985037006149228,0.002798503700614922,0.0027985037006149215,0.0027985037006149223,0.002798503700614922,0.0027985037006149223,0.002798503700614923,0.0027985037006149228,0.0027985037006149223,0.002798503700614923,0.0027985037006149228,0.0027985037006149228,0.002798503700614922,0.002798503700614924,0.002798503700614924,0.0027985037006149236,0.0027985037006149236,0.0027985037006149236,0.0027985037006149228,0.0027985037006149236,0.0027985037006149223,0.0027985037006149228,0.0027985037006149215,0.002798503700614922,0.002798503700614922,0.0027985037006149223,0.002798503700614922,0.0027985037006149215,0.002798503700614921,0.0027985037006149228,0.0027985037006149215,0.0027985037006149215,0.002798503700614922,0.0027985037006149223,0.002798503700614922,0.002798503700614922,0.002798503700614921,0.0027985037006149215,0.002798503700614922,0.0027985037006149215,0.002798503700614922,0.002798503700614922,0.002798503700614921,0.0027985037006149215,0.0027985037006149215,0.0027985037006149223,0.002798503700614922,0.0027985037006149215,0.0027985037006149215,0.0027985037006149215,0.0027985037006149215,0.002798503700614921,0.002798503700614922,0.0027985037006149215,0.0027985037006149215,0.0027985037006149215,0.0027985037006149215,0.0027985037006149215,0.002798503700614921,0.0027985037006149215,0.002798503700614921,0.0027985037006149215,0.0027985037006149215,0.0027985037006149206,0.0027985037006149215,0.002798503700614922,0.002798503700614922,0.0027985037006149215,0.002798503700614922,0.002798503700614922,0.002798503700614921,0.002798503700614921,0.0027985037006149215,0.002798503700614922,0.0027985037006149215,0.002798503700614922,0.0027985037006149206,0.002798503700614921,0.0027985037006149215,0.0027985037006149228,0.0027985037006149215,0.0027985037006149223,0.0027985037006149223,0.0027985037006149223,0.002798503700614922,0.002798503700614922,0.0027985037006149223,0.002798503700614922,0.002798503700614922,0.0027985037006149228,0.002798503700614924,0.002798503700614923,0.0027985037006149228,0.0027985037006149228,0.0027985037006149223,0.0027985037006149236,0.0027985037006149228,0.0027985037006149228,0.002798503700614922,0.0027985037006149223,0.0027985037006149228,0.002798503700614922,0.0027985037006149223,0.0027985037006149228,0.0027985037006149228,0.0027985037006149228,0.0027985037006149228,0.0027985037006149228,0.0027985037006149228,0.0027985037006149223,0.002798503700614922,0.002798503700614923,0.0027985037006149223,0.0027985037006149228,0.002798503700614922,0.0027985037006149228,0.0027985037006149228,0.002798503700614923,0.0027985037006149228,0.002798503700614922,0.002798503700614922,0.0027985037006149228,0.0027985037006149223,0.0027985037006149228,0.002798503700614923,0.0027985037006149228,0.0027985037006149223,0.0027985037006149223,0.002798503700614922,0.002798503700614922,0.0027985037006149228,0.0027985037006149223,0.0027985037006149228,0.0027985037006149228,0.002798503700614922,0.0027985037006149228,0.0027985037006149228,0.002798503700614923,0.002798503700614923,0.0027985037006149228,0.002798503700614923,0.0027985037006149215,0.0027985037006149223,0.0027985037006149228,0.0027985037006149228,0.0027985037006149215,0.0027985037006149228,0.002798503700614922,0.002798503700614921,0.002798503700614922,0.002798503700614922,0.0027985037006149215,0.0027985037006149223,0.002798503700614922,0.0027985037006149215,0.0027985037006149215,0.0027985037006149215,0.0027985037006149215,0.002798503700614922,0.0027985037006149223,0.0027985037006149223,0.0027985037006149223,0.002798503700614923,0.0027985037006149228,0.0027985037006149228,0.002798503700614922,0.0027985037006149223,0.0027985037006149228,0.0027985037006149228,0.002798503700614922,0.0027985037006149223,0.002798503700614922,0.002798503700614923,0.0027985037006149228,0.0027985037006149228,0.0027985037006149236,0.002798503700614924,0.002798503700614923,0.002798503700614923,0.0027985037006149228,0.0027985037006149228,0.002798503700614922,0.0027985037006149236,0.0027985037006149228,0.0027985037006149228,0.0027985037006149223,0.002798503700614923,0.002798503700614923,0.0027985037006149223,0.0027985037006149236,0.002798503700614924,0.0027985037006149228,0.0027985037006149228,0.0027985037006149223,0.0027985037006149228,0.002798503700614923,0.0027985037006149223,0.0027985037006149228,0.0027985037006149223,0.002798503700614922,0.0027985037006149228,0.002798503700614924,0.0027985037006149236,0.0027985037006149228,0.002798503700614923,0.0027985037006149228,0.0027985037006149228,0.002798503700614923,0.0027985037006149228,0.0027985037006149228,0.0027985037006149236,0.002798503700614923,0.002798503700614924,0.002798503700614924,0.002798503700614924,0.002798503700614924,0.0027985037006149236,0.0027985037006149236,0.0027985037006149236,0.002798503700614923,0.002798503700614924,0.0027985037006149228,0.002798503700614923,0.002798503700614923,0.0027985037006149228,0.0027985037006149236,0.002798503700614923,0.002798503700614923,0.0027985037006149236,0.002798503700614924,0.0027985037006149228,0.002798503700614923,0.0027985037006149228,0.0027985037006149228,0.002798503700614923,0.002798503700614923,0.0027985037006149223,0.0027985037006149223,0.002798503700614922,0.0027985037006149223,0.002798503700614923,0.002798503700614923,0.0027985037006149223,0.002798503700614923,0.0027985037006149236,0.002798503700614924,0.0027985037006149228,0.0027985037006149228,0.002798503700614924,0.002798503700614923,0.0027985037006149236,0.002798503700614924,0.002798503700614924,0.002798503700614924,0.0027985037006149223,0.002798503700614923,0.0027985037006149228,0.002798503700614923,0.002798503700614923,0.0027985037006149228,0.002798503700614923,0.002798503700614923,0.002798503700614923,0.0027985037006149236,0.0027985037006149223,0.0027985037006149228,0.002798503700614923,0.0027985037006149236,0.0027985037006149245,0.0027985037006149236,0.0027985037006149236,0.002798503700614924,0.0027985037006149236,0.0027985037006149236,0.002798503700614923,0.002798503700614924,0.0027985037006149228,0.002798503700614924,0.002798503700614923,0.0027985037006149236,0.0027985037006149228,0.002798503700614923,0.0027985037006149236,0.002798503700614924,0.0027985037006149236,0.0027985037006149236,0.0027985037006149236,0.0027985037006149254,0.002798503700614925,0.0027985037006149254,0.0027985037006149254,0.0027985037006149245,0.0027985037006149245,0.0027985037006149267,0.0027985037006149254,0.0027985037006149262,0.002798503700614925,0.002798503700614926,0.0027985037006149262,0.002798503700614926,0.002798503700614926,0.0027985037006149267,0.002798503700614926,0.0027985037006149262,0.0027985037006149262,0.0027985037006149267,0.0027985037006149262,0.0027985037006149267,0.002798503700614926,0.0027985037006149254,0.002798503700614926,0.002798503700614926,0.002798503700614926,0.002798503700614926,0.002798503700614926,0.0027985037006149262,0.002798503700614925,0.0027985037006149245,0.0027985037006149267,0.0027985037006149267,0.002798503700614926,0.0027985037006149262,0.0027985037006149262,0.0027985037006149267,0.002798503700614928,0.0027985037006149275,0.002798503700614927,0.0027985037006149284,0.002798503700614929,0.0027985037006149275,0.002798503700614927,0.002798503700614927,0.002798503700614928,0.0027985037006149275,0.0027985037006149275,0.002798503700614928,0.002798503700614928,0.002798503700614928,0.002798503700614928,0.002798503700614927,0.0027985037006149267,0.002798503700614926,0.002798503700614927,0.002798503700614928,0.002798503700614928,0.0027985037006149284,0.0027985037006149275,0.0027985037006149284,0.0027985037006149275,0.002798503700614927,0.002798503700614927,0.0027985037006149275,0.002798503700614927,0.0027985037006149275,0.0027985037006149262,0.0027985037006149262,0.002798503700614926,0.0027985037006149262,0.0027985037006149267,0.0027985037006149267,0.0027985037006149267,0.002798503700614927,0.0027985037006149262,0.0027985037006149262,0.0027985037006149267,0.0027985037006149267,0.0027985037006149262,0.0027985037006149275,0.002798503700614928,0.0027985037006149284,0.0027985037006149275,0.0027985037006149284,0.0027985037006149284,0.002798503700614928,0.0027985037006149284,0.002798503700614929,0.0027985037006149275,0.002798503700614929,0.002798503700614929,0.0027985037006149297,0.0027985037006149306,0.0027985037006149306,0.00279850370061493,0.0027985037006149297,0.0027985037006149306,0.0027985037006149306,0.0027985037006149306,0.0027985037006149306,0.002798503700614931,0.002798503700614931,0.002798503700614932,0.0027985037006149314,0.00279850370061493,0.0027985037006149314,0.002798503700614931,0.00279850370061493,0.0027985037006149323,0.002798503700614932,0.0027985037006149323,0.0027985037006149336,0.0027985037006149336,0.002798503700614934,0.0027985037006149336,0.0027985037006149345,0.002798503700614933,0.0027985037006149345,0.002798503700614932,0.0027985037006149336,0.002798503700614932,0.002798503700614932,0.002798503700614931,0.0027985037006149323,0.002798503700614932,0.0027985037006149323,0.0027985037006149323,0.0027985037006149328,0.002798503700614933,0.0027985037006149336,0.002798503700614933,0.0027985037006149323,0.0027985037006149323,0.0027985037006149328,0.002798503700614933,0.002798503700614933,0.0027985037006149328,0.0027985037006149323,0.0027985037006149328,0.0027985037006149336,0.002798503700614932,0.002798503700614932,0.0027985037006149323,0.0027985037006149328,0.0027985037006149328,0.0027985037006149336,0.002798503700614934,0.0027985037006149375,0.002798503700614938,0.0027985037006149375,0.0027985037006149367,0.0027985037006149375,0.002798503700614938,0.002798503700614938,0.0027985037006149375,0.0027985037006149375,0.0027985037006149375,0.0027985037006149375,0.0027985037006149367,0.0027985037006149375,0.0027985037006149367,0.002798503700614937,0.002798503700614938,0.0027985037006149375,0.002798503700614937,0.0027985037006149375,0.0027985037006149375,0.0027985037006149367,0.002798503700614937,0.0027985037006149367,0.002798503700614938,0.002798503700614938,0.002798503700614937,0.002798503700614938,0.002798503700614938,0.0027985037006149393,0.0027985037006149384,0.002798503700614938,0.0027985037006149367,0.002798503700614938,0.0027985037006149375,0.002798503700614937,0.002798503700614938,0.0027985037006149375,0.002798503700614938,0.00279850370061494,0.0027985037006149397,0.00279850370061494,0.00279850370061494,0.0027985037006149393,0.002798503700614939,0.00279850370061494,0.00279850370061494,0.0027985037006149397,0.002798503700614939,0.002798503700614939,0.00279850370061494,0.0027985037006149397,0.00279850370061494,0.00279850370061494,0.00279850370061494,0.00279850370061494,0.002798503700614934,0.002798503700614938,0.002798503700614939,0.0027985037006149384,0.002798503700614938,0.0027985037006149375,0.0027985037006149375,0.002798503700614937,0.0027985037006149384,0.002798503700614939,0.0027985037006149375,0.002798503700614938,0.002798503700614938,0.0027985037006149375,0.002798503700614938,0.0027985037006149384,0.002798503700614938,0.0027985037006149393,0.0027985037006149397,0.002798503700614939,0.002798503700614938,0.0027985037006149393,0.002798503700614938,0.0027985037006149384,0.002798503700614938,0.0027985037006149393,0.0027985037006149397,0.0027985037006149397,0.0027985037006149397,0.0027985037006149393,0.0027985037006149397,0.0027985037006149393,0.00279850370061494,0.0027985037006149367,0.0027985037006149384,0.0027985037006149406,0.0027985037006149384,0.0027985037006149393,0.002798503700614939,0.0027985037006149393,0.002798503700614939,0.0027985037006149393,0.0027985037006149393,0.002798503700614939,0.0027985037006149393,0.0027985037006149393,0.002798503700614939,0.0027985037006149393,0.0027985037006149397,0.0027985037006149393,0.0027985037006149393,0.00279850370061494,0.00279850370061494,0.002798503700614939,0.0027985037006149393,0.0027985037006149393,0.0027985037006149393,0.0027985037006149393,0.002798503700614939,0.002798503700614939,0.0027985037006149393,0.0027985037006149393,0.002798503700614934,0.0027985037006149367,0.0027985037006149367,0.0027985037006149367,0.002798503700614937,0.0027985037006149362,0.0027985037006149375,0.0027985037006149362,0.0027985037006149367,0.0027985037006149362,0.002798503700614938,0.0027985037006149367,0.002798503700614938,0.002798503700614938,0.002798503700614938,0.002798503700614937,0.002798503700614937,0.0027985037006149375,0.002798503700614937,0.0027985037006149384,0.0027985037006149375,0.0027985037006149375,0.0027985037006149375,0.0027985037006149375,0.0027985037006149375,0.002798503700614938,0.002798503700614938,0.0027985037006149375,0.0027985037006149375,0.0027985037006149384,0.0027985037006149375,0.002798503700614938,0.0027985037006149384,0.002798503700614939,0.002798503700614938,0.0027985037006149375,0.002798503700614938,0.0027985037006149397,0.002798503700614939,0.0027985037006149393,0.002798503700614939,0.002798503700614939,0.002798503700614939,0.002798503700614939,0.002798503700614938,0.002798503700614938,0.0027985037006149384,0.0027985037006149384,0.002798503700614938,0.0027985037006149384,0.002798503700614939,0.0027985037006149384,0.002798503700614939,0.0027985037006149393,0.0027985037006149406,0.0027985037006149397,0.00279850370061494,0.00279850370061494,0.0027985037006149397,0.00279850370061494,0.00279850370061494,0.00279850370061494,0.00279850370061494,0.0027985037006149393,0.002798503700614939,0.0027985037006149384,0.002798503700614938,0.0027985037006149384,0.0027985037006149384,0.0027985037006149393,0.002798503700614939,0.002798503700614939,0.002798503700614939,0.002798503700614938,0.0027985037006149384,0.002798503700614939,0.00279850370061494,0.002798503700614941,0.0027985037006149406,0.0027985037006149397,0.0027985037006149406,0.002798503700614942,0.0027985037006149414,0.002798503700614942,0.0027985037006149414,0.0027985037006149427,0.0027985037006149414,0.002798503700614941,0.002798503700614942,0.0027985037006149414,0.0027985037006149414,0.002798503700614941,0.0027985037006149414,0.00279850370061494,0.00279850370061494,0.00279850370061494,0.0027985037006149393,0.0027985037006149397,0.0027985037006149375,0.002798503700614938,0.0027985037006149384,0.0027985037006149384,0.0027985037006149384,0.0027985037006149397,0.00279850370061494,0.0027985037006149393,0.0027985037006149393,0.0027985037006149384,0.0027985037006149393,0.0027985037006149393,0.002798503700614939,0.002798503700614939,0.0027985037006149397,0.0027985037006149393,0.0027985037006149393,0.002798503700614939,0.002798503700614939,0.002798503700614939,0.0027985037006149384,0.0027985037006149397,0.002798503700614939,0.002798503700614939,0.0027985037006149393,0.0027985037006149393,0.0027985037006149393,0.00279850370061494,0.0027985037006149397,0.0027985037006149393,0.0027985037006149393,0.0027985037006149397,0.0027985037006149406,0.0027985037006149393,0.0027985037006149397,0.0027985037006149406,0.002798503700614939,0.00279850370061494,0.002798503700614941,0.0027985037006149397,0.0027985037006149406,0.00279850370061494,0.0027985037006149406,0.002798503700614941,0.0027985037006149397,0.00279850370061494,0.002798503700614941,0.002798503700614942,0.002798503700614941,0.0027985037006149414,0.002798503700614941,0.0027985037006149423,0.002798503700614943,0.0027985037006149427,0.002798503700614942,0.0027985037006149427,0.0027985037006149423,0.0027985037006149414,0.0027985037006149414,0.0027985037006149414,0.002798503700614941,0.0027985037006149406,0.0027985037006149406,0.0027985037006149393,0.0027985037006149393,0.002798503700614939,0.0027985037006149393,0.0027985037006149397,0.0027985037006149406,0.002798503700614939,0.0027985037006149397,0.0027985037006149397,0.0027985037006149393,0.0027985037006149397,0.0027985037006149393,0.00279850370061494,0.0027985037006149406,0.0027985037006149406,0.0027985037006149427,0.0027985037006149414,0.0027985037006149414,0.0027985037006149414,0.0027985037006149397,0.00279850370061494,0.00279850370061494,0.0027985037006149406,0.0027985037006149406,0.00279850370061494,0.002798503700614939,0.0027985037006149384,0.002798503700614938,0.002798503700614938,0.0027985037006149393,0.0027985037006149393,0.0027985037006149384,0.0027985037006149384,0.0027985037006149393,0.0027985037006149393,0.002798503700614939,0.0027985037006149384,0.0027985037006149393,0.0027985037006149384,0.0027985037006149397,0.0027985037006149393,0.0027985037006149397,0.0027985037006149397,0.0027985037006149393,0.002798503700614939,0.0027985037006149393,0.0027985037006149397,0.0027985037006149393,0.002798503700614939,0.002798503700614938,0.0027985037006149375,0.0027985037006149393,0.0027985037006149393,0.0027985037006149397,0.0027985037006149393,0.002798503700614939,0.0027985037006149406,0.0027985037006149393,0.00279850370061494,0.0027985037006149406,0.00279850370061494,0.00279850370061494,0.002798503700614939,0.00279850370061494,0.0027985037006149393,0.0027985037006149393,0.0027985037006149406,0.0027985037006149384,0.002798503700614938,0.002798503700614938,0.002798503700614939,0.002798503700614939,0.0027985037006149384,0.002798503700614939,0.0027985037006149397,0.002798503700614939,0.0027985037006149393,0.0027985037006149393,0.0027985037006149397,0.0027985037006149393,0.0027985037006149393,0.002798503700614939,0.0027985037006149397,0.0027985037006149397,0.0027985037006149393,0.0027985037006149393,0.0027985037006149393,0.002798503700614939,0.0027985037006149393,0.0027985037006149393,0.0027985037006149397,0.0027985037006149393,0.0027985037006149414,0.0027985037006149406,0.00279850370061494,0.00279850370061494,0.002798503700614941,0.0027985037006149397,0.0027985037006149397,0.0027985037006149393,0.0027985037006149397,0.0027985037006149397,0.002798503700614939,0.0027985037006149393,0.0027985037006149393,0.002798503700614939,0.002798503700614939,0.0027985037006149397,0.0027985037006149393,0.0027985037006149397,0.0027985037006149393,0.0027985037006149393,0.002798503700614939,0.0027985037006149393,0.0027985037006149393,0.0027985037006149393,0.002798503700614939,0.0027985037006149397,0.002798503700614939,0.00279850370061494,0.002798503700614939,0.0027985037006149393,0.0027985037006149393,0.0027985037006149393,0.0027985037006149393,0.0027985037006149393,0.00279850370061494,0.0027985037006149393,0.00279850370061494,0.0027985037006149397,0.0027985037006149393,0.002798503700614939,0.0027985037006149393,0.0027985037006149384,0.002798503700614938,0.002798503700614938,0.002798503700614938,0.002798503700614938,0.002798503700614938,0.002798503700614939,0.002798503700614939,0.0027985037006149384,0.0027985037006149393,0.002798503700614939,0.0027985037006149393,0.0027985037006149384,0.002798503700614939,0.00279850370061494,0.0027985037006149393,0.0027985037006149393,0.00279850370061494,0.0027985037006149393,0.0027985037006149397,0.0027985037006149397,0.00279850370061494,0.00279850370061494,0.0027985037006149393,0.002798503700614939,0.0027985037006149393,0.0027985037006149393,0.002798503700614938,0.002798503700614938,0.002798503700614938,0.002798503700614939,0.0027985037006149384,0.0027985037006149406,0.002798503700614939,0.0027985037006149397,0.002798503700614938,0.0027985037006149384,0.0027985037006149384,0.002798503700614938,0.0027985037006149406,0.0027985037006149393,0.002798503700614939,0.0027985037006149384,0.002798503700614939,0.002798503700614939,0.0027985037006149384,0.002798503700614939,0.0027985037006149375,0.0027985037006149384,0.0027985037006149384,0.0027985037006149375,0.0027985037006149384,0.002798503700614937,0.002798503700614938,0.0027985037006149375,0.002798503700614938,0.002798503700614937,0.002798503700614938,0.002798503700614938,0.002798503700614937,0.002798503700614938,0.0027985037006149384,0.002798503700614938,0.002798503700614938,0.0027985037006149384,0.0027985037006149375,0.0027985037006149375,0.0027985037006149384,0.0027985037006149384,0.002798503700614938,0.002798503700614938,0.002798503700614938,0.0027985037006149384,0.002798503700614938,0.002798503700614938,0.0027985037006149384,0.0027985037006149375,0.0027985037006149384,0.0027985037006149367,0.002798503700614938,0.0027985037006149384,0.0027985037006149375,0.002798503700614938,0.002798503700614938,0.002798503700614938,0.0027985037006149384,0.002798503700614938,0.0027985037006149384,0.0027985037006149375,0.002798503700614938,0.002798503700614938,0.0027985037006149384,0.002798503700614937,0.002798503700614938,0.0027985037006149375,0.002798503700614938,0.0027985037006149384,0.0027985037006149393,0.00279850370061494,0.0027985037006149393,0.0027985037006149393,0.0027985037006149406,0.0027985037006149393,0.00279850370061494,0.00279850370061494,0.0027985037006149397,0.00279850370061494,0.00279850370061494,0.0027985037006149414,0.0027985037006149393,0.0027985037006149393,0.0027985037006149393,0.0027985037006149397,0.0027985037006149397,0.00279850370061494,0.0027985037006149397,0.0027985037006149393,0.0027985037006149397,0.0027985037006149393,0.0027985037006149397,0.002798503700614939,0.0027985037006149393,0.0027985037006149397,0.0027985037006149393,0.0027985037006149393,0.0027985037006149397,0.0027985037006149393,0.00279850370061494,0.0027985037006149393,0.00279850370061494,0.002798503700614939,0.002798503700614939,0.0027985037006149393,0.002798503700614939,0.0027985037006149375,0.002798503700614939,0.0027985037006149393,0.00279850370061494,0.0027985037006149406,0.002798503700614939,0.00279850370061494,0.0027985037006149393,0.0027985037006149393,0.0027985037006149393,0.0027985037006149393,0.0027985037006149393,0.0027985037006149406,0.00279850370061494,0.00279850370061494,0.00279850370061494,0.0027985037006149354,0.002798503700614938,0.0027985037006149393,0.0027985037006149406,0.0027985037006149427,0.0027985037006149423,0.0027985037006149427,0.0027985037006149423,0.0027985037006149423,0.0027985037006149423,0.0027985037006149423,0.0027985037006149414,0.0027985037006149423,0.0027985037006149423,0.0027985037006149423,0.0027985037006149427,0.0027985037006149423,0.0027985037006149427,0.0027985037006149423,0.002798503700614943,0.0027985037006149423,0.0027985037006149427,0.0027985037006149427,0.002798503700614943,0.0027985037006149427,0.0027985037006149423,0.002798503700614945,0.002798503700614944,0.0027985037006149427,0.002798503700614944,0.0027985037006149436,0.0027985037006149453,0.002798503700614945,0.002798503700614945,0.002798503700614945,0.002798503700614945,0.002798503700614945,0.0027985037006149445,0.0027985037006149458,0.0027985037006149453,0.0027985037006149453,0.002798503700614945,0.002798503700614945,0.002798503700614945,0.0027985037006149445,0.0027985037006149458,0.0027985037006149458,0.0027985037006149453,0.0027985037006149458,0.0027985037006149458,0.002798503700614946,0.002798503700614946,0.002798503700614946,0.0027985037006149466,0.0027985037006149458,0.002798503700614946,0.0027985037006149458,0.0027985037006149458,0.0027985037006149458,0.0027985037006149458,0.002798503700614947,0.0027985037006149466,0.0027985037006149475,0.002798503700614948,0.0027985037006149475,0.002798503700614947,0.0027985037006149475,0.0027985037006149484,0.0027985037006149484,0.002798503700614947,0.0027985037006149466,0.002798503700614947,0.0027985037006149458,0.002798503700614946,0.002798503700614945,0.0027985037006149475,0.0027985037006149453,0.002798503700614944,0.0027985037006149458,0.002798503700614945,0.002798503700614945,0.0027985037006149453,0.002798503700614945,0.002798503700614945,0.0027985037006149458,0.0027985037006149458,0.002798503700614946,0.0027985037006149458,0.002798503700614946,0.0027985037006149458,0.0027985037006149458,0.002798503700614946,0.002798503700614946,0.0027985037006149458,0.0027985037006149475,0.002798503700614946,0.0027985037006149466,0.0027985037006149466,0.002798503700614946,0.0027985037006149458,0.002798503700614946,0.002798503700614947,0.002798503700614944,0.0027985037006149453,0.0027985037006149453,0.002798503700614945,0.0027985037006149453,0.0027985037006149458,0.0027985037006149453,0.002798503700614945,0.002798503700614946,0.0027985037006149458,0.002798503700614946,0.0027985037006149458,0.002798503700614946,0.0027985037006149458,0.0027985037006149458,0.0027985037006149458,0.0027985037006149458,0.0027985037006149458,0.002798503700614946,0.0027985037006149458,0.002798503700614946,0.0027985037006149458,0.002798503700614946,0.0027985037006149458,0.0027985037006149466,0.002798503700614945,0.0027985037006149458,0.0027985037006149458,0.002798503700614945,0.0027985037006149445,0.002798503700614945,0.002798503700614945,0.0027985037006149445,0.002798503700614945,0.0027985037006149453,0.002798503700614945,0.002798503700614946,0.002798503700614946,0.002798503700614946,0.002798503700614946,0.002798503700614947,0.0027985037006149466,0.0027985037006149475,0.0027985037006149458,0.002798503700614946,0.0027985037006149466,0.002798503700614946,0.0027985037006149466,0.0027985037006149453,0.002798503700614945,0.0027985037006149453,0.0027985037006149453,0.0027985037006149453,0.0027985037006149453,0.0027985037006149445,0.002798503700614946,0.0027985037006149445,0.002798503700614945,0.002798503700614946,0.0027985037006149458,0.002798503700614946,0.0027985037006149466,0.002798503700614945,0.002798503700614945,0.002798503700614945,0.002798503700614949,0.002798503700614947,0.0027985037006149475,0.0027985037006149475,0.0027985037006149475,0.002798503700614947,0.0027985037006149475,0.0027985037006149484,0.0027985037006149458,0.0027985037006149466,0.0027985037006149466,0.0027985037006149458,0.0027985037006149458,0.0027985037006149458,0.002798503700614946,0.002798503700614946,0.0027985037006149466,0.002798503700614946,0.0027985037006149466,0.0027985037006149458,0.002798503700614946,0.0027985037006149458,0.0027985037006149458,0.002798503700614946,0.002798503700614946,0.002798503700614946,0.0027985037006149458,0.0027985037006149466,0.002798503700614946,0.0027985037006149475,0.0027985037006149466,0.0027985037006149466,0.0027985037006149458,0.002798503700614946,0.002798503700614947,0.0027985037006149466,0.0027985037006149453,0.0027985037006149453,0.0027985037006149453,0.002798503700614945,0.002798503700614945,0.0027985037006149453,0.002798503700614945,0.0027985037006149453,0.0027985037006149453,0.002798503700614945,0.0027985037006149445,0.0027985037006149453,0.0027985037006149445,0.0027985037006149453,0.0027985037006149453,0.002798503700614945,0.0027985037006149453,0.0027985037006149458,0.0027985037006149458,0.0027985037006149458,0.0027985037006149458,0.0027985037006149458,0.002798503700614946,0.002798503700614946,0.0027985037006149453,0.0027985037006149453,0.0027985037006149453,0.002798503700614945,0.0027985037006149445,0.002798503700614944,0.002798503700614944,0.002798503700614945,0.0027985037006149458,0.0027985037006149453,0.0027985037006149458,0.002798503700614946,0.002798503700614946,0.0027985037006149453,0.002798503700614946,0.0027985037006149458,0.002798503700614946,0.0027985037006149453,0.0027985037006149453,0.0027985037006149458,0.0027985037006149445,0.0027985037006149453,0.002798503700614945,0.002798503700614945,0.002798503700614945,0.002798503700614945,0.002798503700614945,0.0027985037006149458,0.0027985037006149458,0.0027985037006149453,0.0027985037006149453,0.002798503700614945,0.0027985037006149453,0.002798503700614945,0.002798503700614947,0.002798503700614945,0.002798503700614945,0.002798503700614946,0.0027985037006149484,0.0027985037006149484,0.002798503700614948,0.0027985037006149466,0.002798503700614946,0.002798503700614945,0.0027985037006149453,0.002798503700614945,0.0027985037006149453,0.0027985037006149458,0.0027985037006149453,0.002798503700614946,0.002798503700614945,0.002798503700614946,0.0027985037006149458,0.0027985037006149458,0.0027985037006149466,0.0027985037006149458,0.0027985037006149458,0.002798503700614946,0.0027985037006149458,0.0027985037006149458,0.0027985037006149458,0.0027985037006149458,0.002798503700614946,0.002798503700614946,0.0027985037006149466,0.0027985037006149458,0.0027985037006149458,0.002798503700614945,0.002798503700614944,0.0027985037006149436,0.0027985037006149453,0.0027985037006149436,0.0027985037006149453,0.0027985037006149453,0.002798503700614945,0.002798503700614945,0.0027985037006149436,0.002798503700614946,0.0027985037006149453,0.002798503700614945,0.0027985037006149436,0.0027985037006149436,0.002798503700614944,0.0027985037006149453,0.0027985037006149453,0.002798503700614945,0.0027985037006149458,0.0027985037006149458,0.0027985037006149458,0.0027985037006149458,0.002798503700614946,0.002798503700614946,0.0027985037006149458,0.0027985037006149458,0.002798503700614946,0.002798503700614946,0.0027985037006149453,0.0027985037006149458,0.0027985037006149466,0.002798503700614946,0.002798503700614947,0.002798503700614946,0.002798503700614946,0.002798503700614945,0.0027985037006149453,0.0027985037006149453,0.0027985037006149453,0.002798503700614945,0.0027985037006149458,0.0027985037006149453,0.0027985037006149453,0.0027985037006149453,0.0027985037006149453,0.0027985037006149458,0.0027985037006149453,0.0027985037006149458,0.0027985037006149458,0.002798503700614946,0.002798503700614946,0.002798503700614947,0.002798503700614946,0.002798503700614946,0.0027985037006149466,0.0027985037006149475,0.0027985037006149458,0.002798503700614946,0.0027985037006149466,0.0027985037006149453,0.0027985037006149453,0.002798503700614945,0.0027985037006149458,0.0027985037006149458,0.0027985037006149458,0.002798503700614946,0.0027985037006149453,0.0027985037006149445,0.0027985037006149436,0.0027985037006149445,0.002798503700614944,0.0027985037006149453,0.002798503700614945,0.002798503700614945,0.002798503700614946,0.002798503700614946,0.0027985037006149458,0.0027985037006149458,0.0027985037006149475,0.0027985037006149466,0.002798503700614947,0.0027985037006149475,0.0027985037006149475,0.0027985037006149475,0.0027985037006149475,0.0027985037006149484,0.002798503700614948,0.002798503700614948,0.0027985037006149484,0.0027985037006149466,0.002798503700614947,0.002798503700614947,0.002798503700614947,0.0027985037006149475,0.002798503700614947,0.0027985037006149466,0.002798503700614946,0.002798503700614946,0.0027985037006149453,0.002798503700614945,0.0027985037006149453,0.002798503700614946,0.002798503700614945,0.0027985037006149458,0.002798503700614944,0.002798503700614945,0.002798503700614945,0.0027985037006149445,0.0027985037006149458,0.0027985037006149453,0.0027985037006149453,0.002798503700614945,0.0027985037006149458,0.002798503700614946,0.0027985037006149475,0.002798503700614944,0.0027985037006149423,0.0027985037006149427,0.002798503700614943,0.0027985037006149445,0.002798503700614945,0.0027985037006149436,0.002798503700614944,0.002798503700614945,0.0027985037006149436,0.0027985037006149445,0.0027985037006149445,0.0027985037006149445,0.0027985037006149436,0.002798503700614945,0.0027985037006149453,0.0027985037006149445,0.0027985037006149445,0.002798503700614946,0.0027985037006149458,0.0027985037006149458,0.0027985037006149458,0.0027985037006149458,0.002798503700614947,0.0027985037006149458,0.0027985037006149453,0.0027985037006149453,0.002798503700614945,0.0027985037006149453,0.0027985037006149445,0.0027985037006149453,0.0027985037006149453,0.0027985037006149453,0.0027985037006149453,0.002798503700614945,0.0027985037006149445,0.0027985037006149466,0.0027985037006149453,0.0027985037006149453,0.002798503700614945,0.002798503700614945,0.0027985037006149466,0.002798503700614946,0.0027985037006149466,0.002798503700614948,0.0027985037006149475,0.0027985037006149484,0.002798503700614947,0.002798503700614947,0.002798503700614947,0.0027985037006149466,0.002798503700614947,0.0027985037006149466,0.0027985037006149458,0.0027985037006149453,0.0027985037006149453,0.002798503700614945,0.0027985037006149453,0.0027985037006149453,0.0027985037006149445,0.002798503700614945,0.002798503700614945,0.0027985037006149453,0.0027985037006149453,0.002798503700614945,0.002798503700614944,0.0027985037006149458,0.002798503700614945,0.002798503700614945,0.0027985037006149453,0.0027985037006149453,0.002798503700614944,0.0027985037006149436,0.0027985037006149436,0.0027985037006149445,0.0027985037006149445,0.0027985037006149436,0.002798503700614943,0.002798503700614944,0.0027985037006149427,0.002798503700614943,0.002798503700614943,0.002798503700614944,0.002798503700614943,0.002798503700614943,0.0027985037006149427,0.002798503700614943,0.0027985037006149436,0.0027985037006149436,0.0027985037006149436,0.002798503700614944,0.002798503700614943,0.0027985037006149427,0.002798503700614944,0.0027985037006149414,0.0027985037006149414,0.0027985037006149423,0.0027985037006149423,0.0027985037006149423,0.0027985037006149423,0.0027985037006149414,0.0027985037006149423,0.002798503700614944,0.0027985037006149436,0.0027985037006149436,0.0027985037006149436,0.002798503700614944,0.002798503700614943,0.0027985037006149436,0.002798503700614944,0.002798503700614944,0.0027985037006149436,0.002798503700614945,0.002798503700614945,0.0027985037006149436,0.0027985037006149445,0.0027985037006149436,0.002798503700614945,0.0027985037006149458,0.0027985037006149453,0.0027985037006149445,0.0027985037006149458,0.002798503700614945,0.002798503700614946,0.002798503700614946,0.0027985037006149466,0.0027985037006149445,0.002798503700614945,0.0027985037006149445,0.0027985037006149453,0.002798503700614944,0.002798503700614944,0.002798503700614944,0.0027985037006149436,0.002798503700614945,0.002798503700614944,0.0027985037006149436,0.0027985037006149427,0.0027985037006149427,0.0027985037006149423,0.0027985037006149423,0.0027985037006149414,0.002798503700614942,0.0027985037006149423,0.0027985037006149423,0.0027985037006149423,0.002798503700614942,0.0027985037006149423,0.002798503700614941,0.0027985037006149414,0.0027985037006149414,0.0027985037006149427,0.002798503700614942,0.002798503700614937,0.002798503700614939,0.0027985037006149393,0.0027985037006149393,0.002798503700614939,0.002798503700614939,0.0027985037006149393,0.0027985037006149393,0.002798503700614939,0.0027985037006149384,0.0027985037006149384,0.0027985037006149414,0.0027985037006149414,0.0027985037006149427,0.0027985037006149406,0.0027985037006149406,0.002798503700614941,0.0027985037006149414,0.002798503700614942,0.002798503700614942,0.0027985037006149414,0.002798503700614941,0.0027985037006149414,0.0027985037006149414,0.002798503700614941,0.002798503700614941,0.0027985037006149414,0.0027985037006149406,0.002798503700614942,0.0027985037006149393,0.0027985037006149406,0.00279850370061494,0.0027985037006149406,0.0027985037006149393,0.002798503700614942,0.0027985037006149414,0.0027985037006149406,0.0027985037006149414,0.00279850370061494,0.0027985037006149406,0.0027985037006149393,0.002798503700614939,0.002798503700614939,0.0027985037006149393,0.0027985037006149384,0.0027985037006149384,0.0027985037006149384,0.0027985037006149384,0.002798503700614938,0.0027985037006149384,0.002798503700614939,0.0027985037006149393,0.0027985037006149393,0.0027985037006149393,0.0027985037006149397,0.002798503700614941,0.002798503700614941,0.0027985037006149393,0.0027985037006149397,0.0027985037006149406,0.002798503700614939,0.0027985037006149393,0.0027985037006149393,0.002798503700614939,0.002798503700614939,0.002798503700614938,0.0027985037006149397,0.0027985037006149393,0.0027985037006149397,0.0027985037006149393,0.0027985037006149397,0.0027985037006149393,0.0027985037006149393,0.0027985037006149393,0.00279850370061494,0.00279850370061494,0.0027985037006149397,0.00279850370061494,0.002798503700614939,0.002798503700614939,0.0027985037006149393,0.0027985037006149384,0.0027985037006149384,0.0027985037006149397,0.0027985037006149397,0.0027985037006149397,0.0027985037006149393,0.0027985037006149397,0.0027985037006149393,0.0027985037006149393,0.002798503700614939,0.00279850370061494,0.0027985037006149354,0.0027985037006149362,0.0027985037006149367,0.0027985037006149354,0.002798503700614936,0.0027985037006149362,0.0027985037006149354,0.0027985037006149354,0.002798503700614935,0.0027985037006149354,0.002798503700614935,0.0027985037006149354,0.002798503700614936,0.0027985037006149354,0.002798503700614936,0.002798503700614936,0.0027985037006149362,0.0027985037006149362,0.002798503700614936,0.002798503700614935,0.0027985037006149354,0.002798503700614935,0.0027985037006149362,0.0027985037006149354,0.002798503700614935,0.002798503700614936,0.002798503700614936,0.0027985037006149345,0.0027985037006149354,0.0027985037006149354,0.002798503700614936,0.002798503700614936,0.0027985037006149336,0.0027985037006149362,0.002798503700614936,0.002798503700614936,0.002798503700614936,0.002798503700614936,0.0027985037006149354,0.002798503700614936,0.0027985037006149354,0.002798503700614936,0.002798503700614936,0.0027985037006149354,0.0027985037006149354,0.0027985037006149354,0.0027985037006149354,0.002798503700614936,0.002798503700614936,0.002798503700614936,0.0027985037006149362,0.0027985037006149362,0.002798503700614936,0.002798503700614936,0.002798503700614936,0.002798503700614936,0.002798503700614936,0.0027985037006149354,0.0027985037006149354,0.0027985037006149345,0.002798503700614935,0.0027985037006149354,0.0027985037006149354,0.002798503700614936,0.0027985037006149354,0.002798503700614936,0.0027985037006149354,0.002798503700614936,0.0027985037006149336,0.0027985037006149375,0.0027985037006149375,0.002798503700614938,0.002798503700614938,0.002798503700614937,0.002798503700614938,0.002798503700614938,0.002798503700614937,0.0027985037006149375,0.0027985037006149375,0.0027985037006149384,0.0027985037006149384,0.002798503700614938,0.0027985037006149367,0.0027985037006149375,0.002798503700614937,0.002798503700614938,0.0027985037006149362,0.002798503700614937,0.0027985037006149367,0.002798503700614938,0.0027985037006149367,0.0027985037006149384,0.002798503700614938,0.002798503700614937,0.0027985037006149375,0.0027985037006149375,0.0027985037006149367,0.0027985037006149375,0.0027985037006149375,0.002798503700614937,0.002798503700614938,0.0027985037006149375,0.002798503700614938,0.002798503700614937,0.0027985037006149375,0.0027985037006149367,0.0027985037006149367,0.0027985037006149375,0.002798503700614937,0.002798503700614937,0.0027985037006149375,0.0027985037006149367,0.0027985037006149375,0.0027985037006149367,0.0027985037006149384,0.0027985037006149375,0.0027985037006149375,0.0027985037006149384,0.0027985037006149362,0.002798503700614937,0.0027985037006149375,0.0027985037006149375,0.002798503700614937,0.002798503700614937,0.002798503700614938,0.0027985037006149375,0.0027985037006149375,0.0027985037006149375,0.002798503700614937,0.0027985037006149384,0.002798503700614938,0.0027985037006149367,0.0027985037006149375,0.002798503700614938,0.002798503700614938,0.002798503700614938,0.0027985037006149375,0.0027985037006149384,0.0027985037006149384,0.0027985037006149384,0.002798503700614937,0.0027985037006149384,0.0027985037006149375,0.002798503700614938,0.002798503700614938,0.002798503700614938,0.002798503700614938,0.0027985037006149384,0.002798503700614938,0.0027985037006149384,0.002798503700614939,0.0027985037006149384,0.0027985037006149384,0.0027985037006149393,0.0027985037006149393,0.0027985037006149393,0.002798503700614939,0.0027985037006149397,0.002798503700614939,0.0027985037006149393,0.0027985037006149393,0.002798503700614939,0.00279850370061494,0.002798503700614939,0.0027985037006149393,0.002798503700614938,0.002798503700614938,0.0027985037006149375,0.0027985037006149384,0.002798503700614938,0.002798503700614938,0.002798503700614939,0.0027985037006149384,0.002798503700614938,0.0027985037006149384,0.0027985037006149393,0.0027985037006149384,0.002798503700614939,0.002798503700614939,0.0027985037006149393,0.0027985037006149384,0.0027985037006149384,0.002798503700614938,0.002798503700614939,0.0027985037006149393,0.0027985037006149406,0.002798503700614939,0.002798503700614939,0.002798503700614939,0.00279850370061494,0.002798503700614938,0.0027985037006149393,0.0027985037006149384,0.002798503700614939,0.002798503700614938,0.0027985037006149393,0.002798503700614938,0.0027985037006149384,0.0027985037006149384,0.0027985037006149393,0.0027985037006149397,0.002798503700614939,0.0027985037006149397,0.0027985037006149397,0.00279850370061494,0.00279850370061494,0.00279850370061494,0.0027985037006149393,0.0027985037006149393,0.0027985037006149393,0.0027985037006149384,0.002798503700614938,0.0027985037006149393,0.002798503700614939,0.002798503700614939,0.002798503700614939,0.002798503700614939,0.0027985037006149397,0.002798503700614939,0.0027985037006149393,0.0027985037006149393,0.0027985037006149384,0.0027985037006149393,0.0027985037006149397,0.0027985037006149393,0.002798503700614939,0.0027985037006149393,0.0027985037006149397,0.0027985037006149397,0.00279850370061494,0.002798503700614939,0.00279850370061494,0.002798503700614939,0.002798503700614939,0.002798503700614939,0.002798503700614939,0.002798503700614939,0.0027985037006149384,0.0027985037006149393,0.0027985037006149393,0.00279850370061494,0.002798503700614939,0.0027985037006149393,0.002798503700614939,0.002798503700614938,0.0027985037006149384,0.0027985037006149384,0.0027985037006149375,0.0027985037006149375,0.0027985037006149375,0.002798503700614938,0.002798503700614938,0.0027985037006149375,0.002798503700614938,0.002798503700614937,0.0027985037006149375,0.002798503700614938,0.002798503700614938,0.0027985037006149384,0.0027985037006149384,0.0027985037006149384,0.0027985037006149384,0.002798503700614939,0.0027985037006149375,0.002798503700614938,0.0027985037006149384,0.0027985037006149384,0.002798503700614938,0.002798503700614938,0.002798503700614938,0.0027985037006149393,0.002798503700614938,0.0027985037006149384,0.0027985037006149384,0.0027985037006149384,0.002798503700614939,0.0027985037006149393,0.0027985037006149384,0.0027985037006149393,0.002798503700614938,0.0027985037006149384,0.0027985037006149375,0.002798503700614938,0.0027985037006149384,0.002798503700614939,0.0027985037006149375,0.002798503700614939,0.002798503700614938,0.0027985037006149393,0.002798503700614939,0.002798503700614939,0.002798503700614939,0.0027985037006149393,0.002798503700614938,0.002798503700614939,0.002798503700614939,0.0027985037006149393,0.0027985037006149406,0.002798503700614941,0.0027985037006149406,0.0027985037006149393,0.0027985037006149393,0.0027985037006149393,0.0027985037006149393,0.0027985037006149393,0.0027985037006149406,0.0027985037006149406,0.0027985037006149393,0.002798503700614938,0.002798503700614939,0.002798503700614938,0.002798503700614938,0.0027985037006149384,0.0027985037006149375,0.002798503700614938,0.002798503700614938,0.002798503700614938,0.0027985037006149375,0.002798503700614938,0.0027985037006149375,0.002798503700614938,0.0027985037006149375,0.002798503700614938,0.0027985037006149375,0.0027985037006149375,0.0027985037006149375,0.002798503700614938,0.002798503700614938,0.0027985037006149375,0.0027985037006149375,0.0027985037006149375,0.002798503700614938,0.0027985037006149375,0.002798503700614938,0.002798503700614938,0.002798503700614938,0.0027985037006149375,0.002798503700614938,0.0027985037006149375,0.0027985037006149384,0.002798503700614938,0.002798503700614938,0.002798503700614939,0.002798503700614938,0.0027985037006149384,0.0027985037006149384,0.0027985037006149397,0.0027985037006149397,0.0027985037006149397,0.002798503700614939,0.00279850370061494,0.00279850370061494,0.002798503700614941,0.0027985037006149406,0.00279850370061494,0.002798503700614942,0.0027985037006149397,0.002798503700614941,0.002798503700614941,0.00279850370061494,0.0027985037006149406,0.0027985037006149406,0.002798503700614941,0.002798503700614941,0.0027985037006149393,0.00279850370061494,0.0027985037006149397,0.0027985037006149397,0.00279850370061494,0.0027985037006149393,0.0027985037006149393,0.0027985037006149384,0.0027985037006149397,0.0027985037006149393,0.0027985037006149393,0.0027985037006149384,0.00279850370061494,0.002798503700614939,0.0027985037006149393,0.0027985037006149384,0.002798503700614939,0.002798503700614939,0.0027985037006149393,0.002798503700614938,0.002798503700614941,0.0027985037006149397,0.0027985037006149393,0.002798503700614941,0.002798503700614939,0.002798503700614939,0.0027985037006149393,0.002798503700614939,0.0027985037006149393,0.0027985037006149414,0.0027985037006149397,0.00279850370061494,0.0027985037006149406,0.0027985037006149414,0.002798503700614941,0.002798503700614941,0.002798503700614941,0.0027985037006149406,0.002798503700614942,0.002798503700614941,0.0027985037006149397,0.0027985037006149406,0.0027985037006149406,0.00279850370061494,0.002798503700614941,0.00279850370061494,0.0027985037006149406,0.0027985037006149406,0.0027985037006149397,0.0027985037006149414,0.0027985037006149414,0.0027985037006149423,0.0027985037006149423,0.0027985037006149427,0.002798503700614942,0.0027985037006149427,0.0027985037006149423,0.0027985037006149436,0.0027985037006149436,0.0027985037006149436,0.0027985037006149445,0.0027985037006149445,0.002798503700614944,0.0027985037006149436,0.002798503700614944,0.0027985037006149436,0.0027985037006149436,0.002798503700614943,0.0027985037006149436,0.0027985037006149436,0.0027985037006149423,0.002798503700614943,0.0027985037006149436,0.0027985037006149427,0.0027985037006149436,0.0027985037006149436,0.0027985037006149423,0.0027985037006149436,0.002798503700614943,0.002798503700614943,0.002798503700614943,0.0027985037006149427,0.0027985037006149427,0.0027985037006149427,0.0027985037006149414,0.0027985037006149423,0.0027985037006149423,0.0027985037006149423,0.0027985037006149423,0.0027985037006149423,0.0027985037006149427,0.002798503700614942,0.0027985037006149414,0.0027985037006149414,0.002798503700614941,0.002798503700614941,0.0027985037006149414,0.0027985037006149414,0.0027985037006149414,0.002798503700614941,0.0027985037006149406,0.0027985037006149414,0.002798503700614942,0.0027985037006149414,0.0027985037006149414,0.0027985037006149414,0.0027985037006149414,0.0027985037006149414,0.0027985037006149414,0.0027985037006149406,0.002798503700614943,0.0027985037006149436,0.002798503700614943,0.002798503700614943,0.002798503700614944,0.0027985037006149436,0.002798503700614943,0.0027985037006149436,0.0027985037006149427,0.0027985037006149427,0.002798503700614943,0.002798503700614943,0.0027985037006149423,0.002798503700614943,0.0027985037006149436,0.0027985037006149453,0.002798503700614943,0.0027985037006149427,0.0027985037006149414,0.0027985037006149414,0.002798503700614942,0.0027985037006149414,0.0027985037006149406,0.002798503700614941,0.0027985037006149406,0.00279850370061494,0.0027985037006149406,0.00279850370061494,0.0027985037006149414,0.0027985037006149414,0.0027985037006149406,0.0027985037006149414,0.00279850370061494,0.0027985037006149414,0.0027985037006149414,0.0027985037006149414,0.002798503700614942,0.0027985037006149423,0.0027985037006149427,0.0027985037006149423,0.0027985037006149427,0.0027985037006149436,0.002798503700614943,0.0027985037006149436,0.002798503700614944,0.002798503700614944,0.0027985037006149445,0.002798503700614945,0.002798503700614944,0.002798503700614945,0.002798503700614944,0.002798503700614945,0.0027985037006149445,0.0027985037006149453,0.002798503700614945,0.0027985037006149445,0.002798503700614945,0.002798503700614945,0.002798503700614945,0.0027985037006149453,0.0027985037006149453,0.0027985037006149453,0.002798503700614945,0.002798503700614945,0.002798503700614945,0.002798503700614948,0.0027985037006149458,0.002798503700614946,0.0027985037006149458,0.0027985037006149466,0.002798503700614946,0.002798503700614946,0.002798503700614946,0.002798503700614946,0.0027985037006149453,0.0027985037006149453,0.002798503700614945,0.0027985037006149453,0.002798503700614945,0.002798503700614945,0.0027985037006149453,0.002798503700614944,0.0027985037006149453,0.002798503700614945,0.002798503700614946,0.0027985037006149466,0.002798503700614945,0.002798503700614945,0.002798503700614945,0.0027985037006149453,0.0027985037006149453,0.0027985037006149453,0.0027985037006149453,0.002798503700614945,0.002798503700614945,0.002798503700614944,0.002798503700614946,0.002798503700614946,0.002798503700614945,0.002798503700614946,0.0027985037006149466,0.0027985037006149466,0.0027985037006149453,0.0027985037006149453,0.0027985037006149458,0.002798503700614945,0.002798503700614945,0.0027985037006149453,0.0027985037006149453,0.0027985037006149445,0.0027985037006149445,0.0027985037006149453,0.0027985037006149445,0.0027985037006149445,0.0027985037006149445,0.0027985037006149453,0.0027985037006149453,0.0027985037006149453,0.0027985037006149453,0.0027985037006149445,0.002798503700614945,0.002798503700614945,0.0027985037006149445,0.002798503700614944,0.0027985037006149436,0.0027985037006149436,0.0027985037006149436,0.002798503700614944,0.0027985037006149436,0.002798503700614944,0.002798503700614944,0.002798503700614944,0.002798503700614944,0.0027985037006149436,0.002798503700614944,0.0027985037006149436,0.002798503700614944,0.002798503700614944,0.002798503700614944,0.0027985037006149436,0.002798503700614943,0.0027985037006149436,0.0027985037006149445,0.002798503700614944,0.002798503700614943,0.002798503700614943,0.002798503700614943,0.0027985037006149436,0.0027985037006149427,0.002798503700614944,0.0027985037006149436,0.0027985037006149445,0.0027985037006149445,0.002798503700614945,0.002798503700614944,0.002798503700614945,0.002798503700614944,0.002798503700614944,0.002798503700614945,0.002798503700614944,0.0027985037006149453,0.0027985037006149453,0.002798503700614945,0.0027985037006149475,0.002798503700614946,0.002798503700614947,0.002798503700614947,0.0027985037006149466,0.002798503700614947,0.002798503700614947,0.0027985037006149466,0.0027985037006149475,0.002798503700614947,0.002798503700614948,0.002798503700614947,0.0027985037006149475,0.002798503700614947,0.002798503700614948,0.0027985037006149484,0.002798503700614949,0.0027985037006149484,0.002798503700614949,0.0027985037006149484,0.002798503700614948,0.002798503700614949,0.0027985037006149492,0.002798503700614947,0.0027985037006149492,0.002798503700614949,0.0027985037006149484,0.0027985037006149484,0.0027985037006149492,0.0027985037006149484,0.002798503700614948,0.002798503700614947,0.0027985037006149484,0.002798503700614949,0.0027985037006149484,0.002798503700614949,0.002798503700614948,0.0027985037006149475,0.002798503700614947,0.002798503700614947,0.0027985037006149466,0.002798503700614947,0.002798503700614947,0.0027985037006149458,0.0027985037006149466,0.0027985037006149453,0.0027985037006149453,0.002798503700614945,0.002798503700614945,0.0027985037006149453,0.0027985037006149453,0.0027985037006149453,0.0027985037006149453,0.0027985037006149453,0.0027985037006149445,0.0027985037006149445,0.0027985037006149453,0.002798503700614944,0.0027985037006149458,0.002798503700614945,0.0027985037006149453,0.0027985037006149445,0.002798503700614945,0.002798503700614945,0.002798503700614945,0.0027985037006149445,0.002798503700614944,0.002798503700614944,0.002798503700614944,0.002798503700614945,0.0027985037006149445,0.002798503700614945,0.002798503700614945,0.002798503700614945,0.0027985037006149445,0.0027985037006149458,0.0027985037006149453,0.0027985037006149458,0.0027985037006149466,0.002798503700614947,0.002798503700614946,0.0027985037006149466,0.0027985037006149466,0.0027985037006149466,0.0027985037006149453,0.002798503700614946,0.0027985037006149453,0.0027985037006149453,0.0027985037006149453,0.0027985037006149458,0.0027985037006149453,0.0027985037006149453,0.0027985037006149445,0.002798503700614946,0.0027985037006149458,0.002798503700614946,0.002798503700614947,0.002798503700614945,0.0027985037006149453,0.0027985037006149453,0.002798503700614945,0.002798503700614946,0.002798503700614946,0.002798503700614946,0.002798503700614946,0.0027985037006149458,0.002798503700614946,0.0027985037006149458,0.002798503700614946,0.002798503700614946,0.002798503700614946,0.002798503700614946,0.0027985037006149458,0.0027985037006149458,0.0027985037006149458,0.002798503700614946,0.002798503700614946,0.0027985037006149453,0.002798503700614946,0.002798503700614946,0.0027985037006149458,0.0027985037006149475,0.0027985037006149466,0.0027985037006149466,0.002798503700614946,0.0027985037006149466,0.002798503700614946,0.002798503700614947,0.002798503700614946,0.0027985037006149466,0.0027985037006149466,0.002798503700614947,0.002798503700614947,0.0027985037006149475,0.0027985037006149475,0.002798503700614947,0.002798503700614947,0.0027985037006149475,0.0027985037006149475,0.0027985037006149475,0.002798503700614947,0.0027985037006149475,0.0027985037006149475,0.002798503700614948,0.0027985037006149475,0.002798503700614947,0.0027985037006149466,0.002798503700614948,0.002798503700614947,0.002798503700614947,0.002798503700614947,0.0027985037006149484,0.0027985037006149475,0.0027985037006149466,0.002798503700614947,0.0027985037006149466,0.0027985037006149475,0.002798503700614946,0.002798503700614948,0.0027985037006149475,0.0027985037006149475,0.002798503700614947,0.0027985037006149475,0.0027985037006149475,0.002798503700614947,0.002798503700614948,0.002798503700614948,0.0027985037006149475,0.002798503700614947,0.0027985037006149458,0.002798503700614946,0.0027985037006149475,0.002798503700614946,0.0027985037006149466,0.002798503700614947,0.002798503700614946,0.0027985037006149475,0.002798503700614946,0.0027985037006149475,0.002798503700614946,0.002798503700614946,0.0027985037006149458,0.0027985037006149458,0.002798503700614946,0.0027985037006149458,0.002798503700614946,0.0027985037006149458,0.002798503700614946,0.0027985037006149466,0.002798503700614946,0.002798503700614946,0.0027985037006149466,0.002798503700614947,0.002798503700614946,0.002798503700614946,0.0027985037006149458,0.002798503700614946,0.0027985037006149466,0.002798503700614946,0.0027985037006149458,0.002798503700614947,0.0027985037006149475,0.002798503700614947,0.002798503700614946,0.002798503700614947,0.002798503700614947,0.0027985037006149458,0.002798503700614946,0.002798503700614946,0.002798503700614946,0.002798503700614945,0.0027985037006149453,0.0027985037006149484,0.002798503700614949,0.002798503700614948,0.0027985037006149475,0.0027985037006149475,0.0027985037006149484,0.002798503700614947,0.0027985037006149475,0.002798503700614947,0.002798503700614947,0.002798503700614947,0.0027985037006149484,0.0027985037006149475,0.002798503700614947,0.002798503700614947,0.002798503700614947,0.002798503700614946,0.0027985037006149458,0.0027985037006149466,0.0027985037006149453,0.002798503700614946,0.0027985037006149458,0.0027985037006149475,0.002798503700614946,0.0027985037006149458,0.002798503700614946,0.0027985037006149453,0.002798503700614945,0.002798503700614945,0.0027985037006149453,0.0027985037006149445,0.0027985037006149445,0.0027985037006149458,0.0027985037006149453,0.0027985037006149453,0.0027985037006149453,0.002798503700614945,0.002798503700614945,0.002798503700614945,0.0027985037006149453,0.0027985037006149453,0.002798503700614946,0.0027985037006149458,0.002798503700614946,0.0027985037006149466,0.0027985037006149458,0.0027985037006149466,0.0027985037006149466,0.0027985037006149453,0.002798503700614945,0.0027985037006149475,0.002798503700614947,0.002798503700614946,0.002798503700614946,0.0027985037006149445,0.002798503700614944,0.0027985037006149453,0.0027985037006149445,0.002798503700614945,0.0027985037006149453,0.0027985037006149453,0.0027985037006149445,0.0027985037006149453,0.0027985037006149445,0.0027985037006149453,0.0027985037006149453,0.0027985037006149453,0.0027985037006149466,0.0027985037006149453,0.0027985037006149453,0.0027985037006149445,0.002798503700614946,0.002798503700614946,0.002798503700614947,0.002798503700614946,0.0027985037006149458,0.002798503700614947,0.002798503700614947,0.0027985037006149466,0.002798503700614946,0.002798503700614946,0.002798503700614947,0.002798503700614947,0.002798503700614947,0.002798503700614946,0.002798503700614947,0.002798503700614947,0.0027985037006149466,0.002798503700614946,0.002798503700614946,0.002798503700614946,0.0027985037006149458,0.0027985037006149466,0.0027985037006149453,0.0027985037006149453,0.0027985037006149453,0.0027985037006149453,0.0027985037006149458,0.0027985037006149453,0.0027985037006149458,0.0027985037006149453,0.0027985037006149453,0.0027985037006149445,0.002798503700614945,0.002798503700614946,0.002798503700614946,0.0027985037006149458,0.0027985037006149458,0.002798503700614946,0.0027985037006149453,0.002798503700614946,0.0027985037006149458,0.0027985037006149458,0.0027985037006149458,0.0027985037006149466,0.0027985037006149453,0.0027985037006149453,0.0027985037006149445,0.0027985037006149453,0.002798503700614945,0.0027985037006149453,0.0027985037006149436,0.0027985037006149445,0.0027985037006149453,0.0027985037006149445,0.0027985037006149453,0.002798503700614944,0.0027985037006149453,0.0027985037006149445,0.002798503700614944,0.0027985037006149453,0.0027985037006149445,0.0027985037006149436,0.002798503700614944,0.0027985037006149453,0.002798503700614945,0.0027985037006149453,0.0027985037006149453,0.0027985037006149453,0.0027985037006149453,0.002798503700614945,0.0027985037006149453,0.0027985037006149453,0.0027985037006149453,0.002798503700614945,0.0027985037006149453,0.002798503700614945,0.0027985037006149445,0.0027985037006149453,0.002798503700614945,0.002798503700614944,0.0027985037006149466,0.0027985037006149453,0.002798503700614946,0.0027985037006149458,0.0027985037006149466,0.0027985037006149466,0.002798503700614946,0.002798503700614946,0.002798503700614946,0.0027985037006149458,0.002798503700614947,0.0027985037006149458,0.0027985037006149466,0.0027985037006149453,0.0027985037006149453,0.0027985037006149453,0.0027985037006149453,0.002798503700614945,0.002798503700614945,0.0027985037006149445,0.0027985037006149458,0.002798503700614945,0.002798503700614946,0.0027985037006149458,0.0027985037006149458,0.0027985037006149453,0.0027985037006149458,0.002798503700614946,0.0027985037006149458,0.0027985037006149458,0.0027985037006149458,0.0027985037006149458,0.002798503700614946,0.002798503700614946,0.0027985037006149466,0.002798503700614946,0.0027985037006149453,0.0027985037006149458,0.002798503700614945,0.0027985037006149453,0.0027985037006149453,0.0027985037006149453,0.0027985037006149453,0.002798503700614946,0.0027985037006149453,0.0027985037006149453,0.002798503700614945,0.0027985037006149453,0.002798503700614945,0.002798503700614945,0.0027985037006149458,0.0027985037006149453,0.002798503700614945,0.002798503700614945,0.0027985037006149453,0.0027985037006149453,0.002798503700614945,0.0027985037006149453,0.002798503700614945,0.002798503700614945,0.0027985037006149458,0.002798503700614946,0.0027985037006149458,0.002798503700614946,0.002798503700614946,0.002798503700614946,0.0027985037006149458,0.002798503700614946,0.002798503700614946,0.0027985037006149458,0.002798503700614947,0.002798503700614947,0.002798503700614947,0.002798503700614947,0.0027985037006149466,0.0027985037006149475,0.002798503700614946,0.002798503700614946,0.002798503700614947,0.002798503700614945,0.002798503700614945,0.002798503700614945,0.0027985037006149445,0.002798503700614945,0.002798503700614945,0.002798503700614945,0.0027985037006149445,0.002798503700614945,0.0027985037006149445,0.002798503700614946,0.0027985037006149458,0.002798503700614946,0.0027985037006149445,0.0027985037006149453,0.0027985037006149453,0.002798503700614945,0.0027985037006149458,0.0027985037006149453,0.002798503700614945,0.002798503700614946,0.0027985037006149458,0.0027985037006149453,0.0027985037006149466,0.0027985037006149458,0.002798503700614946,0.0027985037006149458,0.002798503700614946,0.002798503700614946,0.002798503700614947,0.002798503700614945,0.0027985037006149453,0.002798503700614945,0.0027985037006149453,0.0027985037006149453,0.0027985037006149453,0.002798503700614945,0.0027985037006149458,0.0027985037006149458,0.002798503700614946,0.0027985037006149458,0.0027985037006149458,0.0027985037006149458,0.002798503700614946,0.002798503700614946,0.002798503700614946,0.0027985037006149458,0.0027985037006149466,0.002798503700614945,0.0027985037006149445,0.0027985037006149453,0.0027985037006149453,0.002798503700614945,0.0027985037006149453,0.0027985037006149453,0.002798503700614945,0.0027985037006149453,0.002798503700614945,0.002798503700614945,0.0027985037006149453,0.002798503700614945,0.0027985037006149453,0.002798503700614945,0.0027985037006149427,0.0027985037006149414,0.0027985037006149423,0.0027985037006149423,0.0027985037006149427,0.002798503700614943,0.0027985037006149436,0.0027985037006149427,0.0027985037006149436,0.0027985037006149436,0.002798503700614943,0.0027985037006149427,0.0027985037006149423,0.002798503700614942,0.002798503700614942,0.0027985037006149423,0.0027985037006149423,0.0027985037006149427,0.002798503700614943,0.002798503700614943,0.0027985037006149427,0.0027985037006149423,0.0027985037006149436,0.0027985037006149436,0.0027985037006149436,0.002798503700614944,0.002798503700614943,0.002798503700614944,0.0027985037006149445,0.0027985037006149436,0.002798503700614943,0.002798503700614944,0.002798503700614943,0.0027985037006149436,0.002798503700614945,0.002798503700614944,0.0027985037006149436,0.0027985037006149445,0.002798503700614943,0.0027985037006149436,0.002798503700614944,0.0027985037006149436,0.002798503700614944,0.0027985037006149436,0.0027985037006149436,0.002798503700614944,0.0027985037006149445,0.002798503700614944,0.002798503700614944,0.002798503700614944,0.0027985037006149436,0.0027985037006149436,0.0027985037006149436,0.002798503700614944,0.0027985037006149436,0.0027985037006149445,0.002798503700614944,0.0027985037006149436,0.0027985037006149436,0.002798503700614944,0.0027985037006149436,0.0027985037006149436,0.0027985037006149427,0.002798503700614943,0.002798503700614944,0.002798503700614942,0.0027985037006149427,0.002798503700614943,0.0027985037006149427,0.002798503700614943,0.0027985037006149427,0.002798503700614942,0.002798503700614942,0.0027985037006149414,0.002798503700614942,0.0027985037006149427,0.0027985037006149427,0.002798503700614943,0.0027985037006149427,0.0027985037006149423,0.0027985037006149427,0.0027985037006149423,0.002798503700614943,0.0027985037006149423,0.0027985037006149427,0.002798503700614942,0.002798503700614942,0.0027985037006149427,0.0027985037006149406,0.002798503700614941,0.002798503700614941,0.002798503700614942,0.002798503700614942,0.0027985037006149414,0.0027985037006149414,0.002798503700614942,0.0027985037006149406,0.002798503700614941,0.002798503700614941,0.0027985037006149414,0.002798503700614941,0.002798503700614939,0.0027985037006149397,0.0027985037006149393,0.0027985037006149393,0.002798503700614939,0.0027985037006149397,0.00279850370061494,0.00279850370061494,0.0027985037006149393,0.0027985037006149397,0.0027985037006149393,0.0027985037006149397,0.00279850370061494,0.002798503700614939,0.0027985037006149393,0.0027985037006149393,0.002798503700614939,0.0027985037006149384,0.0027985037006149375,0.002798503700614938,0.002798503700614941,0.0027985037006149397,0.0027985037006149397,0.00279850370061494,0.0027985037006149393,0.002798503700614939,0.002798503700614938,0.002798503700614938,0.0027985037006149375,0.002798503700614938,0.0027985037006149375,0.0027985037006149375,0.0027985037006149362,0.002798503700614938,0.002798503700614936,0.002798503700614936,0.0027985037006149367,0.002798503700614938,0.0027985037006149367,0.002798503700614938,0.0027985037006149375,0.002798503700614939,0.0027985037006149384,0.0027985037006149384,0.002798503700614938,0.0027985037006149384,0.0027985037006149384,0.002798503700614938,0.002798503700614938,0.002798503700614938,0.002798503700614939,0.0027985037006149384,0.002798503700614938,0.0027985037006149384,0.0027985037006149375,0.002798503700614938,0.002798503700614938,0.0027985037006149384,0.002798503700614939,0.0027985037006149384,0.002798503700614939,0.0027985037006149393,0.0027985037006149393,0.002798503700614939,0.0027985037006149384,0.002798503700614938,0.0027985037006149397,0.0027985037006149397,0.0027985037006149393,0.0027985037006149393,0.0027985037006149393,0.0027985037006149393,0.002798503700614939,0.0027985037006149397,0.0027985037006149393,0.0027985037006149393,0.0027985037006149397,0.0027985037006149397,0.0027985037006149397,0.002798503700614939,0.0027985037006149393,0.0027985037006149393,0.0027985037006149397,0.0027985037006149384,0.0027985037006149393,0.0027985037006149384,0.0027985037006149384,0.0027985037006149393,0.0027985037006149384,0.0027985037006149393,0.0027985037006149393,0.002798503700614939,0.0027985037006149397,0.0027985037006149393,0.00279850370061494,0.00279850370061494,0.0027985037006149406,0.002798503700614941,0.0027985037006149406,0.0027985037006149406,0.00279850370061494,0.00279850370061494,0.0027985037006149397,0.0027985037006149397,0.002798503700614939,0.0027985037006149393,0.0027985037006149393,0.002798503700614939,0.0027985037006149393,0.002798503700614939,0.0027985037006149393,0.00279850370061494,0.002798503700614939,0.002798503700614938,0.002798503700614938,0.002798503700614937,0.0027985037006149375,0.002798503700614938,0.002798503700614938,0.0027985037006149384,0.0027985037006149384,0.0027985037006149384,0.0027985037006149393,0.0027985037006149397,0.0027985037006149393,0.0027985037006149397,0.00279850370061494,0.0027985037006149397,0.0027985037006149393,0.0027985037006149393,0.0027985037006149393,0.0027985037006149397,0.00279850370061494,0.0027985037006149406,0.0027985037006149397,0.0027985037006149397,0.00279850370061494,0.0027985037006149397,0.0027985037006149393,0.0027985037006149393,0.0027985037006149397,0.0027985037006149393,0.00279850370061494,0.002798503700614938,0.0027985037006149384,0.0027985037006149393,0.002798503700614938,0.0027985037006149397,0.002798503700614939,0.0027985037006149384,0.002798503700614938,0.0027985037006149397,0.0027985037006149393,0.0027985037006149397,0.00279850370061494,0.002798503700614939,0.002798503700614938,0.0027985037006149393,0.0027985037006149393,0.0027985037006149397,0.00279850370061494,0.002798503700614939,0.0027985037006149393,0.0027985037006149393,0.0027985037006149393,0.00279850370061494,0.0027985037006149414,0.0027985037006149406,0.0027985037006149414,0.0027985037006149414,0.0027985037006149406,0.0027985037006149406,0.002798503700614941,0.0027985037006149423,0.002798503700614941,0.002798503700614942,0.002798503700614942,0.0027985037006149427,0.0027985037006149414,0.0027985037006149414,0.002798503700614941,0.0027985037006149414,0.002798503700614941,0.002798503700614942,0.002798503700614941,0.00279850370061494,0.002798503700614941,0.002798503700614941,0.0027985037006149414,0.0027985037006149406,0.0027985037006149414,0.0027985037006149393,0.002798503700614939,0.0027985037006149397,0.0027985037006149393,0.002798503700614939,0.0027985037006149393,0.002798503700614939,0.0027985037006149393,0.002798503700614939,0.0027985037006149384,0.0027985037006149384,0.002798503700614939,0.0027985037006149393,0.0027985037006149384,0.002798503700614938,0.002798503700614938,0.0027985037006149384,0.0027985037006149384,0.0027985037006149397,0.00279850370061494,0.00279850370061494,0.00279850370061494,0.0027985037006149397,0.00279850370061494,0.0027985037006149406,0.0027985037006149397,0.00279850370061494,0.0027985037006149406,0.0027985037006149393,0.0027985037006149397,0.0027985037006149393,0.002798503700614939,0.0027985037006149393,0.0027985037006149397,0.002798503700614939,0.0027985037006149384,0.002798503700614939,0.0027985037006149375,0.002798503700614939,0.002798503700614939,0.0027985037006149393,0.0027985037006149393,0.0027985037006149393,0.0027985037006149384,0.0027985037006149393,0.002798503700614938,0.002798503700614938,0.0027985037006149393,0.0027985037006149393,0.0027985037006149393,0.00279850370061494,0.00279850370061494,0.0027985037006149406,0.002798503700614941,0.00279850370061494,0.00279850370061494,0.00279850370061494,0.0027985037006149414,0.002798503700614939,0.0027985037006149427,0.002798503700614942,0.0027985037006149427,0.00279850370061494,0.0027985037006149406,0.0027985037006149414,0.002798503700614939,0.0027985037006149393,0.002798503700614938,0.0027985037006149393,0.0027985037006149393,0.0027985037006149393,0.0027985037006149397,0.00279850370061494,0.00279850370061494,0.00279850370061494,0.00279850370061494,0.002798503700614941,0.0027985037006149414,0.0027985037006149406,0.0027985037006149393,0.002798503700614937,0.0027985037006149328,0.0027985037006149336,0.0027985037006149328,0.0027985037006149328,0.0027985037006149323,0.0027985037006149336,0.002798503700614933,0.0027985037006149328,0.0027985037006149336,0.002798503700614933,0.002798503700614933,0.0027985037006149336,0.0027985037006149328,0.002798503700614933,0.0027985037006149336,0.0027985037006149345,0.002798503700614933,0.002798503700614935,0.002798503700614933,0.0027985037006149336,0.0027985037006149328,0.0027985037006149345,0.0027985037006149336,0.0027985037006149336,0.002798503700614934,0.0027985037006149336,0.0027985037006149328,0.002798503700614933,0.0027985037006149328,0.002798503700614933,0.002798503700614933,0.002798503700614932,0.002798503700614933,0.002798503700614933,0.002798503700614933,0.002798503700614933,0.002798503700614933,0.002798503700614933,0.0027985037006149328,0.0027985037006149336,0.0027985037006149328,0.0027985037006149323,0.0027985037006149323,0.002798503700614933,0.0027985037006149328,0.0027985037006149336,0.0027985037006149345,0.0027985037006149345,0.002798503700614935,0.0027985037006149354,0.0027985037006149354,0.002798503700614934,0.0027985037006149354,0.002798503700614935,0.0027985037006149345,0.002798503700614934,0.002798503700614933,0.002798503700614934,0.0027985037006149336,0.0027985037006149336,0.0027985037006149336,0.002798503700614933,0.0027985037006149328,0.002798503700614933,0.002798503700614933,0.002798503700614933,0.002798503700614933,0.002798503700614933,0.0027985037006149336,0.0027985037006149323,0.0027985037006149323,0.0027985037006149328,0.0027985037006149323,0.0027985037006149323,0.0027985037006149323,0.002798503700614933,0.002798503700614933,0.002798503700614933,0.0027985037006149328,0.0027985037006149323,0.002798503700614933,0.0027985037006149323,0.0027985037006149336,0.0027985037006149328,0.0027985037006149323,0.0027985037006149323,0.0027985037006149323,0.0027985037006149328,0.0027985037006149328,0.0027985037006149328,0.0027985037006149345,0.002798503700614934,0.0027985037006149362,0.0027985037006149362,0.0027985037006149367,0.0027985037006149362,0.0027985037006149362,0.0027985037006149362,0.002798503700614938,0.002798503700614938,0.0027985037006149375,0.0027985037006149375,0.0027985037006149375,0.0027985037006149362,0.002798503700614939,0.0027985037006149393,0.0027985037006149393,0.002798503700614939,0.002798503700614939,0.0027985037006149345,0.0027985037006149345,0.002798503700614934,0.0027985037006149354,0.002798503700614934,0.0027985037006149345,0.002798503700614934,0.002798503700614936,0.0027985037006149345,0.002798503700614934,0.002798503700614935,0.0027985037006149345,0.0027985037006149345,0.0027985037006149345,0.0027985037006149354,0.0027985037006149345,0.0027985037006149345,0.0027985037006149345,0.0027985037006149345,0.0027985037006149354,0.002798503700614935,0.0027985037006149354,0.0027985037006149354,0.002798503700614935,0.002798503700614936,0.002798503700614936,0.002798503700614936,0.0027985037006149354,0.0027985037006149354,0.002798503700614936,0.0027985037006149354,0.0027985037006149354,0.0027985037006149354,0.0027985037006149354,0.0027985037006149354,0.0027985037006149354,0.0027985037006149354,0.002798503700614936,0.0027985037006149354,0.0027985037006149354,0.002798503700614936,0.0027985037006149375,0.002798503700614936,0.002798503700614936,0.002798503700614936,0.0027985037006149354,0.002798503700614936,0.0027985037006149362,0.002798503700614936,0.0027985037006149354,0.0027985037006149354,0.002798503700614936,0.002798503700614937,0.002798503700614937,0.0027985037006149354,0.0027985037006149367,0.0027985037006149362,0.002798503700614937,0.002798503700614936,0.0027985037006149367,0.0027985037006149367,0.0027985037006149367,0.0027985037006149362,0.0027985037006149367,0.0027985037006149362,0.0027985037006149362,0.0027985037006149362,0.0027985037006149362,0.0027985037006149367,0.0027985037006149367,0.0027985037006149367,0.0027985037006149362,0.0027985037006149362,0.0027985037006149362,0.002798503700614937,0.002798503700614937,0.0027985037006149367,0.002798503700614938,0.002798503700614937,0.002798503700614938,0.0027985037006149375,0.002798503700614938,0.002798503700614938,0.002798503700614938,0.0027985037006149375,0.0027985037006149406,0.0027985037006149397,0.0027985037006149397,0.0027985037006149393,0.0027985037006149397,0.0027985037006149406,0.002798503700614941,0.00279850370061494,0.0027985037006149423,0.0027985037006149414,0.0027985037006149423,0.0027985037006149414,0.0027985037006149427,0.0027985037006149427,0.002798503700614942,0.002798503700614942,0.0027985037006149427,0.0027985037006149414,0.0027985037006149427,0.0027985037006149427,0.0027985037006149427,0.0027985037006149427,0.002798503700614943,0.0027985037006149436,0.002798503700614943,0.0027985037006149423,0.0027985037006149423,0.0027985037006149427,0.0027985037006149427,0.0027985037006149436,0.002798503700614944,0.002798503700614943,0.0027985037006149436,0.002798503700614943,0.002798503700614945,0.002798503700614944,0.0027985037006149436,0.002798503700614944,0.002798503700614944,0.002798503700614945,0.002798503700614944,0.002798503700614944,0.0027985037006149436,0.002798503700614944,0.002798503700614944,0.0027985037006149436,0.0027985037006149436,0.002798503700614944,0.002798503700614944,0.0027985037006149436,0.002798503700614945,0.002798503700614944,0.002798503700614944,0.0027985037006149436,0.0027985037006149445,0.002798503700614944,0.002798503700614944,0.0027985037006149436,0.0027985037006149445,0.0027985037006149458,0.0027985037006149458,0.002798503700614946,0.0027985037006149458,0.002798503700614946,0.0027985037006149458,0.0027985037006149466,0.002798503700614946,0.0027985037006149458,0.0027985037006149458,0.002798503700614945,0.002798503700614945,0.0027985037006149453,0.002798503700614945,0.0027985037006149445,0.002798503700614946,0.0027985037006149458,0.0027985037006149458,0.0027985037006149458,0.002798503700614946,0.0027985037006149453,0.002798503700614946,0.002798503700614946,0.002798503700614946,0.0027985037006149458,0.002798503700614946,0.002798503700614946,0.002798503700614946,0.002798503700614947,0.0027985037006149458,0.002798503700614946,0.0027985037006149466,0.002798503700614947,0.0027985037006149466,0.002798503700614947,0.0027985037006149466,0.002798503700614948,0.002798503700614947,0.002798503700614947,0.0027985037006149484,0.0027985037006149475,0.002798503700614947,0.0027985037006149475,0.0027985037006149466,0.0027985037006149475,0.0027985037006149475,0.002798503700614947,0.002798503700614947,0.0027985037006149484,0.002798503700614947,0.002798503700614947,0.002798503700614946,0.002798503700614947,0.0027985037006149475,0.002798503700614947,0.002798503700614946,0.002798503700614946,0.0027985037006149466,0.0027985037006149458,0.002798503700614946,0.002798503700614947,0.0027985037006149458,0.002798503700614946,0.002798503700614946,0.002798503700614946,0.0027985037006149458,0.002798503700614946,0.002798503700614946,0.002798503700614946,0.002798503700614946,0.002798503700614947,0.002798503700614947,0.0027985037006149475,0.002798503700614947,0.002798503700614947,0.0027985037006149458,0.0027985037006149466,0.0027985037006149466,0.002798503700614947,0.0027985037006149466,0.002798503700614947,0.002798503700614946,0.0027985037006149453,0.0027985037006149453,0.0027985037006149453,0.002798503700614945,0.0027985037006149453,0.0027985037006149453,0.0027985037006149458,0.002798503700614945,0.0027985037006149453,0.002798503700614945,0.002798503700614945,0.002798503700614945,0.002798503700614946,0.0027985037006149453,0.002798503700614945,0.002798503700614946,0.0027985037006149453,0.002798503700614945,0.0027985037006149453,0.002798503700614945,0.0027985037006149453,0.0027985037006149453,0.0027985037006149445,0.002798503700614945,0.002798503700614946,0.002798503700614945,0.0027985037006149458,0.002798503700614946,0.0027985037006149458,0.002798503700614946,0.0027985037006149458,0.0027985037006149453,0.002798503700614946,0.002798503700614948,0.0027985037006149475,0.002798503700614947,0.0027985037006149475,0.002798503700614946,0.0027985037006149475,0.0027985037006149475,0.0027985037006149475,0.0027985037006149466,0.002798503700614947,0.002798503700614947,0.0027985037006149466,0.002798503700614946,0.002798503700614947,0.002798503700614946,0.002798503700614946,0.0027985037006149458,0.002798503700614946,0.0027985037006149458,0.002798503700614946,0.0027985037006149458,0.002798503700614946,0.0027985037006149475,0.002798503700614947,0.0027985037006149458,0.0027985037006149453,0.002798503700614946,0.0027985037006149458,0.0027985037006149466,0.0027985037006149475,0.0027985037006149466,0.002798503700614947,0.0027985037006149475,0.0027985037006149475,0.0027985037006149475,0.002798503700614947,0.002798503700614947,0.0027985037006149466,0.0027985037006149497,0.0027985037006149492,0.0027985037006149492,0.002798503700614949,0.0027985037006149497,0.002798503700614949,0.002798503700614948,0.0027985037006149497,0.002798503700614948,0.0027985037006149492,0.002798503700614948,0.0027985037006149492,0.002798503700614949,0.002798503700614949,0.0027985037006149497,0.0027985037006149492,0.0027985037006149497,0.0027985037006149484,0.0027985037006149484,0.002798503700614948,0.0027985037006149484,0.002798503700614949,0.002798503700614949,0.002798503700614949,0.0027985037006149484,0.002798503700614948,0.002798503700614948,0.0027985037006149484,0.0027985037006149484,0.002798503700614948,0.0027985037006149497,0.0027985037006149475,0.0027985037006149484,0.0027985037006149492,0.002798503700614949,0.0027985037006149484,0.002798503700614949,0.002798503700614949,0.0027985037006149505,0.0027985037006149497,0.00279850370061495,0.0027985037006149497,0.002798503700614951,0.002798503700614951,0.0027985037006149505,0.0027985037006149505,0.00279850370061495,0.0027985037006149497,0.00279850370061495,0.002798503700614951,0.00279850370061495,0.0027985037006149497,0.00279850370061495,0.00279850370061495,0.0027985037006149492,0.0027985037006149505,0.002798503700614951,0.0027985037006149514,0.00279850370061495,0.002798503700614951,0.0027985037006149505,0.0027985037006149505,0.00279850370061495,0.00279850370061495,0.002798503700614951,0.0027985037006149497,0.0027985037006149497,0.0027985037006149497,0.0027985037006149497,0.0027985037006149492,0.00279850370061495,0.00279850370061495,0.0027985037006149497,0.00279850370061495,0.00279850370061495,0.0027985037006149492,0.002798503700614951,0.0027985037006149484,0.002798503700614951,0.00279850370061495,0.002798503700614951,0.0027985037006149497,0.0027985037006149505,0.0027985037006149514,0.002798503700614952,0.0027985037006149527,0.0027985037006149527,0.0027985037006149536,0.002798503700614954,0.0027985037006149544,0.0027985037006149536,0.002798503700614954,0.0027985037006149536,0.0027985037006149544,0.002798503700614954,0.0027985037006149544,0.0027985037006149527,0.0027985037006149527,0.002798503700614953,0.0027985037006149527,0.0027985037006149527,0.0027985037006149523,0.0027985037006149523,0.0027985037006149523,0.002798503700614952,0.0027985037006149523,0.002798503700614952,0.0027985037006149523,0.002798503700614952,0.0027985037006149527,0.0027985037006149527,0.002798503700614953,0.0027985037006149527,0.0027985037006149527,0.0027985037006149527,0.0027985037006149527,0.0027985037006149527,0.002798503700614953,0.002798503700614953,0.0027985037006149527,0.002798503700614953,0.0027985037006149536,0.0027985037006149523,0.002798503700614953,0.002798503700614953,0.0027985037006149527,0.002798503700614954,0.0027985037006149527,0.002798503700614955,0.0027985037006149536,0.0027985037006149536,0.0027985037006149523,0.0027985037006149527,0.002798503700614952,0.0027985037006149514,0.0027985037006149527,0.002798503700614953,0.002798503700614953,0.002798503700614953,0.0027985037006149536,0.002798503700614953,0.002798503700614953,0.0027985037006149536,0.0027985037006149523,0.0027985037006149527,0.0027985037006149523,0.0027985037006149523,0.0027985037006149523,0.002798503700614952,0.002798503700614953,0.0027985037006149536,0.0027985037006149523,0.002798503700614952,0.0027985037006149523,0.0027985037006149514,0.002798503700614952,0.0027985037006149527,0.002798503700614953,0.0027985037006149527,0.0027985037006149527,0.0027985037006149544,0.002798503700614952,0.002798503700614954,0.0027985037006149544,0.002798503700614954,0.002798503700614955,0.002798503700614953,0.002798503700614954,0.002798503700614954,0.002798503700614954,0.0027985037006149536,0.002798503700614954,0.002798503700614954,0.0027985037006149536,0.0027985037006149527,0.0027985037006149536,0.002798503700614952,0.002798503700614953,0.002798503700614953,0.002798503700614953,0.002798503700614953,0.002798503700614953,0.002798503700614953,0.0027985037006149536,0.002798503700614954,0.0027985037006149536,0.002798503700614953,0.0027985037006149527,0.0027985037006149536,0.0027985037006149536,0.0027985037006149523,0.0027985037006149527,0.0027985037006149536,0.0027985037006149527,0.002798503700614952,0.002798503700614952,0.002798503700614952,0.002798503700614952,0.002798503700614952,0.002798503700614952,0.002798503700614952,0.0027985037006149523,0.002798503700614952,0.0027985037006149523,0.0027985037006149514,0.002798503700614952,0.002798503700614952,0.0027985037006149523,0.002798503700614952,0.0027985037006149523,0.002798503700614952,0.002798503700614952,0.002798503700614952,0.002798503700614951,0.0027985037006149514,0.002798503700614951,0.002798503700614952,0.0027985037006149497,0.0027985037006149514,0.00279850370061495,0.00279850370061495,0.0027985037006149497,0.00279850370061495,0.0027985037006149492,0.00279850370061495,0.0027985037006149497,0.0027985037006149505,0.0027985037006149492,0.0027985037006149497,0.0027985037006149497,0.00279850370061495,0.0027985037006149505,0.0027985037006149505,0.0027985037006149497,0.0027985037006149497,0.0027985037006149497,0.0027985037006149497,0.0027985037006149497,0.0027985037006149497,0.0027985037006149497,0.0027985037006149497,0.0027985037006149497,0.0027985037006149497,0.00279850370061495,0.00279850370061495,0.00279850370061495,0.00279850370061495,0.0027985037006149497,0.00279850370061495,0.0027985037006149497,0.0027985037006149505,0.0027985037006149492,0.0027985037006149497,0.0027985037006149492,0.0027985037006149497,0.0027985037006149492,0.0027985037006149497,0.0027985037006149497,0.0027985037006149497,0.002798503700614948,0.00279850370061495,0.0027985037006149497,0.00279850370061495,0.0027985037006149492,0.0027985037006149497,0.0027985037006149497,0.0027985037006149492,0.0027985037006149497,0.0027985037006149492,0.0027985037006149492,0.0027985037006149497,0.0027985037006149497,0.0027985037006149497,0.0027985037006149505,0.0027985037006149514,0.0027985037006149523,0.0027985037006149514,0.0027985037006149514,0.0027985037006149536,0.0027985037006149527,0.0027985037006149527,0.0027985037006149536,0.0027985037006149523,0.002798503700614954,0.002798503700614953,0.002798503700614954,0.002798503700614953,0.0027985037006149544,0.002798503700614954,0.0027985037006149544,0.002798503700614954,0.0027985037006149544,0.002798503700614954,0.002798503700614954,0.0027985037006149544,0.0027985037006149544,0.002798503700614954,0.002798503700614953,0.002798503700614954,0.002798503700614954,0.002798503700614953,0.002798503700614953,0.002798503700614952,0.002798503700614953,0.0027985037006149527,0.002798503700614954,0.002798503700614953,0.0027985037006149523,0.002798503700614955,0.0027985037006149544,0.0027985037006149544,0.0027985037006149553,0.002798503700614955,0.0027985037006149557,0.0027985037006149553,0.0027985037006149553,0.0027985037006149553,0.0027985037006149553,0.002798503700614955,0.0027985037006149553,0.0027985037006149553,0.0027985037006149553,0.0027985037006149553,0.002798503700614955,0.002798503700614954,0.002798503700614955,0.002798503700614954,0.0027985037006149553,0.002798503700614955,0.002798503700614954,0.002798503700614954,0.0027985037006149523,0.002798503700614953,0.0027985037006149536,0.002798503700614953,0.0027985037006149536,0.0027985037006149527,0.002798503700614955,0.0027985037006149536,0.002798503700614954,0.0027985037006149523,0.0027985037006149523,0.0027985037006149527,0.002798503700614952,0.0027985037006149514,0.002798503700614951,0.002798503700614951,0.002798503700614951,0.0027985037006149514,0.0027985037006149514,0.0027985037006149497,0.0027985037006149497,0.0027985037006149492,0.002798503700614947,0.0027985037006149475,0.0027985037006149475,0.002798503700614947,0.002798503700614947,0.002798503700614948,0.0027985037006149484,0.002798503700614948,0.002798503700614947,0.002798503700614946,0.002798503700614947,0.0027985037006149466,0.0027985037006149466,0.002798503700614946,0.002798503700614946,0.0027985037006149458,0.0027985037006149458,0.0027985037006149453,0.0027985037006149458,0.0027985037006149458,0.0027985037006149466,0.0027985037006149458,0.002798503700614946,0.0027985037006149458,0.0027985037006149466,0.0027985037006149475,0.0027985037006149466,0.0027985037006149466,0.0027985037006149458,0.002798503700614946,0.002798503700614946,0.0027985037006149466,0.002798503700614946,0.0027985037006149466,0.002798503700614946,0.002798503700614946,0.002798503700614946,0.002798503700614946,0.0027985037006149466,0.002798503700614946,0.0027985037006149453,0.0027985037006149458,0.002798503700614945,0.0027985037006149453,0.0027985037006149453,0.002798503700614945,0.002798503700614946,0.0027985037006149458,0.0027985037006149458,0.0027985037006149458,0.0027985037006149458,0.002798503700614946,0.002798503700614946,0.002798503700614946,0.0027985037006149453,0.0027985037006149458,0.0027985037006149453,0.0027985037006149453,0.002798503700614945,0.0027985037006149458,0.0027985037006149453,0.002798503700614945,0.002798503700614945,0.0027985037006149445,0.0027985037006149453,0.002798503700614945,0.0027985037006149445,0.0027985037006149466,0.002798503700614945,0.0027985037006149484,0.00279850370061495,0.00279850370061495,0.00279850370061495,0.0027985037006149475,0.002798503700614949,0.0027985037006149484,0.0027985037006149475,0.0027985037006149475,0.002798503700614947,0.002798503700614948,0.0027985037006149466,0.002798503700614948,0.002798503700614947,0.0027985037006149466,0.002798503700614947,0.0027985037006149475,0.002798503700614947,0.0027985037006149458,0.002798503700614946,0.0027985037006149453,0.0027985037006149453,0.0027985037006149445,0.002798503700614945,0.002798503700614946,0.0027985037006149453,0.0027985037006149458,0.002798503700614946,0.002798503700614946,0.0027985037006149475,0.002798503700614946,0.0027985037006149475,0.0027985037006149475,0.002798503700614949,0.002798503700614948,0.0027985037006149475,0.002798503700614947,0.002798503700614947,0.002798503700614948,0.002798503700614947,0.0027985037006149466,0.0027985037006149475,0.002798503700614946,0.0027985037006149484,0.0027985037006149484,0.0027985037006149492,0.002798503700614949,0.0027985037006149484,0.0027985037006149484,0.002798503700614948,0.0027985037006149475,0.002798503700614948,0.002798503700614948,0.0027985037006149475,0.0027985037006149475,0.0027985037006149466,0.002798503700614947,0.0027985037006149475,0.002798503700614947,0.0027985037006149458,0.002798503700614946,0.0027985037006149466,0.0027985037006149453,0.002798503700614945,0.002798503700614945,0.002798503700614943,0.0027985037006149436,0.0027985037006149436,0.002798503700614943,0.0027985037006149427,0.0027985037006149423,0.002798503700614943,0.0027985037006149423,0.0027985037006149436,0.002798503700614944,0.002798503700614944,0.0027985037006149453,0.002798503700614945,0.0027985037006149453,0.002798503700614945,0.0027985037006149453,0.0027985037006149445,0.002798503700614945,0.002798503700614945,0.0027985037006149453,0.002798503700614945,0.0027985037006149453,0.0027985037006149458,0.0027985037006149445,0.0027985037006149458,0.002798503700614946,0.0027985037006149458,0.002798503700614945,0.0027985037006149453,0.0027985037006149458,0.0027985037006149458,0.002798503700614945,0.0027985037006149458,0.002798503700614946,0.0027985037006149466,0.0027985037006149453,0.0027985037006149453,0.0027985037006149453,0.0027985037006149445,0.0027985037006149453,0.0027985037006149453,0.0027985037006149458,0.002798503700614945,0.0027985037006149453,0.002798503700614945,0.002798503700614945,0.0027985037006149445,0.002798503700614945,0.002798503700614945,0.0027985037006149436,0.0027985037006149436,0.0027985037006149484,0.0027985037006149453,0.0027985037006149445,0.0027985037006149466,0.002798503700614945,0.0027985037006149458,0.0027985037006149458,0.0027985037006149458,0.002798503700614946,0.002798503700614946,0.0027985037006149458,0.0027985037006149458,0.002798503700614946,0.0027985037006149458,0.0027985037006149458,0.0027985037006149466,0.0027985037006149458,0.0027985037006149458,0.002798503700614946,0.0027985037006149466,0.002798503700614947,0.002798503700614946,0.0027985037006149458,0.0027985037006149458,0.002798503700614946,0.002798503700614946,0.0027985037006149458,0.002798503700614946,0.0027985037006149458,0.0027985037006149458,0.002798503700614945,0.0027985037006149453,0.0027985037006149458,0.002798503700614945,0.0027985037006149453,0.0027985037006149453,0.0027985037006149453,0.0027985037006149453,0.002798503700614945,0.0027985037006149445,0.0027985037006149458,0.002798503700614945,0.002798503700614945,0.0027985037006149453,0.002798503700614944,0.002798503700614944,0.002798503700614945,0.002798503700614945,0.002798503700614945,0.002798503700614944,0.002798503700614944,0.002798503700614944,0.0027985037006149445,0.0027985037006149458,0.002798503700614945,0.002798503700614945,0.002798503700614945,0.002798503700614945,0.0027985037006149453,0.0027985037006149445,0.0027985037006149445,0.0027985037006149445,0.002798503700614945,0.002798503700614945,0.002798503700614945,0.002798503700614945,0.0027985037006149445,0.002798503700614945,0.0027985037006149458,0.002798503700614945,0.0027985037006149453,0.002798503700614945,0.0027985037006149453,0.002798503700614945,0.002798503700614945,0.0027985037006149453,0.0027985037006149453,0.002798503700614945,0.0027985037006149445,0.0027985037006149445,0.0027985037006149445,0.002798503700614944,0.0027985037006149445,0.0027985037006149453,0.002798503700614944,0.002798503700614944,0.002798503700614945,0.002798503700614945,0.0027985037006149453,0.002798503700614946,0.0027985037006149453,0.0027985037006149458,0.002798503700614946,0.002798503700614946,0.0027985037006149458,0.002798503700614946,0.0027985037006149466,0.0027985037006149453,0.002798503700614945,0.002798503700614945,0.002798503700614945,0.0027985037006149453,0.0027985037006149453,0.0027985037006149453,0.0027985037006149445,0.0027985037006149458,0.0027985037006149458,0.002798503700614946,0.0027985037006149458,0.002798503700614946,0.0027985037006149466,0.0027985037006149458,0.0027985037006149458,0.0027985037006149458,0.0027985037006149458,0.002798503700614946,0.0027985037006149458,0.002798503700614946,0.0027985037006149458,0.002798503700614946,0.0027985037006149458,0.0027985037006149466,0.002798503700614945,0.002798503700614945,0.0027985037006149453,0.0027985037006149453,0.002798503700614945,0.0027985037006149458,0.0027985037006149453,0.002798503700614945,0.0027985037006149453,0.0027985037006149453,0.0027985037006149445,0.002798503700614945,0.0027985037006149445,0.002798503700614945,0.002798503700614945,0.002798503700614945,0.0027985037006149445,0.0027985037006149453,0.0027985037006149453,0.0027985037006149453,0.0027985037006149445,0.0027985037006149453,0.0027985037006149453,0.002798503700614945,0.0027985037006149436,0.0027985037006149445,0.002798503700614945,0.0027985037006149436,0.002798503700614944,0.002798503700614944,0.002798503700614944,0.002798503700614943,0.0027985037006149427,0.0027985037006149436,0.0027985037006149436,0.002798503700614943,0.0027985037006149427,0.0027985037006149423,0.002798503700614943,0.0027985037006149436,0.0027985037006149427,0.0027985037006149427,0.002798503700614944,0.002798503700614943,0.002798503700614944,0.002798503700614944,0.002798503700614945,0.0027985037006149445,0.0027985037006149436,0.0027985037006149445,0.002798503700614944,0.0027985037006149436,0.002798503700614944,0.0027985037006149436,0.002798503700614943,0.0027985037006149436,0.0027985037006149423,0.0027985037006149436,0.0027985037006149436,0.0027985037006149436,0.0027985037006149436,0.0027985037006149436,0.0027985037006149445,0.002798503700614944,0.0027985037006149436,0.002798503700614944,0.002798503700614944,0.0027985037006149436,0.0027985037006149436,0.002798503700614944,0.002798503700614944,0.002798503700614943,0.002798503700614943,0.0027985037006149436,0.002798503700614943,0.0027985037006149427,0.0027985037006149423,0.0027985037006149427,0.0027985037006149436,0.0027985037006149423,0.0027985037006149423,0.0027985037006149423,0.0027985037006149423,0.0027985037006149427,0.0027985037006149436,0.0027985037006149423,0.0027985037006149436,0.0027985037006149436,0.002798503700614943,0.0027985037006149423,0.0027985037006149436,0.0027985037006149436,0.0027985037006149436,0.002798503700614943,0.002798503700614943,0.0027985037006149436,0.002798503700614943,0.002798503700614943,0.002798503700614943,0.0027985037006149423,0.0027985037006149427,0.0027985037006149427,0.002798503700614943,0.002798503700614944,0.0027985037006149427,0.0027985037006149436,0.0027985037006149436,0.002798503700614943,0.0027985037006149436,0.0027985037006149436,0.002798503700614944,0.002798503700614943,0.0027985037006149436,0.002798503700614943,0.0027985037006149445,0.0027985037006149436,0.002798503700614944,0.0027985037006149436,0.002798503700614943,0.0027985037006149436,0.0027985037006149436,0.002798503700614943,0.0027985037006149427,0.0027985037006149427,0.0027985037006149427,0.0027985037006149436,0.002798503700614943,0.002798503700614944,0.002798503700614945,0.002798503700614944,0.002798503700614944,0.002798503700614944,0.002798503700614944,0.002798503700614944,0.002798503700614943,0.002798503700614944,0.002798503700614944,0.002798503700614945,0.002798503700614944,0.002798503700614945,0.0027985037006149453,0.002798503700614945,0.0027985037006149458,0.002798503700614945,0.0027985037006149453,0.0027985037006149453,0.002798503700614945,0.0027985037006149458,0.0027985037006149453,0.002798503700614945,0.0027985037006149453,0.0027985037006149453,0.0027985037006149453,0.0027985037006149445,0.0027985037006149458,0.002798503700614945,0.0027985037006149458,0.0027985037006149458,0.0027985037006149458,0.0027985037006149458,0.002798503700614945,0.0027985037006149466,0.0027985037006149458,0.002798503700614946
6,1.4836596224975234e-41,5.725998683273484e-41,1.3791490685094456e-40,2.6422648116371316e-40,4.421805857826998e-40,6.761013684922076e-40,9.696774274264815e-40,1.3256632509169827e-39,1.7460680795335947e-39,2.232577541854278e-39,2.786450116772776e-39,3.408637727701462e-39,4.099864232265777e-39,4.8607342858815826e-39,5.691675250149183e-39,6.592996635440742e-39,7.565019016482975e-39,8.6078742562764e-39,9.721796297614862e-39,1.0906817602343277e-38,1.2163125345159009e-38,1.3490744015764357e-38,1.4889669340943753e-38,1.6359996865519215e-38,1.7901759147212977e-38,1.9514981278797407e-38,2.1199682599787204e-38,2.2955878015496497e-38,2.4783579013710747e-38,2.668279444832705e-38,2.865353114316141e-38,3.069579435748387e-38,3.2809588144699414e-38,3.499491562885543e-38,3.7251779217692875e-38,3.958018076692292e-38,4.198012170677597e-38,4.4451603139540504e-38,4.699462591478971e-38,4.960919068728363e-38,5.229529796167518e-38,5.505294812690626e-38,5.78821414827244e-38,6.078287826017415e-38,6.375515863732039e-38,6.679898275140274e-38,6.99143507081807e-38,7.310126258919816e-38,7.635971845725074e-38,7.968971836075751e-38,8.309126233707575e-38,8.656435041495485e-38,9.01089826165433e-38,9.372515895892635e-38,9.741287945530384e-38,1.0117214411577676e-37,1.0500295294822399e-37,1.0890530595865785e-37,1.1287920315169756e-37,1.1692464453094457e-37,1.2104163009913538e-37,1.2523015985842979e-37,1.2949023381045066e-37,1.3382185195645794e-37,1.3822501429744373e-37,1.4269972083415467e-37,1.4724597156714784e-37,1.5186376649689132e-37,1.565531056237284e-37,1.6131398894790104e-37,1.661464164696428e-37,1.71050388189086e-37,1.7602590410639774e-37,1.810729642216287e-37,1.8619156853485762e-37,1.9138171704613544e-37,1.9664340975551773e-37,2.0197664666301505e-37,2.0738142776868704e-37,2.128577530725176e-37,2.184056225745248e-37,2.240250362747602e-37,2.297159941731674e-37,2.3547849626983095e-37,2.413125425646649e-37,2.472181330577733e-37,2.531952677491241e-37,2.5924394663868868e-37,2.653641697265015e-37,2.715559370125098e-37,2.7781924849678522e-37,2.8415410417927973e-37,2.9056050406000195e-37,2.9703844813894694e-37,3.0358793641617473e-37,3.102089688916779e-37,3.169015455654036e-37,3.2366566643740857e-37,3.3050133150758894e-37,3.3740854077604855e-37,3.4438729424268094e-37,3.5143759190758673e-37,3.5855943377071806e-37,3.657528198321222e-37,3.7301775009170203e-37,3.803542245495613e-37,3.877622432056964e-37,3.9524180606005466e-37,4.027929131126888e-37,4.1041556436350474e-37,4.1810975981259135e-37,4.25875499459908e-37,4.337127833054987e-37,4.416216113492679e-37,4.496019835913256e-37,4.576539000316513e-37,4.657773606701958e-37,4.739723655069649e-37,4.822389145419626e-37,4.905770077751882e-37,4.989866452066383e-37,5.074678268363649e-37,5.160205526643064e-37,5.246448226905361e-37,5.333406369149923e-37,5.4210799533767595e-37,5.509468979586403e-37,5.598573447777817e-37,5.688393357952452e-37,5.778928710108808e-37,5.870179504248029e-37,5.962145740369464e-37,6.0548274184731286e-37,6.148224538559018e-37,6.242337100627706e-37,6.337165104679139e-37,6.432708550712313e-37,6.52896743872824e-37,6.62594176872646e-37,6.7236315407074345e-37,6.822036754670173e-37,6.921157410615679e-37,7.020993508542964e-37,7.121545048453093e-37,7.2228120303459114e-37,7.324794454220997e-37,7.427492320078307e-37,7.530905627918402e-37,7.635034377740748e-37,7.73987856954536e-37,7.845438203332761e-37,7.951713279101855e-37,8.058703796853731e-37,8.166409756588276e-37,8.27483115830509e-37,8.38396800200422e-37,8.49382028768551e-37,8.60438801534964e-37,8.715671184996063e-37,8.827669796624696e-37,8.940383850235535e-37,9.05381334582918e-37,9.167958283405066e-37,9.28281866296368e-37,9.39839448450462e-37,9.514685748027848e-37,9.631692453532793e-37,9.749414601020468e-37,9.867852190490856e-37,9.987005221943964e-37,1.010687369537886e-36,1.022745761079597e-36,1.0348756968195866e-36,1.0470771767578602e-36,1.0593502008943563e-36,1.0716947692290264e-36,1.0841108817619136e-36,1.0965985384931342e-36,1.1091577394225797e-36,1.1217884845502511e-36,1.1344907738761388e-36,1.1472646074002506e-36,1.1601099851226837e-36,1.1730269070433468e-36,1.1860153731621236e-36,1.1990753834791228e-36,1.2122069379944497e-36,1.2254100367081048e-36,1.2386846796198816e-36,1.2520308667299829e-36,1.2654485980383177e-36,1.2789378735448767e-36,1.2924986932497662e-36,1.3061310571526804e-36,1.3198349652540259e-36,1.3336104175535968e-36,1.3474574140514001e-36,1.361375954747325e-36,1.375366039641576e-36,1.3894276687340518e-36,1.4035608420247507e-36,1.4177655595136683e-36,1.4320418212008069e-36,1.4463896270861742e-36,1.4608089771698693e-36,1.4752998714518972e-36,1.48986230993194e-36,1.5044962926102126e-36,1.5192018194869155e-36,1.533978890561846e-36,1.5488275058350018e-36,1.5637476653063768e-36,1.5787393689759807e-36,1.593802616843813e-36,1.6089374089098702e-36,1.62414374517415e-36,1.6394216256366542e-36,1.6547710502973758e-36,1.6701920191564358e-36,1.6856845322137127e-36,1.701248589469213e-36,1.7168841909229414e-36,1.7325913365750005e-36,1.7483700264252794e-36,1.7642202604736786e-36,1.7801420387204032e-36,1.7961353611653558e-36,1.8122002278085385e-36,1.8283366386499427e-36,1.8445445936895745e-36,1.86082409292744e-36,1.877175136363628e-36,1.8935977239980332e-36,1.9100918558305605e-36,1.9266575318614148e-36,1.9432947520904907e-36,1.96000351651789e-36,1.9767838251434146e-36,1.9936356779672706e-36,2.0105590749893445e-36,2.0275540162096516e-36,2.0446205016281832e-36,2.0617585312449367e-36,2.0789681050600217e-36,2.096249223073325e-36,2.1136018852848535e-36,2.1310260916946053e-36,2.148521842302575e-36,2.1660891371087776e-36,2.1837279761133086e-36,2.2014383593159583e-36,2.2192202867168328e-36,2.237073758316033e-36,2.2549987741134542e-36,2.2729953341091045e-36,2.2910634383029804e-36,2.3092030866950795e-36,2.327414279285405e-36,2.3456970160740494e-36,2.3640512970609116e-36,2.3824771222458988e-36,2.400974491629208e-36,2.4195434052107472e-36,2.4381838629906178e-36,2.456895864968614e-36,2.4756794111448404e-36,2.494534501519379e-36,2.5134611360921466e-36,2.53245931486314e-36,2.5515290378323593e-36,2.570670304999805e-36,2.589883116365573e-36,2.609167471929574e-36,2.6285233716918007e-36,2.6479508156522447e-36,2.6674498038109156e-36,2.6870203361678053e-36,2.7066624127230198e-36,2.7263760334764655e-36,2.7461611984280328e-36,2.766017907577926e-36,2.7859461609260482e-36,2.8059459584723917e-36,2.826017300216968e-36,2.8461601861597696e-36,2.8663746163008923e-36,2.8866605906401416e-36,2.9070181091777146e-36,2.927447171913518e-36,2.947947778847543e-36,2.9685199299798982e-36,2.9891636253103668e-36,3.009878864839165e-36,3.0306656485661815e-36,3.051523976491419e-36,3.07245384861488e-36,3.093455264936575e-36,3.114528225456487e-36,3.135672730174732e-36,3.156888779091208e-36,3.178176372205796e-36,3.1995355095187224e-36,3.220966191029871e-36,3.2424684167393576e-36,3.264042186646961e-36,3.285687500752892e-36,3.307404359057049e-36,3.329192761559429e-36,3.3510527082600394e-36,3.37298419915887e-36,3.3949872342559175e-36,3.4170618135511954e-36,3.4392079370448014e-36,3.461425604736536e-36,3.483714816626486e-36,3.50607557271477e-36,3.528507873001267e-36,3.551011717486086e-36,3.573587106169033e-36,3.5962340390503e-36,3.6189525161297964e-36,3.641742537407512e-36,3.6646041028834495e-36,3.6875372125576195e-36,3.710541866429898e-36,3.733618064500514e-36,3.756765806769338e-36,3.779985093236495e-36,3.803275923901877e-36,3.826638298765376e-36,3.850072217827207e-36,3.8735776810872694e-36,3.8971546885456694e-36,3.92080324020218e-36,3.944523336056918e-36,3.968314976110091e-36,3.992178160361393e-36,4.0161128888110124e-36,4.0401191614588565e-36,4.0641969783048235e-36,4.088346339349117e-36,4.112567244591634e-36,4.136859694032273e-36,4.1612236876712335e-36,4.185659225508324e-36,4.2101663075439434e-36,4.234744933777584e-36,4.259395104209443e-36,4.2841168188396274e-36,4.3089100776680395e-36,4.333774880694779e-36,4.3587112279198453e-36,4.383719119342825e-36,4.408798554964333e-36,4.4339495347839665e-36,4.459172058801929e-36,4.484466127018002e-36,4.5098317394324044e-36,4.5352688960449295e-36,4.560777596855576e-36,4.58635784186454e-36,4.6120096310718393e-36,4.6377329644772526e-36,4.663527842080994e-36,4.689394263883062e-36,4.715332229883255e-36,4.741341740081768e-36,4.76742279447841e-36,4.793575393073585e-36,4.819799535866676e-36,4.8460952228578896e-36,4.8724624540476336e-36,4.8989012294355e-36,4.925411549021687e-36,4.951993412806206e-36,4.978646820788851e-36,5.0053717729698166e-36,5.0321682693489065e-36,5.059036309926118e-36,5.085975894701662e-36,5.11298702367533e-36,5.1400696968475294e-36,5.167223914217849e-36,5.194449675786293e-36,5.221746981553061e-36,5.249115831518152e-36,5.2765562256813694e-36,5.3040681640429e-36,5.3316516466025476e-36,5.3593066733607295e-36,5.387033244317031e-36,5.414831359471455e-36,5.4427010188242026e-36,5.470642222375077e-36,5.498654970124278e-36,5.526739262071811e-36,5.5548950982174654e-36,5.583122478561237e-36,5.6114214031033334e-36,5.639791871843756e-36,5.6682338847825105e-36,5.696747441919184e-36,5.7253325432543845e-36,5.753989188787705e-36,5.7827173785193565e-36,5.811517112449338e-36,5.8403883905772327e-36,5.8693312129036565e-36,5.898345579427998e-36,5.927431490150664e-36,5.956588945071655e-36,5.985817944190766e-36,6.015118487508407e-36,6.044490575023967e-36,6.073934206737849e-36,6.103449382650056e-36,6.133036102760586e-36,6.162694367069233e-36,6.192424175576213e-36,6.222225528281309e-36,6.252098425184723e-36,6.282042866286262e-36,6.312058851586129e-36,6.342146381084113e-36,6.372305454780224e-36,6.402536072674864e-36,6.43283823476762e-36,6.463211941058702e-36,6.493657191548115e-36,6.52417398623565e-36,6.554762325121301e-36,6.585422208205292e-36,6.61615363548739e-36,6.64695660696781e-36,6.677831122646563e-36,6.708777182523441e-36,6.73979478659864e-36,6.770883934871966e-36,6.80204462734382e-36,6.833276864013806e-36,6.864580644881906e-36,6.895955969948323e-36,6.927402839212878e-36,6.958921252675764e-36,6.990511210336768e-36,7.02217271219609e-36,7.053905758253734e-36,7.085710348509497e-36,7.117586482963584e-36,7.149534161616002e-36,7.181553384466549e-36,7.213644151515406e-36,7.245806462762385e-36,7.278040318207693e-36,7.310345717851318e-36,7.342722661693071e-36,7.375171149733153e-36,7.40769118197135e-36,7.440282758407668e-36,7.472945879042308e-36,7.505680543875065e-36,7.538486752906153e-36,7.571364506135577e-36,7.604313803563123e-36,7.637334645188995e-36,7.670427031012982e-36,7.703590961035499e-36,7.736826435255937e-36,7.770133453674694e-36,7.803512016291774e-36,7.83696212310718e-36,7.870483774120911e-36,7.904076969332556e-36,7.937741708742531e-36,7.97147799235082e-36,8.005285820157229e-36,8.03916519216176e-36,8.07311610836482e-36,8.107138568765798e-36,8.141232573365324e-36,8.175398122162965e-36,8.209635215158724e-36,8.243943852352807e-36,8.278324033745015e-36,8.312775759335747e-36,8.347299029124608e-36,8.381893843111585e-36,8.416560201296895e-36,8.451298103680322e-36,8.486107550262277e-36,8.520988541042356e-36,8.55594107602076e-36,8.59096515519729e-36,8.626060778571933e-36,8.661227946144907e-36,8.696466657916212e-36,8.731776913885629e-36,8.767158714053361e-36,8.80261205841943e-36,8.838136946983417e-36,8.873733379745935e-36,8.909401356706564e-36,8.945140877865511e-36,8.98095194322259e-36,9.016834552777783e-36,9.052788706531504e-36,9.088814404483345e-36,9.124911646633298e-36,9.161080432981584e-36,9.1973207635282e-36,9.233632638273142e-36,9.27001605721601e-36,9.306471020357204e-36,9.342997527696714e-36,9.379595579234347e-36,9.416265174970311e-36,9.453006314904394e-36,9.489818999036812e-36,9.526703227367555e-36,9.56365899989642e-36,9.600686316623603e-36,9.637785177549111e-36,9.674955582672744e-36,9.712197531994696e-36,9.749511025514978e-36,9.786896063233166e-36,9.824352645149677e-36,9.861880771264516e-36,9.899480441577693e-36,9.937151656088984e-36,9.974894414798598e-36,1.0012708717706532e-35,1.0050594564812583e-35,1.0088551956116961e-35,1.0126580891619464e-35,1.0164681371320287e-35,1.0202853395219428e-35,1.024109696331669e-35,1.0279412075612074e-35,1.0317798732105779e-35,1.0356256932797816e-35,1.0394786677687979e-35,1.043338796677626e-35,1.0472060800062657e-35,1.0510805177547584e-35,1.0549621099230635e-35,1.0588508565112029e-35,1.0627467575191529e-35,1.066649812946936e-35,1.070560022794551e-35,1.074477387061999e-35,1.078401905749259e-35,1.082333578856332e-35,1.0862724063832366e-35,1.0902183883299543e-35,1.0941715246965044e-35,1.0981318154828866e-35,1.1020992606890822e-35,1.1060738603150886e-35,1.110055614360948e-35,1.1140445228266194e-35,1.1180405857121236e-35,1.1220438030174598e-35,1.1260541747426102e-35,1.1300717008875714e-35,1.1340963814523647e-35,1.1381282164369702e-35,1.1421672058414088e-35,1.1462133496656795e-35,1.1502666479097818e-35,1.154327100573696e-35,1.1583947076574215e-35,1.1624694691609795e-35,1.1665513850843493e-35,1.1706404554275325e-35,1.1747366801905474e-35,1.1788400593733953e-35,1.1829505929760956e-35,1.1870682809986078e-35,1.1911931234409331e-35,1.1953251203030902e-35,1.1994642715850596e-35,1.2036105772868606e-35,1.207764037408475e-35,1.2119246519499007e-35,1.2160924209111797e-35,1.2202673442922713e-35,1.2244494220931747e-35,1.22863865431391e-35,1.2328350409544583e-35,1.2370385820148593e-35,1.241249277495072e-35,1.2454671273950966e-35,1.2496921317149534e-35,1.2539242904546222e-35,1.2581636036141243e-35,1.262410071193459e-35,1.266663693192605e-35,1.2709244696115838e-35,1.2751924004503743e-35,1.2794674857089975e-35,1.2837497253874526e-35,1.2880391194857206e-35,1.292335668003821e-35,1.296639370941733e-35,1.3009502282994776e-35,1.305268240077034e-35,1.309593406274422e-35,1.3139257268916228e-35,1.3182652019286565e-35,1.3226118313855222e-35,1.3269656152622202e-35,1.331326553558731e-35,1.3356946462750734e-35,1.340069893411229e-35,1.3444522949672152e-35,1.348841850943014e-35,1.3532385613386259e-35,1.3576424261540908e-35,1.3620534453893683e-35,1.366471619044457e-35,1.3708969471193974e-35,1.375329429614131e-35,1.3797690665286973e-35,1.384215857863097e-35,1.3886698036173076e-35,1.393130903791351e-35,1.3975991583852067e-35,1.4020745673988744e-35,1.4065571308323953e-35,1.411046848685727e-35,1.4155437209588916e-35,1.4200477476518683e-35,1.424558928764657e-35,1.4290772642972987e-35,1.433602754249752e-35,1.4381353986220384e-35,1.4426751974141368e-35,1.447222150626047e-35,1.4517762582577894e-35,1.4563375203093645e-35,1.4609059367807524e-35,1.465481507671972e-35,1.4700642329830037e-35,1.474654112713868e-35,1.4792511468645645e-35,1.483855335435095e-35,1.4884666784254175e-35,1.4930851758355722e-35,1.4977108276655593e-35,1.502343633915359e-35,1.50698359458499e-35,1.511630709674454e-35,1.5162849791837508e-35,1.5209464031128393e-35,1.52561498146176e-35,1.5302907142305332e-35,1.5349736014190991e-35,1.5396636430274975e-35,1.5443608390557271e-35,1.5490651895037497e-35,1.553776694371604e-35,1.5584953536593104e-35,1.5632211673668515e-35,1.5679541354942034e-35,1.5726942580413669e-35,1.577441535008362e-35,1.5821959663951488e-35,1.586957552201769e-35,1.591726292428242e-35,1.596502187074507e-35,1.6012852361406026e-35,1.6060754396265317e-35,1.6108727975322732e-35,1.615677309857848e-35,1.6204889766032541e-35,1.6253077977684918e-35,1.630133773353522e-35,1.6349669033584055e-35,1.6398071877831221e-35,1.6446546266276293e-35,1.649509219891989e-35,1.6543709675761603e-35,1.659239869680144e-35,1.6641159262039616e-35,1.6689991371476123e-35,1.6738895025110543e-35,1.678787022294328e-35,1.6836916964974545e-35,1.6886035251204132e-35,1.693522508163163e-35,1.6984486456257448e-35,1.7033819375081587e-35,1.7083223838103848e-35,1.7132699845324428e-35,1.718224739674333e-35,1.7231866492360145e-35,1.728155713217529e-35,1.733131931618876e-35,1.738115304440035e-35,1.743105831681006e-35,1.7481035133418294e-35,1.7531083494225062e-35,1.7581203399229538e-35,1.763139484843254e-35,1.7681657841834073e-35,1.7731992379433312e-35,1.7782398461230683e-35,1.7832876087226576e-35,1.7883425257420592e-35,1.7934045971812732e-35,1.7984738230403391e-35,1.8035502033192586e-35,1.8086337380179498e-35,1.813724427136453e-35,1.8188222706748083e-35,1.8239272686329748e-35,1.829039421010994e-35,1.8341587278088248e-35,1.8392851890264275e-35,1.8444188046638833e-35,1.8495595747211918e-35,1.8547074991982712e-35,1.8598625780952037e-35,1.8650248114119468e-35,1.870194199148544e-35,1.8753707413049524e-35,1.8805544378811724e-35,1.8857452888772471e-35,1.8909432942930917e-35,1.8961484541287887e-35,1.9013607683843387e-35,1.9065802370596612e-35,1.9118068601548354e-35,1.9170406376698225e-35,1.922281569604621e-35,1.9275296559592712e-35,1.932784896733774e-35,1.9380472919280902e-35,1.9433168415421773e-35,1.9485935455761182e-35,1.9538774040298707e-35,1.9591684169034353e-35,1.9644665841968536e-35,1.9697719059100838e-35,1.9750843820431256e-35,1.980404012596019e-35,1.9857307975687256e-35,1.9910647369612445e-35,1.9964058307735753e-35,2.001754079005759e-35,2.007109481657794e-35,2.0124720387296003e-35,2.017841750221259e-35,2.02321861613273e-35,2.028602636464014e-35,2.0339938112151498e-35,2.0393921403860979e-35,2.0447976239768588e-35,2.0502102619874303e-35,2.0556300544178564e-35,2.0610570012681336e-35,2.0664911025381825e-35,2.071932358228043e-35,2.077380768337757e-35,2.082836332867282e-35,2.08829905181666e-35,2.0937689251858493e-35,2.0992459529748513e-35,2.1047301351837054e-35,2.1102214718123714e-35,2.115719962860849e-35,2.1212256083291396e-35,2.1267384082172424e-35,2.1322583625251976e-35,2.1377854712529647e-35,2.1433197344005842e-35,2.1488611519680164e-35,2.1544097239552195e-35,2.1599654503623165e-35,2.1655283311892242e-35,2.1710983664359048e-35,2.1766755561024378e-35,2.1822599001887828e-35,2.1878513986949408e-35,2.1934500516209502e-35,2.1990558589667722e-35,2.2046688207324475e-35,2.210288936917935e-35,2.2159162075232728e-35,2.2215506325484226e-35,2.2271922119933852e-35,2.2328409458581605e-35,2.2384968341427875e-35,2.2441598768471862e-35,2.2498300739714365e-35,2.2555074255154985e-35,2.2611919314794136e-35,2.2668835918631406e-35,2.2725824066667209e-35,2.2782883758900729e-35,2.2840014995332353e-35,2.2897217775962497e-35,2.2954492100790778e-35,2.301183796981758e-35,2.3069255383042518e-35,2.3126744340465574e-35,2.3184304842086748e-35,2.324193688790604e-35,2.3299640477923846e-35,2.335741561213977e-35,2.3415262290553834e-35,2.347318051316643e-35,2.3531170279977134e-35,2.3589231590985968e-35,2.364736444619292e-35,2.370556884559839e-35,2.3763844789201986e-35,2.3822192277004097e-35,2.3880611309004337e-35,2.39391018852023e-35,2.399766400559918e-35,2.4056297670194196e-35,2.411500287898733e-35,2.4173779631978574e-35,2.4232627929168344e-35,2.429154777055623e-35,2.435053915614223e-35,2.4409602085926347e-35,2.4468736559909e-35,2.452794257808939e-35,2.4587220140468674e-35,2.4646569247046093e-35,2.4705989897821226e-35,2.476548209279487e-35,2.482504583196704e-35,2.488468111533734e-35,2.494438794290576e-35,2.50041663146727e-35,2.5064016230637767e-35,2.5123937690800955e-35,2.518393069516226e-35,2.52439952437221e-35,2.530413133647965e-35,2.5364338973435323e-35,2.542461815458952e-35,2.5484968879942243e-35,2.5545391149493074e-35,2.560588496324204e-35,2.5666450321189127e-35,2.5727087223334727e-35,2.5787795669678454e-35,2.5848575660220713e-35,2.590942719496068e-35,2.597035027389877e-35,2.603134489703537e-35,2.609241106437011e-35,2.615354877590336e-35,2.6214758031634745e-35,2.627603883156464e-35,2.633739117569225e-35,2.6398815064017976e-35,2.6460310496542215e-35,2.6521877473264596e-35,2.65835159941855e-35,2.6645226059304517e-35,2.670700766862164e-35,2.676886082213731e-35,2.6830785519851105e-35,2.6892781761763e-35,2.6954849547873423e-35,2.7016988878181975e-35,2.7079199752688647e-35,2.714148217139344e-35,2.720383613429635e-35,2.726626164139778e-35,2.7328758692697327e-35,2.7391327288194994e-35,2.7453967427891184e-35,2.751667911178551e-35,2.7579462339877936e-35,2.764231711216849e-35,2.7705243428657557e-35,2.776824128934475e-35,2.7831310694230084e-35,2.789445164331394e-35,2.7957664136595886e-35,2.8020948174075976e-35,2.808430375575458e-35,2.8147730881630905e-35,2.8211229551705743e-35,2.8274799765979104e-35,2.83384415244506e-35,2.8402154827120224e-35,2.8465939673988354e-35,2.852979606505461e-35,2.8593724000318574e-35,2.865772347978107e-35,2.8721794503441685e-35,2.8785937071300403e-35,2.885015118335766e-35,2.891443683961303e-35,2.8978794040066935e-35,2.9043222784718954e-35,2.9107723073569496e-35,2.917229490661776e-35,2.923693828386454e-35,2.930165320530945e-35,2.936643967095289e-35,2.9431297680794446e-35,2.949622723483411e-35,2.956122833307191e-35,2.962630097550783e-35,2.9691445162141856e-35,2.9756660892974415e-35,2.9821948168005094e-35,2.98873069872343e-35,2.9952737350661623e-35,3.001823925828667e-35,3.008381271011064e-35,3.0149457706132727e-35,3.021517424635334e-35,3.0280962330771663e-35,3.0346821959388513e-35,3.041275313220348e-35,3.0478755849216575e-35,3.054483011042779e-35,3.0610975915837523e-35,3.067719326544496e-35,3.074348215925094e-35,3.080984259725544e-35,3.087627457945805e-35,3.0942778105858785e-35,3.100935317645804e-35,3.1075999791255415e-35,3.1142717950250903e-35,3.1209507653444924e-35,3.127636890083707e-35,3.1343301692426916e-35,3.141030602821529e-35,3.1477381908202205e-35,3.154452933238722e-35,3.161173919698666e-35,3.167902970956795e-35,3.1746391766347755e-35,3.181382536732527e-35,3.188133051250131e-35,3.194889707563778e-35,3.20165248530184e-35,3.2084244630789207e-35,3.2152035952758134e-35,3.2219898818925183e-35,3.2287833229290753e-35,3.235583918385444e-35,3.242391668261623e-35,3.249206572557656e-35,3.2560286312735e-35,3.2628578444091965e-35,3.269694211964705e-35,3.276537733940026e-35,3.2833884103351996e-35,3.290246241150186e-35,3.2971112263849835e-35,3.3039833660395933e-35,3.3108605981733167e-35,3.3177470466675507e-35,3.324640649581636e-35,3.3315442405340385e-35,3.338449064480327e-35,3.345364130653888e-35,3.3522863512472625e-35,3.359215726260448e-35,3.366152255693487e-35,3.373099839737941e-35,3.380050678010562e-35,3.38700938508673e-35,3.393974532199056e-35,3.400944158087029e-35,3.4079236140390195e-35,3.4149064219132257e-35,3.4219001867048807e-35,3.428901105916307e-35,3.4359091795475846e-35,3.442922390128991e-35,3.4499447725998954e-35,3.4569743094906093e-35,3.464011000801177e-35,3.471054846531556e-35,3.478107398429965e-35,3.4851655530000086e-35,3.4922308619898647e-35,3.4993033253995307e-35,3.5063829432290105e-35,3.5134697154783413e-35,3.5205636421474854e-35,3.5276647232364405e-35,3.5347729587452493e-35,3.5418872536552897e-35,3.549009798003722e-35,3.556139496772005e-35,1.8993603573849194e-06,3.7202690702649045e-06,5.473728668345191e-06,7.168800202329308e-06,8.813029124992133e-06,1.0412760584250129e-05,1.1973376877637544e-05,1.3499479037247064e-05,1.4995027606355085e-05,1.6463453137019228e-05,1.790774389990577e-05,1.9330516221552954e-05,2.0734071421573782e-05,2.2120442300266093e-05,2.349143139920804e-05,2.4848642722050708e-05,2.6193508214444098e-05,2.752731001043216e-05,2.885119923445891e-05,3.016621197782346e-05,3.147328295113037e-05,3.2773257202003964e-05,3.406690022243223e-05,3.535490670428158e-05,3.663790815412917e-05,3.7916479542238615e-05,3.919114512953805e-05,4.046238359078611e-05,4.1730632534880616e-05,4.299629250440948e-05,4.425973052539279e-05,4.55212832649927e-05,4.6781259851068836e-05,4.803994439056264e-05,4.929759822930799e-05,5.0554461980928024e-05,5.1810757352221234e-05,5.306668879157434e-05,5.4322444975813316e-05,5.5578200156632136e-05,5.683411538085344e-05,5.8090339597892146e-05,5.934701066623018e-05,6.060425626999312e-05,6.186219475275866e-05,6.312093587976278e-05,6.438058153273479e-05,6.5641226345416e-05,6.69029582854278e-05,6.816585918560996e-05,6.943000523314195e-05,7.069546741619206e-05,7.196231193476749e-05,7.323060057747159e-05,7.450039106835861e-05,7.577173738514897e-05,7.704469005238016e-05,7.831929641083206e-05,7.959560086568879e-05,8.087364511623742e-05,8.215346836453491e-05,8.343510751132713e-05,8.471859733436694e-05,8.600397065344542e-05,8.729125848389587e-05,8.858049017537747e-05,8.987169354333652e-05,9.116489498745816e-05,9.246011960408502e-05,9.37573912866433e-05,9.505673282119952e-05,9.635816597361642e-05,9.766171156990181e-05,9.896738957115373e-05,0.00010027521914235632,0.0001015852187160202,0.00010289740605130891,0.00010421179828868416,0.00010552841200002662,0.00010684726323546607,0.00010816836756672062,0.00010949174012687037,0.00011081739564732174,0.0001121453484923692,0.0001134756126904508,0.00011480820196375296,0.00011614312975548415,0.00011748040925481045,0.00011882005342017053,0.00012016207500118937,0.00012150648655838902,0.00012285330048164298,0.00012420252900822968,0.00012555418423755745,0.0001269082781463994,0.0001282648226031197,0.00012962382937969536,0.0001309853101640319,0.00013234927657056585,0.00013371574015058954,0.0001350847124016605,0.00013645620477649307,0.00013783022869078923,0.00013920679553123822,0.00014058591666237343,0.0001419676034333875,0.00014335186718350353,0.00014473871924808508,0.00014612817096454093,0.00014752023367692232,0.00014891491873987396,0.00015031223752359118,0.00015171220141781653,0.0001531148218354591,0.00015452011021624225,0.00015592807802988163,0.0001573387367795258,0.00015875209800384125,0.00016016817328082152,0.00016158697422961765,0.00016300851251325335,0.00016443279984094714,0.0001658598479702017,0.0001672896687088179,0.00016872227391680404,0.00017015767550841536,0.00017159588545364592,0.0001730369157800546,0.0001744807785744276,0.00017592748598390303,0.00017737705021802754,0.0001788294835496007,0.00018028479831651178,0.00018174300692283475,0.00018320412183876297,0.00018466815560497856,0.00018613512083065885,0.00018760503019635085,0.00018907789645374943,0.00019055373242844628,0.00019203255101974084,0.00019351436520196336,0.00019499918802558082,0.00019648703261797897,0.0001979779121846961,0.0001994718400100622,0.00020096882945829376,0.00020246889397466166,0.00020397204708588566,0.00020547830240127962,0.00020698767361376525,0.00020850017450059805,0.00021001581892431915,0.00021153462083357326,0.000213056594264191,0.0002145817533395786,0.0002161101122718661,0.0002176416853631516,0.00021917648700584019,0.00022071453168372813,0.00022225583397280198,0.0002238004085422446,0.00022534827015496656,0.00022689943366871972,0.00022845391403768217,0.00023001172631186923,0.0002315728856392866,0.00023313740726583527,0.00023470530653712257,0.00023627659889888754,0.00023785129989801107,0.00023942942518352775,0.00024101099050701156,0.00024259601172444952,0.0002441845047962542,0.00024577648578904887,0.00024737197087594515,0.00024897097633796945,0.000250573518564782,0.0002521796140550214,0.00025378927941897237,0.0002554025313782287,0.00025701938676701895,0.0002586398625330284,0.00026026397573946855,0.00026189174356452,0.00026352318330320995,0.0002651583123693356,0.0002667971482944038,0.00026843970873076633,0.0002700860114517068,0.00027173607435266553,0.0002733899154525511,0.0002750475528948685,0.0002767090049484479,0.000278374290009131,0.0002800434266007181,0.00028171643337616747,0.0002833933291186545,0.000285074132742912,0.0002867588632966343,0.0002884475399613687,0.0002901401820535573,0.00029183680902720424,0.00029353744047307074,0.0002952420961214545,0.0002969507958428157,0.00029866355964957,0.00030038040769698814,0.000302101360284797,0.0003038264378589373,0.0003055556610113446,0.00030728905048374986,0.00030902662716727065,0.00031076841210445267,0.00031251442649073667,0.000314264691675951,0.00031601922916553156,0.0003177780606226782,0.00031954120786897134,0.0003213086928864661,0.00032308053781937893,0.00032485676497479303,0.00032663739682557566,0.0003284224560108736,0.00033021196533840905,0.00033200594778576937,0.0003338044265022821,0.00033560742481046884,0.0003374149662080287,0.00033922707436966244,0.00034104377314829367,0.000342865086577344,0.00034469103887235157,0.00034652165443285917,0.0003483569578441004,0.0003501969738790315,0.0003520417275001008,0.0003538912438614553,0.0003557455483104837,0.0003576046663899597,0.0003594686238399691,0.00036133744660002783,0.0003632111608110811,0.00036508979281753756,0.0003669733691693621,0.00036886191662412193,0.00037075546214961785,0.00037265403292469177,0.00037455765634326085,0.00037646636001538225,0.00037838017176975683,0.0003802991196561501,0.0003822232319473421,0.00038415253714191744,0.00038608706396647596,0.0003880268413781531,0.0003899718985662749,0.000391922264956061,0.00039387797021022184,0.0003958390442322555,0.000397805517168227,0.00039977741940962403,0.00040175478159619227,0.00040373763461831774,0.0004057260096203166,0.0004077199380023283,0.0004097194514241398,0.00041172458180629404,0.00041373536133504086,0.00041575182246386943,0.00041777399791708076,0.0004198019206918604,0.0004218356240624383,0.0004238751415825187,0.0004259205070885926,0.00042797175470278396,0.0004300289188363109,0.00043209203419255197,0.000434161135770433,0.000436236258867564,0.00043831743908402757,0.00044040471232522396,0.00044249811480581545,0.00044459768305263634,0.00044670345390899086,0.0004488154645376988,0.0004509337524250449,0.0004530583553848107,0.0004551893115603425,0.00045732665943074176,0.00045947043781327686,0.0004616206858677763,0.00046377744310035514,0.0004659407493678917,0.00046811064488125505,0.00047028717021065536,0.0004724703662886685,0.00047466027441536674,0.0004768569362623447,0.0004790603938768395,0.00048127068968733237,0.00048348786650646137,0.00048571196753672245,0.0004879430363746148,0.000490181117015799,0.0004924262538596427,0.000494678491714323,0.0004969378758012788,0.0004992044517608448,0.0005014782656569659,0.0005037593639823935,0.0005060477936647364,0.0005083436020703582,0.0005106468370109138,0.0005129575467482686,0.0005152757800004935,0.0005176015859476005,0.0005199350142363475,0.0005222761149873271,0.0005246249388008281,0.0005269815367617515,0.00052934596044664,0.0005317182619297598,0.000534098493789318,0.0005364867091139021,0.0005388829615090916,0.0005412873051038183,0.0005436997945576646,0.0005461204850672174,0.0005485494323731289,0.0005509866927667678,0.0005534323230983719,0.0005558863807836645,0.0005583489238112384,0.0005608200107503983,0.0005632997007584771,0.0005657880535895391,0.0005682851295997308,0.000570790989758649,0.0005733056956557266,0.0005758293095085934,0.0005783618941715343,0.0005809035131444787,0.0005834542305814884,0.0005860141112993504,0.000588583220787262,0.0005911616252152647,0.0005937493914437177,0.0005963465870338764,0.0005989532802556215,0.000601569540098802,0.0006041954362825537,0.0006068310392655333,0.0006094764202563356,0.0006121316512241993,0.0006147968049088834,0.000617471954832616,0.0006201571753107709,0.0006228525414621546,0.0006255581292219655,0.0006282740153529196,0.0006310002774565485,0.0006337369939859074,0.0006364842442576764,0.0006392421084645786,0.0006420106676882302,0.0006447900039120568,0.000647580200034489,0.0006503813398824345,0.0006531935082247774,0.0006560167907869727,0.0006588512742633825,0.0006616970463351123,0.0006645541956808587,0.0006674228119945625,0.0006703029859998288,0.000673194809464925,0.00067609837522031,0.000679013777171679,0.0006819411103199041,0.0006848804707757994,0.0006878319557778929,0.0006907956637089043,0.0006937716941146445,0.0006967601477212998,0.0006997611264544104,0.0007027747334576004,0.000705801073110075,0.0007088402510482735,0.0007118923741854863,0.000714957550731365,0.0007180358902124305,0.0007211275034942691,0.0007242325028016847,0.0007273510017423277,0.0007304831153269506,0.0007336289599941558,0.0007367886536319127,0.0007399623156035761,0.0007431500667695998,0.0007463520295149307,0.0007495683277703521,0.0007527990870428487,0.0007560444344391294,0.0007593044986926743,0.0007625794101920729,0.0007658693010079179,0.0007691743049217858,0.0007724945574559119,0.0007758301959016883,0.0007791813593514093,0.0007825481887280974,0.0007859308268183493,0.0007893294183046532,0.0007927441097968271,0.0007961750498666198,0.0007996223890839616,0.0008030862800501002,0.0008065668774344768,0.0008100643380110635,0.0008135788206966751,0.00081711048658924,0.0008206594990069032,0.0008242260235283797,0.0008278102280346644,0.0008314122827493901,0.0008350323602834098,0.0008386706356792509,0.0008423272864539179,0.0008460024926465285,0.0008496964368650854,0.0008534093043343302,0.000857141282945381,0.0008608925633058101,0.0008646633387914466,0.0008684538055994066,0.0008722641628015573,0.0008760946124004644,0.0008799453593856104,0.0008838166117920197,0.0008877085807586541,0.0008916214805908439,0.0008955555288209006,0.0008995109462721731,0.0009034879571279512,0.0009074867889926006,0.0009115076729633081,0.0009155508437018234,0.0009196165395049248,0.0009237050023777779,0.0009278164781122243,0.0009319512163610221,0.0009361094707213409,0.0009402914988138378,0.0009444975623667408,0.0009487279273036016,0.0009529828638297247,0.0009572626465234945,0.0009615675544295082,0.0009658978711527776,0.0009702538849586381,0.0009746358888711643,0.00097904418077854,0.0009834790635360783,0.0009879408450777251,0.0009924298385265017,0.0009969463623093926,0.0010014907402756822,0.0010060633018176416,0.0010106643819955616,0.001015294321665054,0.001019953467609643,0.001024642172675268,0.0010293607959095416,0.0010341097027046224,0.001038889264945074,0.0010436998611577995,0.0010485418766694975,0.0010534157037657185,0.0010583217418564373,0.0010632603976450542,0.001068232085304262,0.0010732372266540277,0.0010782762513495958,0.0010833495970702307,0.0010884577097165756,0.0010936010436133248,0.0010987800617175822,0.0011039952358350012,0.0011092470468400926,0.0011145359849058817,0.0011198625497399516,0.0011252272508258886,0.0011306306076766257,0.0011360731500912608,0.001141555418424654,0.0011470779638596302,0.0011526413486944193,0.0011582461466350222,0.0011638929430996302,0.0011695823355311117,0.001175314933722215,0.0011810913601487207,0.0011869122503159262,0.001192778253116106,0.0011986900311983877,0.0012046482613506033,0.0012106536348950902,0.0012167068580969298,0.0012228086525889051,0.0012289597558085303,0.0012351609214494208,0.0012414129199361324,0.001247716538906395,0.001254072583717396,0.001260481877965858,0.0012669452640325213,0.001273463603637963,0.0012800377784294222,0.0012866686905847443,0.0012933572634319331,0.0013001044421063561,0.0013069111942202488,0.0013137785105653663,0.001320707405838576,0.0013276989193981416,0.0013347541160468694,0.0013418740868500975,0.0013490599499825476,0.0013563128516082216,0.0013636339668012816,0.0013710245004975804,0.0013784856884891295,0.0013860187984582532,0.0013936251310544317,0.0014013060210153246,0.001409062838337414,0.0014168969894938147,0.0014248099187047672,0.001432803109263356,0.0014408780849182346,0.001449036411316924,0.0014572796975125973,0.0014656095975380623,0.001474027812049665,0.0014825360900468962,0.001491136230668257,0.0014998300850698235,0.0015086195583933189,0.0015175066118228006,0.0015264932647400962,0.0015355815969802294,0.0015447737512015803,0.001554071935358719,0.0015634784253107559,0.001572995567534263,0.0015826257820077383,0.0015923715652028918,0.0016022354932472738,0.0016122202252460245,0.0016223285067660299,0.0016325631735151244,0.001642927155196871,0.0016534234795865517,0.0016640552768088044,0.0016748257838563963,0.0016857383493542382,0.0016967964385766403,0.0017080036387564523,0.001719363664672679,0.001730880364578971,0.0017425577264490212,0.0017543998845948891,0.00176641112666735,0.001778595901069281,0.0017909588248118358,0.00180350469184491,0.0018162384818858261,0.0018291653698068726,0.0018422907355920648,0.0018556201749274368,0.0018691595104612393,0.0018829148037888392,0.0018968923682205637,0.0019110987823812069,0.0019255409047203758,0.001940225888996028,0.001955161200818962,0.001970354635323714,0.0019858143360826064,0.002001548815357999,0.002017566975783882,0.002033878133634302,0.0020504920437865184,0.00206741892653787,0.002084669496435239,0.002102254993302189,0.0021201872156536438,0.0021384785567237063,0.002157142043344076,0.0021761913779392043,0.0021956409839436644,0.0022155060549568367,0.0022358026080117293,0.002256547541358224,0.0022777586972178173,0.00229945493001234,0.0023216561806330242,0.002344383557382396,0.002367659424294489,0.0023915074976325903,0.00241595295146108,0.0024410225332756746,0.002466744690863273,0.002493149711636862,0.0025202698759230844,0.002548139625821549,0.0025767957515230866,0.002606277597194335,0.0026366272888486996,0.002667889986974468,0.002700114167052245,0.002733351931614686,0.0027676593579638027,0.0028030968863523528,0.0028397297541190025,0.0028776284821490942,0.0029168694210190524,0.0029575353653639135,0.002999716246397375,0.0030435099141322484,0.003089023022803961,0.003132749298494617,0.0031818048009270563,0.0032329709221916576,0.003286398584814982,0.003342254219128583,0.0034007216829641104,0.0034620044714757255,0.0035263282671301375,0.0035939438876155558,0.0036651307018405496,0.0037402005927554614,0.0038195025661651393,0.0039034281181379565,0.003992417495499044,0.0040869670067310735,0.0041876375663913445,0.004295064683881106,0.00432941076585884,0.004446688235859414,0.004572571680999113,0.004708036770770376,0.004854199961816903,0.005012340519724143,0.0051839254837107674,0.0053706374565061984,0.005574404686353959,0.005797432203437474,0.006042231630385981,0.006311645506248079,0.006608859309434923,0.006937390621077551,0.007301040005210709,0.007703782742777664,0.008149575852601254,0.008642053918210624,0.009184096018828702,0.00959598289606083,0.009595982896078398,0.0095959828973154,0.010224071478135305,0.010901289116023175,0.011622767984849456,0.01238065164139687,0.013164377425876618,0.013961406359620785,0.01475826710401986,0.015541684493321592,0.01629955993707502,0.017021650924612032,0.017699908264344623,0.018328519830140475,0.01890375324745446,0.019423691022142083,0.019887928785664807,0.019901651904392005,0.019901651904456433,0.02030930087254469,0.02066389437185826,0.020967923674760438,0.02122438194556156,0.021436592688990858,0.021608064434098725,0.021742369432536466,0.021843044989398642,0.021913516420481473,0.021957040383947926,0.021976666698020227,0.021975216095956526,0.021955270952807734,0.021919175940645515,0.02186904578531841,0.021806777703972623,0.02173406658764295,0.02165242146946379,0.021563182242238684,0.02146753593279399,0.02136653210476873,0.0212610971565428,0.02115204741232878,0.021040100995993547,0.020925888530547974,0.02080996273903965,0.020692807036381215,0.02057484320806292,0.02045643826739126,0.020337910578982404,0.020219535328654132,0.02010154941053592,0.020073458877142618,0.019956192524572078,0.01983973356391162,0.01972422264369984,0.019609777216158385,0.019496494645098984,0.019384454748025068,0.019273722000405356,0.019164347468322407,0.019056370529080664,0.018949820399786956,0.018844717492408156,0.018741074617467924,0.01863889804901495,0.018538188466362675,0.018438941783823888,0.018341149882000696,0.018244801249910975,0.018149881547139236,0.018056374095872012,0.017964260309625498,0.017873520065567174,0.017784132027859882,0.017696073926732735,0.01760932279855067,0.017523855192320553,0.01743964734549939,0.01735667533376898,0.01727491519755462,0.017194343048514204,0.017114935158428872,0.017036668032604275,0.01695951847022857,0.016883463613566997,0.016808480986414274,0.01673454852505749,0.016661644601352592,0.016589748039758184,0.0165188381294597,0.01644889463131838,0.0163798977818873,0.016311828293807097,0.01624466735361548,0.01617839661773298,0.016112998206355336,0.016048454696233914,0.015984749112146066,0.015921864917585796,0.015859786004816225,0.015798496684413885,0.015737981674466005,0.01567822608967244,0.015619215430206241,0.015560935570686326,0.015503372749151046,0.015446513556213856,0.01539034492423022,0.015334854116933952,0.015280028719069774,0.015225856626397196,0.015172326035935005,0.015119425436486639,0.015067143599459328,0.015015469569992251,0.014964392658382527,0.01491390243173552,0.014863988705997082,0.014814641538215066,0.014765851219037956,0.01471760826568213,0.014669903414896898,0.014622727616185209,0.014576072025685347,0.014529927999845078,0.014484287089401662,0.014439141033785102,0.014394481755534065,0.014350301355006596,0.014306592105256073,0.014283170946671682,0.014240179845472555,0.014197640813684057,0.014155546697437788,0.014113890499385757,0.0140726653711593,0.014031864608208966,0.013991481645569652,0.013951510053976404,0.013911943536226896,0.013872775923688102,0.013834001172920425,0.013795613362432112,0.01375760668952813,0.013719975467270539,0.013682714121550536,0.01364581718819311,0.013609279310317727,0.013573095235514431,0.013537259813418155,0.013501767993038321,0.013466614820516132,0.01343179543660755,0.01339730507449028,0.013363139057564918,0.013329292797270069,0.01329576179100776,0.013262541620141337,0.013229627947998911,0.013197016518008566,0.013164703151840236,0.013132683747577912,0.013100954278023692,0.013069510788915308,0.013038349397396579,0.013007466290293609,0.01297685772267371,0.012946520016181273,0.012916449557655005,0.012886642797764917,0.01285709624944049,0.012827806486602963,0.012798770142842949,0.01276998391011978,0.012741444537521778,0.012713148829956862,0.01268509364709668,0.012657275902119437,0.012629692560600436,0.012602340639423656,0.012575217205668027,0.012548319375605058,0.012521644313649327,0.012495189231368827,0.01246895138650882,0.012442928082050385,0.012417116665284838,0.012391514526891677,0.012366119100094183,0.0123409278597727,0.012315938321643355,0.012291148041412066,0.012266554614012578,0.012242155672803547,0.012217948888813165,0.0121939319699958,0.012170102660510492,0.012146458739992247,0.012122998022893395,0.01209971835778189,0.012076617626687871,0.012053693744457618,0.012030944658127186,0.012008368346299264,0.011985962818546445,0.011963726114818189,0.011941656304873101,0.011919751487706225,0.011898009791013398,0.011876429370624095,0.01185500841003253,0.011833745119814816,0.011812637737194232,0.011791684525480564,0.01177088377364576,0.011750233795832106,0.01172973293088892,0.01170937954193409,0.01168917201590487,0.011669108763114723,0.011649188216872197,0.011629408833021711,0.011609769089579652,0.011590267486311364,0.0115709025443586,0.011551672805856636,0.011532576833565573,0.01151361321050493,0.01149478053961258,0.011476077443346855,0.011457502563434252,0.011439054560475798,0.01142073211359649,0.011402533920190892,0.011384458695559579,0.011366505172651791,0.011348672101705344,0.011330958250008787,0.011313362401564815,0.011295883356810855,0.01127851993245025,0.011261270960973837,0.011244135290578385,0.011227111784824731,0.011210199322396426,0.011193396796849383,0.011176703116369478,0.011160117203523398,0.011143637995028379,0.011127264441527415,0.01111099550735674,0.011094830170308562,0.011078767421425264,0.01106280626480824,0.01104694571738198,0.011031184808684993,0.011015522580685319,0.010999958087561748,0.010984490395535361,0.010969118582658727,0.010953841738641105,0.010938658964653876,0.010923569373163185,0.010908572087744884,0.010893666242912915,0.01087885098395094,0.010864125466744345,0.010849488857618075,0.010834940333170767,0.010820479080128873,0.010806104295176514,0.010791815184818159,0.010777610965212832,0.010763490862049151,0.010749454110376437,0.01073549995448299,0.010721627647753496,0.010707836452541692,0.010694125639987484,0.01068049448993447,0.010666942290839683,0.01065346833953944,0.010640071941201647,0.010626752409177594,0.01061350906489823,0.010600341237734167,0.010587248264905065,0.010574229491343897,0.010561284269594158,0.010548411959697756,0.010535611929087618,0.010522883552494587,0.01051022621181382,0.010497639296024763,0.010485122201086388,0.010472674329828287,0.010460295091864637,0.01044798390349681,0.010435740187627367,0.010423563373637845,0.010411452897324832,0.010399408200801832,0.010387428732411426,0.010375513946641917,0.010363663304035946,0.010351876271112677,0.010340152320293021,0.010328490929779855,0.010316891583541645,0.010305353771154427,0.010293876987835989,0.010282460734253642,0.010271104516515986,0.010259807846083881,0.010248570239696326,0.010237391219302798,0.010226270311992443,0.010215207049924716,0.010204200970262173,0.010193251615103928,0.010182358531420079,0.010171521270987518,0.010160739390325768,0.010150012450635987,0.010139340017738049,0.010128721662006514,0.0101181569583287,0.01010764548602202,0.010097186828783723,0.010086780574644974,0.010086780615632234,0.010086780637965172,0.01008678064999458,0.010086780656951639,0.010086780661428586,0.010086780664693748,0.010086780667367167,0.010086780669751936,0.010086780671996217,0.010086780674172435,0.01008678067631598,0.010086780678444188,0.010086780680565493,0.010086780682684041,0.010086780684801849,0.010086780686919913,0.010086780689038713,0.01008678069115849,0.010086780693279363,0.01008678069540138,0.010086780697524575,0.010086780699648966,0.010086780701774555,0.010086780703901347,0.010086780706029346,0.010086780708158558,0.010086780710288977,0.010086780712420607,0.010086780714553446,0.010086780716687498,0.010086780718822767,0.010086780720959244,0.01008678072309693,0.01008678072523583,0.010086780727375948,0.01008678072951728,0.01008678073165982,0.010086780733803575,0.010086780735948543,0.010086780738094726,0.010086780740242118,0.010086780742390725,0.010086780744540546,0.01008678074669157,0.010086780748843813,0.01008678075099726,0.010086780753151918,0.01008678075530779,0.010086780757464865,0.01008678075962315,0.01008678076178264,0.010086780763943334,0.010086780766105237,0.010086780768268345,0.010086780770432648,0.010086780772598159,0.010086780774764867,0.01008678077693278,0.010086780779101896,0.0100867807812722,0.010086780783443694,0.01008678078561638,0.010086780787790265,0.010086780789965335,0.01008678079214159,0.010086780794319041,0.01008678079649767,0.010086780798677484,0.010086780800858479,0.010086780803040651,0.010086780805223999,0.010086780807408522,0.010086780809594218,0.01008678081178109,0.01008678081396913,0.010086780816158335,0.010086780818348708,0.010086780820540242,0.010086780822732936,0.010086780824926787,0.010086780827121788,0.010086780829317955,0.010086780831515261,0.010086780833713723,0.010086780835913321,0.010086780838114071,0.01008678084031595,0.010086780842518973,0.010086780844723132,0.010086780846928422,0.01008678084913484,0.010086780851342384,0.010086780853551053,0.010086780855760846,0.010086780857971751,0.010086780860183773,0.010086780862396914,0.010086780864611154,0.010086780866826505,0.010086780869042963,0.010086780871260513,0.010086780873479164,0.010086780875698911,0.01008678087791974,0.010086780880141661,0.010086780882364664,0.010086780884588748,0.010086780886813912,0.010086780889040144,0.010086780891267457,0.010086780893495826,0.010086780895725265,0.010086780897955767,0.010086780900187324,0.010086780902419941,0.010086780904653599,0.010086780906888304,0.010086780909124054,0.010086780911360844,0.010086780913598674,0.010086780915837529,0.010086780918077418,0.010086780920318335,0.010086780922560266,0.010086780924803224,0.010086780927047193,0.01008678092929217,0.010086780931538157,0.010086780933785146,0.010086780936033136,0.010086780938282124,0.010086780940532093,0.010086780942783063,0.010086780945035016,0.01008678094728795,0.010086780949541865,0.010086780951796747,0.010086780954052596,0.010086780956309414,0.010086780958567194,0.010086780960825933,0.010086780963085622,0.010086780965346267,0.010086780967607855,0.010086780969870389,0.010086780972133856,0.010086780974398262,0.0100867809766636,0.01008678097892986,0.010086780981197047,0.010086780983465148,0.010086780985734173,0.010086780988004099,0.010086780990274938,0.010086780992546682,0.01008678099481932,0.01008678099709286,0.010086780999367287,0.010086781001642607,0.010086781003918802,0.01008678100619588,0.010086781008473834,0.010086781010752664,0.01008678101303235,0.010086781015312908,0.010086781017594323,0.010086781019876596,0.010086781022159721,0.010086781024443686,0.010086781026728504,0.010086781029014155,0.01008678103130065,0.010086781033587967,0.010086781035876121,0.01008678103816509,0.010086781040454879,0.01008678104274549,0.010086781045036908,0.010086781047329138,0.01008678104962217,0.010086781051915999,0.010086781054210627,0.010086781056506048,0.01008678105880225,0.010086781061099247,0.010086781063397018,0.01008678106569557,0.010086781067994885,0.010086781070294972,0.010086781072595828,0.010086781074897437,0.010086781077199807,0.010086781079502933,0.010086781081806807,0.010086781084111419,0.010086781086416776,0.01008678108872287,0.010086781091029699,0.01008678109333725,0.010086781095645534,0.01008678109795454,0.010086781100264258,0.010086781102574693,0.010086781104885837,0.010086781107197684,0.010086781109510239,0.010086781111823493,0.010086781114137437,0.010086781116452075,0.010086781118767398,0.010086781121083403,0.010086781123400092,0.010086781125717457,0.010086781128035491,0.010086781130354192,0.010086781132673557,0.010086781134993584,0.010086781137314272,0.010086781139635615,0.010086781141957601,0.010086781144280237,0.01008678114660351,0.010086781148927429,0.010086781151251976,0.010086781153577156,0.010086781155902962,0.010086781158229394,0.010086781160556451,0.010086781162884126,0.010086781165212408,0.010086781167541302,0.010086781169870803,0.010086781172200899,0.010086781174531602,0.010086781176862894,0.010086781179194785,0.010086781181527263,0.010086781183860319,0.010086781186193966,0.010086781188528186,0.010086781190862983,0.010086781193198346,0.010086781195534278,0.010086781197870777,0.010086781200207836,0.010086781202545447,0.010086781204883623,0.010086781207222341,0.010086781209561609,0.010086781211901425,0.010086781214241775,0.010086781216582665,0.010086781218924087,0.010086781221266043,0.010086781223608527,0.010086781225951531,0.010086781228295056,0.010086781230639096,0.010086781232983656,0.010086781235328725,0.010086781237674298,0.01008678124002038,0.010086781242366963,0.010086781244714044,0.010086781247061622,0.010086781249409687,0.010086781251758242,0.010086781254107282,0.010086781256456808,0.010086781258806814,0.01008678126115729,0.010086781263508248,0.010086781265859676,0.010086781268211564,0.01008678127056392,0.01008678127291674,0.010086781275270013,0.01008678127762374,0.010086781279977924,0.010086781282332554,0.010086781284687632,0.010086781287043151,0.010086781289399112,0.010086781291755513,0.010086781294112343,0.01008678129646964,0.010086781298827322,0.010086781301185442,0.010086781303543983,0.01008678130590295,0.010086781308262332,0.010086781310622128,0.010086781312982334,0.010086781315342947,0.010086781317703974,0.010086781320065396,0.010086781322427229,0.010086781324789452,0.010086781327152069,0.010086781329515087,0.01008678133187849,0.01008678133424228,0.01008678133660646,0.010086781338971014,0.010086781341335954,0.010086781343701272,0.010086781346066963,0.010086781348433025,0.010086781350799453,0.010086781353166254,0.01008678135553342,0.010086781357900938,0.010086781360268821,0.010086781362637059,0.010086781365005647,0.01008678136737459,0.010086781369743883,0.01008678137211352,0.010086781374483501,0.010086781376853824,0.01008678137922449,0.010086781381595487,0.010086781383966825,0.010086781386338492,0.010086781388710489,0.010086781391082811,0.010086781393455459,0.010086781395828427,0.01008678139820172,0.010086781400575328,0.010086781402949252,0.01008678140532349,0.010086781407698042,0.010086781410072895,0.010086781412448068,0.010086781414823533,0.010086781417199311,0.010086781419575377,0.010086781421951749,0.010086781424328416,0.010086781426705374,0.010086781429082632,0.01008678143146017,0.010086781433838,0.010086781436216111,0.010086781438594513,0.010086781440973188,0.010086781443352144,0.010086781445731375,0.010086781448110883,0.01008678145049066,0.01008678145287071,0.010086781455251026,0.010086781457631616,0.010086781460012458,0.010086781462393566,0.010086781464774939,0.010086781467156565,0.010086781469538451,0.01008678147192059,0.010086781474302982,0.010086781476685626,0.010086781479068517,0.01008678148145166,0.010086781483835043,0.010086781486218667,0.010086781488602531,0.010086781490986643,0.01008678149337099,0.010086781495755573,0.010086781498140383,0.010086781500525423,0.010086781502910702,0.010086781505296205,0.010086781507681936,0.010086781510067888,0.01008678151245407,0.010086781514840468,0.010086781517227094,0.010086781519613923,0.01008678152200098,0.010086781524388248,0.010086781526775732,0.010086781529163426,0.010086781531551325,0.010086781533939436,0.010086781536327753,0.010086781538716273,0.010086781541105,0.010086781543493923,0.010086781545883041,0.010086781548272363,0.010086781550661885,0.010086781553051595,0.010086781555441501,0.010086781557831596,0.010086781560221886,0.010086781562612357,0.010086781565003021,0.01008678156739387,0.010086781569784901,0.010086781572176117,0.010086781574567513,0.010086781576959091,0.010086781579350843,0.010086781581742772,0.010086781584134875,0.010086781586527153,0.010086781588919602,0.010086781591312221,0.010086781593705015,0.010086781596097967,0.010086781598491091,0.010086781600884383,0.010086781603277833,0.010086781605671448,0.010086781608065224,0.010086781610459157,0.010086781612853254,0.010086781615247509,0.01008678161764191,0.01008678162003647,0.01008678162243118,0.010086781624826043,0.010086781627221061,0.010086781629616222,0.01008678163201154,0.01008678163440701,0.010086781636802615,0.010086781639198357,0.010086781641594246,0.01008678164399027,0.010086781646386439,0.01008678164878275,0.010086781651179197,0.010086781653575776,0.010086781655972493,0.01008678165836934,0.010086781660766327,0.01008678166316344,0.010086781665560684,0.010086781667958058,0.010086781670355566,0.010086781672753193,0.01008678167515095,0.01008678167754883,0.010086781679946833,0.010086781682344954,0.010086781684743208,0.010086781687141564,0.010086781689540046,0.010086781691938655,0.01008678169433738,0.010086781696736215,0.010086781699135162,0.010086781701534195,0.010086781703933415,0.010086781706332705,0.010086781708732106,0.010086781711131617,0.01008678171353123,0.010086781715930956,0.010086781718330788,0.010086781720730721,0.010086781723130763,0.010086781725530907,0.010086781727931158,0.010086781730331498,0.010086781732731951,0.0100867817351325,0.010086781737533145,0.010086781739933888,0.010086781742334728,0.010086781744735658,0.01008678174713669,0.010086781749537815,0.010086781751939028,0.010086781754340343,0.010086781756741738,0.01008678175914323,0.010086781761544808,0.010086781763946473,0.010086781766348231,0.010086781768750067,0.010086781771151996,0.010086781773554009,0.010086781775956101,0.010086781778358273,0.010086781780760539,0.010086781783162883,0.010086781785565303,0.010086781787967802,0.010086781790370385,0.010086781792773043,0.010086781795175774,0.010086781797578584,0.010086781799981473,0.010086781802384431,0.010086781804787469,0.01008678180719058,0.01008678180959376,0.010086781811997014,0.01008678181440034,0.010086781816803732,0.010086781819207191,0.01008678182161072,0.010086781824014315,0.010086781826417979,0.010086781828821714,0.010086781831225505,0.01008678183362936,0.010086781836033292,0.01008678183843728,0.01008678184084133,0.010086781843245438,0.010086781845649612,0.010086781848053849,0.010086781850458144,0.010086781852862494,0.0100867818552669,0.010086781857671373,0.0100867818600759,0.010086781862480479,0.010086781864885114,0.010086781867289807,0.010086781869694552,0.010086781872099356,0.010086781874504205,0.010086781876909107,0.010086781879314067,0.010086781881719072,0.010086781884124128,0.010086781886529233,0.010086781888934394,0.010086781891339599,0.010086781893744845,0.01008678189615015,0.010086781898555495,0.01008678190096089,0.010086781903366327,0.010086781905771808,0.01008678190817734,0.010086781910582907,0.010086781912988526,0.01008678191539418,0.010086781917799879,0.010086781920205623,0.010086781922611402,0.010086781925017219,0.01008678192742308,0.01008678192982898,0.010086781932234917,0.010086781934640897,0.01008678193704691,0.010086781939452963,0.010086781941859047,0.01008678194426517,0.010086781946671326,0.010086781949077523,0.010086781951483752,0.010086781953890012,0.010086781956296306,0.01008678195870263,0.010086781961108985,0.010086781963515376,0.010086781965921793,0.010086781968328245,0.010086781970734723,0.010086781973141239,0.010086781975547776,0.010086781977954347,0.010086781980360945,0.010086781982767572,0.01008678198517422,0.010086781987580902,0.010086781989987607,0.01008678199239434,0.010086781994801095,0.010086781997207877,0.010086781999614682,0.010086782002021505,0.010086782004428358,0.010086782006835241,0.01008678200924214,0.01008678201164906,0.010086782014056002,0.010086782016462967,0.010086782018869953,0.010086782021276955,0.010086782023683984,0.010086782026091024,0.010086782028498094,0.010086782030905175,0.010086782033312276,0.010086782035719397,0.010086782038126532,0.010086782040533687,0.010086782042940855,0.010086782045348045,0.010086782047755248,0.010086782050162462,0.010086782052569705,0.01008678205497695,0.010086782057384211,0.010086782059791488,0.010086782062198778,0.010086782064606082,0.010086782067013396,0.01008678206942073,0.01008678207182807,0.010086782074235428,0.010086782076642794,0.010086782079050168,0.010086782081457552,0.010086782083864954,0.010086782086272356,0.010086782088679774,0.0100867820910872,0.010086782093494643,0.010086782095902087,0.01008678209830954,0.010086782100717,0.010086782103124468,0.010086782105531943,0.010086782107939432,0.010086782110346916,0.010086782112754414,0.01008678211516191,0.010086782117569417,0.010086782119976937,0.010086782122384454,0.010086782124791974,0.010086782127199496,0.010086782129607029,0.010086782132014567,0.010086782134422101,0.010086782136829644,0.010086782139237187,0.010086782141644733,0.010086782144052281,0.010086782146459836,0.010086782148867386,0.010086782151274938,0.010086782153682493,0.010086782156090051,0.010086782158497606,0.010086782160905161,0.01008678216331272,0.010086782165720273,0.01008678216812783,0.010086782170535389,0.010086782172942938,0.01008678217535049,0.010086782177758042,0.010086782180165592,0.01008678218257314,0.01008678218498068,0.01008678218738822,0.010086782189795756,0.010086782192203292,0.010086782194610828,0.010086782197018352,0.010086782199425876,0.010086782201833396,0.010086782204240915,0.01008678220664842,0.01008678220905593,0.010086782211463429,0.01008678221387092,0.010086782216278413,0.010086782218685897,0.010086782221093372,0.01008678222350084,0.010086782225908308,0.010086782228315765,0.010086782230723209,0.010086782233130651,0.010086782235538086,0.010086782237945513,0.010086782240352933,0.010086782242760347,0.010086782245167746,0.01008678224757514,0.010086782249982528,0.01008678225238991,0.01008678225479727,0.010086782257204628,0.010086782259611975,0.01008678226201931,0.010086782264426636,0.010086782266833953,0.01008678226924126,0.010086782271648553,0.010086782274055836,0.010086782276463112,0.010086782278870375,0.010086782281277622,0.01008678228368486,0.010086782286092085,0.010086782288499293,0.010086782290906501,0.010086782293313687,0.010086782295720865,0.010086782298128025,0.010086782300535176,0.010086782302942313,0.010086782305349434,0.010086782307756543,0.010086782310163642,0.010086782312570725,0.010086782314977793,0.010086782317384847,0.010086782319791885,0.010086782322198907,0.010086782324605918,0.01008678232701291,0.010086782329419893,0.010086782331826853,0.010086782334233801,0.01008678233664073,0.01008678233904765,0.010086782341454551,0.010086782343861438,0.010086782346268305,0.01008678234867515,0.010086782351081985,0.010086782353488807,0.010086782355895602,0.010086782358302387,0.010086782360709156,0.010086782363115901,0.010086782365522629,0.010086782367929344,0.010086782370336037,0.01008678237274271,0.010086782375149374,0.010086782377556011,0.010086782379962635,0.010086782382369238,0.010086782384775818,0.010086782387182388,0.010086782389588928,0.010086782391995458,0.010086782394401965,0.01008678239680845,0.010086782399214919,0.010086782401621364,0.010086782404027795,0.010086782406434205,0.010086782408840592,0.010086782411246957,0.010086782413653309,0.010086782416059628,0.010086782418465931,0.010086782420872216,0.010086782423278479,0.01008678242568472,0.010086782428090942,0.010086782430497142,0.010086782432903318,0.010086782435309477,0.01008678243771561,0.010086782440121721,0.010086782442527814,0.010086782444933886,0.010086782447339928,0.010086782449745951,0.010086782452151957,0.010086782454557934,0.01008678245696389,0.010086782459369817,0.01008678246177573,0.01008678246418162,0.010086782466587481,0.010086782468993319,0.01008678247139914,0.010086782473804932,0.010086782476210702,0.010086782478616448,0.010086782481022169,0.010086782483427871,0.010086782485833546,0.010086782488239193,0.010086782490644822,0.010086782493050419,0.010086782495455996,0.010086782497861544,0.010086782500267077,0.01008678250267258,0.010086782505078058,0.010086782507483513,0.010086782509888944,0.010086782512294347,0.010086782514699725,0.010086782517105078,0.010086782519510411,0.010086782521915706,0.010086782524320983,0.010086782526726231,0.010086782529131458,0.01008678253153666,0.010086782533941826,0.010086782536346975,0.010086782538752092,0.010086782541157182,0.010086782543562251,0.010086782545967295,0.010086782548372308,0.01008678255077729,0.010086782553182256,0.010086782555587188,0.010086782557992096,0.010086782560396976,0.010086782562801827,0.010086782565206653,0.010086782567611453,0.010086782570016222,0.010086782572420974,0.010086782574825691,0.01008678257723038,0.010086782579635039,0.010086782582039672,0.010086782584444277,0.010086782586848851,0.0100867825892534,0.010086782591657923,0.010086782594062413,0.010086782596466877,0.010086782598871316,0.010086782601275721,0.010086782603680101,0.01008678260608445,0.010086782608488776,0.010086782610893068,0.010086782613297334,0.010086782615701567,0.010086782618105777,0.010086782620509957,0.010086782622914105,0.010086782625318225,0.010086782627722318,0.010086782630126377,0.01008678263253041,0.01008678263493441,0.010086782637338386,0.010086782639742336,0.010086782642146252,0.010086782644550136,0.010086782646953991,0.01008678264935782,0.010086782651761618,0.01008678265416538,0.010086782656569118,0.01008678265897283,0.010086782661376508,0.010086782663780153,0.010086782666183772,0.01008678266858736,0.01008678267099091,0.010086782673394428,0.010086782675797922,0.010086782678201385,0.010086782680604825,0.010086782683008225,0.010086782685411601,0.010086782687814945,0.010086782690218255,0.010086782692621534,0.010086782695024785,0.010086782697428002,0.010086782699831192,0.01008678270223436,0.010086782704637488,0.010086782707040587,0.010086782709443645,0.010086782711846671,0.010086782714249672,0.010086782716652639,0.010086782719055576,0.010086782721458494,0.010086782723861371,0.010086782726264213,0.010086782728667027,0.010086782731069803,0.010086782733472554,0.01008678273587527,0.010086782738277957,0.010086782740680611,0.010086782743083236,0.010086782745485825,0.010086782747888379,0.010086782750290905,0.010086782752693403,0.01008678275509586,0.010086782757498294,0.01008678275990069,0.01008678276230305,0.010086782764705378,0.010086782767107687,0.010086782769509951,0.010086782771912186,0.010086782774314388,0.010086782776716558,0.010086782779118692,0.010086782781520793,0.010086782783922867,0.010086782786324909,0.010086782788726913,0.010086782791128889,0.01008678279353083,0.01008678279593274,0.010086782798334614,0.010086782800736457,0.010086782803138267,0.010086782805540038,0.01008678280794178,0.01008678281034349,0.010086782812745164,0.01008678281514681,0.01008678281754842,0.010086782819949992,0.010086782822351531,0.010086782824753065,0.010086782827154544,0.010086782829555987,0.010086782831957398,0.010086782834358779,0.010086782836760129,0.01008678283916144,0.010086782841562718,0.010086782843963957,0.010086782846365161,0.010086782848766343,0.010086782851167476,0.010086782853568576,0.010086782855969654,0.010086782858370695,0.010086782860771698,0.010086782863172668,0.010086782865573601,0.010086782867974507,0.010086782870375375,0.01008678287277621,0.010086782875177011,0.010086782877577773,0.01008678287997851,0.010086782882379209,0.010086782884779873,0.010086782887180507,0.010086782889581106,0.010086782891981666,0.010086782894382192,0.010086782896782687,0.010086782899183144,0.010086782901583564,0.010086782903983953,0.010086782906384307,0.010086782908784626,0.01008678291118491,0.01008678291358516,0.010086782915985373,0.010086782918385554,0.0100867829207857,0.010086782923185813,0.010086782925585885,0.010086782927985928,0.010086782930385934,0.010086782932785901,0.010086782935185837,0.010086782937585746,0.010086782939985613,0.010086782942385438,0.010086782944785239,0.01008678294718501,0.01008678294958474,0.010086782951984428,0.010086782954384092,0.010086782956783714,0.010086782959183303,0.010086782961582856,0.010086782963982374,0.01008678296638185,0.010086782968781304,0.010086782971180713,0.01008678297358009,0.01008678297597944,0.010086782978378743,0.010086782980778012,0.010086782983177245,0.010086782985576451,0.010086782987975615,0.010086782990374741,0.010086782992773834,0.010086782995172891,0.010086782997571915,0.010086782999970905,0.010086783002369855,0.010086783004768767,0.010086783007167649,0.01008678300956649,0.010086783011965299,0.010086783014364076,0.010086783016762812,0.010086783019161516,0.010086783021560184,0.010086783023958818,0.010086783026357413,0.010086783028755972,0.010086783031154494,0.010086783033552975,0.01008678303595143,0.010086783038349841,0.010086783040748226,0.010086783043146566,0.010086783045544877,0.010086783047943146,0.010086783050341388,0.010086783052739585,0.01008678305513775,0.010086783057535877,0.010086783059933968,0.010086783062332027,0.010086783064730046,0.010086783067128033,0.010086783069525979,0.010086783071923892,0.01008678307432177,0.01008678307671961,0.010086783079117418,0.010086783081515184,0.010086783083912918,0.010086783086310612,0.010086783088708275,0.010086783091105896,0.010086783093503483,0.010086783095901032,0.010086783098298541,0.01008678310069602,0.010086783103093466,0.010086783105490884,0.010086783107888261,0.010086783110285595,0.01008678311268289,0.01008678311508014,0.010086783117477368,0.010086783119874557,0.010086783122271707,0.010086783124668817,0.010086783127065894,0.010086783129462937,0.010086783131859938,0.010086783134256903,0.010086783136653838,0.01008678313905073,0.010086783141447593,0.010086783143844421,0.010086783146241203,0.010086783148637953,0.010086783151034664,0.010086783153431339,0.010086783155827977,0.010086783158224581,0.010086783160621147,0.01008678316301768,0.010086783165414176,0.010086783167810628,0.010086783170207054,0.010086783172603432,0.010086783174999784,0.010086783177396086,0.010086783179792362,0.01008678318218859,0.010086783184584796,0.010086783186980953,0.010086783189377077,0.010086783191773167,0.010086783194169217,0.010086783196565237,0.010086783198961214,0.010086783201357157,0.01008678320375306,0.010086783206148931,0.010086783208544758,0.01008678321094055,0.01008678321333631,0.01008678321573203,0.01008678321812771,0.010086783220523357,0.01008678322291897,0.010086783225314547,0.010086783227710078,0.010086783230105575,0.010086783232501036,0.010086783234896462,0.01008678323729185,0.010086783239687203,0.010086783242082528,0.010086783244477806,0.01008678324687304,0.01008678324926824,0.0100867832516634,0.010086783254058528,0.010086783256453617,0.010086783258848675,0.010086783261243695,0.01008678326363867,0.010086783266033615,0.010086783268428524,0.010086783270823386,0.010086783273218219,0.010086783275613012,0.010086783278007765,0.010086783280402488,0.010086783282797171,0.010086783285191813,0.010086783287586417,0.010086783289980993,0.010086783292375518,0.010086783294770014,0.010086783297164469,0.010086783299558892,0.010086783301953277,0.010086783304347618,0.010086783306741924,0.010086783309136194,0.010086783311530425,0.010086783313924617,0.01008678331631878,0.010086783318712903,0.010086783321106994,0.010086783323501042,0.010086783325895047,0.010086783328289021,0.010086783330682953,0.010086783333076853,0.010086783335470716,0.010086783337864544,0.010086783340258325,0.010086783342652072,0.010086783345045786,0.010086783347439458,0.01008678334983309,0.010086783352226684,0.010086783354620245,0.010086783357013768,0.01008678335940725,0.010086783361800697,0.010086783364194109,0.01008678336658748,0.010086783368980817,0.010086783371374116,0.010086783373767377,0.010086783376160601,0.010086783378553784,0.010086783380946946,0.010086783383340061,0.010086783385733147,0.010086783388126177,0.010086783390519183,0.01008678339291215,0.01008678339530507,0.01008678339769796,0.010086783400090804,0.01008678340248362,0.010086783404876384,0.010086783407269125,0.010086783409661817,0.010086783412054484,0.010086783414447102,0.010086783416839688,0.010086783419232234,0.010086783421624746,0.010086783424017212,0.010086783426409647,0.010086783428802046,0.010086783431194398,0.010086783433586726,0.010086783435979005,0.010086783438371247,0.010086783440763455,0.010086783443155625,0.010086783445547757,0.010086783447939852,0.010086783450331907,0.010086783452723925,0.010086783455115902,0.010086783457507848,0.01008678345989975,0.010086783462291618,0.01008678346468345,0.010086783467075243,0.010086783469466998,0.010086783471858714,0.010086783474250393,0.010086783476642035,0.010086783479033638,0.010086783481425207,0.010086783483816732,0.010086783486208223,0.010086783488599675,0.01008678349099109,0.010086783493382464,0.010086783495773799,0.010086783498165103,0.010086783500556367,0.010086783502947594,0.010086783505338781,0.010086783507729935,0.010086783510121046,0.010086783512512121,0.010086783514903159,0.01008678351729416,0.010086783519685116,0.01008678352207604,0.010086783524466928,0.010086783526857771,0.010086783529248586,0.010086783531639358,0.01008678353403009,0.010086783536420786,0.010086783538811444,0.010086783541202063,0.010086783543592643,0.010086783545983186,0.010086783548373696,0.010086783550764158,0.010086783553154592,0.010086783555544983,0.010086783557935339,0.01008678356032566,0.010086783562715935,0.010086783565106172,0.010086783567496378,0.010086783569886543,0.010086783572276676,0.010086783574666764,0.010086783577056814,0.010086783579446833,0.010086783581836812,0.01008678358422675,0.010086783586616651,0.010086783589006514,0.010086783591396345,0.010086783593786128,0.010086783596175876,0.010086783598565591,0.010086783600955263,0.010086783603344895,0.01008678360573449,0.010086783608124046,0.01008678361051357,0.010086783612903051,0.01008678361529249,0.010086783617681895,0.010086783620071262,0.010086783622460592,0.010086783624849886,0.010086783627239143,0.010086783629628362,0.010086783632017536,0.01008678363440668,0.010086783636795785,0.010086783639184844,0.01008678364157387,0.010086783643962857,0.010086783646351807,0.010086783648740721,0.010086783651129593,0.010086783653518429,0.01008678365590723,0.010086783658295989,0.010086783660684709,0.010086783663073393,0.010086783665462042,0.010086783667850652,0.010086783670239215,0.010086783672627752,0.010086783675016243,0.010086783677404697,0.010086783679793116,0.010086783682181496,0.010086783684569837,0.010086783686958143,0.010086783689346408,0.01008678369173463,0.01008678369412282,0.010086783696510974,0.010086783698899088,0.010086783701287159,0.010086783703675195,0.010086783706063194,0.010086783708451149,0.010086783710839075,0.01008678371322696,0.010086783715614804,0.010086783718002614,0.010086783720390383,0.010086783722778115,0.010086783725165811,0.01008678372755346,0.01008678372994108,0.010086783732328656,0.010086783734716201,0.0100867837371037,0.010086783739491166,0.010086783741878595,0.010086783744265986,0.01008678374665334,0.010086783749040651,0.010086783751427918,0.010086783753815162,0.010086783756202356,0.010086783758589513,0.010086783760976631,0.010086783763363718,0.01008678376575076,0.010086783768137765,0.01008678377052474,0.010086783772911665,0.010086783775298563,0.010086783777685413,0.010086783780072233,0.010086783782459011,0.010086783784845756,0.010086783787232453,0.010086783789619119,0.01008678379200575,0.010086783794392333,0.010086783796778883,0.01008678379916539,0.010086783801551867,0.010086783803938296,0.010086783806324693,0.010086783808711058,0.010086783811097372,0.010086783813483654,0.010086783815869903,0.010086783818256104,0.010086783820642271,0.010086783823028403,0.01008678382541449,0.010086783827800549,0.010086783830186564,0.010086783832572539,0.010086783834958474,0.010086783837344376,0.010086783839730237,0.010086783842116066,0.010086783844501849,0.010086783846887592,0.010086783849273303,0.010086783851658976,0.010086783854044611,0.010086783856430203,0.01008678385881576,0.010086783861201279,0.010086783863586753,0.010086783865972199,0.010086783868357593,0.010086783870742962,0.010086783873128289,0.01008678387551358,0.010086783877898828,0.010086783880284044,0.010086783882669224,0.01008678388505436,0.010086783887439457,0.010086783889824511,0.010086783892209536,0.010086783894594522,0.010086783896979468,0.010086783899364375,0.010086783901749238,0.010086783904134061,0.010086783906518858,0.010086783908903607,0.010086783911288326,0.010086783913673004,0.010086783916057641,0.01008678391844224,0.0100867839208268,0.010086783923211325,0.010086783925595809,0.010086783927980255,0.010086783930364666,0.010086783932749034,0.010086783935133365,0.010086783937517664,0.010086783939901924,0.010086783942286136,0.010086783944670314,0.010086783947054456,0.010086783949438561,0.010086783951822626,0.010086783954206655,0.010086783956590644,0.010086783958974598,0.010086783961358509,0.010086783963742385,0.010086783966126221,0.010086783968510024,0.010086783970893786,0.010086783973277507,0.010086783975661187,0.010086783978044831,0.010086783980428438,0.010086783982812007,0.01008678398519554,0.01008678398757903,0.010086783989962482,0.010086783992345898,0.010086783994729275,0.010086783997112615,0.010086783999495917,0.010086784001879184,0.010086784004262404,0.010086784006645592,0.01008678400902874,0.01008678401141185,0.010086784013794927,0.010086784016177956,0.010086784018560955,0.01008678402094391,0.010086784023326828,0.01008678402570971,0.010086784028092557,0.010086784030475363,0.010086784032858126,0.01008678403524085,0.01008678403762354,0.010086784040006192,0.010086784042388804,0.010086784044771377,0.010086784047153914,0.010086784049536404,0.010086784051918868,0.010086784054301287,0.010086784056683673,0.010086784059066012,0.010086784061448318,0.010086784063830585,0.010086784066212813,0.010086784068595006,0.01008678407097716,0.010086784073359275,0.01008678407574135,0.010086784078123391,0.010086784080505388,0.010086784082887348,0.01008678408526927,0.010086784087651159,0.010086784090033003,0.010086784092414808,0.010086784094796573,0.010086784097178303,0.010086784099559997,0.010086784101941651,0.010086784104323274,0.010086784106704844,0.010086784109086385,0.010086784111467892,0.010086784113849355,0.010086784116230783,0.010086784118612168,0.010086784120993519,0.010086784123374834,0.010086784125756103,0.010086784128137335,0.010086784130518537,0.010086784132899691,0.010086784135280812,0.010086784137661892,0.01008678414004294,0.010086784142423946,0.010086784144804909,0.01008678414718584,0.010086784149566734,0.010086784151947586,0.010086784154328397,0.010086784156709173,0.010086784159089911,0.010086784161470611,0.010086784163851267,0.010086784166231896,0.010086784168612473,0.010086784170993022,0.010086784173373525,0.010086784175753996,0.010086784178134427,0.010086784180514818,0.010086784182895176,0.01008678418527549,0.01008678418765576,0.010086784190035995,0.010086784192416199,0.010086784194796364,0.010086784197176487,0.010086784199556574,0.010086784201936629,0.010086784204316638,0.010086784206696607,0.010086784209076535,0.010086784211456434,0.010086784213836294,0.010086784216216112,0.010086784218595898,0.010086784220975644,0.010086784223355343,0.010086784225735012,0.010086784228114638,0.010086784230494222,0.010086784232873775,0.010086784235253289,0.010086784237632757,0.010086784240012194,0.01008678424239159,0.010086784244770946,0.010086784247150263,0.01008678424952955,0.010086784251908797,0.010086784254288,0.010086784256667168,0.010086784259046296,0.01008678426142539,0.01008678426380444,0.010086784266183452,0.01008678426856243,0.010086784270941366,0.010086784273320269,0.01008678427569912,0.01008678427807795,0.010086784280456736,0.010086784282835477,0.010086784285214182,0.01008678428759285,0.01008678428997148,0.010086784292350071,0.010086784294728625,0.010086784297107146,0.010086784299485618,0.010086784301864058,0.010086784304242459,0.01008678430662082,0.01008678430899914,0.01008678431137743,0.010086784313755677,0.01008678431613389,0.010086784318512065,0.0100867843208902,0.010086784323268294,0.010086784325646346,0.010086784328024363,0.01008678433040235,0.010086784332780286,0.010086784335158194,0.010086784337536061,0.010086784339913885,0.010086784342291677,0.010086784344669426,0.010086784347047144,0.010086784349424813,0.010086784351802446,0.01008678435418004,0.010086784356557599,0.010086784358935121,0.0100867843613126,0.010086784363690041,0.010086784366067449,0.010086784368444818,0.010086784370822144,0.010086784373199438,0.010086784375576684,0.010086784377953906,0.01008678438033108,0.010086784382708219,0.010086784385085321,0.01008678438746238,0.0100867843898394,0.010086784392216388,0.01008678439459333,0.010086784396970243,0.010086784399347109,0.010086784401723942,0.010086784404100735,0.010086784406477494,0.010086784408854207,0.01008678441123089,0.010086784413607528,0.01008678441598413,0.010086784418360698,0.01008678442073722,0.01008678442311371,0.010086784425490153,0.010086784427866565,0.01008678443024294,0.01008678443261927,0.01008678443499557,0.010086784437371835,0.010086784439748054,0.010086784442124233,0.010086784444500375,0.01008678444687648,0.01008678444925255,0.010086784451628581,0.010086784454004571,0.010086784456380532,0.010086784458756446,0.010086784461132321,0.01008678446350815,0.010086784465883953,0.010086784468259714,0.010086784470635435,0.010086784473011121,0.010086784475386766,0.01008678447776237,0.010086784480137943,0.010086784482513472,0.010086784484888962,0.010086784487264423,0.010086784489639832,0.010086784492015211,0.010086784494390549,0.010086784496765854,0.010086784499141115,0.010086784501516345,0.01008678450389153,0.010086784506266686,0.010086784508641804,0.010086784511016867,0.010086784513391895,0.010086784515766894,0.010086784518141842,0.010086784520516765,0.010086784522891641,0.010086784525266481,0.010086784527641283,0.010086784530016048,0.010086784532390777,0.010086784534765462,0.01008678453714012,0.01008678453951473,0.0100867845418893,0.010086784544263835,0.010086784546638335,0.010086784549012788,0.010086784551387208,0.010086784553761594,0.010086784556135934,0.01008678455851023,0.010086784560884502,0.01008678456325873,0.01008678456563292,0.010086784568007072,0.010086784570381186,0.010086784572755265,0.0100867845751293,0.010086784577503302,0.010086784579877262,0.010086784582251184,0.010086784584625072,0.010086784586998913,0.010086784589372724,0.010086784591746495,0.010086784594120228,0.010086784596493923,0.010086784598867578,0.01008678460124119,0.010086784603614769,0.010086784605988313,0.010086784608361814,0.010086784610735273,0.010086784613108695,0.010086784615482085,0.01008678461785543,0.01008678462022874,0.010086784622602006,0.010086784624975247,0.010086784627348439,0.010086784629721592,0.010086784632094717,0.010086784634467789,0.010086784636840831,0.010086784639213838,0.0100867846415868,0.010086784643959726,0.010086784646332616,0.010086784648705464,0.010086784651078273,0.010086784653451048,0.010086784655823782,0.010086784658196478,0.010086784660569136,0.010086784662941757,0.010086784665314335,0.010086784667686876,0.010086784670059388,0.010086784672431851,0.010086784674804283,0.010086784677176674,0.01008678467954903,0.01008678468192134,0.010086784684293616,0.01008678468666585,0.010086784689038045,0.010086784691410208,0.010086784693782335,0.010086784696154417,0.010086784698526462,0.010086784700898478,0.010086784703270447,0.010086784705642378,0.010086784708014274,0.010086784710386128,0.010086784712757948,0.010086784715129724,0.010086784717501462,0.01008678471987317,0.010086784722244831,0.010086784724616453,0.010086784726988046,0.010086784729359593,0.010086784731731106,0.01008678473410258,0.010086784736474017,0.010086784738845408,0.010086784741216766,0.010086784743588088,0.010086784745959369,0.01008678474833061,0.01008678475070182,0.010086784753072989,0.010086784755444115,0.010086784757815204,0.010086784760186256,0.010086784762557269,0.01008678476492824,0.01008678476729918,0.01008678476967008,0.01008678477204094,0.010086784774411765,0.010086784776782553,0.0100867847791533,0.010086784781524007,0.01008678478389468,0.01008678478626531,0.010086784788635906,0.010086784791006454,0.010086784793376975,0.01008678479574745,0.01008678479811789,0.010086784800488295,0.010086784802858656,0.010086784805228977,0.01008678480759927,0.010086784809969523,0.010086784812339735,0.010086784814709909,0.01008678481708004,0.010086784819450141,0.010086784821820195,0.010086784824190214,0.010086784826560197,0.010086784828930138,0.010086784831300042,0.01008678483366991,0.010086784836039734,0.010086784838409522,0.010086784840779272,0.010086784843148988,0.010086784845518658,0.010086784847888296,0.010086784850257893,0.010086784852627456,0.010086784854996972,0.010086784857366462,0.01008678485973591,0.01008678486210531,0.010086784864474686,0.010086784866844013,0.010086784869213303,0.010086784871582556,0.010086784873951773,0.010086784876320956,0.010086784878690098,0.0100867848810592,0.010086784883428263,0.01008678488579729,0.010086784888166273,0.010086784890535222,0.01008678489290413,0.010086784895273001,0.010086784897641836,0.010086784900010633,0.010086784902379388,0.010086784904748104,0.010086784907116788,0.010086784909485431,0.01008678491185404,0.010086784914222602,0.01008678491659113,0.010086784918959616,0.010086784921328066,0.010086784923696482,0.010086784926064856,0.010086784928433188,0.01008678493080149,0.010086784933169753,0.010086784935537977,0.010086784937906164,0.010086784940274313,0.010086784942642415,0.01008678494501049,0.010086784947378516,0.01008678494974651,0.010086784952114462,0.010086784954482378,0.010086784956850258,0.0100867849592181,0.0100867849615859,0.010086784963953663,0.010086784966321389,0.010086784968689071,0.010086784971056719,0.010086784973424329,0.010086784975791897,0.010086784978159432,0.01008678498052693,0.010086784982894387,0.0100867849852618,0.010086784987629185,0.010086784989996534,0.010086784992363838,0.010086784994731103,0.010086784997098329,0.010086784999465517,0.010086785001832672,0.010086785004199787,0.010086785006566859,0.010086785008933896,0.010086785011300895,0.010086785013667854,0.01008678501603477,0.010086785018401654,0.010086785020768499,0.010086785023135309,0.010086785025502075,0.01008678502786881,0.010086785030235506,0.010086785032602158,0.010086785034968779,0.010086785037335353,0.01008678503970189,0.010086785042068393,0.01008678504443486,0.010086785046801286,0.010086785049167674,0.010086785051534024,0.010086785053900333,0.010086785056266603,0.010086785058632836,0.010086785060999033,0.010086785063365189,0.01008678506573131,0.010086785068097391,0.010086785070463436,0.01008678507282944,0.010086785075195412,0.010086785077561342,0.010086785079927227,0.01008678508229308,0.010086785084658887,0.01008678508702466,0.010086785089390399,0.010086785091756098,0.01008678509412176,0.010086785096487388,0.010086785098852968,0.010086785101218517,0.010086785103584026,0.010086785105949498,0.01008678510831493,0.010086785110680322,0.010086785113045678,0.010086785115410994,0.01008678511777627,0.010086785120141516,0.010086785122506712,0.010086785124871867,0.010086785127236991,0.010086785129602078,0.01008678513196713,0.010086785134332142,0.010086785136697118,0.01008678513906205,0.010086785141426956,0.010086785143791816,0.010086785146156633,0.010086785148521413,0.010086785150886159,0.010086785153250859,0.01008678515561553,0.010086785157980158,0.01008678516034475,0.0100867851627093,0.010086785165073815,0.010086785167438298,0.010086785169802737,0.010086785172167136,0.010086785174531496,0.010086785176895827,0.010086785179260115,0.010086785181624367,0.010086785183988577,0.010086785186352747,0.010086785188716883,0.010086785191080978,0.010086785193445033,0.010086785195809052,0.010086785198173031,0.010086785200536972,0.010086785202900876,0.010086785205264742,0.010086785207628571,0.01008678520999236,0.010086785212356108,0.01008678521471982,0.010086785217083493,0.010086785219447128,0.01008678522181073,0.01008678522417429,0.01008678522653781,0.01008678522890129,0.010086785231264736,0.010086785233628144,0.010086785235991519,0.010086785238354847,0.010086785240718144,0.0100867852430814,0.010086785245444613,0.010086785247807796,0.010086785250170937,0.010086785252534036,0.010086785254897099,0.010086785257260124,0.010086785259623114,0.010086785261986062,0.010086785264348972,0.010086785266711848,0.010086785269074677,0.01008678527143747,0.010086785273800232,0.010086785276162955,0.010086785278525636,0.010086785280888279,0.010086785283250887,0.010086785285613452,0.010086785287975986,0.010086785290338476,0.01008678529270093,0.010086785295063351,0.010086785297425724,0.010086785299788065,0.010086785302150365,0.01008678530451262,0.010086785306874842,0.01008678530923703,0.010086785311599174,0.010086785313961288,0.010086785316323368,0.0100867853186854,0.010086785321047398,0.01008678532340935,0.010086785325771268,0.010086785328133143,0.010086785330494992,0.010086785332856793,0.010086785335218559,0.010086785337580286,0.010086785339941976,0.010086785342303626,0.01008678534466524,0.010086785347026816,0.01008678534938835,0.01008678535174985,0.01008678535411131,0.01008678535647273,0.010086785358834114,0.01008678536119546,0.010086785363556767,0.010086785365918036,0.010086785368279266,0.010086785370640457,0.01008678537300161,0.010086785375362728,0.010086785377723803,0.010086785380084846,0.01008678538244585,0.01008678538480682,0.010086785387167741,0.010086785389528632,0.010086785391889477,0.01008678539425029,0.010086785396611066,0.0100867853989718,0.0100867854013325,0.010086785403693154,0.010086785406053775,0.010086785408414354,0.010086785410774903,0.010086785413135404,0.010086785415495875,0.010086785417856299,0.010086785420216685,0.010086785422577033,0.01008678542493735,0.01008678542729763,0.01008678542965787,0.010086785432018066,0.010086785434378227,0.010086785436738351,0.010086785439098432,0.010086785441458485,0.010086785443818493,0.010086785446178467,0.010086785448538398,0.010086785450898304,0.010086785453258163,0.010086785455617982,0.01008678545797776,0.010086785460337509,0.01008678546269721,0.010086785465056874,0.0100867854674165,0.010086785469776085,0.010086785472135639,0.01008678547449515,0.010086785476854626,0.01008678547921406,0.010086785481573463,0.010086785483932825,0.010086785486292143,0.010086785488651431,0.010086785491010681,0.01008678549336989,0.010086785495729063,0.010086785498088193,0.010086785500447283,0.010086785502806346,0.010086785505165358,0.010086785507524338,0.010086785509883275,0.010086785512242175,0.010086785514601041,0.01008678551695987,0.010086785519318662,0.010086785521677423,0.010086785524036135,0.01008678552639481,0.010086785528753443,0.010086785531112044,0.0100867855334706,0.010086785535829125,0.010086785538187612,0.010086785540546055,0.010086785542904458,0.010086785545262827,0.010086785547621156,0.010086785549979448,0.010086785552337704,0.01008678555469592,0.010086785557054095,0.010086785559412234,0.01008678556177034,0.010086785564128405,0.010086785566486433,0.01008678556884442,0.010086785571202368,0.010086785573560282,0.010086785575918153,0.01008678557827599,0.010086785580633792,0.010086785582991548,0.010086785585349266,0.010086785587706943,0.010086785590064587,0.010086785592422197,0.010086785594779763,0.01008678559713729,0.010086785599494781,0.010086785601852236,0.010086785604209648,0.01008678560656703,0.010086785608924368,0.010086785611281675,0.010086785613638934,0.010086785615996161,0.010086785618353347,0.010086785620710494,0.010086785623067605,0.010086785625424678,0.01008678562778171,0.010086785630138706,0.010086785632495652,0.010086785634852572,0.01008678563720946,0.010086785639566297,0.0100867856419231,0.01008678564427987,0.010086785646636601,0.010086785648993292,0.010086785651349944,0.010086785653706555,0.010086785656063134,0.010086785658419676,0.010086785660776173,0.01008678566313264,0.010086785665489062,0.01008678566784545,0.010086785670201796,0.010086785672558107,0.010086785674914382,0.010086785677270615,0.010086785679626809,0.01008678568198297,0.010086785684339091,0.010086785686695169,0.010086785689051218,0.01008678569140722,0.010086785693763194,0.010086785696119125,0.010086785698475015,0.010086785700830861,0.010086785703186682,0.010086785705542457,0.010086785707898198,0.010086785710253898,0.01008678571260956,0.010086785714965187,0.010086785717320773,0.01008678571967632,0.010086785722031833,0.0100867857243873,0.010086785726742736,0.010086785729098128,0.010086785731453485,0.010086785733808811,0.010086785736164082,0.010086785738519321,0.01008678574087452,0.010086785743229692,0.010086785745584819,0.010086785747939914,0.010086785750294962,0.010086785752649978,0.010086785755004955,0.010086785757359893,0.010086785759714792,0.010086785762069653,0.010086785764424481,0.010086785766779263,0.01008678576913401,0.01008678577148872,0.010086785773843397,0.010086785776198027,0.010086785778552623,0.010086785780907194,0.010086785783261715,0.010086785785616198,0.010086785787970638,0.010086785790325046,0.010086785792679418,0.010086785795033748,0.010086785797388038,0.010086785799742292,0.010086785802096515,0.010086785804450698,0.010086785806804829,0.010086785809158932,0.010086785811512988,0.010086785813867013,0.010086785816221001,0.010086785818574952,0.01008678582092886,0.010086785823282735,0.010086785825636569,0.010086785827990358,0.010086785830344122,0.01008678583269784,0.010086785835051518,0.010086785837405162,0.010086785839758769,0.010086785842112334,0.010086785844465868,0.01008678584681935,0.01008678584917281,0.01008678585152622,0.0100867858538796,0.010086785856232934,0.01008678585858624,0.0100867858609395,0.010086785863292721,0.01008678586564591,0.010086785867999054,0.010086785870352161,0.010086785872705228,0.010086785875058258,0.010086785877411254,0.01008678587976421,0.010086785882117128,0.010086785884470009,0.01008678588682285,0.010086785889175656,0.010086785891528414,0.010086785893881138,0.010086785896233831,0.010086785898586477,0.010086785900939088,0.010086785903291666,0.010086785905644206,0.010086785907996712,0.01008678591034917,0.010086785912701594,0.010086785915053978,0.010086785917406332,0.010086785919758635,0.010086785922110913,0.010086785924463151,0.010086785926815348,0.010086785929167511,0.01008678593151963,0.010086785933871715,0.010086785936223763,0.010086785938575767,0.01008678594092773,0.010086785943279655,0.010086785945631541,0.010086785947983392,0.010086785950335206,0.010086785952686986,0.010086785955038723,0.010086785957390421,0.010086785959742085,0.010086785962093708,0.010086785964445299,0.01008678596679685,0.01008678596914836,0.01008678597149983,0.010086785973851266,0.010086785976202668,0.010086785978554022,0.010086785980905339,0.010086785983256626,0.010086785985607869,0.010086785987959075,0.010086785990310246,0.01008678599266138,0.010086785995012466,0.01008678599736352,0.010086785999714541,0.010086786002065511,0.010086786004416452,0.010086786006767356,0.010086786009118213,0.010086786011469036,0.010086786013819824,0.010086786016170574,0.010086786018521282,0.010086786020871959,0.010086786023222596,0.010086786025573193,0.010086786027923761,0.010086786030274287,0.010086786032624777,0.01008678603497522,0.010086786037325626,0.010086786039675989,0.010086786042026319,0.010086786044376609,0.010086786046726868,0.010086786049077081,0.010086786051427259,0.010086786053777407,0.010086786056127506,0.010086786058477565,0.010086786060827597,0.010086786063177583,0.010086786065527533,0.010086786067877442,0.010086786070227314,0.01008678607257716,0.010086786074926957,0.010086786077276718,0.010086786079626436,0.01008678608197612,0.010086786084325765,0.010086786086675376,0.010086786089024942,0.01008678609137448,0.010086786093723973,0.010086786096073424,0.010086786098422845,0.010086786100772224,0.010086786103121567,0.010086786105470872,0.010086786107820137,0.010086786110169362,0.010086786112518552,0.010086786114867704,0.010086786117216815,0.010086786119565894,0.010086786121914928,0.010086786124263922,0.010086786126612885,0.010086786128961809,0.010086786131310694,0.01008678613365954,0.01008678613600835,0.010086786138357123,0.010086786140705857,0.010086786143054551,0.01008678614540321,0.010086786147751827,0.010086786150100396,0.01008678615244894,0.010086786154797453,0.010086786157145929,0.01008678615949436,0.01008678616184275,0.010086786164191107,0.010086786166539422,0.0100867861688877,0.010086786171235937,0.010086786173584134,0.010086786175932297,0.010086786178280426,0.010086786180628514,0.010086786182976565,0.010086786185324569,0.010086786187672538,0.010086786190020474,0.01008678619236837,0.010086786194716233,0.010086786197064044,0.010086786199411833,0.010086786201759573,0.010086786204107285,0.010086786206454947,0.010086786208802583,0.010086786211150172,0.010086786213497723,0.01008678621584524,0.010086786218192718,0.010086786220540154,0.010086786222887556,0.01008678622523492,0.010086786227582243,0.010086786229929536,0.010086786232276785,0.010086786234623994,0.010086786236971176,0.010086786239318312,0.010086786241665409,0.010086786244012469,0.010086786246359492,0.010086786248706474,0.010086786251053418,0.010086786253400327,0.010086786255747195,0.010086786258094031,0.010086786260440819,0.01008678626278758,0.010086786265134297,0.010086786267480973,0.010086786269827617,0.010086786272174214,0.010086786274520787,0.010086786276867312,0.010086786279213803,0.01008678628156026,0.010086786283906671,0.010086786286253056,0.010086786288599391,0.010086786290945688,0.010086786293291952,0.010086786295638176,0.010086786297984363,0.010086786300330507,0.010086786302676617,0.010086786305022695,0.010086786307368733,0.010086786309714725,0.010086786312060683,0.010086786314406602,0.010086786316752486,0.010086786319098331,0.010086786321444136,0.010086786323789896,0.01008678632613563,0.010086786328481317,0.01008678633082697,0.010086786333172589,0.010086786335518162,0.010086786337863703,0.010086786340209201,0.010086786342554666,0.01008678634490009,0.010086786347245476,0.010086786349590824,0.01008678635193613,0.010086786354281407,0.010086786356626638,0.010086786358971835,0.010086786361316992,0.01008678636366212,0.0100867863660072,0.010086786368352245,0.010086786370697255,0.010086786373042217,0.010086786375387156,0.010086786377732047,0.010086786380076903,0.010086786382421714,0.010086786384766495,0.010086786387111232,0.01008678638945594,0.010086786391800604,0.010086786394145229,0.01008678639648982,0.010086786398834372,0.010086786401178886,0.01008678640352336,0.010086786405867798,0.010086786408212195,0.010086786410556554,0.010086786412900875,0.010086786415245167,0.010086786417589408,0.010086786419933618,0.010086786422277788,0.010086786424621928,0.010086786426966022,0.010086786429310083,0.010086786431654098,0.010086786433998081,0.010086786436342024,0.010086786438685937,0.010086786441029796,0.010086786443373628,0.010086786445717413,0.010086786448061172,0.010086786450404884,0.010086786452748565,0.010086786455092202,0.010086786457435805,0.01008678645977937,0.010086786462122898,0.010086786464466384,0.010086786466809832,0.01008678646915325,0.010086786471496623,0.010086786473839957,0.010086786476183256,0.010086786478526517,0.010086786480869735,0.010086786483212921,0.010086786485556068,0.010086786487899171,0.01008678649024224,0.010086786492585275,0.010086786494928267,0.010086786497271225,0.01008678649961414,0.010086786501957027,0.01008678650429987,0.010086786506642681,0.010086786508985451,0.01008678651132818,0.010086786513670863,0.010086786516013519,0.010086786518356143,0.010086786520698715,0.010086786523041251,0.010086786525383754,0.010086786527726216,0.010086786530068642,0.010086786532411032,0.010086786534753377,0.010086786537095691,0.010086786539437958,0.010086786541780197,0.010086786544122397,0.010086786546464555,0.010086786548806676,0.010086786551148759,0.010086786553490804,0.01008678655583281,0.010086786558174781,0.01008678656051671,0.010086786562858606,0.01008678656520046,0.010086786567542274,0.01008678656988405,0.010086786572225788,0.010086786574567496,0.010086786576909161,0.010086786579250788,0.010086786581592379,0.010086786583933926,0.010086786586275437,0.010086786588616916,0.010086786590958349,0.01008678659329975,0.010086786595641111,0.010086786597982438,0.010086786600323725,0.010086786602664974,0.010086786605006184,0.010086786607347355,0.010086786609688488,0.010086786612029582,0.010086786614370642,0.01008678661671166,0.010086786619052643,0.010086786621393586,0.01008678662373449,0.010086786626075376,0.01008678662841621,0.010086786630756999,0.010086786633097755,0.010086786635438471,0.010086786637779148,0.010086786640119791,0.010086786642460394,0.010086786644800958,0.010086786647141488,0.010086786649481974,0.010086786651822423,0.010086786654162839,0.010086786656503213,0.01008678665884355,0.010086786661183853,0.01008678666352411,0.010086786665864336,0.01008678666820452,0.010086786670544672,0.010086786672884778,0.010086786675224852,0.010086786677564885,0.010086786679904884,0.01008678668224484,0.010086786684584757,0.010086786686924637,0.010086786689264483,0.010086786691604292,0.010086786693944062,0.01008678669628379,0.010086786698623486,0.010086786700963139,0.010086786703302757,0.010086786705642333,0.01008678670798188,0.010086786710321389,0.010086786712660854,0.010086786715000278,0.010086786717339669,0.010086786719679023,0.010086786722018333,0.010086786724357609,0.010086786726696847,0.010086786729036042,0.010086786731375209,0.010086786733714331,0.010086786736053416,0.010086786738392464,0.010086786740731475,0.010086786743070444,0.01008678674540938,0.010086786747748275,0.010086786750087135,0.010086786752425952,0.010086786754764732,0.010086786757103472,0.01008678675944218,0.010086786761780847,0.010086786764119478,0.010086786766458071,0.010086786768796626,0.01008678677113514,0.010086786773473614,0.010086786775812054,0.010086786778150456,0.010086786780488822,0.010086786782827145,0.010086786785165438,0.010086786787503688,0.010086786789841902,0.010086786792180075,0.010086786794518207,0.01008678679685631,0.010086786799194369,0.01008678680153239,0.010086786803870373,0.010086786806208326,0.010086786808546237,0.010086786810884105,0.010086786813221938,0.010086786815559736,0.010086786817897491,0.010086786820235215,0.010086786822572896,0.010086786824910536,0.010086786827248147,0.010086786829585711,0.010086786831923244,0.010086786834260739,0.010086786836598192,0.01008678683893561,0.010086786841272996,0.010086786843610338,0.010086786845947644,0.010086786848284906,0.010086786850622132,0.010086786852959316,0.010086786855296466,0.010086786857633579,0.010086786859970652,0.010086786862307693,0.01008678686464469,0.010086786866981653,0.010086786869318572,0.01008678687165546,0.0100867868739923,0.010086786876329117,0.01008678687866589,0.010086786881002627,0.010086786883339319,0.010086786885675976,0.0100867868880126,0.010086786890349185,0.010086786892685724,0.010086786895022239,0.010086786897358703,0.010086786899695131,0.010086786902031526,0.010086786904367881,0.010086786906704196,0.01008678690904048,0.010086786911376724,0.01008678691371292,0.010086786916049095,0.010086786918385219,0.01008678692072131,0.010086786923057365,0.010086786925393379,0.010086786927729352,0.010086786930065289,0.01008678693240119,0.010086786934737049,0.010086786937072887,0.010086786939408666,0.010086786941744412,0.010086786944080127,0.010086786946415797,0.010086786948751428,0.010086786951087029,0.010086786953422586,0.010086786955758108,0.010086786958093591,0.010086786960429023,0.010086786962764435,0.010086786965099804,0.01008678696743514,0.010086786969770428,0.010086786972105688,0.0100867869744409,0.010086786976776086,0.010086786979111232,0.010086786981446334,0.010086786983781397,0.010086786986116427,0.010086786988451422,0.010086786990786375,0.010086786993121287,0.01008678699545616,0.010086786997790998,0.010086787000125799,0.01008678700246056,0.010086787004795287,0.010086787007129974,0.010086787009464627,0.010086787011799237,0.010086787014133814,0.010086787016468349,0.010086787018802843,0.010086787021137304,0.010086787023471723,0.010086787025806104,0.010086787028140452,0.010086787030474755,0.010086787032809026,0.010086787035143261,0.010086787037477455,0.010086787039811612,0.010086787042145735,0.010086787044479816,0.01008678704681386,0.010086787049147868,0.01008678705148183,0.010086787053815762,0.010086787056149656,0.010086787058483511,0.010086787060817325,0.010086787063151102,0.010086787065484841,0.010086787067818539,0.010086787070152203,0.01008678707248583,0.010086787074819418,0.01008678707715297,0.010086787079486483,0.010086787081819955,0.010086787084153396,0.0100867870864868,0.01008678708882016,0.010086787091153487,0.010086787093486774,0.010086787095820024,0.010086787098153232,0.010086787100486407,0.010086787102819543,0.010086787105152649,0.010086787107485704,0.010086787109818722,0.010086787112151704,0.010086787114484654,0.01008678711681756,0.010086787119150438,0.010086787121483271,0.010086787123816063,0.010086787126148819,0.010086787128481541,0.010086787130814215,0.010086787133146856,0.010086787135479463,0.01008678713781203,0.01008678714014457,0.010086787142477054,0.010086787144809505,0.010086787147141918,0.01008678714947429,0.010086787151806633,0.010086787154138932,0.01008678715647119,0.01008678715880342,0.010086787161135606,0.01008678716346775,0.010086787165799863,0.010086787168131935,0.010086787170463973,0.010086787172795961,0.010086787175127919,0.010086787177459847,0.010086787179791728,0.010086787182123583,0.010086787184455397,0.010086787186787167,0.010086787189118903,0.010086787191450598,0.010086787193782257,0.010086787196113875,0.010086787198445458,0.010086787200777004,0.010086787203108521,0.01008678720543999,0.010086787207771423,0.01008678721010282,0.01008678721243418,0.010086787214765497,0.010086787217096774,0.01008678721942802,0.010086787221759218,0.010086787224090383,0.010086787226421513,0.010086787228752614,0.010086787231083675,0.010086787233414683,0.010086787235745662,0.010086787238076596,0.010086787240407501,0.010086787242738366,0.010086787245069194,0.010086787247399982,0.010086787249730732,0.010086787252061448,0.010086787254392118,0.010086787256722757,0.010086787259053346,0.010086787261383906,0.010086787263714429,0.010086787266044915,0.010086787268375356,0.010086787270705765,0.01008678727303614,0.010086787275366473,0.010086787277696768,0.01008678728002702,0.010086787282357242,0.010086787284687425,0.010086787287017571,0.01008678728934768,0.01008678729167775,0.010086787294007778,0.010086787296337777,0.010086787298667728,0.010086787300997654,0.010086787303327535,0.010086787305657373,0.010086787307987177,0.010086787310316944,0.010086787312646669,0.010086787314976359,0.010086787317306013,0.010086787319635634,0.010086787321965204,0.010086787324294744,0.010086787326624238,0.010086787328953711,0.010086787331283138,0.010086787333612523,0.010086787335941875,0.010086787338271187,0.010086787340600468,0.010086787342929704,0.010086787345258906,0.01008678734758806,0.010086787349917185,0.010086787352246272,0.01008678735457532,0.010086787356904329,0.0100867873592333,0.010086787361562233,0.01008678736389113,0.010086787366219986,0.010086787368548808,0.01008678737087759,0.010086787373206337,0.010086787375535042,0.01008678737786371,0.010086787380192343,0.01008678738252094,0.0100867873848495,0.010086787387178019,0.010086787389506498,0.01008678739183494,0.01008678739416334,0.010086787396491707,0.010086787398820038,0.010086787401148333,0.01008678740347658,0.0100867874058048,0.010086787408132966,0.010086787410461108,0.01008678741278921,0.010086787415117274,0.010086787417445299,0.010086787419773287,0.01008678742210124,0.010086787424429153,0.010086787426757027,0.01008678742908487,0.01008678743141267,0.01008678743374043,0.010086787436068162,0.010086787438395844,0.01008678744072349,0.010086787443051111,0.010086787445378685,0.010086787447706223,0.010086787450033713,0.010086787452361181,0.010086787454688597,0.010086787457015986,0.010086787459343332,0.01008678746167064,0.01008678746399791,0.010086787466325143,0.010086787468652336,0.010086787470979493,0.010086787473306612,0.01008678747563369,0.010086787477960739,0.010086787480287749,0.010086787482614714,0.010086787484941653,0.010086787487268543,0.010086787489595402,0.01008678749192222,0.010086787494249,0.010086787496575735,0.01008678749890244,0.010086787501229107,0.010086787503555737,0.010086787505882324,0.010086787508208881,0.01008678751053539,0.01008678751286187,0.010086787515188307,0.010086787517514713,0.010086787519841078,0.010086787522167408,0.010086787524493695,0.010086787526819947,0.01008678752914616,0.010086787531472333,0.010086787533798474,0.010086787536124577,0.010086787538450633,0.010086787540776661,0.010086787543102646,0.010086787545428594,0.010086787547754503,0.010086787550080377,0.010086787552406207,0.010086787554732,0.010086787557057757,0.01008678755938348,0.010086787561709167,0.010086787564034808,0.010086787566360418,0.01008678756868598,0.010086787571011509,0.010086787573337003,0.010086787575662457,0.010086787577987874,0.010086787580313256,0.010086787582638595,0.010086787584963898,0.010086787587289169,0.010086787589614394,0.010086787591939584,0.010086787594264734,0.01008678759658985,0.010086787598914931,0.01008678760123997,0.010086787603564976,0.010086787605889942,0.010086787608214867,0.01008678761053977,0.010086787612864618,0.010086787615189434,0.010086787617514206,0.010086787619838949,0.01008678762216365,0.01008678762448831,0.010086787626812931,0.010086787629137521,0.01008678763146207,0.010086787633786586,0.01008678763611106,0.010086787638435495,0.010086787640759896,0.010086787643084258,0.010086787645408586,0.010086787647732867,0.010086787650057117,0.010086787652381326,0.010086787654705519,0.010086787657029661,0.010086787659353762,0.010086787661677832,0.010086787664001855,0.01008678766632584,0.010086787668649788,0.010086787670973697,0.010086787673297567,0.010086787675621402,0.0100867876779452,0.010086787680268952,0.01008678768259268,0.010086787684916358,0.01008678768724001,0.010086787689563616,0.010086787691887188,0.010086787694210715,0.010086787696534207,0.010086787698857657,0.01008678770118108,0.01008678770350446,0.010086787705827802,0.01008678770815111,0.010086787710474368,0.0100867877127976,0.010086787715120794,0.010086787717443944,0.010086787719767062,0.01008678772209014,0.01008678772441318,0.010086787726736181,0.010086787729059146,0.010086787731382075,0.010086787733704961,0.010086787736027815,0.01008678773835063,0.010086787740673403,0.01008678774299614,0.01008678774531884,0.010086787747641504,0.010086787749964127,0.01008678775228671,0.010086787754609262,0.01008678775693177,0.01008678775925425,0.010086787761576687,0.010086787763899083,0.010086787766221447,0.010086787768543772,0.010086787770866055,0.010086787773188298,0.01008678777551051,0.010086787777832682,0.010086787780154817,0.01008678778247691,0.010086787784798972,0.010086787787120995,0.010086787789442978,0.01008678779176492,0.01008678779408683,0.010086787796408703,0.010086787798730535,0.010086787801052325,0.010086787803374088,0.010086787805695809,0.010086787808017486,0.010086787810339132,0.010086787812660735,0.010086787814982307,0.010086787817303837,0.01008678781962533,0.01008678782194678,0.010086787824268197,0.010086787826589581,0.01008678782891092,0.010086787831232224,0.010086787833553488,0.01008678783587472,0.010086787838195908,0.010086787840517055,0.010086787842838174,0.01008678784515925,0.010086787847480296,0.0100867878498013,0.010086787852122272,0.010086787854443198,0.01008678785676409,0.010086787859084935,0.01008678786140575,0.010086787863726524,0.01008678786604726,0.010086787868367964,0.010086787870688629,0.01008678787300925,0.01008678787532984,0.010086787877650386,0.010086787879970902,0.01008678788229138,0.010086787884611812,0.010086787886932213,0.010086787889252578,0.010086787891572897,0.010086787893893188,0.010086787896213431,0.010086787898533645,0.010086787900853815,0.010086787903173949,0.01008678790549405,0.010086787907814105,0.010086787910134126,0.010086787912454107,0.010086787914774051,0.010086787917093965,0.010086787919413837,0.010086787921733672,0.010086787924053466,0.01008678792637323,0.010086787928692944,0.010086787931012628,0.010086787933332267,0.010086787935651875,0.010086787937971442,0.010086787940290975,0.010086787942610474,0.010086787944929928,0.010086787947249352,0.010086787949568738,0.010086787951888082,0.010086787954207374,0.010086787956526639,0.010086787958845872,0.010086787961165064,0.010086787963484212,0.010086787965803328,0.01008678796812241,0.010086787970441451,0.010086787972760452,0.010086787975079423,0.010086787977398374,0.010086787979717262,0.010086787982036112,0.01008678798435492,0.010086787986673697,0.010086787988992438,0.010086787991311139,0.010086787993629798,0.010086787995948428,0.010086787998267016,0.010086788000585567,0.010086788002904084,0.010086788005222558,0.010086788007540981,0.010086788009859389,0.010086788012177751,0.010086788014496072,0.010086788016814357,0.010086788019132608,0.010086788021450818,0.010086788023768995,0.010086788026087128,0.010086788028405232,0.010086788030723293,0.010086788033041314,0.0100867880353593,0.010086788037677246,0.010086788039995158,0.010086788042313034,0.01008678804463087,0.010086788046948661,0.010086788049266424,0.010086788051584148,0.010086788053901835,0.010086788056219483,0.010086788058537091,0.010086788060854661,0.010086788063172196,0.010086788065489695,0.010086788067807152,0.01008678807012457,0.010086788072441956,0.010086788074759299,0.010086788077076603,0.010086788079393876,0.010086788081711104,0.010086788084028301,0.010086788086345458,0.010086788088662571,0.010086788090979655,0.010086788093296705,0.01008678809561371,0.010086788097930673,0.010086788100247606,0.010086788102564496,0.01008678810488135,0.01008678810719817,0.010086788109514945,0.010086788111831687,0.010086788114148395,0.010086788116465059,0.010086788118781683,0.010086788121098278,0.010086788123414828,0.010086788125731347,0.010086788128047829,0.01008678813036427,0.010086788132680678,0.010086788134997037,0.010086788137313365,0.010086788139629651,0.010086788141945907,0.010086788144262124,0.010086788146578303,0.01008678814889444,0.010086788151210538,0.01008678815352661,0.010086788155842628,0.010086788158158623,0.01008678816047457,0.010086788162790484,0.010086788165106358,0.010086788167422195,0.010086788169737999,0.010086788172053758,0.010086788174369485,0.010086788176685176,0.010086788179000826,0.010086788181316433,0.010086788183632001,0.01008678818594754,0.01008678818826304,0.010086788190578502,0.010086788192893922,0.010086788195209312,0.010086788197524656,0.010086788199839967,0.010086788202155247,0.01008678820447048,0.010086788206785678,0.010086788209100842,0.010086788211415966,0.010086788213731046,0.010086788216046095,0.010086788218361108,0.010086788220676077,0.010086788222991009,0.010086788225305903,0.010086788227620762,0.010086788229935575,0.010086788232250357,0.010086788234565104,0.01008678823687981,0.010086788239194481,0.010086788241509116,0.010086788243823705,0.010086788246138265,0.010086788248452775,0.010086788250767262,0.010086788253081704,0.010086788255396115,0.010086788257710479,0.010086788260024813,0.010086788262339106,0.01008678826465336,0.010086788266967581,0.01008678826928176,0.010086788271595907,0.01008678827391001,0.010086788276224076,0.010086788278538109,0.010086788280852098,0.010086788283166054,0.01008678828547997,0.010086788287793856,0.010086788290107698,0.010086788292421503,0.01008678829473527,0.010086788297048998,0.010086788299362688,0.010086788301676343,0.010086788303989956,0.010086788306303534,0.010086788308617083,0.010086788310930584,0.010086788313244053,0.010086788315557482,0.010086788317870878,0.010086788320184233,0.010086788322497547,0.010086788324810822,0.010086788327124082,0.010086788329437279,0.010086788331750442,0.010086788334063568,0.010086788336376662,0.010086788338689711,0.010086788341002724,0.010086788343315702,0.010086788345628641,0.010086788347941541,0.01008678835025441,0.01008678835256723,0.010086788354880022,0.010086788357192771,0.010086788359505485,0.010086788361818174,0.010086788364130813,0.010086788366443415,0.010086788368755978,0.0100867883710685,0.010086788373380999,0.010086788375693443,0.010086788378005859,0.010086788380318231,0.010086788382630567,0.010086788384942862,0.010086788387255127,0.010086788389567352,0.010086788391879535,0.010086788394191682,0.010086788396503782,0.010086788398815855,0.01008678840112789,0.010086788403439892,0.010086788405751853,0.010086788408063778,0.010086788410375665,0.010086788412687515,0.010086788414999324,0.010086788417311096,0.010086788419622829,0.010086788421934527,0.010086788424246177,0.010086788426557804,0.010086788428869382,0.01008678843118093,0.010086788433492436,0.010086788435803911,0.01008678843811534,0.010086788440426738,0.0100867884427381,0.010086788445049417,0.0100867884473607,0.010086788449671947,0.010086788451983159,0.010086788454294329,0.01008678845660546,0.010086788458916557,0.01008678846122761,0.010086788463538632,0.01008678846584962,0.01008678846816056,0.010086788470471468,0.010086788472782337,0.010086788475093172,0.010086788477403966,0.010086788479714724,0.010086788482025443,0.010086788484336124,0.010086788486646762,0.010086788488957372,0.010086788491267937,0.010086788493578473,0.010086788495888965,0.010086788498199422,0.010086788500509846,0.010086788502820222,0.010086788505130569,0.010086788507440875,0.010086788509751142,0.010086788512061372,0.010086788514371564,0.010086788516681721,0.010086788518991837,0.010086788521301916,0.010086788523611959,0.010086788525921962,0.01008678852823193,0.01008678853054186,0.010086788532851757,0.01008678853516161,0.010086788537471424,0.010086788539781198,0.010086788542090946,0.010086788544400652,0.010086788546710319,0.01008678854901995,0.010086788551329542,0.010086788553639092,0.010086788555948613,0.01008678855825809,0.010086788560567531,0.010086788562876939,0.0100867885651863,0.01008678856749563,0.010086788569804918,0.010086788572114171,0.010086788574423387,0.010086788576732567,0.010086788579041705,0.010086788581350807,0.01008678858365987,0.010086788585968901,0.010086788588277888,0.01008678859058684,0.010086788592895751,0.01008678859520463,0.010086788597513467,0.010086788599822276,0.010086788602131037,0.010086788604439763,0.010086788606748448,0.010086788609057101,0.010086788611365718,0.010086788613674295,0.010086788615982828,0.01008678861829133,0.010086788620599791,0.01008678862290822,0.010086788625216607,0.010086788627524962,0.010086788629833275,0.010086788632141554,0.010086788634449794,0.010086788636757995,0.010086788639066157,0.010086788641374281,0.01008678864368237,0.010086788645990422,0.010086788648298433,0.010086788650606407,0.010086788652914345,0.010086788655222235,0.010086788657530094,0.010086788659837921,0.010086788662145713,0.010086788664453462,0.010086788666761177,0.010086788669068853,0.010086788671376492,0.0100867886736841,0.01008678867599166,0.01008678867829918,0.010086788680606659,0.010086788682914108,0.010086788685221516,0.01008678868752889,0.010086788689836222,0.010086788692143522,0.010086788694450784,0.01008678869675801,0.010086788699065196,0.010086788701372341,0.010086788703679453,0.010086788705986529,0.010086788708293564,0.01008678871060056,0.010086788712907524,0.010086788715214444,0.010086788717521332,0.01008678871982818,0.010086788722134987,0.01008678872444176,0.010086788726748496,0.010086788729055192,0.010086788731361856,0.010086788733668481,0.010086788735975061,0.010086788738281607,0.010086788740588118,0.010086788742894587,0.010086788745201022,0.010086788747507418,0.010086788749813778,0.010086788752120102,0.010086788754426384,0.01008678875673263,0.01008678875903884,0.010086788761345018,0.01008678876365115,0.010086788765957248,0.010086788768263308,0.010086788770569328,0.010086788772875312,0.01008678877518126,0.010086788777487173,0.01008678877979304,0.01008678878209888,0.010086788784404672,0.010086788786710427,0.01008678878901615,0.010086788791321835,0.010086788793627479,0.010086788795933091,0.010086788798238659,0.010086788800544193,0.010086788802849692,0.010086788805155147,0.010086788807460568,0.010086788809765952,0.010086788812071298,0.010086788814376593,0.010086788816681862,0.010086788818987091,0.01008678882129229,0.010086788823597446,0.01008678882590257,0.010086788828207655,0.010086788830512701,0.010086788832817712,0.010086788835122682,0.010086788837427614,0.01008678883973251,0.010086788842037371,0.010086788844342194,0.010086788846646976,0.01008678884895172,0.010086788851256428,0.010086788853561098,0.010086788855865733,0.01008678885817032,0.01008678886047488,0.010086788862779401,0.010086788865083888,0.010086788867388332,0.010086788869692737,0.01008678887199711,0.010086788874301443,0.010086788876605732,0.01008678887890999,0.010086788881214209,0.010086788883518393,0.010086788885822538,0.010086788888126643,0.010086788890430713,0.01008678889273474,0.010086788895038737,0.010086788897342694,0.010086788899646617,0.0100867889019505,0.010086788904254346,0.01008678890655815,0.010086788908861923,0.010086788911165653,0.01008678891346935,0.010086788915773004,0.010086788918076624,0.010086788920380207,0.010086788922683755,0.01008678892498726,0.010086788927290728,0.01008678892959416,0.010086788931897555,0.01008678893420092,0.010086788936504235,0.010086788938807503,0.010086788941110748,0.010086788943413956,0.010086788945717125,0.010086788948020254,0.010086788950323349,0.010086788952626404,0.010086788954929427,0.010086788957232404,0.010086788959535343,0.010086788961838246,0.010086788964141119,0.010086788966443954,0.010086788968746747,0.010086788971049506,0.010086788973352235,0.01008678897565491,0.01008678897795756,0.010086788980260166,0.010086788982562739,0.01008678898486527,0.010086788987167762,0.010086788989470217,0.01008678899177264,0.010086788994075023,0.010086788996377362,0.010086788998679671,0.010086789000981937,0.010086789003284172,0.010086789005586365,0.010086789007888517,0.01008678901019064,0.010086789012492716,0.010086789014794754,0.010086789017096762,0.01008678901939873,0.010086789021700664,0.010086789024002556,0.010086789026304414,0.010086789028606232,0.010086789030908016,0.01008678903320976,0.010086789035511468,0.010086789037813135,0.010086789040114773,0.010086789042416363,0.010086789044717917,0.010086789047019434,0.010086789049320914,0.010086789051622358,0.010086789053923765,0.010086789056225134,0.010086789058526465,0.01008678906082775,0.010086789063129013,0.010086789065430233,0.010086789067731415,0.010086789070032562,0.010086789072333667,0.010086789074634735,0.010086789076935769,0.01008678907923676,0.01008678908153772,0.01008678908383864,0.010086789086139523,0.010086789088440368,0.01008678909074117,0.010086789093041944,0.010086789095342675,0.010086789097643364,0.010086789099944024,0.01008678910224464,0.010086789104545224,0.01008678910684577,0.010086789109146278,0.010086789111446748,0.01008678911374718,0.010086789116047573,0.01008678911834793,0.010086789120648249,0.010086789122948532,0.010086789125248775,0.010086789127548979,0.010086789129849151,0.01008678913214928,0.01008678913444937,0.010086789136749428,0.01008678913904945,0.010086789141349431,0.01008678914364938,0.010086789145949284,0.01008678914824915,0.010086789150548984,0.010086789152848776,0.010086789155148533,0.010086789157448255,0.010086789159747938,0.010086789162047579,0.010086789164347182,0.010086789166646752,0.010086789168946285,0.010086789171245782,0.01008678917354524,0.01008678917584466,0.010086789178144045,0.010086789180443388,0.010086789182742695,0.010086789185041963,0.010086789187341195,0.010086789189640392,0.010086789191939553,0.010086789194238673,0.010086789196537752,0.0100867891988368,0.010086789201135812,0.010086789203434778,0.01008678920573371,0.010086789208032606,0.010086789210331461,0.010086789212630278,0.010086789214929065,0.010086789217227804,0.010086789219526512,0.010086789221825185,0.010086789224123816,0.01008678922642242,0.01008678922872097,0.010086789231019489,0.01008678923331797,0.01008678923561642,0.01008678923791482,0.010086789240213178,0.010086789242511513,0.010086789244809807,0.010086789247108064,0.010086789249406286,0.010086789251704469,0.010086789254002615,0.010086789256300724,0.010086789258598792,0.010086789260896829,0.010086789263194828,0.010086789265492774,0.0100867892677907,0.010086789270088591,0.010086789272386432,0.010086789274684243,0.010086789276982012,0.010086789279279746,0.010086789281577448,0.010086789283875103,0.010086789286172728,0.010086789288470309,0.010086789290767858,0.010086789293065368,0.010086789295362842,0.010086789297660272,0.01008678929995767,0.010086789302255027,0.01008678930455235,0.01008678930684963,0.010086789309146879,0.010086789311444085,0.010086789313741252,0.010086789316038389,0.010086789318335485,0.01008678932063255,0.01008678932292958,0.010086789325226568,0.010086789327523521,0.010086789329820437,0.010086789332117312,0.010086789334414146,0.010086789336710946,0.010086789339007703,0.010086789341304424,0.010086789343601108,0.010086789345897755,0.010086789348194375,0.010086789350490948,0.010086789352787486,0.010086789355083984,0.010086789357380442,0.01008678935967687,0.010086789361973256,0.01008678936426961,0.010086789366565924,0.0100867893688622,0.010086789371158438,0.010086789373454636,0.0100867893757508,0.010086789378046919,0.010086789380343008,0.010086789382639058,0.010086789384935067,0.010086789387231043,0.010086789389526986,0.010086789391822882,0.01008678939411874,0.010086789396414565,0.010086789398710347,0.0100867894010061,0.010086789403301814,0.010086789405597485,0.01008678940789312,0.01008678941018872,0.010086789412484285,0.010086789414779815,0.0100867894170753,0.010086789419370756,0.01008678942166617,0.010086789423961549,0.010086789426256883,0.010086789428552187,0.010086789430847445,0.010086789433142673,0.010086789435437865,0.010086789437733019,0.01008678944002813,0.010086789442323213,0.010086789444618239,0.010086789446913241,0.010086789449208208,0.01008678945150313,0.010086789453798019,0.010086789456092874,0.010086789458387695,0.010086789460682461,0.010086789462977204,0.010086789465271905,0.010086789467566571,0.010086789469861194,0.010086789472155785,0.01008678947445034,0.010086789476744849,0.010086789479039324,0.010086789481333751,0.010086789483628157,0.010086789485922525,0.010086789488216853,0.010086789490511137,0.010086789492805394,0.01008678949509961,0.010086789497393785,0.010086789499687924,0.010086789501982033,0.010086789504276095,0.010086789506570123,0.01008678950886411,0.010086789511158082,0.010086789513451983,0.010086789515745863,0.0100867895180397,0.010086789520333504,0.01008678952262727,0.010086789524920993,0.010086789527214682,0.010086789529508334,0.010086789531801968,0.010086789534095544,0.010086789536389086,0.010086789538682597,0.010086789540976067,0.010086789543269496,0.01008678954556289,0.010086789547856247,0.010086789550149562,0.010086789552442847,0.010086789554736086,0.010086789557029296,0.01008678955932246,0.010086789561615598,0.010086789563908684,0.01008678956620174,0.01008678956849476,0.010086789570787744,0.010086789573080686,0.010086789575373595,0.010086789577666459,0.010086789579959295,0.010086789582252089,0.010086789584544842,0.010086789586837565,0.010086789589130245,0.010086789591422894,0.010086789593715503,0.010086789596008075,0.010086789598300602,0.010086789600593095,0.010086789602885556,0.010086789605177972,0.010086789607470352,0.010086789609762696,0.010086789612055006,0.010086789614347275,0.010086789616639502,0.010086789618931702,0.010086789621223863,0.010086789623515988,0.010086789625808073,0.01008678962810012,0.010086789630392124,0.010086789632684098,0.010086789634976032,0.010086789637267928,0.010086789639559782,0.010086789641851607,0.01008678964414339,0.010086789646435139,0.010086789648726849,0.010086789651018523,0.010086789653310155,0.010086789655601754,0.010086789657893315,0.010086789660184841,0.010086789662476324,0.010086789664767778,0.010086789667059184,0.01008678966935056,0.010086789671641894,0.010086789673933193,0.010086789676224454,0.010086789678515676,0.01008678968080686,0.010086789683098011,0.010086789685389128,0.0100867896876802,0.010086789689971239,0.010086789692262234,0.010086789694553198,0.010086789696844125,0.010086789699135009,0.010086789701425864,0.010086789703716674,0.01008678970600745,0.010086789708298188,0.010086789710588889,0.01008678971287955,0.010086789715170177,0.010086789717460763,0.010086789719751322,0.010086789722041844,0.010086789724332326,0.010086789726622764,0.010086789728913168,0.010086789731203534,0.01008678973349386,0.01008678973578415,0.010086789738074406,0.010086789740364626,0.010086789742654801,0.01008678974494494,0.01008678974723505,0.010086789749525113,0.010086789751815149,0.010086789754105136,0.010086789756395093,0.010086789758684992,0.010086789760974872,0.010086789763264709,0.010086789765554514,0.010086789767844275,0.01008678977013401,0.010086789772423698,0.010086789774713353,0.01008678977700297,0.010086789779292556,0.010086789781582093,0.010086789783871595,0.010086789786161066,0.010086789788450496,0.01008678979073989,0.010086789793029247,0.010086789795318567,0.010086789797607847,0.010086789799897088,0.010086789802186295,0.010086789804475464,0.010086789806764598,0.010086789809053693,0.01008678981134275,0.010086789813631772,0.010086789815920752,0.010086789818209697,0.010086789820498609,0.010086789822787478,0.01008678982507631,0.010086789827365104,0.010086789829653865,0.010086789831942588,0.010086789834231268,0.010086789836519915,0.010086789838808523,0.010086789841097095,0.010086789843385624,0.01008678984567412,0.010086789847962583,0.010086789850251004,0.010086789852539382,0.010086789854827733,0.010086789857116056,0.010086789859404323,0.010086789861692558,0.010086789863980757,0.010086789866268916,0.010086789868557043,0.010086789870845133,0.010086789873133179,0.010086789875421187,0.01008678987770916,0.010086789879997103,0.010086789882285008,0.01008678988457287,0.01008678988686069,0.01008678988914848,0.01008678989143623,0.010086789893723943,0.010086789896011616,0.010086789898299251,0.010086789900586852,0.010086789902874418,0.010086789905161942,0.010086789907449437,0.010086789909736884,0.0100867899120243,0.01008678991431168,0.010086789916599018,0.010086789918886322,0.010086789921173588,0.010086789923460815,0.010086789925748003,0.010086789928035156,0.010086789930322275,0.010086789932609357,0.010086789934896397,0.010086789937183406,0.010086789939470372,0.010086789941757298,0.010086789944044192,0.010086789946331047,0.010086789948617867,0.010086789950904645,0.010086789953191387,0.01008678995547809,0.010086789957764764,0.010086789960051393,0.010086789962337988,0.010086789964624539,0.010086789966911052,0.010086789969197532,0.010086789971483975,0.01008678997377038,0.010086789976056757,0.010086789978343086,0.010086789980629384,0.010086789982915638,0.010086789985201865,0.010086789987488045,0.010086789989774188,0.010086789992060299,0.010086789994346373,0.010086789996632399,0.010086789998918402,0.010086790001204358,0.01008679000349028,0.010086790005776168,0.010086790008062016,0.010086790010347827,0.0100867900126336,0.010086790014919333,0.01008679001720503,0.010086790019490692,0.010086790021776317,0.010086790024061905,0.010086790026347462,0.010086790028632971,0.010086790030918448,0.010086790033203882,0.010086790035489292,0.010086790037774651,0.010086790040059974,0.010086790042345261,0.010086790044630516,0.01008679004691573,0.010086790049200905,0.010086790051486041,0.010086790053771144,0.010086790056056205,0.010086790058341228,0.010086790060626218,0.01008679006291116,0.010086790065196066,0.01008679006748095,0.010086790069765789,0.010086790072050595,0.010086790074335359,0.010086790076620071,0.010086790078904763,0.010086790081189418,0.010086790083474031,0.010086790085758595,0.010086790088043146,0.010086790090327641,0.010086790092612118,0.010086790094896544,0.010086790097180935,0.010086790099465292,0.010086790101749609,0.010086790104033886,0.01008679010631813,0.010086790108602334,0.010086790110886505,0.01008679011317064,0.010086790115454738,0.010086790117738791,0.010086790120022818,0.010086790122306797,0.010086790124590735,0.01008679012687465,0.010086790129158514,0.01008679013144234,0.010086790133726138,0.0100867901360099,0.010086790138293614,0.010086790140577295,0.010086790142860938,0.010086790145144544,0.010086790147428115,0.010086790149711653,0.010086790151995153,0.010086790154278612,0.01008679015656204,0.010086790158845413,0.01008679016112876,0.010086790163412072,0.010086790165695341,0.010086790167978577,0.010086790170261777,0.010086790172544949,0.010086790174828074,0.01008679017711116,0.010086790179394211,0.010086790181677229,0.010086790183960203,0.01008679018624314,0.010086790188526044,0.010086790190808905,0.010086790193091737,0.01008679019537452,0.01008679019765727,0.010086790199939985,0.010086790202222666,0.010086790204505303,0.010086790206787906,0.010086790209070471,0.010086790211353003,0.010086790213635496,0.01008679021591795,0.010086790218200364,0.010086790220482741,0.010086790222765086,0.01008679022504739,0.010086790227329657,0.01008679022961189,0.010086790231894082,0.010086790234176241,0.010086790236458358,0.010086790238740439,0.010086790241022478,0.010086790243304496,0.010086790245586464,0.010086790247868396,0.01008679025015029,0.010086790252432153,0.010086790254713972,0.010086790256995758,0.010086790259277504,0.010086790261559212,0.010086790263840881,0.01008679026612252,0.010086790268404117,0.010086790270685677,0.0100867902729672,0.010086790275248683,0.010086790277530129,0.010086790279811537,0.010086790282092915,0.010086790284374253,0.01008679028665555,0.010086790288936815,0.010086790291218038,0.010086790293499228,0.010086790295780376,0.010086790298061489,0.010086790300342569,0.010086790302623603,0.010086790304904608,0.010086790307185583,0.010086790309466508,0.010086790311747397,0.010086790314028253,0.010086790316309067,0.010086790318589835,0.010086790320870577,0.010086790323151277,0.010086790325431944,0.010086790327712572,0.010086790329993161,0.01008679033227373,0.010086790334554249,0.010086790336834723,0.010086790339115168,0.010086790341395573,0.010086790343675937,0.010086790345956265,0.010086790348236554,0.010086790350516812,0.01008679035279703,0.010086790355077218,0.010086790357357359,0.010086790359637464,0.010086790361917536,0.010086790364197564,0.010086790366477564,0.010086790368757525,0.01008679037103744,0.010086790373317325,0.010086790375597178,0.010086790377876985,0.010086790380156758,0.010086790382436489,0.010086790384716196,0.010086790386995855,0.010086790389275476,0.010086790391555056,0.010086790393834606,0.01008679039611412,0.010086790398393608,0.010086790400673043,0.010086790402952437,0.010086790405231806,0.01008679040751113,0.010086790409790415,0.010086790412069661,0.010086790414348875,0.010086790416628045,0.01008679041890719,0.010086790421186294,0.010086790423465362,0.010086790425744376,0.010086790428023368,0.010086790430302322,0.010086790432581236,0.010086790434860115,0.010086790437138948,0.010086790439417749,0.010086790441696527,0.010086790443975252,0.010086790446253952,0.010086790448532603,0.010086790450811225,0.010086790453089804,0.010086790455368345,0.010086790457646856,0.010086790459925317,0.010086790462203756,0.010086790464482144,0.010086790466760507,0.010086790469038822,0.01008679047131711,0.010086790473595359,0.010086790475873565,0.01008679047815174,0.010086790480429871,0.010086790482707967,0.010086790484986022,0.010086790487264049,0.010086790489542034,0.010086790491819986,0.010086790494097898,0.010086790496375772,0.010086790498653603,0.010086790500931402,0.010086790503209167,0.01008679050548689,0.010086790507764573,0.010086790510042227,0.010086790512319827,0.010086790514597406,0.010086790516874947,0.010086790519152447,0.010086790521429911,0.010086790523707334,0.010086790525984705,0.010086790528262063,0.010086790530539375,0.010086790532816655,0.010086790535093895,0.0100867905373711,0.01008679053964827,0.010086790541925399,0.010086790544202492,0.010086790546479544,0.010086790548756563,0.010086790551033545,0.01008679055331049,0.010086790555587394,0.010086790557864263,0.010086790560141095,0.010086790562417887,0.010086790564694637,0.010086790566971359,0.010086790569248045,0.010086790571524697,0.010086790573801305,0.01008679057607788,0.01008679057835441,0.010086790580630896,0.010086790582907354,0.010086790585183775,0.010086790587460167,0.01008679058973652,0.010086790592012831,0.010086790594289095,0.010086790596565335,0.010086790598841534,0.010086790601117697,0.010086790603393824,0.010086790605669914,0.010086790607945957,0.010086790610221972,0.01008679061249795,0.010086790614773892,0.010086790617049788,0.010086790619325664,0.010086790621601487,0.01008679062387728,0.010086790626153027,0.010086790628428748,0.010086790630704435,0.01008679063298008,0.010086790635255688,0.010086790637531259,0.010086790639806796,0.01008679064208229,0.010086790644357744,0.01008679064663316,0.010086790648908545,0.010086790651183888,0.0100867906534592,0.010086790655734465,0.010086790658009707,0.010086790660284896,0.010086790662560057,0.010086790664835182,0.010086790667110265,0.010086790669385311,0.010086790671660307,0.01008679067393528,0.010086790676210218,0.010086790678485119,0.010086790680759981,0.010086790683034802,0.010086790685309596,0.010086790687584342,0.010086790689859057,0.010086790692133729,0.010086790694408366,0.010086790696682967,0.010086790698957532,0.01008679070123206,0.010086790703506548,0.010086790705780996,0.01008679070805543,0.010086790710329809,0.010086790712604163,0.010086790714878465,0.010086790717152733,0.01008679071942696,0.010086790721701157,0.01008679072397531,0.010086790726249425,0.010086790728523509,0.01008679073079755,0.010086790733071565,0.010086790735345526,0.010086790737619476,0.01008679073989337,0.010086790742167243,0.010086790744441063,0.010086790746714843,0.010086790748988595,0.010086790751262302,0.01008679075353599,0.010086790755809627,0.010086790758083225,0.010086790760356786,0.010086790762630315,0.010086790764903805,0.01008679076717725,0.010086790769450668,0.01008679077172404,0.010086790773997389,0.010086790776270704,0.010086790778543983,0.010086790780817215,0.010086790783090408,0.010086790785363555,0.01008679078763667,0.010086790789909752,0.010086790792182786,0.01008679079445579,0.010086790796728758,0.010086790799001684,0.010086790801274576,0.01008679080354744,0.010086790805820258,0.010086790808093032,0.010086790810365781,0.0100867908126385,0.010086790814911166,0.010086790817183815,0.010086790819456409,0.010086790821728978,0.0100867908240015,0.010086790826273983,0.010086790828546436,0.010086790830818846,0.01008679083309122,0.010086790835363551,0.010086790837635846,0.010086790839908115,0.01008679084218035,0.01008679084445254,0.010086790846724685,0.010086790848996802,0.010086790851268875,0.010086790853540915,0.010086790855812917,0.01008679085808488,0.010086790860356807,0.010086790862628694,0.010086790864900545,0.010086790867172358,0.010086790869444142,0.010086790871715885,0.010086790873987587,0.010086790876259256,0.010086790878530887,0.010086790880802464,0.010086790883074005,0.01008679088534552,0.010086790887617002,0.010086790889888448,0.010086790892159853,0.01008679089443123,0.010086790896702561,0.010086790898973855,0.010086790901245117,0.010086790903516336,0.010086790905787518,0.010086790908058663,0.010086790910329773,0.01008679091260085,0.010086790914871874,0.010086790917142876,0.010086790919413845,0.010086790921684767,0.010086790923955655,0.010086790926226497,0.010086790928497312,0.010086790930768077,0.010086790933038834,0.010086790935309533,0.010086790937580203,0.010086790939850826,0.010086790942121426,0.010086790944391976,0.010086790946662493,0.010086790948932969,0.010086790951203415,0.010086790953473817,0.010086790955744187,0.010086790958014517,0.010086790960284822,0.010086790962555076,0.010086790964825296,0.01008679096709548,0.010086790969365638,0.010086790971635742,0.010086790973905814,0.010086790976175842,0.01008679097844584,0.010086790980715795,0.010086790982985734,0.010086790985255617,0.010086790987525466,0.010086790989795279,0.010086790992065053,0.010086790994334792,0.01008679099660449,0.010086790998874152,0.010086791001143776,0.010086791003413373,0.010086791005682926,0.010086791007952435,0.010086791010221917,0.010086791012491356,0.010086791014760763,0.010086791017030135,0.010086791019299468,0.010086791021568757,0.010086791023838023,0.010086791026107244,0.01008679102837644,0.010086791030645578,0.01008679103291469,0.010086791035183758,0.010086791037452792,0.010086791039721776,0.010086791041990735,0.010086791044259656,0.010086791046528537,0.010086791048797386,0.01008679105106619,0.010086791053334966,0.0100867910556037,0.010086791057872399,0.010086791060141063,0.010086791062409693,0.010086791064678286,0.010086791066946836,0.010086791069215346,0.010086791071483822,0.010086791073752262,0.010086791076020655,0.010086791078289022,0.010086791080557352,0.010086791082825635,0.010086791085093893,0.010086791087362103,0.010086791089630284,0.010086791091898422,0.010086791094166532,0.010086791096434598,0.010086791098702629,0.010086791100970618,0.01008679110323858,0.010086791105506494,0.010086791107774377,0.010086791110042221,0.010086791112310027,0.010086791114577798,0.010086791116845533,0.01008679111911323,0.01008679112138089,0.010086791123648508,0.010086791125916091,0.010086791128183633,0.010086791130451134,0.010086791132718608,0.010086791134986048,0.01008679113725344,0.0100867911395208,0.010086791141788133,0.010086791144055416,0.010086791146322676,0.01008679114858989,0.010086791150857068,0.01008679115312421,0.010086791155391309,0.010086791157658374,0.010086791159925406,0.010086791162192396,0.010086791164459347,0.010086791166726266,0.010086791168993145,0.010086791171259988,0.010086791173526793,0.010086791175793558,0.010086791178060286,0.010086791180326984,0.010086791182593643,0.010086791184860265,0.010086791187126852,0.010086791189393395,0.010086791191659903,0.010086791193926367,0.010086791196192806,0.010086791198459203,0.010086791200725557,0.010086791202991885,0.010086791205258168,0.010086791207524419,0.010086791209790627,0.010086791212056807,0.010086791214322944,0.01008679121658905,0.010086791218855116,0.010086791221121143,0.010086791223387131,0.010086791225653088,0.010086791227919,0.010086791230184883,0.01008679123245073,0.01008679123471653,0.010086791236982287,0.010086791239248024,0.010086791241513718,0.010086791243779368,0.010086791246044986,0.010086791248310582,0.010086791250576129,0.01008679125284164,0.010086791255107112,0.01008679125737255,0.010086791259637946,0.010086791261903304,0.010086791264168624,0.010086791266433916,0.010086791268699165,0.01008679127096438,0.010086791273229553,0.010086791275494689,0.010086791277759787,0.010086791280024852,0.010086791282289873,0.010086791284554862,0.010086791286819819,0.01008679128908474,0.010086791291349618,0.010086791293614459,0.010086791295879262,0.010086791298144037,0.010086791300408756,0.010086791302673448,0.010086791304938105,0.010086791307202735,0.010086791309467324,0.01008679131173187,0.01008679131399638,0.010086791316260845,0.01008679131852528,0.010086791320789676,0.010086791323054015,0.010086791325318341,0.010086791327582629,0.010086791329846878,0.010086791332111088,0.010086791334375263,0.010086791336639407,0.010086791338903504,0.010086791341167571,0.010086791343431599,0.01008679134569559,0.010086791347959544,0.01008679135022346,0.01008679135248734,0.010086791354751183,0.010086791357014983,0.010086791359278757,0.010086791361542493,0.010086791363806191,0.010086791366069848,0.010086791368333469,0.010086791370597054,0.010086791372860598,0.010086791375124108,0.01008679137738758,0.010086791379651017,0.010086791381914421,0.010086791384177783,0.010086791386441111,0.010086791388704401,0.010086791390967648,0.010086791393230867,0.010086791395494048,0.010086791397757183,0.010086791400020303,0.010086791402283376,0.0100867914045464,0.010086791406809398,0.010086791409072347,0.010086791411335267,0.010086791413598143,0.010086791415860984,0.010086791418123771,0.010086791420386536,0.010086791422649271,0.010086791424911961,0.010086791427174623,0.010086791429437242,0.010086791431699826,0.010086791433962376,0.010086791436224884,0.010086791438487355,0.010086791440749787,0.01008679144301219,0.010086791445274548,0.010086791447536873,0.010086791449799157,0.01008679145206141,0.010086791454323627,0.010086791456585796,0.010086791458847938,0.01008679146111004,0.010086791463372108,0.010086791465634147,0.010086791467896133,0.01008679147015809,0.010086791472420007,0.010086791474681889,0.01008679147694373,0.010086791479205532,0.010086791481467305,0.010086791483729037,0.01008679148599074,0.010086791488252395,0.010086791490514014,0.010086791492775605,0.010086791495037164,0.010086791497298677,0.010086791499560158,0.010086791501821596,0.010086791504082995,0.010086791506344362,0.010086791508605685,0.010086791510866971,0.010086791513128225,0.010086791515389437,0.010086791517650615,0.01008679151991175,0.010086791522172858,0.010086791524433918,0.01008679152669495,0.010086791528955943,0.010086791531216905,0.010086791533477815,0.010086791535738696,0.010086791537999544,0.010086791540260346,0.01008679154252112,0.010086791544781853,0.010086791547042532,0.010086791549303187,0.01008679155156381,0.010086791553824397,0.010086791556084922,0.010086791558345435,0.010086791560605908,0.010086791562866352,0.010086791565126752,0.01008679156738712,0.010086791569647448,0.010086791571907738,0.010086791574167992,0.010086791576428208,0.010086791578688388,0.010086791580948535,0.010086791583208635,0.010086791585468702,0.010086791587728731,0.010086791589988731,0.010086791592248685,0.010086791594508602,0.010086791596768485,0.010086791599028332,0.010086791601288145,0.010086791603547913,0.010086791605807647,0.01008679160806735,0.010086791610327016,0.01008679161258664,0.010086791614846225,0.010086791617105776,0.010086791619365298,0.010086791621624774,0.010086791623884215,0.010086791626143617,0.010086791628402982,0.010086791630662312,0.0100867916329216,0.010086791635180859,0.010086791637440085,0.010086791639699269,0.01008679164195841,0.010086791644217509,0.010086791646476582,0.010086791648735612,0.010086791650994608,0.010086791653253567,0.010086791655512491,0.010086791657771377,0.010086791660030237,0.010086791662289048,0.010086791664547807,0.01008679166680654,0.010086791669065247,0.010086791671323906,0.010086791673582533,0.010086791675841112,0.010086791678099664,0.010086791680358177,0.010086791682616648,0.010086791684875087,0.01008679168713349,0.010086791689391868,0.010086791691650197,0.01008679169390849,0.010086791696166745,0.010086791698424965,0.010086791700683143,0.010086791702941285,0.010086791705199393,0.010086791707457465,0.0100867917097155,0.010086791711973494,0.01008679171423146,0.010086791716489383,0.010086791718747271,0.01008679172100512,0.010086791723262937,0.01008679172552071,0.01008679172777845,0.010086791730036154,0.010086791732293824,0.01008679173455145,0.01008679173680904,0.010086791739066592,0.010086791741324107,0.010086791743581592,0.010086791745839038,0.010086791748096442,0.01008679175035381,0.010086791752611146,0.010086791754868433,0.010086791757125693,0.01008679175938292,0.010086791761640079,0.01008679176389723,0.01008679176615434,0.01008679176841141,0.010086791770668449,0.010086791772925447,0.01008679177518241,0.010086791777439338,0.01008679177969623,0.01008679178195308,0.010086791784209894,0.010086791786466674,0.010086791788723416,0.010086791790980116,0.01008679179323679,0.010086791795493414,0.010086791797750006,0.010086791800006566,0.010086791802263085,0.010086791804519567,0.010086791806776015,0.010086791809032424,0.010086791811288794,0.010086791813545132,0.010086791815801433,0.01008679181805769,0.010086791820313913,0.010086791822570098,0.01008679182482625,0.010086791827082359,0.010086791829338436,0.010086791831594473,0.010086791833850476,0.010086791836106454,0.01008679183836238,0.01008679184061827,0.010086791842874128,0.010086791845129945,0.010086791847385729,0.010086791849641473,0.010086791851897179,0.010086791854152849,0.01008679185640848,0.010086791858664079,0.010086791860919639,0.010086791863175168,0.010086791865430636,0.010086791867686086,0.010086791869941493,0.010086791872196866,0.010086791874452205,0.010086791876707505,0.010086791878962774,0.010086791881218,0.010086791883473193,0.010086791885728351,0.010086791887983464,0.010086791890238525,0.010086791892493573,0.01008679189474858,0.010086791897003544,0.010086791899258485,0.010086791901513379,0.010086791903768235,0.010086791906023055,0.01008679190827784,0.01008679191053259,0.010086791912787297,0.010086791915041976,0.01008679191729661,0.01008679191955121,0.010086791921805772,0.010086791924060303,0.010086791926314792,0.010086791928569237,0.010086791930823657,0.010086791933078012,0.010086791935332356,0.010086791937586657,0.010086791939840929,0.01008679194209516,0.010086791944349352,0.01008679194660351,0.010086791948857629,0.010086791951111715,0.010086791953365763,0.010086791955619788,0.010086791957873766,0.010086791960127696,0.010086791962381594,0.010086791964635456,0.010086791966889282,0.010086791969143069,0.010086791971396817,0.010086791973650528,0.010086791975904208,0.010086791978157851,0.010086791980411451,0.010086791982665018,0.010086791984918554,0.010086791987172045,0.010086791989425503,0.010086791991678914,0.010086791993932299,0.010086791996185646,0.010086791998438949,0.010086792000692218,0.010086792002945454,0.01008679200519866,0.010086792007451818,0.010086792009704937,0.010086792011958029,0.010086792014211076,0.01008679201646409,0.010086792018717063,0.010086792020969992,0.010086792023222877,0.010086792025475745,0.01008679202772857,0.010086792029981372,0.010086792032234131,0.010086792034486841,0.010086792036739529,0.010086792038992173,0.010086792041244783,0.01008679204349735,0.010086792045749882,0.01008679204800238,0.010086792050254836,0.010086792052507256,0.010086792054759642,0.010086792057011993,0.010086792059264302,0.010086792061516579,0.01008679206376881,0.010086792066021017,0.010086792068273185,0.01008679207052531,0.010086792072777403,0.01008679207502945,0.010086792077281468,0.010086792079533448,0.010086792081785386,0.010086792084037297,0.010086792086289167,0.010086792088540996,0.010086792090792806,0.010086792093044568,0.010086792095296296,0.010086792097547979,0.01008679209979963,0.01008679210205124,0.01008679210430281,0.010086792106554361,0.010086792108805857,0.010086792111057325,0.010086792113308748,0.010086792115560135,0.010086792117811492,0.010086792120062804,0.010086792122314081,0.010086792124565336,0.010086792126816537,0.010086792129067698,0.010086792131318833,0.010086792133569925,0.010086792135820985,0.010086792138072004,0.01008679214032299,0.010086792142573936,0.01008679214482485,0.010086792147075724,0.010086792149326559,0.01008679215157736,0.010086792153828123,0.010086792156078845,0.010086792158329534,0.010086792160580187,0.010086792162830805,0.010086792165081387,0.01008679216733193,0.010086792169582439,0.010086792171832903,0.010086792174083337,0.01008679217633373,0.010086792178584093,0.010086792180834414,0.010086792183084694,0.010086792185334943,0.010086792187585151,0.010086792189835329,0.010086792192085468,0.010086792194335562,0.010086792196585623,0.010086792198835653,0.010086792201085635,0.010086792203335589,0.010086792205585504,0.010086792207835385,0.010086792210085226,0.010086792212335029,0.010086792214584797,0.010086792216834515,0.010086792219084213,0.01008679222133387,0.010086792223583496,0.01008679222583308,0.010086792228082628,0.01008679223033214,0.01008679223258161,0.01008679223483105,0.010086792237080448,0.010086792239329807,0.010086792241579134,0.010086792243828415,0.010086792246077671,0.01008679224832689,0.01008679225057607,0.010086792252825215,0.010086792255074317,0.010086792257323389,0.010086792259572422,0.010086792261821428,0.010086792264070391,0.010086792266319306,0.010086792268568191,0.010086792270817036,0.010086792273065845,0.010086792275314614,0.010086792277563353,0.010086792279812056,0.01008679228206071,0.010086792284309342,0.010086792286557929,0.010086792288806483,0.010086792291054997,0.010086792293303476,0.010086792295551922,0.010086792297800325,0.010086792300048695,0.010086792302297028,0.01008679230454532
7,2.7844924152504558e-24,7.710656841391891e-24,1.4325030919311185e-23,2.2222772143639942e-23,3.110993489738689e-23,4.0752686631200323e-23,5.0981731000838665e-23,6.16632764138158e-23,7.269192370862522e-23,8.398920335919382e-23,9.549367639846307e-23,1.0715771390155975e-22,1.1894451996301404e-22,1.3082632191310124e-22,1.4278121169330424e-22,1.5479213131357545e-22,1.668467848065194e-22,1.7893453428792365e-22,1.9104844567290957e-22,2.0318183310342043e-22,2.1533094374440764e-22,2.274918613899305e-22,2.3966145265213506e-22,2.518380530125673e-22,2.640200554467219e-22,2.7620622138571916e-22,2.883955962348595e-22,3.005874442656335e-22,3.127811984351507e-22,3.249764217100321e-22,3.3717277725926623e-22,3.4937000547815454e-22,3.6156790628446993e-22,3.737663254688358e-22,3.8596514418020784e-22,3.9816427081569106e-22,4.1036363477551034e-22,4.2256318164745353e-22,4.34762869492537e-22,4.469626659898914e-22,4.591625462276254e-22,4.713624910062615e-22,4.835624855290223e-22,4.957625183893812e-22,5.079625807973574e-22,5.201626659788364e-22,5.323627687120833e-22,5.445628849734905e-22,5.567630116614551e-22,5.689631463852141e-22,5.811632873020088e-22,5.933634329924817e-22,6.055635823613366e-22,6.177637345655079e-22,6.29963888954656e-22,6.421640450284303e-22,6.543642024003589e-22,6.6656436077345975e-22,6.787645199166331e-22,6.90964679654371e-22,7.031648398504077e-22,7.153650003998138e-22,7.275651612211432e-22,7.397653222519709e-22,7.519654834443022e-22,7.64165644761116e-22,7.763658061737902e-22,7.885659676603874e-22,8.007661292049303e-22,8.129662907932898e-22,8.251664524154525e-22,8.373666140636128e-22,8.495667757319018e-22,8.617669374155859e-22,8.739670991111795e-22,8.861672608158823e-22,8.983674225276318e-22,9.105675842456123e-22,9.227677459677675e-22,9.349679076930639e-22,9.47168069419938e-22,9.593682311487729e-22,9.715683928789521e-22,9.837685546102931e-22,9.959687163431775e-22,1.0081688780767465e-21,1.0203690398108032e-21,1.0325692015451787e-21,1.0447693632798286e-21,1.0569695250145825e-21,1.0691696867495427e-21,1.0813698484845567e-21,1.0935700102203255e-21,1.1057701719560903e-21,1.1179703336919319e-21,1.1301704954278291e-21,1.1423706571629953e-21,1.1545708188988922e-21,1.1667709806346414e-21,1.1789711423704222e-21,1.1911713041060531e-21,1.2033714658417026e-21,1.215571627577284e-21,1.2277717893128904e-21,1.2399719510483415e-21,1.2521721127838056e-21,1.264372274519297e-21,1.2765724362547172e-21,1.2887725979907604e-21,1.3009727597266587e-21,1.3131729214625622e-21,1.3253730831983987e-21,1.3375732449342451e-21,1.3497734066699454e-21,1.3619735684056583e-21,1.3741737301413786e-21,1.3863738918764737e-21,1.3985740536120647e-21,1.410774215348148e-21,1.4229743770841663e-21,1.4351745388190304e-21,1.4473747005555346e-21,1.4595748622914305e-21,1.4717750240273368e-21,1.4839751857631811e-21,1.4961753474989638e-21,1.5083755092347593e-21,1.5205756709704239e-21,1.5327758327061658e-21,1.5449759944417777e-21,1.5571761561774013e-21,1.5693763179129718e-21,1.5815764796484861e-21,1.5937766413839438e-21,1.6059768031194152e-21,1.6181769648548968e-21,1.6303771265902608e-21,1.6425772883256367e-21,1.654777450061901e-21,1.6669776117981677e-21,1.6791777735343157e-21,1.6913779352704698e-21,1.7035780970065098e-21,1.7157782587416483e-21,1.7279784204776986e-21,1.7401785822136956e-21,1.7523787439487517e-21,1.764578905684701e-21,1.7767790674205973e-21,1.7889792291564427e-21,1.8011793908922978e-21,1.8133795526271854e-21,1.825579714362939e-21,1.837779876097849e-21,1.8499800378335613e-21,1.862180199569223e-21,1.874380361304839e-21,1.8865805230412883e-21,1.898780684776862e-21,1.9109808465123944e-21,1.92318100824788e-21,1.935381169983376e-21,1.9475813317188245e-21,1.9597814934542798e-21,1.971981655190486e-21,1.98418181692586e-21,1.9963819786611364e-21,2.0085821403964216e-21,2.020782302131719e-21,2.0329824638670184e-21,2.045182625602991e-21,2.0573827873389174e-21,2.069582949074849e-21,2.08178311081079e-21,2.0939832725466855e-21,2.1061834342824845e-21,2.118383596017509e-21,2.130583757753326e-21,2.1427839194890937e-21,2.15498408122482e-21,2.1671842429597897e-21,2.179384404694725e-21,2.1915845664297222e-21,2.2037847281653844e-21,2.2159848899002058e-21,2.2281850516349915e-21,2.240385213370532e-21,2.252585375106128e-21,2.264785536842278e-21,2.2769856985777927e-21,2.289185860313949e-21,2.301386022050064e-21,2.3135861837862322e-21,2.3257863455221795e-21,2.3379865072582656e-21,2.350186668994311e-21,2.3623868307303128e-21,2.374586992465532e-21,2.386787154201455e-21,2.398987315936692e-21,2.411187477671893e-21,2.42338763940706e-21,2.435587801142829e-21,2.4477879628785642e-21,2.4599881246143505e-21,2.472188286350183e-21,2.4843884480858068e-21,2.496588609821398e-21,2.5087887715577405e-21,2.5209889332934267e-21,2.533189095029079e-21,2.5453892567646945e-21,2.5575894185002765e-21,2.5697895802358228e-21,2.581989741971335e-21,2.5941899037068108e-21,2.606390065442251e-21,2.6185902271776626e-21,2.6307903889131194e-21,2.6429905506485415e-21,2.655190712384521e-21,2.6673908741204597e-21,2.679591035856446e-21,2.6917911975918197e-21,2.703991359327658e-21,2.716191521062967e-21,2.7283916827988125e-21,2.7405918445346255e-21,2.7527920062704073e-21,2.7649921680061563e-21,2.777192329741873e-21,2.789392491477632e-21,2.8015926532128008e-21,2.8137928149478663e-21,2.825992976682976e-21,2.838193138418056e-21,2.8503933001542738e-21,2.862593461889841e-21,2.8747936236259908e-21,2.8869937853615683e-21,2.899193947097114e-21,2.9113941088326326e-21,2.9235942705681187e-21,2.9357944323036473e-21,2.9479945940391436e-21,2.960194755774612e-21,2.972394917510575e-21,2.9845950792459848e-21,2.996795240981365e-21,3.008995402717304e-21,3.0211955644531423e-21,3.0333957261884355e-21,3.0455958879237692e-21,3.0577960496590766e-21,3.0699962113948618e-21,3.08219637313011e-21,3.0943965348653314e-21,3.1065966966005286e-21,3.1187968583357645e-21,3.130997020070975e-21,3.1431971818060916e-21,3.155397343542233e-21,3.1675975052783427e-21,3.179797667014491e-21,3.1919978287505427e-21,3.2041979904865663e-21,3.2163981522216575e-21,3.2285983139567234e-21,3.2407984756927218e-21,3.2529986374286905e-21,3.2651987991646306e-21,3.2773989608996604e-21,3.2895991226356077e-21,3.3017992843715252e-21,3.3139994461064813e-21,3.326199607842343e-21,3.338399769577247e-21,3.350599931313117e-21,3.3628000930489587e-21,3.3750002547847115e-21,3.3872004165205004e-21,3.399400578256265e-21,3.411600739992e-21,3.4238009017277095e-21,3.436001063463393e-21,3.4482012251991105e-21,3.460401386934742e-21,3.472601548670405e-21,3.484801710406043e-21,3.497001872141657e-21,3.5092020338773046e-21,3.521402195611984e-21,3.533602357347581e-21,3.545802519082271e-21,3.55800268081869e-21,3.570202842554211e-21,3.582403004290573e-21,3.594603166026043e-21,3.60680332776155e-21,3.619003489497889e-21,3.631203651234143e-21,3.643403812969575e-21,3.6556039747058325e-21,3.667804136442121e-21,3.680004298177482e-21,3.692204459912876e-21,3.704404621648247e-21,3.71660478338443e-21,3.728804945120586e-21,3.741005106855887e-21,3.7532052685911634e-21,3.765405430326417e-21,3.777605592062527e-21,3.789805753798559e-21,3.8020059155337435e-21,3.8142060772689625e-21,3.826406239004161e-21,3.838606400739391e-21,3.8508065624745466e-21,3.863006724210537e-21,3.875206885945701e-21,3.887407047681639e-21,3.899607209417554e-21,3.9118073711526564e-21,3.924007532887678e-21,3.936207694622736e-21,3.94840785635777e-21,3.9606080180944074e-21,3.972808179830236e-21,3.985008341565988e-21,3.9972085033017685e-21,4.0094086650375254e-21,4.021608826773313e-21,4.033808988509029e-21,4.046009150244722e-21,4.0582093119804944e-21,4.070409473716195e-21,4.082609635451925e-21,4.094809797187632e-21,4.107009958923264e-21,4.1192101206589255e-21,4.131410282394565e-21,4.143610444130131e-21,4.155810605865727e-21,4.16801076760125e-21,4.180210929336904e-21,4.192411091072436e-21,4.204611252807945e-21,4.216811414543481e-21,4.229011576278997e-21,4.241211738014545e-21,4.253411899750118e-21,4.265612061485523e-21,4.277812223221054e-21,4.2900123849565154e-21,4.302212546692006e-21,4.3144127084267045e-21,4.3266128701621544e-21,4.338813031897535e-21,4.351013193633561e-21,4.363213355369611e-21,4.3754135171056885e-21,4.387613678840987e-21,4.3998138405763176e-21,4.412014002311674e-21,4.424214164046963e-21,4.436414325782979e-21,4.448614487518928e-21,4.460814649254298e-21,4.4730148109902024e-21,4.485214972725348e-21,4.497415134460618e-21,4.50961529619651e-21,4.521815457932425e-21,4.534015619667685e-21,4.5462157814035605e-21,4.558415943139459e-21,4.570616104875293e-21,4.58281626661106e-21,4.595016428346853e-21,4.6072165900825814e-21,4.619416751818425e-21,4.631616913553533e-21,4.6438170752892466e-21,4.6560172370249854e-21,4.668217398760084e-21,4.6804175604951226e-21,4.692617722230189e-21,4.7048178839658495e-21,4.717018045700965e-21,4.729218207436674e-21,4.741418369171666e-21,4.753618530907338e-21,4.765818692643599e-21,4.778018854379884e-21,4.790219016115546e-21,4.8024191778511436e-21,4.814619339587322e-21,4.82681950132288e-21,4.8390196630584625e-21,4.851219824794072e-21,4.863419986529531e-21,4.875620148265101e-21,4.88782031000061e-21,4.900020471736145e-21,4.912220633471703e-21,4.9244207952071164e-21,4.936620956942638e-21,4.9488211186780126e-21,4.961021280413416e-21,4.973221442148844e-21,4.985421603884211e-21,4.9976217656196854e-21,5.009821927355018e-21,5.022022089090375e-21,5.034222250825755e-21,5.046422412561158e-21,5.0586225742965035e-21,5.070822736031874e-21,5.083022897767184e-21,5.095223059502517e-21,5.107423221237795e-21,5.119623382973096e-21,5.13182354470834e-21,5.144023706443525e-21,5.156223868179421e-21,5.168424029914657e-21,5.1806241916505135e-21,5.192824353386395e-21,5.205024515122218e-21,5.21722467685798e-21,5.229424838593766e-21,5.241625000328901e-21,5.25382516206465e-21,5.2660253238004246e-21,5.2782254855361386e-21,5.290425647271873e-21,5.3026258090075524e-21,5.3148259707433334e-21,5.3270261324790595e-21,5.339226294214726e-21,5.351426455949833e-21,5.363626617685467e-21,5.3758267794211235e-21,5.3880269411567224e-21,5.40022710289177e-21,5.412427264626842e-21,5.4246274263624314e-21,5.4368275880980416e-21,5.449027749833106e-21,5.461227911568684e-21,5.473428073303715e-21,5.48562823503926e-21,5.497828396774828e-21,5.510028558510416e-21,5.52222872024595e-21,5.534428881980944e-21,5.5466290437158855e-21,5.5588292054518914e-21,5.571029367187914e-21,5.583229528923328e-21,5.595429690658764e-21,5.607629852394778e-21,5.619830014130735e-21,5.632030175866161e-21,5.644230337601535e-21,5.656430499337004e-21,5.668630661072896e-21,5.680830822807711e-21,5.693030984543094e-21,5.7052311462784994e-21,5.717431308013927e-21,5.729631469748689e-21,5.741831631484014e-21,5.7540317932188196e-21,5.76623195495465e-21,5.778432116690429e-21,5.790632278425762e-21,5.802832440162046e-21,5.815032601897883e-21,5.82723276363367e-21,5.839432925368874e-21,5.851633087104628e-21,5.863833248839804e-21,5.876033410576126e-21,5.8882335723113415e-21,5.900433734047033e-21,5.912633895782222e-21,5.9248340575178826e-21,5.9370342192531106e-21,5.949234380988814e-21,5.961434542724014e-21,5.9736347044596855e-21,5.985834866194788e-21,5.998035027930947e-21,6.010235189666608e-21,6.0224353514022174e-21,6.03463551313733e-21,6.0468356748729775e-21,6.059035836607995e-21,6.0712359983436126e-21,6.0834361600786714e-21,6.095636321814259e-21,6.1078364835492915e-21,6.120036645284779e-21,6.132236807019851e-21,6.144436968755379e-21,6.1566371304913615e-21,6.1688372922273644e-21,6.181037453962882e-21,6.1932376156989204e-21,6.2054377774343425e-21,6.217637939170285e-21,6.2298381009057436e-21,6.2420382626406564e-21,6.254238424377082e-21,6.266438586112961e-21,6.2786387478493536e-21,6.290838909585269e-21,6.3030390713206455e-21,6.3152392330555485e-21,6.327439394790961e-21,6.3396395565258406e-21,6.351839718262203e-21,6.3640398799971205e-21,6.376240041732412e-21,6.388440203467236e-21,6.4006403652025654e-21,6.412840526938399e-21,6.425040688673703e-21,6.437240850408542e-21,6.449441012143884e-21,6.461641173878695e-21,6.4738413356140104e-21,6.4860414973488014e-21,6.498241659084087e-21,6.510441820819872e-21,6.522641982555134e-21,6.534842144289872e-21,6.5470423060251026e-21,6.559242467761776e-21,6.571442629497927e-21,6.583642791233561e-21,6.595842952968675e-21,6.608043114704345e-21,6.620243276440436e-21,6.632443438177016e-21,6.6446435999121436e-21,6.6568437616477545e-21,6.669043923382919e-21,6.6812440851185665e-21,6.693444246853709e-21,6.7056444085901924e-21,6.717844570326229e-21,6.730044732062685e-21,6.742244893797774e-21,6.754445055533341e-21,6.766645217269322e-21,6.778845379004796e-21,6.791045540739899e-21,6.80324570247541e-21,6.815445864210484e-21,6.82764602594603e-21,6.839846187681988e-21,6.85204634941745e-21,6.864246511152477e-21,6.87644667288791e-21,6.888646834622913e-21,6.900846996358381e-21,6.913047158093419e-21,6.925247319828862e-21,6.937447481563814e-21,6.94964764329923e-21,6.96184780503505e-21,6.97404796677038e-21,6.986248128506172e-21,6.998448290241536e-21,7.01064845197742e-21,7.02284861371282e-21,7.035048775448619e-21,7.047248937183996e-21,7.059449098919767e-21,7.071649260655116e-21,7.08384942239086e-21,7.096049584126121e-21,7.108249745861901e-21,7.120449907597197e-21,7.132650069332894e-21,7.14485023106817e-21,7.157050392803838e-21,7.169250554539146e-21,7.181450716274849e-21,7.193650878010076e-21,7.205851039745749e-21,7.218051201480952e-21,7.230251363216602e-21,7.242451524951839e-21,7.254651686687462e-21,7.26685184842267e-21,7.279052010158268e-21,7.291252171893455e-21,7.303452333629085e-21,7.315652495364251e-21,7.327852657099858e-21,7.340052818834999e-21,7.352252980570578e-21,7.364453142305697e-21,7.376653304041251e-21,7.388853465777184e-21,7.401053627512715e-21,7.41325378924868e-21,7.425453950984241e-21,7.437654112720179e-21,7.449854274454882e-21,7.462054436189962e-21,7.474254597925474e-21,7.486454759661359e-21,7.498654921396792e-21,7.51085508313271e-21,7.523055244868175e-21,7.535255406604009e-21,7.547455568339505e-21,7.559655730075315e-21,7.571855891810732e-21,7.584056053546575e-21,7.596256215281966e-21,7.608456377017783e-21,7.620656538753153e-21,7.632856700488889e-21,7.645056862224291e-21,7.657257023959247e-21,7.669457185694624e-21,7.681657347430366e-21,7.693857509164859e-21,7.70605767090063e-21,7.718257832635962e-21,7.73045799437171e-21,7.742658156107018e-21,7.754858317842685e-21,7.767058479578768e-21,7.77925864131447e-21,7.791458803050529e-21,7.80365896478541e-21,7.815859126521444e-21,7.828059288257095e-21,7.840259449993156e-21,7.85245961172884e-21,7.864659773464824e-21,7.876859935200432e-21,7.889060096936443e-21,7.901260258672025e-21,7.913460420407228e-21,7.925660582142835e-21,7.937860743878854e-21,7.950060905614388e-21,7.962261067349547e-21,7.974461229085164e-21,7.986661390821081e-21,7.998861552556624e-21,8.011061714291791e-21,8.02326187602726e-21,8.035462037762351e-21,8.0476621994979e-21,8.05986236123385e-21,8.072062522968608e-21,8.084262684704479e-21,8.096462846439214e-21,8.108663008175012e-21,8.12086316991044e-21,8.133063331645554e-21,8.145263493380962e-21,8.157463655116001e-21,8.169663816852197e-21,8.181863978587978e-21,8.194064140323392e-21,8.20626430205844e-21,8.218464463794637e-21,8.230664625529614e-21,8.24286478726579e-21,8.255064949001602e-21,8.26726511073695e-21,8.279465272471987e-21,8.291665434207363e-21,8.303865595942329e-21,8.316065757678435e-21,8.32826591941418e-21,8.340466081149464e-21,8.352666242885136e-21,8.3648664046205e-21,8.377066566355506e-21,8.389266728090798e-21,8.401466889825733e-21,8.413667051561052e-21,8.42586721329597e-21,8.438067375031268e-21,8.450267536766214e-21,8.462467698501442e-21,8.474667860237052e-21,8.486868021973042e-21,8.499068183707898e-21,8.511268345443816e-21,8.5234685071787e-21,8.535668668914743e-21,8.54786883064956e-21,8.560068992384803e-21,8.572269154121198e-21,8.584469315856371e-21,8.596669477591872e-21,8.608869639327796e-21,8.621069801063324e-21,8.63326996279846e-21,8.645470124534014e-21,8.657670286269274e-21,8.669870448004762e-21,8.682070609739857e-21,8.694270771475371e-21,8.706470933210493e-21,8.718671094946744e-21,8.730871256681893e-21,8.743071418417267e-21,8.755271580152352e-21,8.76747174188785e-21,8.779671903622864e-21,8.791872065358292e-21,8.804072227093336e-21,8.8162723888295e-21,8.828472550564569e-21,8.840672712299957e-21,8.852872874035758e-21,8.865073035771078e-21,8.877273197506107e-21,8.88947335924155e-21,8.901673520977213e-21,8.913873682712589e-21,8.926073844447583e-21,8.938274006182892e-21,8.950474167917914e-21,8.962674329653343e-21,8.974874491389084e-21,8.987074653125044e-21,8.999274814861407e-21,9.011474976596702e-21,9.023675138332307e-21,9.035875300068318e-21,9.048075461803952e-21,9.060275623539206e-21,9.072475785274862e-21,9.084675947010142e-21,9.096876108745735e-21,9.10907627048095e-21,9.12127643221657e-21,9.133476593951903e-21,9.145676755687451e-21,9.157876917422717e-21,9.170077079158294e-21,9.182277240893498e-21,9.194477402629099e-21,9.20667756436433e-21,9.218877726099865e-21,9.231077887835029e-21,9.243278049570589e-21,9.255478211305875e-21,9.267678373041371e-21,9.2798785347765e-21,9.292078696512019e-21,9.304278858247174e-21,9.31647901998272e-21,9.328679181717899e-21,9.340879343453379e-21,9.353079505188585e-21,9.365279666924091e-21,9.377479828659895e-21,9.389679990394678e-21,9.401880152130418e-21,9.414080313865886e-21,9.42628047560165e-21,9.438480637337141e-21,9.450680799072932e-21,9.462880960808267e-21,9.475081122543422e-21,9.487281284278875e-21,9.499481446014533e-21,9.511681607749923e-21,9.52388176948561e-21,9.536081931220938e-21,9.548282092956646e-21,9.560482254691351e-21,9.572682416427082e-21,9.584882578162462e-21,9.597082739898218e-21,9.609282901633617e-21,9.621483063368664e-21,9.633683225104004e-21,9.645883386839076e-21,9.658083548574352e-21,9.670283710309364e-21,9.682483872044021e-21,9.6946840337797e-21,9.706884195514387e-21,9.71908435725009e-21,9.731284518985356e-21,9.743484680720907e-21,9.755684842456196e-21,9.767885004191774e-21,9.780085165927723e-21,9.792285327663327e-21,9.804485489399215e-21,9.816685651134123e-21,9.828885812869944e-21,9.841085974604877e-21,9.853286136340721e-21,9.865486298076224e-21,9.877686459812097e-21,9.889886621547623e-21,9.90208678328343e-21,9.914286945018895e-21,9.926487106754103e-21,9.938687268488966e-21,9.950887430224819e-21,9.96308759196033e-21,9.975287753696038e-21,9.987487915431574e-21,9.999688077167391e-21,1.0011888238902246e-20,1.0024088400637382e-20,1.0036288562372879e-20,1.0048488724108038e-20,1.0060688885843475e-20,1.0072889047579188e-20,1.0085089209314651e-20,1.0097289371050308e-20,1.0109489532785177e-20,1.0121689694520324e-20,1.0133889856255667e-20,1.0146090017990753e-20,1.0158290179725591e-20,1.0170490341460704e-20,1.0182690503196094e-20,1.019489066493123e-20,1.0207090826667251e-20,1.0219290988402329e-20,1.0231491150137683e-20,1.0243691311873393e-20,1.0255891473609293e-20,1.0268091635344863e-20,1.0280291797080784e-20,1.0292491958815852e-20,1.0304692120551192e-20,1.0316892282286806e-20,1.032909244402269e-20,1.0341292605757723e-20,1.035349276749303e-20,1.0365692929228686e-20,1.0377893090964533e-20,1.0390093252699453e-20,1.040229341443532e-20,1.0414493576170266e-20,1.042669373790556e-20,1.0438893899640528e-20,1.0451094061375843e-20,1.0463294223110753e-20,1.0475494384845932e-20,1.048769454658146e-20,1.049989470831666e-20,1.051209487005162e-20,1.0524295031786845e-20,1.0536495193521748e-20,1.0548695355256998e-20,1.0560895516992512e-20,1.0573095678728292e-20,1.0585295840464413e-20,1.059749600219963e-20,1.0609696163935108e-20,1.062189632567085e-20,1.0634096487406273e-20,1.0646296649141452e-20,1.0658496810876891e-20,1.0670696972612016e-20,1.0682897134347483e-20,1.0695097296082632e-20,1.070729745781804e-20,1.0719497619553132e-20,1.0731697781288564e-20,1.074389794302368e-20,1.0756098104759057e-20,1.0768298266494772e-20,1.0780498428230168e-20,1.0792698589965246e-20,1.0804898751700666e-20,1.0817098913435695e-20,1.082929907517163e-20,1.0841499236906754e-20,1.0853699398642141e-20,1.0865899560377215e-20,1.0878099722112621e-20,1.0890299883848285e-20,1.0902500045583559e-20,1.0914700207318598e-20,1.0926900369053892e-20,1.0939100530789444e-20,1.095130069252476e-20,1.0963500854259766e-20,1.0975701015995105e-20,1.0987901177730698e-20,1.100010133946606e-20,1.1012301501201599e-20,1.1024501662937469e-20,1.1036701824673029e-20,1.104890198640892e-20,1.1061102148144503e-20,1.1073302309879777e-20,1.1085502471615303e-20,1.1097702633350522e-20,1.1109902795085993e-20,1.1122102956821234e-20,1.1134303118556728e-20,1.1146503280291991e-20,1.1158703442027506e-20,1.1170903603762642e-20,1.1183103765498176e-20,1.1195303927233405e-20,1.1207504088968958e-20,1.1219704250704135e-20,1.1231904412439634e-20,1.1244104574174834e-20,1.125630473591028e-20,1.1268504897645426e-20,1.1280705059380894e-20,1.1292905221115986e-20,1.1305105382851401e-20,1.1317305544586591e-20,1.1329505706322026e-20,1.1341705868057161e-20,1.1353906029792071e-20,1.1366106191527226e-20,1.137830635326263e-20,1.1390506514998352e-20,1.1402706676734322e-20,1.141490683846937e-20,1.1427107000204742e-20,1.1439307161940432e-20,1.1451507323676365e-20,1.1463707485411458e-20,1.1475907647146801e-20,1.1488107808882459e-20,1.1500307970618286e-20,1.151250813235335e-20,1.1524708294088658e-20,1.1536908455823749e-20,1.1549108617559617e-20,1.156130877929465e-20,1.1573508941029927e-20,1.1585709102765518e-20,1.1597909264501352e-20,1.1610109426236357e-20,1.1622309587971674e-20,1.1634509749706695e-20,1.1646709911442564e-20,1.1658910073177609e-20,1.1671110234912896e-20,1.1683310396648491e-20,1.1695510558384329e-20,1.1707710720119343e-20,1.1719910881854597e-20,1.1732111043590089e-20,1.1744311205325825e-20,1.1756511367060813e-20,1.1768711528796034e-20,1.1780911690531566e-20,1.1793111852266811e-20,1.1805312014002293e-20,1.1817512175737487e-20,1.1829712337472991e-20,1.1841912499208202e-20,1.1854112660943582e-20,1.1866312822678221e-20,1.1878512984413688e-20,1.1890713146149326e-20,1.1902913307885333e-20,1.1915113469620014e-20,1.1927313631355522e-20,1.19395137930912e-20,1.1951713954826656e-20,1.1963914116561829e-20,1.197611427829724e-20,1.1988314440032884e-20,1.2000514601768824e-20,1.2012714763503967e-20,1.2024914925239343e-20,1.2037115086975024e-20,1.204931524871042e-20,1.2061515410445018e-20,1.2073715572180365e-20,1.2085915733915496e-20,1.2098115895650864e-20,1.2110316057385947e-20,1.2122516219121333e-20,1.2134716380856365e-20,1.2146916542592212e-20,1.2159116704326824e-20,2.9547356386821496e-07,5.845130897975806e-07,8.680541007842582e-07,1.1468671162313195e-06,1.4215943629435872e-06,1.69277676119246e-06,1.960874125882626e-06,2.226280536421981e-06,2.489336202861875e-06,2.75033674880112e-06,3.0095405610362554e-06,3.2671746725805406e-06,3.5234395190972067e-06,3.7785128200776524e-06,4.032552772742138e-06,4.285700701111061e-06,4.538083269190624e-06,4.789814342516328e-06,5.040996563773103e-06,5.29172269434792e-06,5.542076762658719e-06,5.792135052341794e-06,6.041966956578505e-06,6.291635720043235e-06,6.541199085993088e-06,6.790709862833649e-06,7.040216422014398e-06,7.289763137129449e-06,7.539390772384525e-06,7.789136827356224e-06,8.039035843814276e-06,8.289119679559812e-06,8.53941775333417e-06,8.789957264547573e-06,9.040763390672494e-06,9.291859465053852e-06,9.543267137378602e-06,9.79500651866291e-06,1.0047096312621402e-05,1.0299553934777765e-05,1.0552395620655295e-05,1.0805636524186743e-05,1.1059290807342593e-05,1.1313371721837639e-05,1.1567891683762248e-05,1.1822862341726204e-05,1.2078294639232255e-05,1.233419887176622e-05,1.2590584739096386e-05,1.2847461393282536e-05,1.3104837482659356e-05,1.3362721192296739e-05,1.3621120281145264e-05,1.3880042116209223e-05,1.4139493703962725e-05,1.439948171929159e-05,1.4660012532130522e-05,1.492109223201769e-05,1.5182726650723003e-05,1.5444921383077565e-05,1.5707681806290727e-05,1.597101309764653e-05,1.623492025092666e-05,1.6499408091551812e-05,1.6764481290526053e-05,1.703014437742231e-05,1.729640175226075e-05,1.756325769659757e-05,1.783071638366889e-05,1.8098781887898064e-05,1.836745819358618e-05,1.8636749203000002e-05,1.8906658743863624e-05,1.9177190576269514e-05,1.9448348399097526e-05,1.972013585595841e-05,1.999255654069054e-05,2.026561400245641e-05,2.053931175048239e-05,2.0813653258435402e-05,2.10886419684832e-05,2.1364281295073986e-05,2.164057462843731e-05,2.1917525337822255e-05,2.2195136774532655e-05,2.2473412274720588e-05,2.275235516198946e-05,2.3031968749826513e-05,2.3312256343856176e-05,2.3593221243925977e-05,2.3874866746072527e-05,2.4157196144343998e-05,2.4440212732464477e-05,2.472391980546545e-05,2.5008320661141986e-05,2.5293418601413484e-05,2.5579216933642203e-05,2.5865718971819235e-05,2.615292803770933e-05,2.6440847461903578e-05,2.6729480584814817e-05,2.7018830757606795e-05,2.730890134308476e-05,2.7599695716504437e-05,2.7891217266359717e-05,2.8183469395108185e-05,2.8476455519895305e-05,2.8770179073191897e-05,2.9064643503394242e-05,2.9359852275433243e-05,2.9655808871363135e-05,2.9952516790868204e-05,3.0249979551776492e-05,3.054820069055471e-05,3.084718376277096e-05,3.114693234354885e-05,3.14474500279848e-05,3.174874043159768e-05,3.2050807190682763e-05,3.2353653962732437e-05,3.2657284426797824e-05,3.296170228385171e-05,3.3266911257145964e-05,3.357291509255731e-05,3.3879717558924374e-05,3.418732244836805e-05,3.449573357662497e-05,3.480495478335579e-05,3.511498993245309e-05,3.5425842912364006e-05,3.57375176363644e-05,3.6050018042882064e-05,3.636334809576839e-05,3.6677511784600384e-05,3.6992513125024364e-05,3.7308356158901046e-05,3.7625044954739915e-05,3.7942583607899004e-05,3.826097624092821e-05,3.858022700377414e-05,3.890034007412227e-05,3.922131965766273e-05,3.954316998836737e-05,3.9865895328781056e-05,4.018949997029188e-05,4.051398823342922e-05,4.083936446813985e-05,4.116563305406292e-05,4.149279840084148e-05,4.182086494839765e-05,4.214983716721714e-05,4.247971955864886e-05,4.281051665519462e-05,4.3142233020807234e-05,4.347487325117849e-05,4.380844197406152e-05,4.414294384955749e-05,4.447838357040304e-05,4.481476586230433e-05,4.5152095484234896e-05,4.5490377228751464e-05,4.582961592230263e-05,4.616981642556321e-05,4.6510983633742105e-05,4.685312247687419e-05,4.7196237920221786e-05,4.754033496453885e-05,4.788541864645538e-05,4.8231494038767286e-05,4.857856625080327e-05,4.892664042876357e-05,4.927572175606343e-05,4.9625815453710795e-05,4.9976926780612876e-05,5.032906103398425e-05,5.068222354966556e-05,5.103641970252713e-05,5.139165490681473e-05,5.1747934616538903e-05,5.210526432588425e-05,5.246364956950461e-05,5.2823095922986404e-05,5.318360900322111e-05,5.354519446881133e-05,5.390785802041838e-05,5.427160540125495e-05,5.463644239744611e-05,5.5002374838402253e-05,5.5369408597354435e-05,5.573754959166339e-05,5.610680378330895e-05,5.647717717931635e-05,5.6848675832185945e-05,5.722130584033947e-05,5.759507334859254e-05,5.796998454858021e-05,5.834604567923187e-05,5.8723263027237055e-05,5.9101642927524684e-05,5.948119176373311e-05,5.986191596868453e-05,6.024382202489447e-05,6.0626916465076604e-05,6.101120587256689e-05,6.139669688195222e-05,6.178339617949405e-05,6.21713105036898e-05,6.256044664577204e-05,6.295081145026736e-05,6.334241181552059e-05,6.373525469422084e-05,6.412934709404575e-05,6.452469607807835e-05,6.492130876548788e-05,6.531919233206301e-05,6.571835401079306e-05,6.611880109245509e-05,6.652054092622533e-05,6.692358092024406e-05,6.732792854228184e-05,6.773359132032206e-05,6.814057684318132e-05,6.854889276119598e-05,6.89585467867826e-05,6.936954669516047e-05,6.978190032496789e-05,7.019561557895356e-05,7.061070042463964e-05,7.102716289502125e-05,7.144501108924322e-05,7.186425317329875e-05,7.228489738077504e-05,7.270695201354118e-05,7.313042544249163e-05,7.355532610828223e-05,7.398166252209003e-05,7.440944326636208e-05,7.48386769955931e-05,7.526937243708736e-05,7.570153839177538e-05,7.613518373500157e-05,7.65703174173397e-05,7.700694846540818e-05,7.744508598270658e-05,7.788473915046202e-05,7.832591722848497e-05,7.876862955604032e-05,7.921288555269625e-05,7.96586947193038e-05,8.010606663877486e-05,8.05550109770812e-05,8.100553748416307e-05,8.145765599486084e-05,8.191137642989295e-05,8.236670879679101e-05,8.282366319089249e-05,8.328224979632769e-05,8.374247888707783e-05,8.420436082790965e-05,8.466790607547663e-05,8.51331251793157e-05,8.560002878296852e-05,8.606862762504004e-05,8.653893254027893e-05,8.701095446070848e-05,8.748470441671172e-05,8.796019353823484e-05,8.843743305586988e-05,8.891643430215082e-05,8.939720871259e-05,8.987976782699167e-05,9.036412329062927e-05,9.085028685555262e-05,9.133827038176324e-05,9.182808583854346e-05,9.231974530573802e-05,9.281326097509216e-05,9.330864515156608e-05,9.380591025470226e-05,9.430506881999247e-05,9.480613350028627e-05,9.530911706717557e-05,9.581403241247556e-05,9.63208925496447e-05,9.682971061530972e-05,9.734049987070979e-05,9.785327370326628e-05,9.836804562810582e-05,9.888482928960931e-05,9.940363846313319e-05,9.992448705643815e-05,0.0001004473891114541,0.00010097235880590768,0.00010149941045503606,0.0001020285585132711,0.00010255981757605278,0.00010309320238150437,0.00010362872781232898,0.00010416640889756498,0.00010470626081446879,0.0001052482988904193,0.00010579253860474192,0.00010633899559078571,0.00010688768563780118,0.00010743862469298936,0.00010799182886350237,0.00010854731441853476,0.00010910509779140627,0.00010966519558173676,0.00011022762455756189,0.00011079240165757048,0.00011135954399333917,0.00011192906885154193,0.00011250099369638507,0.00011307533617185362,0.00011365211410414935,0.00011423134550407903,0.00011481304856951622,0.00011539724168798556,0.00011598394343909644,0.00011657317259714508,0.00011716494813384142,0.00011775928922089664,0.00011835621523275606,0.00011895574574937111,0.00011955790055900554,0.00012016269966108296,0.00012077016326911392,0.00012138031181359669,0.00012199316594506635,0.00012260874653713567,0.00012322707468963371,0.0001238481717316733,0.00012447205922492977,0.00012509875896690682,0.00012572829299422925,0.00012636068358605476,0.00012699595326742878,0.00012763412481301702,0.0001282752212503416,0.00012891926586358678,0.0001295662821972721,0.00013021629405999654,0.0001308693255282139,0.0001315254009501413,0.0001321845449497344,0.0001328467824306449,0.00013351213858038707,0.00013418063887448467,0.0001348523090806098,0.00013552717526309218,0.00013620526378715507,0.000136886601323462,0.000137571214852663,0.00013825913167002558,0.00013895037939014153,0.00013964498595181912,0.00014034297962287214,0.0001410443890051573,0.00014174924303975134,0.00014245757101197167,0.00014316940255671448,0.00014388476766388558,0.00014460369668380639,0.00014532622033281407,0.0001460523696989553,0.00014678217624776525,0.0001475156718281757,0.00014825288867853045,0.00014899385943271267,0.00014973861712641267,0.00015048719520342838,0.00015123962752235456,0.00015199594836283405,0.00015275619243274046,0.00015352039487474974,0.00015428859127346184,0.0001550608176626122,0.00015583711053218316,0.0001566175068361896,0.00015740204399986517,0.00015819075992764634,0.00015898369301098653,0.0001597808821365153,0.0001605823666941207,0.0001613881865854315,0.00016219838223230926,0.0001630129945855929,0.00016383206513419083,0.00016465563591391784,0.00016548374951682582,0.00016631644910077646,0.00016715377839912672,0.00016799578173047413,0.00016884250400890557,0.00016969399075409026,0.0001705502881020523,0.00017141144281566698,0.00017227750229584498,0.00017314851459245562,0.00017402452841608484,0.00017490559314939093,0.00017579175885952563,0.00017668307630974665,0.00017757959697225722,0.00017848137304090505,0.00017938845744408136,0.000180300903858167,0.00018121876672107066,0.00018214210124606995,0.00018307096343618797,0.00018400541009854532,0.00018494549885938249,0.00018589128817910158,0.00018684283736783002,0.0001878002066015247,0.00018876345693810334,0.0001897326503338581,0.00019070784966077276,0.00019168911872380906,0.0001926765222787876,0.0001936701260505256,0.00019466999675153145,0.0001956762021011338,0.00019668881084500928,0.0001977078927751215,0.00019873351875044276,0.00019976576071770164,0.00020080469173282262,0.00020185038598323824,0.00020290291881018094,0.000203962366731824,0.00020502880746697607,0.00020610231995926305,0.00020718298440201193,0.00020827088226366776,0.0002093660963138477,0.00021046871065016508,0.0002115788107255421,0.0002126964833763785,0.0002138218168512713,0.0002149549008407131,0.0002160958265071528,0.0002172446865163432,0.00021840157506916794,0.00021956658793384127,0.00022073982248038847,0.0002219213777145532,0.00022311135431295393,0.00022430985465964772,0.0002255169828834448,0.00022673284489575635,0.0002279575484304118,0.00022919120308335662,0.00023043392035451164,0.00023168581369024095,0.0002329469985267642,0.00023421759233535895,0.00023549771466834597,0.00023678748720646695,0.00023808703380779844,0.0002393964805575029,0.0002407159558196874,0.0002420455902899835,0.0002433855170505055,0.0002447358716253828,0.00024609679203862404,0.0002474684188733769,0.0002488508953328594,0.000250244367303228,0.00025164898341810627,0.0002530648951252269,0.00025449225675474056,0.00025593122558988763,0.00025738196193960126,0.0002588446292133522,0.0002603193939981025,0.0002618064261379853,0.0002633058988158289,0.0002648179886377539,0.0002663428757200162,0.00026788074377881644,0.0002694317802225609,0.0002709961762476015,0.0002725741269360962,0.00027416583135794656,0.00027577149267538303,0.000277391318251061,0.00027902551975973825,0.0002806743133033102,0.0002823379195300968,0.00028401656375752466,0.00028571047609904853,0.00028741989159567204,0.00028914505035099273,0.00029088619767174846,0.0002926435842121679,0.0002944174661244827,0.0002962081052132132,0.00029801576909574244,0.0002998407313679037,0.0003016832717757609,0.0003035436763929045,0.0003054222378046339,0.00030731925529817915,0.00030923503505989584,0.0003111698903794853,0.00031312414186175045,0.0003150981176458686,0.0003170921536329791,0.0003191065937216011,0.0003211417900524561,0.0003231981032626036,0.00032527590274745777,0.0003273755669350111,0.0003294974835688449,0.00033164205000310126,0.00033380967350754006,0.00033600077158652675,0.00033821577230791564,0.0003404551146462056,0.00034271924884089365,0.0003450086367655839,0.0003473237523152315,0.00034966508180708105,0.00035203312439905336,0.00035442839252464923,0.0003568514123465429,0.00035930272422803966,0.00036178288322531103,0.0003642924596005653,0.00036683203935562953,0.00036940222479027056,0.000372003635083479,0.000374636906900458,0.00037730269502629264,0.00038000167302784443,0.000382734533944479,0.0003855019910105438,0.00038830477841034027,0.0003911436520673981,0.0003940193904702165,0.00039693279553625635,0.00039988469351634926,0.0004028759359416539,0.00040590740061576306,0.00040897999265390543,0.00041209464557296174,0.0004152523224344315,0.0004184540170427799,0.00042170075520417784,0.0004249935960474808,0.0004283336334124782,0.0004317219973066264,0.0004351598554402757,0.0004386484148363605,0.00044218892353177616,0.00044578267235607845,0.00044943099681767903,0.00045313527908373135,0.0004568969500681471,0.0004607174916364667,0.000464598438927334,0.0004685413828092856,0.0004725479724692676,0.00047661991815386144,0.00048075899406343874,0.00048496704141420295,0.0004892459716821488,0.0004935977700333279,0.0004980244989657122,0.0005025283021607886,0.0005071114085782491,0.0005117761367971603,0.0005165248996284781,0.000521360209016794,0.00052628468125247,0.0005313010425174431,0.0005364121347938008,0.0005416209221528052,0.0005469304974668601,0.0005523440895675042,0.0005578650708897322,0.0005634969656395207,0.0005692434585257785,0.0005751084041079941,0.0005810958368039012,0.0005872099816170448,0.0005934552656406093,0.0005998363304134043,0.0006063580451898976,0.0006130255212091234,0.0006198441270608297,0.0006268195052294506,0.0006339575899381189,0.0006412646264061895,0.0006487471916546187,0.0006564122170028007,0.00066426701242363,0.0006723192929332958,0.000680577207218866,0.0006890493687276321,0.0006977448894624288,0.0007066734167691174,0.0007158451734205005,0.0007252710013490786,0.0007349624094169917,0.0007449316256641084,0.000755191654527179,0.0007657563395865039,0.0007766404324702429,0.000787859668624059,0.0007994308507493682,0.0008113719408375877,0.0008237021618133827,0.0008364421099952796,0.0008496138797027918,0.0008632412015709504,0.000877349596323874,0.0008919665460487433,0.0009071216853034715,0.0009228470147430799,0.0009391771403965321,0.0009561495421697584,0.000973804875792582,0.000992187313055354,0.001011344926034356,0.00103133012194309,0.0010522001364079792,0.0010740175943311646,0.0010968511491370708,0.001120776213179658,0.0011458757944281428,0.0011703292889934755,0.0011979763565244123,0.0012270974127821333,0.0012578161769850995,0.0012902704207425025,0.0013246139523884954,0.0013610189351766836,0.0013996786044479358,0.0014408104625896873,0.001484660046540348,0.0015315053870940023,0.0015816623013549874,0.0016354906954946361,0.0016934020940527691,0.001755868662114636,0.0018234340480906166,0.0018967264501049924,0.0019200595112015089,0.002002047628562454,0.002091639299641567,0.002189876024005935,0.0022979801666000756,0.0024173911778917327,0.002549809390918903,0.002697248751589189,0.0028620998116101705,0.0030472040721975895,0.0032559400819020543,0.003492320254306596,0.003761094704690481,0.0040678538640361,0.004419114484381055,0.004822363492913736,0.005286021106069746,0.005819270912560556,0.006431696742309278,0.006877223540571322,0.006877223540590354,0.006877223541930489,0.007647367673450856,0.008518852410472599,0.009495705579660904,0.010578116583661708,0.01176189904628557,0.013038566524380839,0.014396053270819139,0.015819919528833864,0.017294755088867585,0.01880548240945358,0.020338342421084364,0.02188146768508712,0.023425059320256052,0.024961259292213305,0.026483841488080685,0.026528653007284724,0.02652865300749448,0.02803215804119251,0.029512899828835842,0.030967470241834827,0.032392912866424754,0.033786623293385304,0.035146316802314656,0.03647003761882796,0.03775618616082014,0.03900354583285559,0.04021129768792044,0.04137901784598072,0.04250665767170209,0.04359450988559671,0.044643165167950215,0.04565346389989389,0.046626447013145396,0.04756330893363356,0.048465354596674795,0.04933396164030425,0.05017054820811845,0.05097654631590975,0.05175338042764063,0.05250245071285672,0.05322512037852798,0.05392270645648733,0.0545964734560964,0.05524762934491603,0.05587732338326617,0.05648664540633256,0.0570766262113809,0.057648238767181816,0.0582024000161412,0.05833471208247338,0.05886840540902957,0.05938651102414498,0.059889778730930904,0.06037891464389465,0.06085458261343643,0.06131740650728899,0.061767972640674976,0.062206832189675626,0.06263450349575657,0.06305147425014605,0.06345820355082372,0.06385512382893196,0.06424264264805517,0.06462114438119684,0.06499099177137019,0.06535252738108113,0.06570607493800017,0.0660519405836897,0.06639041403123544,0.06672176963875999,0.06704626740501579,0.06736415389219423,0.0676756630820258,0.06798101717018014,0.06828042730319044,0.06857409426309445,0.06886220910323479,0.0691449537392943,0.06942250149883718,0.0696950176326357,0.0699626597908369,0.07022557846639196,0.07048391740816182,0.07073781400674162,0.07098739965384764,0.07123280007827011,0.07147413565963374,0.07171152172144933,0.07194506880569182,0.07217488292921552,0.07240106582418222,0.07262371516331041,0.07284292477081382,0.07305878482048814,0.07327138202140762,0.07348079979242518,0.07368711842605633,0.07389041524251933,0.07409076473463572,0.07428823870420095,0.07448290639031124,0.07467483459035225,0.07486408777396095,0.07505072819053528,0.07523481597063765,0.0754164092218371,0.07559556411905138,0.0757723349900946,0.0759467743964854,0.07611893320991926,0.07628886068465413,0.07645660452605829,0.07662221095555191,0.0767857247721665,0.07694718941098455,0.07710664699852818,0.07726413840538741,0.07741970329624223,0.07757338017725644,0.07772520644133717,0.07787521841119097,0.07802345137999542,0.0781699396504553,0.07831471657195417,0.07845781457581262,0.07859926520905507,0.07873909916655465,0.07887734632173368,0.07895306898129612,0.07908891432684471,0.07922324551572792,0.07935608976175311,0.07948747355909914,0.07961742272110436,0.07974596240757417,0.07987311714805513,0.0799989108632583,0.08012336688527077,0.08024650797683862,0.08036835634983328,0.0804889336829448,0.08060826113866727,0.0807263593795975,0.08084324858407677,0.08095894846126413,0.08107347826549566,0.08118685681029464,0.08129910248160536,0.08141023325076999,0.08152026668674908,0.08162921996814917,0.08173710989461239,0.0818439528978413,0.0819497650522619,0.08205456208526289,0.08215835938705858,0.08226117202023994,0.08236301472892978,0.08246390194765245,0.08256384780991162,0.08266286615640833,0.0827609705430801,0.0828581742487093,0.0829544902824558,0.08304993139095497,0.08314451006538119,0.08323823854809372,0.08333112883907877,0.08342319270237065,0.08351444167205997,0.08360488705817759,0.0836945399524003,0.0837834112335544,0.0838715115730231,0.08395885143981582,0.08404544110565551,0.08413129064981932,0.08421640996383589,0.08430080875607947,0.08438449655616108,0.08446748271924265,0.08454977643019551,0.08463138670764413,0.08471232240788151,0.08479259222867568,0.08487220471297861,0.084951168252486,0.0850294910911417,0.0851071813285088,0.08518424692307705,0.08526069569542913,0.08533653533136214,0.08541177338489994,0.08548641728122629,0.08556047431953279,0.08563395167580759,0.08570685640550654,0.08577919544619679,0.08585097562010378,0.08592220363659599,0.08599288609459921,0.08606302948495528,0.08613264019270876,0.08620172449934092,0.08627028858493659,0.08633833853030766,0.08640588031904324,0.08647291983954025,0.0865394628869167,0.08660551516497086,0.08667108228798796,0.08673616978260407,0.08680078308952913,0.08686492756528529,0.08692860848388889,0.08699183103847867,0.0870546003429209,0.08711692143337568,0.08717879926978798,0.08724023873740605,0.08730124464819906,0.08736182174229143,0.08742197468933144,0.08748170808984117,0.08754102647652977,0.08759993431557934,0.08765843600788836,0.08771653589033289,0.08777423823689787,0.08783154725989041,0.08788846711109882,0.08794500188285972,0.08800115560918569,0.08805693226679429,0.08811233577619319,0.08816737000265698,0.08822203875725743,0.08827634579783435,0.08833029482986787,0.08838388950756167,0.08843713343461668,0.08849003016518187,0.08854258320471449,0.08859479601083224,0.08864667199414486,0.08869821451907603,0.08874942690465742,0.08880031242530585,0.08885087431159189,0.0889011157509994,0.08895103988864957,0.08900064982800203,0.08904994863157681,0.08909893932164444,0.08914762488088768,0.08919600825307614,0.08924409234369456,0.08929188002059048,0.089339374114586,0.08938657742009375,0.08943349269570329,0.08948012266477112,0.08952647001599114,0.08957253740395395,0.08961832744969744,0.0896638427412438,0.08970908583413144,0.08975405925192384,0.0897987654867281,0.08984320699968183,0.08988738622145301,0.089931305552703,0.08997496736457385,0.09001837399913444,0.09006152776983488,0.0901044309619433,0.0901470858330147,0.09018949461328264,0.09023165950605072,0.09027358268817866,0.09031526631043038,0.09035671249788799,0.09039792335032809,0.090438900942618,0.09047964732507172,0.09052016452383219,0.09056045454122495,0.09060051935611363,0.09064036092424582,0.09067998117858651,0.09071938202967161,0.09075856536592168,0.09079753305396775,0.09083628693897504,0.09087482884494645,0.09091316057503004,0.09095128391181391,0.090989200617642,0.09102691243488531,0.09106442108623324,0.0911017282749735,0.09113883568526521,0.09117574498241367,0.09121245781313242,0.09124897580579906,0.09128530057073905,0.09132143370043444,0.09135737676982672,0.09139313133648468,0.0914286989409244,0.09146408110679886,0.09149927934114103,0.09153429513459295,0.0915691299616281,0.09160378528077127,0.09163826253481742,0.09167256315104341,0.09170668854141817,0.09174064010280882,0.09177441921718346,0.09180802725181136,0.09184146555945794,0.09187473547857923,0.09190783833351435,0.09194077543466031,0.09197354807867225,0.09200615754863983,0.09203860511425732,0.09203863252328855,0.09203864595078372,0.09203865254466348,0.09203865579812155,0.09203865741871346,0.09203865824112833,0.09203865867337518,0.09203865891489371,0.09203865906317188,0.09203865916586244,0.09203865924625802,0.09203865931574419,0.09203865937988558,0.09203865944140226,0.09203865950162321,0.09203865956119796,0.09203865962044355,0.09203865967951477,0.09203865973848688,0.09203865979739642,0.09203865985626088,0.09203865991508871,0.09203865997388357,0.09203866003264703,0.09203866009137965,0.0920386601500814,0.09203866020875193,0.09203866026739091,0.09203866032599785,0.09203866038457231,0.09203866044311383,0.09203866050162184,0.09203866056009588,0.09203866061853555,0.09203866067694037,0.0920386607353099,0.09203866079364362,0.09203866085194116,0.09203866091020207,0.09203866096842596,0.09203866102661228,0.09203866108476079,0.09203866114287097,0.09203866120094245,0.09203866125897489,0.09203866131696783,0.09203866137492096,0.09203866143283398,0.09203866149070637,0.09203866154853788,0.09203866160632813,0.09203866166407679,0.09203866172178354,0.0920386617794481,0.09203866183707005,0.09203866189464913,0.09203866195218505,0.09203866200967747,0.09203866206712628,0.09203866212453095,0.09203866218189127,0.09203866223920708,0.09203866229647797,0.09203866235370377,0.09203866241088417,0.09203866246801903,0.09203866252510799,0.09203866258215089,0.09203866263914748,0.09203866269609752,0.09203866275300081,0.0920386628098571,0.09203866286666632,0.09203866292342817,0.09203866298014253,0.09203866303680912,0.09203866309342784,0.09203866314999846,0.09203866320652083,0.09203866326299481,0.09203866331942015,0.09203866337579689,0.0920386634321247,0.09203866348840356,0.09203866354463319,0.09203866360081363,0.09203866365694459,0.09203866371302609,0.09203866376905796,0.09203866382504008,0.09203866388097237,0.09203866393685466,0.09203866399268695,0.09203866404846914,0.09203866410420104,0.09203866415988265,0.09203866421551396,0.09203866427109476,0.09203866432662507,0.09203866438210484,0.09203866443753389,0.09203866449291229,0.09203866454823996,0.09203866460351681,0.09203866465874289,0.09203866471391806,0.09203866476904235,0.09203866482411574,0.09203866487913812,0.09203866493410963,0.09203866498903009,0.09203866504389958,0.09203866509871805,0.09203866515348551,0.09203866520820198,0.0920386652628674,0.09203866531748177,0.09203866537204522,0.09203866542655766,0.09203866548101916,0.09203866553542964,0.09203866558978924,0.09203866564409795,0.09203866569835575,0.09203866575256273,0.09203866580671893,0.09203866586082432,0.09203866591487903,0.09203866596888305,0.09203866602283649,0.09203866607673931,0.09203866613059161,0.09203866618439348,0.09203866623814495,0.0920386662918461,0.092038666345497,0.09203866639909762,0.09203866645264808,0.09203866650614854,0.09203866655959901,0.09203866661299956,0.09203866666635027,0.09203866671965127,0.09203866677290262,0.0920386668261044,0.09203866687925667,0.09203866693235958,0.09203866698541319,0.09203866703841762,0.09203866709137298,0.09203866714427929,0.0920386671971368,0.09203866724994546,0.09203866730270542,0.09203866735541691,0.09203866740807988,0.09203866746069456,0.09203866751326104,0.0920386675657794,0.09203866761824975,0.0920386676706722,0.09203866772304696,0.09203866777537406,0.09203866782765367,0.09203866787988597,0.09203866793207098,0.09203866798420891,0.09203866803629991,0.09203866808834402,0.09203866814034138,0.09203866819229226,0.09203866824419674,0.0920386682960548,0.0920386683478668,0.09203866839963273,0.09203866845135279,0.09203866850302721,0.09203866855465596,0.09203866860623937,0.09203866865777746,0.0920386687092704,0.09203866876071838,0.09203866881212151,0.09203866886347992,0.09203866891479384,0.09203866896606339,0.09203866901728874,0.09203866906846997,0.0920386691196073,0.09203866917070092,0.09203866922175087,0.09203866927275746,0.09203866932372078,0.09203866937464102,0.0920386694255182,0.09203866947635264,0.09203866952714446,0.0920386695778938,0.09203866962860083,0.09203866967926576,0.0920386697298887,0.09203866978046982,0.09203866983100933,0.09203866988150736,0.09203866993196404,0.09203866998237964,0.09203867003275426,0.09203867008308807,0.09203867013338125,0.09203867018363394,0.09203867023384636,0.0920386702840187,0.0920386703341511,0.09203867038424367,0.09203867043429663,0.09203867048431012,0.09203867053428438,0.09203867058421958,0.09203867063411585,0.09203867068397335,0.09203867073379228,0.09203867078357275,0.09203867083331509,0.0920386708830193,0.09203867093268564,0.09203867098231425,0.09203867103190534,0.09203867108145908,0.09203867113097566,0.09203867118045514,0.09203867122989783,0.09203867127930389,0.09203867132867334,0.09203867137800655,0.09203867142730354,0.09203867147656461,0.09203867152578989,0.09203867157497946,0.09203867162413365,0.09203867167325254,0.09203867172233632,0.09203867177138512,0.0920386718203992,0.09203867186937867,0.09203867191832375,0.0920386719672345,0.0920386720161113,0.0920386720649541,0.09203867211376321,0.09203867216253879,0.09203867221128094,0.09203867225998986,0.09203867230866575,0.09203867235730877,0.09203867240591912,0.09203867245449689,0.09203867250304229,0.0920386725515555,0.09203867260003669,0.09203867264848603,0.09203867269690365,0.09203867274528978,0.09203867279364453,0.09203867284196808,0.09203867289026071,0.09203867293852236,0.09203867298675339,0.09203867303495387,0.09203867308312406,0.09203867313126406,0.09203867317937398,0.09203867322745408,0.09203867327550452,0.09203867332352539,0.09203867337151693,0.09203867341947927,0.09203867346741253,0.09203867351531685,0.09203867356319256,0.09203867361103966,0.09203867365885843,0.09203867370664888,0.09203867375441128,0.09203867380214581,0.09203867384985252,0.09203867389753183,0.09203867394518343,0.09203867399280784,0.09203867404040515,0.09203867408797549,0.09203867413551904,0.09203867418303593,0.09203867423052628,0.09203867427799026,0.09203867432542812,0.09203867437283984,0.09203867442022577,0.09203867446758592,0.09203867451492045,0.0920386745622296,0.09203867460951347,0.0920386746567722,0.09203867470400597,0.09203867475121483,0.09203867479839911,0.09203867484555883,0.09203867489269414,0.09203867493980517,0.0920386749868921,0.09203867503395513,0.09203867508099438,0.09203867512800988,0.09203867517500199,0.09203867522197061,0.09203867526891603,0.09203867531583836,0.09203867536273773,0.09203867540961432,0.09203867545646825,0.09203867550329964,0.09203867555010865,0.0920386755968954,0.09203867564366006,0.09203867569040274,0.09203867573712361,0.09203867578382273,0.09203867583050032,0.09203867587715649,0.09203867592379134,0.09203867597040506,0.09203867601699775,0.09203867606356952,0.09203867611012059,0.09203867615665096,0.09203867620316092,0.0920386762496504,0.09203867629611977,0.09203867634256897,0.09203867638899818,0.09203867643540758,0.09203867648179723,0.09203867652816733,0.09203867657451788,0.09203867662084915,0.0920386766671612,0.09203867671345414,0.09203867675972807,0.09203867680598322,0.09203867685221961,0.09203867689843742,0.09203867694463669,0.09203867699081765,0.09203867703698038,0.09203867708312498,0.09203867712925151,0.0920386771753602,0.09203867722145116,0.09203867726752439,0.09203867731358015,0.09203867735961849,0.09203867740563951,0.09203867745164339,0.09203867749763014,0.09203867754359997,0.09203867758955295,0.09203867763548917,0.09203867768140878,0.09203867772731193,0.09203867777319867,0.09203867781906913,0.09203867786492342,0.0920386779107616,0.09203867795658392,0.0920386780023903,0.09203867804818096,0.09203867809395594,0.09203867813971547,0.0920386781854595,0.09203867823118829,0.09203867827690176,0.09203867832260018,0.09203867836828356,0.0920386784139521,0.09203867845960582,0.0920386785052448,0.09203867855086925,0.09203867859647918,0.09203867864207473,0.09203867868765594,0.09203867873322297,0.09203867877877583,0.0920386788243148,0.09203867886983984,0.092038678915351,0.09203867896084852,0.09203867900633236,0.09203867905180275,0.09203867909725962,0.09203867914270325,0.09203867918813359,0.09203867923355076,0.0920386792789549,0.09203867932434609,0.09203867936972443,0.09203867941508997,0.09203867946044282,0.09203867950578308,0.09203867955111081,0.09203867959642612,0.09203867964172907,0.09203867968701984,0.09203867973229837,0.09203867977756489,0.09203867982281944,0.09203867986806205,0.09203867991329291,0.09203867995851202,0.09203868000371945,0.09203868004891536,0.09203868009409981,0.09203868013927277,0.09203868018443451,0.09203868022958496,0.09203868027472424,0.09203868031985257,0.09203868036496979,0.09203868041007619,0.09203868045517169,0.0920386805002565,0.09203868054533058,0.09203868059039406,0.0920386806354473,0.09203868068048983,0.09203868072552203,0.09203868077054397,0.09203868081555566,0.0920386808605572,0.09203868090554869,0.09203868095053021,0.09203868099550183,0.09203868104046355,0.09203868108541556,0.09203868113035789,0.09203868117529054,0.0920386812202137,0.09203868126512735,0.0920386813100316,0.09203868135492647,0.09203868139981217,0.09203868144468852,0.09203868148955581,0.09203868153441405,0.09203868157926336,0.0920386816241037,0.0920386816689351,0.09203868171375776,0.09203868175857208,0.09203868180337739,0.0920386818481741,0.0920386818929623,0.09203868193774196,0.09203868198251328,0.09203868202727625,0.09203868207203092,0.0920386821167774,0.09203868216151576,0.09203868220624604,0.09203868225096823,0.09203868229568252,0.0920386823403889,0.09203868238508747,0.09203868242977821,0.09203868247446123,0.09203868251913656,0.09203868256380436,0.0920386826084646,0.09203868265311733,0.09203868269776272,0.09203868274240062,0.09203868278703134,0.09203868283165474,0.09203868287627094,0.09203868292088002,0.092038682965482,0.09203868301007696,0.09203868305466495,0.092038683099246,0.09203868314382017,0.09203868318838762,0.09203868323294827,0.09203868327750217,0.09203868332204944,0.09203868336659017,0.09203868341112431,0.0920386834556519,0.09203868350017312,0.09203868354468796,0.09203868358919641,0.09203868363369862,0.09203868367819462,0.09203868372268442,0.09203868376716806,0.09203868381164565,0.09203868385611716,0.09203868390058265,0.0920386839450422,0.09203868398949586,0.09203868403394365,0.09203868407838572,0.09203868412282194,0.0920386841672525,0.09203868421167749,0.09203868425609676,0.09203868430051051,0.09203868434491867,0.09203868438932139,0.0920386844337187,0.09203868447811066,0.0920386845224972,0.09203868456687843,0.09203868461125449,0.09203868465562529,0.09203868469999091,0.09203868474435144,0.09203868478870687,0.09203868483305726,0.0920386848774027,0.09203868492174311,0.0920386849660786,0.09203868501040931,0.09203868505473511,0.09203868509905613,0.09203868514337239,0.09203868518768402,0.09203868523199094,0.09203868527629315,0.09203868532059087,0.09203868536488395,0.09203868540917257,0.09203868545345671,0.09203868549773639,0.09203868554201172,0.09203868558628263,0.09203868563054927,0.09203868567481158,0.09203868571906963,0.09203868576332354,0.09203868580757314,0.0920386858518187,0.09203868589606011,0.0920386859402975,0.0920386859845308,0.09203868602876017,0.09203868607298556,0.09203868611720699,0.09203868616142452,0.09203868620563822,0.09203868624984805,0.09203868629405419,0.09203868633825649,0.09203868638245509,0.09203868642664997,0.09203868647084125,0.09203868651502883,0.09203868655921282,0.09203868660339325,0.09203868664757019,0.09203868669174355,0.09203868673591353,0.09203868678008004,0.0920386868242432,0.09203868686840296,0.09203868691255936,0.09203868695671241,0.09203868700086225,0.0920386870450088,0.09203868708915214,0.09203868713329229,0.09203868717742926,0.0920386872215631,0.09203868726569381,0.09203868730982148,0.09203868735394614,0.09203868739806778,0.09203868744218636,0.09203868748630202,0.09203868753041476,0.09203868757452457,0.09203868761863146,0.09203868766273562,0.09203868770683683,0.09203868775093532,0.09203868779503098,0.09203868783912392,0.09203868788321413,0.09203868792730167,0.09203868797138653,0.09203868801546868,0.09203868805954832,0.09203868810362534,0.09203868814769975,0.09203868819177173,0.0920386882358411,0.09203868827990798,0.09203868832397244,0.09203868836803444,0.09203868841209403,0.09203868845615122,0.0920386885002061,0.09203868854425856,0.09203868858830876,0.09203868863235665,0.09203868867640223,0.0920386887204456,0.09203868876448675,0.09203868880852563,0.09203868885256236,0.09203868889659692,0.0920386889406294,0.09203868898465974,0.09203868902868792,0.09203868907271408,0.09203868911673815,0.0920386891607602,0.09203868920478038,0.09203868924879839,0.09203868929281453,0.09203868933682866,0.09203868938084096,0.09203868942485134,0.09203868946885983,0.09203868951286642,0.09203868955687114,0.09203868960087407,0.09203868964487526,0.09203868968887455,0.09203868973287216,0.092038689776868,0.09203868982086215,0.09203868986485457,0.09203868990884527,0.0920386899528343,0.09203868999682172,0.09203869004080752,0.09203869008479168,0.09203869012877426,0.09203869017275526,0.09203869021673472,0.09203869026071264,0.09203869030468903,0.09203869034866398,0.09203869039263735,0.09203869043660926,0.09203869048057976,0.0920386905245488,0.09203869056851643,0.09203869061248268,0.09203869065644753,0.09203869070041099,0.09203869074437314,0.09203869078833399,0.09203869083229346,0.09203869087625166,0.0920386909202086,0.09203869096416427,0.09203869100811865,0.09203869105207182,0.09203869109602378,0.09203869113997448,0.09203869118392405,0.09203869122787244,0.09203869127181967,0.09203869131576572,0.09203869135971071,0.09203869140365453,0.09203869144759726,0.0920386914915389,0.0920386915354795,0.09203869157941906,0.09203869162335757,0.09203869166729509,0.09203869171123151,0.09203869175516696,0.09203869179910153,0.09203869184303509,0.0920386918869676,0.09203869193089922,0.09203869197482994,0.09203869201875968,0.09203869206268854,0.09203869210661654,0.09203869215054368,0.09203869219446992,0.09203869223839531,0.0920386922823199,0.09203869232624366,0.09203869237016656,0.09203869241408869,0.09203869245801002,0.09203869250193059,0.09203869254585051,0.09203869258976953,0.09203869263368787,0.0920386926776055,0.0920386927215224,0.09203869276543863,0.09203869280935414,0.09203869285326897,0.09203869289718317,0.0920386929410967,0.09203869298500958,0.09203869302892184,0.09203869307283348,0.09203869311674448,0.09203869316065491,0.09203869320456476,0.09203869324847408,0.09203869329238275,0.09203869333629094,0.09203869338019856,0.09203869342410567,0.09203869346801227,0.09203869351191837,0.09203869355582395,0.092038693599729,0.09203869364363361,0.09203869368753775,0.09203869373144143,0.09203869377534468,0.0920386938192475,0.09203869386314983,0.09203869390705177,0.09203869395095332,0.09203869399485445,0.0920386940387552,0.09203869408265564,0.09203869412655565,0.0920386941704553,0.09203869421435464,0.09203869425825355,0.09203869430215224,0.09203869434605051,0.09203869438994852,0.09203869443384625,0.09203869447774363,0.0920386945216408,0.09203869456553775,0.09203869460943435,0.09203869465333067,0.09203869469722674,0.09203869474112253,0.09203869478501815,0.0920386948289135,0.0920386948728086,0.09203869491670358,0.0920386949605983,0.09203869500449285,0.09203869504838723,0.09203869509228141,0.0920386951361754,0.09203869518006928,0.09203869522396298,0.09203869526785653,0.09203869531174998,0.0920386953556433,0.09203869539953641,0.09203869544342948,0.09203869548732248,0.0920386955312153,0.09203869557510808,0.09203869561900073,0.09203869566289336,0.09203869570678595,0.0920386957506784,0.09203869579457082,0.0920386958384632,0.09203869588235555,0.09203869592624789,0.09203869597014014,0.09203869601403242,0.09203869605792472,0.09203869610181696,0.09203869614570921,0.09203869618960149,0.09203869623349374,0.09203869627738606,0.09203869632127837,0.09203869636517081,0.09203869640906329,0.09203869645295576,0.09203869649684827,0.09203869654074089,0.09203869658463351,0.09203869662852622,0.09203869667241908,0.09203869671631193,0.09203869676020489,0.09203869680409794,0.09203869684799111,0.09203869689188442,0.09203869693577785,0.09203869697967133,0.09203869702356503,0.09203869706745879,0.0920386971113527,0.09203869715524678,0.09203869719914105,0.09203869724303543,0.09203869728692993,0.09203869733082468,0.09203869737471956,0.09203869741861463,0.09203869746250991,0.09203869750640536,0.092038697550301,0.09203869759419686,0.09203869763809296,0.09203869768198926,0.09203869772588574,0.0920386977697824,0.09203869781367932,0.09203869785757648,0.09203869790147388,0.0920386979453715,0.09203869798926935,0.09203869803316754,0.09203869807706593,0.09203869812096453,0.0920386981648635,0.09203869820876266,0.09203869825266216,0.09203869829656186,0.0920386983404619,0.09203869838436221,0.09203869842826286,0.09203869847216373,0.09203869851606494,0.09203869855996649,0.09203869860386836,0.0920386986477705,0.09203869869167298,0.09203869873557578,0.09203869877947891,0.09203869882338234,0.09203869886728619,0.09203869891119038,0.0920386989550949,0.09203869899899972,0.09203869904290497,0.09203869908681055,0.0920386991307165,0.09203869917462273,0.09203869921852945,0.09203869926243656,0.09203869930634395,0.09203869935025177,0.09203869939416,0.0920386994380686,0.09203869948197756,0.09203869952588688,0.09203869956979673,0.09203869961370692,0.09203869965761757,0.0920386997015286,0.09203869974544004,0.09203869978935192,0.09203869983326422,0.09203869987717694,0.09203869992109015,0.09203869996500369,0.09203870000891773,0.09203870005283216,0.09203870009674711,0.09203870014066252,0.09203870018457833,0.09203870022849471,0.09203870027241139,0.09203870031632859,0.09203870036024625,0.09203870040416443,0.09203870044808307,0.09203870049200213,0.09203870053592177,0.09203870057984177,0.09203870062376233,0.09203870066768337,0.09203870071160493,0.09203870075552702,0.09203870079944956,0.09203870084337257,0.09203870088729607,0.09203870093122013,0.09203870097514473,0.09203870101906977,0.0920387010629954,0.09203870110692153,0.09203870115084813,0.09203870119477528,0.092038701238703,0.0920387012826312,0.09203870132655995,0.0920387013704892,0.09203870141441903,0.09203870145834937,0.09203870150228027,0.09203870154621174,0.09203870159014378,0.0920387016340763,0.09203870167800944,0.09203870172194312,0.09203870176587738,0.09203870180981213,0.09203870185374745,0.09203870189768337,0.09203870194161985,0.09203870198555696,0.09203870202949459,0.09203870207343284,0.09203870211737167,0.09203870216131109,0.09203870220525111,0.09203870224919164,0.09203870229313259,0.09203870233707441,0.09203870238101676,0.0920387024249597,0.09203870246890324,0.09203870251284746,0.09203870255679227,0.09203870260073764,0.09203870264468357,0.09203870268863013,0.09203870273257736,0.09203870277652519,0.09203870282047356,0.09203870286442269,0.09203870290837238,0.09203870295232267,0.09203870299627358,0.09203870304022511,0.09203870308417733,0.09203870312813014,0.0920387031720836,0.09203870321603765,0.0920387032599923,0.09203870330394769,0.0920387033479037,0.09203870339186036,0.0920387034358177,0.09203870347977569,0.0920387035237343,0.09203870356769352,0.09203870361165342,0.09203870365561394,0.09203870369957512,0.092038703743537,0.09203870378749951,0.09203870383146269,0.09203870387542655,0.09203870391939109,0.09203870396335621,0.09203870400732206,0.09203870405128858,0.09203870409525579,0.09203870413922365,0.09203870418319218,0.0920387042271614,0.09203870427113131,0.09203870431510189,0.09203870435907319,0.09203870440304515,0.09203870444701778,0.09203870449099115,0.09203870453496514,0.09203870457893987,0.09203870462291523,0.09203870466689137,0.09203870471086814,0.09203870475484566,0.09203870479882385,0.09203870484280276,0.09203870488678231,0.09203870493076265,0.09203870497474362,0.09203870501872534,0.09203870506270773,0.09203870510669085,0.09203870515067468,0.09203870519465919,0.09203870523864448,0.09203870528263045,0.0920387053266171,0.0920387053706045,0.09203870541459258,0.09203870545858142,0.092038705502571,0.09203870554656127,0.09203870559055223,0.09203870563454401,0.09203870567853646,0.09203870572252959,0.09203870576652357,0.09203870581051818,0.09203870585451357,0.0920387058985097,0.09203870594250656,0.09203870598650414,0.09203870603050243,0.09203870607450151,0.0920387061185012,0.09203870616250175,0.09203870620650297,0.092038706250505,0.09203870629450775,0.09203870633851123,0.09203870638251543,0.0920387064265205,0.09203870647052621,0.09203870651453269,0.0920387065585399,0.09203870660254787,0.09203870664655664,0.09203870669056614,0.09203870673457641,0.09203870677858737,0.09203870682259914,0.09203870686661166,0.09203870691062493,0.09203870695463899,0.09203870699865375,0.09203870704266931,0.09203870708668563,0.09203870713070275,0.09203870717472054,0.09203870721873922,0.0920387072627585,0.09203870730677859,0.09203870735079948,0.0920387073948212,0.09203870743884349,0.0920387074828668,0.09203870752689079,0.09203870757091553,0.09203870761494098,0.09203870765896734,0.09203870770299441,0.09203870774702226,0.09203870779105085,0.09203870783508027,0.09203870787911046,0.09203870792314142,0.0920387079671731,0.09203870801120569,0.09203870805523898,0.0920387080992731,0.09203870814330803,0.09203870818734368,0.09203870823138009,0.09203870827541738,0.09203870831945539,0.09203870836349413,0.09203870840753375,0.09203870845157414,0.09203870849561537,0.09203870853965734,0.09203870858370004,0.09203870862774362,0.09203870867178796,0.09203870871583314,0.09203870875987899,0.09203870880392574,0.0920387088479732,0.09203870889202158,0.09203870893607069,0.09203870898012054,0.09203870902417127,0.09203870906822276,0.09203870911227509,0.09203870915632818,0.09203870920038217,0.09203870924443687,0.09203870928849242,0.09203870933254867,0.09203870937660578,0.09203870942066372,0.09203870946472245,0.09203870950878197,0.0920387095528423,0.09203870959690345,0.09203870964096546,0.09203870968502817,0.09203870972909174,0.09203870977315609,0.09203870981722127,0.0920387098612873,0.0920387099053541,0.0920387099494218,0.09203870999349024,0.09203871003755944,0.09203871008162944,0.09203871012570028,0.09203871016977197,0.09203871021384441,0.09203871025791777,0.09203871030199193,0.09203871034606685,0.09203871039014262,0.09203871043421917,0.09203871047829651,0.09203871052237472,0.09203871056645373,0.09203871061053354,0.0920387106546142,0.09203871069869571,0.09203871074277796,0.09203871078686104,0.09203871083094503,0.09203871087502977,0.09203871091911538,0.09203871096320175,0.092038711007289,0.09203871105137705,0.09203871109546588,0.09203871113955557,0.09203871118364607,0.09203871122773738,0.0920387112718295,0.09203871131592252,0.09203871136001635,0.09203871140411102,0.0920387114482065,0.09203871149230275,0.09203871153639988,0.09203871158049783,0.09203871162459663,0.09203871166869623,0.09203871171279668,0.09203871175689796,0.09203871180099998,0.09203871184510294,0.09203871188920668,0.09203871193331124,0.09203871197741662,0.09203871202152285,0.09203871206562993,0.09203871210973781,0.09203871215384653,0.0920387121979561,0.0920387122420665,0.09203871228617777,0.09203871233028983,0.09203871237440275,0.09203871241851652,0.0920387124626311,0.09203871250674653,0.09203871255086278,0.0920387125949799,0.09203871263909785,0.09203871268321667,0.0920387127273363,0.09203871277145668,0.09203871281557797,0.09203871285970011,0.09203871290382307,0.0920387129479468,0.09203871299207145,0.09203871303619687,0.0920387130803232,0.0920387131244503,0.0920387131685783,0.09203871321270711,0.09203871325683678,0.09203871330096723,0.09203871334509856,0.09203871338923077,0.09203871343336374,0.09203871347749765,0.09203871352163231,0.0920387135657678,0.09203871360990422,0.09203871365404138,0.09203871369817945,0.09203871374231835,0.09203871378645812,0.09203871383059865,0.09203871387474007,0.09203871391888237,0.09203871396302545,0.09203871400716941,0.09203871405131424,0.0920387140954599,0.09203871413960638,0.0920387141837537,0.09203871422790189,0.09203871427205096,0.09203871431620081,0.09203871436035162,0.09203871440450317,0.09203871444865562,0.09203871449280888,0.09203871453696297,0.0920387145811179,0.09203871462527366,0.09203871466943032,0.0920387147135878,0.09203871475774612,0.09203871480190531,0.09203871484606536,0.09203871489022623,0.09203871493438795,0.09203871497855051,0.09203871502271395,0.09203871506687819,0.0920387151110433,0.09203871515520927,0.09203871519937605,0.0920387152435437,0.09203871528771222,0.09203871533188158,0.0920387153760518,0.09203871542022284,0.09203871546439471,0.09203871550856745,0.09203871555274103,0.0920387155969155,0.09203871564109076,0.0920387156852669,0.0920387157294439,0.09203871577362176,0.09203871581780049,0.09203871586198001,0.09203871590616042,0.09203871595034167,0.09203871599452378,0.09203871603870675,0.09203871608289056,0.09203871612707519,0.09203871617126073,0.09203871621544713,0.09203871625963433,0.09203871630382242,0.09203871634801136,0.09203871639220118,0.09203871643639176,0.09203871648058322,0.09203871652477556,0.0920387165689687,0.09203871661316272,0.0920387166573576,0.09203871670155331,0.0920387167457499,0.09203871678994728,0.09203871683414554,0.09203871687834463,0.09203871692254459,0.0920387169667454,0.09203871701094708,0.09203871705514967,0.09203871709935306,0.09203871714355728,0.0920387171877624,0.09203871723196838,0.09203871727617513,0.09203871732038278,0.09203871736459128,0.09203871740880065,0.09203871745301087,0.0920387174972219,0.09203871754143383,0.09203871758564662,0.09203871762986025,0.09203871767407472,0.09203871771829004,0.09203871776250626,0.09203871780672333,0.0920387178509412,0.09203871789515998,0.09203871793937955,0.09203871798360001,0.0920387180278213,0.0920387180720435,0.0920387181162665,0.09203871816049042,0.09203871820471511,0.09203871824894067,0.09203871829316712,0.09203871833739441,0.09203871838162256,0.09203871842585155,0.09203871847008141,0.09203871851431211,0.0920387185585436,0.09203871860277604,0.09203871864700931,0.09203871869124339,0.09203871873547839,0.09203871877971419,0.09203871882395089,0.09203871886818839,0.09203871891242675,0.09203871895666602,0.0920387190009061,0.09203871904514707,0.09203871908938883,0.09203871913363154,0.09203871917787507,0.09203871922211945,0.0920387192663647,0.09203871931061074,0.09203871935485759,0.09203871939910542,0.09203871944335401,0.09203871948760346,0.09203871953185383,0.09203871957610503,0.09203871962035703,0.09203871966460991,0.09203871970886365,0.0920387197531182,0.09203871979737369,0.09203871984162997,0.09203871988588716,0.09203871993014516,0.09203871997440405,0.09203872001866373,0.09203872006292431,0.09203872010718575,0.092038720151448,0.09203872019571115,0.09203872023997511,0.09203872028424,0.09203872032850569,0.09203872037277222,0.0920387204170397,0.0920387204613079,0.09203872050557697,0.09203872054984696,0.09203872059411775,0.09203872063838944,0.09203872068266197,0.09203872072693534,0.09203872077120957,0.09203872081548466,0.0920387208597606,0.09203872090403738,0.092038720948315,0.0920387209925935,0.09203872103687288,0.09203872108115307,0.09203872112543407,0.092038721169716,0.09203872121399878,0.09203872125828239,0.09203872130256685,0.0920387213468522,0.09203872139113838,0.09203872143542537,0.0920387214797133,0.09203872152400196,0.09203872156829156,0.09203872161258199,0.09203872165687328,0.0920387217011654,0.0920387217454584,0.0920387217897523,0.09203872183404697,0.09203872187834251,0.09203872192263889,0.09203872196693615,0.09203872201123427,0.09203872205553323,0.09203872209983303,0.09203872214413365,0.09203872218843506,0.09203872223273747,0.09203872227704063,0.09203872232134472,0.09203872236564967,0.09203872240995539,0.09203872245426195,0.09203872249856938,0.09203872254287768,0.09203872258718683,0.09203872263149677,0.0920387226758077,0.09203872272011941,0.09203872276443191,0.09203872280874537,0.09203872285305965,0.09203872289737473,0.09203872294169071,0.09203872298600753,0.09203872303032525,0.09203872307464375,0.09203872311896315,0.09203872316328339,0.0920387232076045,0.09203872325192643,0.09203872329624928,0.09203872334057288,0.09203872338489742,0.09203872342922274,0.09203872347354894,0.09203872351787594,0.0920387235622038,0.09203872360653258,0.09203872365086214,0.09203872369519257,0.09203872373952383,0.09203872378385597,0.09203872382818896,0.09203872387252275,0.09203872391685743,0.09203872396119293,0.09203872400552933,0.09203872404986652,0.09203872409420458,0.0920387241385435,0.09203872418288324,0.09203872422722399,0.09203872427156544,0.09203872431590776,0.09203872436025091,0.09203872440459492,0.09203872444893979,0.09203872449328551,0.09203872453763208,0.09203872458197947,0.09203872462632767,0.09203872467067677,0.0920387247150267,0.09203872475937747,0.09203872480372907,0.09203872484808157,0.09203872489243485,0.09203872493678904,0.09203872498114404,0.09203872502549997,0.09203872506985664,0.09203872511421418,0.09203872515857257,0.09203872520293183,0.09203872524729195,0.09203872529165293,0.09203872533601472,0.09203872538037733,0.09203872542474083,0.09203872546910515,0.09203872551347034,0.09203872555783635,0.09203872560220325,0.09203872564657095,0.09203872569093942,0.09203872573530876,0.09203872577967898,0.0920387258240501,0.092038725868422,0.09203872591279481,0.09203872595716837,0.09203872600154282,0.09203872604591817,0.0920387260902943,0.09203872613467133,0.0920387261790492,0.09203872622342792,0.09203872626780749,0.09203872631218782,0.09203872635656903,0.09203872640095113,0.09203872644533402,0.09203872648971778,0.09203872653410237,0.09203872657848784,0.09203872662287417,0.09203872666726126,0.09203872671164927,0.09203872675603812,0.09203872680042781,0.09203872684481826,0.09203872688920964,0.09203872693360185,0.09203872697799487,0.09203872702238881,0.09203872706678357,0.09203872711117904,0.0920387271555755,0.09203872719997265,0.09203872724437076,0.09203872728876968,0.09203872733316944,0.09203872737757002,0.09203872742197147,0.09203872746637388,0.09203872751077698,0.09203872755518096,0.09203872759958577,0.0920387276439914,0.09203872768839794,0.0920387277328053,0.09203872777721349,0.09203872782162249,0.09203872786603225,0.09203872791044301,0.09203872795485459,0.09203872799926698,0.09203872804368023,0.0920387280880943,0.09203872813250918,0.09203872817692497,0.09203872822134153,0.09203872826575889,0.09203872831017716,0.09203872835459628,0.09203872839901618,0.09203872844343693,0.09203872848785856,0.09203872853228098,0.09203872857670423,0.09203872862112836,0.09203872866555333,0.09203872870997909,0.09203872875440573,0.0920387287988332,0.09203872884326153,0.09203872888769064,0.09203872893212063,0.09203872897655149,0.09203872902098309,0.09203872906541562,0.09203872910984885,0.09203872915428306,0.09203872919871808,0.0920387292431539,0.09203872928759058,0.0920387293320281,0.09203872937646643,0.0920387294209056,0.0920387294653456,0.09203872950978652,0.09203872955422816,0.09203872959867072,0.09203872964311409,0.09203872968755829,0.09203872973200326,0.09203872977644915,0.09203872982089585,0.09203872986534342,0.09203872990979182,0.09203872995424105,0.09203872999869109,0.09203873004314192,0.09203873008759364,0.09203873013204623,0.09203873017649958,0.09203873022095381,0.09203873026540887,0.09203873030986472,0.09203873035432146,0.09203873039877898,0.09203873044323745,0.0920387304876966,0.09203873053215662,0.09203873057661745,0.09203873062107915,0.0920387306655417,0.09203873071000507,0.09203873075446926,0.0920387307989343,0.09203873084340018,0.09203873088786689,0.09203873093233443,0.09203873097680275,0.092038731021272,0.09203873106574204,0.0920387311102129,0.09203873115468462,0.09203873119915712,0.09203873124363045,0.09203873128810466,0.09203873133257964,0.09203873137705552,0.0920387314215322,0.0920387314660097,0.09203873151048804,0.09203873155496724,0.09203873159944718,0.09203873164392805,0.09203873168840969,0.0920387317328922,0.09203873177737557,0.09203873182185965,0.09203873186634468,0.09203873191083045,0.0920387319553171,0.0920387319998046,0.09203873204429289,0.092038732088782,0.09203873213327193,0.09203873217776277,0.0920387322222544,0.0920387322667468,0.09203873231123998,0.09203873235573409,0.09203873240022907,0.09203873244472477,0.09203873248922143,0.09203873253371879,0.09203873257821708,0.09203873262271609,0.0920387326672161,0.0920387327117168,0.09203873275621842,0.09203873280072081,0.09203873284522393,0.09203873288972789,0.0920387329342328,0.09203873297873849,0.09203873302324495,0.0920387330677523,0.09203873311226043,0.09203873315676951,0.09203873320127924,0.09203873324578991,0.09203873329030138,0.0920387333348137,0.0920387333793268,0.09203873342384074,0.0920387334683555,0.09203873351287103,0.09203873355738738,0.0920387336019046,0.09203873364642257,0.09203873369094148,0.09203873373546113,0.09203873377998165,0.09203873382450298,0.09203873386902515,0.09203873391354814,0.09203873395807191,0.09203873400259659,0.09203873404712204,0.0920387340916483,0.0920387341361754,0.09203873418070334,0.09203873422523205,0.09203873426976161,0.09203873431429203,0.09203873435882323,0.09203873440335524,0.0920387344478881,0.09203873449242177,0.0920387345369563,0.09203873458149157,0.09203873462602774,0.09203873467056471,0.09203873471510249,0.09203873475964111,0.0920387348041805,0.09203873484872076,0.09203873489326186,0.09203873493780372,0.09203873498234645,0.09203873502688996,0.09203873507143435,0.09203873511597953,0.09203873516052549,0.09203873520507228,0.09203873524961989,0.09203873529416834,0.09203873533871759,0.09203873538326768,0.09203873542781853,0.0920387354723703,0.0920387355169228,0.09203873556147615,0.09203873560603025,0.09203873565058529,0.09203873569514108,0.09203873573969765,0.09203873578425513,0.09203873582881335,0.0920387358733724,0.09203873591793232,0.092038735962493,0.0920387360070545,0.09203873605161686,0.09203873609617999,0.09203873614074393,0.09203873618530872,0.0920387362298743,0.0920387362744407,0.0920387363190079,0.09203873636357594,0.09203873640814478,0.09203873645271443,0.09203873649728499,0.09203873654185625,0.0920387365864284,0.09203873663100136,0.09203873667557509,0.09203873672014966,0.09203873676472503,0.0920387368093012,0.09203873685387813,0.09203873689845599,0.09203873694303465,0.09203873698761408,0.09203873703219433,0.09203873707677546,0.09203873712135738,0.09203873716594006,0.09203873721052362,0.09203873725510796,0.09203873729969314,0.09203873734427909,0.09203873738886585,0.09203873743345348,0.09203873747804188,0.09203873752263105,0.09203873756722111,0.09203873761181194,0.0920387376564036,0.09203873770099609,0.09203873774558935,0.09203873779018343,0.09203873783477834,0.09203873787937404,0.09203873792397059,0.09203873796856787,0.09203873801316606,0.09203873805776504,0.09203873810236478,0.09203873814696534,0.09203873819156672,0.0920387382361689,0.09203873828077187,0.0920387383253757,0.09203873836998033,0.09203873841458574,0.09203873845919203,0.09203873850379912,0.092038738548407,0.09203873859301566,0.09203873863762517,0.09203873868223544,0.09203873872684656,0.09203873877145842,0.09203873881607116,0.09203873886068471,0.09203873890529905,0.09203873894991421,0.09203873899453012,0.09203873903914686,0.09203873908376446,0.09203873912838284,0.09203873917300202,0.09203873921762205,0.0920387392622428,0.09203873930686442,0.09203873935148675,0.09203873939610997,0.09203873944073403,0.0920387394853588,0.09203873952998443,0.0920387395746109,0.09203873961923806,0.0920387396638661,0.09203873970849494,0.09203873975312461,0.09203873979775502,0.0920387398423863,0.09203873988701834,0.09203873993165122,0.0920387399762849,0.09203874002091939,0.09203874006555472,0.09203874011019074,0.09203874015482769,0.09203874019946534,0.09203874024410381,0.09203874028874309,0.09203874033338326,0.09203874037802422,0.09203874042266592,0.09203874046730846,0.09203874051195178,0.09203874055659592,0.0920387406012408,0.09203874064588655,0.09203874069053306,0.09203874073518038,0.09203874077982854,0.0920387408244775,0.09203874086912724,0.09203874091377776,0.09203874095842911,0.09203874100308126,0.09203874104773425,0.09203874109238797,0.09203874113704254,0.09203874118169787,0.09203874122635401,0.092038741271011,0.09203874131566872,0.09203874136032723,0.09203874140498663,0.0920387414496468,0.09203874149430775,0.09203874153896953,0.09203874158363212,0.09203874162829542,0.09203874167295961,0.09203874171762452,0.0920387417622903,0.09203874180695681,0.0920387418516242,0.09203874189629234,0.09203874194096132,0.09203874198563104,0.09203874203030157,0.09203874207497294,0.09203874211964505,0.09203874216431798,0.09203874220899173,0.09203874225366623,0.0920387422983416,0.09203874234301775,0.09203874238769469,0.09203874243237238,0.09203874247705088,0.09203874252173032,0.09203874256641044,0.0920387426110913,0.092038742655773,0.0920387427004555,0.0920387427451388,0.09203874278982294,0.0920387428345078,0.0920387428791935,0.09203874292388,0.09203874296856725,0.09203874301325526,0.0920387430579442,0.09203874310263382,0.09203874314732433,0.09203874319201555,0.09203874323670762,0.09203874328140049,0.09203874332609412,0.09203874337078861,0.09203874341548378,0.09203874346017982,0.09203874350487665,0.09203874354957425,0.09203874359427267,0.09203874363897188,0.09203874368367186,0.0920387437283726,0.09203874377307418,0.09203874381777645,0.0920387438624796,0.09203874390718358,0.09203874395188835,0.09203874399659391,0.09203874404130026,0.09203874408600736,0.09203874413071535,0.09203874417542413,0.09203874422013356,0.0920387442648438,0.09203874430955485,0.09203874435426666,0.09203874439897937,0.09203874444369282,0.09203874448840703,0.09203874453312212,0.09203874457783784,0.09203874462255449,0.09203874466727185,0.09203874471199008,0.09203874475670903,0.09203874480142879,0.09203874484614935,0.09203874489087069,0.09203874493559279,0.09203874498031578,0.09203874502503945,0.09203874506976382,0.09203874511448909,0.09203874515921515,0.09203874520394206,0.09203874524866977,0.09203874529339823,0.09203874533812743,0.0920387453828575,0.0920387454275883,0.09203874547231988,0.09203874551705224,0.09203874556178546,0.09203874560651937,0.09203874565125415,0.09203874569598967,0.092038745740726,0.09203874578546306,0.09203874583020095,0.09203874587493971,0.09203874591967917,0.09203874596441947,0.09203874600916057,0.09203874605390247,0.0920387460986451,0.09203874614338856,0.09203874618813275,0.09203874623287767,0.09203874627762346,0.09203874632236998,0.09203874636711727,0.09203874641186541,0.09203874645661426,0.09203874650136395,0.09203874654611442,0.09203874659086565,0.09203874663561772,0.0920387466803705,0.0920387467251241,0.0920387467698785,0.09203874681463364,0.09203874685938958,0.09203874690414636,0.09203874694890386,0.09203874699366214,0.0920387470384212,0.09203874708318106,0.09203874712794172,0.09203874717270319,0.09203874721746536,0.09203874726222838,0.09203874730699219,0.0920387473517567,0.09203874739652206,0.09203874744128816,0.09203874748605508,0.09203874753082272,0.09203874757559118,0.09203874762036043,0.09203874766513045,0.09203874770990125,0.09203874775467287,0.09203874779944517,0.09203874784421831,0.09203874788899225,0.09203874793376698,0.09203874797854247,0.09203874802331874,0.09203874806809581,0.09203874811287362,0.09203874815765227,0.09203874820243162,0.09203874824721181,0.09203874829199271,0.0920387483367744,0.09203874838155691,0.09203874842634022,0.09203874847112421,0.09203874851590903,0.09203874856069465,0.09203874860548104,0.09203874865026823,0.09203874869505631,0.09203874873984506,0.0920387487846346,0.09203874882942482,0.09203874887421587,0.09203874891900765,0.09203874896380032,0.09203874900859368,0.09203874905338787,0.0920387490981828,0.09203874914297853,0.092038749187775,0.09203874923257228,0.09203874927737035,0.09203874932216916,0.09203874936696878,0.09203874941176915,0.0920387494565703,0.09203874950137221,0.09203874954617493,0.0920387495909784,0.09203874963578264,0.09203874968058764,0.0920387497253934,0.09203874977019993,0.09203874981500727,0.09203874985981539,0.09203874990462434,0.09203874994943403,0.09203874999424451,0.0920387500390557,0.09203875008386771,0.09203875012868035,0.09203875017349392,0.09203875021830826,0.09203875026312335,0.0920387503079392,0.09203875035275583,0.0920387503975732,0.09203875044239133,0.09203875048721032,0.09203875053202994,0.09203875057685046,0.09203875062167176,0.09203875066649372,0.09203875071131654,0.09203875075614013,0.09203875080096453,0.09203875084578965,0.09203875089061556,0.0920387509354422,0.0920387509802696,0.09203875102509775,0.09203875106992677,0.0920387511147565,0.092038751159587,0.09203875120441825,0.09203875124925047,0.09203875129408329,0.09203875133891685,0.09203875138375119,0.09203875142858636,0.09203875147342223,0.09203875151825887,0.09203875156309631,0.09203875160793441,0.09203875165277342,0.09203875169761314,0.09203875174245364,0.09203875178729491,0.09203875183213699,0.09203875187697981,0.09203875192182336,0.09203875196666775,0.09203875201151288,0.09203875205635877,0.09203875210120543,0.09203875214605287,0.09203875219090099,0.09203875223574999,0.09203875228059968,0.09203875232545011,0.09203875237030126,0.09203875241515326,0.09203875246000606,0.09203875250485964,0.09203875254971398,0.0920387525945692,0.09203875263942503,0.09203875268428167,0.092038752729139,0.09203875277399716,0.09203875281885603,0.09203875286371571,0.09203875290857619,0.09203875295343736,0.09203875299829929,0.092038753043162,0.09203875308802549,0.09203875313288976,0.09203875317775478,0.09203875322262052,0.09203875326748702,0.09203875331235431,0.09203875335722245,0.0920387534020913,0.09203875344696094,0.09203875349183127,0.09203875353670238,0.09203875358157432,0.09203875362644694,0.09203875367132036,0.09203875371619456,0.0920387537610695,0.09203875380594519,0.09203875385082157,0.0920387538956988,0.09203875394057683,0.09203875398545555,0.09203875403033503,0.0920387540752153,0.09203875412009634,0.09203875416497807,0.09203875420986066,0.09203875425474399,0.09203875429962814,0.09203875434451295,0.09203875438939856,0.09203875443428487,0.09203875447917202,0.09203875452405991,0.09203875456894856,0.0920387546138379,0.09203875465872806,0.09203875470361886,0.09203875474851055,0.09203875479340304,0.09203875483829616,0.09203875488319006,0.0920387549280848,0.09203875497298028,0.09203875501787652,0.09203875506277351,0.09203875510767122,0.09203875515256976,0.09203875519746904,0.09203875524236906,0.09203875528726985,0.09203875533217142,0.09203875537707369,0.09203875542197672,0.09203875546688056,0.09203875551178511,0.09203875555669047,0.09203875560159655,0.0920387556465034,0.092038755691411,0.0920387557363193,0.0920387557812285,0.09203875582613831,0.09203875587104897,0.09203875591596036,0.09203875596087249,0.09203875600578533,0.09203875605069901,0.09203875609561339,0.09203875614052855,0.09203875618544445,0.09203875623036115,0.09203875627527865,0.09203875632019687,0.09203875636511577,0.0920387564100355,0.09203875645495588,0.09203875649987707,0.09203875654479902,0.09203875658972172,0.09203875663464524,0.09203875667956934,0.09203875672449428,0.09203875676941994,0.09203875681434642,0.09203875685927362,0.0920387569042017,0.09203875694913036,0.09203875699405982,0.09203875703899006,0.09203875708392102,0.09203875712885276,0.09203875717378521,0.09203875721871847,0.0920387572636524,0.09203875730858718,0.09203875735352261,0.0920387573984589,0.09203875744339594,0.09203875748833355,0.09203875753327218,0.09203875757821145,0.09203875762315145,0.09203875766809218,0.09203875771303369,0.09203875775797596,0.09203875780291894,0.09203875784786268,0.09203875789280722,0.09203875793775262,0.09203875798269867,0.09203875802764533,0.09203875807259289,0.09203875811754103,0.0920387581624901,0.09203875820743983,0.09203875825239036,0.09203875829734161,0.0920387583422936,0.09203875838724633,0.09203875843219979,0.09203875847715415,0.0920387585221091,0.0920387585670648,0.09203875861202127,0.09203875865697851,0.09203875870193647,0.0920387587468952,0.09203875879185462,0.0920387588368149,0.0920387588817758,0.09203875892673752,0.09203875897169993,0.0920387590166632,0.09203875906162713,0.09203875910659179,0.09203875915155728,0.0920387591965234,0.09203875924149034,0.09203875928645798,0.09203875933142634,0.09203875937639551,0.09203875942136541,0.09203875946633608,0.09203875951130745,0.09203875955627959,0.09203875960125249,0.092038759646226,0.09203875969120025,0.09203875973617545,0.09203875978115122,0.0920387598261278,0.09203875987110516,0.09203875991608328,0.0920387599610622,0.09203876000604179,0.0920387600510221,0.09203876009600315,0.092038760140985,0.09203876018596753,0.0920387602309509,0.09203876027593497,0.09203876032091977,0.09203876036590534,0.09203876041089162,0.09203876045587868,0.09203876050086658,0.09203876054585501,0.09203876059084425,0.09203876063583412,0.0920387606808248,0.09203876072581625,0.09203876077080846,0.09203876081580142,0.09203876086079511,0.09203876090578954,0.09203876095078473,0.09203876099578062,0.09203876104077728,0.09203876108577469,0.09203876113077278,0.09203876117577164,0.09203876122077129,0.09203876126577168,0.09203876131077272,0.09203876135577453,0.09203876140077721,0.0920387614457805,0.09203876149078459,0.09203876153578941,0.09203876158079496,0.09203876162580134,0.09203876167080835,0.09203876171581614,0.09203876176082454,0.09203876180583377,0.09203876185084375,0.09203876189585439,0.0920387619408658,0.09203876198587799,0.09203876203089094,0.09203876207590456,0.09203876212091897,0.09203876216593411,0.09203876221095005,0.09203876225596669,0.09203876230098407,0.09203876234600217,0.09203876239102098,0.0920387624360405,0.09203876248106074,0.09203876252608169,0.09203876257110342,0.09203876261612595,0.09203876266114913,0.09203876270617307,0.09203876275119784,0.09203876279622324,0.09203876284124939,0.09203876288627637,0.09203876293130399,0.09203876297633237,0.09203876302136142,0.09203876306639121,0.09203876311142187,0.09203876315645317,0.09203876320148524,0.092038763246518,0.09203876329155153,0.09203876333658575,0.09203876338162076,0.09203876342665643,0.09203876347169293,0.09203876351673013,0.09203876356176802,0.09203876360680668,0.09203876365184613,0.09203876369688625,0.09203876374192713,0.09203876378696868,0.09203876383201093,0.09203876387705398,0.09203876392209777,0.09203876396714225,0.09203876401218757,0.09203876405723352,0.09203876410228017,0.09203876414732763,0.09203876419237582,0.09203876423742473,0.09203876428247436,0.09203876432752475,0.09203876437257584,0.09203876441762768,0.09203876446268025,0.09203876450773356,0.09203876455278757,0.09203876459784212,0.09203876464289762,0.09203876468795422,0.09203876473301123,0.09203876477806894,0.09203876482312734,0.0920387648681865,0.09203876491324632,0.09203876495830693,0.09203876500336823,0.0920387650484303,0.09203876509349308,0.09203876513855662,0.09203876518362089,0.09203876522868584,0.09203876527375142,0.0920387653188178,0.09203876536388496,0.09203876540895277,0.09203876545402148,0.09203876549909074,0.09203876554416084,0.09203876558923159,0.09203876563430315,0.09203876567937531,0.09203876572444833,0.09203876576952198,0.09203876581459627,0.09203876585967141,0.09203876590474727,0.09203876594982381,0.09203876599490117,0.09203876603997921,0.09203876608505795,0.09203876613013749,0.09203876617521771,0.09203876622029866,0.09203876626538045,0.09203876631046282,0.09203876635554593,0.09203876640062977,0.09203876644571438,0.09203876649079966,0.09203876653588568,0.09203876658097243,0.09203876662605986,0.09203876667114808,0.09203876671623692,0.09203876676132665,0.09203876680641698,0.09203876685150804,0.0920387668965999,0.09203876694169238,0.09203876698678572,0.0920387670318797,0.09203876707697442,0.09203876712206993,0.09203876716716605,0.09203876721226302,0.09203876725736058,0.0920387673024589,0.09203876734755796,0.09203876739265772,0.09203876743775823,0.09203876748285937,0.0920387675279613,0.092038767573064,0.09203876761816739,0.09203876766327143,0.09203876770837625,0.09203876775348176,0.09203876779858805,0.09203876784369505,0.0920387678888027,0.09203876793391108,0.09203876797902023,0.09203876802413008,0.09203876806924066,0.09203876811435197,0.09203876815946395,0.0920387682045767,0.09203876824969015,0.09203876829480434,0.09203876833991922,0.09203876838503484,0.0920387684301511,0.09203876847526808,0.09203876852038588,0.09203876856550433,0.09203876861062354,0.09203876865574344,0.0920387687008642,0.09203876874598556,0.09203876879110762,0.09203876883623043,0.09203876888135393,0.09203876892647819,0.09203876897160314,0.0920387690167288,0.09203876906185514,0.09203876910698222,0.09203876915211004,0.09203876919723859,0.09203876924236784,0.09203876928749781,0.09203876933262851,0.09203876937775993,0.09203876942289203,0.09203876946802488,0.09203876951315844,0.0920387695582927,0.09203876960342762,0.09203876964856332,0.09203876969369977,0.09203876973883687,0.0920387697839747,0.09203876982911326,0.09203876987425258,0.09203876991939251,0.09203876996453327,0.09203877000967464,0.09203877005481678,0.09203877009995966,0.09203877014510328,0.09203877019024749,0.09203877023539253,0.09203877028053818,0.09203877032568465,0.09203877037083173,0.09203877041597963,0.09203877046112817,0.09203877050627746,0.09203877055142747,0.09203877059657817,0.09203877064172959,0.0920387706868817,0.09203877073203455,0.09203877077718813,0.09203877082234237,0.09203877086749734,0.09203877091265303,0.0920387709578094,0.09203877100296652,0.09203877104812436,0.09203877109328287,0.09203877113844212,0.09203877118360211,0.09203877122876275,0.09203877127392417,0.0920387713190863,0.09203877136424916,0.09203877140941266,0.09203877145457708,0.0920387714997421,0.09203877154490775,0.09203877159007406,0.09203877163524117,0.092038771680409,0.09203877172557746,0.09203877177074664,0.09203877181591656,0.09203877186108719,0.0920387719062585,0.09203877195143062,0.09203877199660332,0.09203877204177685,0.09203877208695095,0.09203877213212586,0.09203877217730147,0.09203877222247774,0.09203877226765472,0.09203877231283242,0.09203877235801086,0.09203877240318996,0.09203877244836978,0.09203877249355029,0.09203877253873151,0.09203877258391342,0.09203877262909607,0.09203877267427932,0.09203877271946337,0.09203877276464827,0.09203877280983372,0.09203877285501993,0.09203877290020686,0.09203877294539442,0.09203877299058275,0.09203877303577176,0.09203877308096144,0.0920387731261519,0.09203877317134306,0.09203877321653492,0.09203877326172746,0.09203877330692073,0.09203877335211472,0.09203877339730938,0.09203877344250476,0.09203877348770081,0.09203877353289759,0.09203877357809506,0.09203877362329327,0.09203877366849214,0.0920387737136917,0.09203877375889222,0.09203877380409325,0.09203877384929492,0.09203877389449733,0.09203877393970042,0.09203877398490422,0.09203877403010875,0.092038774075314,0.09203877412051989,0.09203877416572655,0.09203877421093386,0.09203877425614188,0.09203877430135063,0.09203877434656009,0.09203877439177019,0.09203877443698107,0.09203877448219257,0.09203877452740483,0.09203877457261775,0.09203877461783147,0.0920387746630458,0.09203877470826086,0.09203877475347662,0.09203877479869309,0.09203877484391024,0.09203877488912808,0.09203877493434663,0.0920387749795659,0.09203877502478593,0.09203877507000663,0.09203877511522798,0.09203877516045005,0.0920387752056728,0.09203877525089628,0.0920387752961204,0.09203877534134537,0.09203877538657096,0.09203877543179723,0.09203877547702415,0.09203877552225183,0.09203877556748022,0.09203877561270925,0.092038775657939,0.09203877570316947,0.09203877574840061,0.09203877579363245,0.09203877583886502,0.09203877588409828,0.09203877592933227,0.0920387759745669,0.09203877601980226,0.09203877606503834,0.09203877611027506,0.09203877615551254,0.09203877620075063,0.09203877624598944,0.0920387762912289,0.09203877633646913,0.09203877638171006,0.09203877642695164,0.09203877647219398,0.09203877651743697,0.09203877656268067,0.09203877660792496,0.09203877665317006,0.09203877669841584,0.09203877674366234,0.0920387767889095,0.09203877683415745,0.09203877687940606,0.09203877692465535,0.09203877696990531,0.09203877701515592,0.09203877706040732,0.09203877710565933,0.09203877715091204,0.09203877719616549,0.09203877724141966,0.0920387772866745,0.09203877733192999,0.0920387773771862,0.09203877742244315,0.09203877746770073,0.09203877751295907,0.09203877755821806,0.0920387776034777,0.09203877764873811,0.0920387776939991,0.09203877773926089,0.09203877778452337,0.09203877782978649,0.09203877787505034,0.09203877792031495,0.09203877796558024,0.09203877801084617,0.09203877805611275,0.09203877810138011,0.09203877814664807,0.09203877819191675,0.0920387782371861,0.09203877828245616,0.09203877832772694,0.09203877837299837,0.09203877841827053,0.09203877846354326,0.09203877850881677,0.09203877855409094,0.09203877859936589,0.09203877864464151,0.09203877868991786,0.0920387787351948,0.09203877878047248,0.0920387788257509,0.09203877887102999,0.09203877891630967,0.09203877896159016,0.09203877900687125,0.09203877905215303,0.09203877909743555,0.09203877914271873,0.09203877918800259,0.09203877923328718,0.09203877927857243,0.0920387793238583,0.09203877936914501,0.09203877941443227,0.09203877945972028,0.09203877950500901,0.09203877955029839,0.09203877959558843,0.09203877964087916,0.0920387796861706,0.09203877973146268,0.09203877977675566,0.0920387798220491,0.09203877986734323,0.09203877991263815,0.09203877995793365,0.09203878000322993,0.09203878004852688,0.09203878009382452,0.09203878013912285,0.09203878018442185,0.09203878022972141,0.09203878027502181,0.0920387803203229,0.09203878036562466,0.09203878041092704,0.09203878045623017,0.09203878050153391,0.09203878054683844,0.09203878059214372,0.09203878063744955,0.09203878068275603,0.09203878072806326,0.09203878077337123,0.09203878081867979,0.09203878086398905,0.09203878090929901,0.09203878095460963,0.09203878099992097,0.09203878104523291,0.0920387810905456,0.09203878113585896,0.09203878118117306,0.09203878122648776,0.09203878127180325,0.09203878131711939,0.09203878136243611,0.0920387814077536,0.0920387814530717,0.09203878149839052,0.09203878154371006,0.09203878158903017,0.09203878163435107,0.0920387816796727,0.09203878172499493,0.09203878177031787,0.09203878181564151,0.09203878186096585,0.09203878190629086,0.09203878195161655,0.09203878199694282,0.09203878204226988,0.09203878208759761,0.09203878213292602,0.09203878217825508,0.09203878222358483,0.09203878226891525,0.09203878231424628,0.092038782359578,0.09203878240491048,0.09203878245024363,0.09203878249557747,0.09203878254091202,0.09203878258624713,0.09203878263158306,0.09203878267691964,0.09203878272225688,0.09203878276759485,0.09203878281293346,0.09203878285827274,0.09203878290361267,0.09203878294895336,0.09203878299429459,0.09203878303963668,0.09203878308497931,0.0920387831303226,0.0920387831756666,0.09203878322101137,0.09203878326635673,0.09203878331170288,0.09203878335704968,0.09203878340239705,0.09203878344774516,0.09203878349309395,0.09203878353844328,0.09203878358379337,0.09203878362914415,0.09203878367449564,0.09203878371984789,0.09203878376520071,0.09203878381055418,0.09203878385590833,0.09203878390126316,0.09203878394661869,0.09203878399197489,0.09203878403733176,0.09203878408268933,0.09203878412804756,0.09203878417340634,0.09203878421876595,0.09203878426412619,0.09203878430948702,0.09203878435484852,0.09203878440021078,0.09203878444557378,0.09203878449093737,0.09203878453630174,0.09203878458166673,0.0920387846270324,0.09203878467239875,0.09203878471776579,0.09203878476313347,0.09203878480850182,0.09203878485387086,0.0920387848992406,0.09203878494461108,0.09203878498998214,0.0920387850353539,0.09203878508072634,0.09203878512609948,0.09203878517147321,0.09203878521684769,0.09203878526222284,0.09203878530759856,0.092038785352975,0.09203878539835207,0.09203878544373008,0.09203878548910865,0.09203878553448772,0.09203878557986754,0.09203878562524799,0.09203878567062916,0.092038785716011,0.09203878576139354,0.09203878580677666,0.09203878585216049,0.09203878589754504,0.09203878594293016,0.09203878598831593,0.09203878603370237,0.09203878607908954,0.09203878612447736,0.09203878616986592,0.092038786215255,0.09203878626064486,0.0920387863060354,0.09203878635142661,0.09203878639681846,0.09203878644221086,0.0920387864876041,0.09203878653299796,0.09203878657839251,0.09203878662378775,0.09203878666918366,0.09203878671458018,0.09203878675997748,0.09203878680537532,0.09203878685077405,0.09203878689617326,0.09203878694157311,0.0920387869869737,0.0920387870323749,0.09203878707777673,0.09203878712317924,0.0920387871685825,0.09203878721398646,0.09203878725939092,0.09203878730479613,0.09203878735020196,0.0920387873956086,0.09203878744101586,0.09203878748642373,0.09203878753183233,0.09203878757724157,0.09203878762265148,0.0920387876680621,0.09203878771347335,0.09203878775888515,0.09203878780429768,0.09203878784971095,0.09203878789512485,0.0920387879405394,0.09203878798595462,0.0920387880313705,0.09203878807678707,0.09203878812220426,0.09203878816762215,0.09203878821304069,0.09203878825845993,0.09203878830387978,0.09203878834930032,0.09203878839472157,0.09203878844014345,0.092038788485566,0.09203878853098922,0.09203878857641311,0.09203878862183763,0.09203878866726282,0.09203878871268868,0.0920387887581152,0.09203878880354242,0.09203878884897021,0.09203878889439877,0.0920387889398278,0.0920387889852576,0.09203878903068811,0.09203878907611925,0.09203878912155104,0.09203878916698349,0.09203878921241669,0.09203878925785047,0.09203878930328496,0.09203878934872022,0.092038789394156,0.09203878943959243,0.09203878948502962,0.09203878953046736,0.09203878957590578,0.0920387896213451,0.09203878966678485,0.09203878971222526,0.09203878975766627,0.09203878980310812,0.09203878984855049,0.0920387898939936,0.09203878993943733,0.09203878998488171,0.09203879003032675,0.09203879007577247,0.09203879012121884,0.09203879016666586,0.09203879021211352,0.09203879025756184,0.09203879030301089,0.0920387903484606,0.0920387903939109,0.09203879043936197,0.09203879048481357,0.09203879053026591,0.09203879057571887,0.0920387906211725,0.09203879066662674,0.09203879071208168,0.09203879075753725,0.09203879080299356,0.09203879084845043,0.09203879089390803,0.0920387909393662,0.09203879098482515,0.09203879103028466,0.09203879107574492,0.09203879112120576,0.09203879116666733,0.09203879121212949,0.09203879125759232,0.09203879130305581,0.09203879134851993,0.09203879139398478,0.09203879143945025,0.09203879148491631,0.09203879153038313,0.09203879157585054,0.09203879162131863,0.09203879166678733,0.09203879171225675,0.09203879175772674,0.09203879180319739,0.09203879184866869,0.09203879189414071,0.0920387919396134,0.09203879198508666,0.09203879203056063,0.09203879207603517,0.09203879212151043,0.09203879216698632,0.09203879221246285,0.09203879225794011,0.09203879230341797,0.09203879234889645,0.09203879239437562,0.09203879243985551,0.09203879248533593,0.09203879253081708,0.09203879257629881,0.09203879262178129,0.09203879266726443,0.0920387927127482,0.09203879275823261,0.09203879280371773,0.0920387928492034,0.09203879289468997,0.09203879294017696,0.09203879298566468,0.09203879303115298,0.09203879307664206,0.0920387931221317,0.09203879316762198,0.0920387932131129,0.09203879325860452,0.09203879330409657,0.09203879334958953,0.09203879339508307,0.09203879344057729,0.09203879348607216,0.09203879353156767,0.09203879357706388,0.09203879362256069,0.09203879366805819,0.09203879371355626,0.09203879375905527,0.09203879380455479,0.09203879385005499,0.09203879389555585,0.09203879394105723,0.09203879398655927,0.09203879403206197,0.09203879407756527,0.09203879412306923,0.09203879416857394,0.0920387942140792,0.09203879425958511,0.09203879430509178,0.09203879435059893,0.09203879439610693,0.09203879444161542,0.09203879448712463,0.09203879453263442,0.09203879457814484,0.09203879462365594,0.09203879466916773,0.09203879471468018,0.0920387947601932,0.09203879480570694,0.09203879485122121,0.09203879489673619,0.0920387949422519,0.09203879498776814,0.09203879503328509,0.09203879507880264,0.09203879512432091,0.09203879516983976,0.09203879521535925,0.09203879526087945,0.09203879530640023,0.0920387953519217,0.0920387953974438,0.09203879544296653,0.09203879548848991,0.09203879553401392,0.0920387955795386,0.09203879562506392,0.09203879567058988,0.09203879571611652,0.09203879576164378,0.09203879580717175,0.09203879585270029,0.09203879589822946,0.09203879594375937,0.09203879598928986,0.09203879603482097,0.09203879608035274,0.0920387961258852,0.09203879617141826,0.092038796216952,0.09203879626248632,0.09203879630802134,0.09203879635355701,0.09203879639909329,0.09203879644463026,0.09203879649016786,0.09203879653570608,0.092038796581245,0.09203879662678449,0.09203879667232466,0.09203879671786545,0.09203879676340686,0.09203879680894897,0.09203879685449168,0.09203879690003504,0.09203879694557905,0.09203879699112369,0.09203879703666895,0.09203879708221487,0.09203879712776147,0.09203879717330868,0.09203879721885655,0.0920387972644049,0.09203879730995408,0.09203879735550384,0.09203879740105424,0.09203879744660529,0.09203879749215696,0.09203879753770935,0.09203879758326243,0.09203879762881613,0.09203879767437036,0.09203879771992528,0.09203879776548075,0.09203879781103695,0.0920387978565937,0.09203879790215116,0.0920387979477093,0.09203879799326803,0.0920387980388274,0.09203879808438743,0.09203879812994806,0.09203879817550939,0.09203879822107133,0.09203879826663387,0.0920387983121971,0.09203879835776098,0.09203879840332546,0.09203879844889062,0.09203879849445636,0.09203879854002281,0.09203879858558983,0.09203879863115748,0.09203879867672583,0.09203879872229476,0.09203879876786433,0.09203879881343456,0.09203879885900543,0.09203879890457696,0.09203879895014912,0.09203879899572194,0.09203879904129536,0.09203879908686945,0.09203879913244399,0.09203879917801933,0.09203879922359527,0.0920387992691719,0.09203879931474909,0.092038799360327,0.09203879940590551,0.09203879945148469,0.0920387994970645,0.09203879954264495,0.09203879958822603,0.09203879963380754,0.09203879967938985,0.09203879972497284,0.09203879977055644,0.09203879981614063,0.09203879986172546,0.09203879990731102,0.09203879995289714,0.0920387999984839,0.09203880004407136,0.09203880008965962,0.09203880013524827,0.09203880018083754,0.09203880022642737,0.09203880027201793,0.09203880031760915,0.09203880036320096,0.09203880040879331,0.09203880045438645,0.09203880049998016,0.09203880054557453,0.09203880059116958,0.09203880063676519,0.09203880068236127,0.09203880072795824,0.09203880077355575,0.0920388008191539,0.09203880086475268,0.09203880091035213,0.09203880095595217,0.09203880100155291,0.09203880104715423,0.09203880109275624,0.09203880113835884,0.09203880118396203,0.0920388012295659,0.09203880127517035,0.09203880132077548,0.09203880136638122,0.0920388014119876,0.09203880145759458,0.09203880150320223,0.09203880154881057,0.09203880159441948,0.09203880164002902,0.09203880168563916,0.09203880173124995,0.09203880177686138,0.09203880182247345,0.09203880186808613,0.09203880191369944,0.09203880195931342,0.09203880200492798,0.09203880205054311,0.09203880209615897,0.0920388021417754,0.09203880218739252,0.09203880223301023,0.09203880227862851,0.09203880232424752,0.09203880236986721,0.09203880241548738,0.09203880246110821,0.0920388025067297,0.0920388025523519,0.09203880259797462,0.09203880264359802,0.09203880268922199,0.09203880273484662,0.09203880278047188,0.09203880282609776,0.09203880287172422,0.09203880291735136,0.09203880296297907,0.09203880300860755,0.09203880305423656,0.09203880309986623,0.09203880314549653,0.09203880319112738,0.0920388032367589,0.09203880328239103,0.09203880332802383,0.09203880337365726,0.09203880341929133,0.0920388034649259,0.09203880351056118,0.09203880355619715,0.09203880360183361,0.09203880364747076,0.09203880369310853,0.09203880373874689,0.0920388037843859,0.09203880383002555,0.09203880387566586,0.09203880392130671,0.09203880396694822,0.0920388040125904,0.09203880405823317,0.09203880410387652,0.09203880414952051,0.09203880419516514,0.09203880424081043,0.09203880428645635,0.09203880433210282,0.09203880437775,0.09203880442339771,0.0920388044690461,0.09203880451469516,0.0920388045603448,0.09203880460599506,0.09203880465164599,0.09203880469729749,0.09203880474294958,0.09203880478860232,0.09203880483425572,0.09203880487990969,0.09203880492556427,0.09203880497121952,0.09203880501687538,0.09203880506253174,0.09203880510818885,0.09203880515384659,0.09203880519950491,0.0920388052451639,0.0920388052908235,0.0920388053364838,0.09203880538214466,0.09203880542780601,0.09203880547346811,0.09203880551913077,0.0920388055647941,0.09203880561045798,0.09203880565612256,0.09203880570178775,0.09203880574745352,0.09203880579311997,0.09203880583878696,0.09203880588445465,0.09203880593012291,0.09203880597579177,0.09203880602146129,0.09203880606713137,0.09203880611280214,0.09203880615847351,0.09203880620414553,0.09203880624981814,0.09203880629549138,0.09203880634116521,0.09203880638683964,0.0920388064325147,0.0920388064781904,0.0920388065238667,0.09203880656954365,0.09203880661522129,0.09203880666089952,0.09203880670657832,0.09203880675225776,0.09203880679793794,0.0920388068436186,0.09203880688929986,0.09203880693498172,0.09203880698066458,0.09203880702634758,0.09203880707203131,0.09203880711771566,0.09203880716340067,0.09203880720908623,0.09203880725477241,0.09203880730045923,0.09203880734614665,0.09203880739183468,0.09203880743752339,0.0920388074832126,0.09203880752890253,0.09203880757459304,0.09203880762028414,0.09203880766597608,0.09203880771166846,0.09203880775736142,0.09203880780305503,0.0920388078487492,0.09203880789444421,0.09203880794013958,0.09203880798583566,0.0920388080315323,0.09203880807722954,0.09203880812292742,0.09203880816862595,0.09203880821432507,0.09203880826002481,0.09203880830572514,0.09203880835142599,0.09203880839712753,0.09203880844282973,0.09203880848853253,0.09203880853423596,0.09203880857994001,0.09203880862564467,0.09203880867134993,0.09203880871705578,0.09203880876276226,0.09203880880846932,0.092038808854177,0.09203880889988515,0.09203880894559413,0.0920388089913036,0.09203880903701377,0.0920388090827245,0.09203880912843591,0.09203880917414786,0.09203880921986045,0.09203880926557372,0.09203880931128748,0.0920388093570019,0.09203880940271696,0.09203880944843265,0.09203880949414892,0.09203880953986575,0.09203880958558326,0.09203880963130129,0.09203880967702004,0.0920388097227394,0.09203880976845931,0.09203880981417983,0.09203880985990098,0.0920388099056228,0.09203880995134513,0.09203880999706811,0.09203881004279174,0.09203881008851589,0.09203881013424062,0.09203881017996607,0.09203881022569205,0.0920388102714187,0.09203881031714596,0.0920388103628739,0.09203881040860241,0.09203881045433139,0.09203881050006109,0.09203881054579141,0.09203881059152233,0.09203881063725387,0.092038810682986,0.0920388107287187,0.09203881077445208,0.092038810820186,0.09203881086592053,0.0920388109116557,0.09203881095739147,0.0920388110031278,0.09203881104886485,0.09203881109460242,0.09203881114034054,0.0920388111860793,0.09203881123181873,0.09203881127755884,0.09203881132329945,0.0920388113690407,0.09203881141478251,0.09203881146052495,0.09203881150626803,0.09203881155201167,0.0920388115977559,0.09203881164350079,0.09203881168924621,0.09203881173499229,0.09203881178073893,0.09203881182648625,0.09203881187223413,0.09203881191798265,0.09203881196373169,0.09203881200948136,0.09203881205523161,0.09203881210098254,0.09203881214673405,0.09203881219248616,0.09203881223823887,0.09203881228399223,0.09203881232974617,0.0920388123755008,0.09203881242125592,0.09203881246701166,0.09203881251276799,0.09203881255852493,0.09203881260428251,0.09203881265004067,0.0920388126957994,0.09203881274155878,0.09203881278731872,0.09203881283307934,0.09203881287884047,0.09203881292460227,0.09203881297036465,0.09203881301612772,0.09203881306189132,0.09203881310765552,0.09203881315342032,0.09203881319918569,0.09203881324495171,0.0920388132907183,0.09203881333648548,0.09203881338225327,0.0920388134280217,0.09203881347379063,0.0920388135195602,0.09203881356533045,0.09203881361110126,0.09203881365687268,0.09203881370264473,0.09203881374841734,0.09203881379419061,0.0920388138399645,0.09203881388573888,0.09203881393151386,0.09203881397728937,0.09203881402306556,0.09203881406884236,0.09203881411461978,0.09203881416039775,0.09203881420617636,0.09203881425195556,0.09203881429773542,0.09203881434351582,0.0920388143892968,0.09203881443507839,0.09203881448086063,0.09203881452664342,0.09203881457242678,0.09203881461821083,0.0920388146639954,0.09203881470978065,0.09203881475556644,0.09203881480135279,0.09203881484713979,0.09203881489292738,0.09203881493871556,0.09203881498450436,0.09203881503029379,0.09203881507608373,0.09203881512187431,0.0920388151676655,0.09203881521345723,0.09203881525924962,0.09203881530504258,0.09203881535083612,0.09203881539663031,0.09203881544242504,0.09203881548822039,0.09203881553401634,0.09203881557981293,0.09203881562561005,0.09203881567140779,0.0920388157172061,0.09203881576300503,0.09203881580880456,0.09203881585460469,0.09203881590040543,0.0920388159462067,0.09203881599200868,0.09203881603781115,0.09203881608361424,0.09203881612941794,0.09203881617522226,0.09203881622102712,0.09203881626683263,0.09203881631263869,0.09203881635844537,0.09203881640425265,0.09203881645006043,0.09203881649586891,0.09203881654167796,0.09203881658748758,0.09203881663329752,0.09203881667910832,0.09203881672491973,0.09203881677073174,0.0920388168165443,0.09203881686235753,0.09203881690817134,0.09203881695398575,0.09203881699980072,0.09203881704561628,0.09203881709143247,0.09203881713724921,0.09203881718306657,0.09203881722888452,0.09203881727470303,0.09203881732052215,0.09203881736634187,0.09203881741216217,0.0920388174579831,0.09203881750380455,0.09203881754962658,0.09203881759544928,0.0920388176412726,0.09203881768709644,0.09203881773292089,0.09203881777874591,0.09203881782457159,0.09203881787039776,0.09203881791622454,0.09203881796205195,0.09203881800787997,0.09203881805370855,0.09203881809953772,0.0920388181453675,0.09203881819119783,0.09203881823702878,0.09203881828286034,0.09203881832869251,0.09203881837452524,0.09203881842035858,0.09203881846619245,0.09203881851202694,0.09203881855786203,0.09203881860369773,0.09203881864953395,0.09203881869537081,0.09203881874120826,0.09203881878704634,0.09203881883288495,0.09203881887872416,0.09203881892456395,0.09203881897040429,0.09203881901624536,0.09203881906208687,0.09203881910792866,0.09203881915377139,0.09203881919961474,0.09203881924545863,0.09203881929130309,0.0920388193371482,0.09203881938299385,0.09203881942884011,0.09203881947468694,0.09203881952053428,0.09203881956638224,0.09203881961223094,0.09203881965808022,0.09203881970392999,0.0920388197497804,0.0920388197956314,0.0920388198414829,0.09203881988733507,0.09203881993318778,0.09203881997904112,0.09203882002489498,0.09203882007074946,0.0920388201166045,0.09203882016246016,0.0920388202083164,0.09203882025417318,0.09203882030003056,0.09203882034588855,0.09203882039174717,0.0920388204376063,0.09203882048346604,0.09203882052932637,0.09203882057518718,0.09203882062104865,0.09203882066691078,0.09203882071277343,0.09203882075863673,0.09203882080450053,0.09203882085036497,0.09203882089622996,0.09203882094209559,0.09203882098796173,0.09203882103382854,0.09203882107969592,0.0920388211255639,0.09203882117143236,0.09203882121730145,0.09203882126317108,0.09203882130904133,0.09203882135491215,0.0920388214007836,0.09203882144665561,0.09203882149252819,0.09203882153840115,0.09203882158427508,0.09203882163014941,0.09203882167602434,0.09203882172189992,0.09203882176777595,0.09203882181365262,0.09203882185952986,0.09203882190540763,0.09203882195128608,0.09203882199716508,0.09203882204304466,0.09203882208892482,0.09203882213480552,0.09203882218068687,0.09203882222656876,0.09203882227245119,0.09203882231833427,0.09203882236421784,0.09203882241010208,0.09203882245598688,0.09203882250187229,0.09203882254775826,0.09203882259364479,0.0920388226395319,0.09203882268541964,0.09203882273130791,0.09203882277719677,0.09203882282308616,0.09203882286897618,0.09203882291486679,0.09203882296075788,0.09203882300664962,0.09203882305254193,0.09203882309843485,0.09203882314432833,0.09203882319022244,0.09203882323611703,0.09203882328201224,0.09203882332790805,0.0920388233738044,0.09203882341970128,0.09203882346559883,0.09203882351149698,0.09203882355739558,0.09203882360329484,0.09203882364919466,0.09203882369509511,0.09203882374099617,0.09203882378689776,0.09203882383279992,0.09203882387870269,0.09203882392460598,0.09203882397050984,0.0920388240164143,0.09203882406231935,0.092038824108225,0.0920388241541312,0.09203882420003796,0.0920388242459453,0.09203882429185326,0.0920388243377618,0.09203882438367085,0.0920388244295805,0.09203882447549074,0.09203882452140152,0.09203882456731287,0.09203882461322489,0.09203882465913733,0.09203882470505045,0.09203882475096418,0.09203882479687843,0.09203882484279334,0.0920388248887086,0.09203882493462456,0.09203882498054111,0.09203882502645826,0.09203882507237579,0.09203882511829391,0.09203882516421276,0.09203882521013218,0.09203882525605214,0.09203882530197274,0.09203882534789389,0.09203882539381561,0.09203882543973789,0.09203882548566075,0.09203882553158421,0.09203882557750824,0.09203882562343271,0.09203882566935792,0.09203882571528378,0.09203882576121002,0.09203882580713692,0.09203882585306433,0.0920388258989924,0.09203882594492103,0.09203882599085011,0.0920388260367799,0.09203882608271016,0.0920388261286411,0.09203882617457254,0.09203882622050462,0.09203882626643717,0.09203882631237034,0.09203882635830403,0.09203882640423836,0.09203882645017322,0.09203882649610869,0.0920388265420447,0.09203882658798124,0.0920388266339184,0.09203882667985613,0.09203882672579448,0.09203882677173349,0.0920388268176731,0.09203882686361321,0.0920388269095539,0.0920388269554951,0.09203882700143691,0.09203882704737924,0.09203882709332208,0.0920388271392655,0.09203882718520953,0.0920388272311541,0.09203882727709936,0.0920388273230451,0.09203882736899138,0.09203882741493824,0.09203882746088564,0.0920388275068337,0.09203882755278228,0.09203882759873146,0.0920388276446812,0.0920388276906315,0.09203882773658237,0.09203882778253376,0.09203882782848576,0.09203882787443826,0.0920388279203914,0.09203882796634509,0.09203882801229929,0.0920388280582541,0.09203882810420956,0.09203882815016545,0.09203882819612197,0.09203882824207903,0.09203882828803665,0.0920388283339949,0.09203882837995371,0.09203882842591304,0.09203882847187293,0.09203882851783343,0.09203882856379457,0.09203882860975622,0.09203882865571839,0.09203882870168129,0.09203882874764462,0.09203882879360853,0.09203882883957296,0.09203882888553802,0.09203882893150353,0.0920388289774697,0.09203882902343644,0.09203882906940374,0.09203882911537156,0.09203882916134003,0.09203882920730881,0.09203882925327835,0.09203882929924848,0.09203882934521912,0.09203882939119033,0.09203882943716213,0.09203882948313453,0.09203882952910739,0.09203882957508083,0.09203882962105485,0.09203882966702943,0.09203882971300459,0.09203882975898034,0.09203882980495669,0.09203882985093349,0.09203882989691091,0.09203882994288874,0.09203882998886732,0.09203883003484646,0.09203883008082615,0.09203883012680637,0.09203883017278722,0.0920388302187686,0.09203883026475043,0.09203883031073293,0.092038830356716,0.0920388304026996,0.09203883044868379,0.0920388304946685,0.09203883054065387,0.09203883058663959,0.09203883063262605,0.092038830678613,0.09203883072460056,0.09203883077058872,0.09203883081657722,0.09203883086256646,0.09203883090855626,0.09203883095454686,0.09203883100053777,0.09203883104652925,0.09203883109252142,0.09203883113851405,0.09203883118450723,0.09203883123050098,0.0920388312764953,0.09203883132249013,0.09203883136848559,0.09203883141448158,0.09203883146047816,0.09203883150647522,0.09203883155247294,0.09203883159847102,0.09203883164446981,0.09203883169046917,0.09203883173646905,0.0920388317824695,0.09203883182847056,0.0920388318744721,0.09203883192047427,0.09203883196647697,0.09203883201248017,0.092038832058484,0.09203883210448827,0.09203883215049326,0.09203883219649875,0.0920388322425048,0.0920388322885114,0.09203883233451848,0.09203883238052625,0.09203883242653449,0.0920388324725433,0.09203883251855267,0.09203883256456266,0.09203883261057316,0.09203883265658407,0.0920388327025957,0.09203883274860791,0.09203883279462069,0.09203883284063398,0.09203883288664784,0.09203883293266218,0.0920388329786772,0.09203883302469268,0.0920388330707086,0.0920388331167252,0.09203883316274238,0.0920388332087601,0.09203883325477842,0.09203883330079729,0.09203883334681669,0.09203883339283664,0.09203883343885715,0.09203883348487822,0.09203883353089987,0.09203883357692204,0.0920388336229448,0.09203883366896805,0.09203883371499194,0.09203883376101632,0.09203883380704128,0.09203883385306681,0.09203883389909286,0.09203883394511946,0.09203883399114667,0.09203883403717443,0.09203883408320271,0.09203883412923156,0.09203883417526089,0.09203883422129087,0.09203883426732139,0.09203883431335239,0.09203883435938404,0.0920388344054162,0.0920388344514489,0.09203883449748221,0.09203883454351602,0.09203883458955037,0.09203883463558532,0.09203883468162077,0.09203883472765696,0.09203883477369355,0.09203883481973074,0.09203883486576847,0.09203883491180671,0.09203883495784547,0.09203883500388485,0.09203883504992476,0.09203883509596524,0.0920388351420063,0.09203883518804783,0.09203883523408994,0.09203883528013271,0.09203883532617588,0.09203883537221973,0.09203883541826398,0.09203883546430884,0.09203883551035404,0.09203883555640002,0.09203883560244641,0.0920388356484935,0.09203883569454101,0.09203883574058921,0.09203883578663795,0.0920388358326872,0.09203883587873701,0.09203883592478744,0.0920388359708383,0.09203883601688974,0.09203883606294179,0.09203883610899438,0.09203883615504753,0.09203883620110115,0.09203883624715542,0.09203883629321018,0.09203883633926548,0.09203883638532132,0.0920388364313777,0.09203883647743467,0.09203883652349219,0.09203883656955025,0.0920388366156089,0.09203883666166805,0.09203883670772776,0.09203883675378796,0.09203883679984878,0.09203883684591012,0.09203883689197202,0.09203883693803451,0.09203883698409752,0.09203883703016105,0.09203883707622514,0.0920388371222898,0.09203883716835501,0.09203883721442058,0.09203883726048687,0.09203883730655374,0.09203883735262111,0.092038837398689,0.0920388374447575,0.09203883749082664,0.09203883753689615,0.09203883758296627,0.0920388376290369,0.09203883767510809,0.09203883772117986,0.09203883776725222,0.09203883781332502,0.09203883785939838,0.09203883790547232,0.09203883795154684,0.0920388379976219,0.09203883804369746,0.09203883808977352,0.0920388381358502,0.0920388381819274,0.09203883822800517,0.09203883827408342,0.0920388383201622,0.09203883836624159,0.09203883841232158,0.09203883845840206,0.0920388385044831,0.09203883855056466,0.09203883859664679,0.09203883864272948,0.09203883868881264,0.09203883873489642,0.09203883878098071,0.09203883882706555,0.0920388388731509,0.09203883891923684,0.09203883896532333,0.09203883901141037,0.09203883905749792,0.0920388391035861,0.09203883914967463,0.0920388391957638,0.09203883924185356,0.0920388392879438,0.09203883933403463,0.09203883938012597,0.0920388394262178,0.09203883947231023,0.09203883951840329,0.09203883956449681,0.09203883961059085,0.09203883965668545,0.09203883970278048,0.09203883974887611,0.09203883979497234,0.09203883984106907,0.09203883988716643,0.09203883993326425,0.0920388399793627,0.09203884002546162,0.09203884007156117,0.0920388401176612,0.09203884016376174,0.09203884020986285,0.09203884025596454,0.09203884030206667,0.09203884034816943,0.09203884039427267,0.09203884044037647,0.09203884048648082,0.09203884053258571,0.09203884057869116,0.09203884062479714,0.09203884067090361,0.09203884071701068,0.09203884076311827,0.0920388408092264,0.09203884085533509,0.09203884090144442,0.09203884094755417,0.09203884099366451,0.0920388410397753,0.09203884108588672,0.09203884113199862,0.09203884117811101,0.092038841224224,0.09203884127033755,0.09203884131645164,0.09203884136256621,0.09203884140868134,0.092038841454797,0.09203884150091317,0.09203884154702989,0.0920388415931472,0.09203884163926493,0.09203884168538314,0.09203884173150217,0.0920388417776216,0.09203884182374163,0.09203884186986211,0.09203884191598287,0.09203884196210445,0.09203884200822658,0.09203884205434923,0.0920388421004722,0.09203884214659608,0.09203884219272021,0.09203884223884516,0.0920388422849705,0.09203884233109635,0.09203884237722275,0.09203884242334973,0.09203884246947712,0.09203884251560514,0.0920388425617337,0.0920388426078628,0.09203884265399244,0.09203884270012265,0.09203884274625333,0.0920388427923846,0.09203884283851635,0.09203884288464853,0.09203884293078143,0.0920388429769148,0.0920388430230486,0.09203884306918306,0.09203884311531807,0.09203884316145351,0.09203884320758944,0.09203884325372601,0.09203884329986312,0.09203884334600075,0.09203884339213901,0.09203884343827776,0.092038843484417,0.09203884353055682,0.09203884357669687,0.09203884362283771,0.0920388436689791,0.09203884371512096,0.0920388437612634,0.09203884380740639,0.0920388438535501,0.09203884389969412,0.09203884394583868,0.09203884399198381,0.09203884403812952,0.09203884408427576,0.09203884413042246,0.09203884417656975,0.09203884422271749,0.09203884426886585,0.09203884431501466,0.09203884436116395,0.09203884440731387,0.09203884445346437,0.09203884449961532,0.09203884454576683,0.09203884459191886,0.09203884463807148,0.09203884468422463,0.09203884473037825,0.09203884477653242,0.0920388448226871,0.09203884486884228,0.09203884491499806,0.09203884496115437,0.09203884500731122,0.09203884505346856,0.09203884509962648,0.09203884514578488,0.09203884519194383,0.09203884523810325,0.09203884528426338,0.09203884533042393,0.09203884537658497,0.09203884542274654,0.0920388454689087,0.09203884551507142,0.09203884556123464,0.09203884560739835,0.09203884565356263,0.09203884569972733,0.09203884574589269,0.09203884579205851,0.0920388458382249,0.09203884588439179,0.09203884593055921,0.09203884597672715,0.09203884602289561,0.09203884606906465,0.09203884611523422,0.09203884616140426,0.09203884620757488,0.09203884625374599,0.09203884629991768,0.09203884634608983,0.09203884639226252,0.09203884643843578,0.09203884648460954,0.09203884653078385,0.0920388465769589,0.09203884662313423,0.0920388466693101,0.09203884671548655,0.09203884676166345,0.0920388468078408,0.09203884685401877,0.09203884690019724,0.09203884694637632,0.09203884699255586,0.09203884703873595,0.09203884708491683,0.09203884713109804,0.09203884717727961,0.09203884722346184,0.09203884726964454,0.09203884731582772,0.09203884736201143,0.09203884740819565,0.09203884745438048,0.09203884750056583,0.0920388475467517,0.0920388475929381,0.09203884763912498,0.09203884768531241,0.09203884773150037,0.09203884777768888,0.0920388478238779,0.09203884787006737,0.09203884791625748,0.09203884796244816,0.09203884800863925,0.0920388480548309,0.09203884810102297,0.0920388481472158,0.09203884819340902,0.09203884823960268,0.09203884828579684,0.0920388483319916,0.092038848378187,0.09203884842438305,0.0920388484705794,0.09203884851677621,0.09203884856297369,0.09203884860917161,0.09203884865537003,0.09203884870156884,0.09203884874776833,0.0920388487939683,0.0920388488401689,0.09203884888636997,0.09203884893257164,0.09203884897877347,0.09203884902497611,0.09203884907117929,0.09203884911738296,0.09203884916358716,0.09203884920979175,0.09203884925599698,0.09203884930220284,0.09203884934840909,0.09203884939461607,0.09203884944082336,0.09203884948703128,0.09203884953323956,0.09203884957944843,0.09203884962565788,0.0920388496718677,0.09203884971807819,0.09203884976428911,0.09203884981050066,0.09203884985671264,0.09203884990292518,0.09203884994913827,0.09203884999535185,0.09203885004156599,0.09203885008778058,0.09203885013399567,0.0920388501802113,0.0920388502264275,0.09203885027264422,0.09203885031886146,0.09203885036507918,0.09203885041129735,0.09203885045751607,0.09203885050373532,0.09203885054995517,0.09203885059617546,0.09203885064239624,0.09203885068861761,0.09203885073483938,0.09203885078106182,0.09203885082728475,0.09203885087350816,0.09203885091973213,0.09203885096595651,0.09203885101218111,0.09203885105840669,0.09203885110463267,0.09203885115085927,0.0920388511970863,0.09203885124331393,0.09203885128954206,0.09203885133577068,0.09203885138199984,0.09203885142822948,0.09203885147445964,0.09203885152069038,0.09203885156692158,0.0920388516131533,0.09203885165938551,0.09203885170561826,0.09203885175185146,0.09203885179808512,0.09203885184431944,0.09203885189055426,0.09203885193678978,0.09203885198302564,0.09203885202926206,0.09203885207549886,0.09203885212173607,0.09203885216797399,0.09203885221421237,0.09203885226045141,0.09203885230669091,0.09203885235293091,0.09203885239917128,0.09203885244541235,0.09203885249165386,0.09203885253789593,0.09203885258413853,0.09203885263038161,0.09203885267662512,0.09203885272286924,0.09203885276911386,0.09203885281535903,0.09203885286160465,0.09203885290785094,0.0920388529540975,0.09203885300034471,0.09203885304659234,0.09203885309284061,0.09203885313908947,0.09203885318533876,0.09203885323158856,0.09203885327783883,0.09203885332408969,0.09203885337034101,0.09203885341659282,0.09203885346284509,0.09203885350909798,0.09203885355535131,0.09203885360160524,0.09203885364785955,0.09203885369411476,0.09203885374037012,0.09203885378662603,0.09203885383288252,0.09203885387913943,0.09203885392539687,0.09203885397165457,0.09203885401791309,0.09203885406417216,0.09203885411043168,0.0920388541566917,0.09203885420295213,0.09203885424921328,0.09203885429547479,0.09203885434173684,0.09203885438799937,0.09203885443426245,0.09203885448052603,0.09203885452679014,0.09203885457305476,0.09203885461931989,0.09203885466558548,0.09203885471185191,0.09203885475811859,0.09203885480438602,0.09203885485065369,0.09203885489692194,0.09203885494319064,0.09203885498945988,0.09203885503572959,0.0920388550819998,0.09203885512827059,0.0920388551745418,0.09203885522081369,0.0920388552670859,0.09203885531335898,0.0920388553596323,0.09203885540590637,0.0920388554521807,0.09203885549845545,0.09203885554473083,0.09203885559100666,0.0920388556372833,0.09203885568356018,0.0920388557298375,0.09203885577611538,0.0920388558223939,0.09203885586867282,0.09203885591495217,0.09203885596123212,0.09203885600751252,0.09203885605379372,0.09203885610007545,0.09203885614635766,0.09203885619264016,0.09203885623892316,0.09203885628520657,0.09203885633149052,0.09203885637777508,0.09203885642405998,0.09203885647034542,0.0920388565166314,0.09203885656291791,0.09203885660920488,0.09203885665549263,0.0920388567017806,0.09203885674806907,0.09203885679435816,0.09203885684064804,0.0920388568869381,0.0920388569332289,0.09203885697951994,0.09203885702581172,0.0920388570721038,0.09203885711839636,0.09203885716468957,0.09203885721098319,0.0920388572572773,0.09203885730357188,0.09203885734986696,0.09203885739616273,0.09203885744245911,0.09203885748875576,0.09203885753505284,0.09203885758135055,0.09203885762764868,0.09203885767394736,0.09203885772024652,0.09203885776654619,0.09203885781284636,0.092038857859147,0.09203885790544816,0.09203885795174982,0.09203885799805202,0.09203885804435481,0.09203885809065794,0.09203885813696165,0.09203885818326588,0.09203885822957032,0.09203885827587528,0.09203885832218098,0.09203885836848721,0.09203885841479391,0.09203885846110113,0.09203885850740895,0.09203885855371717,0.09203885860002589,0.0920388586463351,0.09203885869264483,0.09203885873895504,0.09203885878526576,0.092038858831577,0.09203885887788878,0.09203885892420074,0.09203885897051349,0.09203885901682692,0.09203885906314065,0.09203885910945488,0.09203885915576959,0.09203885920208488,0.09203885924840044,0.09203885929471708,0.0920388593410337,0.09203885938735104,0.09203885943366874,0.09203885947998722,0.09203885952630594,0.09203885957262523,0.09203885961894495,0.09203885966526525,0.09203885971158601,0.0920388597579073,0.09203885980422916,0.09203885985055159,0.09203885989687434,0.09203885994319759,0.0920388599895214,0.09203886003584591,0.09203886008217066,0.09203886012849588,0.09203886017482153,0.0920388602211478,0.09203886026747454,0.0920388603138021,0.09203886036012984,0.09203886040645809,0.09203886045278693,0.09203886049911622,0.092038860545446,0.09203886059177624,0.09203886063810698,0.09203886068443826,0.09203886073077015,0.09203886077710242,0.09203886082343515,0.09203886086976842,0.09203886091610224,0.09203886096243662,0.09203886100877151,0.09203886105510678,0.09203886110144252,0.09203886114777896,0.09203886119411578,0.09203886124045325,0.09203886128679094,0.09203886133312922,0.09203886137946794,0.09203886142580722,0.09203886147214678,0.09203886151848702,0.09203886156482775,0.09203886161116893,0.09203886165751066,0.09203886170385284,0.09203886175019556,0.09203886179653877,0.0920388618428825,0.0920388618892267,0.09203886193557144,0.09203886198191674,0.09203886202826242,0.0920388620746086,0.09203886212095527,0.09203886216730248,0.09203886221365003,0.09203886225999823,0.09203886230634692,0.092038862352696,0.09203886239904571,0.09203886244539582,0.09203886249174645,0.0920388625380976,0.09203886258444924,0.09203886263080135,0.092038862677154,0.09203886272350709,0.09203886276986076,0.09203886281621482,0.09203886286256942,0.09203886290892452,0.09203886295528006,0.09203886300163616,0.09203886304799275,0.09203886309434983,0.0920388631407074,0.0920388631870654,0.09203886323342393,0.09203886327978292,0.09203886332614214,0.09203886337250208,0.09203886341886262,0.09203886346522364,0.09203886351158512,0.09203886355794716,0.09203886360430957,0.09203886365067267,0.09203886369703616,0.09203886374340013,0.0920388637897646,0.0920388638361295,0.09203886388249496,0.09203886392886089,0.09203886397522724,0.09203886402159416,0.09203886406796158,0.09203886411432945,0.09203886416069781,0.09203886420706663,0.09203886425343592,0.09203886429980578,0.09203886434617618,0.09203886439254705,0.0920388644389184,0.09203886448529028,0.09203886453166255,0.09203886457803534,0.09203886462440856,0.09203886467078243,0.09203886471715673,0.09203886476353135,0.09203886480990663,0.09203886485628232,0.09203886490265858,0.09203886494903525,0.09203886499541251,0.09203886504179022,0.09203886508816847,0.09203886513454718,0.0920388651809264,0.09203886522730602,0.09203886527368624,0.09203886532006687,0.09203886536644805,0.09203886541282975,0.09203886545921179,0.09203886550559424,0.0920388655519774,0.09203886559836105,0.09203886564474502,0.09203886569112954,0.09203886573751485,0.09203886578390041,0.09203886583028649,0.09203886587667302,0.09203886592306007,0.09203886596944755,0.0920388660158355,0.09203886606222395,0.09203886610861296,0.09203886615500241,0.09203886620139241,0.09203886624778285,0.09203886629417365,0.09203886634056507,0.09203886638695694,0.09203886643334926,0.0920388664797421,0.09203886652613552,0.09203886657252942,0.09203886661892373,0.09203886666531855,0.09203886671171387,0.0920388667581097,0.09203886680450582,0.09203886685090258,0.09203886689729983,0.09203886694369773,0.09203886699009604,0.0920388670364948,0.09203886708289402,0.0920388671292936,0.0920388671756938,0.09203886722209445,0.0920388672684952,0.09203886731489683,0.09203886736129895,0.09203886740770154,0.09203886745410456,0.09203886750050816,0.09203886754691228,0.09203886759331671,0.09203886763972177,0.09203886768612726,0.09203886773253328,0.09203886777893984,0.0920388678253468,0.09203886787175426,0.09203886791816218,0.09203886796457059,0.09203886801097953,0.0920388680573891,0.092038868103799,0.09203886815020938,0.09203886819662023,0.09203886824303158,0.0920388682894434,0.09203886833585576,0.0920388683822685,0.09203886842868184,0.09203886847509563,0.09203886852150987,0.0920388685679246,0.09203886861433988,0.09203886866075553,0.09203886870717183,0.09203886875358855,0.09203886880000564,0.09203886884642358,0.09203886889284175,0.09203886893926032,0.09203886898567952,0.09203886903209907,0.09203886907851914,0.0920388691249396,0.0920388691713606,0.09203886921778179,0.09203886926420374,0.09203886931062621,0.09203886935704908,0.09203886940347256,0.09203886944989642,0.0920388694963208,0.09203886954274569,0.09203886958917101,0.0920388696355968,0.09203886968202307,0.09203886972844987,0.09203886977487706,0.09203886982130483,0.092038869867733,0.09203886991416174,0.09203886996059095,0.09203887000702059,0.09203887005345075,0.09203887009988133,0.09203887014631244,0.09203887019274426,0.09203887023917626,0.0920388702856088,0.09203887033204186,0.0920388703784753,0.09203887042490928,0.09203887047134371,0.09203887051777863,0.09203887056421409,0.0920388706106501,0.09203887065708642,0.09203887070352329,0.09203887074996074,0.09203887079639873,0.09203887084283707,0.09203887088927591,0.09203887093571518,0.09203887098215494,0.09203887102859523,0.09203887107503587,0.092038871121477,0.09203887116791867,0.09203887121436082,0.09203887126080344,0.09203887130724642,0.09203887135369006,0.09203887140013402,0.09203887144657856,0.0920388714930236,0.09203887153946917,0.09203887158591502,0.09203887163236142,0.09203887167880836,0.09203887172525571,0.09203887177170361,0.09203887181815197,0.09203887186460037,0.09203887191104955,0.09203887195749928,0.09203887200394958,0.09203887205039986,0.09203887209685103,0.09203887214330271,0.09203887218975497,0.0920388722362076,0.09203887228266078,0.09203887232911438,0.09203887237556842,0.09203887242202297,0.09203887246847799,0.09203887251493349,0.09203887256138947,0.09203887260784588,0.09203887265430281,0.09203887270076018,0.0920388727472181,0.09203887279367642,0.09203887284013518,0.09203887288659447,0.0920388729330543,0.09203887297951457,0.09203887302597527,0.09203887307243644,0.09203887311889816,0.09203887316536039,0.092038873211823,0.09203887325828608,0.09203887330474964,0.09203887335121376,0.0920388733976783,0.09203887344414341,0.09203887349060887,0.09203887353707481,0.09203887358354121,0.09203887363000805,0.09203887367647545,0.09203887372294343,0.09203887376941175,0.09203887381588054,0.09203887386234957,0.09203887390881935,0.09203887395528954,0.09203887400176022,0.09203887404823136,0.09203887409470297,0.09203887414117522,0.09203887418764801,0.09203887423412106,0.09203887428059442,0.09203887432706838,0.09203887437354288,0.09203887442001778,0.09203887446649323,0.09203887451296892,0.09203887455944525,0.09203887460592207,0.09203887465239927,0.092038874698877,0.09203887474535523,0.09203887479183406,0.09203887483831323,0.09203887488479288,0.092038874931273,0.0920388749777536,0.09203887502423458,0.092038875070716,0.09203887511719802,0.0920388751636805,0.09203887521016343,0.09203887525664682,0.09203887530313083,0.0920388753496152,0.09203887539610006,0.09203887544258532,0.09203887548907114,0.09203887553555737,0.09203887558204403,0.09203887562853123,0.09203887567501894,0.09203887572150703,0.0920388757679956,0.09203887581448461,0.09203887586097409,0.09203887590746417,0.09203887595395464,0.09203887600044552,0.0920388760469369,0.09203887609342884,0.09203887613992105,0.09203887618641388,0.09203887623290719,0.09203887627940047,0.09203887632589468,0.0920388763723894,0.09203887641888443,0.09203887646538007,0.09203887651187614,0.09203887655837271,0.09203887660486976,0.09203887665136727,0.09203887669786519,0.09203887674436359,0.09203887679086252,0.0920388768373619,0.09203887688386173,0.09203887693036208,0.09203887697686278,0.09203887702336402,0.09203887706986574,0.09203887711636795,0.09203887716287056,0.09203887720937368,0.0920388772558773,0.0920388773023813,0.09203887734888584,0.09203887739539084,0.0920388774418963,0.09203887748840214,0.09203887753490855,0.09203887758141538,0.09203887762792262,0.0920388776744304,0.09203887772093862,0.0920388777674473,0.09203887781395673,0.09203887786046637,0.09203887790697643,0.092038877953487,0.09203887799999809,0.09203887804650963,0.09203887809302165,0.09203887813953404,0.09203887818604695,0.09203887823256024,0.09203887827907407,0.09203887832558837,0.09203887837210319,0.09203887841861821,0.09203887846513388,0.09203887851164999,0.0920388785581666,0.0920388786046837,0.09203887865120125,0.09203887869771932,0.09203887874423777,0.09203887879075674,0.09203887883727625,0.09203887888379607,0.09203887893031643,0.09203887897683734,0.09203887902335858,0.09203887906988024,0.09203887911640257,0.0920388791629252,0.09203887920944831,0.09203887925597189,0.09203887930249595,0.09203887934902046,0.09203887939554539,0.0920388794420709,0.09203887948859676,0.0920388795351231,0.09203887958164995,0.09203887962817726,0.09203887967470502,0.09203887972123309,0.09203887976776182,0.0920388798142905,0.09203887986082011,0.09203887990735012,0.09203887995388063,0.09203888000041165,0.09203888004694309,0.092038880093475,0.09203888014000731,0.09203888018654022,0.09203888023307354,0.09203888027960752,0.09203888032614178,0.09203888037267635,0.09203888041921145,0.09203888046574704,0.09203888051228311,0.09203888055881967,0.09203888060535668,0.09203888065189408,0.09203888069843205,0.09203888074497045,0.09203888079150926,0.09203888083804855,0.09203888088458832,0.0920388809311285,0.09203888097766921,0.09203888102421023,0.09203888107075182,0.09203888111729383,0.09203888116383631,0.09203888121037926,0.0920388812569227,0.0920388813034668,0.09203888135001109,0.09203888139655587,0.09203888144310118,0.09203888148964692,0.09203888153619307,0.09203888158273969,0.09203888162928653,0.09203888167583421,0.09203888172238227,0.09203888176893069,0.09203888181547988,0.09203888186202935,0.0920388819085791,0.09203888195512946,0.09203888200168023,0.09203888204823148,0.09203888209478314,0.09203888214133527,0.09203888218788787,0.09203888223444086,0.09203888228099436,0.09203888232754834,0.09203888237410282,0.09203888242065768,0.09203888246721303,0.09203888251376881,0.0920388825603251,0.09203888260688184,0.09203888265343899,0.09203888269999663,0.09203888274655454,0.09203888279311315,0.0920388828396721,0.09203888288623152,0.09203888293279146,0.09203888297935185,0.09203888302591266,0.09203888307247424,0.09203888311903602,0.09203888316559834,0.092038883212161,0.09203888325872416,0.09203888330528755,0.09203888335185156,0.09203888339841625,0.09203888344498114,0.09203888349154658,0.09203888353811226,0.0920388835846785,0.0920388836312453,0.09203888367781247,0.09203888372438011,0.09203888377094852,0.09203888381751697,0.09203888386408589,0.09203888391065541,0.09203888395722533,0.0920388840037957,0.09203888405036655,0.09203888409693785,0.0920388841435096,0.09203888419008181,0.0920388842366545,0.09203888428322757,0.09203888432980113,0.09203888437637518,0.09203888442294961,0.09203888446952452,0.09203888451609989,0.09203888456267581,0.0920388846092521,0.09203888465582888,0.09203888470240609,0.0920388847489837,0.09203888479556183,0.09203888484214034,0.09203888488871949,0.09203888493529898,0.09203888498187884,0.09203888502845924,0.09203888507504004,0.09203888512162138,0.09203888516820315,0.0920388852147852,0.09203888526136783,0.09203888530795096,0.09203888535453439,0.09203888540111835,0.0920388854477028,0.09203888549428772,0.09203888554087307,0.09203888558745887,0.09203888563404512,0.0920388856806315,0.09203888572721869,0.09203888577380627,0.09203888582039436,0.09203888586698292,0.09203888591357189,0.09203888596016137,0.09203888600675116,0.0920388860533415,0.09203888609993223,0.09203888614652342,0.09203888619311512,0.09203888623970713,0.09203888628629978,0.0920388863328928,0.09203888637948628,0.09203888642608028,0.09203888647267464,0.09203888651926949,0.09203888656586476,0.09203888661246075,0.092038886659057,0.09203888670565354,0.09203888675225064,0.09203888679884811,0.0920388868454461,0.09203888689204445,0.09203888693864332,0.09203888698524265,0.0920388870318423,0.09203888707844256,0.09203888712504317,0.09203888717164434,0.09203888721824587,0.09203888726484785,0.09203888731145037,0.09203888735805325,0.09203888740465661,0.09203888745126045,0.09203888749786468
8,0.0,0.0,0.0,0.0,0.0,0.0,0.0,0.0,0.0,0.0,0.0,0.0,0.0,0.0,0.0,0.0,0.0,0.0,0.0,0.0,0.0,0.0,0.0,0.0,0.0,0.0,0.0,0.0,0.0,0.0,0.0,0.0,0.0,0.0,0.0,0.0,0.0,0.0,0.0,0.0,0.0,0.0,0.0,0.0,0.0,0.0,0.0,0.0,0.0,0.0,0.0,0.0,0.0,0.0,0.0,0.0,0.0,0.0,0.0,0.0,0.0,0.0,0.0,0.0,0.0,0.0,0.0,0.0,0.0,0.0,0.0,0.0,0.0,0.0,0.0,0.0,0.0,0.0,0.0,0.0,0.0,0.0,0.0,0.0,0.0,0.0,0.0,0.0,0.0,0.0,0.0,0.0,0.0,0.0,0.0,0.0,0.0,0.0,0.0,0.0,0.0,0.0,0.0,0.0,0.0,0.0,0.0,0.0,0.0,0.0,0.0,0.0,0.0,0.0,0.0,0.0,0.0,0.0,0.0,0.0,0.0,0.0,0.0,0.0,0.0,0.0,0.0,0.0,0.0,0.0,0.0,0.0,0.0,0.0,0.0,0.0,0.0,0.0,0.0,0.0,0.0,0.0,0.0,0.0,0.0,0.0,0.0,0.0,0.0,0.0,0.0,0.0,0.0,0.0,0.0,0.0,0.0,0.0,0.0,0.0,0.0,0.0,0.0,0.0,0.0,0.0,0.0,0.0,0.0,0.0,0.0,0.0,0.0,0.0,0.0,0.0,0.0,0.0,0.0,0.0,0.0,0.0,0.0,0.0,0.0,0.0,0.0,0.0,0.0,0.0,0.0,0.0,0.0,0.0,0.0,0.0,0.0,0.0,0.0,0.0,0.0,0.0,0.0,0.0,0.0,0.0,0.0,0.0,0.0,0.0,0.0,0.0,0.0,0.0,0.0,0.0,0.0,0.0,0.0,0.0,0.0,0.0,0.0,0.0,0.0,0.0,0.0,0.0,0.0,0.0,0.0,0.0,0.0,0.0,0.0,0.0,0.0,0.0,0.0,0.0,0.0,0.0,0.0,0.0,0.0,0.0,0.0,0.0,0.0,0.0,0.0,0.0,0.0,0.0,0.0,0.0,0.0,0.0,0.0,0.0,0.0,0.0,0.0,0.0,0.0,0.0,0.0,0.0,0.0,0.0,0.0,0.0,0.0,0.0,0.0,0.0,0.0,0.0,0.0,0.0,0.0,0.0,0.0,0.0,0.0,0.0,0.0,0.0,0.0,0.0,0.0,0.0,0.0,0.0,0.0,0.0,0.0,0.0,0.0,0.0,0.0,0.0,0.0,0.0,0.0,0.0,0.0,0.0,0.0,0.0,0.0,0.0,0.0,0.0,0.0,0.0,0.0,0.0,0.0,0.0,0.0,0.0,0.0,0.0,0.0,0.0,0.0,0.0,0.0,0.0,0.0,0.0,0.0,0.0,0.0,0.0,0.0,0.0,0.0,0.0,0.0,0.0,0.0,0.0,0.0,0.0,0.0,0.0,0.0,0.0,0.0,0.0,0.0,0.0,0.0,0.0,0.0,0.0,0.0,0.0,0.0,0.0,0.0,0.0,0.0,0.0,0.0,0.0,0.0,0.0,0.0,0.0,0.0,0.0,0.0,0.0,0.0,0.0,0.0,0.0,0.0,0.0,0.0,0.0,0.0,0.0,0.0,0.0,0.0,0.0,0.0,0.0,0.0,0.0,0.0,0.0,0.0,0.0,0.0,0.0,0.0,0.0,0.0,0.0,0.0,0.0,0.0,0.0,0.0,0.0,0.0,0.0,0.0,0.0,0.0,0.0,0.0,0.0,0.0,0.0,0.0,0.0,0.0,0.0,0.0,0.0,0.0,0.0,0.0,0.0,0.0,0.0,0.0,0.0,0.0,0.0,0.0,0.0,0.0,0.0,0.0,0.0,0.0,0.0,0.0,0.0,0.0,0.0,0.0,0.0,0.0,0.0,0.0,0.0,0.0,0.0,0.0,0.0,0.0,0.0,0.0,0.0,0.0,0.0,0.0,0.0,0.0,0.0,0.0,0.0,0.0,0.0,0.0,0.0,0.0,0.0,0.0,0.0,0.0,0.0,0.0,0.0,0.0,0.0,0.0,0.0,0.0,0.0,0.0,0.0,0.0,0.0,0.0,0.0,0.0,0.0,0.0,0.0,0.0,0.0,0.0,0.0,0.0,0.0,0.0,0.0,0.0,0.0,0.0,0.0,0.0,0.0,0.0,0.0,0.0,0.0,0.0,0.0,0.0,0.0,0.0,0.0,0.0,0.0,0.0,0.0,0.0,0.0,0.0,0.0,0.0,0.0,0.0,0.0,0.0,0.0,0.0,0.0,0.0,0.0,0.0,0.0,0.0,0.0,0.0,0.0,0.0,0.0,0.0,0.0,0.0,0.0,0.0,0.0,0.0,0.0,0.0,0.0,0.0,0.0,0.0,0.0,0.0,0.0,0.0,0.0,0.0,0.0,0.0,0.0,0.0,0.0,0.0,0.0,0.0,0.0,0.0,0.0,0.0,0.0,0.0,0.0,0.0,0.0,0.0,0.0,0.0,0.0,0.0,0.0,0.0,0.0,0.0,0.0,0.0,0.0,0.0,0.0,0.0,0.0,0.0,0.0,0.0,0.0,0.0,0.0,0.0,0.0,0.0,0.0,0.0,0.0,0.0,0.0,0.0,0.0,0.0,0.0,0.0,0.0,0.0,0.0,0.0,0.0,0.0,0.0,0.0,0.0,0.0,0.0,0.0,0.0,0.0,0.0,0.0,0.0,0.0,0.0,0.0,0.0,0.0,0.0,0.0,0.0,0.0,0.0,0.0,0.0,0.0,0.0,0.0,0.0,0.0,0.0,0.0,0.0,0.0,0.0,0.0,0.0,0.0,0.0,0.0,0.0,0.0,0.0,0.0,0.0,0.0,0.0,0.0,0.0,0.0,0.0,0.0,0.0,0.0,0.0,0.0,0.0,0.0,0.0,0.0,0.0,0.0,0.0,0.0,0.0,0.0,0.0,0.0,0.0,0.0,0.0,0.0,0.0,0.0,0.0,0.0,0.0,0.0,0.0,0.0,0.0,0.0,0.0,0.0,0.0,0.0,0.0,0.0,0.0,0.0,0.0,0.0,0.0,0.0,0.0,0.0,0.0,0.0,0.0,0.0,0.0,0.0,0.0,0.0,0.0,0.0,0.0,0.0,0.0,0.0,0.0,0.0,0.0,0.0,0.0,0.0,0.0,0.0,0.0,0.0,0.0,0.0,0.0,0.0,0.0,0.0,0.0,0.0,0.0,0.0,0.0,0.0,0.0,0.0,0.0,0.0,0.0,0.0,0.0,0.0,0.0,0.0,0.0,0.0,0.0,0.0,0.0,0.0,0.0,0.0,0.0,0.0,0.0,0.0,0.0,0.0,0.0,0.0,0.0,0.0,0.0,0.0,0.0,0.0,0.0,0.0,0.0,0.0,0.0,0.0,0.0,0.0,0.0,0.0,0.0,0.0,0.0,0.0,0.0,0.0,0.0,0.0,0.0,0.0,0.0,0.0,0.0,0.0,0.0,0.0,0.0,0.0,0.0,0.0,0.0,0.0,0.0,0.0,0.0,0.0,0.0,0.0,0.0,0.0,0.0,0.0,0.0,0.0,0.0,0.0,0.0,0.0,0.0,0.0,0.0,0.0,0.0,0.0,0.0,0.0,0.0,0.0,0.0,0.0,0.0,0.0,0.0,0.0,0.0,0.0,0.0,0.0,0.0,0.0,0.0,0.0,0.0,0.0,0.0,0.0,0.0,0.0,0.0,0.0,0.0,0.0,0.0,0.0,0.0,0.0,0.0,0.0,0.0,0.0,0.0,0.0,0.0,0.0,0.0,0.0,0.0,0.0,0.0,0.0,0.0,0.0,0.0,0.0,0.0,0.0,0.0,0.0,0.0,0.0,0.0,0.0,0.0,0.0,0.0,0.0,0.0,0.0,0.0,0.0,0.0,0.0,0.0,0.0,0.0,0.0,0.0,0.0,0.0,0.0,0.0,0.0,0.0,0.0,0.0,0.0,0.0,0.0,0.0,0.0,0.0,0.0,0.0,0.0,0.0,0.0,0.0,0.0,0.0,0.0,0.0,0.0,0.0,0.0,0.0,0.0,0.0,0.0,0.0,0.0,0.0,0.0,0.0,0.0,0.0,0.0,0.0,0.0,0.0,0.0,0.0,0.0,0.0,0.0,0.0,0.0,0.0,0.0,0.0,0.0,0.0,0.0,0.0,0.0,0.0,0.0,0.0,0.0,0.0,0.0,0.0,0.0,0.0,0.0,0.0,0.0,0.0,0.0,0.0,0.0,0.0,0.0,0.0,0.0,0.0,0.0,0.0,0.0,0.0,0.0,0.0,0.0,0.0,5.478354237659769e-07,1.0364362837886973e-06,1.4741300047248019e-06,1.8677569836777854e-06,2.222995927558411e-06,2.5446056680916663e-06,2.836607812924734e-06,3.1024267030790952e-06,3.3449980477942306e-06,3.5668542348719314e-06,3.7701920374912174e-06,3.9569268722606806e-06,4.128736667351019e-06,4.287097622279626e-06,4.433313578960931e-06,4.568540316471586e-06,4.693805778882382e-06,4.810027020515206e-06,4.9180244828466855e-06,5.018534089849891e-06,5.1122175446774214e-06,5.1996711402247546e-06,5.281433330531416e-06,5.357991265634762e-06,5.429786455091654e-06,5.497219694971422e-06,5.560655369700072e-06,5.620425221585419e-06,5.676831664113209e-06,5.730150703852746e-06,5.780634524473743e-06,5.8285137790433955e-06,5.873999627302746e-06,5.9172855535139665e-06,5.958548989692806e-06,5.997952770015468e-06,6.035646436626747e-06,6.071767412907539e-06,6.106442061911344e-06,6.139786641311668e-06,6.17190816693913e-06,6.202905194938764e-06,6.232868531273996e-06,6.2618818758830544e-06,6.290022409249684e-06,6.3173613257241285e-06,6.343964320390098e-06,6.369892033206527e-06,6.395200454576601e-06,6.419941296995755e-06,6.444162334070435e-06,6.467907712117238e-06,6.491218235309651e-06,6.514131627566157e-06,6.5366827726274255e-06,6.558903934963513e-06,6.580824962584659e-06,6.602473473751564e-06,6.623875028710223e-06,6.645053287213073e-06,6.666030155169975e-06,6.68682591781841e-06,6.70745936376309e-06,6.727947899007477e-06,6.748307651483495e-06,6.768553569033321e-06,6.788699507994164e-06,6.808758316579548e-06,6.828741910216189e-06,6.848661342988952e-06,6.868526872081247e-06,6.888348017972627e-06,6.908133620156232e-06,6.927891888259758e-06,6.947630449576035e-06,6.967356392975685e-06,6.987076309356544e-06,7.006796329077557e-06,7.026522156806363e-06,7.04625910348432e-06,7.066012115898535e-06,7.0857858042204155e-06,7.105584467387336e-06,7.125412116400301e-06,7.145272496291496e-06,7.1651691060679346e-06,7.185105217257865e-06,7.205083891251067e-06,7.225107995214071e-06,7.245180216651959e-06,7.2653030772240146e-06,7.2854789454086935e-06,7.305710047713535e-06,7.3259984801879424e-06,7.346346218147015e-06,7.3667551251548614e-06,7.387226962008564e-06,7.407763394381241e-06,7.428366000381563e-06,7.44903627726795e-06,7.469775647773665e-06,7.490585465879323e-06,7.511467022401904e-06,7.532421549756202e-06,7.553450226711901e-06,7.5745541825480035e-06,7.595734501450313e-06,7.616992225927394e-06,7.638328359889687e-06,7.659743872043082e-06,7.681239699192833e-06,7.702816748561505e-06,7.724475900333307e-06,7.746218010074498e-06,7.768043910823056e-06,7.789954415166419e-06,7.811950316903319e-06,7.83403239324515e-06,7.856201405770555e-06,7.878458102362937e-06,7.90080321840292e-06,7.923237478028556e-06,7.945761595365694e-06,7.968376275643538e-06,7.991082216228034e-06,8.013880107451652e-06,8.03677063364929e-06,8.05975447387498e-06,8.082832302623216e-06,8.106004790768161e-06,8.129272605855075e-06,8.152636413052534e-06,8.176096875418955e-06,8.199654654567071e-06,8.22331041191279e-06,8.24706480722287e-06,8.270918501020813e-06,8.294872153879828e-06,8.318926427605212e-06,8.343081984552197e-06,8.367339488744331e-06,8.391699605976934e-06,8.416163004042486e-06,8.440730353124835e-06,8.465402325888204e-06,8.49017959791194e-06,8.515062847811721e-06,8.540052757313009e-06,8.56515001177934e-06,8.590355300240742e-06,8.61566931550704e-06,8.641092754447754e-06,8.6666263181131e-06,8.692270711929875e-06,8.718026645727556e-06,8.743894834184031e-06,8.769875996773738e-06,8.795970857678191e-06,8.822180146262284e-06,8.848504597054467e-06,8.874944949913614e-06,8.901501950063582e-06,8.928176348421781e-06,8.954968901548053e-06,8.981880371329994e-06,9.008911526038763e-06,9.03606313959807e-06,9.06333599232951e-06,9.090730870455527e-06,9.118248566527322e-06,9.145889879455149e-06,9.173655614548536e-06,9.201546583950778e-06,9.229563606119217e-06,9.257707506535078e-06,9.285979117243593e-06,9.314379277403042e-06,9.342908833066877e-06,9.371568637450929e-06,9.400359551413946e-06,9.429282442449427e-06,9.458338185701433e-06,9.487527663824314e-06,9.51685176719556e-06,9.54631139333899e-06,9.575907448090082e-06,9.60564084509584e-06,9.635512505373892e-06,9.66552335882977e-06,9.695674342942578e-06,9.725966403576557e-06,9.756400494982716e-06,9.786977579766975e-06,9.817698629001166e-06,9.848564622594465e-06,9.87957654902671e-06,9.910735405612964e-06,9.942042198593612e-06,9.973497943324934e-06,1.0005103664287383e-05,1.003686039507611e-05,1.0068769178746484e-05,1.0100831068041238e-05,1.0133047124559945e-05,1.0165418420318015e-05,1.0197946036790043e-05,1.0230631065511786e-05,1.0263474607866948e-05,1.029647777551174e-05,1.032964169031079e-05,1.0362967484208148e-05,1.0396456300439323e-05,1.0430109291963792e-05,1.0463927622916636e-05,1.0497912468269864e-05,1.0532065013952904e-05,1.0566386456968443e-05,1.0600878005705269e-05,1.0635540879616e-05,1.067037630999784e-05,1.0705385539710727e-05,1.0740569823240153e-05,1.0775930427442997e-05,1.0811468630737816e-05,1.0847185724072021e-05,1.0883083010576061e-05,1.0919161805980845e-05,1.0955423438616736e-05,1.0991869249735022e-05,1.1028500593463199e-05,1.10653188369112e-05,1.1102325360714077e-05,1.1139521558816187e-05,1.1176908838776251e-05,1.121448862188418e-05,1.1252262343442138e-05,1.1290231452808823e-05,1.1328397413662013e-05,1.1366761703964201e-05,1.1405325816437295e-05,1.1444091258596848e-05,1.148305955297869e-05,1.1522232237244539e-05,1.1561610864404531e-05,1.1601197003029161e-05,1.1640992237440017e-05,1.1680998167953318e-05,1.1721216410729821e-05,1.1761648598977789e-05,1.1802296381762655e-05,1.1843161425136523e-05,1.1884245412140191e-05,1.1925550042918153e-05,1.1967077035206987e-05,1.2008828124210994e-05,1.2050805062966168e-05,1.2093009622489674e-05,1.213544359258311e-05,1.217810878111353e-05,1.2221007014971705e-05,1.2264140139729555e-05,1.2307510020505825e-05,1.2351118541991675e-05,1.239496760855193e-05,1.2439059144707367e-05,1.2483395094954832e-05,1.2527977424699077e-05,1.2572808119709033e-05,1.2617889187710788e-05,1.2663222657003355e-05,1.2708810577862246e-05,1.2754655022310518e-05,1.2800758085104478e-05,1.2847121883110944e-05,1.2893748556135344e-05,1.2940640267054449e-05,1.298779920235572e-05,1.3035227572223993e-05,1.3082927610992844e-05,1.3130901577378078e-05,1.3179151754949473e-05,1.3227680452132822e-05,1.3276490003013731e-05,1.3325582767284447e-05,1.337496113107329e-05,1.3424627506697895e-05,1.3474584333501734e-05,1.3524834077977109e-05,1.3575379233910576e-05,1.362622232410537e-05,1.3677365898800557e-05,1.3728812537329312e-05,1.3780564848114171e-05,1.3832625469288901e-05,1.388499706875973e-05,1.3937682345337468e-05,1.3990684028173916e-05,1.4044004878204182e-05,1.4097647687858862e-05,1.4151615281801901e-05,1.4205910517608537e-05,1.4260536285314228e-05,1.4315495509265055e-05,1.4370791147634504e-05,1.4426426193371929e-05,1.4482403674347482e-05,1.4538726654100127e-05,1.4595398232173727e-05,1.4652421545065367e-05,1.4709799766237024e-05,1.4767536107012397e-05,1.4825633817106077e-05,1.4884096184543662e-05,1.4942926537488631e-05,1.500212824382413e-05,1.5061704712275309e-05,1.5121659392658934e-05,1.5181995776479945e-05,1.5242717398367314e-05,1.5303827835614043e-05,1.5365330708973572e-05,1.5427229684292785e-05,1.5489528472354392e-05,1.5552230829718705e-05,1.561534055952256e-05,1.56788615121759e-05,1.5742797586015296e-05,1.580715272827862e-05,1.587193093536384e-05,1.593713625405588e-05,1.6002772782198544e-05,1.606884466983219e-05,1.6135356119134257e-05,1.6202311385897276e-05,1.6269714780374127e-05,1.6337570667854758e-05,1.640588346985225e-05,1.6474657664189565e-05,1.6543897788180432e-05,1.6613608436464726e-05,1.6683794263714396e-05,1.6754459985499485e-05,1.6825610379229628e-05,1.6897250284782338e-05,1.696938460576766e-05,1.7042018310807298e-05,1.7115156433984325e-05,1.7188804076624597e-05,1.7262966408219717e-05,1.7337648666581224e-05,1.7412856160794697e-05,1.748859427089377e-05,1.7564868449719266e-05,1.7641684224042604e-05,1.7719047195720718e-05,1.7796963042795033e-05,1.7875437521536322e-05,1.7954476466725684e-05,1.8034085793427515e-05,1.8114271499238442e-05,1.8195039664221185e-05,1.827639645292072e-05,1.8358348116347776e-05,1.844090099283171e-05,1.8524061509745676e-05,1.860783618514548e-05,1.869223162923922e-05,1.8777254546054787e-05,1.886291173509692e-05,1.8949210093001648e-05,1.9036156615432397e-05,1.912375839821052e-05,1.9212022640893468e-05,1.9300956645276997e-05,1.9390567821184385e-05,1.9480863685600442e-05,1.957185186557014e-05,1.966354010070755e-05,1.9755936243579046e-05,1.98490482648717e-05,1.9942884251923236e-05,2.003745241305275e-05,2.0132761079049527e-05,2.0228818706360878e-05,2.0325633878204476e-05,2.0423215307792134e-05,2.0521571840183592e-05,2.0620712454874054e-05,2.072064626993694e-05,2.0821382542343867e-05,2.0922930671042575e-05,2.1025300200509406e-05,2.112850082364206e-05,2.1232542383461907e-05,2.133743487746596e-05,2.1443188458838593e-05,2.1549813441747523e-05,2.165732030237873e-05,2.176571968401736e-05,2.1875022397921882e-05,2.1985239429399552e-05,2.2096381938374106e-05,2.220846126701612e-05,2.232148893830452e-05,2.243547666288568e-05,2.2550436342494085e-05,2.2666380072788396e-05,2.278332014848328e-05,2.290126906685873e-05,2.302023953137001e-05,2.3140244457264014e-05,2.326129697440453e-05,2.3383410433086422e-05,2.3506598407314543e-05,2.3630874699665477e-05,2.3756253347842767e-05,2.388274862853211e-05,2.4010375060623e-05,2.4139147412881144e-05,2.42690807082292e-05,2.440019022972908e-05,2.4532491525394074e-05,2.466600041420286e-05,2.4800732992227756e-05,2.4936705638480095e-05,2.507393502047077e-05,2.5212438102443373e-05,2.5352232149969696e-05,2.5493334736239555e-05,2.5635763751419423e-05,2.577953740768047e-05,2.592467424684484e-05,2.6071193148147295e-05,2.6219113335422974e-05,2.6368454385346835e-05,2.6519236235217347e-05,2.6671479190992275e-05,2.6825203936482086e-05,2.698043154132953e-05,2.7137183470522494e-05,2.729548159289152e-05,2.7455348191793154e-05,2.761680597295658e-05,2.7779878076606904e-05,2.7944588087339753e-05,2.8110960040698594e-05,2.8279018441300002e-05,2.84487882698603e-05,2.8620294993254186e-05,2.8793564578603043e-05,2.8968623506053975e-05,2.9145498778326204e-05,2.9324217937983614e-05,2.950480907595061e-05,2.9687300848723946e-05,2.987172249198404e-05,3.00581038329722e-05,3.024647530783298e-05,3.0436867975926388e-05,3.062931353547682e-05,3.082384434134922e-05,3.1020493419323105e-05,3.121929448619192e-05,3.14202819648325e-05,3.162349100643614e-05,3.182895750591111e-05,3.203671812335343e-05,3.224681030411658e-05,3.24592722991842e-05,3.267414318739031e-05,3.289146289700307e-05,3.31112722295956e-05,3.3333612882409734e-05,3.355852747391987e-05,3.3786059568854804e-05,3.401625370449492e-05,3.424915541669882e-05,3.448481126964792e-05,3.472326888225058e-05,3.496457695960515e-05,3.5208785322836816e-05,3.5455944941914706e-05,3.5706107967020246e-05,3.595932776521063e-05,3.6215658951830525e-05,3.647515743001647e-05,3.673788042719785e-05,3.700388653398553e-05,3.7273235745077865e-05,3.754598949971223e-05,3.782221072706956e-05,3.8101963889586555e-05,3.838531502917325e-05,3.8672331817763565e-05,3.8963083603594824e-05,3.925764146595366e-05,3.9556078265256416e-05,3.985846870375507e-05,4.01648893788556e-05,4.047541884527474e-05,4.079013767570623e-05,4.110912852672339e-05,4.143247620368643e-05,4.176026773249373e-05,4.209259243066029e-05,4.2429541982387894e-05,4.277121051615061e-05,4.311769468633232e-05,4.3469093756799606e-05,4.38255096896975e-05,4.418704723403566e-05,4.45538140223485e-05,4.492592067235623e-05,4.5303480881611966e-05,4.568661154138544e-05,4.6075432844136234e-05,4.6470068402829896e-05,4.687064536665824e-05,4.727729455527522e-05,4.769015058169262e-05,4.810935198919396e-05,4.8535041404352815e-05,4.896736567344212e-05,4.9406476026301304e-05,4.985252823435455e-05,5.030568278273219e-05,5.0766105045680137e-05,5.123396547427022e-05,5.170943978591988e-05,5.219270916884523e-05,5.268396049653625e-05,5.318338654294235e-05,5.369118621931508e-05,5.420756481462522e-05,5.473273424971933e-05,5.526691334376768e-05,5.58103280946317e-05,5.636321196857645e-05,5.692580620857509e-05,5.749836015631394e-05,5.8081131589198456e-05,5.867438707512911e-05,5.9278402344865924e-05,5.98934626834401e-05,6.051986334110094e-05,6.115790996640146e-05,6.180791905917243e-05,6.247021845096549e-05,6.314514780994455e-05,6.3833059168146e-05,6.453431748325144e-05,6.52493012268464e-05,6.597840300896126e-05,6.672203022480991e-05,6.748060575973668e-05,6.825456870462776e-05,6.904437515629297e-05,6.98504989922801e-05,7.067343276585494e-05,7.151368860915785e-05,7.237179919527538e-05,7.324831877302698e-05,7.414382423518921e-05,7.505891628575085e-05,7.599422064218512e-05,7.695038934461903e-05,7.792810212273882e-05,7.892806785114316e-05,7.995102611328336e-05,8.099774883686167e-05,8.206904207390967e-05,8.316574784424186e-05,8.428874614870046e-05,8.543895708742195e-05,8.661734312991116e-05,8.782491153757596e-05,8.90627169494077e-05,9.033186414416305e-05,9.163351101336095e-05,9.29688717090911e-05,9.433922005047889e-05,9.574589315698576e-05,9.719029535449928e-05,9.86739023667271e-05,0.00010019826581115418,0.00010176501805213131,0.00010337587740825447,0.00010503265376962453,0.00010673725463859968,0.00010849169167945814,0.00011029808776287732,0.00011215868457571298,0.00011407585089573633,0.00011605209150462376,0.00011809005687548791,0.00012019255367772439,0.00012236255619100793,0.0001246032187053414,0.00012691788902884394,0.00012931012319709174,0.00013178370152164962,0.00013434264612096188,0.00013699124006892586,0.00013973404837573032,0.00014257594096810748,0.00014552211791210183,0.00014857813712004846,0.00015174994483639322,0.00015504390922072781,0.00015846685739329033,0.00016202611636591092,0.00016572955831806578,0.00016958565074980548,0.00017360351218456628,0.00017779297401412532,0.00018216464940000774,0.0001867300100647925,0.00019150147210750924,0.0001964924919940429,0.00020171767417956248,0.00020719289198174075,0.00021293542356255767,0.00021896410529184928,0.00022529950493416234,0.000231964117774266,0.000238982589076307,0.00024638196704278493,0.00025419199106132087,0.00026244542094897586,0.0002711784139225352,0.00028043095725757277,0.0002902473661578127,0.00030067685809029185,0.0003131038240581634,0.0003246877327617273,0.00033708567888141624,0.00035037173689593293,0.0003646296118949039,0.0003799540435139623,0.00039645246256290735,0.0004142469511600959,0.0004334765680271129,0.00045430011485020545,0.00047689943603939364,0.0005014833669734752,0.0005282924715615142,0.0005576047435101811,0.0005897424867317309,0.0006250806409721825,0.0006640568810127804,0.0006800935763768617,0.0007243815382036614,0.0007736681420434833,0.000828699926842276,0.0008903622128835316,0.0009597078637708795,0.0010379922024336245,0.001126715141208497,0.001227671562626689,0.0013430107208490106,0.0014753047794229814,0.0016276252729229537,0.001803623871874317,0.002007609807219153,0.0022446101034610667,0.0025203901623543925,0.0028414015449895087,0.0032146132427160992,0.0036471784747416983,0.00398624028473347,0.003986240284747638,0.0039862402857453036,0.004535503454752685,0.00515946687707139,0.005860045508914145,0.00663589381765005,0.0074820855170849715,0.008390319146677691,0.009349639043928047,0.010347505456237905,0.011370962741390222,0.012407669230084491,0.01344663798145471,0.014478641874339946,0.015496318876127017,0.016494058485828026,0.017467761158627474,0.01749656329172613,0.017496563291861042,0.018442553893128304,0.019359645663012483,0.02024662023334455,0.021102766449984663,0.021927742138182486,0.022721481077575073,0.023484134343058075,0.02421603474844147,0.024917674450478124,0.02558968820503613,0.026232837551227232,0.02684799367167491,0.027436118467843686,0.0279982444322039,0.02853545432558875,0.029048861683814094,0.02953959297540881,0.03000877195205279,0.030457506462221094,0.030886877776244333,0.03129793231083279,0.03169167553853027,0.032069067812440226,0.03243102181674793,0.03277840135771816,0.03311202122919668,0.033432647914380824,0.03374100091689078,0.034037754546051596,0.03432354001144045,0.03459894770928174,0.0348645296077004,0.03492736184962387,0.03518145293527175,0.03542682918050701,0.035663933091174375,0.03589317958595878,0.03611495738444705,0.03632963073879258,0.036537541190265595,0.036739009237351905,0.03693433589565899,0.03712380413796942,0.03730768022015485,0.037486214897793156,0.03765964454154384,0.037828192158783476,0.03799206832945384,0.038151472062832495,0.03830659158260225,0.03845760504688416,0.03860468120879927,0.03874798002349494,0.03888765320678033,0.03902384474951214,0.03915669139232936,0.039286323064438765,0.039412863289423075,0.039536429561698866,0.039657133695850756,0.03977508215151424,0.039890376335817754,0.04000311288539954,0.04011338392984374,0.04022127733785641,0.040326876947510804,0.04043026278250983,0.04053151125446243,0.04063069535317534,0.040727884825397805,0.04082314634270523,0.04091654365999586,0.041008137764244945,0.04109798701503244,0.041186147277068694,0.04127267204501877,0.04135761256159095,0.041441017928856086,0.04152293521357348,0.04160340954668666,0.04168248421739049,0.041760200762134415,0.041836599048855595,0.04191171735662073,0.04198559245114589,0.04205825965622192,0.042129752921422486,0.042200104886209414,0.042269346940828026,0.042337509283802525,0.042404620976666245,0.042470709995768116,0.04253580328144993,0.04259992678471325,0.04266310551150891,0.0427253635647697,0.042786724184318295,0.04284720978484171,0.042906841991875354,0.04296564167605281,0.04302362898570416,0.04308082337763977,0.0431372436467042,0.043192907953895215,0.04324783385266442,0.04330203831443002,0.0433555377527857,0.04340834804632347,0.04346048456059439,0.04351196216892704,0.043562795272300156,0.043587770623568424,0.043637638198672626,0.04368689570634946,0.04373555604989243,0.04378363172420768,0.04383113484106252,0.043878077146970326,0.04392447003819304,0.04397032457443829,0.04401565149167642,0.04406046121432112,0.044104763866859346,0.044148569284942804,0.04419188702601053,0.044234726379438816,0.04427709637623468,0.04431900579839917,0.0443604631876604,0.044401476854216346,0.04444205488466539,0.044482205150066824,0.04452193531316108,0.0445612528357945,0.04460016498567163,0.04463867884293618,0.044676801306562666,0.04471453910041906,0.04475189877906748,0.04478888673341406,0.04482550919601802,0.044861772246264114,0.04489768181536734,0.044933243691053525,0.04496846352227373,0.04500334682340655,0.04503789897868527,0.04507212524606838,0.04510603076139834,0.04513962054200863,0.04517289949022338,0.04520587239714438,0.04523854394584829,0.04527091871461769,0.04530300118007644,0.04533479572016347,0.045366306617178345,0.04539753806032751,0.04542849414858688,0.04545917889325515,0.04548959622042941,0.04551974997348992,0.04554964391534516,0.045579281730732356,0.04560866702837542,0.045637803343089596,0.04566669413779421,0.045695342805470815,0.045723752671091474,0.04575192699337641,0.04577986896661419,0.04580758172233633,0.04583506833102268,0.04586233180362607,0.0458893750931641,0.04591620109620228,0.045942812654301494,0.04596921255540957,0.04599540353525849,0.046021388278607724,0.04604716942056945,0.04607274954782545,0.04609813119982222,0.04612331686991917,0.04614830900652471,0.04617311001417175,0.046197722254581436,0.0462221480476694,0.04624638967256012,0.04627044936851805,0.04629432933594662,0.04631803173716939,0.04634155869746289,0.046364912305759294,0.046388094615630794,0.04641110764596768,0.04643395338180992,0.04645663377511509,0.046479150745469995,0.04650150618082991,0.04652370193824363,0.04654573984443883,0.04656762169659053,0.046589349262868854,0.04661092428312891,0.046632348469483956,0.04665362350690603,0.04667475105379605,0.04669573274254912,0.04671657018006494,0.04673726494839834,0.046757818605060515,0.04677823268366947,0.04679850869449721,0.046818648124784076,0.04683865243932848,0.04685852308081573,0.04687826147040781,0.046897869008030516,0.04691734707291363,0.046936697023989955,0.04695592020001946,0.04697501792050674,0.04699399148560378,0.0470128421766906,0.04703157125669825,0.047050179970460224,0.04706866954504745,0.04708704119012544,0.04710529609826567,0.04712343544524789,0.047141460390386754,0.047159372076875455,0.04717717163204936,0.04719486016761547,0.04721243878000712,0.04722990855066954,0.047247270546283256,0.04726452581908543,0.04728167540705761,0.04729872033423446,0.04731566161091708,0.0473325002339458,0.047349237186900664,0.047365873440356636,0.047382409952104465,0.04739884766736656,0.04741518751901662,0.04743143042778596,0.04744757730248507,0.04746362904017162,0.04747958652639255,0.047495450635334925,0.04751122223006369,0.04752690216264412,0.04754249127439704,0.047557990396018726,0.04757340034776688,0.04758872193960529,0.04760395597151586,0.04761910323351543,0.047634164505702264,0.04764914055873507,0.04766403215375403,0.04767884004261041,0.04769356496796462,0.047708207663497426,0.047722768853974744,0.04773724925545359,0.04775164957538974,0.04776597051277813,0.04778021275828174,0.04779437699431823,0.047808463895279256,0.04782247412758108,0.04783640834979901,0.04785026721281676,0.047864051359906734,0.04787776142684989,0.047891398042022214,0.04790496182659945,0.04791845339457752,0.04793187335290698,0.047945222301596396,0.047958500833804214,0.047971709535959625,0.047984848987841805,0.047997919762652344,0.04801092242723691,0.04802385754197068,0.048036725661112036,0.048049527332526015,0.048062263098159135,0.048074933493904036,0.048087539049737886,0.04810008028981239,0.04811255773252474,0.04812497189060297,0.048137323271185355,0.048149612375898355,0.04816183970093318,0.048174005737120995,0.04818611097000662,0.0481981558799235,0.0482101409420603,0.048222066626536456,0.048233933398483496,0.048245741718052154,0.04825749204056299,0.048269184816545886,0.048280820491766414,0.04828082050294573,0.04828082050834757,0.04828082051090884,0.04828082051208152,0.04828082051257561,0.04828082051273822,0.04828082051273902,0.04828082051266096,0.04828082051254455,0.04828082051240968,0.048280820512265926,0.04828082051211817,0.048280820511968615,0.04828082051181846,0.04828082051166819,0.048280820511518135,0.048280820511368394,0.048280820511219055,0.04828082051107016,0.0482808205109217,0.04828082051077367,0.04828082051062611,0.04828082051047903,0.04828082051033237,0.04828082051018615,0.048280820510040436,0.048280820509895156,0.048280820509750334,0.04828082050960598,0.048280820509462086,0.048280820509318666,0.0482808205091757,0.04828082050903316,0.048280820508891084,0.0482808205087495,0.04828082050860837,0.04828082050846768,0.04828082050832748,0.048280820508187716,0.04828082050804844,0.04828082050790959,0.04828082050777122,0.048280820507633354,0.048280820507495874,0.0482808205073589,0.04828082050722234,0.04828082050708626,0.048280820506950664,0.048280820506815494,0.0482808205066808,0.04828082050654654,0.048280820506412754,0.04828082050627942,0.04828082050614657,0.04828082050601414,0.04828082050588219,0.04828082050575071,0.0482808205056196,0.048280820505489055,0.04828082050535894,0.04828082050522925,0.04828082050509998,0.04828082050497122,0.0482808205048429,0.04828082050471501,0.048280820504587596,0.048280820504460635,0.04828082050433412,0.04828082050420805,0.04828082050408243,0.04828082050395724,0.0482808205038325,0.048280820503708216,0.0482808205035844,0.048280820503461004,0.048280820503338054,0.04828082050321556,0.04828082050309351,0.048280820502971895,0.048280820502850735,0.048280820502729964,0.048280820502609706,0.048280820502489843,0.048280820502370446,0.048280820502251444,0.04828082050213293,0.048280820502014786,0.04828082050189712,0.04828082050177989,0.04828082050166307,0.0482808205015467,0.04828082050143075,0.048280820501315234,0.048280820501200125,0.048280820501085446,0.04828082050097119,0.048280820500857385,0.04828082050074398,0.04828082050063101,0.04828082050051847,0.04828082050040632,0.04828082050029462,0.048280820500183334,0.04828082050007244,0.048280820499961984,0.048280820499851926,0.048280820499742284,0.04828082049963308,0.04828082049952424,0.04828082049941585,0.04828082049930785,0.048280820499200267,0.04828082049909309,0.048280820498986306,0.04828082049887995,0.04828082049877396,0.04828082049866837,0.0482808204985632,0.048280820498458416,0.04828082049835406,0.04828082049825007,0.0482808204981465,0.0482808204980433,0.04828082049794049,0.04828082049783808,0.04828082049773606,0.04828082049763441,0.048280820497533156,0.04828082049743229,0.048280820497331824,0.04828082049723172,0.04828082049713199,0.04828082049703265,0.048280820496933705,0.04828082049683513,0.04828082049673696,0.04828082049663912,0.04828082049654163,0.04828082049644456,0.048280820496347854,0.048280820496251514,0.048280820496155515,0.048280820496059904,0.04828082049596466,0.048280820495869785,0.048280820495775235,0.04828082049568109,0.04828082049558728,0.04828082049549383,0.04828082049540074,0.04828082049530798,0.04828082049521562,0.04828082049512357,0.04828082049503187,0.04828082049494055,0.048280820494849545,0.0482808204947589,0.048280820494668614,0.048280820494578686,0.048280820494489056,0.04828082049439979,0.048280820494310844,0.048280820494222235,0.04828082049413395,0.048280820494046035,0.04828082049395841,0.04828082049387116,0.04828082049378424,0.04828082049369761,0.04828082049361132,0.04828082049352533,0.04828082049343972,0.048280820493354394,0.048280820493269413,0.04828082049318474,0.04828082049310036,0.048280820493016345,0.04828082049293262,0.04828082049284923,0.04828082049276613,0.048280820492683334,0.04828082049260087,0.04828082049251871,0.04828082049243682,0.04828082049235529,0.04828082049227405,0.04828082049219312,0.04828082049211245,0.048280820492032105,0.04828082049195207,0.04828082049187231,0.048280820491792845,0.04828082049171369,0.04828082049163484,0.048280820491556235,0.04828082049147794,0.04828082049139994,0.04828082049132223,0.04828082049124478,0.04828082049116764,0.048280820491090774,0.04828082049101418,0.04828082049093788,0.04828082049086186,0.048280820490786094,0.048280820490710634,0.04828082049063543,0.048280820490560504,0.04828082049048584,0.04828082049041145,0.04828082049033731,0.048280820490263464,0.048280820490189884,0.048280820490116554,0.0482808204900435,0.04828082048997067,0.048280820489898124,0.048280820489825856,0.04828082048975386,0.04828082048968208,0.04828082048961057,0.048280820489539286,0.048280820489468315,0.048280820489397525,0.04828082048932703,0.048280820489256734,0.04828082048918673,0.048280820489116964,0.04828082048904746,0.048280820488978145,0.04828082048890912,0.04828082048884031,0.048280820488771733,0.04828082048870343,0.04828082048863531,0.04828082048856747,0.04828082048849986,0.04828082048843245,0.048280820488365295,0.04828082048829837,0.04828082048823168,0.0482808204881652,0.048280820488098945,0.04828082048803293,0.04828082048796715,0.04828082048790154,0.048280820487836204,0.048280820487771055,0.04828082048770614,0.048280820487641464,0.04828082048757697,0.048280820487512685,0.04828082048744862,0.04828082048738479,0.04828082048732117,0.04828082048725774,0.04828082048719452,0.04828082048713151,0.04828082048706871,0.04828082048700612,0.04828082048694371,0.04828082048688153,0.04828082048681953,0.04828082048675774,0.048280820486696165,0.048280820486634755,0.04828082048657355,0.048280820486512555,0.04828082048645177,0.04828082048639117,0.04828082048633074,0.04828082048627053,0.0482808204862105,0.04828082048615066,0.04828082048609101,0.04828082048603155,0.04828082048597226,0.048280820485913145,0.04828082048585425,0.04828082048579551,0.04828082048573698,0.04828082048567859,0.0482808204856204,0.048280820485562405,0.04828082048550454,0.04828082048544689,0.04828082048538935,0.04828082048533204,0.04828082048527489,0.04828082048521793,0.04828082048516114,0.04828082048510452,0.04828082048504806,0.04828082048499177,0.048280820484935656,0.04828082048487969,0.04828082048482391,0.04828082048476827,0.04828082048471279,0.0482808204846575,0.04828082048460237,0.048280820484547377,0.04828082048449258,0.0482808204844379,0.04828082048438342,0.04828082048432906,0.04828082048427487,0.04828082048422083,0.048280820484166896,0.048280820484113175,0.0482808204840596,0.04828082048400615,0.04828082048395289,0.048280820483899735,0.04828082048384674,0.04828082048379389,0.04828082048374119,0.04828082048368864,0.04828082048363624,0.04828082048358395,0.04828082048353185,0.04828082048347984,0.048280820483428,0.04828082048337629,0.04828082048332472,0.04828082048327327,0.04828082048322198,0.04828082048317082,0.04828082048311982,0.04828082048306895,0.0482808204830182,0.04828082048296757,0.04828082048291708,0.0482808204828667,0.0482808204828165,0.04828082048276638,0.04828082048271643,0.048280820482666555,0.048280820482616844,0.04828082048256726,0.04828082048251778,0.04828082048246845,0.04828082048241922,0.04828082048237016,0.04828082048232117,0.04828082048227233,0.04828082048222359,0.048280820482174996,0.0482808204821265,0.048280820482078136,0.04828082048202987,0.04828082048198174,0.048280820481933724,0.04828082048188583,0.048280820481838044,0.04828082048179035,0.04828082048174282,0.04828082048169535,0.04828082048164803,0.048280820481600824,0.0482808204815537,0.048280820481506705,0.048280820481459805,0.04828082048141302,0.04828082048136635,0.0482808204813198,0.048280820481273315,0.048280820481226984,0.04828082048118073,0.04828082048113459,0.04828082048108853,0.048280820481042576,0.04828082048099674,0.04828082048095099,0.04828082048090535,0.0482808204808598,0.04828082048081438,0.04828082048076902,0.048280820480723796,0.04828082048067863,0.04828082048063357,0.0482808204805886,0.04828082048054375,0.048280820480499004,0.048280820480454324,0.048280820480409756,0.04828082048036529,0.04828082048032088,0.048280820480276605,0.048280820480232384,0.04828082048018825,0.04828082048014421,0.048280820480100295,0.04828082048005644,0.04828082048001269,0.04828082047996901,0.048280820479925456,0.04828082047988194,0.048280820479838546,0.04828082047979522,0.04828082047975199,0.04828082047970882,0.04828082047966576,0.048280820479622795,0.04828082047957989,0.04828082047953707,0.04828082047949434,0.04828082047945169,0.0482808204794091,0.048280820479366576,0.04828082047932419,0.04828082047928183,0.04828082047923958,0.04828082047919743,0.04828082047915531,0.04828082047911329,0.04828082047907136,0.048280820479029485,0.04828082047898769,0.048280820478945996,0.048280820478904314,0.04828082047886276,0.04828082047882126,0.04828082047877983,0.0482808204787385,0.04828082047869719,0.04828082047865602,0.04828082047861489,0.04828082047857385,0.048280820478532833,0.048280820478491894,0.04828082047845105,0.04828082047841025,0.04828082047836955,0.04828082047832891,0.048280820478288314,0.048280820478247784,0.04828082047820734,0.04828082047816696,0.04828082047812665,0.04828082047808638,0.04828082047804621,0.04828082047800611,0.04828082047796602,0.04828082047792605,0.0482808204778861,0.04828082047784624,0.04828082047780642,0.048280820477766724,0.04828082047772699,0.04828082047768736,0.04828082047764782,0.0482808204776083,0.04828082047756887,0.04828082047752947,0.0482808204774901,0.04828082047745104,0.04828082047741184,0.048280820477372706,0.04828082047733364,0.048280820477294595,0.048280820477255626,0.04828082047721673,0.04828082047717785,0.04828082047713906,0.048280820477100306,0.048280820477061635,0.04828082047702297,0.0482808204769844,0.048280820476945874,0.048280820476907425,0.048280820476869,0.04828082047683063,0.04828082047679229,0.048280820476754055,0.04828082047671583,0.048280820476677665,0.04828082047663958,0.048280820476601496,0.04828082047656351,0.04828082047652555,0.04828082047648763,0.04828082047644979,0.04828082047641197,0.04828082047637423,0.04828082047633653,0.048280820476298864,0.04828082047626123,0.048280820476223694,0.04828082047618619,0.04828082047614871,0.048280820476111284,0.048280820476073925,0.0482808204760366,0.0482808204759993,0.048280820475962063,0.04828082047592487,0.048280820475887706,0.048280820475850604,0.04828082047581356,0.04828082047577654,0.048280820475739575,0.04828082047570266,0.04828082047566579,0.04828082047562892,0.04828082047559213,0.048280820475555354,0.048280820475518633,0.048280820475481975,0.04828082047544533,0.04828082047540873,0.04828082047537221,0.04828082047533568,0.048280820475299226,0.04828082047526278,0.04828082047522639,0.048280820475190056,0.048280820475153766,0.04828082047511748,0.04828082047508124,0.04828082047504508,0.048280820475008916,0.048280820474972785,0.0482808204749367,0.04828082047490067,0.04828082047486467,0.048280820474828734,0.04828082047479279,0.0482808204747569,0.048280820474721084,0.048280820474685245,0.04828082047464946,0.04828082047461372,0.048280820474578025,0.04828082047454236,0.048280820474506686,0.04828082047447111,0.04828082047443552,0.0482808204744,0.0482808204743645,0.048280820474329016,0.04828082047429359,0.048280820474258176,0.04828082047422284,0.04828082047418748,0.04828082047415219,0.04828082047411694,0.04828082047408168,0.04828082047404648,0.048280820474011325,0.048280820473976194,0.048280820473941076,0.048280820473906014,0.04828082047387095,0.04828082047383595,0.04828082047380096,0.04828082047376602,0.048280820473731056,0.048280820473696195,0.048280820473661334,0.04828082047362651,0.04828082047359171,0.04828082047355695,0.0482808204735222,0.04828082047348748,0.04828082047345278,0.04828082047341813,0.048280820473383494,0.048280820473348904,0.04828082047331432,0.0482808204732798,0.048280820473245285,0.04828082047321082,0.04828082047317635,0.048280820473141924,0.04828082047310752,0.04828082047307315,0.0482808204730388,0.04828082047300448,0.04828082047297017,0.04828082047293589,0.04828082047290165,0.04828082047286745,0.048280820472833275,0.048280820472799094,0.048280820472764954,0.048280820472730857,0.04828082047269676,0.048280820472662675,0.048280820472628654,0.04828082047259463,0.04828082047256066,0.04828082047252667,0.04828082047249272,0.04828082047245881,0.04828082047242491,0.048280820472391045,0.048280820472357176,0.04828082047232336,0.04828082047228956,0.048280820472255764,0.04828082047222205,0.0482808204721883,0.04828082047215459,0.048280820472120914,0.048280820472087246,0.04828082047205359,0.04828082047201997,0.048280820471986396,0.048280820471952805,0.04828082047191926,0.048280820471885734,0.04828082047185221,0.048280820471818725,0.04828082047178528,0.04828082047175182,0.04828082047171841,0.048280820471684985,0.04828082047165163,0.04828082047161827,0.04828082047158491,0.04828082047155159,0.04828082047151829,0.04828082047148499,0.04828082047145177,0.0482808204714185,0.04828082047138528,0.04828082047135206,0.04828082047131888,0.048280820471285735,0.0482808204712526,0.04828082047121946,0.04828082047118635,0.048280820471153264,0.04828082047112022,0.04828082047108715,0.04828082047105413,0.04828082047102111,0.048280820470988126,0.04828082047095514,0.0482808204709222,0.04828082047088925,0.04828082047085632,0.04828082047082343,0.048280820470790554,0.04828082047075768,0.04828082047072482,0.048280820470691994,0.04828082047065918,0.04828082047062637,0.048280820470593615,0.04828082047056084,0.048280820470528084,0.04828082047049536,0.048280820470462636,0.04828082047042995,0.048280820470397265,0.04828082047036459,0.04828082047033194,0.048280820470299315,0.04828082047026672,0.04828082047023411,0.048280820470201526,0.048280820470168954,0.048280820470136425,0.048280820470103875,0.04828082047007137,0.04828082047003888,0.04828082047000637,0.04828082046997391,0.04828082046994148,0.04828082046990904,0.04828082046987659,0.0482808204698442,0.0482808204698118,0.0482808204697794,0.04828082046974702,0.048280820469714686,0.04828082046968235,0.04828082046965002,0.048280820469617715,0.0482808204695854,0.04828082046955311,0.04828082046952086,0.048280820469488624,0.048280820469456365,0.04828082046942415,0.048280820469391944,0.04828082046935974,0.04828082046932755,0.048280820469295375,0.04828082046926323,0.04828082046923109,0.04828082046919895,0.048280820469166846,0.048280820469134754,0.04828082046910265,0.04828082046907056,0.0482808204690385,0.04828082046900643,0.048280820468974424,0.04828082046894239,0.048280820468910385,0.04828082046887836,0.04828082046884639,0.048280820468814406,0.04828082046878244,0.04828082046875049,0.04828082046871856,0.04828082046868663,0.048280820468654714,0.04828082046862283,0.04828082046859094,0.04828082046855906,0.04828082046852719,0.048280820468495335,0.04828082046846351,0.04828082046843167,0.04828082046839986,0.048280820468368034,0.04828082046833626,0.048280820468304494,0.04828082046827272,0.04828082046824095,0.048280820468209175,0.04828082046817745,0.04828082046814574,0.048280820468114015,0.048280820468082325,0.048280820468050635,0.048280820468018945,0.04828082046798726,0.048280820467955614,0.04828082046792396,0.048280820467892296,0.04828082046786069,0.04828082046782907,0.04828082046779747,0.04828082046776588,0.04828082046773428,0.048280820467702726,0.04828082046767114,0.04828082046763959,0.04828082046760805,0.04828082046757651,0.04828082046754499,0.04828082046751346,0.048280820467481986,0.0482808204674505,0.04828082046741901,0.04828082046738751,0.04828082046735607,0.04828082046732461,0.048280820467293144,0.04828082046726174,0.048280820467230305,0.04828082046719889,0.048280820467167494,0.04828082046713609,0.04828082046710469,0.04828082046707332,0.04828082046704195,0.04828082046701059,0.04828082046697925,0.04828082046694793,0.04828082046691657,0.04828082046688525,0.04828082046685395,0.04828082046682264,0.04828082046679134,0.04828082046676005,0.04828082046672877,0.04828082046669752,0.048280820466666236,0.04828082046663498,0.04828082046660374,0.0482808204665725,0.048280820466541294,0.04828082046651006,0.04828082046647885,0.048280820466447674,0.04828082046641648,0.04828082046638528,0.04828082046635411,0.04828082046632295,0.04828082046629179,0.048280820466260616,0.04828082046622951,0.04828082046619836,0.048280820466167225,0.048280820466136104,0.048280820466105025,0.04828082046607392,0.048280820466042824,0.04828082046601175,0.04828082046598071,0.04828082046594961,0.04828082046591856,0.04828082046588749,0.04828082046585646,0.048280820465825436,0.04828082046579439,0.04828082046576338,0.048280820465732364,0.04828082046570135,0.048280820465670365,0.0482808204656394,0.048280820465608415,0.04828082046557742,0.048280820465546465,0.048280820465515496,0.04828082046548455,0.048280820465453594,0.048280820465422654,0.04828082046539173,0.048280820465360814,0.04828082046532987,0.04828082046529898,0.04828082046526809,0.048280820465237184,0.0482808204652063,0.048280820465175414,0.04828082046514455,0.04828082046511368,0.048280820465082794,0.04828082046505197,0.04828082046502111,0.04828082046499026,0.04828082046495944,0.048280820464928605,0.048280820464897796,0.048280820464866966,0.04828082046483617,0.04828082046480536,0.048280820464774596,0.0482808204647438,0.04828082046471305,0.04828082046468227,0.04828082046465151,0.048280820464620754,0.04828082046459001,0.048280820464559254,0.04828082046452853,0.04828082046449778,0.04828082046446708,0.04828082046443639,0.048280820464405676,0.04828082046437496,0.04828082046434426,0.048280820464313576,0.04828082046428292,0.04828082046425222,0.04828082046422156,0.04828082046419091,0.04828082046416025,0.0482808204641296,0.048280820464098956,0.04828082046406831,0.048280820464037685,0.048280820464007036,0.048280820463976436,0.04828082046394581,0.048280820463915214,0.0482808204638846,0.048280820463854006,0.04828082046382342,0.048280820463792826,0.048280820463762246,0.04828082046373169,0.04828082046370109,0.04828082046367053,0.048280820463639934,0.048280820463609396,0.04828082046357886,0.0482808204635483,0.0482808204635178,0.04828082046348728,0.04828082046345675,0.04828082046342622,0.04828082046339573,0.04828082046336523,0.0482808204633347,0.04828082046330422,0.04828082046327373,0.04828082046324325,0.04828082046321276,0.04828082046318231,0.04828082046315185,0.048280820463121404,0.048280820463090936,0.048280820463060474,0.04828082046303003,0.048280820462999606,0.048280820462969144,0.04828082046293875,0.04828082046290831,0.04828082046287789,0.04828082046284746,0.04828082046281708,0.048280820462786665,0.04828082046275627,0.04828082046272587,0.04828082046269549,0.048280820462665096,0.04828082046263472,0.048280820462604346,0.048280820462574,0.048280820462543624,0.048280820462513294,0.048280820462482936,0.04828082046245261,0.04828082046242227,0.04828082046239195,0.04828082046236162,0.0482808204623313,0.04828082046230099,0.04828082046227066,0.04828082046224035,0.048280820462210064,0.04828082046217976,0.04828082046214947,0.04828082046211915,0.04828082046208884,0.048280820462058595,0.048280820462028314,0.048280820461998025,0.04828082046196775,0.048280820461937476,0.04828082046190722,0.04828082046187698,0.048280820461846716,0.04828082046181646,0.04828082046178626,0.04828082046175601,0.04828082046172576,0.048280820461695545,0.04828082046166535,0.048280820461635135,0.04828082046160491,0.04828082046157471,0.04828082046154452,0.048280820461514336,0.04828082046148415,0.048280820461453974,0.048280820461423776,0.04828082046139361,0.04828082046136345,0.0482808204613333,0.04828082046130315,0.04828082046127302,0.04828082046124288,0.04828082046121272,0.048280820461182594,0.04828082046115244,0.04828082046112229,0.04828082046109217,0.048280820461062045,0.04828082046103194,0.048280820461001815,0.04828082046097172,0.04828082046094163,0.04828082046091152,0.048280820460881425,0.048280820460851345,0.04828082046082125,0.048280820460791164,0.04828082046076107,0.048280820460731,0.04828082046070091,0.04828082046067086,0.0482808204606408,0.048280820460610725,0.048280820460580694,0.04828082046055062,0.04828082046052059,0.04828082046049053,0.04828082046046051,0.04828082046043047,0.04828082046040045,0.04828082046037042,0.048280820460340414,0.04828082046031037,0.048280820460280385,0.048280820460250354,0.04828082046022036,0.04828082046019034,0.048280820460160336,0.04828082046013032,0.04828082046010033,0.048280820460070366,0.0482808204600404,0.04828082046001043,0.048280820459980466,0.04828082045995049,0.04828082045992053,0.04828082045989059,0.048280820459860624,0.04828082045983066,0.04828082045980073,0.048280820459770765,0.04828082045974081,0.04828082045971092,0.04828082045968097,0.04828082045965105,0.04828082045962114,0.04828082045959122,0.04828082045956132,0.0482808204595314,0.048280820459501494,0.04828082045947156,0.04828082045944169,0.048280820459411775,0.0482808204593819,0.048280820459351996,0.04828082045932213,0.04828082045929225,0.048280820459262415,0.048280820459232515,0.048280820459202664,0.048280820459172785,0.04828082045914291,0.04828082045911308,0.04828082045908323,0.048280820459053395,0.048280820459023537,0.048280820458993706,0.04828082045896386,0.048280820458934046,0.04828082045890424,0.0482808204588744,0.04828082045884458,0.048280820458814766,0.048280820458784963,0.04828082045875513,0.048280820458725365,0.04828082045869556,0.048280820458665774,0.048280820458635965,0.0482808204586062,0.04828082045857635,0.04828082045854661,0.04828082045851684,0.04828082045848705,0.048280820458457274,0.04828082045842752,0.048280820458397766,0.048280820458368005,0.048280820458338244,0.048280820458308484,0.048280820458278764,0.04828082045824902,0.04828082045821927,0.04828082045818956,0.048280820458159804,0.048280820458130085,0.04828082045810037,0.04828082045807063,0.0482808204580409,0.04828082045801121,0.04828082045798149,0.04828082045795176,0.04828082045792207,0.04828082045789237,0.04828082045786269,0.048280820457833,0.048280820457803304,0.04828082045777365,0.048280820457743956,0.048280820457714306,0.04828082045768461,0.048280820457654944,0.04828082045762525,0.048280820457595616,0.048280820457565946,0.0482808204575363,0.04828082045750665,0.048280820457476996,0.04828082045744735,0.04828082045741774,0.048280820457388095,0.04828082045735845,0.04828082045732884,0.04828082045729919,0.04828082045726956,0.04828082045723995,0.04828082045721034,0.048280820457180726,0.04828082045715112,0.048280820457121516,0.048280820457091936,0.04828082045706232,0.04828082045703273,0.04828082045700312,0.04828082045697354,0.04828082045694394,0.048280820456914356,0.04828082045688483,0.048280820456855264,0.04828082045682569,0.0482808204567961,0.048280820456766516,0.04828082045673696,0.0482808204567074,0.04828082045667786,0.04828082045664832,0.04828082045661875,0.04828082045658923,0.048280820456559695,0.04828082045653015,0.04828082045650062,0.048280820456471085,0.04828082045644154,0.04828082045641203,0.04828082045638253,0.048280820456353,0.04828082045632346,0.04828082045629398,0.04828082045626445,0.04828082045623497,0.04828082045620546,0.04828082045617598,0.048280820456146484,0.04828082045611697,0.04828082045608747,0.048280820456057985,0.048280820456028495,0.048280820455999,0.048280820455969556,0.048280820455940066,0.048280820455910624,0.04828082045588119,0.04828082045585169,0.04828082045582225,0.04828082045579278,0.04828082045576335,0.048280820455733904,0.04828082045570448,0.048280820455675034,0.04828082045564557,0.04828082045561616,0.04828082045558673,0.04828082045555728,0.04828082045552785,0.048280820455498426,0.048280820455469005,0.04828082045543959,0.04828082045541016,0.048280820455380756,0.048280820455351335,0.048280820455321956,0.048280820455292556,0.04828082045526317,0.04828082045523379,0.04828082045520438,0.04828082045517501,0.04828082045514561,0.04828082045511625,0.04828082045508685,0.04828082045505752,0.04828082045502817,0.04828082045499874,0.048280820454969384,0.048280820454940004,0.048280820454910674,0.048280820454881294,0.048280820454851964,0.0482808204548226,0.04828082045479328,0.048280820454763916,0.04828082045473459,0.048280820454705255,0.04828082045467594,0.048280820454646586,0.04828082045461726,0.04828082045458797,0.04828082045455862,0.04828082045452933,0.048280820454499995,0.04828082045447067,0.04828082045444137,0.04828082045441201,0.04828082045438271,0.04828082045435342,0.04828082045432412,0.04828082045429481,0.04828082045426552,0.04828082045423624,0.048280820454206945,0.04828082045417768,0.04828082045414842,0.04828082045411916,0.04828082045408988,0.0482808204540606,0.04828082045403133,0.048280820454002095,0.048280820453972834,0.04828082045394358,0.048280820453914325,0.04828082045388509,0.048280820453855844,0.0482808204538266,0.048280820453797356,0.0482808204537681,0.04828082045373889,0.048280820453709655,0.04828082045368042,0.048280820453651216,0.048280820453621996,0.04828082045359278,0.04828082045356357,0.04828082045353435,0.04828082045350517,0.04828082045347595,0.04828082045344675,0.048280820453417556,0.04828082045338835,0.048280820453359165,0.04828082045332997,0.04828082045330079,0.0482808204532716,0.04828082045324241,0.04828082045321323,0.04828082045318404,0.048280820453154856,0.048280820453125706,0.04828082045309652,0.048280820453067363,0.048280820453038206,0.04828082045300904,0.048280820452979906,0.04828082045295074,0.04828082045292159,0.04828082045289247,0.04828082045286333,0.04828082045283422,0.04828082045280508,0.04828082045277594,0.04828082045274682,0.04828082045271771,0.04828082045268859,0.04828082045265947,0.048280820452630324,0.048280820452601236,0.04828082045257209,0.048280820452543,0.04828082045251391,0.0482808204524848,0.0482808204524557,0.048280820452426626,0.04828082045239752,0.04828082045236841,0.048280820452339314,0.04828082045231021,0.04828082045228112,0.048280820452252037,0.048280820452222976,0.048280820452193916,0.04828082045216486,0.048280820452135796,0.04828082045210671,0.048280820452077676,0.04828082045204862,0.04828082045201955,0.048280820451990496,0.04828082045196144,0.0482808204519324,0.04828082045190335,0.048280820451874304,0.04828082045184527,0.04828082045181626,0.04828082045178723,0.04828082045175819,0.04828082045172917,0.04828082045170016,0.04828082045167111,0.04828082045164208,0.04828082045161309,0.048280820451584064,0.04828082045155506,0.04828082045152605,0.04828082045149702,0.04828082045146802,0.04828082045143904,0.04828082045141003,0.04828082045138103,0.04828082045135204,0.04828082045132308,0.04828082045129411,0.04828082045126512,0.04828082045123614,0.048280820451207185,0.04828082045117819,0.04828082045114924,0.04828082045112029,0.048280820451091305,0.048280820451062356,0.0482808204510334,0.048280820451004444,0.0482808204509755,0.048280820450946525,0.0482808204509176,0.04828082045088866,0.04828082045085973,0.04828082045083077,0.04828082045080186,0.048280820450772935,0.04828082045074402,0.04828082045071512,0.048280820450686185,0.04828082045065724,0.048280820450628356,0.048280820450599435,0.04828082045057051,0.048280820450541606,0.048280820450512726,0.0482808204504838,0.0482808204504549,0.048280820450426025,0.048280820450397104,0.04828082045036824,0.04828082045033933,0.04828082045031047,0.04828082045028157,0.048280820450252705,0.04828082045022381,0.048280820450194946,0.048280820450166094,0.04828082045013722,0.04828082045010836,0.04828082045007949,0.04828082045005066,0.04828082045002178,0.04828082044999292,0.04828082044996411,0.04828082044993524,0.0482808204499064,0.04828082044987756,0.0482808204498487,0.048280820449819885,0.04828082044979105,0.04828082044976221,0.0482808204497334,0.048280820449704574,0.04828082044967574,0.04828082044964691,0.04828082044961809,0.04828082044958927,0.04828082044956049,0.048280820449531664,0.04828082044950284,0.04828082044947404,0.048280820449445275,0.04828082044941647,0.048280820449387675,0.0482808204493589,0.0482808204493301,0.0482808204493013,0.04828082044927253,0.048280820449243735,0.04828082044921497,0.0482808204491862,0.04828082044915743,0.04828082044912865,0.048280820449099905,0.04828082044907115,0.048280820449042396,0.04828082044901364,0.048280820448984865,0.04828082044895612,0.04828082044892739,0.048280820448898636,0.04828082044886988,0.04828082044884111,0.04828082044881236,0.04828082044878365,0.04828082044875488,0.048280820448726156,0.04828082044869744,0.048280820448668715,0.04828082044863998,0.04828082044861125,0.04828082044858255,0.04828082044855383,0.048280820448525115,0.04828082044849643,0.0482808204484677,0.048280820448438976,0.0482808204484103,0.048280820448381605,0.04828082044835295,0.048280820448324255,0.048280820448295556,0.04828082044826688,0.048280820448238185,0.048280820448209506,0.048280820448180835,0.04828082044815216,0.048280820448123464,0.048280820448094806,0.048280820448066135,0.04828082044803747,0.04828082044800883,0.048280820447980155,0.0482808204479515,0.048280820447922826,0.048280820447894175,0.04828082044786554,0.048280820447836895,0.04828082044780825,0.04828082044777959,0.04828082044775097,0.04828082044772233,0.04828082044769369,0.04828082044766507,0.04828082044763646,0.04828082044760783,0.04828082044757921,0.04828082044755059,0.04828082044752198,0.04828082044749337,0.048280820447464734,0.04828082044743614,0.04828082044740754,0.048280820447378935,0.04828082044735033,0.04828082044732176,0.04828082044729316,0.04828082044726456,0.048280820447235966,0.04828082044720737,0.04828082044717881,0.048280820447150215,0.04828082044712163,0.04828082044709306,0.04828082044706448,0.04828082044703592,0.04828082044700734,0.048280820446978796,0.04828082044695021,0.04828082044692167,0.04828082044689311,0.04828082044686456,0.048280820446836,0.04828082044680746,0.048280820446778935,0.048280820446750375,0.048280820446721856,0.048280820446693316,0.04828082044666478,0.04828082044663624,0.04828082044660774,0.0482808204465792,0.04828082044655067,0.048280820446522134,0.04828082044649362,0.0482808204464651,0.0482808204464366,0.0482808204464081,0.048280820446379574,0.048280820446351076,0.04828082044632258,0.04828082044629407,0.04828082044626559,0.04828082044623708,0.048280820446208586,0.04828082044618012,0.048280820446151625,0.048280820446123134,0.04828082044609467,0.04828082044606618,0.048280820446037716,0.04828082044600923,0.04828082044598078,0.04828082044595232,0.04828082044592384,0.04828082044589539,0.04828082044586695,0.04828082044583851,0.04828082044581004,0.048280820445781594,0.04828082044575315,0.04828082044572473,0.04828082044569631,0.048280820445667894,0.04828082044563942,0.04828082044561101,0.04828082044558255,0.048280820445554117,0.0482808204455257,0.04828082044549729,0.04828082044546888,0.04828082044544045,0.048280820445412015,0.04828082044538358,0.04828082044535518,0.0482808204453268,0.04828082044529838,0.04828082044526998,0.04828082044524161,0.048280820445213195,0.04828082044518481,0.048280820445156386,0.04828082044512802,0.048280820445099626,0.048280820445071246,0.048280820445042866,0.048280820445014506,0.048280820444986106,0.04828082044495777,0.048280820444929394,0.048280820444901014,0.04828082044487266,0.0482808204448443,0.04828082044481592,0.04828082044478757,0.048280820444759225,0.04828082044473087,0.04828082044470251,0.048280820444674175,0.04828082044464585,0.04828082044461749,0.04828082044458915,0.048280820444560814,0.04828082044453248,0.04828082044450413,0.0482808204444758,0.04828082044444749,0.04828082044441914,0.048280820444390846,0.0482808204443625,0.0482808204443342,0.0482808204443059,0.04828082044427757,0.04828082044424926,0.048280820444220954,0.048280820444192636,0.04828082044416434,0.04828082044413603,0.048280820444107746,0.048280820444079435,0.04828082044405116,0.04828082044402287,0.04828082044399458,0.048280820443966276,0.048280820443938006,0.048280820443909724,0.04828082044388147,0.048280820443853206,0.04828082044382495,0.04828082044379667,0.0482808204437684,0.04828082044374014,0.0482808204437119,0.04828082044368363,0.0482808204436554,0.048280820443627144,0.04828082044359888,0.04828082044357064,0.04828082044354239,0.048280820443514186,0.048280820443485924,0.04828082044345768,0.04828082044342944,0.04828082044340121,0.04828082044337298,0.04828082044334474,0.04828082044331651,0.04828082044328829,0.048280820443260083,0.048280820443231856,0.048280820443203656,0.048280820443175415,0.048280820443147236,0.04828082044311903,0.04828082044309084,0.04828082044306265,0.04828082044303444,0.04828082044300624,0.04828082044297806,0.04828082044294986,0.04828082044292168,0.04828082044289348,0.048280820442865295,0.048280820442837116,0.04828082044280896,0.048280820442780766,0.048280820442752614,0.04828082044272444,0.048280820442696284,0.04828082044266813,0.048280820442639955,0.04828082044261182,0.048280820442583645,0.0482808204425555,0.04828082044252736,0.048280820442499206,0.048280820442471076,0.04828082044244295,0.04828082044241481,0.048280820442386664,0.04828082044235853,0.04828082044233038,0.04828082044230233,0.04828082044227421,0.04828082044224607,0.04828082044221797,0.04828082044218986,0.04828082044216175,0.0482808204421336,0.048280820442105556,0.04828082044207744,0.048280820442049316,0.048280820442021234,0.04828082044199312,0.04828082044196504,0.048280820441936954,0.048280820441908845,0.04828082044188075,0.04828082044185267,0.048280820441824565,0.04828082044179649,0.048280820441768374,0.04828082044174031,0.048280820441712204,0.048280820441684164,0.048280820441656075,0.04828082044162801,0.04828082044159997,0.04828082044157189,0.048280820441543804,0.04828082044151577,0.04828082044148771,0.04828082044145969,0.04828082044143163,0.048280820441403575,0.04828082044137553,0.04828082044134748,0.048280820441319455,0.0482808204412914,0.048280820441263396,0.04828082044123535,0.0482808204412073,0.048280820441179276,0.048280820441151256,0.04828082044112322,0.04828082044109521,0.04828082044106721,0.04828082044103918,0.04828082044101117,0.048280820440983176,0.04828082044095515,0.048280820440927165,0.04828082044089915,0.04828082044087115,0.04828082044084315,0.04828082044081514,0.04828082044078716,0.04828082044075917,0.04828082044073116,0.04828082044070317,0.04828082044067517,0.0482808204406472,0.048280820440619196,0.04828082044059125,0.04828082044056328,0.0482808204405353,0.04828082044050733,0.04828082044047938,0.04828082044045143,0.04828082044042347,0.04828082044039551,0.048280820440367536,0.0482808204403396,0.04828082044031164,0.04828082044028369,0.048280820440255716,0.048280820440227815,0.04828082044019986,0.04828082044017191,0.048280820440143986,0.048280820440116036,0.0482808204400881,0.04828082044006019,0.048280820440032256,0.04828082044000432,0.048280820439976405,0.04828082043994847,0.048280820439920547,0.04828082043989264,0.04828082043986471,0.048280820439836794,0.048280820439808886,0.04828082043978098,0.048280820439753076,0.048280820439725154,0.048280820439697295,0.04828082043966937,0.048280820439641485,0.04828082043961362,0.04828082043958573,0.04828082043955784,0.04828082043952994,0.04828082043950209,0.04828082043947418,0.04828082043944632,0.04828082043941846,0.048280820439390595,0.04828082043936272,0.048280820439334876,0.04828082043930702,0.04828082043927916,0.04828082043925132,0.048280820439223465,0.04828082043919563,0.04828082043916776,0.048280820439139914,0.04828082043911209,0.04828082043908425,0.0482808204390564,0.048280820439028586,0.048280820439000754,0.04828082043897292,0.0482808204389451,0.048280820438917287,0.048280820438889455,0.04828082043886164,0.048280820438833805,0.048280820438806014,0.04828082043877818,0.04828082043875039,0.048280820438722595,0.04828082043869478,0.048280820438666966,0.04828082043863916,0.04828082043861137,0.04828082043858357,0.04828082043855577,0.048280820438527994,0.04828082043850018,0.04828082043847242,0.048280820438444644,0.04828082043841688,0.048280820438389105,0.04828082043836135,0.048280820438333566,0.04828082043830582,0.04828082043827801,0.04828082043825026,0.04828082043822246,0.048280820438194705,0.048280820438166956,0.04828082043813918,0.04828082043811138,0.04828082043808366,0.04828082043805593,0.048280820438028185,0.048280820438000444,0.048280820437972695,0.04828082043794497,0.04828082043791721,0.048280820437889484,0.04828082043786178,0.04828082043783403,0.048280820437806314,0.04828082043777861,0.048280820437750865,0.04828082043772315,0.048280820437695424,0.048280820437667724,0.04828082043763999,0.048280820437612275,0.04828082043758457,0.04828082043755685,0.04828082043752915,0.04828082043750146,0.04828082043747378,0.04828082043744605,0.04828082043741839,0.048280820437390695,0.048280820437362995,0.0482808204373353,0.04828082043730761,0.048280820437279943,0.048280820437252264,0.0482808204372246,0.04828082043719693,0.04828082043716927,0.04828082043714157,0.04828082043711391,0.04828082043708624,0.04828082043705857,0.04828082043703092,0.048280820437003276,0.04828082043697561,0.04828082043694794,0.0482808204369203,0.048280820436892656,0.04828082043686503,0.048280820436837374,0.048280820436809736,0.04828082043678209,0.04828082043675446,0.04828082043672684,0.04828082043669921,0.04828082043667156,0.048280820436643945,0.04828082043661634,0.04828082043658873,0.04828082043656113,0.048280820436533534,0.0482808204365059,0.04828082043647831,0.04828082043645069,0.048280820436423094,0.048280820436395464,0.04828082043636789,0.0482808204363403,0.04828082043631274,0.048280820436285135,0.04828082043625753,0.04828082043622996,0.04828082043620236,0.04828082043617478,0.04828082043614719,0.048280820436119594,0.04828082043609202,0.04828082043606445,0.04828082043603688,0.04828082043600929,0.048280820435981746,0.0482808204359542,0.04828082043592664,0.048280820435899076,0.0482808204358715,0.04828082043584395,0.048280820435816406,0.04828082043578887,0.04828082043576131,0.04828082043573378,0.04828082043570623,0.048280820435678676,0.048280820435651114,0.048280820435623574,0.04828082043559604,0.04828082043556853,0.04828082043554099,0.048280820435513475,0.04828082043548597,0.04828082043545844,0.04828082043543094,0.04828082043540341,0.0482808204353759,0.04828082043534838,0.048280820435320886,0.04828082043529337,0.048280820435265874,0.04828082043523837,0.04828082043521085,0.04828082043518337,0.04828082043515587,0.048280820435128394,0.0482808204351009,0.048280820435073424,0.048280820435045925,0.048280820435018454,0.04828082043499097,0.048280820434963526,0.048280820434936075,0.04828082043490858,0.04828082043488109,0.048280820434853614,0.048280820434826136,0.048280820434798685,0.04828082043477122,0.04828082043474377,0.0482808204347163,0.04828082043468882,0.0482808204346614,0.04828082043463392,0.0482808204346065,0.04828082043457906,0.0482808204345516,0.048280820434524176,0.04828082043449674,0.04828082043446929,0.04828082043444187,0.048280820434414416,0.048280820434386994,0.048280820434359564,0.04828082043433212,0.048280820434304726,0.048280820434277276,0.048280820434249874,0.048280820434222445,0.048280820434194995,0.0482808204341676,0.04828082043414019,0.04828082043411278,0.048280820434085395,0.04828082043405797,0.048280820434030605,0.04828082043400319,0.0482808204339758,0.048280820433948414,0.04828082043392103,0.04828082043389369,0.0482808204338663,0.04828082043383891,0.048280820433811523,0.04828082043378414,0.048280820433756776,0.048280820433729436,0.04828082043370207,0.048280820433674675,0.048280820433647335,0.04828082043361997,0.0482808204335926,0.04828082043356525,0.04828082043353788,0.04828082043351051,0.048280820433483175,0.04828082043345582,0.04828082043342849,0.04828082043340114,0.04828082043337379,0.04828082043334645,0.04828082043331912,0.04828082043329177,0.04828082043326447,0.04828082043323713,0.048280820433209796,0.04828082043318246,0.04828082043315514,0.04828082043312782,0.048280820433100516,0.04828082043307319,0.0482808204330459,0.048280820433018595,0.04828082043299127,0.048280820432963986,0.0482808204329367,0.0482808204329094,0.048280820432882086,0.048280820432854796,0.048280820432827505,0.048280820432800214,0.04828082043277293,0.04828082043274566,0.04828082043271837,0.048280820432691066,0.048280820432663796,0.04828082043263653,0.04828082043260922,0.04828082043258195,0.048280820432554696,0.04828082043252742,0.04828082043250018,0.04828082043247289,0.04828082043244564,0.04828082043241841,0.04828082043239113,0.04828082043236389,0.048280820432336606,0.04828082043230934,0.04828082043228209,0.04828082043225485,0.04828082043222759,0.048280820432200375,0.04828082043217315,0.048280820432145904,0.0482808204321187,0.04828082043209145,0.04828082043206422,0.048280820432036964,0.04828082043200978,0.04828082043198253,0.04828082043195532,0.0482808204319281,0.0482808204319009,0.04828082043187368,0.04828082043184647,0.04828082043181928,0.048280820431792056,0.048280820431764855,0.04828082043173765,0.04828082043171045,0.04828082043168325,0.04828082043165606,0.04828082043162887,0.048280820431601666,0.04828082043157448,0.048280820431547286,0.04828082043152009,0.04828082043149292,0.04828082043146572,0.04828082043143856,0.04828082043141139,0.04828082043138423,0.04828082043135705,0.04828082043132989,0.048280820431302704,0.048280820431275566,0.0482808204312484,0.04828082043122124,0.04828082043119411,0.048280820431166944,0.048280820431139786,0.04828082043111264,0.04828082043108549,0.04828082043105833,0.048280820431031206,0.04828082043100408,0.04828082043097692,0.048280820430949785,0.04828082043092266,0.04828082043089554,0.04828082043086842,0.04828082043084129,0.04828082043081417,0.04828082043078705,0.048280820430759916,0.04828082043073282,0.0482808204307057,0.04828082043067859,0.04828082043065147,0.04828082043062438,0.048280820430597296,0.04828082043057016,0.048280820430543075,0.04828082043051599,0.04828082043048889,0.04828082043046177,0.04828082043043469,0.04828082043040758,0.04828082043038052,0.048280820430353415,0.04828082043032632,0.04828082043029924,0.04828082043027216,0.0482808204302451,0.04828082043021801,0.04828082043019094,0.048280820430163886,0.04828082043013683,0.04828082043010978,0.048280820430082715,0.04828082043005564,0.04828082043002861,0.04828082043000153,0.048280820429974496,0.048280820429947455,0.04828082042992039,0.048280820429893366,0.04828082042986631,0.048280820429839284,0.048280820429812264,0.048280820429785216,0.048280820429758196,0.048280820429731156,0.048280820429704135,0.0482808204296771,0.048280820429650054,0.04828082042962304,0.04828082042959602,0.04828082042956898,0.04828082042954196,0.048280820429514947,0.04828082042948793,0.048280820429460934,0.048280820429433914,0.048280820429406894,0.048280820429379895,0.048280820429352916,0.048280820429325924,0.048280820429298946,0.04828082042927193,0.048280820429244926,0.048280820429217955,0.04828082042919094,0.04828082042916397,0.048280820429137,0.048280820429110013,0.04828082042908302,0.048280820429056036,0.04828082042902905,0.0482808204290021,0.048280820428975114,0.048280820428948136,0.048280820428921165,0.04828082042889421,0.048280820428867235,0.048280820428840285,0.04828082042881332,0.0482808204287864,0.048280820428759426,0.04828082042873246,0.04828082042870552,0.04828082042867859,0.04828082042865164,0.04828082042862469,0.048280820428597764,0.04828082042857085,0.04828082042854389,0.048280820428516946,0.04828082042849005,0.048280820428463087,0.04828082042843616,0.048280820428409255,0.04828082042838234,0.04828082042835542,0.04828082042832851,0.04828082042830158,0.048280820428274675,0.04828082042824778,0.048280820428220864,0.048280820428193955,0.048280820428167066,0.048280820428140185,0.04828082042811326,0.04828082042808639,0.0482808204280595,0.04828082042803262,0.048280820428005716,0.04828082042797885,0.04828082042795196,0.04828082042792506,0.048280820427898205,0.0482808204278713,0.04828082042784445,0.04828082042781758,0.04828082042779071,0.04828082042776382,0.04828082042773698,0.0482808204277101,0.048280820427683245,0.048280820427656385,0.048280820427629545,0.04828082042760267,0.048280820427575824,0.04828082042754898,0.04828082042752215,0.04828082042749528,0.04828082042746844,0.048280820427441584,0.04828082042741474,0.04828082042738793,0.0482808204273611,0.04828082042733426,0.04828082042730741,0.04828082042728059,0.04828082042725375,0.04828082042722693,0.04828082042720008,0.048280820427173264,0.04828082042714646,0.04828082042711963,0.04828082042709282,0.04828082042706601,0.04828082042703921,0.048280820427012386,0.048280820426985574,0.04828082042695876,0.04828082042693199,0.04828082042690518,0.048280820426878354,0.04828082042685159,0.04828082042682483,0.04828082042679803,0.04828082042677123,0.04828082042674446,0.0482808204267177,0.04828082042669092,0.04828082042666413,0.04828082042663734,0.04828082042661058,0.04828082042658383,0.048280820426557035,0.048280820426530285,0.048280820426503494,0.048280820426476745,0.04828082042644999,0.048280820426423246,0.04828082042639649,0.04828082042636975,0.048280820426343,0.04828082042631623,0.048280820426289485,0.04828082042626274,0.048280820426235986,0.04828082042620926,0.04828082042618252,0.04828082042615576,0.04828082042612905,0.04828082042610229,0.04828082042607558,0.04828082042604884,0.048280820426022136,0.048280820425995394,0.04828082042596869,0.04828082042594197,0.048280820425915236,0.048280820425888535,0.0482808204258618,0.048280820425835085,0.04828082042580836,0.048280820425781634,0.04828082042575495,0.048280820425728246,0.048280820425701525,0.04828082042567483,0.048280820425648144,0.04828082042562145,0.04828082042559476,0.04828082042556806,0.048280820425541396,0.0482808204255147,0.04828082042548801,0.048280820425461314,0.048280820425434655,0.048280820425408,0.04828082042538132,0.04828082042535464,0.048280820425327955,0.0482808204253013,0.04828082042527462,0.04828082042524797,0.04828082042522131,0.04828082042519465,0.048280820425168014,0.04828082042514135,0.04828082042511473,0.04828082042508808,0.048280820425061426,0.04828082042503477,0.04828082042500814,0.04828082042498147,0.04828082042495483,0.04828082042492818,0.048280820424901554,0.048280820424874915,0.048280820424848284,0.04828082042482167,0.04828082042479503,0.04828082042476843,0.04828082042474182,0.04828082042471519,0.04828082042468856,0.04828082042466196,0.04828082042463534,0.04828082042460873,0.04828082042458211,0.0482808204245555,0.048280820424528886,0.048280820424502276,0.04828082042447568,0.048280820424449096,0.04828082042442245,0.04828082042439586,0.048280820424369285,0.04828082042434268,0.04828082042431609,0.048280820424289536,0.04828082042426293,0.04828082042423636,0.04828082042420978,0.048280820424183205,0.04828082042415662,0.04828082042413006,0.04828082042410351,0.048280820424076915,0.04828082042405037,0.04828082042402381,0.048280820423997256,0.048280820423970715,0.04828082042394412,0.04828082042391754,0.04828082042389099,0.04828082042386443,0.048280820423837904,0.04828082042381135,0.04828082042378479,0.048280820423758274,0.04828082042373172,0.048280820423705156,0.04828082042367863,0.04828082042365211,0.048280820423625574,0.048280820423599054,0.0482808204235725,0.04828082042354601,0.04828082042351948,0.048280820423492965,0.04828082042346643,0.048280820423439924,0.0482808204234134,0.0482808204233869,0.04828082042336036,0.04828082042333387,0.04828082042330736,0.048280820423280836,0.04828082042325434,0.04828082042322784,0.048280820423201344,0.04828082042317486,0.04828082042314835,0.048280820423121894,0.048280820423095415,0.048280820423068915,0.04828082042304242,0.04828082042301594,0.04828082042298946,0.04828082042296297,0.0482808204229365,0.04828082042291003,0.04828082042288355,0.04828082042285708,0.04828082042283062,0.048280820422804155,0.04828082042277769,0.04828082042275124,0.048280820422724774,0.048280820422698316,0.04828082042267185,0.0482808204226454,0.048280820422618755,0.04828082042259235,0.04828082042256593,0.04828082042253947,0.04828082042251304,0.048280820422486576,0.04828082042246014,0.0482808204224337,0.04828082042240726,0.04828082042238084,0.04828082042235441,0.048280820422327994,0.04828082042230157,0.04828082042227514,0.04828082042224871,0.048280820422222315,0.04828082042219589,0.04828082042216949,0.04828082042214304,0.04828082042211665,0.04828082042209023,0.04828082042206385,0.04828082042203742,0.048280820422011046,0.048280820421984644,0.04828082042195824,0.04828082042193185,0.04828082042190546,0.04828082042187905,0.04828082042185268,0.048280820421826284,0.04828082042179988,0.04828082042177353,0.04828082042174714,0.04828082042172075,0.04828082042169438,0.04828082042166802,0.048280820421641626,0.04828082042161525,0.048280820421588905,0.04828082042156254,0.048280820421536155,0.0482808204215098,0.048280820421483434,0.04828082042145709,0.0482808204214307,0.04828082042140438,0.04828082042137802,0.048280820421351664,0.04828082042132534,0.04828082042129895,0.04828082042127264,0.04828082042124628,0.04828082042121995,0.04828082042119359,0.048280820421167256,0.048280820421140944,0.048280820421114604,0.04828082042108825,0.048280820421061924,0.0482808204210356,0.0482808204210093,0.04828082042098295,0.048280820420956626,0.048280820420930334,0.04828082042090402,0.048280820420877696,0.0482808204208514,0.048280820420825085,0.04828082042079878,0.04828082042077248,0.04828082042074617,0.04828082042071985,0.04828082042069357,0.04828082042066726,0.048280820420640976,0.04828082042061469,0.04828082042058839,0.048280820420562115,0.04828082042053582,0.04828082042050953,0.04828082042048325,0.04828082042045698,0.04828082042043069,0.04828082042040443,0.048280820420378165,0.048280820420351866,0.0482808204203256,0.04828082042029932,0.048280820420273075,0.0482808204202468,0.048280820420220534,0.048280820420194284,0.04828082042016802,0.04828082042014179,0.04828082042011553,0.04828082042008928,0.04828082042006301,0.048280820420036764,0.04828082042001051,0.048280820419984286,0.04828082041995804,0.0482808204199318,0.04828082041990557,0.04828082041987934,0.04828082041985309,0.048280820419826856,0.04828082041980065,0.048280820419774405,0.048280820419748176,0.04828082041972196,0.04828082041969575,0.04828082041966952,0.0482808204196433,0.048280820419617086,0.0482808204195909,0.04828082041956467,0.048280820419538475,0.04828082041951225,0.04828082041948605,0.04828082041945985,0.04828082041943368,0.048280820419407434,0.04828082041938126,0.048280820419355025,0.04828082041932886,0.04828082041930264,0.048280820419276484,0.04828082041925029,0.04828082041922411,0.048280820419197935,0.04828082041917176,0.04828082041914559,0.04828082041911939,0.04828082041909322,0.04828082041906706,0.04828082041904088,0.048280820419014714,0.04828082041898856,0.04828082041896239,0.04828082041893623,0.048280820418910075,0.0482808204188839,0.04828082041885774,0.04828082041883161,0.048280820418805444,0.0482808204187793,0.04828082041875319,0.048280820418727055,0.048280820418700916,0.04828082041867479,0.04828082041864866,0.048280820418622514,0.04828082041859636,0.04828082041857023,0.048280820418544104,0.048280820418517965,0.048280820418491834,0.048280820418465716,0.04828082041843959,0.04828082041841347,0.04828082041838736,0.048280820418361216,0.048280820418335126,0.04828082041830899,0.04828082041828289,0.04828082041825678,0.048280820418230674,0.04828082041820457,0.04828082041817845,0.04828082041815236,0.04828082041812626,0.04828082041810017,0.048280820418074064,0.048280820418047994,0.04828082041802191,0.04828082041799581,0.048280820417969696,0.048280820417943605,0.04828082041791755,0.04828082041789147,0.04828082041786538,0.04828082041783932,0.04828082041781325,0.04828082041778716,0.048280820417761106,0.048280820417735015,0.04828082041770896,0.0482808204176829,0.048280820417656856,0.0482808204176308,0.048280820417604745,0.04828082041757869,0.048280820417552626,0.048280820417526585,0.048280820417500515,0.04828082041747448,0.04828082041744843,0.0482808204174224,0.04828082041739634,0.04828082041737029,0.04828082041734426,0.04828082041731826,0.0482808204172922,0.048280820417266175,0.048280820417240126,0.0482808204172141,0.04828082041718808,0.048280820417162064,0.04828082041713604,0.04828082041711004,0.048280820417084,0.048280820417057994,0.04828082041703196,0.04828082041700596,0.048280820416979946,0.04828082041695395,0.04828082041692792,0.048280820416901925,0.048280820416875904,0.04828082041684993,0.048280820416823925,0.048280820416797925,0.048280820416771945,0.04828082041674597,0.048280820416719966,0.04828082041669398,0.04828082041666798,0.048280820416642,0.04828082041661605,0.04828082041659008,0.0482808204165641,0.048280820416538105,0.04828082041651213,0.04828082041648616,0.04828082041646018,0.048280820416434195,0.04828082041640824,0.0482808204163823,0.04828082041635632,0.048280820416330375,0.04828082041630444,0.04828082041627845,0.04828082041625252,0.04828082041622656,0.04828082041620059,0.04828082041617465,0.04828082041614871,0.04828082041612276,0.048280820416096826,0.04828082041607088,0.048280820416044944,0.04828082041601902,0.04828082041599306,0.04828082041596716,0.04828082041594121,0.048280820415915277,0.04828082041588936,0.04828082041586345,0.048280820415837526,0.048280820415811596,0.04828082041578568,0.048280820415759776,0.04828082041573385,0.04828082041570792,0.048280820415682005,0.04828082041565611,0.048280820415630206,0.04828082041560429,0.048280820415578386,0.04828082041555249,0.04828082041552661,0.0482808204155007,0.04828082041547479,0.048280820415448907,0.04828082041542301,0.048280820415397115,0.048280820415371226,0.048280820415345364,0.04828082041531949,0.04828082041529359,0.04828082041526768,0.048280820415241815,0.04828082041521593,0.04828082041519007,0.0482808204151642,0.048280820415138315,0.048280820415112474,0.048280820415086585,0.04828082041506073,0.04828082041503488,0.04828082041500899,0.04828082041498313,0.0482808204149573,0.048280820414931445,0.048280820414905605,0.04828082041487974,0.048280820414853896,0.04828082041482804,0.04828082041480218,0.048280820414776354,0.04828082041475051,0.04828082041472468,0.04828082041469884,0.04828082041467301,0.04828082041464717,0.048280820414621346,0.0482808204145955,0.04828082041456969,0.04828082041454385,0.04828082041451806,0.04828082041449221,0.048280820414466394,0.0482808204144406,0.048280820414414796,0.048280820414388956,0.04828082041436319,0.04828082041433737,0.04828082041431156,0.04828082041428577,0.048280820414259955,0.04828082041423415,0.048280820414208364,0.04828082041418258,0.048280820414156767,0.048280820414131,0.04828082041410519,0.0482808204140794,0.04828082041405361,0.04828082041402784,0.04828082041400205,0.04828082041397627,0.04828082041395049,0.0482808204139247,0.04828082041389897,0.04828082041387318,0.048280820413847375,0.048280820413821625,0.048280820413795854,0.048280820413770076,0.04828082041374433,0.048280820413718555,0.048280820413692804,0.04828082041366704,0.048280820413641276,0.04828082041361554,0.048280820413589776,0.04828082041356404,0.048280820413538275,0.04828082041351255,0.04828082041348678,0.04828082041346105,0.04828082041343531,0.048280820413409586,0.04828082041338386,0.048280820413358135,0.04828082041333241,0.04828082041330668,0.04828082041328095,0.04828082041325521,0.04828082041322948,0.04828082041320376,0.04828082041317803,0.04828082041315232,0.04828082041312661,0.0482808204131009,0.048280820413075166,0.048280820413049486,0.04828082041302376,0.04828082041299804,0.04828082041297235,0.048280820412946644,0.04828082041292093,0.048280820412895255,0.04828082041286954,0.048280820412843845,0.04828082041281816,0.04828082041279246,0.04828082041276676,0.04828082041274109,0.04828082041271539,0.04828082041268972,0.04828082041266405,0.04828082041263834,0.04828082041261267,0.048280820412587,0.048280820412561334,0.04828082041253565,0.048280820412509966,0.048280820412484285,0.048280820412458604,0.04828082041243296,0.048280820412407305,0.04828082041238164,0.048280820412355985,0.04828082041233031,0.048280820412304665,0.04828082041227902,0.04828082041225338,0.04828082041222771,0.04828082041220203,0.048280820412176385,0.04828082041215075,0.04828082041212509,0.048280820412099475,0.0482808204120738,0.048280820412048196,0.04828082041202256,0.04828082041199692,0.048280820411971286,0.04828082041194567,0.04828082041192003,0.048280820411894416,0.04828082041186881,0.04828082041184317,0.048280820411817554,0.04828082041179194,0.04828082041176633,0.0482808204117407,0.048280820411715095,0.04828082041168948,0.04828082041166389,0.04828082041163825,0.048280820411612635,0.04828082041158702,0.048280820411561405,0.04828082041153582,0.04828082041151021,0.0482808204114846,0.048280820411459,0.0482808204114334,0.0482808204114078,0.048280820411382236,0.048280820411356645,0.048280820411331075,0.04828082041130547,0.04828082041127987,0.048280820411254304,0.0482808204112287,0.048280820411203136,0.048280820411177566,0.048280820411152,0.04828082041112645,0.048280820411100885,0.04828082041107533,0.04828082041104976,0.0482808204110242,0.048280820410998654,0.04828082041097302,0.04828082041094747,0.04828082041092193,0.04828082041089639,0.04828082041087085,0.048280820410845304,0.04828082041081974,0.04828082041079422,0.04828082041076866,0.04828082041074312,0.04828082041071757,0.04828082041069205,0.04828082041066652,0.04828082041064097,0.048280820410615446,0.0482808204105899,0.04828082041056439,0.048280820410538876,0.04828082041051334,0.0482808204104878,0.04828082041046229,0.04828082041043679,0.04828082041041126,0.04828082041038577,0.04828082041036021,0.048280820410334706,0.04828082041030917,0.048280820410283684,0.048280820410258156,0.048280820410232655,0.048280820410207155,0.04828082041018165,0.048280820410156126,0.04828082041013065,0.04828082041010516,0.04828082041007968,0.04828082041005421,0.04828082041002872,0.04828082041000324,0.04828082040997774,0.04828082040995227,0.04828082040992677,0.048280820409901316,0.04828082040987583,0.048280820409850336,0.04828082040982486,0.04828082040979942,0.04828082040977394,0.04828082040974845,0.048280820409723,0.04828082040969755,0.0482808204096721,0.04828082040964662,0.048280820409621145,0.04828082040959572,0.04828082040957027,0.048280820409544796,0.04828082040951935,0.0482808204094939,0.048280820409468475,0.048280820409443016,0.048280820409417564,0.048280820409392126,0.048280820409366675,0.04828082040934125,0.04828082040931582,0.04828082040929037,0.04828082040926493,0.0482808204092395,0.048280820409214074,0.04828082040918864,0.04828082040916322,0.04828082040913779,0.048280820409112385,0.048280820409086954,0.04828082040906152,0.04828082040903612,0.04828082040901069,0.04828082040898528,0.04828082040895987,0.04828082040893445,0.04828082040890904,0.048280820408883623,0.048280820408858206,0.04828082040883281,0.04828082040880742,0.04828082040878201,0.048280820408756614,0.04828082040873121,0.048280820408705814,0.04828082040868043,0.048280820408655035,0.04828082040862963,0.048280820408604236,0.04828082040857887,0.04828082040855347,0.04828082040852809,0.04828082040850269,0.0482808204084773,0.048280820408451934,0.04828082040842658,0.04828082040840119,0.0482808204083758,0.04828082040835046,0.0482808204083251,0.04828082040829975,0.048280820408274375,0.04828082040824905,0.048280820408223665,0.048280820408198324,0.04828082040817296,0.04828082040814762,0.04828082040812227,0.04828082040809692,0.04828082040807156,0.04828082040804621,0.04828082040802088,0.04828082040799552,0.0482808204079702,0.04828082040794488,0.04828082040791953,0.04828082040789422,0.04828082040786887,0.04828082040784357,0.04828082040781823,0.04828082040779289,0.048280820407767565,0.048280820407742245,0.04828082040771691,0.04828082040769161,0.04828082040766627,0.04828082040764098,0.048280820407615645,0.048280820407590345,0.048280820407565025,0.04828082040753973,0.04828082040751442,0.048280820407489135,0.048280820407463815,0.04828082040743852,0.04828082040741322,0.048280820407387896,0.048280820407362625,0.04828082040733734,0.04828082040731202,0.04828082040728676,0.04828082040726147,0.04828082040723617,0.04828082040721087,0.04828082040718561,0.04828082040716033,0.048280820407135015,0.04828082040710972,0.048280820407084465,0.0482808204070592,0.048280820407033936,0.04828082040700868,0.04828082040698338,0.04828082040695811,0.048280820406932816,0.04828082040690756,0.048280820406882294,0.04828082040685703,0.04828082040683177,0.048280820406806486,0.04828082040678125,0.04828082040675599,0.048280820406730755,0.04828082040670551,0.048280820406680254,0.04828082040665502,0.04828082040662977,0.048280820406604544,0.048280820406579314,0.04828082040655408,0.04828082040652883,0.048280820406503604,0.048280820406478374,0.04828082040645313,0.04828082040642793,0.0482808204064027,0.04828082040637746,0.04828082040635222,0.04828082040632701,0.04828082040630175,0.04828082040627654,0.0482808204062513,0.04828082040622608,0.048280820406200874,0.04828082040617566,0.048280820406150476,0.04828082040612524,0.04828082040610004,0.04828082040607482,0.04828082040604963,0.048280820406024424,0.048280820405999236,0.04828082040597403,0.04828082040594884,0.04828082040592366,0.04828082040589848,0.048280820405873275,0.04828082040584808,0.0482808204058229,0.04828082040579772,0.048280820405772515,0.04828082040574736,0.048280820405722166,0.048280820405697,0.04828082040567182,0.04828082040564666,0.04828082040562146,0.04828082040559628,0.0482808204055711,0.048280820405545946,0.048280820405520786,0.04828082040549562,0.04828082040547048,0.04828082040544529,0.04828082040542013,0.048280820405395004,0.04828082040536983,0.048280820405344683,0.04828082040531952,0.04828082040529438,0.04828082040526924,0.048280820405244076,0.04828082040521894,0.04828082040519379,0.048280820405168665,0.048280820405143525,0.04828082040511838,0.048280820405093246,0.0482808204050681,0.04828082040504297,0.04828082040501783,0.04828082040499267,0.04828082040496757,0.04828082040494242,0.048280820404917324,0.048280820404892205,0.04828082040486707,0.048280820404841975,0.048280820404816856,0.04828082040479173,0.04828082040476658,0.048280820404741485,0.048280820404716374,0.048280820404691276,0.04828082040466615,0.048280820404641045,0.04828082040461594,0.04828082040459085,0.04828082040456572,0.04828082040454064,0.04828082040451555,0.04828082040449044,0.04828082040446534,0.048280820404440275,0.048280820404415184,0.048280820404390086,0.048280820404365,0.048280820404339904,0.048280820404314834,0.04828082040428976,0.048280820404264686,0.04828082040423959,0.048280820404214504,0.048280820404189455,0.04828082040416437,0.0482808204041393,0.048280820404114244,0.04828082040408921,0.048280820404064125,0.04828082040403904,0.04828082040401399,0.048280820403988935,0.04828082040396391,0.048280820403938815,0.048280820403913786,0.04828082040388872,0.04828082040386368,0.048280820403838624,0.048280820403813575,0.04828082040378853,0.048280820403763476,0.048280820403738454,0.04828082040371341,0.04828082040368837,0.04828082040366334,0.04828082040363832,0.048280820403613305,0.048280820403588276,0.04828082040356322,0.048280820403538205,0.04828082040351319,0.04828082040348815,0.04828082040346314,0.04828082040343811,0.04828082040341311,0.048280820403388075,0.04828082040336305,0.04828082040333805,0.04828082040331302,0.048280820403288,0.048280820403262995,0.04828082040323799,0.04828082040321299,0.04828082040318799,0.04828082040316301,0.048280820403138004,0.04828082040311302,0.048280820403088016,0.048280820403063036,0.048280820403038036,0.04828082040301305,0.04828082040298804,0.048280820402963075,0.0482808204029381,0.04828082040291311,0.04828082040288812,0.04828082040286316,0.04828082040283819,0.048280820402813195,0.04828082040278821,0.04828082040276325,0.048280820402738275,0.04828082040271329,0.048280820402688315,0.04828082040266336,0.0482808204026384,0.04828082040261342,0.04828082040258848,0.04828082040256355,0.048280820402538595,0.048280820402513615,0.048280820402488656,0.0482808204024637,0.048280820402438765,0.0482808204024138,0.04828082040238884,0.0482808204023639,0.048280820402338956,0.04828082040231401,0.0482808204022891,0.04828082040226415,0.048280820402239195,0.04828082040221428,0.04828082040218934,0.04828082040216439,0.04828082040213945,0.048280820402114545,0.04828082040208961,0.04828082040206471,0.04828082040203978,0.04828082040201486,0.048280820401989936,0.04828082040196501,0.0482808204019401,0.04828082040191518,0.048280820401890266,0.04828082040186535,0.04828082040184045,0.04828082040181553,0.04828082040179063,0.048280820401765734,0.0482808204017408,0.04828082040171591,0.048280820401691,0.04828082040166611,0.04828082040164122,0.048280820401616346,0.04828082040159144,0.048280820401566546,0.04828082040154167,0.04828082040151678,0.048280820401491883,0.048280820401467014,0.04828082040144212,0.04828082040141725,0.048280820401392366,0.04828082040136746,0.04828082040134261,0.04828082040131777,0.048280820401292876,0.04828082040126799,0.04828082040124316,0.048280820401218276,0.048280820401193414,0.04828082040116857,0.0482808204011437,0.04828082040111884,0.04828082040109399,0.04828082040106913,0.048280820401044255,0.048280820401019414,0.048280820400994545,0.048280820400969704,0.04828082040094486,0.04828082040092003,0.0482808204008952,0.04828082040087033,0.04828082040084549,0.04828082040082064,0.048280820400795815,0.048280820400771,0.04828082040074619,0.04828082040072133,0.04828082040069649,0.04828082040067169,0.04828082040064686,0.048280820400622045,0.0482808204005972,0.04828082040057237,0.04828082040054756,0.048280820400522735,0.04828082040049793,0.04828082040047309,0.04828082040044828,0.048280820400423495,0.04828082040039867,0.04828082040037385,0.04828082040034903,0.04828082040032422,0.048280820400299414,0.04828082040027463,0.048280820400249815,0.04828082040022503,0.04828082040020023,0.04828082040017542,0.04828082040015065,0.04828082040012586,0.04828082040010107,0.048280820400076294,0.048280820400051515,0.04828082040002671,0.048280820400001936,0.04828082039997717,0.04828082039995238,0.048280820399927586,0.04828082039990281,0.048280820399878036,0.04828082039985326,0.04828082039982847,0.04828082039980371,0.048280820399778934,0.048280820399754176,0.048280820399729425,0.04828082039970464,0.04828082039967988,0.0482808203996551,0.048280820399630366,0.0482808203996056,0.04828082039958084,0.04828082039955607,0.04828082039953132,0.04828082039950659,0.048280820399481825,0.048280820399457094,0.048280820399432336,0.0482808203994076,0.04828082039938285,0.048280820399358104,0.04828082039933338,0.048280820399308616,0.04828082039928389,0.048280820399259156,0.04828082039923444,0.04828082039920971,0.048280820399185,0.04828082039916027,0.04828082039913556,0.048280820399110844,0.048280820399086107,0.04828082039906138,0.04828082039903665,0.048280820399011944,0.04828082039898723,0.048280820398962525,0.04828082039893783,0.0482808203989131,0.048280820398888404,0.048280820398863694,0.048280820398838985,0.04828082039881426,0.04828082039878954,0.04828082039876485,0.04828082039874013,0.04828082039871545,0.048280820398690756,0.048280820398666054,0.048280820398641365,0.048280820398616676,0.04828082039859198,0.04828082039856731,0.0482808203985426,0.048280820398517936,0.048280820398493234,0.04828082039846856,0.04828082039844389,0.04828082039841923,0.04828082039839456,0.04828082039836989,0.0482808203983452,0.04828082039832055,0.04828082039829586,0.0482808203982712,0.04828082039824653,0.04828082039822185,0.048280820398197186,0.048280820398172525,0.04828082039814788,0.04828082039812322,0.04828082039809856,0.048280820398073895,0.04828082039804923,0.04828082039802457,0.048280820397999934,0.04828082039797529,0.048280820397950654,0.048280820397926,0.048280820397901374,0.04828082039787672,0.04828082039785209,0.04828082039782746,0.048280820397802834,0.048280820397778194,0.04828082039775359,0.048280820397728935,0.0482808203977043,0.048280820397679655,0.04828082039765505,0.048280820397630424,0.04828082039760581,0.048280820397581206,0.04828082039755657,0.04828082039753195,0.048280820397507335,0.04828082039748273,0.04828082039745811,0.048280820397433484,0.048280820397408886,0.04828082039738426,0.04828082039735966,0.04828082039733509,0.04828082039731046,0.048280820397285845,0.04828082039726122,0.048280820397236655,0.04828082039721206,0.04828082039718746,0.048280820397162874,0.04828082039713827,0.04828082039711366,0.0482808203970891,0.0482808203970645,0.048280820397039924,0.04828082039701533,0.048280820396990734,0.04828082039696619,0.048280820396941586,0.048280820396917015,0.048280820396892465,0.04828082039686788,0.04828082039684331,0.04828082039681874,0.04828082039679416,0.048280820396769585,0.04828082039674501,0.04828082039672044,0.04828082039669588,0.04828082039667133,0.04828082039664676,0.048280820396622216,0.04828082039659766,0.0482808203965731,0.048280820396548525,0.04828082039652399,0.04828082039649944,0.048280820396474904,0.04828082039645037,0.04828082039642583,0.04828082039640127,0.048280820396376746,0.048280820396352196,0.04828082039632766,0.048280820396303145,0.048280820396278595,0.04828082039625406,0.048280820396229523,0.048280820396205,0.04828082039618048,0.04828082039615596,0.04828082039613142,0.0482808203961069,0.04828082039608237,0.04828082039605787,0.04828082039603333,0.04828082039600882,0.0482808203959843,0.04828082039595978,0.048280820395935266,0.04828082039591076,0.048280820395886236,0.048280820395861734,0.0482808203958372,0.0482808203958127,0.048280820395788196,0.0482808203957637,0.04828082039573919,0.04828082039571471,0.048280820395690205,0.04828082039566572,0.04828082039564121,0.048280820395616736,0.04828082039559226,0.048280820395567754,0.04828082039554328,0.048280820395518786,0.04828082039549431,0.04828082039546981,0.048280820395445345,0.048280820395420865,0.048280820395396384,0.048280820395371904,0.04828082039534744,0.048280820395322936,0.04828082039529845,0.048280820395273996,0.048280820395249543,0.04828082039522508,0.048280820395200624,0.04828082039517618,0.048280820395151705,0.048280820395127266,0.04828082039510279,0.048280820395078326,0.048280820395053874,0.04828082039502942,0.048280820395004954,0.0482808203949805,0.048280820394956035,0.048280820394931596,0.048280820394907144,0.048280820394882726,0.04828082039485828,0.04828082039483382,0.048280820394809375,0.048280820394784964,0.04828082039476053,0.04828082039473609,0.04828082039471168,0.04828082039468722,0.04828082039466282,0.048280820394638393,0.04828082039461394,0.04828082039458952,0.04828082039456511,0.04828082039454067,0.048280820394516255,0.04828082039449187,0.04828082039446743,0.048280820394443015,0.04828082039441862,0.048280820394394186,0.04828082039436979,0.04828082039434537,0.04828082039432097,0.04828082039429658,0.04828082039427216,0.048280820394247755,0.04828082039422336,0.04828082039419898,0.04828082039417456,0.04828082039415017,0.048280820394125776,0.04828082039410137,0.04828082039407697,0.048280820394052584,0.0482808203940282,0.048280820394003804,0.04828082039397944,0.048280820393955044,0.04828082039393065,0.04828082039390627,0.04828082039388189,0.048280820393857504,0.04828082039383313,0.04828082039380874,0.048280820393784396,0.04828082039376002,0.04828082039373563,0.04828082039371127,0.048280820393686905,0.04828082039366254,0.04828082039363818,0.04828082039361382,0.048280820393589455,0.048280820393565106,0.04828082039354074,0.0482808203935164,0.04828082039349205,0.04828082039346769,0.04828082039344334,0.048280820393419,0.048280820393394645,0.04828082039337029,0.048280820393345955,0.04828082039332162,0.04828082039329726,0.04828082039327292,0.04828082039324858,0.048280820393224254,0.04828082039319995,0.04828082039317557,0.04828082039315126,0.04828082039312693,0.04828082039310261,0.04828082039307828,0.04828082039305395,0.04828082039302964,0.048280820393005325,0.04828082039298097,0.048280820392956655,0.04828082039293234,0.048280820392908035,0.04828082039288371,0.04828082039285938,0.04828082039283508,0.048280820392810744,0.048280820392786444,0.04828082039276214,0.04828082039273786,0.048280820392713544,0.04828082039268926,0.048280820392664944,0.048280820392640644,0.04828082039261635,0.048280820392592044,0.048280820392567765,0.04828082039254345,0.048280820392519165,0.048280820392494886,0.04828082039247059,0.04828082039244629,0.04828082039242202,0.04828082039239772,0.04828082039237349,0.04828082039234919,0.048280820392324904,0.04828082039230064,0.04828082039227635,0.048280820392252094,0.04828082039222781,0.048280820392203536,0.04828082039217925,0.048280820392155005,0.048280820392130726,0.048280820392106454,0.04828082039208217,0.04828082039205796,0.04828082039203367,0.048280820392009406,0.048280820391985176,0.04828082039196093,0.048280820391936666,0.048280820391912435,0.04828082039188817,0.04828082039186394,0.04828082039183968,0.04828082039181545,0.048280820391791185,0.048280820391766954,0.04828082039174272,0.04828082039171848,0.04828082039169425,0.04828082039167,0.04828082039164578,0.04828082039162155,0.0482808203915973,0.04828082039157307,0.04828082039154882,0.048280820391524565,0.048280820391500355,0.04828082039147614,0.04828082039145192,0.048280820391427705,0.04828082039140348,0.04828082039137926,0.04828082039135505,0.04828082039133083,0.048280820391306614,0.04828082039128239,0.04828082039125821,0.048280820391233985,0.04828082039120977,0.04828082039118556,0.04828082039116134,0.04828082039113713,0.04828082039111292,0.04828082039108874,0.04828082039106454,0.04828082039104033,0.04828082039101613,0.04828082039099194,0.048280820390967746,0.048280820390943543,0.04828082039091937,0.04828082039089517,0.048280820390871,0.04828082039084682,0.04828082039082265,0.048280820390798465,0.0482808203907743,0.04828082039075013,0.04828082039072595,0.04828082039070178,0.0482808203906776,0.048280820390653414,0.048280820390629246,0.04828082039060504,0.04828082039058089,0.048280820390556735,0.048280820390532574,0.04828082039050841,0.048280820390484244,0.04828082039046009,0.048280820390435915,0.048280820390411754,0.0482808203903876,0.04828082039036344,0.04828082039033928,0.04828082039031513,0.048280820390290975,0.04828082039026682,0.04828082039024268,0.04828082039021855,0.04828082039019442,0.0482808203901703,0.048280820390146126,0.04828082039012197,0.04828082039009784,0.04828082039007371,0.048280820390049585,0.04828082039002546,0.04828082039000133,0.04828082038997721,0.04828082038995307,0.048280820389928945,0.04828082038990482,0.04828082038988069,0.04828082038985657,0.04828082038983246,0.04828082038980835,0.04828082038978423,0.04828082038976009,0.04828082038973597,0.04828082038971185,0.04828082038968775,0.04828082038966363,0.048280820389639545,0.04828082038961542,0.04828082038959133,0.04828082038956724,0.04828082038954312,0.048280820389519,0.04828082038949491,0.0482808203894708,0.04828082038944669,0.04828082038942261,0.04828082038939848,0.048280820389374396,0.04828082038935032,0.0482808203893262,0.04828082038930215,0.04828082038927804,0.04828082038925396,0.048280820389229866,0.048280820389205795,0.04828082038918172,0.04828082038915764,0.048280820389133575,0.04828082038910949,0.048280820389085384,0.04828082038906133,0.04828082038903724,0.04828082038901317,0.04828082038898912,0.04828082038896503,0.04828082038894099,0.04828082038891694,0.04828082038889286,0.0482808203888688,0.04828082038884476,0.04828082038882068,0.04828082038879664,0.04828082038877257,0.048280820388748515,0.04828082038872447,0.04828082038870042,0.04828082038867639,0.04828082038865232,0.048280820388628305,0.04828082038860424,0.04828082038858022,0.04828082038855614,0.048280820388532104,0.04828082038850807,0.04828082038848403,0.04828082038846,0.048280820388435966,0.04828082038841192,0.04828082038838787,0.04828082038836386,0.048280820388339835,0.0482808203883158,0.04828082038829179,0.04828082038826777,0.04828082038824373,0.048280820388219715,0.048280820388195714,0.04828082038817169,0.048280820388147676,0.048280820388123646,0.048280820388099624,0.04828082038807562,0.0482808203880516,0.048280820388027584,0.04828082038800358,0.04828082038797958,0.04828082038795559,0.048280820387931564,0.04828082038790757,0.04828082038788357,0.04828082038785958,0.048280820387835585,0.0482808203878116,0.04828082038778761,0.04828082038776361,0.04828082038773963,0.04828082038771562,0.048280820387691645,0.04828082038766767,0.04828082038764366,0.04828082038761969,0.048280820387595715,0.04828082038757171,0.04828082038754772,0.048280820387523724,0.048280820387499736,0.04828082038747578,0.04828082038745183,0.04828082038742784,0.04828082038740387,0.0482808203873799,0.048280820387355906,0.048280820387331946,0.04828082038730798,0.04828082038728402,0.04828082038726006,0.04828082038723612,0.04828082038721214,0.0482808203871882,0.048280820387164226,0.04828082038714028,0.04828082038711634,0.04828082038709241,0.048280820387068456,0.04828082038704452,0.048280820387020563,0.04828082038699662,0.048280820386972685,0.048280820386948725,0.04828082038692478,0.048280820386900826,0.048280820386876915,0.04828082038685293,0.04828082038682903,0.04828082038680506,0.04828082038678116,0.04828082038675721,0.04828082038673329,0.04828082038670939,0.048280820386685436,0.04828082038666151,0.04828082038663757,0.04828082038661366,0.04828082038658974,0.04828082038656583,0.048280820386541905,0.04828082038651801,0.04828082038649408,0.04828082038647019,0.04828082038644627,0.048280820386422375,0.048280820386398485,0.04828082038637458,0.04828082038635065,0.04828082038632678,0.04828082038630279,0.04828082038627891,0.048280820386254995,0.048280820386231084,0.04828082038620717,0.04828082038618329,0.048280820386159384,0.04828082038613549,0.0482808203861116,0.048280820386087685,0.0482808203860638,0.048280820386039904,0.04828082038601603,0.048280820385992136,0.04828082038596826,0.04828082038594439,0.04828082038592049,0.04828082038589664,0.04828082038587276,0.0482808203858489,0.048280820385825006,0.04828082038580117,0.048280820385777266,0.048280820385753404,0.048280820385729534,0.04828082038570567,0.04828082038568179,0.04828082038565794,0.04828082038563405,0.0482808203856102,0.04828082038558635,0.04828082038556248,0.04828082038553864,0.048280820385514824,0.04828082038549097,0.04828082038546712,0.04828082038544328,0.048280820385419435,0.048280820385395565,0.04828082038537173,0.048280820385347874,0.04828082038532404,0.048280820385300176,0.04828082038527635,0.048280820385252506,0.04828082038522866,0.048280820385204835,0.048280820385181,0.04828082038515718,0.048280820385133365,0.04828082038510954,0.048280820385085674,0.048280820385061866,0.04828082038503802,0.0482808203850142,0.048280820384990354,0.04828082038496653,0.04828082038494272,0.0482808203849189,0.04828082038489508,0.04828082038487127,0.04828082038484743,0.04828082038482362,0.048280820384799805,0.04828082038477601,0.048280820384752184,0.04828082038472839,0.048280820384704576,0.048280820384680775,0.048280820384656954,0.04828082038463316,0.04828082038460937,0.04828082038458555,0.04828082038456174,0.048280820384537966,0.048280820384514186,0.04828082038449039,0.048280820384466606,0.048280820384442806,0.048280820384419026,0.04828082038439525,0.04828082038437144,0.04828082038434767,0.048280820384323866,0.04828082038430009,0.048280820384276314,0.04828082038425252,0.048280820384228734,0.04828082038420496,0.04828082038418117,0.04828082038415742,0.04828082038413359,0.04828082038410986,0.048280820384086084,0.04828082038406232,0.04828082038403854,0.04828082038401478,0.04828082038399102,0.04828082038396728,0.04828082038394353,0.04828082038391975,0.048280820383896,0.04828082038387225,0.048280820383848476,0.04828082038382475,0.04828082038380098,0.04828082038377724,0.048280820383753455,0.0482808203837297,0.04828082038370592,0.04828082038368218,0.04828082038365842,0.0482808203836347,0.048280820383610944,0.04828082038358721,0.04828082038356347,0.04828082038353976,0.048280820383516,0.048280820383492254,0.04828082038346854,0.0482808203834448,0.048280820383421096,0.04828082038339735,0.048280820383373634,0.0482808203833499,0.048280820383326165,0.04828082038330245,0.04828082038327872,0.04828082038325502,0.048280820383231296,0.04828082038320757,0.04828082038318386,0.04828082038316014,0.04828082038313643,0.04828082038311272,0.04828082038308903,0.0482808203830653,0.04828082038304159,0.0482808203830179,0.04828082038299418,0.04828082038297047,0.04828082038294677,0.048280820382923056,0.04828082038289936,0.048280820382875664,0.04828082038285196,0.04828082038282828,0.04828082038280458,0.04828082038278087,0.048280820382757196,0.048280820382733534,0.04828082038270983,0.04828082038268614,0.048280820382662445,0.04828082038263875,0.048280820382615094,0.04828082038259142,0.04828082038256772,0.04828082038254402,0.048280820382520344,0.04828082038249669,0.048280820382473034,0.04828082038244936,0.04828082038242567,0.048280820382402,0.04828082038237833,0.04828082038235467,0.048280820382330995,0.04828082038230734,0.04828082038228369,0.04828082038226003,0.048280820382236356,0.048280820382212715,0.04828082038218904,0.048280820382165385,0.048280820382141744,0.048280820382118075,0.048280820382094435,0.04828082038207078,0.048280820382047146,0.04828082038202348,0.048280820381999844,0.048280820381976196,0.04828082038195256,0.04828082038192892,0.04828082038190525,0.048280820381881626,0.048280820381857985,0.04828082038183436,0.04828082038181071,0.04828082038178708,0.04828082038176345,0.04828082038173982,0.04828082038171617,0.04828082038169258,0.04828082038166894,0.04828082038164532,0.04828082038162169,0.04828082038159806,0.04828082038157445,0.04828082038155084,0.0482808203815272,0.04828082038150361,0.04828082038147998,0.04828082038145637,0.04828082038143274,0.04828082038140915,0.048280820381385536,0.048280820381361916,0.0482808203813383,0.04828082038131471,0.04828082038129109,0.04828082038126752,0.048280820381243914,0.04828082038122031,0.04828082038119672,0.04828082038117312,0.048280820381149545,0.04828082038112594,0.04828082038110233,0.04828082038107874,0.04828082038105516,0.04828082038103158,0.04828082038100799,0.04828082038098443,0.04828082038096084,0.048280820380937256,0.04828082038091366,0.0482808203808901,0.048280820380866514,0.04828082038084293,0.04828082038081936,0.04828082038079579,0.04828082038077222,0.04828082038074864,0.04828082038072507,0.04828082038070151,0.04828082038067794,0.048280820380654364,0.0482808203806308,0.048280820380607235,0.04828082038058368,0.04828082038056011,0.04828082038053655,0.048280820380513,0.04828082038048942,0.04828082038046587,0.048280820380442305,0.04828082038041876,0.048280820380395204,0.048280820380371625,0.04828082038034807,0.048280820380324545,0.04828082038030101,0.048280820380277444,0.04828082038025389,0.048280820380230335,0.048280820380206785,0.04828082038018323,0.04828082038015969,0.048280820380136154,0.04828082038011263,0.04828082038008907,0.04828082038006555,0.04828082038004201,0.0482808203800185,0.048280820379994975,0.04828082037997144,0.048280820379947936,0.04828082037992439,0.048280820379900856,0.04828082037987734,0.04828082037985383,0.0482808203798303,0.04828082037980679,0.04828082037978326,0.04828082037975973,0.04828082037973618,0.04828082037971268,0.04828082037968917,0.048280820379665655,0.04828082037964216,0.04828082037961865,0.04828082037959512,0.048280820379571626,0.04828082037954811,0.048280820379524615,0.04828082037950112,0.04828082037947759,0.048280820379454095,0.04828082037943059,0.048280820379407084,0.04828082037938361,0.0482808203793601,0.0482808203793366,0.04828082037931312,0.04828082037928961,0.04828082037926614,0.04828082037924265,0.04828082037921918,0.048280820379195684,0.04828082037917222,0.048280820379148714,0.04828082037912524,0.048280820379101745,0.04828082037907829,0.04828082037905483,0.04828082037903133,0.048280820379007855,0.04828082037898438,0.04828082037896092,0.048280820378937446,0.048280820378913986,0.04828082037889053,0.04828082037886705,0.0482808203788436,0.04828082037882015,0.04828082037879668,0.048280820378773216,0.04828082037874977,0.048280820378726316,0.04828082037870286,0.04828082037867939,0.04828082037865597,0.0482808203786325,0.04828082037860906,0.0482808203785856,0.04828082037856216,0.048280820378538696,0.04828082037851528,0.04828082037849184,0.048280820378468405,0.04828082037844495,0.048280820378421525,0.04828082037839807,0.048280820378374625,0.04828082037835121,0.04828082037832778,0.04828082037830432,0.04828082037828091,0.04828082037825746,0.048280820378234036,0.048280820378210604,0.04828082037818718,0.04828082037816377,0.04828082037814035,0.04828082037811692,0.04828082037809353,0.0482808203780701,0.04828082037804666,0.04828082037802326,0.048280820377999835,0.04828082037797641,0.048280820377953004,0.04828082037792959,0.04828082037790619,0.04828082037788279,0.04828082037785936,0.048280820377835966,0.048280820377812575,0.04828082037778915,0.04828082037776576,0.04828082037774237,0.04828082037771895,0.048280820377695564,0.04828082037767216,0.048280820377648755,0.04828082037762534,0.048280820377601986,0.04828082037757858,0.048280820377555184,0.048280820377531806,0.048280820377508395,0.04828082037748502,0.04828082037746165,0.04828082037743826,0.048280820377414865,0.04828082037739151,0.048280820377368125,0.04828082037734475,0.048280820377321364,0.04828082037729801,0.04828082037727463,0.04828082037725127,0.04828082037722789,0.04828082037720451,0.04828082037718114,0.04828082037715778,0.04828082037713441,0.04828082037711104,0.04828082037708769,0.04828082037706432,0.04828082037704094,0.04828082037701761,0.04828082037699426,0.04828082037697088,0.048280820376947545,0.0482808203769242,0.04828082037690084,0.048280820376877476,0.04828082037685414,0.0482808203768308,0.048280820376807435,0.04828082037678409,0.048280820376760736,0.04828082037673739,0.04828082037671405,0.04828082037669069,0.04828082037666736,0.048280820376643996,0.04828082037662069,0.04828082037659733,0.04828082037657399,0.04828082037655068,0.048280820376527325,0.04828082037650401,0.04828082037648066,0.04828082037645735,0.04828082037643401,0.0482808203764107,0.04828082037638738,0.04828082037636405,0.04828082037634074,0.04828082037631738,0.048280820376294074,0.04828082037627074,0.04828082037624744,0.04828082037622414,0.04828082037620084,0.04828082037617753,0.048280820376154214,0.048280820376130885,0.04828082037610759,0.0482808203760843,0.048280820376061,0.04828082037603768,0.048280820376014395,0.04828082037599107,0.04828082037596777,0.04828082037594451,0.048280820375921185,0.048280820375897884,0.04828082037587461,0.048280820375851304,0.04828082037582803,0.04828082037580472,0.048280820375781436,0.04828082037575814,0.04828082037573486,0.04828082037571157,0.04828082037568829,0.04828082037566501,0.0482808203756417,0.048280820375618434,0.048280820375595154,0.04828082037557188,0.048280820375548594,0.048280820375525314,0.04828082037550206,0.04828082037547878,0.0482808203754555,0.04828082037543226,0.048280820375409,0.04828082037538575,0.04828082037536247,0.04828082037533922,0.04828082037531595,0.04828082037529269,0.04828082037526941,0.048280820375246135,0.0482808203752229,0.04828082037519962,0.04828082037517637,0.0482808203751531,0.04828082037512986,0.048280820375106594,0.04828082037508335,0.04828082037506011,0.04828082037503683,0.048280820375013585,0.04828082037499034,0.048280820374967094,0.04828082037494387,0.04828082037492059,0.04828082037489739,0.048280820374874134,0.04828082037485091,0.04828082037482764,0.04828082037480443,0.04828082037478117,0.04828082037475795,0.048280820374734724,0.04828082037471151,0.0482808203746883,0.04828082037466507,0.04828082037464185,0.04828082037461861,0.04828082037459541,0.04828082037457217,0.04828082037454896,0.04828082037452572,0.04828082037450251,0.04828082037447927,0.048280820374456045,0.048280820374432855,0.04828082037440964,0.04828082037438642,0.048280820374363216,0.048280820374340006,0.0482808203743168,0.04828082037429359,0.04828082037427039,0.048280820374247184,0.048280820374223994,0.04828082037420077,0.04828082037417758,0.04828082037415436,0.04828082037413115,0.04828082037410796,0.04828082037408477,0.048280820374061575,0.04828082037403837,0.048280820374015154,0.04828082037399197,0.048280820373968775,0.048280820373945585,0.0482808203739224,0.0482808203738992,0.04828082037387601,0.04828082037385283,0.04828082037382964,0.04828082037380644,0.04828082037378329,0.048280820373760094,0.04828082037373695,0.048280820373713736,0.04828082037369058,0.0482808203736674,0.04828082037364422,0.048280820373621046,0.048280820373597856,0.0482808203735747,0.048280820373551525,0.04828082037352837,0.0482808203735052,0.048280820373482046,0.048280820373458884,0.04828082037343571,0.04828082037341257,0.048280820373389384,0.04828082037336625,0.04828082037334309,0.04828082037331993,0.04828082037329678,0.048280820373273615,0.04828082037325048,0.048280820373227354,0.048280820373204185,0.04828082037318103,0.04828082037315791,0.04828082037313474,0.048280820373111606,0.04828082037308848,0.04828082037306533,0.04828082037304218,0.04828082037301905,0.048280820372995914,0.04828082037297275,0.04828082037294966,0.04828082037292653,0.04828082037290339,0.048280820372880284,0.04828082037285712,0.048280820372834,0.048280820372810875,0.04828082037278775,0.04828082037276462,0.04828082037274149,0.048280820372718386,0.04828082037269525,0.04828082037267211,0.04828082037264901,0.04828082037262589,0.0482808203726028,0.04828082037257967,0.048280820372556564,0.048280820372533444,0.04828082037251033,0.04828082037248724,0.04828082037246413,0.04828082037244103,0.048280820372417925,0.04828082037239481,0.0482808203723717,0.04828082037234861,0.04828082037232549,0.04828082037230239,0.0482808203722793,0.04828082037225622,0.048280820372233114,0.04828082037220999,0.048280820372186894,0.048280820372163816,0.04828082037214072,0.048280820372117644,0.04828082037209456,0.04828082037207148,0.04828082037204837,0.04828082037202531,0.048280820372002216,0.04828082037197913,0.04828082037195605,0.04828082037193297,0.048280820371909915,0.04828082037188683,0.04828082037186377,0.04828082037184068,0.0482808203718176,0.04828082037179453,0.04828082037177144,0.048280820371748384,0.048280820371725285,0.04828082037170225,0.048280820371679155,0.04828082037165612,0.048280820371633046,0.048280820371609995,0.048280820371586916,0.048280820371563865,0.048280820371540786,0.048280820371517756,0.0482808203714947,0.048280820371471654,0.04828082037144857,0.04828082037142554,0.04828082037140248,0.048280820371379436,0.048280820371356406,0.04828082037133336,0.0482808203713103,0.04828082037128725,0.04828082037126421,0.048280820371241186,0.048280820371218135,0.04828082037119511,0.04828082037117207,0.04828082037114902,0.04828082037112598,0.04828082037110295,0.04828082037107992,0.048280820371056896,0.048280820371033865,0.04828082037101084,0.048280820370987784,0.04828082037096477,0.04828082037094173,0.04828082037091873,0.04828082037089568,0.04828082037087267,0.04828082037084964,0.04828082037082663,0.048280820370803605,0.04828082037078058,0.04828082037075758,0.048280820370734584,0.04828082037071155,0.04828082037068856,0.048280820370665556,0.04828082037064257,0.04828082037061954,0.04828082037059655,0.04828082037057354,0.04828082037055054,0.048280820370527534,0.04828082037050452,0.04828082037048153,0.04828082037045853,0.04828082037043553,0.048280820370412536,0.04828082037038957,0.04828082037036658,0.04828082037034359,0.048280820370320596,0.0482808203702976,0.04828082037027461,0.0482808203702516,0.048280820370228614,0.04828082037020565,0.048280820370182644,0.04828082037015968,0.04828082037013668,0.04828082037011372,0.048280820370090724,0.04828082037006777,0.048280820370044795,0.04828082037002182,0.04828082036999883,0.04828082036997587,0.048280820369952876,0.04828082036992992,0.04828082036990695,0.04828082036988398,0.04828082036986099,0.04828082036983802,0.04828082036981507,0.048280820369792095,0.04828082036976911,0.04828082036974616,0.04828082036972317,0.048280820369700245,0.04828082036967729,0.048280820369654344,0.048280820369631376,0.0482808203696084,0.04828082036958548,0.048280820369562515,0.04828082036953958,0.04828082036951665,0.048280820369493695,0.04828082036947075,0.0482808203694478,0.04828082036942485,0.04828082036940189,0.048280820369378974,0.04828082036935601,0.04828082036933307,0.04828082036931014,0.04828082036928721,0.04828082036926428,0.048280820369241334,0.04828082036921839,0.04828082036919546,0.04828082036917253,0.048280820369149616,0.04828082036912669,0.04828082036910375,0.048280820369080824,0.04828082036905786,0.04828082036903496,0.04828082036901204,0.04828082036898912,0.0482808203689662,0.04828082036894326,0.04828082036892038,0.04828082036889744,0.04828082036887455,0.04828082036885161,0.04828082036882871,0.0482808203688058,0.048280820368782895,0.04828082036875998,0.04828082036873707,0.04828082036871416,0.048280820368691246,0.048280820368668355,0.04828082036864544,0.04828082036862252,0.04828082036859963,0.04828082036857671,0.048280820368553794,0.04828082036853091,0.04828082036850802,0.04828082036848512,0.04828082036846222,0.04828082036843935,0.04828082036841647,0.04828082036839357,0.04828082036837067,0.048280820368347764,0.0482808203683249,0.04828082036830201,0.04828082036827913,0.04828082036825623,0.04828082036823336,0.048280820368210464,0.04828082036818758,0.048280820368164674,0.04828082036814181,0.04828082036811895,0.048280820368096077,0.0482808203680732,0.04828082036805033,0.04828082036802744,0.04828082036800458,0.0482808203679817,0.04828082036795883,0.04828082036793595,0.048280820367913084,0.04828082036789023,0.048280820367867364,0.04828082036784452,0.04828082036782163,0.04828082036779878,0.04828082036777591,0.04828082036775306,0.048280820367730216,0.04828082036770735,0.04828082036768451,0.04828082036766165,0.04828082036763878,0.04828082036761596,0.04828082036759311,0.04828082036757027,0.048280820367547425,0.048280820367524575,0.04828082036750174,0.04828082036747889,0.04828082036745605,0.048280820367433204,0.04828082036741035,0.04828082036738753,0.048280820367364675,0.048280820367341847,0.04828082036731901,0.04828082036729619,0.04828082036727335,0.04828082036725052,0.048280820367227695,0.04828082036720486,0.04828082036718202,0.04828082036715922,0.0482808203671364,0.04828082036711359,0.048280820367090777,0.048280820367067934,0.0482808203670451,0.0482808203670223,0.04828082036699946,0.048280820366976646,0.048280820366953844,0.04828082036693102,0.048280820366908235,0.04828082036688538,0.04828082036686259,0.04828082036683977,0.04828082036681696,0.04828082036679417,0.04828082036677134,0.04828082036674856,0.04828082036672573,0.04828082036670295,0.04828082036668012,0.048280820366657325,0.04828082036663454,0.048280820366611736,0.04828082036658895,0.04828082036656612,0.04828082036654334,0.048280820366520524,0.048280820366497744,0.04828082036647492,0.04828082036645215,0.04828082036642938,0.04828082036640656,0.048280820366383786,0.048280820366360985,0.048280820366338205,0.048280820366315445,0.04828082036629264,0.04828082036626988,0.04828082036624708,0.048280820366224324,0.048280820366201536,0.04828082036617874,0.04828082036615598,0.04828082036613321,0.048280820366110457,0.04828082036608767,0.04828082036606489,0.04828082036604214,0.04828082036601935,0.04828082036599661,0.04828082036597386,0.04828082036595111,0.04828082036592833,0.048280820365905586,0.048280820365882826,0.04828082036586006,0.048280820365837314,0.04828082036581456,0.048280820365791795,0.04828082036576902,0.04828082036574627,0.04828082036572351,0.04828082036570077,0.048280820365678025,0.04828082036565527,0.0482808203656325,0.04828082036560975,0.04828082036558703,0.04828082036556426,0.048280820365541495,0.048280820365518756,0.04828082036549601,0.048280820365473286,0.04828082036545055,0.0482808203654278,0.04828082036540508,0.04828082036538236,0.04828082036535963,0.04828082036533687,0.04828082036531415,0.04828082036529144,0.04828082036526871,0.04828082036524601,0.04828082036522329,0.04828082036520057,0.048280820365177834,0.04828082036515513,0.04828082036513239,0.048280820365109674,0.04828082036508695,0.04828082036506426,0.04828082036504152,0.04828082036501882,0.04828082036499611,0.048280820364973366,0.048280820364950676,0.04828082036492795,0.048280820364905226,0.04828082036488249,0.048280820364859804,0.0482808203648371,0.0482808203648144,0.04828082036479169,0.048280820364768995,0.04828082036474628,0.04828082036472358,0.04828082036470087,0.048280820364678165,0.04828082036465548,0.04828082036463277,0.048280820364610094,0.0482808203645874,0.04828082036456471,0.048280820364541996,0.048280820364519306,0.048280820364496636,0.04828082036447395,0.04828082036445124,0.048280820364428566,0.04828082036440589,0.04828082036438321,0.04828082036436054,0.04828082036433788,0.04828082036431516,0.048280820364292446,0.04828082036426981,0.04828082036424711,0.048280820364224444,0.048280820364201754,0.048280820364179085,0.04828082036415639,0.04828082036413371,0.04828082036411104,0.04828082036408836,0.04828082036406571,0.04828082036404304,0.04828082036402037,0.0482808203639977,0.04828082036397503,0.04828082036395236,0.048280820363929715,0.048280820363907066,0.048280820363884404,0.048280820363861755,0.04828082036383908,0.04828082036381642,0.04828082036379376,0.04828082036377112,0.04828082036374846,0.048280820363725815,0.048280820363703174,0.04828082036368052,0.04828082036365786,0.048280820363635235,0.048280820363612593,0.04828082036358994,0.0482808203635673,0.04828082036354467,0.048280820363522034,0.0482808203634994,0.048280820363476765,0.04828082036345411,0.04828082036343149,0.048280820363408854,0.04828082036338622,0.048280820363363605,0.04828082036334098,0.04828082036331834,0.04828082036329573,0.048280820363273094,0.048280820363250466,0.04828082036322781,0.04828082036320518,0.048280820363182556,0.04828082036315995,0.04828082036313735,0.04828082036311471,0.04828082036309209,0.048280820363069486,0.048280820363046865,0.04828082036302427,0.04828082036300163,0.04828082036297902,0.04828082036295641,0.0482808203629338,0.04828082036291117,0.04828082036288858,0.04828082036286597,0.048280820362843355,0.04828082036282076,0.048280820362798176,0.04828082036277554,0.048280820362752934,0.04828082036273032,0.04828082036270773,0.04828082036268513,0.04828082036266253,0.048280820362639934,0.04828082036261734,0.04828082036259473,0.048280820362572134,0.04828082036254955,0.048280820362526955,0.04828082036250436,0.048280820362481776,0.0482808203624592,0.0482808203624366,0.048280820362414004,0.04828082036239144,0.04828082036236887,0.04828082036234629,0.04828082036232371,0.048280820362301094,0.048280820362278515,0.04828082036225592,0.048280820362233336,0.048280820362210757,0.048280820362188184,0.04828082036216562,0.04828082036214303,0.04828082036212046,0.04828082036209788,0.04828082036207532,0.048280820362052765,0.04828082036203023,0.04828082036200767,0.04828082036198507,0.04828082036196254,0.048280820361939966,0.04828082036191739,0.04828082036189483,0.04828082036187228,0.04828082036184973,0.04828082036182716,0.04828082036180462,0.04828082036178206,0.04828082036175949,0.04828082036173694,0.0482808203617144,0.04828082036169185,0.04828082036166929,0.048280820361646756,0.04828082036162419,0.048280820361601647,0.048280820361579074,0.04828082036155656,0.04828082036153403,0.04828082036151147,0.048280820361488945,0.04828082036146641,0.04828082036144386,0.04828082036142133,0.04828082036139883,0.0482808203613763,0.04828082036135375,0.0482808203613312,0.048280820361308686,0.04828082036128616,0.04828082036126364,0.0482808203612411,0.04828082036121856,0.048280820361196054,0.048280820361173545,0.04828082036115101,0.04828082036112848,0.048280820361105974,0.04828082036108344,0.04828082036106093,0.048280820361038396,0.04828082036101588,0.048280820360993376,0.04828082036097084,0.04828082036094832,0.04828082036092582,0.0482808203609033,0.048280820360880786,0.04828082036085826,0.048280820360835766,0.04828082036081325,0.04828082036079074,0.048280820360768216,0.04828082036074571,0.0482808203607232,0.04828082036070071,0.04828082036067819,0.04828082036065568,0.0482808203606332,0.04828082036061068,0.048280820360588214,0.048280820360565725,0.04828082036054325,0.04828082036052075,0.04828082036049824,0.048280820360475776,0.04828082036045327,0.04828082036043078,0.04828082036040831,0.04828082036038582,0.048280820360363325,0.04828082036034086,0.04828082036031835,0.04828082036029589,0.04828082036027342,0.048280820360250935,0.04828082036022846,0.048280820360205985,0.04828082036018353,0.04828082036016105,0.04828082036013856,0.048280820360116106,0.04828082036009364,0.04828082036007115,0.04828082036004865,0.04828082036002621,0.048280820360003744,0.04828082035998127,0.04828082035995881,0.04828082035993637,0.0482808203599139,0.04828082035989142,0.04828082035986896,0.04828082035984651,0.04828082035982406,0.04828082035980158,0.048280820359779146,0.04828082035975669,0.04828082035973423,0.04828082035971179,0.048280820359689336,0.04828082035966686,0.048280820359644434,0.048280820359621994,0.04828082035959954,0.048280820359577085,0.04828082035955466,0.04828082035953221,0.04828082035950977,0.04828082035948732,0.04828082035946488,0.04828082035944244,0.04828082035942,0.04828082035939755,0.04828082035937511,0.04828082035935266,0.04828082035933025,0.048280820359307815,0.048280820359285395,0.048280820359262996,0.048280820359240535,0.04828082035921813,0.048280820359195696,0.048280820359173277,0.048280820359150864,0.04828082035912842,0.048280820359106004,0.04828082035908358,0.04828082035906116,0.048280820359038745,0.04828082035901634,0.048280820358993906,0.04828082035897151,0.04828082035894907,0.048280820358926654,0.04828082035890425,0.04828082035888186,0.04828082035885942,0.04828082035883701,0.04828082035881459,0.04828082035879217,0.04828082035876978,0.04828082035874737,0.04828082035872499,0.04828082035870259,0.048280820358680185,0.04828082035865778,0.04828082035863538,0.04828082035861295,0.048280820358590534,0.048280820358568115,0.048280820358545744,0.04828082035852333,0.04828082035850097,0.048280820358478554,0.048280820358456183,0.0482808203584338,0.04828082035841139,0.04828082035838903,0.04828082035836663,0.048280820358344245,0.04828082035832188,0.048280820358299475,0.0482808203582771,0.04828082035825469,0.04828082035823232,0.04828082035820993,0.048280820358187565,0.0482808203581652,0.04828082035814281,0.04828082035812045,0.04828082035809806,0.048280820358075696,0.048280820358053325,0.04828082035803094,0.04828082035800858,0.0482808203579862,0.04828082035796382,0.04828082035794145,0.048280820357919085
9,9.394801573833369e-45,2.0911992558460262e-44,3.903143028471615e-44,6.436665961643553e-44,9.79372707464013e-44,1.4069745719510885e-43,1.9366158975931096e-43,2.5780913382874344e-43,3.341078529365485e-43,4.23533924845916e-43,5.270653587883835e-43,6.456793199051554e-43,7.803565539145481e-43,9.320797820042833e-43,1.1018356519597932e-42,1.2906097434541196e-42,1.4993971747282927e-42,1.7291824733694472e-42,1.9809689578368845e-42,2.2557392920693822e-42,2.554504059283576e-42,2.8782533319995443e-42,3.227973583942157e-42,3.6046724049025754e-42,4.009348701122487e-42,4.443001825705516e-42,4.906631497314198e-42,5.401237732599028e-42,5.927820790426622e-42,6.487381125990514e-42,7.08091935325811e-42,7.709436214286202e-42,8.373932554292325e-42,9.07540930140272e-42,9.814867450256784e-42,1.0593308048796542e-41,1.1411732187617541e-41,1.227114099135556e-41,1.317253561183085e-41,1.4116917222532788e-41,1.5105287014199507e-41,1.6138646191272916e-41,1.7217995969091412e-41,1.834433757165179e-41,1.9518672229842328e-41,2.0742001179942842e-41,2.2015325662554023e-41,2.333964692171315e-41,2.4715966204104556e-41,2.6145284758575084e-41,2.762860383566492e-41,2.916692468720899e-41,3.076124856611354e-41,3.2412576726085375e-41,3.4121910421523707e-41,3.589025090730352e-41,3.7718599438736617e-41,3.9607957271431794e-41,4.1559325661226716e-41,4.3573705864190546e-41,4.5652099136529805e-41,4.77955067345925e-41,5.000492991479463e-41,5.228136993365388e-41,5.462582804772322e-41,5.703930551360914e-41,5.95228035879602e-41,6.207732352745732e-41,6.470386658880483e-41,6.740343402868686e-41,7.017702710385944e-41,7.302564707103866e-41,7.595029518700499e-41,7.895197270847812e-41,8.203168089223353e-41,8.51904209950219e-41,8.842919427361206e-41,9.174900198475698e-41,9.515084538525005e-41,9.863572573184845e-41,1.0220464428130859e-40,1.0585860229043994e-40,1.0959860101596314e-40,1.1342564171472868e-40,1.1734072564341976e-40,1.2134485405889354e-40,1.2543902821788703e-40,1.2962424937717161e-40,1.3390151879356361e-40,1.382718377237665e-40,1.4273620742460654e-40,1.4729562915283669e-40,1.519511041652338e-40,1.5670363371857542e-40,1.6155421906967475e-40,1.6650386147530534e-40,1.715535621922253e-40,1.7670432247723834e-40,1.8195714358701522e-40,1.8731302677843567e-40,1.9277297330818543e-40,1.983379844331423e-40,2.04009061410017e-40,2.097872054956478e-40,2.1567341794670825e-40,2.216687000200609e-40,2.277740529724811e-40,2.339904780607122e-40,2.4031897654157e-40,2.4676054967174385e-40,2.5331619870810277e-40,2.599869249073827e-40,2.6677372952639464e-40,2.7367761382182263e-40,2.806995790505409e-40,2.8784062646931297e-40,2.9510175733487326e-40,3.024839729040163e-40,3.0998827443352363e-40,3.1761566318013967e-40,3.2536714040064423e-40,3.3324370735188546e-40,3.4124636529057375e-40,3.4937611547351705e-40,3.5763395915746865e-40,3.660208975991917e-40,3.745379320555188e-40,3.831860637831274e-40,3.919662940389376e-40,4.008796240795918e-40,4.099270551619433e-40,4.1910958854273945e-40,4.2842822547873616e-40,4.378839672267142e-40,4.4747781504350345e-40,4.572107701858999e-40,4.670838339105516e-40,4.7709800747434616e-40,4.872542921340173e-40,4.975536891463969e-40,5.079971997681314e-40,5.1858582525608945e-40,5.2932056686696195e-40,5.402024258576292e-40,5.512324034848811e-40,5.624115010054414e-40,5.737407196760629e-40,5.8522106075360575e-40,5.968535254947846e-40,6.0863911515636314e-40,6.205788309951564e-40,6.32673674267879e-40,6.449246462313654e-40,6.573327481424675e-40,6.698989812577946e-40,6.826243468341817e-40,6.955098461284125e-40,7.085564803973198e-40,7.217652508976134e-40,7.351371588860876e-40,7.486732056194552e-40,7.62374392354624e-40,7.76241720348285e-40,7.90276190857308e-40,8.0447880513833e-40,8.188505644481955e-40,8.333924700435887e-40,8.481055231814087e-40,8.629907251184209e-40,8.780490771114845e-40,8.932815804171428e-40,9.086892362922582e-40,9.242730459937143e-40,9.400340107782402e-40,9.559731319026004e-40,9.720914106234599e-40,9.88389848197697e-40,1.0048694458821776e-39,1.0215312049335793e-39,1.0383761266086542e-39,1.0554052121641742e-39,1.0726194628569097e-39,1.0900198799438112e-39,1.1076074646815136e-39,1.1253832183266567e-39,1.1433481421360863e-39,1.1615032373667864e-39,1.1798495052755302e-39,1.1983879471188014e-39,1.2171195641536709e-39,1.2360453576367655e-39,1.2551663288248646e-39,1.2744834789748894e-39,1.2939978093431293e-39,1.3137103211870427e-39,1.3336220157630263e-39,1.3537338943279304e-39,1.3740469581383185e-39,1.3945622084512686e-39,1.4152806465234184e-39,1.4362032736115768e-39,1.4573310909724995e-39,1.4786650998629496e-39,1.5002063015396903e-39,1.5219556972596723e-39,1.5439142882796973e-39,1.566083075856013e-39,1.5884630612457313e-39,1.6110552457059697e-39,1.633860630493175e-39,1.6568802168641156e-39,1.6801150060755982e-39,1.7035659993843566e-39,1.727234198047214e-39,1.7511206033208992e-39,1.7752262164622416e-39,1.7995520387279238e-39,1.824099071374775e-39,1.8488683156597347e-39,1.8738607728394814e-39,1.8990774441706708e-39,1.924519330910176e-39,1.950187434314893e-39,1.9760827556414536e-39,2.0022062961464357e-39,2.0285590570869686e-39,2.0551420397196663e-39,2.0819562453012873e-39,2.1090026750886437e-39,2.1362823303384576e-39,2.163796212307482e-39,2.1915453222527648e-39,2.219530661430891e-39,2.2477532310983877e-39,2.2762140325124503e-39,2.3049140669296477e-39,2.3338543356068958e-39,2.363035839800683e-39,2.3924595807681518e-39,2.422126559765855e-39,2.4520377780505517e-39,2.4821942368790513e-39,2.512596937508145e-39,2.5432468811947974e-39,2.57414506919557e-39,2.6052925027672506e-39,2.6366901831665884e-39,2.6683391116504012e-39,2.7002402894754118e-39,2.7323947178986233e-39,2.7648033981764417e-39,2.797467331565822e-39,2.8303875193237058e-39,2.8635649627067247e-39,2.8970006629716243e-39,2.9306956213751923e-39,2.964650839174199e-39,2.998867317625403e-39,3.033346057985782e-39,3.0680880615119635e-39,3.10309432946046e-39,3.138365863088464e-39,3.173903663652577e-39,3.209708732409777e-39,3.245782070616404e-39,3.282124679529437e-39,3.318737560405877e-39,3.3556217145023147e-39,3.3927781430754364e-39,3.430207847382116e-39,3.46791182867912e-39,3.505891088223364e-39,3.5441466272714796e-39,3.5826794470802315e-39,3.621490548906394e-39,3.660580934006762e-39,3.6999516036380727e-39,3.739603559057342e-39,3.779537801521127e-39,3.819755332285983e-39,3.860257152609081e-39,3.901044263747026e-39,3.942117666956625e-39,3.983478363494584e-39,4.025127354617724e-39,4.0670656415830105e-39,4.10929422564681e-39,4.1518141080662965e-39,4.194626290098034e-39,4.237731772998817e-39,4.2811315580256605e-39,4.324826646434887e-39,4.368818039483734e-39,4.413106738428724e-39,4.457693744526638e-39,4.5025800590342834e-39,4.5477666832083515e-39,4.5932546183057375e-39,4.6390448655833515e-39,4.685138426297762e-39,4.7315363017055374e-39,4.7782394930639046e-39,4.8252490016294e-39,4.872565828659007e-39,4.9201909754091e-39,4.9681254431368776e-39,5.0163702330989256e-39,5.0649263465520054e-39,5.113794784752826e-39,5.1629765489582346e-39,5.212472640425044e-39,5.262284060409926e-39,5.3124118101699675e-39,5.362856890961391e-39,5.4136203040412826e-39,5.4647030506666215e-39,5.516106132093955e-39,5.5678305495802987e-39,5.619877304381932e-39,5.672247397756178e-39,5.724941830959517e-39,5.777961605248765e-39,5.831307721880653e-39,5.884981182111914e-39,5.938982987199229e-39,5.993314138399665e-39,6.047975636969958e-39,6.102968484166983e-39,6.158293681247337e-39,6.213952229467505e-39,6.269945130084812e-39,6.326273384355716e-39,6.382937993537233e-39,6.439939958885685e-39,6.497280281658114e-39,6.554959963111781e-39,6.61298000450273e-39,6.67134140708826e-39,6.730045172124877e-39,6.789092300869047e-39,6.848483794578142e-39,6.908220654508637e-39,6.968303881917054e-39,7.028734478060662e-39,7.08951344419572e-39,7.15064178158003e-39,7.212120491469131e-39,7.273950575120307e-39,7.336133033790587e-39,7.398668868736497e-39,7.461559081215039e-39,7.524804672483018e-39,7.58840664379614e-39,7.652365996412785e-39,7.716683731588638e-39,7.781360850581037e-39,7.846398354646219e-39,7.911797245041472e-39,7.977558523023098e-39,8.043683189847792e-39,8.1101722467729e-39,8.177026695055222e-39,8.244247535950973e-39,8.311835770717391e-39,8.379792400611316e-39,8.44811842688905e-39,8.516814850807846e-39,8.585882673623968e-39,8.655322896595278e-39,8.725136520976897e-39,8.795324548026061e-39,8.865887979000744e-39,8.936827815156621e-39,9.008145057751068e-39,9.079840708040751e-39,9.15191576728203e-39,9.22437123673213e-39,9.297208117647268e-39,9.370427411284267e-39,9.444030118900391e-39,9.51801724175186e-39,9.592389781096634e-39,9.66714873819033e-39,9.742295114289775e-39,9.817829910652211e-39,9.893754128534538e-39,9.970068769192861e-39,1.0046774833884564e-38,1.0123873323865868e-38,1.0201365240394733e-38,1.0279251584726757e-38,1.0357533358118637e-38,1.0436211561827858e-38,1.0515287197110506e-38,1.0594761265223967e-38,1.0674634767424977e-38,1.0754908704969861e-38,1.0835584079115286e-38,1.0916661891118665e-38,1.0998143142236759e-38,1.1080028833726334e-38,1.1162319966842961e-38,1.1245017542845259e-38,1.1328122562988742e-38,1.1411636028530883e-38,1.1495558940728354e-38,1.1579892300836801e-38,1.1664637110114772e-38,1.1749794369817198e-38,1.1835365081202072e-38,1.1921350245526177e-38,1.2007750864045724e-38,1.2094567938018683e-38,1.2181802468699962e-38,1.2269455457347638e-38,1.2357527905218411e-38,1.2446020813569134e-38,1.2534935183655884e-38,1.2624272016736176e-38,1.2714032314066081e-38,1.2804217076902989e-38,1.2894827306503042e-38,1.2985864004123683e-38,1.3077328171021005e-38,1.3169220808451813e-38,1.3261542917674108e-38,1.3354295499943458e-38,1.3447479556517322e-38,1.3541096088652364e-38,1.3635146097604872e-38,1.3729630584631494e-38,1.3824550550989675e-38,1.3919906997935581e-38,1.401570092672654e-38,1.411193333861941e-38,1.4208605234870318e-38,1.4305717616736664e-38,1.4403271485474572e-38,1.4501267842342138e-38,1.4599707688594774e-38,1.4698592025489388e-38,1.4797921854283358e-38,1.4897698176232686e-38,1.4997921992594945e-38,1.5098594304626228e-38,1.519971611358393e-38,1.5301288420724777e-38,1.540331222730499e-38,1.550578853458198e-38,1.5608718343812496e-38,1.571210265625273e-38,1.581594247316006e-38,1.5920238795790572e-38,1.6024992625401738e-38,1.6130204963250385e-38,1.623587681059255e-38,1.6342009168685722e-38,1.6448603038785978e-38,1.655565942215002e-38,1.6663179320035457e-38,1.6771163733698287e-38,1.6879613664395942e-38,1.6988530113385169e-38,1.709791408192222e-38,1.720776657126446e-38,1.7318088582667961e-38,1.7428881117390853e-38,1.7540145176687906e-38,1.7651881761817233e-38,1.776409187403572e-38,1.7876776514600071e-38,1.798993668476703e-38,1.8103573385791944e-38,1.8217687618933097e-38,1.8332280385447262e-38,1.84473526865904e-38,1.8562905523619387e-38,1.8678939897792396e-38,1.8795456810363945e-38,1.891245726259303e-38,1.902994225573508e-38,1.914791279104682e-38,1.9266369869785665e-38,1.9385314493207692e-38,1.9504747662571296e-38,1.962467037913166e-38,1.974508364414555e-38,1.9865988458870473e-38,1.9987385824562505e-38,2.0109276742479836e-38,2.0231662213877843e-38,2.0354543240014083e-38,2.0477920822144448e-38,2.0601795961525888e-38,2.0726169659415808e-38,2.0851042917070972e-38,2.0976416735747477e-38,2.1102292116702816e-38,2.122867006119378e-38,2.1355551570475603e-38,2.1482937645807306e-38,2.161082928844421e-38,2.1739227499643838e-38,2.1868133280662143e-38,2.1997547632756016e-38,2.2127471557183662e-38,2.2257906055200385e-38,2.2388852128062926e-38,2.2520310777028815e-38,2.2652283003354913e-38,2.2784769808297918e-38,2.2917772193113058e-38,2.305129115905872e-38,2.318532770739161e-38,2.3319882839367758e-38,2.3454957556244608e-38,2.35905528592784e-38,2.372666974972641e-38,2.386330922884562e-38,2.4000472297891943e-38,2.413815995812293e-38,2.427637321079544e-38,2.4415113057165414e-38,2.4554380498490406e-38,2.469417653602724e-38,2.483450217103105e-38,2.4975358404760196e-38,2.5116746238471445e-38,2.5258666673421555e-38,2.540112071086662e-38,2.5544109352064103e-38,2.5687633598270896e-38,2.583169445074293e-38,2.5976292910737686e-38,2.6121429979511197e-38,2.626710665832114e-38,2.64133239484242e-38,2.656008285107634e-38,2.6707384367534395e-38,2.685522949905582e-38,2.700361924689756e-38,2.7152554612315467e-38,2.730203659656635e-38,2.7452066200907016e-38,2.760264442659574e-38,2.775377227488775e-38,2.7905450747040664e-38,2.805768084431046e-38,2.821046356795462e-38,2.8363799919230004e-38,2.851769089939344e-38,2.867213750970078e-38,2.8827140751408853e-38,2.8982701625775256e-38,2.913882113405593e-38,2.9295500277508457e-38,2.9452740057389667e-38,2.9610541474955446e-38,2.9768905531462616e-38,2.992783322816952e-38,3.0087325566331434e-38,3.02473835472059e-38,3.0408008172049683e-38,3.056920044211866e-38,3.073096135866977e-38,3.089329192296043e-38,3.1056193136246755e-38,3.121966599978621e-38,3.138371151483569e-38,3.1548330682651887e-38,3.171352450449089e-38,3.187929398160933e-38,3.2045640115264866e-38,3.221256390671334e-38,3.2380066357211645e-38,3.254814846801727e-38,3.271681124038706e-38,3.2886055675578694e-38,3.3055882774847316e-38,3.3226293539449587e-38,3.339728897064305e-38,3.356887006968378e-38,3.3741037837829434e-38,3.391379327633584e-38,3.408713738645977e-38,3.426107116945971e-38,3.443559562659078e-38,3.46107117591096e-38,3.4786420568274e-38,3.496272305533975e-38,3.5139620221565504e-38,3.5317113068206223e-38,3.549520259651865e-38,3.567388980776046e-38,3.585317570318756e-38,3.6033061284057613e-38,3.6213547551627357e-38,3.639463550715275e-38,3.657632615189142e-38,3.675862048709927e-38,3.6941519514033857e-38,3.712502423395207e-38,3.730913564810975e-38,3.749385475776461e-38,3.7679182564172573e-38,3.7865120068591207e-38,3.8051668272276444e-38,3.8238828176485964e-38,3.84266007824756e-38,3.8614987091502985e-38,3.88039881048251e-38,3.899360482369849e-38,3.9183838249379184e-38,3.937468938312492e-38,3.9566159226191335e-38,3.9758248779836407e-38,3.9950959045315683e-38,4.0144291023886053e-38,4.033824571680609e-38,4.053282412533082e-38,4.07280272507171e-38,4.0923856094223466e-38,4.112031165710384e-38,4.1317394940616803e-38,4.151510694601929e-38,4.171344867456715e-38,4.191242112751802e-38,4.211202530612778e-38,4.2312262211653155e-38,4.25131328453528e-38,4.271463820848166e-38,4.291677930229746e-38,4.311955712805593e-38,4.332297268701392e-38,4.352702698043009e-38,4.373172100955933e-38,4.393705577565941e-38,4.4143032279986094e-38,4.4349651523796144e-38,4.455691450834739e-38,4.4764822234896464e-38,4.497337570469929e-38,4.51825759190134e-38,4.5392423879094866e-38,4.5602920586201366e-38,4.5814067041589624e-38,4.6025864246516396e-38,4.623831320223665e-38,4.645141491000897e-38,4.6665170371090206e-38,4.687958058673609e-38,4.709464655820447e-38,4.731036928675205e-38,4.75267497736356e-38,4.77437890201099e-38,4.796148802743378e-38,4.817984779686499e-38,4.839886932965735e-38,4.861855362706948e-38,4.883890169035839e-38,4.905991452077876e-38,4.928159311958934e-38,4.950393848804784e-38,4.972695162741004e-38,4.995063353893185e-38,5.017498522387001e-38,5.040000768348222e-38,5.062570191902339e-38,5.085206893175196e-38,5.107910972292603e-38,5.130682529379931e-38,5.15352166456306e-38,5.176428477967657e-38,5.199403069719309e-38,5.222445539943786e-38,5.24555598876678e-38,5.268734516313958e-38,5.2919812227108e-38,5.315296208083274e-38,5.338679572556973e-38,5.362131416257366e-38,5.385651839310432e-38,5.409240941841651e-38,5.432898823976696e-38,5.456625585841343e-38,5.480421327561278e-38,5.504286149261965e-38,5.528220151069298e-38,5.552223433109047e-38,5.576296095506804e-38,5.60043823838802e-38,5.624649961878594e-38,5.648931366104187e-38,5.673282551190388e-38,5.697703617262972e-38,5.722194664447619e-38,5.746755792869801e-38,5.771387102655387e-38,5.79608869393007e-38,5.820860666819428e-38,5.845703121449129e-38,5.870616157945054e-38,5.895599876432891e-38,5.920654377037895e-38,5.945779759886171e-38,5.970976125103393e-38,5.99624357281482e-38,6.021582203146329e-38,6.046992116223811e-38,6.072473412172733e-38,6.098026191118785e-38,6.123650553187842e-38,6.149346598505585e-38,6.175114427197272e-38,6.200954139388781e-38,6.22686583520602e-38,6.252849614774446e-38,6.278905578219955e-38,6.305033825668001e-38,6.331234457244048e-38,6.357507573074206e-38,6.383853273284145e-38,6.410271657999113e-38,6.436762827345224e-38,6.463326881447948e-38,6.489963920433165e-38,6.516674044426347e-38,6.543457353553166e-38,6.570313947939505e-38,6.597243927710638e-38,6.624247392992649e-38,6.651324443911219e-38,6.678475180591596e-38,6.705699703159902e-38,6.732998111741578e-38,6.760370506462312e-38,6.787816987448e-38,6.815337654824325e-38,6.842932608716737e-38,6.870601949250718e-38,6.898345776552348e-38,6.926164190747108e-38,6.954057291960662e-38,6.982025180318906e-38,7.010067955947326e-38,7.038185718971573e-38,7.066378569517549e-38,7.094646607710712e-38,7.122989933676732e-38,7.151408647541299e-38,7.179902849430304e-38,7.208472639469445e-38,7.237118117783941e-38,7.265839384499916e-38,7.294636539742825e-38,7.323509683638328e-38,7.35245891631235e-38,7.381484337890331e-38,7.410586048497963e-38,7.439764148260917e-38,7.469018737305079e-38,7.498349915756142e-38,7.52775778373934e-38,7.557242441380565e-38,7.586803988805719e-38,7.616442526140261e-38,7.646158153510078e-38,7.675950971040654e-38,7.705821078857642e-38,7.735768577086958e-38,7.765793565854045e-38,7.795896145284584e-38,7.826076415504246e-38,7.856334476638712e-38,7.886670428813885e-38,7.917084372155225e-38,7.947576406788631e-38,7.978146632839554e-38,8.008795150433441e-38,8.039522059696657e-38,8.070327460754423e-38,8.101211453732185e-38,8.132174138756078e-38,8.163215615951542e-38,8.19433598544426e-38,8.225535347360149e-38,8.256813801824635e-38,8.288171448963658e-38,8.319608388902648e-38,8.351124721767524e-38,8.382720547683725e-38,8.414395966776938e-38,8.446151079172821e-38,8.477985984997301e-38,8.509900784375581e-38,8.541895577433802e-38,8.573970464297411e-38,8.606125545092315e-38,8.638360919943962e-38,8.670676688978277e-38,8.703072952320455e-38,8.735549810096418e-38,8.768107362432062e-38,8.800745709452828e-38,8.833464951284645e-38,8.866265188052948e-38,8.899146519883419e-38,8.932109046901731e-38,8.965152869233555e-38,8.998278087004816e-38,9.031484800340955e-38,9.064773109367628e-38,9.098143114210772e-38,9.131594914995837e-38,9.165128611848475e-38,9.198744304894371e-38,9.232442094259435e-38,9.26622208006913e-38,9.300084362449355e-38,9.334029041525551e-38,9.368056217423162e-38,9.402165990268586e-38,9.436358460186997e-38,9.4706337273041e-38,9.504991891745568e-38,9.539433053637314e-38,9.573957313104773e-38,9.608564770273634e-38,9.643255525269552e-38,9.678029678218464e-38,9.712887329245562e-38,9.747828578477248e-38,9.782853526038708e-38,9.817962272055396e-38,9.853154916653456e-38,9.888431559958567e-38,9.92379230209617e-38,9.959237243191944e-38,9.994766483371812e-38,1.0030380122761204e-37,1.0066078261485803e-37,1.0101860999671278e-37,1.0137728437443562e-37,1.0173680674927831e-37,1.0209717812249994e-37,1.0245839949535988e-37,1.028204718691151e-37,1.0318339624501967e-37,1.035471736243304e-37,1.0391180500830417e-37,1.042772913982002e-37,1.0464363379527271e-37,1.05010833200781e-37,1.0537889061597696e-37,1.057478070421197e-37,1.061175834804685e-37,1.064882209322777e-37,1.0685972039880667e-37,1.072320828813095e-37,1.0760530938104564e-37,1.0797940089926682e-37,1.0835435843723215e-37,1.0873018299620101e-37,1.091068755774277e-37,1.094844371821716e-37,1.098628688116868e-37,1.1024217146723024e-37,1.1062234615006097e-37,1.1100339386143341e-37,1.1138531560260456e-37,1.1176811237483344e-37,1.1215178517937432e-37,1.1253633501748422e-37,1.1292176289041949e-37,1.1330806979943708e-37,1.1369525674579653e-37,1.1408332473075185e-37,1.144722747555597e-37,1.148621078214797e-37,1.152528249297659e-37,1.1564442708167519e-37,1.1603691527846414e-37,1.164302905213923e-37,1.1682455381171362e-37,1.1721970615068508e-37,1.1761574853956608e-37,1.180126819796108e-37,1.1841050747207588e-37,1.1880922601822082e-37,1.1920883861929702e-37,1.1960934627656671e-37,1.200107499912865e-37,1.2041305076471051e-37,1.2081624959809565e-37,1.2122034749270145e-37,1.216253454497818e-37,1.2203124447059096e-37,1.224380455563908e-37,1.2284574970843565e-37,1.2325435792798234e-37,1.2366387121628999e-37,1.2407429057461289e-37,1.2448561700421058e-37,1.2489785150633704e-37,1.2531099508225184e-37,1.257250487332064e-37,1.261400134604628e-37,1.2655589026527506e-37,1.2697268014890275e-37,1.2739038411259995e-37,1.2780900315762337e-37,1.2822853828522986e-37,1.2864899049667617e-37,1.2907036079321903e-37,1.294926501761179e-37,1.2991585964662697e-37,1.3033999020600562e-37,1.3076504285550786e-37,1.3119101859638789e-37,1.3161791842991068e-37,1.320457433573274e-37,1.3247449437989766e-37,1.3290417249887293e-37,1.333347787155151e-37,1.3376631403107844e-37,1.3419877944681962e-37,1.3463217596399544e-37,1.3506650458386549e-37,1.3550176630768095e-37,1.359379621367041e-37,1.363750930721917e-37,1.368131601153979e-37,1.372521642675794e-37,1.376921065299958e-37,1.3813298790390104e-37,1.3856901980877239e-37,1.3901178240942846e-37,1.3945548712534368e-37,1.3990013495777222e-37,1.4034572690797614e-37,1.4079226397721229e-37,1.412397471667349e-37,1.4168817747780046e-37,1.4213755591166583e-37,1.425878834695906e-37,1.430391611528261e-37,1.4349138996263448e-37,1.4394457090026975e-37,1.4439870496699144e-37,1.448537931640537e-37,1.4530983649271316e-37,1.4576683595422675e-37,1.4622479254985376e-37,1.4668370728084856e-37,1.471435811484676e-37,1.4760441515397066e-37,1.480662102986116e-37,1.4852896758365015e-37,1.4899268801034009e-37,1.4945737257993827e-37,1.4992302229370433e-37,1.5038963815289219e-37,1.5085722115875866e-37,1.5132577231256057e-37,1.5179529261555451e-37,1.522657830689975e-37,1.5273724467414878e-37,1.5320967843226249e-37,1.5368308534459839e-37,1.541574664124103e-37,1.5463282263695486e-37,1.5510915501948903e-37,1.5558646456127242e-37,1.5606475226355888e-37,1.5654401912760235e-37,1.5702426615466523e-37,1.5750549434600436e-37,1.5798770470287096e-37,1.584618541228034e-37,1.5894603181450633e-37,1.5943119467551277e-37,1.5991734370707362e-37,1.6040447991045135e-37,1.608926042869e-37,1.6138171783767623e-37,1.6187182156403702e-37,1.6236291646724172e-37,1.6285500354854445e-37,1.633480838092019e-37,1.6384215825047367e-37,1.6433722787361385e-37,1.6483329367987904e-37,1.6533035667052602e-37,1.6582841784681457e-37,1.6632747820999853e-37,1.6682753876133462e-37,1.673286005020825e-37,1.678306644334932e-37,1.6833373155682917e-37,1.688378028733475e-37,2.205270646934848e-18,4.30627975168802e-18,6.31808831553346e-18,8.253043792219602e-18,1.0121382256152012e-17,1.1931673603469532e-17,1.3691156223942709e-17,1.540599235258528e-17,1.7081465522939998e-17,1.8722135108409635e-17,2.0331958616077285e-17,2.1914389440251767e-17,2.3472455726353038e-17,2.5008824537799192e-17,2.652585448083007e-17,2.8025639178230954e-17,2.951004342995292e-17,3.0980733483266706e-17,3.243920252475613e-17,3.3886792264010706e-17,3.5324711313677434e-17,3.6754050909754687e-17,3.817579842574601e-17,3.9590849040614004e-17,4.10000158537524e-17,4.240403868932198e-17,4.3803591788750995e-17,4.5199290554103805e-17,4.6591697481281223e-17,4.798132739536307e-17,4.936865208517897e-17,5.0754104415599305e-17,5.2138081991337516e-17,5.3520950421385984e-17,5.4903046242671756e-17,5.628467953951429e-17,5.766613629576848e-17,5.904768051576655e-17,6.042955613372864e-17,6.18119887404802e-17,6.31951871461804e-17,6.457934479675709e-17,6.596464105964787e-17,6.735124239360301e-17,6.873930341149399e-17,7.012896785142122e-17,7.152036946100446e-17,7.291363280573921e-17,7.430887400878345e-17,7.570620142578372e-17,7.710571626638656e-17,7.850751316108274e-17,7.991168068272403e-17,8.131830182452404e-17,8.272745444023276e-17,8.413921164775467e-17,8.555364220108511e-17,8.697081083206126e-17,8.83907785651977e-17,8.981360300943501e-17,9.123933862243177e-17,9.266803695974276e-17,9.409974690104615e-17,9.553451485973859e-17,9.697238497829404e-17,9.841339930418798e-17,9.985759795753903e-17,1.013050192814448e-16,1.0275569998557069e-16,1.0420967527357506e-16,1.0566697896520567e-16,1.0712764360741927e-16,1.085917005768403e-16,1.1005918017558244e-16,1.1153011171914055e-16,1.1300452361777105e-16,1.1448244345223818e-16,1.1596389804387056e-16,1.1744891351876112e-16,1.189375153679395e-16,1.2042972850311803e-16,1.2192557730781642e-16,1.234250856849741e-16,1.249282771016149e-16,1.2643517462909123e-16,1.2794580098143948e-16,1.2946017855072516e-16,1.3097832943932107e-16,1.3250027549019546e-16,1.3402603831551065e-16,1.3555563932223546e-16,1.3708909973622398e-16,1.3862644062606528e-16,1.401676829220753e-16,1.4171284743644305e-16,1.4326195488210558e-16,1.4481502588844803e-16,1.4637208101774593e-16,1.4793314077915882e-16,1.4949822564252485e-16,1.5106735605092855e-16,1.526405524326548e-16,1.5421783521165312e-16,1.5579922481844704e-16,1.5738474169939332e-16,1.5897440632602718e-16,1.6056823920225823e-16,1.62166260872872e-16,1.6376849193182315e-16,1.6537495302855826e-16,1.6698566487342107e-16,1.6860064824475784e-16,1.7021992399457833e-16,1.7184351305370024e-16,1.7347143643701725e-16,1.7510371524808958e-16,1.7674037068422136e-16,1.7838142403943353e-16,1.800268967102566e-16,1.8167681019840395e-16,1.8333118611491918e-16,1.8499004618373767e-16,1.8665341224491928e-16,1.8832130625780226e-16,1.8999375030402773e-16,1.916707665908102e-16,1.9335237745335864e-16,1.9503860535787026e-16,1.9672947290428884e-16,1.9842500282822357e-16,2.001252180044013e-16,2.0183014144818046e-16,2.0353979631869787e-16,2.0525420592083257e-16,2.069733937053158e-16,2.0869738327605392e-16,2.1042619838712703e-16,2.1215986294773335e-16,2.1389840102210597e-16,2.156418368342855e-16,2.1739019476811393e-16,2.1914349936971698e-16,2.2090177534964317e-16,2.22665047584488e-16,2.2443334111926945e-16,2.262066811688426e-16,2.279850931200747e-16,2.2976860253414795e-16,2.3155723514760817e-16,2.333510168746574e-16,2.351499738092391e-16,2.3695413222666224e-16,2.3876351858560564e-16,2.405781595299146e-16,2.4239808189083944e-16,2.442233126881447e-16,2.4605387913247997e-16,2.478898086279164e-16,2.49731128772995e-16,2.5157786736302015e-16,2.534300523918885e-16,2.552877120542708e-16,2.571508747470152e-16,2.5901956907152644e-16,2.6089382383693404e-16,2.627736680596553e-16,2.646591309675359e-16,2.665502420002488e-16,2.6844703081288393e-16,2.7034952727723e-16,2.7225776148404396e-16,2.74171763745333e-16,2.760915645955981e-16,2.7801719479557823e-16,2.7994868533288173e-16,2.8188606742560386e-16,2.8382937252341845e-16,2.857786323106135e-16,2.877338787079437e-16,2.8969514387386535e-16,2.9166246020969347e-16,2.936358603596942e-16,2.956153772140031e-16,2.976010439106997e-16,2.9959289383999776e-16,3.0159096064400273e-16,3.035952782206069e-16,3.0560588072746534e-16,3.0762280258092337e-16,3.0964607846208286e-16,3.1167574331769046e-16,3.1371183236297707e-16,3.1575438108465643e-16,3.178034252436173e-16,3.198590008769512e-16,3.219211443016241e-16,3.2398989211689437e-16,3.260652812071752e-16,3.281473487446702e-16,3.3023613219250096e-16,3.323316693079551e-16,3.344339981448688e-16,3.3654315705628e-16,3.386591846998852e-16,3.4078212003753553e-16,3.4291200234092464e-16,3.4504887119357107e-16,3.4719276649482887e-16,3.4934372846236923e-16,3.5150179763588914e-16,3.5366701488110084e-16,3.558394213903197e-16,3.580190586900288e-16,3.6020596864115083e-16,3.624001934435985e-16,3.6460177563983554e-16,3.668107581184987e-16,3.690271841175605e-16,3.7125109722913866e-16,3.734825414016352e-16,3.757215609444746e-16,3.77968200532142e-16,3.8022250520652417e-16,3.824845203831399e-16,3.847542918531391e-16,3.870318657884816e-16,3.8931728874536493e-16,3.916106076687e-16,3.9391186989586246e-16,3.962211231613962e-16,3.985384156014524e-16,4.0086379575718506e-16,4.031973125800295e-16,4.0553901543583516e-16,4.078889541094977e-16,4.1024717880925285e-16,4.126137401716045e-16,4.149886892658065e-16,4.173720775991418e-16,4.1976395712104297e-16,4.2216438022830556e-16,4.2457339976993487e-16,4.269910690523587e-16,4.294174418444474e-16,4.3185257238262187e-16,4.3429651537608777e-16,4.3674932601201326e-16,4.392110599617755e-16,4.416817733839652e-16,4.441615229332081e-16,4.466503657636692e-16,4.491483595351788e-16,4.516555624192328e-16,4.541720331041713e-16,4.566978308019017e-16,4.592330152535986e-16,4.617776467359931e-16,4.6433178606613e-16,4.668954946098588e-16,4.694688342865339e-16,4.720518675768333e-16,4.746446575278464e-16,4.772472677601574e-16,4.798597624749188e-16,4.82482206460132e-16,4.851146650986137e-16,4.877572043734463e-16,4.904098908769919e-16,4.930727918149737e-16,4.9574597501763e-16,4.984295089446284e-16,5.011234626937663e-16,5.038279060069535e-16,5.065429092800712e-16,5.092685435696774e-16,5.120048806013804e-16,5.147519927773944e-16,5.175099531852693e-16,5.202788356059295e-16,5.230587145223475e-16,5.258496651277976e-16,5.286517633353596e-16,5.314650857857133e-16,5.34289709857022e-16,5.371257136729393e-16,5.39973176113242e-16,5.428321768221746e-16,5.457027962185327e-16,5.485851155059409e-16,5.514792166795174e-16,5.543851825403046e-16,5.573030967026567e-16,5.602330436054097e-16,5.6317510852184595e-16,5.661293775711248e-16,5.690959377274185e-16,5.720748768331019e-16,5.750662836076116e-16,5.780702476603427e-16,5.810868595015102e-16,5.841162105532579e-16,5.871583931636221e-16,5.902135006154673e-16,5.932816271407812e-16,5.963628679320722e-16,5.994573191557617e-16,6.025650779644741e-16,6.056862425104605e-16,6.088209119578473e-16,6.11969186497221e-16,6.151311673585177e-16,6.183069568249132e-16,6.214966582484287e-16,6.24700376061468e-16,6.27918215793526e-16,6.311502840848464e-16,6.343966887022412e-16,6.376575385544876e-16,6.409329437060167e-16,6.442230153951054e-16,6.475278660497682e-16,6.508476093019151e-16,6.54182360005707e-16,6.57532234254152e-16,6.60897349396067e-16,6.642778240535631e-16,6.676737781399706e-16,6.710853328773695e-16,6.745126108160581e-16,6.779557358522745e-16,6.814148332474148e-16,6.848900296465557e-16,6.883814531000369e-16,6.918892330821295e-16,6.95413500511339e-16,6.989543877717257e-16,7.0251202873331e-16,7.060865587753361e-16,7.096781148030357e-16,7.132868352764464e-16,7.169128602294468e-16,7.205563312928811e-16,7.242173917179986e-16,7.278961864010947e-16,7.315928619072893e-16,7.353075664946628e-16,7.39040450140723e-16,7.427916645665168e-16,7.465613632629878e-16,7.503497015196958e-16,7.541568364479781e-16,7.579829270115548e-16,7.618281340532104e-16,7.656926203235004e-16,7.695765505100073e-16,7.734800912673468e-16,7.77403411245693e-16,7.813466811236831e-16,7.853100736389297e-16,7.892937636179478e-16,7.932979280117129e-16,7.973227459276826e-16,8.013683986623863e-16,8.054350697371099e-16,8.095229449325549e-16,8.136322123243709e-16,8.177630623198033e-16,8.219156876947144e-16,8.260902836314098e-16,8.302870477572894e-16,8.345061801837992e-16,8.387478835478986e-16,8.430123630491321e-16,8.47299826498345e-16,8.51610484352181e-16,8.559445497620145e-16,8.603022386164188e-16,8.646837695851539e-16,8.690893641687194e-16,8.735192467388646e-16,8.779736445938358e-16,8.824527880030862e-16,8.869569102586419e-16,8.914862477240904e-16,8.960410398890077e-16,9.006215294203323e-16,9.052279622176853e-16,9.098605874685275e-16,9.145196577011171e-16,9.192054288466487e-16,9.239181602974599e-16,9.286581149654346e-16,9.334255593429606e-16,9.382207635679107e-16,9.430440014847022e-16,9.47895550713242e-16,9.527756927111249e-16,9.576847128459377e-16,9.62622900461116e-16,9.675905489519779e-16,9.725879558330104e-16,9.776154228179288e-16,9.826732558872264e-16,9.877617653757887e-16,9.928812660462325e-16,9.980320771705127e-16,1.0032145226149212e-15,1.008428930922561e-15,1.0136756354010136e-15,1.0189549742121603e-15,1.0242672904601048e-15,1.0296129322869025e-15,1.034992252964773e-15,1.0404056109956814e-15,1.0458533702104791e-15,1.0513358998669053e-15,1.0568535747553537e-15,1.0624067753090667e-15,1.067995887708268e-15,1.0736213039934614e-15,1.0792834221784031e-15,1.0849826463683708e-15,1.0907193868792554e-15,1.096494060359476e-15,1.1023070899156724e-15,1.1081589052424282e-15,1.1140499427500224e-15,1.119980645702733e-15,1.1259514643579256e-15,1.1319628561025742e-15,1.1380152856018687e-15,1.1441092249470366e-15,1.1502451538068662e-15,1.1564235595845463e-15,1.1626449375768037e-15,1.168909791138324e-15,1.175218631850356e-15,1.1815719796917286e-15,1.1879703632170367e-15,1.1944143197369484e-15,1.2009043955056137e-15,1.20744114590915e-15,1.2140251356650847e-15,1.220656939019318e-15,1.227337139952819e-15,1.2340663324013494e-15,1.2408451204590336e-15,1.247674118608601e-15,1.2545539519535392e-15,1.2614852564493378e-15,1.2684686791436612e-15,1.275504878430233e-15,1.2825945242954977e-15,1.2897382985893836e-15,1.2969368952880505e-15,1.3041910207709782e-15,1.311501394109294e-15,1.3188687473536055e-15,1.3262938258362419e-15,1.3337773884806013e-15,1.3413202081160087e-15,1.348923071809205e-15,1.3565867811954128e-15,1.3643121528293142e-15,1.3721000185337442e-15,1.3799512257722742e-15,1.3878666380228093e-15,1.3958471351656505e-15,1.4038936138837501e-15,1.4120069880726477e-15,1.420188189265085e-15,1.4284381670654198e-15,1.436757889601362e-15,1.4451483439849608e-15,1.4536105367899852e-15,1.4621454945431144e-15,1.4707542642324574e-15,1.4794379138265055e-15,1.4881975328171212e-15,1.49703423277217e-15,1.5059491479102127e-15,1.514943435689843e-15,1.5240182774224658e-15,1.5331748788969454e-15,1.5424144710361658e-15,1.5517383105625171e-15,1.5611476806924469e-15,1.5706438918520173e-15,1.5802282824147882e-15,1.5899022194676414e-15,1.599667099595771e-15,1.6095243497003766e-15,1.6194754278418922e-15,1.629521824106683e-15,1.6396650615142485e-15,1.6499066969437665e-15,1.6602483221043807e-15,1.6706915645235598e-15,1.6812380885866194e-15,1.6918895966012617e-15,1.7026478299062237e-15,1.7135145700142526e-15,1.7244916398021504e-15,1.7355809047361074e-15,1.7467842741471185e-15,1.7581037025509875e-15,1.7695411910175136e-15,1.781098788588454e-15,1.792778593750378e-15,1.804582755959247e-15,1.816513477229038e-15,1.8285730137729974e-15,1.8407636777046815e-15,1.8530878388241834e-15,1.8655479264476017e-15,1.8781464313258052e-15,1.8908859076260282e-15,1.9037689750063594e-15,1.916798320749066e-15,1.929976702007751e-15,1.943306948131916e-15,1.9567919630666317e-15,1.9704347278893686e-15,1.984238303416098e-15,1.9982058329361428e-15,2.0123405450495615e-15,2.0266457566307304e-15,2.041124875909736e-15,2.0557814056962824e-15,2.0706189467318726e-15,2.0856412011848027e-15,2.1008519763130707e-15,2.1162551882690967e-15,2.131854866084294e-15,2.1476551558275967e-15,2.1636603249501626e-15,2.1798747668243308e-15,2.1963030054964555e-15,2.2129497006509466e-15,2.2298196528059685e-15,2.24691780875308e-15,2.2642492672511386e-15,2.2818192849904053e-15,2.299633282841245e-15,2.317696852404551e-15,2.336015762878606e-15,2.354595968266524e-15,2.3734436149335573e-15,2.3925650495415174e-15,2.4119668273891794e-15,2.431655721165349e-15,2.4516387301548514e-15,2.4719230899118144e-15,2.4925162824559796e-15,2.5134260469678662e-15,2.5346603910954335e-15,2.5562276027921623e-15,2.5781362629059482e-15,2.6003952583366472e-15,2.6230137959783383e-15,2.64600141742692e-15,2.6693680144834552e-15,2.6931238455763106e-15,2.717279553064622e-15,2.741846181591159e-15,2.7668351974500808e-15,2.792258509123583e-15,2.8181284890317854e-15,2.8444579965556696e-15,2.8712604024932544e-15,2.898549614946075e-15,2.9263401068800702e-15,2.954646945330337e-15,2.9834858224826966e-15,3.0128730887169318e-15,3.0428257877734122e-15,3.073361694206359e-15,3.104499353298922e-15,3.136258123597263e-15,3.168658222350069e-15,3.2017207739807504e-15,3.2354678619095866e-15,3.2699225839590397e-15,3.305109111649204e-15,3.341052753714374e-15,3.377780024153215e-15,3.41531871524467e-15,3.4536979759208267e-15,3.492948395994974e-15,3.5331020966866073e-15,3.574192828087946e-15,3.616256074166503e-15,3.659329165914336e-15,3.703451403522277e-15,3.74866418831808e-15,3.795011165431711e-15,3.842538378197413e-15,3.891294435449346e-15,3.941330692944466e-15,3.992701450343696e-15,4.04546416530187e-15,4.0996796864085715e-15,4.1554125069655745e-15,4.212731041733124e-15,4.2717079291352614e-15,4.332420361646574e-15,4.394950447462955e-15,4.459385606920367e-15,4.525819007586902e-15,4.594350042457016e-15,4.665084856246072e-15,4.738136925479825e-15,4.8136276988377275e-15,4.8916873049971886e-15,4.9724553364884255e-15,5.0560817189549214e-15,5.142727676862212e-15,5.232566808078886e-15,5.3257862818124844e-15,5.422588176415147e-15,5.523190976199542e-15,5.627831249442937e-15,5.736765533142485e-15,5.850272454514496e-15,5.96865512385665e-15,6.092243839548461e-15,6.221399152756285e-15,6.3565153478924865e-15,6.4980244048411485e-15,6.64640052106319e-15,6.802165286322406e-15,6.965893620448287e-15,7.138220606321775e-15,7.305556550467589e-15,7.496096153095292e-15,7.69759451942351e-15,7.911008292666313e-15,8.137408437382142e-15,8.377997060217821e-15,8.634127275760097e-15,8.907326790768805e-15,9.19932606096668e-15,9.512092125187831e-15,9.84786957535113e-15,1.0209230618292419e-14,1.0599136927212989e-14,1.1021017101233682e-14,1.1478865313713504e-14,1.1977369593340304e-14,1.2522082997880082e-14,1.2697208180054264e-14,1.3312314956276996e-14,1.3991431275696824e-14,1.4745346452148526e-14,1.5587920445345566e-14,1.6537622219208672e-14,1.7620241786034173e-14,1.887392005123837e-14,2.0358939953038412e-14,2.217768814421394e-14,2.451720516560324e-14,2.7743910357757685e-14,3.262370744646814e-14,4.085564455362382e-14,5.642145470680273e-14,8.914178709603367e-14,1.644226371626859e-13,3.5094332421098306e-13,8.417630023230072e-13,1.3796261682169862e-12,1.379626168244304e-12,1.379626170168072e-12,4.1538251946616545e-12,1.2413480520607295e-11,3.7113889887031936e-11,1.1101864265034924e-10,3.2984623640863154e-10,9.626017243434706e-10,2.7251829688085142e-09,7.393094375456984e-09,1.900442142392362e-08,4.584612601672055e-08,1.0301338902064408e-07,2.144816976876671e-07,4.127208668842963e-07,7.338956218157645e-07,1.2084715702708538e-06,1.2225505133653678e-06,1.2225505134316572e-06,1.8694858427698938e-06,2.6713085039313146e-06,3.589083504818688e-06,4.5644347084411635e-06,5.531110102714029e-06,6.427090988460002e-06,7.203653743309965e-06,7.829799991335713e-06,8.292371439622103e-06,8.593231304976971e-06,8.745094510421784e-06,8.767255585676867e-06,8.68195765823109e-06,8.511699303423374e-06,8.277477316168436e-06,7.997810028653917e-06,7.688336966542878e-06,7.361801828173947e-06,7.0282630869297045e-06,6.695419219110419e-06,6.368973391167716e-06,6.052991808569674e-06,5.750230778055707e-06,5.462421304012468e-06,5.190508513545821e-06,4.934848004308962e-06,4.695363605425169e-06,4.471671954274291e-06,4.2631793448765035e-06,4.069155901666469e-06,3.888791525320065e-06,3.72123739198653e-06,3.6813706003578986e-06,3.528579325265614e-06,3.3867325225434323e-06,3.2549859842247866e-06,3.132561567659822e-06,3.01873291742295e-06,2.912822325536517e-06,2.8141998401274263e-06,2.722282204705919e-06,2.6365312675918153e-06,2.5564518813496775e-06,2.4815894668323994e-06,2.4115273917424524e-06,2.3458842811770234e-06,2.2843113454417928e-06,2.226489784351439e-06,2.1721283069151894e-06,2.1209607904669065e-06,2.072744092273164e-06,2.0272560186785763e-06,1.9842934514048613e-06,1.9436706267909057e-06,1.9052175612127375e-06,1.8687786144766732e-06,1.83421118209878e-06,1.8013845070135632e-06,1.770178601341777e-06,1.7404832690173062e-06,1.7121972205243678e-06,1.6852272714693754e-06,1.6594876172794618e-06,1.63489917689301e-06,1.6113889988622345e-06,1.588889723854111e-06,1.567339098102812e-06,1.5466795327914625e-06,1.5268577048913296e-06,1.5078241953662507e-06,1.4895331610574786e-06,1.4719420369557552e-06,1.455011265844325e-06,1.4387040526492069e-06,1.4229861410734469e-06,1.4078256103365876e-06,1.3931926900790242e-06,1.3790595916666966e-06,1.365400354327122e-06,1.3521907046958523e-06,1.3394079285002399e-06,1.327030753235748e-06,1.3150392408042514e-06,1.3034146891847723e-06,1.2921395423053528e-06,1.2811973073595149e-06,1.2705724788922049e-06,1.2602504690413418e-06,1.250217543385986e-06,1.2404607618973714e-06,1.2309679245478853e-06,1.2217275211670235e-06,1.2127286851768065e-06,1.2039611508726992e-06,1.1954152139473912e-06,1.1870816949825679e-06,1.1789519056601103e-06,1.1710176174668955e-06,1.163271032686329e-06,1.1557047574906462e-06,1.148311776963805e-06,1.1410854318976747e-06,1.1340193972237995e-06,1.1271076619501354e-06,1.120344510481162e-06,1.1137245052200982e-06,1.1072424703515319e-06,1.1008934767131875e-06,1.0946728276769615e-06,1.0885760459619055e-06,1.0825988613104941e-06,1.0793813750184002e-06,1.0735825798142015e-06,1.0678932983971746e-06,1.0623099275154503e-06,1.0568290111227737e-06,1.0514472404810074e-06,1.0461614490489823e-06,1.0409686058963298e-06,1.035865808931855e-06,1.0308502783505063e-06,1.0259193504110385e-06,1.0210704715628515e-06,1.0163011929116412e-06,1.011609165005657e-06,1.0069921329227089e-06,1.0024479316386402e-06,9.979744816595031e-07,9.935697848994437e-07,9.892319207905322e-07,9.849590426074221e-07,9.807493739958173e-07,9.766012056894938e-07,9.725128924066927e-07,9.684828499128475e-07,9.645095522404233e-07,9.605915290564355e-07,9.567273631683954e-07,9.52915688160519e-07,9.491551861527004e-07,9.454445856746123e-07,9.41782659648566e-07,9.381682234748057e-07,9.346001332129759e-07,9.310772838549529e-07,9.275986076828003e-07,9.24163072708336e-07,9.20769681188446e-07,9.1741746821327e-07,9.141055003619696e-07,9.108328744228153e-07,9.075987161749381e-07,9.04402179227058e-07,9.01242443910892e-07,8.981187162262113e-07,8.950302268347021e-07,8.919762301004107e-07,8.889560031735071e-07,8.859688451161398e-07,8.830140760675247e-07,8.800910364464313e-07,8.771990861893102e-07,8.74337604021939e-07,8.715059867632208e-07,8.687036486593255e-07,8.659300207467457e-07,8.631845502427908e-07,8.604666999622102e-07,8.577759477586944e-07,8.551117859898997e-07,8.524737210050734e-07,8.498612726540196e-07,8.472739738165365e-07,8.447113699511653e-07,8.421730186625408e-07,8.396584892863456e-07,8.371673624910923e-07,8.346992298959331e-07,8.322536937038303e-07,8.29830366349223e-07,8.274288701597325e-07,8.25048837031127e-07,8.22689908115007e-07,8.203517335186202e-07,8.18033972016297e-07,8.157362907719519e-07,8.134583650721994e-07,8.111998780695895e-07,8.089605205355603e-07,8.067399906226318e-07,8.045379936355433e-07,8.023542418107584e-07,8.001884541042731e-07,7.980403559870428e-07,7.959096792480382e-07,7.937961618043091e-07,7.916995475179699e-07,7.896195860197504e-07,7.875560325388136e-07,7.855086477386447e-07,7.834771975587317e-07,7.814614530617499e-07,7.794611902861587e-07,7.774761901038399e-07,7.755062380827084e-07,7.7355112435401e-07,7.716106434841598e-07,7.696845943509328e-07,7.677727800238396e-07,7.658750076485054e-07,7.639910883349778e-07,7.62120837049626e-07,7.602640725107117e-07,7.584206170874162e-07,7.565902967020675e-07,7.547729407356475e-07,7.52968381936275e-07,7.511764563307197e-07,7.493970031386769e-07,7.476298646898345e-07,7.458748863435607e-07,7.441319164110031e-07,7.424008060798818e-07,7.406814093413899e-07,7.389735829194852e-07,7.372771862023362e-07,7.355920811758793e-07,7.339181323594034e-07,7.322552067431038e-07,7.306031737275168e-07,7.289619050647796e-07,7.273312748016475e-07,7.25711159224227e-07,7.2410143680434e-07,7.225019881474425e-07,7.209126959421049e-07,7.193334449109629e-07,7.177641217630869e-07,7.1620461514774e-07,7.146548156094504e-07,7.131146155443842e-07,7.115839091579503e-07,7.100625924236221e-07,7.085505630429046e-07,7.070477204064357e-07,7.055539655561724e-07,7.040692011486233e-07,7.02593331419107e-07,7.011262621469836e-07,6.9966790062185e-07,6.982181556106449e-07,6.967769373256551e-07,6.953441573933787e-07,6.939197288242339e-07,6.925035659830637e-07,6.910955845604419e-07,6.89695701544727e-07,6.883038351948519e-07,6.86919905013824e-07,6.855438317229428e-07,6.841755372366695e-07,6.828149446381139e-07,6.814619781552016e-07,6.801165631374353e-07,6.787786260332427e-07,6.774480943678993e-07,6.761248967220111e-07,6.748089627105345e-07,6.735002229623232e-07,6.721986091001844e-07,6.709040537214304e-07,6.696164903789048e-07,6.683358535624779e-07,6.670620786809864e-07,6.65795102044629e-07,6.645348608477706e-07,6.632812931521719e-07,6.620343378706143e-07,6.607939347509175e-07,6.595600243603323e-07,6.583325480703074e-07,6.571114480416186e-07,6.558966672098403e-07,6.546881492711553e-07,6.53485838668495e-07,6.522896805780004e-07,6.510996208957951e-07,6.499156062250532e-07,6.487375838633785e-07,6.475655017904564e-07,6.463993086559903e-07,6.452389537679061e-07,6.44084387080809e-07,6.429355591847249e-07,6.417924212940731e-07,6.406549252368822e-07,6.395230234442535e-07,6.383966689400374e-07,6.372758153307556e-07,6.361604167957248e-07,6.350504280774025e-07,6.339458044719372e-07,6.328465018199213e-07,6.317524764973426e-07,6.30663685406723e-07,6.295800859684502e-07,6.285016361122898e-07,6.274282942690717e-07,6.26360019362548e-07,6.252967708014322e-07,6.242385084715906e-07,6.241407204930003e-07,6.240518294883773e-07,6.239676787398647e-07,6.238859987884793e-07,6.238056217666456e-07,6.237259621512121e-07,6.236467300591106e-07,6.235677829969678e-07,6.23489051318747e-07,6.234105012322057e-07,6.233321165517397e-07,6.232538897334937e-07,6.231758174520814e-07,6.230978984529427e-07,6.230201324823907e-07,6.229425197758725e-07,6.228650607975756e-07,6.227877561158823e-07,6.227106063437417e-07,6.226336121076358e-07,6.22556774032304e-07,6.224800927352497e-07,6.224035688251164e-07,6.223272028897859e-07,6.222509955080053e-07,6.221749472431768e-07,6.220990586459814e-07,6.220233302501221e-07,6.219477625821064e-07,6.218723561405193e-07,6.217971114173017e-07,6.217220288925829e-07,6.216471090240564e-07,6.215723522656287e-07,6.214977590523022e-07,6.214233298029212e-07,6.213490649268744e-07,6.212749648148441e-07,6.212010298504751e-07,6.211272603975001e-07,6.210536568090346e-07,6.209802194283411e-07,6.209069485800215e-07,6.208338445763397e-07,6.207609077187396e-07,6.206881382933523e-07,6.206155365766384e-07,6.205431028298134e-07,6.204708373019679e-07,6.203987402298742e-07,6.203268118376765e-07,6.202550523373707e-07,6.201834619280645e-07,6.20112040800642e-07,6.200407891287301e-07,6.199697070762589e-07,6.198987947953937e-07,6.198280524186731e-07,6.19757480090459e-07,6.19687077920811e-07,6.196168460162879e-07,6.195467844635971e-07,6.194768933657759e-07,6.194071727797681e-07,6.193376227774378e-07,6.192682434024302e-07,6.191990346953931e-07,6.191299966883074e-07,6.190611294000071e-07,6.189924328381576e-07,6.189239070066536e-07,6.188555518932089e-07,6.187873674733391e-07,6.187193537159926e-07,6.186515105745962e-07,6.185838380128913e-07,6.185163359606591e-07,6.184490043535508e-07,6.183818431099146e-07,6.183148521413582e-07,6.182480313485943e-07,6.181813806289923e-07,6.181148998602438e-07,6.180485889284741e-07,6.179824476955834e-07,6.179164760206463e-07,6.178506737535053e-07,6.177850407380698e-07,6.177195768020754e-07,6.176542817743472e-07,6.175891554720854e-07,6.175241977086436e-07,6.174594082804214e-07,6.173947869801135e-07,6.173303335985263e-07,6.172660479123325e-07,6.172019296928629e-07,6.171379787045187e-07,6.170741947029992e-07,6.170105774370102e-07,6.169471266530887e-07,6.168838420841391e-07,6.16820723461859e-07,6.167577705064421e-07,6.166949829323675e-07,6.166323604507322e-07,6.165699027640464e-07,6.165076095695109e-07,6.164454805574496e-07,6.163835154110373e-07,6.163217138112894e-07,6.162600754265345e-07,6.161985999286495e-07,6.161372869769411e-07,6.160761362203642e-07,6.160151473194645e-07,6.159543199193414e-07,6.158936536503748e-07,6.158331481504258e-07,6.157728030490692e-07,6.157126179762441e-07,6.156525925390814e-07,6.155927263576536e-07,6.155330190425393e-07,6.154734701950301e-07,6.154140794169683e-07,6.153548463048515e-07,6.152957704519467e-07,6.152368514435551e-07,6.15178088862587e-07,6.151194822878824e-07,6.150610312937977e-07,6.150027354514961e-07,6.149445943278962e-07,6.148866074846054e-07,6.148287744839379e-07,6.147710948832848e-07,6.147135682284107e-07,6.146561940720288e-07,6.145989719581819e-07,6.1454190142898e-07,6.144849820236867e-07,6.144282132788736e-07,6.143715947272359e-07,6.143151258998316e-07,6.142588063185004e-07,6.142026355101465e-07,6.1414661299593e-07,6.14090738292906e-07,6.140350109191441e-07,6.139794303866116e-07,6.13923996206753e-07,6.138687078876619e-07,6.138135649361129e-07,6.137585668539626e-07,6.137037131437581e-07,6.136490033042309e-07,6.135944368343105e-07,6.135400132282612e-07,6.13485731980844e-07,6.134315925860952e-07,6.133775945284307e-07,6.133237372929055e-07,6.132700203762567e-07,6.132164432577171e-07,6.131630054210658e-07,6.131097063471858e-07,6.130565455193912e-07,6.130035224144785e-07,6.12950636507781e-07,6.128978872781189e-07,6.128452742007409e-07,6.12792796749025e-07,6.127404543974832e-07,6.126882466170822e-07,6.126361728767332e-07,6.125842326533914e-07,6.125324254104285e-07,6.124807506154972e-07,6.12429207735012e-07,6.123777962397336e-07,6.123265155970086e-07,6.12275365269998e-07,6.122243447252178e-07,6.121734534395023e-07,6.121226908434687e-07,6.120720564276506e-07,6.120215496494807e-07,6.119711699710223e-07,6.119209168565356e-07,6.11870789767159e-07,6.118207881639882e-07,6.117709115105455e-07,6.117211592688822e-07,6.116715309010629e-07,6.116220258690042e-07,6.115726436326359e-07,6.115233836585752e-07,6.114742454061837e-07,6.114252283382894e-07,6.113763319154519e-07,6.113275556034278e-07,6.112788988638458e-07,6.112303611599621e-07,6.111819419553651e-07,6.111336407142855e-07,6.110854569005372e-07,6.110373899791609e-07,6.109894394154121e-07,6.109416046750754e-07,6.108938852230336e-07,6.108462805278267e-07,6.107987900569076e-07,6.107514132782577e-07,6.107041496632345e-07,6.106569986785213e-07,6.106099597942941e-07,6.105630324814765e-07,6.105162162117699e-07,6.104695104576968e-07,6.104229146926082e-07,6.103764283907217e-07,6.103300510271394e-07,6.102837820778808e-07,6.10237621019917e-07,6.101915673311732e-07,6.101456204903514e-07,6.10099779988702e-07,6.100540452850357e-07,6.100084158846821e-07,6.099628912459627e-07,6.099174708630193e-07,6.09872154226033e-07,6.098269408195008e-07,6.097818301170915e-07,6.097368216332112e-07,6.096919148492235e-07,6.096471092518724e-07,6.096024043359467e-07,6.095577995957978e-07,6.095132945273204e-07,6.094688886314282e-07,6.094245813925618e-07,6.093803723174705e-07,6.09336260906373e-07,6.092922466616482e-07,6.092483290851431e-07,6.092045076834644e-07,6.091607819620399e-07,6.09117151426947e-07,6.090736155907709e-07,6.090301739620174e-07,6.089868260526976e-07,6.089435713763253e-07,6.089004094479268e-07,6.08857339784072e-07,6.088143619030678e-07,6.08771475320563e-07,6.087286795654795e-07,6.08685974154444e-07,6.086433586162043e-07,6.086008324739306e-07,6.085583952543648e-07,6.085160464895682e-07,6.084737857089466e-07,6.08431612445106e-07,6.083895262318629e-07,6.083475266082053e-07,6.083056131085744e-07,6.082637852691721e-07,6.082220426333131e-07,6.081803847475837e-07,6.081388111481356e-07,6.080973213874403e-07,6.080559150092817e-07,6.080145915607962e-07,6.079733506005613e-07,6.079321916904658e-07,6.078911143603109e-07,6.078501181768433e-07,6.078092026988041e-07,6.077683674879441e-07,6.077276121029571e-07,6.076869361090505e-07,6.076463390723944e-07,6.076058205405874e-07,6.075653801200752e-07,6.075250173591256e-07,6.0748473182888e-07,6.074445231089613e-07,6.074043907756366e-07,6.073643344041499e-07,6.073243535714223e-07,6.07284447864886e-07,6.072446168641748e-07,6.072048601538136e-07,6.071651773155276e-07,6.071255679430129e-07,6.070860316262678e-07,6.070465679569342e-07,6.07007176529482e-07,6.069678569414153e-07,6.069286087852104e-07,6.06889431664292e-07,6.068503251781961e-07,6.068112889308216e-07,6.067723225270205e-07,6.067334255735234e-07,6.066945976788246e-07,6.066558384532748e-07,6.066171475094144e-07,6.06578524460821e-07,6.065399689294195e-07,6.065014805274072e-07,6.06463058872942e-07,6.064247035876947e-07,6.06386414294731e-07,6.063481906183809e-07,6.063100321866252e-07,6.062719386225945e-07,6.062339095771044e-07,6.061959446477532e-07,6.061580434869331e-07,6.06120205730424e-07,6.060824310161924e-07,6.060447189873447e-07,6.060070692852402e-07,6.059694815471188e-07,6.059319554211006e-07,6.058944905533943e-07,6.058570865923342e-07,6.058197431880251e-07,6.057824599923645e-07,6.057452366591116e-07,6.057080728437778e-07,6.056709682036699e-07,6.056339223978384e-07,6.055969350744426e-07,6.055600059088427e-07,6.055231345657069e-07,6.054863207109504e-07,6.05449564012403e-07,6.054128641398704e-07,6.05376220764601e-07,6.053396335599905e-07,6.053031022006605e-07,6.052666263633835e-07,6.052302057264335e-07,6.051938399698124e-07,6.051575287754274e-07,6.051212718265146e-07,6.050850688084271e-07,6.05048919408105e-07,6.05012823314176e-07,6.049767802269935e-07,6.04940789828782e-07,6.049048518127577e-07,6.048689658744755e-07,6.048331317108169e-07,6.047973490211851e-07,6.047616175061531e-07,6.047259368670915e-07,6.046903068077219e-07,6.046547270333425e-07,6.046191972511487e-07,6.045837171759377e-07,6.045482865052116e-07,6.045129049575855e-07,6.044775722467864e-07,6.044422880878264e-07,6.044070521776958e-07,6.043718642782858e-07,6.043367240780433e-07,6.043016313094396e-07,6.042665856923773e-07,6.042315869517302e-07,6.0419663481355e-07,6.041617290044745e-07,6.041268692566389e-07,6.040920552999505e-07,6.040572868513387e-07,6.040225636775023e-07,6.039878854964707e-07,6.039532520477349e-07,6.039186630670884e-07,6.038841182944341e-07,6.038496174758509e-07,6.038151603325086e-07,6.037807466516149e-07,6.03746376159668e-07,6.037120485964381e-07,6.036777636915517e-07,6.036435212472665e-07,6.036093209904547e-07,6.035751626740553e-07,6.035410460527658e-07,6.035069708831328e-07,6.034729369219515e-07,6.034389439311139e-07,6.034049916799712e-07,6.033710799177484e-07,6.033372084096176e-07,6.033033769303248e-07,6.032695852351948e-07,6.03235833094786e-07,6.032021202821291e-07,6.031684465673148e-07,6.031348117242935e-07,6.031012155250371e-07,6.030676577311614e-07,6.030341381427174e-07,6.030006565281887e-07,6.029672126656575e-07,6.029338063360187e-07,6.0290043732123e-07,6.028671053800344e-07,6.028338103444213e-07,6.028005519559017e-07,6.027673300344051e-07,6.02734144364476e-07,6.027009947307934e-07,6.026678809218574e-07,6.026348027296802e-07,6.026017599467807e-07,6.025687523703465e-07,6.025357797829388e-07,6.025028420006193e-07,6.024699388121265e-07,6.024370700294645e-07,6.024042354541641e-07,6.023714348706044e-07,6.023386680773547e-07,6.0230593491019e-07,6.022732351588523e-07,6.022405686320204e-07,6.022079351366536e-07,6.02175334483715e-07,6.021427664832636e-07,6.021102309481039e-07,6.020777276914982e-07,6.020452565288247e-07,6.020128172753425e-07,6.019804097467094e-07,6.019480337553552e-07,6.01915689134246e-07,6.018833756939546e-07,6.018510932606184e-07,6.018188416563353e-07,6.017866207105039e-07,6.017544302373967e-07,6.017222700650776e-07,6.016901400222833e-07,6.016580399240986e-07,6.016259696221413e-07,6.015939289399282e-07,6.015619177140906e-07,6.015299357633314e-07,6.014979829214213e-07,6.014660590328936e-07,6.014341639457927e-07,6.014022974690561e-07,6.013704594520717e-07,6.013386497346418e-07,6.013068681573034e-07,6.012751145605317e-07,6.012433887868568e-07,6.012116906791054e-07,6.011800200815497e-07,6.011483768393422e-07,6.011167607986386e-07,6.010851718066035e-07,6.010536097113782e-07,6.010220743621069e-07,6.009905656089176e-07,6.009590833029053e-07,6.009276272961474e-07,6.008961974417019e-07,6.008647935935629e-07,6.008334156066869e-07,6.008020633369964e-07,6.007707366413431e-07,6.007394353775252e-07,6.007081594042739e-07,6.006769085812524e-07,6.006456827690317e-07,6.006144818291254e-07,6.005833056239431e-07,6.005521540167985e-07,6.00521026871918e-07,6.004899240544175e-07,6.004588454303079e-07,6.004277908664861e-07,6.003967602307248e-07,6.003657533817146e-07,6.003347702140092e-07,6.003038105832739e-07,6.002728743590882e-07,6.002419614143638e-07,6.002110716101235e-07,6.001802048339037e-07,6.001493609569572e-07,6.001185398667865e-07,6.000877414038251e-07,6.000569654972502e-07,6.000262119986573e-07,5.99995480786958e-07,5.999647717416953e-07,5.999340847432346e-07,5.999034196758165e-07,5.998727764183484e-07,5.998421548535684e-07,5.998115548650201e-07,5.997809763370144e-07,5.997504191546481e-07,5.997198832037802e-07,5.996893683710392e-07,5.996588745438114e-07,5.996284016102373e-07,5.995979494592141e-07,5.995675179803852e-07,5.995371070641352e-07,5.995067166015764e-07,5.994763464845835e-07,5.994459966057544e-07,5.994156668583703e-07,5.993853571335657e-07,5.993550673289804e-07,5.99324797340047e-07,5.992945470629977e-07,5.99264316394591e-07,5.992341052324792e-07,5.992039134754482e-07,5.991737410217854e-07,5.99143587771113e-07,5.991134536237307e-07,5.990833384806068e-07,5.990532422433901e-07,5.990231648143885e-07,5.989931060969633e-07,5.989630659944659e-07,5.98933044410577e-07,5.989030412528839e-07,5.988730564212837e-07,5.988430898242476e-07,5.988131413656816e-07,5.98783210964841e-07,5.987532985173074e-07,5.987234039515426e-07,5.986935271486692e-07,5.986636680591256e-07,5.986338265457526e-07,5.986040025353109e-07,5.985741959256433e-07,5.985444066547485e-07,5.985146346441816e-07,5.984848797913701e-07,5.984551420103373e-07,5.984254212012505e-07,5.983957173112491e-07,5.983660302411061e-07,5.983363599104608e-07,5.983067062322637e-07,5.982770691216963e-07,5.982474485013079e-07,5.98217844289777e-07,5.981882564052171e-07,5.981586847667897e-07,5.981291293009731e-07,5.980995899181621e-07,5.980700665450635e-07,5.980405591037201e-07,5.980110675170938e-07,5.97981591708538e-07,5.979521316024108e-07,5.979226871203792e-07,5.978932581885877e-07,5.978638447321741e-07,5.978344466766814e-07,5.978050639491296e-07,5.977756964739726e-07,5.977463441764344e-07,5.977170069841193e-07,5.976876848366141e-07,5.976583776580414e-07,5.976290853733007e-07,5.975998079150969e-07,5.975705452109475e-07,5.975412971851627e-07,5.975120637790048e-07,5.974828449193655e-07,5.974536405519327e-07,5.974244505938966e-07,5.973952749832707e-07,5.973661136508656e-07,5.973369665321358e-07,5.973078335668921e-07,5.97278714684175e-07,5.972496098384822e-07,5.972205189245295e-07,5.971914419032066e-07,5.971623787093888e-07,5.971333292802518e-07,5.971042935522568e-07,5.970752714840011e-07,5.970462629945697e-07,5.970172680016232e-07,5.969882864661553e-07,5.969593183243538e-07,5.969303635206784e-07,5.969014219923293e-07,5.968724936812225e-07,5.968435785310338e-07,5.968146764811627e-07,5.96785787464092e-07,5.967569114513111e-07,5.967280483572637e-07,5.966991981339545e-07,5.966703607271626e-07,5.96641536077158e-07,5.966127241321354e-07,5.965839248387299e-07,5.965551381381151e-07,5.965263639923737e-07,5.964976023145927e-07,5.964688530547403e-07,5.964401161875292e-07,5.964113916421162e-07,5.963826793738948e-07,5.963539793184422e-07,5.963252914237849e-07,5.96296615667404e-07,5.962679519744267e-07,5.962393002979777e-07,5.962106605929469e-07,5.961820327982432e-07,5.961534168697387e-07,5.961248127585142e-07,5.960962204066452e-07,5.960676397825598e-07,5.96039070829555e-07,5.960105135160086e-07,5.959819677613387e-07,5.95953433535321e-07,5.959249107902963e-07,5.958963994794488e-07,5.958678995565135e-07,5.958394109757982e-07,5.958109336894427e-07,5.957824676595491e-07,5.95754012830034e-07,5.957255691644852e-07,5.956971366166027e-07,5.956687151416454e-07,5.956403046942831e-07,5.956119052333967e-07,5.955835167106601e-07,5.95555139094549e-07,5.955267723389603e-07,5.954984163947308e-07,5.954700712200537e-07,5.954417367794823e-07,5.954134130253667e-07,5.953850999182474e-07,5.95356797410368e-07,5.953285054808718e-07,5.953002240767968e-07,5.952719531592881e-07,5.952436926890072e-07,5.952154426261862e-07,5.951872029315446e-07,5.951589735667184e-07,5.951307544935202e-07,5.951025456722984e-07,5.950743470654317e-07,5.950461586351586e-07,5.950179803413951e-07,5.949898121511038e-07,5.949616540307355e-07,5.949335059351893e-07,5.949053678301505e-07,5.948772396626266e-07,5.948491214299089e-07,5.948210130822053e-07,5.947929145609662e-07,5.94764825874713e-07,5.9473674696551e-07,5.947086777991347e-07,5.946806183401412e-07,5.946525685566478e-07,5.946245284125318e-07,5.945964978741147e-07,5.945684769081998e-07,5.945404654810091e-07,5.945124635600899e-07,5.944844711119499e-07,5.944564881049924e-07,5.944285145063185e-07,5.944005502827625e-07,5.943725954029137e-07,5.94344649835412e-07,5.943167135312275e-07,5.94288786492937e-07,5.94260868669814e-07,5.942329600232126e-07,5.94205060547377e-07,5.941771701969419e-07,5.941492889423194e-07,5.941214167536008e-07,5.940935536010154e-07,5.940656994535701e-07,5.94037854282924e-07,5.940100180609782e-07,5.939821907566953e-07,5.939543723429008e-07,5.939265627855404e-07,5.938987620656597e-07,5.93870970150172e-07,5.938431870098265e-07,5.93815412619625e-07,5.937876469465683e-07,5.937598899710172e-07,5.937321416617796e-07,5.937044019789816e-07,5.936766709223509e-07,5.936489484507015e-07,5.936212345386933e-07,5.935935291593854e-07,5.935658322870474e-07,5.93538143895157e-07,5.935104639640368e-07,5.934827924620147e-07,5.934551293589818e-07,5.934274746349657e-07,5.933998282608469e-07,5.933721902192218e-07,5.9334456048093e-07,5.933169390232196e-07,5.932893258154554e-07,5.9326172083969e-07,5.932341240727681e-07,5.932065354932904e-07,5.931789550777456e-07,5.931513827899873e-07,5.931238186153202e-07,5.930962625308636e-07,5.930687145075489e-07,5.930411745132884e-07,5.930136425581702e-07,5.929861185930627e-07,5.929586026093301e-07,5.929310945807818e-07,5.929035944840648e-07,5.928761022943934e-07,5.928486179930009e-07,5.928211415573091e-07,5.927936729668576e-07,5.927662121990695e-07,5.927387592319892e-07,5.927113140463267e-07,5.926838766186405e-07,5.926564469297999e-07,5.926290249589461e-07,5.926016106871606e-07,5.9257420409273e-07,5.925468051536584e-07,5.925194138513854e-07,5.924920301680139e-07,5.924646540800655e-07,5.924372855697112e-07,5.924099246172981e-07,5.923825712053968e-07,5.923552253112617e-07,5.923278869169668e-07,5.923005560049947e-07,5.922732325552394e-07,5.922459165485316e-07,5.922186079689856e-07,5.921913067942456e-07,5.921640130075467e-07,5.921367265906985e-07,5.92109447519066e-07,5.920821757878083e-07,5.92054911372448e-07,5.920276542494248e-07,5.92000404412783e-07,5.91973161839201e-07,5.919459265065013e-07,5.91918698408188e-07,5.918914774941669e-07,5.918642637951814e-07,5.918370572787597e-07,5.918098579212357e-07,5.917826657090901e-07,5.917554806192653e-07,5.917283026434534e-07,5.917011317744364e-07,5.916739679716231e-07,5.916468112387575e-07,5.916196615445086e-07,5.915925188803258e-07,5.915653832310176e-07,5.915382545882835e-07,5.915111329236627e-07,5.9148401823218e-07,5.914569104879831e-07,5.914298096929948e-07,5.914027157781755e-07,5.913756288055087e-07,5.913485487249379e-07,5.913214755217579e-07,5.912944091759033e-07,5.912673496779563e-07,5.912402970093196e-07,5.912132511613635e-07,5.911862121180529e-07,5.911591798694161e-07,5.911321543707195e-07,5.911051356631427e-07,5.910781236929741e-07,5.910511184608187e-07,5.910241199511133e-07,5.909971281507404e-07,5.909701430460509e-07,5.909431646210868e-07,5.909161928595622e-07,5.908892277476095e-07,5.908622692710745e-07,5.908353174418342e-07,5.908083722100574e-07,5.907814335822281e-07,5.907545015421472e-07,5.90727576070475e-07,5.907006571596457e-07,5.906737448209449e-07,5.906468390050143e-07,5.906199397203381e-07,5.905930469414189e-07,5.905661606571428e-07,5.905392808643136e-07,5.905124075520107e-07,5.904855406950017e-07,5.904586802898292e-07,5.904318263310318e-07,5.904049788300972e-07,5.903781377097531e-07,5.903513030096523e-07,5.903244746876127e-07,5.902976527486522e-07,5.902708371786336e-07,5.902440279722848e-07,5.9021722509715e-07,5.901904285752174e-07,5.901636383681728e-07,5.90136854477516e-07,5.901100768993047e-07,5.900833056133835e-07,5.900565406092122e-07,5.90029781873296e-07,5.900030294014032e-07,5.899762831785872e-07,5.899495431960501e-07,5.899228094418574e-07,5.898960819033904e-07,5.898693605752905e-07,5.898426454429246e-07,5.898159365003763e-07,5.897892337310924e-07,5.897625371334515e-07,5.89735846694129e-07,5.897091623958237e-07,5.896824842394356e-07,5.896558122196394e-07,5.896291463117214e-07,5.896024865093316e-07,5.895758328028209e-07,5.895491852022274e-07,5.895225436755073e-07,5.894959082070764e-07,5.894692788062797e-07,5.894426554628983e-07,5.894160381591702e-07,5.89389426889151e-07,5.893628216369417e-07,5.89336222423086e-07,5.8930962919754e-07,5.892830419583303e-07,5.892564607107275e-07,5.892298854389327e-07,5.892033161558649e-07,5.89176752830951e-07,5.891501954519923e-07,5.891236440280073e-07,5.890970985430407e-07,5.890705589819379e-07,5.890440253314198e-07,5.890174976007869e-07,5.889909757739463e-07,5.889644598406001e-07,5.889379497983468e-07,5.88911445620601e-07,5.888849473276273e-07,5.888584548972201e-07,5.888319683213686e-07,5.888054875862535e-07,5.88779012695797e-07,5.887525436312034e-07,5.887260803948518e-07,5.88699622965067e-07,5.886731713504653e-07,5.886467255329772e-07,5.886202855099712e-07,5.885938512686671e-07,5.885674228013338e-07,5.885410001043893e-07,5.885145831680143e-07,5.884881719960881e-07,5.884617665722012e-07,5.884353668907098e-07,5.884089729429539e-07,5.883825847116718e-07,5.883562022031326e-07,5.883298254106211e-07,5.883034542996552e-07,5.882770889114815e-07,5.882507292132442e-07,5.882243751946063e-07,5.881980268532411e-07,5.881716841834921e-07,5.881453471800433e-07,5.881190158289906e-07,5.880926901406896e-07,5.880663700923154e-07,5.880400556814112e-07,5.880137468954332e-07,5.879874437397597e-07,5.879611461952778e-07,5.879348542664252e-07,5.879085679450395e-07,5.878822872177131e-07,5.878560121069512e-07,5.878297425633494e-07,5.878034785991971e-07,5.877772202059567e-07,5.877509673824162e-07,5.877247201204208e-07,5.876984784085385e-07,5.876722422439126e-07,5.876460116333029e-07,5.876197865486412e-07,5.875935669978973e-07,5.875673529719746e-07,5.875411444696993e-07,5.875149414844481e-07,5.874887440036674e-07,5.874625520256343e-07,5.87436365548934e-07,5.874101845597953e-07,5.873840090567934e-07,5.873578390357008e-07,5.873316744731187e-07,5.873055154338913e-07,5.87279361817189e-07,5.872532136578111e-07,5.872270709524583e-07,5.872009336850816e-07,5.871748018674646e-07,5.871486754772653e-07,5.871225545097811e-07,5.870964389823702e-07,5.870703288759293e-07,5.870442241851879e-07,5.870181248871289e-07,5.869920310084144e-07,5.869659425107907e-07,5.86939859433123e-07,5.869137817405195e-07,5.868877094279062e-07,5.868616424996918e-07,5.868355809460424e-07,5.868095247600164e-07,5.867834739384816e-07,5.867574284792977e-07,5.867313883745908e-07,5.867053536247376e-07,5.86679324214883e-07,5.866533001186743e-07,5.866272813846633e-07,5.866012679826541e-07,5.865752599047531e-07,5.86549257150264e-07,5.865232597160839e-07,5.864972676058326e-07,5.864712807979086e-07,5.864452992883442e-07,5.864193230760312e-07,5.863933521561301e-07,5.863673865367333e-07,5.863414261959593e-07,5.863154711405223e-07,5.862895213528192e-07,5.862635768412453e-07,5.862376375958153e-07,5.862117036163517e-07,5.861857748953602e-07,5.861598514424356e-07,5.861339332333625e-07,5.861080202726728e-07,5.860821125504869e-07,5.860562100539691e-07,5.860303128326651e-07,5.860044208323795e-07,5.85978534044244e-07,5.859526524731767e-07,5.859267761198236e-07,5.859009049963702e-07,5.858750390689985e-07,5.85849178344399e-07,5.858233228285376e-07,5.857974725089572e-07,5.857716273991963e-07,5.857457874631873e-07,5.857199527147356e-07,5.856941231485662e-07,5.856682987593823e-07,5.856424795477056e-07,5.856166655075131e-07,5.855908566350377e-07,5.855650529255549e-07,5.855392543757065e-07,5.855134609824758e-07,5.85487672743978e-07,5.85461889653e-07,5.85436111709215e-07,5.854103389055936e-07,5.853845712356398e-07,5.853588087384608e-07,5.853330513813643e-07,5.853072991108345e-07,5.852815519691137e-07,5.85255809918154e-07,5.8523007300784e-07,5.852043412142501e-07,5.851786145354511e-07,5.851528929983555e-07,5.851271765223344e-07,5.851014651468754e-07,5.85075758871267e-07,5.850500577061581e-07,5.850243616142686e-07,5.849986706107346e-07,5.849729846920928e-07,5.849473038694034e-07,5.849216281053205e-07,5.848959574201541e-07,5.848702918006038e-07,5.848446312481348e-07,5.848189757618822e-07,5.847933253400058e-07,5.847676799683101e-07,5.847420396591838e-07,5.847164044142841e-07,5.846907741975662e-07,5.846651490306451e-07,5.846395289061743e-07,5.846139138173631e-07,5.84588303768529e-07,5.845626987566474e-07,5.845370987715799e-07,5.845115038103235e-07,5.844859139010128e-07,5.844603289814765e-07,5.844347490884901e-07,5.844091742144738e-07,5.843836043503374e-07,5.843580395325526e-07,5.843324796832692e-07,5.84306924828152e-07,5.842813749845842e-07,5.842558301740491e-07,5.84230290317906e-07,5.842047554580665e-07,5.841792255823797e-07,5.841537007026059e-07,5.841281808063523e-07,5.841026658901951e-07,5.840771559580674e-07,5.840516509987056e-07,5.840261510072798e-07,5.840006559918678e-07,5.839751659408663e-07,5.839496808575298e-07,5.839242007374531e-07,5.838987255728848e-07,5.838732553702541e-07,5.838477901208748e-07,5.838223298132375e-07,5.837968744674924e-07,5.837714240687524e-07,5.837459786145313e-07,5.837205381017709e-07,5.836951025319895e-07,5.836696718902407e-07,5.836442461915672e-07,5.836188254198863e-07,5.83593409576916e-07,5.835679986514281e-07,5.835425926563394e-07,5.835171915898867e-07,5.834917954411232e-07,5.834664042098869e-07,5.834410179017664e-07,5.834156364955176e-07,5.833902599998237e-07,5.833648884146234e-07,5.833395217348072e-07,5.833141599556263e-07,5.832888030713935e-07,5.832634510867737e-07,5.832381040013017e-07,5.832127617987682e-07,5.831874244946109e-07,5.831620920760395e-07,5.831367645465929e-07,5.831114419040664e-07,5.830861241346476e-07,5.830608112542556e-07,5.830355032495126e-07,5.830102001204235e-07,5.829849018546839e-07,5.829596084654378e-07,5.829343199583885e-07,5.829090363049292e-07,5.8288375751452e-07,5.828584835859531e-07,5.828332145182952e-07,5.828079503001224e-07,5.827826909486865e-07,5.827574364462174e-07,5.827321867947045e-07,5.827069419923615e-07,5.826817020367344e-07,5.826564669254424e-07,5.826312366558514e-07,5.82606011227427e-07,5.825807906371776e-07,5.825555748834913e-07,5.825303639637322e-07,5.825051578782309e-07,5.824799566207507e-07,5.824547601913587e-07,5.824295685880281e-07,5.824043818125387e-07,5.823791998554222e-07,5.823540227181912e-07,5.823288503817679e-07,5.823036828634132e-07,5.822785201639847e-07,5.822533622720843e-07,5.822282092052991e-07,5.822030609341692e-07,5.821779174696554e-07,5.821527788136849e-07,5.821276449566742e-07,5.821025159120953e-07,5.82077391664968e-07,5.820522722153836e-07,5.820271575605626e-07,5.820020476901863e-07,5.819769426195995e-07,5.819518423434321e-07,5.819267468480286e-07,5.819016561391916e-07,5.818765702138358e-07,5.818514890689217e-07,5.818264127051491e-07,5.818013411199289e-07,5.817762743100186e-07,5.817512122679756e-07,5.817261550051096e-07,5.817011025124222e-07,5.816760548063282e-07,5.81651011850356e-07,5.816259736619449e-07,5.816009402350729e-07,5.81575911579814e-07,5.81550887695821e-07,5.815258685474475e-07,5.81500854155976e-07,5.81475844523884e-07,5.814508396512553e-07,5.814258395207726e-07,5.814008441346785e-07,5.813758534972914e-07,5.813508676092949e-07,5.813258864658699e-07,5.813009100668217e-07,5.812759383698206e-07,5.812509714514747e-07,5.812260092710272e-07,5.812010518271252e-07,5.811760991173444e-07,5.81151151140701e-07,5.811262078949792e-07,5.811012693788096e-07,5.8107633559056e-07,5.81051406528624e-07,5.810264821915257e-07,5.810015625773313e-07,5.809766476844716e-07,5.809517375113631e-07,5.80926832055037e-07,5.809019313152403e-07,5.808770352919676e-07,5.808521439806714e-07,5.808272573808795e-07,5.808023754911035e-07,5.807774983104881e-07,5.807526258384386e-07,5.807277580719377e-07,5.807028950079928e-07,5.80678036648479e-07,5.806531829919463e-07,5.806283340321202e-07,5.806034897707047e-07,5.805786502054149e-07,5.805538153326578e-07,5.805289851549114e-07,5.805041596700395e-07,5.804793388748316e-07,5.804545227676915e-07,5.804297113446568e-07,5.80404904616026e-07,5.80380102563967e-07,5.80355305189046e-07,5.803305125031006e-07,5.80305724497183e-07,5.802809411617187e-07,5.802561625073612e-07,5.802313885228704e-07,5.802066192032088e-07,5.801818545703242e-07,5.801570945985854e-07,5.801323393016802e-07,5.801075886722191e-07,5.800828427196269e-07,5.80058101430527e-07,5.8003336479221e-07,5.800086328306625e-07,5.799839055316333e-07,5.799591828903691e-07,5.799344648870106e-07,5.799097515593032e-07,5.798850428875193e-07,5.79860338869222e-07,5.798356395040058e-07,5.798109447920538e-07,5.797862547297333e-07,5.797615693132477e-07,5.797368885437427e-07,5.797122124204517e-07,5.796875409414797e-07,5.796628741048432e-07,5.796382119110214e-07,5.796135543543126e-07,5.79588901439275e-07,5.795642531619242e-07,5.795396095207235e-07,5.795149705174601e-07,5.794903361413614e-07,5.794657063992276e-07,5.794410812883949e-07,5.794164607787008e-07,5.793918449259187e-07,5.793672337000613e-07,5.793426270717114e-07,5.793180250954417e-07,5.792934277420745e-07,5.792688350102712e-07,5.792442468983047e-07,5.792196634052693e-07,5.791950845127282e-07,5.791705102494325e-07,5.791459406059144e-07,5.791213755758583e-07,5.790968151593277e-07,5.790722593534623e-07,5.790477081571424e-07,5.790231615650674e-07,5.789986195805358e-07,5.789740822021184e-07,5.789495494329443e-07,5.789250212678731e-07,5.789004977046993e-07,5.788759787424914e-07,5.788514643803451e-07,5.788269546138634e-07,5.788024494477366e-07,5.787779488733875e-07,5.78753452896408e-07,5.787289615110072e-07,5.787044747178347e-07,5.786799925140124e-07,5.786555149017845e-07,5.786310418791459e-07,5.786065734421223e-07,5.785821095948939e-07,5.785576503297555e-07,5.785331956490727e-07,5.785087455555503e-07,5.784843000436043e-07,5.78459859108115e-07,5.784354227529612e-07,5.784109909781593e-07,5.783865637713068e-07,5.783621411505124e-07,5.783377231038299e-07,5.783133096305609e-07,5.782889007311111e-07,5.782644963998478e-07,5.782400966384964e-07,5.782157014405295e-07,5.781913108132806e-07,5.78166924754146e-07,5.781425432545395e-07,5.781181663187104e-07,5.78093793952677e-07,5.780694261407284e-07,5.780450628889644e-07,5.780207042032107e-07,5.77996350071527e-07,5.779720004937608e-07,5.77947655464841e-07,5.779233150044649e-07,5.778989790948922e-07,5.778746477357027e-07,5.778503209315207e-07,5.778259986733258e-07,5.778016809610436e-07,5.777773678095428e-07,5.777530591944572e-07,5.777287551269512e-07,5.777044556015414e-07,5.776801606191985e-07,5.776558701789381e-07,5.77631584279629e-07,5.776073029201175e-07,5.775830260995465e-07,5.775587538162823e-07,5.775344860692994e-07,5.775102228577722e-07,5.774859641837698e-07,5.774617100424411e-07,5.774374604304605e-07,5.774132153493021e-07,5.773889747896764e-07,5.773647387673497e-07,5.773405072668622e-07,5.773162802985184e-07,5.77292057890438e-07,5.772678399723992e-07,5.772436265773689e-07,5.77219417702512e-07,5.771952133508598e-07,5.771710135140676e-07,5.77146818172444e-07,5.771226273885867e-07,5.770984411128371e-07,5.770742593521485e-07,5.770500821097005e-07,5.770259093776696e-07,5.770017411514332e-07,5.769775774438196e-07,5.769534182431828e-07,5.769292635888063e-07,5.769051134120525e-07,5.768809677368139e-07,5.768568265687591e-07,5.76832689906506e-07,5.768085577559116e-07,5.767844301198494e-07,5.767603069629034e-07,5.767361883419756e-07,5.767120741891892e-07,5.7668796456805e-07,5.766638594119386e-07,5.766397587486692e-07,5.766156625940724e-07,5.765915709258905e-07,5.765674837506971e-07,5.76543401116117e-07,5.7651932292517e-07,5.764952492079046e-07,5.764711799970975e-07,5.764471152729445e-07,5.764230550365971e-07,5.763989992869368e-07,5.763749480161668e-07,5.763509012210406e-07,5.763268589151773e-07,5.763028211077159e-07,5.762787877673971e-07,5.762547589157885e-07,5.762307345481641e-07,5.762067146538522e-07,5.761826992365705e-07,5.761586882944116e-07,5.761346818309462e-07,5.761106798452245e-07,5.76086682333074e-07,5.760626892891303e-07,5.760387007201707e-07,5.760147166174231e-07,5.759907369839977e-07,5.759667618195019e-07,5.759427911249322e-07,5.759188248980681e-07,5.758948631434035e-07,5.758709058436157e-07,5.758469530146124e-07,5.758230046364229e-07,5.757990607102508e-07,5.757751212564959e-07,5.757511862617253e-07,5.757272557294461e-07,5.757033296416842e-07,5.756794080238284e-07,5.75655490865937e-07,5.756315781535344e-07,5.756076698933629e-07,5.755837660875699e-07,5.755598667445555e-07,5.755359718767893e-07,5.755120814221908e-07,5.75488195414414e-07,5.754643138720002e-07,5.754404367602853e-07,5.754165640935936e-07,5.753926958726101e-07,5.753688320933428e-07,5.753449727682933e-07,5.753211178759856e-07,5.752972674234094e-07,5.752734214101374e-07,5.752495798299331e-07,5.752257426956879e-07,5.752019099963368e-07,5.751780817517497e-07,5.751542579244425e-07,5.751304385314219e-07,5.751066235717272e-07,5.750828130397182e-07,5.750590069361475e-07,5.750352053044622e-07,5.750114081041934e-07,5.749876153105943e-07,5.74963826929848e-07,5.749400429874274e-07,5.749162634612462e-07,5.748924883969807e-07,5.748687177249893e-07,5.748449514624513e-07,5.748211896290597e-07,5.747974322167425e-07,5.74773679217055e-07,5.747499306359063e-07,5.747261864799396e-07,5.747024467557167e-07,5.746787114339825e-07,5.746549805227746e-07,5.746312540332402e-07,5.746075319569763e-07,5.745838142934848e-07,5.745601010515966e-07,5.745363922100397e-07,5.745126877760769e-07,5.744889877536709e-07,5.744652921417922e-07,5.7444160093184e-07,5.744179141364593e-07,5.743942317380421e-07,5.743705537416069e-07,5.743468801667692e-07,5.743232109414518e-07,5.742995461501569e-07,5.742758857632504e-07,5.742522297778123e-07,5.742285781977752e-07,5.742049310044501e-07,5.741812882143267e-07,5.741576498184028e-07,5.741340158447477e-07,5.7411038622032e-07,5.740867610069078e-07,5.740631401850144e-07,5.740395237656452e-07,5.740159117275689e-07,5.739923040783524e-07,5.739687008095754e-07,5.739451019074701e-07,5.739215074223518e-07,5.738979173390341e-07,5.738743316361856e-07,5.738507503044073e-07,5.738271733283391e-07,5.738036007688275e-07,5.737800325497475e-07,5.737564687524517e-07,5.737329093301499e-07,5.737093542867563e-07,5.736858036258801e-07,5.736622573408643e-07,5.736387154296505e-07,5.736151778955189e-07,5.735916447331485e-07,5.735681159479408e-07,5.735445915316685e-07,5.735210714877245e-07,5.734975558284925e-07,5.73474044524682e-07,5.734505375899139e-07,5.734270350272884e-07,5.7340353682794e-07,5.733800429949713e-07,5.733565535274935e-07,5.733330684246243e-07,5.733095876892747e-07,5.732861113117551e-07,5.732626392982657e-07,5.732391716449851e-07,5.732157083721505e-07,5.73192249438366e-07,5.731687948630101e-07,5.731453446452014e-07,5.731218987840612e-07,5.730984572787115e-07,5.73075020128274e-07,5.730515873361866e-07,5.730281588929416e-07,5.730047348019772e-07,5.729813150624198e-07,5.729578996733947e-07,5.729344886340268e-07,5.729110819434429e-07,5.728876796052527e-07,5.72864281609618e-07,5.728408879601503e-07,5.728174986559782e-07,5.727941136962331e-07,5.727707330846079e-07,5.727473568152776e-07,5.727239848876387e-07,5.727006172969024e-07,5.726772540462497e-07,5.726538951348129e-07,5.72630540561761e-07,5.726071903261602e-07,5.725838444271794e-07,5.725605028683497e-07,5.72537165640014e-07,5.725138327457076e-07,5.724905041845657e-07,5.724671799557335e-07,5.724438600621359e-07,5.724205444993085e-07,5.72397233262214e-07,5.723739263539802e-07,5.723506237774159e-07,5.723273255243269e-07,5.723040315975231e-07,5.72280741996147e-07,5.722574567193411e-07,5.722341757662489e-07,5.722108991360151e-07,5.721876268265619e-07,5.721643588382672e-07,5.721410951714779e-07,5.721178358241279e-07,5.720945807953636e-07,5.720713300843327e-07,5.720480836901842e-07,5.720248416120659e-07,5.720016038491248e-07,5.719783704005116e-07,5.719551412653751e-07,5.719319164428672e-07,5.719086959305156e-07,5.71885479730717e-07,5.718622678386739e-07,5.718390602581928e-07,5.718158569860976e-07,5.71792658019123e-07,5.717694633612629e-07,5.717462730092515e-07,5.717230869622432e-07,5.716999052193939e-07,5.716767277749177e-07,5.716535546474866e-07,5.716303858074134e-07,5.716072212681417e-07,5.715840610295825e-07,5.71560905104347e-07,5.7153775346246e-07,5.715146061181364e-07,5.714914630704855e-07,5.71468324318606e-07,5.71445189861692e-07,5.714220596989789e-07,5.713989338295204e-07,5.713758122525187e-07,5.713526949671095e-07,5.713295819739637e-07,5.713064732693028e-07,5.712833688536891e-07,5.712602687263058e-07,5.712371728863843e-07,5.712140813330346e-07,5.711909940654595e-07,5.711679110896584e-07,5.711448323910221e-07,5.711217579756532e-07,5.71098687842714e-07,5.710756219913097e-07,5.710525604208872e-07,5.710295031301614e-07,5.710064501128126e-07,5.70983401376305e-07,5.709603569203032e-07,5.709373167409185e-07,5.709142808443858e-07,5.708912492132683e-07,5.708682218567435e-07,5.708451987722953e-07,5.708221799624311e-07,5.707991654281306e-07,5.707761551645699e-07,5.707531491709203e-07,5.707301474463581e-07,5.707071499900566e-07,5.706841568011906e-07,5.706611678714962e-07,5.706381832150214e-07,5.706152028235059e-07,5.705922266961261e-07,5.705692548320579e-07,5.705462872304778e-07,5.705233238905639e-07,5.705003648114925e-07,5.704774099924415e-07,5.704544594483235e-07,5.704315131484401e-07,5.704085711011033e-07,5.703856333141017e-07,5.703626997842094e-07,5.70339770499189e-07,5.703168454682078e-07,5.702939246911234e-07,5.702710081675757e-07,5.702480959049736e-07,5.702251878842616e-07,5.702022841112427e-07,5.701793845971068e-07,5.701564893227435e-07,5.701335982980633e-07,5.701107115271082e-07,5.700878289955511e-07,5.700649507160127e-07,5.700420766810978e-07,5.700192068898241e-07,5.699963413414063e-07,5.699734800350368e-07,5.699506229697486e-07,5.699277701457369e-07,5.699049215565539e-07,5.698820772108927e-07,5.698592371031873e-07,5.698364012318356e-07,5.698135695976052e-07,5.697907421981325e-07,5.697679190349771e-07,5.697451001048708e-07,5.697222854078512e-07,5.696994749431076e-07,5.696766687107458e-07,5.696538667080472e-07,5.696310689361297e-07,5.696082753932623e-07,5.695854860786223e-07,5.695627009915327e-07,5.695399201309691e-07,5.695171434963651e-07,5.694943710865033e-07,5.694716029010018e-07,5.694488389389269e-07,5.694260792082639e-07,5.694033236906826e-07,5.693805723939107e-07,5.693578253174136e-07,5.693350824602894e-07,5.693123438218825e-07,5.692896094012413e-07,5.69266879193284e-07,5.692441532057708e-07,5.692214314528954e-07,5.691987138952167e-07,5.69176000549013e-07,5.691532914180193e-07,5.691305864991601e-07,5.691078857913886e-07,5.69085189294452e-07,5.690624970070366e-07,5.690398089287138e-07,5.690171250583419e-07,5.689944453954443e-07,5.689717699390518e-07,5.689490986853372e-07,5.689264316395142e-07,5.689037687978305e-07,5.688811101594616e-07,5.68858455723599e-07,5.688358054849677e-07,5.688131594516878e-07,5.687905176185332e-07,5.687678799843978e-07,5.687452465490938e-07,5.687226173114617e-07,5.686999922691063e-07,5.686773714245638e-07,5.686547547736878e-07,5.686321423173178e-07,5.68609534054647e-07,5.685869299849454e-07,5.685643301073867e-07,5.685417344211574e-07,5.685191429268674e-07,5.68496555620946e-07,5.68473972505373e-07,5.684513935751354e-07,5.684288188337522e-07,5.684062482788449e-07,5.68383681908343e-07,5.68361119713237e-07,5.683385617133564e-07,5.683160078968531e-07,5.682934582672566e-07,5.682709128152305e-07,5.682483715442737e-07,5.682258344530737e-07,5.682033015416953e-07,5.681807728229633e-07,5.681582482667214e-07,5.681357278880665e-07,5.681132116851666e-07,5.680906996721755e-07,5.680681918174244e-07,5.680456881392086e-07,5.680231886344081e-07,5.680006932800941e-07,5.679782021211751e-07,5.679557151305947e-07,5.6793323231241e-07,5.679107536618965e-07,5.678882791784207e-07,5.678658088654136e-07,5.67843342720073e-07,5.678208807407084e-07,5.677984229322835e-07,5.677759692817336e-07,5.677535197874806e-07,5.677310744551431e-07,5.677086332930705e-07,5.676861962912271e-07,5.676637634510283e-07,5.676413347529989e-07,5.676189102303366e-07,5.675964898667543e-07,5.675740736593851e-07,5.675516616088574e-07,5.675292537136922e-07,5.675068499768293e-07,5.674844503954807e-07,5.67462054963258e-07,5.674396636723102e-07,5.674172765446692e-07,5.673948935681494e-07,5.673725147422162e-07,5.673501400655769e-07,5.673277695377655e-07,5.673054031579602e-07,5.672830409255834e-07,5.672606828393477e-07,5.672383288987747e-07,5.672159791030637e-07,5.671936334515173e-07,5.671712919433084e-07,5.671489545775242e-07,5.671266213534629e-07,5.67104292270427e-07,5.670819673276493e-07,5.670596465245064e-07,5.67037329859742e-07,5.670150173322958e-07,5.66992708942264e-07,5.669704046885685e-07,5.669481045705484e-07,5.669258085873019e-07,5.669035167378613e-07,5.668812290222327e-07,5.668589454384729e-07,5.668366659862254e-07,5.6681439066504e-07,5.667921194739091e-07,5.667698524120007e-07,5.66747589478645e-07,5.667253306728636e-07,5.667030759941474e-07,5.666808254416907e-07,5.666585790146661e-07,5.666363367149217e-07,5.666140985361522e-07,5.66591864480634e-07,5.665696345475297e-07,5.665474087357776e-07,5.66525187044685e-07,5.66502969472098e-07,5.664807560051868e-07,5.66458546670669e-07,5.664363414532547e-07,5.664141403576823e-07,5.663919433751724e-07,5.66369750510852e-07,5.663475617271094e-07,5.663253770879909e-07,5.663031965623234e-07,5.662810201488833e-07,5.662588478468246e-07,5.662366796551756e-07,5.662145155723016e-07,5.661923555997644e-07,5.661701997353619e-07,5.661480479795997e-07,5.661259003286665e-07,5.661037567850955e-07,5.66081617327984e-07,5.660594819942968e-07,5.660373507632671e-07,5.660152236343204e-07,5.659931006083588e-07,5.659709816852631e-07,5.659488668602602e-07,5.65926756129417e-07,5.659046495097459e-07,5.65882546987909e-07,5.658604485533477e-07,5.658383542244792e-07,5.658162639875374e-07,5.65794177848296e-07,5.657720958046897e-07,5.657500178536905e-07,5.657279440013715e-07,5.657058742768765e-07,5.656838086056159e-07,5.656617470009811e-07,5.656396895044219e-07,5.656176360797846e-07,5.655955867639005e-07,5.65573541525486e-07,5.655515003831048e-07,5.655294632914183e-07,5.655074303271324e-07,5.654854014346055e-07,5.654633766565266e-07,5.654413559374941e-07,5.654193392987305e-07,5.653973267435369e-07,5.653753182752712e-07,5.653533138515472e-07,5.653313135768151e-07,5.653093173400969e-07,5.652873251656743e-07,5.652653370895204e-07,5.652433530955762e-07,5.652213731650464e-07,5.651993973122372e-07,5.651774255351728e-07,5.651554578296605e-07,5.651334941766777e-07,5.651115346112274e-07,5.650895791782198e-07,5.650676277556236e-07,5.650456804005798e-07,5.650237371117452e-07,5.650017978600885e-07,5.649798627104711e-07,5.649579316301307e-07,5.649360045929836e-07,5.649140816564637e-07,5.648921627658797e-07,5.648702479359041e-07,5.648483371726567e-07,5.648264304696194e-07,5.648045278251642e-07,5.647826292442063e-07,5.64760734726645e-07,5.647388442785208e-07,5.64716957846642e-07,5.64695075498881e-07,5.64673197184902e-07,5.646513229270916e-07,5.646294527148545e-07,5.64607586553572e-07,5.645857244793894e-07,5.645638664567039e-07,5.645420124877713e-07,5.645201625659248e-07,5.644983166657536e-07,5.644764748557488e-07,5.644546370841328e-07,5.644328033611163e-07,5.644109736899967e-07,5.643891480280072e-07,5.643673264508029e-07,5.643455089134105e-07,5.643236954215614e-07,5.643018859746173e-07,5.64280080554724e-07,5.642582791949939e-07,5.642364818725001e-07,5.642146885913243e-07,5.641928993431466e-07,5.641711141402869e-07,5.64149332972785e-07,5.641275558469623e-07,5.641057827608451e-07,5.640840137026103e-07,5.640622486785511e-07,5.64040487694119e-07,5.640187307432933e-07,5.639969778203945e-07,5.63975228934799e-07,5.639534840787057e-07,5.639317432608754e-07,5.639100064676428e-07,5.638882737031095e-07,5.638665449669551e-07,5.638448202601727e-07,5.63823099571439e-07,5.638013829299914e-07,5.637796703019428e-07,5.637579617043731e-07,5.637362571211089e-07,5.637145565637118e-07,5.636928600287799e-07,5.636711674815359e-07,5.636494789897999e-07,5.636277945177737e-07,5.63606114065217e-07,5.635844376238884e-07,5.635627652105976e-07,5.635410968092257e-07,5.635194323979278e-07,5.634977720301788e-07,5.634761156784179e-07,5.634544632929822e-07,5.634328149801019e-07,5.634111706712639e-07,5.633895303702097e-07,5.633678940832506e-07,5.633462618062452e-07,5.633246334535343e-07,5.633030091829009e-07,5.632813889385308e-07,5.632597726959036e-07,5.632381604686268e-07,5.63216552247343e-07,5.631949480154512e-07,5.63173347788278e-07,5.63151751564561e-07,5.631301593406483e-07,5.631085711329337e-07,5.630869869248454e-07,5.630654067133918e-07,5.630438304998777e-07,5.630222582918824e-07,5.630006900736702e-07,5.629791258619992e-07,5.629575656252222e-07,5.629360094068904e-07,5.629144571838038e-07,5.628929089470318e-07,5.628713647088102e-07,5.628498244682408e-07,5.628282882207894e-07,5.628067559725273e-07,5.627852277074407e-07,5.627637034309164e-07,5.627421831156085e-07,5.627206668106128e-07,5.626991544983839e-07,5.626776461646517e-07,5.626561418373691e-07,5.626346415083327e-07,5.626131451345515e-07,5.625916527497469e-07,5.625701643502749e-07,5.625486799469024e-07,5.625271995123972e-07,5.62505723070984e-07,5.624842505987708e-07,5.624627821022197e-07,5.624413176170305e-07,5.624198570868066e-07,5.62398400515877e-07,5.623769479403686e-07,5.623554993324321e-07,5.623340547047208e-07,5.623126140472439e-07,5.622911773766444e-07,5.622697446663213e-07,5.622483159474213e-07,5.622268912088345e-07,5.622054704271933e-07,5.621840536022969e-07,5.621626407541585e-07,5.621412318723283e-07,5.621198269611484e-07,5.620984259429506e-07,5.620770289738873e-07,5.620556359469884e-07,5.620342469191829e-07,5.620128618326181e-07,5.619914807119394e-07,5.61970103556848e-07,5.619487303616479e-07,5.619273611536642e-07,5.619059958922583e-07,5.618846345791835e-07,5.618632772277434e-07,5.618419238322282e-07,5.618205743918751e-07,5.61799228911022e-07,5.617778873869776e-07,5.617565498116024e-07,5.617352162083555e-07,5.617138865483809e-07,5.616925608419739e-07,5.616712390923292e-07,5.616499212904802e-07,5.616286074394275e-07,5.616072975391745e-07,5.615859916081103e-07,5.615646896509042e-07,5.615433915970828e-07,5.615220974951325e-07,5.615008073216989e-07,5.614795211084074e-07,5.614582387684226e-07,5.614369604449384e-07,5.61415686065317e-07,5.613944156302556e-07,5.61373149140095e-07,5.61351886599511e-07,5.61330627974251e-07,5.613093733028289e-07,5.612881225787923e-07,5.612668757852128e-07,5.612456329405686e-07,5.612243940236031e-07,5.612031590414924e-07,5.611819280138632e-07,5.611607009068943e-07,5.611394777439137e-07,5.611182585164738e-07,5.610970431985382e-07,5.610758318152974e-07,5.610546243685045e-07,5.61033420854941e-07,5.610122212636789e-07,5.609910256134916e-07,5.60969833886016e-07,5.609486460874743e-07,5.609274622163378e-07,5.609062822685122e-07,5.608851062468125e-07,5.608639341724931e-07,5.608427659986393e-07,5.608216017406849e-07,5.608004414315875e-07,5.60779285026506e-07,5.607581325411798e-07,5.607369839815557e-07,5.607158393437626e-07,5.606946986183843e-07,5.606735618061189e-07,5.606524288923236e-07,5.606312999216072e-07,5.606101748596127e-07,5.60589053729972e-07,5.605679364998971e-07,5.605468231761079e-07,5.605257137757531e-07,5.605046083129474e-07,5.604835067423212e-07,5.604624091298931e-07,5.604413153678286e-07,5.60420225529719e-07,5.603991396020309e-07,5.603780575823024e-07,5.603569794707972e-07,5.603359052575107e-07,5.603148349494924e-07,5.602937685456217e-07,5.602727060484718e-07,5.602516474571845e-07,5.602305927796681e-07,5.60209541989852e-07,5.601884950907606e-07,5.601674520924103e-07,5.601464130200445e-07,5.601253778318698e-07,5.601043465419278e-07,5.600833191532291e-07,5.600622956587972e-07,5.600412760599831e-07,5.600202603637111e-07,5.599992485523797e-07,5.599782406370432e-07,5.59957236593223e-07,5.59936236470526e-07,5.599152402387135e-07,5.598942478941381e-07,5.598732594424034e-07,5.598522748807027e-07,5.598312942101154e-07,5.59810317425375e-07,5.597893445294153e-07,5.597683755184656e-07,5.597474103866282e-07,5.597264491022158e-07,5.597054917375408e-07,5.59684538266116e-07,5.596635886842833e-07,5.596426429799192e-07,5.596217011540996e-07,5.596007632039607e-07,5.595798291374474e-07,5.595588989596952e-07,5.595379726760009e-07,5.59517050252972e-07,5.594961317113827e-07,5.594752170319562e-07,5.594543062443269e-07,5.594333992869664e-07,5.594124962561625e-07,5.593915970918176e-07,5.593707018079596e-07,5.593498103876864e-07,5.593289228359617e-07,5.593080391534683e-07,5.592871593406158e-07,5.592662834010717e-07,5.592454113347326e-07,5.59224543144533e-07,5.592036788122486e-07,5.591828183314985e-07,5.591619617412872e-07,5.591411089879076e-07,5.591202601167326e-07,5.590994151125903e-07,5.590785739696471e-07,5.590577366845896e-07,5.590369032668206e-07,5.590160737105102e-07,5.589952480150707e-07,5.589744261409472e-07,5.589536081114741e-07,5.589327939888946e-07,5.589119837632532e-07,5.588911773524186e-07,5.588703748212963e-07,5.58849576105021e-07,5.588287812672383e-07,5.588079902801699e-07,5.58787203141864e-07,5.587664198653797e-07,5.587456404364395e-07,5.587248648541063e-07,5.587040930771028e-07,5.586833252040763e-07,5.58662561180052e-07,5.586418010020384e-07,5.58621044668011e-07,5.586002921712543e-07,5.58579543535594e-07,5.585587987310043e-07,5.585380577856894e-07,5.585173206839655e-07,5.584965874258e-07,5.584758580101725e-07,5.584551324363468e-07,5.584344107035476e-07,5.584136928111387e-07,5.583929787440326e-07,5.583722685321223e-07,5.583515621564298e-07,5.583308596182256e-07,5.58310160916837e-07,5.582894660515277e-07,5.58268775021633e-07,5.582480878082293e-07,5.582274044467765e-07,5.582067249186244e-07,5.581860492169999e-07,5.581653774035071e-07,5.58144709420967e-07,5.581240451995891e-07,5.581033848737315e-07,5.58082728329901e-07,5.580620756142816e-07,5.580414267218037e-07,5.580207816460679e-07,5.58000140405618e-07,5.579795029915976e-07,5.579588694022523e-07,5.579382396369012e-07,5.579176136948835e-07,5.578969915597589e-07,5.578763732522184e-07,5.578557587757587e-07,5.578351481070373e-07,5.578145412562366e-07,5.577939382371049e-07,5.577733389801582e-07,5.577527435946961e-07,5.57732152025289e-07,5.577115643266617e-07,5.576909803972987e-07,5.576704002858643e-07,5.576498239798675e-07,5.576292514909438e-07,5.576086828095866e-07,5.575881179469062e-07,5.575675568872408e-07,5.575469996431903e-07,5.575264462083494e-07,5.575058965995953e-07,5.574853507822584e-07,5.574648087688844e-07,5.574442705820686e-07,5.5742373617295e-07,5.574032055998942e-07,5.573826788138634e-07,5.573621558035443e-07,5.57341636624285e-07,5.573211212389095e-07,5.573006096494168e-07,5.572801018763504e-07,5.572595978660967e-07,5.572390976933923e-07,5.572186013195014e-07,5.571981087640713e-07,5.571776199869884e-07,5.5715713500801e-07,5.571366538541044e-07,5.571161764779848e-07,5.570957028666724e-07,5.570752330602782e-07,5.570547670663514e-07,5.570343048577473e-07,5.570138464381943e-07,5.569933917746228e-07,5.569729409255812e-07,5.56952493875841e-07,5.56932050614324e-07,5.569116111474168e-07,5.568911754429511e-07,5.56870743549772e-07,5.568503154633953e-07,5.568298911517709e-07,5.56809470616411e-07,5.567890538681529e-07,5.567686409012011e-07,5.567482317115914e-07,5.567278263129981e-07,5.567074246913277e-07,5.566870268317028e-07,5.566666327848819e-07,5.566462425047053e-07,5.566258560345979e-07,5.566054733079187e-07,5.565850943493825e-07,5.565647191740422e-07,5.565443477764932e-07,5.565239801653622e-07,5.565036163213939e-07,5.564832562521263e-07,5.564628999607303e-07,5.564425474389911e-07,5.564221986778614e-07,5.564018536960591e-07,5.563815124832663e-07,5.563611750432853e-07,5.56340841347624e-07,5.563205114404682e-07,5.5630018530218e-07,5.562798629371598e-07,5.562595443766874e-07,5.562392295391244e-07,5.562189184527349e-07,5.561986111471207e-07,5.561783075779753e-07,5.561580078029763e-07,5.561377117967197e-07,5.561174195293582e-07,5.56097131030576e-07,5.560768462805404e-07,5.560565652901161e-07,5.560362880658677e-07,5.56016014601219e-07,5.559957448947363e-07,5.559754789386854e-07,5.559552167250151e-07,5.559349582849173e-07,5.559147036430381e-07,5.558944527023863e-07,5.558742055128911e-07,5.558539620937187e-07,5.558337224101529e-07,5.558134864776693e-07,5.557932543010858e-07,5.55773025872469e-07,5.557528011921916e-07,5.557325802607162e-07,5.55712363069112e-07,5.556921496285845e-07,5.556719399331237e-07,5.556517339830957e-07,5.55631531784331e-07,5.556113333597768e-07,5.555911386489773e-07,5.555709476857146e-07,5.555507604652576e-07,5.555305769320163e-07,5.55510397188004e-07,5.554902211845634e-07,5.554700489157653e-07,5.554498803883555e-07,5.554297156005222e-07,5.554095545486773e-07,5.553893972375977e-07,5.553692437020185e-07,5.55349093859706e-07,5.553289477496318e-07,5.553088053736652e-07,5.552886667277659e-07,5.552685318125799e-07,5.552484006334363e-07,5.552282731601987e-07,5.552081494389355e-07,5.551880294226332e-07,5.551679131198956e-07,5.551478005842294e-07,5.551276917714856e-07,5.551075866896769e-07,5.550874853353928e-07,5.55067387705148e-07,5.550472938006395e-07,5.550272036156417e-07,5.550071171630512e-07,5.549870344259725e-07,5.549669554106577e-07,5.549468801122885e-07,5.549268085394143e-07,5.549067406914309e-07,5.548866765565824e-07,5.548666161171239e-07,5.548465594161844e-07,5.548265064332348e-07,5.548064571632305e-07,5.547864115731814e-07,5.547663697420919e-07,5.547463316052199e-07,5.547262971925424e-07,5.547062664774425e-07,5.546862394842462e-07,5.546662162118793e-07,5.546461966516522e-07,5.546261807970673e-07,5.546061686497612e-07,5.54586160214757e-07,5.545661554860023e-07,5.545461544862802e-07,5.545261571764314e-07,5.545061635702961e-07,5.544861736664937e-07,5.544661874669879e-07,5.544462049749983e-07,5.544262261914857e-07,5.544062511071995e-07,5.543862797178399e-07,5.54366312034764e-07,5.543463480537904e-07,5.543263877766083e-07,5.54306431190433e-07,5.542864783006872e-07,5.542665291069557e-07,5.542465836346833e-07,5.542266418451013e-07,5.54206703773936e-07,5.541867694001582e-07,5.54166838694349e-07,5.541469116748715e-07,5.541269883508039e-07,5.541070687181284e-07,5.540871527308562e-07,5.540672404804788e-07,5.540473319149826e-07,5.540274270430493e-07,5.540075258687953e-07,5.539876283805725e-07,5.539677345747996e-07,5.539478444546399e-07,5.539279580205454e-07,5.539080752979985e-07,5.538881962334411e-07,5.538683208563254e-07,5.538484491581563e-07,5.538285811439625e-07,5.538087168127627e-07,5.537888561636149e-07,5.537689991924744e-07,5.537491459028812e-07,5.537292962907876e-07,5.537094503529058e-07,5.536896081332781e-07,5.536697695605387e-07,5.536499346599301e-07,5.536301034365526e-07,5.536102758947388e-07,5.535904520191127e-07,5.535706318176423e-07,5.53550815273389e-07,5.535310024154457e-07,5.535111932306452e-07,5.534913877082958e-07,5.534715858647443e-07,5.534517876893955e-07,5.534319931824059e-07,5.534122023479085e-07,5.533924151773874e-07,5.533726316757742e-07,5.533528518398293e-07,5.533330756776953e-07,5.533133031707997e-07,5.532935343301291e-07,5.532737691483038e-07,5.532540076332848e-07,5.532342497803739e-07,5.532144955876236e-07,5.531947450568755e-07,5.531749981828452e-07,5.531552549703185e-07,5.531355154179589e-07,5.531157795360792e-07,5.530960472948729e-07,5.530763187147744e-07,5.530565937935983e-07,5.530368725222227e-07,5.530171549049513e-07,5.529974409435782e-07,5.529777306330219e-07,5.529580239664515e-07,5.529383209659918e-07,5.529186216106353e-07,5.528989259091497e-07,5.528792337871603e-07,5.528595453714044e-07,5.528398606177428e-07,5.528201795165718e-07,5.528005020485615e-07,5.527808282084389e-07,5.52761158043283e-07,5.527414915238456e-07,5.527218286476124e-07,5.52702169411773e-07,5.526825138287176e-07,5.526628618561021e-07,5.526432135483869e-07,5.526235688827654e-07,5.526039278605493e-07,5.525842904783523e-07,5.525646567202219e-07,5.525450266158056e-07,5.525254001630279e-07,5.525057773208923e-07,5.524861581246281e-07,5.52466542585933e-07,5.524469306629325e-07,5.524273223718873e-07,5.524077177354218e-07,5.523881167450596e-07,5.523685193460716e-07,5.523489256309547e-07,5.52329335505615e-07,5.523097489803317e-07,5.522901661143768e-07,5.522705868731778e-07,5.522510112620365e-07,5.5223143929515e-07,5.522118709318198e-07,5.521923062013586e-07,5.521727450939887e-07,5.521531876126473e-07,5.521336337625644e-07,5.521140835205501e-07,5.520945369143452e-07,5.520749939246377e-07,5.520554545486669e-07,5.520359187985004e-07,5.5201638667965e-07,5.519968581672392e-07,5.519773332843931e-07,5.519578120218093e-07,5.519382943671408e-07,5.519187803371016e-07,5.518992699366538e-07,5.518797630681335e-07,5.51860259892434e-07,5.518407603219219e-07,5.51821264367449e-07,5.51801772025304e-07,5.517822832951197e-07,5.51762798183755e-07,5.517433166780934e-07,5.51723838784728e-07,5.517043644972063e-07,5.51684893815389e-07,5.516654267440913e-07,5.516459632666408e-07,5.516265034102601e-07,5.51607047159558e-07,5.515875945203657e-07,5.515681454727688e-07,5.515487000380432e-07,5.515292582058244e-07,5.515098199734384e-07,5.514903853454956e-07,5.514709543199409e-07,5.514515268952529e-07,5.514321030712571e-07,5.514126828297074e-07,5.513932662130166e-07,5.513738531802759e-07,5.513544437504917e-07,5.513350379137063e-07,5.513156356685673e-07,5.512962370239913e-07,5.512768419628431e-07,5.512574505104198e-07,5.512380626479526e-07,5.512186783847614e-07,5.511992976638169e-07,5.511799205785394e-07,5.511605470889947e-07,5.511411771855262e-07,5.511218108606405e-07,5.511024481340134e-07,5.510830889964058e-07,5.510637334564429e-07,5.510443814797496e-07,5.510250331064826e-07,5.510056883147853e-07,5.509863471114289e-07,5.509670094829556e-07,5.509476754419642e-07,5.509283449884149e-07,5.509090181181256e-07,5.508896948044213e-07,5.50870375092808e-07,5.508510589600328e-07,5.50831746407525e-07,5.508124374418898e-07,5.507931320764182e-07,5.507738302626893e-07,5.507545320218945e-07,5.507352373579526e-07,5.507159462694328e-07,5.506966587668998e-07,5.506773748299917e-07,5.506580944886166e-07,5.506388176993842e-07,5.506195444887797e-07,5.506002748430913e-07,5.505810087668616e-07,5.505617462377202e-07,5.505424872845692e-07,5.505232319182033e-07,5.505039801164669e-07,5.504847319148272e-07,5.504654872511617e-07,5.504462461512227e-07,5.504270086360149e-07,5.504077746702424e-07,5.503885442679233e-07,5.503693174263892e-07,5.50350094150542e-07,5.503308744042572e-07,5.503116582631295e-07,5.502924456686064e-07,5.50273236639236e-07,5.502540311709104e-07,5.502348292607198e-07,5.502156309144363e-07,5.501964361202795e-07,5.501772448817344e-07,5.501580572005636e-07,5.501388730639408e-07,5.501196924939113e-07,5.50100515457169e-07,5.500813419761196e-07,5.500621720664785e-07,5.500430057061749e-07,5.50023842896342e-07,5.500046836525976e-07,5.499855279433289e-07,5.49966375825135e-07,5.499472272196743e-07,5.499280821647292e-07,5.499089406566741e-07,5.498898026973777e-07,5.498706683044203e-07,5.498515374426245e-07,5.498324101189573e-07,5.498132863377728e-07,5.497941660917362e-07,5.497750493827131e-07,5.497559362356493e-07,5.49736826628578e-07,5.497177205493139e-07,5.496986180223929e-07,5.496795190354186e-07,5.496604235978564e-07,5.496413316950956e-07,5.496222433366988e-07,5.496031585153348e-07,5.495840772204897e-07,5.49564999462877e-07,5.49545925241989e-07,5.495268545650523e-07,5.4950778741835e-07,5.494887237755612e-07,5.494696636866853e-07,5.49450607130538e-07,5.494315540884629e-07,5.494125046033945e-07,5.493934586484781e-07,5.493744162230496e-07,5.493553773201037e-07,5.493363419436158e-07,5.493173100541024e-07,5.49298281740436e-07,5.492792569530913e-07,5.492602356904322e-07,5.492412179662915e-07,5.49222203744065e-07,5.492031930451777e-07,5.491841858539328e-07,5.491651822032413e-07,5.491461820719901e-07,5.491271855197939e-07,5.49108192440075e-07,5.490892028701638e-07,5.49070216826366e-07,5.49051234303981e-07,5.490322552967188e-07,5.49013279807557e-07,5.489943078214417e-07,5.489753392976032e-07,5.489563743746719e-07,5.489374129778629e-07,5.489184550551811e-07,5.488995006297116e-07,5.488805497403677e-07,5.488616023828334e-07,5.488426584949757e-07,5.488237181329642e-07,5.488047812801979e-07,5.48785847970001e-07,5.487669181308368e-07,5.487479918066429e-07,5.487290689874195e-07,5.487101496643801e-07,5.486912338456342e-07,5.486723215451613e-07,5.486534127737978e-07,5.486345074821149e-07,5.486156057286294e-07,5.485967074417531e-07,5.485778126681892e-07,5.485589214173105e-07,5.485400336366198e-07,5.48521149336962e-07,5.485022685553746e-07,5.484833912698572e-07,5.484645174861962e-07,5.4844564717951e-07,5.484267803873232e-07,5.484079170987463e-07,5.483890573173349e-07,5.483702010078109e-07,5.483513481982373e-07,5.483324988830683e-07,5.483136530579896e-07,5.482948107279728e-07,5.482759718930075e-07,5.482571365670955e-07,5.482383047238555e-07,5.482194763558577e-07,5.482006514848344e-07,5.481818300985631e-07,5.481630121844384e-07,5.481441977988977e-07,5.481253868666305e-07,5.481065794237936e-07,5.480877754679708e-07,5.480689749609814e-07,5.480501779765389e-07,5.480313844726879e-07,5.480125944547302e-07,5.479938079094318e-07,5.479750248358585e-07,5.479562452630328e-07,5.47937469166122e-07,5.479186965745788e-07,5.478999274372071e-07,5.478811617725717e-07,5.478623995899346e-07,5.478436408460487e-07,5.478248856083142e-07,5.478061338609494e-07,5.477873855705901e-07,5.477686407692588e-07,5.477498994836986e-07,5.477311616257638e-07,5.477124272507131e-07,5.476936963374758e-07,5.47674968860944e-07,5.476562448725059e-07,5.476375243777596e-07,5.476188073410485e-07,5.476000937764847e-07,5.475813836832097e-07,5.475626770489691e-07,5.475439738860204e-07,5.475252741886935e-07,5.475065779573011e-07,5.474878852365571e-07,5.474691959366271e-07,5.474505101054102e-07,5.474318277769811e-07,5.474131488822362e-07,5.473944734315348e-07,5.473758014392282e-07,5.473571329084215e-07,5.473384678249666e-07,5.473198062115159e-07,5.47301148066707e-07,5.472824933692319e-07,5.472638421482809e-07,5.472451943673299e-07,5.47226550047992e-07,5.472079091755058e-07,5.471892717507992e-07,5.471706377386315e-07,5.471520072453371e-07,5.471333801842479e-07,5.471147565655171e-07,5.470961364041067e-07,5.470775196933083e-07,5.470589064226795e-07,5.47040296608889e-07,5.470216902585894e-07,5.470030873547639e-07,5.469844878885386e-07,5.469658918045324e-07,5.469472991910056e-07,5.469287100893647e-07,5.469101244155061e-07,5.468915421791993e-07,5.468729633881673e-07,5.46854388039499e-07,5.46835816104581e-07,5.468172476423079e-07,5.467986826188365e-07,5.467801210395562e-07,5.467615628965539e-07,5.467430082212769e-07,5.467244569547429e-07,5.467059091311429e-07,5.466873647404441e-07,5.466688237857865e-07,5.466502863015603e-07,5.4663175221786e-07,5.46613221569227e-07,5.465946943550078e-07,5.465761705709549e-07,5.465576502682893e-07,5.465391333521086e-07,5.465206198723911e-07,5.465021098181462e-07,5.464836031884375e-07,5.464650999945114e-07,5.464466002269179e-07,5.464281038784242e-07,5.464096109705332e-07,5.463911214461083e-07,5.463726353905401e-07,5.463541527593908e-07,5.463356735514619e-07,5.463171978014349e-07,5.462987254725722e-07,5.462802565529225e-07,5.462617910428251e-07,5.462433289375868e-07,5.462248703162247e-07,5.462064150680069e-07,5.461879632620352e-07,5.46169514855004e-07,5.46151069849474e-07,5.461326282805855e-07,5.461141901288027e-07,5.460957553978639e-07,5.46077324079185e-07,5.460588961548925e-07,5.460404716570107e-07,5.460220506188249e-07,5.460036329679958e-07,5.45985218720117e-07,5.459668078835323e-07,5.459484004593037e-07,5.459299964467903e-07,5.459115958456319e-07,5.458931986571521e-07,5.458748048860872e-07,5.458564145116926e-07,5.458380275538886e-07,5.45819643996741e-07,5.458012638573508e-07,5.457828871183053e-07,5.457645137790295e-07,5.45746143828619e-07,5.457277772984345e-07,5.45709414172576e-07,5.456910544401072e-07,5.456726981206785e-07,5.456543452007719e-07,5.45635995678607e-07,5.456176495591655e-07,5.455993068375968e-07,5.455809675249252e-07,5.455626315975202e-07,5.455442991306671e-07,5.455259700062718e-07,5.455076442877154e-07,5.454893219559696e-07,5.454710030144521e-07,5.454526874787451e-07,5.454343753299801e-07,5.454160665726521e-07,5.453977612115358e-07,5.453794591795604e-07,5.453611606065206e-07,5.453428654289126e-07,5.453245736300813e-07,5.453062852252779e-07,5.45288000208068e-07,5.45269718511324e-07,5.452514402714968e-07,5.452331654256891e-07,5.452148939799682e-07,5.451966258834777e-07,5.451783611872323e-07,5.451600998757361e-07,5.451418419469521e-07,5.451235874147696e-07,5.451053362524064e-07,5.450870884720709e-07,5.450688440734778e-07,5.450506030567555e-07,5.450323654444345e-07,5.450141311894092e-07,5.449959003113898e-07,5.449776728116941e-07,5.449594486898573e-07,5.449412279339294e-07,5.449230105662773e-07,5.449047965743407e-07,5.448865859579569e-07,5.448683787162074e-07,5.448501748637686e-07,5.448319743697067e-07,5.4481377724851e-07,5.447955835010697e-07,5.447773931357596e-07,5.447592061295797e-07,5.447410224938225e-07,5.447228422279427e-07,5.447046653310286e-07,5.446864918027382e-07,5.446683216424678e-07,5.44650154849446e-07,5.446319914229657e-07,5.446138313625221e-07,5.445956746673607e-07,5.445775213370981e-07,5.445593713709797e-07,5.445412247685204e-07,5.445230815288359e-07,5.445049416514245e-07,5.444868051357281e-07,5.444686719809821e-07,5.444505421867101e-07,5.444324157675784e-07,5.444142927074069e-07,5.44396172992642e-07,5.44378056648763e-07,5.443599436471368e-07,5.443418340164825e-07,5.443237277463661e-07,5.443056248164329e-07,5.442875252543209e-07,5.442694290482202e-07,5.442513361951955e-07,5.442332467008371e-07,5.442151605361724e-07,5.441970777433723e-07,5.44178998306746e-07,5.441609222008686e-07,5.44142849456477e-07,5.441247800765162e-07,5.441067140304432e-07,5.440886513495535e-07,5.440705919810616e-07,5.440525359640569e-07,5.440344832898318e-07,5.440164339785233e-07,5.439983879966784e-07,5.439803453764108e-07,5.43962306007521e-07,5.439442700731221e-07,5.439262374626937e-07,5.439082082060461e-07,5.438901822806585e-07,5.43872159693523e-07,5.438541404496368e-07,5.438361245395194e-07,5.438181119718737e-07,5.43800102789048e-07,5.437820968923848e-07,5.43764094333649e-07,5.437460951103406e-07,5.43728099228803e-07,5.43710106675107e-07,5.43692117455237e-07,5.436741315693107e-07,5.436561490143043e-07,5.436381698090863e-07,5.43620193839112e-07,5.436022212393746e-07,5.435842519645119e-07,5.435662860207596e-07,5.435483234580344e-07,5.435303642292062e-07,5.435124083242293e-07,5.434944557464944e-07,5.434765064921656e-07,5.434585605393774e-07,5.434406179403667e-07,5.434226786661622e-07,5.434047426949275e-07,5.433868100856136e-07,5.43368880741412e-07,5.433509547622897e-07,5.433330321013302e-07,5.433151127651094e-07,5.432971967503475e-07,5.432792840483044e-07,5.432613746658791e-07,5.432434685987779e-07,5.432255658757697e-07,5.432076664536302e-07,5.43189770366212e-07,5.431718775795925e-07,5.431539881092711e-07,5.431361019525068e-07,5.43118219117586e-07,5.431003395906324e-07,5.430824633777238e-07,5.430645904787319e-07,5.430467208883577e-07,5.430288546121576e-07,5.430109916526998e-07,5.429931320030523e-07,5.429752756571115e-07,5.42957422622201e-07,5.429395728960173e-07,5.429217264713362e-07,5.429038833682482e-07,5.428860435629468e-07,5.428682070634704e-07,5.428503738706867e-07,5.428325439759886e-07,5.428147173867728e-07,5.427968941097429e-07,5.427790741318243e-07,5.427612574545207e-07,5.427434440809022e-07,5.42725634008655e-07,5.427078272383166e-07,5.426900237606875e-07,5.426722235883072e-07,5.426544267196081e-07,5.426366331452419e-07,5.426188428672647e-07,5.426010558864763e-07,5.425832722138146e-07,5.425654917985845e-07,5.425477147042495e-07,5.4252994090306e-07,5.425121703727201e-07,5.424944031692901e-07,5.424766392512275e-07,5.424588786249078e-07,5.42441121289946e-07,5.424233672384247e-07,5.424056164832671e-07,5.423878690186828e-07,5.423701248433737e-07,5.423523839552554e-07,5.423346463560844e-07,5.423169120416355e-07,5.42299181030227e-07,5.422814532782596e-07,5.422637288232036e-07,5.422460076929112e-07,5.42228289807725e-07,5.422105752051321e-07,5.421928638854454e-07,5.421751558478975e-07,5.421574510805816e-07,5.421397496061242e-07,5.421220513620593e-07,5.421043564486726e-07,5.420866648133754e-07,5.420689764532793e-07,5.420512913999263e-07,5.42033609599198e-07,5.420159310871246e-07,5.419982558349436e-07,5.419805838637524e-07,5.419629151663697e-07,5.419452497441149e-07,5.419275875963216e-07,5.419099287223087e-07,5.418922731202683e-07,5.418746207941232e-07,5.418569717406712e-07,5.418393259513266e-07,5.418216834315772e-07,5.41804044183289e-07,5.417864082042677e-07,5.417687754923661e-07,5.417511460491834e-07,5.417335198727326e-07,5.417158969640711e-07,5.416982773199515e-07,5.416806609408215e-07,5.416630478296316e-07,5.416454379847852e-07,5.416278313991288e-07,5.416102280773193e-07,5.41592628014742e-07,5.415750312146257e-07,5.415574376766216e-07,5.415398473889948e-07,5.415222604085603e-07,5.415046766524873e-07,5.414870961540719e-07,5.414695189111044e-07,5.414519449266436e-07,5.414343741998301e-07,5.414168067290648e-07,5.413992425029809e-07,5.413816815283337e-07,5.413641238212037e-07,5.413465693704927e-07,5.413290182391906e-07,5.413114702902153e-07,5.412939255976788e-07,5.412763841551257e-07,5.412588459652915e-07,5.412413110229591e-07,5.412237793317992e-07,5.412062508998277e-07,5.41188725700047e-07,5.411712037444953e-07,5.411536849662384e-07,5.411361695152365e-07,5.411186573112592e-07,5.411011483984019e-07,5.410836426830482e-07,5.410661402118753e-07,5.410486409812786e-07,5.410311450261749e-07,5.410136522851328e-07,5.409961627915143e-07,5.409786765328256e-07,5.409611935120951e-07,5.409437137353149e-07,5.409262372455728e-07,5.409087639375625e-07,5.408912938774163e-07,5.40873827048693e-07,5.408563634661915e-07,5.408389031198055e-07,5.4082144600826e-07,5.408039921305443e-07,5.407865414880736e-07,5.407690940722629e-07,5.407516498824515e-07,5.407342089475407e-07,5.407167712426018e-07,5.406993367575769e-07,5.406819055085305e-07,5.406644774823628e-07,5.406470526945048e-07,5.406296311386875e-07,5.406122128079945e-07,5.405947976923834e-07,5.40577385799855e-07,5.40559977158996e-07,5.405425717352556e-07,5.40525169541131e-07,5.405077705723142e-07,5.404903748278997e-07,5.404729823025512e-07,5.404555930034649e-07,5.404382069223901e-07,5.404208240700389e-07,5.404034444422515e-07,5.40386068036578e-07,5.403686948453663e-07,5.403513248757782e-07,5.403339581235518e-07,5.40316594591654e-07,5.402992342762627e-07,5.402818771778539e-07,5.402645232956923e-07,5.40247172628249e-07,5.402298251916573e-07,5.402124809259539e-07,5.401951399115322e-07,5.401778021055153e-07,5.40160467511337e-07,5.401431361339082e-07,5.401258079666873e-07,5.40108483008584e-07,5.400911612638279e-07,5.400738427293419e-07,5.400565274044123e-07,5.400392152643833e-07,5.400219063520865e-07,5.400046006592089e-07,5.399872981648204e-07,5.399699988778649e-07,5.399527027987119e-07,5.399354099228234e-07,5.399181202514679e-07,5.399008337843785e-07,5.39883550517676e-07,5.398662704634494e-07,5.398489936060909e-07,5.398317199433238e-07,5.398144495114953e-07,5.397971822661761e-07,5.397799182136836e-07,5.397626573619058e-07,5.397453997219057e-07,5.397281452656175e-07,5.397108940030047e-07,5.39693645947642e-07,5.396764011074485e-07,5.396591594379288e-07,5.396419209616433e-07,5.396246856908946e-07,5.396074536137659e-07,5.395902247241155e-07,5.395729990233717e-07,5.395557765177156e-07,5.395385572045216e-07,5.395213410825968e-07,5.395041281623989e-07,5.394869184218594e-07,5.394697118695905e-07,5.394525085046132e-07,5.394353083300198e-07,5.394181113417054e-07,5.394009175394027e-07,5.393837269291415e-07,5.393665395035365e-07,5.393493552651828e-07,5.393321742058776e-07,5.393149963328911e-07,5.392978216437699e-07,5.392806501386297e-07,5.392634818428126e-07,5.392463166920349e-07,5.392291547289919e-07,5.392119959492683e-07,5.391948403496598e-07,5.391776879289236e-07,5.391605386381093e-07,5.391433925762146e-07,5.391262497172986e-07,5.391091100151724e-07,5.390919734812532e-07,5.390748401257764e-07,5.39057709945667e-07,5.390405829409224e-07,5.390234591131358e-07,5.390063384555136e-07,5.389892209687936e-07,5.389721066620704e-07,5.389549955213777e-07,5.389378875544853e-07,5.389207827585189e-07,5.389036811438707e-07,5.388865826868109e-07,5.38869487396083e-07,5.388523952727898e-07,5.388353063172814e-07,5.388182205310972e-07,5.38801137915344e-07,5.387840584603824e-07,5.387669821915455e-07,5.38749909081366e-07,5.387328391200884e-07,5.387157723246942e-07,5.386987086903044e-07,5.386816481882957e-07,5.38664590861378e-07,5.386475367158847e-07,5.386304857280294e-07,5.386134378452645e-07,5.385963931770488e-07,5.385793516707662e-07,5.385623133220782e-07,5.385452780041346e-07,5.385282459851401e-07,5.38511217105734e-07,5.384941913816069e-07,5.384771688132926e-07,5.384601494002554e-07,5.384431331435915e-07,5.384261200463239e-07,5.384091100965319e-07,5.383921032976756e-07,5.383750996502957e-07,5.383580991571594e-07,5.38341101812456e-07,5.383241076099976e-07,5.383071165796879e-07,5.382901286199845e-07,5.382731438715217e-07,5.38256162276741e-07,5.382391838259643e-07,5.382222085261983e-07,5.38205236322826e-07,5.381882673103209e-07,5.381713014445359e-07,5.381543387234585e-07,5.381373791443734e-07,5.381204227087879e-07,5.381034694158604e-07,5.380865192647216e-07,5.380695722549537e-07,5.380526283938358e-07,5.38035687692367e-07,5.380187501058076e-07,5.380018156380035e-07,5.379848843272966e-07,5.379679561578279e-07,5.379510311226714e-07,5.379341092062483e-07,5.379171904501335e-07,5.379002748237899e-07,5.378833623308321e-07,5.37866453016798e-07,5.378495467961287e-07,5.378326437703631e-07,5.378157438126164e-07,5.377988469952266e-07,5.37781953296259e-07,5.377650627347026e-07,5.377481753052724e-07,5.377312910188769e-07,5.377144098520691e-07,5.376975318083779e-07,5.376806568946947e-07,5.376637851068826e-07,5.376469164464763e-07,5.376300509122987e-07,5.376131885014241e-07,5.375963292182017e-07,5.375794730615602e-07,5.375626200399965e-07,5.375457701212018e-07,5.375289233365304e-07,5.37512079672282e-07,5.374952391315766e-07,5.374784017024416e-07,5.37461567396645e-07,5.37444736222801e-07,5.374279081602795e-07,5.3741108320467e-07,5.373942613921593e-07,5.373774426887381e-07,5.373606271014435e-07,5.373438146335575e-07,5.373270052763138e-07,5.373101990339298e-07,5.372933958709775e-07,5.372765958542322e-07,5.372597989636003e-07,5.37243005171642e-07,5.372262144997e-07,5.372094269232558e-07,5.371926424658923e-07,5.371758611242425e-07,5.371590828952588e-07,5.371423077617251e-07,5.371255357480822e-07,5.371087668523467e-07,5.370920010588777e-07,5.370752383721605e-07,5.370584787909649e-07,5.370417223084749e-07,5.370249689473802e-07,5.370082186999226e-07,5.369914715422548e-07,5.369747274884815e-07,5.369579865111233e-07,5.369412486653884e-07,5.369245139202877e-07,5.369077822862991e-07,5.368910537350124e-07,5.368743282916005e-07,5.368576059496886e-07,5.368408867151622e-07,5.368241705731399e-07,5.368074575296405e-07,5.36790747581595e-07,5.367740407326373e-07,5.367573369786106e-07,5.367406363183423e-07,5.367239387551716e-07,5.367072442855882e-07,5.366905529292794e-07,5.366738646587653e-07,5.366571794716363e-07,5.366404973705838e-07,5.366238183684621e-07,5.366071424587583e-07,5.365904696353096e-07,5.365737999048222e-07,5.365571332269733e-07,5.36540469675276e-07,5.365238092118912e-07,5.365071518383033e-07,5.364904975503677e-07,5.364738463492334e-07,5.36457198232439e-07,5.364405532058251e-07,5.364239112632882e-07,5.364072724031038e-07,5.363906366144927e-07,5.363740039326113e-07,5.363573743216509e-07,5.363407477964042e-07,5.363241243075892e-07,5.363075039414547e-07,5.362908866589684e-07,5.362742724532432e-07,5.362576613283237e-07,5.362410532807792e-07,5.362244483129678e-07,5.362078464244889e-07,5.361912476130877e-07,5.361746518782281e-07,5.361580592119951e-07,5.361414696267533e-07,5.361248831162547e-07,5.361082996802406e-07,5.360917193194762e-07,5.36075142028535e-07,5.360585678117042e-07,5.360419966354469e-07,5.360254285637338e-07,5.360088635595631e-07,5.359923016289658e-07,5.359757428103378e-07,5.359591870152177e-07,5.359426342920126e-07,5.359260846368296e-07,5.359095380540336e-07,5.358929945331515e-07,5.358764540751702e-07,5.35859916686333e-07,5.358433823591823e-07,5.358268511001107e-07,5.358103229033329e-07,5.357937977701801e-07,5.357772757098514e-07,5.357607567035281e-07,5.357442407589708e-07,5.357277278756208e-07,5.357112180529089e-07,5.356947112902705e-07,5.356782075871379e-07,5.356617069412551e-07,5.356452093537484e-07,5.35628714825724e-07,5.356122233549578e-07,5.355957349420137e-07,5.355792495840331e-07,5.355627672816083e-07,5.355462880341654e-07,5.355298118406987e-07,5.3551333869786e-07,5.354968686146132e-07,5.354804015814766e-07,5.354639376004973e-07,5.354474766711172e-07,5.354310187927693e-07,5.354145639648933e-07,5.353981121869145e-07,5.353816634582777e-07,5.353652177784289e-07,5.353487751467819e-07,5.353323355611392e-07,5.353158990204167e-07,5.352994655300359e-07,5.352830350856246e-07,5.35266607686602e-07,5.352501833307812e-07,5.352337620192297e-07,5.352173437518638e-07,5.352009285271806e-07,5.351845163425287e-07,5.351681072040873e-07,5.351517010897786e-07,5.351352980325343e-07,5.351188980242111e-07,5.351025010470781e-07,5.350861071097865e-07,5.350697162116767e-07,5.350533283504975e-07,5.350369435268467e-07,5.350205618501785e-07,5.350041830998785e-07,5.349878073910822e-07,5.349714347096277e-07,5.349550650636365e-07,5.349386984559255e-07,5.349223348744811e-07,5.349059743226832e-07,5.348896168114053e-07,5.348732623410517e-07,5.348569108914907e-07,5.348405624730588e-07,5.3482421709087e-07,5.348078747336833e-07,5.347915354256178e-07,5.34775199128673e-07,5.34758865856684e-07,5.34742535612602e-07,5.347262083982378e-07,5.347098842073504e-07,5.34693563071397e-07,5.3467724492387e-07,5.346609298044788e-07,5.346446177132694e-07,5.346283086480772e-07,5.346120026048088e-07,5.345956995811459e-07,5.345793995828521e-07,5.345631026145441e-07,5.345468086546605e-07,5.345305177150225e-07,5.345142297958582e-07,5.344979448947889e-07,5.344816630192998e-07,5.344653841590493e-07,5.344491083178537e-07,5.344328354880261e-07,5.34416565677225e-07,5.344002988679079e-07,5.343840350815728e-07,5.343677743162266e-07,5.34351516565602e-07,5.343352618266806e-07,5.343190100991856e-07,5.343027614084314e-07,5.342865156982877e-07,5.342702730034282e-07,5.342540333216293e-07,5.342377966517326e-07,5.342215629870321e-07,5.342053323589789e-07,5.341891047094742e-07,5.341728800727431e-07,5.341566584454826e-07,5.34140439934798e-07,5.341242243216554e-07,5.341080116989631e-07,5.340918021026568e-07,5.34075595503741e-07,5.340593918880608e-07,5.340431912978417e-07,5.340269937188044e-07,5.340107991337429e-07,5.339946075726653e-07,5.33978418990655e-07,5.339622333858127e-07,5.339460507518999e-07,5.339298711679138e-07,5.339136945854221e-07,5.338975209897352e-07,5.33881350403622e-07,5.338651828127663e-07,5.338490182183986e-07,5.338328566192072e-07,5.338166980152901e-07,5.338005424198784e-07,5.337843898069627e-07,5.337682401872379e-07,5.337520935584601e-07,5.337359499365861e-07,5.337198092968801e-07,5.337036716458888e-07,5.336875369898361e-07,5.336714053318577e-07,5.336552766527179e-07,5.336391509665873e-07,5.33623028279728e-07,5.336069085931309e-07,5.335907918751333e-07,5.33574678145996e-07,5.335585673962675e-07,5.335424596481574e-07,5.335263548764674e-07,5.335102530874357e-07,5.334941542813463e-07,5.33478058461073e-07,5.334619656072693e-07,5.334458757424967e-07,5.33429788871228e-07,5.33413704984439e-07,5.33397624077375e-07,5.333815461478069e-07,5.333654712008267e-07,5.333493992335415e-07,5.333333302445651e-07,5.333172642341711e-07,5.33301201202494e-07,5.332851412057756e-07,5.332690840560295e-07,5.332530299552896e-07,5.332369788265119e-07,5.332209306463799e-07,5.332048854876847e-07,5.331888432871281e-07,5.331728040614708e-07,5.33156767821648e-07,5.331407345382822e-07,5.33124704228998e-07,5.331086768911167e-07,5.330926525241324e-07,5.330766311274951e-07,5.330606127004443e-07,5.33044597242382e-07,5.330285847569262e-07,5.330125752387473e-07,5.32996568690662e-07,5.329805651045873e-07,5.329645644848279e-07,5.329485668312209e-07,5.329325721388387e-07,5.329165804155077e-07,5.329005916564925e-07,5.328846058262235e-07,5.32868622999026e-07,5.328526431296729e-07,5.32836666229677e-07,5.328206922812583e-07,5.328047212995372e-07,5.32788753281692e-07,5.327727882232805e-07,5.327568261260704e-07,5.327408669812392e-07,5.327249108012802e-07,5.327089575694003e-07,5.326930072966816e-07,5.326770599772672e-07,5.326611156153248e-07,5.326451742223221e-07,5.326292357874253e-07,5.326133002946369e-07,5.325973677489264e-07,5.325814381929854e-07,5.325655115582198e-07,5.325495878801145e-07,5.325336671528358e-07,5.325177493550948e-07,5.325018345264675e-07,5.324859226476951e-07,5.324700137137046e-07,5.324541077396831e-07,5.324382047149104e-07,5.324223046242373e-07,5.324064074898266e-07,5.323905133010957e-07,5.323746220557012e-07,5.323587337713882e-07,5.323428484190653e-07,5.323269659927657e-07,5.323110865292244e-07,5.322952100143442e-07,5.322793364270084e-07,5.322634657925576e-07,5.322475980982576e-07,5.322317333471478e-07,5.322158715350192e-07,5.322000126706658e-07,5.321841567404907e-07,5.32168303749495e-07,5.321524536852452e-07,5.321366065646581e-07,5.321207624320936e-07,5.321049211926114e-07,5.320890828896403e-07,5.32073247522392e-07,5.320574151419584e-07,5.320415856875986e-07,5.320257591266515e-07,5.320099354917565e-07,5.319941147948089e-07,5.319782970321695e-07,5.319624821983123e-07,5.319466702995248e-07,5.31930861341994e-07,5.319150552970256e-07,5.318992521918212e-07,5.318834520206043e-07,5.318676548125223e-07,5.318518604893609e-07,5.318360690645792e-07,5.318202806077304e-07,5.318044950776686e-07,5.317887124661374e-07,5.317729327560933e-07,5.317571559883022e-07,5.317413821862161e-07,5.317256112755469e-07,5.317098432862627e-07,5.31694078220145e-07,5.316783160763135e-07,5.316625568543773e-07,5.316468005537965e-07,5.316310471809035e-07,5.31615296732631e-07,5.31599549197486e-07,5.315838045771403e-07,5.315680628752025e-07,5.315523240914423e-07,5.31536588230679e-07,5.315208552978877e-07,5.31505125265496e-07,5.314893981458638e-07,5.314736739053357e-07,5.314579525798463e-07,5.314422341765262e-07,5.314265186908946e-07,5.31410806150042e-07,5.313950964863763e-07,5.313793897548439e-07,5.313636859517461e-07,5.313479850549823e-07,5.313322870631664e-07,5.313165919859835e-07,5.313008997879461e-07,5.312852105294896e-07,5.312695241839651e-07,5.312538407469727e-07,5.312381602072878e-07,5.312224825664339e-07,5.312068078367509e-07,5.311911360109695e-07,5.311754670846913e-07,5.311598010783028e-07,5.31144137976848e-07,5.31128477781021e-07,5.311128204862202e-07,5.310971660979793e-07,5.310815146096843e-07,5.31065866018279e-07,5.310502203333132e-07,5.310345775443816e-07,5.310189376435757e-07,5.310033006547324e-07,5.309876665666228e-07,5.309720353753034e-07,5.309564070837211e-07,5.309407816874332e-07,5.309251591898914e-07,5.309095395868054e-07,5.308939228877075e-07,5.308783090745966e-07,5.308626981082118e-07,5.308470900857146e-07,5.308314849647497e-07,5.308158826765949e-07,5.308002833305725e-07,5.307846868781699e-07,5.307690933153304e-07,5.307535026432513e-07,5.307379148671541e-07,5.30722329975109e-07,5.307067479720923e-07,5.306911688632299e-07,5.306755926370965e-07,5.306600192951565e-07,5.306444488940613e-07,5.306288813288107e-07,5.306133166490744e-07,5.305977548552041e-07,5.3058219594626e-07,5.305666399222938e-07,5.30551086787155e-07,5.305355365274643e-07,5.305199891787925e-07,5.305044446862698e-07,5.304889030810845e-07,5.304733643480609e-07,5.304578285002984e-07,5.304422955317221e-07,5.304267654468942e-07,5.304112382506575e-07,5.303957139632211e-07,5.303801925085253e-07,5.30364673930734e-07,5.30349158231185e-07,5.303336454103014e-07,5.30318135464608e-07,5.303026283912003e-07,5.302871242435356e-07,5.302716229192197e-07,5.302561244720657e-07,5.302406289108637e-07,5.302251362057808e-07,5.302096463744809e-07,5.301941593661814e-07,5.301786752852365e-07,5.301631940667271e-07,5.301477157310781e-07,5.301322402522052e-07,5.301167676209504e-07,5.301012979554196e-07,5.300858310825165e-07,5.300703670767524e-07,5.300549058583186e-07,5.300394475863305e-07,5.300239921813077e-07,5.300085395966587e-07,5.299930899124988e-07,5.299776431027175e-07,5.299621991535686e-07,5.299467580671014e-07,5.299313198435782e-07,5.299158844820557e-07,5.299004519656907e-07,5.298850223266481e-07,5.298695955481512e-07,5.298541716300152e-07,5.298387505914959e-07,5.298233323912814e-07,5.298079170502587e-07,5.29792504565347e-07,5.297770949399983e-07,5.297616881675127e-07,5.297462842538955e-07,5.297308831858764e-07,5.297154849856806e-07,5.297000896395323e-07,5.296846971506498e-07,5.296693075546054e-07,5.296539207540081e-07,5.296385368191727e-07,5.296231557365856e-07,5.296077775080179e-07,5.29592402135463e-07,5.295770296043162e-07,5.295616599242008e-07,5.295462931049247e-07,5.29530929120336e-07,5.295155679873695e-07,5.295002096998785e-07,5.294848543004286e-07,5.29469501709282e-07,5.294541519547123e-07,5.294388050546044e-07,5.294234609999463e-07,5.29408119790755e-07,5.29392781426272e-07,5.293774459047567e-07,5.293621132264441e-07,5.293467834242782e-07,5.293314564344629e-07,5.293161322821772e-07,5.293008109752197e-07,5.292854924978279e-07,5.292701768669775e-07,5.292548640755622e-07,5.292395541225148e-07,5.292242470124381e-07,5.292089427366185e-07,5.291936412954349e-07,5.291783426928585e-07,5.291630469317201e-07,5.291477540059706e-07,5.291324639066252e-07,5.291171766497531e-07,5.29101892223766e-07,5.29086610643352e-07,5.290713318844595e-07,5.290560559579028e-07,5.290407828635062e-07,5.290255126055056e-07,5.290102451717896e-07,5.289949805704749e-07,5.289797188126313e-07,5.289644598708754e-07,5.289492037580012e-07,5.289339504741184e-07,5.289187000190088e-07,5.289034523906964e-07,5.288882075885387e-07,5.288729656135923e-07,5.28857726466058e-07,5.288424901408369e-07,5.288272566408326e-07,5.28812025965085e-07,5.287967980775337e-07,5.287815730178822e-07,5.28766350811804e-07,5.287511314247104e-07,5.287359148676722e-07,5.287207011281698e-07,5.287054902071568e-07,5.28690282103836e-07,5.286750768254351e-07,5.286598743536028e-07,5.28644674710318e-07,5.286294778850676e-07,5.28614283841755e-07,5.285990926510088e-07,5.285839042737448e-07,5.285687187260457e-07,5.285535359831226e-07,5.285383561297683e-07,5.285231790118134e-07,5.285080047389121e-07,5.284928332544589e-07,5.28477664596783e-07,5.284624987353004e-07,5.284473356747583e-07,5.284321754439063e-07,5.284170180163151e-07,5.284018633976218e-07,5.283867115950484e-07,5.28371562611253e-07,5.283564164212679e-07,5.283412730297212e-07,5.283261324554166e-07,5.283109947000423e-07,5.282958597386685e-07,5.282807275800483e-07,5.282655982334943e-07,5.282504717010887e-07,5.282353479756649e-07,5.282202270441383e-07,5.282051089122249e-07,5.281899935822296e-07,5.281748810576391e-07,5.281597713330509e-07,5.281446644192105e-07,5.28129560296549e-07,5.281144589884939e-07,5.280993604664268e-07,5.280842647412187e-07,5.28069171817313e-07,5.280540816917125e-07,5.280389943647267e-07,5.280239098340646e-07,5.280088281027867e-07,5.279937491655321e-07,5.27978673071977e-07,5.279635997251968e-07,5.279485291757467e-07,5.279334614158011e-07,5.279183964704382e-07,5.279033342991569e-07,5.278882748839928e-07,5.278732183019378e-07,5.278581645113979e-07,5.278431135101798e-07,5.278280652972079e-07,5.278130198754415e-07,5.277979772313147e-07,5.277829373974924e-07,5.277679003416065e-07,5.277528660738473e-07,5.277378345934551e-07,5.277228058999837e-07,5.27707779995124e-07,5.276927568850864e-07,5.276777365494516e-07,5.276627189987207e-07,5.276477042344563e-07,5.276326922630962e-07,5.276176830943931e-07,5.276026766775968e-07,5.275876730324274e-07,5.275726721772097e-07,5.275576741024931e-07,5.275426788100435e-07,5.275276863002211e-07,5.275126965583898e-07,5.27497709613787e-07,5.274827254401862e-07,5.274677440468503e-07,5.274527654307458e-07,5.274377895922461e-07,5.274228165292411e-07,5.274078462402388e-07,5.273928787299958e-07,5.27377913993503e-07,5.273629520023015e-07,5.27347992857041e-07,5.27333036444301e-07,5.273180828039706e-07,5.273031319371271e-07,5.272881838432864e-07,5.272732385202394e-07,5.272582959676145e-07,5.272433561751009e-07,5.272284191659596e-07,5.272134849257796e-07,5.271985534558031e-07,5.271836247510692e-07,5.271686988461819e-07,5.271537757064196e-07,5.271388553153733e-07,5.271239376808643e-07,5.271090228111431e-07,5.270941107088325e-07,5.270792013697693e-07,5.270642947948606e-07,5.270493909735047e-07,5.270344899265504e-07,5.270195916397035e-07,5.270046961165779e-07,5.269898033555449e-07,5.269749133590158e-07,5.269600261209623e-07,5.269451416564335e-07,5.269302599401456e-07,5.269153809806532e-07,5.269005047834713e-07,5.268856313415251e-07,5.268707606547512e-07,5.268558927378384e-07,5.268410275658766e-07,5.268261651536511e-07,5.268113054954431e-07,5.267964485925888e-07,5.267815944237925e-07,5.267667430101249e-07,5.267518943695217e-07,5.267370484824745e-07,5.267222053372311e-07,5.267073649605318e-07,5.266925273324875e-07,5.266776924532993e-07,5.266628603207406e-07,5.266480309423751e-07,5.266332043193993e-07,5.266183804381477e-07,5.266035593093431e-07,5.265887409468396e-07,5.265739253224064e-07,5.265591124331025e-07,5.265443023245878e-07,5.26529494985933e-07,5.265146902868197e-07,5.264998883817607e-07,5.264850892206622e-07,5.264702928046253e-07,5.264554992259793e-07,5.264407082936347e-07,5.264259201055751e-07,5.264111346658916e-07,5.263963520314644e-07,5.263815720256106e-07,5.263667948649178e-07,5.263520203452701e-07,5.263372486053962e-07,5.263224796022456e-07,5.263077133379256e-07,5.262929498037929e-07,5.262781890335056e-07,5.262634309849648e-07,5.262486756698618e-07,5.262339230961142e-07,5.262191732256525e-07,5.262044261168498e-07,5.261896817460041e-07,5.261749401059554e-07,5.26160201213242e-07,5.261454650727064e-07,5.26130731631258e-07,5.26116000918715e-07,5.261012729660717e-07,5.260865477185339e-07,5.260718251987189e-07,5.260571054444364e-07,5.260423884310893e-07,5.260276741026056e-07,5.260129625021916e-07,5.259982536272553e-07,5.259835474656784e-07,5.259688440452979e-07,5.259541433649144e-07,5.25939445400812e-07,5.259247502333169e-07,5.259100577163056e-07,5.25895367937065e-07,5.258806808882878e-07,5.258659965465134e-07,5.258513149262709e-07,5.258366359797707e-07,5.258219598094722e-07,5.258072863594227e-07,5.257926156310075e-07,5.257779476123187e-07,5.257632823044237e-07,5.257486197309458e-07,5.257339598677397e-07,5.257193027439743e-07,5.257046483227098e-07,5.25689996638783e-07,5.256753476785961e-07,5.256607014093348e-07,5.256460578544924e-07,5.256314170166137e-07,5.256167788934902e-07,5.256021434844438e-07,5.25587510790013e-07,5.255728808065986e-07,5.255582535362016e-07,5.25543628981684e-07,5.255290071396012e-07,5.255143880160517e-07,5.254997715940387e-07,5.254851578797117e-07,5.254705468774181e-07,5.254559385778286e-07,5.25441332992515e-07,5.254267301277359e-07,5.254121299554019e-07,5.253975325085331e-07,5.253829377228558e-07,5.253683456692354e-07,5.253537563334095e-07,5.253391697086822e-07,5.253245857778985e-07,5.253100045287671e-07,5.252954260098103e-07,5.252808501891144e-07,5.252662770653057e-07,5.252517066512656e-07,5.252371389376022e-07,5.25222573926629e-07,5.252080116179004e-07,5.251934520055978e-07,5.25178895105635e-07,5.251643408862524e-07,5.251497893747563e-07,5.251352405577824e-07,5.251206944309688e-07,5.251061510126354e-07,5.250916102932743e-07,5.250770722684405e-07,5.250625369327972e-07,5.250480043066087e-07,5.250334743685639e-07,5.250189471285511e-07,5.250044225781805e-07,5.249899007130221e-07,5.24975381486202e-07,5.249608650147541e-07,5.249463512338979e-07,5.249318401436582e-07,5.249173317465139e-07,5.24902826076339e-07,5.24888323058988e-07,5.248738227404178e-07,5.248593251016804e-07,5.248448301511656e-07,5.248303378751558e-07,5.248158482231552e-07,5.248013613351883e-07,5.247868771414993e-07,5.247723956234976e-07,5.247579168043414e-07,5.24743440672422e-07,5.2472896724035e-07,5.247144964864558e-07,5.2470002838207e-07,5.246855629722577e-07,5.246711002551102e-07,5.246566402092695e-07,5.246421828444076e-07,5.246277281651429e-07,5.24613276158849e-07,5.245988268423258e-07,5.245843802059264e-07,5.245699362589994e-07,5.245554949548513e-07,5.245410563302674e-07,5.245266204020506e-07,5.245121871482435e-07,5.244977565890426e-07,5.244833286617732e-07,5.244689034385986e-07,5.244544809121928e-07,5.244400610648853e-07,5.244256438727801e-07,5.244112293213416e-07,5.243968174049457e-07,5.243824082229681e-07,5.243680017241042e-07,5.243535978777742e-07,5.243391967078036e-07,5.243247982111038e-07,5.243104024403647e-07,5.242960092991593e-07,5.242816188132656e-07,5.24267230995984e-07,5.242528458557495e-07,5.24238463343977e-07,5.242240836123003e-07,5.242097064634902e-07,5.24195331980698e-07,5.241809601635181e-07,5.241665910099741e-07,5.24152224572214e-07,5.241378607463446e-07,5.241234995661045e-07,5.241091410756474e-07,5.240947851952385e-07,5.24080432022659e-07,5.240660815116529e-07,5.240517336774371e-07,5.24037388492733e-07,5.240230459659134e-07,5.240087061281814e-07,5.239943689193492e-07,5.239800343723509e-07,5.239657024878054e-07,5.239513732621295e-07,5.239370466865046e-07,5.239227227618489e-07,5.239084015022169e-07,5.238940828885905e-07,5.238797669356362e-07,5.238654536561736e-07,5.238511430178289e-07,5.238368350356538e-07,5.238225297007837e-07,5.23808227020925e-07,5.237939269975318e-07,5.237796296174685e-07,5.2376533489894e-07,5.237510428317945e-07,5.237367534098201e-07,5.237224666510328e-07,5.23708182540026e-07,5.236939010784902e-07,5.23679622285216e-07,5.236653461068731e-07,5.236510725864049e-07,5.236368017088421e-07,5.236225334715766e-07,5.236082679235756e-07,5.235940050769146e-07,5.235797447770811e-07,5.235654871300333e-07,5.235512321150295e-07,5.235369797511012e-07,5.235227300265798e-07,5.235084829386181e-07,5.234942385010319e-07,5.234799967011904e-07,5.234657575428789e-07,5.234515210358559e-07,5.234372871598589e-07,5.234230559354526e-07,5.234088273365223e-07,5.233946013871891e-07,5.233803780749827e-07,5.233661574193412e-07,5.23351939410853e-07,5.233377240127924e-07,5.233235112456951e-07,5.233093010617139e-07,5.232950935615506e-07,5.232808886914345e-07,5.232666864854358e-07,5.232524869478133e-07,5.232382899825909e-07,5.232240956625376e-07,5.232099039546142e-07,5.231957148657794e-07,5.231815284270407e-07,5.231673446630657e-07,5.231531634882386e-07,5.231389849555936e-07,5.23124809040945e-07,5.23110635754899e-07,5.230964650929985e-07,5.230822970966944e-07,5.230681316945503e-07,5.230539689167982e-07,5.23039808770585e-07,5.230256512439979e-07,5.23011496344563e-07,5.229973440950323e-07,5.229831944578743e-07,5.229690474460638e-07,5.229549030495921e-07,5.229407612398154e-07,5.229266220814317e-07,5.229124855464988e-07,5.228983516520139e-07,5.228842203546881e-07,5.228700916960032e-07,5.2285596565808e-07,5.228418422430715e-07,5.228277214385628e-07,5.228136032551744e-07,5.227994876878015e-07,5.227853747475444e-07,5.227712643284408e-07,5.227571566195408e-07,5.227430515222906e-07,5.227289490371971e-07,5.227148491795177e-07,5.227007519309711e-07,5.226866573864043e-07,5.226725653545109e-07,5.22658475936675e-07,5.226443891364578e-07,5.226303049530092e-07,5.226162234125584e-07,5.226021444275177e-07,5.225880680865668e-07,5.225739943550049e-07,5.225599232357413e-07,5.225458547172566e-07,5.225317888209868e-07,5.225177255234724e-07,5.225036648364374e-07,5.224896067524365e-07,5.224755512856735e-07,5.224614983337118e-07,5.224474480743312e-07,5.224334003412002e-07,5.224193552990437e-07,5.224053128363049e-07,5.22391272993857e-07,5.2237723575919e-07,5.223632011236687e-07,5.223491691004881e-07,5.223351396733282e-07,5.22321112850334e-07,5.223070886082262e-07,5.222930669870933e-07,5.222790478862912e-07,5.222650314516262e-07,5.222510175448531e-07,5.22237006319431e-07,5.222229977027626e-07,5.222089916690161e-07,5.221949882403871e-07,5.221809873199714e-07,5.221669890868624e-07,5.221529934586191e-07,5.221390004155174e-07,5.221250099186256e-07,5.221110220634407e-07,5.220970368123164e-07,5.22083054145982e-07,5.220690740754037e-07,5.220550965109015e-07,5.2204112154141e-07,5.220271491542382e-07,5.220131794510469e-07,5.219992123331052e-07,5.219852478145383e-07,5.219712858826659e-07,5.219573265320046e-07,5.219433697885397e-07,5.219294156538925e-07,5.219154640792193e-07,5.219015150972837e-07,5.218875686977446e-07,5.218736248127777e-07,5.218596836129848e-07,5.218457449696623e-07,5.218318089153313e-07,5.218178753579254e-07,5.218039444702483e-07,5.217900161126372e-07,5.217760903909045e-07,5.217621671971625e-07,5.217482466421455e-07,5.217343286712781e-07,5.21720413249728e-07,5.217065004397028e-07,5.216925902082311e-07,5.216786825600634e-07,5.216647774923606e-07,5.216508749724544e-07,5.216369749819296e-07,5.216230776507534e-07,5.216091829079068e-07,5.215952907094698e-07,5.215814011081945e-07,5.215675140793077e-07,5.215536296306885e-07,5.215397477565936e-07,5.215258684604697e-07,5.215119917381013e-07,5.214981175867912e-07,5.214842460097234e-07,5.214703770062357e-07,5.214565105278121e-07,5.214426466713148e-07,5.2142878538326e-07,5.214149266677859e-07,5.214010705986389e-07,5.213872170903019e-07,5.213733660877598e-07,5.213595176505802e-07,5.213456717821648e-07,5.213318284843437e-07,5.21317987713404e-07,5.213041495472787e-07,5.21290313945531e-07,5.212764809173181e-07,5.212626504518727e-07,5.212488225539387e-07,5.212349972202521e-07,5.212211744554033e-07,5.212073542388117e-07,5.211935366685042e-07,5.211797215912297e-07,5.211659090173058e-07,5.211520990633932e-07,5.21138291670047e-07,5.211244868383267e-07,5.211106845589454e-07,5.210968849016857e-07,5.21083087651082e-07,5.210692930772656e-07,5.210555010304948e-07,5.210417115553808e-07,5.210279245737397e-07,5.210141402116766e-07,5.210003584059964e-07,5.209865791554024e-07,5.209728024649856e-07,5.209590283297924e-07,5.209452567460043e-07,5.209314876768933e-07,5.209177211599688e-07,5.209039572432104e-07,5.208901958755427e-07,5.208764370606819e-07,5.208626807196499e-07,5.208489270048031e-07,5.208351758517925e-07,5.208214272681678e-07,5.208076812130135e-07,5.207939377055332e-07,5.20780196660376e-07,5.207664582521992e-07,5.207527223925726e-07,5.207389890627213e-07,5.207252582848512e-07,5.2071153006779e-07,5.206978043971794e-07,5.206840812724677e-07,5.206703606930341e-07,5.206566426037175e-07,5.206429271138338e-07,5.206292141681625e-07,5.206155037644983e-07,5.206017958709601e-07,5.205880905167384e-07,5.205743876950312e-07,5.205606874570584e-07,5.205469897586263e-07,5.2053329454791e-07,5.205196019157489e-07,5.205059117698442e-07,5.2049222423906e-07,5.204785392453768e-07,5.204648567923366e-07,5.204511768703707e-07,5.204374995302964e-07,5.204238246903296e-07,5.204101523803553e-07,5.203964826127044e-07,5.203828153807962e-07,5.20369150683858e-07,5.203554885213797e-07,5.20341828886931e-07,5.203281717874355e-07,5.203145172267999e-07,5.203008651987483e-07,5.202872156682205e-07,5.202735687045661e-07,5.202599242704923e-07,5.202462823671539e-07,5.20232642996819e-07,5.202190061715542e-07,5.2020537185498e-07,5.201917400734358e-07,5.201781108246947e-07,5.201644840977944e-07,5.201508599040746e-07,5.201372382382612e-07,5.201236190929065e-07,5.201100024794649e-07,5.200963883917469e-07,5.200827768203367e-07,5.200691677808219e-07,5.200555612548857e-07,5.200419572645793e-07,5.200283557997156e-07,5.200147568478667e-07,5.20001160431123e-07,5.199875665257224e-07,5.19973975142428e-07,5.199603862860271e-07,5.19946799951317e-07,5.199332161384036e-07,5.19919634846515e-07,5.199060560721707e-07,5.198924799184189e-07,5.198789062083698e-07,5.198653349885893e-07,5.198517662827621e-07,5.198382000941406e-07,5.198246364316004e-07,5.198110752843207e-07,5.19797516627934e-07,5.197839605087416e-07,5.197704069047015e-07,5.197568558080589e-07,5.197433072373095e-07,5.19729761172274e-07,5.197162176206234e-07,5.197026766103241e-07,5.196891380809603e-07,5.196756020662612e-07,5.196620685782302e-07,5.196485375838191e-07,5.196350091191597e-07,5.196214831642135e-07,5.196079597053332e-07,5.19594438741972e-07,5.195809202867751e-07,5.195674043491089e-07,5.195538909125094e-07,5.195403799802101e-07,5.19526871562022e-07,5.195133656646895e-07,5.194998622499285e-07,5.19486361348995e-07,5.194728629891785e-07,5.194593671025807e-07,5.194458737270794e-07,5.194323828528968e-07,5.194188944833211e-07,5.194054085973622e-07,5.193919252162056e-07,5.193784443381074e-07,5.193649659567357e-07,5.193514900752225e-07,5.193380167068778e-07,5.193245458219634e-07,5.193110774444824e-07,5.192976115555428e-07,5.192841481662682e-07,5.192706873122357e-07,5.19257228969282e-07,5.192437730746489e-07,5.192303196595068e-07,5.192168687981489e-07,5.192034204081709e-07,5.191899744307399e-07,5.191765310168313e-07,5.191630900903081e-07,5.191496516623095e-07,5.191362157327104e-07,5.191227822939775e-07,5.191093513506841e-07,5.190959228941914e-07,5.190824969420416e-07,5.190690734681258e-07,5.190556524649438e-07,5.190422339723754e-07,5.190288180032984e-07,5.1901540448454e-07,5.190019934607449e-07,5.189885849316823e-07,5.189751788901399e-07,5.189617753215545e-07,5.18948374237046e-07,5.1893497564501e-07,5.189215795428519e-07,5.189081859150668e-07,5.188947947782542e-07,5.188814061708431e-07,5.188680200013246e-07,5.188546363140884e-07,5.18841255102661e-07,5.188278763678027e-07,5.188145001166589e-07,5.188011263634402e-07,5.187877551149722e-07,5.187743863207033e-07,5.187610200079859e-07,5.187476562969942e-07,5.187342949469929e-07,5.187209360723571e-07,5.187075796843742e-07,5.186942257833344e-07,5.186808743351993e-07,5.186675253635692e-07,5.186541789089233e-07,5.186408348922033e-07,5.186274933692472e-07,5.186141543024359e-07,5.186008177015164e-07,5.185874835874638e-07,5.18574151946848e-07,5.185608227894372e-07,5.185474960956576e-07,5.185341718787012e-07,5.185208500803968e-07,5.18507530802859e-07,5.184942139907988e-07,5.184808996652849e-07,5.184675877986993e-07,5.184542784002675e-07,5.184409714686583e-07,5.184276670235876e-07,5.184143650164749e-07,5.184010654928259e-07,5.183877684396728e-07,5.183744738552324e-07,5.183611817234917e-07,5.183478920816755e-07,5.183346048502738e-07,5.183213201276051e-07,5.183080378667715e-07,5.182947579986451e-07,5.182814806655882e-07,5.182682058018771e-07,5.18254933366938e-07,5.182416634066937e-07,5.182283959330966e-07,5.182151309249786e-07,5.182018683689052e-07,5.181886083538925e-07,5.181753507203193e-07,5.181620955468669e-07,5.181488428333724e-07,5.181355925791678e-07,5.181223447825582e-07,5.181090994365459e-07,5.18095856552525e-07,5.180826161248271e-07,5.180693781636049e-07,5.180561426476209e-07,5.180429095836041e-07,5.18029678994043e-07,5.18016450847866e-07,5.180032251532742e-07,5.179900019118084e-07,5.17976781122608e-07,5.179635627917776e-07,5.179503469097044e-07,5.179371334964001e-07,5.179239225134776e-07,5.179107139273796e-07,5.178975078582781e-07,5.178843042484465e-07,5.178711030624589e-07,5.17857904357277e-07,5.178447080789454e-07,5.178315142530964e-07,5.178183228859801e-07,5.178051339482147e-07,5.177919474479067e-07,5.177787634094638e-07,5.177655818143278e-07,5.177524026463397e-07,5.177392258856589e-07,5.177260516293247e-07,5.177128798101847e-07,5.176997104481874e-07,5.176865435154112e-07,5.176733790188887e-07,5.176602169840456e-07,5.17647057397421e-07,5.17633900238616e-07,5.176207455227191e-07,5.17607593247242e-07,5.175944434441933e-07,5.175812960271288e-07,5.175681510899969e-07,5.175550085755049e-07,5.175418684976295e-07,5.175287308246005e-07,5.175155956461472e-07,5.175024628923436e-07,5.17489332564164e-07,5.174762046710276e-07,5.174630791956845e-07,5.174499561740162e-07,5.174368357100658e-07,5.17423717582417e-07,5.174106018786559e-07,5.173974885815245e-07,5.173843778337932e-07,5.17371269431105e-07,5.173581634522906e-07,5.173450598643497e-07,5.173319587529527e-07,5.173188600608892e-07,5.173057637989051e-07,5.17292669989448e-07,5.172795785868574e-07,5.172664896152846e-07,5.172534030602938e-07,5.1724031895284e-07,5.172272372712378e-07,5.172141580126914e-07,5.172010811845461e-07,5.171880067778402e-07,5.171749347938802e-07,5.171618652641322e-07,5.17148798139134e-07,5.171357334044852e-07,5.171226711232604e-07,5.171096112657972e-07,5.170965538316492e-07,5.17083498782669e-07,5.170704461938194e-07,5.170573960294743e-07,5.170443482931231e-07,5.170313029692996e-07,5.170182600335727e-07,5.170052195404844e-07,5.169921814579982e-07,5.169791458134389e-07,5.169661125887536e-07,5.1695308179667e-07,5.169400534078616e-07,5.169270274360288e-07,5.169140038516931e-07,5.169009827110878e-07,5.168879639872813e-07,5.168749477415499e-07,5.168619338508097e-07,5.168489223804045e-07,5.168359133085359e-07,5.168229066694674e-07,5.168099024568953e-07,5.167969005908637e-07,5.167839011286274e-07,5.167709041359117e-07,5.167579095717171e-07,5.167449173979135e-07,5.167319276344402e-07,5.167189402831649e-07,5.167059553395013e-07,5.166929728535108e-07,5.166799927354225e-07,5.166670150199033e-07,5.166540397362412e-07,5.166410668397176e-07,5.166280963481799e-07,5.166151282419037e-07,5.166021625636136e-07,5.165891992905334e-07,5.165762384222548e-07,5.165632799543621e-07,5.165503239215055e-07,5.165373703041686e-07,5.165244190540868e-07,5.165114702074796e-07,5.164985237644799e-07,5.164855797271559e-07,5.164726380514399e-07,5.164596988127398e-07,5.164467619767633e-07,5.164338275454706e-07,5.164208955049206e-07,5.164079658706513e-07,5.163950386447442e-07,5.163821138053175e-07,5.163691913592534e-07,5.163562713274063e-07,5.16343353685589e-07,5.163304384587287e-07,5.16317525623921e-07,5.163046151559407e-07,5.16291707096083e-07,5.162788014495948e-07,5.162658981824615e-07,5.162529973097917e-07,5.162400988670271e-07,5.162272027819534e-07,5.162143090897611e-07,5.162014179175674e-07,5.161885290103019e-07,5.161756424951193e-07,5.161627584060344e-07,5.161498766590286e-07,5.161369973171682e-07,5.161241203585896e-07,5.161112457937277e-07,5.160983736207222e-07,5.160855038486327e-07,5.16072636451912e-07,5.160597714437902e-07,5.160469088194939e-07,5.16034048588646e-07,5.160211907409581e-07,5.160083352919261e-07,5.15995482216426e-07,5.15982631521451e-07,5.15969783215491e-07,5.159569372943092e-07,5.159440937596224e-07,5.159312525961426e-07,5.159184138320066e-07,5.159055774457539e-07,5.158927434398716e-07,5.15879911801208e-07,5.158670825919592e-07,5.15854255719208e-07,5.158414312420935e-07,5.158286091506183e-07,5.158157894271422e-07,5.158029720975726e-07,5.157901571428319e-07,5.157773444893603e-07,5.157645342750998e-07,5.157517264624356e-07,5.157389210095064e-07,5.157261179176603e-07,5.157133172133776e-07,5.15700518881587e-07,5.156877229290528e-07,5.156749293543981e-07,5.156621381730677e-07,5.156493493515916e-07,5.156365628925328e-07,5.15623778813833e-07,5.156109971520813e-07,5.155982178136871e-07,5.155854408514349e-07,5.155726662561748e-07,5.155598940306773e-07,5.155471241764067e-07,5.15534356690029e-07,5.155215915687614e-07,5.155088288178352e-07,5.154960684127324e-07,5.154833104093102e-07,5.154705547714661e-07,5.154578014857244e-07,5.154450505785682e-07,5.154323020374853e-07,5.154195558417439e-07,5.154068120321712e-07,5.153940705874165e-07,5.153813315084413e-07,5.15368594790373e-07,5.153558604391789e-07,5.153431284506833e-07,5.153303988159827e-07,5.153176715518472e-07,5.153049466457678e-07,5.152922241068207e-07,5.152795039285022e-07,5.152667861098523e-07,5.152540706810694e-07,5.152413575763435e-07,5.152286469573671e-07,5.152159385783453e-07,5.152032325578908e-07,5.151905289005753e-07,5.151778275959219e-07,5.15165128649344e-07,5.151524320564034e-07,5.15139737842757e-07,5.151270459470405e-07,5.151143564178542e-07,5.151016691907923e-07,5.1508898436764e-07,5.15076301927123e-07,5.150636218261632e-07,5.150509440745266e-07,5.150382686760358e-07,5.150255956176133e-07,5.150129249168442e-07,5.150002565747189e-07,5.14987590582867e-07,5.149749269408449e-07,5.149622656482986e-07,5.14949606701014e-07,5.14936950109983e-07,5.149242958668148e-07,5.149116439660622e-07,5.14898994435628e-07,5.148863472382561e-07,5.14873702405296e-07,5.148610599042493e-07,5.14848419747298e-07,5.148357819364424e-07,5.148231464341776e-07,5.14810513315017e-07,5.147978825375672e-07,5.147852541010842e-07,5.1477262799993e-07,5.147600042570451e-07,5.147473828609758e-07,5.147347638591202e-07,5.147221471494459e-07,5.147095327744538e-07,5.146969207410294e-07,5.14684310977395e-07,5.146717036146716e-07,5.146590986194241e-07,5.146464959404686e-07,5.146338956067428e-07,5.146212976112358e-07,5.146087019607033e-07,5.145961086414712e-07,5.145835176631358e-07,5.145709290384674e-07,5.145583427296888e-07,5.145457587578453e-07,5.14533177108941e-07,5.145205978080012e-07,5.145080208412449e-07,5.144954462121273e-07,5.144828739197156e-07,5.144703039547524e-07,5.144577363241491e-07,5.144451710242379e-07,5.144326081035274e-07,5.144200474682854e-07,5.144074891746352e-07,5.143949332080088e-07,5.143823795657745e-07,5.143698282477614e-07,5.143572792651458e-07,5.14344732523917e-07,5.143321881990044e-07,5.143196461701182e-07,5.14307106498477e-07,5.142945691466084e-07,5.142820341718636e-07,5.142695014833916e-07,5.142569710609583e-07,5.142444430454839e-07,5.142319173235877e-07,5.142193939868865e-07,5.142068729275117e-07,5.14194354190838e-07,5.141818377849034e-07,5.141693236950404e-07,5.141568118617919e-07,5.141443024230144e-07,5.141317953237718e-07,5.141192905209117e-07,5.141067880473692e-07,5.140942878888076e-07,5.140817900505491e-07,5.140692945350237e-07,5.140568013371355e-07,5.140443104552544e-07,5.140318218833093e-07,5.14019335650694e-07,5.140068517270696e-07,5.139943701139949e-07,5.139818908286888e-07,5.139694138609718e-07,5.139569392017271e-07,5.139444668395695e-07,5.139319968117028e-07,5.139195290969157e-07,5.139070637014489e-07,5.138946006135483e-07,5.138821398394431e-07,5.138696813943977e-07,5.138572252085923e-07,5.138447713787438e-07,5.138323198598934e-07,5.138198706500074e-07,5.138074237474465e-07,5.137949791436203e-07,5.137825368515553e-07,5.137700969298853e-07,5.137576592630256e-07,5.137452239090379e-07,5.137327908792605e-07,5.137203601387343e-07,5.13707931707483e-07,5.136955055836369e-07,5.13683081759558e-07,5.136706602476367e-07,5.136582410426364e-07,5.136458242220893e-07,5.136334096278678e-07,5.136209973370351e-07,5.136085873441686e-07,5.135961796550565e-07,5.135837742686392e-07,5.135713711802997e-07,5.135589704190786e-07,5.135465719287484e-07,5.135341757563731e-07,5.135217818859037e-07,5.135093903163303e-07,5.134970010611125e-07,5.134846140809244e-07,5.134722294025962e-07,5.134598470300081e-07,5.1344746693994e-07,5.134350891579496e-07,5.134227136837731e-07,5.134103405024369e-07,5.133979695489307e-07,5.133856009486222e-07,5.133732346699583e-07,5.133608706738145e-07,5.133485089795988e-07,5.133361495738924e-07,5.133237924838466e-07,5.133114376748466e-07,5.132990851502795e-07,5.132867349395334e-07,5.132743869931912e-07,5.132620413469618e-07,5.13249697992506e-07,5.13237356939453e-07,5.132250181673659e-07,5.132126816738054e-07,5.132003474800847e-07,5.13188015576116e-07,5.131756859504598e-07,5.13163358636469e-07
10,0.0,0.0,0.0,0.0,0.0,0.0,0.0,0.0,0.0,0.0,0.0,0.0,0.0,0.0,0.0,0.0,0.0,0.0,0.0,0.0,0.0,0.0,0.0,0.0,0.0,0.0,0.0,0.0,0.0,0.0,0.0,0.0,0.0,0.0,0.0,0.0,0.0,0.0,0.0,0.0,0.0,0.0,0.0,0.0,0.0,0.0,0.0,0.0,0.0,0.0,0.0,0.0,0.0,0.0,0.0,0.0,0.0,0.0,0.0,0.0,0.0,0.0,0.0,0.0,0.0,0.0,0.0,0.0,0.0,0.0,0.0,0.0,0.0,0.0,0.0,0.0,0.0,0.0,0.0,0.0,0.0,0.0,0.0,0.0,0.0,0.0,0.0,0.0,0.0,0.0,0.0,0.0,0.0,0.0,0.0,0.0,0.0,0.0,0.0,0.0,0.0,0.0,0.0,0.0,0.0,0.0,0.0,0.0,0.0,0.0,0.0,0.0,0.0,0.0,0.0,0.0,0.0,0.0,0.0,0.0,0.0,0.0,0.0,0.0,0.0,0.0,0.0,0.0,0.0,0.0,0.0,0.0,0.0,0.0,0.0,0.0,0.0,0.0,0.0,0.0,0.0,0.0,0.0,0.0,0.0,0.0,0.0,0.0,0.0,0.0,0.0,0.0,0.0,0.0,0.0,0.0,0.0,0.0,0.0,0.0,0.0,0.0,0.0,0.0,0.0,0.0,0.0,0.0,0.0,0.0,0.0,0.0,0.0,0.0,0.0,0.0,0.0,0.0,0.0,0.0,0.0,0.0,0.0,0.0,0.0,0.0,0.0,0.0,0.0,0.0,0.0,0.0,0.0,0.0,0.0,0.0,0.0,0.0,0.0,0.0,0.0,0.0,0.0,0.0,0.0,0.0,0.0,0.0,0.0,0.0,0.0,0.0,0.0,0.0,0.0,0.0,0.0,0.0,0.0,0.0,0.0,0.0,0.0,0.0,0.0,0.0,0.0,0.0,0.0,0.0,0.0,0.0,0.0,0.0,0.0,0.0,0.0,0.0,0.0,0.0,0.0,0.0,0.0,0.0,0.0,0.0,0.0,0.0,0.0,0.0,0.0,0.0,0.0,0.0,0.0,0.0,0.0,0.0,0.0,0.0,0.0,0.0,0.0,0.0,0.0,0.0,0.0,0.0,0.0,0.0,0.0,0.0,0.0,0.0,0.0,0.0,0.0,0.0,0.0,0.0,0.0,0.0,0.0,0.0,0.0,0.0,0.0,0.0,0.0,0.0,0.0,0.0,0.0,0.0,0.0,0.0,0.0,0.0,0.0,0.0,0.0,0.0,0.0,0.0,0.0,0.0,0.0,0.0,0.0,0.0,0.0,0.0,0.0,0.0,0.0,0.0,0.0,0.0,0.0,0.0,0.0,0.0,0.0,0.0,0.0,0.0,0.0,0.0,0.0,0.0,0.0,0.0,0.0,0.0,0.0,0.0,0.0,0.0,0.0,0.0,0.0,0.0,0.0,0.0,0.0,0.0,0.0,0.0,0.0,0.0,0.0,0.0,0.0,0.0,0.0,0.0,0.0,0.0,0.0,0.0,0.0,0.0,0.0,0.0,0.0,0.0,0.0,0.0,0.0,0.0,0.0,0.0,0.0,0.0,0.0,0.0,0.0,0.0,0.0,0.0,0.0,0.0,0.0,0.0,0.0,0.0,0.0,0.0,0.0,0.0,0.0,0.0,0.0,0.0,0.0,0.0,0.0,0.0,0.0,0.0,0.0,0.0,0.0,0.0,0.0,0.0,0.0,0.0,0.0,0.0,0.0,0.0,0.0,0.0,0.0,0.0,0.0,0.0,0.0,0.0,0.0,0.0,0.0,0.0,0.0,0.0,0.0,0.0,0.0,0.0,0.0,0.0,0.0,0.0,0.0,0.0,0.0,0.0,0.0,0.0,0.0,0.0,0.0,0.0,0.0,0.0,0.0,0.0,0.0,0.0,0.0,0.0,0.0,0.0,0.0,0.0,0.0,0.0,0.0,0.0,0.0,0.0,0.0,0.0,0.0,0.0,0.0,0.0,0.0,0.0,0.0,0.0,0.0,0.0,0.0,0.0,0.0,0.0,0.0,0.0,0.0,0.0,0.0,0.0,0.0,0.0,0.0,0.0,0.0,0.0,0.0,0.0,0.0,0.0,0.0,0.0,0.0,0.0,0.0,0.0,0.0,0.0,0.0,0.0,0.0,0.0,0.0,0.0,0.0,0.0,0.0,0.0,0.0,0.0,0.0,0.0,0.0,0.0,0.0,0.0,0.0,0.0,0.0,0.0,0.0,0.0,0.0,0.0,0.0,0.0,0.0,0.0,0.0,0.0,0.0,0.0,0.0,0.0,0.0,0.0,0.0,0.0,0.0,0.0,0.0,0.0,0.0,0.0,0.0,0.0,0.0,0.0,0.0,0.0,0.0,0.0,0.0,0.0,0.0,0.0,0.0,0.0,0.0,0.0,0.0,0.0,0.0,0.0,0.0,0.0,0.0,0.0,0.0,0.0,0.0,0.0,0.0,0.0,0.0,0.0,0.0,0.0,0.0,0.0,0.0,0.0,0.0,0.0,0.0,0.0,0.0,0.0,0.0,0.0,0.0,0.0,0.0,0.0,0.0,0.0,0.0,0.0,0.0,0.0,0.0,0.0,0.0,0.0,0.0,0.0,0.0,0.0,0.0,0.0,0.0,0.0,0.0,0.0,0.0,0.0,0.0,0.0,0.0,0.0,0.0,0.0,0.0,0.0,0.0,0.0,0.0,0.0,0.0,0.0,0.0,0.0,0.0,0.0,0.0,0.0,0.0,0.0,0.0,0.0,0.0,0.0,0.0,0.0,0.0,0.0,0.0,0.0,0.0,0.0,0.0,0.0,0.0,0.0,0.0,0.0,0.0,0.0,0.0,0.0,0.0,0.0,0.0,0.0,0.0,0.0,0.0,0.0,0.0,0.0,0.0,0.0,0.0,0.0,0.0,0.0,0.0,0.0,0.0,0.0,0.0,0.0,0.0,0.0,0.0,0.0,0.0,0.0,0.0,0.0,0.0,0.0,0.0,0.0,0.0,0.0,0.0,0.0,0.0,0.0,0.0,0.0,0.0,0.0,0.0,0.0,0.0,0.0,0.0,0.0,0.0,0.0,0.0,0.0,0.0,0.0,0.0,0.0,0.0,0.0,0.0,0.0,0.0,0.0,0.0,0.0,0.0,0.0,0.0,0.0,0.0,0.0,0.0,0.0,0.0,0.0,0.0,0.0,0.0,0.0,0.0,0.0,0.0,0.0,0.0,0.0,0.0,0.0,0.0,0.0,0.0,0.0,0.0,0.0,0.0,0.0,0.0,0.0,0.0,0.0,0.0,0.0,0.0,0.0,0.0,0.0,0.0,0.0,0.0,0.0,0.0,0.0,0.0,0.0,0.0,0.0,0.0,0.0,0.0,0.0,0.0,0.0,0.0,0.0,0.0,0.0,0.0,0.0,0.0,0.0,0.0,0.0,0.0,0.0,0.0,0.0,0.0,0.0,0.0,0.0,0.0,0.0,0.0,0.0,0.0,0.0,0.0,0.0,0.0,0.0,0.0,0.0,0.0,0.0,0.0,0.0,0.0,0.0,0.0,0.0,0.0,0.0,0.0,0.0,0.0,0.0,0.0,0.0,0.0,0.0,0.0,0.0,0.0,0.0,0.0,0.0,0.0,0.0,0.0,0.0,0.0,0.0,0.0,0.0,0.0,0.0,0.0,0.0,0.0,0.0,0.0,0.0,0.0,0.0,0.0,0.0,0.0,0.0,0.0,0.0,0.0,0.0,0.0,0.0,0.0,0.0,0.0,0.0,0.0,0.0,0.0,0.0,0.0,0.0,0.0,0.0,0.0,0.0,0.0,0.0,0.0,0.0,0.0,0.0,0.0,0.0,0.0,0.0,0.0,0.0,0.0,0.0,0.0,0.0,0.0,0.0,0.0,0.0,0.0,0.0,0.0,0.0,0.0,0.0,0.0,0.0,0.0,0.0,0.0,0.0,0.0,0.0,0.0,0.0,0.0,0.0,0.0,0.0,0.0,0.0,0.0,0.0,0.0,0.0,0.0,0.0,0.0,0.0,0.0,0.0,0.0,0.0,0.0,0.0,0.0,0.0,0.0,0.0,0.0,0.0,0.0,0.0,0.0,0.0,0.0,0.0,0.0,0.0,0.0,0.0,0.0,0.0,0.0,0.0,0.0,0.0,0.0,0.0,0.0,0.0,0.0,0.0,0.0,0.0,0.0,0.0,0.0,0.0,0.0,0.0,0.0,0.0,0.0,0.0,0.0,0.0,0.0,0.0,0.0,0.0,0.0,0.0,0.0,0.0,0.0,0.0,0.0,0.0,0.0,0.0,0.0,0.0,0.0,0.0,0.0,0.0,4.198629449524486e-22,8.550852488157446e-22,1.3040900842129673e-21,1.7655718263416207e-21,2.2384374815725995e-21,2.7217633604683896e-21,3.21476242361061e-21,3.71675926072993e-21,4.227170634250747e-21,4.7454901488075155e-21,5.2712760275019876e-21,5.804141260199004e-21,6.343745585554093e-21,6.889788907630048e-21,7.442005845564515e-21,8.000161187972291e-21,8.56404607542787e-21,9.133474773823776e-21,9.70828193064458e-21,1.028832023026134e-20,1.0873458377524017e-20,1.1463579357823478e-20,1.2058578927423001e-20,1.2658364298332911e-20,1.3262852988413471e-20,1.3871971811930513e-20,1.4485655990215655e-20,1.5103848365969964e-20,1.5726498706407054e-20,1.6353563083829348e-20,1.698500332319913e-20,1.7620786508780147e-20,1.8260884540999396e-20,1.890527373982881e-20,1.9553934486712148e-20,2.0206850902075858e-20,2.0864010554275706e-20,2.1525404195113875e-20,2.219102552107999e-20,2.286087095610155e-20,2.3534939454005325e-20,2.4213232318698895e-20,2.4895753040283576e-20,2.558250714519843e-20,2.627350205993006e-20,2.696874698563148e-20,2.766825278391685e-20,2.8372031872063596e-20,2.90800981267524e-20,2.9792466796471174e-20,3.0509154420091016e-20,3.123017875303091e-20,3.195555869899048e-20,3.268531424749089e-20,3.3419466416161055e-20,3.415803719802681e-20,3.4901049512851276e-20,3.5648527162590566e-20,3.6400494790410075e-20,3.7156977842479854e-20,3.7918002534362456e-20,3.8683595818369275e-20,3.9453785354775e-20,4.0228599485134405e-20,4.100806720720352e-20,4.179221815343357e-20,4.2581082569592977e-20,4.337469129673136e-20,4.4173075753170477e-20,4.497626791985577e-20,4.5784300325601126e-20,4.6597206034291634e-20,4.7415018633402544e-20,4.823777222328277e-20,4.906550140776738e-20,4.989824128574715e-20,5.073602744350026e-20,5.1578895947903283e-20,5.242688334066899e-20,5.3280026633058385e-20,5.413836330128569e-20,5.500193128275493e-20,5.587076897280457e-20,5.67449152218241e-20,5.762440933332013e-20,5.850929106208546e-20,5.939960061292107e-20,6.029537863997722e-20,6.119666624636782e-20,6.210350498398991e-20,6.301593685405627e-20,6.393400430784405e-20,6.485775024721664e-20,6.578721802664763e-20,6.672245145455413e-20,6.76634947948697e-20,6.86103927695841e-20,6.956319056081111e-20,7.052193381360148e-20,7.148666863867326e-20,7.245744161546713e-20,7.343429979531045e-20,7.44172907050392e-20,7.540646235035388e-20,7.640186321972708e-20,7.740354228820648e-20,7.84115490219897e-20,7.942593338243968e-20,8.0446745830146e-20,8.147403732972987e-20,8.250785935498406e-20,8.354826389332775e-20,8.459530345083156e-20,8.564903105744877e-20,8.670950027220659e-20,8.777676518868392e-20,8.885088044031435e-20,8.993190120656857e-20,9.101988321802135e-20,9.211488276273361e-20,9.321695669207038e-20,9.432616242680859e-20,9.544255796343443e-20,9.656620188052863e-20,9.76971533452663e-20,9.883547211988058e-20,9.998121856855151e-20,1.0113445366412552e-19,1.0229523899501152e-19,1.0346363677251473e-19,1.0463970983759623e-19,1.0582352166855479e-19,1.0701513638809127e-19,1.0821461877098165e-19,1.0942203425264569e-19,1.1063744893467015e-19,1.118609295949675e-19,1.1309254369452721e-19,1.1433235938650672e-19,1.1558044552327297e-19,1.168368716656948e-19,1.181017080914312e-19,1.1937502580349472e-19,1.206568965391702e-19,1.2194739277871664e-19,1.2324658775463526e-19,1.245545554607182e-19,1.2587137066117335e-19,1.2719710890046365e-19,1.2853184651270573e-19,1.2987566063130833e-19,1.3122862919897112e-19,1.3259083097764983e-19,1.3396234555877046e-19,1.353432533733864e-19,1.3673363570302784e-19,1.3813357469010485e-19,1.3954315334839568e-19,1.409624555744165e-19,1.42391566158353e-19,1.4383057079538882e-19,1.4527955609703623e-19,1.4673860960302304e-19,1.4820781979287857e-19,1.4968727609731547e-19,1.5117706891158852e-19,1.5267728960675186e-19,1.5418803054299086e-19,1.557093850815401e-19,1.5724144759797186e-19,1.5878431349518371e-19,1.603380792165869e-19,1.6190284226003623e-19,1.634787011906859e-19,1.6506575565567726e-19,1.6666410639749172e-19,1.682738552688526e-19,1.6989510524683242e-19,1.715279604478205e-19,1.7317252614305052e-19,1.7482890877228613e-19,1.7649721596046686e-19,1.781775565330763e-19,1.7987004053222447e-19,1.8157477923184434e-19,1.8329188515556723e-19,1.8502147209259509e-19,1.8676365511381327e-19,1.8851855059096348e-19,1.9028627621213588e-19,1.9206695100044527e-19,1.9386069533190044e-19,1.9566763095348735e-19,1.974878810017274e-19,1.9932157002192313e-19,2.011688239867808e-19,2.0302977031607472e-19,2.0490453789638134e-19,2.0679325710127608e-19,2.0869605981158295e-19,2.1061307943590182e-19,2.1254445093199205e-19,2.144903108283531e-19,2.164507972445123e-19,2.1842604991523266e-19,2.2041621021138514e-19,2.2242142116344148e-19,2.2444182748413324e-19,2.2647757559243525e-19,2.2852881363720753e-19,2.3059569152108392e-19,2.3267836092686795e-19,2.3477697534004436e-19,2.3689169007627347e-19,2.3902266230664143e-19,2.411700510839961e-19,2.4333401736970414e-19,2.4551472406117187e-19,2.4771233601879627e-19,2.499270200951176e-19,2.521589451627928e-19,2.5440828214353493e-19,2.566752040386724e-19,2.5895988595769255e-19,2.6126250515010776e-19,2.6358324103576546e-19,2.6592227523688254e-19,2.6827979160994796e-19,2.7065597627869112e-19,2.730510176670045e-19,2.7546510653264567e-19,2.778984360022676e-19,2.8035120160578296e-19,2.8282360131216103e-19,2.8531583556552954e-19,2.8782810732217693e-19,2.90360622087788e-19,2.9291358795568704e-19,2.9548721564522208e-19,2.9808171854169213e-19,3.00697312736224e-19,3.0333421706666376e-19,3.0599265315896547e-19,3.086728454695013e-19,3.113750213280987e-19,3.140994109817961e-19,3.168462476394638e-19,3.1961576751648647e-19,3.2240820988270027e-19,3.252238171068736e-19,3.2806283470607906e-19,3.309255113939903e-19,3.338120991302126e-19,3.367228531711894e-19,3.3965803212089713e-19,3.4261789798332072e-19,3.4560271621548735e-19,3.4861275578271593e-19,3.516482892120049e-19,3.547095926494827e-19,3.577969459164878e-19,3.609106325689413e-19,3.640509399562656e-19,3.6721815928148326e-19,3.7041258566315265e-19,3.736345181971538e-19,3.768842600217741e-19,3.801621183811376e-19,3.8346840469400565e-19,3.86803434618027e-19,3.901675281205707e-19,3.93561009547749e-19,3.9698420769714875e-19,4.004374558887206e-19,4.039210920398396e-19,4.074354587404398e-19,4.1098090333039175e-19,4.145577779774386e-19,4.181664397573413e-19,4.2180725073511587e-19,4.254805780483183e-19,4.291867939909371e-19,4.3292627610057293e-19,4.366994072455288e-19,4.405065757154329e-19,4.443481753113511e-19,4.48224605439912e-19,4.521362712077874e-19,4.560835835180076e-19,4.600669591716676e-19,4.640868209644775e-19,4.681435977920914e-19,4.72237724754036e-19,4.763696432610326e-19,4.805398011432106e-19,4.847486527628717e-19,4.889966591257313e-19,4.932842879988331e-19,4.976120140270197e-19,5.0198031885398e-19,5.063896912456771e-19,5.108406272136312e-19,5.153336301459907e-19,5.198692109360099e-19,5.244478881163584e-19,5.290701879943476e-19,5.337366447913126e-19,5.38447800783915e-19,5.432042064498316e-19,5.480064206142443e-19,5.528550106014399e-19,5.577505523887424e-19,5.626936307621089e-19,5.676848394796512e-19,5.7272478143321625e-19,5.778140688170364e-19,5.829533232978425e-19,5.881431761893769e-19,5.933842686327994e-19,5.986772517762119e-19,6.040227869609924e-19,6.094215459143932e-19,6.148742109418052e-19,6.203814751255885e-19,6.25944042528138e-19,6.315626283991054e-19,6.372379593870108e-19,6.429707737563316e-19,6.487618216074434e-19,6.546118651039139e-19,6.605216787034075e-19,6.664920493949598e-19,6.725237769382537e-19,6.786176741122731e-19,6.847745669679209e-19,6.909952950855168e-19,6.972807118397335e-19,7.03631684667417e-19,7.100490953501775e-19,7.165338402885363e-19,7.230868307955396e-19,7.297089933922423e-19,7.364012701101394e-19,7.431646187995797e-19,7.500000134470546e-19,7.569084444999408e-19,7.638909191963279e-19,7.709484619063535e-19,7.780821144791085e-19,7.852929365952083e-19,7.925820061359785e-19,7.999504195517442e-19,8.073992922451206e-19,8.149297589613059e-19,8.22542974187712e-19,8.302401125629029e-19,8.380223692983006e-19,8.458909606045848e-19,8.538471241328092e-19,8.6189211942790575e-19,8.700272283858945e-19,8.782537557285184e-19,8.865730294895982e-19,8.949864015097036e-19,9.034952479456568e-19,9.1210096979239e-19,9.208049934171591e-19,9.296087711076475e-19,9.385137816337004e-19,9.475215308230856e-19,9.56633552152524e-19,9.658514073509558e-19,9.751766870264617e-19,9.846110112916995e-19,9.941560304299702e-19,1.0038134255559438e-18,1.0135849093057485e-18,1.0234722265437948e-18,1.03347715508021e-18,1.0436015064238326e-18,1.0538471265313957e-18,1.0642158965963454e-18,1.0747097338485535e-18,1.0853305923811399e-18,1.0960804639915573e-18,1.1069613790524634e-18,1.117975407400796e-18,1.1291246592531064e-18,1.140411286151531e-18,1.1518374819208e-18,1.1634054836608482e-18,1.1751175727683838e-18,1.1869760759839241e-18,1.1989833664625557e-18,1.2111418648842134e-18,1.2234540405822282e-18,1.2359224127189735e-18,1.2485495514773961e-18,1.2613380793015218e-18,1.2742906721547016e-18,1.2874100608339335e-18,1.3006990322989097e-18,1.314160431067507e-18,1.3277971606135133e-18,1.3416121848376433e-18,1.3556085295671036e-18,1.3697892840952746e-18,1.3841576027753416e-18,1.3987167066532696e-18,1.4134698851482078e-18,1.4284204977906458e-18,1.4435719759992495e-18,1.4589278249227687e-18,1.4744916253250987e-18,1.4902670355327269e-18,1.5062577934481318e-18,1.5224677186113516e-18,1.5389007143194775e-18,1.555560769830299e-18,1.5724519626174211e-18,1.5895784607014314e-18,1.6069445250465003e-18,1.6245545120357071e-18,1.6424128760230645e-18,1.6605241719628908e-18,1.6788930581189333e-18,1.6975242988710527e-18,1.7164227675918324e-18,1.7355934496208835e-18,1.755041445348701e-18,1.7747719733766946e-18,1.794790373790149e-18,1.8151021115364628e-18,1.835712779908689e-18,1.8566281041465908e-18,1.8778539451518097e-18,1.8993963033248205e-18,1.921261322533314e-18,1.943455294204147e-18,1.9659846615581175e-18,1.9888560239791896e-18,2.012076141540942e-18,2.035651939668209e-18,2.059590513978712e-18,2.083899135275897e-18,2.1085852546903127e-18,2.133656509062511e-18,2.1591207264476785e-18,2.18498593182416e-18,2.2112603530224983e-18,2.237952426853384e-18,2.2650708054286825e-18,2.29262436275013e-18,2.320622201476675e-18,2.3490736599828916e-18,2.3779883196471823e-18,2.407376012390932e-18,2.4372468285187894e-18,2.4676111248227748e-18,2.4984795329874234e-18,2.5298629683147368e-18,2.561772638744743e-18,2.5942200542453787e-18,2.6272170365158027e-18,2.6607757290976905e-18,2.6949086078178777e-18,2.7296284916624367e-18,2.764948554051719e-18,2.8008823345440363e-18,2.837443750997758e-18,2.8746471121942796e-18,2.9125071309628677e-18,2.9510389378019855e-18,2.9902580950530755e-18,3.030180611624809e-18,3.0708229583052096e-18,3.1122020836762008e-18,3.1543354306887344e-18,3.19724095387418e-18,3.2409371372851612e-18,3.2854430131486624e-18,3.3307781812997753e-18,3.3769628293970897e-18,3.4240177540110043e-18,3.471964382539604e-18,3.520824796099967e-18,3.5706217533519315e-18,3.621378715341346e-18,3.6731198714099405e-18,3.725870166201493e-18,3.7796553278651264e-18,3.83450189745306e-18,3.8904372596136056e-18,3.94748967465919e-18,4.005688311998092e-18,4.065063285114025e-18,4.125645688051457e-18,4.187467633626013e-18,4.2505622932788035e-18,4.314963938810204e-18,4.3807079859937146e-18,4.447831040231922e-18,4.5163709442997375e-18,4.586366828363114e-18,4.6578591623190394e-18,4.730889810625923e-18,4.805502089743242e-18,4.881740828337824e-18,4.959652430384345e-18,5.039284941353818e-18,5.120688117599564e-18,5.203913499208716e-18,5.28901448648406e-18,5.376046420115479e-18,5.465066665550726e-18,5.556134701514551e-18,5.649312213121963e-18,5.744663189667304e-18,5.84225402762969e-18,5.942153638835485e-18,6.0444335643821e-18,6.149168094711858e-18,6.2564343957776e-18,6.366312642224788e-18,6.478886157595316e-18,6.594241562235142e-18,6.712468929238857e-18,6.8336619490499726e-18,6.957918103110489e-18,7.085338847309098e-18,7.21602980578833e-18,7.350100975627429e-18,7.487666943404927e-18,7.628847114151058e-18,7.773765953642096e-18,7.922553244895515e-18,8.075344359833972e-18,8.232280547055528e-18,8.393509236940443e-18,8.559184365197395e-18,8.729466716128051e-18,8.904524287015538e-18,9.084532675103797e-18,9.269675488776312e-18,9.460144784652973e-18,9.656141532499483e-18,9.857876109905636e-18,1.006556882903069e-17,1.0279450497710803e-17,1.0499763017414012e-17,1.0726760021019849e-17,1.0960707553262011e-17,1.120188479725988e-17,1.1450584850360977e-17,1.1707115553855207e-17,1.1971800379744069e-17,1.2244979380661584e-17,1.2527010205505518e-17,1.2818269189249332e-17,1.311915252049455e-17,1.343007749417043e-17,1.3751483856765155e-17,1.4083835250818847e-17,1.442762076861176e-17,1.4783356622725743e-17,1.5151587945284224e-17,1.5532890725769234e-17,1.592787390026741e-17,1.633718160610663e-17,1.6761495615589982e-17,1.720153796703911e-17,1.7658073808770962e-17,1.8131914478680958e-17,1.86239208395075e-17,1.9135006895183444e-17,1.9666143715059374e-17,2.0218363695932235e-17,2.0792765195146105e-17,2.139051757246267e-17,2.2012866680086775e-17,2.2661140848855628e-17,2.333675742005512e-17,2.4041229880715556e-17,2.477617566581345e-17,2.5543324698462406e-17,2.6344528749057485e-17,2.718177170187336e-17,2.8057180830778856e-17,2.897303919655962e-17,2.993179929568644e-17,3.093609810239078e-17,3.1988773667787445e-17,3.3092883462949476e-17,3.425172467121608e-17,3.5468856670461725e-17,3.674812597428955e-17,3.8093693940582786e-17,3.951006759810141e-17,4.100213399404323e-17,4.2575198521824475e-17,4.423502775784576e-17,4.598789741474529e-17,4.7840646109232836e-17,4.9800735754393446e-17,5.187631950868828e-17,5.407631836571074e-17,5.641050764204252e-17,5.888961482873541e-17,6.1525430515818e-17,6.433093438987108e-17,6.732043865103165e-17,7.050975160629754e-17,7.39163646892097e-17,7.755966675435974e-17,8.146119019084608e-17,8.564489427823319e-17,9.01374922299353e-17,9.496882964820097e-17,1.001723236393191e-16,1.057854737323436e-16,1.118504580492892e-16,1.1841483101635538e-16,1.2553234243935436e-16,1.3326390210682448e-16,1.4167871956132648e-16,1.5085565545962992e-16,1.6088482952869326e-16,1.7186954092114583e-16,1.8392857049759588e-16,1.9719895204263417e-16,2.11839321812637e-16,2.280339846629067e-16,2.4599787231502907e-16,2.64565872079572e-16,2.868221797059433e-16,3.117205126536937e-16,3.3967135833272335e-16,3.711636542818775e-16,4.067826786000183e-16,4.472326889092273e-16,4.933657526652939e-16,5.462187058062597e-16,6.070608597663258e-16,6.774560314140303e-16,7.593438079043448e-16,8.551468592425191e-16,9.679138279901933e-16,1.1015112495615249e-15,1.2608836774734203e-15,1.4524096118264064e-15,1.5153058133269922e-15,1.7629902834613471e-15,2.0662376413096746e-15,2.440957569259552e-15,2.908582575393875e-15,3.4983178879943716e-15,4.25044022994148e-15,5.221193206229882e-15,6.490140653184661e-15,8.171345402978392e-15,1.043056191793131e-14,1.3511966570965031e-14,1.778011771355103e-14,2.3786332361576488e-14,3.237420818220347e-14,4.484756881581074e-14,6.323668225965103e-14,9.071569564212733e-14,1.3224455671128118e-13,1.6712542858618657e-13,1.6712542858776196e-13,1.67125428698705e-13,2.5208596532954883e-13,3.8222630602757103e-13,5.808865831533411e-13,8.817104613001514e-13,1.3318026027394919e-12,1.9953487070717662e-12,2.9579240381061698e-12,4.331895605382712e-12,6.263166514494839e-12,8.93875725239561e-12,1.2593467520212684e-11,1.7512687007835542e-11,2.4028105559558408e-11,3.250410550560689e-11,4.331484271589274e-11,4.363500244195666e-11,4.363500244346159e-11,5.7223469284689527e-11,7.381231251956709e-11,9.362192883424023e-11,1.167722905404902e-10,1.4327366141658343e-10,1.7302843634816696e-10,2.0584254237031621e-10,2.414436136342106e-10,2.795027404956788e-10,3.19656850825744e-10,3.6152944616713535e-10,4.04748224097378e-10,4.4895887736064016e-10,4.938349628203806e-10,5.390841449077392e-10,5.844513525788612e-10,6.29719482959068e-10,6.747082813399466e-10,7.192719650593647e-10,7.632960677095147e-10,8.066938811928695e-10,8.494027791092517e-10,8.913806226653548e-10,9.326023825626458e-10,9.730570570575123e-10,1.012744926403939e-09,1.0516751550956333e-09,1.0898637336616271e-09,1.12733173913009e-09,1.1641038859805159e-09,1.2002073359348425e-09,1.2356707341349318e-09,1.2441685168034758e-09,1.2788794849470149e-09,1.3130159308061065e-09,1.3466068898469943e-09,1.379680623604276e-09,1.4122643783535773e-09,1.4443842239022559e-09,1.4760649466117147e-09,1.5073299958094075e-09,1.538201460843394e-09,1.5687000765542895e-09,1.5988452491676837e-09,1.6286550969979104e-09,1.658146501658256e-09,1.6873351662276131e-09,1.7162356776683448e-09,1.7448615713483448e-09,1.7732253960599134e-09,1.8013387783222668e-09,1.8292124850589357e-09,1.8568564840278857e-09,1.8842800015735507e-09,1.9114915774122866e-09,1.9384991163147984e-09,1.9653099366253875e-09,1.9919308156181188e-09,2.0183680317731316e-09,2.044627404058288e-09,2.07071432835005e-09,2.096633811132223e-09,2.122390500626153e-09,2.1479887155121368e-09,2.1734324713922385e-09,2.198725505146797e-09,2.22387129735417e-09,2.2488730928847298e-09,2.273733919834009e-09,2.2984566069101453e-09,2.323043799392876e-09,2.3474979737976146e-09,2.371821451320393e-09,2.396016410187438e-09,2.420084896989116e-09,2.4440288370768443e-09,2.467850044112797e-09,2.491550228830832e-09,2.515131007083605e-09,2.5385939072301992e-09,2.5619403769206493e-09,2.58517178932875e-09,2.608289448879091e-09,2.6312945965084013e-09,2.6541884145040403e-09,2.6769720309515024e-09,2.6996465238249043e-09,2.722212924749301e-09,2.7446722224654132e-09,2.7670253660137157e-09,2.7892732676703605e-09,2.8114168056485844e-09,2.83345682658792e-09,2.8553941478477014e-09,2.877229559620515e-09,2.898963826880758e-09,2.9205976911808345e-09,2.9421318723095333e-09,2.963567069820002e-09,2.9849039644409265e-09,3.0061432193798064e-09,3.027285481522201e-09,3.048331382544557e-09,3.0692815399419292e-09,3.0901365579690605e-09,3.1108970285188933e-09,3.1315635319329814e-09,3.1521366377464024e-09,3.1726169053804633e-09,3.193004884781352e-09,3.2133011170113113e-09,3.2243634955951984e-09,3.2445157879568498e-09,3.2645777015103607e-09,3.284549749496372e-09,3.304432438400666e-09,3.3242262683745106e-09,3.3439317336070874e-09,3.363549322658882e-09,3.3830795187675015e-09,3.402522800128932e-09,3.421879640157561e-09,3.4411505077269158e-09,3.46033586739212e-09,3.4794361795960154e-09,3.498451900859755e-09,3.517383483958906e-09,3.536231378087642e-09,3.5549960290073577e-09,3.5736778791895546e-09,3.592277367941713e-09,3.610794931530327e-09,3.629231003287459e-09,3.647586013716406e-09,3.6658603905842367e-09,3.684054559008778e-09,3.7021689415401004e-09,3.720203958234794e-09,3.73816002672436e-09,3.7560375622794245e-09,3.7738369778674755e-09,3.791558684207126e-09,3.8092030898186025e-09,3.826770601068719e-09,3.844261622214823e-09,3.861676555441611e-09,3.879015800899432e-09,3.896279756734922e-09,3.913468819124559e-09,3.930583382300635e-09,3.947623838575665e-09,3.964590578369604e-09,3.981483990229642e-09,3.998304460850169e-09,4.015052375091338e-09,4.031728115995611e-09,4.048332064804828e-09,4.0648646009717165e-09,4.081326102174786e-09,4.097716944329781e-09,4.114037501600308e-09,4.130288146408557e-09,4.146469249443599e-09,4.162581179670319e-09,4.178624304336978e-09,4.19459898898236e-09,4.21050559744213e-09,4.2263444918548335e-09,4.242116032667713e-09,4.257820578641111e-09,4.273458486853641e-09,4.289030112706209e-09,4.304535809926482e-09,4.319975930571951e-09,4.335350825033828e-09,4.3506608420401806e-09,4.365906328658991e-09,4.381087630300959e-09,4.396205090722615e-09,4.4112590520282705e-09,4.426249854673083e-09,4.4411778374652775e-09,4.4560433375685334e-09,4.47084669050421e-09,4.485588230153723e-09,4.5002682887606786e-09,4.514887196933157e-09,4.529445283645809e-09,4.5439428762422355e-09,4.5583803004369745e-09,4.572757880318256e-09,4.587075938349339e-09,4.601334795371973e-09,4.6155347706076535e-09,4.629676181661144e-09,4.643759344522023e-09,4.657784573567563e-09,4.6717521815653784e-09,4.685662479675862e-09,4.699515777455104e-09,4.713312382857758e-09,4.7270526022394e-09,4.740736740360137e-09,4.754365100387005e-09,4.767937983897508e-09,4.781455690882574e-09,4.794918519749882e-09,4.808326767327169e-09,4.821680728865686e-09,4.834980698043523e-09,4.848226966969862e-09,4.861419826187418e-09,4.874559564677099e-09,4.887646469862075e-09,4.9006808276108326e-09,4.91366292224185e-09,4.926593036527014e-09,4.939471451696567e-09,4.952298447442601e-09,4.965074301923991e-09,4.977799291770713e-09,4.990473692086937e-09,5.003097776458263e-09,5.015671816953869e-09,5.028196084132304e-09,5.040670847046026e-09,5.0530963732462286e-09,5.0654729287876956e-09,5.077800778233854e-09,5.090080184661691e-09,5.1023114096668015e-09,5.114494713368572e-09,5.1266303544155495e-09,5.138718589990529e-09,5.150759675815654e-09,5.162753866158071e-09,5.174701413835384e-09,5.1866025702209415e-09,5.198457585249567e-09,5.210266707422884e-09,5.222030183815103e-09,5.2337482600786175e-09,5.245421180449793e-09,5.257049187754609e-09,5.268632523414515e-09,5.280171427452263e-09,5.291666138497737e-09,5.303116893793891e-09,5.314523929202668e-09,5.325887479211007e-09,5.337207776936751e-09,5.348485054134818e-09,5.359719541203122e-09,5.370911467188829e-09,5.38206105979426e-09,5.393168545383274e-09,5.40423414898725e-09,5.415258094311308e-09,5.42624060374047e-09,5.43718189834625e-09,5.448082197892481e-09,5.4589417208413465e-09,5.4697606843604814e-09,5.480539304328625e-09,5.491277795342151e-09,5.501976370721262e-09,5.512635242516478e-09,5.523254621514791e-09,5.533834717246188e-09,5.54437573798991e-09,5.554877890780855e-09,5.565341381415902e-09,5.5757664144602865e-09,5.586153193254075e-09,5.596501919918431e-09,5.606812795362032e-09,5.61708601928749e-09,5.627321790197678e-09,5.6375203054021155e-09,5.647681761023326e-09,5.657806352003357e-09,5.667894272110002e-09,5.677945713943212e-09,5.687960868941479e-09,5.6979399273881575e-09,5.707883078417858e-09,5.717790510022765e-09,5.7276624090589355e-09,5.7374989612528e-09,5.747300351207196e-09,5.757066762408005e-09,5.766798377230008e-09,5.776495376943675e-09,5.78615794172112e-09,5.795786250642445e-09,5.805380481701988e-09,5.814940811814583e-09,5.824467416821689e-09,5.833960471497717e-09,5.84342014955614e-09,5.8528466236556874e-09,5.862240065406507e-09,5.871600645376298e-09,5.880928533096452e-09,5.890223897068122e-09,5.89948690476835e-09,5.908717722656126e-09,5.917916516178401e-09,5.927083449776169e-09,5.936218686890485e-09,5.9453223899683785e-09,5.945341707827003e-09,5.945360788790641e-09,5.9453797586035195e-09,5.9453986768092894e-09,5.9454175721587884e-09,5.945436458621561e-09,5.945455343004005e-09,5.945474228623044e-09,5.945493117092852e-09,5.94551200919571e-09,5.945530905307351e-09,5.9455498056028115e-09,5.945568710162101e-09,5.945587619016389e-09,5.945606532174557e-09,5.945625449633038e-09,5.94564437138294e-09,5.945663297412791e-09,5.945682227709503e-09,5.9457011622593186e-09,5.945720101048304e-09,5.945739044062091e-09,5.945757991285485e-09,5.9457769427050925e-09,5.945795898306222e-09,5.945814858074376e-09,5.945833821994544e-09,5.9458527900523e-09,5.9458717622313075e-09,5.945890738518648e-09,5.945909718899395e-09,5.9459287033579384e-09,5.9459476918807655e-09,5.94596668445168e-09,5.945985681055714e-09,5.9460046816784364e-09,5.946023686304268e-09,5.946042694918893e-09,5.946061707506246e-09,5.946080724051909e-09,5.946099744540694e-09,5.946118768956478e-09,5.946137797284526e-09,5.946156829509889e-09,5.946175865617016e-09,5.94619490559095e-09,5.946213949415876e-09,5.9462329970766426e-09,5.946252048557928e-09,5.946271103844362e-09,5.946290162920608e-09,5.946309225771267e-09,5.946328292381126e-09,5.946347362733886e-09,5.9463664368146775e-09,5.946385514608034e-09,5.94640459609847e-09,5.946423681272638e-09,5.946442770110886e-09,5.94646186259969e-09,5.946480958723421e-09,5.946500058468808e-09,5.946519161815056e-09,5.94653826875099e-09,5.946557379258296e-09,5.9465764933235185e-09,5.946595610931054e-09,5.946614732064764e-09,5.9466338567092654e-09,5.946652984849409e-09,5.946672116468215e-09,5.946691251550412e-09,5.946710390081371e-09,5.946729532045501e-09,5.946748677428868e-09,5.946767826211806e-09,5.9467869783816555e-09,5.946806133921336e-09,5.946825292816083e-09,5.946844455050419e-09,5.94686362060938e-09,5.946882789476378e-09,5.946901961637974e-09,5.946921137075658e-09,5.946940315775518e-09,5.946959497721965e-09,5.946978682899629e-09,5.94699787129245e-09,5.947017062886729e-09,5.947036257666034e-09,5.947055455615016e-09,5.947074656717108e-09,5.94709386095851e-09,5.947113068324231e-09,5.947132278797572e-09,5.947151492363848e-09,5.947170709007779e-09,5.947189928713985e-09,5.947209151467575e-09,5.947228377253655e-09,5.947247606055846e-09,5.947266837859908e-09,5.947286072649874e-09,5.947305310411301e-09,5.9473245511295295e-09,5.947343794788937e-09,5.9473630413746306e-09,5.947382290871434e-09,5.947401543264418e-09,5.947420798539035e-09,5.9474400566795404e-09,5.947459317672393e-09,5.947478581501107e-09,5.947497848151417e-09,5.947517117610645e-09,5.947536389860625e-09,5.947555664886456e-09,5.947574942676327e-09,5.947594223214364e-09,5.9476135064857335e-09,5.947632792473877e-09,5.947652081168131e-09,5.947671372552043e-09,5.947690666610746e-09,5.9477099633309436e-09,5.947729262697684e-09,5.947748564696319e-09,5.9477678693118865e-09,5.947787176530651e-09,5.94780648633832e-09,5.947825798720615e-09,5.947845113663449e-09,5.947864431152516e-09,5.947883751173672e-09,5.9479030737133345e-09,5.947922398756457e-09,5.947941726288465e-09,5.9479610562975855e-09,5.947980388768548e-09,5.947999723687922e-09,5.9480190610418545e-09,5.948038400816397e-09,5.948057742997481e-09,5.948077087571373e-09,5.948096434523896e-09,5.94811578384312e-09,5.948135135514411e-09,5.948154489524203e-09,5.948173845859474e-09,5.948193204505973e-09,5.948212565450735e-09,5.948231928680164e-09,5.948251294181026e-09,5.948270661939785e-09,5.948290031943896e-09,5.948309404179819e-09,5.948328778634685e-09,5.94834815529482e-09,5.9483675341476025e-09,5.948386915179531e-09,5.948406298376775e-09,5.948425683728369e-09,5.9484450712225595e-09,5.948464460842753e-09,5.948483852578205e-09,5.948503246415986e-09,5.948522642343744e-09,5.948542040347723e-09,5.94856144041614e-09,5.9485808425373275e-09,5.948600246697889e-09,5.948619652885367e-09,5.9486390610876265e-09,5.948658471291731e-09,5.948677883485764e-09,5.948697297658262e-09,5.948716713794389e-09,5.948736131884224e-09,5.948755551915955e-09,5.948774973877984e-09,5.9487943977568324e-09,5.9488138235401294e-09,5.948833251216924e-09,5.948852680774793e-09,5.948872112197165e-09,5.948891545485315e-09,5.9489109806171025e-09,5.948930417583148e-09,5.948949856372217e-09,5.9489692969721486e-09,5.9489887393719564e-09,5.949008183560668e-09,5.949027629526333e-09,5.9490470772575965e-09,5.949066526743111e-09,5.949085977971648e-09,5.949105430932827e-09,5.94912488561366e-09,5.949144342004157e-09,5.9491638000930505e-09,5.949183259870123e-09,5.9492027213231554e-09,5.949222184441792e-09,5.949241649215166e-09,5.9492611156324676e-09,5.9492805836828195e-09,5.949300053355733e-09,5.949319524640443e-09,5.9493389975263335e-09,5.9493584720028365e-09,5.949377948060034e-09,5.949397425686759e-09,5.949416904872605e-09,5.949436385607248e-09,5.94945586787928e-09,5.949475351679595e-09,5.949494836997985e-09,5.949514323824281e-09,5.949533812148367e-09,5.949553301960173e-09,5.949572793249678e-09,5.949592286006912e-09,5.949611780221964e-09,5.949631275884955e-09,5.949650772986065e-09,5.9496702715155206e-09,5.949689771463699e-09,5.9497092728160545e-09,5.949728775572495e-09,5.949748279713401e-09,5.949767785239971e-09,5.949787292138459e-09,5.9498068003973395e-09,5.949826310008121e-09,5.949845820967624e-09,5.949865333255383e-09,5.949884846865978e-09,5.949904361792246e-09,5.949923878024082e-09,5.949943395552177e-09,5.949962914367159e-09,5.949982434458042e-09,5.950001955821847e-09,5.9500214784462794e-09,5.95004100232262e-09,5.9500605274418316e-09,5.950080053795825e-09,5.950099581375009e-09,5.950119110171042e-09,5.9501386401759786e-09,5.950158171379626e-09,5.950177703774371e-09,5.9501972373517206e-09,5.950216772103228e-09,5.950236308020494e-09,5.950255845095153e-09,5.9502753833188024e-09,5.9502949226850205e-09,5.950314463182036e-09,5.950334004804518e-09,5.950353547542306e-09,5.950373091388621e-09,5.950392636335828e-09,5.95041218237457e-09,5.950431729497581e-09,5.950451277696879e-09,5.950470826964753e-09,5.950490377291863e-09,5.950509928671854e-09,5.950529481098374e-09,5.950549034562547e-09,5.950568589054791e-09,5.9505881445713245e-09,5.950607701101463e-09,5.95062725863952e-09,5.950646817179119e-09,5.9506663767091675e-09,5.9506859372179045e-09,5.950705498709933e-09,5.950725061172893e-09,5.950744624599197e-09,5.9507641889806795e-09,5.95078375431156e-09,5.950803320583789e-09,5.9508228877897475e-09,5.950842455931695e-09,5.9508620249843846e-09,5.9508815949515845e-09,5.9509011658268956e-09,5.950920737600699e-09,5.95094031026589e-09,5.950959883816842e-09,5.95097945824804e-09,5.950999033549685e-09,5.951018609716767e-09,5.951038186742801e-09,5.95105776462365e-09,5.9510773433501376e-09,5.951096922915886e-09,5.951116503314646e-09,5.951136084539688e-09,5.951155666583716e-09,5.951175249442936e-09,5.95119483310897e-09,5.951214417576381e-09,5.95123400283847e-09,5.951253588889028e-09,5.951273175721853e-09,5.951292763330803e-09,5.951312351709777e-09,5.951331940852505e-09,5.9513515307531576e-09,5.951371121402619e-09,5.951390712797691e-09,5.9514103049331115e-09,5.951429897802803e-09,5.951449491400933e-09,5.951469085721991e-09,5.951488680759556e-09,5.951508276510705e-09,5.951527872959091e-09,5.951547470117066e-09,5.951567067969409e-09,5.951586666510522e-09,5.951606265734645e-09,5.9516258656342736e-09,5.951645466203816e-09,5.9516650674409e-09,5.951684669338315e-09,5.9517042718908785e-09,5.951723875093255e-09,5.951743478940155e-09,5.951763083426318e-09,5.951782688546475e-09,5.951802294295412e-09,5.951821900667915e-09,5.951841507658853e-09,5.951861115269881e-09,5.9518807234890915e-09,5.951900332311261e-09,5.951919941731458e-09,5.951939551744723e-09,5.951959162345985e-09,5.951978773530381e-09,5.951998385292848e-09,5.952017997628645e-09,5.9520376105328205e-09,5.952057224000598e-09,5.952076838027209e-09,5.952096452607833e-09,5.952116067737877e-09,5.952135683412569e-09,5.9521552996272244e-09,5.952174916377201e-09,5.95219453365235e-09,5.9522141514534735e-09,5.9522337697762856e-09,5.952253388616163e-09,5.952273007968718e-09,5.9522926278291136e-09,5.952312248192812e-09,5.952331869055791e-09,5.95235149041367e-09,5.952371112262143e-09,5.952390734596785e-09,5.952410357409908e-09,5.9524299807043114e-09,5.952449604472069e-09,5.952469228708865e-09,5.952488853410605e-09,5.9525084785841915e-09,5.952528104201192e-09,5.952547730275139e-09,5.952567356795852e-09,5.952586983761124e-09,5.9526066111668695e-09,5.9526262390092615e-09,5.952645867285058e-09,5.952665495988806e-09,5.952685125117237e-09,5.9527047546753685e-09,5.952724384640837e-09,5.9527440150198396e-09,5.952763645807277e-09,5.952783277001047e-09,5.9528029085976115e-09,5.952822540590797e-09,5.952842172989588e-09,5.952861805765988e-09,5.952881438927687e-09,5.952901072475685e-09,5.952920706417745e-09,5.9529403407205874e-09,5.9529599753952845e-09,5.952979610438753e-09,5.952999245847769e-09,5.953018881618904e-09,5.953038517749447e-09,5.953058154234604e-09,5.9530777910660875e-09,5.95309742824816e-09,5.953117065776691e-09,5.95313670364278e-09,5.9531563418497686e-09,5.953175980392884e-09,5.953195619266774e-09,5.9532152584686466e-09,5.953234897994267e-09,5.953254537841409e-09,5.95327417801479e-09,5.953293818497289e-09,5.953313459291216e-09,5.953333100394064e-09,5.953352741802464e-09,5.953372383513235e-09,5.9533920255377916e-09,5.953411667844925e-09,5.9534313104579185e-09,5.9534509533542325e-09,5.9534705965332e-09,5.9534902399948604e-09,5.953509883737785e-09,5.9535295277592355e-09,5.953549172056974e-09,5.953568816626749e-09,5.9535884614738324e-09,5.953608106584269e-09,5.953627751961182e-09,5.9536473975945505e-09,5.953667043481402e-09,5.953686689629775e-09,5.953706336040047e-09,5.953725982690911e-09,5.953745629589528e-09,5.953765276732404e-09,5.95378492411784e-09,5.953804571742462e-09,5.9538242196041906e-09,5.953843867700018e-09,5.953863516027398e-09,5.953883164583231e-09,5.95390281336523e-09,5.953922462371587e-09,5.95394211160318e-09,5.953961761049121e-09,5.953981410712875e-09,5.9540010605890974e-09,5.954020710675652e-09,5.954040360966676e-09,5.9540600114661535e-09,5.954079662170466e-09,5.9540993130762185e-09,5.954118964189178e-09,5.9541386154931295e-09,5.954158266990041e-09,5.954177918674393e-09,5.954197570552512e-09,5.954217222621983e-09,5.954236874874458e-09,5.954256527300094e-09,5.954276179913951e-09,5.954295832706677e-09,5.95431548567554e-09,5.954335138817994e-09,5.9543547921322126e-09,5.95437444561573e-09,5.954394099266555e-09,5.954413753082439e-09,5.954433407061248e-09,5.954453061200842e-09,5.95447271549911e-09,5.95449236995395e-09,5.954512024563283e-09,5.954531679325033e-09,5.95455133423716e-09,5.954570989297608e-09,5.9545906445043506e-09,5.954610299855386e-09,5.954629955348703e-09,5.954649610982326e-09,5.954669266754276e-09,5.954688922662602e-09,5.9547085787053584e-09,5.9547282348806096e-09,5.954747891186449e-09,5.9547675476209654e-09,5.954787204182266e-09,5.9548068608684814e-09,5.954826517677751e-09,5.9548461746082146e-09,5.954865831658035e-09,5.954885488825388e-09,5.954905146108466e-09,5.954924803511771e-09,5.954944461017661e-09,5.954964118633686e-09,5.954983776359133e-09,5.9550034341917386e-09,5.955023092137389e-09,5.95504275018559e-09,5.95506240833679e-09,5.955082066581584e-09,5.95510172494124e-09,5.955121383380751e-09,5.955141041915306e-09,5.9551607005431576e-09,5.95518035926267e-09,5.955200018072213e-09,5.955219676968196e-09,5.955239335950961e-09,5.955258995018926e-09,5.955278654170504e-09,5.955298313404107e-09,5.955317972718177e-09,5.955337632111154e-09,5.955357291581503e-09,5.9553769511276925e-09,5.9553966107482005e-09,5.955416270441514e-09,5.95543593020613e-09,5.95545559004057e-09,5.95547524994335e-09,5.955494909912991e-09,5.955514569948029e-09,5.955534230047032e-09,5.955553890210441e-09,5.955573550434952e-09,5.9555932107191464e-09,5.955612871061577e-09,5.955632531460916e-09,5.9556521919157005e-09,5.955671852424206e-09,5.955691512985488e-09,5.955711173598193e-09,5.955730834260964e-09,5.955750494972466e-09,5.955770155731378e-09,5.955789816536368e-09,5.9558094773858864e-09,5.955829138278807e-09,5.955848799214235e-09,5.955868460189147e-09,5.955888121206009e-09,5.955907782262083e-09,5.95592744335806e-09,5.955947104484942e-09,5.95596676564975e-09,5.955986426838294e-09,5.95600608806793e-09,5.956025749310823e-09,5.956045410597178e-09,5.956065071915615e-09,5.956084733274176e-09,5.95610439465482e-09,5.9561240560506686e-09,5.9561437174712804e-09,5.956163378915624e-09,5.956183040392227e-09,5.956202701878941e-09,5.956222363384657e-09,5.9562420249061815e-09,5.956261686445157e-09,5.956281348002134e-09,5.95630100957313e-09,5.956320671157129e-09,5.956340332753863e-09,5.956359994362751e-09,5.95637965597869e-09,5.956399317607704e-09,5.9564189792452725e-09,5.956438640890378e-09,5.9564583025417385e-09,5.956477964198182e-09,5.9564976258582106e-09,5.956517287522505e-09,5.9565369491890905e-09,5.956556610857031e-09,5.956576272525458e-09,5.956595934192871e-09,5.956615595859838e-09,5.956635257526754e-09,5.9566549191927475e-09,5.956674580849278e-09,5.956694242498483e-09,5.9567139041423325e-09,5.956733565777895e-09,5.9567532274060545e-09,5.956772889030203e-09,5.956792550642581e-09,5.956812212245538e-09,5.9568318738289825e-09,5.956851535402406e-09,5.956871196961565e-09,5.956890858507409e-09,5.956910520038057e-09,5.956930181548981e-09,5.956949843043278e-09,5.956969504507096e-09,5.956989165967406e-09,5.957008827406643e-09,5.957028488825177e-09,5.957048150222128e-09,5.957067811597376e-09,5.95708747293609e-09,5.957107134250564e-09,5.957126795554376e-09,5.957146456831936e-09,5.957166118084816e-09,5.95718577930924e-09,5.957205440506658e-09,5.957225101675608e-09,5.957244762813705e-09,5.957264423921755e-09,5.957284085005574e-09,5.957303746044648e-09,5.957323407057652e-09,5.957343068037916e-09,5.957362728983279e-09,5.957382389895637e-09,5.957402050771711e-09,5.957421711609568e-09,5.957441372411292e-09,5.957461033164898e-09,5.957480693892227e-09,5.9575003545901334e-09,5.957520015238753e-09,5.957539675849722e-09,5.957559336416919e-09,5.957578996948097e-09,5.9575986574427095e-09,5.957618317880241e-09,5.957637978276375e-09,5.957657638627807e-09,5.957677298930268e-09,5.957696959190737e-09,5.9577166194047466e-09,5.957736279571387e-09,5.9577559396961844e-09,5.957775599766752e-09,5.957795259788247e-09,5.957814919748775e-09,5.957834579670443e-09,5.9578542395408704e-09,5.957873899359918e-09,5.957893559127104e-09,5.957913218841784e-09,5.9579328785031504e-09,5.957952538112125e-09,5.957972197662954e-09,5.9579918571626944e-09,5.9580115166050145e-09,5.95803117599063e-09,5.958050835319409e-09,5.958070494591847e-09,5.958090153805727e-09,5.958109812964053e-09,5.9581294720583735e-09,5.958149131090568e-09,5.958168790064856e-09,5.958188448980558e-09,5.958208107832777e-09,5.958227766625306e-09,5.958247425356452e-09,5.958267084030479e-09,5.9582867426331674e-09,5.958306401172818e-09,5.958326059648116e-09,5.958345718058274e-09,5.958365376403004e-09,5.958385034681881e-09,5.9584046928940275e-09,5.958424351038634e-09,5.958444009116106e-09,5.958463667125628e-09,5.95848332506666e-09,5.958502982940479e-09,5.958522640743625e-09,5.958542298473174e-09,5.958561956134466e-09,5.958581613725485e-09,5.9586012712574665e-09,5.958620928706614e-09,5.958640586082302e-09,5.958660243400202e-09,5.958679900629163e-09,5.958699557784778e-09,5.958719214866215e-09,5.958738871873659e-09,5.958758528804961e-09,5.958778185661134e-09,5.958797842441636e-09,5.958817499145761e-09,5.958837155773367e-09,5.9588568123235564e-09,5.958876468796331e-09,5.9588961251905115e-09,5.958915781506002e-09,5.958935437743059e-09,5.958955093900869e-09,5.9589747499787315e-09,5.95899440598857e-09,5.959014061906077e-09,5.959033717744692e-09,5.9590533735094775e-09,5.959073029182462e-09,5.959092684773768e-09,5.959112340282533e-09,5.9591319957082814e-09,5.95915165105058e-09,5.959171306310018e-09,5.959190961485454e-09,5.959210616575722e-09,5.959230271581884e-09,5.959249926502409e-09,5.959269581340787e-09,5.959289236089957e-09,5.959308890753008e-09,5.9593285453304475e-09,5.959348199819924e-09,5.959367854224883e-09,5.959387508539447e-09,5.9594071627660584e-09,5.959426816913466e-09,5.959446470962451e-09,5.959466124922959e-09,5.9594857787938295e-09,5.95950543257517e-09,5.959525086266357e-09,5.959544739867463e-09,5.959564393373829e-09,5.959584046789441e-09,5.959603700117318e-09,5.959623353353393e-09,5.959643006500223e-09,5.959662659552168e-09,5.9596823125120735e-09,5.959701965378342e-09,5.9597216181551246e-09,5.959741270837653e-09,5.9597609234249815e-09,5.959780575915048e-09,5.959800228307391e-09,5.95981988061072e-09,5.959839532818529e-09,5.959859184930277e-09,5.95987883694997e-09,5.9598984888839e-09,5.9599181407082765e-09,5.9599377924418035e-09,5.959957444074332e-09,5.959977095608376e-09,5.959996747044545e-09,5.9600163983845654e-09,5.960036049625982e-09,5.960055700769179e-09,5.960075351813119e-09,5.960095002758401e-09,5.96011465360528e-09,5.960134304352214e-09,5.960153955000736e-09,5.9601736055494e-09,5.9601932559981005e-09,5.960212906345446e-09,5.960232556592149e-09,5.9602522067392334e-09,5.960271856785358e-09,5.960291506728796e-09,5.960311156571944e-09,5.960330806313229e-09,5.960350455952498e-09,5.960370105488087e-09,5.960389754922262e-09,5.960409404253917e-09,5.960429053481738e-09,5.9604487026063824e-09,5.9604683516279275e-09,5.960488000544171e-09,5.960507649357677e-09,5.960527298067062e-09,5.960546946672071e-09,5.960566595177199e-09,5.960586243572723e-09,5.960605891863201e-09,5.96062554005262e-09,5.960645188132342e-09,5.9606648361063554e-09,5.960684483977909e-09,5.960704131739028e-09,5.960723779413298e-09,5.960743426966007e-09,5.960763074408187e-09,5.960782721744603e-09,5.960802368972761e-09,5.960822016097161e-09,5.960841663111711e-09,5.9608613100095836e-09,5.9608809568082594e-09,5.960900603493149e-09,5.96092025007515e-09,5.9609398965487554e-09,5.960959542913334e-09,5.960979189163343e-09,5.960998835307942e-09,5.961018481339326e-09,5.961038127264921e-09,5.961057773072078e-09,5.961077418799719e-09,5.961097064391751e-09,5.961116709873468e-09,5.961136355244596e-09,5.961156000508812e-09,5.961175645662145e-09,5.961195290707373e-09,5.961214935640076e-09,5.961234580461314e-09,5.9612542251677985e-09,5.9612738697816025e-09,5.961293514262376e-09,5.961313158638875e-09,5.961332802900371e-09,5.961352447048018e-09,5.961372091081231e-09,5.9613917349998914e-09,5.961411378805626e-09,5.961431022500374e-09,5.961450666084379e-09,5.961470309558159e-09,5.9614899529033116e-09,5.961509596146506e-09,5.961529239273397e-09,5.961548882286266e-09,5.961568525189747e-09,5.961588167979934e-09,5.961607810639207e-09,5.961627453194331e-09,5.961647095629861e-09,5.961666737955251e-09,5.961686380169507e-09,5.961706022265895e-09,5.9617256642434e-09,5.961745306111536e-09,5.961764947863943e-09,5.961784589495783e-09,5.961804230989859e-09,5.961823872394057e-09,5.96184351367066e-09,5.961863154841974e-09,5.9618827958957736e-09,5.961902436833932e-09,5.961922077651865e-09,5.961941718365015e-09,5.961961358948883e-09,5.9619809994233364e-09,5.9620006397790305e-09,5.9620202800106905e-09,5.962039920124995e-09,5.962059560121619e-09,5.962079200002463e-09,5.962098839762671e-09,5.962118479405315e-09,5.962138118929005e-09,5.962157758334704e-09,5.9621773976239305e-09,5.962197036792913e-09,5.962216675844765e-09,5.962236314776221e-09,5.9622559535919065e-09,5.962275592285498e-09,5.962295230859345e-09,5.962314869318768e-09,5.9623345076557375e-09,5.962354145866861e-09,5.962373783963055e-09,5.962393421941782e-09,5.962413059802972e-09,5.962432697532075e-09,5.962452335145652e-09,5.962471972648147e-09,5.962491610025654e-09,5.9625112472787684e-09,5.962530884413677e-09,5.962550521427903e-09,5.962570158326374e-09,5.962589795087117e-09,5.962609431740374e-09,5.962629068280924e-09,5.962648704698205e-09,5.962668340997293e-09,5.9626879771620404e-09,5.962707613208541e-09,5.962727249139348e-09,5.962746884941323e-09,5.962766520619881e-09,5.962786156179862e-09,5.962805791624802e-09,5.962825426941498e-09,5.9628450621356325e-09,5.9628646972086344e-09,5.9628843321561174e-09,5.962903966991667e-09,5.962923601694145e-09,5.962943236273974e-09,5.962962870731087e-09,5.9629825050697614e-09,5.9630021392811406e-09,5.963021773373276e-09,5.963041407338541e-09,5.9630610411871894e-09,5.963080674907048e-09,5.9631003085057674e-09,5.963119941979589e-09,5.963139575332328e-09,5.96315920856408e-09,5.963178841671887e-09,5.9631984746574895e-09,5.963218107512437e-09,5.9632377402434285e-09,5.963257372849195e-09,5.963277005330733e-09,5.963296637695496e-09,5.9633162699334274e-09,5.963335902044186e-09,5.963355534048211e-09,5.963375165909394e-09,5.963394797647011e-09,5.963414429263564e-09,5.963434060755608e-09,5.963453692122211e-09,5.963473323362223e-09,5.9634929544809335e-09,5.96351258546554e-09,5.963532216328069e-09,5.963551847065369e-09,5.96357147768183e-09,5.963591108168511e-09,5.9636107385347925e-09,5.9636303687724844e-09,5.963649998882835e-09,5.963669628871063e-09,5.963689258715545e-09,5.963708888448475e-09,5.963728518055937e-09,5.963748147539623e-09,5.963767776895767e-09,5.9637874061258305e-09,5.963807035233769e-09,5.963826664217136e-09,5.963846293066299e-09,5.963865921797767e-09,5.963885550401053e-09,5.963905178878509e-09,5.9639248072265514e-09,5.963944435445732e-09,5.963964063541064e-09,5.9639836915094735e-09,5.964003319347678e-09,5.96402294706169e-09,5.964042574648288e-09,5.964062202106377e-09,5.964081829449304e-09,5.964101456624132e-09,5.964121083702386e-09,5.964140710653784e-09,5.964160337476661e-09,5.964179964178971e-09,5.9641995907477495e-09,5.96421921719574e-09,5.964238843522442e-09,5.96425846971075e-09,5.9642780957710555e-09,5.964297721703347e-09,5.964317347521019e-09,5.9643369732000475e-09,5.964356598765359e-09,5.9643762241837655e-09,5.964395849477699e-09,5.964415474647171e-09,5.964435099685021e-09,5.964454724594879e-09,5.9644743493782095e-09,5.9644939740336284e-09,5.964513598559015e-09,5.9645332229566146e-09,5.9645528472224505e-09,5.964572471364082e-09,5.96459209539779e-09,5.9646117192832405e-09,5.96463134303966e-09,5.9646509666694376e-09,5.964670590169541e-09,5.964690213538768e-09,5.964709836770873e-09,5.964729459878684e-09,5.964749082861719e-09,5.964768705717368e-09,5.964788328445855e-09,5.964807951037636e-09,5.964827573505865e-09,5.964847195842095e-09,5.964866818056283e-09,5.964886440138733e-09,5.964906062093692e-09,5.964925683917976e-09,5.964945305613989e-09,5.9649649271711894e-09,5.964984548604676e-09,5.9650041699077885e-09,5.965023791084803e-09,5.965043412142283e-09,5.965063033039447e-09,5.965082653814246e-09,5.965102274470263e-09,5.965121895000666e-09,5.9651415154018495e-09,5.965161135661485e-09,5.965180755802156e-09,5.965200375815751e-09,5.965219995694686e-09,5.965239615445414e-09,5.965259235054645e-09,5.9652788545467855e-09,5.965298473908384e-09,5.965318093140497e-09,5.965337712244215e-09,5.965357331216214e-09,5.965376950058172e-09,5.965396568770065e-09,5.965416187352614e-09,5.9654358058055174e-09,5.96545542412822e-09,5.965475042319335e-09,5.96549466038154e-09,5.96551427831229e-09,5.9655338961141484e-09,5.9655535137893236e-09,5.965573131305222e-09,5.965592748684025e-09,5.965612365963811e-09,5.9656319831096754e-09,5.965651600147979e-09,5.965671217037924e-09,5.965690833795117e-09,5.965710450418381e-09,5.965730066884536e-09,5.965749683252505e-09,5.965769299489537e-09,5.965788915593576e-09,5.965808531553911e-09,5.965828147396439e-09,5.965847763107051e-09,5.965867378685848e-09,5.965886994121846e-09,5.965906609441078e-09,5.9659262246255125e-09,5.9659458396828306e-09,5.965965454609443e-09,5.96598506940354e-09,5.96600468406408e-09,5.966024298599499e-09,5.9660439129978655e-09,5.9660635272555034e-09,5.966083141397625e-09,5.9661027554052696e-09,5.966122369281699e-09,5.966141983029753e-09,5.966161596643757e-09,5.9661812101237e-09,5.966200823475017e-09,5.9662204366977e-09,5.966240049767855e-09,5.966259662730893e-09,5.966279275556294e-09,5.966298888247624e-09,5.966318500809585e-09,5.966338113211931e-09,5.966357725512199e-09,5.966377337688467e-09,5.966396949725152e-09,5.966416561603547e-09,5.966436173381887e-09,5.966455785025774e-09,5.96647539654239e-09,5.96649500792051e-09,5.966514619167529e-09,5.966534230283937e-09,5.966553841264573e-09,5.966573452115985e-09,5.9665930628397794e-09,5.966612673427645e-09,5.9666322838864224e-09,5.966651894211523e-09,5.96667150440427e-09,5.966691114468584e-09,5.9667107243974475e-09,5.966730334195519e-09,5.966749943869663e-09,5.966769553402289e-09,5.9667891628028695e-09,5.9668087720713245e-09,5.966828381208018e-09,5.9668479902098e-09,5.966867599086232e-09,5.966887207823734e-09,5.966906816432773e-09,5.966926424910068e-09,5.9669460332623725e-09,5.966965641477746e-09,5.96698524955565e-09,5.967004857502633e-09,5.967024465316916e-09,5.967044072992282e-09,5.967063680543273e-09,5.967083287961302e-09,5.967102895244545e-09,5.967122502395091e-09,5.967142109414769e-09,5.9671617163061295e-09,5.967181323063742e-09,5.967200929686145e-09,5.967220536184056e-09,5.967240142543716e-09,5.967259748773221e-09,5.9672793548680475e-09,5.967298960828117e-09,5.967318566662352e-09,5.967338172356647e-09,5.967357777919608e-09,5.967377383349481e-09,5.967396988654053e-09,5.967416593821403e-09,5.96743619884537e-09,5.9674558037464105e-09,5.967475408515485e-09,5.967495013151815e-09,5.967514617654428e-09,5.9675342220304945e-09,5.967553826264937e-09,5.96757343036987e-09,5.967593034342076e-09,5.967612638181285e-09,5.967632241887736e-09,5.967651845461633e-09,5.967671448903371e-09,5.967691052211743e-09,5.967710655387438e-09,5.967730258430082e-09,5.967749861340112e-09,5.9677694641156595e-09,5.967789066759971e-09,5.967808669271405e-09,5.967828271649939e-09,5.967847873892604e-09,5.967867476005201e-09,5.967887077984977e-09,5.967906679845228e-09,5.967926281570958e-09,5.967945883159941e-09,5.967965484619518e-09,5.967985085934443e-09,5.968004687126141e-09,5.968024288184534e-09,5.968043889106609e-09,5.968063489898318e-09,5.96808309054765e-09,5.9681026910647765e-09,5.968122291448139e-09,5.968141891698405e-09,5.968161491822157e-09,5.968181091805924e-09,5.968200691652428e-09,5.968220291370864e-09,5.96823989095524e-09,5.968259490406504e-09,5.968279089725588e-09,5.9682986889104934e-09,5.9683182879618005e-09,5.968337886880621e-09,5.968357485671333e-09,5.968377084323672e-09,5.9683966828432575e-09,5.968416281215807e-09,5.968435879468498e-09,5.968455477586257e-09,5.968475075572402e-09,5.968494673417635e-09,5.968514271120852e-09,5.968533868708606e-09,5.9685534661628365e-09,5.968573063480224e-09,5.968592660659336e-09,5.96861225771239e-09,5.968631854636266e-09,5.968651451426229e-09,5.9686710480804006e-09,5.96869064460121e-09,5.968710240987466e-09,5.968729837271076e-09,5.96874943339056e-09,5.9687690293765936e-09,5.968788625228913e-09,5.968808220948112e-09,5.968827816533651e-09,5.968847411985963e-09,5.9688670073048255e-09,5.96888660249022e-09,5.968906197542117e-09,5.968925792460389e-09,5.968945387245272e-09,5.968964981896721e-09,5.968984576414705e-09,5.9690041708002895e-09,5.969023765052408e-09,5.969043359169794e-09,5.969062953154779e-09,5.969082547006475e-09,5.9691021407248054e-09,5.969121734309196e-09,5.969141327758872e-09,5.9691609210749725e-09,5.969180514258625e-09,5.969200107307115e-09,5.969219700220358e-09,5.9692392930020865e-09,5.9692588856497376e-09,5.9692784781639e-09,5.9692980705461914e-09,5.969317662793455e-09,5.969337254906167e-09,5.9693568468856675e-09,5.969376438732023e-09,5.969396030447165e-09,5.969415622021768e-09,5.969435213468747e-09,5.969454804786471e-09,5.969474395964402e-09,5.969493987008436e-09,5.969513577924981e-09,5.9695331687044445e-09,5.969552759354556e-09,5.969572349878143e-09,5.96959194025667e-09,5.9696115305092715e-09,5.969631120623976e-09,5.969650710605472e-09,5.9696703004451545e-09,5.969689890152482e-09,5.969709479736386e-09,5.9697290691751405e-09,5.9697486584789065e-09,5.9697682476503286e-09,5.969787836704046e-09,5.969807425608983e-09,5.969827014379676e-09,5.969846603016942e-09,5.96986619151999e-09,5.969885779887571e-09,5.969905368121463e-09,5.969924956223581e-09,5.969944544191912e-09,5.969964132025966e-09,5.969983719726162e-09,5.970003307292984e-09,5.970022894724957e-09,5.9700424820255425e-09,5.970062069190029e-09,5.970081656220505e-09,5.970101243117119e-09,5.970120829877376e-09,5.970140416508781e-09,5.970160003004856e-09,5.9701795893666495e-09,5.9701991756171215e-09,5.9702187617108055e-09,5.9702383476705235e-09,5.970257933518653e-09,5.970277519210673e-09,5.9702971047687825e-09,5.970316690192994e-09,5.9703362754836475e-09,5.970355860640422e-09,5.9703754456769924e-09,5.9703950305693835e-09,5.970414615324122e-09,5.970434199945208e-09,5.970453784431566e-09,5.970473368784459e-09,5.9704929530037565e-09,5.970512537092668e-09,5.970532121047544e-09,5.970551704868515e-09,5.970571288552068e-09,5.970590872101293e-09,5.970610455516956e-09,5.970630038798789e-09,5.97064962194651e-09,5.970669204962644e-09,5.970688787842434e-09,5.970708370591744e-09,5.970727953205114e-09,5.970747535686178e-09,5.970767118033435e-09,5.970786700248199e-09,5.970806282327692e-09,5.970825864272531e-09,5.970845446084928e-09,5.970865027760548e-09,5.970884609304595e-09,5.9709041907141914e-09,5.970923771986201e-09,5.9709433531241275e-09,5.9709629341311164e-09,5.970982515003085e-09,5.971002095739059e-09,5.971021676348029e-09,5.971041256814504e-09,5.971060837147111e-09,5.971080417345457e-09,5.9710999974082634e-09,5.971119577339098e-09,5.971139157135635e-09,5.971158736802161e-09,5.971178316331851e-09,5.9711978957258415e-09,5.971217474990099e-09,5.9712370541202615e-09,5.9712566331105635e-09,5.971276211972693e-09,5.971295790700814e-09,5.971315369289312e-09,5.9713349477468545e-09,5.971354526072646e-09,5.971374104269825e-09,5.971393682321634e-09,5.971413260241426e-09,5.971432838028603e-09,5.971452415678535e-09,5.971471993197568e-09,5.9714915705848376e-09,5.9715111478274665e-09,5.97153072494416e-09,5.971550301925014e-09,5.971569878773547e-09,5.971589455488064e-09,5.971609032068454e-09,5.971628608514725e-09,5.971648184826906e-09,5.971667761004788e-09,5.971687337048794e-09,5.9717069129588444e-09,5.971726488734714e-09,5.971746064373843e-09,5.971765639879253e-09,5.9717852152527355e-09,5.9718047904922134e-09,5.9718243656043105e-09,5.971843940575391e-09,5.971863515417029e-09,5.971883090120094e-09,5.971902664660917e-09,5.9719222390953984e-09,5.971941813396007e-09,5.97196138756416e-09,5.971980961596524e-09,5.972000535498987e-09,5.972020109286613e-09,5.972039682907861e-09,5.972059256402042e-09,5.97207882976267e-09,5.972098402986303e-09,5.972117976078414e-09,5.9721375490418805e-09,5.972157121865445e-09,5.9721766945576815e-09,5.97219626708587e-09,5.9722158395048215e-09,5.972235411794293e-09,5.9722549839488455e-09,5.972274555968733e-09,5.972294127848347e-09,5.972313699584496e-09,5.972333271205093e-09,5.9723528426630755e-09,5.9723724140127134e-09,5.972391985201585e-09,5.972411556282958e-09,5.972431127233394e-09,5.972450698039177e-09,5.972470268717566e-09,5.972489839262374e-09,5.972509409634007e-09,5.972528979910525e-09,5.9725485500666434e-09,5.972568120074874e-09,5.972587689950481e-09,5.972607259691697e-09,5.972626829298594e-09,5.9726463987767e-09,5.972665968127808e-09,5.97268553734001e-09,5.972705106405036e-09,5.972724675347524e-09,5.972744244149061e-09,5.972763812812677e-09,5.972783381346244e-09,5.9728029497459125e-09,5.9728225180124175e-09,5.972842086142017e-09,5.972861654134665e-09,5.9728812219929476e-09,5.972900789720425e-09,5.972920357310752e-09,5.972939924770267e-09,5.97295949209562e-09,5.972979059286315e-09,5.972998626340728e-09,5.973018193259852e-09,5.973037760039213e-09,5.9730573266921464e-09,5.97307689320485e-09,5.973096459592862e-09,5.973116025854343e-09,5.973135591971835e-09,5.973155157955517e-09,5.97317472380171e-09,5.973194289524349e-09,5.9732138551018005e-09,5.97323342054142e-09,5.973252985854258e-09,5.973272551033998e-09,5.9732921160780845e-09,5.973311680978839e-09,5.973331245725212e-09,5.973350810367319e-09,5.973370374876773e-09,5.973389939237573e-09,5.973409503477361e-09,5.9734290675835894e-09,5.973448631554908e-09,5.973468195393792e-09,5.973487759089203e-09,5.973507322657968e-09,5.973526886093565e-09,5.973546449395559e-09,5.97356601256828e-09,5.973585575600361e-09,5.9736051385001e-09,5.9736247012503875e-09,5.9736442638812365e-09,5.9736638263778945e-09,5.9736833887403665e-09,5.973702950972514e-09,5.973722513072926e-09,5.973742075005089e-09,5.973761636801502e-09,5.97378119848176e-09,5.973800760039998e-09,5.973820321454476e-09,5.973839882742601e-09,5.973859443865971e-09,5.973879004881178e-09,5.973898565773294e-09,5.973918126525331e-09,5.973937687143166e-09,5.97395724763298e-09,5.973976807989138e-09,5.9739963682054e-09,5.97401592827557e-09,5.974035488223008e-09,5.97405504804032e-09,5.974074607717539e-09,5.974094167260835e-09,5.974113726669847e-09,5.974133285936525e-09,5.97415284507766e-09,5.9741724040864896e-09,5.974191962958985e-09,5.9742115216952326e-09,5.974231080301581e-09,5.974250638766798e-09,5.974270197104689e-09,5.9742897553103556e-09,5.974309313366799e-09,5.974328871332873e-09,5.974348429137942e-09,5.9743679868057414e-09,5.974387544337944e-09,5.9744071017305265e-09,5.974426658998207e-09,5.974446216126576e-09,5.974465773122336e-09,5.974485329961474e-09,5.9745048867037325e-09,5.9745244432971945e-09,5.974543999757258e-09,5.974563556074046e-09,5.9745831122643985e-09,5.974602668321293e-09,5.9746222242509645e-09,5.97464178006409e-09,5.97466133571818e-09,5.974680891225079e-09,5.97470044660173e-09,5.9747200018551906e-09,5.974739556997474e-09,5.974759111977315e-09,5.974778666857178e-09,5.974798221568764e-09,5.974817776150169e-09,5.9748373305974125e-09,5.974856884906741e-09,5.9748764390829464e-09,5.974895993127e-09,5.974915547035429e-09,5.974935100811911e-09,5.974954654451212e-09,5.9749742079594484e-09,5.974993761333047e-09,5.975013314560962e-09,5.975032867666832e-09,5.97505242063858e-09,5.975071973472883e-09,5.975091526176392e-09,5.9751110787457815e-09,5.975130631181056e-09,5.97515018348221e-09,5.975169735646087e-09,5.975189287680023e-09,5.975208839578113e-09,5.975228391342818e-09,5.97524794295651e-09,5.97526749445299e-09,5.975287045815358e-09,5.975306597043614e-09,5.9753261481377645e-09,5.975345699097808e-09,5.975365249923744e-09,5.975384800611971e-09,5.9754043511696975e-09,5.975423901593324e-09,5.975443451882844e-09,5.975463002038267e-09,5.975482552059586e-09,5.975502101946809e-09,5.97552165169618e-09,5.975541201315209e-09,5.975560750800138e-09,5.975580300150976e-09,5.9755998493677196e-09,5.9756193984465485e-09,5.975638947391611e-09,5.975658496202688e-09,5.975678044883063e-09,5.975697593429354e-09,5.9757171418415516e-09,5.975736690119638e-09,5.975756238263664e-09,5.975775786273606e-09,5.975795334145782e-09,5.9758148818875584e-09,5.975834429495259e-09,5.975853976968873e-09,5.975873524308403e-09,5.975893071510676e-09,5.975912618578713e-09,5.975932165516021e-09,5.975951712319255e-09,5.975971258985335e-09,5.975990805520424e-09,5.976010351921443e-09,5.97602989818839e-09,5.976049444321272e-09,5.976068990320081e-09,5.97608853618483e-09,5.976108081916541e-09,5.9761276275141805e-09,5.976147172976737e-09,5.976166718305229e-09,5.976186263499661e-09,5.9762058085600375e-09,5.976225353486353e-09,5.976244898278615e-09,5.976264442936818e-09,5.97628398746097e-09,5.9763035318510684e-09,5.976323076107114e-09,5.9763426202304754e-09,5.976362164218425e-09,5.976381708074284e-09,5.9764012517941355e-09,5.9764207953799425e-09,5.976440338833742e-09,5.9764598821514634e-09,5.976479425335136e-09,5.976498968384771e-09,5.976518511300369e-09,5.976538054086101e-09,5.976557596725493e-09,5.976577139242889e-09,5.97659668162624e-09,5.976616223874914e-09,5.976635765977536e-09,5.976655307958725e-09,5.97667484980577e-09,5.9766943915187e-09,5.9767139330975735e-09,5.976733474542372e-09,5.976753015853018e-09,5.97677255702962e-09,5.976792098072134e-09,5.976811638980592e-09,5.976831179753713e-09,5.976850720393993e-09,5.976870260900245e-09,5.976889801272451e-09,5.97690934151056e-09,5.976928881614624e-09,5.976948421584607e-09,5.97696796141472e-09,5.976987501116644e-09,5.977007040684484e-09,5.977026580118273e-09,5.977046119418039e-09,5.977065658583569e-09,5.97708519761523e-09,5.977104736517705e-09,5.977124275283933e-09,5.977143813913496e-09,5.977163352409002e-09,5.977182890764432e-09,5.977202428993923e-09,5.977221967088968e-09,5.977241505050993e-09,5.977261042877171e-09,5.977280580565955e-09,5.977300118120754e-09,5.977319655541568e-09,5.977339192828399e-09,5.977358729981247e-09,5.977378267000109e-09,5.9773978038913204e-09,5.97741734064223e-09,5.977436877259164e-09,5.977456413742121e-09,5.977475950091108e-09,5.977495486306121e-09,5.977515022387161e-09,5.977534558334235e-09,5.9775540941473365e-09,5.9775736298130356e-09,5.977593165356846e-09,5.977612700770968e-09,5.9776322360480605e-09,5.977651771190164e-09,5.977671306207044e-09,5.977690841090171e-09,5.977710375838964e-09,5.977729910453038e-09,5.977749444925355e-09,5.977768979271512e-09,5.977788513485851e-09,5.977808047558095e-09,5.977827581503905e-09,5.977847115314099e-09,5.977866648984524e-09,5.977886182526738e-09,5.9779057159292424e-09,5.977925249197672e-09,5.977944782332174e-09,5.977964315332723e-09,5.977983848199311e-09,5.978003380932074e-09,5.978022913530148e-09,5.978042445998366e-09,5.978061978328579e-09,5.9780815105248635e-09,5.978101042587896e-09,5.978120574516333e-09,5.978140106311492e-09,5.9781596379713474e-09,5.978179169498015e-09,5.978198700890757e-09,5.9782182321495846e-09,5.97823776327371e-09,5.978257294264769e-09,5.978276825121111e-09,5.978296355843533e-09,5.978315886432043e-09,5.978335416886531e-09,5.978354947207185e-09,5.978374477393798e-09,5.978394007446727e-09,5.978413537365605e-09,5.978433067150543e-09,5.978452596793978e-09,5.9784721263109855e-09,5.978491655694236e-09,5.978511184943481e-09,5.978530714058818e-09,5.978550243040117e-09,5.978569771887503e-09,5.978589300604663e-09,5.978608829184223e-09,5.978628357613265e-09,5.978647885925065e-09,5.978667414104927e-09,5.9786869421489315e-09,5.978706470059039e-09,5.9787259978354615e-09,5.978745525477734e-09,5.978765052986293e-09,5.978784580360815e-09,5.978804107601606e-09,5.978823634708378e-09,5.978843161681283e-09,5.978862688522931e-09,5.978882215228138e-09,5.978901741799452e-09,5.978921268236895e-09,5.978940794540475e-09,5.978960320714067e-09,5.978979846749961e-09,5.978999372651987e-09,5.979018898420412e-09,5.979038424054708e-09,5.979057949555189e-09,5.979077474923247e-09,5.97909700015599e-09,5.979116525256326e-09,5.979136050222833e-09,5.979155575055532e-09,5.97917509975436e-09,5.979194624319343e-09,5.9792141487505046e-09,5.979233673046624e-09,5.979253197210112e-09,5.979272721238563e-09,5.979292245135638e-09,5.979311768897598e-09,5.979331292525815e-09,5.9793508160214085e-09,5.979370339391479e-09,5.979389862618182e-09,5.979409385711088e-09,5.9794289086664486e-09,5.979448431491677e-09,5.979467954183053e-09,5.979487476741027e-09,5.9795069991648665e-09,5.979526521442729e-09,5.979546043600142e-09,5.979565565623301e-09,5.979585087513108e-09,5.9796046092565706e-09,5.979624130880546e-09,5.979643652368442e-09,5.979663173722278e-09,5.97968269496129e-09,5.979702216045784e-09,5.9797217369985954e-09,5.97974125781549e-09,5.97976077849991e-09,5.97978029905172e-09,5.979799819467237e-09,5.979819339748229e-09,5.979838859895484e-09,5.979858379903983e-09,5.979877899784431e-09,5.979897419537528e-09,5.979916939157691e-09,5.9799364586369435e-09,5.9799559779833676e-09,5.979975497195037e-09,5.979995016288245e-09,5.980014535233382e-09,5.980034054043956e-09,5.9800535727217855e-09,5.980073091265629e-09,5.980092609676112e-09,5.9801121279499744e-09,5.980131646088973e-09,5.980151164097992e-09,5.980170681983203e-09,5.980190199724711e-09,5.980209717332456e-09,5.9802292348062265e-09,5.980248752146468e-09,5.980268269352909e-09,5.980287786425582e-09,5.980307303364314e-09,5.980326820169546e-09,5.980346336841017e-09,5.980365853378749e-09,5.980385369782666e-09,5.980404886052809e-09,5.9804244021892965e-09,5.980443918192069e-09,5.980463434061046e-09,5.980482949796226e-09,5.980502465397466e-09,5.980521980865193e-09,5.98054149619965e-09,5.9805610114000764e-09,5.980580526466735e-09,5.980600041399522e-09,5.980619556198547e-09,5.980639070863984e-09,5.9806585853951455e-09,5.98067809979305e-09,5.980697614057336e-09,5.980717128187716e-09,5.980736642184389e-09,5.980756156047416e-09,5.980775669776694e-09,5.9807951833724115e-09,5.98081469683433e-09,5.980834210162483e-09,5.9808537233569124e-09,5.980873236415321e-09,5.98089274934256e-09,5.980912262135953e-09,5.9809317747955616e-09,5.980951287321636e-09,5.980970799714108e-09,5.980990311974192e-09,5.981009824112488e-09,5.981029336104834e-09,5.981048847963991e-09,5.981068359685109e-09,5.981087871275229e-09,5.981107382729171e-09,5.981126894079358e-09,5.981146405268739e-09,5.981165916324072e-09,5.981185427245756e-09,5.981204938033863e-09,5.981224448688568e-09,5.981243959210634e-09,5.981263469598003e-09,5.9812829798519416e-09,5.981302489971323e-09,5.981321999958835e-09,5.981341509811559e-09,5.981361019547261e-09,5.98138052913266e-09,5.981400038585395e-09,5.981419547905291e-09,5.981439057090879e-09,5.981458566141583e-09,5.981478075060943e-09,5.981497583851756e-09,5.9815170924983116e-09,5.981536601011717e-09,5.981556109400641e-09,5.9815756176481074e-09,5.9815951257656175e-09,5.981614633747388e-09,5.981634141594564e-09,5.981653649309152e-09,5.9816731568851034e-09,5.98169266429595e-09,5.9817121716070125e-09,5.981731678805762e-09,5.981751185854864e-09,5.981770692785617e-09,5.981790199564759e-09,5.98180970621933e-09,5.98182921273216e-09,5.981848719142806e-09,5.9818682253825495e-09,5.981887731500069e-09,5.981907237456832e-09,5.981926743301265e-09,5.981946249013897e-09,5.981965754591117e-09,5.9819852600292734e-09,5.982004765365293e-09,5.9820242705058286e-09,5.98204377554867e-09,5.982063280471602e-09,5.9820827852420235e-09,5.982102289873498e-09,5.982121794382048e-09,5.982141298754297e-09,5.982160802991317e-09,5.9821803070961614e-09,5.9821998110850625e-09,5.982219314926238e-09,5.982238818579071e-09,5.9822583221513805e-09,5.982277825591699e-09,5.9822973289005465e-09,5.98231683210307e-09,5.982336335140896e-09,5.9823558380424925e-09,5.982375340830429e-09,5.982394843452825e-09,5.982414345957757e-09,5.982433848331483e-09,5.9824533505678686e-09,5.9824728526720395e-09,5.982492354644789e-09,5.982511856481043e-09,5.982531358180228e-09,5.982550859736276e-09,5.982570361195939e-09,5.9825898624980345e-09,5.982609363686755e-09,5.982628864741492e-09,5.9826483656710195e-09,5.982667866469861e-09,5.982687367105072e-09,5.98270686760775e-09,5.9827263679752114e-09,5.982745868212719e-09,5.982765368342333e-09,5.982784868302171e-09,5.982804368137814e-09,5.98282386783947e-09,5.982843367403516e-09,5.982862866867512e-09,5.9828823661631524e-09,5.982901865329965e-09,5.982921364362156e-09,5.982940863259613e-09,5.982960362037641e-09,5.982979860665938e-09,5.982999359164347e-09,5.98301885752854e-09,5.983038355765288e-09,5.983057853862896e-09,5.983077351829601e-09,5.983096849659075e-09,5.9831163473524045e-09,5.983135844919509e-09,5.983155342354082e-09,5.983174839650567e-09,5.983194336813686e-09,5.983213833847844e-09,5.983233330743978e-09,5.983252827508403e-09,5.983272324132582e-09,5.983291820628109e-09,5.983311316990625e-09,5.9833308132197525e-09,5.98335030931392e-09,5.9833698052826146e-09,5.983389301098921e-09,5.9834087967926e-09,5.983428292347624e-09,5.983447787777859e-09,5.9834672830722515e-09,5.983486778233178e-09,5.983506273291224e-09,5.983525768184763e-09,5.983545262945296e-09,5.983564757572363e-09,5.9835842520727035e-09,5.983603746430528e-09,5.98362324065967e-09,5.983642734779103e-09,5.983662228740049e-09,5.983681722566634e-09,5.983701216302877e-09,5.9837207098524866e-09,5.9837402032764756e-09,5.983759696570803e-09,5.983779189729103e-09,5.983798682754439e-09,5.983818175723304e-09,5.983837668492906e-09,5.983857161112821e-09,5.9838766536044854e-09,5.983896145954954e-09,5.983915638171992e-09,5.983935130269921e-09,5.9839546222342216e-09,5.983974114065377e-09,5.983993605765995e-09,5.984013097320607e-09,5.984032588743508e-09,5.98405208003673e-09,5.98407157119842e-09,5.9840910622210585e-09,5.984110553118204e-09,5.984130043874019e-09,5.9841495345164715e-09,5.984169025005475e-09,5.984188515361354e-09,5.984208005591523e-09,5.984227495684223e-09,5.984246985639603e-09,5.984266475461093e-09,5.984285965142517e-09,5.98430545469772e-09,5.984324944121144e-09,5.984344433436901e-09,5.984363922599837e-09,5.984383411625163e-09,5.984402900525147e-09,5.984422389273777e-09,5.9844418778778025e-09,5.984461366375565e-09,5.984480854735814e-09,5.984500342961152e-09,5.984519831041151e-09,5.984539318999852e-09,5.9845588068145954e-09,5.984578294506402e-09,5.984597782068758e-09,5.98461726946851e-09,5.984636756756256e-09,5.984656243927425e-09,5.984675730948438e-09,5.984695217844001e-09,5.984714704601894e-09,5.984734191230574e-09,5.984753677714186e-09,5.984773164076299e-09,5.984792650287858e-09,5.98481213635832e-09,5.984831622308278e-09,5.9848511081372636e-09,5.984870593826371e-09,5.984890079384446e-09,5.984909564806864e-09,5.984929050163719e-09,5.984948535312075e-09,5.984968020348718e-09,5.984987505221091e-09,5.985006989981263e-09,5.985026474606084e-09,5.985045959095166e-09,5.985065443453028e-09,5.985084927654061e-09,5.9851044117346825e-09,5.985123895692618e-09,5.985143379515063e-09,5.9851628632065515e-09,5.985182346767117e-09,5.9852018301921214e-09,5.98522131348335e-09,5.985240796647575e-09,5.985260279662686e-09,5.98527976255438e-09,5.9852992453125815e-09,5.9853187279336934e-09,5.985338210425242e-09,5.9853576927838254e-09,5.985377175008755e-09,5.985396657082537e-09,5.985416139000221e-09,5.985435620825633e-09,5.98545510251374e-09,5.985474584085244e-09,5.985494065510518e-09,5.985513546868429e-09,5.985533028027146e-09,5.985552509052535e-09,5.985571989943276e-09,5.985591470698397e-09,5.985610951312914e-09,5.985630431817596e-09,5.985649912176442e-09,5.985669392394698e-09,5.9856888724872125e-09,5.985708352436367e-09,5.985727832261003e-09,5.985747311953857e-09,5.985766791496257e-09,5.985786270918559e-09,5.985805750198668e-09,5.985825229343686e-09,5.985844708376863e-09,5.9858641872743966e-09,5.985883666033987e-09,5.985903144657928e-09,5.985922623155603e-09,5.9859421015090665e-09,5.98596157973454e-09,5.985981057825634e-09,5.986000535783079e-09,5.986020013609971e-09,5.986039491303053e-09,5.986058968842069e-09,5.986078446269568e-09,5.986097923570664e-09,5.9861174007143466e-09,5.986136877741219e-09,5.9861563546361215e-09,5.98617583139291e-09,5.98619530801448e-09,5.986214784508846e-09,5.986234260874693e-09,5.986253737124864e-09,5.986273213217513e-09,5.986292689183703e-09,5.9863121650009254e-09,5.986331640698781e-09,5.9863511162704e-09,5.986370591699296e-09,5.98639006697173e-09,5.98640954212895e-09,5.9864290171092905e-09,5.986448492011718e-09,5.98646796676756e-09,5.986487441388651e-09,5.986506915876597e-09,5.9865263902304946e-09,5.9865458644589195e-09,5.986565338554684e-09,5.98658481251815e-09,5.986604286346276e-09,5.986623760039183e-09,5.986643233588879e-09,5.986662707018821e-09,5.986682180325527e-09,5.986701653499078e-09,5.986721126515451e-09,5.9867405994126415e-09,5.986760072176987e-09,5.9867795448050205e-09,5.98679901730255e-09,5.986818489667648e-09,5.9868379618932224e-09,5.986857433994927e-09,5.986876905961832e-09,5.986896377815996e-09,5.986915849510721e-09,5.98693532107339e-09,5.986954792506716e-09,5.986974263804827e-09,5.98699373496966e-09,5.987013205999542e-09,5.987032676898692e-09,5.987052147663724e-09,5.9870716182974665e-09,5.987091088804737e-09,5.9871105592143096e-09,5.9871300294583106e-09,5.98714949956069e-09,5.987168969524157e-09,5.9871884393593444e-09,5.987207909064576e-09,5.987227378641824e-09,5.987246848083056e-09,5.9872663173828215e-09,5.987285786535483e-09,5.987305255571503e-09,5.987324724470841e-09,5.987344193250814e-09,5.987363661883108e-09,5.987383130424403e-09,5.9874025987843e-09,5.987422067018139e-09,5.987441535112168e-09,5.987461003081477e-09,5.987480470920773e-09,5.987499938628756e-09,5.987519406204364e-09,5.9875388736435084e-09,5.987558340945619e-09,5.987577808107276e-09,5.987597275144834e-09,5.987616742063611e-09,5.98763620882639e-09,5.987655675482826e-09,5.987675141989802e-09,5.9876946083608114e-09,5.98771407460064e-09,5.987733540711729e-09,5.987753006684602e-09,5.987772472524048e-09,5.9877919382299415e-09,5.987811403838612e-09,5.987830869327602e-09,5.987850334637973e-09,5.987869799778351e-09,5.987889264824964e-09,5.987908729716354e-09,5.987928194512621e-09,5.987947659153478e-09,5.987967123664281e-09,5.987986588046182e-09,5.988006052286268e-09,5.988025516397268e-09,5.988044980379382e-09,5.9880644442706545e-09,5.988083907977906e-09,5.98810337155202e-09,5.98812283499514e-09,5.988142298308494e-09,5.988161761497711e-09,5.988181224539761e-09,5.988200687462164e-09,5.988220150237773e-09,5.988239612880635e-09,5.988259075390121e-09,5.988278537766513e-09,5.9882980000098446e-09,5.988317462120165e-09,5.988336924097404e-09,5.988356385955086e-09,5.988375847664431e-09,5.988395309242614e-09,5.98841477068777e-09,5.988434231999866e-09,5.988453693178927e-09,5.988473154224907e-09,5.988492615154957e-09,5.9885120759350204e-09,5.98853153658199e-09,5.9885509971015805e-09,5.988570457435069e-09,5.988589917635647e-09,5.988609377768437e-09,5.98862883770613e-09,5.988648297555042e-09,5.9886677572709745e-09,5.988687216858046e-09,5.988706676321618e-09,5.988726135643531e-09,5.988745594831469e-09,5.98876505388642e-09,5.9887845128083614e-09,5.9888039715972386e-09,5.988823430267916e-09,5.988842888800187e-09,5.98886234719008e-09,5.988881805458973e-09,5.988901263596578e-09,5.9889207215892314e-09,5.988940179501962e-09,5.9889596372307685e-09,5.988979094827378e-09,5.988998552239365e-09,5.989018009562062e-09,5.98903746674878e-09,5.989056923810671e-09,5.989076380736059e-09,5.989095837533274e-09,5.989115294191125e-09,5.9891347507237796e-09,5.989154207118629e-09,5.989173663381083e-09,5.989193119494467e-09,5.989212575490968e-09,5.9892320313580334e-09,5.9892514870735764e-09,5.98927094268325e-09,5.98929039813104e-09,5.9893098534627876e-09,5.989329308688544e-09,5.989348763755175e-09,5.9893682186972545e-09,5.989387673512218e-09,5.98940712817992e-09,5.989426582750543e-09,5.9894460371525275e-09,5.989465491421945e-09,5.98948494553948e-09,5.989504399542538e-09,5.9895238534117e-09,5.989543307120658e-09,5.9895627607136985e-09,5.989582214202485e-09,5.989601667548227e-09,5.9896211207430595e-09,5.989640573812154e-09,5.989660026751281e-09,5.989679479591254e-09,5.9896989322756695e-09,5.989718384818376e-09,5.989737837229203e-09,5.98975728950146e-09,5.989776741665093e-09,5.989796193672909e-09,5.9898156455285e-09,5.9898350972617275e-09,5.989854548870505e-09,5.9898740003438215e-09,5.989893451686538e-09,5.989912902901777e-09,5.989932353975811e-09,5.989951804921424e-09,5.989971255752154e-09,5.989990706418871e-09,5.9900101569649874e-09,5.990029607348373e-09,5.990049057631963e-09,5.99006850779152e-09,5.9900879578119914e-09,5.99010740769788e-09,5.990126857440267e-09,5.990146307056878e-09,5.9901657565398455e-09,5.9901852058854725e-09,5.990204655100937e-09,5.9902241041942405e-09,5.990243553146801e-09,5.990263001967819e-09,5.9902824506530004e-09,5.9903018992289375e-09,5.990321347652671e-09,5.99034079594233e-09,5.990360244093031e-09,5.9903796920741585e-09,5.990399139963209e-09,5.990418587732463e-09,5.9904380353528904e-09,5.990457482866307e-09,5.990476930216726e-09,5.990496377427837e-09,5.990515824527602e-09,5.9905352714868845e-09,5.9905547183240375e-09,5.990574165027974e-09,5.9905936115917336e-09,5.990613058020948e-09,5.99063250431633e-09,5.990651950484644e-09,5.990671396532946e-09,5.990690842430611e-09,5.990710288153271e-09,5.990729733793472e-09,5.990749179302706e-09,5.990768624661614e-09,5.990788069903024e-09,5.9908075150113945e-09,5.990826959981434e-09,5.9908464048200934e-09,5.990865849526361e-09,5.9908852940991e-09,5.990904738546268e-09,5.990924182856394e-09,5.990943627034598e-09,5.990963071079856e-09,5.99098251498589e-09,5.9910019587299065e-09,5.991021402369502e-09,5.991040845871462e-09,5.9910602892396606e-09,5.991079732527012e-09,5.991099175634545e-09,5.9911186186084845e-09,5.991138061453876e-09,5.9911575041635485e-09,5.991176946738565e-09,5.991196389181742e-09,5.991215831487786e-09,5.991235273622679e-09,5.99125471566478e-09,5.991274157575982e-09,5.991293599353807e-09,5.991313041001503e-09,5.991332482517768e-09,5.991351923896793e-09,5.991371365167043e-09,5.9913908062833104e-09,5.99141024729036e-09,5.991429688179276e-09,5.99144912889759e-09,5.9914685694873406e-09,5.991488009940111e-09,5.9915074502585354e-09,5.9915268904453126e-09,5.991546330498135e-09,5.991565770422368e-09,5.9915852102048496e-09,5.991604649861275e-09,5.991624089384916e-09,5.9916435287797994e-09,5.991662968036948e-09,5.991682407156287e-09,5.991701846148547e-09,5.9917212850302664e-09,5.991740723758964e-09,5.99176016235387e-09,5.991779600819211e-09,5.9917990391863485e-09,5.991818477377932e-09,5.99183791545614e-09,5.991857353391195e-09,5.991876791208298e-09,5.991896228883132e-09,5.9919156664160655e-09,5.991935103814882e-09,5.991954541085226e-09,5.991973978224852e-09,5.9919934152281944e-09,5.992012852100481e-09,5.992032288818869e-09,5.9920517254207946e-09,5.992071161892124e-09,5.9920905982335326e-09,5.992110034442454e-09,5.9921294705150725e-09,5.992148906449792e-09,5.9921683422549515e-09,5.99218777793407e-09,5.9922072134754206e-09,5.992226648882405e-09,5.992246084152716e-09,5.992265519298139e-09,5.9922849543127285e-09,5.9923043891962174e-09,5.992323823923134e-09,5.992343258530606e-09,5.992362692983135e-09,5.992382127300553e-09,5.9924015615108764e-09,5.992420995595546e-09,5.99244042954504e-09,5.992459863362608e-09,5.99247929709247e-09,5.992498730644674e-09,5.99251816406932e-09,5.992537597357252e-09,5.992557030503775e-09,5.992576463519596e-09,5.992595896407577e-09,5.992615329163948e-09,5.9926347617875955e-09,5.992654194252943e-09,5.99267362661168e-09,5.992693058834355e-09,5.9927124909286e-09,5.992731922888837e-09,5.992751354715354e-09,5.992770786408409e-09,5.992790217971294e-09,5.9928096493998755e-09,5.992829080697454e-09,5.992848511866583e-09,5.992867942863455e-09,5.992887373757294e-09,5.9929068045227245e-09,5.992926235154074e-09,5.992945665646432e-09,5.9929650960142095e-09,5.992984526248931e-09,5.9930039563665626e-09,5.9930233863378585e-09,5.9930428161750825e-09,5.9930622458880755e-09,5.993081675460111e-09,5.9931011049009345e-09,5.993120534209713e-09,5.99313996338173e-09,5.993159392424678e-09,5.9931788213330536e-09,5.993198250109363e-09,5.9932176787449384e-09,5.993237107257375e-09,5.993256535635208e-09,5.993275963885025e-09,5.993295391998327e-09,5.99331481997907e-09,5.993334247828503e-09,5.993353675544152e-09,5.993373103130551e-09,5.9933925305823145e-09,5.993411957900095e-09,5.993431385073062e-09,5.993450812129924e-09,5.993470239049876e-09,5.993489665834404e-09,5.9935090924918326e-09,5.9935285190172545e-09,5.993547945408234e-09,5.9935673716691145e-09,5.993586797805968e-09,5.993606223796308e-09,5.993625649660195e-09,5.993645075388297e-09,5.993664501053379e-09,5.9936839265297294e-09,5.993703351860122e-09,5.993722777053431e-09,5.993742202128082e-09,5.99376162708863e-09,5.993781051887883e-09,5.993800476554078e-09,5.993819901089034e-09,5.993839325494845e-09,5.9938587497586215e-09,5.993878173921566e-09,5.993897597929145e-09,5.993917021803256e-09,5.993936445541917e-09,5.993955869147828e-09,5.993975292636106e-09,5.993994715976741e-09,5.994014139171106e-09,5.994033562259147e-09,5.994052985205306e-09,5.994072407997312e-09,5.994091830676001e-09,5.994111253224591e-09,5.994130675619984e-09,5.994150097869908e-09,5.994169520027975e-09,5.994188942001781e-09,5.994208363883995e-09,5.994227785663771e-09,5.994247207281622e-09,5.99426662877119e-09,5.9942860501265545e-09,5.99430547133293e-09,5.99432489243008e-09,5.994344313388232e-09,5.994363734216437e-09,5.9943831549110874e-09,5.9944025754663275e-09,5.994421995904549e-09,5.994441416197506e-09,5.994460836363731e-09,5.994480256405305e-09,5.994499676309564e-09,5.994519096070348e-09,5.994538515711749e-09,5.994557935210096e-09,5.9945773545739665e-09,5.994596773814992e-09,5.994616192915862e-09,5.9946356118709605e-09,5.994655030776901e-09,5.994674449472788e-09,5.994693868045215e-09,5.994713286482711e-09,5.994732704788308e-09,5.994752122961704e-09,5.994771540995407e-09,5.994790958901757e-09,5.9948103766736184e-09,5.994829794316724e-09,5.994849211830537e-09,5.994868629209593e-09,5.994888046469867e-09,5.994907463583521e-09,5.994926880565249e-09,5.994946297408566e-09,5.994965714132691e-09,5.994985130715709e-09,5.995004547167302e-09,5.99502396348949e-09,5.995043379676988e-09,5.995062795731186e-09,5.9950822116529414e-09,5.9951016274417625e-09,5.995121043115236e-09,5.995140458630264e-09,5.995159874027143e-09,5.9951792892861244e-09,5.995198704416544e-09,5.9952181194190915e-09,5.9952375342841645e-09,5.995256949028327e-09,5.995276363625448e-09,5.995295778093728e-09,5.995315192423154e-09,5.9953346066702455e-09,5.9953540207406725e-09,5.9953734346738e-09,5.995392848478645e-09,5.995412262162085e-09,5.995431675703677e-09,5.995451089112021e-09,5.995470502377833e-09,5.995489915534931e-09,5.995509328542336e-09,5.995528741421331e-09,5.995548154164446e-09,5.99556756678454e-09,5.995586979268283e-09,5.9956063916150495e-09,5.995625803828378e-09,5.995645215934422e-09,5.995664627886761e-09,5.9956840397081135e-09,5.9957034513963695e-09,5.995722862944221e-09,5.995742274337622e-09,5.995761685624635e-09,5.9957810967832676e-09,5.995800507808913e-09,5.995819918702349e-09,5.995839329452268e-09,5.995858740078503e-09,5.995878150550261e-09,5.995897560910598e-09,5.99591697113216e-09,5.995936381228101e-09,5.99595579119318e-09,5.995975201049301e-09,5.995994610766739e-09,5.996014020333749e-09,5.996033429772112e-09,5.996052839045272e-09,5.996072248215414e-09,5.996091657255823e-09,5.9961110661446145e-09,5.996130474916772e-09,5.99614988355747e-09,5.996169292068741e-09,5.9961887004449654e-09,5.996208108721984e-09,5.996227516822743e-09,5.996246924805749e-09,5.996266332651581e-09,5.9962857403637235e-09,5.996305147944458e-09,5.9963245553872855e-09,5.9963439627034445e-09,5.996363369888762e-09,5.996382776940771e-09,5.996402183871801e-09,5.996421590658873e-09,5.996440997335051e-09,5.996460403876984e-09,5.99647981026806e-09,5.996499216529974e-09,5.996518622660938e-09,5.996538028644437e-09,5.996557434511846e-09,5.996576840205111e-09,5.9965962458030214e-09,5.996615651266596e-09,5.9966350565988385e-09,5.996654461797194e-09,5.996673866843145e-09,5.996693271771741e-09,5.996712676575235e-09,5.996732081248559e-09,5.996751485798466e-09,5.996770890222451e-09,5.996790294494458e-09,5.99680969863616e-09,5.996829102659272e-09,5.9968485065381914e-09,5.996867910284854e-09,5.9968873138889774e-09,5.996906717364701e-09,5.996926120701702e-09,5.996945523906741e-09,5.9969649269898275e-09,5.996984329939445e-09,5.9970037327554236e-09,5.99702313542974e-09,5.997042537975663e-09,5.9970619404193855e-09,5.997081342709298e-09,5.9971007448663175e-09,5.997120146908765e-09,5.997139548792274e-09,5.997158950543508e-09,5.997178352162484e-09,5.99719775365567e-09,5.997217155018358e-09,5.997236556290145e-09,5.997255957379746e-09,5.997275358336993e-09,5.997294759162881e-09,5.9973141598426485e-09,5.997333560412961e-09,5.997352960851303e-09,5.997372361173025e-09,5.997391761343885e-09,5.997411161384763e-09,5.997430561234115e-09,5.997449961000106e-09,5.997469360643939e-09,5.997488760148318e-09,5.997508159517378e-09,5.997527558756877e-09,5.9975469578631025e-09,5.997566356850794e-09,5.997585755760979e-09,5.997605154451205e-09,5.9976245529973076e-09,5.997643951451791e-09,5.997663349790402e-09,5.997682747972636e-09,5.997702146002241e-09,5.997721543942169e-09,5.9977409417342425e-09,5.997760339394802e-09,5.9977797368890395e-09,5.997799134289579e-09,5.997818531550713e-09,5.997837928682078e-09,5.997857325691989e-09,5.997876722571482e-09,5.9978961193055345e-09,5.997915515882387e-09,5.997934912352059e-09,5.997954308653856e-09,5.997973704860564e-09,5.9979931009236005e-09,5.998012496832659e-09,5.998031892640993e-09,5.998051288336797e-09,5.998070683881388e-09,5.998090079296685e-09,5.998109474576081e-09,5.998128869744512e-09,5.9981482647626885e-09,5.998167659641161e-09,5.998187054375595e-09,5.998206449001634e-09,5.998225843489741e-09,5.9982452378449546e-09,5.998264632071048e-09,5.9982840261622385e-09,5.9983034201178705e-09,5.99832281392285e-09,5.998342207603673e-09,5.998361601167384e-09,5.998380994590888e-09,5.998400387886127e-09,5.998419781065434e-09,5.998439174069925e-09,5.998458566976634e-09,5.998477959747593e-09,5.998497352384629e-09,5.998516744926482e-09,5.998536137296419e-09,5.9985555295370665e-09,5.9985749216422905e-09,5.99859431362511e-09,5.998613705485761e-09,5.998633097193682e-09,5.9986524887738105e-09,5.998671880195077e-09,5.998691271509693e-09,5.998710662697834e-09,5.998730053749243e-09,5.998749444707977e-09,5.998768835503708e-09,5.998788226152047e-09,5.998807616686855e-09,5.998827007074346e-09,5.998846397286181e-09,5.998865787412885e-09,5.9988851773966275e-09,5.99890456725855e-09,5.9989239570239126e-09,5.998943346639017e-09,5.998962736097289e-09,5.9989821254350095e-09,5.99900151463689e-09,5.999020903703159e-09,5.999040292645851e-09,5.999059681451596e-09,5.999079070125616e-09,5.999098458666913e-09,5.999117847028459e-09,5.999137235302734e-09,5.999156623439405e-09,5.999176011402472e-09,5.999195399262921e-09,5.999214787009392e-09,5.999234174626325e-09,5.999253562109817e-09,5.999272949473935e-09,5.99929233669444e-09,5.9993117237721e-09,5.999331110728385e-09,5.999350497532259e-09,5.999369884221089e-09,5.99938927077172e-09,5.999408657198826e-09,5.999428043500794e-09,5.999447429713653e-09,5.999466815726041e-09,5.999486201627506e-09,5.999505587406817e-09,5.999524973047741e-09,5.999544358556593e-09,5.999563743943581e-09,5.999583129190687e-09,5.999602514290305e-09,5.999621899259513e-09,5.999641284106879e-09,5.999660668889502e-09,5.999680053514739e-09,5.999699437938647e-09,5.999718822248321e-09,5.9997382064328985e-09,5.999757590483662e-09,5.999776974402983e-09,5.999796358220055e-09,5.999815741872758e-09,5.999835125395752e-09,5.99985450878274e-09,5.999873892041316e-09,5.999893275137925e-09,5.999912658133606e-09,5.999932040991923e-09,5.999951423722722e-09,5.999970806322049e-09,5.999990188753262e-09,6.000009571088813e-09,6.000028953291915e-09,6.000048335362589e-09,6.0000677173046135e-09,6.000087099063705e-09,6.00010648073854e-09,6.0001258622761415e-09,6.000145243687359e-09,6.000164624972513e-09,6.000184006119147e-09,6.000203387136501e-09,6.000222768031499e-09,6.000242148780932e-09,6.000261529444087e-09,6.000280909930689e-09,6.000300290286699e-09,6.000319670512716e-09,6.000339050571665e-09,6.000358430501419e-09,6.0003778103139195e-09,6.000397190008114e-09,6.000416569588273e-09,6.000435948970725e-09,6.000455328271148e-09,6.000474707416256e-09,6.00049408645092e-09,6.000513465371782e-09,6.000532844141224e-09,6.000552222779133e-09,6.000571601280899e-09,6.000590979654906e-09,6.0006103579192735e-09,6.000629736039694e-09,6.00064911398039e-09,6.0006684918168904e-09,6.000687869532098e-09,6.000707247116571e-09,6.000726624568523e-09,6.000746001887972e-09,6.000765379074633e-09,6.000784756126445e-09,6.0008041330377466e-09,6.000823509829752e-09,6.000842886480791e-09,6.000862263006999e-09,6.000881639389662e-09,6.00090101564651e-09,6.0009203917774745e-09,6.000939767793406e-09,6.000959143660542e-09,6.000978519394996e-09,6.000997895007644e-09,6.001017270477089e-09,6.001036645816935e-09,6.001056021028399e-09,6.001075396105557e-09,6.001094771052871e-09,6.001114145858019e-09,6.001133520545324e-09,6.001152895034475e-09,6.00117226944975e-09,6.001191643723431e-09,6.001211017874977e-09,6.001230391900125e-09,6.001249765781715e-09,6.001269139539054e-09,6.001288513166716e-09,6.001307886658987e-09,6.001327260086256e-09,6.0013466333103655e-09,6.0013660063979164e-09,6.001385379365888e-09,6.001404752197451e-09,6.001424124898766e-09,6.001443497540288e-09,6.001462869976812e-09,6.001482242274282e-09,6.001501614425585e-09,6.0015209864840335e-09,6.001540358394833e-09,6.001559730173762e-09,6.001579101822314e-09,6.00159847332509e-09,6.001617844709843e-09,6.001637215962961e-09,6.001656587084081e-09,6.001675958072403e-09,6.001695328903336e-09,6.001714699626235e-09,6.0017340702195195e-09,6.00175344068112e-09,6.001772811010864e-09,6.001792181220811e-09,6.001811551286492e-09,6.001830921220615e-09,6.001850291022683e-09,6.001869660693011e-09,6.001889030215307e-09,6.001908399621848e-09,6.001927768896541e-09,6.001947138037778e-09,6.0019665070359725e-09,6.001985875914957e-09,6.002005244662037e-09,6.0020246132771415e-09,6.0020439817605704e-09,6.002063350112032e-09,6.0020827183315e-09,6.002102086419138e-09,6.002121454375031e-09,6.002140822199059e-09,6.002160189891364e-09,6.002179557451688e-09,6.002198924880179e-09,6.002218292176688e-09,6.002237659341489e-09,6.002257026374471e-09,6.00227639327555e-09,6.002295760044889e-09,6.0023151266823296e-09,6.002334493171529e-09,6.00235385952911e-09,6.002373225768917e-09,6.002392591863032e-09,6.00241195784143e-09,6.002431323672708e-09,6.002450689367362e-09,6.002470054946528e-09,6.002489420379946e-09,6.002508785679601e-09,6.002528150847969e-09,6.002547515878398e-09,6.002566880801274e-09,6.002586245570738e-09,6.002605610202938e-09,6.0026249747244695e-09,6.0026443391017184e-09,6.002663703330853e-09,6.002683067443975e-09,6.002702431406844e-09,6.002721795275435e-09,6.002741159007147e-09,6.002760522610662e-09,6.002779886063696e-09,6.002799249401497e-09,6.002818612588923e-09,6.002837975743665e-09,6.002857338668403e-09,6.002876701481176e-09,6.00289606414931e-09,6.0029154266962935e-09,6.00293478911398e-09,6.0029541513963275e-09,6.002973513552872e-09,6.002992875573595e-09,6.0030122374122515e-09,6.0030315991743375e-09,6.003050960803495e-09,6.0030703223017515e-09,6.003089683661619e-09,6.003109044897423e-09,6.003128406002066e-09,6.003147766974749e-09,6.00316712781808e-09,6.0031864885110535e-09,6.003205849176444e-09,6.003225209668138e-09,6.003244570034356e-09,6.003263930267711e-09,6.0032832903137094e-09,6.003302650222493e-09,6.003322010004231e-09,6.003341369654604e-09,6.003360729177096e-09,6.003380088594643e-09,6.003399447850196e-09,6.003418806974362e-09,6.003438165990065e-09,6.003457524832969e-09,6.003476883606989e-09,6.003496242203465e-09,6.003515600672423e-09,6.003534959006084e-09,6.003554317207332e-09,6.003573675284958e-09,6.003593033230845e-09,6.003612391048955e-09,6.00363174870753e-09,6.003651106252653e-09,6.0036704636470205e-09,6.0036898209266975e-09,6.0037091780742414e-09,6.003728535091956e-09,6.003747891970206e-09,6.0037672487233516e-09,6.003786605344158e-09,6.003805961832093e-09,6.0038253181922354e-09,6.00384467441791e-09,6.003864030505653e-09,6.003883386462329e-09,6.003902742293891e-09,6.003922097991732e-09,6.003941453557692e-09,6.003960808998946e-09,6.003980164293023e-09,6.003999519465104e-09,6.004018874505799e-09,6.004038229413506e-09,6.004057584196908e-09,6.004076938847316e-09,6.004096293356772e-09,6.004115647738818e-09,6.004135001991169e-09,6.004154356109813e-09,6.004173710096607e-09,6.004193063950306e-09,6.004212417680252e-09,6.00423177127214e-09,6.0042511247270235e-09,6.0042704780543885e-09,6.004289831251352e-09,6.004309184316375e-09,6.004328537236885e-09,6.0043478900674414e-09,6.004367242738242e-09,6.004386595278858e-09,6.004405947712934e-09,6.004425299978693e-09,6.004444652120757e-09,6.00446400413151e-09,6.004483356010711e-09,6.004502707766341e-09,6.0045220593836275e-09,6.004541410868233e-09,6.004560762220907e-09,6.0045801134432616e-09,6.004599464532717e-09,6.004618815493224e-09,6.0046381663041214e-09,6.004657517012356e-09,6.00467686757634e-09,6.004696217964982e-09,6.004715568264638e-09,6.00473491843369e-09,6.004754268471142e-09,6.004773618377171e-09,6.004792968164124e-09,6.004812317806619e-09,6.0048316673722784e-09,6.004851016750803e-09,6.004870365999014e-09,6.004889715119421e-09,6.004909064076825e-09,6.004928412929803e-09,6.004947761638259e-09,6.004967110233009e-09,6.0049864586903046e-09,6.005005807017342e-09,6.005025155212013e-09,6.005044503274387e-09,6.0050638512045465e-09,6.005083199003814e-09,6.005102546667213e-09,6.005121894197603e-09,6.005141241603744e-09,6.00516058887895e-09,6.005179936020503e-09,6.00519928303016e-09,6.005218629909605e-09,6.005237976656431e-09,6.005257323272147e-09,6.005276669754932e-09,6.005296016107698e-09,6.005315362329279e-09,6.005334708415782e-09,6.005354054368287e-09,6.005373400194003e-09,6.005392745887151e-09,6.00541209145213e-09,6.00543143688474e-09,6.005450782184695e-09,6.005470127364262e-09,6.0054894723602276e-09,6.005508817263096e-09,6.005528162035558e-09,6.005547506679394e-09,6.00556685119057e-09,6.005586195569374e-09,6.005605539816902e-09,6.0056248839450245e-09,6.005644227945609e-09,6.005663571800308e-09,6.005682915520672e-09,6.005702259036654e-09,6.005721602498584e-09,6.005740945824173e-09,6.005760289019878e-09,6.005779632082011e-09,6.005798975015674e-09,6.0058183178161545e-09,6.005837660473945e-09,6.005857003018171e-09,6.0058763454348916e-09,6.005895687797409e-09,6.005915029939377e-09,6.00593437194876e-09,6.00595371377617e-09,6.005973055524399e-09,6.0059923971412045e-09,6.006011738629906e-09,6.00603107995121e-09,6.006050421172432e-09,6.006069762255991e-09,6.00608910321505e-09,6.0061084440456e-09,6.006127784740338e-09,6.006147125250899e-09,6.006166465693219e-09,6.006185805993404e-09,6.006205146169012e-09,6.006224486202978e-09,6.006243826105842e-09,6.006263165878345e-09,6.006282505520955e-09,6.006301845031441e-09,6.006321184418664e-09,6.006340523682685e-09,6.006359862790804e-09,6.006379201769995e-09,6.006398540630756e-09,6.0064178793546086e-09,6.006437217955425e-09,6.0064565564154136e-09,6.00647589474087e-09,6.006495232938811e-09,6.006514571019744e-09,6.006533908974119e-09,6.006553246769495e-09,6.006572584443609e-09,6.00659192198191e-09,6.0066112593885245e-09,6.0066305966638004e-09,6.006649933813005e-09,6.0066692708274765e-09,6.006688607715743e-09,6.006707944465202e-09,6.006727281079827e-09,6.006746617561687e-09,6.006765953918634e-09,6.006785290142039e-09,6.006804626235981e-09,6.006823962196495e-09,6.006843298027179e-09,6.006862633726846e-09,6.00688196929564e-09,6.0069013047346085e-09,6.006920640025106e-09,6.006939975233334e-09,6.006959310268982e-09,6.006978645179213e-09,6.006997979959513e-09,6.007017314603756e-09,6.007036649118573e-09,6.0070559835045265e-09,6.007075317756228e-09,6.007094651876457e-09,6.00711398586534e-09,6.007133319749778e-09,6.007152653481243e-09,6.0071719870683545e-09,6.007191320533853e-09,6.007210653867065e-09,6.00722998706693e-09,6.007249320137856e-09,6.007268653077765e-09,6.007287985886292e-09,6.007307318567116e-09,6.007326651106045e-09,6.007345983519883e-09,6.007365315810523e-09,6.007384647936606e-09,6.0074039799472115e-09,6.007423311834613e-09,6.007442643589314e-09,6.0074619751982595e-09,6.007481306692227e-09,6.0075006380594175e-09,6.0075199692839085e-09,6.007539300356175e-09,6.00755863132546e-09,6.007577962165801e-09,6.007597292862728e-09,6.00761662342895e-09,6.007635953870701e-09,6.007655284185723e-09,6.007674614366412e-09,6.007693944415054e-09,6.00771327433233e-09,6.007732604105817e-09,6.007751933759661e-09,6.007771263283524e-09,6.007790592677837e-09,6.007809921938471e-09,6.007829251069375e-09,6.007848580070188e-09,6.007867908933465e-09,6.00788723766685e-09,6.00790656626677e-09,6.0079258947417885e-09,6.007945223083064e-09,6.007964551292697e-09,6.007983879369891e-09,6.008003207285437e-09,6.008022535111087e-09,6.0080418627980905e-09,6.008061190350758e-09,6.008080517772041e-09,6.008099845062674e-09,6.00811917227728e-09,6.008138499303405e-09,6.008157826169702e-09,6.008177152927609e-09,6.008196479563588e-09,6.008215806065433e-09,6.0082351324359476e-09,6.008254458674483e-09,6.008273784778574e-09,6.008293110755225e-09,6.008312436602953e-09,6.008331762310808e-09,6.008351087893919e-09,6.0083704133428374e-09,6.008389738660155e-09,6.008409063833464e-09,6.0084283888889204e-09,6.0084477138159945e-09,6.008467038612769e-09,6.008486363278194e-09,6.008505687809854e-09,6.008525012205839e-09,6.0085443364763974e-09,6.008563660592177e-09,6.0085829845836336e-09,6.008602308461149e-09,6.008621632204824e-09,6.008640955819536e-09,6.008660279337046e-09,6.008679602708328e-09,6.008698925925509e-09,6.008718249014897e-09,6.008737572035406e-09,6.008756894862282e-09,6.008776217554504e-09,6.0087955401163344e-09,6.0088148626910516e-09,6.008834184973674e-09,6.008853507144359e-09,6.0088728291846395e-09,6.008892151093248e-09,6.008911472870126e-09,6.008930794513371e-09,6.008950116018883e-09,6.008969437399551e-09,6.008988758650779e-09,6.009008079771294e-09,6.0090274007572846e-09,6.009046721614703e-09,6.009066042349922e-09,6.009085362928271e-09,6.0091046834645765e-09,6.0091240037982364e-09,6.0091433239940425e-09,6.0091626440623445e-09,6.009181963994506e-09,6.0092012838520554e-09,6.0092206035267675e-09,6.009239923068247e-09,6.00925924247812e-09,6.0092785617588155e-09,6.009297880907961e-09,6.009317199925854e-09,6.009336518812823e-09,6.00935583756868e-09,6.009375156184465e-09,6.009394474646949e-09,6.009413793006538e-09,6.009433111258181e-09,6.009452429357472e-09,6.009471747321828e-09,6.009491065158512e-09,6.009510382884644e-09,6.00952970045209e-09,6.00954901789506e-09,6.0095683352087685e-09,6.0095876523405065e-09,6.0096069693873915e-09,6.0096262862326835e-09,6.00964560302081e-09,6.009664919668394e-09,6.009684236199865e-09,6.009703552592836e-09,6.009722868852702e-09,6.009742184966296e-09,6.009761500959814e-09,6.009780816828555e-09,6.009800132563958e-09,6.009819448170107e-09,6.009838763644585e-09,6.009858078988078e-09,6.009877394203274e-09,6.009896709284533e-09,6.009916024232425e-09,6.009935339036533e-09,6.009954653733245e-09,6.0099739682859595e-09,6.009993282709716e-09,6.010012597000276e-09,6.01003191117073e-09,6.010051225206889e-09,6.010070539098219e-09,6.0100898528677395e-09,6.010109166519872e-09,6.010128480012359e-09,6.010147793383626e-09,6.0101671066249284e-09,6.010186419731819e-09,6.010205732713731e-09,6.010225045565149e-09,6.010244358326145e-09,6.0102636709192945e-09,6.01028298336702e-09,6.0103022957002425e-09,6.0103216078937255e-09,6.010340919975034e-09,6.010360231916378e-09,6.010379543720947e-09,6.0103988553916016e-09,6.010418166947497e-09,6.010437478359845e-09,6.010456789630257e-09,6.010476100776082e-09,6.010495411791499e-09,6.010514722677261e-09,6.0105340334405675e-09,6.0105533440546045e-09,6.010572654527658e-09,6.010591964886543e-09,6.010611275114356e-09,6.0106305852421265e-09,6.010649895205518e-09,6.010669205039609e-09,6.0106885147316425e-09,6.010707824313754e-09,6.010727133756241e-09,6.0107464430657816e-09,6.0107657522348946e-09,6.010785061280169e-09,6.010804370193956e-09,6.010823678979149e-09,6.010842987630882e-09,6.010862296153305e-09,6.010881604547114e-09,6.010900912807783e-09,6.010920220938713e-09,6.010939528916476e-09,6.0109588367721695e-09,6.010978144507962e-09,6.010997452120092e-09,6.011016759592974e-09,6.011036066933505e-09,6.011055374148168e-09,6.011074681228531e-09,6.01109398822067e-09,6.011113295038725e-09,6.011132601725887e-09,6.011151908279771e-09,6.011171214704528e-09,6.011190520998162e-09,6.011209827162869e-09,6.011229133191209e-09,6.0112484390896075e-09,6.011267744859399e-09,6.011287050512443e-09,6.011306356007262e-09,6.011325661384781e-09,6.011344966627146e-09,6.011364271790968e-09,6.011383576775378e-09,6.0114028816250515e-09,6.01142218634734e-09,6.011441490936878e-09,6.011460795397002e-09,6.0114800997242974e-09,6.011499403918577e-09,6.011518707981798e-09,6.011538011913932e-09,6.0115573157235196e-09,6.011576619395517e-09,6.01159592293654e-09,6.011615226346223e-09,6.011634529623016e-09,6.0116538327725815e-09,6.01167313578926e-09,6.011692438711475e-09,6.0117117414640266e-09,6.0117310440893675e-09,6.011750346579801e-09,6.011769648889879e-09,6.01178895112213e-09,6.011808253219425e-09,6.011827555185651e-09,6.01184685701504e-09,6.011866158719177e-09,6.011885460296245e-09,6.011904761738287e-09,6.011924063053359e-09,6.011943364233323e-09,6.011962665284285e-09,6.011981966204032e-09,6.012001266981144e-09,6.01202056763696e-09,6.0120398681617486e-09,6.012059168555501e-09,6.012078468818228e-09,6.012097768949925e-09,6.0121170689505924e-09,6.012136368822217e-09,6.01215566856282e-09,6.012174968170442e-09,6.012194267647032e-09,6.012213566991266e-09,6.012232866205826e-09,6.012252165289365e-09,6.012271464241898e-09,6.0122907630639334e-09,6.012310061758749e-09,6.012329360315165e-09,6.012348658743639e-09,6.012367957041117e-09,6.012387255207584e-09,6.012406553243051e-09,6.012425851147513e-09,6.012445148920991e-09,6.0124644465634636e-09,6.012483744074932e-09,6.012503041455419e-09,6.012522338706845e-09,6.012541635829832e-09,6.012560932817341e-09,6.012580229673852e-09,6.012599526399383e-09,6.012618822995854e-09,6.012638119461339e-09,6.012657415795285e-09,6.012676711998796e-09,6.012696008074334e-09,6.0127153040139635e-09,6.012734599842998e-09,6.012753895522044e-09,6.012773191060016e-09,6.012792486477114e-09,6.012811781762494e-09,6.012831076916287e-09,6.012850371940474e-09,6.012869666833692e-09,6.012888961466293e-09,6.0129082560975846e-09,6.012927550591235e-09,6.012946844963292e-09,6.012966139203511e-09,6.012985433307904e-09,6.013004727290012e-09,6.013024021145156e-09,6.013043314859863e-09,6.013062608432984e-09,6.013081901887627e-09,6.01310119521093e-09,6.013120488396193e-09,6.0131397814560315e-09,6.013159074361303e-09,6.0131783671562135e-09,6.013197659823776e-09,6.013216952359845e-09,6.01323624476162e-09,6.01325553703581e-09,6.0132748291445845e-09,6.013294121165899e-09,6.013313413052142e-09,6.013332704802605e-09,6.013351996419185e-09,6.013371287906071e-09,6.013390579265345e-09,6.0134098704895175e-09,6.013429161572442e-09,6.013448452539044e-09,6.013467743374641e-09,6.013487034078296e-09,6.013506324652168e-09,6.0135256150867365e-09,6.013544905393583e-09,6.01356419556752e-09,6.013583485617031e-09,6.01360277553236e-09,6.013622065333649e-09,6.013641354994754e-09,6.013660644517357e-09,6.013679933908245e-09,6.013699223170335e-09,6.013718512303307e-09,6.013737801276426e-09,6.013757090155693e-09,6.0137763788992835e-09,6.013795667509176e-09,6.013814955986082e-09,6.013834244337307e-09,6.013853532524804e-09,6.0138728206169615e-09,6.0138921085724876e-09,6.013911396394608e-09,6.013930683955207e-09,6.0139499715142695e-09,6.013969258960594e-09,6.013988546250737e-09,6.014007833418564e-09,6.01402712048025e-09,6.014046407384899e-09,6.014065694148822e-09,6.014084980791865e-09,6.014104267277602e-09,6.014123553658906e-09,6.014142839937386e-09,6.0141621261198215e-09,6.014181412111407e-09,6.014200697969196e-09,6.0142199837100434e-09,6.014239269306136e-09,6.014258554773899e-09,6.0142778401111924e-09,6.014297125318932e-09,6.014316410396334e-09,6.014335695326935e-09,6.014354980141146e-09,6.014374264825536e-09,6.014393549382126e-09,6.014412833791177e-09,6.0144321180816005e-09,6.0144514022449095e-09,6.014470686273009e-09,6.014489970161478e-09,6.014509253932675e-09,6.014528537568991e-09,6.01454782106226e-09,6.0145671044106575e-09,6.014586387651384e-09,6.0146056707595455e-09,6.0146249537458105e-09,6.014644236582907e-09,6.014663519300362e-09,6.014682801890047e-09,6.014702084350964e-09,6.014721366679005e-09,6.014740648896713e-09,6.014759930976405e-09,6.0147792129120035e-09,6.014798494713682e-09,6.014817776386498e-09,6.014837057932455e-09,6.014856339344798e-09,6.014875620626333e-09,6.014894901778065e-09,6.014914182799008e-09,6.014933463688335e-09,6.014952744377813e-09,6.01497202509263e-09,6.01499130558943e-09,6.0150105859600936e-09,6.0150298662319794e-09,6.0150491463169365e-09,6.015068426290421e-09,6.015087706131606e-09,6.015106985826667e-09,6.015126265410299e-09,6.015145544860632e-09,6.015164824180232e-09,6.015184103369049e-09,6.015203382427081e-09,6.015222661354593e-09,6.015241940151636e-09,6.0152612188131875e-09,6.015280497345034e-09,6.0152997757430915e-09,6.015319054016465e-09,6.015338332159301e-09,6.015357610171132e-09,6.015376888057245e-09,6.015396165807542e-09,6.015415443427072e-09,6.015434720958068e-09,6.015453998310247e-09,6.015473275537497e-09,6.015492552625258e-09,6.0155118295943326e-09,6.015531106425811e-09,6.01555038312243e-09,6.0155696596889055e-09,6.015588936122438e-09,6.0156082124330274e-09,6.0156274886049215e-09,6.015646764657759e-09,6.015666040577478e-09,6.015685316370508e-09,6.015704592031152e-09,6.0157238675448775e-09,6.015743142924111e-09,6.01576241818757e-09,6.015781693328584e-09,6.01580096829481e-09,6.015820243168621e-09,6.015839517906408e-09,6.015858792514568e-09,6.015878067018246e-09,6.015897341368833e-09,6.015916615589003e-09,6.015935889684244e-09,6.015955163635482e-09,6.015974437455057e-09,6.0159937111606835e-09,6.016012984724819e-09,6.01603225815965e-09,6.016051531467349e-09,6.0160708046257165e-09,6.016090077669421e-09,6.0161093506050595e-09,6.016128623387349e-09,6.016147896032738e-09,6.016167168566247e-09,6.0161864409564135e-09,6.016205713218053e-09,6.016224985346815e-09,6.0162442573471605e-09,6.0162635292077255e-09,6.0162828009443945e-09,6.016302072550426e-09,6.016321344040283e-09,6.01634061539274e-09,6.016359886553157e-09,6.016379157636363e-09,6.016398428588882e-09,6.016417699411015e-09,6.016436970039923e-09,6.01645624054881e-09,6.016475510976862e-09,6.016494781283671e-09,6.016514051454092e-09,6.016533321491896e-09,6.016552591403162e-09,6.01657186117956e-09,6.0165911308128845e-09,6.016610400337467e-09,6.016629669719492e-09,6.016648938965328e-09,6.016668208038717e-09,6.01668747703451e-09,6.016706745935595e-09,6.016726014656421e-09,6.016745283246569e-09,6.016764551715436e-09,6.016783820083215e-09,6.016803088299427e-09,6.016822356334764e-09,6.0168416242793195e-09,6.016860892095826e-09,6.016880159781456e-09,6.016899427336622e-09,6.016918694761148e-09,6.016937962055027e-09,6.016957229209854e-09,6.0169764962287415e-09,6.016995763125063e-09,6.017015029896132e-09,6.017034296536874e-09,6.0170535630469104e-09,6.017072829419672e-09,6.017092095648421e-09,6.017111361766264e-09,6.017130627757407e-09,6.0171498936624515e-09,6.017169159436732e-09,6.017188425070744e-09,6.017207690569437e-09,6.017226955898869e-09,6.017246221141249e-09,6.017265486228608e-09,6.017284751164757e-09,6.017304015976164e-09,6.017323280663887e-09,6.017342545215356e-09,6.017361809673465e-09,6.017381073963416e-09,6.017400338117225e-09,6.0174196021396374e-09,6.017438866043801e-09,6.0174581298272145e-09,6.017477393474007e-09,6.017496656992477e-09,6.01751592038737e-09,6.017535183632954e-09,6.017554446746962e-09,6.017573709727881e-09,6.017592972580717e-09,6.017612235297994e-09,6.017631497887199e-09,6.0176507603514424e-09,6.0176700226782934e-09,6.0176892848799274e-09,6.017708546965453e-09,6.0177278089047786e-09,6.017747070711113e-09,6.017766332388658e-09,6.017785593933123e-09,6.01780485534933e-09,6.017824116632356e-09,6.017843377786837e-09,6.017862638800348e-09,6.017881899694455e-09,6.017901160516933e-09,6.017920421147246e-09,6.017939681636985e-09,6.0179589420703255e-09,6.017978202311682e-09,6.01799746242026e-09,6.018016722400408e-09,6.01803598225e-09,6.018055241961905e-09,6.018074501550228e-09,6.018093761008155e-09,6.018113020328687e-09,6.018132279525298e-09,6.0181515385955e-09,6.018170797468629e-09,6.0181900562738025e-09,6.018209314948975e-09,6.018228573493052e-09,6.0182478319065475e-09,6.018267090188733e-09,6.018286348334165e-09,6.018305606358776e-09,6.018324864217868e-09,6.018344121978699e-09,6.018363379602017e-09,6.0183826371059335e-09,6.01840189447359e-09,6.018421151711845e-09,6.01844040881439e-09,6.018459665774533e-09,6.018478922566567e-09,6.018498179284182e-09,6.018517435871935e-09,6.018536692327511e-09,6.018555948649721e-09,6.01857520484223e-09,6.018594460907984e-09,6.018613716779942e-09,6.01863297258458e-09,6.018652228254442e-09,6.018671483777939e-09,6.0186907391914665e-09,6.018709994472426e-09,6.018729249683411e-09,6.018748504693792e-09,6.018767759583773e-09,6.018787014327244e-09,6.018806268956025e-09,6.018825523480842e-09,6.018844777754024e-09,6.018864031990407e-09,6.018883286096569e-09,6.01890254017124e-09,6.0189217940156385e-09,6.018941047728046e-09,6.018960301365896e-09,6.018979554828669e-09,6.018998808148245e-09,6.019018061341107e-09,6.019037314404039e-09,6.0190565673360536e-09,6.019075820137676e-09,6.019095072829258e-09,6.019114325370013e-09,6.019133577780213e-09,6.019152830059434e-09,6.0191720821829484e-09,6.019191334201721e-09,6.019210586088999e-09,6.0192298378479695e-09,6.019249089473663e-09,6.019268340973797e-09,6.019287592340203e-09,6.019306843588806e-09,6.019326094691183e-09,6.019345345663878e-09,6.019364596502202e-09,6.019383847161022e-09,6.0194030977615205e-09,6.019422348215051e-09,6.019441598537871e-09,6.019460848727085e-09,6.019480098779573e-09,6.019499348712951e-09,6.019518598514511e-09,6.0195378481713016e-09,6.0195570977154386e-09,6.019576347125049e-09,6.0195955964071696e-09,6.019614845507755e-09,6.0196340945261615e-09,6.019653343426272e-09,6.019672592184997e-09,6.019691840812978e-09,6.019711089309534e-09,6.019730337674962e-09,6.019749585910793e-09,6.019768834016065e-09,6.019788081948756e-09,6.0198073297883075e-09,6.019826577502467e-09,6.019845825080755e-09,6.019865072542349e-09,6.019884319865243e-09,6.019903567057712e-09,6.019922814120439e-09,6.01994206104698e-09,6.019961307847635e-09,6.019980554521276e-09,6.01999980106224e-09,6.020019047466306e-09,6.020038293740436e-09,6.020057539895269e-09,6.020076785909937e-09,6.020096031798369e-09,6.0201152775414035e-09,6.020134523168674e-09,6.0201537686659034e-09,6.020173014032661e-09,6.02019225926294e-09,6.0202115043713616e-09,6.020230749347029e-09,6.020249994175324e-09,6.020269238890125e-09,6.020288483474637e-09,6.020307727928057e-09,6.020326972250018e-09,6.020346216442343e-09,6.020365460505196e-09,6.020384704436586e-09,6.020403948235593e-09,6.0204231919080035e-09,6.0204424354494975e-09,6.020461678860623e-09,6.020480922186281e-09,6.020500165375656e-09,6.02051940839568e-09,6.020538651289373e-09,6.020557894042075e-09,6.020577136668961e-09,6.020596379168175e-09,6.020615621540068e-09,6.020634863774832e-09,6.02065410589504e-09,6.0206733478722134e-09,6.020692589719005e-09,6.020711831480498e-09,6.0207310730665345e-09,6.020750314525989e-09,6.020769555837802e-09,6.020788797032751e-09,6.020808038002618e-09,6.020827278942312e-09,6.020846519712098e-09,6.020865760383076e-09,6.020885000905961e-09,6.02090424131897e-09,6.020923481615394e-09,6.020942721758075e-09,6.020961961779911e-09,6.020981201673095e-09,6.021000441427777e-09,6.0210196810399395e-09,6.021038920540639e-09,6.021058159923342e-09,6.021077399163496e-09,6.021096638258271e-09,6.021115877238742e-09,6.021135116093104e-09,6.021154354808862e-09,6.021173593382698e-09,6.021192831823067e-09,6.02121207014598e-09,6.0212313083434994e-09,6.021250546412031e-09,6.021269784346483e-09,6.021289022153076e-09,6.021308259817465e-09,6.021327497363931e-09,6.021346734761949e-09,6.0213659720473286e-09,6.021385209205571e-09,6.021404446230358e-09,6.021423683124847e-09,6.0214429198879865e-09,6.0214621565220435e-09,6.021481393022451e-09,6.0215006293954e-09,6.0215198655768e-09,6.021539101689742e-09,6.021558337669027e-09,6.021577573523992e-09,6.0215968092219246e-09,6.0216160448139425e-09,6.021635280322364e-09,6.0216545156480875e-09,6.021673750843651e-09,6.021692985911177e-09,6.0217122208513995e-09,6.021731455659875e-09,6.0217506903532824e-09,6.021769924889199e-09,6.021789159308373e-09,6.0218083935971094e-09,6.021827627755721e-09,6.021846861784122e-09,6.021866095679485e-09,6.0218853294331954e-09,6.021904563070762e-09,6.021923796578066e-09,6.021943029952455e-09,6.021962263185006e-09,6.021981496262573e-09,6.0220007292495485e-09,6.022019962120021e-09,6.0220391948497355e-09,6.0220584274503126e-09,6.022077659918743e-09,6.0220968922539254e-09,6.022116124473985e-09,6.022135356540739e-09,6.022154588487162e-09,6.022173820300747e-09,6.0221930519847144e-09,6.0222122835379295e-09,6.022231514962449e-09,6.022250746259547e-09,6.0222699774224205e-09,6.022289208456869e-09,6.022308439398829e-09,6.02232767011825e-09,6.02234690076025e-09,6.022366131272927e-09,6.0223853616542234e-09,6.022404591904112e-09,6.022423822024777e-09,6.022443052016046e-09,6.02246228189054e-09,6.022481511617637e-09,6.022500741215239e-09,6.022519970681088e-09,6.022539200020926e-09,6.022558429189496e-09,6.022577658230887e-09,6.022596887165574e-09,6.0226161159828405e-09,6.022635344671405e-09,6.022654573227216e-09,6.022673801654992e-09,6.022693029952903e-09,6.02271225813398e-09,6.022731486170652e-09,6.022750714080713e-09,6.022769941858841e-09,6.022789169506489e-09,6.022808397019868e-09,6.022827624406126e-09,6.022846851645143e-09,6.022866078768951e-09,6.022885305765824e-09,6.022904532627975e-09,6.022923759363917e-09,6.0229429859730546e-09,6.022962212435738e-09,6.0229814387835395e-09,6.023000664996668e-09,6.02301989108187e-09,6.023039117036756e-09,6.023058342888259e-09,6.023077568608439e-09,6.023096794173391e-09,6.023116019607716e-09,6.023135244926019e-09,6.023154470092954e-09,6.02317369513365e-09,6.023192920047198e-09,6.023212144835825e-09,6.023231369489071e-09,6.023250594004715e-09,6.0232698183998365e-09,6.023289042659864e-09,6.023308266766165e-09,6.023327490754697e-09,6.023346714628648e-09,6.023365938328069e-09,6.023385161866437e-09,6.023404385412435e-09,6.023423608764699e-09,6.023442831987639e-09,6.023462055079153e-09,6.023481277918523e-09,6.023500500753573e-09,6.023519723456239e-09,6.023538946020534e-09,6.02355816837179e-09,6.023577390739291e-09,6.023596612840516e-09,6.023615834940399e-09,6.023635056857758e-09,6.023654278647978e-09,6.023673500307662e-09,6.023692721847404e-09,6.023711943222709e-09,6.023731164487753e-09,6.023750385626655e-09,6.0237696066284316e-09,6.023788827542106e-09,6.023808048290854e-09,6.023827268904936e-09,6.023846489393042e-09,6.02386570973293e-09,6.023884929917661e-09,6.023904150015784e-09,6.0239233699877775e-09,6.023942589792512e-09,6.023961809500866e-09,6.023981029082655e-09,6.024000248487887e-09,6.024019467747901e-09,6.024038686935409e-09,6.024057905993276e-09,6.024077124924243e-09,6.024096343743501e-09,6.024115562413992e-09,6.024134780936616e-09,6.024153999341729e-09,6.024173217523396e-09,6.024192435672522e-09,6.0242116536740595e-09,6.0242308715368994e-09,6.02425008929111e-09,6.024269306917015e-09,6.02428852447658e-09,6.024307741834896e-09,6.024326959064625e-09,6.02434617616333e-09,6.02436539314588e-09,6.024384610010259e-09,6.0244038267248444e-09,6.0244230433206405e-09,6.0244422597587446e-09,6.024461476086926e-09,6.024480692258806e-09,6.02449990829162e-09,6.024519124227745e-09,6.02453834003571e-09,6.024557555711507e-09,6.024576771257386e-09,6.024595986673577e-09,6.024615201958722e-09,6.024634417116888e-09,6.024653632144781e-09,6.024672847037998e-09,6.024692061800397e-09,6.024711276423313e-09,6.024730490928433e-09,6.024749705307018e-09,6.024768919552696e-09,6.024788133677071e-09,6.024807347664283e-09,6.0248265615054275e-09,6.024845775236812e-09,6.02486498881432e-09,6.024884202321963e-09,6.024903415665685e-09,6.024922628863642e-09,6.024941841923984e-09,6.024961054868708e-09,6.024980267713333e-09,6.024999480393241e-09,6.025018692949854e-09,6.025037905384315e-09,6.025057117678992e-09,6.025076329845617e-09,6.025095541880473e-09,6.025114753783494e-09,6.025133965561702e-09,6.0251531771934305e-09,6.025172388719957e-09,6.025191600104574e-09,6.02521081136428e-09,6.025230022504163e-09,6.02524923349938e-09,6.025268444361836e-09,6.025287655096736e-09,6.02530686571049e-09,6.0253260761756324e-09,6.025345286519708e-09,6.025364496728992e-09,6.025383706813891e-09,6.025402916779624e-09,6.025422126687587e-09,6.025441336382238e-09,6.025460545948738e-09,6.025479755386219e-09,6.02549896469082e-09,6.025518173816912e-09,6.025537382862264e-09,6.025556591765235e-09,6.025575800550283e-09,6.02559500920563e-09,6.0256142177487945e-09,6.025633426246117e-09,6.0256526345112645e-09,6.025671842636042e-09,6.02569105064448e-09,6.025710258505172e-09,6.025729466232874e-09,6.0257486738101886e-09,6.025767881265218e-09,6.0257870886353784e-09,6.025806295860191e-09,6.025825502941517e-09,6.025844709907078e-09,6.025863916743369e-09,6.025883123443597e-09,6.025902330023885e-09,6.025921536461238e-09,6.025940742767837e-09,6.025959948930561e-09,6.025979155010905e-09,6.0259983609592894e-09,6.026017566752671e-09,6.026036772419624e-09,6.026055977932585e-09,6.02607518337436e-09,6.026094388648215e-09,6.026113593763257e-09,6.02613279874226e-09,6.026152003616516e-09,6.026171208404721e-09,6.026190413113711e-09,6.026209617610407e-09,6.026228821962492e-09,6.02624802621013e-09,6.02626723032084e-09,6.026286434298103e-09,6.026305638070975e-09,6.026324841767409e-09,6.0263440453523965e-09,6.02636324880754e-09,6.0263824521209084e-09,6.02640165535682e-09,6.026420858311938e-09,6.026440061249073e-09,6.026459264056539e-09,6.026478466734221e-09,6.026497669284115e-09,6.026516871635843e-09,6.026536073927619e-09,6.0265552761137475e-09,6.026574478134454e-09,6.02659368009581e-09,6.0266128818663e-09,6.026632083507166e-09,6.026651284997421e-09,6.026670486372838e-09,6.026689687621609e-09,6.0267088887012685e-09,6.0267280896917845e-09,6.0267472905483825e-09,6.026766491269576e-09,6.026785691859516e-09,6.026804892329371e-09,6.0268240926772514e-09,6.026843292883658e-09,6.026862492973444e-09,6.026881692926279e-09,6.026900892724322e-09,6.026920092410309e-09,6.026939291963416e-09,6.026958491394894e-09,6.0269776906937296e-09,6.026996889857306e-09,6.0270160889026005e-09,6.02703528780455e-09,6.0270544865761085e-09,6.027073685224968e-09,6.02709288372626e-09,6.027112082100024e-09,6.0271312803433684e-09,6.027150478430247e-09,6.02716967643189e-09,6.0271888742898086e-09,6.027208072023487e-09,6.027227269635795e-09,6.027246467060199e-09,6.027265664279586e-09,6.0272848615015376e-09,6.027304058582662e-09,6.027323255550256e-09,6.027342452378021e-09,6.0273616490810365e-09,6.027380845662471e-09,6.02740004210306e-09,6.027419238419162e-09,6.027438434605028e-09,6.027457630646823e-09,6.0274768265712264e-09,6.027496022349862e-09,6.027515218017281e-09,6.027534413540287e-09,6.02755360893506e-09,6.027572804174691e-09,6.027591999271199e-09,6.027611194273576e-09,6.0276303891534204e-09,6.0276495839747465e-09,6.027668778600812e-09,6.027687973103626e-09,6.02770716743645e-09,6.027726361592802e-09,6.027745555701959e-09,6.027764749664771e-09,6.02778394352529e-09,6.027803137273484e-09,6.0278223308667085e-09,6.027841524270853e-09,6.02786071760126e-09,6.027879910785422e-09,6.0278991038554445e-09,6.027918296796311e-09,6.027937489613453e-09,6.0279566822499445e-09,6.027975874801975e-09,6.027995067227932e-09,6.028014259517477e-09,6.028033451686089e-09,6.028052643722931e-09,6.0280718355964835e-09,6.028091027356961e-09,6.028110218986139e-09,6.028129410496945e-09,6.028148601927612e-09,6.028167793189654e-09,6.028186984320348e-09,6.028206175295955e-09,6.028225366174607e-09,6.028244556899298e-09,6.02826374749367e-09,6.028282937954139e-09,6.0283021282969345e-09,6.028321318506941e-09,6.028340508590473e-09,6.0283596985317486e-09,6.0283788884743866e-09,6.028398078160339e-09,6.0284172677231306e-09,6.0284364571614175e-09,6.028455646453754e-09,6.028474835624383e-09,6.028494024543524e-09,6.0285132134709614e-09,6.028532402268018e-09,6.028551590929205e-09,6.028570779455017e-09,6.028589967809032e-09,6.028609156109981e-09,6.028628344236333e-09,6.028647532234745e-09,6.02866672010059e-09,6.0286859078489304e-09,6.028705095449857e-09,6.0287242829347275e-09,6.028743470286887e-09,6.028762657515849e-09,6.028781844601553e-09,6.028801031683284e-09,6.028820218517539e-09,6.028839405330912e-09,6.02885859189765e-09,6.028877778369588e-09,6.0288969646901156e-09,6.0289161508757125e-09,6.028935336937537e-09,6.0289545228568765e-09,6.0289737086554166e-09,6.028992894321338e-09,6.029012079885896e-09,6.029031265293497e-09,6.029050450681323e-09,6.029069635849075e-09,6.029088820985432e-09,6.029108005879542e-09,6.02912719063016e-09,6.029146375272034e-09,6.029165559774092e-09,6.029184744268531e-09,6.029203928509172e-09,6.0292231126083705e-09,6.029242296592511e-09,6.0292614805143664e-09,6.02928066424228e-09,6.029299847827214e-09,6.02931903129498e-09,6.029338214629852e-09,6.029357397954335e-09,6.029376581145685e-09,6.029395764220681e-09,6.029414947039001e-09,6.0294341297356136e-09,6.029453312290404e-09,6.029472494720176e-09,6.029491677031827e-09,6.029510859188933e-09,6.029530041188608e-09,6.029549223097404e-09,6.02956840486959e-09,6.0295875865187346e-09,6.029606768137542e-09,6.029625949490509e-09,6.0296451307542015e-09,6.029664311883167e-09,6.029683493003545e-09,6.029702673876692e-09,6.029721854694374e-09,6.0297410353100576e-09,6.029760215871807e-09,6.029779396226346e-09,6.029798576448226e-09,6.029817756584836e-09,6.029836936549733e-09,6.029856116387727e-09,6.029875296091609e-09,6.029894475664636e-09,6.029913655151258e-09,6.02993283457625e-09,6.029952013759546e-09,6.029971192798482e-09,6.029990371753088e-09,6.0300095505498714e-09,6.0300287292223795e-09,6.030047907759061e-09,6.030067086167202e-09,6.030086264441376e-09,6.030105442586763e-09,6.030124620606433e-09,6.030143798495333e-09,6.030162976253725e-09,6.0301821539480555e-09,6.030201331443696e-09,6.030220508813976e-09,6.030239686052504e-09,6.030258863056554e-09,6.030278039943716e-09,6.030297216789678e-09,6.030316393511277e-09,6.030335570103134e-09,6.030354746562054e-09,6.0303739229479905e-09,6.030393099152253e-09,6.03041227523024e-09,6.030431451168588e-09,6.030450626981588e-09,6.0304698026619906e-09,6.0304889782136744e-09,6.030508153629609e-09,6.030527328937738e-09,6.03054650400123e-09,6.030565679032284e-09,6.030584854015934e-09,6.030604028789493e-09,6.030623203434865e-09,6.0306423779499164e-09,6.030661552346915e-09,6.030680726528149e-09,6.0306999007926e-09,6.0307190747640316e-09,6.030738248649938e-09,6.0307574223876325e-09,6.030776596085236e-09,6.030795769566682e-09,6.030814942919213e-09,6.030834116143976e-09,6.030853289233229e-09,6.030872462193216e-09,6.030891635028603e-09,6.030910807789897e-09,6.030929980424217e-09,6.030949152864023e-09,6.030968325179843e-09,6.030987497365834e-09,6.031006669531474e-09,6.031025841463676e-09,6.0310450132514796e-09,6.031064184883707e-09,6.031083356416769e-09,6.031102527823235e-09,6.031121699221604e-09,6.0311408703674116e-09,6.031160041383438e-09,6.031179212295254e-09,6.03119838307119e-09,6.031217553698246e-09,6.03123672419583e-09,6.031255894564059e-09,6.03127506480315e-09,6.031294234989567e-09,6.031313404969834e-09,6.0313325748204796e-09,6.031351744543947e-09,6.031370914184178e-09,6.031390083699702e-09,6.031409253099382e-09,6.031428422310873e-09,6.031447591395357e-09,6.0314667604247664e-09,6.031485929271227e-09,6.031505098063395e-09,6.031524266620073e-09,6.031543435049901e-09,6.031562603347249e-09,6.031581771524881e-09,6.031600939510864e-09,6.03162010741926e-09,6.031639275207497e-09,6.031658442857621e-09,6.031677610378213e-09,6.031696777769698e-09,6.031715945032144e-09,6.031735112173919e-09,6.031754279184653e-09,6.031773446058201e-09,6.031792612802724e-09,6.0318117794668e-09,6.031830945952396e-09,6.031850112311222e-09,6.0318692785410005e-09,6.031888444637893e-09,6.031907610584265e-09,6.031926776430626e-09,6.0319459421392844e-09,6.031965107712698e-09,6.031984273165665e-09,6.0320034384815465e-09,6.032022603667125e-09,6.032041768732231e-09,6.032060933660081e-09,6.0320800984587315e-09,6.0320992631408055e-09,6.0321184276836725e-09,6.0321375921125085e-09,6.032156756395559e-09,6.032175920546538e-09,6.032195084582304e-09,6.032214248471068e-09,6.0322334122456875e-09,6.032252575890323e-09,6.032271739397562e-09,6.0322909027740874e-09,6.032310066019094e-09,6.032329229133028e-09,6.032348392120133e-09,6.032367554834304e-09,6.03238671752455e-09,6.0324058801245135e-09,6.0324250426001155e-09,6.032444204946106e-09,6.032463367149296e-09,6.0324825292243024e-09,6.032501691204948e-09,6.032520853025083e-09,6.032540014715233e-09,6.032559176285723e-09,6.032578337709729e-09,6.032597499015132e-09,6.032616660190435e-09,6.032635821195411e-09,6.032654982114895e-09,6.032674142900499e-09,6.0326933035345634e-09,6.032712464063222e-09,6.032731624434699e-09,6.032750784676683e-09,6.03276994480787e-09,6.032789104828388e-09,6.032808264719662e-09,6.03282742446775e-09,6.0328465840953526e-09,6.032865743597266e-09,6.0328849029588464e-09,6.0329040621698825e-09,6.032923221284071e-09,6.0329423802563825e-09,6.032961539047382e-09,6.03298069775289e-09,6.0329998563184325e-09,6.0330190147572566e-09,6.033038173064008e-09,6.033057331267881e-09,6.033076489338106e-09,6.03309564727653e-09,6.033114805091485e-09,6.033133962777864e-09,6.033153120316083e-09,6.033172277747793e-09,6.033191435038181e-09,6.0332105922135e-09,6.033229749257252e-09,6.033248906118124e-09,6.033268062829858e-09,6.033287219481156e-09,6.033306376027017e-09,6.0333255323609174e-09,6.033344688599628e-09,6.033363844826307e-09,6.033383000825202e-09,6.033402156704148e-09,6.033421312446587e-09,6.033440468052064e-09,6.0334596235306525e-09,6.033478778875191e-09,6.033497934097331e-09,6.033517089171414e-09,6.033536244134006e-09,6.033555398995206e-09,6.033574553697409e-09,6.0335937082215135e-09,6.0336128626714486e-09,6.033632016982753e-09,6.03365117115512e-09,6.0336703251981826e-09,6.033689479132113e-09,6.033708632940376e-09,6.033727786610284e-09,6.033746940144919e-09,6.033766093565798e-09,6.033785246848515e-09,6.0338043999374215e-09,6.0338235529628e-09,6.033842705860502e-09,6.033861858639237e-09,6.033881011297067e-09,6.0339001638232055e-09,6.03391931619663e-09,6.03393846840692e-09,6.03395762052581e-09,6.033976772513475e-09,6.033995924197055e-09,6.034015075920855e-09,6.034034227520334e-09,6.0340533789786714e-09,6.034072530294776e-09,6.034091681516831e-09,6.0341108326103344e-09,6.034129983516494e-09,6.034149134348182e-09,6.034168285024578e-09,6.034187435599023e-09,6.034206586056894e-09,6.0342257363674006e-09,6.034244886549185e-09,6.034264036587552e-09,6.034283186509969e-09,6.034302336296837e-09,6.0343214860310895e-09,6.034340635565342e-09,6.03435978497839e-09,6.034378934239281e-09,6.034398083387078e-09,6.0344172324078655e-09,6.034436381302898e-09,6.034455530043156e-09,6.0344746786979084e-09,6.034493827201008e-09,6.034512975570449e-09,6.034532123808151e-09,6.0345512719365494e-09,6.034570419901307e-09,6.034589567816403e-09,6.0346087155394614e-09,6.034627863137424e-09,6.034647010709475e-09,6.034666158049402e-09,6.0346853052514295e-09,6.0347044523734666e-09,6.034723599348608e-09,6.034742746158917e-09,6.034761892834284e-09,6.0347810393934704e-09,6.034800185707181e-09,6.0348193320054206e-09,6.034838478173866e-09,6.034857624212073e-09,6.034876770120375e-09,6.034895915900552e-09,6.034915061562081e-09,6.034934207087824e-09,6.034953352485335e-09,6.034972497739265e-09,6.034991642879683e-09,6.035010787896218e-09,6.03502993275564e-09,6.035049077502295e-09,6.03506822212364e-09,6.035087366616794e-09,6.035106510982371e-09,6.035125655210852e-09,6.035144799315517e-09,6.035163943266714e-09,6.03518308711942e-09,6.035202230921619e-09,6.035221374498492e-09,6.0352405179330355e-09,6.035259661275967e-09,6.0352788044440265e-09,6.0352979475148275e-09,6.035317090450529e-09,6.0353362332414014e-09,6.035355375929445e-09,6.03537451850226e-09,6.035393660923714e-09,6.035412803220124e-09,6.035431945414315e-09,6.0354510875344815e-09,6.035470229438957e-09,6.035489371224666e-09,6.035508512861946e-09,6.035527654390737e-09,6.035546795800184e-09,6.035565937052627e-09,6.035585078167e-09,6.035604219172323e-09,6.035623360045998e-09,6.035642500790991e-09,6.035661641360012e-09,6.035680781878353e-09,6.035699922208483e-09,6.035719062433211e-09,6.035738202531528e-09,6.035757342549046e-09,6.035776482354397e-09,6.035795622048822e-09,6.035814761630261e-09,6.035833901084319e-09,6.0358530404355e-09,6.035872179630823e-09,6.0358913185176675e-09,6.0359104574186916e-09,6.035929596205342e-09,6.035948734902199e-09,6.0359678732999945e-09,6.035987011696677e-09,6.0360061499763845e-09,6.036025288186764e-09,6.036044426201891e-09,6.036063564104744e-09,6.036082701878972e-09,6.036101839491096e-09,6.036120977007228e-09,6.0361401143914e-09,6.036159251664071e-09,6.036178388779319e-09,6.036197525768197e-09,6.0362166626341605e-09,6.036235799365794e-09,6.03625493597557e-09,6.03627407246092e-09,6.03629320877513e-09,6.0363123449899405e-09,6.036331481125911e-09,6.036350617089825e-09,6.036369752924556e-09,6.0363888886301115e-09,6.036408024261778e-09,6.036427159708991e-09,6.036446295023316e-09,6.036465430198981e-09,6.036484565258033e-09,6.036503700235735e-09,6.036522835051285e-09,6.036541969751091e-09,6.036561104294392e-09,6.036580238707034e-09,6.036599372969671e-09,6.036618507124708e-09,6.0366376411513885e-09,6.03665677509241e-09,6.036675908864424e-09,6.036695042506367e-09,6.036714175927513e-09,6.036733309308143e-09,6.036752442551538e-09,6.03677157568912e-09,6.036790708669837e-09,6.0368098415022945e-09,6.0368289743035845e-09,6.0368481069886704e-09,6.036867239460234e-09,6.036886371777906e-09,6.0369055039972264e-09,6.036924636088172e-09,6.036943768047325e-09,6.036962899880806e-09,6.036982031514141e-09,6.037001163079024e-09,6.037020294523705e-09,6.037039425804371e-09,6.037058556986251e-09,6.0370776880424025e-09,6.037096819001283e-09,6.0371159497992055e-09,6.037135080469119e-09,6.0371542110109734e-09,6.037173341430634e-09,6.037192471676288e-09,6.037211601776043e-09,6.037230731800599e-09,6.037249861695793e-09,6.037268991460763e-09,6.037288121091804e-09,6.037307250653432e-09,6.037326380033494e-09,6.037345509282031e-09,6.037364638395511e-09,6.037383767393871e-09,6.037402896253482e-09,6.037422024970625e-09,6.037441153577009e-09,6.037460282061805e-09,6.037479410393485e-09,6.037498538607206e-09,6.037517666665363e-09,6.037536794601309e-09,6.037555922451813e-09,6.0375750501548526e-09,6.037594177702099e-09,6.037613305143289e-09,6.037632432455401e-09,6.0376515595851785e-09,6.037670686639121e-09,6.037689813564366e-09,6.037708940171628e-09,6.037728066838724e-09,6.03774719337635e-09,6.037766319733343e-09,6.037785446033804e-09,6.037804572183436e-09,6.0378236982140625e-09,6.037842824109531e-09,6.037861949871941e-09,6.037881075487143e-09,6.03790020099252e-09,6.037919326367725e-09,6.037938451619211e-09,6.0379575767319964e-09,6.037976701720749e-09,6.037995826561732e-09,6.038014951291717e-09,6.038034075899621e-09,6.038053200372164e-09,6.038072324714995e-09,6.0380914489248805e-09,6.038110573023986e-09,6.038129696969727e-09,6.038148820793413e-09,6.038167944490698e-09,6.038187068080461e-09,6.0382061914694555e-09,6.038225314795502e-09,6.038244437969772e-09,6.038263561006516e-09,6.038282683931381e-09,6.0383018067050775e-09,6.038320929355392e-09,6.0383400519914845e-09,6.0383591744068536e-09,6.038378296656927e-09,6.03839741880357e-09,6.0384165408441475e-09,6.038435662738432e-09,6.038454784508291e-09,6.038473906142949e-09,6.03849302764382e-09,6.038512148987156e-09,6.0385312702223316e-09,6.038550391344892e-09,6.038569512327351e-09,6.0385886331142145e-09,6.038607753845006e-09,6.03862687444003e-09,6.0386459949123355e-09,6.038665115257121e-09,6.038684235471535e-09,6.0387033555599376e-09,6.038722475525824e-09,6.038741595360722e-09,6.038760715100718e-09,6.0387798346614506e-09,6.038798954096383e-09,6.0388180734250306e-09,6.038837192607052e-09,6.038856311660556e-09,6.038875430615997e-09,6.038894549411475e-09,6.038913668078363e-09,6.038932786614564e-09,6.038951905026749e-09,6.038971023305298e-09,6.038990141455827e-09,6.039009259491069e-09,6.0390283773851686e-09,6.039047495156271e-09,6.0390666127900876e-09,6.039085730295736e-09,6.039104847674005e-09,6.039123964878853e-09,6.039143082008547e-09,6.03916219881928e-09,6.039181315680046e-09,6.0392004324118205e-09,6.039219549007092e-09,6.039238665480957e-09,6.039257781824629e-09,6.03927689804413e-09,6.039296014100152e-09,6.039315130084507e-09,6.039334245923311e-09,6.039353361713032e-09,6.0393724772995385e-09,6.039391592714226e-09,6.039410708021414e-09,6.039429823205708e-09,6.039448938260714e-09,6.03946805320551e-09,6.0394871680128555e-09,6.039506282680693e-09,6.039525397220964e-09,6.039544511633681e-09,6.0395636259187215e-09,6.0395827400818075e-09,6.0396018541056765e-09,6.039620968002355e-09,6.039640081779442e-09,6.039659195394071e-09,6.039678308901922e-09,6.03969742225495e-09,6.039716535501633e-09,6.039735648622904e-09,6.039754761615094e-09,6.039773874534268e-09,6.039792987267089e-09,6.039812099875505e-09,6.039831212359994e-09,6.039850324728453e-09,6.039869436945462e-09,6.039888549027717e-09,6.039907660902833e-09,6.039926772724635e-09,6.039945884428066e-09,6.039964996002086e-09,6.039984107554865e-09,6.040003218886998e-09,6.0400223300484635e-09,6.040041441116268e-09,6.040060552045839e-09,6.040079662847168e-09,6.040098773509338e-09,6.040117884052468e-09,6.040136994461341e-09,6.040156104715892e-09,6.0401752148728524e-09,6.040194324899606e-09,6.040213434816805e-09,6.040232544585694e-09,6.040251654226606e-09,6.040270763733629e-09,6.040289873107526e-09,6.040308982361731e-09,6.0403280914850675e-09,6.04034720048248e-09,6.0403663092795205e-09,6.040385418018099e-09,6.040404526612198e-09,6.040423635083324e-09,6.040442743434858e-09,6.040461851666402e-09,6.040480959760285e-09,6.0405000678590135e-09,6.040519175695575e-09,6.040538283452521e-09,6.04055739103592e-09,6.040576498502264e-09,6.040595605763309e-09,6.040614712957013e-09,6.040633820113722e-09,6.040652927017622e-09,6.040672033841105e-09,6.0406911404437215e-09,6.040710246989453e-09,6.0407293534084026e-09,6.04074845968764e-09,6.040767565848898e-09,6.04078667198231e-09,6.040805777876841e-09,6.040824883615491e-09,6.040843989263681e-09,6.040863094770399e-09,6.0408822001569036e-09,6.040901305414417e-09,6.040920410538566e-09,6.040939515536495e-09,6.040958620410044e-09,6.0409777251678664e-09,6.0409968297643e-09,6.0410159342451395e-09,6.041035038607353e-09,6.0410541428239245e-09,6.0410732469097685e-09,6.041092350878221e-09,6.0411114547460845e-09,6.041130558455672e-09,6.041149662038855e-09,6.041168765485421e-09,6.041187868812709e-09,6.04120697201054e-09,6.041226075054819e-09,6.041245178052116e-09,6.041264280853241e-09,6.041283383526594e-09,6.041302486074635e-09,6.041321588499225e-09,6.04134069081291e-09,6.041359792995036e-09,6.0413788949548965e-09,6.041397996869369e-09,6.041417098648613e-09,6.041436200274553e-09,6.041455301800263e-09,6.041474403194318e-09,6.0414935044589405e-09,6.041512605605224e-09,6.041531706613467e-09,6.0415508074910654e-09,6.041569908118087e-09,6.0415890087371326e-09,6.041608109229014e-09,6.041627209601446e-09,6.041646309844843e-09,6.041665409960158e-09,6.041684509953913e-09,6.041703609780702e-09,6.04172270952649e-09,6.041741809118099e-09,6.0417609085796094e-09,6.041780007911937e-09,6.041799107093598e-09,6.041818206184724e-09,6.041837305143242e-09,6.041856403962472e-09,6.0418755026776015e-09,6.04189460124859e-09,6.0419136996751085e-09,6.041932797979658e-09,6.04195189626194e-09,6.0419709943278715e-09,6.041990092225304e-09,6.042009190014125e-09,6.042028287663668e-09,6.042047385194032e-09,6.0420664825625845e-09,6.042085579822182e-09,6.0421046769669514e-09,6.042123773950797e-09,6.042142870849478e-09,6.042161967607119e-09,6.0421810642359804e-09,6.042200160720486e-09,6.042219257091635e-09,6.042238353352551e-09,6.042257449469596e-09,6.042276545457654e-09,6.042295641333927e-09,6.042314737046028e-09
11,6.06418678531476e-25,8.131927678766174e-25,1.0005498119063605e-24,1.1827574177498473e-24,1.3613457349405157e-24,1.537050601976066e-24,1.710597382318231e-24,1.8824905092735568e-24,2.0530855157354586e-24,2.22269628325524e-24,2.391550582004976e-24,2.559820092176397e-24,2.727635977253846e-24,2.8951074293475494e-24,3.062311646750221e-24,3.2293057764007424e-24,3.396145534340462e-24,3.562857954114046e-24,3.729481173940093e-24,3.89602625294742e-24,4.062520835368917e-24,4.228972251684737e-24,4.395384579964288e-24,4.56177120773491e-24,4.728138027704405e-24,4.894489581337187e-24,5.060829368853999e-24,5.227160087950648e-24,5.393483817822925e-24,5.559802160880208e-24,5.726116352259372e-24,5.892427343805647e-24,6.058735869164394e-24,6.225042493792565e-24,6.391347653478485e-24,6.557651684078445e-24,6.723954844513548e-24,6.890257334256908e-24,7.056559307057528e-24,7.222860881518981e-24,7.389162148911379e-24,7.555463179631703e-24,7.721764027959775e-24,7.888064735703149e-24,8.054365335160208e-24,8.220665851068773e-24,8.386966302610437e-24,8.55326670455899e-24,8.719567068267592e-24,8.885867402541122e-24,9.052167714107888e-24,9.218468008150294e-24,9.38476828872747e-24,9.551068558872626e-24,9.7173688210228e-24,9.88366907700048e-24,1.0049969328204463e-23,1.0216269575764522e-23,1.0382569820472039e-23,1.054887006300865e-23,1.0715170303873816e-23,1.0881470543426365e-23,1.104777078197515e-23,1.1214071019794304e-23,1.1380371256986481e-23,1.1546671493711489e-23,1.1712971730113414e-23,1.1879271966222254e-23,1.2045572202158734e-23,1.2211872437902079e-23,1.2378172673550368e-23,1.2544472909090728e-23,1.271077314455153e-23,1.2877073379931343e-23,1.3043373615318718e-23,1.3209673850663204e-23,1.3375974085948177e-23,1.3542274321213353e-23,1.3708574556501848e-23,1.3874874791769125e-23,1.4041175026997302e-23,1.4207475262218041e-23,1.4373775497433415e-23,1.4540075732688714e-23,1.470637596788507e-23,1.4872676203110412e-23,1.5038976438325982e-23,1.5205276673546548e-23,1.5371576908792493e-23,1.5537877143992708e-23,1.5704177379171026e-23,1.5870477614394972e-23,1.6036777849605676e-23,1.620307808481266e-23,1.636937832001905e-23,1.6535678555234083e-23,1.6701978790464788e-23,1.6868279025695754e-23,1.703457926088017e-23,1.720087949610162e-23,1.736717973130737e-23,1.7533479966539923e-23,1.769978020173339e-23,1.78660804369602e-23,1.8032380672173248e-23,1.8198680907375808e-23,1.836498114256e-23,1.8531281377785008e-23,1.869758161300118e-23,1.886388184820308e-23,1.9030182083429243e-23,1.9196482318652595e-23,1.9362782553867484e-23,1.9529082789066926e-23,1.9695383024298756e-23,1.9861683259498387e-23,2.0027983494701905e-23,2.0194283729942228e-23,2.0360583965157584e-23,2.0526884200352245e-23,2.0693184435558852e-23,2.0859484670797003e-23,2.1025784906001967e-23,2.119208514120491e-23,2.1358385376413435e-23,2.1524685611610774e-23,2.1690985846830337e-23,2.18572860820459e-23,2.202358631725489e-23,2.2189886552501874e-23,2.235618678769199e-23,2.2522487022885483e-23,2.2688787258117725e-23,2.285508749332774e-23,2.3021387728529587e-23,2.3187687963765743e-23,2.335398819896402e-23,2.3520288434166667e-23,2.368658866938791e-23,2.385288890462268e-23,2.401918913981235e-23,2.4185489375026473e-23,2.4351789610224243e-23,2.451808984543403e-23,2.4684390080643814e-23,2.4850690315850706e-23,2.501699055106805e-23,2.5183290786292046e-23,2.5349591021506926e-23,2.551589125673789e-23,2.5682191491925288e-23,2.5848491727156334e-23,2.601479196233909e-23,2.618109219759401e-23,2.6347392432756753e-23,2.6513692667974945e-23,2.667999290319953e-23,2.684629313840466e-23,2.701259337363109e-23,2.717889360884407e-23,2.7345193844030047e-23,2.751149407925772e-23,2.767779431447077e-23,2.784409454971283e-23,2.8010394784884087e-23,2.817669502010906e-23,2.834299525532523e-23,2.850929549053507e-23,2.867559572572718e-23,2.884189596098047e-23,2.900819619615893e-23,2.9174496431377264e-23,2.934079666658049e-23,2.950709690179883e-23,2.967339713702708e-23,2.9839697372223963e-23,3.0005997607439354e-23,3.017229784263551e-23,3.0338598077870777e-23,3.0504898313074324e-23,3.0671198548274634e-23,3.0837498783461783e-23,3.1003799018672384e-23,3.117009925390146e-23,3.1336399489135033e-23,3.150269972430621e-23,3.1668999959517867e-23,3.1835300194742003e-23,3.2001600429961114e-23,3.216790066519126e-23,3.233420090038053e-23,3.2500501135615433e-23,3.266680137082415e-23,3.2833101606013224e-23,3.299940184124546e-23,3.316570207643893e-23,3.333200231169584e-23,3.349830254689182e-23,3.36646027820881e-23,3.383090301730146e-23,3.39972032525226e-23,3.4163503487742164e-23,3.432980372295917e-23,3.449610395815598e-23,3.466240419335437e-23,3.4828704428590797e-23,3.499500466378261e-23,3.5161304898981e-23,3.5327605134202404e-23,3.549390536940513e-23,3.5660205604622753e-23,3.58265058398487e-23,3.599280607505413e-23,3.6159106310275544e-23,3.632540654548667e-23,3.6491706780713426e-23,3.665800701589472e-23,3.682430725110855e-23,3.6990607486298267e-23,3.715690772155444e-23,3.7323207956725675e-23,3.7489508191968754e-23,3.7655808427173354e-23,3.782210866239148e-23,3.79884088975887e-23,3.815470913279526e-23,3.832100936800873e-23,3.848730960322888e-23,3.865360983844783e-23,3.881991007364832e-23,3.8986210308814196e-23,3.915251054406127e-23,3.9318810779293273e-23,3.9485111014479994e-23,3.9651411249690953e-23,3.9817711484916506e-23,3.998401172011211e-23,4.0150311955310565e-23,4.0316612190557506e-23,4.048291242574149e-23,4.064921266095333e-23,4.081551289616432e-23,4.098181313137437e-23,4.114811336660762e-23,4.131441360180281e-23,4.1480713837025164e-23,4.164701407223916e-23,4.1813314307459337e-23,4.197961454264792e-23,4.214591477785901e-23,4.231221501306668e-23,4.2478515248295574e-23,4.2644815483488666e-23,4.281111571870909e-23,4.2977415953936116e-23,4.314371618914697e-23,4.331001642435611e-23,4.3476316659541716e-23,4.3642616894749443e-23,4.3808917129992864e-23,4.397521736517603e-23,4.4141517600379464e-23,4.430781783560354e-23,4.4474118070815265e-23,4.4640418306015733e-23,4.480671854122142e-23,4.4973018776442636e-23,4.513931901164869e-23,4.5305619246831435e-23,4.547191948207541e-23,4.563821971727817e-23,4.580451995248738e-23,4.5970820187695855e-23,4.613712042290906e-23,4.6303420658121864e-23,4.646972089335301e-23,4.663602112854322e-23,4.680232136376695e-23,4.696862159898326e-23,4.713492183419582e-23,4.730122206938236e-23,4.746752230459338e-23,4.7633822539831267e-23,4.7800122774994754e-23,4.796642301022768e-23,4.813272324544405e-23,4.8299023480649525e-23,4.846532371586272e-23,4.863162395106135e-23,4.8797924186264876e-23,4.896422442148913e-23,4.9130524656691226e-23,4.9296824891925525e-23,4.94631251271274e-23,4.962942536233962e-23,4.979572559755771e-23,4.996202583276143e-23,5.0128326067970194e-23,5.029462630318002e-23,5.046092653838233e-23,5.062722677361196e-23,5.079352700880664e-23,5.095982724402337e-23,5.112612747922319e-23,5.129242771444411e-23,5.145872794966019e-23,5.1625028184874904e-23,5.1791328420094174e-23,5.1957628655293925e-23,5.2123928890492595e-23,5.229022912575017e-23,5.2456529360923923e-23,5.262282959612643e-23,5.278912983133216e-23,5.295543006656083e-23,5.312173030176099e-23,5.32880305369833e-23,5.345433077218908e-23,5.362063100738517e-23,5.378693124260018e-23,5.395323147781369e-23,5.411953171304965e-23,5.428583194825009e-23,5.445213218342547e-23,5.461843241867198e-23,5.478473265383525e-23,5.495103288908653e-23,5.511733312427825e-23,5.528363335950162e-23,5.544993359471686e-23,5.56162338299268e-23,5.578253406512484e-23,5.594883430029404e-23,5.611513453549948e-23,5.628143477072743e-23,5.644773500592576e-23,5.661403524113655e-23,5.678033547636476e-23,5.694663571158181e-23,5.711293594677854e-23,5.727923618200343e-23,5.744553641721684e-23,5.761183665243254e-23,5.777813688763203e-23,5.794443712282314e-23,5.811073735803446e-23,5.827703759325338e-23,5.844333782848124e-23,5.860963806368369e-23,5.877593829891624e-23,5.894223853410339e-23,5.910853876933658e-23,5.92748390045492e-23,5.944113923977097e-23,5.960743947496365e-23,5.97737397101933e-23,5.994003994539404e-23,6.010634018060082e-23,6.027264041583081e-23,6.043894065103269e-23,6.060524088624953e-23,6.077154112145241e-23,6.09378413566572e-23,6.110414159184718e-23,6.127044182705341e-23,6.143674206229295e-23,6.160304229749846e-23,6.176934253271533e-23,6.193564276793205e-23,6.21019430031472e-23,6.226824323831391e-23,6.243454347351926e-23,6.260084370874801e-23,6.27671439439834e-23,6.293344417916423e-23,6.309974441441629e-23,6.326604464963556e-23,6.343234488481686e-23,6.359864512005793e-23,6.376494535524771e-23,6.393124559042851e-23,6.409754582563735e-23,6.426384606084963e-23,6.443014629608361e-23,6.459644653126554e-23,6.476274676649027e-23,6.492904700167987e-23,6.509534723689287e-23,6.526164747211875e-23,6.542794770735435e-23,6.559424794256342e-23,6.576054817776334e-23,6.592684841300729e-23,6.609314864817838e-23,6.625944888339056e-23,6.642574911859091e-23,6.659204935383086e-23,6.67583495890453e-23,6.692464982426489e-23,6.709095005947149e-23,6.725725029468244e-23,6.742355052989287e-23,6.758985076511166e-23,6.77561510003046e-23,6.792245123553993e-23,6.808875147073461e-23,6.825505170595504e-23,6.842135194117595e-23,6.858765217636772e-23,6.875395241157316e-23,6.892025264676622e-23,6.908655288199721e-23,6.92528531172104e-23,6.941915335239504e-23,6.95854535876197e-23,6.97517538228241e-23,6.991805405805994e-23,7.008435429324465e-23,7.025065452847843e-23,7.04169547636881e-23,7.058325499890256e-23,7.074955523409254e-23,7.091585546930456e-23,7.108215570451045e-23,7.124845593970046e-23,7.141475617490705e-23,7.158105641011598e-23,7.174735664535693e-23,7.191365688054208e-23,7.207995711578842e-23,7.224625735099506e-23,7.24125575861886e-23,7.257885782141803e-23,7.274515805661002e-23,7.2911458291806e-23,7.307775852704751e-23,7.324405876226037e-23,7.341035899745743e-23,7.35766592326705e-23,7.374295946785192e-23,7.390925970310179e-23,7.407555993833382e-23,7.424186017349083e-23,7.440816040870922e-23,7.45744606439235e-23,7.474076087913386e-23,7.490706111432413e-23,7.507336134955686e-23,7.523966158476275e-23,7.540596181996426e-23,7.557226205519251e-23,7.573856229042622e-23,7.590486252561239e-23,7.60711627608265e-23,7.623746299606225e-23,7.640376323126008e-23,7.657006346646931e-23,7.673636370168905e-23,7.690266393688608e-23,7.706896417212006e-23,7.723526440733279e-23,7.74015646425167e-23,7.756786487771244e-23,7.773416511294297e-23,7.790046534815507e-23,7.806676558336013e-23,7.823306581856442e-23,7.839936605376755e-23,7.856566628899104e-23,7.873196652421244e-23,7.889826675941434e-23,7.906456699463554e-23,7.923086722980901e-23,7.939716746504918e-23,7.956346770026455e-23,7.972976793546445e-23,7.989606817068961e-23,8.006236840591492e-23,8.022866864109208e-23,8.039496887628282e-23,8.056126911149951e-23,8.072756934671084e-23,8.089386958191047e-23,8.106016981709645e-23,8.122647005235119e-23,8.139277028754061e-23,8.155907052275236e-23,8.172537075794625e-23,8.189167099316404e-23,8.205797122837496e-23,8.222427146357162e-23,8.23905716987952e-23,8.255687193399076e-23,8.272317216921775e-23,8.288947240442752e-23,8.305577263961076e-23,8.322207287484748e-23,8.338837311006024e-23,8.355467334527633e-23,8.372097358046944e-23,8.388727381568362e-23,8.405357405089978e-23,8.42198742861058e-23,8.438617452129778e-23,8.455247475651361e-23,8.471877499172974e-23,8.488507522694017e-23,8.505137546215899e-23,8.521767569735344e-23,8.538397593258069e-23,8.555027616779073e-23,8.571657640296285e-23,8.588287663819711e-23,8.604917687338613e-23,8.621547710861131e-23,8.63817773438057e-23,8.654807757903004e-23,8.671437781418659e-23,8.688067804943948e-23,8.704697828462498e-23,8.721327851982676e-23,8.737957875505474e-23,8.754587899024912e-23,8.771217922546849e-23,8.787847946069257e-23,8.804477969589426e-23,8.821107993110656e-23,8.837738016631663e-23,8.854368040150147e-23,8.870998063672325e-23,8.887628087192857e-23,8.904258110715197e-23,8.920888134237031e-23,8.937518157756448e-23,8.95414818127454e-23,8.970778204799313e-23,8.987408228320495e-23,9.004038251841721e-23,9.020668275363768e-23,9.037298298883516e-23,9.053928322404248e-23,9.070558345925174e-23,9.087188369444882e-23,9.103818392968813e-23,9.120448416485288e-23,9.137078440007849e-23,9.153708463527591e-23,9.170338487051492e-23,9.186968510568422e-23,9.203598534091635e-23,9.220228557614777e-23,9.236858581132596e-23,9.253488604655127e-23,9.270118628177595e-23,9.286748651696125e-23,9.303378675216941e-23,9.320008698738242e-23,9.33663872225832e-23,9.353268745781872e-23,9.369898769298826e-23,9.386528792822376e-23,9.403158816345194e-23,9.419788839865051e-23,9.436418863384946e-23,9.45304888690631e-23,9.469678910425473e-23,9.486308933948024e-23,9.502938957465756e-23,9.519568980991632e-23,9.536199004512267e-23,9.552829028032863e-23,9.569459051554885e-23,9.58608907507668e-23,9.602719098595993e-23,9.61934912211672e-23,9.63597914563586e-23,9.65260916915733e-23,9.669239192678793e-23,9.685869216202371e-23,9.702499239722245e-23,9.719129263241769e-23,9.735759286764578e-23,9.752389310287296e-23,9.769019333808194e-23,9.785649357327193e-23,9.802279380848091e-23,9.818909404369143e-23,9.835539427888469e-23,9.852169451410656e-23,9.868799474931796e-23,9.885429498450939e-23,9.902059521973993e-23,9.918689545494082e-23,9.935319569015771e-23,9.95194959253575e-23,9.968579616055372e-23,9.985209639579129e-23,1.0001839663098791e-22,1.0018469686621788e-22,1.003509971014066e-22,1.0051729733661023e-22,1.0068359757181771e-22,1.0084989780702091e-22,1.0101619804223344e-22,1.0118249827747265e-22,1.0134879851266027e-22,1.0151509874786627e-22,1.0168139898309479e-22,1.0184769921827613e-22,1.0201399945347213e-22,1.0218029968873319e-22,1.0234659992393905e-22,1.0251290015913793e-22,1.0267920039437697e-22,1.0284550062954505e-22,1.0301180086480657e-22,1.0317810109998024e-22,1.0334440133518325e-22,1.0351070157039924e-22,1.0367700180561104e-22,1.0384330204085364e-22,1.0400960227604876e-22,1.0417590251125314e-22,1.0434220274643749e-22,1.0450850298164921e-22,1.0467480321684474e-22,1.0484110345207945e-22,1.0500740368728647e-22,1.0517370392248838e-22,1.0534000415768944e-22,1.0550630439290971e-22,1.0567260462812198e-22,1.0583890486332918e-22,1.060052050985322e-22,1.0617150533373433e-22,1.0633780556895569e-22,1.0650410580415727e-22,1.0667040603937754e-22,1.0683670627458155e-22,1.0700300650980077e-22,1.0716930674498822e-22,1.0733560698020554e-22,1.0750190721539137e-22,1.0766820745061903e-22,1.0783450768583937e-22,1.0800080792103964e-22,1.081671081562199e-22,1.083334083914329e-22,1.0849970862665072e-22,1.0866600886186027e-22,1.0883230909706534e-22,1.089986093322961e-22,1.0916490956749712e-22,1.0933120980268864e-22,1.0949751003789074e-22,1.096638102730964e-22,1.0983011050833625e-22,1.09996410743519e-22,1.1016271097871467e-22,1.1032901121395989e-22,1.1049531144913747e-22,1.1066161168436183e-22,1.1082791191956438e-22,1.1099421215476977e-22,1.1116051238997058e-22,1.1132681262521169e-22,1.1149311286040168e-22,1.1165941309562301e-22,1.1182571333078033e-22,1.1199201356600336e-22,1.121583138012056e-22,1.1232461403644275e-22,1.1249091427160729e-22,1.1265721450682013e-22,1.128235147420161e-22,1.129898149772702e-22,1.1315611521247405e-22,1.1332241544766395e-22,1.1348871568287512e-22,1.1365501591806867e-22,1.1382131615330444e-22,1.1398761638850828e-22,1.1415391662371764e-22,1.1432021685891243e-22,1.1448651709409862e-22,1.1465281732930996e-22,1.1481911756452093e-22,1.149854177997355e-22,1.1515171803493858e-22,1.1531801827017745e-22,1.1548431850538352e-22,1.1565061874059223e-22,1.158169189757929e-22,1.1598321921099992e-22,1.1614951944621067e-22,1.1631581968142424e-22,1.1648211991662684e-22,1.1664842015182097e-22,1.168147203870399e-22,1.169810206222439e-22,1.1714732085744402e-22,1.1731362109264367e-22,1.1747992132787462e-22,1.1764622156305599e-22,1.1781252179828943e-22,1.1797882203351245e-22,1.1814512226872737e-22,1.183114225039065e-22,1.1847772273911559e-22,1.1864402297432197e-22,1.188103232095238e-22,1.1897662344474655e-22,1.1914292367995874e-22,1.1930922391514215e-22,1.1947552415035147e-22,1.1964182438558294e-22,1.1980812462077914e-22,1.1997442485602645e-22,1.2014072509121875e-22,1.2030702532639069e-22,1.2047332556161484e-22,1.2063962579680855e-22,1.208059260320037e-22,1.209722262672192e-22,1.211385265024221e-22,1.2130482673763374e-22,1.2147112697286248e-22,1.2163742720804634e-22,1.218037274432386e-22,1.2197002767846463e-22,1.221363279136606e-22,1.2230262814885555e-22,1.224689283840426e-22,1.2263522861926022e-22,1.228015288544538e-22,1.2296782908966358e-22,1.2313412932488343e-22,1.2330042956011365e-22,1.2346672979529922e-22,1.23633030030527e-22,1.237993302657149e-22,1.2396563050091822e-22,1.2413193073611779e-22,1.2429823097130675e-22,1.2446453120654216e-22,1.2463083144174462e-22,1.2479713167696614e-22,1.2496343191216373e-22,1.2512973214735722e-22,1.252960323825565e-22,1.2546233261775586e-22,1.2562863285300441e-22,1.2579493308820722e-22,1.2596123332342804e-22,1.2612753355863642e-22,1.2629383379380013e-22,1.2646013402902122e-22,1.2662643426423097e-22,1.2679273449943683e-22,1.269590347346579e-22,1.2712533496983965e-22,1.272916352050694e-22,1.2745793544027375e-22,1.276242356754634e-22,1.2779053591068158e-22,1.2795683614589727e-22,1.2812313638108331e-22,1.282894366163222e-22,1.2845573685152078e-22,1.28622037086737e-22,1.2878833732195024e-22,1.289546375571689e-22,1.2912093779235526e-22,1.2928723802755586e-22,1.2945353826276673e-22,1.2961983849798339e-22,1.2978613873319028e-22,1.2995243896841268e-22,1.3011873920362832e-22,1.302850394388271e-22,1.304513396740414e-22,1.3061763990922957e-22,1.3078394014443607e-22,1.3095024037962002e-22,1.3111654061481855e-22,1.312828408500653e-22,1.3144914108523336e-22,1.3161544132046604e-22,1.3178174155566782e-22,1.319480417909156e-22,1.321143420261232e-22,1.3228064226133567e-22,1.3244694249653479e-22,1.3261324273174277e-22,1.327795429669536e-22,1.3294584320216385e-22,1.3311214343738967e-22,1.3327844367257767e-22,1.3344474390778925e-22,1.3361104414300108e-22,1.3377734437822502e-22,1.33943644613436e-22,1.3410994484865586e-22,1.3427624508382548e-22,1.3444254531903045e-22,1.3460884555423323e-22,1.3477514578945021e-22,1.349414460246647e-22,1.3510774625986598e-22,1.3527404649508527e-22,1.3544034673030124e-22,1.3560664696547692e-22,1.3577294720067876e-22,1.3593924743592356e-22,1.3610554767110173e-22,1.3627184790632038e-22,1.364381481415123e-22,1.3660444837672727e-22,1.3677074861195208e-22,1.3693704884714586e-22,1.371033490823505e-22,1.3726964931759464e-22,1.374359495527639e-22,1.3760224978799052e-22,1.3776855002320677e-22,1.3793485025839474e-22,1.3810115049365106e-22,1.3826745072886061e-22,1.3843375096401976e-22,1.386000511992407e-22,1.3876635143443847e-22,1.3893265166968388e-22,1.390989519048724e-22,1.3926525214008942e-22,1.3943155237530617e-22,1.3959785261051448e-22,1.3976415284571849e-22,1.3993045308092818e-22,1.4009675331613736e-22,1.402630535513521e-22,1.4042935378655457e-22,1.405956540217801e-22,1.407619542569885e-22,1.4092825449218038e-22,1.4109455472736824e-22,1.4126085496258236e-22,1.414271551978151e-22,1.4159345543302728e-22,1.417597556682262e-22,1.4192605590343882e-22,1.4209235613865206e-22,1.4225865637385264e-22,1.4242495660906153e-22,1.4259125684429034e-22,1.4275755707947244e-22,1.4292385731469683e-22,1.4309015754986644e-22,1.4325645778511297e-22,1.4342275802029716e-22,1.435890582555317e-22,1.4375535849073484e-22,1.4392165872594263e-22,1.4408795896112358e-22,1.4425425919632692e-22,1.4442055943154823e-22,1.4458685966674853e-22,1.4475315990197146e-22,1.449194601371344e-22,1.4508576037236076e-22,1.4525206060759448e-22,1.4541836084281113e-22,1.4558466107798951e-22,1.4575096131324035e-22,1.459172615484302e-22,1.460835617836235e-22,1.4624986201887618e-22,1.464161622540681e-22,1.4658246248926273e-22,1.4674876272447438e-22,1.4691506295966651e-22,1.4708136319489685e-22,1.4724766343008292e-22,1.474139636653011e-22,1.4758026390048322e-22,1.4774656413567777e-22,1.47912864370915e-22,1.4807916460614985e-22,1.4824546484132233e-22,1.4841176507655185e-22,1.485780653117264e-22,1.4874436554698266e-22,1.4891066578217379e-22,1.490769660173517e-22,1.4924326625256786e-22,1.4940956648780992e-22,1.4957586672299957e-22,1.4974216695822264e-22,1.4990846719340527e-22,1.5007476742862508e-22,1.502410676638339e-22,1.5040736789904257e-22,1.505736681342394e-22,1.507399683694526e-22,1.5090626860466267e-22,1.5107256883987246e-22,1.5123886907509278e-22,1.5140516931028816e-22,1.5157146954549621e-22,1.5173776978070429e-22,1.5190407001593406e-22,1.520703702511446e-22,1.5223667048633474e-22,1.5240297072153752e-22,1.525692709567624e-22,1.5273557119195512e-22,1.529018714271433e-22,1.5306817166236403e-22,1.532344718975656e-22,1.5340077213276113e-22,1.5356707236799989e-22,1.5373337260320394e-22,1.5389967283843096e-22,1.5406597307363718e-22,1.5423227330884133e-22,1.5439857354404298e-22,1.5456487377925714e-22,1.5473117401445295e-22,1.5489747424966398e-22,1.550637744848608e-22,1.5523007472006565e-22,1.5539637495526194e-22,1.5556267519049536e-22,1.557289754257026e-22,1.5589527566091696e-22,1.5606157589612809e-22,1.562278761313203e-22,1.5639417636654334e-22,1.565604766017566e-22,1.5672677683697115e-22,1.5689307707216168e-22,1.5705937730735941e-22,1.5722567754260172e-22,1.5739197777777909e-22,1.5755827801295888e-22,1.5772457824818606e-22,1.5789087848340923e-22,1.5805717871862424e-22,1.582234789538117e-22,1.583897791889985e-22,1.58556079424229e-22,1.5872237965941866e-22,1.5888867989462748e-22,1.5905498012981301e-22,1.5922128036505795e-22,1.5938758060025424e-22,1.59553880835473e-22,1.5972018107066484e-22,1.598864813059109e-22,1.600527815411088e-22,1.6021908177629405e-22,1.6038538201152542e-22,1.605516822467321e-22,1.607179824819425e-22,1.608842827171578e-22,1.6105058295233942e-22,1.612168831875554e-22,1.613831834227648e-22,1.6154948365797041e-22,1.6171578389318396e-22,1.6188208412840203e-22,1.620483843635945e-22,1.622146845987983e-22,1.6238098483401052e-22,1.6254728506921946e-22,1.6271358530443816e-22,1.6287988553962607e-22,1.6304618577482763e-22,1.632124860100249e-22,1.633787862452465e-22,1.6354508648045888e-22,1.6371138671567805e-22,1.6387768695088422e-22,1.6404398718609716e-22,1.6421028742129244e-22,1.643765876564992e-22,1.6454288789173398e-22,1.6470918812691598e-22,1.6487548836212396e-22,1.6504178859734473e-22,1.6520808883255797e-22,1.6537438906776837e-22,1.6554068930296791e-22,1.6570698953817192e-22,1.6587328977339074e-22,1.660395900085998e-22,1.6620589024379785e-22,1.6637219047900275e-22,1.6653849071422505e-22,1.6670479094941027e-22,1.668710911846462e-22,1.4093335509496635e-18,1.9099432865351278e-18,2.3491411470776385e-18,2.7654320551654916e-18,3.166951697377277e-18,3.558776484367644e-18,3.944468561343524e-18,4.326554048764017e-18,4.7068344666400464e-18,5.0866027379144485e-18,5.466793915852097e-18,5.848090650437325e-18,6.230997154032721e-18,6.61589118054815e-18,7.003060623522384e-18,7.392729329032453e-18,7.785075334108786e-18,8.180243775991121e-18,8.578356047044274e-18,8.979516299088758e-18,9.383816079413687e-18,9.79133764043839e-18,1.020215631411774e-17,1.061634222177232e-17,1.1033961511882012e-17,1.1455077262878397e-17,1.1879750147204826e-17,1.2308038924149612e-17,1.274000081166141e-17,1.3175691767905125e-17,1.3615166718644603e-17,1.40584797189052e-17,1.4505684104904125e-17,1.4956832605185047e-17,1.5411977437310705e-17,1.5871170395620697e-17,1.633446290413029e-17,1.6801906146871054e-17,1.727355101716585e-17,1.7749448290056242e-17,1.822964855585136e-17,1.8714202352617864e-17,1.9203160169997514e-17,1.96965724942845e-17,2.0194489844528828e-17,2.069696280778912e-17,2.1204042071123903e-17,2.171577845187358e-17,2.2232222929769757e-17,2.275342667046194e-17,2.3279441054826295e-17,2.3810317703338485e-17,2.4346108500424395e-17,2.4886865617281624e-17,2.543264153430666e-17,2.598348906197429e-17,2.653946136143488e-17,2.7100611963944794e-17,2.7666994789802638e-17,2.823866416722003e-17,2.8815674848381145e-17,2.9398082028353766e-17,2.9985941360493355e-17,3.057930897277662e-17,3.117824148414449e-17,3.178279601821734e-17,3.239303021992627e-17,3.3009002268541444e-17,3.363077089352528e-17,3.425839538669034e-17,3.489193561406269e-17,3.5531452042235065e-17,3.617700573107297e-17,3.682865836098901e-17,3.7486472243028376e-17,3.815051032848496e-17,3.8820836227058124e-17,3.9497514214342836e-17,4.0180609247630353e-17,4.0870186976865414e-17,4.156631375743576e-17,4.226905666231771e-17,4.2978483494687e-17,4.3694662800288316e-17,4.441766387938566e-17,4.514755679947362e-17,4.5884412407578486e-17,4.6628302342451895e-17,4.7379299047174653e-17,4.81374757818335e-17,4.890290663568164e-17,4.967566653499681e-17,5.045583127635399e-17,5.1243477507940524e-17,5.203868276353311e-17,5.284152547087349e-17,5.365208496389454e-17,5.447044149733217e-17,5.529667625673076e-17,5.613087137662821e-17,5.697310995114454e-17,5.782347604858432e-17,5.868205472513488e-17,5.954893203940921e-17,6.042419506642638e-17,6.130793191218358e-17,6.220023172778571e-17,6.310118472503194e-17,6.401088219129388e-17,6.492941650409923e-17,6.585688114751741e-17,6.679337072312236e-17,6.773898097993996e-17,6.869380881066664e-17,6.965795228083225e-17,7.063151064211042e-17,7.161458434938506e-17,7.260727507669527e-17,7.360968573585089e-17,7.462192049267538e-17,7.56440847853921e-17,7.667628534245816e-17,7.771863020073494e-17,7.877122872402718e-17,7.983419162193773e-17,8.090763096893206e-17,8.199166022368683e-17,8.30863942488494e-17,8.419194933102761e-17,8.530844320075729e-17,8.643599505302693e-17,8.757472557044201e-17,8.872475693955602e-17,8.98862128792941e-17,9.105921865529512e-17,9.224390110872291e-17,9.34403886743538e-17,9.464881140640243e-17,9.586930100001346e-17,9.710199081692493e-17,9.834701590777441e-17,9.960451303744584e-17,1.0087462070994529e-16,1.0215747919351309e-16,1.0345323054661703e-16,1.0476201864372685e-16,1.0608398920210288e-16,1.074192898091889e-16,1.0876806994907032e-16,1.1013048103135189e-16,1.115066764187706e-16,1.1289681145639313e-16,1.1430104350116646e-16,1.1571953195127402e-16,1.171524382767571e-16,1.1859992604974296e-16,1.2006216097631438e-16,1.215393109284754e-16,1.2303154597587196e-16,1.2453903841918465e-16,1.2606196282340656e-16,1.2760049605205725e-16,1.2915481730141128e-16,1.3072510813612348e-16,1.323115525253815e-16,1.3391433687782077e-16,1.3553365008037395e-16,1.371696835343835e-16,1.3882263119313195e-16,1.4049268960857508e-16,1.4218005795813333e-16,1.438849380938566e-16,1.456075345808882e-16,1.4734805473973603e-16,1.491067086891307e-16,1.5088370938797972e-16,1.5267927267981441e-16,1.5449361733805362e-16,1.563269651109172e-16,1.5817954076754354e-16,1.6005157214601688e-16,1.6194329020090342e-16,1.6385492905151421e-16,1.6578672603188681e-16,1.6773892174232514e-16,1.6971176009869055e-16,1.7170548838651588e-16,1.7372035731460894e-16,1.7575662106672053e-16,1.778145373600547e-16,1.798943674992186e-16,1.8199637643214792e-16,1.841208328167089e-16,1.862680090674197e-16,1.8843818142371915e-16,1.9063163001023535e-16,1.9284863889877955e-16,1.9508949617222467e-16,1.9735449398917584e-16,1.9964392865038867e-16,2.0195810066612224e-16,2.042973148241729e-16,2.0666188025970008e-16,2.0905211052787626e-16,2.1146832367320214e-16,2.1391084230618866e-16,2.163799936767375e-16,2.1887610975160136e-16,2.2139952729154343e-16,2.239505879312706e-16,2.2652963826057454e-16,2.291370299047382e-16,2.3177311961214436e-16,2.34438269336237e-16,2.3713284632444525e-16,2.398572232068316e-16,2.4261177808942453e-16,2.4539689463359765e-16,2.4821296217012095e-16,2.5106037578034916e-16,2.5393953639920133e-16,2.568508509132701e-16,2.597947322614305e-16,2.627715995409005e-16,2.6578187810834296e-16,2.6882599969183277e-16,2.719044024976219e-16,2.7501753132235647e-16,2.7816583766654377e-16,2.813497798510479e-16,2.845698231351333e-16,2.8782643983655915e-16,2.9112010945532844e-16,2.944513187985826e-16,2.9782056210859066e-16,3.0122834119295364e-16,3.046751655578566e-16,3.0816155254344856e-16,3.1168802746258216e-16,3.15255123741238e-16,3.188633830629477e-16,3.225133555154081e-16,3.2620559974039197e-16,3.299406830864998e-16,3.337191817648439e-16,3.3754168100511815e-16,3.4140877523065207e-16,3.4532106820516855e-16,3.4927917321254564e-16,3.532837132300775e-16,3.5733532109947366e-16,3.6143463971057457e-16,3.6558232218599706e-16,3.697790320558515e-16,3.7402544346567823e-16,3.783222413629983e-16,3.826701216964514e-16,3.870697916181127e-16,3.9152196969486835e-16,3.960273861147281e-16,4.0058678290804807e-16,4.052009141648102e-16,4.098705462614041e-16,4.145964580908916e-16,4.1937944129748e-16,4.2422030051761435e-16,4.2911985362350195e-16,4.340789319757009e-16,4.3909838067567487e-16,4.441790588314755e-16,4.49321839820805e-16,4.545276115660541e-16,4.597972768108955e-16,4.651317534073737e-16,4.705319746048717e-16,4.759988893481655e-16,4.815334625804749e-16,4.871366755545264e-16,4.928095261492175e-16,4.985530291941201e-16,5.043682168004295e-16,5.102561387005775e-16,5.162178625929612e-16,5.222544744973248e-16,5.283670791151471e-16,5.345568002014439e-16,5.408247809408173e-16,5.471721843360708e-16,5.536001936034573e-16,5.601100125741026e-16,5.667028661130414e-16,5.733800005381326e-16,5.801426840529617e-16,5.869922071917524e-16,5.939298832703405e-16,6.009570488485488e-16,6.080750642065802e-16,6.152853138302816e-16,6.225892068956891e-16,6.299881777951052e-16,6.374836866541916e-16,6.450772198294694e-16,6.52770290504612e-16,6.60564439214587e-16,6.684612344220207e-16,6.764622731011283e-16,6.845691813352705e-16,6.927836149280384e-16,7.011072600296856e-16,7.095418337729128e-16,7.180890849397715e-16,7.267507946233294e-16,7.355287769216328e-16,7.444248796386038e-16,7.534409850091381e-16,7.625790104364392e-16,7.718409092469539e-16,7.812286714804694e-16,7.907443246617839e-16,8.003899346323328e-16,8.101676063801556e-16,8.200794848925647e-16,8.301277560363892e-16,8.403146474529794e-16,8.506424294808266e-16,8.611134160978182e-16,8.717299658947276e-16,8.824944830438235e-16,8.93409418349782e-16,9.044772702689147e-16,9.157005859837334e-16,9.270819624978664e-16,9.386240477628626e-16,9.503295418275046e-16,9.62201198021734e-16,9.742418241698236e-16,9.864542838332226e-16,9.988414975892444e-16,1.0114064443342074e-15,1.0241521626382631e-15,1.0370817521106164e-15,1.0501983748280955e-15,1.0635052567763464e-15,1.0770056893463713e-15,1.0907030308627223e-15,1.104600708153515e-15,1.1187022181649472e-15,1.1330111296142812e-15,1.1475310846909704e-15,1.1622658008047115e-15,1.1772190723724315e-15,1.1923947726653707e-15,1.2077968556970097e-15,1.2234293581667643e-15,1.2392964014560269e-15,1.2554021936787955e-15,1.2717510317871123e-15,1.2883473037387907e-15,1.305195490730215e-15,1.322300169443828e-15,1.339666014457633e-15,1.3572978006239548e-15,1.3752004055608504e-15,1.3933788122051668e-15,1.4118381114414355e-15,1.4305835047999216e-15,1.44962030723396e-15,1.4689539499765835e-15,1.4885899834769843e-15,1.5085340804237756e-15,1.5287920388529402e-15,1.5493697853489023e-15,1.5702733783303189e-15,1.5915090114489666e-15,1.6130830170605568e-15,1.6350018698271134e-15,1.6572721904024291e-15,1.6799007492359048e-15,1.7028944704928463e-15,1.726260436074736e-15,1.7500058897852367e-15,1.774138241595154e-15,1.7986650720512677e-15,1.8235941368092728e-15,1.8489333713120974e-15,1.8746908956014752e-15,1.900875019282437e-15,1.927494246635929e-15,1.9545572818837865e-15,1.982073034631625e-15,2.0100506254613577e-15,2.0384993917462095e-15,2.0674288934469324e-15,2.0968489194798586e-15,2.1267694938999356e-15,2.157200882469522e-15,2.18815359933125e-15,2.2196384141822816e-15,2.251666359123265e-15,2.2842487362654988e-15,2.3173971253112268e-15,2.3511233914469086e-15,2.385439693461351e-15,2.420358492167097e-15,2.4558925590560393e-15,2.4920549852598025e-15,2.5288591908018984e-15,2.5663189341452488e-15,2.604448322063744e-15,2.643261819839098e-15,2.6827742617896067e-15,2.723000862164341e-15,2.763957226386503e-15,2.8056593626914215e-15,2.8481236941466966e-15,2.8913670710773986e-15,2.935406783926462e-15,2.9802605765536504e-15,3.025946659977499e-15,3.0724837266011095e-15,3.1198909649316347e-15,3.16818807480932e-15,3.2173952831655574e-15,3.2675333603345522e-15,3.31862363693976e-15,3.370688021378767e-15,3.423749017917247e-15,3.477829745444899e-15,3.532953956896925e-15,3.58914605935216e-15,3.6464311348744806e-15,3.704834962159996e-15,3.764384038835362e-15,3.825105604710721e-15,3.887027665810717e-15,3.9501790193207316e-15,4.0145892794377865e-15,4.0802889041894755e-15,4.147309223258579e-15,4.215682466841222e-15,4.285441795601808e-15,4.356621331747795e-15,4.429256191304768e-15,4.503382517595223e-15,4.579037516022823e-15,4.65625949020487e-15,4.73508787944753e-15,4.8155632977437725e-15,4.897727574264203e-15,4.9816237954218465e-15,5.067296348605822e-15,5.154790967662826e-15,5.244154780140917e-15,5.3354363564770936e-15,5.428685761103048e-15,5.523954605643099e-15,5.621296104267557e-15,5.720765131263196e-15,5.822418281028288e-15,5.926313930431406e-15,6.032512303821881e-15,6.141075540720117e-15,6.252067766300286e-15,6.365555164862371e-15,6.481606056351126e-15,6.600290976162887e-15,6.721682758289524e-15,6.8458566220554065e-15,6.97289026255429e-15,7.10286394498239e-15,7.235860603085718e-15,7.37196594185985e-15,7.511268544780216e-15,7.653859985727222e-15,7.79983494587354e-15,7.949291335761338e-15,8.102330422857421e-15,8.259056964790304e-15,8.419579348662566e-15,8.584009736642845e-15,8.752464218227654e-15,8.925062969471553e-15,9.10193041958168e-15,9.28319542520674e-15,9.468991452898978e-15,9.659456770075675e-15,9.854734645019747e-15,1.005497355635074e-14,1.0260327412441234e-14,1.0470955781426983e-14,1.06870241322109e-14,1.0908704087202692e-14,1.1136173687353717e-14,1.1369617670167302e-14,1.1609227761449821e-14,1.1855202981468932e-14,1.210774996643383e-14,1.2367083306024375e-14,1.2633425898013982e-14,1.2907009320829523e-14,1.31880742251531e-14,1.3476870745595871e-14,1.3773658933689196e-14,1.4078709213281534e-14,1.439230285976168e-14,1.4714732504562877e-14,1.504630266624403e-14,1.5387330309884773e-14,1.573814543645117e-14,1.6099091703831518e-14,1.64705270817586e-14,1.685282454219545e-14,1.7246372787793386e-14,1.765157702063462e-14,1.8068859753600422e-14,1.84986616672671e-14,1.8941442515005278e-14,1.9397682079480294e-14,1.9867881183632194e-14,2.0352562759904165e-14,2.0852272981217804e-14,2.1367582457734023e-14,2.1899087503993356e-14,2.244741148061806e-14,2.3013206215897486e-14,2.3597153512366742e-14,2.419996674418477e-14,2.4822392551426483e-14,2.54652126379367e-14,2.6129245679756016e-14,2.6815349351833564e-14,2.75244224813314e-14,2.8257407336189746e-14,2.90152920587293e-14,2.979911325447317e-14,3.0609958747362224e-14,3.144897051336429e-14,3.231734780550174e-14,3.321635048424826e-14,3.4147302569650253e-14,3.5111596025188005e-14,3.6110694806215313e-14,3.7146139173632696e-14,3.821955030622169e-14,3.933263523005407e-14,4.048719209005681e-14,4.168511579049123e-14,4.292840403329313e-14,4.421916378593332e-14,4.555961821313913e-14,4.695211410984611e-14,4.839912987619485e-14,4.9903284079021866e-14,5.1467344648527996e-14,5.309423876271968e-14,5.478706347823809e-14,5.654909716994455e-14,5.838381185020127e-14,6.029488644174765e-14,6.228622108941314e-14,6.436195260106581e-14,6.652647111824562e-14,6.878443812743756e-14,7.114080593242392e-14,7.360083872250941e-14,7.617013538273764e-14,7.885465420968667e-14,8.166073971140354e-14,8.459515169033311e-14,8.766509682785144e-14,9.087826301375689e-14,9.424285669031404e-14,9.776764350807985e-14,1.0146199262677875e-13,1.053359250290986e-13,1.0940016625850548e-13,1.1366620403849151e-13,1.181463512838882e-13,1.2285381507428043e-13,1.2780277222821587e-13,1.3300845219117054e-13,1.3848722803922153e-13,1.4425671649696538e-13,1.5033588798029044e-13,1.5674518780210625e-13,1.6350666982278295e-13,1.706441439940696e-13,1.7818333943225e-13,1.8615208487443037e-13,1.9458050861845026e-13,2.03501260334565e-13,2.1294975746310392e-13,2.2296445929144185e-13,2.3358717224496673e-13,2.4486339042659153e-13,2.5684267603440917e-13,2.6957908496527866e-13,2.8313164371045635e-13,2.975648845763821e-13,3.1294944735245394e-13,3.293627568183472e-13,3.468897869837255e-13,3.656239247110537e-13,3.8566794745909583e-13,4.071351323437427e-13,4.30150516644205e-13,4.548523333410273e-13,4.813936494562955e-13,5.099442398989604e-13,5.406927354955299e-13,5.738490910476753e-13,6.096474279311273e-13,6.483493161715526e-13,6.90247573778015e-13,7.35670676493798e-13,7.849878902084402e-13,8.386152615090565e-13,8.970226305715001e-13,9.60741866066651e-13,1.0303765657598353e-12,1.1066135214360734e-12,1.1902363154292641e-12,1.28214150237934e-12,1.3833579388785279e-12,1.4950699618419467e-12,1.6186452928510317e-12,1.7556687709808066e-12,1.907983307627063e-12,2.0777398324333074e-12,2.267458488962545e-12,2.4801039792175183e-12,2.7191787995855476e-12,2.98883922856442e-12,3.2710737815198665e-12,3.615583436438926e-12,4.008233092773483e-12,4.457627872720795e-12,4.974192032945212e-12,5.57068874765296e-12,6.2628461608640435e-12,7.070175811369917e-12,8.017053174110325e-12,9.134156643385989e-12,1.046040107677397e-11,1.2045560295248305e-11,1.3953859277959043e-11,1.6268945981950306e-11,1.9100848416765593e-11,2.2595822740195715e-11,2.6950464475865197e-11,2.8414971798994235e-11,3.43385491355383e-11,4.190961277375059e-11,5.1694062060884e-11,6.450629888291524e-11,8.152550063776449e-11,1.0448406865921151e-10,1.359707830959131e-10,1.7992500415796875e-10,2.4245667718783e-10,3.3323240526300064e-10,4.678624575820262e-10,6.720874068697373e-10,9.89249920526503e-10,1.4938415853066071e-09,2.3163936092266617e-09,3.689658008073525e-09,6.034697735461499e-09,1.0121094430860498e-08,1.4196465276843365e-08,1.41964652770363e-08,1.41964652906231e-08,2.5394672968540923e-08,4.5249625306866154e-08,8.08707321571802e-08,1.446710383930731e-07,2.5756621099196167e-07,4.532300917766761e-07,7.82786889216564e-07,1.3183552032336631e-06,2.1527963590224358e-06,3.3926743646213583e-06,5.1427841366730195e-06,7.483904701713252e-06,1.0449377640080048e-05,1.4008169643149052e-05,1.806040248341186e-05,1.8180612509387013e-05,1.8180612509953092e-05,2.258383482142245e-05,2.7109490935078835e-05,3.154622639948601e-05,3.569003798422347e-05,3.936513464902584e-05,4.2438311266910836e-05,4.48259605689915e-05,4.6494193739062166e-05,4.74534264689179e-05,4.7749393100136806e-05,4.745266705557035e-05,4.6648428120717816e-05,4.542763660481467e-05,4.388017602257189e-05,4.209005300350782e-05,4.0132443458274545e-05,3.8072230517793985e-05,3.5963647826128666e-05,3.385067536735819e-05,3.1767898202946335e-05,2.9741608214433165e-05,2.7790992704370898e-05,2.592930616154294e-05,2.416496181639584e-05,2.2502508820607978e-05,2.0943481060642245e-05,1.9487116770816227e-05,1.8130956164770445e-05,1.6871328694417396e-05,1.5703743517314935e-05,1.46231971119859e-05,1.3624411357140485e-05,1.3389501552220508e-05,1.2488492553120823e-05,1.165458309623883e-05,1.0884465597006275e-05,1.0173813528915173e-05,9.518135916125539e-06,8.913087785305757e-06,8.354571947279227e-06,7.838770380386896e-06,7.36214725794569e-06,6.921441716585235e-06,6.513655586241777e-06,6.136038634559558e-06,5.7860726273797955e-06,5.4614549979333255e-06,5.160082627942726e-06,4.880036087018948e-06,4.619564550730216e-06,4.377071536802735e-06,4.15110154142245e-06,3.940327607566422e-06,3.7435398274233974e-06,3.559634760908134e-06,3.3876057326239613e-06,3.226533962218288e-06,3.0755804784519916e-06,2.9339787607677e-06,2.8010280553826554e-06,2.6760873112678817e-06,2.5585696845393305e-06,2.4479375616120322e-06,2.343698054426804e-06,2.2453989250595353e-06,2.152624899751148e-06,2.0649943340812513e-06,1.982156197846257e-06,1.9037873469485015e-06,1.8295900552052152e-06,1.759289780896992e-06,1.6926331439363813e-06,1.6293860944587371e-06,1.56933225278882e-06,1.5122714043682621e-06,1.4580181346995548e-06,1.4064005899998041e-06,1.3572593517863262e-06,1.3104464138906425e-06,1.2658242521541842e-06,1.2232649777808605e-06,1.1826495662411127e-06,1.1438671544826049e-06,1.1068144000130963e-06,1.0713948958095403e-06,1.0375186359540477e-06,1.0051015271205788e-06,9.740649417089353e-07,9.443353086340759e-07,9.158437385495892e-07,8.88525680072025e-07,8.623206043793929e-07,8.371717155502564e-07,8.130256843516455e-07,7.898324033942217e-07,7.67544761775429e-07,7.461184374975008e-07,7.255117060802957e-07,7.056852640469753e-07,6.866020659443038e-07,6.682271737518861e-07,6.505276177416189e-07,6.33472267634563e-07,6.170317133057948e-07,6.011781544266802e-07,5.858852979761347e-07,5.711282631742592e-07,5.568834932991697e-07,5.431286736910372e-07,5.298426555543277e-07,5.170053850643273e-07,5.100786890377813e-07,4.978559145946968e-07,4.860657237010681e-07,4.746713011049604e-07,4.636498854611401e-07,4.529841147798249e-07,4.4265890730337636e-07,4.326603850271834e-07,4.2297549244350036e-07,4.135918473886586e-07,4.044976697771124e-07,3.956817373142114e-07,3.871333513746836e-07,3.7884230742717007e-07,3.7079886808449655e-07,3.629937380708285e-07,3.554180407810236e-07,3.480632963233611e-07,3.409214008203474e-07,3.339846070151882e-07,3.2724550594814536e-07,3.2069700978376537e-07,3.1433233555849624e-07,3.081449899179502e-07,3.0212875471317273e-07,2.9627767340247277e-07,2.905860382284921e-07,2.8504837811541673e-07,2.796594472273502e-07,2.744142141721174e-07,2.693078517871667e-07,2.6433572747552965e-07,2.594933940786573e-07,2.547765812132554e-07,2.5018118710649025e-07,2.457032708202618e-07,2.4133904492462745e-07,2.3708486850761168e-07,2.3293724058680056e-07,2.288927938588257e-07,2.2494828872556336e-07,2.2110060766557649e-07,2.17346749877036e-07,2.1368382618626368e-07,2.1010905421361332e-07,2.0661975376218593e-07,2.032133424668477e-07,1.9988733162214086e-07,1.9663932222818535e-07,1.9346700122683092e-07,1.9036813791040567e-07,1.8734058051307448e-07,1.8438225295376318e-07,1.8149115173638973e-07,1.786653429936638e-07,1.7590295966952657e-07,1.732021988308976e-07,1.7056131910008052e-07,1.679786382115086e-07,1.6545253067157252e-07,1.6298142552909836e-07,1.605638042405048e-07,1.5819819863774686e-07,1.5588318897952604e-07,1.5361740209140478e-07,1.5139950958687092e-07,1.4922822616641197e-07,1.4710230798749874e-07,1.4502055111076726e-07,1.4298179000648465e-07,1.4098489612784232e-07,1.390287765440645e-07,1.371123726316207e-07,1.3523465881915393e-07,1.3339464138594294e-07,1.3159135730924e-07,1.2982387316034834e-07,1.2809128404424593e-07,1.2639271258482117e-07,1.2472730794708382e-07,1.2309424490718043e-07,1.2149272294803187e-07,1.1992196540352807e-07,1.1838121862452442e-07,1.1686975118882385e-07,1.1538685313585528e-07,1.1393183523250811e-07,1.1250402826900965e-07,1.1110278238036506e-07,1.0972746639356953e-07,1.0837746720450994e-07,1.0705218917147327e-07,1.0575105353857812e-07,1.0447349787580346e-07,1.0321897554323498e-07,1.01986955174118e-07,1.007769201775994e-07,9.95883682596037e-08,9.842081096274877e-08,9.727377321811273e-08,9.614679292398622e-08,9.503942052931087e-08,9.39512186339857e-08,9.288176161060861e-08,9.183063523176726e-08,9.07974363174366e-08,8.978177238737948e-08,8.878326133367747e-08,8.780153109805399e-08,8.683621936341428e-08,8.588697326420481e-08,8.495344908508269e-08,8.403531199546736e-08,8.313223577723954e-08,8.22439025669523e-08,8.137000260622196e-08,8.051023400083422e-08,7.966430248726984e-08,7.883192120799282e-08,7.80128104943637e-08,7.720669765617757e-08,7.641331677745739e-08,7.563240852066272e-08,7.486371993825807e-08,7.410700428758762e-08,7.336202085281686e-08,7.262853477405546e-08,7.190631687992533e-08,7.1195143528098e-08,7.049479644854091e-08,6.980506259343076e-08,6.912573399065923e-08,6.845660760327852e-08,6.779748519231833e-08,6.71481731844624e-08,6.650848254382086e-08,6.587822864768576e-08,6.525723116624904e-08,6.464531394573337e-08,6.404230489601951e-08,6.344803588035266e-08,6.286234260995887e-08,6.228506454032555e-08,6.171604477250453e-08,6.115512995524084e-08,6.060217019201387e-08,6.00570189500085e-08,5.951953297235176e-08,5.8989572190090357e-08,5.8466999641276647e-08,5.7951681392628864e-08,5.744348645638627e-08,5.694228671751417e-08,5.6447956859146706e-08,5.596037429183658e-08,5.547941908320486e-08,5.500497389162735e-08,5.45369238998471e-08,5.407515675179362e-08,5.3619562490904025e-08,5.3170033499982664e-08,5.2726464443706583e-08,5.2288752210751154e-08,5.185679585965841e-08,5.143049656533279e-08,5.100975756668517e-08,5.0594484116606035e-08,5.01845834328642e-08,4.977996465079986e-08,4.938053877570329e-08,4.898621863868523e-08,4.859691885259139e-08,4.821255576937672e-08,4.783304743869537e-08,4.745831356733528e-08,4.708827548016199e-08,4.672285608225193e-08,4.636197982023145e-08,4.600557264836986e-08,4.565356199060862e-08,4.5305876710217045e-08,4.496244707256178e-08,4.462320471456582e-08,4.428808261278247e-08,4.3957015052535666e-08,4.3629937598032615e-08,4.330678706319138e-08,4.298750148319922e-08,4.267202008683093e-08,4.2360283269479056e-08,4.2052232566899345e-08,4.174781062961902e-08,4.144696119798337e-08,4.114962907790186e-08,4.0855760117128254e-08,4.056530118205646e-08,4.0278200135811604e-08,3.9994405815603605e-08,3.9713868011486116e-08,3.943653744588172e-08,6.738004807014117e-08,8.131539050689723e-08,8.840404564696086e-08,9.214536201284989e-08,9.424955027016953e-08,9.555250495025528e-08,9.646280106597153e-08,9.71801484074261e-08,9.780216441063777e-08,9.837656352534574e-08,9.892666737951439e-08,9.946387421993302e-08,9.999375420529442e-08,1.0051902868210167e-07,1.0104102658731508e-07,1.0156039626318748e-07,1.0207745345970407e-07,1.0259235141921613e-07,1.0310516400578007e-07,1.0361592635035305e-07,1.0412465471882473e-07,1.0463135621035465e-07,1.0513603349093529e-07,1.0563868717895689e-07,1.0613931689796415e-07,1.0663792186808902e-07,1.071345011585589e-07,1.0762905384674984e-07,1.0812157901914185e-07,1.0861207593557849e-07,1.0910054390772879e-07,1.0958698233982593e-07,1.1007139079959052e-07,1.105537689005789e-07,1.110341163993807e-07,1.115124331782231e-07,1.1198871920199471e-07,1.1246297457678493e-07,1.1293519947603088e-07,1.1340539422100175e-07,1.1387355922231264e-07,1.1433969497477805e-07,1.1480380211224907e-07,1.1526588136744062e-07,1.1572593356239018e-07,1.1618395963587356e-07,1.1663996060853917e-07,1.1709393761649328e-07,1.1754589189191427e-07,1.1799582476391162e-07,1.1844373765998856e-07,1.1888963210282946e-07,1.1933350971436124e-07,1.1977537218740575e-07,1.2021522133961e-07,1.2065305906757255e-07,1.210888873589479e-07,1.2152270834016594e-07,1.219545240836597e-07,1.2238433688994562e-07,1.2281214909865042e-07,1.23237963187508e-07,1.2366178155337712e-07,1.2408360688877996e-07,1.2450344181444563e-07,1.2492128913694045e-07,1.2533715169789694e-07,1.2575103240781487e-07,1.261629342720579e-07,1.2657286037871015e-07,1.2698081385477655e-07,1.2738679793896237e-07,1.2779081595734763e-07,1.2819287129071658e-07,1.2859296742570818e-07,1.2899110780482017e-07,1.2938729608304645e-07,1.29781535896739e-07,1.3017383099680984e-07,1.3056418518776782e-07,1.30952602351113e-07,1.313390864017023e-07,1.317236413807227e-07,1.3210627129581457e-07,1.3248698030540757e-07,1.3286577259742913e-07,1.332426524251193e-07,1.336176240882119e-07,1.3399069198991165e-07,1.3436186053975848e-07,1.3473113422466022e-07,1.3509851756509041e-07,1.3546401518756634e-07,1.3582763175068772e-07,1.3618937193461737e-07,1.3654924050897989e-07,1.3690724228343522e-07,1.372633821162586e-07,1.3761766492380895e-07,1.3797009567059107e-07,1.3832067934313044e-07,1.3866942101131194e-07,1.390163257612023e-07,1.3936139875016466e-07,1.3970464517500926e-07,1.4004607025952332e-07,1.4038567928197398e-07,1.4072347755723975e-07,1.4105947044469942e-07,1.4139366334955456e-07,1.4172606169577662e-07,1.420566709816957e-07,1.4238549669396447e-07,1.427125443920742e-07,1.4303781969583316e-07,1.4336132817131446e-07,1.4368307547123133e-07,1.4400306733015417e-07,1.4432130944934065e-07,1.4463780757851317e-07,1.4495256747061643e-07,1.452655950002466e-07,1.4557689598035577e-07,1.4588647627686383e-07,1.4619434180696134e-07,1.4650049848893648e-07,1.4680495227200238e-07,1.4710770912477044e-07,1.474087750593779e-07,1.4770815610278136e-07,1.4800585830500592e-07,1.483018877408533e-07,1.4859625050329406e-07,1.4888895270833423e-07,1.4918000049992082e-07,1.4946940002017238e-07,1.4975715743671594e-07,1.500432789752763e-07,1.5032777082825336e-07,1.5061063923094103e-07,1.5089189042836293e-07,1.5117153067952124e-07,1.514495662565927e-07,1.5172600344981963e-07,1.5200084855701974e-07,1.5227410791917617e-07,1.5254578785213914e-07,1.5281589469800996e-07,1.530844348169153e-07,1.5335141456255553e-07,1.5361684031556924e-07,1.5388071845702863e-07,1.541430553814042e-07,1.5440385748688007e-07,1.5466313119174725e-07,1.5492088290822024e-07,1.5517711906291075e-07,1.554318460786691e-07,1.5568507039567632e-07,1.5593679844871844e-07,1.5618703667163256e-07,1.56435791537979e-07,1.5668306951379053e-07,1.5692887700787533e-07,1.571732205035283e-07,1.5741610645842797e-07,1.5765754133812324e-07,1.5789753159229776e-07,1.5813608369379536e-07,1.5837320411618268e-07,1.5860889931189544e-07,1.5884317574304334e-07,1.5907603987343046e-07,1.5930749815615925e-07,1.5953755705250568e-07,1.5976622302588317e-07,1.5999350249878802e-07,1.6021940194401019e-07,1.604439278089009e-07,1.606670865386828e-07,1.608888845526428e-07,1.6110932827654124e-07,1.613284241457719e-07,1.6154617857368567e-07,1.6176259792251164e-07,1.619776887372539e-07,1.6219145730602902e-07,1.6240391004553294e-07,1.6261505334403944e-07,1.6282489357175908e-07,1.630334371023165e-07,1.6324069029996988e-07,1.6344665950952714e-07,1.6365135107200242e-07,1.6385477131843399e-07,1.640569265703783e-07,1.6425782314700284e-07,1.6445746733067097e-07,1.6465586542196413e-07,1.6485302369708975e-07,1.6504894843005886e-07,1.652436458642633e-07,1.6543712224762584e-07,1.6562938381065544e-07,1.658204367712322e-07,1.6601028733333616e-07,1.661989416907881e-07,1.6638640602110675e-07,1.6657268648908963e-07,1.667577892455346e-07,1.6694172043232292e-07,1.6712448616568433e-07,1.6730609255342652e-07,1.6748654568889474e-07,1.6766585164049066e-07,1.6784401648094614e-07,1.6802104625733782e-07,1.6819694700105416e-07,1.6837172472758574e-07,1.6854538543627144e-07,1.687179351101787e-07,1.6888937971586687e-07,1.6905972520324197e-07,1.6922897750533147e-07,1.6939714253809722e-07,1.6956422620032628e-07,1.697302343741851e-07,1.698951728836343e-07,1.700590476530497e-07,1.7022186442882407e-07,1.7038362910797487e-07,1.7054434744766576e-07,1.7070402520493163e-07,1.708626681420066e-07,1.7102028204307623e-07,1.7117687253914657e-07,1.713324453591534e-07,1.714870061985509e-07,1.7164056071090121e-07,1.7179311453611955e-07,1.719446732940402e-07,1.7209524257284053e-07,1.7224482799954975e-07,1.723934351125545e-07,1.7254106945635747e-07,1.7268773655306216e-07,1.7283344191085474e-07,1.7297819100726734e-07,1.731219893078498e-07,1.732648422604418e-07,1.734067552763515e-07,1.7354773376415625e-07,1.736877831054528e-07,1.7382690866121144e-07,1.7396511577172013e-07,1.7410240975645072e-07,1.7423879591341005e-07,1.7437427953273823e-07,1.745088658474614e-07,1.7464256011236054e-07,1.7477536752886446e-07,1.7490729329910874e-07,1.750383425978547e-07,1.7516852056801058e-07,1.7529783234363794e-07,1.754262830329417e-07,1.7555387772405214e-07,1.756806214734383e-07,1.758065193343471e-07,1.7593157633814022e-07,1.7605579747888353e-07,1.7617918772471908e-07,1.7630175205710626e-07,1.7642349539395165e-07,1.7654442266126964e-07,1.7666453875832643e-07,1.7678384853654522e-07,1.7690235682073511e-07,1.7702006850802502e-07,1.7713698837627357e-07,1.7725312120849888e-07,1.7736847176268137e-07,1.77483044788359e-07,1.7759684500033587e-07,1.7770987709391025e-07,1.778221457990728e-07,1.7793365566564174e-07,1.7804441138787723e-07,1.7815441757997844e-07,1.7826367881645933e-07,1.783721996645498e-07,1.784799846766238e-07,1.785870383834341e-07,1.7869336527177425e-07,1.7879896983181114e-07,1.789038565238495e-07,1.7900802979828113e-07,1.7911149405806822e-07,1.7921425369863854e-07,1.7931631309427065e-07,1.79417676595205e-07,1.7951834852719908e-07,1.7961833321133163e-07,1.7971763492476963e-07,1.7981625793730364e-07,1.7991420649108266e-07,1.8001148480901683e-07,1.8010809709255163e-07,1.8020404752196383e-07,1.8029934025617337e-07,1.803939794320029e-07,1.8048796916694235e-07,1.8058131354188874e-07,1.806740166440805e-07,1.807660825298817e-07,1.8085751523027226e-07,1.809483187564121e-07,1.810384970997694e-07,1.8112805422671003e-07,1.812169940977586e-07,1.8130532059436566e-07,1.8139303770076837e-07,1.8148014926172955e-07,1.8156665914263472e-07,1.8165257118746377e-07,1.8173788921270049e-07,1.818226170218807e-07,1.8190675841000022e-07,1.8199031713307445e-07,1.8207329693434818e-07,1.8215570153606572e-07,1.822375346402627e-07,1.8231879992876058e-07,1.8239950106308948e-07,1.824796416847572e-07,1.8255922541520992e-07,1.8263825585599937e-07,1.8271673661463215e-07,1.8279467122654287e-07,1.8287206323312826e-07,1.829489161571012e-07,1.8302523350119928e-07,1.831010187481189e-07,1.8317627536163539e-07,1.8325100678526484e-07,1.8332521644413484e-07,1.8339890774322342e-07,1.834720840686864e-07,1.835447487874768e-07,1.8361690524705428e-07,1.8368855677655234e-07,1.8375970668533416e-07,1.8383035826405858e-07,1.8390051478454998e-07,1.8397017948136836e-07,1.8403935560705492e-07,1.8410804637818023e-07,1.841762549914869e-07,1.8424398462586016e-07,1.8431123844016835e-07,1.8437801957585869e-07,1.8444433115762096e-07,1.8451017629064353e-07,1.8457555806206058e-07,1.8464047954052204e-07,1.8470494376574207e-07,1.847689537941134e-07,1.848325126284881e-07,1.8489562326584166e-07,1.8495828868603157e-07,1.8502051188537024e-07,1.850822957324418e-07,1.8514364320902926e-07,1.852045572057166e-07,1.852650406201803e-07,1.8532509632699493e-07,1.8538472718422896e-07,1.8544393603420082e-07,1.8550272569616764e-07,1.8556109897812674e-07,1.856190586950018e-07,1.8567660756664337e-07,1.8573374837757245e-07,1.857904838632698e-07,1.8584681675103148e-07,1.8590274974749383e-07,1.8595828553531847e-07,1.860134268220929e-07,1.8606817619898702e-07,1.8612253633750297e-07,1.8617650987433346e-07,1.8623009944741684e-07,1.8628330757124567e-07,1.8633613686069895e-07,1.8638858987768176e-07,1.8644066916757333e-07,1.8649237725969947e-07,1.865437166693168e-07,1.865946898908406e-07,1.8664529939454068e-07,1.8669554766668822e-07,1.8674543715683685e-07,1.8679497028802394e-07,1.8684414949715007e-07,1.8689297718700598e-07,1.8694145574359888e-07,1.8698958754413613e-07,1.8703737494752853e-07,1.8708482030248684e-07,1.8713192595866358e-07,1.8717869420123649e-07,1.8722512734507884e-07,1.8727122767944283e-07,1.8731699747725582e-07,1.8736243899741966e-07,1.8740755451658742e-07,1.8745234620311272e-07,1.874968163307183e-07,1.8754096705994866e-07,1.875848005841539e-07,1.8762831908425856e-07,1.8767152472420338e-07,1.8771441965116983e-07,1.877570059996053e-07,1.877992858861817e-07,1.878412614336694e-07,1.8788293471127671e-07,1.879243078103544e-07,1.8796538278182434e-07,1.8800616167751696e-07,1.8804664655922042e-07,1.8808683945859172e-07,1.8812674235164654e-07,1.8816635725813288e-07,1.88205686163614e-07,1.8824473104418942e-07,1.8828349385999902e-07,1.883219765608688e-07,1.8836018108221743e-07,1.8839810934773817e-07,1.8843576326757206e-07,1.8847314474090254e-07,1.885102556553742e-07,1.8854709789122581e-07,1.8858367329495587e-07,1.886199837268754e-07,1.8865603101981398e-07,1.8869181699979081e-07,1.887273434740605e-07,1.887626122564928e-07,1.887976251343113e-07,1.8883238388403123e-07,1.888668902849394e-07,1.8890114607045753e-07,1.8893515299022012e-07,1.8896891277170194e-07,1.8900242714811462e-07,1.890356978288951e-07,1.8906872650248678e-07,1.8910151484330794e-07,1.8913406455431676e-07,1.891663772887102e-07,1.8919845469898319e-07,1.8923029842708548e-07,1.8926191010509578e-07,1.8929329135331263e-07,1.8932444378194643e-07,1.8935536899011428e-07,1.8938606856642547e-07,1.8941654408891484e-07,1.8944679712510533e-07,1.8947682923208603e-07,1.895066419565528e-07,1.8953623683487699e-07,1.8956561539317917e-07,1.8959477914737044e-07,1.8962372960321308e-07,1.896524682564119e-07,1.896809965926479e-07,1.8970931608763435e-07,1.897374282071991e-07,1.8976533440732642e-07,1.8979303613422384e-07,1.8982053482437767e-07,1.8984783190462678e-07,1.8987492879218873e-07,1.8990182689475214e-07,1.8992852761052402e-07,1.8995503232827606e-07,1.899813424274161e-07,1.9000745927803635e-07,1.9003338424097813e-07,1.9005911866788646e-07,1.9008466390955072e-07,1.9011002127857894e-07,1.9013519211165142e-07,1.9016017772562166e-07,1.9018497942622005e-07,1.9020959852030865e-07,1.9023403628596661e-07,1.902582940058675e-07,1.9028237294226998e-07,1.90306274384988e-07,1.903299995489558e-07,1.9035354969970124e-07,1.9037692607423667e-07,1.9040012990127937e-07,1.9042316240115776e-07,1.9044602478365023e-07,1.9046871825472723e-07,1.9049124400991203e-07,1.9051360323654483e-07,1.9053579711385712e-07,1.905578268130103e-07,1.9057969349715747e-07,1.9060139832148748e-07,1.9062294243327961e-07,1.9064432697195285e-07,1.9066555306910806e-07,1.906866218485872e-07,1.9070753442652108e-07,1.9072829191138094e-07,1.907488954040063e-07,1.9076934599767406e-07,1.9078964477817069e-07,1.908097928256506e-07,1.908297912091109e-07,1.9084964099206742e-07,1.9086934323065571e-07,1.908888989738391e-07,1.9090830926322757e-07,1.90927575133007e-07,1.9094669761089505e-07,1.9096567771714162e-07,1.909845164649528e-07,1.9100321486053546e-07,1.9102177390313834e-07,1.9104019458510104e-07,1.9105847789164763e-07,1.910766248016191e-07,1.9109463628726422e-07,1.9111251331218853e-07,1.9113025683806988e-07,1.9114786781542168e-07,1.9116534719105513e-07,1.9118269589710885e-07,1.911999148727841e-07,1.9121700503239012e-07,1.9123396731136986e-07,1.9125080259967097e-07,1.9126751183102483e-07,1.9128409589634073e-07,1.9130055569720608e-07,1.9131689210706194e-07,1.9133310600348054e-07,1.9134919827030714e-07,1.913651697769104e-07,1.913810213941977e-07,1.9139675396256947e-07,1.9141236834134528e-07,1.9142786537430505e-07,1.9144324590288476e-07,1.914585107618243e-07,1.9147366077667457e-07,1.9148869676942624e-07,1.9150361955685742e-07,1.9151842994977863e-07,1.9153312875015526e-07,1.9154771676213266e-07,1.9156219477684147e-07,1.915765635823137e-07,1.9159082396087558e-07,1.91604976689445e-07,1.916190225392845e-07,1.9163296227770883e-07,1.9164679666483986e-07,1.9166052645616804e-07,1.9167415240192536e-07,1.916876752466572e-07,1.9170109573100556e-07,1.9171441459030942e-07,1.9172763255410404e-07,1.917407503413101e-07,1.9175376867322262e-07,1.917666882657513e-07,1.9177950982659527e-07,1.9179223406093103e-07,1.9180486167030324e-07,1.918173933450316e-07,1.9182982977592856e-07,1.9184217164196187e-07,1.918544196291013e-07,1.9186657441006725e-07,1.9187863665592614e-07,1.9189060703139947e-07,1.9190248619504422e-07,1.919142748050586e-07,1.9192597350539412e-07,1.919375829585406e-07,1.9194910379716721e-07,1.9196053665956223e-07,1.919718821788124e-07,1.9198314098401642e-07,1.9199431369173956e-07,1.9200540092895726e-07,1.9201640331871727e-07,1.9202732146411612e-07,1.920381559730678e-07,1.9204890744648592e-07,1.9205957648370297e-07,1.9207016367826585e-07,1.9208066961908505e-07,1.9209109489252168e-07,1.921014400833073e-07,1.921117057587526e-07,1.9212189250177317e-07,1.921320008785393e-07,1.921420314534423e-07,1.9215198478881614e-07,1.9216186144053183e-07,1.9217166196121267e-07,1.9218138690132412e-07,1.9219103680095436e-07,1.922006122120822e-07,1.9221011367115467e-07,1.9221954170292478e-07,1.9222889684313685e-07,1.9223817961555218e-07,1.9224739054646704e-07,1.922565301546678e-07,1.9226559894631435e-07,1.922745974401072e-07,1.9228352614268622e-07,1.9229238555666593e-07,1.9230117618588064e-07,1.9230989852569293e-07,1.9231855306945555e-07,1.9232714030970958e-07,1.9233566072794778e-07,1.923441148096096e-07,1.9235250302966323e-07,1.9236082587356354e-07,1.923690838091524e-07,1.9237727730602975e-07,1.9238540683022236e-07,1.923934728444555e-07,1.924014758080256e-07,1.924094161776321e-07,1.9241729440415537e-07,1.9242511094013993e-07,1.9243286622980526e-07,1.9244056071688473e-07,1.9244819484162252e-07,1.924557690413068e-07,1.924632837491379e-07,1.9247073939710105e-07,1.9247813640998396e-07,1.924854752132481e-07,1.9249275623011986e-07,1.924999798790451e-07,1.925071465740304e-07,1.9251425672912268e-07,1.9252131075351277e-07,1.925283090556063e-07,1.925352520343246e-07,1.9254214009355713e-07,1.9254897363107752e-07,1.9255575304195825e-07,1.9256247871858846e-07,1.9256915105050318e-07,1.925757704242969e-07,1.9258233722383444e-07,1.925888518305923e-07,1.9259531462294086e-07,1.9260172597662542e-07,1.926080862652477e-07,1.9261439585826533e-07,1.9262065512268717e-07,1.9262686442537534e-07,1.926330241283162e-07,1.926391345948866e-07,1.9264519617544685e-07,1.9265120922758495e-07,1.9265717410823117e-07,1.926630911580957e-07,1.9266896072902594e-07,1.9267478316555786e-07,1.926805588100391e-07,1.9268628800175256e-07,1.9269197107835446e-07,1.9269760837468736e-07,1.927032002231289e-07,1.9270874695382195e-07,1.927142488943438e-07,1.9271970637013692e-07,1.92725119704009e-07,1.9273048921672651e-07,1.9273581522684443e-07,1.927410980503349e-07,1.9274633800093804e-07,1.9275153539333157e-07,1.9275669053076114e-07,1.9276180372380473e-07,1.9276687527872389e-07,1.9277190549384792e-07,1.9277689467228213e-07,1.9278184311226109e-07,1.927867511099629e-07,1.9279161895945247e-07,1.9279644695289148e-07,1.928012353799593e-07,1.9280598452823154e-07,1.9281069468372308e-07,1.9281536612979697e-07,1.9281999914891445e-07,1.928245940191198e-07,1.9282915101874521e-07,1.9283367042351635e-07,1.9283815250656344e-07,1.9284259754028303e-07,1.9284700579313015e-07,1.928513775333876e-07,1.928557130287258e-07,1.92860012538996e-07,1.9286427632832053e-07,1.9286850465658085e-07,1.9287269778203097e-07,1.9287685596093192e-07,1.9288097944782287e-07,1.9288506849446195e-07,1.928891233525345e-07,1.928931442716929e-07,1.9289713149836378e-07,1.9290108527855232e-07,1.9290500585485817e-07,1.9290889346977364e-07,1.9291274836319173e-07,1.929165707743457e-07,1.9292036093907707e-07,1.9292411909225888e-07,1.9292784546684624e-07,1.9293154029443945e-07,1.9293520380653564e-07,1.9293883623028927e-07,1.929424377922785e-07,1.9294600871820785e-07,1.9294954923242888e-07,1.9295305955287187e-07,1.9295653990279661e-07,1.9295999049909134e-07,1.9296341155918488e-07,1.9296680329862518e-07,1.929701659315769e-07,1.9297349966996598e-07,1.9297680472465458e-07,1.9298008130475634e-07,1.9298332961812749e-07,1.9298654987106487e-07,1.9298974226809146e-07,1.9299290701273055e-07,1.929960443065697e-07,1.9299915434994634e-07,1.9300223734155554e-07,1.9300529347897035e-07,1.9300832295837679e-07,1.930113259741546e-07,1.9301430271933277e-07,1.9301725338603149e-07,1.9302017816444258e-07,1.9302307724358802e-07,1.930259508109078e-07,1.93028799053032e-07,1.930316221547703e-07,1.9303442029956606e-07,1.9303719366981007e-07,1.9303994244649175e-07,1.930426668089767e-07,1.9304536693597167e-07,1.930480430043574e-07,1.9305069518989362e-07,1.9305332366763807e-07,1.9305592860965586e-07,1.9305851018849914e-07,1.9306106857540967e-07,1.9306360393882096e-07,1.9306611644751725e-07,1.930686062689534e-07,1.930710735680187e-07,1.9307351851218073e-07,1.9307594126072505e-07,1.930783419772741e-07,1.9308072082348167e-07,1.9308307795899246e-07,1.9308541354307705e-07,1.9308772773266574e-07,1.9309002068355263e-07,1.9309229255287097e-07,1.9309454349328423e-07,1.9309677365908893e-07,1.9309898320165538e-07,1.9310117227181146e-07,1.9310334101874523e-07,1.9310548959213605e-07,1.931076181387785e-07,1.9310972680600182e-07,1.9311181573799168e-07,1.931138850831198e-07,1.931159349790893e-07,1.931179655708162e-07,1.931199769995804e-07,1.93121969406026e-07,1.9312394292902423e-07,1.9312589770706533e-07,1.9312783387702986e-07,1.9312975157524814e-07,1.931316509366878e-07,1.9313353209765677e-07,1.9313539518774956e-07,1.9313724034191148e-07,1.93139067690627e-07,1.9314087736439217e-07,1.931426694926418e-07,1.9314444420390015e-07,1.9314620162592197e-07,1.9314794188555582e-07,1.9314966510856515e-07,1.931513714198248e-07,1.931530609417509e-07,1.9315473379962623e-07,1.9315639011439325e-07,1.9315803000749028e-07,1.931596535996381e-07,1.931612610100553e-07,1.9316285235602215e-07,1.931644277573627e-07,1.9316598732980536e-07,1.931675311901425e-07,1.9316905945349943e-07,1.9317057223378336e-07,1.931720696444663e-07,1.9317355179895977e-07,1.9317501880871963e-07,1.9317647078451376e-07,1.9317790783545019e-07,1.9317933007431768e-07,1.9318073760722809e-07,1.9318213054358155e-07,1.9318350898966573e-07,1.931848730519385e-07,1.9318622283568178e-07,1.9318755844664657e-07,1.9318887998736043e-07,1.9319018756231718e-07,1.9319148127349545e-07,1.9319276122232988e-07,1.9319402751029192e-07,1.931952802376651e-07,1.9319651950414028e-07,1.9319774540828207e-07,1.9319895804841607e-07,1.9320015752187327e-07,1.9320134392543327e-07,1.932025173551918e-07,1.9320367790624347e-07,1.9320482567337726e-07,1.9320596075035002e-07,1.9320708323065435e-07,1.9320819320652318e-07,1.932092907699813e-07,1.932103760125238e-07,1.9321144902430162e-07,1.9321250989503924e-07,1.9321355871456587e-07,1.9321459557133708e-07,1.9321562055329354e-07,1.9321663374705076e-07,1.9321763524010714e-07,1.9321862511870406e-07,1.9321960346762544e-07,1.932205703716864e-07,1.9322152591537136e-07,1.9322247018213206e-07,1.932234032551503e-07,1.9322432521580692e-07,1.9322523614722157e-07,1.9322613613027248e-07,1.93227025245115e-07,1.9322790357193182e-07,1.9322877118950052e-07,1.932296281772966e-07,1.9323047461365328e-07,1.9323131057576064e-07,1.9323213614094005e-07,1.9323295138594418e-07,1.9323375638687791e-07,1.9323455121872316e-07,1.9323533595658233e-07,1.9323611067485706e-07,1.9323687544719954e-07,1.932376303473445e-07,1.9323837544732753e-07,1.9323911081970973e-07,1.9323983653617277e-07,1.9324055266801663e-07,1.9324125928560028e-07,1.9324195645931463e-07,1.9324264425852873e-07,1.9324332275269212e-07,1.932439920100021e-07,1.932446520988385e-07,1.9324530308668556e-07,1.932459450407728e-07,1.9324657802773457e-07,1.9324720211365038e-07,1.9324781736419914e-07,1.9324842384435903e-07,1.9324902161902283e-07,1.9324961075239383e-07,1.9325019130827583e-07,1.932507633501614e-07,1.9325132694064375e-07,1.9325188214210554e-07,1.9325242901692074e-07,1.9325296762580054e-07,1.9325349803019905e-07,1.932540202907641e-07,1.9325453446756284e-07,1.9325504062028067e-07,1.93255538808166e-07,1.9325602909018155e-07,1.9325651152447546e-07,1.9325698616929118e-07,1.9325745308212476e-07,1.9325791232021376e-07,1.9325836394010727e-07,1.9325880799830944e-07,1.9325924455056295e-07,1.932596736523958e-07,1.932600953589983e-07,1.9326050972465748e-07,1.9326091680428892e-07,1.932613166515221e-07,1.9326170931988602e-07,1.9326209486243685e-07,1.9326247333192632e-07,1.9326284478076288e-07,1.932632092608603e-07,1.932635668236679e-07,1.9326391752063613e-07,1.9326426140245182e-07,1.9326459851960225e-07,1.932649289221465e-07,1.932652526598183e-07,1.932655697820551e-07,1.9326588033782974e-07,1.9326618437574213e-07,1.932664819441766e-07,1.9326677309103664e-07,1.9326705786390224e-07,1.9326733631016584e-07,1.9326760847610524e-07,1.9326787440918105e-07,1.9326813415522042e-07,1.9326838776009077e-07,1.932686352694191e-07,1.9326887672830427e-07,1.9326911218174875e-07,1.9326934167429794e-07,1.9326956525006532e-07,1.9326978295304347e-07,1.932699948268259e-07,1.9327020091477816e-07,1.932704012597009e-07,1.9327059590439838e-07,1.9327078489100036e-07,1.9327096826168998e-07,1.9327114605816987e-07,1.9327131832182307e-07,1.932714850937846e-07,1.9327164641487523e-07,1.9327180232560606e-07,1.932719528661907e-07,1.9327209807656794e-07,1.9327223799635392e-07,1.9327237266493652e-07,1.932725021214136e-07,1.932726264044423e-07,1.932727455525763e-07,1.9327285960403214e-07,1.9327296859673593e-07,1.9327307256834564e-07,1.9327317155621538e-07,1.9327326559750664e-07,1.932733547290581e-07,1.93273438987426e-07,1.9327351840891179e-07,1.9327359302953442e-07,1.9327366288510282e-07,1.9327372801111236e-07,1.932737884428268e-07,1.9327384421524413e-07,1.932738953631044e-07,1.9327394192089974e-07,1.9327398392286715e-07,1.932740214029933e-07,1.932740543950286e-07,1.9327408293246214e-07,1.932741070485447e-07,1.9327412677626006e-07,1.9327414214842016e-07,1.9327415319753853e-07,1.932741599558949e-07,1.9327416245554162e-07,1.932741607283016e-07,1.9327415480577637e-07,1.9327414471931063e-07,1.9327413050002966e-07,1.9327411217885413e-07,1.932740897864478e-07,1.9327406335328686e-07,1.9327403290956033e-07,1.9327399848530277e-07,1.932739601102996e-07,1.932739178141189e-07,1.9327387162613639e-07,1.9327382157548657e-07,1.9327376769110002e-07,1.932737100016933e-07,1.9327364853577717e-07,1.9327358332165778e-07,1.9327351438743864e-07,1.9327344176099772e-07,1.9327336547003178e-07,1.932732855420145e-07,1.9327320200420992e-07,1.9327311488388918e-07,1.9327302420782636e-07,1.9327293000250242e-07,1.9327283229460326e-07,1.932727311102284e-07,1.9327262647581732e-07,1.932725184171571e-07,1.9327240695998808e-07,1.93272292130006e-07,1.9327217395218397e-07,1.9327205245190527e-07,1.9327192765417526e-07,1.9327179958387214e-07,1.9327166826544318e-07,1.9327153372343063e-07,1.9327139598210086e-07,1.932712550656303e-07,1.9327111099772867e-07,1.9327096380227706e-07,1.932708135027827e-07,1.9327066012266005e-07,1.9327050368515239e-07,1.9327034421332058e-07,1.932701817299718e-07,1.932700162579419e-07,1.932698478198117e-07,1.9326967643773291e-07,1.9326950213411422e-07,1.9326932493098116e-07,1.9326914485020392e-07,1.9326896191358533e-07,1.9326877614270664e-07,1.9326858755893705e-07,1.932683961835455e-07,1.932682020378927e-07,1.9326800514245577e-07,1.9326780551837407e-07,1.9326760318625966e-07,1.9326739816656296e-07,1.932671904799751e-07,1.932669801460597e-07,1.9326676718510617e-07,1.9326655161722133e-07,1.9326633346238096e-07,1.9326611273952222e-07,1.932658894685351e-07,1.9326566366865787e-07,1.9326543535923305e-07,1.932652045592191e-07,1.9326497128752446e-07,1.932647355629912e-07,1.9326449740417678e-07,1.9326425682956613e-07,1.9326401385762893e-07,1.932637685065145e-07,1.9326352079438165e-07,1.9326327073918525e-07,1.9326301835870581e-07,1.9326276367075196e-07,1.9326250669283667e-07,1.9326224744229847e-07,1.9326198593673538e-07,1.9326172219319522e-07,1.9326145622874933e-07,1.9326118806033923e-07,1.9326091770483297e-07,1.9326064517878976e-07,1.9326037049898517e-07,1.9326009368172212e-07,1.9325981474338373e-07,1.9325953370007503e-07,1.932592505680973e-07,1.9325896536342203e-07,1.9325867810181714e-07,1.932583887990597e-07,1.9325809747087848e-07,1.9325780413256476e-07,1.9325750879965946e-07,1.9325721148748312e-07,1.9325691221118397e-07,1.9325661098580234e-07,1.9325630782626507e-07,1.9325600274749729e-07,1.9325569576426917e-07,1.9325538689104268e-07,1.9325507614257082e-07,1.9325476353314454e-07,1.9325444907714856e-07,1.9325413278879956e-07,1.9325381468205738e-07,1.9325349477115982e-07,1.9325317306986765e-07,1.9325284959201128e-07,1.9325252435116028e-07,1.9325219736111112e-07,1.9325186863547327e-07,1.9325153818730067e-07,1.932512060300511e-07,1.9325087217694404e-07,1.9325053664110778e-07,1.9325019943543004e-07,1.932498605730964e-07,1.9324952006671742e-07,1.932491779290816e-07,1.9324883417283296e-07,1.9324848881051178e-07,1.932481418545692e-07,1.9324779331736824e-07,1.9324744321119086e-07,1.9324709154821372e-07,1.9324673834053884e-07,1.9324638360016326e-07,1.9324602733904034e-07,1.9324566956894073e-07,1.9324531030163933e-07,1.932449495487958e-07,1.9324458732203996e-07,1.9324422363275007e-07,1.9324385849238387e-07,1.932434919120143e-07,1.9324312390315928e-07,1.9324275447701268e-07,1.9324238364451975e-07,1.932420114169635e-07,1.932416378048445e-07,1.932412628191976e-07,1.9324088647082627e-07,1.9324050877029943e-07,1.9324012972844362e-07,1.9323974935558471e-07,1.932393676621985e-07,1.932389846586389e-07,1.9323860035506878e-07,1.932382147619683e-07,1.9323782788942828e-07,1.9323743974733238e-07,1.93237050345796e-07,1.932366596947199e-07,1.9323626780393476e-07,1.9323587468325756e-07,1.9323548034238188e-07,1.9323508479091848e-07,1.9323468803834206e-07,1.9323429009435716e-07,1.932338909682724e-07,1.9323349066974344e-07,1.9323308920748715e-07,1.9323268659103957e-07,1.9323228282948278e-07,1.9323187793209845e-07,1.9323147190792496e-07,1.9323106476536056e-07,1.9323065651366885e-07,1.9323024716174524e-07,1.9322983671837635e-07,1.9322942519199674e-07,1.9322901259130389e-07,1.932285989249629e-07,1.9322818420151792e-07,1.9322776842936107e-07,1.9322735161689877e-07,1.9322693377176368e-07,1.9322651490353417e-07,1.9322609501975078e-07,1.9322567412855776e-07,1.9322525223801896e-07,1.932248293561669e-07,1.9322440549095226e-07,1.9322398065028352e-07,1.9322355484200536e-07,1.9322312807390457e-07,1.9322270035371657e-07,1.9322227168910795e-07,1.932218420876989e-07,1.9322141155705137e-07,1.9322098010464815e-07,1.9322054773796568e-07,1.932201144644288e-07,1.9321968029132963e-07,1.9321924522597727e-07,1.9321880927560822e-07,1.9321837244741988e-07,1.9321793474856105e-07,1.932174961860835e-07,1.93217056766989e-07,1.9321661649831468e-07,1.9321617538698744e-07,1.932157334397938e-07,1.9321529066361778e-07,1.9321484706521873e-07,1.93214402651283e-07,1.9321395742855836e-07,1.9321351140365943e-07,1.9321306458313368e-07,1.9321261697350831e-07,1.9321216858121987e-07,1.9321171941291947e-07,1.9321126947469248e-07,1.9321081877291814e-07,1.9321036731413617e-07,1.9320991510445637e-07,1.9320946214993148e-07,1.9320900845694222e-07,1.9320855403141975e-07,1.9320809887936483e-07,1.9320764300723172e-07,1.93207186420553e-07,1.9320672912554422e-07,1.9320627112798508e-07,1.9320581243392955e-07,1.932053530489582e-07,1.9320489297862232e-07,1.9320443222915806e-07,1.9320397080600414e-07,1.9320350871473355e-07,1.9320304596059438e-07,1.9320258254987926e-07,1.9320211848776026e-07,1.9320165377969057e-07,1.9320118843112307e-07,1.932007224474818e-07,1.9320025583407915e-07,1.9319978859618349e-07,1.931993207391212e-07,1.931988522681415e-07,1.9319838318843393e-07,1.9319791350514897e-07,1.9319744322344533e-07,1.9319697234832481e-07,1.9319650088495206e-07,1.931960288382879e-07,1.931955562133041e-07,1.9319508301499986e-07,1.9319460924809477e-07,1.93194134917615e-07,1.9319366002836503e-07,1.9319318458458022e-07,1.9319270859213117e-07,1.9319223205518708e-07,1.931917549778893e-07,1.9319127736598827e-07,1.9319079922356184e-07,1.931903205551984e-07,1.9318984136544403e-07,1.931893616588288e-07,1.931888814395038e-07,1.931884007125193e-07,1.9318791948213525e-07,1.9318743775264324e-07,1.9318695552842936e-07,1.9318647281378975e-07,1.9318598961302247e-07,1.931855059303115e-07,1.931850217699791e-07,1.931845371362229e-07,1.9318405203330247e-07,1.9318356646528007e-07,1.9318308043624692e-07,1.931825939502891e-07,1.9318210701146243e-07,1.931816196237256e-07,1.9318113179118625e-07,1.9318064351766044e-07,1.931801548072159e-07,1.9317966566366584e-07,1.9317917609092268e-07,1.9317868609279848e-07,1.931781956731826e-07,1.9317770483585108e-07,1.9317721358450931e-07,1.9317672192299992e-07,1.931762298549018e-07,1.9317573738396518e-07,1.9317524451392543e-07,1.9317475124831976e-07,1.931742575906691e-07,1.931737635446487e-07,1.931732691138326e-07,1.9317277430151126e-07,1.9317227911157828e-07,1.9317178354728224e-07,1.9317128761207581e-07,1.9317079130941305e-07,1.9317029464259422e-07,1.9316979761505114e-07,1.9316930023001826e-07,1.9316880249098963e-07,1.9316830440123137e-07,1.9316780596386344e-07,1.9316730718224412e-07,1.9316680805974437e-07,1.9316630859926668e-07,1.9316580880413577e-07,1.931653086776484e-07,1.9316480822271375e-07,1.931643074424583e-07,1.9316380633988667e-07,1.9316330491848943e-07,1.931628031809651e-07,1.9316230113034437e-07,1.9316179876974246e-07,1.931612961019681e-07,1.9316079312999474e-07,1.9316028985708297e-07,1.9315978628565978e-07,1.9315928241886656e-07,1.931587782594773e-07,1.9315827381038114e-07,1.9315776907440364e-07,1.9315726405434748e-07,1.9315675875299446e-07,1.9315625317311117e-07,1.93155747317428e-07,1.931552411886688e-07,1.931547347895406e-07,1.9315422812279216e-07,1.9315372119100554e-07,1.9315321399677682e-07,1.931527065427829e-07,1.9315219883145613e-07,1.9315169086573403e-07,1.9315118264788232e-07,1.9315067418068562e-07,1.9315016546728631e-07,1.9314965650873945e-07,1.9314914730825277e-07,1.9314863786826188e-07,1.9314812819130847e-07,1.931476182796747e-07,1.9314710813538612e-07,1.9314659776218814e-07,1.9314608716143966e-07,1.93145576335675e-07,1.93145065287332e-07,1.9314455401859846e-07,1.931440425317124e-07,1.9314353082926631e-07,1.9314301891331588e-07,1.931425067869813e-07,1.9314199445107316e-07,1.9314148190835071e-07,1.931409691611701e-07,1.9314045621172394e-07,1.9313994306233964e-07,1.931394297152673e-07,1.931389161719207e-07,1.9313840243567203e-07,1.9313788850721162e-07,1.9313737439002053e-07,1.9313686008478505e-07,1.9313634559419115e-07,1.9313583092065727e-07,1.9313531606577001e-07,1.9313480103171872e-07,1.9313428582155858e-07,1.931337704352255e-07,1.9313325487536925e-07,1.93132739144682e-07,1.9313222324471348e-07,1.9313170717744817e-07,1.9313119094480865e-07,1.9313067454855764e-07,1.931301579905444e-07,1.9312964127296627e-07,1.931291243979073e-07,1.9312860736657067e-07,1.9312809018128566e-07,1.9312757284379889e-07,1.9312705535571413e-07,1.9312653771893406e-07,1.9312601993522697e-07,1.9312550200646402e-07,1.9312498393440833e-07,1.9312446572073872e-07,1.931239473670953e-07,1.9312342887536908e-07,1.931229102471011e-07,1.9312239148407633e-07,1.9312187258799284e-07,1.9312135356056504e-07,1.931208344034259e-07,1.9312031511834374e-07,1.9311979570659673e-07,1.931192761701755e-07,1.9311875651028657e-07,1.9311823672855692e-07,1.931177168270538e-07,1.9311719680708107e-07,1.9311667667029956e-07,1.931161564178893e-07,1.9311563605197137e-07,1.9311511557387481e-07,1.9311459498482885e-07,1.9311407428650479e-07,1.9311355348046902e-07,1.9311303256841054e-07,1.9311251155209982e-07,1.9311199043165975e-07,1.9311146920930324e-07,1.9311094788689816e-07,1.9311042646513845e-07,1.9310990494577937e-07,1.9310938333026662e-07,1.9310886161993315e-07,1.931083398164653e-07,1.931078179207909e-07,1.931072959344529e-07,1.9310677385882304e-07,1.9310625169513299e-07,1.9310572944502617e-07,1.9310520710960915e-07,1.9310468469065976e-07,1.9310416218868287e-07,1.931036396053737e-07,1.931031169420217e-07,1.931025941998042e-07,1.9310207138003157e-07,1.9310154848494206e-07,1.931010255149147e-07,1.931005024706712e-07,1.93099979353603e-07,1.930994561655157e-07,1.930989329071595e-07,1.9309840958076557e-07,1.9309788618602435e-07,1.9309736272452002e-07,1.9309683919788616e-07,1.9309631560713779e-07,1.930957919532724e-07,1.9309526823759509e-07,1.9309474446141865e-07,1.9309422062604652e-07,1.930936967319802e-07,1.9309317278053894e-07,1.9309264877310178e-07,1.930921247106076e-07,1.9309160059416124e-07,1.9309107642506554e-07,1.9309055220395093e-07,1.9309002793206945e-07,1.9308950361059266e-07,1.9308897924057466e-07,1.9308845482289152e-07,1.930879303588855e-07,1.9308740584921843e-07,1.9308688129504683e-07,1.9308635669784276e-07,1.930858320570358e-07,1.9308530737552604e-07,1.9308478265366932e-07,1.9308425789240968e-07,1.9308373309283375e-07,1.930832082555188e-07,1.9308268338181762e-07,1.9308215847250838e-07,1.9308163352918865e-07,1.9308110855119407e-07,1.9308058354085746e-07,1.9308005849869873e-07,1.9307953342590453e-07,1.9307900832293786e-07,1.9307848319089744e-07,1.930779580305184e-07,1.9307743284241033e-07,1.9307690762860423e-07,1.9307638238966375e-07,1.9307585712601043e-07,1.9307533183832458e-07,1.9307480652714866e-07,1.9307428119471264e-07,1.9307375584019158e-07,1.9307323046626388e-07,1.930727050727445e-07,1.9307217966057475e-07,1.93071654230673e-07,1.930711287837348e-07,1.9307060332054777e-07,1.9307007784201217e-07,1.9306955234882933e-07,1.930690268419346e-07,1.9306850132195512e-07,1.9306797578976924e-07,1.930674502464505e-07,1.9306692469213556e-07,1.9306639912791546e-07,1.9306587355463956e-07,1.9306534797288429e-07,1.9306482238348697e-07,1.930642967871915e-07,1.9306377118473572e-07,1.9306324557693672e-07,1.9306271996432433e-07,1.9306219434777905e-07,1.9306166872795033e-07,1.9306114310602264e-07,1.9306061748179377e-07,1.9306009185641743e-07,1.930595662305883e-07,1.9305904060499635e-07,1.9305851498032596e-07,1.9305798935725705e-07,1.930574637365602e-07,1.930569381187117e-07,1.9305641250447185e-07,1.930558868945007e-07,1.9305536128945246e-07,1.930548356899767e-07,1.930543100967179e-07,1.9305378451041728e-07,1.930532589315074e-07,1.930527333607205e-07,1.9305220779868117e-07,1.9305168224601028e-07,1.9305115670342715e-07,1.930506311714321e-07,1.9305010565063802e-07,1.930495801415592e-07,1.9304905464488465e-07,1.9304852916120743e-07,1.9304800369111716e-07,1.930474782351979e-07,1.930469527940304e-07,1.9304642736829004e-07,1.9304590195834835e-07,1.9304537656487273e-07,1.9304485118842685e-07,1.9304432582956877e-07,1.9304380048893956e-07,1.9304327516700709e-07,1.93042749864224e-07,1.9304222458122316e-07,1.9304169931862403e-07,1.9304117407679617e-07,1.930406488563514e-07,1.930401236578168e-07,1.9303959848171405e-07,1.9303907332856118e-07,1.930385481988728e-07,1.9303802309313108e-07,1.9303749801187073e-07,1.9303697295562169e-07,1.9303644792485562e-07,1.930359229200675e-07,1.930353979417493e-07,1.9303487299038808e-07,1.9303434806646702e-07,1.9303382317046898e-07,1.9303329830286883e-07,1.930327734641405e-07,1.9303224865475316e-07,1.9303172387513626e-07,1.930311991258259e-07,1.93030674407192e-07,1.9303014971979538e-07,1.930296250640353e-07,1.9302910044030503e-07,1.9302857584916114e-07,1.9302805129098925e-07,1.9302752676622847e-07,1.9302700227531454e-07,1.9302647781856738e-07,1.9302595339685742e-07,1.9302542900995485e-07,1.930249046586109e-07,1.9302438034325647e-07,1.9302385606461427e-07,1.9302333182243792e-07,1.9302280761747787e-07,1.9302228345013534e-07,1.9302175932081637e-07,1.930212352299194e-07,1.930207111778517e-07,1.9302018716499345e-07,1.9301966319174323e-07,1.93019139258485e-07,1.930186153656419e-07,1.9301809151353112e-07,1.930175677025595e-07,1.9301704393310278e-07,1.9301652020554262e-07,1.9301599652024602e-07,1.9301547287758238e-07,1.9301494927806928e-07,1.9301442572176145e-07,1.9301390220916984e-07,1.9301337874065422e-07,1.9301285531656465e-07,1.930123319372628e-07,1.9301180860309214e-07,1.930112853142632e-07,1.930107620713117e-07,1.9301023887459389e-07,1.9300971572437903e-07,1.9300919262115503e-07,1.93008669564884e-07,1.9300814655612414e-07,1.9300762359516062e-07,1.930071006824011e-07,1.9300657781820707e-07,1.930060550028076e-07,1.9300553223652106e-07,1.9300500951966324e-07,1.9300448685254733e-07,1.9300396423548437e-07,1.9300344166861386e-07,1.9300291915257964e-07,1.9300239668751658e-07,1.930018742737259e-07,1.9300135191150772e-07,1.9300082960115692e-07,1.9300030734296967e-07,1.9299978513723793e-07,1.9299926298425204e-07,1.929987408846567e-07,1.9299821883805767e-07,1.9299769684494626e-07,1.9299717490580053e-07,1.9299665302084405e-07,1.9299613119009388e-07,1.9299560941405048e-07,1.9299508769300423e-07,1.9299456602723426e-07,1.9299404441719842e-07,1.929935228627452e-07,1.9299300136429113e-07,1.929924799223711e-07,1.9299195853682872e-07,1.9299143720816667e-07,1.9299091593675284e-07,1.9299039472253166e-07,1.929898735660627e-07,1.929893524674462e-07,1.9298883142692502e-07,1.9298831044474862e-07,1.9298778952115932e-07,1.9298726865639757e-07,1.9298674785072658e-07,1.929862271042563e-07,1.9298570641744147e-07,1.9298518579040688e-07,1.9298466522336977e-07,1.9298414471659643e-07,1.9298362427028145e-07,1.9298310388470554e-07,1.9298258356004024e-07,1.9298206329652812e-07,1.929815430943921e-07,1.9298102295387377e-07,1.9298050287514858e-07,1.929799828584769e-07,1.9297946290405542e-07,1.929789430120959e-07,1.929784231828141e-07,1.929779034164151e-07,1.9297738371311448e-07,1.929768640731094e-07,1.9297634449661536e-07,1.92975824983833e-07,1.9297530553516665e-07,1.929747861504156e-07,1.9297426682997432e-07,1.9297374757404723e-07,1.9297322838282787e-07,1.9297270925651376e-07,1.9297219019529506e-07,1.9297167119926533e-07,1.9297115226881002e-07,1.9297063340446025e-07,1.9297011460552078e-07,1.929695958725674e-07,1.929690772058871e-07,1.9296855860561058e-07,1.929680400719136e-07,1.92967521604988e-07,1.9296700320500068e-07,1.9296648487213727e-07,1.9296596660656547e-07,1.929654484084648e-07,1.9296493027800634e-07,1.9296441221529094e-07,1.9296389422062595e-07,1.9296337629411305e-07,1.9296285843591782e-07,1.92962340646207e-07,1.9296182292504208e-07,1.9296130527279043e-07,1.9296078768951277e-07,1.9296027017536102e-07,1.9295975273051078e-07,1.929592353551107e-07,1.9295871804928097e-07,1.9295820081325283e-07,1.9295768364710494e-07,1.929571665510269e-07,1.9295664952516998e-07,1.9295613256968702e-07,1.9295561568472648e-07,1.9295509887043544e-07,1.929545821269929e-07,1.929540654544822e-07,1.9295354885311043e-07,1.9295303232292372e-07,1.9295251586416367e-07,1.929519994769356e-07,1.9295148316134977e-07,1.9295096691735423e-07,1.9295045074556447e-07,1.9294993464585965e-07,1.929494186184747e-07,1.9294890266334917e-07,1.929483867807134e-07,1.9294787097068773e-07,1.929473552334237e-07,1.9294683956936087e-07,1.929463239779583e-07,1.9294580845970625e-07,1.9294529301470821e-07,1.9294477764343306e-07,1.9294426234529434e-07,1.929437471208563e-07,1.9294323197018722e-07,1.929427168929008e-07,1.9294220189016616e-07,1.929416869615019e-07,1.9294117210713328e-07,1.9294065732709165e-07,1.9294014262149567e-07,1.9293962799055808e-07,1.9293911343434785e-07,1.929385989529581e-07,1.929380845466322e-07,1.9293757021520185e-07,1.9293705595876005e-07,1.929365417775616e-07,1.9293602767192653e-07,1.9293551364175142e-07,1.9293499968719386e-07,1.9293448580793135e-07,1.929339720048479e-07,1.929334582776933e-07,1.9293294462652397e-07,1.929324310514746e-07,1.9293191755263139e-07,1.9293140413018066e-07,1.9293089078417656e-07,1.9293037751459084e-07,1.929298643213601e-07,1.9292935120510354e-07,1.929288381656578e-07,1.9292832520312436e-07,1.92927812317587e-07,1.9292729950914713e-07,1.9292678677789754e-07,1.9292627412393583e-07,1.9292576154734242e-07,1.929252490482161e-07,1.9292473662664608e-07,1.9292422428272415e-07,1.9292371201653821e-07,1.9292319982817354e-07,1.9292268771771933e-07,1.929221756852638e-07,1.9292166373089346e-07,1.9292115185469706e-07,1.9292064005674803e-07,1.9292012833712274e-07,1.9291961669592517e-07,1.9291910513323108e-07,1.9291859364912334e-07,1.9291808224368086e-07,1.9291757091697943e-07,1.9291705966911596e-07,1.929165485001433e-07,1.9291603741014736e-07,1.9291552639921423e-07,1.9291501546741523e-07,1.9291450461482567e-07,1.9291399384152178e-07,1.9291348314757398e-07,1.9291297253306299e-07,1.9291246199806075e-07,1.9291195154263922e-07,1.9291144116693038e-07,1.9291093087087863e-07,1.9291042065462477e-07,1.9290991051823756e-07,1.9290940046178017e-07,1.9290889048532295e-07,1.929083805889027e-07,1.9290787077230926e-07,1.9290736103624232e-07,1.929068513804334e-07,1.9290634180507614e-07,1.929058323100515e-07,1.9290532289555943e-07,1.9290481356081832e-07,1.9290430430737974e-07,1.9290379513460837e-07,1.9290328604255628e-07,1.9290277703128302e-07,1.92902268100846e-07,1.929017592512854e-07,1.9290125048271512e-07,1.9290074179516203e-07,1.9290023318871368e-07,1.9289972466335824e-07,1.9289921621923068e-07,1.9289870785592545e-07,1.9289819957436562e-07,1.9289769137414832e-07,1.9289718325533367e-07,1.9289667521801542e-07,1.928961672622628e-07,1.928956593880387e-07,1.9289515159532292e-07,1.928946438845777e-07,1.9289413625556694e-07,1.9289362870811624e-07,1.9289312124272202e-07,1.9289261385913427e-07,1.92892106557553e-07,1.928915993380002e-07,1.928910922004725e-07,1.928905851451766e-07,1.9289007817284943e-07,1.9288957128184146e-07,1.9288906447252606e-07,1.928885577459208e-07,1.9288805110126043e-07,1.9288754453945423e-07,1.9288703805984725e-07,1.928865316629293e-07,1.9288602534771815e-07,1.9288551911604386e-07,1.9288501296668613e-07,1.9288450690068817e-07,1.928840009168378e-07,1.928834950156834e-07,1.9288298919736027e-07,1.9288248346200512e-07,1.928819778087025e-07,1.928814722399143e-07,1.92880966753144e-07,1.928804613490097e-07,1.9287995602839584e-07,1.9287945079099071e-07,1.9287894563641815e-07,1.928784405650638e-07,1.9287793557693732e-07,1.9287743067199818e-07,1.928769258498643e-07,1.928764211113957e-07,1.9287591645767466e-07,1.9287541188595747e-07,1.9287490739760687e-07,1.928744029926437e-07,1.9287389867045541e-07,1.92873394432585e-07,1.9287289027833104e-07,1.9287238620714612e-07,1.9287188222039988e-07,1.9287137831688707e-07,1.9287087449699618e-07,1.9287037076091733e-07,1.928698671085505e-07,1.9286936353990838e-07,1.9286886005515227e-07,1.92868356654329e-07,1.9286785333762532e-07,1.9286735010386691e-07,1.9286684695466172e-07,1.928663438888995e-07,1.9286584090714235e-07,1.9286533800919233e-07,1.9286483519522123e-07,1.9286433246610554e-07,1.9286382982107225e-07,1.9286332726021812e-07,1.928628247834358e-07,1.9286232239018554e-07,1.9286182008208539e-07,1.9286131785798914e-07,1.9286081571817664e-07,1.9286031366276627e-07,1.9285981169081762e-07,1.9285930980411421e-07,1.9285880800166372e-07,1.9285830628364035e-07,1.9285780465007068e-07,1.92857303100586e-07,1.9285680163598985e-07,1.9285630025579598e-07,1.9285579896013813e-07,1.9285529774886634e-07,1.9285479662230371e-07,1.9285429558026127e-07,1.928537946229243e-07,1.928532937502856e-07,1.9285279296211307e-07,1.928522922585901e-07,1.9285179163988018e-07,1.9285129110588418e-07,1.9285079065650886e-07,1.9285029029200746e-07,1.9284979001223776e-07,1.928492898174384e-07,1.9284878970733256e-07,1.928482896820514e-07,1.9284778974162294e-07,1.9284728988610633e-07,1.9284679011527723e-07,1.9284629042984452e-07,1.9284579082906315e-07,1.9284529131336053e-07,1.9284479188240106e-07,1.9284429253648402e-07,1.9284379327556636e-07,1.9284329409888105e-07,1.928427950080233e-07,1.9284229600220267e-07,1.928417970814476e-07,1.9284129824560133e-07,1.9284079949508272e-07,1.9284030082955543e-07,1.9283980224854733e-07,1.928393037533222e-07,1.9283880534327774e-07,1.9283830701730343e-07,1.928378087778738e-07,1.9283731062344482e-07,1.928368125541331e-07,1.9283631457011625e-07,1.9283581667132786e-07,1.9283531885582675e-07,1.9283482112727756e-07,1.9283432348442312e-07,1.928338259267286e-07,1.9283332845453889e-07,1.92832831067666e-07,1.928323337657576e-07,1.9283183654919626e-07,1.9283133941798127e-07,1.9283084237205747e-07,1.9283034541182995e-07,1.9282984853694566e-07,1.9282935174736405e-07,1.9282885504314277e-07,1.928283584244834e-07,1.9282786189105164e-07,1.9282736544326127e-07,1.9282686908040964e-07,1.9282637280352678e-07,1.9282587661210453e-07,1.9282538050596474e-07,1.9282488448541503e-07,1.9282438855046012e-07,1.9282389270102221e-07,1.9282339693726637e-07,1.9282290125885024e-07,1.9282240566592316e-07,1.928219101578795e-07,1.928214147358761e-07,1.928209193995343e-07,1.928204241485479e-07,1.9281992898358745e-07,1.9281943390448614e-07,1.9281893891028e-07,1.928184440017688e-07,1.9281794917889225e-07,1.9281745444192197e-07,1.9281695979025573e-07,1.928164652244722e-07,1.9281597074404686e-07,1.9281547634915024e-07,1.9281498204062713e-07,1.9281448781720247e-07,1.9281399367899757e-07,1.9281349962686757e-07,1.9281300566019247e-07,1.9281251177928582e-07,1.928120179839394e-07,1.928115242745592e-07,1.9281103065055322e-07,1.9281053711266116e-07,1.9281004366064773e-07,1.928095502939963e-07,1.928090570127231e-07,1.9280856381731058e-07,1.9280807070753745e-07,1.9280757768352471e-07,1.9280708474350432e-07,1.9280659189109384e-07,1.928060991238463e-07,1.9280560644309886e-07,1.9280511384753494e-07,1.9280462133774167e-07,1.9280412891373224e-07,1.928036365753963e-07,1.9280314432338183e-07,1.9280265215677105e-07,1.928021600756242e-07,1.928016680802666e-07,1.928011761705855e-07,1.9280068434658208e-07,1.928001926083747e-07,1.927997009559196e-07,1.9279920938904887e-07,1.9279871790831918e-07,1.9279822651308508e-07,1.927977352036019e-07,1.927972439799591e-07,1.9279675284197e-07,1.9279626178972018e-07,1.9279577082322713e-07,1.9279527994293225e-07,1.9279478914896088e-07,1.9279429843970502e-07,1.9279380781629909e-07,1.9279331727822323e-07,1.927928268262211e-07,1.9279233645830962e-07,1.9279184617780428e-07,1.9279135598304768e-07,1.9279086587407268e-07,1.927903758509019e-07,1.927898859136611e-07,1.9278939606157517e-07,1.927889062955493e-07,1.9278841661544926e-07,1.9278792702090053e-07,1.9278743751234505e-07,1.9278694808930818e-07,1.9278645875197045e-07,1.9278596950080006e-07,1.9278548033503132e-07,1.9278499125521744e-07,1.9278450226117883e-07,1.9278401335233009e-07,1.9278352452926749e-07,1.9278303579204432e-07,1.9278254714060192e-07,1.927820585747025e-07,1.9278157009479354e-07,1.9278108170046534e-07,1.927805933918759e-07,1.9278010516900324e-07,1.9277961703176791e-07,1.927791289802482e-07,1.9277864101494762e-07,1.9277815313479908e-07,1.9277766534017059e-07,1.9277717763183688e-07,1.9277669000877608e-07,1.9277620247136584e-07,1.9277571501975554e-07,1.9277522765386902e-07,1.9277474037350157e-07,1.9277425317868395e-07,1.927737660690903e-07,1.92773279045762e-07,1.9277279210791985e-07,1.9277230525612127e-07,1.927718184896222e-07,1.927713318085888e-07,1.927708452134327e-07,1.9277035870448797e-07,1.9276987228072285e-07,1.9276938594367098e-07,1.9276889969085656e-07,1.927684135239911e-07,1.927679274427714e-07,1.9276744144715217e-07,1.927669555371562e-07,1.9276646971256012e-07,1.92765983973539e-07,1.927654983200786e-07,1.927650127522489e-07,1.9276452727004257e-07,1.92764041873653e-07,1.927635565624895e-07,1.9276307133663338e-07,1.9276258619632521e-07,1.9276210114216012e-07,1.9276161617318454e-07,1.9276113128973293e-07,1.927606464918855e-07,1.9276016177949164e-07,1.9275967715259402e-07,1.9275919261136132e-07,1.9275870815540014e-07,1.9275822378497386e-07,1.92757739499529e-07,1.9275725530021967e-07,1.927567711863593e-07,1.9275628715787298e-07,1.9275580321490058e-07,1.927553193573866e-07,1.9275483558536694e-07,1.9275435189872947e-07,1.9275386829755193e-07,1.9275338478175624e-07,1.927529013512168e-07,1.9275241800521183e-07,1.9275193474541938e-07,1.9275145157123685e-07,1.9275096848259048e-07,1.9275048547920922e-07,1.9275000256112675e-07,1.9274951972828828e-07,1.927490369808838e-07,1.9274855431904234e-07,1.9274807174289196e-07,1.9274758925167667e-07,1.9274710684588285e-07,1.927466245250748e-07,1.9274614228994193e-07,1.9274566013907472e-07,1.9274517807470559e-07,1.927446960954552e-07,1.927442142016559e-07,1.9274373239292604e-07,1.9274325066938904e-07,1.927427690310686e-07,1.9274228747798279e-07,1.9274180601022449e-07,1.9274132462779933e-07,1.92740843330784e-07,1.9274036211876525e-07,1.9273988099160517e-07,1.9273939995021237e-07,1.9273891899335163e-07,1.9273843812208004e-07,1.9273795733605666e-07,1.9273747663515398e-07,1.9273699601930335e-07,1.9273651548872888e-07,1.9273603504330446e-07,1.9273555468302414e-07,1.927350744069837e-07,1.9273459421572626e-07,1.9273411411069863e-07,1.9273363409167674e-07,1.9273315415677424e-07,1.9273267430749386e-07,1.9273219454234926e-07,1.9273171486281354e-07,1.9273123526825453e-07,1.9273075575863393e-07,1.927302763342601e-07,1.9272979699481085e-07,1.9272931774027182e-07,1.9272883856969715e-07,1.9272835948537075e-07,1.9272788048602856e-07,1.9272740157161158e-07,1.9272692274207893e-07,1.927264439972818e-07,1.9272596533777644e-07,1.9272548676287841e-07,1.9272500827324426e-07,1.9272452986851827e-07,1.927240515487065e-07,1.9272357331379165e-07,1.9272309516376384e-07,1.9272261709861188e-07,1.9272213911832574e-07,1.9272166122256551e-07,1.927211834120269e-07,1.927207056862776e-07,1.9272022804535467e-07,1.9271975048924693e-07,1.9271927301794474e-07,1.9271879563143764e-07,1.9271831832929738e-07,1.9271784111234642e-07,1.9271736398016129e-07,1.9271688693259185e-07,1.9271640997106508e-07,1.9271593309426586e-07,1.9271545630059272e-07,1.9271497959315062e-07,1.9271450296932606e-07,1.9271402643019075e-07,1.9271354997563377e-07,1.9271307360551224e-07,1.9271259732026065e-07,1.9271212111968012e-07,1.9271164500373475e-07,1.9271116897241655e-07,1.9271069302571379e-07,1.9271021716325348e-07,1.9270974138551833e-07,1.9270926569259493e-07,1.927087900839497e-07,1.9270831455982253e-07,1.9270783912053703e-07,1.9270736376449578e-07,1.9270688849422405e-07,1.9270641330844784e-07,1.9270593820843717e-07,1.927054631918534e-07,1.9270498825982414e-07,1.9270451341206897e-07,1.9270403864885859e-07,1.927035639699801e-07,1.9270308937569464e-07,1.927026148656459e-07,1.9270214044012968e-07,1.9270166609900302e-07,1.9270119184265998e-07,1.927007176703059e-07,1.9270024358223444e-07,1.9269976957897265e-07,1.926992956593982e-07,1.9269882182486047e-07,1.9269834807423411e-07,1.9269787440726288e-07,1.9269740082522907e-07,1.9269692732727902e-07,1.9269645391346388e-07,1.9269598058426175e-07,1.9269550733842895e-07,1.9269503417772237e-07,1.9269456110123355e-07,1.926940881094209e-07,1.926936152013652e-07,1.9269314237752677e-07,1.926926696385318e-07,1.9269219698329515e-07,1.9269172441152068e-07,1.926912519241383e-07,1.9269077952132695e-07,1.9269030720246387e-07,1.9268983496763937e-07,1.926893628160959e-07,1.92688890749188e-07,1.9268841876656738e-07,1.9268794686798317e-07,1.9268747505358877e-07,1.9268700332264387e-07,1.926865316762805e-07,1.9268606011439976e-07,1.926855886362645e-07,1.9268511724191542e-07,1.9268464593160574e-07,1.9268417470520551e-07,1.9268370356262802e-07,1.9268323250419234e-07,1.9268276152957743e-07,1.926822906384428e-07,1.9268181983196503e-07,1.9268134910908273e-07,1.9268087847080125e-07,1.9268040791558655e-07,1.9267993744401275e-07,1.9267946705643135e-07,1.9267899675272121e-07,1.9267852653308506e-07,1.9267805639708266e-07,1.9267758634489141e-07,1.926771163765881e-07,1.9267664649198674e-07,1.9267617669088224e-07,1.9267570697371045e-07,1.9267523734023594e-07,1.9267476779055205e-07,1.9267429832400285e-07,1.9267382894161226e-07,1.9267335964293056e-07,1.9267289042806302e-07,1.9267242129773432e-07,1.9267195225006488e-07,1.9267148328571032e-07,1.9267101440535677e-07,1.9267054560798472e-07,1.9267007689492994e-07,1.926696082656091e-07,1.9266913971933584e-07,1.926686712567988e-07,1.9266820287754414e-07,1.926677345818254e-07,1.9266726636979807e-07,1.926667982413138e-07,1.9266633019634178e-07,1.926658622347069e-07,1.926653943562276e-07,1.9266492656162616e-07,1.9266445885147559e-07,1.9266399122353795e-07,1.9266352367896758e-07,1.9266305621821776e-07,1.9266258884048437e-07,1.9266212154612862e-07,1.92661654335265e-07,1.9266118720771328e-07,1.926607201634857e-07,1.9266025320259487e-07,1.9265978632483708e-07,1.9265931953047826e-07,1.926588528193791e-07,1.9265838619155182e-07,1.9265791964713293e-07,1.926574531866561e-07,1.9265698680872935e-07,1.9265652051413458e-07,1.9265605430276596e-07,1.9265558817334263e-07,1.9265512212822244e-07,1.9265465616628485e-07,1.9265419028739576e-07,1.9265372449171541e-07,1.9265325877920327e-07,1.9265279314977953e-07,1.9265232760355724e-07,1.926518621413418e-07,1.9265139676123693e-07,1.9265093146414468e-07,1.9265046625011146e-07,1.9265000111904722e-07,1.9264953607096848e-07,1.9264907110600245e-07,1.926486062234538e-07,1.926481414243909e-07,1.9264767670773042e-07,1.9264721207367285e-07,1.9264674752345744e-07,1.9264628305606727e-07,1.9264581867168912e-07,1.9264535437024766e-07,1.9264489015166465e-07,1.9264442601598129e-07,1.9264396196305863e-07,1.9264349799319496e-07,1.9264303410600324e-07,1.9264257030163006e-07,1.926421065799671e-07,1.9264164294121386e-07,1.9264117938535978e-07,1.9264071591213504e-07,1.9264025252113257e-07,1.9263978921335128e-07,1.9263932598831902e-07,1.9263886284592192e-07,1.9263839978540034e-07,1.926379368085809e-07,1.926374739139723e-07,1.9263701110226779e-07,1.9263654837285557e-07,1.9263608572630018e-07,1.9263562316257838e-07,1.926351606814923e-07,1.926346982828944e-07,1.9263423596682597e-07,1.926337737334027e-07,1.9263331158248856e-07,1.926328495146125e-07,1.9263238752887165e-07,1.9263192562558798e-07,1.9263146380473245e-07,1.9263100206635273e-07,1.9263054041052455e-07,1.9263007883727268e-07,1.9262961734638614e-07,1.9262915593776768e-07,1.926286946116822e-07,1.9262823336803504e-07,1.9262777220686677e-07,1.926273111278851e-07,1.9262685013121669e-07,1.9262638921685484e-07,1.926259283853896e-07,1.9262546763592724e-07,1.9262500696929581e-07,1.9262454638501058e-07,1.9262408588239444e-07,1.9262362546187402e-07,1.926231651236611e-07,1.9262270486766458e-07,1.9262224469282464e-07,1.926217846012567e-07,1.9262132459176133e-07,1.926208646645414e-07,1.9262040481969414e-07,1.9261994505695243e-07,1.9261948537623483e-07,1.9261902577761727e-07,1.9261856626111207e-07,1.9261810682730986e-07,1.9261764747497537e-07,1.9261718820479116e-07,1.926167290165625e-07,1.92616269910408e-07,1.9261581088630752e-07,1.926153519442401e-07,1.926148930841147e-07,1.9261443430601542e-07,1.9261397560985099e-07,1.9261351699554583e-07,1.9261305846412117e-07,1.926126000139291e-07,1.9261214164555522e-07,1.9261168335911904e-07,1.9261122515472303e-07,1.926107670320129e-07,1.9261030899117602e-07,1.9260985103182085e-07,1.9260939315462398e-07,1.9260893535928163e-07,1.926084776455486e-07,1.9260802001380488e-07,1.9260756246380726e-07,1.926071049955615e-07,1.926066476091642e-07,1.9260619030442168e-07,1.92605733081449e-07,1.9260527594017265e-07,1.9260481888078287e-07,1.9260436190285314e-07,1.9260390500663846e-07,1.9260344819197002e-07,1.9260299145903295e-07,1.926025348077219e-07,1.926020782379927e-07,1.9260162174989065e-07,1.9260116534329457e-07,1.926007090183163e-07,1.9260025277492837e-07,1.9259979661336937e-07,1.9259934053295245e-07,1.9259888453415223e-07,1.9259842861691898e-07,1.9259797278104444e-07,1.9259751702662953e-07,1.9259706135371746e-07,1.9259660576219295e-07,1.9259615025189918e-07,1.9259569482335003e-07,1.9259523947606031e-07,1.9259478421023537e-07,1.9259432902415797e-07,1.9259387392075663e-07,1.9259341889901593e-07,1.9259296395871406e-07,1.9259250909940678e-07,1.9259205432097325e-07,1.925915996245039e-07,1.9259114500932385e-07,1.9259069047537664e-07,1.9259023602259877e-07,1.925897816512783e-07,1.925893273604383e-07,1.9258887315133977e-07,1.9258841902345605e-07,1.925879649768195e-07,1.9258751101135369e-07,1.9258705712669124e-07,1.9258660332351856e-07,1.9258614960179013e-07,1.9258569596056062e-07,1.9258524240064437e-07,1.9258478892231356e-07,1.9258433552460212e-07,1.9258388220788676e-07,1.9258342897269409e-07,1.9258297581882737e-07,1.9258252274502446e-07,1.9258206975342406e-07,1.925816168418539e-07,1.9258116401055197e-07,1.9258071126089105e-07,1.9258025859207315e-07,1.9257980600422122e-07,1.9257935349766622e-07,1.9257890107146796e-07,1.92578448726307e-07,1.925779964619568e-07,1.9257754427848819e-07,1.9257709217602335e-07,1.9257664015402808e-07,1.9257618821314325e-07,1.92575736352925e-07,1.9257528457331223e-07,1.9257483287458464e-07,1.9257438125687073e-07,1.9257392971959665e-07,1.925734782632983e-07,1.9257302688776335e-07,1.9257257559270782e-07,1.9257212437851754e-07,1.925716732453107e-07,1.9257122219082755e-07,1.9257077121879525e-07,1.9257032032718525e-07,1.9256986951624968e-07,1.9256941878590482e-07,1.9256896813614358e-07,1.925685175671268e-07,1.9256806707855184e-07,1.9256761667057197e-07,1.925671663430405e-07,1.925667160959544e-07,1.925662659294274e-07,1.925658158430753e-07,1.92565365837529e-07,1.9256491591243378e-07,1.9256446606792556e-07,1.9256401630354628e-07,1.9256356661978787e-07,1.9256311701641246e-07,1.9256266749336002e-07,1.9256221805073833e-07,1.9256176868850166e-07,1.925613194066162e-07,1.9256087020507857e-07,1.925604210834682e-07,1.9255997204276813e-07,1.9255952308203293e-07,1.9255907420170385e-07,1.9255862540155163e-07,1.9255817668154664e-07,1.9255772804189548e-07,1.9255727948220463e-07,1.9255683100305982e-07,1.925563826040285e-07,1.9255593428532728e-07,1.9255548604563912e-07,1.9255503788712433e-07,1.9255458980886195e-07,1.9255414181063017e-07,1.9255369389225576e-07,1.9255324605419696e-07,1.925527982962402e-07,1.9255235061858656e-07,1.9255190302044265e-07,1.9255145550273666e-07,1.9255100806496654e-07,1.92550560707289e-07,1.925501134293951e-07,1.9254966623157623e-07,1.9254921911383367e-07,1.925487720760718e-07,1.925483251176742e-07,1.925478782396964e-07,1.9254743144160045e-07,1.9254698472342046e-07,1.9254653808531155e-07,1.9254609152758106e-07,1.9254564504911205e-07,1.925451986503951e-07,1.9254475233152063e-07,1.9254430609245902e-07,1.9254385993345513e-07,1.92543413854039e-07,1.9254296785490468e-07,1.9254252193504723e-07,1.9254207609508235e-07,1.9254163033469418e-07,1.9254118465398867e-07,1.9254073905244813e-07,1.925402935307461e-07,1.925398480891308e-07,1.925394027270917e-07,1.925389574454491e-07,1.9253851224276955e-07,1.9253806711964823e-07,1.9253762207657295e-07,1.9253717711272791e-07,1.9253673222843868e-07,1.9253628742364528e-07,1.9253584269846192e-07,1.9253539805205447e-07,1.9253495348617254e-07,1.9253450899946265e-07,1.9253406459235536e-07,1.9253362026475721e-07,1.925331760166011e-07,1.9253273184802294e-07,1.9253228775875044e-07,1.925318437488656e-07,1.9253139981841156e-07,1.9253095596709035e-07,1.9253051219541515e-07,1.9253006850261625e-07,1.9252962488921085e-07,1.925291813555681e-07,1.9252873790117584e-07,1.9252829452606233e-07,1.9252785123058897e-07,1.925274080140268e-07,1.9252696487768444e-07,1.9252652181975303e-07,1.9252607884110655e-07,1.9252563594166245e-07,1.925251931214659e-07,1.925247503809228e-07,1.9252430771922254e-07,1.9252386513652638e-07,1.925234226329367e-07,1.9252298020828656e-07,1.9252253786261443e-07,1.9252209559650422e-07,1.925216534094474e-07,1.9252121130116268e-07,1.9252076927221962e-07,1.9252032732233193e-07,1.9251988545171972e-07,1.925194436600466e-07,1.9251900194753455e-07,1.9251856031401472e-07,1.925181187592461e-07,1.925176772834771e-07,1.9251723588669628e-07,1.9251679456907276e-07,1.9251635333029066e-07,1.9251591216974111e-07,1.9251547108858275e-07,1.9251503008632672e-07,1.9251458916254194e-07,1.925141483182231e-07,1.9251370755274964e-07,1.9251326686610785e-07,1.9251282625813623e-07,1.9251238572892936e-07,1.925119452775728e-07,1.9251150490612472e-07,1.9251106461344086e-07,1.9251062439948325e-07,1.9251018426457344e-07,1.925097442078666e-07,1.925093042298587e-07,1.9250886433018837e-07,1.925084245096165e-07,1.9250798476765708e-07,1.9250754510569154e-07,1.925071055212523e-07,1.9250666601520607e-07,1.9250622658793e-07,1.925057872393171e-07,1.925053479692233e-07,1.9250490877771847e-07,1.925044696644552e-07,1.9250403062849063e-07,1.9250359167303482e-07,1.9250315279635715e-07,1.9250271399725573e-07,1.9250227527626703e-07,1.9250183663429046e-07,1.9250139807122835e-07,1.925009595856446e-07,1.9250052117883877e-07,1.9250008285042885e-07,1.9249964460118742e-07,1.9249920642945983e-07,1.9249876833626127e-07,1.9249833032136474e-07,1.9249789238456885e-07,1.924974545260572e-07,1.9249701674615756e-07,1.9249657904512247e-07,1.9249614142180823e-07,1.9249570387756987e-07,1.9249526641075205e-07,1.9249482902243678e-07,1.9249439171284084e-07,1.9249395448075258e-07,1.9249351732642063e-07,1.9249308025070735e-07,1.924926432531022e-07,1.9249220633374036e-07,1.9249176949204672e-07,1.9249133272889164e-07,1.9249089604402366e-07,1.9249045943752597e-07,1.9249002290858347e-07,1.9248958645784622e-07,1.9248915008518744e-07,1.9248871379050765e-07,1.9248827757392374e-07,1.9248784143543603e-07,1.924874053753695e-07,1.9248696939311486e-07,1.9248653348850176e-07,1.9248609766203275e-07,1.9248566191342668e-07,1.9248522624239192e-07,1.9248479065023853e-07,1.9248435513522225e-07,1.9248391969818137e-07,1.9248348433906033e-07,1.9248304905697634e-07,1.9248261385363844e-07,1.9248217872807535e-07,1.9248174368041006e-07,1.9248130871033863e-07,1.9248087381784115e-07,1.9248043900358715e-07,1.9248000426700366e-07,1.9247956960877678e-07,1.9247913502771913e-07,1.9247870052426282e-07,1.924782660986232e-07,1.9247783174979908e-07,1.9247739747935362e-07,1.9247696328692138e-07,1.924765291717306e-07,1.92476095134524e-07,1.924756611759222e-07,1.9247522729388487e-07,1.9247479348969232e-07,1.9247435976285766e-07,1.9247392611280115e-07,1.9247349254071332e-07,1.9247305904672465e-07,1.9247262563001045e-07,1.9247219229089876e-07,1.9247175902937122e-07,1.924713258451439e-07,1.9247089273850194e-07,1.92470459709315e-07,1.9247002675759163e-07,1.9246959388436794e-07,1.9246916108756524e-07,1.92468728368293e-07,1.9246829572734167e-07,1.9246786316311184e-07,1.9246743067584557e-07,1.9246699826587498e-07,1.924665659332724e-07,1.9246613367771173e-07,1.924657014997192e-07,1.924652693992627e-07,1.92464837375852e-07,1.9246440543016251e-07,1.9246397356134917e-07,1.9246354176991356e-07,1.924631100555156e-07,1.9246267841817775e-07,1.9246224685708396e-07,1.9246181537469832e-07,1.9246138396901538e-07,1.9246095264027038e-07,1.924605213888104e-07,1.924600902144824e-07,1.924596591170443e-07,1.9245922809688283e-07,1.924587971541545e-07,1.9245836628846492e-07,1.9245793549960946e-07,1.9245750478630787e-07,1.9245707415060504e-07,1.9245664359345832e-07,1.9245621311292304e-07,1.924557827092264e-07,1.9245535238254831e-07,1.9245492213282077e-07,1.924544919593835e-07,1.9245406186360204e-07,1.9245363184469233e-07,1.9245320190278095e-07,1.924527720376845e-07,1.9245234225013318e-07,1.9245191253876053e-07,1.9245148290436168e-07,1.9245105334670386e-07,1.924506238658607e-07,1.9245019446263012e-07,1.9244976513539321e-07,1.9244933588495117e-07,1.9244890671129047e-07,1.9244847761431272e-07,1.92448048595207e-07,1.9244761965177388e-07,1.9244719078517297e-07,1.9244676199515078e-07,1.924463332816871e-07,1.9244590464504248e-07,1.9244547608499855e-07,1.924450476013895e-07,1.924446191947142e-07,1.9244419086365044e-07,1.924437626101766e-07,1.9244333443326372e-07,1.9244290633288583e-07,1.9244247830984763e-07,1.924420503632981e-07,1.9244162249296288e-07,1.9244119469884936e-07,1.924407669808505e-07,1.9244033934079728e-07,1.9243991177612368e-07,1.9243948428843534e-07,1.9243905687672676e-07,1.924386295410588e-07,1.9243820228224698e-07,1.9243777509984038e-07,1.9243734799392575e-07,1.924369209643054e-07,1.9243649401056487e-07,1.9243606713344847e-07,1.9243564033372922e-07,1.9243521360972975e-07,1.9243478696181397e-07,1.9243436039017498e-07,1.9243393389483854e-07,1.9243350747579103e-07,1.92433081133025e-07,1.9243265486657254e-07,1.9243222867654313e-07,1.924318025624583e-07,1.924313765247799e-07,1.9243095056313957e-07,1.9243052467793407e-07,1.9243009886876262e-07,1.924296731356109e-07,1.9242924747822806e-07,1.9242882189734135e-07,1.9242839639258367e-07,1.9242797096370237e-07,1.9242754561115354e-07,1.9242712033462457e-07,1.9242669513407588e-07,1.9242627000962312e-07,1.924258449611552e-07,1.9242541998892827e-07,1.924249950923961e-07,1.9242457027330345e-07,1.9242414552891562e-07,1.924237208607017e-07,1.9242329626822187e-07,1.9242287175155596e-07,1.9242244731106608e-07,1.9242202294631598e-07,1.924215986574108e-07,1.9242117444446214e-07,1.9242075030591619e-07,1.9242032624478158e-07,1.924199022595884e-07,1.9241947834995136e-07,1.92419054516224e-07,1.924186307582591e-07,1.924182070745025e-07,1.9241778346811543e-07,1.9241735993764176e-07,1.9241693648322176e-07,1.9241651310368226e-07,1.92416089800203e-07,1.9241566657242598e-07,1.924152434203053e-07,1.924148203441636e-07,1.924143973433811e-07,1.9241397441824187e-07,1.9241355156873961e-07,1.9241312879487883e-07,1.9241270609718246e-07,1.9241228347455993e-07,1.9241186092746837e-07,1.9241143845593956e-07,1.9241101605996365e-07,1.9241059373926462e-07,1.9241017149436093e-07,1.9240974932496348e-07,1.9240932723106906e-07,1.9240890521265732e-07,1.924084832700693e-07,1.9240806140258824e-07,1.924076396105517e-07,1.9240721789398118e-07,1.924067962530712e-07,1.9240637468729046e-07,1.924059531969005e-07,1.924055317818902e-07,1.924051104422393e-07,1.9240468917794036e-07,1.924042679889805e-07,1.9240384687534307e-07,1.9240342583701245e-07,1.9240300487397748e-07,1.9240258398622127e-07,1.9240216317373698e-07,1.9240174243650712e-07,1.9240132177452166e-07,1.9240090118776067e-07,1.9240048067621372e-07,1.924000602398688e-07,1.9239963987870848e-07,1.9239921959272375e-07,1.9239879938225428e-07,1.9239837924692667e-07,1.9239795918642725e-07,1.9239753920134796e-07,1.923971192910256e-07,1.9239669945612697e-07,1.9239627969641064e-07,1.9239586001140648e-07,1.923954404017552e-07,1.9239502086718425e-07,1.9239460140762638e-07,1.9239418202321248e-07,1.9239376271327176e-07,1.9239334347878232e-07,1.9239292431938117e-07,1.9239250523448058e-07,1.923920862247933e-07,1.923916672903884e-07,1.923912484305585e-07,1.9239082964603074e-07,1.923904109355821e-07,1.9238999230011983e-07,1.9238957373944272e-07,1.9238915525401795e-07,1.9238873684307112e-07,1.923883185073486e-07,1.9238790024429486e-07,1.9238748205815746e-07,1.9238706394637427e-07,1.9238664590963733e-07,1.923862279474252e-07,1.9238581005990057e-07,1.9238539224718153e-07,1.9238497450904782e-07,1.9238455684570317e-07,1.923841392581299e-07,1.9238372174404134e-07,1.9238330430463834e-07,1.9238288693986378e-07,1.9238246964986632e-07,1.923820524343234e-07,1.923816352933744e-07,1.9238121822702323e-07,1.9238080123520035e-07,1.923803843183447e-07,1.9237996747380005e-07,1.9237955070469908e-07,1.923791340099899e-07,1.923787173898181e-07,1.9237830084534164e-07,1.9237788437546893e-07,1.9237746797996776e-07,1.9237705165891792e-07,1.9237663541223116e-07,1.9237621923940087e-07,1.923758031416397e-07,1.9237538711827664e-07,1.9237497116880668e-07,1.923745552945972e-07,1.9237413949340384e-07,1.923737237675459e-07,1.9237330811593669e-07,1.9237289253872842e-07,1.9237247703584737e-07,1.9237206160709113e-07,1.923716462526205e-07,1.9237123097233608e-07,1.923708157669073e-07,1.923704006353318e-07,1.9236998557839538e-07,1.9236957059531294e-07,1.9236915568644386e-07,1.9236874085172625e-07,1.9236832609135296e-07,1.923679114050025e-07,1.9236749679281664e-07,1.923670822547937e-07,1.9236666779081206e-07,1.9236625340100142e-07,1.923658390854214e-07,1.9236542484391255e-07,1.9236501067633423e-07,1.9236459658285698e-07,1.9236418256342807e-07,1.9236376861788123e-07,1.9236335474668265e-07,1.9236294094928222e-07,1.9236252722586628e-07,1.923621135764558e-07,1.9236170000085228e-07,1.9236128649922795e-07,1.9236087307173961e-07,1.9236045971808434e-07,1.9236004643829867e-07,1.9235963323245424e-07,1.9235922010049748e-07,1.9235880704244257e-07,1.9235839405807648e-07,1.9235798114769096e-07,1.9235756831125062e-07,1.9235715554853982e-07,1.923567428596076e-07,1.9235633024447188e-07,1.9235591770338783e-07,1.9235550523518117e-07,1.9235509284132473e-07,1.9235468052117456e-07,1.9235426827421402e-07,1.9235385610174664e-07,1.9235344400280815e-07,1.9235303197754692e-07,1.9235262002595547e-07,1.9235220814785168e-07,1.9235179634353544e-07,1.9235138461287206e-07,1.9235097295583415e-07,1.9235056137237344e-07,1.9235014986253175e-07,1.9234973842621142e-07,1.9234932706383904e-07,1.9234891577440242e-07,1.9234850455877443e-07,1.9234809341759967e-07,1.9234768234903248e-07,1.923472713539428e-07,1.923468604323383e-07,1.9234644958420247e-07,1.9234603880925964e-07,1.9234562810803632e-07,1.9234521747908293e-07,1.9234480692472827e-07,1.9234439644375214e-07,1.9234398603608865e-07,1.9234357570247038e-07,1.9234316544164402e-07,1.9234275525444415e-07,1.9234234514020544e-07,1.9234193509941792e-07,1.923415251319157e-07,1.9234111523773013e-07,1.9234070541684757e-07,1.9234029566925246e-07,1.9233988599490353e-07,1.923394763938925e-07,1.9233906686614674e-07,1.92338657411467e-07,1.923382480299816e-07,1.9233783872173494e-07,1.9233742948667687e-07,1.9233702032475818e-07,1.923366112360173e-07,1.9233620222040885e-07,1.9233579327795812e-07,1.923353844085904e-07,1.923349756123169e-07,1.9233456688920682e-07,1.9233415823922476e-07,1.9233374966220495e-07,1.923333411582561e-07,1.9233293272727297e-07,1.9233252436933053e-07,1.923321160844216e-07,1.9233170787227403e-07,1.9233129973420922e-07,1.9233089166830334e-07,1.9233048367533054e-07,1.923300757552409e-07,1.9232966790810634e-07,1.9232926013390799e-07,1.9232885243260852e-07,1.9232844480394567e-07,1.9232803724807835e-07,1.923276297653783e-07,1.9232722235558929e-07,1.9232681502017486e-07,1.9232640775595392e-07,1.923260005646477e-07,1.9232559344610693e-07,1.9232518640039595e-07,1.9232477942739407e-07,1.9232437252718862e-07,1.923239656999651e-07,1.9232355894509796e-07,1.9232315226286822e-07,1.923227456517141e-07,1.9232233911513862e-07,1.923219326512651e-07,1.9232152626111924e-07,1.9232111994252882e-07,1.9232071369657947e-07,1.9232030752318787e-07,1.92319901423166e-07,1.9231949539508815e-07,1.9231908943972976e-07,1.923186835568019e-07,1.923182777463749e-07,1.9231787200858934e-07,1.9231746634444686e-07,1.9231706075150218e-07,1.9231665523129225e-07,1.9231624978343638e-07,1.923158444082786e-07,1.9231543910558476e-07,1.9231503387532742e-07,1.9231462871748268e-07,1.9231422363208555e-07,1.9231381861893556e-07,1.9231341367802025e-07,1.9231300881001002e-07,1.9231260401432764e-07,1.9231219929074026e-07,1.9231179463962169e-07,1.923113900606688e-07,1.9231098555424034e-07,1.9231058112019207e-07,1.9231017675836356e-07,1.9230977246852267e-07,1.9230936825085616e-07,1.9230896410602884e-07,1.9230856003323884e-07,1.923081560327774e-07,1.9230775210454547e-07,1.9230734824852232e-07,1.9230694446458554e-07,1.9230654075290279e-07,1.9230613711328298e-07,1.9230573354597638e-07,1.9230533005088612e-07,1.9230492662795727e-07,1.9230452327701208e-07,1.92304119998219e-07,1.923037167914786e-07,1.923033136568611e-07,1.9230291059427905e-07,1.923025076037432e-07,1.9230210468523814e-07,1.923017018387292e-07,1.9230129906459176e-07,1.9230089636143255e-07,1.9230049373112169e-07,1.9230009117266384e-07,1.922996886861389e-07,1.9229928627166202e-07,1.9229888392908163e-07,1.9229848165837385e-07,1.922980794596374e-07,1.9229767733280193e-07,1.9229727527785183e-07,1.9229687329421494e-07,1.9229647138288664e-07,1.9229606954367533e-07,1.9229566777609537e-07,1.9229526608035537e-07,1.9229486445646439e-07,1.9229446290431847e-07,1.9229406142394708e-07,1.9229366001534577e-07,1.9229325867842447e-07,1.9229285741346526e-07,1.9229245622010606e-07,1.9229205509829553e-07,1.9229165404887783e-07,1.9229125307082278e-07,1.9229085216427707e-07,1.922904513294252e-07,1.9229005056652486e-07,1.9228964987492498e-07,1.9228924925485732e-07,1.922888487066393e-07,1.9228844823045457e-07,1.9228804782527118e-07,1.922876474916132e-07,1.9228724722976735e-07,1.9228684703945771e-07,1.922864469205429e-07,1.9228604687305665e-07,1.9228564689714285e-07,1.9228524699274167e-07,1.92284847159827e-07,1.9228444739864103e-07,1.9228404770867378e-07,1.9228364809012502e-07,1.9228324854297242e-07,1.9228284906728923e-07,1.9228244966298078e-07,1.9228205033004226e-07,1.922816510686141e-07,1.9228125187852527e-07,1.9228085275983699e-07,1.922804537123597e-07,1.922800547362628e-07,1.92279655831491e-07,1.9227925699804685e-07,1.9227885823652258e-07,1.922784595454195e-07,1.9227806092573512e-07,1.9227766237736659e-07,1.9227726390024043e-07,1.9227686549432854e-07,1.922764671584946e-07,1.9227606889503923e-07,1.9227567070335918e-07,1.9227527258238513e-07,1.9227487453238134e-07,1.9227447655358616e-07,1.922740786459304e-07,1.9227368080941309e-07,1.922732830440727e-07,1.9227288534975274e-07,1.9227248772647042e-07,1.9227209017443828e-07,1.9227169269333248e-07,1.9227129528333421e-07,1.9227089794437817e-07,1.9227050067670585e-07,1.922701034797671e-07,1.9226970635376615e-07,1.9226930929872877e-07,1.9226891231466439e-07,1.922685154016093e-07,1.9226811855959045e-07,1.922677217883841e-07,1.9226732508857873e-07,1.9226692845954053e-07,1.9226653190104017e-07,1.9226613541347426e-07,1.922657389967302e-07,1.9226534265014414e-07,1.9226494637470734e-07,1.922645501705703e-07,1.9226415403717965e-07,1.9226375797331505e-07,1.922633619815225e-07,1.9226296606057865e-07,1.9226257021038314e-07,1.9226217442799143e-07,1.92261778719634e-07,1.922613830816091e-07,1.922609875142828e-07,1.9226059201766858e-07,1.9226019659175394e-07,1.9225980123656592e-07,1.9225940595217508e-07,1.922590107383052e-07,1.9225861559503822e-07,1.922582205223864e-07,1.922578255204155e-07,1.9225743058899145e-07,1.9225703572797076e-07,1.9225664093804967e-07,1.9225624621686803e-07,1.9225585156769716e-07,1.9225545698919907e-07,1.922550624811488e-07,1.9225466804371054e-07,1.9225427367561688e-07,1.922538793790624e-07,1.9225348515302294e-07,1.922530909974517e-07,1.9225269691228736e-07,1.922523028975656e-07,1.922519089532677e-07,1.922515150793736e-07,1.9225112127587499e-07,1.92250727542942e-07,1.9225033388082994e-07,1.922499402885013e-07,1.9224954676604547e-07,1.9224915331435443e-07,1.9224875993306062e-07,1.9224836662200381e-07,1.9224797338082283e-07,1.9224758021048411e-07,1.9224718711027911e-07,1.9224679408029264e-07,1.922464011215845e-07,1.9224600823216598e-07,1.9224561541439795e-07,1.9224522266533337e-07,1.9224482998665296e-07,1.922444373778477e-07,1.922440448393604e-07,1.9224365237106893e-07,1.9224325997322664e-07,1.9224286764529146e-07,1.9224247538734429e-07,1.922420831995468e-07,1.922416910818038e-07,1.9224129903415155e-07,1.9224090705656326e-07,1.92240515148972e-07,1.922401233114798e-07,1.922397315440619e-07,1.92239339846917e-07,1.922389482192954e-07,1.922385566619268e-07,1.9223816517449302e-07,1.9223777375706688e-07,1.9223738240937088e-07,1.9223699113168093e-07,1.9223659992419604e-07,1.9223620878643898e-07,1.9223581771830752e-07,1.9223542672064235e-07,1.9223503579265642e-07,1.9223464493451237e-07,1.9223425414628735e-07,1.9223386342777766e-07,1.922334727790842e-07,1.922330821993833e-07,1.9223269169022668e-07,1.922323012511493e-07,1.922319108815137e-07,1.9223152058181754e-07,1.922311303514898e-07,1.9223074019108243e-07,1.9223035010051551e-07,1.9222996007971965e-07,1.922295701282955e-07,1.9222918024681284e-07,1.9222879043522485e-07,1.9222840069316977e-07,1.9222801102075194e-07,1.9222762141794405e-07,1.9222723188458839e-07,1.9222684242121315e-07,1.922264530276392e-07,1.9222606370331134e-07,1.9222567444856014e-07,1.9222528526274696e-07,1.9222489614715568e-07,1.9222450710106705e-07,1.922241181247254e-07,1.922237292174703e-07,1.9222334037988928e-07,1.9222295161183434e-07,1.9222256291344204e-07,1.9222217428436813e-07,1.9222178572475329e-07,1.9222139723452698e-07,1.9222100881377419e-07,1.9222062046239932e-07,1.9222023218037549e-07,1.92219843967781e-07,1.922194558245362e-07,1.9221906775109917e-07,1.9221867974683079e-07,1.9221829181167698e-07,1.9221790394569992e-07,1.9221751614920035e-07,1.9221712842202738e-07,1.9221674076403776e-07,1.9221635317538883e-07,1.9221596565514386e-07,1.9221557820501343e-07,1.9221519082411727e-07,1.922148035124919e-07,1.9221441627004062e-07,1.9221402909679175e-07,1.9221364199268839e-07,1.9221325495786752e-07,1.9221286799218808e-07,1.9221248109561006e-07,1.9221209426788438e-07,1.9221170750982847e-07,1.9221132082061073e-07,1.9221093420057677e-07,1.9221054764858033e-07,1.9221016116662803e-07,1.9220977475381319e-07,1.9220938840997636e-07,1.9220900213521172e-07,1.922086159294423e-07,1.9220822979272218e-07,1.9220784372504248e-07,1.9220745772635236e-07,1.922070717966401e-07,1.9220668593572316e-07,1.9220630014388755e-07,1.9220591442099052e-07,1.9220552876702603e-07,1.9220514318201317e-07,1.922047576658265e-07,1.9220437221856641e-07,1.9220398683945448e-07,1.9220360152997735e-07,1.9220321628927597e-07,1.9220283111749267e-07,1.922024460155209e-07,1.922020609813024e-07,1.9220167601596496e-07,1.9220129111941932e-07,1.9220090629176645e-07,1.9220052153276503e-07,1.922001368424373e-07,1.9219975222093032e-07,1.9219936766807116e-07,1.9219898318400926e-07,1.9219859876861057e-07,1.921982144219074e-07,1.9219783014411385e-07,1.921974459347933e-07,1.9219706179412705e-07,1.9219667772210292e-07,1.921962937187087e-07,1.92195909783931e-07,1.9219552591775848e-07,1.921951421201389e-07,1.921947583910996e-07,1.9219437473066644e-07,1.9219399113878915e-07,1.9219360761548155e-07,1.9219322416067778e-07,1.9219284077439236e-07,1.9219245745661222e-07,1.9219207420731527e-07,1.9219169102642449e-07,1.9219130791414943e-07,1.9219092487026933e-07,1.9219054189483367e-07,1.9219015898782922e-07,1.9218977614924452e-07,1.9218939337906678e-07,1.9218901067728343e-07,1.9218862804388224e-07,1.9218824547885093e-07,1.9218786298217796e-07,1.9218748055381107e-07,1.921870981937274e-07,1.92186715902053e-07,1.921863336786872e-07,1.921859515236168e-07,1.9218556943679157e-07,1.921851874182379e-07,1.9218480546795413e-07,1.9218442358590724e-07,1.921840417720349e-07,1.9218366002648196e-07,1.9218327834873532e-07,1.9218289673956259e-07,1.9218251519877405e-07,1.9218213372595954e-07,1.9218175232131985e-07,1.92181370984841e-07,1.921809897164711e-07,1.921806085162251e-07,1.9218022738664886e-07,1.9217984632261303e-07,1.9217946532679533e-07,1.9217908439886657e-07,1.9217870353901807e-07,1.921783227473161e-07,1.9217794202348072e-07,1.9217756136759103e-07,1.9217718077990146e-07,1.9217680026042182e-07,1.9217641980868607e-07,1.921760394249341e-07,1.92175659109286e-07,1.9217527886148014e-07,1.9217489868207954e-07,1.9217451857020094e-07,1.921741385261664e-07,1.921737585500455e-07,1.9217337864188139e-07,1.9217299880152888e-07,1.9217261902971866e-07,1.9217223932490993e-07,1.921718596880244e-07,1.9217148011906234e-07,1.9217110061797576e-07,1.9217072118466938e-07,1.9217034181909028e-07,1.921699625213737e-07,1.921695832916273e-07,1.9216920412935033e-07,1.9216882503481936e-07,1.9216844600803912e-07,1.92168067048956e-07,1.9216768815774444e-07,1.9216730933416462e-07,1.9216693057830601e-07,1.9216655188999077e-07,1.9216617326939827e-07,1.921657947161202e-07,1.9216541623065822e-07,1.9216503781296677e-07,1.9216465946290005e-07,1.9216428118038952e-07,1.9216390296542887e-07,1.9216352481860824e-07,1.9216314673862183e-07,1.9216276872627734e-07,1.9216239078152396e-07,1.9216201290433546e-07,1.921616350945568e-07,1.92161257352921e-07,1.921608796780763e-07,1.9216050207081914e-07,1.9216012453107274e-07,1.921597470613344e-07,1.9215936965650271e-07,1.9215899231874294e-07,1.9215861504889238e-07,1.921582378462766e-07,1.9215786071056777e-07,1.921574836427473e-07,1.9215710664248543e-07,1.9215672970938132e-07,1.9215635284413495e-07,1.9215597604570212e-07,1.9215559931403836e-07,1.921552226490006e-07,1.92154846052426e-07,1.9215446952318927e-07,1.921540930609486e-07,1.921537166662363e-07,1.921533403387194e-07,1.921529640784273e-07,1.9215258788532852e-07,1.9215221175942765e-07,1.9215183570103294e-07,1.921514597095402e-07,1.921510837851996e-07,1.921507079279586e-07,1.9215033213818956e-07,1.921499564153174e-07,1.9214958075949598e-07,1.9214920517086974e-07,1.9214882964951344e-07,1.921484541949801e-07,1.9214807880759949e-07,1.9214770348751923e-07,1.9214732823476239e-07,1.9214695304859242e-07,1.92146577929482e-07,1.9214620287721246e-07,1.9214582789230158e-07,1.9214545297416256e-07,1.921450781229419e-07,1.9214470333864664e-07,1.921443286213453e-07,1.9214395397058757e-07,1.921435793868997e-07,1.9214320487038578e-07,1.9214283042083717e-07,1.921424560381441e-07,1.92142081722256e-07,1.9214170747329003e-07,1.921413332911811e-07,1.9214095917589823e-07,1.9214058512744807e-07,1.9214021114583384e-07,1.921398372323642e-07,1.921394633826689e-07,1.921390896014471e-07,1.9213871588690691e-07,1.921383422385069e-07,1.9213796865794262e-07,1.9213759514374044e-07,1.9213722169629224e-07,1.921368483158533e-07,1.921364750017388e-07,1.921361017543618e-07,1.9213572857365956e-07,1.9213535545962118e-07,1.9213498241223527e-07,1.9213460943148457e-07,1.9213423651735563e-07,1.9213386366993397e-07,1.9213349088909475e-07,1.9213311817490597e-07,1.921327455271797e-07,1.92132372946017e-07,1.9213200043141412e-07,1.9213162798325785e-07,1.921312556017312e-07,1.9213088328672403e-07,1.921305110374084e-07,1.921301388555175e-07,1.9212976673999838e-07,1.9212939469111892e-07,1.921290227084664e-07,1.9212865079239388e-07,1.9212827894283636e-07,1.9212790715969103e-07,1.921275354429992e-07,1.9212716379255655e-07,1.9212679220865555e-07,1.9212642069090503e-07,1.9212604923956395e-07,1.9212567785449724e-07,1.9212530653580166e-07,1.9212493528374459e-07,1.921245640980771e-07,1.9212419297842553e-07,1.921238219249062e-07,1.9212345093851473e-07,1.9212308001765376e-07,1.9212270916315118e-07,1.9212233837487101e-07,1.9212196765231888e-07,1.9212159699641684e-07,1.9212122640671762e-07,1.9212085588310332e-07,1.921204854259289e-07,1.921201150349449e-07,1.9211974470979937e-07,1.9211937445100913e-07,1.9211900425832887e-07,1.9211863413170377e-07,1.9211826407154898e-07,1.9211789407718806e-07,1.9211752414848037e-07,1.921171542862857e-07,1.9211678449027337e-07,1.921164147599547e-07,1.9211604509591868e-07,1.9211567549787017e-07,1.9211530596588056e-07,1.921149364998534e-07,1.921145670999939e-07,1.9211419776598595e-07,1.9211382849794654e-07,1.9211345929558627e-07,1.9211309015930144e-07,1.9211272109012538e-07,1.9211235208584687e-07,1.9211198314747925e-07,1.921116142750038e-07,1.921112454696116e-07,1.9211087672988953e-07,1.9211050805507652e-07,1.9211013944593306e-07,1.9210977090273828e-07,1.9210940242540694e-07,1.921090340138124e-07,1.9210866566810136e-07,1.921082973884186e-07,1.9210792917409634e-07,1.9210756102576914e-07,1.9210719294330377e-07,1.9210682492737814e-07,1.921064569761723e-07,1.9210608909000045e-07,1.9210572127048275e-07,1.9210535351666286e-07,1.9210498582834813e-07,1.9210461820514302e-07,1.9210425064799666e-07,1.9210388315745737e-07,1.9210351573179528e-07,1.921031483717081e-07,1.9210278107723899e-07,1.9210241384836766e-07,1.9210204668508728e-07,1.9210167958738438e-07,1.9210131255540737e-07,1.9210094558908576e-07,1.9210057868815269e-07,1.9210021185264746e-07,1.9209984508265543e-07,1.9209947837817164e-07,1.9209911173930948e-07,1.92098745166185e-07,1.9209837865815632e-07,1.920980122155132e-07,1.9209764583747216e-07,1.9209727952487038e-07,1.920969132778746e-07,1.9209654709638203e-07,1.9209618098102386e-07,1.9209581493022555e-07,1.9209544894526972e-07,1.9209508302606954e-07,1.9209471717211178e-07,1.9209435138336465e-07,1.9209398566005368e-07,1.9209362000135207e-07,1.9209325440867102e-07,1.9209288888139015e-07,1.920925234194063e-07,1.9209215802245915e-07,1.9209179269058478e-07,1.9209142742407145e-07,1.920910622227509e-07,1.9209069708651963e-07,1.920903320158573e-07,1.9208996701041335e-07,1.920896020702049e-07,1.9208923719512556e-07,1.9208887238530455e-07,1.9208850764058908e-07,1.9208814296090917e-07,1.920877783464872e-07,1.920874137970819e-07,1.9208704931251e-07,1.9208668489332617e-07,1.9208632053927095e-07,1.9208595625025312e-07,1.9208559202634176e-07,1.920852278674343e-07,1.920848637736111e-07,1.9208449974477394e-07,1.9208413578114496e-07,1.9208377188230563e-07,1.9208340804734108e-07,1.9208304427851858e-07,1.9208268057484944e-07,1.920823169347333e-07,1.9208195336071923e-07,1.9208158985167747e-07,1.9208122640751373e-07,1.920808630282561e-07,1.9208049971402886e-07,1.9208013646455194e-07,1.920797732799446e-07,1.9207941016032583e-07,1.9207904710543034e-07,1.920786841152931e-07,1.920783211912317e-07,1.9207795833080773e-07,1.9207759553517338e-07,1.9207723280433934e-07,1.9207687013828404e-07,1.920765075370073e-07,1.9207614500060417e-07,1.920757825287607e-07,1.9207542012230795e-07,1.9207505777996498e-07,1.920746955024603e-07,1.9207433328944375e-07,1.9207397114122e-07,1.9207360905764754e-07,1.920732470388344e-07,1.920728850848922e-07,1.920725231962937e-07,1.920721613712677e-07,1.9207179961084362e-07,1.9207143791505318e-07,1.9207107628390798e-07,1.9207071471732626e-07,1.920703532152414e-07,1.920699917789007e-07,1.9206963040591829e-07,1.920692690975484e-07,1.9206890785399855e-07,1.92068546674572e-07,1.9206818555968155e-07,1.920678245081469e-07,1.920674635223953e-07,1.9206710260091765e-07,1.9206674174419238e-07,1.920663809516109e-07,1.9206602022295984e-07,1.9206565956099474e-07,1.9206529896167903e-07,1.9206493842675154e-07,1.9206457795435244e-07,1.9206421754819171e-07,1.9206385720641711e-07,1.9206349692794282e-07,1.9206313671463856e-07,1.9206277656589453e-07,1.920624164813925e-07,1.920620564611801e-07,1.9206169650526468e-07,1.9206133661362494e-07,1.9206097678586892e-07,1.9206061702274615e-07,1.9206025732386767e-07,1.9205989768922937e-07,1.9205953811928067e-07,1.920591786130594e-07,1.9205881917105319e-07,1.9205845979319075e-07,1.9205810047955342e-07,1.920577412299863e-07,1.9205738204462857e-07,1.9205702292317362e-07,1.9205666386613858e-07,1.9205630487320402e-07,1.9205594594444533e-07,1.920555870806929e-07,1.9205522827967687e-07,1.9205486954303556e-07,1.9205451087045738e-07,1.9205415226198213e-07,1.920537937176576e-07,1.9205343523714492e-07,1.920530768206679e-07,1.9205271846845685e-07,1.9205236017990282e-07,1.9205200195540116e-07,1.9205164379480882e-07,1.920512856991194e-07,1.9205092766647343e-07,1.9205056969753195e-07,1.9205021179271302e-07,1.9204985395180685e-07,1.9204949617481392e-07,1.920491384617182e-07,1.9204878081247831e-07,1.9204842322710176e-07,1.9204806570636057e-07,1.9204770824875957e-07,1.920473508548926e-07,1.9204699352494136e-07,1.920466362585389e-07,1.9204627905608147e-07,1.920459219174043e-07,1.9204556484248317e-07,1.9204520783142648e-07,1.9204485088403128e-07,1.9204449400030704e-07,1.9204413718034694e-07,1.9204378042421815e-07,1.9204342373178042e-07,1.9204306710282477e-07,1.9204271053772653e-07,1.9204235403621636e-07,1.9204199759863702e-07,1.9204164122442873e-07,1.920412849138442e-07,1.9204092866688095e-07,1.9204057248363736e-07,1.9204021636383142e-07,1.9203986030765381e-07,1.9203950431536365e-07,1.920391483863226e-07,1.9203879252083024e-07,1.9203843671888886e-07,1.9203808098049518e-07,1.9203772530560324e-07,1.9203736969419864e-07,1.9203701414630693e-07,1.920366586619337e-07,1.920363032409608e-07,1.920359478834558e-07,1.9203559258939807e-07,1.9203523735794678e-07,1.9203488219003153e-07,1.9203452708624486e-07,1.9203417204578507e-07,1.9203381706891217e-07,1.9203346215533313e-07,1.92033107305072e-07,1.9203275251810987e-07,1.920323977946164e-07,1.9203204313416462e-07,1.9203168853726714e-07,1.9203133400367996e-07,1.9203097953256152e-07,1.9203062512556046e-07,1.9203027078176727e-07,1.9202991650155364e-07,1.9202956228434529e-07,1.9202920813212009e-07,1.9202885404128225e-07,1.920285000143909e-07,1.9202814605012636e-07,1.920277921493829e-07,1.9202743831144772e-07,1.920270845364315e-07,1.920267308250077e-07,1.920263771765592e-07,1.9202602359121863e-07,1.9202567006915454e-07,1.9202531661043037e-07,1.9202496321446392e-07,1.9202460988136416e-07,1.920242566115703e-07,1.9202390340512177e-07,1.9202355026143884e-07,1.9202319718072583e-07,1.9202284416320068e-07,1.920224912089135e-07,1.920221383176964e-07,1.9202178548924505e-07,1.9202143272369458e-07,1.9202108002109842e-07,1.9202072738153952e-07,1.9202037480489163e-07,1.9202002229140662e-07,1.9201966984062905e-07,1.9201931745310578e-07,1.920189651281696e-07,1.9201861286607458e-07,1.9201826066692585e-07,1.920179085306544e-07,1.9201755645726697e-07,1.920172044467118e-07,1.9201685249906057e-07,1.9201650061418963e-07,1.920161487932574e-07,1.920157970340041e-07,1.9201544533760943e-07,1.9201509370389175e-07,1.9201474213343763e-07,1.9201439062530172e-07,1.9201403917906544e-07,1.92013687796528e-07,1.9201333647671654e-07,1.9201298521958264e-07,1.9201263402510106e-07,1.9201228289334217e-07,1.920119318239893e-07,1.9201158081780636e-07,1.9201122987403754e-07,1.9201087899292272e-07,1.9201052817444418e-07,1.9201017741859192e-07,1.9200982672540657e-07,1.9200947609503354e-07,1.920091255269966e-07,1.920087750215428e-07,1.920084245787077e-07,1.9200807419864313e-07,1.9200772388157816e-07,1.9200737362632764e-07,1.920070234333529e-07,1.9200667330308256e-07,1.9200632323529663e-07,1.92005973230037e-07,1.9200562328731282e-07,1.9200527340678327e-07,1.920049235891321e-07,1.9200457383374604e-07,1.9200422414084334e-07,1.9200387451035405e-07,1.9200352494228664e-07,1.9200317543659398e-07,1.9200282599324023e-07,1.9200247661233818e-07,1.9200212729377153e-07,1.920017780368777e-07,1.9200142884400437e-07,1.9200107971250598e-07,1.9200073064331387e-07,1.9200038163645482e-07,1.920000326919185e-07,1.9199968380965292e-07,1.9199933498964674e-07,1.9199898623166918e-07,1.9199863753625805e-07,1.9199828890307697e-07,1.919979403321571e-07,1.9199759182338262e-07,1.9199724337756232e-07,1.919968949938864e-07,1.919965466719724e-07,1.9199619841200397e-07,1.919958502141734e-07,1.9199550207854416e-07,1.9199515400501843e-07,1.9199480599361854e-07,1.919944580440978e-07,1.919941101569439e-07,1.919937623318235e-07,1.9199341456882154e-07,1.9199306686790097e-07,1.919927192291183e-07,1.919923716523343e-07,1.9199202413790048e-07,1.9199167668522735e-07,1.9199132929451544e-07,1.9199098196589335e-07,1.9199063469919792e-07,1.9199028749442718e-07,1.919899403519252e-07,1.9198959327111147e-07,1.9198924625233165e-07,1.9198889929545241e-07,1.9198855240050712e-07,1.919882055669979e-07,1.919878587954178e-07,1.9198751208618493e-07,1.9198716543884732e-07,1.9198681885312884e-07,1.9198647232965607e-07,1.9198612586796494e-07,1.9198577946806048e-07,1.9198543312989072e-07,1.9198508685363454e-07,1.919847406393191e-07,1.9198439448662681e-07,1.9198404839580878e-07,1.9198370236718946e-07,1.919833564001092e-07,1.919830104944998e-07,1.9198266465143377e-07,1.9198231887064753e-07,1.9198197314910267e-07,1.9198162749040963e-07,1.9198128189339799e-07,1.919809363580939e-07,1.9198059088665572e-07,1.919802454746194e-07,1.9197990012427462e-07,1.919795548357182e-07,1.9197920961027812e-07,1.9197886444383156e-07,1.91978519341434e-07,1.9197817429832032e-07,1.9197782931773195e-07,1.919774843986631e-07,1.9197713954116488e-07,1.919767947450348e-07,1.9197645001106023e-07,1.919761053382592e-07,1.9197576072690475e-07,1.9197541617718304e-07,1.9197507168820563e-07,1.9197472726133522e-07,1.9197438289601938e-07,1.9197403859209279e-07,1.9197369434994187e-07,1.9197335016967875e-07,1.9197300605006644e-07,1.9197266199180158e-07,1.9197231799560828e-07,1.9197197406020817e-07,1.9197163018612845e-07,1.9197128637425468e-07,1.919709426240122e-07,1.9197059893409207e-07,1.9197025530550434e-07,1.9196991173818915e-07,1.9196956823186485e-07,1.9196922478718118e-07,1.9196888140411088e-07,1.9196853808210156e-07,1.9196819482302952e-07,1.9196785162348155e-07,1.9196750848549872e-07,1.9196716540891117e-07,1.919668223931695e-07,1.919664794386152e-07,1.9196613654413315e-07,1.9196579371211582e-07,1.9196545094125825e-07,1.9196510823159192e-07,1.9196476558284192e-07,1.9196442299503245e-07,1.9196408046871578e-07,1.9196373800332856e-07,1.9196339559955262e-07,1.919630532565263e-07,1.9196271097506456e-07,1.9196236875485019e-07,1.9196202659511727e-07,1.919616844964129e-07,1.9196134245879982e-07,1.919610004822273e-07,1.9196065856667876e-07,1.9196031671216883e-07,1.919599749186133e-07,1.919596331860599e-07,1.919592915145756e-07,1.9195894990408134e-07,1.9195860835472153e-07,1.9195826686609544e-07,1.9195792543835103e-07,1.9195758407159014e-07,1.9195724276559495e-07,1.919569015206364e-07,1.9195656033686248e-07,1.9195621921361602e-07,1.9195587815166968e-07,1.9195553714952404e-07,1.9195519620883218e-07,1.9195485532926379e-07,1.9195451451066334e-07,1.9195417375263022e-07,1.9195383305487768e-07,1.9195349241853998e-07,1.9195315184287281e-07,1.9195281132784397e-07,1.919524708737558e-07,1.9195213048038951e-07,1.9195179014779955e-07,1.9195144987597618e-07,1.9195110966478404e-07,1.919507695145961e-07,1.919504294246703e-07,1.919500893956457e-07,1.9194974942721058e-07,1.919494095192642e-07,1.9194906967223465e-07,1.9194872988590148e-07,1.919483901601592e-07,1.9194805049488643e-07,1.919477108905559e-07,1.9194737134667112e-07,1.919470318634628e-07,1.9194669244073677e-07,1.9194635307838914e-07,1.9194601377532614e-07,1.9194567453428186e-07,1.9194533535374442e-07,1.9194499623371542e-07,1.9194465717425214e-07,1.9194431817614786e-07,1.9194397923767069e-07,1.9194364035989356e-07,1.9194330154237705e-07,1.9194296278531586e-07,1.9194262408839093e-07,1.9194228545042278e-07,1.9194194687468392e-07,1.9194160835954504e-07,1.919412699045732e-07,1.919409315103091e-07,1.9194059317648238e-07,1.919402549033895e-07,1.9193991669052317e-07,1.9193957853721512e-07,1.919392404445189e-07,1.9193890241239083e-07,1.9193856444033173e-07,1.9193822652856897e-07,1.9193788867721044e-07,1.9193755088596294e-07,1.9193721315521846e-07,1.9193687548475296e-07,1.9193653787478484e-07,1.9193620032422536e-07,1.919358628339332e-07,1.91935525404302e-07,1.9193518803481914e-07,1.919348507259574e-07,1.9193451347625347e-07,1.919341762873943e-07,1.9193383915920808e-07,1.9193350209128405e-07,1.9193316508306393e-07,1.9193282813420894e-07,1.9193249124458622e-07,1.9193215441652165e-07,1.9193181764881588e-07,1.919314809407556e-07,1.9193114429289684e-07,1.9193080770516879e-07,1.919304711788047e-07,1.9193013471154914e-07,1.9192979830400672e-07,1.9192946195648917e-07,1.919291256691937e-07,1.9192878944098761e-07,1.9192845327541191e-07,1.9192811716785863e-07,1.9192778112027296e-07,1.9192744513264668e-07,1.9192710920493257e-07,1.9192677333835154e-07,1.919264375304747e-07,1.9192610178209243e-07,1.919257660942365e-07,1.9192543046504376e-07,1.919250948968021e-07,1.9192475938842945e-07,1.9192442394028248e-07,1.919240885517243e-07,1.919237532229518e-07,1.9192341795469446e-07,1.9192308274554532e-07,1.9192274759627578e-07,1.91922412506901e-07,1.9192207747733759e-07,1.9192174250738092e-07,1.919214075970517e-07,1.9192107274668012e-07,1.9192073795582238e-07,1.9192040322482128e-07,1.9192006855397733e-07,1.9191973394253514e-07,1.9191939939084663e-07,1.9191906489870548e-07,1.9191873046629207e-07,1.9191839609364144e-07,1.9191806178044638e-07,1.919177275271344e-07,1.919173933334685e-07,1.9191705919930366e-07,1.9191672512506208e-07,1.9191639111038366e-07,1.9191605715530935e-07,1.9191572326027815e-07,1.9191538942404604e-07,1.9191505564761566e-07,1.9191472193063817e-07,1.919143882730531e-07,1.9191405467600555e-07,1.919137211397832e-07,1.9191338766076615e-07,1.9191305424143662e-07,1.9191272088131067e-07,1.919123875808332e-07,1.9191205433973196e-07,1.91911721157942e-07,1.9191138803578622e-07,1.9191105497296932e-07,1.919107219695815e-07,1.9191038902585204e-07,1.9191005614130664e-07,1.9190972331642708e-07,1.9190939055060364e-07,1.9190905784440068e-07,1.9190872519752738e-07,1.9190839261043922e-07,1.9190806008291635e-07,1.919077276141023e-07,1.9190739520447609e-07,1.919070628529205e-07,1.919067305617895e-07,1.9190639832982734e-07,1.91906066157831e-07,1.9190573404590515e-07,1.9190540199179744e-07,1.919050699972149e-07,1.9190473806138657e-07,1.9190440618447508e-07,1.919040743672056e-07,1.9190374261015623e-07,1.9190341091132516e-07,1.9190307927195326e-07,1.9190274769147625e-07,1.9190241617014226e-07,1.9190208470784752e-07,1.919017533055627e-07,1.9190142196161658e-07,1.919010906767175e-07,1.919007594510332e-07,1.9190042828428626e-07,1.9190009717665375e-07,1.918997661286674e-07,1.9189943513945035e-07,1.9189910420930695e-07,1.9189877333800332e-07,1.9189844252487143e-07,1.9189811177142308e-07,1.9189778107700643e-07,1.9189745044202023e-07,1.9189711986545194e-07,1.9189678934827265e-07,1.918964588900652e-07,1.9189612849088024e-07,1.918957981504278e-07,1.9189546786895735e-07,1.9189513764634996e-07,1.9189480748286574e-07,1.9189447737602606e-07,1.9189414733025668e-07,1.9189381734325024e-07,1.9189348741502007e-07,1.9189315754592327e-07,1.9189282773553344e-07,1.9189249798607e-07,1.9189216829305784e-07,1.9189183865886805e-07,1.9189150908358823e-07,1.9189117956719692e-07,1.9189085011030772e-07,1.918905207108734e-07,1.9189019137096926e-07,1.918898620897835e-07,1.9188953286738466e-07,1.918892037035045e-07,1.9188887459864472e-07,1.918885455522579e-07,1.9188821656461826e-07,1.918878876355528e-07,1.918875587653937e-07,1.918872299517459e-07,1.9188690119876829e-07,1.9188657250257034e-07,1.918862438670085e-07,1.9188591528947095e-07,1.9188558677091662e-07,1.9188525831105224e-07,1.9188492990967594e-07,1.9188460156709857e-07,1.9188427328293813e-07,1.91883945057386e-07,1.9188361688989777e-07,1.918832887814122e-07,1.9188296072957509e-07,1.9188263273779893e-07,1.9188230480284855e-07,1.9188197692831816e-07,1.9188164911250773e-07,1.918813213548134e-07,1.918809936557553e-07,1.9188066601306718e-07,1.9188033843093837e-07,1.9188001090744318e-07,1.9187968344211974e-07,1.918793560340573e-07,1.9187902868549142e-07,1.9187870139554244e-07,1.918783741637588e-07,1.9187804699039807e-07,1.918777198733622e-07,1.9187739281473448e-07,1.9187706581421626e-07,1.9187673887418988e-07,1.9187641199234402e-07,1.9187608516900926e-07,1.9187575840389023e-07,1.918754316968594e-07,1.918751050485258e-07,1.9187477845892905e-07,1.9187445192692285e-07,1.918741254532775e-07,1.9187379903775094e-07,1.9187347267875715e-07,1.9187314638029017e-07,1.9187282013933588e-07,1.918724939566583e-07,1.918721678301026e-07,1.9187184176371412e-07,1.9187151575422397e-07,1.9187118980410983e-07,1.918708639108472e-07,1.9187053807702929e-07,1.9187021230137733e-07,1.9186988658307858e-07,1.918695609235894e-07,1.918692353221387e-07,1.918689097788376e-07,1.9186858429362054e-07,1.9186825886572354e-07,1.9186793349471653e-07,1.9186760818364258e-07,1.9186728293083918e-07,1.918669577352798e-07,1.9186663259819907e-07,1.9186630751901863e-07,1.918659824979223e-07,1.918656575347773e-07,1.91865332629665e-07,1.9186500778248663e-07,1.9186468299317947e-07,1.9186435826182017e-07,1.91864033588393e-07,1.9186370897176324e-07,1.9186338441419847e-07,1.9186305991444717e-07,1.9186273547260793e-07,1.9186241109040585e-07,1.918620867658419e-07,1.9186176249762795e-07,1.9186143828715852e-07,1.91861114134515e-07,1.9186079003973983e-07,1.9186046600181085e-07,1.9186014202255292e-07,1.9185981810102033e-07,1.9185949423742772e-07,1.918591704315238e-07,1.9185884668342e-07,1.9185852299304164e-07,1.9185819936049614e-07,1.9185787578530187e-07,1.9185755226975613e-07,1.918572288102691e-07,1.9185690540708421e-07,1.9185658206293374e-07,1.918562587764262e-07,1.9185593554758742e-07,1.918556123762002e-07,1.9185528926389892e-07,1.918549662056403e-07,1.9185464320774597e-07,1.9185432026671838e-07,1.918539973835965e-07,1.918536745565518e-07,1.9185335178853735e-07,1.9185302907807462e-07,1.9185270642513352e-07,1.9185238382983413e-07,1.918520612920608e-07,1.9185173881172522e-07,1.918514163879688e-07,1.9185109402166854e-07,1.9185077171394962e-07,1.918504494636173e-07,1.9185012727075797e-07,1.9184980513352352e-07,1.9184948305548166e-07,1.9184916103512726e-07,1.918488390726377e-07,1.9184851716705457e-07,1.9184819531882988e-07,1.9184787352596275e-07,1.918475517925463e-07,1.9184723011650943e-07,1.9184690849741303e-07,1.9184658693577854e-07,1.9184626543181239e-07,1.9184594398517943e-07,1.918456225958672e-07,1.9184530126386208e-07,1.9184497998787304e-07,1.9184465877045965e-07,1.9184433761033085e-07,1.9184401650743493e-07,1.9184369546102514e-07,1.9184337447178744e-07,1.918430535395621e-07,1.9184273266554922e-07,1.9184241184871456e-07,1.918420910878445e-07,1.9184177038506922e-07,1.9184144973822433e-07,1.9184112915033206e-07,1.9184080861956404e-07,1.91840488146004e-07,1.9184016772942862e-07,1.9183984737102905e-07,1.918395270688891e-07,1.918392068237106e-07,1.9183888663578202e-07,1.918385665049516e-07,1.9183824643120062e-07,1.918379264145174e-07,1.9183760645475293e-07,1.9183728655206882e-07,1.9183696670655868e-07,1.918366469180749e-07,1.918363271857976e-07,1.9183600751135252e-07,1.9183568789386527e-07,1.9183536833336417e-07,1.918350488299034e-07,1.9183472938376458e-07,1.9183440999409912e-07,1.9183409066152276e-07,1.918337713859838e-07,1.918334521672263e-07,1.9183313300551694e-07,1.9183281390073246e-07,1.918324948526992e-07,1.918321758616863e-07,1.9183185692754925e-07,1.9183153805006792e-07,1.9183121922960847e-07,1.9183090046574205e-07,1.9183058175898544e-07,1.9183026310910136e-07,1.9182994451579955e-07,1.918296259795977e-07,1.918293074999397e-07,1.9182898907707884e-07,1.9182867071112724e-07,1.9182835240196403e-07,1.9182803414959227e-07,1.9182771595399448e-07,1.918273978150895e-07,1.9182707973529287e-07,1.9182676171045997e-07,1.918264437416838e-07,1.9182612582951884e-07,1.9182580797404268e-07,1.918254901754635e-07,1.918251724335276e-07,1.9182485474766514e-07,1.9182453711896236e-07,1.9182421954690314e-07,1.9182390203130673e-07,1.918235845726055e-07,1.9182326717032877e-07,1.918229498246567e-07,1.9182263253624541e-07,1.918223153036794e-07,1.918219981277496e-07,1.9182168100873843e-07,1.9182136394587055e-07,1.9182104693999647e-07,1.9182072999064437e-07,1.918204130974957e-07,1.9182009626053909e-07,1.9181977948007059e-07,1.918194627563108e-07,1.9181914608887451e-07,1.9181882947783878e-07,1.9181851292343202e-07,1.9181819642581646e-07,1.9181787998409234e-07,1.918175635989937e-07,1.9181724727116124e-07,1.9181693099900348e-07,1.9181661478341085e-07,1.9181629862415187e-07,1.918159825213064e-07,1.9181566647438155e-07,1.918153504838753e-07,1.9181503454974783e-07,1.9181471867185074e-07,1.918144028502584e-07,1.9181408708528298e-07,1.918137713762288e-07,1.9181345572365885e-07,1.9181314012713028e-07,1.9181282458690563e-07,1.9181250910381883e-07,1.9181219367730304e-07,1.9181187830588946e-07,1.9181156299030865e-07,1.918112477323039e-07,1.9181093252994282e-07,1.9181061738184683e-07,1.918103022915561e-07,1.9180998725728605e-07,1.918096722792992e-07,1.9180935735759295e-07,1.918090424919911e-07,1.9180872768260192e-07,1.9180841292922342e-07,1.9180809823226724e-07,1.918077835911219e-07,1.918074690056122e-07,1.9180715447667409e-07,1.9180684000460997e-07,1.9180652558770472e-07,1.9180621122700582e-07,1.9180589692250836e-07,1.9180558267404387e-07,1.9180526848127198e-07,1.9180495434445368e-07,1.9180464026378602e-07,1.9180432623920992e-07,1.9180401227036125e-07,1.9180369835763095e-07,1.9180338450191944e-07,1.9180307070108274e-07,1.91802756956162e-07,1.9180244326700536e-07,1.918021296336334e-07,1.918018160562125e-07,1.9180150253507689e-07,1.9180118907038662e-07,1.9180087566095816e-07,1.9180056230743282e-07,1.9180024901262705e-07,1.9179993577090108e-07,1.917996225849354e-07,1.9179930945499602e-07,1.91798996381087e-07,1.9179868336241406e-07,1.9179837039953062e-07,1.9179805749338608e-07,1.9179774464212748e-07,1.9179743184706533e-07,1.9179711910731718e-07,1.9179680642311254e-07,1.9179649379494378e-07,1.917961812224969e-07,1.9179586870600067e-07,1.9179555624499852e-07,1.917952438397988e-07,1.9179493148903846e-07,1.917946191951138e-07,1.9179430695672795e-07,1.9179399477437516e-07,1.9179368264740895e-07,1.9179337057604598e-07,1.9179305856025594e-07,1.9179274660050227e-07,1.9179243469564483e-07,1.917921228467536e-07,1.9179181105352365e-07,1.917914993159137e-07,1.9179118763354924e-07,1.9179087600730357e-07,1.9179056443531282e-07,1.917902529198838e-07,1.9178994145991705e-07,1.9178963005379052e-07,1.9178931870484715e-07,1.9178900741154363e-07,1.9178869617292885e-07,1.9178838499008102e-07,1.917880738632819e-07,1.917877627920333e-07,1.9178745177602217e-07,1.917871408173371e-07,1.9178682991223504e-07,1.9178651906256217e-07,1.917862082683152e-07,1.917858975294786e-07,1.9178558684601312e-07,1.9178527621775562e-07,1.9178496564497358e-07,1.9178465512753583e-07,1.9178434466567972e-07,1.917840342589089e-07,1.9178372390738068e-07,1.9178341361162447e-07,1.9178310337091135e-07,1.9178279318543336e-07,1.917824830552288e-07,1.9178217298027735e-07,1.9178186296072268e-07,1.9178155299634099e-07,1.9178124308760186e-07,1.9178093323360508e-07,1.9178062343356496e-07,1.917803136902991e-07,1.9178000400245486e-07,1.917796943692026e-07,1.9177938479187784e-07,1.9177907526921745e-07,1.917787658018223e-07,1.9177845638983902e-07,1.9177814703258034e-07,1.9177783773023597e-07,1.9177752848337906e-07,1.9177721929157517e-07,1.9177691015444664e-07,1.917766010715288e-07,1.9177629204509668e-07,1.9177598307357625e-07,1.9177567415743615e-07,1.9177536529602347e-07,1.9177505648950312e-07,1.9177474773847113e-07,1.9177443904261278e-07,1.9177413040145063e-07,1.9177382181533887e-07,1.917735132842202e-07,1.9177320480884558e-07,1.917728963871882e-07,1.9177258802145184e-07,1.917722797102943e-07,1.9177197145404373e-07,1.91771663251954e-07,1.9177135510613317e-07,1.9177104701494004e-07,1.9177073897839715e-07,1.917704309967274e-07,1.917701230695268e-07,1.9176981519763687e-07,1.9176950738350104e-07,1.917691996219221e-07,1.917688919149584e-07,1.9176858426220434e-07,1.9176827666700737e-07,1.917679691245806e-07,1.917676616367699e-07,1.9176735420280183e-07,1.917670468246861e-07,1.9176673950108167e-07,1.9176643223224228e-07,1.9176612501869476e-07,1.9176581785936794e-07,1.9176551075482938e-07,1.9176520370474038e-07,1.917648967098292e-07,1.9176458976958673e-07,1.9176428288394824e-07,1.9176397605308656e-07,1.917636692767913e-07,1.917633625550953e-07,1.917630558887365e-07,1.9176274927655531e-07,1.917624427182138e-07,1.917621362151933e-07,1.9176182976679795e-07,1.9176152337301897e-07,1.917612170329606e-07,1.917609107483825e-07,1.9176060451844932e-07,1.9176029834324452e-07,1.9175999222240453e-07,1.9175968615535835e-07,1.9175938014338446e-07,1.9175907418573306e-07,1.9175876828304495e-07,1.9175846243489792e-07,1.9175815664159148e-07,1.917578509024367e-07,1.9175754521775757e-07,1.9175723958686226e-07,1.9175693401107007e-07,1.9175662848975068e-07,1.9175632302434226e-07,1.9175601761195663e-07,1.917557122541289e-07,1.9175540695034683e-07,1.917551017014155e-07,1.9175479650718817e-07,1.917544913657879e-07,1.9175418627855954e-07,1.9175388124704955e-07,1.9175357627029013e-07,1.9175327134738985e-07,1.9175296647881832e-07,1.9175266166461903e-07,1.9175235690468543e-07,1.9175205220019265e-07,1.9175174754903452e-07,1.9175144295202498e-07,1.9175113840985206e-07,1.9175083392146733e-07,1.9175052948728974e-07,1.9175022510685734e-07,1.917499207811737e-07,1.9174961650970445e-07,1.91749312292441e-07,1.9174900812927915e-07,1.9174870402103354e-07,1.9174839996724738e-07,1.9174809596678771e-07,1.917477920205057e-07,1.9174748812840413e-07,1.917471842905331e-07,1.9174688050585873e-07,1.9174657677615167e-07,1.9174627310060693e-07,1.9174596947927188e-07,1.9174566591181922e-07,1.9174536239861512e-07,1.9174505893970912e-07,1.9174475553458606e-07,1.9174445218341074e-07,1.9174414888667142e-07,1.917438456438032e-07,1.9174354245538993e-07,1.9174323932089506e-07,1.9174293623972693e-07,1.9174263321285545e-07,1.9174233024040484e-07,1.9174202732157716e-07,1.9174172445672708e-07,1.9174142164668722e-07,1.9174111888976385e-07,1.917408161867829e-07,1.917405135407296e-07,1.9174021094561637e-07,1.917399084044296e-07,1.9173960591796745e-07,1.9173930348425835e-07,1.9173900110478303e-07,1.9173869877902955e-07,1.9173839650724256e-07,1.9173809428937993e-07,1.91737792125655e-07,1.9173749001546848e-07,1.917371879591314e-07,1.9173688595653114e-07,1.9173658400789635e-07,1.9173628211298536e-07,1.91735980272162e-07,1.9173567848483696e-07,1.917353767511761e-07,1.9173507507137822e-07,1.9173477344534537e-07,1.9173447187311863e-07,1.9173417035433714e-07,1.917338688896643e-07,1.9173356747859718e-07,1.9173326612119445e-07,1.9173296481714818e-07,1.917326635679179e-07,1.9173236237132268e-07,1.9173206122875313e-07,1.917317601399734e-07,1.9173145910457115e-07,1.9173115812315568e-07,1.9173085719527902e-07,1.9173055631921526e-07,1.91730255498202e-07,1.917299547313583e-07,1.9172965401770153e-07,1.9172935335726348e-07,1.9172905275066917e-07,1.9172875219756015e-07,1.9172845169809886e-07,1.9172815125225398e-07,1.9172785086038824e-07,1.917275505217162e-07,1.9172725023629844e-07,1.9172695000455697e-07,1.9172664982735225e-07,1.9172634970248744e-07,1.9172604963120138e-07,1.9172574961328033e-07,1.917254496487895e-07,1.9172514973776436e-07,1.9172484988012794e-07,1.91724550075814e-07,1.91724250324947e-07,1.9172395062695132e-07,1.917236509831396e-07,1.9172335139265928e-07,1.9172305185520748e-07,1.9172275237139698e-07,1.9172245294093605e-07,1.9172215356333882e-07,1.9172185423956535e-07,1.9172155496911347e-07,1.9172125575200707e-07,1.9172095658813209e-07,1.917206574776296e-07,1.9172035842040164e-07,1.9172005941624112e-07,1.9171976046554072e-07,1.9171946156800878e-07,1.9171916272385782e-07,1.9171886393293628e-07,1.917185651952219e-07,1.9171826651142553e-07,1.9171796788000064e-07,1.917176693047495e-07,1.9171737077989157e-07,1.9171707230821906e-07,1.9171677388983958e-07,1.917164755245066e-07,1.917161772123496e-07,1.9171587895326314e-07,1.9171558074785117e-07,1.9171528259467257e-07,1.9171498449486978e-07,1.9171468644692944e-07,1.917143884532457e-07,1.917140905133175e-07,1.9171379262613324e-07,1.9171349479192306e-07,1.9171319701077923e-07,1.917128992823925e-07,1.9171260160717767e-07,1.917123039851606e-07,1.9171200641614272e-07,1.9171170890011477e-07,1.917114114370684e-07,1.917111140269064e-07,1.917108166698868e-07,1.9171051936581338e-07,1.9171022211455895e-07,1.9170992491677934e-07,1.9170962777160007e-07,1.9170933067975852e-07,1.9170903364049063e-07,1.9170873665408367e-07,1.9170843972058667e-07,1.9170814283911827e-07,1.917078460114283e-07,1.917075492365464e-07,1.91707252514455e-07,1.9170695584502228e-07,1.9170665922878833e-07,1.9170636266548374e-07,1.9170606615622383e-07,1.9170576969861456e-07,1.9170547329364743e-07,1.9170517694149045e-07,1.917048806404553e-07,1.917045843936266e-07,1.91704288200217e-07,1.9170399205902494e-07,1.9170369597073122e-07,1.9170339993517125e-07,1.9170310395250383e-07,1.9170280802240947e-07,1.9170251214511343e-07,1.9170221632091706e-07,1.9170192054893278e-07,1.9170162482965545e-07,1.9170132916275776e-07,1.9170103354882715e-07,1.9170073798754126e-07,1.91700442478981e-07,1.9170014702312604e-07,1.9169985161975915e-07,1.9169955626904292e-07,1.9169926097089248e-07,1.9169896572644752e-07,1.9169867053350727e-07,1.916983753933888e-07,1.916980803057523e-07,1.9169778527053646e-07,1.9169749028773672e-07,1.9169719535761751e-07,1.9169690047797043e-07,1.916966056529054e-07,1.9169631087959658e-07,1.9169601615948323e-07,1.916957214916863e-07,1.9169542687755322e-07,1.916951323149504e-07,1.9169483780340354e-07,1.916945433462218e-07,1.9169424894074393e-07,1.9169395458912318e-07,1.9169366028882453e-07,1.9169336604091616e-07,1.916930718455858e-07,1.9169277770249006e-07,1.916924836102326e-07,1.916921895720544e-07,1.916918955866633e-07,1.9169160165304607e-07,1.9169130777197788e-07,1.9169101394312244e-07,1.9169072016660528e-07,1.9169042644248485e-07,1.9169013277064065e-07,1.916898391510357e-07,1.9168954558352757e-07,1.916892520688083e-07,1.916889586061649e-07,1.916886651956347e-07,1.9168837183762263e-07,1.9168807853189072e-07,1.9168778527822484e-07,1.916874920763588e-07,1.9168719892716636e-07,1.9168690583014993e-07,1.916866127854572e-07,1.9168631979281167e-07,1.916860268523615e-07,1.916857339644651e-07,1.9168544112748235e-07,1.9168514834368734e-07,1.9168485561202357e-07,1.9168456293244387e-07,1.91684270304911e-07,1.9168397772922242e-07,1.9168368520568573e-07,1.9168339273567925e-07,1.916831003164869e-07,1.9168280794947433e-07,1.9168251563490853e-07,1.9168222337196676e-07,1.9168193116112337e-07,1.916816390023333e-07,1.916813468954174e-07,1.9168105484066738e-07,1.9168076283796098e-07,1.9168047088912214e-07,1.9168017899043329e-07,1.9167988714370668e-07,1.916795953488162e-07,1.91679303605897e-07,1.9167901191492602e-07,1.9167872027579564e-07,1.916784286891882e-07,1.9167813715378198e-07,1.9167784567068582e-07,1.9167755423952146e-07,1.9167726286026667e-07,1.9167697153323673e-07,1.9167668025751012e-07,1.916763890337167e-07,1.916760978619491e-07,1.9167580674166084e-07,1.9167551567345452e-07,1.9167522465732408e-07,1.916749336929177e-07,1.9167464277870687e-07,1.9167435191764236e-07,1.9167406110898083e-07,1.916737703518028e-07,1.916734796465653e-07,1.9167318899295498e-07,1.9167289839160972e-07,1.916726078417167e-07,1.916723173433547e-07,1.916720268972161e-07,1.916717365021396e-07,1.9167144615896603e-07,1.9167115586749896e-07,1.916708656279657e-07,1.9167057543988694e-07,1.9167028530320468e-07,1.916699952184224e-07,1.9166970518530138e-07,1.9166941520357404e-07,1.9166912527402603e-07
12,2.6108275375264693e-85,3.9881088588951457e-84,1.6153618299763547e-83,4.5123084649719895e-83,1.049063901720955e-82,2.1619719080632558e-82,4.0863723532727393e-82,7.223966585435781e-82,1.2104138495878837e-81,1.940418113690711e-81,2.9976986393238806e-81,4.487548548318991e-81,6.538204611346977e-81,9.303202485437219e-81,1.2965451163260508e-80,1.7740075246223098e-80,2.3877372189341855e-80,3.1667711903581084e-80,4.144407408482505e-80,5.3587244366596616e-80,6.852914710508506e-80,8.675791255075626e-80,1.0882178914673643e-79,1.3533446268542302e-79,1.669798463277799e-79,2.0451719511167835e-79,2.487864169428148e-79,3.007135638584336e-79,3.6131650327783284e-79,4.3171076896453627e-79,5.1311559144490547e-79,6.068601076345251e-79,7.14389749460725e-79,8.372728112546061e-79,9.77207195724675e-79,1.136027338325172e-78,1.3157113098379551e-78,1.518388096996316e-78,1.7463450609970667e-78,2.0020355737398174e-78,2.2880868316386926e-78,2.607307846853774e-78,2.962697615806648e-78,3.3574534648343237e-78,3.7949795728235216e-78,4.2788956706871894e-78,4.813045917564507e-78,5.401507953584233e-78,6.048602129020218e-78,6.758900909780318e-78,7.537238459014053e-78,8.388720394691667e-78,9.318733723104415e-78,1.0332956948031385e-77,1.1437370355535499e-77,1.2638266474120708e-77,1.3942260710290395e-77,1.5356302159145123e-77,1.6887684590066765e-77,1.8544057607275694e-77,2.033343798507037e-77,2.2264221177700104e-77,2.434519300362619e-77,2.6585541504152507e-77,2.899486897616246e-77,3.1583204178903142e-77,3.4361014714628717e-77,3.7339219583029986e-77,4.0529201909162136e-77,4.3942821844867375e-77,4.7592429643613e-77,5.149087890825859e-77,5.56515400121432e-77,6.008831369274219e-77,6.4815644818385495e-77,6.98485363272905e-77,7.520256333930448e-77,8.089388743974839e-77,8.693927113563995e-77,9.335609248373986e-77,1.0016235989069394e-76,1.073767270849012e-76,1.1501850825971053e-76,1.2310769338871954e-76,1.3166496371148045e-76,1.407117073915871e-76,1.5027003534456303e-76,1.6036279723756116e-76,1.7101359765962104e-76,1.822468124621444e-76,1.9408760527068955e-76,2.0656194416618597e-76,2.1969661853705286e-76,2.335192561010817e-76,2.4805834009753508e-76,2.6334322664850433e-76,2.7940416229029646e-76,2.9627230167474386e-76,3.1397972543855954e-76,3.3255945824414707e-76,3.520454869867829e-76,3.7247277917357075e-76,3.9387730146857107e-76,4.162960384088917e-76,4.397670112872292e-76,4.643292972053476e-76,4.9002304829323237e-76,5.168895110978215e-76,5.4497104613994923e-76,5.74311147637604e-76,6.049544633995893e-76,6.369468148835432e-76,6.703352174242279e-76,7.051679006265442e-76,7.414943289291628e-76,7.793652223312726e-76,8.188325772885688e-76,8.5994968777602e-76,9.02771166516412e-76,9.47352966375791e-76,9.937524019252032e-76,1.0420281711692486e-75,1.092240377438651e-75,1.144450551451954e-75,1.1987216735399428e-75,1.2551181960381346e-75,1.3137060658437603e-75,1.3745527471367561e-75,1.4377272442705633e-75,1.503300124820662e-75,1.5713435428065913e-75,1.641931262071716e-75,1.7151386798320743e-75,1.791042850387973e-75,1.8697225090011598e-75,1.9512580959345037e-75,2.0357317806564907e-75,2.1232274862131792e-75,2.2138309137577997e-75,2.3076295672499223e-75,2.4047127783131406e-75,2.5051717312630574e-75,2.6090994882900514e-75,2.716591014814172e-75,2.8277432049956413e-75,2.942654907411736e-75,3.061426950897715e-75,3.1841621705490193e-75,3.3109654338841167e-75,3.4419436671735177e-75,3.5772058819296844e-75,3.716863201555829e-75,3.861028888164224e-75,4.0098183695487976e-75,4.163349266321481e-75,4.3217414192146927e-75,4.485116916540283e-75,4.653600121812143e-75,4.827317701527699e-75,5.006398653114795e-75,5.19097433303506e-75,5.381178485053255e-75,5.577147268659272e-75,5.779019287661248e-75,5.986935618928021e-75,6.20103984130232e-75,6.421478064665657e-75,6.648398959172102e-75,6.881953784631176e-75,7.122296420059644e-75,7.369583393384439e-75,7.623973911318666e-75,7.885629889384326e-75,8.154715982097338e-75,8.431399613313008e-75,8.715851006730982e-75,9.00824321656269e-75,9.308752158350409e-75,9.617556639943795e-75,9.93483839264457e-75,1.0260782102502594e-74,1.0595575441772545e-74,1.0939409100529592e-74,1.1292476818432968e-74,1.1654975416661527e-74,1.2027104830007007e-74,1.2409068139114697e-74,1.280107160288155e-74,1.3203324691012416e-74,1.361604011675721e-74,1.4039433869762925e-74,1.447372524911659e-74,1.4919136896534358e-74,1.5375894829687602e-74,1.5844228475745998e-74,1.6324370704984386e-74,1.68165578646293e-74,1.7321029812814723e-74,1.7838029952726547e-74,1.836780526686092e-74,1.891060635147601e-74,1.946668745118361e-74,2.003630649369672e-74,2.0619725124735166e-74,2.1217208743089334e-74,2.1829026535827767e-74,2.2455451513653724e-74,2.3096760546471153e-74,2.3753234399040557e-74,2.442515776679225e-74,2.5112819311845936e-74,2.5816511699142767e-74,2.6536531632743057e-74,2.7273179892279886e-74,2.8026761369561535e-74,2.8797585105333115e-74,2.95859643261884e-74,3.039221648164048e-74,3.1216663281342917e-74,3.205963073245069e-74,3.2921449177158847e-74,3.3802453330384805e-74,3.4702982317600745e-74,3.562337971280565e-74,3.6563993576671895e-74,3.7525176494860624e-74,3.850728561642644e-74,3.95106826924366e-74,4.0535734114716066e-74,4.158281095474619e-74,4.265228900271874e-74,4.374454880674986e-74,4.485997571221058e-74,4.5998959901249455e-74,4.716189643247775e-74,4.8349185280734744e-74,4.956123137708482e-74,5.079844464889644e-74,5.206124006015729e-74,5.3350037651835256e-74,5.4665262582476985e-74,5.600734516891699e-74,5.73767209271441e-74,5.877383061332758e-74,6.01991202649571e-74,6.1653041242189405e-74,6.313605026930723e-74,6.464860947633482e-74,6.6191186440808655e-74,6.77642542297012e-74,6.936829144145143e-74,7.1003782248239e-74,7.267121643831841e-74,7.437108945851734e-74,7.610390245692653e-74,7.787016232570299e-74,7.967038174403454e-74,8.150507922124527e-74,8.337477914006947e-74,8.528001180002299e-74,8.722131346097997e-74,8.919922638691331e-74,9.121429888967562e-74,9.326708537305516e-74,9.535814637686941e-74,9.74880486213258e-74,9.965736505143189e-74,1.0186667488155975e-73,1.0411656364021854e-73,1.0640762321493217e-73,1.0874045189726522e-73,1.1111565442801511e-73,1.1353384204250589e-73,1.1599563251608917e-73,1.185016502097541e-73,1.2105252611589759e-73,1.2364889790422801e-73,1.2629140996784419e-73,1.2898071346939208e-73,1.3171746638744342e-73,1.3450233356303938e-73,1.3733598674624218e-73,1.402191046429823e-73,1.431523729619738e-73,1.461364844617954e-73,1.491721389981323e-73,1.5226004357107335e-73,1.554009123727438e-73,1.585954668348527e-73,1.6184443567655325e-73,1.6514855495240094e-73,1.6850856810037075e-73,1.719252259902221e-73,1.753992869717496e-73,1.7893151692338885e-73,1.8252268930086536e-73,1.8617358518600147e-73,1.898849933356874e-73,1.9365771023098767e-73,1.974925401263435e-73,2.013902950989912e-73,2.0535179509854944e-73,2.0937786799658564e-73,2.1346934963653134e-73,2.1762708388353922e-73,2.2185192267473182e-73,2.2614472606930983e-73,2.3050636229901664e-73,2.3493770781865504e-73,2.394396473567638e-73,2.4401307396643312e-73,2.486588890762589e-73,2.5337800254148143e-73,2.5817133269511928e-73,2.6303980639951115e-73,2.67984359097759e-73,2.7300593486535863e-73,2.7810548646210253e-73,2.8328397538390947e-73,2.885423719150944e-73,2.938816551804191e-73,2.993028131975807e-73,3.0480684292968984e-73,3.103947503379391e-73,3.160675504343704e-73,3.218262673349094e-73,3.2767193431230857e-73,3.336055938494743e-73,3.396282976927363e-73,3.457411069053957e-73,3.5194509192144197e-73,3.582413325991779e-73,3.646309182752632e-73,3.71114947818653e-73,3.7769452968494465e-73,3.843707819706801e-73,3.911448324676332e-73,3.980178187177211e-73,4.049908880675348e-73,4.1206519772330607e-73,4.192419148060481e-73,4.265222164065322e-73,4.339072896407012e-73,4.413983317052034e-73,4.489965499327643e-73,4.5670316184824056e-73,4.64519395223984e-73,4.724464881363737e-73,4.80485689021699e-73,4.8863825673238873e-73,4.969054605935742e-73,5.0528858045954635e-73,5.1378890677031473e-73,5.224077406089638e-73,5.311463937578826e-73,5.4000618875645476e-73,5.4898845895792495e-73,5.5809454858708205e-73,5.673258127974658e-73,5.766836177292462e-73,5.861693405670119e-73,5.957843695975494e-73,6.055301042678754e-73,6.154079552436947e-73,6.254193444674872e-73,6.35565705216981e-73,6.45848482163981e-73,6.56269131432801e-73,6.668291206595459e-73,6.775299290504503e-73,6.883730474417894e-73,6.993599783589152e-73,7.104922360752303e-73,7.217713466723655e-73,7.331988480994803e-73,7.447762902331273e-73,7.565052349374578e-73,7.68387256123947e-73,7.804239398119062e-73,7.926168841888426e-73,8.049676996706772e-73,8.174780089628438e-73,8.301494471203875e-73,8.429836616094254e-73,8.559823123681015e-73,8.691470718675512e-73,8.824796251731906e-73,8.959816700064633e-73,9.096549168060002e-73,9.235010887898261e-73,9.375219220164692e-73,9.517191654475489e-73,9.660945810097896e-73,9.806499436569103e-73,9.953870414324424e-73,1.0103076755318786e-72,1.02541366036533e-72,1.0407068236204705e-72,1.0561890063254952e-72,1.0718620629118623e-72,1.087727861277592e-72,1.1037882828503244e-72,1.1200452226515781e-72,1.1365005893590904e-72,1.1531563053714995e-72,1.1700143068716445e-72,1.1870765438904199e-72,1.2043449803717077e-72,1.2218215942352246e-72,1.2395083774422557e-72,1.2574073360592293e-72,1.275520490322473e-72,1.2938498747034587e-72,1.3123975379725936e-72,1.3311655432656026e-72,1.3501559681476661e-72,1.3693709046790013e-72,1.3888124594800693e-72,1.408482753797536e-72,1.4283839235693523e-72,1.4485181194911047e-72,1.4688875070813688e-72,1.4894942667483025e-72,1.5103405938552597e-72,1.5314286987874914e-72,1.5527608070187826e-72,1.574339159177066e-72,1.5961660111121942e-72,1.6182436339621104e-72,1.6405743142198469e-72,1.6631603538008517e-72,1.6860040701102375e-72,1.7091077961096424e-72,1.7324738803852814e-72,1.7561046872151274e-72,1.78000259663657e-72,1.8041700045147614e-72,1.8286093226099433e-72,1.8533229786464064e-72,1.8783134163794973e-72,1.903583095665025e-72,1.929134492527574e-72,1.9549700992285717e-72,1.981092424335779e-72,2.0075039927914253e-72,2.034207345981903e-72,2.0612050418063929e-72,2.0884996547460953e-72,2.1160937759341234e-72,2.143990013224515e-72,2.1721909912618393e-72,2.2006993515514954e-72,2.2295177525288702e-72,2.2586488696301167e-72,2.2880953953616925e-72,2.3178600393706407e-72,2.3479455285155544e-72,2.378354606936332e-72,2.409090036125363e-72,2.4401545949983724e-72,2.4715510799646573e-72,2.5032823049989275e-72,2.5353511017118537e-72,2.567760319421343e-72,2.6005128252245147e-72,2.6336115040684364e-72,2.6670592588228207e-72,2.7008590103500765e-72,2.735013697579325e-72,2.7695262775769884e-72,2.8043997256193203e-72,2.8396370352646496e-72,2.875241218425398e-72,2.911215305441904e-72,2.947562345153713e-72,2.984285404972614e-72,3.0213875709559416e-72,3.058871947879853e-72,3.096741659310837e-72,3.1349998476815397e-72,3.1736496743616334e-72,3.212694319732868e-72,3.25213698326254e-72,3.291980883576565e-72,3.332229258534532e-72,3.372885365301972e-72,3.413952480425991e-72,3.4554338999093003e-72,3.4973329392838085e-72,3.539652933686404e-72,3.5823972379318025e-72,3.6255692265890436e-72,3.669172294055065e-72,3.7132098546305434e-72,3.757685342594942e-72,3.8026022122812303e-72,3.847963938151254e-72,3.8937740148719975e-72,3.940035957390401e-72,3.986753301008765e-72,4.0339296014625577e-72,4.0815684349935985e-72,4.1296733984283554e-72,4.1782481092527984e-72,4.227296205689515e-72,4.2768213467744814e-72,4.3268272124319383e-72,4.377317503552738e-72,4.428295942070937e-72,4.479766271040144e-72,4.531732254710812e-72,4.58419767860686e-72,4.637166349604806e-72,4.690642096009274e-72,4.744628767630909e-72,4.799130235864918e-72,4.854150393767684e-72,4.909693156135769e-72,4.965762459583183e-72,5.022362262619316e-72,5.07949654572828e-72,5.137169311446314e-72,5.195384584440232e-72,5.254146411587034e-72,5.313458862051686e-72,5.373326027365562e-72,5.433752021507528e-72,5.494740980980947e-72,5.556297064893605e-72,5.618424455036676e-72,5.681127355965143e-72,5.744409995076512e-72,5.808276622690264e-72,5.872731512128875e-72,5.937778959796249e-72,6.003423285259276e-72,6.069668831326751e-72,6.136519964129818e-72,6.203981073202991e-72,6.272056571564717e-72,6.340750895797243e-72,6.410068506127371e-72,6.48001388650808e-72,6.550591544699146e-72,6.621806012348939e-72,6.693661845073453e-72,6.76616362254026e-72,6.839315948548005e-72,6.913123451109616e-72,6.987590782532762e-72,7.062722619502043e-72,7.138523663160536e-72,7.214998639192636e-72,7.292152297906186e-72,7.369989414313525e-72,7.448514788215552e-72,7.527733244283013e-72,7.607649632138976e-72,7.688268826442553e-72,7.769595726972106e-72,7.851635258705726e-72,7.934392371907194e-72,8.017872042207572e-72,8.102079270688446e-72,8.187019083966239e-72,8.272696534275757e-72,8.359116699552586e-72,8.446284683518509e-72,8.534205615764208e-72,8.622884651833625e-72,8.712326973307664e-72,8.802537787889282e-72,8.893522329487853e-72,8.98528585830234e-72,9.077833660907149e-72,9.171171050336923e-72,9.265303366170312e-72,9.360235974615936e-72,9.455974268595476e-72,9.552523667831101e-72,9.649889618930444e-72,9.748077595470432e-72,9.847093098084689e-72,9.946941654547255e-72,1.0047628819859712e-71,1.0149160176337656e-71,1.025154133369344e-71,1.0354777929125371e-71,1.0458875627403383e-71,1.0563840120953724e-71,1.0669677129948046e-71,1.0776392402386124e-71,1.0883991714185704e-71,1.0992480869268749e-71,1.110186569964662e-71,1.1212152065509195e-71,1.1323345855310358e-71,1.1435452985855165e-71,1.154847940238881e-71,1.1662431078681758e-71,1.1777314017119532e-71,1.1893134248788775e-71,1.2009897833564811e-71,1.2127610860201288e-71,1.2246279446415895e-71,1.236590973898069e-71,1.2486507913808023e-71,1.2608080176041154e-71,1.2730632760140336e-71,1.2854171929973642e-71,1.2978703978903939e-71,1.3104235229878076e-71,1.3230772035515345e-71,1.3358320778198102e-71,1.348688787015836e-71,1.3616479753569764e-71,1.3747102900633973e-71,1.3878763813672315e-71,1.4011469025215705e-71,1.4145225098090729e-71,1.4280038625512909e-71,1.4415916231176741e-71,1.455286456934112e-71,1.4690890324925913e-71,1.4830000213597557e-71,1.4970200981860028e-71,1.5111499407147136e-71,1.5253902297910534e-71,1.5397416493712199e-71,1.5542048865315955e-71,1.5687806314774246e-71,1.5834695775523783e-71,1.5982724212473183e-71,1.6131898622096303e-71,1.6282226032524101e-71,1.6433713503631867e-71,1.6586368127135759e-71,1.674019702668067e-71,1.6895207357934166e-71,1.7051406308678381e-71,1.7208801098900433e-71,1.7367398980884456e-71,1.7527207239305942e-71,1.7688233191321156e-71,1.7850484186662264e-71,1.8013967607727765e-71,1.8178690869675744e-71,1.8344661420515025e-71,1.8511886741202484e-71,1.8680374345731528e-71,1.8850131781225717e-71,1.9021166628034255e-71,1.919348649982291e-71,1.9367099043668186e-71,1.9542011940148963e-71,1.971823290344503e-71,1.9895769681426583e-71,2.0074630055745814e-71,2.025482184193776e-71,2.0436352889508838e-71,2.0619231082030747e-71,2.080346433723958e-71,2.098906060712615e-71,2.1176027878029517e-71,2.1364374170733134e-71,2.155410754056017e-71,2.1745236077468423e-71,2.193776790614164e-71,2.213171118609036e-71,2.2327074111743026e-71,2.25238649125381e-71,2.272209185302729e-71,2.2921763232964767e-71,2.3122887387403696e-71,2.3325472686794097e-71,2.3529527537076257e-71,2.3735060379777013e-71,2.3942079692104054e-71,2.4150593987048184e-71,2.4360611813471303e-71,2.4572141756205303e-71,2.478519243615372e-71,2.499977251037913e-71,2.521589067220614e-71,2.543355565131684e-71,2.565277621384597e-71,2.5873561162476583e-71,2.60959193365427e-71,2.6319859612121624e-71,2.654539090213015e-71,2.677252215642261e-71,2.7001262361893232e-71,2.7231620542567602e-71,2.7463605759701437e-71,2.76972271118808e-71,2.7932493735117297e-71,2.8169414802944743e-71,2.8407999526523026e-71,2.8648257154730375e-71,2.8890196974262456e-71,2.913382830973266e-71,2.9379160523771486e-71,2.9626203017120993e-71,2.987496522873129e-71,3.0125456635871565e-71,3.0377686754216543e-71,3.0631665137945267e-71,3.0887401379850527e-71,3.114490511143183e-71,3.1404186002990273e-71,3.1665253763734297e-71,3.1928118141878956e-71,3.219278892474116e-71,3.2459275938837276e-71,3.272758904999338e-71,3.2997738163438995e-71,3.3269733223902073e-71,3.3543584215718353e-71,3.3819301162922265e-71,3.40968941293517e-71,3.437637321875501e-71,3.4657748574880466e-71,3.4941030381576256e-71,3.5226228862905267e-71,3.551335428322964e-71,3.5802416947322867e-71,3.6093427200461733e-71,3.638639542853428e-71,3.668133205814086e-71,3.697824755668607e-71,3.727715243249651e-71,3.7578057234908015e-71,3.7880972554367276e-71,3.818590902254773e-71,3.849287731243442e-71,3.880188813843565e-71,3.911295225648498e-71,3.942608046413812e-71,3.974128360067521e-71,4.005857254720545e-71,4.037795822677685e-71,4.069945160446402e-71,4.102306368748025e-71,4.134880552528063e-71,4.167668820965688e-71,4.200672287484773e-71,4.233892069764217e-71,4.267329289747458e-71,4.300985073653562e-71,4.33486055198729e-71,4.368956859549693e-71,4.403275135447932e-71,4.437816523105352e-71,4.472582170273442e-71,4.507573229040368e-71,4.542790855842375e-71,4.57823621147424e-71,4.613910461098813e-71,4.649814774258265e-71,4.68595032488422e-71,4.7223182913085136e-71,4.75891985627302e-71,4.7957562069398446e-71,4.832828534903185e-71,4.8701380361989716e-71,4.907685911314771e-71,4.945473365201416e-71,4.983501607282353e-71,5.021771851465013e-71,5.0602853161513625e-71,5.099043224247517e-71,5.138046803175185e-71,5.177297284881911e-71,5.2167959058516315e-71,5.256543907115565e-71,5.296542534261867e-71,5.336793037447435e-71,5.377296671407283e-71,5.418054695465744e-71,5.459068373548354e-71,5.5003389741896865e-71,5.54186777054583e-71,5.5836560404056615e-71,5.625705066199643e-71,5.6680161350117425e-71,5.7105905385900736e-71,5.75342957335668e-71,5.7965345404194635e-71,5.839906745581632e-71,5.883547499353664e-71,5.927458116962773e-71,5.971639918364614e-71,6.016094228253655e-71,6.060822376074303e-71,6.105825696030337e-71,6.1511055270979744e-71,6.196663213034363e-71,6.242500102389989e-71,6.288617548518175e-71,6.335016909587226e-71,6.381699548589536e-71,6.428666833354457e-71,6.475920136558151e-71,6.5234608357336895e-71,6.57129031328337e-71,6.619409956488113e-71,6.667821157519411e-71,6.716525313449871e-71,6.765523826264091e-71,6.814818102869947e-71,6.864409555108425e-71,6.914299599765587e-71,6.9644896585835406e-71,7.014981158270291e-71,7.065775530511733e-71,7.116874211982312e-71,7.168278644356306e-71,7.219990274317753e-71,7.272010553572872e-71,7.324340938859575e-71,7.376982891959258e-71,7.42993787970926e-71,7.483207374010553e-71,7.536792851841409e-71,7.590695795267657e-71,7.644917691454113e-71,7.699460032674566e-71,7.754324316323913e-71,7.8095120449289e-71,7.865024726159614e-71,7.920863872838964e-71,7.977031002957005e-71,8.033527639678031e-71,8.090355311354158e-71,8.147515551537176e-71,8.205009898987767e-71,8.26283989768704e-71,8.321007096848455e-71,8.379513050929059e-71,8.438359319639418e-71,8.497547467956032e-71,8.557079066132136e-71,8.616955689709303e-71,8.677178919527051e-71,8.73775034173648e-71,8.798671547810367e-71,8.85994413455394e-71,8.921569704116103e-71,8.983549864001586e-71,9.045886227081783e-71,9.108580411606457e-71,9.171634041213757e-71,9.235048744943246e-71,9.298826157245025e-71,9.362967917993639e-71,9.427475672498191e-71,9.492351071512694e-71,9.557595771249265e-71,9.623211433387642e-71,9.689199725088364e-71,9.755562319001912e-71,9.822300893282741e-71,9.889417131599368e-71,9.956912723144901e-71,1.0024789362650162e-70,1.0093048750393361e-70,1.016169259221286e-70,1.0230722599518652e-70,1.0300140489302374e-70,1.0369947984150169e-70,1.0440146812254145e-70,1.0510738707422476e-70,1.0581725409092263e-70,1.0653108662340524e-70,1.072489021789575e-70,1.079707183214989e-70,1.086965526716839e-70,1.0942642290703165e-70,1.1016034676204189e-70,1.1089834202829517e-70,1.1164042655458332e-70,1.1238661824701989e-70,1.1313693506916155e-70,1.1389139504210811e-70,1.1465001624463395e-70,1.154128168133036e-70,1.161798149425729e-70,1.1695102888492029e-70,1.1772647695096315e-70,1.1850617750955356e-70,1.1929014898793049e-70,1.2007840987180563e-70,1.2087097870548535e-70,1.2166787409199733e-70,1.2246911469320735e-70,1.2327471922992064e-70,1.2408470648200941e-70,1.2489909528854531e-70,1.2571790454788524e-70,1.2654115321780951e-70,1.2736886031563937e-70,1.2820104491833804e-70,1.2903772616264987e-70,1.2987892324519632e-70,1.3072465542261529e-70,1.3157494201165116e-70,1.3242980238931148e-70,1.3328925599294634e-70,1.341533223203937e-70,1.3502202093007562e-70,1.3589537144113254e-70,1.367733935335364e-70,1.3765610694820898e-70,1.385435314871404e-70,1.3943568701351271e-70,1.4033259345180215e-70,1.412342707879205e-70,1.4214073906931028e-70,1.4305201840507596e-70,1.4396812896612572e-70,1.4488909098523783e-70,1.4581492475722715e-70,1.4674565063902874e-70,1.4768128904985792e-70,1.4862186047128906e-70,1.4956738544739842e-70,1.5051788458487767e-70,1.5147337855315953e-70,1.5243388808451358e-70,1.5339943397420815e-70,1.5437003708059415e-70,1.553457183252306e-70,1.5632649869301727e-70,1.5731239923231445e-70,1.5830344105504547e-70,1.5929964409868173e-70,1.6030103058623298e-70,1.6130762187462814e-70,1.623194393310066e-70,1.6333650438670438e-70,1.6435883853734334e-70,1.6538646334295804e-70,1.6641940042812928e-70,1.6745767148209902e-70,1.6850129825889775e-70,1.695503025774398e-70,1.7060470632168985e-70,1.7166453144073886e-70,1.7272979994895818e-70,1.7380053392609476e-70,1.7487675551741217e-70,1.7595848693380603e-70,1.77045750451932e-70,1.7813856841430856e-70,1.7923696322945747e-70,1.80340957372027e-70,1.814505733828935e-70,1.8256583386931006e-70,1.8368676150500245e-70,1.8481337903031123e-70,1.8594570925231434e-70,1.8708377504492915e-70,1.8822759934905527e-70,1.8937720517269094e-70,1.9053261559105516e-70,1.9169385374671107e-70,1.9286094284969506e-70,1.940339061776199e-70,1.9521276707582495e-70,1.9639754895747157e-70,1.975882753036872e-70,1.987849696636818e-70,1.9998765565487837e-70,2.0119635696301528e-70,2.0241109734228354e-70,2.036319006154725e-70,2.0485879067405738e-70,2.0609179147832313e-70,2.0733092560234623e-70,2.0857621820872423e-70,2.0982769352778838e-70,2.110853757959207e-70,2.1234928931897783e-70,2.136194584723638e-70,2.148959077011833e-70,2.1617866152035927e-70,2.1746774451476483e-70,2.187631813393254e-70,2.200649967191659e-70,2.213732154497354e-70,2.2268786239691004e-70,2.2400896249713966e-70,2.2533654075756573e-70,2.2667062225615432e-70,2.28011232141798e-70,2.2935839563446443e-70,2.3071213802532117e-70,2.3207248467683077e-70,2.3343946102293074e-70,2.348130925691119e-70,1.817025875354872e-46,1.2467738862020591e-45,4.463912143539464e-45,1.1649731972562407e-44,2.5114319081923915e-44,4.761410106312082e-44,8.2317194554743e-44,1.327804095972598e-43,2.02935589204077e-43,2.97082918106346e-43,4.1988926176409285e-43,5.763900821708336e-43,7.719938885741722e-43,1.0124884953429125e-42,1.3040485874138478e-42,1.653244255014811e-42,2.0670502715449434e-42,2.552855965542534e-42,3.1184755900872844e-42,3.772159128115272e-42,4.5226034958819905e-42,5.378964121876831e-42,6.350866888809946e-42,7.448420432581007e-42,8.682228796128801e-42,1.0063404438626238e-41,1.1603581602008168e-41,1.3314930037642401e-41,1.5210169096791194e-41,1.7302582188278246e-41,1.9606031609462422e-41,2.2134973751103891e-41,2.490447468527348e-41,2.793022613856865e-41,3.122856185664861e-41,3.481647436659038e-41,3.8711632135495214e-41,4.2932397161237127e-41,4.749784294571286e-41,5.242777292359821e-41,5.774273929250114e-41,6.346406230384283e-41,6.961384999080786e-41,7.621501835307933e-41,8.329131200546568e-41,9.086732530011926e-41,9.896852393149675e-41,1.0762126703394823e-40,1.1685282978364196e-40,1.2669142651297732e-40,1.371662343504973e-40,1.483074173968236e-40,1.6014615144854077e-40,1.7271464928182028e-40,1.860461865084097e-40,2.0017512801635223e-40,2.15136955008734e-40,2.3096829265364188e-40,2.477069383591439e-40,2.6539189068772913e-40,2.840633789233299e-40,3.0376289330774527e-40,3.245332159598078e-40,3.4641845249365065e-40,3.694640643523989e-40,3.937169018718406e-40,4.192252380932256e-40,4.460388033398383e-40,4.742088205771712e-40,5.0378804157194785e-40,5.3483078386595605e-40,5.673929686051857e-40,6.015321592000087e-40,6.373076008767553e-40,6.74780261123778e-40,7.140128710493414e-40,7.550699676850657e-40,7.980179372419228e-40,8.429250593523597e-40,8.898615523145874e-40,9.38899619364515e-40,9.90113495998332e-40,1.0435794983706573e-39,1.0993760727927083e-39,1.1575838463553413e-39,1.2182856787039258e-39,1.2815667149911307e-39,1.347514440034611e-39,1.4162187337081154e-39,1.4877719275942323e-39,1.5622688629279726e-39,1.639806949848201e-39,1.720486228049045e-39,1.8044094287478572e-39,1.891682038106698e-39,1.9824123620951332e-39,2.0767115928331544e-39,2.1746938764535317e-39,2.2764763825066205e-39,2.3821793749651613e-39,2.491926284846253e-39,2.6058437844982338e-39,2.724061863588659e-39,2.8467139068347358e-39,2.9739367735155995e-39,3.10587087880902e-39,3.242660276993842e-39,3.3844527465664697e-39,3.531399877310552e-39,3.683657159368981e-39,3.841384074363644e-39,4.004744188612306e-39,4.17390524851791e-39,4.349039278106867e-39,4.530322678850948e-39,4.7179363317845816e-39,4.9120657019811634e-39,5.112900945440106e-39,5.320637018449241e-39,5.535473789472933e-39,5.757616153633481e-39,5.987274149843378e-39,6.224663080652571e-39,6.470003634876336e-39,6.723522013069746e-39,6.98545005591681e-39,7.256025375604459e-39,7.535491490253099e-39,7.824097961476999e-39,8.122100535148962e-39,8.429761285444333e-39,8.747348762261587e-39,9.075138142057598e-39,9.41341138224499e-39,9.762457379164542e-39,1.0122572129781869e-38,1.0494058897156503e-38,1.087722837980172e-38,1.1272398885011895e-38,1.1679896506269549e-38,1.2100055304814693e-38,1.2533217495490347e-38,1.2979733636966263e-38,1.3439962826443336e-38,1.3914272898954482e-38,1.4403040631370012e-38,1.4906651951226006e-38,1.542550215049529e-38,1.5959996104415576e-38,1.651054849550977e-38,1.7077584042917365e-38,1.7661537737172755e-38,1.8262855080567974e-38,1.8881992333232128e-38,1.9519416765073803e-38,2.0175606913727495e-38,2.0851052848659048e-38,2.15462564415824e-38,2.2261731643339688e-38,2.299800476741252e-38,2.3755614780226995e-38,2.453511359842459e-38,2.533706639327043e-38,2.6162051902382595e-38,2.701066274896485e-38,2.7883505768727e-38,2.8781202344696795e-38,2.970438875010994e-38,3.0653716499572e-38,3.162985270881001e-38,3.263348046301073e-38,3.3665299194169745e-38,3.4726025067589776e-38,3.58163913777731e-38,3.693714895396834e-38,3.8089066575575395e-38,3.927293139769781e-38,4.04895493870938e-38,4.1739745768786326e-38,4.302436548360724e-38,4.4344273656965863e-38,4.5700356079125123e-38,4.709351969727526e-38,4.852469311972045e-38,4.999482713249705e-38,5.150489522871979e-38,5.305589415101842e-38,5.464884444739578e-38,5.628479104082862e-38,5.796480381302207e-38,5.968997820264178e-38,6.146143581838914e-38,6.328032506747558e-38,6.514782179958015e-38,6.706512996698508e-38,6.903348230119962e-38,7.105414100651425e-38,7.312839847094044e-38,7.52575779949916e-38,7.744303453878556e-38,7.968615548795088e-38,8.198836143883252e-38,8.435110700351539e-38,8.67758816352131e-38,8.926421047451435e-38,9.181765521711179e-38,9.443781500353733e-38,9.712632733153223e-38,9.988486899162574e-38,1.027151570265793e-37,1.0561894971532526e-37,1.0859804758205992e-37,1.116542944311959e-37,1.1478957840883149e-37,1.1800583309150217e-37,1.213050386029403e-37,1.2468922275965405e-37,1.2816046224587368e-37,1.3172088381912e-37,1.3537266554681938e-37,1.3911803807505035e-37,1.4295928593018352e-37,1.468987488543766e-37,1.5093882317586604e-37,1.5508196321501054e-37,1.593306827270531e-37,1.636875563826636e-37,1.681552212872833e-37,1.7273637854035646e-37,1.7743379483557908e-37,1.822503041032886e-37,1.8718880919619324e-37,1.9225228361965787e-37,1.97443773307796e-37,2.027663984466528e-37,2.08223355345818e-37,2.1381791835984155e-37,2.195534418608501e-37,2.2543336226384204e-37,2.314612001061299e-37,2.3764056218249993e-37,2.4397514373766737e-37,2.504687307176736e-37,2.5712520208191462e-37,2.639485321775293e-37,2.7094279317784687e-37,2.7811215758730068e-37,2.8546090081367037e-37,2.92993403810517e-37,3.007141557915764e-37,3.0862775701902357e-37,3.1673892166803295e-37,3.2505248076983275e-37,3.3357338523490336e-37,3.4230670895989106e-37,3.5125765201973384e-37,3.604315439477918e-37,3.6983384710655905e-37,3.794701601517455e-37,3.893462215922838e-37,3.994679134493426e-37,4.098412650170928e-37,4.2047245672837206e-37,4.3136782412835436e-37,4.425338619594344e-37,4.53977228360703e-37,4.65704749185388e-37,4.777234224399149e-37,4.9004042284811245e-37,5.026631065445531e-37,5.155990159007139e-37,5.288558844881668e-37,5.4244164218284794e-37,5.5636442041483834e-37,5.7063255756796495e-37,5.852546045339156e-37,6.0023933042554116e-37,6.1559572845432216e-37,6.313330219769598e-37,6.474606707164255e-37,6.639883771627914e-37,6.809260931594904e-37,6.9828402668068634e-37,7.160726488058322e-37,7.343027008974515e-37,7.529852019886376e-37,7.721314563867259e-37,7.91753061500066e-37,8.118619158948763e-37,8.324702275893423e-37,8.535905225927778e-37,8.752356536973207e-37,8.97418809530212e-37,9.201535238753902e-37,9.434536852724692e-37,9.673335469022631e-37,9.918077367681575e-37,1.016891268182902e-36,1.04259955056949e-36,1.0689484005888098e-36,1.0959540536030904e-36,1.123633175483574e-36,1.1520028747798068e-36,1.1810807152568825e-36,1.2108847288148572e-36,1.2414334288026346e-36,1.2727458237393424e-36,1.3048414314565776e-36,1.3377402936755379e-36,1.3714629910330465e-36,1.4060306585724162e-36,1.4414650017133676e-36,1.4777883127179186e-36,1.5150234876683903e-36,1.5531940439750992e-36,1.592324138431157e-36,1.6324385858328473e-36,1.673562878186256e-36,1.7157232045167772e-36,1.7589464713052318e-36,1.8032603235703053e-36,1.848693166619736e-36,1.895274188493443e-36,1.9430333831219674e-36,1.9920015742252336e-36,2.0422104399769347e-36,2.0936925384619483e-36,2.1464813339510477e-36,2.2006112240272664e-36,2.2561175675884283e-36,2.313036713758601e-36,2.371406031740345e-36,2.4312639416407718e-36,2.4926499463054973e-36,2.5556046641965516e-36,2.6201698633511998e-36,2.686388496460028e-36,2.7543047371043807e-36,2.823964017194338e-36,2.895413065651045e-36,2.9686999483773387e-36,3.0438741095637444e-36,3.120986414377658e-36,3.2000891930865294e-36,3.281236286666839e-36,3.364483093953137e-36,3.449886620383753e-36,3.537505528401446e-36,3.627400189570164e-36,3.7196327384714974e-36,3.8142671284458965e-36,3.911369189248319e-36,4.0110066866885726e-36,4.113249384331295e-36,4.218169107332241e-36,4.3258398084912485e-36,4.436337636605712e-36,4.549741007211131e-36,4.666130675801223e-36,4.7855898136138935e-36,4.908204086095115e-36,5.0340617341312885e-36,5.163253658160631e-36,5.2958735052737486e-36,5.43201775941984e-36,5.5717858348375906e-36,5.715280172836693e-36,5.8626063420605754e-36,6.0138731423659724e-36,6.169192712461735e-36,6.328680641454348e-36,6.492456084454744e-36,6.660641882406382e-36,6.833364686303912e-36,7.010755085974682e-36,7.192947743608614e-36,7.380081532224252e-36,7.572299679270701e-36,7.769749915573136e-36,7.972584629836531e-36,8.180961028936181e-36,8.395041304227935e-36,8.614992804126207e-36,8.840988213205936e-36,9.073205738097915e-36,9.31182930045701e-36,9.557048737297287e-36,9.809060008999841e-36,1.0068065415312767e-35,1.033427381968082e-35,1.0607900882249685e-35,1.0889169301926738e-35,1.1178309067824657e-35,1.1475557720584662e-35,1.178116062391549e-35,1.209537124681845e-35,1.2418451456933774e-35,1.275067182557121e-35,1.3092311944777676e-35,1.3443660757096958e-35,1.380501689851616e-35,1.4176689055187192e-35,1.4558996334520836e-35,1.4952268651291874e-35,1.5356847129411325e-35,1.5773084520063406e-35,1.6201345636934123e-35,1.6642007809292438e-35,1.7095461353725027e-35,1.7562110065362457e-35,1.8042371729474517e-35,1.853667865436025e-35,1.9045478226495853e-35,1.9569233488960376e-35,2.010842374420252e-35,2.0663545182266448e-35,2.123511153565405e-35,2.1823654762056662e-35,2.2429725756249316e-35,2.3053895092511458e-35,2.36967537990041e-35,2.4358914165606246e-35,2.5041010586790473e-35,2.5743700441198716e-35,2.646766500966597e-35,2.721361043352896e-35,2.7982268715150816e-35,2.87743987626987e-35,2.959078748131436e-35,3.043225091292422e-35,3.129963542706193e-35,3.2193818965232187e-35,3.3115712341381916e-35,3.4066260601308254e-35,3.504644444389734e-35,3.6057281707281867e-35,3.7099828923154856e-35,3.817518294266524e-35,3.928448263750088e-35,4.042891067996682e-35,4.1609695406074676e-35,4.2828112765878754e-35,4.408548836553969e-35,4.538319960582656e-35,4.67226779220584e-35,4.8105411130753047e-35,4.953294588853572e-35,5.100689026921335e-35,5.252891646522287e-35,5.41007636200251e-35,5.572424079840883e-35,5.740123010206283e-35,5.913368993818933e-35,6.092365844941535e-35,6.27732571137122e-35,6.468469452356615e-35,6.666027035418719e-35,6.870237953111017e-35,7.081351660820695e-35,7.299628036770418e-35,7.525337865459498e-35,7.758763345853334e-35,8.000198625709712e-35,8.249950363517664e-35,8.508338319612978e-35,8.775695978133814e-35,9.052371201580045e-35,9.338726919852985e-35,9.635141855768407e-35,9.94201128916067e-35,1.025974786183269e-34,1.0588782425746117e-34,1.0929564937003272e-34,1.128256539833354e-34,1.1648274852974268e-34,1.202720643302253e-34,1.2419896465537797e-34,1.2826905639885373e-34,1.3248820240048125e-34,1.3686253445875129e-34,1.413984670750562e-34,1.4610271197485197e-34,1.5098229345402267e-34,1.56044564601946e-34,1.6129722445630517e-34,1.6674833614843006e-34,1.724063461020411e-34,1.7828010435260143e-34,1.843788860591178e-34,1.9071241428541784e-34,1.97290884133144e-34,2.041249883147045e-34,2.1122594426061813e-34,2.1860552286248165e-34,2.2627607896009456e-34,2.342505836891093e-34,2.425426588141092e-34,2.5116661318109764e-34,2.6013748143337963e-34,2.6947106514535274e-34,2.791839765403925e-34,2.8929368497138998e-34,2.998185663561212e-34,3.107779557740223e-34,3.2219220344685216e-34,3.340827343430431e-34,3.4647211166369835e-34,3.5938410448854504e-34,3.7284375988193593e-34,3.8687747978255274e-34,4.0151310302639796e-34,4.1677999288015605e-34,4.327091304927491e-34,4.493332147057085e-34,4.666867686987807e-34,4.848062539864322e-34,5.037301923232941e-34,5.234992961230311e-34,5.441566080455792e-34,5.657476504629366e-34,5.88320585573743e-34,6.1192638700256355e-34,6.366190237919286e-34,6.624556577732353e-34,6.894968553889015e-34,7.178068151320154e-34,7.474536118728043e-34,7.785094594542176e-34,8.110509930626955e-34,8.451595730160768e-34,8.809216117599906e-34,9.184289260280814e-34,9.577791163016361e-34,9.990759759028902e-34,1.0424299322746846e-33,1.0879585232400322e-33,1.1357869113007054e-33,1.1860484393270017e-33,1.2388852313143403e-33,1.2944488422448405e-33,1.3529009614607644e-33,1.4144141744553325e-33,1.4791727883988687e-33,1.5473737273018313e-33,1.6192275032978224e-33,1.694959271193206e-33,1.7748099741653544e-33,1.8590375893093044e-33,1.9479184826430883e-33,2.0417488841960287e-33,2.1408464949345768e-33,2.245552238542819e-33,2.3562321724833517e-33,2.4732795743403663e-33,2.59711722120952e-33,2.728199881874815e-33,2.8670170437264958e-33,3.014095898859364e-33,3.170004616581526e-33,3.335355932705637e-33,3.5108110895264186e-33,3.6970841643722566e-33,3.894946829111425e-33,4.1052335880675194e-33,4.328847547536464e-33,4.5667667765894316e-33,4.820051326208198e-33,5.0898509821426895e-33,5.377413836372465e-33,5.684095772827804e-33,6.0113709753196567e-33,6.360843579623984e-33,6.734260607653532e-33,7.13352633992934e-33,7.560718303479803e-33,8.018105076280564e-33,8.508166136872993e-33,9.033614019445157e-33,9.597419071091858e-33,1.0202837149971909e-32,1.0853440651587085e-32,1.1553153306506067e-32,1.2306289257843351e-32,1.311759700220243e-32,1.3992308865434342e-32,1.4936196786596492e-32,1.5955635302499799e-32,1.7057672764271444e-32,1.825011198011339e-32,1.9541601669319542e-32,2.0941740336887065e-32,2.2461194442104648e-32,2.4111833046034247e-32,2.590688149107423e-32,2.7861097102070206e-32,2.9990970416494386e-32,3.231495606765225e-32,3.485373818012338e-32,3.763053601569498e-32,4.067145666157149e-32,4.4005902818404223e-32,4.7667045270466096e-32,5.169237146171053e-32,5.61243238317477e-32,6.10110442741549e-32,6.640724437847555e-32,7.237522514678193e-32,7.898607481386982e-32,8.632107946957618e-32,9.447338866697786e-32,1.0354998746211175e-31,1.1367403783118296e-31,1.2498766674089525e-31,1.3765529607225223e-31,1.5186763209961258e-31,1.6784646059203581e-31,1.858504295019018e-31,2.0618204683299205e-31,2.2919617952479784e-31,2.5531041387979406e-31,2.850177342903255e-31,3.189021016059775e-31,3.576576745933571e-31,4.0211262998840944e-31,4.532588155054094e-31,5.122888390601725e-31,5.8064268810711295e-31,6.600666299168644e-31,7.526880284077788e-31,8.611109130189275e-31,9.885387734076149e-31,1.1389333068511657e-30,1.3172209671780323e-30,-4.665721387208304e-28,2.5083723961623306e-31,5.526601682130339e-31,9.178074160398532e-31,1.3621193924064684e-30,1.9060854305775694e-30,2.576420039615409e-30,3.408249234106736e-30,4.4481736944196325e-30,5.758606327210542e-30,7.423984037328116e-30,9.559770406176512e-30,1.2325669615939719e-29,1.594528455337377e-29,2.073578424088653e-29,2.7153367462783095e-29,3.5864083041687985e-29,2.8932374922197715e-29,4.2156990707821896e-29,6.078319848415868e-29,8.745052632668162e-29,1.2632953406856654e-28,1.8416760097273456e-28,2.721638052703246e-28,4.094510808678696e-28,6.298343926674502e-28,9.955101936073532e-28,1.626888988642876e-27,2.7731947453120426e-27,4.998852556583875e-27,9.74451308844409e-27,2.1275894828499043e-26,5.447643692760594e-26,1.7020747454182148e-25,6.540004635156881e-25,3.003424665743572e-24,6.206086244259656e-24,6.206086244438405e-24,6.206086257026152e-24,4.678770160096608e-23,3.125175942112118e-22,2.0643316410784083e-21,1.367109713841027e-20,8.987107785171887e-20,5.758054222364442e-19,3.520062017652938e-18,2.009416899580946e-17,1.0495234229548732e-16,4.926715687910367e-16,2.049148463621513e-15,7.477852956869819e-15,2.3823918650221442e-14,6.625170416366342e-14,1.614635957348561e-13,1.6430311094882582e-13,1.643031109622648e-13,3.536069710254544e-13,6.772887187049242e-13,1.1686560587417945e-12,1.8386607952000343e-12,2.6686878173838904e-12,3.6129738103489248e-12,4.609057619066654e-12,5.591379117931154e-12,6.503056752125445e-12,7.302990213467577e-12,7.967917844823392e-12,8.490682988714434e-12,8.876477125401164e-12,9.138575402612332e-12,9.294527157989371e-12,9.363234069085633e-12,9.362979514002489e-12,9.310275408532822e-12,9.219322535533823e-12,9.101884076662244e-12,8.96740867113162e-12,8.823283772705068e-12,8.67513997849207e-12,8.527157995076244e-12,8.382351803746178e-12,8.242815934024742e-12,8.109933500885667e-12,7.984546557471849e-12,7.867092727620446e-12,7.757712983048419e-12,7.65633547378087e-12,7.562739923977065e-12,7.540414805068319e-12,7.455938756218459e-12,7.378593085410778e-12,7.307837500983995e-12,7.2432035552993505e-12,7.184248230658983e-12,7.130545850130732e-12,7.081689109943299e-12,7.03729135195162e-12,6.9969884403914845e-12,6.960439729106051e-12,6.927328277095794e-12,6.89736049166545e-12,6.8702653688066606e-12,6.845793466432108e-12,6.823715714212814e-12,6.803822135987392e-12,6.785920540305333e-12,6.769835218385449e-12,6.755405676323491e-12,6.74248541974786e-12,6.7309408022701706e-12,6.720649943949591e-12,6.711501722784041e-12,6.703394839527691e-12,6.696236954256337e-12,6.689943892220079e-12,6.684438915438435e-12,6.679652056237176e-12,6.675519508594879e-12,6.671983073162795e-12,6.668989651876389e-12,6.666490788133754e-12,6.664442248735919e-12,6.662803644137005e-12,6.6615380834585094e-12,6.660611861315615e-12,6.659994173507102e-12,6.659656858900206e-12,6.6595741651862566e-12,6.659722536153126e-12,6.660080418563903e-12,6.660628086764496e-12,6.661347483322111e-12,6.662222074233307e-12,6.663236717279518e-12,6.664377542323161e-12,6.665631842399905e-12,6.666987974594438e-12,6.668435269784183e-12,6.669963950419757e-12,6.6715650555828835e-12,6.673230372659962e-12,6.674952375002201e-12,6.676724165029011e-12,6.6785394222674646e-12,6.680392355888343e-12,6.682277661305028e-12,6.684190480493702e-12,6.686126365681184e-12,6.688081246104714e-12,6.6900513975681994e-12,6.692033414546034e-12,6.694024184608498e-12,6.6960208649653675e-12,6.698020860946031e-12,6.700021806240204e-12,6.702021544753486e-12,6.704018113938655e-12,6.706009729465408e-12,6.7079947711349666e-12,6.709971769923987e-12,6.711939396043591e-12,6.713896447964412e-12,6.715841842307503e-12,6.717774604523144e-12,6.719693860308403e-12,6.721598827692329e-12,6.7234888097385466e-12,6.724597084047458e-12,6.726466463911639e-12,6.728318152832418e-12,6.730152524695747e-12,6.731969456380307e-12,6.7337687014249115e-12,6.7355500052457645e-12,6.737313139786639e-12,6.739057912428046e-12,6.7407841666981386e-12,6.742491780480437e-12,6.744180663539646e-12,6.745850754984346e-12,6.747502020828381e-12,6.749134451708789e-12,6.750748060765755e-12,6.75234288168096e-12,6.753918966857299e-12,6.755476385743321e-12,6.757015223274405e-12,6.7585355784405114e-12,6.760037562951889e-12,6.761521300015012e-12,6.762986923194243e-12,6.764434575361267e-12,6.765864407725778e-12,6.767276578938562e-12,6.768671254262616e-12,6.770048604809063e-12,6.771408806829754e-12,6.772752041065557e-12,6.774078492145762e-12,6.775388348032174e-12,6.77668179951009e-12,6.7779590397143445e-12,6.7792202636986364e-12,6.780465668033726e-12,6.781695450444159e-12,6.782909809469192e-12,6.784108944151485e-12,6.785293053757687e-12,6.786462337516482e-12,6.787616994380723e-12,6.788757222810436e-12,6.789883220574186e-12,6.7909951845704095e-12,6.792093310660151e-12,6.793177793519977e-12,6.794248826506516e-12,6.7953066015340995e-12,6.796351308965645e-12,6.797383137512932e-12,6.79840227414879e-12,6.799408904028151e-12,6.8004032104182286e-12,6.801385374636696e-12,6.802355575997635e-12,6.803313991764851e-12,6.804260797110648e-12,6.805196165081779e-12,6.806120266570158e-12,6.8070332702894215e-12,6.807935342755191e-12,6.808826648270509e-12,6.809707348914978e-12,6.8105776045375995e-12,6.8114375727528675e-12,6.812287408940493e-12,6.813127266246925e-12,6.813957295590569e-12,6.814777645668802e-12,6.815588462967287e-12,6.8163898917716674e-12,6.817182074178913e-12,6.817965150114739e-12,6.818739257348008e-12,6.819504531508645e-12,6.820261106106527e-12,6.821009112551069e-12,6.8217486801725035e-12,6.822479936242637e-12,6.823203005998285e-12,6.823918012663363e-12,6.82462507747353e-12,6.825324319699563e-12,6.826015856672219e-12,6.826699803807281e-12,6.827376274630617e-12,6.828045380803867e-12,6.828707232150243e-12,6.8293619366798975e-12,6.830009600616457e-12,6.830650328422507e-12,6.831284222825981e-12,6.831911384846e-12,6.832531913818887e-12,6.833145907424029e-12,6.833753461709709e-12,6.834354671118598e-12,6.834949628513831e-12,6.835538425203379e-12,6.836121150965843e-12,6.836697894075709e-12,6.837268741327345e-12,6.837833778060061e-12,6.8383930881818045e-12,6.838946754193863e-12,6.839494857213931e-12,6.840037477000102e-12,6.840574691974052e-12,6.841106579242786e-12,6.841633214623357e-12,6.842154672663359e-12,6.8426710266637055e-12,6.8431823487002e-12,6.84368870964493e-12,6.844190179187354e-12,6.84468682585513e-12,6.845178717034552e-12,6.845665918990651e-12,6.846148496887072e-12,6.8466265148057586e-12,6.8471000357660745e-12,6.847569121743536e-12,6.848033833688623e-12,6.848494231545105e-12,6.848950374267944e-12,6.849402319841123e-12,6.849850125294864e-12,6.850293846722887e-12,6.8507335392991185e-12,6.851169257294314e-12,6.851601054092195e-12,6.8520289822054815e-12,6.852453093291449e-12,6.852873438167448e-12,6.853290066825947e-12,6.8537030284493814e-12,6.854112371424767e-12,6.8545181433579375e-12,6.854920391087695e-12,6.855319160699516e-12,6.855714497539205e-12,6.856106446226058e-12,6.856495050666064e-12,6.856880354064621e-12,6.8572623989391005e-12,6.857641227131171e-12,6.858016879819132e-12,6.858389397529596e-12,6.85875882014896e-12,6.859125186935312e-12,6.859488536529346e-12,6.859848906965507e-12,6.860206335682717e-12,6.860560859535076e-12,6.860912514802179e-12,6.861261337199407e-12,6.861607361887897e-12,6.8619506234844325e-12,6.862291156070997e-12,6.862628993204248e-12,6.862964167925041e-12,6.8632967127671274e-12,6.863626659766364e-12,6.863954040469426e-12,6.864278885942379e-12,6.864601226779115e-12,6.8649210931096194e-12,6.865238514608186e-12,6.865553520501133e-12,6.865866139574939e-12,6.866176400183704e-12,6.866484330256703e-12,6.866789957305776e-12,6.867093308432573e-12,6.867394410335599e-12,6.867693289317283e-12,6.867989971290702e-12,6.868284481786376e-12,6.868576845958733e-12,6.868867088592674e-12,6.86915523410984e-12,6.869441306574844e-12,6.869725329701353e-12,6.8700073268580995e-12,6.870287321074661e-12,6.8705653350473336e-12,6.8708413911446986e-12,6.871115511413194e-12,6.8713877175825375e-12,6.87165803107107e-12,6.871926472991003e-12,6.872193064153521e-12,6.872457825073865e-12,6.872720775976261e-12,6.8729819367987705e-12,6.873241327198052e-12,6.87349896655406e-12,6.8737548739746125e-12,6.874651875521916e-12,6.8756019134534155e-12,6.876528712165872e-12,6.877444341836228e-12,6.878366574375576e-12,6.879306995093148e-12,6.880271999036287e-12,6.88126491513003e-12,6.882287441209136e-12,6.883340442877704e-12,6.8844243685507114e-12,6.885539458710705e-12,6.8866858503958855e-12,6.8878636284811655e-12,6.889072851261088e-12,6.890313562806317e-12,6.89158579921978e-12,6.8928895916758625e-12,6.894224967871756e-12,6.895591952801853e-12,6.896990569139428e-12,6.898420837390425e-12,6.899882775949141e-12,6.901376401390702e-12,6.902901728221748e-12,6.904458769043802e-12,6.906047534501516e-12,6.9076680333975835e-12,6.90932027247343e-12,6.911004256950856e-12,6.9127199900085064e-12,6.914467472916868e-12,6.9162467053484346e-12,6.918057684899269e-12,6.9199004075051844e-12,6.921774867384938e-12,6.923681056880952e-12,6.925618966735767e-12,6.927588585763803e-12,6.929589901265223e-12,6.931622898752824e-12,6.933687561947696e-12,6.9357838730723315e-12,6.9379118126810816e-12,6.940071359620683e-12,6.942262491203194e-12,6.944485183019363e-12,6.9467394091686016e-12,6.94902514216237e-12,6.95134235295027e-12,6.9536910109543745e-12,6.956071084068857e-12,6.958482538711814e-12,6.960925339652584e-12,6.963399450402748e-12,6.965904832930157e-12,6.968441447762658e-12,6.971009254299408e-12,6.973608209673856e-12,6.976238270462934e-12,6.978899391581537e-12,6.981591526931774e-12,6.9843146279836065e-12,6.987068646292775e-12,6.989853531031345e-12,6.9926692308309e-12,6.995515692722065e-12,6.998392862385618e-12,7.001300684379683e-12,7.004239102076368e-12,7.007208057338497e-12,7.010207491108457e-12,7.013237343267216e-12,7.016297552363965e-12,7.019388056097125e-12,7.0225087900502276e-12,7.02565968989477e-12,7.028840689432538e-12,7.032051721797335e-12,7.0352927189279724e-12,7.0385636118091005e-12,7.041864330098578e-12,7.04519480301375e-12,7.048554957820504e-12,7.051944721661196e-12,7.055364020389909e-12,7.0588127789501355e-12,7.062290921206986e-12,7.065798370558635e-12,7.069335048968414e-12,7.072900877711449e-12,7.0764957769433594e-12,7.080119666500669e-12,7.083772465135206e-12,7.087454090430671e-12,7.091164459543287e-12,7.094903488710207e-12,7.0986710933608645e-12,7.102467188245394e-12,7.106291687358372e-12,7.110144503630722e-12,7.114025549716401e-12,7.117934737183008e-12,7.121871977218119e-12,7.125837180279188e-12,7.129830255941319e-12,7.133851113272642e-12,7.137899660632173e-12,7.141975805803822e-12,7.146079456028083e-12,7.150210517683305e-12,7.154368897040496e-12,7.1585544991303975e-12,7.162767228919222e-12,7.16700699119185e-12,7.171273688925236e-12,7.17556722531401e-12,7.179887503765933e-12,7.184234426245715e-12,7.1886078944632456e-12,7.193007809247397e-12,7.197434072364149e-12,7.201886583753216e-12,7.206365243290403e-12,7.210869950805071e-12,7.215400605312791e-12,7.219957105495368e-12,7.224539349572958e-12,7.229147235682915e-12,7.2337806614598865e-12,7.2384395241871486e-12,7.2431237208522895e-12,7.24783314805362e-12,7.252567702109058e-12,7.257327279169461e-12,7.262111774712078e-12,7.266921084047201e-12,7.271755102920666e-12,7.276613725917011e-12,7.281496847840308e-12,7.286404363139263e-12,7.291336166002431e-12,7.296292150352402e-12,7.301272209994113e-12,7.306276238404148e-12,7.31130412946477e-12,7.316355776151482e-12,7.321431071548442e-12,7.326529908720061e-12,7.33165218024243e-12,7.336797778894017e-12,7.3419665971392e-12,7.347158527417806e-12,7.352373461962608e-12,7.357611293171122e-12,7.362871913066031e-12,7.368155213762947e-12,7.373461087059592e-12,7.378789424984492e-12,7.38414011923965e-12,7.389513061379585e-12,7.394908143718002e-12,7.400325258307317e-12,7.405764295788963e-12,7.41122514843393e-12,7.416707707879512e-12,7.422211865913001e-12,7.427737513908824e-12,7.433284543822831e-12,7.438852847656004e-12,7.444442316921195e-12,7.4500528434302e-12,7.455684319131779e-12,7.461336635755086e-12,7.467009685397285e-12,7.472703360343943e-12,7.478417551911657e-12,7.484152152982292e-12,7.489907055934894e-12,7.495682153293835e-12,7.50147733709141e-12,7.50729249979307e-12,7.513127534396473e-12,7.518982333547529e-12,7.524856788717734e-12,7.530750797020554e-12,7.53666424845079e-12,7.54259703706975e-12,7.548549056501674e-12,7.55452020021838e-12,7.560510362206535e-12,7.566519436603287e-12,7.572547317395532e-12,7.578593898914625e-12,7.584659075662546e-12,7.590742742343365e-12,7.596844794110257e-12,7.602965125459046e-12,7.609103632029918e-12,7.615260209240439e-12,7.621434753048551e-12,7.627627158947392e-12,7.633837323244372e-12,7.640065142287831e-12,7.646310512652337e-12,7.652573331103724e-12,7.658853494758727e-12,7.665150900860538e-12,7.67146544693114e-12,7.677797030735436e-12,7.684145550493992e-12,7.690510904242465e-12,7.696892990512466e-12,7.703291708111506e-12,7.709706955725376e-12,7.71613863306959e-12,7.722586639740003e-12,7.729050875607751e-12,7.735531240822248e-12,7.742027635812254e-12,7.748539961291858e-12,7.755068118261622e-12,7.761612008013363e-12,7.768171532131247e-12,7.774746592494066e-12,7.781337091280852e-12,7.787942931003362e-12,7.794564012773694e-12,7.801200242949849e-12,7.807851521479766e-12,7.814517755764622e-12,7.82119884836213e-12,7.827894702886287e-12,7.834605224298163e-12,7.841330319728982e-12,7.848069890571312e-12,7.854823843777196e-12,7.861592086006476e-12,7.868374523191692e-12,7.875171061866674e-12,7.88198160885203e-12,7.888806070713735e-12,7.895644357173841e-12,7.902496374973799e-12,7.909362032443877e-12,7.91624123812672e-12,7.923133901223066e-12,7.930039930725282e-12,7.93695923639848e-12,7.943891728480004e-12,7.95083731673463e-12,7.957795912177326e-12,7.964767425844042e-12,7.971751769120387e-12,7.978748853743804e-12,7.985758591801103e-12,7.992780895700867e-12,7.99981567890877e-12,8.006862853287773e-12,8.013922333379052e-12,8.02099403230797e-12,8.028077864772322e-12,8.035173745505625e-12,8.042281588946386e-12,8.049401310645082e-12,8.05653282623866e-12,8.063676051801808e-12,8.070830903156611e-12,8.077997297569744e-12,8.085175152662592e-12,8.092364385468441e-12,8.099564913097726e-12,8.106776655169558e-12,8.113999529082296e-12,8.121233454445425e-12,8.128478350963878e-12,8.135734136912983e-12,8.143000730672987e-12,8.150278057113643e-12,8.157566035086717e-12,8.164864585587288e-12,8.172173629741945e-12,8.179493089920854e-12,8.186822887992012e-12,8.194162946336584e-12,8.20151319139116e-12,8.20887353961915e-12,8.216243918726763e-12,8.223624252955943e-12,8.23101446567494e-12,8.238414481544668e-12,8.24582422614597e-12,8.253243625458915e-12,8.260672604166138e-12,8.268111089126814e-12,8.275559006990138e-12,8.283016285652367e-12,8.290482851425569e-12,8.297958632039016e-12,8.305443555618052e-12,8.312937550452394e-12,8.320440544954474e-12,8.327952469236278e-12,8.335473251986141e-12,8.343002823367395e-12,8.350541113404994e-12,8.358088052652011e-12,8.36564357200811e-12,8.373207602741633e-12,8.380780076470586e-12,8.388360925095763e-12,8.39595008102829e-12,8.403547475732457e-12,8.411153043323195e-12,8.418766717442713e-12,8.42638843176221e-12,8.434018120381163e-12,8.441655717861959e-12,8.449301158743974e-12,8.45695437927844e-12,8.46461531077112e-12,8.472283896150131e-12,8.479960067824151e-12,8.48764376232396e-12,8.495334916443993e-12,8.50303346661321e-12,8.510739350347873e-12,8.518452506779558e-12,8.526172873437601e-12,8.53390038898317e-12,8.541634992344677e-12,8.549376622792662e-12,8.557125219932762e-12,8.564880723689372e-12,8.57264307432767e-12,8.580412212441948e-12,8.588188078966025e-12,8.595970617873554e-12,8.603759768039871e-12,8.611555471320848e-12,8.619357670010458e-12,8.627166306696316e-12,8.634981324243011e-12,8.642802665906505e-12,8.650630275178539e-12,8.658464095985593e-12,8.666304072484796e-12,8.674150149204179e-12,8.682002270990692e-12,8.6898603829695e-12,8.697724430668039e-12,8.705594359841077e-12,8.713470116584653e-12,8.721351647311959e-12,8.729238896513964e-12,8.737131813401916e-12,8.74503034543178e-12,8.752934440223828e-12,8.760844045784457e-12,8.76875911023756e-12,8.776679582121847e-12,8.784605410475553e-12,8.792536544484699e-12,8.8004729336556e-12,8.808414527736304e-12,8.816361275443322e-12,8.824313130021466e-12,8.832270040661057e-12,8.840231958302582e-12,8.848198834256174e-12,8.856170624592558e-12,8.86414727128326e-12,8.872128733650447e-12,8.88011496165494e-12,8.888105908774543e-12,8.896101528000593e-12,8.90410177270172e-12,8.912106596769668e-12,8.920115953449769e-12,8.92812979716851e-12,8.936148086003254e-12,8.944170767094572e-12,8.952197799542922e-12,8.960229138092522e-12,8.968264738982096e-12,8.976304558121129e-12,8.984348550607465e-12,8.992396678025076e-12,9.000448887017283e-12,9.008505139158762e-12,9.016565393533123e-12,9.024629612264617e-12,9.032697740842073e-12,9.04076974326556e-12,9.048845577954387e-12,9.056925203532852e-12,9.065008578782344e-12,9.07309566303992e-12,9.081186415023864e-12,9.089280792260053e-12,9.097378757701572e-12,9.105480271082573e-12,9.113585290407233e-12,9.121693778987008e-12,9.129805697017042e-12,9.137921004692964e-12,9.146039663505687e-12,9.154161634591429e-12,9.162286880151022e-12,9.170415365505919e-12,9.178547047145568e-12,9.186681889862493e-12,9.194819856673984e-12,9.202960910474634e-12,9.211105014467941e-12,9.219252138147721e-12,9.22740223352302e-12,9.235555275483808e-12,9.243711220079062e-12,9.251870032684703e-12,9.260031679197304e-12,9.268196125115039e-12,9.276363335620627e-12,9.284533276318535e-12,9.292705912191897e-12,9.300881212415735e-12,9.309059138356064e-12,9.317239658723756e-12,9.325422736953514e-12,9.333608339638258e-12,9.341796438162071e-12,9.349987000936772e-12,9.358179987530674e-12,9.366375369594366e-12,9.37457311454256e-12,9.382773190744837e-12,9.39097556607219e-12,9.399180209139816e-12,9.407387088378352e-12,9.415596172611068e-12,9.423807430630348e-12,9.432020831762973e-12,9.44023634573799e-12,9.448453943606735e-12,9.456673591681555e-12,9.464895262486641e-12,9.473118925042583e-12,9.481344549912458e-12,9.489572106282704e-12,9.497801567660717e-12,9.50603290455189e-12,9.5142660877441e-12,9.522501092066168e-12,9.530737883283655e-12,9.538976435000061e-12,9.547216717828338e-12,9.555458707586777e-12,9.563702376580616e-12,9.571947694786746e-12,9.580194631746932e-12,9.588443167642277e-12,9.596693272572186e-12,9.604944919594381e-12,9.613198082022941e-12,9.62145273364112e-12,9.629708848141923e-12,9.637966399587753e-12,9.646225362105537e-12,9.654485710033631e-12,9.662747417885619e-12,9.671010460347455e-12,9.679274812282492e-12,9.687540448723062e-12,9.695807344871917e-12,9.704075476105133e-12,9.712344817964485e-12,9.72061534615653e-12,9.728887036561159e-12,9.737159865222098e-12,9.745433808344437e-12,9.75370884230044e-12,9.76198494362391e-12,9.770262089010487e-12,9.77854025531567e-12,9.786819419559054e-12,9.795099558912274e-12,9.803380650709339e-12,9.811662672441974e-12,9.819945601754958e-12,9.828229416449689e-12,9.83651409448052e-12,9.84479961395519e-12,9.853085953134646e-12,9.861373093088765e-12,9.869661005696551e-12,9.877949673596666e-12,9.886239076090974e-12,9.894529191973592e-12,9.90282000361096e-12,9.911111486605327e-12,9.919403621311865e-12,9.927696384068422e-12,9.935989764294416e-12,9.944283727795008e-12,9.952578261700234e-12,9.96087334612156e-12,9.969168961357851e-12,9.97746508784158e-12,9.985761705307868e-12,9.99405879529056e-12,1.000235633863558e-11,1.0010654316318106e-11,1.0018952709450544e-11,1.0027251499276112e-11,1.0035550667172575e-11,1.0043850194648487e-11,1.0052150063343846e-11,1.006045025502934e-11,1.0068750751603102e-11,1.0077051535091961e-11,1.0085352587650718e-11,1.0093653891563123e-11,1.010195542923106e-11,1.0110257183182873e-11,1.0118559136082218e-11,1.0126861271503984e-11,1.0135163571555433e-11,1.0143466019266028e-11,1.0151768597761254e-11,1.0160071290334654e-11,1.0168374080345197e-11,1.0176676951147632e-11,1.018497988654477e-11,1.019328287027588e-11,1.0201585886197036e-11,1.0209888918282063e-11,1.0218191950617585e-11,1.0226494967405658e-11,1.0234797952855135e-11,1.024310089147058e-11,1.0251403767958758e-11,1.0259706566235498e-11,1.0268009272642124e-11,1.0276311871426443e-11,1.0284614348392877e-11,1.029291668535596e-11,1.0301218870999618e-11,1.0309520885156169e-11,1.0317822721077972e-11,1.0326124353037532e-11,1.0334425779921685e-11,1.0342726983152241e-11,1.0351027952451258e-11,1.0359328666630636e-11,1.0367629109314933e-11,1.0375929271164062e-11,1.0384229138462951e-11,1.0392528701633496e-11,1.0400827938233187e-11,1.0409126839032436e-11,1.0417425389786348e-11,1.0425723578387244e-11,1.0434021392357447e-11,1.0442318817405085e-11,1.0450615840576767e-11,1.0458912449329704e-11,1.0467208631077038e-11,1.0475504371418218e-11,1.0483799660731641e-11,1.0492094485044718e-11,1.0500388831942356e-11,1.050868268899232e-11,1.0516976043892058e-11,1.0525268884294022e-11,1.0533561198848218e-11,1.0541852975176688e-11,1.055014420141971e-11,1.0558434865835909e-11,1.0566724956497512e-11,1.0575014462433702e-11,1.0583303372683563e-11,1.0591591675832764e-11,1.0599879357318795e-11,1.0608166407161081e-11,1.0616452815389437e-11,1.0624738570045126e-11,1.0633023660857378e-11,1.0641308078692329e-11,1.0649591809800029e-11,1.0657874844756028e-11,1.0666157168989154e-11,1.0674438776239606e-11,1.0682719654547091e-11,1.0690999794209071e-11,1.0699279184408597e-11,1.0707557813292978e-11,1.0715835672286502e-11,1.0724112745761556e-11,1.0732389035335226e-11,1.0740664523963139e-11,1.0748939202217422e-11,1.075721306021319e-11,1.0765486088464899e-11,1.0773758271364673e-11,1.078202960478248e-11,1.0790300085197631e-11,1.0798569696896293e-11,1.0806838431447798e-11,1.0815106278241838e-11,1.082337322893571e-11,1.0831639274026273e-11,1.0839904403691466e-11,1.0848168609519343e-11,1.085643188526419e-11,1.0864694213686342e-11,1.0872955594077035e-11,1.088121601514068e-11,1.0889475467545619e-11,1.0897733943720006e-11,1.0905991433993248e-11,1.0914247929316379e-11,1.0922503422388479e-11,1.0930757900069072e-11,1.0939011363473755e-11,1.0947263803289097e-11,1.0955515203261511e-11,1.0963765560397897e-11,1.0972014864328717e-11,1.0980263110553668e-11,1.0988510291156643e-11,1.0996756389906094e-11,1.1005001405805768e-11,1.1013245329958734e-11,1.102148815312014e-11,1.1029729870813375e-11,1.1037970473829625e-11,1.1046209954499628e-11,1.1054448307908754e-11,1.1062685521696047e-11,1.1070921590904677e-11,1.107915650349065e-11,1.1087390261700667e-11,1.1095622853395168e-11,1.1103854271615445e-11,1.1112084509311623e-11,1.1120313559420415e-11,1.1128541414862385e-11,1.1136768069331366e-11,1.1144993513784453e-11,1.1153217744585582e-11,1.1161440752549962e-11,1.1169662531496116e-11,1.1177883074933406e-11,1.1186102376683599e-11,1.1194320429487525e-11,1.1202537228313449e-11,1.1210752763397256e-11,1.1218967029337068e-11,1.1227180021755513e-11,1.1235391734277795e-11,1.124360215881731e-11,1.1251811290961558e-11,1.1260019124053774e-11,1.126822565397369e-11,1.127643086893137e-11,1.1284634766580301e-11,1.1292837340606721e-11,1.1301038584965992e-11,1.1309238493865726e-11,1.1317437061498122e-11,1.1325634281914088e-11,1.1333830149237054e-11,1.1342024658140417e-11,1.1350217802829589e-11,1.1358409577672319e-11,1.1366599977833599e-11,1.137478899654834e-11,1.1382976627318449e-11,1.1391162867127517e-11,1.139934770993753e-11,1.1407531155265429e-11,1.141571318810103e-11,1.1423893807263206e-11,1.1432073014235063e-11,1.144025079107425e-11,1.1448427139312044e-11,1.1456602053684532e-11,1.1464775529395571e-11,1.1472947560718906e-11,1.1481118143277e-11,1.148928727208711e-11,1.1497454942134907e-11,1.1505621148682923e-11,1.1513785886713767e-11,1.1521949151619828e-11,1.1530110938345094e-11,1.153827124231835e-11,1.1546430059150261e-11,1.1554587384042537e-11,1.1562743212283981e-11,1.1570897544427097e-11,1.157905036605056e-11,1.1587201678404082e-11,1.1595351479307528e-11,1.1603499757069696e-11,1.1611646511672129e-11,1.1619791738583095e-11,1.162793543346153e-11,1.163607759202214e-11,1.1644218210433174e-11,1.1652357284181281e-11,1.1660494808776961e-11,1.1668630780683738e-11,1.167676519532803e-11,1.1684898050241198e-11,1.1693029338628025e-11,1.1701159057919165e-11,1.170928720451364e-11,1.1717413773655079e-11,1.1725538763018803e-11,1.173366216645622e-11,1.1741783981289757e-11,1.1749904207472274e-11,1.1758022833443955e-11,1.1766139859714008e-11,1.1774255282235903e-11,1.1782369097517372e-11,1.1790481301794725e-11,1.1798591891620582e-11,1.1806700861624304e-11,1.1814808210032461e-11,1.1822913934696132e-11,1.1831018030576986e-11,1.1839120495397146e-11,1.1847221323525127e-11,1.1855320512855671e-11,1.1863418059483272e-11,1.1871513961893408e-11,1.1879608214927557e-11,1.1887700815031577e-11,1.189579175821372e-11,1.1903881041176342e-11,1.1911968664407762e-11,1.1920054622175221e-11,1.1928138911222422e-11,1.193622153018426e-11,1.1944302478657776e-11,1.1952381743924827e-11,1.1960459330731547e-11,1.1968535232004616e-11,1.1976609445896642e-11,1.1984681969798151e-11,1.19927528015908e-11,1.2000821937458847e-11,1.2008889374775568e-11,1.2016955110360617e-11,1.2025019141724365e-11,1.2033081466262422e-11,1.2041142080655139e-11,1.2049200982869423e-11,1.2057258169672368e-11,1.2065313638404743e-11,1.2073367385902936e-11,1.2081419409889809e-11,1.2089469708235852e-11,1.2097518277866961e-11,1.2105565115575817e-11,1.2113610219860982e-11,1.2121653587622564e-11,1.2129695216359323e-11,1.2137735102978205e-11,1.2145773246011037e-11,1.2153809642633264e-11,1.2161844289961207e-11,1.2169877185932417e-11,1.2177908328268902e-11,1.218593771378638e-11,1.2193965341262517e-11,1.2201991207889023e-11,1.2210015311335193e-11,1.2218037651224057e-11,1.2226058221412073e-11,1.2234077021590227e-11,1.2242094051235869e-11,1.2250109304703423e-11,1.2258122781511803e-11,1.2266134480898777e-11,1.2274144397543243e-11,1.2282152539006625e-11,1.2290158889119058e-11,1.2298163450364216e-11,1.230616622268891e-11,1.2314167203106642e-11,1.2322166391490805e-11,1.2330163783426141e-11,1.233815937422701e-11,1.2346153169084867e-11,1.2354145160190657e-11,1.2362135350110186e-11,1.2370123734754918e-11,1.237811031204056e-11,1.238609507790433e-11,1.2394078034267082e-11,1.2402059176185123e-11,1.2410038504909188e-11,1.2418016013561532e-11,1.242599171620382e-11,1.2433965588371234e-11,1.2441937638631243e-11,1.244990786519096e-11,1.2457876267881774e-11,1.2465842843446727e-11,1.2473807591377438e-11,1.2481770508275572e-11,1.2489731592969164e-11,1.249769084254536e-11,1.2505648264372076e-11,1.2513603840563259e-11,1.2521557581218559e-11,1.2529509480486645e-11,1.2537459537321029e-11,1.2545407749997693e-11,1.2553354116991927e-11,1.2561298637501243e-11,1.2569241310861938e-11,1.257718213573982e-11,1.2585121110926411e-11,1.2593058227588372e-11,1.2600993495106159e-11,1.2608926906315868e-11,1.261685846077428e-11,1.2624788159002996e-11,1.2632715998095791e-11,1.2640641969633584e-11,1.2648566083097305e-11,1.265648833097087e-11,1.2664408715785314e-11,1.2672327235873246e-11,1.268024388727373e-11,1.2688158668338254e-11,1.2696071581671147e-11,1.2703982623500483e-11,1.2711891790681628e-11,1.2719799075114553e-11,1.2727704494877756e-11,1.2735608033648367e-11,1.2743509699241683e-11,1.2751409485607215e-11,1.275930739237149e-11,1.2767203416585016e-11,1.2775097563339301e-11,1.278298982172555e-11,1.2790880198629707e-11,1.2798768689245885e-11,1.2806655290404235e-11,1.281454000374424e-11,1.2822422828106512e-11,1.2830303763235001e-11,1.2838182806178444e-11,1.2846059957173834e-11,1.2853935214679667e-11,1.2861808578110664e-11,1.2869680047114286e-11,1.2877549619232142e-11,1.2885417294768425e-11,1.28932830714916e-11,1.290114695033347e-11,1.2909008927859485e-11,1.2916869004112186e-11,1.2924727180334942e-11,1.2932583452442092e-11,1.2940437818210693e-11,1.2948290281157003e-11,1.2956140839418773e-11,1.296398949213453e-11,1.29718362326758e-11,1.2979681066832827e-11,1.2987523995578187e-11,1.2995365012573548e-11,1.3003204117268098e-11,1.3011041311360554e-11,1.3018876593097533e-11,1.3026709963684409e-11,1.3034541413624785e-11,1.3042370954230991e-11,1.3050198582689087e-11,1.3058024294081157e-11,1.3065848089717336e-11,1.3073669962481632e-11,1.3081489918085684e-11,1.3089307956858353e-11,1.3097124072910169e-11,1.3104938267727373e-11,1.3112750542585919e-11,1.312056089823481e-11,1.3128369328803442e-11,1.3136175835919249e-11,1.3143980419528664e-11,1.315178307727914e-11,1.315958381395831e-11,1.3167382620593588e-11,1.3175179500731944e-11,1.3182974453768072e-11,1.3190767480828973e-11,1.3198558577845435e-11,1.3206347747455567e-11,1.321413498609053e-11,1.322192029728168e-11,1.3229703675670706e-11,1.3237485123774072e-11,1.3245264639587978e-11,1.3253042224116505e-11,1.3260817876901235e-11,1.3268591596284996e-11,1.3276363382466281e-11,1.3284133231637742e-11,1.3291901145979824e-11,1.3299667124528326e-11,1.3307431167227199e-11,1.3315193276570847e-11,1.3322953448155119e-11,1.3330711681414628e-11,1.3338467983967167e-11,1.334622234119021e-11,1.3353974760263763e-11,1.3361725241769078e-11,1.3369473783951882e-11,1.3377220386057111e-11,1.3384965047249001e-11,1.3392707769236228e-11,1.3400448546615615e-11,1.3408187383756702e-11,1.3415924279061064e-11,1.342365923391361e-11,1.343139224445078e-11,1.343912331402641e-11,1.3446852439090465e-11,1.3454579619815373e-11,1.3462304857932606e-11,1.3470028144638558e-11,1.3477749492279993e-11,1.3485468895091018e-11,1.349318635344354e-11,1.3500901865575498e-11,1.3508615431781833e-11,1.351632705333779e-11,1.3524036729015786e-11,1.353174445478231e-11,1.3539450236849688e-11,1.3547154070862994e-11,1.3554855957495198e-11,1.3562555895110773e-11,1.3570253883690087e-11,1.3577949924971517e-11,1.3585644017529713e-11,1.3593336159864164e-11,1.3601026354119606e-11,1.3608714598831089e-11,1.3616400893372046e-11,1.3624085242759814e-11,1.3631767626120415e-11,1.363944807123896e-11,1.364712656609119e-11,1.3654803109855694e-11,1.366247770546825e-11,1.367015034771133e-11,1.3677821041397015e-11,1.3685489786175068e-11,1.3693156575238521e-11,1.3700821412492149e-11,1.3708484297796802e-11,1.3716145236233626e-11,1.3723804218324727e-11,1.373146125364842e-11,1.3739116329176603e-11,1.3746769453530327e-11,1.3754420626596398e-11,1.3762069845495365e-11,1.376971711153861e-11,1.3777362425202239e-11,1.37850057858591e-11,1.379264719260461e-11,1.3800286646228458e-11,1.3807924145113939e-11,1.3815559692124542e-11,1.3823193293504198e-11,1.3830824933554903e-11,1.3838454619674197e-11,1.3846082352734442e-11,1.385370813151142e-11,1.386133195549858e-11,1.386895382223058e-11,1.3876573736649007e-11,1.38841916985374e-11,1.3891807706853262e-11,1.3899421761659848e-11,1.3907033859242724e-11,1.3914644004683888e-11,1.3922252194696565e-11,1.392985843313055e-11,1.3937462716231372e-11,1.3945065045640043e-11,1.395266542013608e-11,1.3960263840653888e-11,1.3967860303133113e-11,1.3975454813428842e-11,1.3983047368985733e-11,1.3990637971481079e-11,1.3998226623466709e-11,1.4005813309240766e-11,1.4013398043491794e-11,1.4020980827642776e-11,1.4028561659090687e-11,1.4036140536494318e-11,1.4043717455144515e-11,1.4051292423813802e-11,1.4058865439421356e-11,1.4066436499111013e-11,1.4074005605429617e-11,1.4081572753323733e-11,1.4089137952272742e-11,1.4096701197165332e-11,1.4104262488485257e-11,1.4111821826732274e-11,1.4119379210714617e-11,1.4126934641163905e-11,1.4134488118161694e-11,1.4142039642078828e-11,1.4149589212896203e-11,1.415713683050404e-11,1.4164682494471126e-11,1.417222620593373e-11,1.4179767964022705e-11,1.4187307769838604e-11,1.419484562433367e-11,1.4202381515137268e-11,1.420991545088133e-11,1.421744744629469e-11,1.4224977488114645e-11,1.423250558655679e-11,1.424003172615473e-11,1.4247555913012539e-11,1.4255078146819623e-11,1.4262598418842124e-11,1.427011675178881e-11,1.4277633133266346e-11,1.4285147562640774e-11,1.4292660035965135e-11,1.4300170563309528e-11,1.4307679139431918e-11,1.4315185764534546e-11,1.4322690434584615e-11,1.4330193159699013e-11,1.4337693933158293e-11,1.4345192758070247e-11,1.4352689633235095e-11,1.4360184558143562e-11,1.4367677532578269e-11,1.4375168559936774e-11,1.4382657635862891e-11,1.4390144759140211e-11,1.4397629939567676e-11,1.4405113170117837e-11,1.4412594452224914e-11,1.4420073787167349e-11,1.442755117299066e-11,1.4435026609888992e-11,1.4442500100139735e-11,1.4449971643945234e-11,1.4457441232427498e-11,1.4464908883067913e-11,1.4472374584483662e-11,1.4479838338239241e-11,1.4487300146346552e-11,1.4494759997533315e-11,1.4502217913883765e-11,1.4509673887288768e-11,1.4517127912068366e-11,1.4524579981349107e-11,1.4532030117465277e-11,1.453947830760184e-11,1.4546924554712922e-11,1.4554368854790992e-11,1.4561811210873895e-11,1.4569251623391458e-11,1.4576690090635225e-11,1.458412661533273e-11,1.4591561198342528e-11,1.4598993836765594e-11,1.460642453344689e-11,1.4613853286905624e-11,1.4621280097900844e-11,1.4628704968170246e-11,1.463612789532831e-11,1.4643548881397384e-11,1.4650967929224145e-11,1.4658385032449413e-11,1.4665800194915342e-11,1.467321341686106e-11,1.468062469869775e-11,1.4688034039509606e-11,1.4695441443179907e-11,1.4702846904866343e-11,1.4710250428793707e-11,1.4717652014009587e-11,1.4725051663332942e-11,1.473244937256871e-11,1.4739845141789908e-11,1.4747238973752486e-11,1.4754630868078113e-11,1.4762020822720383e-11,1.4769408843445247e-11,1.4776794927316132e-11,1.4784179073945515e-11,1.4791561284419738e-11,1.4798941559724808e-11,1.4806319901126685e-11,1.4813696306879687e-11,1.482107077673963e-11,1.482844331504541e-11,1.483581391693729e-11,1.4843182585768444e-11,1.4850549320147092e-11,1.4857914120358458e-11,1.4865276990066223e-11,1.487263792429445e-11,1.4879996926589675e-11,1.488735399661219e-11,1.4894709137604675e-11,1.4902062345416678e-11,1.4909413618066243e-11,1.4916762963546924e-11,1.492411037879315e-11,1.4931455863843768e-11,1.493879941866283e-11,1.4946141046265836e-11,1.4953480741342138e-11,1.4960818508759e-11,1.496815434764815e-11,1.497548825824236e-11,1.4982820240971767e-11,1.499015029624974e-11,1.4997478424568526e-11,1.50048046258105e-11,1.5012128900579485e-11,1.5019451249081725e-11,1.5026771671824082e-11,1.503409016845692e-11,1.5041406740539635e-11,1.5048721387806722e-11,1.5056034110603563e-11,1.5063344908175694e-11,1.5070653783034712e-11,1.5077960734510476e-11,1.508526576791175e-11,1.5092568878004698e-11,1.5099870064320993e-11,1.5107169329950382e-11,1.5114466669578026e-11,1.512176209154079e-11,1.5129055592452854e-11,1.5136347171552736e-11,1.5143636831421216e-11,1.5150924567956365e-11,1.515821038531017e-11,1.5165494283268176e-11,1.5172776262450748e-11,1.518005632566778e-11,1.518733446829206e-11,1.519461069170618e-11,1.5201884999695555e-11,1.5209157390410353e-11,1.521642786457918e-11,1.522369642292063e-11,1.523096306507367e-11,1.5238227791632433e-11,1.5245490603383935e-11,1.5252751502334253e-11,1.5260010485061587e-11,1.5267267554029517e-11,1.5274522704346006e-11,1.528177594643159e-11,1.5289027275104375e-11,1.5296276691976588e-11,1.5303524194005535e-11,1.5310769781164938e-11,1.5318013463650943e-11,1.5325255235183537e-11,1.5332495094930833e-11,1.5339733042754306e-11,1.5346969083554088e-11,1.5354203216573837e-11,1.5361435440458257e-11,1.5368665754906465e-11,1.5375894161213987e-11,1.538312065934064e-11,1.539034526143539e-11,1.539756794524802e-11,1.5404788722478958e-11,1.5412007593433472e-11,1.5419224558728562e-11,1.542643961856802e-11,1.543365277351425e-11,1.544086402388736e-11,1.544807337008597e-11,1.545528081250377e-11,1.546248635149942e-11,1.5469689987565735e-11,1.547689172109321e-11,1.5484091552478607e-11,1.549128948252121e-11,1.5498485511238893e-11,1.55056796385793e-11,1.5512871865805213e-11,1.5520062193004167e-11,1.5527250620559296e-11,1.5534437148674402e-11,1.5541621777479062e-11,1.554880450780533e-11,1.555598534048003e-11,1.5563164274927038e-11,1.557034131153292e-11,1.557751645207726e-11,1.5584689696040767e-11,1.5591861044056847e-11,1.5599030497138003e-11,1.56061980545482e-11,1.5613363716884238e-11,1.5620527485054918e-11,1.5627689359505443e-11,1.5634849341365564e-11,1.564200742765415e-11,1.564916362350447e-11,1.5656317928746466e-11,1.5663470339961726e-11,1.5670620859727593e-11,1.5677769490803063e-11,1.5684916230117878e-11,1.5692061080915515e-11,1.5699204044652454e-11,1.5706345115009567e-11,1.5713484299383897e-11,1.572062159384047e-11,1.572775700052141e-11,1.5734890516726722e-11,1.5742022146326127e-11,1.5749151893000258e-11,1.575627974928222e-11,1.5763405719300338e-11,1.5770529804446296e-11,1.5777652010465073e-11,1.578477232651341e-11,1.5791890758302388e-11,1.579900730656449e-11,1.5806121971449682e-11,1.581323475293917e-11,1.582034565211422e-11,1.5827454670105838e-11,1.583456180662353e-11,1.584166706192927e-11,1.584877043661118e-11,1.585587193128474e-11,1.586297154585759e-11,1.587006928201789e-11,1.5877165138503793e-11,1.588425911651248e-11,1.589135121653844e-11,1.5898441438121106e-11,1.5905529784415437e-11,1.5912616253521996e-11,1.5919700846266377e-11,1.5926783571381924e-11,1.593386441289155e-11,1.5940943379482228e-11,1.5948020479675864e-11,1.5955095697848906e-11,1.5962169042457954e-11,1.596924051395693e-11,1.597631011291254e-11,1.598337783965755e-11,1.599044369956243e-11,1.5997507684441342e-11,1.600456979709083e-11,1.6011630039403035e-11,1.6018688411438937e-11,1.6025744914100933e-11,1.6032799547792133e-11,1.6039852314118276e-11,1.60469032122159e-11,1.6053952242581515e-11,1.6060999404403482e-11,1.6068044699246453e-11,1.6075088127833687e-11,1.6082129690523437e-11,1.608916938766752e-11,1.6096207220621748e-11,1.610324318813457e-11,1.6110277292763893e-11,1.611730953300182e-11,1.6124339910608946e-11,1.6131368425498587e-11,1.6138395078596963e-11,1.614541986936281e-11,1.615244279847469e-11,1.6159463867177056e-11,1.6166483074376778e-11,1.6173500422390582e-11,1.6180515910648076e-11,1.61875295384829e-11,1.6194541307606697e-11,1.6201551219599017e-11,1.6208559273459816e-11,1.62155654692984e-11,1.6222569810784442e-11,1.622957229284375e-11,1.623657291901713e-11,1.6243571689622984e-11,1.6250568604664217e-11,1.6257563665874538e-11,1.6264556872881327e-11,1.6271548227676466e-11,1.6278537728282388e-11,1.6285525375569396e-11,1.629251117212223e-11,1.6299495116849734e-11,1.6306477208156135e-11,1.6313457450668973e-11,1.6320435842770544e-11,1.6327412382923308e-11,1.6334387074677135e-11,1.6341359918208014e-11,1.6348330915101235e-11,1.635530005985099e-11,1.6362267357671778e-11,1.6369232808819045e-11,1.6376196412106842e-11,1.638315817025428e-11,1.6390118083421014e-11,1.639707614749269e-11,1.6404032369581836e-11,1.6410986746635392e-11,1.641793928036417e-11,1.6424889970633614e-11,1.64318388178694e-11,1.6438785822540016e-11,1.6445730985121234e-11,1.6452674306004715e-11,1.6459615785805204e-11,1.6466555424963944e-11,1.647349322386619e-11,1.648042918207111e-11,1.6487363301115743e-11,1.649429558210175e-11,1.650122602476038e-11,1.6508154631898912e-11,1.6515081399167154e-11,1.6522006331141892e-11,1.6528929425024177e-11,1.6535850672943114e-11,1.6542770095116272e-11,1.6549687682283298e-11,1.6556603435412106e-11,1.6563517353797087e-11,1.6570429439980485e-11,1.6577339699745062e-11,1.6584248115379616e-11,1.6591154701226643e-11,1.659805945546219e-11,1.6604962377343027e-11,1.6611863469266296e-11,1.6618762732715914e-11,1.6625660164197116e-11,1.6632555767199817e-11,1.663944953068429e-11,1.6646341474400337e-11,1.6653231591698984e-11,1.6660119881132458e-11,1.666700634326528e-11,1.6673890976597845e-11,1.6680773780482433e-11,1.6687654765188394e-11,1.6694533914665537e-11,1.6701411248438784e-11,1.6708286748576562e-11,1.6715160434245642e-11,1.672203229769032e-11,1.6728902334575694e-11,1.67357705514204e-11,1.6742636946527697e-11,1.6749501506507785e-11,1.6756364259167645e-11,1.6763225196125602e-11,1.6770084308220974e-11,1.6776941601276496e-11,1.678379707514462e-11,1.6790650730324976e-11,1.6797502569218324e-11,1.680435259293273e-11,1.681120079777154e-11,1.6818047181315224e-11,1.6824891752647567e-11,1.683173450581394e-11,1.6838575442344243e-11,1.684541456546123e-11,1.685225187429213e-11,1.6859087369566555e-11,1.6865921050455478e-11,1.6872752917416477e-11,1.6879582971824777e-11,1.688641121539466e-11,1.6893237646387307e-11,1.6900062267487196e-11,1.690688507799944e-11,1.6913706078226425e-11,1.692052526807522e-11,1.6927342648369012e-11,1.6934158218021735e-11,1.694097198215146e-11,1.69477839364278e-11,1.6954594086717298e-11,1.6961402432879525e-11,1.6968208969305348e-11,1.697501370000756e-11,1.6981816624185114e-11,1.6988617747137337e-11,1.699541706185301e-11,1.700221457135017e-11,1.700901027993814e-11,1.7015804185898714e-11,1.7022596288819138e-11,1.7029386586511434e-11,1.7036175075637294e-11,1.704296177402091e-11,1.7049746672306046e-11,1.7056529765428236e-11,1.7063311063428602e-11,1.7070090562441182e-11,1.707686826247254e-11,1.7083644164857013e-11,1.709041826624842e-11,1.709719057294399e-11,1.710396108316264e-11,1.711072979722824e-11,1.7117496717113757e-11,1.7124261839364643e-11,1.713102516732459e-11,1.7137786695562593e-11,1.7144546434914724e-11,1.7151304380762587e-11,1.7158060533584034e-11,1.7164814895184096e-11,1.7171567465556067e-11,1.7178318232588607e-11,1.718506720796341e-11,1.7191814398901864e-11,1.7198559803858295e-11,1.720530341582024e-11,1.7212045241255677e-11,1.7218785267430684e-11,1.7225523514286927e-11,1.7232259977166614e-11,1.7238994650697804e-11,1.7245727537378063e-11,1.7252458639810444e-11,1.7259187956530686e-11,1.7265915485867697e-11,1.7272641226174888e-11,1.72793651859495e-11,1.7286087363126585e-11,1.729280775476167e-11,1.7299526363446374e-11,1.730624318953466e-11,1.7312958230739293e-11,1.7319671493295655e-11,1.732638297536067e-11,1.7333092676026963e-11,1.7339800595799528e-11,1.7346506737325798e-11,1.7353211097244648e-11,1.7359913680752222e-11,1.736661448664162e-11,1.7373313509582736e-11,1.7380010770176722e-11,1.738670624473883e-11,1.7393399941866886e-11,1.7400091862603802e-11,1.7406782006054114e-11,1.741347037771936e-11,1.7420156973154803e-11,1.742684179512243e-11,1.743352483590804e-11,1.7440206116373358e-11,1.7446885619271008e-11,1.7453563350330745e-11,1.7460239306662238e-11,1.746691349448371e-11,1.7473585911875852e-11,1.7480256561437215e-11,1.7486925447275144e-11,1.7493592555397402e-11,1.750025789031431e-11,1.7506921458272043e-11,1.7513583262145446e-11,1.752024330649061e-11,1.7526901574348284e-11,1.7533558087432398e-11,1.7540212822996883e-11,1.7546865794473684e-11,1.7553517000979835e-11,1.7560166441718164e-11,1.7566814118790012e-11,1.7573460032998808e-11,1.7580104183641493e-11,1.758674657244227e-11,1.7593387198101706e-11,1.7600026063161322e-11,1.7606663166888604e-11,1.7613298506014384e-11,1.7619932089024453e-11,1.7626563912300465e-11,1.7633193975192414e-11,1.763982228042475e-11,1.7646448827347005e-11,1.7653073616434488e-11,1.7659696648160785e-11,1.7666317921930664e-11,1.767293744070069e-11,1.767955520294799e-11,1.7686171209975894e-11,1.7692785456307026e-11,1.7699397953833098e-11,1.770600869731889e-11,1.771261768723882e-11,1.7719224924067085e-11,1.772583040827749e-11,1.7732434140344102e-11,1.773903611952586e-11,1.7745636348727276e-11,1.7752234827207273e-11,1.775883155543906e-11,1.7765426533896605e-11,1.777201976305376e-11,1.7778611243384252e-11,1.778520097409995e-11,1.779178895819828e-11,1.77983751948907e-11,1.780495968465092e-11,1.781154242795178e-11,1.781812342398302e-11,1.782470267461236e-11,1.7831280180238604e-11,1.7837855942437693e-11,1.784442996054408e-11,1.7851002235030855e-11,1.7857572766361594e-11,1.7864141555027906e-11,1.7870708601493424e-11,1.7877273904995276e-11,1.7883837468478524e-11,1.7890399291179353e-11,1.789695937357058e-11,1.7903517716123278e-11,1.7910074318245543e-11,1.7916629181422823e-11,1.792318230730127e-11,1.7929733695232536e-11,1.7936283344658416e-11,1.794283125811205e-11,1.794937743503506e-11,1.7955921875899485e-11,1.7962464581177527e-11,1.7969005551341005e-11,1.797554478686182e-11,1.7982082288554724e-11,1.7988618056545425e-11,1.799515209096862e-11,1.8001684392636066e-11,1.8008214962019386e-11,1.8014743799590128e-11,1.8021270905819138e-11,1.8027796281178e-11,1.8034319926138352e-11,1.8040841841171097e-11,1.8047362026747597e-11,1.8053880483338462e-11,1.806039721186965e-11,1.806691221190248e-11,1.807342548501463e-11,1.8079937030372224e-11,1.8086446849098914e-11,1.8092954942342954e-11,1.8099461309218602e-11,1.8105965950874354e-11,1.8112468867780943e-11,1.811897006040844e-11,1.8125469530612185e-11,1.81319672733918e-11,1.8138463297302845e-11,1.814495759881012e-11,1.815145017817204e-11,1.8157941032089986e-11,1.8164430169196935e-11,1.817091758574364e-11,1.817740328221357e-11,1.8183887259093173e-11,1.8190369516842942e-11,1.819685005591125e-11,1.8203328876797618e-11,1.8209805979959503e-11,1.821628136587396e-11,1.822275503458756e-11,1.822922698739262e-11,1.823569722436663e-11,1.824216574597281e-11,1.8248632552661424e-11,1.825509764491622e-11,1.8261561023195285e-11,1.826802268605491e-11,1.827448263781836e-11,1.8280940877012364e-11,1.8287397404107258e-11,1.8293852219588254e-11,1.8300305323844385e-11,1.8306756717472072e-11,1.831320640247103e-11,1.831965437699175e-11,1.8326100641364977e-11,1.8332545196912024e-11,1.8338988042126327e-11,1.8345429182114686e-11,1.8351868614549434e-11,1.8358306340369096e-11,1.836474235910974e-11,1.837117667073363e-11,1.8377609276823978e-11,1.8384040177848114e-11,1.839046937427213e-11,1.8396896866562902e-11,1.8403322655186894e-11,1.840974674268929e-11,1.841616912538019e-11,1.842258980580407e-11,1.842900878442709e-11,1.843542606171548e-11,1.844184163813524e-11,1.8448255514152187e-11,1.8454667690232517e-11,1.8461078166841873e-11,1.8467486940058026e-11,1.847389401867915e-11,1.8480299400623005e-11,1.8486703083954333e-11,1.849310506980931e-11,1.8499505361836122e-11,1.8505903957715332e-11,1.8512300857723386e-11,1.8518696062197427e-11,1.852508956930956e-11,1.8531481384607088e-11,1.853787150670927e-11,1.85442599327351e-11,1.8550646668245992e-11,1.8557031710717334e-11,1.8563415059260743e-11,1.8569796718103435e-11,1.857617668396735e-11,1.8582554959149104e-11,1.8588931544159277e-11,1.8595306439453472e-11,1.8601679645493382e-11,1.8608051162785284e-11,1.8614420991511764e-11,1.8620789133705722e-11,1.8627155587182404e-11,1.8633520353729185e-11,1.8639883434028973e-11,1.864624482810536e-11,1.8652604536852863e-11,1.865896256007465e-11,1.8665318898917286e-11,1.8671673553607086e-11,1.867802652460698e-11,1.8684377812124627e-11,1.8690727417153143e-11,1.8697075339618823e-11,1.8703421580240253e-11,1.870976613948323e-11,1.8716109017773207e-11,1.8722450215632156e-11,1.8728789733454627e-11,1.8735127571816144e-11,1.874146373106019e-11,1.8747798211683346e-11,1.875413101170334e-11,1.8760462136452108e-11,1.8766791584019025e-11,1.8773119354789375e-11,1.8779445449251214e-11,1.8785769867823703e-11,1.8792092611008443e-11,1.8798413680454066e-11,1.880473307424211e-11,1.8811050788667855e-11,1.881736683492296e-11,1.882368120872313e-11,1.882999390926829e-11,1.883630493764947e-11,1.884261429439442e-11,1.8848921979810718e-11,1.885522799449982e-11,1.8861532338817957e-11,1.8867835013319106e-11,1.8874136018372578e-11,1.8880435354484522e-11,1.8886733022953748e-11,1.8893029022570805e-11,1.8899323354614068e-11,1.8905616019549084e-11,1.8911907017837214e-11,1.8918196351178725e-11,1.8924484017558205e-11,1.8930770018662295e-11,1.89370543550348e-11,1.8943337026964717e-11,1.8949618035010496e-11,1.8955897380073037e-11,1.8962175061686484e-11,1.8968451081236795e-11,1.8974725438728358e-11,1.8980998134621822e-11,1.8987269169356197e-11,1.899353854339745e-11,1.8999806257207837e-11,1.9006072310855484e-11,1.901233670556617e-11,1.9018599441028512e-11,1.90248605188676e-11,1.903111993834581e-11,1.9037377700358526e-11,1.9043633805715902e-11,1.9049888257152314e-11,1.905614104940779e-11,1.9062392186002713e-11,1.9068641666196595e-11,1.9074889492811116e-11,1.9081135665114265e-11,1.9087380183705575e-11,1.9093623048804053e-11,1.909986425709847e-11,1.910610381716807e-11,1.9112341725072856e-11,1.9118577981555977e-11,1.9124812582939878e-11,1.9131045538219892e-11,1.913727684257175e-11,1.914350649709517e-11,1.914973450837261e-11,1.915596086421082e-11,1.9162185572333684e-11,1.9168408631855755e-11,1.917463004431951e-11,1.918084981013633e-11,1.9187067928594426e-11,1.9193284400704567e-11,1.919949922716951e-11,1.9205712406854362e-11,1.92119239436064e-11,1.9218133838096147e-11,1.9224342089007715e-11,1.9230548694270942e-11,1.9236753656894044e-11,1.924295697672229e-11,1.9249158659373425e-11,1.925535869590821e-11,1.926155709106457e-11,1.926775384586981e-11,1.9273948960386162e-11,1.9280142435258404e-11,1.928633426990955e-11,1.92925244653458e-11,1.9298713023567763e-11,1.9304899946979583e-11,1.931108522973025e-11,1.9317268875421657e-11,1.9323450884437055e-11,1.9329631257368746e-11,1.9335809994580945e-11,1.934198709653584e-11,1.9348162563628444e-11,1.9354336396449284e-11,1.9360508595365754e-11,1.9366679160834277e-11,1.9372848093282346e-11,1.9379015393173526e-11,1.9385181060994806e-11,1.93913450971751e-11,1.9397507502141824e-11,1.9403668276341746e-11,1.9409827420181864e-11,1.941598493424372e-11,1.9422140819054465e-11,1.9428295074822986e-11,1.9434447702081193e-11,1.9440598701246244e-11,1.944674807280156e-11,1.9452895817248896e-11,1.945904193482085e-11,1.9465186426288496e-11,1.9471329291984507e-11,1.9477470532267512e-11,1.948361014764979e-11,1.948974813859532e-11,1.9495884505523062e-11,1.95020192489372e-11,1.9508152369212294e-11,1.9514283866804922e-11,1.9520413742177316e-11,1.9526541995054675e-11,1.9532668627408205e-11,1.953879363884499e-11,1.954491702982993e-11,1.9551038800889528e-11,1.955715895244871e-11,1.956327748533408e-11,1.956939440331165e-11,1.9575509699260812e-11,1.958162337762443e-11,1.958773543733285e-11,1.9593845881035977e-11,1.959995470755658e-11,1.9606061927476538e-11,1.961216752340859e-11,1.9618271504163432e-11,1.9624373870311445e-11,1.963047462231891e-11,1.9636573760686615e-11,1.9642671286097605e-11,1.964876719835625e-11,1.9654861498301462e-11,1.966095418602796e-11,1.966704526281624e-11,1.967313472820401e-11,1.967922258816983e-11,1.968530883278635e-11,1.969139346799504e-11,1.9697476494186802e-11,1.9703557911347492e-11,1.970963771974286e-11,1.97157159209167e-11,1.9721792516183348e-11,1.972786750110199e-11,1.9733940879570377e-11,1.9740012654718297e-11,1.974608282172429e-11,1.9752151384599756e-11,1.9758218341992878e-11,1.976428369470306e-11,1.9770347443794325e-11,1.9776409587832106e-11,1.97824701190495e-11,1.978852905815407e-11,1.979458640170141e-11,1.980064213854567e-11,1.9806696278843356e-11,1.9812748812718675e-11,1.9818799748984587e-11,1.9824849082788123e-11,1.9830896826788317e-11,1.9836942960187748e-11,1.9842987498474545e-11,1.9849030430175052e-11,1.9855071770716166e-11,1.986111151450785e-11,1.986714966087716e-11,1.987318620913524e-11,1.987922117113478e-11,1.9885254518472238e-11,1.9891286281803957e-11,1.9897316454702897e-11,1.9903345027542244e-11,1.9909372004955363e-11,1.9915397392324187e-11,1.9921421185959847e-11,1.9927443386635508e-11,1.993346399573075e-11,1.9939483018688566e-11,1.9945500446150038e-11,1.9951516266048432e-11,1.9957530512038768e-11,1.996354316870031e-11,1.996955423663209e-11,1.9975563724014753e-11,1.9981571613318656e-11,1.9987577913745142e-11,1.9993582632662364e-11,1.999958575459098e-11,2.0005587294722985e-11,2.001158724927425e-11,2.0017585616801894e-11,2.0023582399319766e-11,2.002957759750361e-11,2.003557121023977e-11,2.0041563237786028e-11,2.0047553678720473e-11,2.0053542547824556e-11,2.0059529826762553e-11,2.006551552953359e-11,2.0071499650241197e-11,2.0077482192014525e-11,2.008346315361213e-11,2.0089442525381843e-11,2.009542031728924e-11,2.0101396528946803e-11,2.0107371162408667e-11,2.0113344224847075e-11,2.0119315697773352e-11,2.0125285595569412e-11,2.0131253915674103e-11,2.013722065741611e-11,2.0143185832710096e-11,2.0149149421114667e-11,2.0155111435146985e-11,2.0161071873470983e-11,2.01670307364905e-11,2.0172988029311497e-11,2.017894374311981e-11,2.01848978844062e-11,2.019085045228487e-11,2.0196801449258218e-11,2.0202750872189e-11,2.020869872402752e-11,2.0214645003276042e-11,2.0220589710703556e-11,2.022653284976619e-11,2.023247441897412e-11,2.023841441706762e-11,2.0244352845919544e-11,2.025028970730944e-11,2.025622499890509e-11,2.026215872306522e-11,2.0268090877628524e-11,2.0274021466550267e-11,2.0279950488940657e-11,2.028587794511519e-11,2.0291803835031625e-11,2.0297728162006975e-11,2.0303650918295485e-11,2.0309572113365336e-11,2.031549174278865e-11,2.032140981120258e-11,2.0327326315682527e-11,2.0333241257384297e-11,2.033915464601467e-11,2.034506646331559e-11,2.0350976719272634e-11,2.0356885414179032e-11,2.0362792550509123e-11,2.036869812390865e-11,2.0374602138997527e-11,2.038050460195502e-11,2.0386405498438457e-11,2.03923048361844e-11,2.039820262894928e-11,2.040409884802336e-11,2.0409993512295177e-11,2.0415886620972825e-11,2.0421778172565412e-11,2.0427668168427617e-11,2.0433556632112152e-11,2.0439443520876896e-11,2.0445328850152897e-11,2.0451212626840463e-11,2.0457094847463536e-11,2.0462975514795225e-11,2.0468854633579086e-11,2.0474732199871683e-11,2.048060821424243e-11,2.0486482677912776e-11,2.049235558664903e-11,2.049822694518488e-11,2.050409675456058e-11,2.0509965014647444e-11,2.051583172361043e-11,2.052169688595335e-11,2.052756049734834e-11,2.053342256662168e-11,2.0539283082164245e-11,2.0545142050507115e-11,2.0550999474301765e-11,2.055685535045108e-11,2.0562709679423855e-11,2.0568562462678296e-11,2.0574413698791035e-11,2.0580263392337537e-11,2.058611154207974e-11,2.0591958155670796e-11,2.0597803219999864e-11,2.060364674006039e-11,2.0609488719952022e-11,2.0615329152309707e-11,2.06211680395872e-11,2.0627005393680977e-11,2.0632841205658907e-11,2.0638675476738958e-11,2.0644508204223e-11,2.065033939572621e-11,2.065616904489993e-11,2.0661997158451922e-11,2.0667823734850462e-11,2.0673648764641116e-11,2.0679472263345545e-11,2.0685294230007847e-11,2.0691114655063257e-11,2.0696933546282708e-11,2.0702750900464176e-11,2.070856672053596e-11,2.07143810022149e-11,2.0720193752932618e-11,2.072600496447483e-11,2.0731814640075463e-11,2.0737622786292575e-11,2.0743429403404194e-11,2.074923448620935e-11,2.075503803776498e-11,2.0760840057117385e-11,2.0766640565536275e-11,2.0772439520933113e-11,2.0778236952516445e-11,2.0784032845087027e-11,2.0789827214540365e-11,2.0795620054424103e-11,2.080141136504241e-11,2.0807201148162097e-11,2.081298939660737e-11,2.081877612160593e-11,2.0824561322905166e-11,2.0830344997126054e-11,2.0836127146038417e-11,2.0841907770070934e-11,2.0847686868272922e-11,2.0853464441595563e-11,2.085924049246482e-11,2.0865015014754963e-11,2.0870788016497313e-11,2.0876559495128738e-11,2.088232945000789e-11,2.088809788378278e-11,2.0893864795864523e-11,2.089963018647417e-11,2.0905394050862437e-11,2.0911156387988572e-11,2.0916917217133174e-11,2.092267652540549e-11,2.0928434319342342e-11,2.0934190590616445e-11,2.093994536292304e-11,2.0945698597774682e-11,2.095145031503037e-11,2.0957200514723144e-11,2.096294919698296e-11,2.0968696360770627e-11,2.097444201555893e-11,2.0980186151165637e-11,2.0985928769555258e-11,2.0991669875523772e-11,2.0997409464300784e-11,2.1003147541848508e-11,2.1008884106451074e-11,2.1014619153027597e-11,2.102035269093535e-11,2.1026084714096662e-11,2.1031815225012735e-11,2.103754423093328e-11,2.1043271725276808e-11,2.104899770779414e-11,2.1054722179573353e-11,2.1060445143784358e-11,2.1066166595583694e-11,2.1071886540145645e-11,2.1077604976012557e-11,2.108332190381792e-11,2.1089037324886512e-11,2.1094751238679435e-11,2.110046363968685e-11,2.110617454077926e-11,2.1111883938015402e-11,2.111759182272528e-11,2.1123298207225356e-11,2.1129003087490443e-11,2.113470646213695e-11,2.1140408332428085e-11,2.1146108701122337e-11,2.115180756825111e-11,2.115750493798002e-11,2.1163200798509586e-11,2.1168895159314558e-11,2.1174588014250524e-11,2.118027937237036e-11,2.1185969232082225e-11,2.1191657588984533e-11,2.1197344439498372e-11,2.1203029796062193e-11,2.1208713641115653e-11,2.1214396003917975e-11,2.1220076864871815e-11,2.1225756227838838e-11,2.123143409370269e-11,2.123711046261035e-11,2.1242785337473768e-11,2.124845871661469e-11,2.125413060055353e-11,2.1259800988815944e-11,2.1265469881852704e-11,2.1271137277754323e-11,2.12768031837542e-11,2.128246759925981e-11,2.1288130521791506e-11,2.129379194477338e-11,2.1299451879672185e-11,2.1305110322927692e-11,2.1310767273949393e-11,2.1316422734830133e-11,2.1322076705425255e-11,2.1327729184092167e-11,2.133338017578012e-11,2.133902967773636e-11,2.1344677696757684e-11,2.1350324219726502e-11,2.1355969254990473e-11,2.136161280374735e-11,2.1367254864708854e-11,2.1372895438846864e-11,2.137853452608993e-11,2.1384172128069175e-11,2.1389808244214897e-11,2.1395442875756733e-11,2.140107602449593e-11,2.1406707699161642e-11,2.141233788054801e-11,2.141796657598573e-11,2.1423593786678e-11,2.1429219516092375e-11,2.143484376415959e-11,2.1440466531867395e-11,2.1446087817296144e-11,2.1451707619285152e-11,2.145732593663192e-11,2.1462942778512493e-11,2.1468558139570307e-11,2.1474172025192017e-11,2.1479784427645912e-11,2.1485395363655528e-11,2.1491004807603205e-11,2.14966127758292e-11,2.1502219264787427e-11,2.150782427922726e-11,2.1513427818032928e-11,2.15190298812366e-11,2.1524630468946636e-11,2.1530229580394268e-11,2.1535827215824093e-11,2.154142337466547e-11,2.154701806201967e-11,2.1552611279807692e-11,2.155820301780674e-11,2.1563793290607997e-11,2.1569382086273812e-11,2.1574969409086568e-11,2.1580555260824773e-11,2.1586139642590978e-11,2.159172255208272e-11,2.159730399107598e-11,2.1602883959944237e-11,2.1608462469498023e-11,2.1614039513697664e-11,2.1619615076092357e-11,2.162518915956456e-11,2.1630761786320896e-11,2.1636332939198996e-11,2.1641902635777906e-11,2.1647470859234276e-11,2.165303761721906e-11,2.1658602910469506e-11,2.166416673570589e-11,2.166972909696188e-11,2.1675289994703638e-11,2.1680849440189422e-11,2.1686407407239975e-11,2.1691963910778575e-11,2.1697518951819074e-11,2.170307253111758e-11,2.170862465068447e-11,2.1714175304362067e-11,2.171972450039282e-11,2.1725272231450202e-11,2.173081850194126e-11,2.1736363312088842e-11,2.1741906662379244e-11,2.1747448553223408e-11,2.1752988985041892e-11,2.1758527958218404e-11,2.176406547699854e-11,2.176960153360668e-11,2.177513613332882e-11,2.1780669276038326e-11,2.1786200962128328e-11,2.1791731192008835e-11,2.1797259966070415e-11,2.180278728958044e-11,2.1808313153281184e-11,2.181383756236692e-11,2.1819360518858633e-11,2.1824882006522176e-11,2.1830402040838534e-11,2.1835920640651167e-11,2.1841437770304095e-11,2.184695346030681e-11,2.1852467698543022e-11,2.185798048657759e-11,2.1863491826331335e-11,2.18690017130671e-11,2.187451014936148e-11,2.188001713589493e-11,2.18855226730614e-11,2.1891026761249086e-11,2.1896529405056115e-11,2.1902030599174334e-11,2.190753034288331e-11,2.1913028642621313e-11,2.1918525495883812e-11,2.1924020899217825e-11,2.1929514871358684e-11,2.1935007383378152e-11,2.1940498450267007e-11,2.1945988057649952e-11,2.1951476232798382e-11,2.195696296295203e-11,2.1962448251651014e-11,2.196793209600581e-11,2.197341449876061e-11,2.197889545716634e-11,2.198437497560738e-11,2.198985305093752e-11,2.1995329685074825e-11,2.200080487373571e-11,2.200627862636384e-11,2.2011750939829425e-11,2.2017221808326485e-11,2.2022691245075655e-11,2.202815923474789e-11,2.2033625790609393e-11,2.2039090915884437e-11,2.2044554596044e-11,2.2050016841198513e-11,2.205547765102615e-11,2.206093702026742e-11,2.206639496340521e-11,2.207185146075443e-11,2.207730652283717e-11,2.2082760144634456e-11,2.2088212337032886e-11,2.2093663094983954e-11,2.2099112411525e-11,2.210456029944227e-11,2.211000676239811e-11,2.2115451789933963e-11,2.212089538025342e-11,2.2126337540782096e-11,2.2131778270739563e-11,2.2137217579125135e-11,2.2142655450586526e-11,2.214809188937827e-11,2.215352689866013e-11,2.2158960476936756e-11,2.216439263296871e-11,2.2169823353985714e-11,2.217525264139018e-11,2.2180680503907284e-11,2.2186106941342508e-11,2.219153195102566e-11,2.2196955534705815e-11,2.2202377693644197e-11,2.2207798424418464e-11,2.2213217730979584e-11,2.221863561748665e-11,2.222405207067237e-11,2.2229467102998526e-11,2.2234880703145555e-11,2.2240292889015555e-11,2.2245703654254397e-11,2.2251112995073778e-11,2.2256520913116494e-11,2.226192740630185e-11,2.226733247994906e-11,2.2272736132265117e-11,2.2278138362616914e-11,2.2283539173391817e-11,2.2288938567197005e-11,2.229433653927587e-11,2.229973309257248e-11,2.2305128226286534e-11,2.2310521948181118e-11,2.2315914246747153e-11,2.2321305127399392e-11,2.2326694589178966e-11,2.2332082624000506e-11,2.233746925371603e-11,2.2342854471037822e-11,2.234823826832716e-11,2.2353620657531425e-11,2.2359001623576395e-11,2.2364381173400867e-11,2.236975931511946e-11,2.2375136041073758e-11,2.2380511356725952e-11,2.2385885259403674e-11,2.239125774757505e-11,2.2396628823189033e-11,2.240199848683219e-11,2.2407366740758444e-11,2.241273358730708e-11,2.2418099018425506e-11,2.242346302779786e-11,2.2428825641305155e-11,2.243418684591726e-11,2.2439546636805365e-11,2.2444905023345673e-11,2.2450262001647944e-11,2.245561757064334e-11,2.2460971732637262e-11,2.2466324487736836e-11,2.2471675836027683e-11,2.247702578007448e-11,2.248237431712217e-11,2.2487721448964954e-11,2.24930671757128e-11,2.2498411496028267e-11,2.2503754404051226e-11,2.250909591597119e-11,2.2514436023061938e-11,2.251977472677999e-11,2.252511204202873e-11,2.2530447942039466e-11,2.2535782439884147e-11,2.2541115537333645e-11,2.25464472328116e-11,2.2551777527001706e-11,2.255710642105745e-11,2.2562433913920923e-11,2.2567759996599627e-11,2.257308469106722e-11,2.2578407987210676e-11,2.258372988474068e-11,2.2589050384928935e-11,2.259436948780943e-11,2.259968719217923e-11,2.260500350619988e-11,2.261031841791246e-11,2.2615631939936943e-11,2.2620944070197724e-11,2.2626254794779886e-11,2.263156412554147e-11,2.2636872060571718e-11,2.2642178600975126e-11,2.2647483747875474e-11,2.2652787501028836e-11,2.2658089862281865e-11,2.2663390828435738e-11,2.2668690404152667e-11,2.267398858798597e-11,2.267928538141001e-11,2.2684580782373868e-11,2.268987479124085e-11,2.2695167411314766e-11,2.2700458647476558e-11,2.2705748488558832e-11,2.271103694017764e-11,2.2716324003866725e-11,2.272160968852337e-11,2.2726893973527408e-11,2.2732176876146656e-11,2.2737458388682702e-11,2.274273851835111e-11,2.274801725894782e-11,2.2753294610960008e-11,2.275857057687869e-11,2.2763845158617583e-11,2.276911835594853e-11,2.2774390167752484e-11,2.2779660595824556e-11,2.2784929634369274e-11,2.279019729390011e-11,2.279546357097481e-11,2.28007284661601e-11,2.2805991979139057e-11,2.2811254109268594e-11,2.281651485649728e-11,2.2821774223463044e-11,2.282703221149824e-11,2.283228881781712e-11,2.2837544043721933e-11,2.284279788896948e-11,2.2848050357126408e-11,2.2853301446966834e-11,2.2858551158802337e-11,2.286379948614107e-11,2.2869046439383503e-11,2.287429200933206e-11,2.28795362017219e-11,2.2884779024493292e-11,2.2890020473014832e-11,2.2895260545101096e-11,2.2900499242009722e-11,2.290573657603542e-11,2.2910972523319305e-11,2.291620709773989e-11,2.292144029721733e-11,2.292667212087092e-11,2.2931902571965115e-11,2.2937131651636952e-11,2.2942359359258268e-11,2.2947585694910895e-11,2.2952810652101027e-11,2.2958034245100886e-11,2.2963256466372572e-11,2.2968477318348558e-11,2.2973696799908145e-11,2.2978914911509848e-11,2.29841316536012e-11,2.298934702744454e-11,2.299456103231092e-11,2.2999773669462935e-11,2.300498493996361e-11,2.301019483245082e-11,2.3015403365862202e-11,2.3020610533768956e-11,2.3025816335032216e-11,2.303102076871547e-11,2.3036223839052693e-11,2.3041425544153186e-11,2.3046625888657177e-11,2.305182486513757e-11,2.3057022477245847e-11,2.3062218727985246e-11,2.306741361326877e-11,2.3072607136074306e-11,2.3077799296559516e-11,2.3082990093841676e-11,2.3088179530351244e-11,2.309336760499546e-11,2.309855431882217e-11,2.3103739669897566e-11,2.3108923663286652e-11,2.311410629630969e-11,2.311928757109946e-11,2.312446748576901e-11,2.3129646041748065e-11,2.313482323974552e-11,2.3139999079477765e-11,2.3145173562527266e-11,2.3150346687839684e-11,2.3155518455963462e-11,2.3160688864397068e-11,2.3165857921143233e-11,2.317102562105007e-11,2.3176191964887792e-11,2.3181356955243085e-11,2.3186520591187312e-11,2.319168287244918e-11,2.31968438005564e-11,2.3202003377495567e-11,2.320716159767348e-11,2.3212318466785426e-11,2.3217473982735966e-11,2.322262816518294e-11,2.3227780981154543e-11,2.323293244241276e-11,2.3238082551661523e-11,2.3243231314155066e-11,2.3248378731468928e-11,2.3253524791487164e-11,2.325866950205736e-11,2.326381286403432e-11,2.3268954878352026e-11,2.3274095541965024e-11,2.3279234866142218e-11,2.328437283684234e-11,2.3289509460225717e-11,2.3294644736146352e-11,2.3299778665686662e-11,2.3304911253212423e-11,2.331004249117196e-11,2.3315172380306253e-11,2.332030093152301e-11,2.332542813581386e-11,2.3330553990320955e-11,2.3335678506179094e-11,2.334080167933703e-11,2.3345923504083285e-11,2.3351043982828086e-11,2.3356163130059552e-11,2.336128092182121e-11,2.3366397382877242e-11,2.3371512510739034e-11,2.337662629012791e-11,2.3381738730266176e-11,2.3386849829965374e-11,2.3391959585717605e-11,2.3397068008339537e-11,2.340217509037659e-11,2.3407280834574812e-11,2.341238524036709e-11,2.3417488306583494e-11,2.3422590039468442e-11,2.3427690431980688e-11,2.3432789489354016e-11,2.343788721250357e-11,2.3442983598477004e-11,2.3448078646033544e-11,2.3453172361854088e-11,2.3458264740104365e-11,2.346335578340552e-11,2.3468445495171765e-11,2.3473533871240302e-11,2.347862091051441e-11,2.3483706638645258e-11,2.348879101388731e-11,2.3493874059279383e-11,2.3498955772188247e-11,2.3504036153775606e-11,2.350911520433176e-11,2.3514192922263713e-11,2.3519269311190585e-11,2.352434436957732e-11,2.352941809930457e-11,2.3534490500602503e-11,2.3539561572411652e-11,2.3544631319268027e-11,2.3549699734276684e-11,2.3554766821639924e-11,2.3559832580033732e-11,2.3564897014836118e-11,2.3569960120703583e-11,2.3575021900527237e-11,2.3580082355197252e-11,2.3585141483707162e-11,2.359019928678618e-11,2.3595255765023733e-11,2.3600310918658978e-11,2.360536475263192e-11,2.3610417256102706e-11,2.361546843990342e-11,2.3620518299290942e-11,2.362556683704461e-11,2.3630614053708927e-11,2.3635659947159335e-11,2.3640704522037195e-11,2.3645747771972208e-11,2.365078970203062e-11,2.365583030998265e-11,2.366086961084457e-11,2.3665907580526963e-11,2.3670944229603476e-11,2.3675979560776257e-11,2.368101357618288e-11,2.368604627090798e-11,2.3691077647544225e-11,2.36961077040401e-11,2.3701136449520385e-11,2.3706163873745982e-11,2.3711189982586607e-11,2.3716214774476088e-11,2.3721238253101416e-11,2.37262604153836e-11,2.3731281261525443e-11,2.3736300792804806e-11,2.3741319016339065e-11,2.374633592050623e-11,2.375135151153544e-11,2.375636578924713e-11,2.3761378752119666e-11,2.3766390396896085e-11,2.3771400736333873e-11,2.377640976512484e-11,2.3781417482443985e-11,2.3786423888854197e-11,2.3791428981806234e-11,2.3796432766774585e-11,2.3801435236192928e-11,2.3806436401506552e-11,2.3811436256037866e-11,2.3816434803533708e-11,2.382143204300743e-11,2.382642798044894e-11,2.383142260854612e-11,2.3836415924713165e-11,2.3841407934873292e-11,2.3846398630036026e-11,2.3851388026476834e-11,2.3856376117717508e-11,2.386136289850755e-11,2.3866348378183024e-11,2.3871332553302912e-11,2.3876315424748635e-11,2.3881296991440576e-11,2.3886277262927682e-11,2.3891256219818064e-11,2.3896233877468725e-11,2.390121023126764e-11,2.3906185282468236e-11,2.391115903201435e-11,2.3916131478601793e-11,2.3921102625470716e-11,2.3926072471908897e-11,2.3931041017650695e-11,2.393600826620534e-11,2.3940974212056487e-11,2.3945938864013288e-11,2.39509022164668e-11,2.395586426554278e-11,2.3960825017141837e-11,2.3965784471158308e-11,2.3970742623742683e-11,2.3975699483263706e-11,2.3980655035270963e-11,2.39856093002155e-11,2.399056226851475e-11,2.399551394129612e-11,2.4000464318265858e-11,2.400541339506759e-11,2.401036118098545e-11,2.4015307674407937e-11,2.4020252874397738e-11,2.4025196783041692e-11,2.403013940004154e-11,2.4035080719143036e-11,2.4040020746211108e-11,2.404495948458376e-11,2.4049896928109377e-11,2.4054833080178948e-11,2.4059767938536875e-11,2.4064701507149893e-11,2.406963378373009e-11,2.4074564770363527e-11,2.4079494469955538e-11,2.4084422879922653e-11,2.408935000058704e-11,2.409427583027044e-11,2.4099200372706426e-11,2.410412363487401e-11,2.410904560405305e-11,2.4113966285902073e-11,2.411888568542658e-11,2.4123803791727194e-11,2.412872061192706e-11,2.413363614638543e-11,2.413855039709851e-11,2.4143463363227162e-11,2.414837505514804e-11,2.4153285450113844e-11,2.4158194561093626e-11,2.4163102388698485e-11,2.416800892954436e-11,2.417291419326379e-11,2.417781817451645e-11,2.418272087753842e-11,2.4187622294026725e-11,2.419252242961503e-11,2.4197421269116435e-11,2.4202318840204657e-11,2.420721513343946e-11,2.42121101448019e-11,2.4217003875690054e-11,2.4221896327913937e-11,2.4226787500892092e-11,2.423167739869187e-11,2.4236566032005667e-11,2.424145336529471e-11,2.4246339418016288e-11,2.4251224203758353e-11,2.4256107716755614e-11,2.426098994717019e-11,2.4265870896300772e-11,2.4270750580339052e-11,2.427562898500292e-11,2.4280506114754098e-11,2.428538196119667e-11,2.4290256542939864e-11,2.4295129848857587e-11,2.4300001881705063e-11,2.4304872643932623e-11,2.4309742133638377e-11,2.4314610347410645e-11,2.431947728264426e-11,2.4324342952249725e-11,2.4329207341351214e-11,2.433407046855867e-11,2.4338932322038354e-11,2.434379289956549e-11,2.4348652214831315e-11,2.4353510265231394e-11,2.4358367041420734e-11,2.4363222549245606e-11,2.436807678740342e-11,2.437292976247425e-11,2.4377781464999713e-11,2.4382631897962972e-11,2.43874810606357e-11,2.439232896227107e-11,2.439717559583975e-11,2.4402020962952847e-11,2.4406865064903676e-11,2.4411707900599858e-11,2.4416549470229023e-11,2.4421389770378933e-11,2.4426228808014033e-11,2.4431066585222268e-11,2.4435903096608674e-11,2.444073834549649e-11,2.4445572335307587e-11,2.4450405051734533e-11,2.4455236514298733e-11,2.446006671390074e-11,2.446489565134475e-11,2.4469723336617524e-11,2.447454975097838e-11,2.4479374905382933e-11,2.4484198798653883e-11,2.4489021434370697e-11,2.4493842812962155e-11,2.4498662927158314e-11,2.4503481783518067e-11,2.450829937466602e-11,2.451311571392513e-11,2.451793079671371e-11,2.4522744620839618e-11,2.4527557197580652e-11,2.453236850982781e-11,2.4537178561816877e-11,2.454198736228757e-11,2.4546794903209755e-11,2.455160117790882e-11,2.4556406209173973e-11,2.4561209983017162e-11,2.4566012505024105e-11,2.457081378182289e-11,2.4575613800402555e-11,2.458041255952383e-11,2.458521006850806e-11,2.4590006323921336e-11,2.4594801326166823e-11,2.4599595078566952e-11,2.4604387578163547e-11,2.4609178826592138e-11,2.4613968823955267e-11,2.461875755897974e-11,2.4623545054865148e-11,2.462833129952167e-11,2.4633116284402252e-11,2.4637900027393758e-11,2.4642682526019902e-11,2.4647463776788627e-11,2.465224377908668e-11,2.4657022536716375e-11,2.4661800044064183e-11,2.4666576301659523e-11,2.4671351315139255e-11,2.467612507721727e-11,2.4680897597416802e-11,2.4685668870390338e-11,2.4690438900098563e-11,2.4695207686484346e-11,2.4699975238742097e-11,2.4704741529855303e-11,2.4709506582175015e-11,2.4714270393285343e-11,2.4719032959539802e-11,2.472379428283625e-11,2.4728554366026934e-11,2.4733313205029828e-11,2.473807079832586e-11,2.474282715044684e-11,2.4747582263843275e-11,2.475233615285142e-11,2.4757088795086282e-11,2.4761840180155727e-11,2.4766590329732466e-11,2.47713392415005e-11,2.4776086913667444e-11,2.4780833347157867e-11,2.478557854946367e-11,2.4790322505716268e-11,2.4795065224744063e-11,2.4799806705351283e-11,2.48045469497393e-11,2.480928595006254e-11,2.4814023721554762e-11,2.481876025567111e-11,2.482349555515055e-11,2.482822961937304e-11,2.4832962439739625e-11,2.48376940342768e-11,2.4842424394345764e-11,2.4847153520293792e-11,2.4851881413384452e-11,2.485660806072798e-11,2.4861333486721624e-11,2.4866057678791544e-11,2.487078063992103e-11,2.4875502370528402e-11,2.4880222867925295e-11,2.488494213470147e-11,2.4889660172881622e-11,2.489437697716013e-11,2.489909256228436e-11,2.4903806906664762e-11,2.490852002180973e-11,2.4913231908204535e-11,2.4917942557188984e-11,2.492265197830869e-11,2.4927360174782697e-11,2.4932067146707437e-11,2.4936772895457067e-11,2.4941477401076873e-11,2.4946180691958568e-11,2.49508827506772e-11,2.4955583588442623e-11,2.4960283204780043e-11,2.496498159091877e-11,2.4969678752013295e-11,2.4974374687290713e-11,2.497906939911479e-11,2.498376289221627e-11,2.4988455158615126e-11,2.4993146190023368e-11,2.4997836005031138e-11,2.500252459984926e-11,2.500721197253084e-11,2.5011898122984153e-11,2.5016583051550025e-11,2.502126675849871e-11,2.5025949243671773e-11,2.5030630506042078e-11,2.5035310551065377e-11,2.503998937385156e-11,2.5044666978632824e-11,2.5049343361237818e-11,2.5054018526271482e-11,2.505869247405868e-11,2.5063365207549447e-11,2.5068036718946864e-11,2.5072707012471734e-11,2.50773760910831e-11,2.508204394996071e-11,2.5086710592719746e-11,2.5091376019990258e-11,2.5096040230683206e-11,2.510070322620861e-11,2.5105365003941933e-11,2.511002557006594e-11,2.5114684905631027e-11,2.5119343040815817e-11,2.5123999959695604e-11,2.5128655667281363e-11,2.5133310162880922e-11,2.5137963442713833e-11,2.514261551174983e-11,2.5147266369023415e-11,2.5151916013498902e-11,2.515656446238205e-11,2.5161211682894094e-11,2.5165857691336212e-11,2.5170502492114285e-11,2.5175146081532097e-11,2.5179788461399666e-11,2.5184429648937248e-11,2.5189069609674422e-11,2.5193708359759974e-11,2.5198345897831277e-11,2.5202982236967833e-11,2.5207617364400425e-11,2.5212251284238497e-11,2.5216883997174318e-11,2.5221515499860175e-11,2.5226145799266932e-11,2.523077489247284e-11,2.5235402779726227e-11,2.5240029461170125e-11,2.5244654931266167e-11,2.524927920213778e-11,2.525390226896088e-11,2.5258524131576686e-11,2.5263144790278574e-11,2.5267764248271297e-11,2.5272382500060235e-11,2.527699954900499e-11,2.5281615395322062e-11,2.5286230039419475e-11,2.5290843477754405e-11,2.5295455718339075e-11,2.530006675767791e-11,2.5304676595720346e-11,2.530928523051962e-11,2.5313892668078214e-11,2.5318498905709642e-11,2.5323103943727046e-11,2.532770778253612e-11,2.533231042239825e-11,2.5336911863640967e-11,2.5341512106634402e-11,2.5346111151732017e-11,2.535070899923637e-11,2.535530564951289e-11,2.5359901102833092e-11,2.5364495359562446e-11,2.5369088419998102e-11,2.5373680284538046e-11,2.537827095348382e-11,2.538286042715053e-11,2.538744870590596e-11,2.5392035790044718e-11,2.539662167603223e-11,2.5401206368134572e-11,2.540578986995268e-11,2.5410372175218297e-11,2.5414953291344414e-11,2.541953321124464e-11,2.5424111937730693e-11,2.542868947612133e-11,2.543326581960437e-11,2.5437840971338847e-11,2.544241493224014e-11,2.5446987701069218e-11,2.5451559285320137e-11,2.545612967451128e-11,2.5460698872780793e-11,2.5465266886725042e-11,2.546983370875297e-11,2.5474399338293247e-11,2.5478963783234392e-11,2.5483527035845758e-11,2.5488089109630026e-11,2.549264999488939e-11,2.5497209693994566e-11,2.550176820203531e-11,2.5506325527630462e-11,2.5510881662845156e-11,2.5515436635670983e-11,2.5519990400055157e-11,2.5524542984069747e-11,2.552909438036107e-11,2.553364459479157e-11,2.553819362576479e-11,2.5542741472193257e-11,2.554728813664136e-11,2.555183361708534e-11,2.5556377903016854e-11,2.5560921019493434e-11,2.556546295362939e-11,2.5570003706227582e-11,2.5574543275860363e-11,2.5579081666212903e-11,2.5583618875947765e-11,2.5588154905207206e-11,2.559268975492504e-11,2.559722342051733e-11,2.560175593103096e-11,2.560628725260537e-11,2.56108173968481e-11,2.5615346362358894e-11,2.561987413673025e-11,2.5624400732012728e-11,2.5628926150909774e-11,2.5633450392737956e-11,2.563797345863487e-11,2.5642495354280274e-11,2.5647016066686567e-11,2.565153560332294e-11,2.5656053969861033e-11,2.566057115162458e-11,2.566508717316421e-11,2.5669602009477073e-11,2.5674115672548423e-11,2.567862816089453e-11,2.5683139475511882e-11,2.5687649618771188e-11,2.5692158589106767e-11,2.5696666387770924e-11,2.5701173007692057e-11,2.5705678459920854e-11,2.5710182736108915e-11,2.571468584496265e-11,2.5719187782752446e-11,2.5723688550338185e-11,2.5728188145806344e-11,2.573268657281789e-11,2.5737183830013892e-11,2.57416799175973e-11,2.574617483707108e-11,2.5750668587207787e-11,2.57551611675325e-11,2.5759652579958318e-11,2.5764142826189227e-11,2.5768631904554337e-11,2.5773119815802827e-11,2.5777606561920057e-11,2.5782092138027373e-11,2.5786576550276855e-11,2.5791059796818363e-11,2.5795541877603884e-11,2.580002279496506e-11,2.5804502547213413e-11,2.580898113283452e-11,2.581345855528287e-11,2.5817934814349708e-11,2.5822409909433636e-11,2.5826883841285102e-11,2.5831356609938185e-11,2.5835828217872847e-11,2.5840298662109308e-11,2.5844767943210103e-11,2.5849236063692534e-11,2.5853703023208925e-11,2.585816882172763e-11,2.5862633456672354e-11,2.586709694093358e-11,2.587155925875588e-11,2.587602041727042e-11,2.5880480422239195e-11,2.5884939259767945e-11,2.588939694044707e-11,2.5893853462845676e-11,2.5898308827229056e-11,2.5902763035751064e-11,2.590721608533972e-11,2.5911667977615527e-11,2.591611871307254e-11,2.592056829240156e-11,2.5925016715330785e-11,2.59294639830877e-11,2.5933910091248594e-11,2.5938355050910204e-11,2.5942798852849034e-11,2.594724149025195e-11,2.595168298325362e-11,2.5956123322624997e-11,2.5960562508455733e-11,2.5965000541106e-11,2.596943742372727e-11,2.597387315081748e-11,2.5978307738195445e-11,2.5982741160901838e-11,2.59871734322806e-11,2.5991604553222656e-11,2.5996034515996958e-11,2.6000463334324483e-11,2.6004890999348673e-11,2.6009317518440666e-11,2.6013742886483854e-11,2.6018167105443672e-11,2.6022590175157272e-11,2.6027012095958732e-11,2.6031432868185373e-11,2.603585249245744e-11,2.6040270967960806e-11,2.604468829566249e-11,2.6049104477878363e-11,2.6053519513401853e-11,2.60579334019335e-11,2.606234614418913e-11,2.6066757740872202e-11,2.607116819174991e-11,2.607557749748561e-11,2.607998565798165e-11,2.6084392674216604e-11,2.608879854624509e-11,2.60932032734959e-11,2.6097606856534968e-11,2.6102009297317016e-11,2.6106410594843967e-11,2.6110810750435878e-11,2.6115209763451952e-11,2.6119607634145133e-11,2.612400436561309e-11,2.6128399943827045e-11,2.6132794389650686e-11,2.6137187694929407e-11,2.614157986038115e-11,2.6145970885407318e-11,2.6150360770388892e-11,2.615474951589092e-11,2.6159137124916912e-11,2.616352359594898e-11,2.616790892513275e-11,2.6172293115407245e-11,2.617667615120372e-11,2.6181058066930076e-11,2.6185438844239085e-11,2.618981848490738e-11,2.6194196988418035e-11,2.6198574356238376e-11,2.6202950587617676e-11,2.6207325680719596e-11,2.621169964244867e-11,2.6216072469965113e-11,2.6220444180131373e-11,2.6224814735700664e-11,2.622918415685474e-11,2.623355243275973e-11,2.6237919586932474e-11,2.6242285607894427e-11,2.6246650496708934e-11,2.6251014244835888e-11,2.6255376867755516e-11,2.6259738357314795e-11,2.6264098716793294e-11,2.6268457945600365e-11,2.6272816042406953e-11,2.627717299663785e-11,2.6281528834705783e-11,2.628588354029154e-11,2.629023711765604e-11,2.629458956327669e-11,2.6298940879836427e-11,2.6303291067816298e-11,2.6307640127633302e-11,2.6311988059097704e-11,2.6316334864512336e-11,2.6320680544205935e-11,2.6325025091143204e-11,2.632936851169824e-11,2.6333710808538763e-11,2.6338051977828496e-11,2.6342392022992953e-11,2.634673094035367e-11,2.6351068731635453e-11,2.63554053987242e-11,2.635974094428151e-11,2.63640753664794e-11,2.6368408658368715e-11,2.637274082871039e-11,2.6377071874558474e-11,2.6381401797148006e-11,2.638573059686762e-11,2.639005827520808e-11,2.6394384830542264e-11,2.6398710265085126e-11,2.6403034576336577e-11,2.640735776549409e-11,2.6411679833329995e-11,2.6416000781909857e-11,2.642032060961593e-11,2.6424639317670617e-11,2.6428956905499124e-11,2.64332733742147e-11,2.643758872386154e-11,2.6441902954784816e-11,2.6446216067527522e-11,2.6450528058243345e-11,2.6454838941995276e-11,2.6459148698967845e-11,2.646345733997831e-11,2.646776486433649e-11,2.6472071270984514e-11,2.6476376561710033e-11,2.6480680736945267e-11,2.6484983795802446e-11,2.6489285739208053e-11,2.6493586567501366e-11,2.6497886286966367e-11,2.6502184887130136e-11,2.650648237021933e-11,2.651077874159187e-11,2.6515073999189543e-11,2.6519368143081883e-11,2.6523661174557837e-11,2.6527953093464047e-11,2.653224390002841e-11,2.6536533595375038e-11,2.6540822176665945e-11,2.6545109647935862e-11,2.6549396009911322e-11,2.655368125373511e-11,2.6557965390592722e-11,2.6562248419076845e-11,2.6566530337392417e-11,2.6570811142956764e-11,2.657509084289251e-11,2.6579369434887358e-11,2.6583646915740034e-11,2.6587923283647333e-11,2.65921985498012e-11,2.6596472708769255e-11,2.660074575766337e-11,2.6605017699598338e-11,2.6609288536257277e-11,2.6613558267446315e-11,2.6617826891794695e-11,2.662209441011365e-11,2.662636082285974e-11,2.6630626127603084e-11,2.6634890329970965e-11,2.66391534279906e-11,2.6643415422064873e-11,2.6647676311588176e-11,2.6651936097737774e-11,2.665619478074021e-11,2.6660452359262493e-11,2.6664708835294487e-11,2.6668964208352938e-11,2.6673218480628742e-11,2.667747165048257e-11,2.6681723718681927e-11,2.668597468535844e-11,2.6690224544400403e-11,2.6694473311876767e-11,2.6698720977380676e-11,2.670296754216466e-11,2.6707213007181822e-11,2.67114573728993e-11,2.6715700651577418e-11,2.671994281890241e-11,2.6724183881444045e-11,2.6728423850787845e-11,2.6732662724267647e-11,2.6736900499512025e-11,2.674113717744061e-11,2.6745372758213707e-11,2.674960724159675e-11,2.675384062942837e-11,2.6758072921685508e-11,2.676230411627962e-11,2.6766534216822115e-11,2.677076322155134e-11,2.6774991131336804e-11,2.6779217943769365e-11,2.6783443664872332e-11,2.678766829264312e-11,2.67918918269686e-11,2.6796114267921037e-11,2.6800335615279135e-11,2.680455586892849e-11,2.680877503140841e-11,2.6812993096622368e-11,2.681721007151064e-11,2.6821425958640918e-11,2.6825640753978844e-11,2.6829854458886997e-11,2.6834067080591265e-11,2.6838278608702692e-11,2.6842489041819825e-11,2.6846698385971518e-11,2.6850906654285734e-11,2.685511381990364e-11,2.685931989597097e-11,2.6863524883716566e-11,2.686772881459682e-11,2.6871931622592397e-11,2.687613334718278e-11,2.6880333984654285e-11,2.6884533535033356e-11,2.688873199861006e-11,2.6892929375271456e-11,2.6897125664430785e-11,2.6901320869184384e-11,2.6905514988836968e-11,2.6909708023413134e-11,2.6913899972387373e-11,2.6918090837350654e-11,2.692228061998482e-11,2.6926469313076722e-11,2.693065694181368e-11,2.6934843471686107e-11,2.6939028917040384e-11,2.6943213280418812e-11,2.694739656025222e-11,2.6951578770154928e-11,2.6955759887005188e-11,2.6959939921839197e-11,2.6964118875309e-11,2.696829674824099e-11,2.697247354042047e-11,2.6976649252211713e-11,2.698082388398571e-11,2.6984997436001908e-11,2.698916990662533e-11,2.699334129330572e-11,2.699751160721258e-11,2.7001680847555594e-11,2.7005849005052752e-11,2.7010016083765348e-11,2.7014182085553526e-11,2.7018347014407812e-11,2.7022510860253764e-11,2.7026673630761786e-11,2.7030835325199282e-11,2.7034995932520125e-11,2.7039155473928277e-11,2.7043313924603745e-11,2.704747131591129e-11,2.705162763021409e-11,2.7055782873062812e-11,2.7059937039943916e-11,2.706409013231298e-11,2.706824214764441e-11,2.707239309185797e-11,2.707654296424176e-11,2.7080691763257287e-11,2.708483949007757e-11,2.7088986144480687e-11,2.7093131726911735e-11,2.7097276238245203e-11,2.7101419677567283e-11,2.7105562045297487e-11,2.7109703339503697e-11,2.711384356827941e-11,2.7117982724075878e-11,2.7122120810414274e-11,2.7126257826683996e-11,2.7130393775979672e-11,2.7134528655568428e-11,2.7138662463488296e-11,2.7142795204960865e-11,2.7146926881222294e-11,2.7151057483545996e-11,2.7155187020434803e-11,2.715931549031677e-11,2.716344289254116e-11,2.7167569229413506e-11,2.717169450005377e-11,2.7175818713311007e-11,2.717994185295253e-11,2.7184063924064303e-11,2.7188184933533237e-11,2.719230487627906e-11,2.7196423758469708e-11,2.7200541574474308e-11,2.7204658325274618e-11,2.720877401177176e-11,2.7212888638343346e-11,2.7217002199147428e-11,2.722111469482643e-11,2.7225226129369978e-11,2.7229336501832144e-11,2.7233445812668608e-11,2.7237554063704644e-11,2.724166124953102e-11,2.7245767372203826e-11,2.724987243772363e-11,2.7253976442786322e-11,2.7258079394280225e-11,2.7262181278828145e-11,2.726628210417931e-11,2.727038186792041e-11,2.72744805771649e-11,2.7278578225899198e-11,2.7282674815838597e-11,2.7286770345697836e-11,2.72908648192706e-11,2.729495823523812e-11,2.72990505945056e-11,2.730314189633642e-11,2.7307232141901696e-11,2.7311321331641494e-11,2.731540946489181e-11,2.7319496542664702e-11,2.7323582560294176e-11,2.7327667524661952e-11,2.7331751436508244e-11,2.7335834295325278e-11,2.733991609812452e-11,2.734399684665095e-11,2.7348076542564956e-11,2.7352155184378725e-11,2.735623278210825e-11,2.7360309317923948e-11,2.7364384801234775e-11,2.7368459231830295e-11,2.737253261087677e-11,2.7376604938245582e-11,2.7380676214691015e-11,2.738474643893765e-11,2.738881561263033e-11,2.73928837363426e-11,2.7396950812862072e-11,2.7401016833746988e-11,2.7405081807902205e-11,2.7409145731864985e-11,2.7413208617828996e-11,2.741727044487092e-11,2.7421331222681506e-11,2.742539095309516e-11,2.7429449635275636e-11,2.7433507270212714e-11,2.7437563857482897e-11,2.7441619397335385e-11,2.744567389047291e-11,2.7449727337178176e-11,2.7453779739535757e-11,2.7457831094677312e-11,2.7461881404280694e-11,2.746593066856051e-11,2.7469978887481372e-11,2.7474026062519197e-11,2.747807219277948e-11,2.7482117286598048e-11,2.748616132851389e-11,2.7490204327708442e-11,2.749424628286207e-11,2.7498287184758918e-11,2.7502327055131453e-11,2.7506365882321286e-11,2.7510403667429005e-11,2.751444040954176e-11,2.7518476111363663e-11,2.752251077280501e-11,2.7526544392494916e-11,2.753057697240206e-11,2.753460851111914e-11,2.7538639010207343e-11,2.7542668469492867e-11,2.7546696886883876e-11,2.755072426711852e-11,2.755475060845548e-11,2.755877591118151e-11,2.7562800175586052e-11,2.7566823401956893e-11,2.757084559058279e-11,2.757486674216398e-11,2.7578886856576275e-11,2.7582905933700408e-11,2.758692397422867e-11,2.7590940978174024e-11,2.759495694638242e-11,2.759897187886007e-11,2.7602985775896763e-11,2.7606998637887294e-11,2.7611010465796638e-11,2.7615021257593044e-11,2.7619031015734452e-11,2.7623039739872413e-11,2.7627047430292463e-11,2.763105408728253e-11,2.7635059711128696e-11,2.7639064302120536e-11,2.7643067860542643e-11,2.7647070386679637e-11,2.765107188082362e-11,2.7655072343658712e-11,2.7659071775597518e-11,2.7663070175471684e-11,2.7667067544493667e-11,2.7671063882954115e-11,2.7675059191534268e-11,2.7679053470123524e-11,2.76830467188916e-11,2.7687038938353076e-11,2.7691030129301584e-11,2.7695020290384067e-11,2.7699009427117396e-11,2.7702997531643245e-11,2.770698460609152e-11,2.7710970654920914e-11,2.771495567617747e-11,2.77189396701702e-11,2.7722922637594948e-11,2.7726904578455206e-11,2.773088546630732e-11,2.7734865354901e-11,2.7738844216410667e-11,2.7742822054424633e-11,2.7746798867118916e-11,2.7750774653958852e-11,2.7754749418007757e-11,2.7758723158595658e-11,2.7762695873229112e-11,2.7766667561959444e-11,2.7770638229822166e-11,2.7774607874455828e-11,2.777857649476775e-11,2.7782544093634417e-11,2.7786510665348884e-11,2.7790476219284804e-11,2.779444075223055e-11,2.7798404263617934e-11,2.7802366753155776e-11,2.7806328222505797e-11,2.7810288664183287e-11,2.7814248094473124e-11,2.781820650388922e-11,2.7822163892566783e-11,2.782612026117926e-11,2.7830075610866967e-11,2.7834029942339672e-11,2.7837983254347295e-11,2.7841935545920334e-11,2.784588682242976e-11,2.784983708115853e-11,2.7853786322198908e-11,2.7857734546274906e-11,2.7861681751719235e-11,2.786562794118625e-11,2.786957311389912e-11,2.7873517271865343e-11,2.787746041337761e-11,2.7881402542833244e-11,2.7885343655169803e-11,2.78892837510181e-11,2.789322283204345e-11,2.7897160899123978e-11,2.7901097952472983e-11,2.7905033986107127e-11,2.7908969013767255e-11,2.7912903027201536e-11,2.791683602709543e-11,2.7920768013876278e-11,2.7924698989314572e-11,2.7928628945943108e-11,2.79325578979747e-11,2.7936485837266826e-11,2.7940412764767148e-11,2.794433865470389e-11,2.7948263560229838e-11,2.7952187459005446e-11,2.7956110342482804e-11,2.7960032217822636e-11,2.79639530885982e-11,2.796787294473524e-11,2.7971791789838288e-11,2.797570962821354e-11,2.797962645275018e-11,2.798354227445728e-11,2.7987457093940082e-11,2.7991370912851777e-11,2.7995283712233373e-11,2.7999195503944758e-11,2.800310629168317e-11,2.8007016070089057e-11,2.801092484276943e-11,2.801483260957244e-11,2.8018739370960606e-11,2.8022645127055923e-11,2.802654987480672e-11,2.8030453620643138e-11,2.803435636212631e-11,2.8038258099943497e-11,2.8042158830385598e-11,2.804605855957344e-11,2.8049957286070447e-11,2.8053855008518537e-11,2.805775172630594e-11,2.8061647444222296e-11,2.806554215899125e-11,2.8069435869245742e-11,2.8073328574891122e-11,2.807722028371908e-11,2.8081110990981204e-11,2.8085000699103788e-11,2.8088889402871033e-11,2.809277710850989e-11,2.8096663814659022e-11,2.8100549521394486e-11,2.8104434228167444e-11,2.81083179397903e-11,2.811220065096132e-11,2.8116082360751384e-11,2.8119963071479792e-11,2.812384278443769e-11,2.8127721500307663e-11,2.813159921800498e-11,2.813547593837226e-11,2.8139351661887815e-11,2.814322638862998e-11,2.8147100118710668e-11,2.815097283871583e-11,2.8154844594108486e-11,2.8158715336325557e-11,2.8162585084085422e-11,2.8166453843152926e-11,2.8170321596127686e-11,2.8174188358406718e-11,2.8178054126096318e-11,2.818191889670582e-11,2.8185782677456925e-11,2.8189645464247196e-11,2.8193507257865462e-11,2.8197368058577263e-11,2.820122786665856e-11,2.8205086682436244e-11,2.8208944506197754e-11,2.8212801337215997e-11,2.821665717691623e-11,2.822051202476512e-11,2.822436588285131e-11,2.8228218750281804e-11,2.8232070627239237e-11,2.823592151505286e-11,2.8239771411981868e-11,2.8243620319309323e-11,2.8247468245740143e-11,2.8251315173526885e-11,2.8255161113698136e-11,2.8259006063626877e-11,2.826285002773421e-11,2.826669300252519e-11,2.8270534988821757e-11,2.8274375987834676e-11,2.8278215999282317e-11,2.8282055025429e-11,2.8285893063412555e-11,2.8289730117413945e-11,2.8293566184910904e-11,2.829740126745413e-11,2.8301235364184147e-11,2.8305068472486367e-11,2.830890059510915e-11,2.8312731736039148e-11,2.831656189422381e-11,2.8320391059545105e-11,2.8324219248631478e-11,2.832804645309649e-11,2.8331872674484696e-11,2.83356979180524e-11,2.8339522174432805e-11,2.8343345448395525e-11,2.8347167741301032e-11,2.835098904964366e-11,2.8354809376140242e-11,2.83586287245705e-11,2.8362447089754544e-11,2.8366264474374526e-11,2.8370080879135865e-11,2.8373896299920188e-11,2.8377710743851742e-11,2.838152421250398e-11,2.838533669720218e-11,2.8389148201471866e-11,2.839295873052085e-11,2.8396768278410514e-11,2.8400576848338012e-11,2.8404384439715178e-11,2.8408191053693303e-11,2.8411996688303906e-11,2.8415801346950626e-11,2.8419605028574694e-11,2.8423407736299054e-11,2.8427209466207695e-11,2.8431010207800873e-11,2.8434809983994094e-11,2.8438608784510037e-11,2.84424066096789e-11,2.8446203447387935e-11,2.8449999312350145e-11,2.845379421253232e-11,2.8457588140248904e-11,2.8461381092788863e-11,2.8465173071165856e-11,2.846896407684463e-11,2.8472754108459343e-11,2.8476543164668456e-11,2.8480331252488218e-11,2.8484118365540264e-11,2.8487904505350012e-11,2.84916896650774e-11,2.84954738635963e-11,2.8499257097824143e-11,2.8503039351239537e-11,2.8506820633839106e-11,2.851060094774102e-11,2.8514380297164963e-11,2.8518158672490815e-11,2.852193606824266e-11,2.8525712502349953e-11,2.8529487967775773e-11,2.853326246423365e-11,2.8537035992074198e-11,2.8540808551530975e-11,2.854458014287285e-11,2.854835076472502e-11,2.8552120417959332e-11,2.8555889105468735e-11,2.8559656826991157e-11,2.8563423581802768e-11,2.8567189370098213e-11,2.8570954190864843e-11,2.8574718043051853e-11,2.8578480933393797e-11,2.85822428590739e-11,2.858600382827909e-11,2.8589763832552217e-11,2.8593522870335396e-11,2.8597280942830618e-11,2.860103804370506e-11,2.8604794189259905e-11,2.860854936649176e-11,2.861230357642901e-11,2.8616056824493234e-11,2.86198091111537e-11,2.862356043423622e-11,2.862731080236206e-11,2.8631060201222415e-11,2.8634808637328476e-11,2.863855611187e-11,2.8642302627666243e-11,2.8646048184490382e-11,2.864979277953625e-11,2.865353641467774e-11,2.8657279091104203e-11,2.8661020804085415e-11,2.8664761557331956e-11,2.866850135081662e-11,2.867224018577662e-11,2.867597806102931e-11,2.8679714978292443e-11,2.8683450938433183e-11,2.8687185939310887e-11,2.8690919983546532e-11,2.8694653073163868e-11,2.869838520261675e-11,2.8702116374721388e-11,2.8705846590556428e-11,2.8709575849556876e-11,2.8713304152921072e-11,2.8717031499963385e-11,2.8720757891845263e-11,2.872448332643121e-11,2.8728207808151994e-11,2.8731931346510072e-11,2.8735653918468556e-11,2.8739375534268232e-11,2.8743096210435264e-11,2.8746815921034875e-11,2.875053467777584e-11,2.87542524817621e-11,2.875796933284628e-11,2.8761685229921494e-11,2.8765400175968085e-11,2.8769114169937766e-11,2.877282721074643e-11,2.8776539301253433e-11,2.8780250441249057e-11,2.878396061736635e-11,2.878766985476948e-11,2.8791378141756684e-11,2.879508547838112e-11,2.8798791865003553e-11,2.8802497301748974e-11,2.8806201787839356e-11,2.8809905326595116e-11,2.881360790968277e-11,2.881730955030801e-11,2.8821010241178546e-11,2.8824709986046512e-11,2.882840878192841e-11,2.8832106630407492e-11,2.8835803530533623e-11,2.8839499481293604e-11,2.8843194478011736e-11,2.8846888538928764e-11,2.885058165366912e-11,2.8854273822050756e-11,2.8857965044109848e-11,2.8861655320809564e-11,2.886534465297677e-11,2.8869033028029975e-11,2.8872720470467545e-11,2.8876406967621257e-11,2.8880092517536953e-11,2.8883777127447553e-11,2.8887460793287427e-11,2.8891143527260956e-11,2.8894825304703737e-11,2.8898506141181257e-11,2.8902186031975255e-11,2.8905864983421195e-11,2.8909542997832507e-11,2.891322004727359e-11,2.8916896173019847e-11,2.8920571357498073e-11,2.892424561981045e-11,2.892791892227708e-11,2.89315912839252e-11,2.8935262715957165e-11,2.8938933199476537e-11,2.894260274082245e-11,2.8946271343395336e-11,2.8949939006843942e-11,2.895360573124132e-11,2.8957271516947158e-11,2.896093636809594e-11,2.8964600277185337e-11,2.8968263248334416e-11,2.897192528172238e-11,2.8975586372914402e-11,2.8979246531850587e-11,2.898290575370845e-11,2.8986564039354473e-11,2.8990221388104316e-11,2.8993877801682993e-11,2.8997533278800286e-11,2.9001187822740873e-11,2.900484142836442e-11,2.9008494099075475e-11,2.901214583424677e-11,2.9015796625571708e-11,2.9019446496288076e-11,2.9023095429852412e-11,2.9026743429604328e-11,2.903039049525968e-11,2.903403662647782e-11,2.9037681826858283e-11,2.904132609425236e-11,2.9044969426470436e-11,2.904861182984603e-11,2.9052253300498894e-11,2.9055893840020293e-11,2.905953343845795e-11,2.906317211484209e-11,2.9066809862605885e-11,2.907044667764586e-11,2.907408256223164e-11,2.907771751649323e-11,2.9081351540744028e-11,2.9084984635531178e-11,2.9088616800932523e-11,2.9092248029279132e-11,2.90958783358159e-11,2.9099507714711797e-11,2.9103136164255296e-11,2.9106763688310335e-11,2.911039028299233e-11,2.9114015950117385e-11,2.911764069007191e-11,2.9121264501899906e-11,2.9124887387797576e-11,2.912850934780831e-11,2.913213038112625e-11,2.91357504872154e-11,2.913936966763943e-11,2.9142987924659545e-11,2.9146605254604624e-11,2.915022166035091e-11,2.9153837138556755e-11,2.915745169504538e-11,2.9161065327391534e-11,2.916467803576988e-11,2.916828981931215e-11,2.9171900681014696e-11,2.9175510619091816e-11,2.917911963105881e-11,2.918272772352382e-11,2.918633489359425e-11,2.918994114137744e-11,2.919354646705743e-11,2.919715087123423e-11,2.920075435419212e-11,2.9204356915814315e-11,2.920795855618616e-11,2.921155927664498e-11,2.921515907663726e-11,2.9218757956522506e-11,2.922235592495495e-11,2.9225952972683694e-11,2.9229549093774393e-11,2.9233144296533016e-11,2.923673857847732e-11,2.9240331942696945e-11,2.9243924389098416e-11,2.924751591800231e-11,2.925110652783443e-11,2.9254696223059623e-11,2.925828499862031e-11,2.926187285713113e-11,2.926545980724346e-11,2.9269045832419384e-11,2.927263094201611e-11,2.9276215132370043e-11,2.9279798409463e-11,2.928338075342164e-11,2.928696220075065e-11,2.929054272570957e-11,2.929412234178859e-11,2.929770104007692e-11,2.930127882791646e-11,2.930485570432018e-11,2.9308431662640054e-11,2.9312006709240246e-11,2.931558084292294e-11,2.9319154062116764e-11,2.932272636632628e-11,2.932629776157031e-11,2.9329868246887976e-11,2.933343781797809e-11,2.933700647457548e-11,2.934057422268546e-11,2.9344141060376797e-11,2.93477069855859e-11,2.935127199795371e-11,2.935483609930072e-11,2.935839929283997e-11,2.936196157735575e-11,2.9365522952436124e-11,2.93690834173906e-11,2.937264297362254e-11,2.937620161873222e-11,2.937975935745852e-11,2.938331618441631e-11,2.93868721064754e-11,2.939042712120625e-11,2.939398122769296e-11,2.9397534426772e-11,2.9401086718501103e-11,2.940463810355028e-11,2.9408188581329726e-11,2.9411738153231454e-11,2.94152868076962e-11,2.941883456766325e-11,2.9422381421366e-11,2.942592737077558e-11,2.9429472410123593e-11,2.9433016549066915e-11,2.943655979195998e-11,2.9440102120824907e-11,2.944364354557414e-11,2.944718406685507e-11,2.9450723685049635e-11,2.9454262399592165e-11,2.9457800213803645e-11,2.9461337120131334e-11,2.946487312631679e-11,2.9468408230093885e-11,2.9471942431771115e-11,2.9475475731583094e-11,2.9479008129262255e-11,2.948253962347886e-11,2.9486070219161445e-11,2.948959991397156e-11,2.9493128707671945e-11,2.9496656598879736e-11,2.95001835854328e-11,2.950370967938456e-11,2.950723487622953e-11,2.951075917179923e-11,2.9514282568432145e-11,2.9517805065848415e-11,2.952132666409192e-11,2.952484736672923e-11,2.952836716702327e-11,2.95318860712646e-11,2.953540407740402e-11,2.953892118628418e-11,2.954243739794632e-11,2.9545952713014754e-11,2.95494671319677e-11,2.9552980653819995e-11,2.955649327987468e-11,2.956000501693947e-11,2.956351584152152e-11,2.9567025780370555e-11,2.95705348242519e-11,2.957404297304195e-11,2.957755022698295e-11,2.958105658672145e-11,2.958456205247288e-11,2.9588066626784115e-11,2.9591570304329686e-11,2.959507308861658e-11,2.959857497948273e-11,2.960207597821894e-11,2.9605576076840756e-11,2.960907528361773e-11,2.961257360252642e-11,2.961607103185933e-11,2.961956756981105e-11,2.962306321589411e-11,2.9626557971213115e-11,2.963005183568348e-11,2.963354481191746e-11,2.9637036895157684e-11,2.964052808888154e-11,2.9644018392370455e-11,2.9647507806133756e-11,2.965099632973465e-11,2.965448396471316e-11,2.965797070767255e-11,2.966145656466168e-11,2.966494153380559e-11,2.9668425613940664e-11,2.96719088068497e-11,2.967539111267622e-11,2.9678872528108456e-11,2.9682353059105844e-11,2.9685832702334664e-11,2.968931145926084e-11,2.969278932969949e-11,2.969626631876096e-11,2.969974242164051e-11,2.9703217634270824e-11,2.970669196134382e-11,2.971016540573513e-11,2.9713637961317396e-11,2.9717109632870646e-11,2.972058042047459e-11,2.972405032477715e-11,2.9727519344136053e-11,2.9730987478398917e-11,2.9734454730888346e-11,2.973792109922393e-11,2.9741386580292866e-11,2.9744851180824436e-11,2.9748314901631795e-11,2.97517777321673e-11,2.9755239675116705e-11,2.9758700761064404e-11,2.9762160954019876e-11,2.9765620265819585e-11,2.976907869633316e-11,2.9772536224114946e-11,2.9775992893939936e-11,2.977944868304035e-11,2.9782903590587036e-11,2.978635760341963e-11,2.9789810762934026e-11,2.9793263018665593e-11,2.979671441842148e-11,2.980016492992196e-11,2.980361456334834e-11,2.980706331833446e-11,2.9810511197025254e-11,2.9813958191687444e-11,2.9817404312277517e-11,2.9820849556191105e-11,2.9824293921706654e-11,2.982773741783264e-11,2.9831180031074556e-11,2.983462176708936e-11,2.98380626276738e-11,2.984150260909466e-11,2.984494171034514e-11,2.984837994394446e-11,2.9851817303056986e-11,2.9855253780578466e-11,2.985868938941795e-11,2.986212412442447e-11,2.9865557976900733e-11,2.9868990952719424e-11,2.987242306507493e-11,2.9875854304018404e-11,2.987928467027897e-11,2.988271416680748e-11,2.988614278723907e-11,2.9889570531979346e-11,2.989299740668306e-11,2.9896423392764074e-11,2.98998485243823e-11,2.9903272781330175e-11,2.990669616543618e-11,2.9910118682292555e-11,2.991354032863823e-11,2.9916961115731203e-11,2.992038101982717e-11,2.9923800054085574e-11,2.9927218218306364e-11,2.993063551539415e-11,2.99340519452217e-11,2.9937467502411914e-11,2.9940882192712966e-11,2.9944296009455567e-11,2.9947708961369075e-11,2.995112104046709e-11,2.9954532250037043e-11,2.995794259784558e-11,2.99613520785466e-11,2.9964760691672156e-11,2.996816843786101e-11,2.997157531739539e-11,2.997498133027446e-11,2.997838647746006e-11,2.998179075861136e-11,2.998519417318585e-11,2.998859672211023e-11,2.999199840408912e-11,2.999539922320134e-11,2.999879917814049e-11,3.000219826801885e-11,3.0005596495131095e-11,3.0008993856909046e-11,3.001239035202134e-11,3.001578598712497e-11,3.001918075466469e-11,3.002257466970737e-11,3.002596771590449e-11,3.0029359896694076e-11,3.0032751213757975e-11,3.003614167120446e-11,3.003953127201517e-11,3.0042920005036676e-11,3.0046307877808974e-11,3.004969489077603e-11,3.005308104106682e-11,3.0056466330988024e-11,3.005985076012533e-11,3.006323432870596e-11,3.00666170382048e-11,3.006999888504906e-11,3.0073379876738766e-11,3.0076760007054634e-11,3.008013927922378e-11,3.008351769438318e-11,3.008689524840053e-11,3.00902719436078e-11,3.009364778115987e-11,3.0097022762418825e-11,3.0100396882804335e-11,3.010377014738513e-11,3.0107142553988393e-11,3.011051410468646e-11,3.01138848006296e-11,3.0117254652817796e-11,3.0120623634213243e-11,3.012399175996693e-11,3.012735903020841e-11,3.0130725444479093e-11,3.013409099505064e-11,3.013745569923255e-11,3.014081954649319e-11,3.0144182541349963e-11,3.014754468197935e-11,3.0150905971685853e-11,3.01542664222998e-11,3.015762600147225e-11,3.0160984725503463e-11,3.0164342598825644e-11,3.0167699616193005e-11,3.0171055780418554e-11,3.017441108870179e-11,3.017776554618821e-11,3.018111915964443e-11,3.018447191874687e-11,3.018782382406127e-11,3.019117488065812e-11,3.019452508641853e-11,3.0197874440394516e-11,3.020122294563322e-11,3.020457059836545e-11,3.020791740094677e-11,3.021126335133553e-11,3.02146084604661e-11,3.0217952719940046e-11,3.0221296125988976e-11,3.022463868381906e-11,3.022798038887691e-11,3.02313212557951e-11,3.023466126798574e-11,3.0238000427266716e-11,3.024133873785689e-11,3.024467620540219e-11,3.024801283338916e-11,3.0251348623241683e-11,3.025468355207929e-11,3.0258017631899975e-11,3.0261350869898667e-11,3.026468326068683e-11,3.026801480509899e-11,3.027134549106651e-11,3.027467534102127e-11,3.027800434911789e-11,3.0281332512400796e-11,3.028465982904068e-11,3.0287986310388274e-11,3.0291311921509e-11,3.02946367081316e-11,3.029796065114555e-11,3.030128375076548e-11,3.030460600756887e-11,3.030792740962145e-11,3.0311247981062843e-11,3.0314567714210536e-11,3.03178865989832e-11,3.0321204653926265e-11,3.032452185656404e-11,3.032783821770748e-11,3.033115373395772e-11,3.0334468411744195e-11,3.033778224924971e-11,3.0341095239386445e-11,3.0344407396179447e-11,3.034771871214032e-11,3.0351029187247586e-11,3.035433882244808e-11,3.0357647619898694e-11,3.036095557950788e-11,3.0364262698150024e-11,3.036756898033674e-11,3.037087442280135e-11,3.037417902270441e-11,3.037748278764178e-11,3.0380785714257673e-11,3.03840878047172e-11,3.038738905736261e-11,3.03906894719784e-11,3.0393989051716786e-11,3.03972877924932e-11,3.040058569677229e-11,3.0403882766106965e-11,3.040717899646033e-11,3.041047439150698e-11,3.0413768950974956e-11,3.0417062670656786e-11,3.042035556296278e-11,3.042364761811255e-11,3.042693883967714e-11,3.043022922837728e-11,3.0433518773039425e-11,3.0436807471011535e-11,3.044009535802361e-11,3.044338240977005e-11,3.044666863115135e-11,3.044995401789984e-11,3.0453238572823715e-11,3.045652229669891e-11,3.045980518645999e-11,3.04630872451375e-11,3.046636847197746e-11,3.0469648864852333e-11,3.047292842854881e-11,3.047620715844694e-11,3.0479485060682947e-11,3.048276212981938e-11,3.048603836884712e-11,3.048931377340865e-11,3.04925883457924e-11,3.049586209457191e-11,3.0499135015137014e-11,3.050240711862172e-11,3.050567838196018e-11,3.0508948817650994e-11,3.0512218417971223e-11,3.051548718206372e-11,3.0518755132128106e-11,3.052202225153998e-11,3.052528854802023e-11,3.052855402008302e-11,3.053181866071423e-11,3.0535082464360503e-11,3.053834545083226e-11,3.0541607608049194e-11,3.05448689416931e-11,3.0548129449442155e-11,3.055138913243623e-11,3.0554647981267185e-11,3.0557906012479863e-11,3.056116321923861e-11,3.0564419600017986e-11,3.05676751576754e-11,3.0570929890598396e-11,3.0574183793672665e-11,3.057743687564853e-11,3.0580689133657694e-11,3.0583940570119896e-11,3.058719119173489e-11,3.0590440983751747e-11,3.059368995270965e-11,3.0596938094820676e-11,3.060018542015011e-11,3.060343191928415e-11,3.060667759644783e-11,3.060992245126437e-11,3.061316648670298e-11,3.061640970044218e-11,3.0619652093771074e-11,3.0622893664258495e-11,3.062613443634945e-11,3.0629374366757876e-11,3.06326134782279e-11,3.063585177076045e-11,3.0639089240970515e-11,3.064232589317218e-11,3.064556170570747e-11,3.064879672261418e-11,3.065203092073353e-11,3.0655264299363876e-11,3.065849685881799e-11,3.0661728593194795e-11,3.0664959522710493e-11,3.066818962713203e-11,3.0671418914538963e-11,3.067464738438058e-11,3.067787503941605e-11,3.0681101874845525e-11,3.068432789616704e-11,3.0687553100807844e-11,3.0690777490591944e-11,3.0694001062379314e-11,3.069722383977381e-11,3.0700445782128576e-11,3.070366692769595e-11,3.0706887238827964e-11,3.071010674121306e-11,3.071332542560402e-11,3.0716543294982946e-11,3.071976035144439e-11,3.072297659208168e-11,3.0726192020750406e-11,3.072940663570094e-11,3.073262044238126e-11,3.073583343172545e-11,3.073904562690514e-11,3.074225699463361e-11,3.074546756669457e-11,3.0748677308053326e-11,3.0751886235456483e-11,3.075509435493602e-11,3.07583016615242e-11,3.076150817752634e-11,3.076471386204906e-11,3.0767918734086825e-11,3.077112279827126e-11,3.077432606362932e-11,3.077752850841564e-11,3.0780730141364996e-11,3.0783930967003627e-11,3.0787130982937296e-11,3.0790330209803655e-11,3.0793528627364265e-11,3.079672623863867e-11,3.0799923020483015e-11,3.0803118995602925e-11,3.0806314160884884e-11,3.0809508519343734e-11,3.081270207234847e-11,3.081589481407242e-11,3.081908674426122e-11,3.0822277874198495e-11,3.0825468196507275e-11,3.082865771366749e-11,3.0831846441301423e-11,3.0835034340520625e-11,3.083822144086104e-11,3.084140773500592e-11,3.084459324411397e-11,3.084777792880046e-11,3.085096182110038e-11,3.085414489695102e-11,3.085732718112069e-11,3.0860508648418895e-11,3.086368931143287e-11,3.0866869178235387e-11,3.0870048234728294e-11,3.0873226488559786e-11,3.087640393875929e-11,3.087958058609011e-11,3.088275643812785e-11,3.088593149919146e-11,3.0889105739714214e-11,3.0892279176031867e-11,3.089545181828686e-11,3.0898623654546504e-11,3.0901794690582985e-11,3.090496492471243e-11,3.090813435836018e-11,3.091130299085403e-11,3.0914470823270014e-11,3.091763785633836e-11,3.092080408944637e-11,3.092396952285956e-11,3.092713416776349e-11,3.0930298002167615e-11,3.093346103839124e-11,3.093662327560452e-11,3.093978469709587e-11,3.094294532249779e-11,3.09461051644641e-11,3.094926420952208e-11,3.0952422457010014e-11,3.095557990662481e-11,3.095873656844739e-11,3.096189242482063e-11,3.096504748507912e-11,3.096820174724963e-11,3.0971355213899534e-11,3.09745078840619e-11,3.0977659758594265e-11,3.0980810836564086e-11,3.0983961122773764e-11,3.098711059500202e-11,3.0990259288281577e-11,3.099340720037366e-11,3.099655430481008e-11,3.099970061524933e-11,3.1002846131563404e-11,3.100599085598093e-11,3.1009134772722294e-11,3.1012277930974455e-11,3.101542026932179e-11,3.1018561821987776e-11,3.102170257892407e-11,3.102484255804812e-11,3.1027981730754274e-11,3.103112011154797e-11,3.103425770083733e-11,3.103739449757681e-11,3.1040530503006294e-11,3.104366571810809e-11,3.104680015135432e-11,3.104993379431945e-11,3.105306663619829e-11,3.1056198688727e-11,3.105932995117307e-11,3.106246044161813e-11,3.106559012550925e-11,3.106871901760225e-11,3.1071847116291696e-11,3.1074974430998844e-11,3.107810095746656e-11,3.1081226715218144e-11,3.1084351664643805e-11,3.1087475825968214e-11,3.109059920357256e-11,3.109372179251999e-11,3.109684359091663e-11,3.109996460213904e-11,3.1103084826424755e-11,3.1106204264027226e-11,3.110932292759617e-11,3.111244079239656e-11,3.11155578710924e-11,3.111867416429688e-11,3.112178967936637e-11,3.1124904409779135e-11,3.112801835719225e-11,3.1131131510080615e-11,3.1134243878597914e-11,3.113735547462831e-11,3.114046627764892e-11,3.114357630873471e-11,3.114668553872943e-11,3.114979398546655e-11,3.1152901648253095e-11,3.115600852937375e-11,3.11591146174028e-11,3.1162219931019684e-11,3.1165324463550797e-11,3.116842821230838e-11,3.1171531178898034e-11,3.117463336360651e-11,3.1177734766661196e-11,3.118083538963268e-11,3.118393523106099e-11,3.1187034290171164e-11,3.119013256849879e-11,3.1193230074110977e-11,3.119632679138154e-11,3.119942272888443e-11,3.120251788646908e-11,3.1205612263732316e-11,3.1208705858048134e-11,3.1211798677779456e-11,3.121489071706305e-11,3.1217981976515484e-11,3.1221072458732947e-11,3.1224162161255734e-11,3.1227251085390567e-11,3.1230339232936284e-11,3.123342660140765e-11,3.123651319231832e-11,3.123959900791292e-11,3.1242684044769753e-11,3.1245768307150135e-11,3.124885179016826e-11,3.125193449624332e-11,3.1255016428302117e-11,3.1258097581449374e-11,3.126117796117918e-11,3.126425756516397e-11,3.126733639243031e-11,3.127041444426688e-11,3.127349172076024e-11,3.127656822219544e-11,3.12796439494716e-11,3.128271887935972e-11,3.128579305203509e-11,3.1288866457059805e-11,3.129193908917889e-11,3.129501094776652e-11,3.129808203092359e-11,3.130115234121007e-11,3.1304221884251226e-11,3.130729064967815e-11,3.131035864258922e-11,3.131342586484896e-11,3.1316492312381804e-11,3.131955798986522e-11,3.1322622895672605e-11,3.1325687023585635e-11,3.1328750387384765e-11,3.133181297954829e-11,3.1334874797470785e-11,3.133793584873898e-11,3.1340996125286196e-11,3.134405563175694e-11,3.134711437134712e-11,3.13501723442896e-11,3.135322954783388e-11,3.1356285979972404e-11,3.1359341644536525e-11,3.1362396540902265e-11,3.1365450666966114e-11,3.13685040213112e-11,3.137155661270047e-11,3.1374608434178665e-11,3.1377659479689545e-11,3.138070976468367e-11,3.138375928071181e-11,3.138680803009259e-11,3.1389856012193116e-11,3.139290323186423e-11,3.139594968442865e-11,3.1398995370388774e-11,3.140204029128463e-11,3.1405084446517585e-11,3.14081278331904e-11,3.14111704581285e-11,3.141421231602032e-11,3.141725341123977e-11,3.14202937413848e-11,3.1423333298531866e-11,3.142637208824547e-11,3.142941012480371e-11,3.143244740127582e-11,3.143548390100236e-11,3.143851964269124e-11,3.144155463973079e-11,3.144458885815229e-11,3.14476223152484e-11,3.1450655008615605e-11,3.1453686938389553e-11,3.145671810637896e-11,3.1459748511659783e-11,3.1462778156290486e-11,3.1465807036420994e-11,3.1468835158050726e-11,3.14718625229776e-11,3.147488912231594e-11,3.147791495327339e-11,3.1480940032454474e-11,3.1483964349902535e-11,3.148698790577656e-11,3.149001070181228e-11,3.14930327414001e-11,3.1496054022140624e-11,3.149907454225053e-11,3.1502094302421654e-11,3.1505113306256694e-11,3.150813155012316e-11,3.151114902546841e-11,3.1514165753023e-11,3.1517181722890074e-11,3.1520196936630497e-11,3.1523211394192013e-11,3.152622509406647e-11,3.152923803316126e-11,3.153225021004584e-11,3.153526163621712e-11,3.1538272305620017e-11,3.154128219129522e-11,3.1544291347572566e-11,3.154729974879755e-11,3.155030739253519e-11,3.155331427882848e-11,3.155632041544819e-11,3.155932579718784e-11,3.156233041504488e-11,3.156533428691977e-11,3.156833740035184e-11,3.1571339763916164e-11,3.157434137552529e-11,3.157734223056599e-11,3.1580342332168016e-11,3.1583341678240564e-11,3.1586340273295173e-11,3.158933811447048e-11,3.159233521496202e-11,3.159533155190042e-11,3.1598327137832456e-11,3.1601321968126586e-11,3.160431604910148e-11,3.160730937878873e-11,3.161030195759524e-11,3.16132937811934e-11,3.16162848606141e-11,3.161927518573148e-11,3.162226475956888e-11,3.162525358263374e-11,3.162824165863104e-11,3.163122897930247e-11,3.163421556262366e-11,3.163720138660395e-11,3.164018646188981e-11,3.164317080411425e-11,3.1646154381407285e-11,3.1649137208638404e-11,3.165211929502907e-11,3.1655100630366866e-11,3.165808121207614e-11,3.166106104501776e-11,3.1664040132315226e-11,3.1667018454087056e-11,3.1669996046281295e-11,3.1672972891335774e-11,3.1675948989393595e-11,3.167892434071076e-11,3.168189894577373e-11,3.168487280625953e-11,3.16878459197166e-11,3.1690818287522627e-11,3.169378990750531e-11,3.1696760784537256e-11,3.1699730917213455e-11,3.170270030059402e-11,3.17056689417566e-11,3.1708636838967207e-11,3.1711603991985875e-11,3.1714570401110394e-11,3.1717536065077686e-11,3.1720500986149946e-11,3.172346515994346e-11,3.172642859517486e-11,3.172939129947636e-11,3.1732353245997987e-11,3.17353144477953e-11,3.1738274912917286e-11,3.1741234628696376e-11,3.174419360733578e-11,3.174715184319381e-11,3.1750109334975525e-11,3.17530660893719e-11,3.175602210467029e-11,3.1758977375506484e-11,3.1761931906144785e-11,3.176488570031148e-11,3.176783876255626e-11,3.1770791071239956e-11,3.1773742641515206e-11,3.177669346901814e-11,3.1779643560109415e-11,3.178259291331749e-11,3.17855415230527e-11,3.178848939243499e-11,3.17914365261388e-11,3.1794382920888864e-11,3.179732857734743e-11,3.1800273488453394e-11,3.1803217673664284e-11,3.1806161112051784e-11,3.1809103816548205e-11,3.181204578412829e-11,3.181498702201027e-11,3.1817927510210106e-11,3.182086726448622e-11,3.1823806284724245e-11,3.1826744568920546e-11,3.182968212104032e-11,3.183261893315812e-11,3.1835554982107013e-11,3.183849031752049e-11,3.1841424919910905e-11,3.184435879324137e-11,3.184729190568702e-11,3.1850224303054625e-11,3.185315596782014e-11,3.185608690746272e-11,3.1859017102933485e-11,3.186194656712812e-11,3.1864875297747516e-11,3.1867803289877317e-11,3.187073055382993e-11,3.1873657084309886e-11,3.187658288464834e-11,3.187950794802902e-11,3.188243227940379e-11,3.1885355879501175e-11,3.1888278746783394e-11,3.1891200883357356e-11,3.189412228903427e-11,3.1897042956886106e-11,3.1899962898071347e-11,3.190288211590448e-11,3.1905800596405986e-11,3.1908718346302116e-11,3.191163536579627e-11,3.191455166351226e-11,3.1917467222810316e-11,3.19203820517518e-11,3.1923296149661104e-11,3.192620952009467e-11,3.1929122168608054e-11,3.193203408313173e-11,3.1934945270919957e-11,3.19378557259749e-11,3.194076545243096e-11,3.194367444755011e-11,3.194658271798242e-11,3.194949026077234e-11,3.195239708260003e-11,3.195530317102167e-11,3.195820853215013e-11,3.196111315241486e-11,3.196401705938492e-11,3.1966920238582476e-11,3.196982269497281e-11,3.197272442101522e-11,3.1975625418219555e-11,3.197852570451911e-11,3.1981425267252677e-11,3.198432409185878e-11,3.19872221875881e-11,3.19901195630454e-11,3.19930162138874e-11,3.199591213979971e-11,3.199880734190792e-11,3.200170180915531e-11,3.2004595561656336e-11,3.200748859178491e-11,3.201038089311385e-11,3.2013272475716846e-11,3.201616333571642e-11,3.201905347761056e-11,3.202194289197993e-11,3.2024831584002676e-11,3.202771955387262e-11,3.203060680267552e-11,3.203349332279402e-11,3.203637911868142e-11,3.203926420118824e-11,3.204214856234894e-11,3.2045032202236564e-11,3.204791512049237e-11,3.205079732703135e-11,3.205367880516371e-11,3.205655956262819e-11,3.205943959908923e-11,3.206231891775476e-11,3.206519751526643e-11,3.206807539126232e-11,3.2070952550716656e-11,3.207382899219865e-11,3.207670471116837e-11,3.2079579713111104e-11,3.2082453992583165e-11,3.2085327554778876e-11,3.2088200405410806e-11,3.209107253540151e-11,3.2093943943679635e-11,3.2096814637916125e-11,3.209968461485045e-11,3.21025538667018e-11,3.21054224096328e-11,3.210829023591805e-11,3.2111157317388725e-11,3.211402371087462e-11,3.2116889388196626e-11,3.2119754341893194e-11,3.2122618590746965e-11,3.2125482120836786e-11,3.212834493712457e-11,3.213120703739173e-11,3.21340684221537e-11,3.21369290894998e-11,3.213978904520561e-11,3.214264828643355e-11,3.214550681434517e-11,3.214836462690416e-11,3.215122172649683e-11,3.2154078109782237e-11,3.2156933782441886e-11,3.215978874302392e-11,3.216264298974291e-11,3.216549652364098e-11,3.216834934443921e-11,3.217120145563121e-11,3.217405285106984e-11,3.217690353562264e-11,3.2179753508837063e-11,3.2182602773737645e-11,3.2185451316609924e-11,3.218829915818607e-11,3.219114628543765e-11,3.219399270068464e-11,3.219683840794433e-11,3.2199683401565944e-11,3.220252768588531e-11,3.2205371277327546e-11,3.220821414537713e-11,3.221105629848585e-11,3.221389774604234e-11,3.2216738487846145e-11,3.221957851812357e-11,3.222241784031853e-11,3.222525645303113e-11,3.222809435666689e-11,3.223093154790076e-11,3.2233768034256676e-11,3.2236603815264953e-11,3.223943888704688e-11,3.2242273241593895e-11,3.224510689975185e-11,3.224793984991944e-11,3.225077209422504e-11,3.225360363215456e-11,3.2256434463483543e-11,3.225926458905015e-11,3.2262094009571585e-11,3.2264922723987755e-11,3.226775073783192e-11,3.2270578038825434e-11,3.22734046350682e-11,3.227623052964761e-11,3.227905571679437e-11,3.2281880199380335e-11,3.2284703982098065e-11,3.228752705600218e-11,3.229034942592242e-11,3.2293171091745524e-11,3.229599205464978e-11,3.2298812313413526e-11,3.230163186906061e-11,3.230445072366194e-11,3.230726887360368e-11,3.2310086321754886e-11,3.231290306620547e-11,3.23157191084946e-11,3.231853444893394e-11,3.2321349080937705e-11,3.232416301917387e-11,3.232697622795258e-11,3.232978876177608e-11,3.2332600594489706e-11,3.233541172518037e-11,3.233822215626625e-11,3.2341031886647295e-11,3.2343840917405385e-11,3.2346649242964344e-11,3.234945687699552e-11,3.235226380884851e-11,3.235507005286375e-11,3.235787558663281e-11,3.236068041496008e-11,3.236348454746956e-11,3.236628798210133e-11,3.236909071810771e-11,3.237189275847846e-11,3.2374694099427454e-11,3.237749474082969e-11,3.238029468463656e-11,3.2383093931044607e-11,3.238589248023047e-11,3.2388690333223936e-11,3.23914874876951e-11,3.2394283945595635e-11,3.2397079708227155e-11,3.2399874769525016e-11,3.240266913781797e-11,3.240546280627876e-11,3.2408255782184703e-11,3.2411048062943176e-11,3.241383964821011e-11,3.24166305463685e-11,3.241942074105636e-11,3.242221024151574e-11,3.2424999048009104e-11,3.2427787161878315e-11,3.2430574578158044e-11,3.2433361299474944e-11,3.243614731546006e-11,3.243893264874106e-11,3.244171729003357e-11,3.244450123791329e-11,3.244728450831999e-11,3.245006707241113e-11,3.2452848937666175e-11,3.2455630115476935e-11,3.245841059955674e-11,3.246119039154976e-11,3.2463969490063975e-11,3.246674789821272e-11,3.246952561397729e-11,3.247230263463863e-11,3.247507896862677e-11,3.2477854611397376e-11,3.248062956613241e-11,3.248340382741457e-11,3.248617739837844e-11,3.248895027835952e-11,3.24917224676618e-11,3.249449396842248e-11,3.249726477921596e-11,3.25000349009476e-11,3.250280432302162e-11,3.25055730661987e-11,3.2508341118203675e-11,3.2511108482345164e-11,3.2513875159299464e-11,3.251664114920121e-11,3.251940644968496e-11,3.2522171081563344e-11,3.252493500638638e-11,3.252769825075564e-11,3.253046080128122e-11,3.2533222666313424e-11,3.253598383332457e-11,3.2538744322417655e-11,3.2541504138138846e-11,3.254426324956171e-11,3.254702168174703e-11,3.254977941461811e-11,3.255253647202169e-11,3.255529284406423e-11,3.255804852907263e-11,3.256080353037323e-11,3.256355786115213e-11,3.256631149115152e-11,3.256906443257374e-11,3.257181669500638e-11,3.257456827129835e-11,3.257731916470153e-11,3.258006937414083e-11,3.258281889917836e-11,3.2585567741031413e-11,3.258831590015523e-11,3.259106337798075e-11,3.2593810168140114e-11,3.259655627740233e-11,3.259930170552049e-11,3.260204644880385e-11,3.2604790509588554e-11,3.2607533889973995e-11,3.26102765925598e-11,3.261301860926295e-11,3.261575994484257e-11,3.2618500598022386e-11,3.2621240571483263e-11,3.262397986395153e-11,3.26267184721692e-11,3.262945641157169e-11,3.263219366100699e-11,3.263493023044769e-11,3.2637666120437426e-11,3.264040133143193e-11,3.264313586541451e-11,3.2645869719618736e-11,3.264860288125899e-11,3.2651335375823514e-11,3.265406719065355e-11,3.265679832335337e-11,3.265952878169803e-11,3.266225856138486e-11,3.266498766292005e-11,3.2667716088076255e-11,3.267044383422812e-11,3.267317090262121e-11,3.26758972763279e-11,3.2678622990163644e-11,3.268134802730223e-11,3.268407238902896e-11,3.2686796074169225e-11,3.2689519083052274e-11,3.269224141678405e-11,3.269496306908692e-11,3.269768405239611e-11,3.270040435647948e-11,3.270312398495364e-11,3.2705842938135137e-11,3.270856121316967e-11,3.2711278818773314e-11,3.271399574915678e-11,3.2716712003566525e-11,3.27194275871899e-11,3.272214249451369e-11,3.2724856725695216e-11,3.2727570284110845e-11,3.273028318411261e-11,3.2732995398297465e-11,3.2735706933689413e-11,3.273841779895699e-11,3.274112798994073e-11,3.2743837509676995e-11,3.274654635230926e-11,3.274925452551985e-11,3.2751962028659894e-11,3.2754668855383035e-11,3.275737501661534e-11,3.276008050462466e-11,3.276278532133319e-11,3.2765489464726134e-11,3.2768192939374916e-11,3.2770895745908495e-11,3.277359787975143e-11,3.27762993432122e-11,3.277900013888423e-11,3.278170025956014e-11
13,9.394645663786026e-24,1.663013647935902e-23,2.2220693300327293e-23,2.652967271085377e-23,2.985067991479388e-23,3.2409616764849423e-23,3.438179368238317e-23,3.5901798959340474e-23,3.707324108000738e-23,3.797610020841467e-23,3.8671958017155295e-23,3.920827144817162e-23,3.9621618185092835e-23,3.994019592788917e-23,4.0185731116989655e-23,4.037496920651095e-23,4.0520820647912574e-23,4.0633230526790075e-23,4.071986826493367e-23,4.078664116672057e-23,4.08381051153677e-23,4.0877769477491966e-23,4.090833930473777e-23,4.0931900183162394e-23,4.095005910132328e-23,4.0964054602780106e-23,4.097484126193506e-23,4.098315479153524e-23,4.0989562222545754e-23,4.099450057894913e-23,4.099830668531482e-23,4.1001240140189224e-23,4.10035010222223e-23,4.1005243536692607e-23,4.100658653320214e-23,4.100762161190888e-23,4.100841937118933e-23,4.1009034222857464e-23,4.1009508103366346e-23,4.100987333411765e-23,4.1010154825968863e-23,4.101037177829835e-23,4.1010538988514436e-23,4.101066786132456e-23,4.1010767186602514e-23,4.101084373890886e-23,4.101090273955529e-23,4.1010948212728427e-23,4.1010983259962646e-23,4.1011010271682774e-23,4.1011031090244947e-23,4.101104713559596e-23,4.1011059502121905e-23,4.101106903329163e-23,4.1011076379186244e-23,4.1011082040838405e-23,4.101108640440566e-23,4.101108976750864e-23,4.101109235953047e-23,4.101109435726211e-23,4.1011095896960433e-23,4.10110970836418e-23,4.1011097998244794e-23,4.101109870315063e-23,4.1011099246437987e-23,4.1011099665162217e-23,4.101109998788273e-23,4.101110023661096e-23,4.10111004283116e-23,4.101110057605975e-23,4.1011100689932684e-23,4.1011100777697214e-23,4.1011100845339384e-23,4.1011100897472776e-23,4.10111009376532e-23,4.1011100968621194e-23,4.1011100992488937e-23,4.101110101088437e-23,4.101110102506216e-23,4.101110103598931e-23,4.101110104441113e-23,4.1011101050902014e-23,4.101110105590468e-23,4.101110105976037e-23,4.101110106273203e-23,4.101110106502235e-23,4.101110106678757e-23,4.1011101068148056e-23,4.1011101069196614e-23,4.101110107000476e-23,4.1011101070627626e-23,4.1011101071107686e-23,4.1011101071477667e-23,4.101110107176283e-23,4.1011101071982606e-23,4.1011101072151995e-23,4.1011101072282545e-23,4.101110107238317e-23,4.101110107246071e-23,4.101110107252048e-23,4.1011101072566545e-23,4.1011101072602045e-23,4.101110107262941e-23,4.1011101072650505e-23,4.101110107266675e-23,4.1011101072679275e-23,4.101110107268894e-23,4.101110107269638e-23,4.1011101072702115e-23,4.1011101072706535e-23,4.101110107270994e-23,4.1011101072712565e-23,4.101110107271459e-23,4.101110107271615e-23,4.101110107271735e-23,4.101110107271827e-23,4.101110107271899e-23,4.101110107271954e-23,4.1011101072719965e-23,4.1011101072720294e-23,4.101110107272054e-23,4.1011101072720735e-23,4.101110107272089e-23,4.1011101072721005e-23,4.101110107272109e-23,4.101110107272116e-23,4.1011101072721216e-23,4.101110107272126e-23,4.101110107272129e-23,4.1011101072721316e-23,4.1011101072721334e-23,4.101110107272135e-23,4.101110107272136e-23,4.101110107272137e-23,4.1011101072721375e-23,4.101110107272138e-23,4.1011101072721387e-23,4.1011101072721387e-23,4.101110107272139e-23,4.101110107272139e-23,4.101110107272139e-23,4.101110107272139e-23,4.1011101072721387e-23,4.101110107272139e-23,4.1011101072721387e-23,4.101110107272139e-23,4.101110107272139e-23,4.101110107272139e-23,4.101110107272139e-23,4.101110107272139e-23,4.101110107272139e-23,4.101110107272139e-23,4.101110107272139e-23,4.1011101072721387e-23,4.101110107272139e-23,4.101110107272139e-23,4.101110107272139e-23,4.101110107272139e-23,4.101110107272139e-23,4.1011101072721387e-23,4.101110107272139e-23,4.101110107272139e-23,4.1011101072721387e-23,4.101110107272139e-23,4.101110107272139e-23,4.1011101072721387e-23,4.101110107272139e-23,4.101110107272139e-23,4.1011101072721387e-23,4.101110107272139e-23,4.101110107272139e-23,4.101110107272139e-23,4.101110107272139e-23,4.101110107272139e-23,4.101110107272139e-23,4.101110107272139e-23,4.101110107272139e-23,4.101110107272139e-23,4.101110107272139e-23,4.1011101072721387e-23,4.101110107272139e-23,4.101110107272139e-23,4.1011101072721387e-23,4.1011101072721387e-23,4.101110107272139e-23,4.101110107272139e-23,4.101110107272139e-23,4.101110107272139e-23,4.101110107272139e-23,4.101110107272139e-23,4.101110107272139e-23,4.101110107272139e-23,4.1011101072721387e-23,4.101110107272139e-23,4.101110107272139e-23,4.101110107272139e-23,4.101110107272139e-23,4.101110107272139e-23,4.1011101072721387e-23,4.101110107272139e-23,4.101110107272139e-23,4.1011101072721387e-23,4.101110107272139e-23,4.101110107272139e-23,4.101110107272139e-23,4.101110107272139e-23,4.101110107272139e-23,4.101110107272139e-23,4.1011101072721387e-23,4.1011101072721387e-23,4.101110107272139e-23,4.101110107272139e-23,4.101110107272139e-23,4.101110107272139e-23,4.101110107272139e-23,4.1011101072721387e-23,4.101110107272139e-23,4.1011101072721387e-23,4.101110107272139e-23,4.101110107272139e-23,4.101110107272139e-23,4.1011101072721387e-23,4.101110107272139e-23,4.101110107272139e-23,4.1011101072721387e-23,4.101110107272139e-23,4.101110107272139e-23,4.101110107272139e-23,4.1011101072721387e-23,4.101110107272139e-23,4.1011101072721387e-23,4.101110107272139e-23,4.101110107272139e-23,4.101110107272139e-23,4.101110107272139e-23,4.101110107272139e-23,4.101110107272139e-23,4.101110107272139e-23,4.101110107272139e-23,4.101110107272139e-23,4.101110107272139e-23,4.101110107272139e-23,4.101110107272139e-23,4.101110107272139e-23,4.1011101072721387e-23,4.101110107272139e-23,4.101110107272139e-23,4.101110107272139e-23,4.101110107272139e-23,4.101110107272139e-23,4.101110107272139e-23,4.1011101072721387e-23,4.101110107272139e-23,4.101110107272139e-23,4.1011101072721387e-23,4.101110107272139e-23,4.1011101072721387e-23,4.101110107272139e-23,4.101110107272139e-23,4.101110107272139e-23,4.101110107272139e-23,4.101110107272139e-23,4.101110107272139e-23,4.1011101072721387e-23,4.101110107272139e-23,4.101110107272139e-23,4.101110107272139e-23,4.1011101072721387e-23,4.101110107272139e-23,4.101110107272139e-23,4.1011101072721387e-23,4.101110107272139e-23,4.101110107272139e-23,4.101110107272139e-23,4.101110107272139e-23,4.101110107272139e-23,4.1011101072721387e-23,4.101110107272139e-23,4.101110107272139e-23,4.101110107272139e-23,4.101110107272139e-23,4.101110107272139e-23,4.101110107272139e-23,4.101110107272139e-23,4.101110107272139e-23,4.101110107272139e-23,4.101110107272139e-23,4.101110107272139e-23,4.101110107272139e-23,4.101110107272139e-23,4.101110107272139e-23,4.1011101072721387e-23,4.101110107272139e-23,4.101110107272139e-23,4.101110107272139e-23,4.1011101072721387e-23,4.1011101072721387e-23,4.101110107272139e-23,4.101110107272139e-23,4.101110107272139e-23,4.101110107272139e-23,4.101110107272139e-23,4.101110107272139e-23,4.101110107272139e-23,4.101110107272139e-23,4.101110107272139e-23,4.1011101072721387e-23,4.101110107272139e-23,4.101110107272139e-23,4.101110107272139e-23,4.101110107272139e-23,4.101110107272139e-23,4.101110107272139e-23,4.101110107272139e-23,4.101110107272139e-23,4.101110107272139e-23,4.1011101072721387e-23,4.1011101072721387e-23,4.1011101072721387e-23,4.1011101072721387e-23,4.101110107272139e-23,4.101110107272139e-23,4.1011101072721387e-23,4.101110107272139e-23,4.101110107272139e-23,4.101110107272139e-23,4.101110107272139e-23,4.101110107272139e-23,4.1011101072721387e-23,4.1011101072721387e-23,4.101110107272139e-23,4.101110107272139e-23,4.101110107272139e-23,4.101110107272139e-23,4.1011101072721387e-23,4.101110107272139e-23,4.101110107272139e-23,4.101110107272139e-23,4.101110107272139e-23,4.101110107272139e-23,4.101110107272139e-23,4.101110107272139e-23,4.1011101072721387e-23,4.101110107272139e-23,4.101110107272139e-23,4.1011101072721387e-23,4.101110107272139e-23,4.101110107272139e-23,4.1011101072721387e-23,4.101110107272139e-23,4.101110107272139e-23,4.101110107272139e-23,4.1011101072721387e-23,4.101110107272139e-23,4.1011101072721387e-23,4.101110107272139e-23,4.101110107272139e-23,4.1011101072721387e-23,4.101110107272139e-23,4.101110107272139e-23,4.101110107272139e-23,4.101110107272139e-23,4.101110107272139e-23,4.101110107272139e-23,4.1011101072721387e-23,4.101110107272139e-23,4.101110107272139e-23,4.101110107272139e-23,4.101110107272139e-23,4.101110107272139e-23,4.101110107272139e-23,4.1011101072721387e-23,4.1011101072721387e-23,4.101110107272139e-23,4.101110107272139e-23,4.101110107272139e-23,4.101110107272139e-23,4.101110107272139e-23,4.1011101072721387e-23,4.101110107272139e-23,4.1011101072721387e-23,4.101110107272139e-23,4.101110107272139e-23,4.1011101072721387e-23,4.101110107272139e-23,4.101110107272139e-23,4.101110107272139e-23,4.101110107272139e-23,4.101110107272139e-23,4.101110107272139e-23,4.101110107272139e-23,4.1011101072721387e-23,4.101110107272139e-23,4.101110107272139e-23,4.1011101072721387e-23,4.101110107272139e-23,4.101110107272139e-23,4.101110107272139e-23,4.101110107272139e-23,4.1011101072721387e-23,4.1011101072721387e-23,4.101110107272139e-23,4.101110107272139e-23,4.101110107272139e-23,4.101110107272139e-23,4.101110107272139e-23,4.101110107272139e-23,4.101110107272139e-23,4.101110107272139e-23,4.1011101072721387e-23,4.101110107272139e-23,4.101110107272139e-23,4.101110107272139e-23,4.101110107272139e-23,4.101110107272139e-23,4.101110107272139e-23,4.1011101072721387e-23,4.101110107272139e-23,4.101110107272139e-23,4.101110107272139e-23,4.101110107272139e-23,4.1011101072721387e-23,4.1011101072721387e-23,4.101110107272139e-23,4.1011101072721387e-23,4.101110107272139e-23,4.101110107272139e-23,4.101110107272139e-23,4.101110107272139e-23,4.101110107272139e-23,4.101110107272139e-23,4.101110107272139e-23,4.101110107272139e-23,4.101110107272139e-23,4.101110107272139e-23,4.101110107272139e-23,4.101110107272139e-23,4.101110107272139e-23,4.101110107272139e-23,4.101110107272139e-23,4.101110107272139e-23,4.101110107272139e-23,4.101110107272139e-23,4.101110107272139e-23,4.101110107272139e-23,4.101110107272139e-23,4.101110107272139e-23,4.101110107272139e-23,4.101110107272139e-23,4.101110107272139e-23,4.101110107272139e-23,4.1011101072721387e-23,4.101110107272139e-23,4.101110107272139e-23,4.101110107272139e-23,4.101110107272139e-23,4.101110107272139e-23,4.101110107272139e-23,4.101110107272139e-23,4.101110107272139e-23,4.101110107272139e-23,4.101110107272139e-23,4.101110107272139e-23,4.101110107272139e-23,4.101110107272139e-23,4.1011101072721387e-23,4.101110107272139e-23,4.101110107272139e-23,4.101110107272139e-23,4.101110107272139e-23,4.101110107272139e-23,4.101110107272139e-23,4.101110107272139e-23,4.101110107272139e-23,4.101110107272139e-23,4.101110107272139e-23,4.1011101072721387e-23,4.1011101072721387e-23,4.1011101072721387e-23,4.101110107272139e-23,4.101110107272139e-23,4.101110107272139e-23,4.101110107272139e-23,4.101110107272139e-23,4.101110107272139e-23,4.101110107272139e-23,4.101110107272139e-23,4.101110107272139e-23,4.1011101072721387e-23,4.101110107272139e-23,4.101110107272139e-23,4.101110107272139e-23,4.101110107272139e-23,4.101110107272139e-23,4.101110107272139e-23,4.1011101072721387e-23,4.101110107272139e-23,4.101110107272139e-23,4.101110107272139e-23,4.101110107272139e-23,4.101110107272139e-23,4.1011101072721387e-23,4.101110107272139e-23,4.101110107272139e-23,4.101110107272139e-23,4.1011101072721387e-23,4.101110107272139e-23,4.101110107272139e-23,4.101110107272139e-23,4.101110107272139e-23,4.1011101072721387e-23,4.101110107272139e-23,4.101110107272139e-23,4.101110107272139e-23,4.101110107272139e-23,4.101110107272139e-23,4.101110107272139e-23,4.1011101072721387e-23,4.101110107272139e-23,4.101110107272139e-23,4.101110107272139e-23,4.101110107272139e-23,4.101110107272139e-23,4.101110107272139e-23,4.101110107272139e-23,4.1011101072721387e-23,4.1011101072721387e-23,4.101110107272139e-23,4.101110107272139e-23,4.101110107272139e-23,4.101110107272139e-23,4.101110107272139e-23,4.101110107272139e-23,4.101110107272139e-23,4.101110107272139e-23,4.101110107272139e-23,4.101110107272139e-23,4.101110107272139e-23,4.1011101072721387e-23,4.101110107272139e-23,4.101110107272139e-23,4.101110107272139e-23,4.1011101072721387e-23,4.101110107272139e-23,4.101110107272139e-23,4.1011101072721387e-23,4.1011101072721387e-23,4.101110107272139e-23,4.101110107272139e-23,4.101110107272139e-23,4.101110107272139e-23,4.101110107272139e-23,4.101110107272139e-23,4.1011101072721387e-23,4.101110107272139e-23,4.101110107272139e-23,4.101110107272139e-23,4.101110107272139e-23,4.101110107272139e-23,4.101110107272139e-23,4.101110107272139e-23,4.101110107272139e-23,4.101110107272139e-23,4.101110107272139e-23,4.101110107272139e-23,4.1011101072721387e-23,4.101110107272139e-23,4.101110107272139e-23,4.101110107272139e-23,4.101110107272139e-23,4.101110107272139e-23,4.101110107272139e-23,4.101110107272139e-23,4.101110107272139e-23,4.101110107272139e-23,4.101110107272139e-23,4.101110107272139e-23,4.101110107272139e-23,4.101110107272139e-23,4.101110107272139e-23,4.101110107272139e-23,4.1011101072721387e-23,4.1011101072721387e-23,4.101110107272139e-23,4.101110107272139e-23,4.101110107272139e-23,4.101110107272139e-23,4.101110107272139e-23,4.101110107272139e-23,4.101110107272139e-23,4.101110107272139e-23,4.101110107272139e-23,4.101110107272139e-23,4.101110107272139e-23,4.101110107272139e-23,4.101110107272139e-23,4.101110107272139e-23,4.101110107272139e-23,4.101110107272139e-23,4.101110107272139e-23,4.101110107272139e-23,4.101110107272139e-23,4.101110107272139e-23,4.1011101072721387e-23,4.101110107272139e-23,4.101110107272139e-23,4.101110107272139e-23,4.101110107272139e-23,4.101110107272139e-23,4.1011101072721387e-23,4.101110107272139e-23,4.1011101072721387e-23,4.1011101072721387e-23,4.101110107272139e-23,4.101110107272139e-23,4.101110107272139e-23,4.101110107272139e-23,4.1011101072721387e-23,4.101110107272139e-23,4.101110107272139e-23,4.1011101072721387e-23,4.101110107272139e-23,4.101110107272139e-23,4.101110107272139e-23,4.101110107272139e-23,4.101110107272139e-23,4.101110107272139e-23,4.101110107272139e-23,4.101110107272139e-23,4.101110107272139e-23,4.101110107272139e-23,4.101110107272139e-23,4.1011101072721387e-23,4.101110107272139e-23,4.101110107272139e-23,4.101110107272139e-23,4.101110107272139e-23,4.101110107272139e-23,4.101110107272139e-23,4.101110107272139e-23,4.101110107272139e-23,4.101110107272139e-23,4.101110107272139e-23,4.1011101072721387e-23,4.101110107272139e-23,4.101110107272139e-23,4.101110107272139e-23,4.101110107272139e-23,4.101110107272139e-23,4.101110107272139e-23,4.101110107272139e-23,4.101110107272139e-23,4.1011101072721387e-23,4.101110107272139e-23,4.101110107272139e-23,4.101110107272139e-23,4.1011101072721387e-23,4.101110107272139e-23,4.101110107272139e-23,4.1011101072721387e-23,4.101110107272139e-23,4.101110107272139e-23,4.101110107272139e-23,4.101110107272139e-23,4.101110107272139e-23,4.101110107272139e-23,4.1011101072721387e-23,4.101110107272139e-23,4.101110107272139e-23,4.101110107272139e-23,4.101110107272139e-23,4.101110107272139e-23,4.101110107272139e-23,4.101110107272139e-23,4.101110107272139e-23,4.101110107272139e-23,4.101110107272139e-23,4.1011101072721387e-23,4.101110107272139e-23,4.101110107272139e-23,4.101110107272139e-23,4.1011101072721387e-23,4.101110107272139e-23,4.101110107272139e-23,4.101110107272139e-23,4.101110107272139e-23,4.101110107272139e-23,4.101110107272139e-23,4.101110107272139e-23,4.101110107272139e-23,4.101110107272139e-23,4.101110107272139e-23,4.1011101072721387e-23,4.101110107272139e-23,4.101110107272139e-23,4.1011101072721387e-23,4.101110107272139e-23,4.101110107272139e-23,4.101110107272139e-23,4.101110107272139e-23,4.101110107272139e-23,4.101110107272139e-23,4.101110107272139e-23,4.101110107272139e-23,4.101110107272139e-23,4.101110107272139e-23,4.101110107272139e-23,4.101110107272139e-23,4.101110107272139e-23,4.101110107272139e-23,4.101110107272139e-23,4.101110107272139e-23,4.101110107272139e-23,4.101110107272139e-23,4.101110107272139e-23,4.101110107272139e-23,4.101110107272139e-23,4.101110107272139e-23,4.101110107272139e-23,4.1011101072721387e-23,4.101110107272139e-23,4.101110107272139e-23,4.101110107272139e-23,4.101110107272139e-23,4.101110107272139e-23,4.101110107272139e-23,4.1011101072721387e-23,4.101110107272139e-23,4.101110107272139e-23,4.101110107272139e-23,4.1011101072721387e-23,4.101110107272139e-23,4.101110107272139e-23,4.101110107272139e-23,4.101110107272139e-23,4.101110107272139e-23,4.101110107272139e-23,4.101110107272139e-23,4.101110107272139e-23,4.101110107272139e-23,4.101110107272139e-23,4.101110107272139e-23,4.1011101072721387e-23,4.1011101072721387e-23,4.101110107272139e-23,4.101110107272139e-23,4.1011101072721387e-23,4.101110107272139e-23,4.101110107272139e-23,4.1011101072721387e-23,4.101110107272139e-23,4.1011101072721387e-23,4.101110107272139e-23,4.101110107272139e-23,4.101110107272139e-23,4.1011101072721387e-23,4.1011101072721387e-23,4.101110107272139e-23,4.101110107272139e-23,4.101110107272139e-23,4.101110107272139e-23,4.101110107272139e-23,4.101110107272139e-23,4.1011101072721387e-23,4.101110107272139e-23,4.101110107272139e-23,4.101110107272139e-23,4.1011101072721387e-23,4.1011101072721387e-23,4.101110107272139e-23,4.1011101072721387e-23,4.1011101072721387e-23,4.101110107272139e-23,4.101110107272139e-23,4.1011101072721387e-23,4.101110107272139e-23,4.101110107272139e-23,4.101110107272139e-23,4.101110107272139e-23,4.1011101072721387e-23,4.101110107272139e-23,4.101110107272139e-23,4.101110107272139e-23,4.101110107272139e-23,4.101110107272139e-23,4.1011101072721387e-23,4.101110107272139e-23,4.101110107272139e-23,4.101110107272139e-23,4.101110107272139e-23,4.101110107272139e-23,4.101110107272139e-23,4.1011101072721387e-23,4.101110107272139e-23,4.101110107272139e-23,4.101110107272139e-23,4.101110107272139e-23,4.101110107272139e-23,4.101110107272139e-23,4.1011101072721387e-23,4.101110107272139e-23,4.1011101072721387e-23,4.1011101072721387e-23,4.101110107272139e-23,4.101110107272139e-23,4.1011101072721387e-23,4.101110107272139e-23,4.101110107272139e-23,4.101110107272139e-23,4.1011101072721387e-23,4.101110107272139e-23,4.101110107272139e-23,4.101110107272139e-23,4.101110107272139e-23,4.101110107272139e-23,4.1011101072721387e-23,4.101110107272139e-23,4.101110107272139e-23,4.101110107272139e-23,4.1011101072721387e-23,4.101110107272139e-23,4.101110107272139e-23,4.101110107272139e-23,4.1011101072721387e-23,4.101110107272139e-23,4.1011101072721387e-23,4.101110107272139e-23,4.1011101072721387e-23,4.1011101072721387e-23,4.101110107272139e-23,4.101110107272139e-23,4.101110107272139e-23,4.101110107272139e-23,4.101110107272139e-23,4.101110107272139e-23,4.101110107272139e-23,4.101110107272139e-23,4.101110107272139e-23,4.1011101072721387e-23,4.101110107272139e-23,4.101110107272139e-23,4.101110107272139e-23,4.101110107272139e-23,4.101110107272139e-23,4.1011101072721387e-23,4.1011101072721387e-23,4.1011101072721387e-23,4.101110107272139e-23,4.101110107272139e-23,4.101110107272139e-23,4.1011101072721387e-23,4.101110107272139e-23,4.101110107272139e-23,4.101110107272139e-23,4.101110107272139e-23,4.101110107272139e-23,4.101110107272139e-23,4.101110107272139e-23,4.101110107272139e-23,4.101110107272139e-23,4.101110107272139e-23,4.101110107272139e-23,4.101110107272139e-23,4.101110107272139e-23,4.1011101072721387e-23,4.101110107272139e-23,4.101110107272139e-23,4.1011101072721387e-23,4.101110107272139e-23,4.101110107272139e-23,4.101110107272139e-23,4.101110107272139e-23,4.1011101072721387e-23,4.1011101072721387e-23,4.101110107272139e-23,4.101110107272139e-23,4.101110107272139e-23,4.101110107272139e-23,4.101110107272139e-23,4.101110107272139e-23,4.101110107272139e-23,4.1011101072721387e-23,4.101110107272139e-23,4.1011101072721387e-23,4.101110107272139e-23,4.101110107272139e-23,4.101110107272139e-23,4.101110107272139e-23,4.101110107272139e-23,4.101110107272139e-23,4.1011101072721387e-23,4.101110107272139e-23,4.101110107272139e-23,4.101110107272139e-23,4.101110107272139e-23,4.101110107272139e-23,4.1011101072721387e-23,4.101110107272139e-23,4.101110107272139e-23,4.101110107272139e-23,4.101110107272139e-23,4.1011101072721387e-23,4.101110107272139e-23,4.101110107272139e-23,4.101110107272139e-23,4.101110107272139e-23,4.101110107272139e-23,4.1011101072721387e-23,4.101110107272139e-23,4.101110107272139e-23,4.101110107272139e-23,4.101110107272139e-23,4.101110107272139e-23,4.101110107272139e-23,4.1011101072721387e-23,4.101110107272139e-23,4.1011101072721387e-23,4.101110107272139e-23,4.101110107272139e-23,4.101110107272139e-23,4.101110107272139e-23,4.101110107272139e-23,4.1011101072721387e-23,4.101110107272139e-23,4.101110107272139e-23,4.101110107272139e-23,4.1011101072721387e-23,4.101110107272139e-23,4.1011101072721387e-23,4.101110107272139e-23,4.101110107272139e-23,4.101110107272139e-23,4.101110107272139e-23,4.101110107272139e-23,4.101110107272139e-23,4.101110107272139e-23,4.101110107272139e-23,4.101110107272139e-23,4.101110107272139e-23,4.101110107272139e-23,4.101110107272139e-23,4.101110107272139e-23,4.101110107272139e-23,4.101110107272139e-23,4.101110107272139e-23,4.101110107272139e-23,4.1011101072721387e-23,4.101110107272139e-23,4.101110107272139e-23,4.101110107272139e-23,4.101110107272139e-23,4.101110107272139e-23,4.101110107272139e-23,4.101110107272139e-23,4.101110107272139e-23,4.101110107272139e-23,4.101110107272139e-23,4.101110107272139e-23,4.101110107272139e-23,4.101110107272139e-23,4.101110107272139e-23,4.101110107272139e-23,4.101110107272139e-23,4.101110107272139e-23,4.101110107272139e-23,4.101110107272139e-23,4.101110107272139e-23,4.101110107272139e-23,4.101110107272139e-23,4.101110107272139e-23,4.101110107272139e-23,4.101110107272139e-23,4.101110107272139e-23,4.101110107272139e-23,4.101110107272139e-23,4.101110107272139e-23,4.101110107272139e-23,4.101110107272139e-23,4.1011101072721387e-23,4.101110107272139e-23,4.1011101072721387e-23,4.101110107272139e-23,4.101110107272139e-23,4.1011101072721387e-23,4.101110107272139e-23,4.101110107272139e-23,4.1011101072721387e-23,4.101110107272139e-23,4.101110107272139e-23,4.101110107272139e-23,4.101110107272139e-23,4.101110107272139e-23,4.101110107272139e-23,4.101110107272139e-23,4.101110107272139e-23,4.101110107272139e-23,4.101110107272139e-23,4.101110107272139e-23,4.101110107272139e-23,4.101110107272139e-23,2.8608125130159094e-17,4.8732919414412505e-17,6.291123684770827e-17,7.291690159306402e-17,7.999297720731216e-17,8.501211579333943e-17,8.858777107100477e-17,9.115161954943431e-17,9.300762501276424e-17,9.436989090039031e-17,9.538921982168173e-17,9.617178327983188e-17,9.679226526087263e-17,9.730312693381435e-17,9.774114376438486e-17,9.813202167675151e-17,9.849365862456041e-17,9.883844991917101e-17,9.917491794515186e-17,9.950886420074765e-17,9.984418342875957e-17,1.0018343864693671e-16,1.005282669436756e-16,1.0087966549507943e-16,1.0123819282661973e-16,1.0160411011844197e-16,1.0197748012670819e-16,1.0235823616188883e-16,1.0274622996205935e-16,1.0314126462536708e-16,1.0354311734876872e-16,1.0395155429746564e-16,1.0436634092258795e-16,1.047872484141251e-16,1.052140577645515e-16,1.056465621146502e-16,1.0608456677501895e-16,1.0652789486653652e-16,1.0697637857390992e-16,1.0742986603687173e-16,1.0788821723833507e-16,1.0835130466059547e-16,1.0881901218245842e-16,1.0929123433195136e-16,1.0976787555403084e-16,1.1024884949904227e-16,1.1073407835107644e-16,1.1122349212279694e-16,1.1171702837138304e-16,1.122146311537609e-16,1.1271625087842484e-16,1.1322184373888634e-16,1.1373137128148637e-16,1.1424480000918156e-16,1.1476210101537589e-16,1.152832496495717e-16,1.1580822520853763e-16,1.163370106539603e-16,1.168695923514947e-16,1.1740595982876293e-16,1.1794610556291436e-16,1.184900247709409e-16,1.1903771522676236e-16,1.1958917709067153e-16,1.2014441274744302e-16,1.2070342666828286e-16,1.2126622527091558e-16,1.2183281680165855e-16,1.2240321121609682e-16,1.22977420081479e-16,1.2355545622808708e-16,1.2413733472688232e-16,1.247230710794311e-16,1.2531268240478303e-16,1.2590618707241417e-16,1.2650360439345543e-16,1.2710495500493127e-16,1.2771026037015896e-16,1.2831954304509464e-16,1.2893282646920854e-16,1.2955013496281535e-16,1.3017149368662487e-16,1.3079692862215955e-16,1.314264665229274e-16,1.3206013489113352e-16,1.3269796194928044e-16,1.3333997661502982e-16,1.339862084779437e-16,1.3463668778250064e-16,1.3529144540756364e-16,1.359505128427934e-16,1.3661392181482096e-16,1.3728170584419915e-16,1.3795389767551516e-16,1.3863053113480804e-16,1.3931164059566681e-16,1.3999726097408883e-16,1.4068742777061508e-16,1.4138217684266348e-16,1.4208154475971923e-16,1.427855685341493e-16,1.434942856901503e-16,1.4420773426126378e-16,1.4492595278536425e-16,1.4564898030756096e-16,1.4637685635944193e-16,1.471096209874048e-16,1.4784731473880028e-16,1.485899786483863e-16,1.4933765423265156e-16,1.500903832766431e-16,1.5084820898503758e-16,1.5161117397858667e-16,1.5237932181126297e-16,1.531526965387581e-16,1.5393134272275341e-16,1.5471530544335663e-16,1.5550463028561495e-16,1.5629936335415932e-16,1.5709955127552082e-16,1.5790524120154242e-16,1.5871648081330964e-16,1.595333183261289e-16,1.6035580249392784e-16,1.611839826182651e-16,1.620179085392096e-16,1.6285763066139534e-16,1.6370319994523542e-16,1.6455466791599663e-16,1.654120866714042e-16,1.6627550883440403e-16,1.671449877791622e-16,1.6802057720678911e-16,1.6890233172239759e-16,1.6979030629995939e-16,1.70684556580978e-16,1.715851388425103e-16,1.7249210998216766e-16,1.734055275349358e-16,1.7432544966910975e-16,1.7525193520423795e-16,1.7618504360790484e-16,1.7712483501771234e-16,1.780713702399926e-16,1.7902471075968712e-16,1.7998491874317798e-16,1.809520570775655e-16,1.8192618932685215e-16,1.8290737978159548e-16,1.8389569345705978e-16,1.8489119611748073e-16,1.8589395420398743e-16,1.869040349871107e-16,1.8792150646787754e-16,1.889464374204157e-16,1.8997889740022942e-16,1.910189567555133e-16,1.920666866351149e-16,1.931221590025184e-16,1.9418544664495915e-16,1.9525662318452158e-16,1.963357630892356e-16,1.974229416860638e-16,1.985182351700111e-16,1.9962172061458818e-16,2.0073347598921153e-16,2.018535801662328e-16,2.0298211293659698e-16,2.041191548798473e-16,2.0526478798139969e-16,2.0641909465960738e-16,2.075821585022937e-16,2.087540640834706e-16,2.0993489693536432e-16,2.1112474369746694e-16,2.1232369192290005e-16,2.1353183024367174e-16,2.1474924834289482e-16,2.1597603696974312e-16,2.172122879586908e-16,2.1845809423122727e-16,2.1971354982696435e-16,2.209787499110575e-16,2.222537907936754e-16,2.235387699394855e-16,2.2483378599501714e-16,2.261389387983811e-16,2.2745432939192756e-16,2.2878006005375035e-16,2.301162343001081e-16,2.314629569115891e-16,2.3282033382313174e-16,2.3418847268860914e-16,2.3556748200493763e-16,2.369574717925031e-16,2.3835855342478904e-16,2.397708396505727e-16,2.4119444461610816e-16,2.42629483878921e-16,2.4407607443783024e-16,2.455343347479189e-16,2.4700438474512315e-16,2.484863458680219e-16,2.4998034107231017e-16,2.514864948675417e-16,2.5300493332904846e-16,2.545357841259356e-16,2.5607917654179586e-16,2.576352415027315e-16,2.5920411159793267e-16,2.607859211054444e-16,2.6238080602644435e-16,2.639889040930659e-16,2.65610354812271e-16,2.67245299480057e-16,2.688938812230224e-16,2.7055624519078427e-16,2.722325377968077e-16,2.739229080631531e-16,2.756275066380398e-16,2.773464862553021e-16,2.7908000150787685e-16,2.808282090826917e-16,2.82591267742337e-16,2.843693382046927e-16,2.8616258348530115e-16,2.879711686822606e-16,2.8979526108226974e-16,2.916350301966423e-16,2.9349064779547613e-16,2.953622879341984e-16,2.9725012700913877e-16,2.9915434377713735e-16,3.0107511939938886e-16,3.0301263747861407e-16,3.0496708409913207e-16,3.0693864786479695e-16,3.089275199404968e-16,3.1093389409071346e-16,3.1295796672518184e-16,3.149999369392316e-16,3.170600065577235e-16,3.1913838017823005e-16,3.2123526521889395e-16,3.2335087195473176e-16,3.254854134004174e-16,3.276391061261544e-16,3.2981216902559564e-16,3.3200482432447966e-16,3.3421729736987496e-16,3.3644981657985406e-16,3.3870261368371047e-16,3.4097592389311605e-16,3.4326998486766262e-16,3.4558503862826206e-16,3.4792133023577095e-16,3.5027910824099776e-16,3.526586247575134e-16,3.550601354546727e-16,3.574838997419342e-16,3.599301807046636e-16,3.6239924523769155e-16,3.648913640917966e-16,3.6740681193712203e-16,3.6994586743450816e-16,3.7250881329778354e-16,3.7509593637282432e-16,3.7770752769658377e-16,3.803438825886185e-16,3.830053007034684e-16,3.8569208611027575e-16,3.8840454738411646e-16,3.911429976778134e-16,3.939077547923868e-16,3.9669914126802865e-16,3.995174844645222e-16,4.0236311664959254e-16,4.052363750818532e-16,4.0813760210155424e-16,4.110671452196109e-16,4.140253572110601e-16,4.1701259620745227e-16,4.2002922579512686e-16,4.2307561511047047e-16,4.261521389600669e-16,4.2925917785262965e-16,4.3239711821126737e-16,4.3556635240227454e-16,4.3876727886058516e-16,4.4200030222191044e-16,4.452658334030257e-16,4.485642897468755e-16,4.51896095106867e-16,4.552616800133524e-16,4.586614817603384e-16,4.620959445512609e-16,4.655655196107491e-16,4.69070665524297e-16,4.726118475300139e-16,4.761895389944742e-16,4.798042211492209e-16,4.834563812518247e-16,4.871465162609608e-16,4.908751304396271e-16,4.946427362360648e-16,4.984498543872882e-16,5.022970141536957e-16,5.061847534242601e-16,5.101136188886221e-16,5.140841662707234e-16,5.180969603808101e-16,5.221525753990544e-16,5.262515950072337e-16,5.303946126019189e-16,5.34582231464675e-16,5.388150649668806e-16,5.430937365963599e-16,5.474188808862064e-16,5.51791142439606e-16,5.562111770142851e-16,5.6067965148972e-16,5.651972441005034e-16,5.697646446817665e-16,5.743825548492808e-16,5.790516882849073e-16,5.837727709669816e-16,5.885465416706353e-16,5.933737511338991e-16,5.982551641214062e-16,6.031915583474727e-16,6.0818372514077595e-16,6.132324697282701e-16,6.183386115210537e-16,6.235029843538835e-16,6.287264369009621e-16,6.340098328932366e-16,6.39354051463915e-16,6.447599874578753e-16,6.502285518128434e-16,6.557606718061442e-16,6.613572915404e-16,6.670193721442731e-16,6.727478922493041e-16,6.785438483244427e-16,6.844082550668628e-16,6.903421457999361e-16,6.963465728636258e-16,7.024226080443083e-16,7.085713429926994e-16,7.14793889639322e-16,7.210913806813497e-16,7.274649700022025e-16,7.339158331583783e-16,7.404451678563725e-16,7.470541944437844e-16,7.537441564087999e-16,7.605163209294803e-16,7.673719793567097e-16,7.74312448178175e-16,7.813390679049859e-16,7.884532063903277e-16,7.956562573756476e-16,8.029496417224111e-16,8.103348078770887e-16,8.178132327090439e-16,8.253864220866423e-16,8.330559115005511e-16,8.408232668296837e-16,8.486900849659475e-16,8.566579946138958e-16,8.647286570027488e-16,8.72903766654956e-16,8.811850522133375e-16,8.895742771657257e-16,8.9807324076686e-16,9.066837788859778e-16,9.15407764793505e-16,9.242471101688944e-16,9.332037659568324e-16,9.422797234039325e-16,9.514770149374425e-16,9.607977152420434e-16,9.702439422726955e-16,9.798178583460435e-16,9.895216711950928e-16,9.993576351349514e-16,1.0093280521962335e-15,1.0194352733264512e-15,1.029681699654261e-15,1.0400697837193127e-15,1.0506020307005432e-15,1.0612810013318977e-15,1.0721093069627322e-15,1.083089621292063e-15,1.0942246741173907e-15,1.1055172550463365e-15,1.1169702131847161e-15,1.1285864670633571e-15,1.1403689923231546e-15,1.1523208339067804e-15,1.1644451047894742e-15,1.176744987696451e-15,1.1892237370912645e-15,1.2018846809221572e-15,1.2147312227093863e-15,1.227766843551367e-15,1.2409951041820307e-15,1.2544196471658798e-15,1.2680441990965975e-15,1.2818725728733038e-15,1.2959086701067307e-15,1.3101564835078223e-15,1.3246200994418245e-15,1.3393037004807814e-15,1.3542115680948726e-15,1.369348085469892e-15,1.3847177403103457e-15,1.4003251277499576e-15,1.4161749534026902e-15,1.4322720365991062e-15,1.448621313539077e-15,1.465227840644408e-15,1.4820967980334628e-15,1.4992334931042537e-15,1.5166433642197997e-15,1.5343319845065922e-15,1.552305065869147e-15,1.5705684629521893e-15,1.5891281775224612e-15,1.6079903626500852e-15,1.627161326905615e-15,1.6466475408969361e-15,1.666455638914998e-15,1.686592426339247e-15,1.7070648841054626e-15,1.727880174048754e-15,1.7490456444387827e-15,1.7705688357407407e-15,1.7924574865346685e-15,1.8147195396691952e-15,1.8373631486186392e-15,1.860396684120027e-15,1.8838287409698567e-15,1.907668145140537e-15,1.93192396114281e-15,1.9566054994697234e-15,1.9817223248198657e-15,2.0072842640543973e-15,2.0333014146876567e-15,2.059784153650805e-15,2.086743146718152e-15,2.114189357645871e-15,2.142134058288648e-15,2.170588838583557e-15,2.1995656173499945e-15,2.2290766532642805e-15,2.259134556210321e-15,2.289752299050664e-15,2.3209432310167727e-15,2.3527210886951183e-15,2.385100010872733e-15,2.4180945518389687e-15,2.451719695986529e-15,2.4859908726749396e-15,2.5209239720368247e-15,2.5565353610852375e-15,2.5928419004944653e-15,2.629860962592594e-15,2.6676104493372668e-15,2.7061088115758056e-15,2.7453750688579406e-15,2.7854288301495426e-15,2.826290315409599e-15,2.8679803781252733e-15,2.9105205287392738e-15,2.953932959038307e-15,2.998240567921605e-15,3.0434669875798444e-15,3.0896366115178797e-15,3.136774623522515e-15,3.184907027843867e-15,3.234060680842708e-15,3.284263323880716e-15,3.335543617943604e-15,3.387931179405896e-15,3.4414566178917033e-15,3.49615157552779e-15,3.5520487682282472e-15,3.609182028126553e-15,3.667586349639921e-15,3.727297935878722e-15,3.7883542481262275e-15,3.850794057501537e-15,3.9146574992299984e-15,3.979986129087178e-15,4.046822982972429e-15,4.115212639058172e-15,4.185201283443322e-15,4.256836778197031e-15,4.33016873353379e-15,4.405248583094577e-15,4.482129663137221e-15,4.5608672960391144e-15,4.641518877243986e-15,4.724143966460452e-15,4.808804385895874e-15,4.8955643201813664e-15,4.984490423585493e-15,5.075651932032119e-15,5.169120782272047e-15,5.2649717344697156e-15,5.363282504683067e-15,5.464133902709488e-15,5.567609976857291e-15,5.673798168112419e-15,5.782789471383457e-15,5.894678606602095e-15,6.0095641983081985e-15,6.127548966722232e-15,6.248739927687741e-15,6.373248605183793e-15,6.501191256555805e-15,6.632689108531361e-15,6.7678686091986336e-15,6.906861693129703e-15,7.049806063051236e-15,7.196845487260149e-15,7.348130116074087e-15,7.5038168156849e-15,7.664069523511327e-15,7.829059625033578e-15,7.998966352838698e-15,8.173977211815461e-15,8.354288429888512e-15,8.540105437502352e-15,8.731643377557464e-15,8.92912764804858e-15,9.132794479226602e-15,9.342891548920287e-15,9.559678651391505e-15,9.78342833547479e-15,1.0014426753714567e-14,1.0252974376213647e-14,1.0499386865623118e-14,1.0753995984007216e-14,1.1017150562945159e-14,1.1289217540682215e-14,1.157058307273941e-14,1.1861653720927954e-14,1.216285772713686e-14,1.2474646379072256e-14,1.2797495475715352e-14,1.3131906900406535e-14,1.3478410308882644e-14,1.3837564947170503e-14,1.4209961601813975e-14,1.4596224706148565e-14,1.4997014596577795e-14,1.541302995830012e-14,1.584501045356482e-14,1.6293739560305555e-14,1.676004764059309e-14,1.7244815251839542e-14,1.7748976735265634e-14,1.827352409301768e-14,1.8819511195332577e-14,1.938805833699908e-14,1.9980357181783847e-14,2.0597676140119914e-14,2.1241366197487506e-14,2.1912867276412932e-14,2.2613715143771895e-14,2.334554895312649e-14,2.411011946418238e-14,2.4909298019916666e-14,2.5745086358537217e-14,2.6619627345726965e-14,2.7535216728054063e-14,2.8494316021129595e-14,2.9499566643456084e-14,3.055380545335053e-14,3.166008182882458e-14,3.2821676476100244e-14,3.404212215792188e-14,3.53252265682295e-14,3.667509760932296e-14,3.809617134973538e-14,3.9593242991914594e-14,4.1171501212694556e-14,4.283656630898724e-14,4.4594532603400325e-14,4.6452015665821604e-14,4.841620498416595e-14,5.0494922766088055e-14,5.2696689714005997e-14,5.503079869828434e-14,5.750739741153699e-14,6.013758124296231e-14,6.293349781812827e-14,6.590846486322528e-14,6.907710332506426e-14,7.245548800346971e-14,7.606131828197255e-14,7.991411206025149e-14,8.403542642067593e-14,8.844910926086044e-14,9.318158678729918e-14,9.826219274439952e-14,1.0372354621511971e-13,1.0960198616920895e-13,1.1593807245359896e-13,1.2277716477056018e-13,1.3017009345640805e-13,1.3817393865574114e-13,1.4685293773131008e-13,1.5627954502942175e-13,1.6653567301281015e-13,1.7771415016169402e-13,1.899204386383127e-13,2.0327466446349432e-13,2.1791402486072009e-13,2.339956525354147e-13,2.517000356252728e-13,2.7123511592733585e-13,2.928412186923509e-13,3.1679700589019846e-13,3.4342669496231285e-13,3.731088492339462e-13,4.0628712960764323e-13,4.4348350575632044e-13,4.853145673996672e-13,5.325117640535427e-13,5.859466505106891e-13,6.429771167744631e-13,7.116756736194897e-13,7.903586846925637e-13,8.808337569019974e-13,9.853246730337307e-13,1.1065697523831078e-12,1.2479574270737767e-12,1.4137065996226206e-12,1.6091059673193959e-12,1.8408333892637897e-12,2.1173855139534803e-12,2.4496608646265913e-12,2.85175874627316e-12,3.342084820329287e-12,3.944897194101497e-12,4.692492509729619e-12,5.628332960058018e-12,5.9377865222975495e-12,7.241738144990151e-12,8.886381653018251e-12,1.1014050887884914e-11,1.380842547220933e-11,1.7529776011686614e-11,2.255789204858471e-11,2.94571947782389e-11,3.908094599782002e-11,5.2741768003944427e-11,7.249553472789471e-11,1.0162176778585114e-10,1.4544920735284998e-10,2.1279471077844987e-10,3.1850135028417325e-10,4.879556610665689e-10,7.651644777650305e-10,1.2271773225038484e-09,2.009612912341425e-09,2.8214458987285592e-09,2.8214458987657443e-09,2.8214459013843463e-09,4.839489721510853e-09,8.250228818198499e-09,1.4125563767335424e-08,2.4162733951579756e-08,4.10376299989538e-08,6.878866106036369e-08,1.1319514652694248e-07,1.8203286440393035e-07,2.850332414787671e-07,4.3335694236497065e-07,6.384599506224639e-07,9.104020236049157e-07,1.2558823387463953e-06,1.6764749279924204e-06,2.167557045906603e-06,2.1823673639773044e-06,2.1823673640479453e-06,2.736100518679318e-06,3.331373083231099e-06,3.9494523012519285e-06,4.569025297816227e-06,5.1692559262835885e-06,5.731541644968825e-06,6.2407053579115795e-06,6.6856213348934526e-06,7.059329841235444e-06,7.358754428908608e-06,7.584158829760629e-06,7.738472932806055e-06,7.826591789826439e-06,7.854719795433187e-06,7.82980231784587e-06,7.759063249519991e-06,7.649650252089655e-06,7.5083791611201974e-06,7.3415636802385165e-06,7.154914611629803e-06,6.953493169772324e-06,6.741704451377834e-06,6.523319204724456e-06,6.3015142617471e-06,6.078924091365532e-06,5.857697794628046e-06,5.639557425446822e-06,5.4258547951093575e-06,5.217624909430612e-06,5.015634947951272e-06,4.820428250596873e-06,4.632363168995122e-06,4.587583731729023e-06,4.409180524968781e-06,4.237721330616986e-06,4.073601525150421e-06,3.916777297219789e-06,3.7671021113069563e-06,3.624378413620694e-06,3.488375957378495e-06,3.358843669763502e-06,3.235517342635674e-06,3.1181258553028115e-06,3.006395950036528e-06,2.9000559293300016e-06,2.7988384873241262e-06,2.702482840883539e-06,2.610736291484081e-06,2.523355329615094e-06,2.4401063709765567e-06,2.360766198972307e-06,2.285122176604452e-06,2.212972277432024e-06,2.144124976856738e-06,2.078399038563166e-06,2.0156232224626744e-06,1.9556359362510422e-06,1.8982848490052392e-06,1.843426479722597e-06,1.790925772712179e-06,1.7406556681004342e-06,1.6924966743784925e-06,1.6463364479548515e-06,1.6020693833545158e-06,1.5595962171566213e-06,1.518823647668975e-06,1.4796639707202558e-06,1.442034733679615e-06,1.405858406908195e-06,1.3710620731583213e-06,1.3375771348646385e-06,1.305339038173451e-06,1.274287014181373e-06,1.2443638359259257e-06,1.2155155907134523e-06,1.1876914672643676e-06,1.1608435565032237e-06,1.134926665608959e-06,1.109898144293781e-06,1.085717722724744e-06,1.0623473603401725e-06,1.039751104838702e-06,1.0178949606852987e-06,9.967467665764656e-07,9.762760811316607e-07,9.564540763867823e-07,9.372534384679527e-07,9.186482750067436e-07,9.006140287205193e-07,8.831273969314503e-07,8.661662563728313e-07,8.497095930639791e-07,8.337374368386723e-07,8.182308002067695e-07,8.031716212459953e-07,7.885427102452885e-07,7.743276998290164e-07,7.605109982840673e-07,7.470777459333965e-07,7.340137742832463e-07,7.213055677506143e-07,7.08940227893476e-07,6.969054397824633e-07,6.851894404606503e-07,6.737809895275552e-07,6.62669341365738e-07,6.518442190782521e-07,6.41295790088156e-07,6.310146431355429e-07,6.209917666767744e-07,6.112185285553412e-07,6.05821592287297e-07,5.964103167310273e-07,5.872363813304127e-07,5.782857184901625e-07,5.695500552929979e-07,5.610222886807168e-07,5.526957739628805e-07,5.445641755676443e-07,5.366214201914128e-07,5.288616749524537e-07,5.212793331727495e-07,5.138690029408375e-07,5.066254969448962e-07,4.995438230571131e-07,4.926191754889294e-07,4.858469264385493e-07,4.792226181625329e-07,4.727419555108241e-07,4.6640079876601353e-07,4.60195156938027e-07,4.5412118130731625e-07,4.4817515939046757e-07,4.4235350911131915e-07,4.366527733269604e-07,4.310696146073113e-07,4.2560081025264655e-07,4.2024324756458725e-07,4.1499391934897515e-07,4.098499196189359e-07,4.0480843952133606e-07,3.9986676344365315e-07,3.9502226529548687e-07,3.9027240498433355e-07,3.8561472501911866e-07,3.8104684732131664e-07,3.76566470122071e-07,3.7217136505682453e-07,3.6785937432621284e-07,3.6362840803991725e-07,3.5947644167829535e-07,3.554015136021817e-07,3.514017227332598e-07,3.474752263184013e-07,3.436202377853193e-07,3.398350246963255e-07,3.3611790676473104e-07,3.324672540068553e-07,3.28881484920588e-07,3.253590647633245e-07,3.218985039018517e-07,3.184983562178117e-07,3.1515721759699977e-07,3.118737244649866e-07,3.0864655238846804e-07,3.054744147309495e-07,3.023560613645227e-07,2.992902774313391e-07,2.962758821497159e-07,2.93311727679045e-07,2.903966980162418e-07,2.875297079434984e-07,2.8470970200787676e-07,2.819356535530478e-07,2.7920656377647515e-07,2.7652146082739115e-07,2.7387939893810106e-07,2.7127945758874086e-07,2.687207406982134e-07,2.662023758558344e-07,2.637235135701631e-07,2.6128332655099617e-07,2.5888100901654997e-07,2.565157760267018e-07,2.541868628381335e-07,2.518935242849333e-07,2.496350341795516e-07,2.4741068473728936e-07,2.452197860178148e-07,2.4306166539077056e-07,2.4093566701208207e-07,2.3884115133424225e-07,2.3677749461119292e-07,2.3474408844392687e-07,2.327403393182864e-07,2.3076566817966938e-07,2.2881951000977392e-07,2.2690131341978863e-07,2.2501054026018346e-07,2.23146665240127e-07,2.213091755586082e-07,2.1949757055719942e-07,2.1771136136957852e-07,2.159500705964788e-07,2.1421323198074547e-07,2.1250039009913487e-07,2.1081110006164183e-07,2.0914492722125833e-07,2.0750144689232804e-07,2.0588024408071803e-07,2.0428091321184705e-07,2.0270305788977958e-07,2.0114629064101035e-07,1.9961023267007683e-07,1.9809451363817004e-07,1.9659877143090955e-07,1.9512265194796417e-07,1.9366580888271617e-07,1.9222790352602473e-07,1.9080860456064673e-07,1.894075878687374e-07,1.8802453636269872e-07,1.8665913977233934e-07,1.853110944959816e-07,1.8398010341968798e-07,1.8266587575316716e-07,1.8136812686948387e-07,1.8008657814987676e-07,1.7882095683134948e-07,1.7757099586071603e-07,1.763364337532572e-07,1.7511701445357377e-07,1.7391248719891795e-07,1.7272260639037512e-07,1.7154713146977198e-07,1.7038582679284595e-07,1.692384615087359e-07,1.6810480944623337e-07,1.6698464899792864e-07,1.6587776301392875e-07,1.6478393869241949e-07,1.6370296747738108e-07,1.626346449561567e-07,1.6157877076301216e-07,1.605351484825972e-07,1.5950358555722846e-07,1.5848389319686905e-07,1.574758862911012e-07,1.5647938332388213e-07,1.5549420628964483e-07,1.545201806139732e-07,1.5355713507283855e-07,1.5260490171776838e-07,1.5166331579907485e-07,1.5073221569600617e-07,1.498114428427479e-07,1.4890084166196164e-07,1.4800025949735566e-07,1.4710954654948872e-07,1.46228555805593e-07,1.4535714298355227e-07,1.444951664773362e-07,1.4364248728418128e-07,1.427989689561839e-07,1.4196447754187445e-07,1.4113888153365518e-07,1.403220518119845e-07,1.3951386159669057e-07,1.387141863939536e-07,1.379229039480471e-07,1.371398941931467e-07,1.363650392067271e-07,1.3559822316560083e-07,1.3483933229778353e-07,1.3408825484168594e-07,1.333448810035336e-07,1.326091029147963e-07,1.3188081459321286e-07,1.3115991190342315e-07,1.3044629251958232e-07,1.2973985588429673e-07,1.290405031751273e-07,1.28348137268158e-07,1.276626627030958e-07,1.2698398564969443e-07,1.263120138738119e-07,1.2564665670565164e-07,1.2498782500911408e-07,1.2433543114623045e-07,1.2368938895425953e-07,1.2304961370725094e-07,1.2241602209984372e-07,1.2178853220627937e-07,1.2116706345964744e-07,1.2055153662384209e-07,1.1994187376697377e-07,1.193379982361244e-07,1.1873983463216169e-07,1.1814730878524348e-07,1.175603477309114e-07,1.1697887968669499e-07,1.1640283402926182e-07,1.1583214127210167e-07,1.1526673304358538e-07,1.1470654206577366e-07,1.1415150213337453e-07,1.1360154809289454e-07,1.1305661582464454e-07,1.125166422206495e-07,1.1198156516612239e-07,1.1145132352209915e-07,8.446245710895206e-08,7.144032290140804e-08,6.524661881738516e-08,6.239083153731801e-08,6.116621096036118e-08,6.073833784426494e-08,6.06993035301179e-08,6.08497083355712e-08,6.109208045064096e-08,6.137877312768122e-08,6.168649507535426e-08,6.200386030735174e-08,6.232530238861162e-08,6.264809954260031e-08,6.297092055717714e-08,6.329311395502504e-08,6.361436057229649e-08,6.393450372290159e-08,6.425346617586697e-08,6.457120958021379e-08,6.488771463187207e-08,6.520297137092137e-08,6.551697443446236e-08,6.582972078087068e-08,6.614120850689137e-08,6.645143631725239e-08,6.676040324263721e-08,6.70681085240123e-08,6.737455150828073e-08,6.767973169920832e-08,6.798364865674104e-08,6.828630201008962e-08,6.858769149586509e-08,6.888781688195514e-08,6.918667802656477e-08,6.94842748666901e-08,6.978060739103878e-08,7.007567567628481e-08,7.036947984103228e-08,7.066202009585497e-08,7.095329670688391e-08,7.124330999259477e-08,7.153206035792366e-08,7.181954826926242e-08,7.210577424853093e-08,7.239073889022585e-08,7.267444283972919e-08,7.295688681420181e-08,7.323807159052207e-08,7.351799800581994e-08,7.379666695838651e-08,7.407407940567427e-08,7.43502363668219e-08,7.462513890502003e-08,7.489878816105986e-08,7.517118532479482e-08,7.54423316426695e-08,7.571222844740536e-08,7.59808770380788e-08,7.624827885559745e-08,7.651443536514374e-08,7.677934811775707e-08,7.704301861411528e-08,7.730544853876014e-08,7.756663953151279e-08,7.782659334774873e-08,7.808531176459747e-08,7.834279660196714e-08,7.859904973872363e-08,7.885407310512964e-08,7.910786865559816e-08,7.93604384139725e-08,7.961178445838539e-08,7.98619089009413e-08,8.01108139195339e-08,8.035850166453025e-08,8.060497441843078e-08,8.085023445207299e-08,8.109428410750015e-08,8.133712576003125e-08,8.157876183281857e-08,8.181919476969978e-08,8.205842709303911e-08,8.229646130426378e-08,8.253329999854381e-08,8.276894578933344e-08,8.300340133065176e-08,8.323666930537668e-08,8.346875246068982e-08,8.36996535476459e-08,8.392937536536676e-08,8.415792073378671e-08,8.438529253874681e-08,8.461149368597703e-08,8.483652709455749e-08,8.506039573915701e-08,8.52831026192812e-08,8.550465076461575e-08,8.572504324091261e-08,8.594428314380956e-08,8.616237358257721e-08,8.637931771827761e-08,8.65951187219733e-08,8.680977980901476e-08,8.702330421922761e-08,8.723569520915244e-08,8.744695606915614e-08,8.76570901123164e-08,8.78661006793301e-08,8.807399113933379e-08,8.828076487307628e-08,8.848642530749921e-08,8.869097586221614e-08,8.889442000208766e-08,8.909676122943339e-08,8.92980030130802e-08,8.949814887569074e-08,8.969720239078401e-08,8.989516711109377e-08,9.00920466194412e-08,9.028784450058877e-08,9.048256441490969e-08,9.06762099843727e-08,9.086878486383321e-08,9.106029273997748e-08,9.12507373001148e-08,9.144012225073212e-08,9.162845131032091e-08,9.181572822438882e-08,9.200195674760301e-08,9.218714064891919e-08,9.237128371264774e-08,9.25543897343408e-08,9.27364625238232e-08,9.291750590824027e-08,9.309752371354157e-08,9.327651978148791e-08,9.345449798992226e-08,9.363146219589964e-08,9.380741628310111e-08,9.398236414120232e-08,9.415630966852043e-08,9.432925677150998e-08,9.450120936780722e-08,9.467217137970731e-08,9.484214675629915e-08,9.501113943098515e-08,9.517915335344172e-08,9.534619248450394e-08,9.551226078095735e-08,9.567736221628867e-08,9.58415007642032e-08,9.600468040668668e-08,9.616690512798345e-08,9.632817892479262e-08,9.648850578998443e-08,9.664788972532816e-08,9.680633473021032e-08,9.69638448147403e-08,9.712042398562539e-08,9.727607624893249e-08,9.743080563538669e-08,9.758461617098478e-08,9.773751184607343e-08,9.788949669728997e-08,9.804057474528773e-08,9.819075001556893e-08,9.834002652372e-08,9.848840829968442e-08,9.863589937380759e-08,9.878250376325577e-08,9.892822549115043e-08,9.90730685816356e-08,9.921703705214483e-08,9.936013492515625e-08,9.950236622442885e-08,9.964373494823193e-08,9.97842451260697e-08,9.992390077158336e-08,1.000627058970452e-07,1.0020066449855237e-07,1.0033778057618871e-07,1.0047405813598634e-07,1.0060950117022714e-07,1.0074411363934969e-07,1.0087789961744381e-07,1.010108630187722e-07,1.0114300783753176e-07,1.012743380502034e-07,1.0140485762199131e-07,1.0153457052018894e-07,1.0166348070621904e-07,1.0179159212937247e-07,1.0191890873653959e-07,1.020454344683705e-07,1.0217117325957818e-07,1.0229612904335413e-07,1.0242030572996063e-07,1.0254370724095629e-07,1.026663374827022e-07,1.027882003601576e-07,1.0290929975920105e-07,1.0302963956849547e-07,1.0314922366583875e-07,1.032680559211371e-07,1.0338614019561927e-07,1.0350348034415919e-07,1.0362008021146067e-07,1.037359436342786e-07,1.0385107444063124e-07,1.0396547645295617e-07,1.040791534777033e-07,1.0419210931605508e-07,1.0430434776016516e-07,1.044158725866431e-07,1.0452668757475983e-07,1.046367964877976e-07,1.0474620307925262e-07,1.0485491109270198e-07,1.049629242616486e-07,1.0507024630944605e-07,1.0517688094914641e-07,1.0528283188342022e-07,1.0538810280441176e-07,1.0549269739361834e-07,1.0559661932182855e-07,1.0569987224946928e-07,1.0580245980073435e-07,1.0590438566224806e-07,1.0600565340990591e-07,1.0610626671326259e-07,1.0620622915486035e-07,1.0630554431713681e-07,1.0640421578573556e-07,1.0650224715993092e-07,1.0659964194369697e-07,1.0669640370189311e-07,1.0679253597852968e-07,1.0688804229153943e-07,1.0698292615033859e-07,1.0707719105183374e-07,1.071708404732159e-07,1.0726387791582117e-07,1.0735630682582745e-07,1.0744813065319346e-07,1.075393528339238e-07,1.0762997679534763e-07,1.0772000594570458e-07,1.07809443685759e-07,1.0789829340524073e-07,1.0798655847113654e-07,1.0807424224871257e-07,1.0816134808643585e-07,1.0824787931992182e-07,1.0833383927190284e-07,1.0841923125214457e-07,1.0850405855704321e-07,1.0858832447808161e-07,1.0867203227120054e-07,1.0875518520585356e-07,1.0883778651829181e-07,1.089198394451865e-07,1.0900134720616863e-07,1.0908231300102876e-07,1.0916274002405178e-07,1.0924263145341537e-07,1.0932199045479606e-07,1.0940082017415748e-07,1.0947912375544675e-07,1.0955690432898072e-07,1.0963416500186169e-07,1.0971090886505559e-07,1.0978713901779001e-07,1.0986285851975273e-07,1.0993807043565667e-07,1.1001277781356521e-07,1.1008698367176594e-07,1.1016069101198146e-07,1.102339028809013e-07,1.1030662225101431e-07,1.1037885209800497e-07,1.1045059538197226e-07,1.1052185505774826e-07,1.1059263405854995e-07,1.1066293530544635e-07,1.1073276174107753e-07,1.1080211619599162e-07,1.1087100159058036e-07,1.109394207954183e-07,1.1100737665638769e-07,1.110748720148236e-07,1.1114190970281135e-07,1.1120849253897687e-07,1.1127462331459012e-07,1.1134030482301024e-07,1.1140553983900863e-07,1.1147033113118121e-07,1.1153468143861235e-07,1.1159859349568826e-07,1.116620700236307e-07,1.1172511372869916e-07,1.117877273019151e-07,1.1184991343137502e-07,1.1191167477786381e-07,1.1197301399755646e-07,1.1203393372943082e-07,1.1209443660049377e-07,1.121545252243775e-07,1.122142022015485e-07,1.1227347011918683e-07,1.1233233155070011e-07,1.1239078905748063e-07,1.1244884517814235e-07,1.1250650245523586e-07,1.1256376341210063e-07,1.126206305562784e-07,1.1267710638297587e-07,1.1273319337514362e-07,1.1278889400010776e-07,1.1284421072155833e-07,1.1289914595399195e-07,1.1295370217582609e-07,1.130078817787232e-07,1.1306168716716543e-07,1.1311512073230775e-07,1.131681848482112e-07,1.1322088188086426e-07,1.1327321419093133e-07,1.1332518411483617e-07,1.1337679398104493e-07,1.1342804610495952e-07,1.1347894278940306e-07,1.1352948632462237e-07,1.1357967898823335e-07,1.1362952304539335e-07,1.136790207487779e-07,1.1372817433867831e-07,1.1377698605908304e-07,1.1382545810915483e-07,1.1387359269175114e-07,1.1392139199810585e-07,1.1396885820702314e-07,1.140159934848344e-07,1.1406279998609815e-07,1.1410927985276573e-07,1.1415543521534871e-07,1.142012681918162e-07,1.142467808884321e-07,1.1429197539950165e-07,1.1433685380720911e-07,1.1438141818233189e-07,1.1442567058334606e-07,1.1446961305708836e-07,1.1451324763868057e-07,1.1455657634005568e-07,1.1459960118433033e-07,1.1464232417224275e-07,1.1468474729219408e-07,1.1472687252147441e-07,1.1476870182491845e-07,1.1481023715652414e-07,1.1485148045985944e-07,1.148924336663604e-07,1.1493309869622956e-07,1.1497347745816874e-07,1.1501357184287873e-07,1.150533837514298e-07,1.1509291505158794e-07,1.1513216760746034e-07,1.1517114327250319e-07,1.1520984391040565e-07,1.1524827130540655e-07,1.1528642731214897e-07,1.1532431372855205e-07,1.1536193235694106e-07,1.1539928498526728e-07,1.1543637339121431e-07,1.1547319934266808e-07,1.1550976459316378e-07,1.1554607088923477e-07,1.1558211998171765e-07,1.156179135623131e-07,1.1565345336294091e-07,1.1568874108501876e-07,1.157237784248695e-07,1.1575856706596378e-07,1.1579310867685928e-07,1.1582740494161241e-07,1.1586145747186763e-07,1.1589526792923516e-07,1.159288379536692e-07,1.1596216918589898e-07,1.1599526318986495e-07,1.160281215919508e-07,1.1606074598558658e-07,1.1609313795392108e-07,1.1612529907011601e-07,1.1615723089858169e-07,1.1618893499076253e-07,1.162204128830812e-07,1.1625166612191554e-07,1.1628269623080032e-07,1.1631350471677595e-07,1.163440930955076e-07,1.1637446286143754e-07,1.164046154985721e-07,1.1643455248543941e-07,1.1646427528918764e-07,1.164937853706185e-07,1.1652308419111884e-07,1.1655217317196982e-07,1.1658105375292365e-07,1.1660972735779394e-07,1.1663819540024082e-07,1.1666645928519653e-07,1.1669452042863609e-07,1.1672238017917027e-07,1.1675003995094598e-07,1.1677750108772048e-07,1.1680476495364681e-07,1.1683183290514962e-07,1.1685870628809342e-07,1.1688538643791246e-07,1.1691187468212181e-07,1.1693817233718046e-07,1.1696428072334031e-07,1.1699020112753159e-07,1.1701593485045939e-07,1.1704148316768758e-07,1.1706684735533552e-07,1.1709202869572246e-07,1.1711702845242113e-07,1.1714184785439342e-07,1.1716648815780567e-07,1.1719095059756206e-07,1.1721523640267622e-07,1.1723934679223543e-07,1.1726328297891161e-07,1.1728704616641584e-07,1.1731063755116428e-07,1.1733405832114339e-07,1.1735730965752413e-07,1.1738039273429923e-07,1.1740330872085533e-07,1.1742605876559156e-07,1.1744864402549825e-07,1.1747106564047523e-07,1.1749332474617964e-07,1.1751542246660158e-07,1.175373599298438e-07,1.1755913824743647e-07,1.175807585242472e-07,1.1760222186686681e-07,1.176235293533606e-07,1.1764468207187749e-07,1.1766568109676163e-07,1.1768652750599179e-07,1.1770722236268066e-07,1.1772776671691726e-07,1.1774816161006667e-07,1.1776840810124254e-07,1.1778850721860938e-07,1.1780845998989382e-07,1.1782826743626211e-07,1.1784793057274361e-07,1.1786745040703662e-07,1.1788682794056785e-07,1.1790606416786352e-07,1.1792516007691108e-07,1.1794411664912531e-07,1.1796293485937847e-07,1.1798161567605631e-07,1.1800016006107806e-07,1.1801856896994087e-07,1.180368433517682e-07,1.180549841493311e-07,1.1807299229908895e-07,1.1809086873124658e-07,1.1810861436977318e-07,1.1812623013243857e-07,1.1814371693086146e-07,1.1816107567054204e-07,1.1817830725089789e-07,1.1819541256529915e-07,1.1821239250111719e-07,1.182292479397382e-07,1.1824597975662158e-07,1.182625888213293e-07,1.1827907599755491e-07,1.1829544214316754e-07,1.1831168811024436e-07,1.1832781474510504e-07,1.1834382288835257e-07,1.1835971338005734e-07,1.1837548703653817e-07,1.1839114468909314e-07,1.1840668715668227e-07,1.1842211525135046e-07,1.1843742978584796e-07,1.1845263155501839e-07,1.1846772135656657e-07,1.1848269997549853e-07,1.1849756821396132e-07,1.1851232682752446e-07,1.1852697660322766e-07,1.185415183103763e-07,1.185559527131161e-07,1.1857028057037368e-07,1.1858450263451555e-07,1.1859861965553928e-07,1.186126323769436e-07,1.1862654153713865e-07,1.1864034786949201e-07,1.1865405210235247e-07,1.1866765495908719e-07,1.1868115715810957e-07,1.1869455941291292e-07,1.187078624321021e-07,1.18721066919422e-07,1.1873417357378946e-07,1.1874718308932485e-07,1.1876009615538726e-07,1.187729134565873e-07,1.1878563567283296e-07,1.1879826347937326e-07,1.1881079754795354e-07,1.1882323854338029e-07,1.1883558712705326e-07,1.1884784395577822e-07,1.1886000968190337e-07,1.1887208495320112e-07,1.1888407041282914e-07,1.1889596669991916e-07,1.1890777444896208e-07,1.1891949429006443e-07,1.189311268489829e-07,1.1894267274714391e-07,1.1895413260167708e-07,1.1896550702528976e-07,1.1897679662671534e-07,1.1898800201058908e-07,1.1899912377617164e-07,1.1901016252152362e-07,1.1902111883776217e-07,1.1903199331370357e-07,1.1904278652903504e-07,1.1905349906783916e-07,1.1906413149871424e-07,1.1907468440340941e-07,1.1908515833537159e-07,1.1909555387528131e-07,1.1910587157718775e-07,1.191161120017804e-07,1.1912627569224078e-07,1.191363631943194e-07,1.1914637505767397e-07,1.1915631182295466e-07,1.1916617403177029e-07,1.1917596220675542e-07,1.1918567688230972e-07,1.1919531858317138e-07,1.1920488783261851e-07,1.192143851497668e-07,1.1922381104801556e-07,1.1923316603855068e-07,1.1924245062931477e-07,1.1925166532454027e-07,1.192608106229594e-07,1.1926988702466006e-07,1.192788950216349e-07,1.1928783510394943e-07,1.1929670775812075e-07,1.1930551346730244e-07,1.1931425271113196e-07,1.1932292596679074e-07,1.193315337069875e-07,1.1934007640154877e-07,1.1934855451703287e-07,1.1935696851646144e-07,1.1936531886042644e-07,1.1937360600622333e-07,1.1938183040754204e-07,1.1938999251145957e-07,1.19398092766542e-07,1.194061316180001e-07,1.194141095059399e-07,1.1942202686889906e-07,1.1942988414315596e-07,1.194376817580069e-07,1.1944542014305564e-07,1.1945309972053773e-07,1.194607209170481e-07,1.1946828415093838e-07,1.194757898395321e-07,1.1948323839620588e-07,1.1949063023050427e-07,1.1949796575174757e-07,1.1950524536039203e-07,1.1951246946843635e-07,1.1951963846932037e-07,1.19526752759982e-07,1.195338127341255e-07,1.195408187829732e-07,1.1954777128995282e-07,1.1955467064496946e-07,1.1956151723548624e-07,1.1956831143655384e-07,1.1957505362621976e-07,1.1958174417817858e-07,1.1958838346514347e-07,1.1959497185622885e-07,1.1960150971766315e-07,1.1960799741409213e-07,1.1961443530914817e-07,1.1962082375562727e-07,1.1962716311603202e-07,1.196334537424518e-07,1.196396959858666e-07,1.1964589019597964e-07,1.1965203671847446e-07,1.1965813589701389e-07,1.1966418807391959e-07,1.196701935850568e-07,1.196761527736932e-07,1.196820659734309e-07,1.1968793351059715e-07,1.196937557183631e-07,1.1969953292243817e-07,1.197052654501163e-07,1.1971095362401907e-07,1.197165977589088e-07,1.1972219817735604e-07,1.1972775519442615e-07,1.197332691226831e-07,1.1973874027544926e-07,1.1974416896077644e-07,1.1974955548546798e-07,1.1975490015582556e-07,1.197602032712713e-07,1.1976546513369084e-07,1.1977068603844843e-07,1.197758662874457e-07,1.197810061716147e-07,1.197861059829889e-07,1.1979116601137683e-07,1.1979618654453576e-07,1.1980116786808725e-07,1.1980611026604305e-07,1.1981101401878972e-07,1.198158794077564e-07,1.198207067091883e-07,1.198254961990315e-07,1.198302481510604e-07,1.19834962837214e-07,1.1983964052688632e-07,1.1984428148871986e-07,1.1984888598687098e-07,1.1985345428592446e-07,1.198579866490765e-07,1.1986248333654458e-07,1.1986694460578587e-07,1.1987137071428528e-07,1.1987576191650814e-07,1.1988011846642909e-07,1.1988444061212247e-07,1.1988872860475817e-07,1.1989298269169993e-07,1.1989720311863138e-07,1.1990139012956644e-07,1.199055439667461e-07,1.1990966487058157e-07,1.1991375307978675e-07,1.199178088315913e-07,1.199218323612909e-07,1.1992582390255122e-07,1.1992978368770337e-07,1.1993371194650162e-07,1.1993760890717666e-07,1.1994147479786973e-07,1.1994530984368888e-07,1.1994911427061014e-07,1.1995288829650582e-07,1.199566321437492e-07,1.199603460343113e-07,1.1996403018005936e-07,1.1996768479980061e-07,1.199713101077909e-07,1.199749063169261e-07,1.1997847363819445e-07,1.1998201228157452e-07,1.1998552245529325e-07,1.199890043660459e-07,1.199924582191389e-07,1.1999588421828048e-07,1.1999928256585123e-07,1.2000265346259876e-07,1.200059971079952e-07,1.2000931370013956e-07,1.2001260343552427e-07,1.200158665092552e-07,1.2001910311702182e-07,1.2002231344739707e-07,1.2002549769352235e-07,1.2002865604585343e-07,1.2003178868990772e-07,1.200348958141776e-07,1.200379776041248e-07,1.2004103424393397e-07,1.2004406591647425e-07,1.2004707280343046e-07,1.2005005508494407e-07,1.2005301293984938e-07,1.20055946546009e-07,1.2005885607963657e-07,1.2006174171638732e-07,1.2006460362916554e-07,1.200674419910554e-07,1.200702569735234e-07,1.2007304874641807e-07,1.2007581747913657e-07,1.2007856333861836e-07,1.2008128649170078e-07,1.200839871048408e-07,1.2008666533962605e-07,1.200893213603085e-07,1.2009195532849847e-07,1.2009456740479658e-07,1.2009715774856095e-07,1.20099726518082e-07,1.201022738699169e-07,1.201047999605812e-07,1.2010730494532654e-07,1.2010978897739289e-07,1.2011225220976961e-07,1.2011469479331514e-07,1.2011711687882822e-07,1.2011951861548886e-07,1.20121900152069e-07,1.2012426163523047e-07,1.2012660321103018e-07,1.2012892502433605e-07,1.2013122721917203e-07,1.2013350993949782e-07,1.2013577332657375e-07,1.2013801752129798e-07,1.2014024266403137e-07,1.201424488942903e-07,1.2014463634759328e-07,1.2014680516278155e-07,1.2014895547472766e-07,1.201510874186434e-07,1.2015320112857028e-07,1.2015529673768938e-07,1.201573743777899e-07,1.2015943417999992e-07,1.2016147627435907e-07,1.2016350079012557e-07,1.2016550785558748e-07,1.2016749759793164e-07,1.2016947014372043e-07,1.2017142561831373e-07,1.2017336414629508e-07,1.2017528585122351e-07,1.2017719085596484e-07,1.201790792825188e-07,1.201809512517626e-07,1.2018280688373403e-07,1.2018464629790662e-07,1.2018646961255265e-07,1.201882769452172e-07,1.2019006841246346e-07,1.2019184413034951e-07,1.2019360421380161e-07,1.2019534877689533e-07,1.2019707793305334e-07,1.2019879179482635e-07,1.2020049047375567e-07,1.2020217408097146e-07,1.2020384272646942e-07,1.202054965195487e-07,1.2020713556907075e-07,1.2020875998203466e-07,1.2021036986574465e-07,1.2021196532669174e-07,1.202135464696177e-07,1.2021511339948142e-07,1.2021666622041862e-07,1.2021820503496544e-07,1.2021972994726508e-07,1.2022124105637415e-07,1.202227384640376e-07,1.2022422227078396e-07,1.2022569257589045e-07,1.20227149478402e-07,1.202285930759066e-07,1.2023002346528662e-07,1.20231440744257e-07,1.2023284500775412e-07,1.2023423635172956e-07,1.2023561487031378e-07,1.2023698065730196e-07,1.2023833380546566e-07,1.202396744078878e-07,1.202410025558532e-07,1.2024231834098014e-07,1.2024362185293095e-07,1.202449131839785e-07,1.2024619241974798e-07,1.2024745965035714e-07,1.202487149636658e-07,1.202499584471335e-07,1.2025119018711912e-07,1.2025241026974584e-07,1.202536187801318e-07,1.202548158030573e-07,1.2025600142245217e-07,1.2025717572308684e-07,1.2025833878554013e-07,1.202594906937387e-07,1.2026063152881954e-07,1.20261761371937e-07,1.2026288030357932e-07,1.2026398840367164e-07,1.202650857516592e-07,1.2026617242642597e-07,1.202672485061778e-07,1.2026831406857124e-07,1.2026936918972815e-07,1.2027041394756098e-07,1.202714484172772e-07,1.202724726743953e-07,1.2027348679398703e-07,1.2027449085018922e-07,1.202754849159301e-07,1.2027646906573038e-07,1.202774433715529e-07,1.202784079060292e-07,1.2027936274074818e-07,1.2028030794654552e-07,1.202812435939846e-07,1.2028216975359266e-07,1.202830864946788e-07,1.2028399388612478e-07,1.202848919957727e-07,1.202857808937797e-07,1.2028666064611944e-07,1.202875313208292e-07,1.2028839298400198e-07,1.2028924570183997e-07,1.202900895398135e-07,1.2029092456368787e-07,1.202917508372179e-07,1.2029256842538585e-07,1.202933773916065e-07,1.202941777989575e-07,1.2029496971054148e-07,1.2029575318872043e-07,1.2029652829548923e-07,1.2029729509213775e-07,1.2029805363981525e-07,1.2029880399904835e-07,1.202995462300142e-07,1.2030028039247684e-07,1.2030100654556877e-07,1.2030172474823724e-07,1.2030243505878526e-07,1.2030313753535265e-07,1.2030383223529455e-07,1.2030451921583706e-07,1.2030519853387996e-07,1.2030587024548216e-07,1.2030653440643542e-07,1.2030719107261145e-07,1.2030784029901104e-07,1.2030848214032204e-07,1.2030911665040173e-07,1.2030974388366965e-07,1.2031036389375625e-07,1.203109767333812e-07,1.2031158245528184e-07,1.2031218111200896e-07,1.2031277275545182e-07,1.2031335743733648e-07,1.2031393520826756e-07,1.203145061199397e-07,1.2031507022264835e-07,1.203156275662344e-07,1.2031617820056455e-07,1.2031672217462003e-07,1.2031725953783023e-07,1.203177903389072e-07,1.203183146258483e-07,1.203188324467386e-07,1.2031934384930936e-07,1.2031984888088664e-07,1.2032034758809685e-07,1.20320840017644e-07,1.2032132621579652e-07,1.203218062283524e-07,1.203222801011691e-07,1.2032274787903938e-07,1.2032320960708646e-07,1.2032366532988682e-07,1.2032411509177968e-07,1.2032455893651634e-07,1.203249969078736e-07,1.2032542904898511e-07,1.2032585540304328e-07,1.203262760124564e-07,1.2032669091974244e-07,1.2032710016687024e-07,1.2032750379564855e-07,1.2032790184751483e-07,1.2032829436355782e-07,1.2032868138462366e-07,1.203290629511169e-07,1.2032943910339373e-07,1.20329809881379e-07,1.203301753247498e-07,1.2033053547299111e-07,1.203308903650269e-07,1.2033124003964706e-07,1.2033158453564055e-07,1.2033192389076598e-07,1.2033225814323537e-07,1.2033258733076402e-07,1.2033291149070243e-07,1.2033323066016793e-07,1.2033354487600924e-07,1.203338541748906e-07,1.2033415859296503e-07,1.2033445816645742e-07,1.20334752931125e-07,1.2033504292255943e-07,1.2033532817592355e-07,1.2033560872635903e-07,1.20335884608527e-07,1.2033615585695886e-07,1.2033642250597687e-07,1.203366845893346e-07,1.2033694214118912e-07,1.203371951948875e-07,1.2033744378371757e-07,1.203376879406719e-07,1.203379276985554e-07,1.2033816308995904e-07,1.2033839414716594e-07,1.203386209021677e-07,1.203388433869629e-07,1.203390616330713e-07,1.2033927567188598e-07,1.203394855345393e-07,1.2033969125195744e-07,1.2033989285488387e-07,1.203400903737726e-07,1.2034028383884725e-07,1.2034047328019503e-07,1.2034065872760502e-07,1.203408402106644e-07,1.203410177588499e-07,1.203411914009241e-07,1.203413611664218e-07,1.2034152708383192e-07,1.203416891816767e-07,1.2034184748833224e-07,1.2034200203184049e-07,1.2034215284018982e-07,1.203422999410822e-07,1.203424433619436e-07,1.2034258313013418e-07,1.2034271927276514e-07,1.20342851816806e-07,1.2034298078886618e-07,1.2034310621557128e-07,1.2034322812311048e-07,1.2034334653772115e-07,1.2034346148533925e-07,1.2034357299169542e-07,1.203436810823713e-07,1.2034378578275124e-07,1.203438871180285e-07,1.203439851132099e-07,1.20344079793131e-07,1.2034417118242678e-07,1.2034425930559344e-07,1.2034434418695098e-07,1.203444258505213e-07,1.2034450432028982e-07,1.203445796200224e-07,1.2034465177330332e-07,1.2034472080354826e-07,1.203447867339853e-07,1.2034484958772878e-07,1.2034490938768422e-07,1.203449661565852e-07,1.2034501991700734e-07,1.2034507069134538e-07,1.2034511850187143e-07,1.2034516337065523e-07,1.203452053196324e-07,1.203452443705594e-07,1.2034528054504327e-07,1.2034531386453263e-07,1.2034534435031852e-07,1.2034537202353426e-07,1.2034539690517024e-07,1.2034541901605037e-07,1.2034543837685238e-07,1.2034545500809077e-07,1.2034546893016035e-07,1.2034548016328787e-07,1.2034548872754882e-07,1.2034549464287278e-07,1.2034549792904862e-07,1.203454986057251e-07,1.2034549669239987e-07,1.2034549220842624e-07,1.2034548517303162e-07,1.2034547560528557e-07,1.2034546352413602e-07,1.203454489483631e-07,1.203454318966412e-07,1.203454123874933e-07,1.2034539043930545e-07,1.2034536607034462e-07,1.203453392987296e-07,1.2034531014245177e-07,1.203452786193676e-07,1.2034524474720836e-07,1.2034520854357495e-07,1.20345170025944e-07,1.2034512921165286e-07,1.203450861179243e-07,1.203450407618428e-07,1.2034499316035865e-07,1.2034494333043675e-07,1.2034489128872395e-07,1.203448370516954e-07,1.203447806359382e-07,1.2034472205769306e-07,1.2034466133338256e-07,1.2034459847905376e-07,1.2034453351071347e-07,1.2034446644433538e-07,1.2034439729545954e-07,1.2034432607986597e-07,1.20344252813104e-07,1.2034417751064005e-07,1.203441001876862e-07,1.2034402085950006e-07,1.2034393954117004e-07,1.203438562477302e-07,1.2034377099392878e-07,1.2034368379461375e-07,1.2034359466440398e-07,1.203435036178597e-07,1.2034341066943352e-07,1.2034331583346984e-07,1.2034321912415159e-07,1.2034312055567343e-07,1.2034302014208186e-07,1.2034291789715527e-07,1.203428138348227e-07,1.2034270796878486e-07,1.2034260031264083e-07,1.2034249087994887e-07,1.2034237968412946e-07,1.2034226673847121e-07,1.203421520562009e-07,1.2034203565059775e-07,1.20341917534405e-07,1.2034179772076234e-07,1.2034167622248715e-07,1.2034155305229888e-07,1.2034142822305805e-07,1.2034130174694297e-07,1.203411736365659e-07,1.2034104390442584e-07,1.2034091256294337e-07,1.2034077962390665e-07,1.2034064509967485e-07,1.2034050900221634e-07,1.2034037134355521e-07,1.2034023213548324e-07,1.2034009138975913e-07,1.2033994911809847e-07,1.203398053320428e-07,1.203396600430876e-07,1.2033951326271715e-07,1.2033936500221987e-07,1.2033921527288558e-07,1.2033906408588104e-07,1.2033891145226408e-07,1.2033875738310768e-07,1.2033860188930427e-07,1.2033844498163884e-07,1.203382866710441e-07,1.203381269681293e-07,1.2033796588351061e-07,1.2033780342772242e-07,1.2033763961125306e-07,1.203374744444029e-07,1.2033730793760118e-07,1.203371401009882e-07,1.2033697094475167e-07,1.2033680047890887e-07,1.2033662871359228e-07,1.2033645565873515e-07,1.2033628132414515e-07,1.2033610571963073e-07,1.2033592885497288e-07,1.2033575073968573e-07,1.2033557138342977e-07,1.203353907957322e-07,1.2033520898601423e-07,1.2033502596362868e-07,1.203348417378585e-07,1.2033465631798408e-07,1.2033446971318923e-07,1.2033428193247145e-07,1.2033409298500256e-07,1.2033390287966893e-07,1.2033371162541703e-07,1.2033351923108658e-07,1.203333257053606e-07,1.2033313105709107e-07,1.20332935294836e-07,1.203327384271957e-07,1.2033254046260873e-07,1.203323414096574e-07,1.2033214127680026e-07,1.2033194007215928e-07,1.2033173780410137e-07,1.2033153448084782e-07,1.2033133011056162e-07,1.2033112470126019e-07,1.2033091826113752e-07,1.2033071079804017e-07,1.2033050231991996e-07,1.203302928346393e-07,1.2033008234999793e-07,1.203298708737382e-07,1.203296584135442e-07,1.203294449770604e-07,1.203292305718559e-07,1.2032901520545644e-07,1.2032879888532252e-07,1.203285816188884e-07,1.2032836341347205e-07,1.2032814427639753e-07,1.203279242149142e-07,1.2032770323625554e-07,1.2032748134749774e-07,1.203272585557641e-07,1.2032703486794392e-07,1.203268102911966e-07,1.2032658483249176e-07,1.2032635849862356e-07,1.2032613129660734e-07,1.203259032329869e-07,1.2032567431460773e-07,1.203254445482026e-07,1.2032521394033457e-07,1.2032498249774176e-07,1.2032475022684417e-07,1.203245171341553e-07,1.2032428322611431e-07,1.2032404850904166e-07,1.2032381298945452e-07,1.2032357667362731e-07,1.2032333956770856e-07,1.2032310167798593e-07,1.203228630106181e-07,1.2032262357171724e-07,1.2032238336738926e-07,1.2032214240366133e-07,1.2032190068651202e-07,1.2032165822183286e-07,1.2032141501565595e-07,1.2032117107377437e-07,1.2032092640218605e-07,1.2032068100631952e-07,1.2032043489210044e-07,1.2032018806517792e-07,1.2031994053132286e-07,1.2031969229615594e-07,1.203194433649028e-07,1.2031919374332275e-07,1.203189434369462e-07,1.2031869245123735e-07,1.203184407914433e-07,1.2031818846297196e-07,1.2031793547121272e-07,1.2031768182147679e-07,1.2031742751898372e-07,1.203171725689611e-07,1.2031691697616218e-07,1.2031666074653118e-07,1.20316403884763e-07,1.203161463959219e-07,1.2031588828502428e-07,1.203156295570633e-07,1.2031537021698495e-07,1.203151102697055e-07,1.2031484972010388e-07,1.2031458857302445e-07,1.2031432683327503e-07,1.203140645056251e-07,1.2031380159481205e-07,1.2031353810553945e-07,1.2031327404246059e-07,1.2031300941022492e-07,1.2031274421344942e-07,1.2031247845666838e-07,1.203122121444271e-07,1.2031194528122707e-07,1.2031167787154388e-07,1.2031140991982113e-07,1.2031114143044637e-07,1.203108724077733e-07,1.2031060285617707e-07,1.2031033277996603e-07,1.2031006218336192e-07,1.2030979107064364e-07,1.203095194460155e-07,1.2030924731363562e-07,1.2030897467770037e-07,1.2030870154232322e-07,1.2030842791157488e-07,1.2030815378951535e-07,1.2030787918014806e-07,1.2030760408760612e-07,1.2030732851567884e-07,1.2030705246833163e-07,1.203067759496285e-07,1.2030649896337133e-07,1.203062215133243e-07,1.2030594360345372e-07,1.2030566523744967e-07,1.2030538641904304e-07,1.2030510715224928e-07,1.2030482744050856e-07,1.2030454728768345e-07,1.2030426669737094e-07,1.203039856733324e-07,1.203037042190403e-07,1.2030342233795078e-07,1.2030314003393523e-07,1.2030285731037863e-07,1.2030257417074724e-07,1.2030229061830653e-07,1.203020066569679e-07,1.2030172228994527e-07,1.2030143752063207e-07,1.2030115235242037e-07,1.2030086678868262e-07,1.2030058083272113e-07,1.2030029448781516e-07,1.2030000775727404e-07,1.2029972064436348e-07,1.2029943315231084e-07,1.2029914528431866e-07,1.2029885704359472e-07,1.202985684332516e-07,1.2029827945649807e-07,1.2029799011642052e-07,1.202977004161106e-07,1.2029741035867662e-07,1.2029711994705734e-07,1.2029682918437337e-07,1.202965380736158e-07,1.2029624661742222e-07,1.2029595481943383e-07,1.202956626822481e-07,1.2029537020844726e-07,1.202950774015932e-07,1.2029478426422927e-07,1.2029449079920855e-07,1.2029419700935953e-07,1.2029390289749972e-07,1.202936084662127e-07,1.2029331371863104e-07,1.2029301865740836e-07,1.2029272328521498e-07,1.202924276047772e-07,1.2029213161876683e-07,1.202918353298566e-07,1.202915387406492e-07,1.202912418538323e-07,1.202909446720176e-07,1.2029064719785045e-07,1.202903494338593e-07,1.2029005138258837e-07,1.2028975304657845e-07,1.20289454428353e-07,1.2028915553037207e-07,1.2028885635519168e-07,1.202885569051841e-07,1.2028825718287937e-07,1.202879571906485e-07,1.2028765693092475e-07,1.202873564060804e-07,1.20287055618532e-07,1.2028675457062606e-07,1.2028645326466982e-07,1.2028615170305404e-07,1.2028584988800182e-07,1.2028554782184856e-07,1.2028524550691262e-07,1.202849429453958e-07,1.2028464013948829e-07,1.2028433709147633e-07,1.2028403380357985e-07,1.202837302778517e-07,1.2028342651670238e-07,1.202831225221576e-07,1.2028281829636756e-07,1.202825138414767e-07,1.2028220915954218e-07,1.2028190425269363e-07,1.2028159912294383e-07,1.2028129377246477e-07,1.2028098820328844e-07,1.2028068241735558e-07,1.2028037641675392e-07,1.2028007020357972e-07,1.2027976377963816e-07,1.2027945714699712e-07,1.2027915030770656e-07,1.2027884326357545e-07,1.2027853601655028e-07,1.2027822856849873e-07,1.2027792092158896e-07,1.2027761307750056e-07,1.202773050381189e-07,1.2027699680537968e-07,1.2027668838103215e-07,1.202763797669242e-07,1.2027607096508258e-07,1.2027576197701896e-07,1.2027545280468517e-07,1.202751434498083e-07,1.2027483391418277e-07,1.202745241995669e-07,1.2027421430770356e-07,1.2027390424032218e-07,1.2027359399914417e-07,1.2027328358586807e-07,1.202729730021863e-07,1.2027266224978282e-07,1.202723513303661e-07,1.2027204024554423e-07,1.2027172899693107e-07,1.202714175861912e-07,1.2027110601483686e-07,1.2027079428469481e-07,1.2027048239717825e-07,1.2027017035400902e-07,1.2026985815714244e-07,1.202695458072462e-07,1.2026923330630837e-07,1.202689206558439e-07,1.2026860785743288e-07,1.2026829491249656e-07,1.202679818222969e-07,1.2026766858915426e-07,1.2026735521391954e-07,1.202670416981675e-07,1.2026672804341488e-07,1.2026641425102316e-07,1.202661003223852e-07,1.2026578625910973e-07,1.2026547206247658e-07,1.2026515773442101e-07,1.2026484327545761e-07,1.2026452868729887e-07,1.202642139714102e-07,1.2026389912915196e-07,1.2026358416197242e-07,1.202632690712688e-07,1.2026295385792845e-07,1.2026263852403767e-07,1.2026232307003687e-07,1.2026200749808028e-07,1.2026169180860458e-07,1.2026137600327736e-07,1.2026106008359921e-07,1.2026074405055994e-07,1.2026042790551886e-07,1.2026011165036929e-07,1.2025979528508846e-07,1.2025947881131776e-07,1.2025916223072526e-07,1.2025884554427816e-07,1.2025852875321134e-07,1.2025821185871942e-07,1.2025789486190095e-07,1.2025757776390528e-07,1.202572605660951e-07,1.202569432697685e-07,1.2025662587567802e-07,1.2025630838526607e-07,1.202559907996199e-07,1.2025567311974054e-07,1.2025535534680923e-07,1.202550374819251e-07,1.2025471952625342e-07,1.202544014808889e-07,1.2025408334687656e-07,1.2025376512523745e-07,1.2025344681714588e-07,1.20253128423561e-07,1.202528099455938e-07,1.2025249138429905e-07,1.2025217274074355e-07,1.202518540159431e-07,1.2025153521099354e-07,1.2025121632669653e-07,1.2025089736428617e-07,1.2025057832450114e-07,1.2025025920838916e-07,1.202499400172061e-07,1.2024962075176687e-07,1.2024930141310566e-07,1.2024898200196117e-07,1.2024866251964336e-07,1.2024834296698724e-07,1.2024802334475126e-07,1.2024770365398076e-07,1.202473838956457e-07,1.2024706407079607e-07,1.2024674418052914e-07,1.202464242249375e-07,1.2024610420538607e-07,1.202457841230342e-07,1.2024546397831928e-07,1.202451437723301e-07,1.2024482350596634e-07,1.2024450318005808e-07,1.2024418279564873e-07,1.202438623533218e-07,1.2024354185403582e-07,1.2024322129864164e-07,1.2024290068790834e-07,1.20242580022854e-07,1.202422593041695e-07,1.2024193853295523e-07,1.2024161770953434e-07,1.2024129683495657e-07,1.2024097591002437e-07,1.2024065493547082e-07,1.202403339121079e-07,1.2024001284132028e-07,1.2023969172335723e-07,1.202393705586668e-07,1.2023904934811208e-07,1.2023872809281283e-07,1.202384067932389e-07,1.2023808545077543e-07,1.2023776406522938e-07,1.2023744263759014e-07,1.2023712116887186e-07,1.2023679965970587e-07,1.2023647811071314e-07,1.2023615652270417e-07,1.2023583489649422e-07,1.2023551323289152e-07,1.2023519153221565e-07,1.2023486979528412e-07,1.2023454802295247e-07,1.2023422621580543e-07,1.2023390437453053e-07,1.2023358249993752e-07,1.2023326059242006e-07,1.2023293865275604e-07,1.202326166816741e-07,1.2023229467982808e-07,1.2023197264776659e-07,1.2023165058632035e-07,1.202313284959048e-07,1.2023100637723696e-07,1.2023068423123092e-07,1.2023036205754483e-07,1.2023003985796433e-07,1.2022971763271748e-07,1.202293953823904e-07,1.202290731076592e-07,1.2022875080888711e-07,1.2022842848691125e-07,1.2022810614221728e-07,1.2022778377579183e-07,1.2022746138723984e-07,1.2022713897799907e-07,1.2022681654839113e-07,1.202264940991553e-07,1.202261716305843e-07,1.2022584914335902e-07,1.2022552663793866e-07,1.2022520411470388e-07,1.2022488157490863e-07,1.2022455901890752e-07,1.202242364469655e-07,1.202239138595075e-07,1.2022359125686957e-07,1.2022326864043518e-07,1.2022294600969918e-07,1.2022262336631537e-07,1.2022230071017445e-07,1.2022197804185801e-07,1.2022165536194813e-07,1.2022133267087065e-07,1.2022100996911515e-07,1.2022068725724103e-07,1.2022036453568642e-07,1.2022004180503355e-07,1.2021971906566968e-07,1.2021939631814198e-07,1.202190735631175e-07,1.2021875080068592e-07,1.2021842803152232e-07,1.2021810525615447e-07,1.2021778247494183e-07,1.2021745968840593e-07,1.202171368970086e-07,1.2021681410120872e-07,1.202164913015145e-07,1.2021616849825678e-07,1.2021584569198088e-07,1.2021552288309305e-07,1.202152000723254e-07,1.2021487725955871e-07,1.2021455444550766e-07,1.2021423163060453e-07,1.2021390881527832e-07,1.202135859999551e-07,1.2021326318505676e-07,1.2021294037106312e-07,1.202126175582708e-07,1.2021229474715328e-07,1.2021197193811995e-07,1.202116491315783e-07,1.2021132632793215e-07,1.202110035275827e-07,1.202106807309891e-07,1.202103579384239e-07,1.2021003515033946e-07,1.2020971236712618e-07,1.202093895891703e-07,1.2020906681691769e-07,1.202087440506801e-07,1.20208421290839e-07,1.2020809853771494e-07,1.2020777579173598e-07,1.2020745305327127e-07,1.2020713032268843e-07,1.2020680760034882e-07,1.2020648488661423e-07,1.2020616218190333e-07,1.2020583948645172e-07,1.2020551680067243e-07,1.202051941249143e-07,1.2020487145952638e-07,1.2020454880490493e-07,1.2020422616134377e-07,1.2020390352912428e-07,1.2020358090863802e-07,1.2020325830027214e-07,1.2020293570425608e-07,1.2020261312097143e-07,1.2020229055074426e-07,1.2020196799389993e-07,1.2020164545076056e-07,1.202013229216462e-07,1.2020100040685754e-07,1.202006779067267e-07,1.2020035542158296e-07,1.2020003295171962e-07,1.2019971049744507e-07,1.201993880590646e-07,1.2019906563688206e-07,1.2019874323119976e-07,1.2019842084231372e-07,1.2019809847052263e-07,1.2019777611612007e-07,1.2019745377939872e-07,1.201971314606256e-07,1.2019680916013388e-07,1.201964868781536e-07,1.2019616461503312e-07,1.201958423710215e-07,1.201955201463646e-07,1.2019519794140568e-07,1.2019487575638716e-07,1.201945535915815e-07,1.2019423144725909e-07,1.2019390932362012e-07,1.2019358722120282e-07,1.2019326513987307e-07,1.2019294308008633e-07,1.2019262104211921e-07,1.2019229902641567e-07,1.2019197703282614e-07,1.2019165506181558e-07,1.2019133311363904e-07,1.2019101118854348e-07,1.2019068928678125e-07,1.201903674085916e-07,1.2019004555423022e-07,1.201897237239345e-07,1.2018940191794982e-07,1.201890801365331e-07,1.2018875837987997e-07,1.201884366482502e-07,1.2018811494187952e-07,1.2018779326099526e-07,1.2018747160583013e-07,1.2018714997661297e-07,1.20186828373669e-07,1.2018650679702727e-07,1.201861852470139e-07,1.2018586372384844e-07,1.2018554222775273e-07,1.2018522075894585e-07,1.2018489931763375e-07,1.2018457790396573e-07,1.2018425651826774e-07,1.2018393516075546e-07,1.2018361383159592e-07,1.2018329253110447e-07,1.201829712592502e-07,1.2018265001637872e-07,1.2018232880267466e-07,1.201820076183819e-07,1.2018168646372853e-07,1.201813653388592e-07,1.2018104424397136e-07,1.2018072317926154e-07,1.201804021449247e-07,1.2018008114115395e-07,1.2017976016803758e-07,1.2017943922597366e-07,1.2017911831504735e-07,1.2017879743544652e-07,1.2017847658735627e-07,1.20178155770963e-07,1.201778349864485e-07,1.2017751423399493e-07,1.2017719351378212e-07,1.2017687282621075e-07,1.2017655217104017e-07,1.2017623154857397e-07,1.2017591095910713e-07,1.2017559040277997e-07,1.2017526987960465e-07,1.2017494938989337e-07,1.20174628933823e-07,1.201743085115703e-07,1.201739881234151e-07,1.2017366776927015e-07,1.20173347449391e-07,1.2017302716410993e-07,1.201727069133323e-07,1.201723866973688e-07,1.201720665164462e-07,1.201717463705346e-07,1.2017142625997832e-07,1.2017110618484073e-07,1.201707861452758e-07,1.2017046614143464e-07,1.201701461734715e-07,1.2016982624153388e-07,1.2016950634578604e-07,1.2016918648629811e-07,1.2016886666334934e-07,1.2016854687702137e-07,1.201682271274461e-07,1.2016790741479124e-07,1.2016758773917686e-07,1.2016726810077938e-07,1.2016694849970364e-07,1.2016662893610163e-07,1.2016630941011176e-07,1.2016598992188425e-07,1.2016567047152835e-07,1.201653510592074e-07,1.2016503168504067e-07,1.2016471234916266e-07,1.201643930517068e-07,1.2016407379280176e-07,1.2016375457257953e-07,1.2016343539116416e-07,1.2016311624868952e-07,1.201627971452812e-07,1.2016247808118737e-07,1.2016215905628842e-07,1.2016184007082798e-07,1.201615211249318e-07,1.2016120221872128e-07,1.201608833523198e-07,1.20160564525845e-07,1.2016024573935606e-07,1.2015992699309177e-07,1.2015960828738014e-07,1.2015928962179392e-07,1.2015897099668888e-07,1.2015865241224375e-07,1.201583338685401e-07,1.2015801536568687e-07,1.201576969038044e-07,1.2015737848299566e-07,1.2015706010337557e-07,1.2015674176504876e-07,1.201564234681297e-07,1.2015610521272133e-07,1.2015578699888862e-07,1.20155468826822e-07,1.201551506965843e-07,1.2015483260828004e-07,1.2015451456201112e-07,1.2015419655781792e-07,1.201538785959269e-07,1.2015356067637656e-07,1.2015324279926416e-07,1.2015292496469503e-07,1.2015260717276334e-07,1.201522894235445e-07,1.2015197171718224e-07,1.2015165405372472e-07,1.2015133643329063e-07,1.201510188559749e-07,1.2015070132187101e-07,1.2015038383107158e-07,1.2015006638366932e-07,1.2014974897977536e-07,1.2014943161944022e-07,1.2014911430279383e-07,1.2014879702986676e-07,1.2014847980080757e-07,1.2014816261568088e-07,1.2014784547455655e-07,1.2014752837740795e-07,1.201472113246048e-07,1.201468943160808e-07,1.2014657735198075e-07,1.2014626043226687e-07,1.2014594355708356e-07,1.2014562672650542e-07,1.201453099406255e-07,1.2014499319971843e-07,1.2014467650344807e-07,1.2014435985211938e-07,1.2014404324579564e-07,1.2014372668476492e-07,1.2014341016867398e-07,1.2014309369786487e-07,1.2014277727238206e-07,1.20142460891991e-07,1.201421445574072e-07,1.2014182826833551e-07,1.2014151202492203e-07,1.2014119582718094e-07,1.2014087967518868e-07,1.2014056356907582e-07,1.2014024750888555e-07,1.201399314946758e-07,1.2013961552659863e-07,1.2013929960455027e-07,1.2013898372858818e-07,1.2013866789887303e-07,1.2013835211559977e-07,1.2013803637870558e-07,1.2013772068828815e-07,1.2013740504415112e-07,1.201370894468388e-07,1.2013677389619787e-07,1.2013645839226316e-07,1.2013614293511873e-07,1.2013582752481888e-07,1.201355121614786e-07,1.2013519684513245e-07,1.2013488157576268e-07,1.201345663533313e-07,1.2013425117822173e-07,1.2013393605033264e-07,1.2013362096972766e-07,1.2013330593645864e-07,1.2013299095058942e-07,1.201326760121773e-07,1.2013236112128336e-07,1.2013204627795753e-07,1.2013173148226047e-07,1.201314167342491e-07,1.201311020339803e-07,1.2013078738150856e-07,1.2013047277688692e-07,1.2013015822017115e-07,1.201298437114164e-07,1.2012952925067632e-07,1.2012921483800573e-07,1.2012890047345088e-07,1.2012858615706057e-07,1.2012827188889806e-07,1.2012795766901003e-07,1.2012764349744999e-07,1.201273293742657e-07,1.2012701529950458e-07,1.2012670127322731e-07,1.2012638729546577e-07,1.201260733662761e-07,1.2012575948571005e-07,1.2012544565381176e-07,1.2012513187062766e-07,1.2012481813620719e-07,1.2012450445059397e-07,1.201241908138369e-07,1.201238772259823e-07,1.20123563687074e-07,1.2012325019719422e-07,1.2012293675630934e-07,1.201226233645064e-07,1.201223100218284e-07,1.2012199672831395e-07,1.2012168348400769e-07,1.2012137028893243e-07,1.2012105714296123e-07,1.2012074404652209e-07,1.2012043099945323e-07,1.2012011800187205e-07,1.2011980505370668e-07,1.2011949215508086e-07,1.201191793055148e-07,1.2011886650596204e-07,1.2011855375603324e-07,1.2011824105576086e-07,1.2011792840518278e-07,1.2011761580433335e-07,1.2011730325323895e-07,1.2011699075196912e-07,1.20116678300541e-07,1.201163658990098e-07,1.2011605354736928e-07,1.2011574124570091e-07,1.2011542899375714e-07,1.2011511679210573e-07,1.2011480464049962e-07,1.2011449253897611e-07,1.2011418048759346e-07,1.2011386848639502e-07,1.2011355653535705e-07,1.2011324463447016e-07,1.2011293278401703e-07,1.2011262098385363e-07,1.201123092338755e-07,1.2011199753438197e-07,1.201116858852237e-07,1.201113742865257e-07,1.2011106273829914e-07,1.2011075124054415e-07,1.2011043979338787e-07,1.2011012839728145e-07,1.2010981705121538e-07,1.2010950575541848e-07,1.2010919451051607e-07,1.2010888331603668e-07,1.2010857217254113e-07,1.2010826107962692e-07,1.2010795003759533e-07,1.201076390458475e-07,1.2010732810550042e-07,1.201070172158102e-07,1.201067063774166e-07,1.2010639558957536e-07,1.2010608485262343e-07,1.2010577416664503e-07,1.2010546353172458e-07,1.2010515294730092e-07,1.2010484241488233e-07,1.2010453193294302e-07,1.2010422150185882e-07,1.2010391112217386e-07,1.2010360079369595e-07,1.2010329051619593e-07,1.2010298028991014e-07,1.201026701148461e-07,1.2010235999097855e-07,1.201020499180733e-07,1.2010173989665717e-07,1.2010142992740273e-07,1.201011200086128e-07,1.2010081014113157e-07,1.2010050032497463e-07,1.2010019055976233e-07,1.200998808464439e-07,1.2009957118458876e-07,1.200992615738602e-07,1.200989520151037e-07,1.2009864250757626e-07,1.200983330515161e-07,1.200980236470419e-07,1.2009771429409197e-07,1.2009740499267389e-07,1.2009709574288786e-07,1.200967865447625e-07,1.2009647739841375e-07,1.2009616830311926e-07,1.2009585925986816e-07,1.2009555026797844e-07,1.2009524132779552e-07,1.2009493243919954e-07,1.200946236022939e-07,1.2009431481761834e-07,1.2009400608469838e-07,1.2009369740359434e-07,1.200933887742391e-07,1.2009308019630186e-07,1.200927716707789e-07,1.200924631969658e-07,1.2009215477503294e-07,1.200918464050545e-07,1.2009153808645309e-07,1.200912298203239e-07,1.200909216060581e-07,1.2009061344376288e-07,1.2009030533345586e-07,1.2008999727491031e-07,1.2008968926861942e-07,1.2008938131428455e-07,1.2008907341198953e-07,1.2008876556164127e-07,1.200884577634389e-07,1.200881500172664e-07,1.2008784232323743e-07,1.2008753468134985e-07,1.2008722709145988e-07,1.200869195536807e-07,1.200866120681135e-07,1.2008630463469619e-07,1.2008599725337235e-07,1.200856899242979e-07,1.2008538264738642e-07,1.200850754227847e-07,1.2008476825032173e-07,1.2008446113007817e-07,1.2008415406207302e-07,1.200838470463427e-07,1.2008354008274896e-07,1.2008323317172675e-07,1.2008292631281967e-07,1.2008261950629155e-07,1.2008231275193396e-07,1.2008200604993304e-07,1.2008169940026129e-07,1.2008139280244889e-07,1.2008108625747525e-07,1.200807797648555e-07,1.2008047332460613e-07,1.200801669366319e-07,1.2007986060119145e-07,1.2007955431807564e-07,1.2007924808699754e-07,1.2007894190873215e-07,1.2007863578290996e-07,1.2007832970884786e-07,1.200780236880691e-07,1.2007771771962334e-07,1.2007741180358326e-07,1.2007710594005589e-07,1.200768001290035e-07,1.200764943692342e-07,1.2007618866299433e-07,1.2007588300951644e-07,1.200755774084722e-07,1.2007527186007082e-07,1.200749663641999e-07,1.200746609206427e-07,1.2007435552963272e-07,1.200740501911707e-07,1.2007374490522238e-07,1.2007343967203805e-07,1.2007313449140042e-07,1.2007282936328442e-07,1.2007252428772586e-07,1.2007221926484949e-07,1.2007191429444938e-07,1.200716093767787e-07,1.2007130451140756e-07,1.2007099969896835e-07,1.2007069493915005e-07,1.2007039023184168e-07,1.200700855772332e-07,1.2006978097532854e-07,1.2006947642607917e-07,1.200691719295873e-07,1.2006886748564174e-07,1.2006856309433424e-07,1.2006825875529504e-07,1.200679544692326e-07,1.2006765023591383e-07,1.2006734605515415e-07,1.2006704192736217e-07,1.2006673785243886e-07,1.2006643382978968e-07,1.2006612985990695e-07,1.2006582594275427e-07,1.2006552207849872e-07,1.2006521826676803e-07,1.200649145079219e-07,1.200646108016342e-07,1.2006430714801224e-07,1.2006400354757495e-07,1.2006369999953816e-07,1.2006339650397742e-07,1.2006309306141712e-07,1.20062789671478e-07,1.2006248633435283e-07,1.200621830499136e-07,1.2006187981840855e-07,1.2006157663947547e-07,1.2006127351356784e-07,1.2006097044054216e-07,1.2006066742008047e-07,1.2006036445219357e-07,1.2006006153717648e-07,1.200597586748957e-07,1.2005945586542496e-07,1.2005915310767774e-07,1.2005885040387533e-07,1.2005854775251964e-07,1.200582451544234e-07,1.200579426087839e-07,1.2005764011596224e-07,1.2005733767596615e-07,1.200570352887258e-07,1.200567329546403e-07,1.2005643067314793e-07,1.20056128444284e-07,1.2005582626824875e-07,1.200555241449732e-07,1.2005522207445815e-07,1.2005492005677643e-07,1.2005461809190142e-07,1.2005431617972835e-07,1.2005401432060223e-07,1.2005371251412458e-07,1.2005341076045213e-07,1.200531090596428e-07,1.2005280741157861e-07,1.200525058163143e-07,1.200522042738601e-07,1.2005190278448725e-07,1.2005160134827152e-07,1.2005129996422773e-07,1.200509986330522e-07,1.2005069735442342e-07,1.200503961288012e-07,1.2005009495496571e-07,1.200497938349541e-07,1.200494927677488e-07,1.2004919175336886e-07,1.20048890791831e-07,1.2004858988320923e-07,1.200482890270304e-07,1.2004798822384762e-07,1.2004768747358048e-07,1.2004738677599908e-07,1.2004708613137426e-07,1.200467855394148e-07,1.2004648500023177e-07,1.2004618451411194e-07,1.2004588408058705e-07,1.2004558369999603e-07,1.2004528337222856e-07,1.200449830969254e-07,1.2004468287445093e-07,1.2004438270484102e-07,1.2004408258805778e-07,1.200437825239559e-07,1.2004348251280977e-07,1.200431825543684e-07,1.2004288264872862e-07,1.2004258279587798e-07,1.200422829957661e-07,1.2004198324844196e-07,1.2004168355421495e-07,1.2004138391242894e-07,1.20041084323312e-07,1.2004078478733723e-07,1.2004048530387997e-07,1.2004018587316968e-07,1.200398864952996e-07,1.2003958717022283e-07,1.2003928789781518e-07,1.2003898867809253e-07,1.2003868951085684e-07,1.2003839039674694e-07,1.2003809133528443e-07,1.2003779232681148e-07,1.2003749337087244e-07,1.2003719446757105e-07,1.2003689561715397e-07,1.2003659681983204e-07,1.200362980749686e-07,1.2003599938350603e-07,1.2003570074392717e-07,1.2003540215727838e-07,1.200351036233778e-07,1.2003480514219866e-07,1.2003450671374695e-07,1.2003420833789226e-07,1.2003391001474064e-07,1.20033611744283e-07,1.2003331352656367e-07,1.2003301536157648e-07,1.2003271724944052e-07,1.2003241918979392e-07,1.2003212118268623e-07,1.2003182322826735e-07,1.2003152532689929e-07,1.2003122747799782e-07,1.2003092968176867e-07,1.200306319382609e-07,1.2003033424738263e-07,1.2003003660915867e-07,1.2002973902369517e-07,1.200294414907471e-07,1.2002914401047927e-07,1.2002884658255122e-07,1.2002854920767107e-07,1.200282518854169e-07,1.2002795461574397e-07,1.200276573987372e-07,1.200273602343637e-07,1.2002706312264427e-07,1.200267660635102e-07,1.2002646905700937e-07,1.2002617210309493e-07,1.200258752016887e-07,1.2002557835234826e-07,1.200252815561028e-07,1.200249848125842e-07,1.2002468812174547e-07,1.2002439148342106e-07,1.2002409489763288e-07,1.2002379836434373e-07,1.2002350188367425e-07,1.2002320545570147e-07,1.2002290908050855e-07,1.2002261275762355e-07,1.2002231648734755e-07,1.200220202694131e-07,1.200217241042483e-07,1.2002142799098638e-07,1.2002113193099306e-07,1.200208359234249e-07,1.2002053996848538e-07,1.2002024406594077e-07,1.200199482158661e-07,1.2001965241827656e-07,1.200193566731833e-07,1.2001906098064294e-07,1.200187653406598e-07,1.200184697532793e-07,1.200181742182498e-07,1.2001787873548418e-07,1.2001758330553998e-07,1.2001728792766484e-07,1.2001699260250396e-07,1.200166973298463e-07,1.2001640210961476e-07,1.2001610694176762e-07,1.200158118264431e-07,1.2001551676356256e-07,1.2001522175312255e-07,1.200149267945669e-07,1.2001463188823355e-07,1.2001433703500534e-07,1.2001404223474748e-07,1.2001374748630048e-07,1.200134527905899e-07,1.200131581466992e-07,1.2001286355553644e-07,1.2001256901671135e-07,1.2001227453020106e-07,1.200119800961951e-07,1.2001168571449534e-07,1.2001139138509267e-07,1.2001109710740736e-07,1.200108028828399e-07,1.2001050871061844e-07,1.2001021459070183e-07,1.2000992052306662e-07,1.2000962650762226e-07,1.2000933254471097e-07,1.2000903863390938e-07,1.200087447756227e-07,1.2000845096963262e-07,1.20008157215943e-07,1.200078635145433e-07,1.2000756986542693e-07,1.2000727626858628e-07,1.200069827240181e-07,1.2000668923151092e-07,1.200063957914922e-07,1.2000610240369794e-07,1.2000580906814837e-07,1.2000551578483972e-07,1.2000522255376437e-07,1.200049293749178e-07,1.200046362480332e-07,1.200043431736188e-07,1.2000405015141316e-07,1.2000375718132377e-07,1.2000346426422775e-07,1.200031713993202e-07,1.200028785856128e-07,1.2000258582501422e-07,1.2000229311592013e-07,1.2000200045898843e-07,1.2000170785415045e-07,1.200014153013201e-07,1.2000112280076233e-07,1.200008303523555e-07,1.2000053795607929e-07,1.200002456119254e-07,1.199999533198896e-07,1.1999966107974183e-07,1.1999936889177857e-07,1.1999907675605242e-07,1.199987846722363e-07,1.199984926404779e-07,1.1999820066097504e-07,1.1999790873274493e-07,1.1999761685734213e-07,1.1999732503398468e-07,1.1999703326344961e-07,1.19996741544302e-07,1.1999644987723565e-07,1.1999615826207393e-07,1.1999586669898795e-07,1.1999557518784436e-07,1.1999528372880415e-07,1.1999499232164843e-07,1.199947009665585e-07,1.1999440966344714e-07,1.1999411841255665e-07,1.1999382721339798e-07,1.1999353606615284e-07,1.199932449711439e-07,1.1999295392768062e-07,1.1999266293659583e-07,1.1999237199719567e-07,1.199920811093228e-07,1.1999179027376416e-07,1.1999149948999608e-07,1.1999120875804938e-07,1.199909180782188e-07,1.199906274497582e-07,1.1999033687370192e-07,1.1999004634952292e-07,1.199897558775018e-07,1.1998946545707097e-07,1.1998917508851317e-07,1.1998888477221408e-07,1.1998859450750425e-07,1.199883042942033e-07,1.1998801413288293e-07,1.199877240236522e-07,1.1998743396612976e-07,1.1998714396037092e-07,1.19986854005908e-07,1.1998656410357496e-07,1.199862742531592e-07,1.1998598445450583e-07,1.1998569470770585e-07,1.1998540501230774e-07,1.1998511536900614e-07,1.1998482577773967e-07,1.1998453623805761e-07,1.199842467499824e-07,1.1998395731367065e-07,1.1998366792904324e-07,1.1998337859604556e-07,1.199830893148743e-07,1.199828000853317e-07,1.1998251090721053e-07,1.1998222178123146e-07,1.199819327067423e-07,1.1998164368436215e-07,1.1998135471314762e-07,1.199810657934523e-07,1.1998077692549118e-07,1.1998048810919032e-07,1.1998019934467428e-07,1.199799106316721e-07,1.1997962197029318e-07,1.1997933336058485e-07,1.1997904480243266e-07,1.1997875629571072e-07,1.1997846784068646e-07,1.199781794372165e-07,1.1997789108535524e-07,1.199776027847024e-07,1.1997731453588648e-07,1.199770263386311e-07,1.1997673819300053e-07,1.199764500994417e-07,1.1997616205679715e-07,1.1997587406547018e-07,1.1997558612588346e-07,1.1997529823741075e-07,1.1997501040087128e-07,1.1997472261590726e-07,1.1997443488209794e-07,1.1997414719986652e-07,1.1997385956893287e-07,1.1997357198945375e-07,1.199732844615239e-07,1.1997299698505162e-07,1.1997270956001974e-07,1.1997242218632012e-07,1.1997213486383958e-07,1.1997184759302369e-07,1.1997156037422292e-07,1.1997127320606564e-07,1.1997098608926225e-07,1.1997069902408157e-07,1.1997041201003707e-07,1.1997012504734944e-07,1.199698381360892e-07,1.199695512761454e-07,1.1996926446752498e-07,1.1996897771023737e-07,1.1996869100415827e-07,1.199684043494444e-07,1.19968117746016e-07,1.1996783119387917e-07,1.1996754469311948e-07,1.199672582440634e-07,1.199669718458542e-07,1.1996668549897417e-07,1.1996639920335717e-07,1.1996611295821686e-07,1.1996582676500231e-07,1.1996554062302543e-07,1.1996525453220348e-07,1.199649684926327e-07,1.1996468250429016e-07,1.1996439656712703e-07,1.1996411068121235e-07,1.1996382484704022e-07,1.1996353906344618e-07,1.1996325333098524e-07,1.1996296764968498e-07,1.1996268201948958e-07,1.199623964404106e-07,1.199621109125241e-07,1.1996182543540627e-07,1.1996154000971046e-07,1.199612546347716e-07,1.199609693107144e-07,1.199606840382985e-07,1.199603988168991e-07,1.1996011364663258e-07,1.199598285274513e-07,1.1995954345930765e-07,1.1995925844222797e-07,1.1995897347612328e-07,1.1995868856118e-07,1.199584036971598e-07,1.1995811888415276e-07,1.1995783412209226e-07,1.1995754941110106e-07,1.1995726475117147e-07,1.1995698014213914e-07,1.1995669558375298e-07,1.1995641107662697e-07,1.1995612662047114e-07,1.1995584221521554e-07,1.1995555786039357e-07,1.1995527355712827e-07,1.1995498930450112e-07,1.1995470510294003e-07,1.1995442095206827e-07,1.199541368522324e-07,1.1995385280341955e-07,1.1995356880550725e-07,1.199532848584042e-07,1.1995300096213455e-07,1.1995271711677336e-07,1.1995243332223468e-07,1.1995214957884283e-07,1.1995186588604432e-07,1.199515822440368e-07,1.1995129865280166e-07,1.1995101511236807e-07,1.1995073162278382e-07,1.1995044818406372e-07,1.199501647960777e-07,1.1994988145876583e-07,1.1994959817229064e-07,1.199493149365943e-07,1.1994903175170274e-07,1.1994874861743516e-07,1.1994846553387042e-07,1.1994818250100343e-07,1.199478995191965e-07,1.1994761658790113e-07,1.199473337076249e-07,1.1994705087807194e-07,1.1994676809882562e-07,1.1994648537014736e-07,1.199462026921676e-07,1.1994592006483085e-07,1.199456374874853e-07,1.1994535496143085e-07,1.1994507248593068e-07,1.19944790061109e-07,1.1994450768702527e-07,1.199442253635159e-07,1.1994394309053142e-07,1.1994366086811757e-07,1.1994337869628205e-07,1.199430965753881e-07,1.1994281450467644e-07,1.1994253248456645e-07,1.1994225051493895e-07,1.1994196859586634e-07,1.1994168672733528e-07,1.1994140490933483e-07,1.1994112314180814e-07,1.199408414248066e-07,1.1994055975827352e-07,1.1994027814216482e-07,1.1993999657710548e-07,1.1993971506208444e-07,1.1993943359746084e-07,1.1993915218330817e-07,1.1993887081968906e-07,1.1993858950638697e-07,1.1993830824351523e-07,1.19938027030836e-07,1.1993774586876154e-07,1.19937464757107e-07,1.1993718369572205e-07,1.1993690268483939e-07,1.199366217243101e-07,1.199363408141368e-07,1.1993605995438071e-07,1.1993577914492013e-07,1.199354983858275e-07,1.199352176770578e-07,1.199349370187282e-07,1.1993465641057454e-07,1.1993437585275514e-07,1.1993409534516608e-07,1.1993381488792223e-07,1.1993353448095653e-07,1.199332541242432e-07,1.1993297381780883e-07,1.1993269356158006e-07,1.1993241335562642e-07,1.1993213319992833e-07,1.19931853094635e-07,1.1993157303932367e-07,1.199312930342853e-07,1.199310130794905e-07,1.199307331748101e-07,1.1993045332030656e-07,1.199301735160065e-07,1.199298937618379e-07,1.1992961405770589e-07,1.199293344039247e-07,1.199290548001984e-07,1.1992877524665135e-07,1.1992849574222904e-07,1.1992821628873344e-07,1.1992793688553623e-07,1.1992765753250348e-07,1.1992737822936102e-07,1.1992709897603553e-07,1.199268197731957e-07,1.1992654062042798e-07,1.1992626151769754e-07,1.199259824649657e-07,1.1992570346240915e-07,1.1992542450942765e-07,1.1992514560679453e-07,1.1992486675418855e-07,1.1992458795162836e-07,1.19924309199067e-07,1.1992403049627905e-07,1.199237518436867e-07,1.1992347324126087e-07,1.1992319468841946e-07,1.1992291618566546e-07,1.1992263773316556e-07,1.199223593303257e-07,1.1992208097737857e-07,1.1992180267464438e-07,1.1992152442200606e-07,1.1992124621868561e-07,1.1992096806599884e-07,1.1992068996260902e-07,1.199204119086645e-07,1.1992013390500643e-07,1.1991985595114532e-07,1.199195780471583e-07,1.199193001932468e-07,1.1991902238883463e-07,1.1991874463433765e-07,1.1991846692961953e-07,1.1991818927472198e-07,1.1991791166972026e-07,1.1991763411428534e-07,1.199173566088141e-07,1.1991707915303204e-07,1.199168017468996e-07,1.1991652439058986e-07,1.1991624708418223e-07,1.1991596982732463e-07,1.1991569262034657e-07,1.1991541546311552e-07,1.1991513835545706e-07,1.1991486129761127e-07,1.1991458428964757e-07,1.1991430733018324e-07,1.1991403042149807e-07,1.1991375356235203e-07,1.1991347675290064e-07,1.199131999930913e-07,1.1991292328291963e-07,1.1991264662248317e-07,1.1991237001159732e-07,1.1991209345035682e-07,1.1991181693867018e-07,1.1991154047653705e-07,1.19911264064026e-07,1.1991098770090108e-07,1.199107113875497e-07,1.1991043512375438e-07,1.1991015890959913e-07,1.199098827448005e-07,1.199096066296635e-07,1.1990933056404088e-07,1.1990905454789548e-07,1.199087785812934e-07,1.1990850266420606e-07,1.1990822679661256e-07,1.1990795097851215e-07,1.1990767520964606e-07,1.1990739949061708e-07,1.1990712382084537e-07,1.1990684820060167e-07,1.199065726297456e-07,1.199062971082583e-07,1.1990602163626813e-07,1.199057462135311e-07,1.1990547084040825e-07,1.199051955166334e-07,1.1990492024233977e-07,1.1990464501671786e-07,1.1990436984109694e-07,1.1990409471490916e-07,1.1990381963801782e-07,1.1990354461031876e-07,1.199032696320903e-07,1.19902994703203e-07,1.1990271982378017e-07,1.1990244499333378e-07,1.1990217021243683e-07,1.1990189548077754e-07,1.1990162079845408e-07,1.19901346165275e-07,1.1990107158142134e-07,1.1990079704689231e-07,1.1990052256162945e-07,1.199002481252554e-07,1.1989997373841547e-07,1.1989969940078182e-07,1.198994251123753e-07,1.1989915087328972e-07,1.1989887668371592e-07,1.1989860254296503e-07,1.198983284513396e-07,1.1989805440889752e-07,1.1989778041561728e-07,1.198975064716501e-07,1.1989723257670783e-07,1.1989695873121505e-07,1.198966849345587e-07,1.198964111871139e-07,1.198961374886866e-07,1.1989586383934227e-07,1.1989559023876546e-07,1.1989531668736344e-07,1.198950431852934e-07,1.198947697322403e-07,1.1989449632871033e-07,1.198942229738193e-07,1.198939496679352e-07,1.1989367641135675e-07,1.1989340320358366e-07,1.1989313004481587e-07,1.1989285693501548e-07,1.1989258387425325e-07,1.1989231086201628e-07,1.1989203789937993e-07,1.1989176498551287e-07,1.198914921206793e-07,1.1989121930482103e-07,1.1989094653789841e-07,1.1989067381999322e-07,1.1989040115093926e-07,1.1989012853078712e-07,1.198898559595611e-07,1.1988958343708188e-07,1.198893109636618e-07,1.1988903853882842e-07,1.1988876616290314e-07,1.1988849383610573e-07,1.1988822155812587e-07,1.1988794932897965e-07,1.1988767714889046e-07,1.1988740501740878e-07,1.1988713293534166e-07,1.1988686090157384e-07,1.1988658891664445e-07,1.198863169805022e-07,1.1988604509317386e-07,1.1988577325491164e-07,1.1988550146521443e-07,1.198852297241829e-07,1.1988495803187935e-07,1.1988468638819834e-07,1.19884414793173e-07,1.1988414324715273e-07,1.198838717498278e-07,1.1988360030102605e-07,1.1988332890109614e-07,1.1988305754986288e-07,1.1988278624746216e-07,1.1988251499368595e-07,1.1988224378867134e-07,1.198819726323153e-07,1.198817015244677e-07,1.198814304652822e-07,1.1988115945475315e-07,1.198808884929831e-07,1.1988061757977674e-07,1.1988034671476285e-07,1.1988007589865115e-07,1.1987980513114158e-07,1.1987953441196984e-07,1.1987926374174676e-07,1.1987899312009152e-07,1.1987872254699488e-07,1.1987845202235845e-07,1.198781815462378e-07,1.1987791111807465e-07,1.198776407391316e-07,1.1987737040870515e-07,1.198771001267742e-07,1.1987682989353513e-07,1.1987655970846738e-07,1.1987628957187718e-07,1.1987601948354104e-07,1.1987574944392938e-07,1.1987547945274117e-07,1.1987520951082357e-07,1.1987493961666502e-07,1.1987466977079466e-07,1.1987439997344642e-07,1.19874130224553e-07,1.1987386052402575e-07,1.1987359087190723e-07,1.198733212679848e-07,1.198730517116795e-07,1.1987278220496218e-07,1.1987251274677112e-07,1.198722433363676e-07,1.198719739740794e-07,1.1987170466046228e-07,1.1987143539545453e-07,1.1987116617817266e-07,1.1987089700941726e-07,1.1987062788895208e-07,1.1987035881725085e-07,1.1987008979329763e-07,1.1986982081772027e-07,1.1986955189037384e-07,1.1986928301113305e-07,1.198690141801192e-07,1.198687453975282e-07,1.1986847666351424e-07,1.1986820797737605e-07,1.1986793933994644e-07,1.1986767075020773e-07,1.1986740220882464e-07,1.1986713371593202e-07,1.1986686527078204e-07,1.1986659687353276e-07,1.1986632852470723e-07,1.1986606022399577e-07,1.1986579197148118e-07,1.1986552376681015e-07,1.1986525561051654e-07,1.198649875024464e-07,1.1986471944265077e-07,1.1986445143062865e-07,1.1986418346677995e-07,1.19863915551026e-07,1.1986364768330652e-07,1.1986337986369212e-07,1.198631120921838e-07,1.1986284436898143e-07,1.1986257669371002e-07,1.198623090662642e-07,1.1986204148695496e-07,1.1986177395560832e-07,1.1986150647204643e-07,1.1986123903707e-07,1.1986097164961073e-07,1.1986070431018288e-07,1.1986043701875327e-07,1.1986016977477984e-07,1.1985990257930942e-07,1.1985963543174737e-07,1.198593683321702e-07,1.198591012803892e-07,1.1985883427639052e-07,1.1985856732059152e-07,1.1985830041263807e-07,1.1985803355294668e-07,1.1985776674079308e-07,1.1985749997644065e-07,1.1985723326002147e-07,1.1985696659092247e-07,1.1985669997010075e-07,1.1985643339733338e-07,1.198561668721471e-07,1.1985590039499753e-07,1.1985563396626475e-07,1.1985536758469686e-07,1.1985510125108024e-07,1.1985483496511584e-07,1.1985456872644688e-07,1.1985430253580418e-07,1.1985403639326862e-07,1.198537702983339e-07,1.1985350425120087e-07,1.1985323825185757e-07,1.1985297230013116e-07,1.198527063961964e-07,1.1985244053997338e-07,1.198521747314665e-07,1.1985190897131247e-07,1.1985164325823436e-07,1.198513775929142e-07,1.1985111197583676e-07,1.1985084640601982e-07,1.198505808836106e-07,1.198503154088151e-07,1.1985004998167794e-07,1.198497846019984e-07,1.1984951927009846e-07,1.198492539859608e-07,1.1984898874928065e-07,1.198487235604754e-07,1.198484584190264e-07,1.1984819332524142e-07,1.1984792827891046e-07,1.1984766328004717e-07,1.1984739832815207e-07,1.1984713342473703e-07,1.1984686856856967e-07,1.198466037597957e-07,1.1984633899862872e-07,1.1984607428497286e-07,1.1984580961868112e-07,1.1984554499999157e-07,1.1984528042899776e-07,1.1984501590545977e-07,1.1984475142925184e-07,1.1984448699958563e-07,1.1984422261771702e-07,1.1984395828423792e-07,1.1984369399795081e-07,1.1984342975899506e-07,1.198431655674812e-07,1.198429014233697e-07,1.1984263732625272e-07,1.19842373276968e-07,1.19842109275036e-07,1.1984184532053316e-07,1.1984158141334833e-07,1.1984131755392866e-07,1.19841053741437e-07,1.1984078997635825e-07,1.1984052625855127e-07,1.1984026258806167e-07,1.198399989653783e-07,1.1983973538950854e-07,1.1983947186094386e-07,1.1983920837967482e-07,1.1983894494564249e-07,1.1983868155957453e-07,1.1983841822012366e-07,1.1983815492800026e-07,1.1983789168304845e-07,1.198376284852548e-07,1.1983736533478097e-07,1.198371022314932e-07,1.1983683917528872e-07,1.1983657616647378e-07,1.1983631320423633e-07,1.1983605028979158e-07,1.1983578742250857e-07,1.1983552460237037e-07,1.1983526182987037e-07,1.1983499910448724e-07,1.1983473642605004e-07,1.198344737945658e-07,1.1983421120996733e-07,1.1983394867337971e-07,1.1983368618323007e-07,1.19833423740498e-07,1.1983316134457156e-07,1.1983289899548668e-07,1.1983263669374334e-07,1.1983237443906373e-07,1.1983211223150225e-07,1.1983185007093707e-07,1.1983158795711562e-07,1.1983132589049267e-07,1.198310638715416e-07,1.1983080189923588e-07,1.1983053997379644e-07,1.1983027809534334e-07,1.1983001626389212e-07,1.1982975447943395e-07,1.1982949274196443e-07,1.1982923105150235e-07,1.1982896940811675e-07,1.1982870781151186e-07,1.198284462619722e-07,1.1982818475927188e-07,1.1982792330365476e-07,1.198276618948723e-07,1.1982740053291864e-07,1.1982713921763827e-07,1.1982687794947828e-07,1.198266167282125e-07,1.1982635555368606e-07,1.1982609442617923e-07,1.198258333455005e-07,1.198255723116245e-07,1.1982531132462317e-07,1.1982505038442786e-07,1.198247894911958e-07,1.1982452864459134e-07,1.1982426784568647e-07,1.1982400709280093e-07,1.1982374638683747e-07,1.1982348572752548e-07,1.1982322511491463e-07,1.198229645492269e-07,1.198227040301946e-07,1.1982244355788175e-07,1.1982218313235708e-07,1.1982192275266692e-07,1.1982166242065903e-07,1.1982140213542956e-07,1.198211418967423e-07,1.1982088170481528e-07,1.1982062155955666e-07,1.1982036146001164e-07,1.1982010140812365e-07,1.1981984140299784e-07,1.1981958144472222e-07,1.1981932153256955e-07,1.198190616672692e-07,1.1981880184860138e-07,1.1981854207653703e-07,1.1981828235127447e-07,1.1981802267243327e-07,1.198177630401873e-07,1.1981750345453367e-07,1.1981724391547416e-07,1.1981698442333011e-07,1.1981672497743123e-07,1.1981646557805942e-07,1.1981620622523355e-07,1.198159469189472e-07,1.1981568765903144e-07,1.198154284458051e-07,1.1981516927908957e-07,1.1981491015888293e-07,1.198146510851728e-07,1.1981439205816867e-07,1.1981413307743143e-07,1.1981387414316692e-07,1.1981361525538858e-07,1.198133564142163e-07,1.1981309761932267e-07,1.1981283887086955e-07,1.1981258016884964e-07,1.1981232151325018e-07,1.1981206290406746e-07,1.198118043412929e-07,1.1981154582491597e-07,1.1981128735492705e-07,1.1981102893132001e-07,1.1981077055408485e-07,1.1981051222321533e-07,1.198102539387025e-07,1.1980999570053947e-07,1.1980973750871413e-07,1.1980947936322025e-07,1.1980922126404978e-07,1.198089632111933e-07,1.198087052046432e-07,1.1980844724461021e-07,1.1980818933086346e-07,1.19807931463211e-07,1.1980767364201578e-07,1.1980741586687113e-07,1.1980715813818615e-07,1.198069004558131e-07,1.198066428194621e-07,1.1980638522952772e-07,1.1980612768584228e-07,1.198058701883645e-07,1.1980561273717423e-07,1.198053553318594e-07,1.1980509797302128e-07,1.1980484066043713e-07,1.1980458339374483e-07,1.198043261733833e-07,1.1980406899939463e-07,1.1980381187134494e-07,1.1980355478967969e-07,1.198032977536478e-07,1.1980304076380652e-07,1.198027838200322e-07,1.198025269226129e-07,1.1980227007107242e-07,1.1980201326586755e-07,1.1980175650543135e-07,1.1980149979237014e-07,1.1980124312511162e-07,1.1980098650408032e-07,1.1980072992895702e-07,1.1980047339984142e-07,1.1980021691680394e-07,1.1979996047971167e-07,1.19799704088688e-07,1.1979944774433675e-07,1.1979919144525386e-07,1.197989351921769e-07,1.197986789850709e-07,1.197984228240262e-07,1.197981667088453e-07,1.1979791063961424e-07,1.197976546163347e-07,1.1979739863896472e-07,1.1979714270777261e-07,1.1979688682112934e-07,1.1979663098095572e-07,1.197963751866074e-07,1.1979611943817335e-07,1.197958637363653e-07,1.197956080805123e-07,1.1979535247047206e-07,1.1979509690629285e-07,1.1979484138792095e-07,1.1979458591504593e-07,1.1979433048841156e-07,1.1979407510760596e-07,1.1979381977231842e-07,1.1979356448338887e-07,1.197933092394402e-07,1.1979305404189568e-07,1.1979279889008769e-07,1.1979254378411113e-07,1.197922887239187e-07,1.1979203370938687e-07,1.1979177874061473e-07,1.1979152381754192e-07,1.1979126894057742e-07,1.1979101410910712e-07,1.197907593236135e-07,1.197905045836135e-07,1.197902498893293e-07,1.1978999524072134e-07,1.1978974063790859e-07,1.1978948608069419e-07,1.1978923156916544e-07,1.1978897710332056e-07,1.1978872268308412e-07,1.1978846830853582e-07,1.197882139797135e-07,1.197879596965187e-07,1.1978770545886472e-07,1.1978745126685655e-07,1.1978719712046218e-07,1.197869430195787e-07,1.1978668896449349e-07,1.1978643495486667e-07,1.1978618099081417e-07,1.1978592707234917e-07,1.1978567319934893e-07,1.1978541937191988e-07,1.197851655901571e-07,1.197849118538756e-07,1.197846581630968e-07,1.197844045178649e-07,1.1978415091814837e-07,1.197838973639545e-07,1.1978364385515346e-07,1.197833903919241e-07,1.1978313697424467e-07,1.1978288360198182e-07,1.1978263027516537e-07,1.1978237699380827e-07,1.1978212375806646e-07,1.1978187056721732e-07,1.1978161742216571e-07,1.1978136432251794e-07,1.19781111267957e-07,1.1978085825927982e-07,1.1978060529589683e-07,1.1978035237789945e-07,1.197800995052821e-07,1.1977984667793198e-07,1.1977959389603424e-07,1.1977934115950832e-07,1.1977908846833432e-07,1.1977883582248356e-07,1.1977858322198155e-07,1.1977833066676912e-07,1.1977807815710695e-07,1.197778256923759e-07,1.1977757327310768e-07,1.1977732089970174e-07,1.197770685710227e-07,1.1977681628760514e-07,1.197765640494548e-07,1.1977631185656081e-07,1.197760597087543e-07,1.1977580760635747e-07,1.1977555554848184e-07,1.197753035365556e-07,1.1977505156983067e-07,1.197747996482664e-07,1.197745477723125e-07,1.1977429594119726e-07,1.1977404415543653e-07,1.1977379241462002e-07,1.1977354071904923e-07,1.1977328906862218e-07,1.197730374633583e-07,1.1977278590324773e-07,1.1977253438828191e-07,1.1977228291843564e-07,1.1977203149376566e-07,1.1977178011422548e-07,1.1977152877969476e-07,1.1977127749025173e-07,1.1977102624592316e-07,1.1977077504667871e-07,1.1977052389248798e-07,1.1977027278337435e-07,1.197700217193096e-07,1.1976977070030967e-07,1.1976951972632903e-07,1.197692687973743e-07,1.197690179134885e-07,1.1976876707464821e-07,1.1976851628075284e-07,1.197682655318695e-07,1.1976801482793165e-07,1.1976776416898681e-07,1.1976751355503022e-07,1.197672629858961e-07,1.1976701246239196e-07,1.1976676198334098e-07,1.197665115492172e-07,1.1976626115998923e-07,1.1976601081570096e-07,1.1976576051634058e-07,1.1976551026188674e-07,1.1976526005217713e-07,1.1976500988730724e-07,1.1976475976750933e-07,1.1976450969262483e-07,1.1976425966355076e-07,1.1976400967833553e-07,1.19763759738035e-07,1.1976350984255784e-07,1.1976325999194345e-07,1.197630101861186e-07,1.197627604251349e-07,1.19762510709108e-07,1.1976226103765387e-07,1.1976201141094372e-07,1.1976176182803325e-07,1.1976151229103797e-07,1.1976126279883059e-07,1.1976101335203868e-07,1.1976076394932895e-07,1.197605145913656e-07,1.1976026527809806e-07,1.1976001601002393e-07,1.197597667862689e-07,1.1975951760730854e-07,1.197592684729652e-07,1.1975901938328325e-07,1.1975877033834773e-07,1.1975852133877262e-07,1.1975827238305976e-07,1.1975802347215065e-07,1.1975777460581134e-07,1.197575257842538e-07,1.1975727700733483e-07,1.1975702827503522e-07,1.197567795873426e-07,1.1975653094427606e-07,1.197562823457159e-07,1.1975603379165093e-07,1.19755785282495e-07,1.1975553681789283e-07,1.197552883977015e-07,1.1975504002215072e-07,1.197547916910538e-07,1.1975454340463165e-07,1.1975429516279472e-07,1.197540469654459e-07,1.1975379881244228e-07,1.1975355070389805e-07,1.1975330264022092e-07,1.1975305462091942e-07,1.19752806646172e-07,1.1975255871591766e-07,1.197523108301444e-07,1.1975206298877593e-07,1.1975181519191558e-07,1.197515674394468e-07,1.1975131973152168e-07,1.1975107206808262e-07,1.1975082444909435e-07,1.1975057687444878e-07,1.1975032934424753e-07,1.1975008185843134e-07,1.1974983441704247e-07,1.1974958702002673e-07,1.1974933966739257e-07,1.197490923591286e-07,1.1974884509521377e-07,1.1974859787587883e-07,1.1974835070027112e-07,1.1974810356953442e-07,1.1974785648305887e-07,1.197476094408941e-07,1.1974736244311074e-07,1.1974711548961632e-07,1.1974686858039515e-07,1.1974662171550823e-07,1.197463748949121e-07,1.1974612811859674e-07,1.19745881386212e-07,1.197456346983685e-07,1.1974538805494787e-07,1.197451414556526e-07,1.1974489490061038e-07,1.1974464838982742e-07,1.1974440192323893e-07,1.1974415550086447e-07,1.1974390912269966e-07,1.1974366278869046e-07,1.1974341649900894e-07,1.1974317025343382e-07,1.1974292405193257e-07,1.1974267789502402e-07,1.1974243178207493e-07,1.1974218571317654e-07,1.1974193968844128e-07,1.197416937080275e-07,1.1974144777153554e-07,1.1974120187910847e-07,1.197409560309387e-07,1.1974071022714098e-07,1.1974046446708091e-07,1.1974021875108085e-07,1.1973997307931682e-07,1.197397274516193e-07,1.197394818679009e-07,1.197392363281825e-07,1.197389908325534e-07,1.1973874538097606e-07,1.1973849997343344e-07,1.1973825461007633e-07,1.197380092905891e-07,1.19737764015096e-07,1.1973751878358376e-07,1.197372735960966e-07,1.1973702845257654e-07,1.1973678335301955e-07,1.197365382975124e-07,1.1973629328595098e-07,1.1973604831837244e-07,1.1973580339465997e-07,1.1973555851491807e-07,1.1973531367911155e-07,1.1973506888724334e-07,1.1973482413967235e-07,1.1973457943548898e-07,1.1973433477529751e-07,1.1973409015903654e-07,1.1973384558666068e-07,1.197336010581528e-07,1.1973335657281524e-07,1.1973311213206023e-07,1.1973286773551928e-07,1.1973262338253227e-07,1.1973237907326353e-07,1.1973213480786002e-07,1.1973189058627677e-07,1.1973164640851622e-07,1.1973140227460075e-07,1.1973115818443324e-07,1.1973091413802583e-07,1.1973067013550777e-07,1.1973042617668105e-07,1.197301822616566e-07,1.1972993839039363e-07,1.1972969456304146e-07,1.1972945077926162e-07,1.197292070391792e-07,1.1972896334281107e-07,1.1972871969016214e-07,1.1972847608125508e-07,1.1972823251610577e-07,1.1972798899457778e-07,1.1972774551703368e-07,1.197275020830788e-07,1.1972725869257798e-07,1.1972701534577243e-07,1.1972677204259328e-07,1.1972652878263261e-07,1.197262855665014e-07,1.1972604239428827e-07,1.1972579926565575e-07,1.1972555617985535e-07,1.1972531313844636e-07,1.1972507014068046e-07,1.1972482718649683e-07,1.197245842740855e-07,1.1972434140727249e-07,1.1972409858378634e-07,1.1972385580385036e-07,1.1972361306747257e-07,1.1972337037464642e-07,1.1972312772538727e-07,1.1972288511973936e-07,1.1972264255753304e-07,1.1972240003881734e-07,1.1972215756360183e-07,1.197219151319253e-07,1.1972167274370585e-07,1.1972143039885555e-07,1.197211880978012e-07,1.1972094583909673e-07,1.1972070362474508e-07,1.1972046145392739e-07,1.1972021932650697e-07,1.1971997724258352e-07,1.1971973520137815e-07,1.1971949320423942e-07,1.1971925125053792e-07,1.1971900934024593e-07,1.197187674733243e-07,1.1971852564979522e-07,1.1971828386964715e-07,1.1971804213286867e-07,1.197178004394537e-07,1.197175587895064e-07,1.197173171831851e-07,1.1971707561985087e-07,1.1971683409955993e-07,1.1971659262285937e-07,1.1971635118952324e-07,1.197161097994533e-07,1.1971586845242768e-07,1.197156271490405e-07,1.1971538588885608e-07,1.1971514467192673e-07,1.197149034989018e-07,1.1971466236856217e-07,1.197144212823566e-07,1.1971418023847464e-07,1.197139392379495e-07,1.1971369828046918e-07,1.1971345736630413e-07,1.1971321649537983e-07,1.1971297566785294e-07,1.1971273488338765e-07,1.1971249414203655e-07,1.1971225344389754e-07,1.1971201278891208e-07,1.1971177217710278e-07,1.1971153160845354e-07,1.1971129108292278e-07,1.1971105060057267e-07,1.1971081016138932e-07,1.1971056976549372e-07,1.1971032941242533e-07,1.1971008910263166e-07,1.1970984883591798e-07,1.1970960861232995e-07,1.1970936843169724e-07,1.1970912829418676e-07,1.1970888819992362e-07,1.1970864814861256e-07,1.1970840814019168e-07,1.197081681751787e-07,1.1970792825308644e-07,1.1970768837401765e-07,1.1970744853801917e-07,1.1970720874496737e-07,1.1970696899492076e-07,1.1970672928737525e-07,1.197064896232853e-07,1.197062500023631e-07,1.197060104242185e-07,1.1970577088915562e-07,1.1970553139682678e-07,1.1970529194756604e-07,1.1970505254132828e-07,1.197048131780697e-07,1.1970457385754538e-07,1.197043345801033e-07,1.1970409534571732e-07,1.1970385615416357e-07,1.1970361700550742e-07,1.19703377899731e-07,1.1970313883673794e-07,1.1970289981685216e-07,1.1970266083996306e-07,1.197024219057324e-07,1.1970218301436036e-07,1.1970194416545545e-07,1.1970170535980653e-07,1.197014665969714e-07,1.1970122787710005e-07,1.1970098919978819e-07,1.1970075056539432e-07,1.1970051197382814e-07,1.1970027342517534e-07,1.1970003491922311e-07,1.1969979645605754e-07,1.1969955803563563e-07,1.1969931965800975e-07,1.1969908132312104e-07,1.1969884303095332e-07,1.1969860478155506e-07,1.1969836657487517e-07,1.1969812841119578e-07,1.19697890290126e-07,1.1969765221163102e-07,1.1969741417575045e-07,1.1969717618266747e-07,1.196969382322896e-07,1.196967003245303e-07,1.1969646245948488e-07,1.1969622463657849e-07,1.1969598685686003e-07,1.196957491197913e-07,1.196955114253926e-07,1.196952737736065e-07,1.1969503616444892e-07,1.196947985978858e-07,1.1969456107400025e-07,1.1969432359270603e-07,1.1969408615397914e-07,1.1969384875766585e-07,1.1969361140426885e-07,1.1969337409327754e-07,1.1969313682490252e-07,1.1969289959844184e-07,1.1969266241512685e-07,1.1969242527440065e-07,1.1969218817616544e-07,1.1969195112048005e-07,1.1969171410729417e-07,1.1969147713664324e-07,1.1969124020852237e-07,1.1969100332289899e-07,1.1969076647976614e-07,1.1969052967901048e-07,1.19690292920811e-07,1.1969005620507771e-07,1.196898195318077e-07,1.1968958290101192e-07,1.196893463126136e-07,1.196891097666743e-07,1.1968887326271497e-07,1.1968863680165131e-07,1.1968840038295448e-07,1.1968816400670995e-07,1.1968792767346658e-07,1.196876913819639e-07,1.1968745513289197e-07,1.1968721892619532e-07,1.1968698276193773e-07,1.1968674663996906e-07,1.1968651056030512e-07,1.196862745230345e-07,1.1968603852805133e-07,1.1968580257544734e-07,1.1968556666514082e-07,1.1968533079715076e-07,1.1968509497160913e-07,1.1968485918824775e-07,1.1968462344717785e-07,1.1968438774839162e-07,1.1968415209188147e-07,1.1968391647764054e-07,1.1968368090566005e-07,1.1968344537590907e-07,1.1968320988840372e-07,1.1968297444316056e-07,1.196827390401479e-07,1.1968250367937445e-07,1.1968226836079945e-07,1.1968203308443228e-07,1.1968179785026565e-07,1.1968156265828491e-07,1.1968132750844293e-07,1.1968109240086765e-07,1.1968085733542516e-07,1.1968062231214422e-07,1.19680387331018e-07,1.1968015239203826e-07,1.196799174951977e-07,1.196796826404887e-07,1.1967944782790364e-07,1.1967921305743553e-07,1.1967897832907494e-07,1.1967874364279296e-07,1.1967850899857282e-07,1.1967827439649343e-07,1.1967803983649245e-07,1.196778053185623e-07,1.1967757084267274e-07,1.1967733640883818e-07,1.196771020170586e-07,1.1967686766731192e-07,1.1967663335956216e-07,1.1967639909389742e-07,1.1967616487000337e-07,1.1967593068834988e-07,1.1967569654882224e-07,1.1967546245116612e-07,1.1967522839550655e-07,1.196749943818343e-07,1.196747604101178e-07,1.1967452648036566e-07,1.1967429259414257e-07,1.1967405874829658e-07,1.1967382494447365e-07,1.196735911824726e-07,1.1967335746240814e-07,1.1967312378432115e-07,1.1967289014804155e-07,1.1967265655361836e-07,1.1967242300120672e-07,1.1967218949081323e-07,1.196719560221491e-07,1.1967172259536377e-07,1.1967148921053056e-07,1.1967125586749018e-07,1.1967102256658615e-07,1.1967078930727654e-07,1.1967055608975973e-07,1.1967032291407827e-07,1.196700897802583e-07,1.196698566882114e-07,1.196696236383899e-07,1.196693906298382e-07,1.1966915766312693e-07,1.196689247382587e-07,1.1966869185520136e-07,1.196684590138978e-07,1.1966822621431515e-07,1.1966799345653555e-07,1.1966776074062617e-07,1.196675280662793e-07,1.1966729543366345e-07,1.196670628427836e-07,1.1966683029360513e-07,1.1966659778623626e-07,1.1966636532052924e-07,1.1966613289653954e-07,1.1966590051415722e-07,1.1966566817349196e-07,1.1966543587429417e-07,1.1966520361687104e-07,1.1966497140119417e-07,1.1966473922717547e-07,1.1966450709477123e-07,1.1966427500397862e-07,1.196640429551594e-07,1.1966381094751242e-07,1.1966357898153356e-07,1.1966334705719134e-07,1.1966311517446954e-07,1.1966288333327253e-07,1.1966265153404994e-07,1.196624197759723e-07,1.196621880595304e-07,1.1966195638467747e-07,1.196617247529405e-07,1.1966149316119563e-07,1.19661261610768e-07,1.1966103010217145e-07,1.1966079863499224e-07,1.196605672090282e-07,1.1966033582488475e-07,1.1966010448235687e-07,1.196598731811999e-07,1.1965964192184242e-07,1.1965941070364271e-07,1.1965917952657533e-07,1.1965894839054984e-07,1.196587172966977e-07,1.1965848624432622e-07,1.1965825523322663e-07,1.196580242637229e-07,1.1965779333561178e-07,1.196575624489109e-07,1.1965733160360397e-07,1.196571007996911e-07,1.196568700373623e-07,1.1965663931624593e-07,1.19656408636495e-07,1.1965617799807862e-07,1.1965594740122507e-07,1.1965571684558163e-07,1.1965548633124138e-07,1.1965525585829514e-07,1.1965502542678677e-07,1.1965479503644208e-07,1.1965456468746475e-07,1.196543343799435e-07,1.1965410411389382e-07,1.196538738888642e-07,1.1965364370514389e-07,1.1965341356259802e-07,1.1965318346154407e-07,1.196529534016235e-07,1.196527233829254e-07,1.1965249340545475e-07,1.1965226346925172e-07,1.196520335740414e-07,1.196518037201462e-07,1.1965157390763136e-07,1.1965134413636738e-07,1.1965111440628685e-07,1.1965088471735773e-07,1.1965065506965537e-07,1.196504254631374e-07,1.196501958977838e-07,1.1964996637359958e-07,1.196497368905876e-07,1.1964950744955337e-07,1.1964927804780603e-07,1.1964904868823751e-07,1.1964881936974647e-07,1.1964859009199967e-07,1.196483608560376e-07,1.1964813166095663e-07,1.1964790250699605e-07,1.1964767339431252e-07,1.196474443224884e-07,1.196472152917738e-07,1.196469863021322e-07,1.196467573535565e-07,1.1964652844603857e-07,1.1964629957956862e-07,1.196460707541384e-07,1.1964584196979975e-07,1.196456132264785e-07,1.1964538452421334e-07,1.1964515586289016e-07,1.1964492724257053e-07,1.1964469866325321e-07,1.1964447012486755e-07,1.1964424162752582e-07,1.1964401317116125e-07,1.1964378475526658e-07,1.1964355638090255e-07,1.1964332804742393e-07,1.1964309975499654e-07,1.196428715033662e-07,1.1964264329274934e-07,1.1964241512310581e-07,1.1964218699437292e-07,1.19641958906577e-07,1.196417308595918e-07,1.1964150285359576e-07,1.1964127488835012e-07,1.1964104696401313e-07,1.1964081908050128e-07,1.1964059123787576e-07,1.196403634363011e-07,1.1964013567562036e-07,1.1963990795560728e-07,1.1963968027633334e-07,1.1963945263840844e-07,1.1963922504085325e-07,1.1963899748417485e-07,1.1963876996829102e-07,1.1963854249289727e-07,1.1963831505856003e-07,1.1963808766500393e-07,1.196378603121574e-07,1.1963763300023745e-07,1.1963740572909175e-07,1.1963717849850418e-07,1.1963695130879214e-07,1.196367241598042e-07,1.196364970515083e-07,1.196362699841576e-07,1.196360429573359e-07,1.196358159709611e-07,1.196355890255553e-07,1.1963536212092027e-07,1.1963513525675227e-07,1.1963490843341602e-07,1.1963468165072902e-07,1.1963445490873544e-07,1.1963422820737487e-07,1.196340015467733e-07,1.1963377492673748e-07,1.196335483473394e-07,1.1963332180840213e-07,1.1963309531016665e-07,1.1963286885326785e-07,1.196326424363498e-07,1.196324160600327e-07,1.1963218972430676e-07,1.1963196342990246e-07,1.1963173717595124e-07,1.1963151096198733e-07,1.1963128478847824e-07,1.1963105865559322e-07,1.1963083256328214e-07,1.1963060651146483e-07,1.1963038050023206e-07,1.1963015452967304e-07,1.1962992859937785e-07,1.1962970270973587e-07,1.196294768606642e-07,1.1962925105258172e-07,1.1962902528436937e-07,1.196287995562202e-07,1.196285738691295e-07,1.1962834822250855e-07,1.1962812261624035e-07,1.1962789705008118e-07,1.196276715246154e-07,1.196274460401775e-07,1.19627220595706e-07,1.1962699519163061e-07,1.196267698279767e-07,1.196265445047322e-07,1.1962631922189082e-07,1.196260939794464e-07,1.196258687774903e-07,1.1962564361597852e-07,1.1962541849474723e-07,1.1962519341382086e-07,1.1962496837325103e-07,1.1962474337303522e-07,1.1962451841324224e-07,1.1962429349394466e-07,1.1962406861474853e-07,1.1962384377582998e-07,1.1962361897670845e-07,1.196233942178987e-07,1.1962316949950344e-07,1.1962294482145818e-07,1.196227201841514e-07,1.1962249558661736e-07,1.196222710296405e-07,1.1962204651316972e-07,1.1962182203688858e-07,1.1962159760077797e-07,1.1962137320497757e-07,1.196211488489809e-07,1.1962092453365053e-07,1.1962070025860602e-07,1.1962047602378608e-07,1.1962025182903005e-07,1.1962002767436044e-07,1.1961980355995406e-07,1.1961957948570713e-07,1.196193554515588e-07,1.196191314577972e-07,1.1961890750421165e-07,1.1961868359081215e-07,1.196184597175335e-07,1.1961823588445538e-07,1.1961801209148326e-07,1.1961778833857342e-07,1.196175646258634e-07,1.1961734095320466e-07,1.1961711732048419e-07,1.196168937280446e-07,1.1961667017572445e-07,1.1961644666346779e-07,1.1961622319131744e-07,1.1961599975921045e-07,1.19615776367197e-07,1.1961555301521514e-07,1.1961532970340242e-07,1.196151064315016e-07,1.1961488319895203e-07,1.19614660007142e-07,1.1961443685546807e-07,1.196142137429475e-07,1.196139906711436e-07,1.1961376763936294e-07,1.196135446475482e-07,1.1961332169571774e-07,1.196130987839445e-07,1.1961287591206128e-07,1.1961265308013714e-07,1.196124302882469e-07,1.196122075362272e-07,1.1961198482409952e-07,1.1961176215267783e-07,1.1961153952045293e-07,1.1961131692814168e-07,1.1961109437574765e-07,1.1961087186325843e-07,1.1961064939067716e-07,1.1961042695805497e-07,1.1961020456520303e-07,1.196099822126303e-07,1.196097598995542e-07,1.1960953762642103e-07,1.1960931539301093e-07,1.1960909319951344e-07,1.1960887104584262e-07,1.1960864893206274e-07,1.1960842685824613e-07,1.1960820482468096e-07,1.1960798283027886e-07,1.196077608756726e-07,1.1960753896088194e-07,1.1960731708591225e-07,1.1960709525071603e-07,1.196068734552514e-07,1.196066517002832e-07,1.196064299843468e-07,1.196062083082135e-07,1.196059866720074e-07,1.196057650753041e-07,1.1960554351835635e-07,1.1960532200043508e-07,1.1960510052304023e-07,1.1960487908524026e-07,1.1960465768732564e-07,1.19604436328925e-07,1.1960421500990817e-07,1.1960399373196412e-07,1.1960377249261854e-07,1.1960355129293684e-07,1.1960333013177786e-07,1.1960310901141812e-07,1.1960288793072134e-07,1.1960266688902164e-07,1.196024458874643e-07,1.196022249256781e-07,1.1960200400346527e-07,1.1960178312085638e-07,1.1960156227785488e-07,1.196013414744482e-07,1.196011207103952e-07,1.1960089998615794e-07,1.196006793014952e-07,1.1960045865640557e-07,1.1960023805116466e-07,1.196000174851821e-07,1.1959979695875692e-07,1.1959957647184562e-07,1.1959935602449787e-07,1.1959913561661783e-07,1.1959891524829312e-07,1.195986949193325e-07,1.1959847463005602e-07,1.1959825438026584e-07,1.1959803417000896e-07,1.1959781399979449e-07,1.1959759386822906e-07,1.1959737377632103e-07,1.1959715372387481e-07,1.1959693371091833e-07,1.1959671373747966e-07,1.195964938033498e-07,1.1959627390866774e-07,1.1959605405357345e-07,1.1959583423769305e-07,1.1959561446126962e-07,1.1959539472421588e-07,1.1959517502714098e-07,1.195949553689054e-07,1.1959473574991286e-07,1.1959451617041964e-07,1.1959429663029735e-07,1.195940771295473e-07,1.195938576681581e-07,1.1959363824610695e-07,1.1959341886339602e-07,1.195931995204944e-07,1.1959298021649745e-07,1.1959276095176021e-07,1.1959254172639548e-07,1.1959232254017804e-07,1.1959210339335184e-07,1.1959188428581518e-07,1.1959166521755317e-07,1.1959144618863194e-07,1.1959122719892762e-07,1.1959100824844612e-07,1.1959078933724466e-07,1.1959057046536403e-07,1.1959035163271763e-07,1.195901328391778e-07,1.1958991408497464e-07,1.1958969536994297e-07,1.1958947669429367e-07,1.1958925805768253e-07,1.195890394602648e-07,1.195888209020378e-07,1.195886023830635e-07,1.1958838390316911e-07,1.1958816546247063e-07,1.1958794706112679e-07,1.1958772869874643e-07,1.1958751037551252e-07,1.1958729209142791e-07,1.1958707384648918e-07,1.1958685564066867e-07,1.1958663747395793e-07,1.1958641934637216e-07,1.1958620125791456e-07,1.195859832085123e-07,1.195857651982085e-07,1.1958554722698855e-07,1.1958532929433738e-07,1.1958511140082036e-07,1.195848935468131e-07,1.1958467573181604e-07,1.195844579559872e-07,1.1958424021914933e-07,1.1958402252131566e-07,1.1958380486247605e-07,1.195835872427341e-07,1.1958336966182708e-07,1.195831521200706e-07,1.1958293461731435e-07,1.195827171530421e-07,1.1958249972826493e-07,1.1958228234242266e-07,1.1958206499574955e-07,1.195818476878882e-07,1.1958163042005348e-07,1.1958141319003913e-07,1.1958119599941471e-07,1.1958097884737024e-07,1.1958076173445533e-07,1.1958054466023296e-07,1.1958032762477162e-07,1.195801106284818e-07,1.195798936709865e-07,1.1957967675236678e-07,1.1957945987272649e-07,1.1957924303210384e-07,1.1957902623014222e-07,1.1957880946690768e-07,1.1957859274267027e-07,1.1957837605745523e-07,1.1957815941090472e-07,1.1957794280314506e-07,1.195777262343102e-07,1.1957750970442942e-07,1.1957729321340195e-07,1.195770767610406e-07,1.195768603474265e-07,1.1957664397259416e-07,1.1957642763659304e-07,1.1957621133934698e-07,1.1957599508101e-07,1.1957577886130164e-07,1.1957556268055848e-07,1.1957534653837104e-07,1.1957513043489586e-07,1.195749143701963e-07,1.195746983442294e-07,1.195744823570012e-07,1.1957426640847843e-07,1.1957405049870574e-07,1.195738346276061e-07,1.1957361879589254e-07,1.1957340300217647e-07,1.19573187247183e-07,1.1957297153079993e-07,1.1957275585338624e-07,1.1957254021436353e-07,1.195723246134748e-07,1.1957210905182093e-07,1.1957189352880996e-07,1.1957167804440883e-07,1.1957146259860315e-07,1.195712471914354e-07,1.195710318227123e-07,1.195708164929011e-07,1.195706012015398e-07,1.1957038594877357e-07,1.1957017073459254e-07,1.1956995555899106e-07,1.19569740421993e-07,1.195695253236881e-07,1.195693102637849e-07,1.1956909524243272e-07,1.1956888025965606e-07,1.1956866531554643e-07,1.195684504102435e-07,1.1956823554302203e-07,1.1956802071416452e-07,1.1956780592393357e-07,1.1956759117219441e-07,1.1956737645897252e-07,1.1956716178427374e-07,1.1956694714788859e-07,1.1956673255023555e-07,1.1956651799094138e-07,1.1956630347013768e-07,1.1956608898778124e-07,1.1956587454387876e-07,1.1956566013839908e-07,1.1956544577132292e-07,1.1956523144271777e-07,1.195650171525123e-07,1.1956480290029832e-07,1.1956458868752022e-07,1.195643745125526e-07,1.1956416037596793e-07,1.1956394627778068e-07,1.195637322179844e-07,1.1956351819654875e-07,1.1956330421347262e-07,1.1956309026859868e-07,1.1956287636226733e-07,1.195626624942725e-07,1.1956244866463116e-07,1.195622348732734e-07,1.1956202112069488e-07,1.1956180740639882e-07,1.195615937301506e-07,1.195613800920621e-07,1.1956116649225342e-07,1.195609529307602e-07,1.1956073940752515e-07,1.195605259225609e-07,1.195603124757162e-07,1.1956009906728944e-07,1.1955988569707672e-07,1.195596723651304e-07,1.1955945907142747e-07,1.1955924581600272e-07,1.1955903259877016e-07,1.1955881941994586e-07,1.1955860627916797e-07,1.1955839317655937e-07,1.1955818011220027e-07,1.1955796708598843e-07,1.1955775409792447e-07,1.1955754114821877e-07,1.1955732823651464e-07,1.1955711536302443e-07,1.195569025276672e-07,1.1955668973046088e-07,1.195564769711023e-07,1.1955626424989298e-07,1.1955605156709196e-07,1.1955583892241714e-07,1.1955562631570324e-07,1.1955541374733193e-07,1.1955520121701913e-07,1.195549887247686e-07,1.1955477627054955e-07,1.19554563854469e-07,1.195543514765459e-07,1.1955413913658416e-07,1.1955392683473782e-07,1.195537145712055e-07,1.195535023455841e-07,1.1955329015783226e-07,1.1955307800859908e-07,1.1955286589773724e-07,1.1955265382337603e-07,1.1955244178772793e-07,1.1955222979007712e-07,1.1955201783043972e-07,1.1955180591013753e-07,1.1955159402643573e-07,1.1955138218073755e-07,1.1955117037310128e-07,1.1955095860434339e-07,1.1955074687193052e-07,1.1955053517896895e-07,1.195503235225342e-07,1.1955011190461286e-07,1.1954990032458976e-07,1.1954968878249435e-07,1.1954947727820463e-07,1.1954926581220244e-07,1.1954905438388464e-07,1.1954884299341966e-07,1.1954863164092097e-07,1.195484203258432e-07,1.1954820904902483e-07,1.1954799781012576e-07,1.1954778660904297e-07,1.1954757544601407e-07,1.1954736432111054e-07,1.1954715323357008e-07,1.1954694218382034e-07,1.1954673117230647e-07,1.195465201982433e-07,1.1954630926195686e-07,1.1954609836398733e-07,1.1954588750398385e-07,1.1954567668114305e-07,1.1954546589608436e-07,1.1954525514877096e-07,1.1954504443902904e-07,1.1954483376725897e-07,1.1954462313344373e-07,1.1954441253724326e-07,1.195442019798095e-07,1.195439914590495e-07,1.195437809762134e-07,1.1954357053119636e-07,1.1954336012366473e-07,1.195431497538258e-07,1.1954293942099434e-07,1.1954272912664093e-07,1.1954251886996253e-07,1.195423086509811e-07,1.195420984695238e-07,1.195418883256076e-07,1.1954167821957177e-07,1.1954146815107082e-07,1.195412581205231e-07,1.1954104812739938e-07,1.1954083817219861e-07,1.1954062825472658e-07,1.1954041837451348e-07,1.19540208531899e-07,1.195399987269169e-07,1.195397889595362e-07,1.1953957922974872e-07,1.195393695375615e-07,1.1953915988292392e-07,1.195389502658647e-07,1.195387406864259e-07,1.1953853114455786e-07,1.1953832164034716e-07,1.1953811217355486e-07,1.1953790274426594e-07,1.195376933525435e-07,1.1953748399825448e-07,1.1953727468156563e-07,1.195370654025658e-07,1.195368561608542e-07,1.1953664695690416e-07,1.1953643778979334e-07,1.1953622866054093e-07,1.1953601956894074e-07,1.195358105148971e-07,1.1953560149816506e-07,1.1953539251856862e-07,1.1953518357680415e-07,1.1953497467241377e-07,1.1953476580537914e-07,1.1953455697588434e-07,1.1953434818379568e-07,1.1953413942914638e-07,1.1953393071193088e-07,1.1953372203206603e-07,1.1953351338977994e-07,1.1953330478461843e-07,1.1953309621697294e-07,1.195328876866525e-07,1.195326791935944e-07,1.195324707380621e-07,1.195322623199192e-07,1.1953205393910405e-07,1.1953184559553826e-07,1.1953163728951408e-07,1.1953142902072558e-07,1.1953122078931593e-07,1.1953101259516405e-07,1.195308044382079e-07,1.1953059631777505e-07,1.1953038823554487e-07,1.1953018019058798e-07,1.1952997218290503e-07,1.1952976421253283e-07,1.195295562799567e-07,1.1952934838411383e-07,1.1952914052566504e-07,1.195289327043366e-07,1.1952872492025107e-07,1.195285171732112e-07,1.1952830946249396e-07,1.1952810179010747e-07,1.1952789415505152e-07,1.1952768655705972e-07,1.1952747899646538e-07,1.1952727147310209e-07,1.1952706398715027e-07,1.1952685653830084e-07,1.195266491261422e-07,1.195264417513212e-07,1.1952623441381086e-07,1.1952602711330553e-07,1.1952581984994387e-07,1.1952561262379323e-07,1.1952540543467165e-07,1.19525198282822e-07,1.195249911681054e-07,1.195247840906569e-07,1.1952457704980557e-07,1.1952437004608118e-07,1.1952416307972453e-07,1.1952395615042133e-07,1.1952374925846156e-07,1.1952354240294632e-07,1.1952333558491056e-07,1.1952312880425116e-07,1.1952292206071361e-07,1.1952271535395596e-07,1.1952250868376972e-07,1.1952230205007702e-07,1.1952209545430057e-07,1.1952188889570605e-07,1.195216823738546e-07,1.195214758890896e-07,1.1952126944136645e-07,1.1952106303144045e-07,1.195208566579311e-07,1.1952065032120702e-07,1.1952044402145947e-07,1.195202377588102e-07,1.1952003153256022e-07,1.195198253448891e-07,1.195196191929671e-07,1.1951941307798605e-07,1.1951920699993995e-07,1.1951900095880262e-07,1.1951879495532097e-07,1.1951858898800645e-07,1.195183830573424e-07,1.19518177163963e-07,1.195179713067255e-07,1.1951776548703091e-07,1.1951755970421804e-07,1.1951735395850471e-07,1.1951714824950026e-07,1.195169425773249e-07,1.1951673694242658e-07,1.195165313439437e-07,1.195163257823474e-07,1.1951612025764782e-07,1.1951591476979352e-07,1.1951570931865795e-07,1.1951550390425595e-07,1.1951529852678844e-07,1.1951509318598304e-07,1.1951488788205102e-07,1.195146826151768e-07,1.1951447738489537e-07,1.195142721914239e-07,1.1951406703463512e-07,1.1951386191464057e-07,1.1951365683146103e-07,1.1951345178490924e-07,1.1951324677524533e-07,1.1951304180232476e-07,1.1951283686605903e-07,1.1951263196670666e-07,1.1951242710404744e-07,1.1951222227810567e-07,1.1951201748915192e-07,1.1951181273641944e-07,1.1951160802052684e-07,1.1951140334125893e-07,1.1951119869857904e-07,1.1951099409319064e-07,1.195107895252626e-07,1.1951058499258658e-07,1.195103804966785e-07,1.1951017603724128e-07,1.195099716145489e-07,1.1950976722843456e-07,1.1950956287885663e-07,1.1950935856601462e-07,1.1950915428972835e-07,1.1950895005005138e-07,1.1950874584712386e-07,1.1950854168065653e-07,1.1950833755094455e-07,1.195081334576132e-07,1.1950792940100953e-07,1.1950772538095486e-07,1.1950752139772802e-07,1.1950731745119486e-07,1.195071135408275e-07,1.1950690966692235e-07,1.1950670582879236e-07,1.1950650202788433e-07,1.1950629826342646e-07,1.1950609453590804e-07,1.195058908453865e-07,1.1950568719049322e-07,1.195054835722684e-07,1.195052799902373e-07,1.1950507644450068e-07,1.195048729355047e-07,1.1950466946360318e-07,1.195044660275682e-07,1.1950426262816107e-07,1.195040592650345e-07,1.195038559383418e-07,1.19503652648019e-07,1.1950344939466152e-07,1.195032461772454e-07,1.1950304299620416e-07,1.1950283985164105e-07,1.195026367433845e-07,1.1950243367154333e-07,1.1950223063644462e-07,1.1950202763755037e-07,1.1950182467504656e-07,1.1950162174879087e-07,1.1950141885837105e-07,1.1950121600471802e-07,1.1950101318743026e-07,1.1950081040675153e-07,1.1950060766206155e-07,1.195004049539558e-07,1.1950020228217777e-07,1.1949999964675897e-07,1.1949979704752218e-07,1.194995944846194e-07,1.1949939195797843e-07,1.1949918946775857e-07,1.1949898701244062e-07,1.1949878459473475e-07,1.1949858221323e-07,1.1949837986793322e-07,1.1949817755906402e-07,1.1949797528635983e-07,1.1949777305118226e-07,1.194975708507868e-07,1.1949736868663e-07,1.1949716655875973e-07,1.194969644671664e-07,1.194967624122274e-07,1.194965603926851e-07,1.1949635840981225e-07,1.194961564631122e-07,1.19495954552627e-07,1.1949575267819112e-07,1.194955508401132e-07,1.194953490380562e-07,1.194951472721893e-07,1.1949494554240558e-07,1.1949474384890994e-07,1.1949454219023188e-07,1.1949434056892428e-07,1.1949413898259993e-07,1.1949393743362166e-07,1.1949373592039097e-07,1.194935344434931e-07,1.1949333300275025e-07,1.1949313159803898e-07,1.1949293022954784e-07,1.1949272889704383e-07,1.1949252760064372e-07,1.194923263400146e-07,1.194921251157315e-07,1.1949192392635073e-07,1.194917227739651e-07,1.1949152165659173e-07,1.194913205764309e-07,1.19491119532443e-07,1.194909185242578e-07,1.1949071755219388e-07,1.194905166148602e-07,1.1949031571482984e-07,1.1949011485091716e-07,1.1948991402284032e-07,1.194897132300411e-07,1.194895124738908e-07,1.1948931175384835e-07,1.194891110696392e-07,1.194889104214205e-07,1.1948870980790542e-07,1.1948850923036963e-07,1.1948830868863342e-07,1.194881081841541e-07,1.1948790771551623e-07,1.1948770728292323e-07,1.1948750688619319e-07,1.1948730652524758e-07,1.1948710620045922e-07,1.1948690591185115e-07,1.1948670565872617e-07,1.1948650544155218e-07,1.194863052601817e-07,1.1948610511364088e-07,1.1948590500437865e-07,1.1948570493054987e-07,1.1948550489262036e-07,1.1948530488926877e-07,1.194851049229762e-07,1.194849049917388e-07,1.194847050970755e-07,1.19484505237438e-07,1.1948430541441538e-07,1.1948410562722662e-07,1.1948390587537016e-07,1.1948370615973983e-07,1.194835064798626e-07,1.194833068358077e-07,1.1948310722753457e-07,1.1948290765457467e-07,1.194827081166634e-07,1.194825086156671e-07,1.1948230915056693e-07,1.194821097207322e-07,1.194819103269211e-07,1.1948171096877778e-07,1.1948151164641696e-07,1.1948131235975546e-07,1.1948111310884317e-07,1.1948091389362054e-07,1.194807147140494e-07,1.1948051557017456e-07,1.194803164619878e-07,1.1948011738879226e-07,1.1947991835197986e-07,1.1947971935078323e-07,1.1947952038526093e-07,1.1947932145647398e-07,1.1947912256319305e-07,1.194789237046291e-07,1.194787248816387e-07,1.1947852609426961e-07,1.1947832734254968e-07,1.1947812862585115e-07,1.1947792994529355e-07,1.1947773130029643e-07,1.1947753269099196e-07,1.194773341172258e-07,1.1947713557906668e-07,1.1947693707646713e-07,1.1947673860949403e-07,1.1947654017785268e-07,1.194763417829496e-07,1.1947614342258685e-07,1.1947594509691152e-07,1.194757468075993e-07,1.194755485537971e-07,1.1947535033552008e-07,1.1947515215263584e-07,1.1947495400614678e-07,1.1947475589295843e-07,1.1947455781695352e-07,1.1947435977597517e-07,1.1947416177066994e-07,1.1947396379991425e-07,1.1947376586551946e-07,1.194735679665782e-07,1.194733701030723e-07,1.194731722750754e-07,1.1947297448251665e-07,1.194727767253413e-07,1.1947257900302127e-07,1.1947238131609785e-07,1.1947218366525923e-07,1.194719860497718e-07,1.1947178846969051e-07,1.1947159092388075e-07,1.194713934145315e-07,1.194711959407181e-07,1.1947099850254948e-07,1.1947080109943925e-07,1.1947060373166175e-07,1.1947040639799446e-07,1.194702091009437e-07,1.1947001183924086e-07,1.194698146126165e-07,1.194696174213893e-07,1.1946942026568743e-07,1.194692231453045e-07,1.1946902606023303e-07,1.194688290104643e-07,1.194686319952061e-07,1.1946843501603035e-07,1.194682380721425e-07,1.1946804116351215e-07,1.1946784428968216e-07,1.1946764745107084e-07,1.1946745064758182e-07,1.1946725387995123e-07,1.1946705714754445e-07,1.194668604496181e-07,1.1946666378747535e-07,1.1946646715979387e-07,1.1946627056842157e-07,1.1946607401224028e-07,1.194658774913006e-07,1.1946568100546567e-07,1.1946548455546518e-07,1.194652881401265e-07,1.1946509175987765e-07,1.1946489541489707e-07,1.1946469910508917e-07,1.1946450283044424e-07,1.1946430659095584e-07,1.1946411038653093e-07,1.194639142172705e-07,1.1946371808322964e-07,1.1946352198431986e-07,1.1946332592003697e-07,1.1946312989137698e-07,1.1946293389780597e-07,1.1946273793934034e-07,1.1946254201601265e-07,1.19462346127998e-07,1.1946215027477161e-07,1.1946195445671408e-07,1.194617586737935e-07,1.194615629258532e-07,1.1946136721305536e-07,1.1946117153532538e-07,1.1946097589255623e-07,1.19460780284913e-07,1.1946058471230692e-07,1.194603891746034e-07,1.194601936720263e-07,1.1945999820431346e-07,1.1945980277178205e-07,1.194596073742859e-07,1.1945941201164614e-07,1.1945921668418123e-07,1.1945902139154993e-07,1.19458826133907e-07,1.194586309113222e-07,1.194584357237207e-07,1.1945824057110435e-07,1.1945804545346268e-07,1.1945785037074608e-07,1.1945765532443522e-07,1.194574603119895e-07,1.1945726533407728e-07,1.1945707039103988e-07,1.1945687548292374e-07,1.1945668060985767e-07,1.1945648577168669e-07,1.1945629096806093e-07,1.1945609619964525e-07,1.1945590146612355e-07,1.194557067673844e-07,1.1945551210369558e-07,1.194553174747661e-07,1.1945512288070664e-07,1.1945492832191943e-07,1.1945473379753686e-07,1.194545393080444e-07,1.1945434485361403e-07,1.1945415043377298e-07,1.1945395604903744e-07,1.1945376169912293e-07,1.1945356738383292e-07,1.1945337310315936e-07,1.1945317885728484e-07,1.194529846463442e-07,1.19452790470101e-07,1.1945259632860108e-07,1.1945240222198868e-07,1.1945220815035713e-07,1.1945201411316e-07,1.194518201108458e-07,1.1945162614380652e-07,1.194514322110677e-07,1.1945123831317184e-07,1.19451044449982e-07,1.1945085062154326e-07,1.1945065682755608e-07,1.1945046306832434e-07,1.1945026934382322e-07,1.1945007565396252e-07,1.1944988199878726e-07,1.194496883784894e-07,1.1944949479264146e-07,1.1944930124158884e-07,1.1944910772506112e-07,1.1944891424321752e-07,1.194487207965699e-07,1.1944852738477245e-07,1.1944833400692263e-07,1.1944814066346897e-07,1.1944794735547838e-07,1.1944775408176846e-07,1.1944756084149437e-07,1.194473676368252e-07,1.1944717446666777e-07,1.1944698133118184e-07,1.1944678823036628e-07,1.1944659516411325e-07,1.1944640213248845e-07,1.1944620913536824e-07,1.194460161730056e-07,1.1944582324502526e-07,1.1944563035132e-07,1.1944543749246286e-07,1.1944524466863948e-07,1.194450518787988e-07,1.1944485912358273e-07,1.1944466640298818e-07,1.1944447371691219e-07,1.1944428106514529e-07,1.1944408844784802e-07,1.1944389586514154e-07,1.1944370331698813e-07,1.1944351080316635e-07,1.1944331832391425e-07,1.1944312587978525e-07,1.1944293346946398e-07,1.19442741093589e-07,1.1944254875206821e-07,1.1944235644491106e-07,1.1944216417222203e-07,1.1944197193420544e-07,1.1944177973096014e-07,1.1944158756175935e-07,1.194413954269967e-07,1.1944120332840175e-07,1.1944101126251116e-07,1.1944081923097058e-07,1.194406272339421e-07,1.1944043527143343e-07,1.194402433429526e-07,1.1944005144883986e-07,1.194398595896776e-07,1.1943966776432976e-07,1.1943947597359859e-07,1.194392842169447e-07,1.1943909249450837e-07,1.1943890080659125e-07,1.1943870915300066e-07,1.1943851753387802e-07,1.194383259489407e-07,1.1943813439838042e-07,1.1943794288136077e-07,1.1943775139934886e-07,1.1943755995155107e-07,1.194373685382714e-07,1.1943717715911243e-07,1.194369858142075e-07,1.1943679450353764e-07,1.1943660322738605e-07,1.1943641198505617e-07,1.1943622077720063e-07,1.1943602960363447e-07,1.1943583846433262e-07,1.1943564735906486e-07,1.1943545628836683e-07,1.1943526525109592e-07,1.1943507424866557e-07,1.1943488328040172e-07,1.1943469234531292e-07,1.1943450144544237e-07,1.194343105798478e-07,1.1943411974794679e-07,1.194339289503989e-07,1.1943373818737625e-07,1.1943354745857663e-07,1.1943335676380595e-07,1.1943316610434432e-07,1.194329754778969e-07,1.194327848855955e-07,1.1943259432743765e-07,1.194324038034152e-07,1.194322133135037e-07,1.194320228576028e-07,1.194318324358771e-07,1.1943164204824422e-07,1.1943145169485194e-07,1.194312613753939e-07,1.1943107108996864e-07,1.1943088083889835e-07,1.1943069062173763e-07,1.194305004386053e-07,1.1943031028952268e-07,1.1943012017447832e-07,1.1942993009356036e-07,1.1942974004663016e-07,1.1942955003397604e-07,1.1942936005504696e-07,1.1942917010936004e-07,1.1942898019864488e-07,1.194287903220716e-07,1.1942860047913007e-07,1.1942841067064107e-07,1.1942822089582713e-07,1.194280311550582e-07,1.194278414484254e-07,1.1942765177550494e-07,1.194274621364151e-07,1.194272725315066e-07,1.194270829605132e-07,1.1942689342320213e-07,1.1942670391928796e-07,1.1942651445016885e-07,1.1942632501487852e-07,1.1942613561370426e-07,1.1942594624624327e-07,1.1942575691259792e-07,1.1942556761313506e-07,1.1942537834766117e-07,1.1942518911588279e-07,1.1942499991801759e-07,1.1942481075402963e-07,1.194246216243803e-07,1.1942443252782607e-07,1.1942424346571923e-07,1.194240544372351e-07,1.1942386544257536e-07,1.194236764812847e-07,1.194234875546517e-07,1.1942329866167238e-07,1.19423109802362e-07,1.1942292097685496e-07,1.1942273218490354e-07,1.194225434270251e-07,1.1942235470471498e-07,1.1942216601479138e-07,1.194219773585116e-07,1.1942178873562934e-07,1.1942160014820128e-07,1.194214115932813e-07,1.1942122307200784e-07,1.1942103458390617e-07,1.1942084613021026e-07,1.1942065771009672e-07,1.1942046932371932e-07,1.1942028097140198e-07,1.194200926524885e-07,1.194199043673265e-07,1.194197161157092e-07,1.194195278980811e-07,1.1941933971413113e-07,1.1941915156381952e-07,1.1941896344725223e-07,1.194187753643016e-07,1.1941858731498487e-07,1.1941839929975637e-07,1.194182113179044e-07,1.1941802336922258e-07,1.1941783545461847e-07,1.194176475736656e-07,1.1941745972635705e-07,1.194172719121455e-07,1.194170841321101e-07,1.1941689638573834e-07,1.1941670867307987e-07,1.194165209939136e-07,1.1941633334788702e-07,1.1941614573578685e-07,1.194159581571515e-07,1.1941577061237515e-07,1.194155831011979e-07,1.1941539562380283e-07,1.1941520817976962e-07,1.1941502076929418e-07,1.1941483339195303e-07,1.1941464604855675e-07,1.1941445873871692e-07,1.1941427146331632e-07,1.1941408422058443e-07,1.1941389701146082e-07,1.194137098356333e-07,1.194135226935951e-07,1.1941333558525525e-07,1.194131485094645e-07,1.1941296146704664e-07,1.1941277445894457e-07,1.1941258748457423e-07,1.194124005433851e-07,1.1941221363566365e-07,1.194120267614372e-07,1.1941183992064038e-07,1.1941165311399385e-07,1.1941146634020626e-07,1.1941127959977698e-07,1.1941109289312787e-07,1.194109062196153e-07,1.1941071957949685e-07,1.1941053297248894e-07,1.1941034639920625e-07,1.1941015985932178e-07,1.194099733528298e-07,1.1940978687966812e-07,1.1940960044033501e-07,1.1940941403454942e-07,1.1940922766161768e-07,1.1940904132206103e-07,1.1940885501588251e-07,1.1940866874311142e-07,1.1940848250311402e-07,1.1940829629697591e-07,1.194081101242046e-07,1.1940792398482762e-07,1.1940773787864584e-07,1.1940755180588193e-07,1.194073657665664e-07,1.1940717976038668e-07,1.194069937874396e-07,1.194068078480274e-07,1.1940662194180006e-07,1.194064360691188e-07,1.1940625022965357e-07,1.1940606442304184e-07,1.1940587864987842e-07,1.194056929102387e-07,1.1940550720363346e-07,1.1940532153028143e-07,1.1940513589069267e-07,1.1940495028382738e-07,1.1940476471019323e-07,1.1940457917161953e-07,1.1940439366443583e-07,1.1940420819047197e-07,1.1940402275021857e-07,1.1940383734246658e-07,1.1940365196812436e-07,1.1940346662687688e-07,1.1940328131887573e-07,1.1940309604409347e-07,1.1940291080266093e-07,1.1940272559421046e-07,1.1940254041893344e-07,1.1940235527676234e-07,1.1940217016783419e-07,1.1940198509200194e-07,1.194018000494892e-07,1.1940161503993515e-07,1.1940143006343948e-07,1.1940124512012601e-07,1.1940106020993302e-07,1.1940087533288574e-07,1.1940069048876656e-07,1.1940050567797883e-07,1.194003209002137e-07,1.1940013615550761e-07,1.1939995144367112e-07,1.1939976676560187e-07,1.1939958211996175e-07,1.1939939750760155e-07,1.19399212928379e-07,1.1939902838203967e-07,1.1939884386895634e-07,1.1939865938885528e-07,1.1939847494067696e-07,1.1939829052640976e-07,1.1939810614551098e-07,1.1939792179737826e-07,1.1939773748203189e-07,1.1939755319985138e-07,1.1939736895062447e-07,1.19397184734446e-07,1.1939700055129642e-07,1.1939681640139887e-07,1.1939663228427184e-07,1.193964481999527e-07,1.1939626414870015e-07,1.1939608013104062e-07,1.1939589614562655e-07,1.1939571219321968e-07,1.1939552827368805e-07,1.1939534438707243e-07,1.1939516053339366e-07,1.193949767126035e-07,1.1939479292466336e-07,1.1939460916964831e-07,1.1939442544720578e-07,1.1939424175814038e-07,1.1939405810193739e-07,1.1939387447839098e-07,1.193936908878921e-07,1.1939350733025929e-07,1.1939332380519447e-07,1.1939314031328463e-07,1.193929568542243e-07,1.1939277342802696e-07,1.1939259003462306e-07,1.1939240667409842e-07,1.1939222334639365e-07,1.1939204005137972e-07,1.1939185678930002e-07,1.193916735599733e-07,1.19391490363532e-07,1.1939130719988206e-07,1.1939112406901022e-07,1.1939094097135087e-07,1.1939075790595812e-07,1.19390574875157e-07,1.193903918754159e-07,1.193902089084374e-07,1.1939002597428874e-07,1.1938984307282003e-07,1.1938966020410773e-07,1.1938947736809023e-07,1.1938929456513677e-07,1.1938911179436393e-07,1.1938892905647192e-07,1.193887463505345e-07,1.1938856367801537e-07,1.1938838103861045e-07,1.1938819843169986e-07,1.1938801585742446e-07,1.1938783331583787e-07,1.1938765080675442e-07,1.1938746833042712e-07,1.193872858868681e-07,1.1938710347596013e-07,1.1938692109769626e-07,1.193867387520723e-07,1.1938655643902685e-07,1.1938637415871956e-07,1.1938619191102913e-07,1.1938600969587763e-07,1.1938582751366742e-07,1.1938564536386216e-07,1.1938546324691348e-07,1.1938528116235445e-07,1.193850991103608e-07,1.1938491709096e-07,1.1938473510361317e-07,1.1938455314939496e-07,1.1938437122770824e-07,1.193841893385434e-07,1.1938400748181913e-07,1.1938382565786612e-07,1.1938364386652038e-07,1.1938346210846398e-07,1.1938328038222453e-07,1.1938309868842318e-07,1.1938291702715299e-07,1.1938273539738304e-07,1.1938255380099935e-07,1.193823722375227e-07,1.1938219070621592e-07,1.1938200920749576e-07,1.193818277412621e-07,1.1938164630761295e-07,1.1938146490635058e-07,1.1938128353761456e-07,1.1938110220158813e-07,1.193809208977282e-07,1.1938073962633847e-07,1.1938055838721665e-07,1.1938037718072472e-07,1.193801960066638e-07,1.1938001486508462e-07,1.1937983375597352e-07,1.1937965267919735e-07,1.1937947163485648e-07,1.1937929062289788e-07,1.1937910964402144e-07,1.1937892869687595e-07,1.1937874778227234e-07,1.193785668999994e-07,1.1937838605001957e-07,1.193782052323318e-07,1.1937802444709626e-07,1.1937784369295857e-07,1.193776629724411e-07,1.193774822838103e-07,1.1937730162794873e-07,1.193771210043158e-07,1.193769404137394e-07,1.193767598549096e-07,1.1937657932753454e-07,1.1937639883364865e-07,1.193762183716155e-07,1.1937603794275638e-07,1.1937585754551723e-07,1.1937567718055155e-07,1.1937549684797699e-07,1.1937531654758182e-07,1.1937513627850934e-07,1.1937495604274549e-07,1.193747758395011e-07,1.193745956681542e-07,1.1937441552917909e-07,1.193742354223694e-07,1.1937405534780238e-07,1.1937387530551273e-07,1.193736952954285e-07,1.193735153175259e-07,1.19373335371718e-07,1.193731554584282e-07,1.1937297557722017e-07,1.1937279572811653e-07,1.1937261591136613e-07,1.19372436126822e-07,1.1937225637435343e-07,1.193720766537959e-07,1.1937189696568721e-07,1.1937171730972162e-07,1.1937153768598896e-07,1.1937135809432066e-07,1.1937117853480625e-07,1.1937099900766667e-07,1.1937081951189533e-07,1.1937064004888707e-07,1.1937046061799393e-07,1.193702812191873e-07,1.1937010185244296e-07,1.1936992251763853e-07,1.1936974321496151e-07,1.1936956394525803e-07,1.1936938470686157e-07,1.1936920550060964e-07,1.1936902632666564e-07,1.1936884718452794e-07,1.1936866807448228e-07,1.193684889965039e-07,1.193683099504829e-07,1.1936813093659864e-07,1.193679519547756e-07,1.1936777300613126e-07,1.193675940883871e-07,1.193674152026543e-07,1.1936723634885449e-07,1.1936705752707266e-07,1.1936687873729265e-07,1.1936669997944803e-07,1.1936652125395868e-07,1.1936634256001473e-07,1.1936616389829326e-07,1.193659852685647e-07,1.193658066708142e-07,1.193656281052376e-07,1.1936544957126583e-07,1.1936527106928744e-07,1.1936509259935824e-07,1.1936491416114465e-07,1.193647357550142e-07,1.1936455738096436e-07,1.1936437903877948e-07,1.1936420072752326e-07,1.1936402244900116e-07,1.1936384420276042e-07,1.1936366598823772e-07,1.1936348780571285e-07,1.1936330965499135e-07,1.1936313153646597e-07,1.1936295344963762e-07,1.1936277539455672e-07,1.1936259737164643e-07,1.1936241938019483e-07,1.1936224142071614e-07,1.1936206349309176e-07,1.1936188559746031e-07,1.1936170773352688e-07,1.1936152990125782e-07,1.1936135210095895e-07,1.1936117433248743e-07,1.193609965956776e-07,1.1936081889101014e-07
14,7.462019697797081e-65,2.320343225087623e-64,5.578397940888858e-64,1.1213439191988912e-63,2.0092180975611885e-63,3.316915523027354e-63,5.152195665838931e-63,7.631646786378694e-63,1.0880303765248556e-62,1.5033414237626442e-62,2.0235135155801064e-62,2.6638615334082004e-62,3.440622198406985e-62,4.3710283983091424e-62,5.4732116081057795e-62,6.766227643865656e-62,8.270246169637094e-62,1.000618438628141e-61,1.1996222415060287e-61,1.4263182901746745e-61,1.6831279785394012e-61,1.972539716727758e-61,2.2971351857456605e-61,2.6596253033107082e-61,3.062806801508584e-61,3.5095759035326906e-61,4.002928317279871e-61,4.545959202550332e-61,5.141863118479231e-61,5.7939339565735635e-61,6.505564863589935e-61,7.280248157694577e-61,8.121575240432765e-61,9.033236506500053e-61,1.0019021252724083e-60,1.1082817587358297e-60,1.2228612340276854e-60,1.3460490974628313e-60,1.4782637500193186e-60,1.6199334388525633e-60,1.771496249000869e-60,1.9334000952654767e-60,2.106102714265996e-60,2.290071656662425e-60,2.4857842795143425e-60,2.693727738781145e-60,2.914398981939983e-60,3.148304740714274e-60,3.395961523883925e-60,3.657895610197015e-60,3.934643041345379e-60,4.226749614990825e-60,4.5347708778640317e-60,4.859272118905523e-60,5.200828362446856e-60,5.560024361412237e-60,5.937454590586577e-60,6.333723239863736e-60,6.749444207556631e-60,7.185241093709818e-60,7.641747193425897e-60,8.119605490221129e-60,8.619468649379569e-60,9.141999011321222e-60,9.687868585001114e-60,1.0257759041284222e-59,1.0852361706351972e-59,1.1472377555123556e-59,1.2118517204654536e-59,1.2791500907567805e-59,1.349205854548565e-59,1.422092962245583e-59,1.4978863258419024e-59,1.5766618182615378e-59,1.6584962727067741e-59,1.7434674820024295e-59,1.8316541979439953e-59,1.9231361306413205e-59,2.0179939478689576e-59,2.1163092744112777e-59,2.2181646914123237e-59,2.3236437357252804e-59,2.432830899257227e-59,2.545811628325552e-59,2.662672323000488e-59,2.783500336462662e-59,2.9083839743488555e-59,3.0374124941045605e-59,3.1706761043383985e-59,3.308265964170053e-59,3.450274182588648e-59,3.5967938177997625e-59,3.7479188765832986e-59,3.903744313645813e-59,4.064366030977196e-59,4.229880877203198e-59,4.400386646939172e-59,4.575982080151955e-59,4.7567668615075355e-59,4.942841619739182e-59,5.134307926991425e-59,5.33126829819192e-59,5.533826190396152e-59,5.742086002156028e-59,5.9561530728690115e-59,6.176133682150407e-59,6.402135049182687e-59,6.634265332076338e-59,6.872633627237371e-59,7.11734996871938e-59,7.368525327595909e-59,7.626271611312855e-59,7.890701663057459e-59,8.16192926111387e-59,8.440069118237156e-59,8.725236881007843e-59,9.017549129197114e-59,9.317123375136586e-59,9.62407806307969e-59,9.938532568567681e-59,1.0260607197795872e-58,1.0590423186982303e-58,1.09281027017279e-58,1.1273768836393796e-58,1.1627545613457371e-58,1.198955798288855e-58,1.2359931821518858e-58,1.2738793932401526e-58,1.3126272044197433e-58,1.3522494810521658e-58,1.3927591809338315e-58,1.4341693542313089e-58,1.4764931434192533e-58,1.5197437832175117e-58,1.5639346005283822e-58,1.6090790143735687e-58,1.6551905358310737e-58,1.7022827679740716e-58,1.7503694058065114e-58,1.799464236201857e-58,1.84958113783921e-58,1.9007340811425397e-58,1.952937128216534e-58,2.0062044327856816e-58,2.0605502401309134e-58,2.115988887026996e-58,2.1725348016813157e-58,2.230202503671327e-58,2.2890066038814502e-58,2.3489618044419233e-58,2.4100828986669863e-58,2.4723847709908786e-58,2.53588239690876e-58,2.600590842912229e-58,2.666525266427998e-58,2.7337009157566605e-58,2.8021331300102998e-58,2.8718373390514305e-58,2.9428290634296535e-58,3.015123914321401e-58,3.08873759346769e-58,3.1636858931128445e-58,3.2399846959420064e-58,3.3176499750208365e-58,3.396697793732561e-58,3.477144305717531e-58,3.5590057548113065e-58,3.64229847498442e-58,3.7270388902794815e-58,3.813243514750697e-58,3.900928952401187e-58,3.990111897124247e-58,4.08080913264103e-58,4.1730375324389666e-58,4.266814059710335e-58,4.3621557672917454e-58,4.459079797604592e-58,4.557603382592507e-58,4.657743843659464e-58,4.759518591610699e-58,4.8629451265914014e-58,4.968041038025599e-58,5.0748240045564346e-58,5.183311793982894e-58,5.2935222632010945e-58,5.405473358144662e-58,5.5191831137230594e-58,5.63466965376003e-58,5.7519511909319186e-58,5.871046026712927e-58,5.991972551308144e-58,6.114749243596703e-58,6.2393946710720094e-58,6.3659274897759936e-58,6.494366444249752e-58,6.624730367460816e-58,6.757038180750644e-58,6.891308893771445e-58,7.027561604430479e-58,7.165815498823322e-58,7.306089851178388e-58,7.448404023796064e-58,7.592777466988096e-58,7.739229719018499e-58,7.887780406044343e-58,8.038449242053618e-58,8.191256028803839e-58,8.346220655770671e-58,8.503363100082817e-58,8.66270342645831e-58,8.824261787150623e-58,8.988058421888003e-58,9.154113657813213e-58,9.32244790942444e-58,9.493081678515735e-58,9.666035554117245e-58,9.841330212436777e-58,1.0018986416799478e-57,1.0199025017590554e-57,1.0381466952191958e-57,1.0566333244926624e-57,1.0753645006998641e-57,1.0943423436435013e-57,1.1135689818023595e-57,1.1330465523255095e-57,1.1527772010269286e-57,1.1727630823787599e-57,1.1930063595060103e-57,1.2135092041804157e-57,1.2342737968146921e-57,1.2553023264565503e-57,1.2765969907830435e-57,1.2981599960941832e-57,1.3199935573074836e-57,1.34209989795239e-57,1.3644812501636266e-57,1.3871398546760854e-57,1.4100779608182012e-57,1.4332978265071583e-57,1.4568017182419977e-57,1.480591911098415e-57,1.5046706887227362e-57,1.5290403433260424e-57,1.5537031756786e-57,1.5786614951035222e-57,1.6039176194713866e-57,1.6294738751943403e-57,1.655332597220225e-57,1.681496129026803e-57,1.7079668226161064e-57,1.7347470385079611e-57,1.7618391457351832e-57,1.7892455218374253e-57,1.816968552854828e-57,1.8450106333228877e-57,1.8733741662664632e-57,1.9020615631940256e-57,1.931075244091918e-57,1.960417637418715e-57,1.990091180098867e-57,2.020098317517444e-57,2.050441503514797e-57,2.081123200379795e-57,2.1121458788449617e-57,2.1435120180797973e-57,2.1752241056861853e-57,2.2072846376920788e-57,2.2396961185453857e-57,2.2724610611088572e-57,2.3055819866540824e-57,2.3390614248558772e-57,2.372901913786617e-57,2.407105999910156e-57,2.4416762380765136e-57,2.4766151915160618e-57,2.5119254318337736e-57,2.547609539003649e-57,2.583670101363008e-57,2.620109715606443e-57,2.6569309867803576e-57,2.694136528277967e-57,2.7317289618324034e-57,2.769710917511905e-57,2.808085033713758e-57,2.8468539571588764e-57,2.886020342886194e-57,2.925586854246247e-57,2.965556162896943e-57,3.005930948796377e-57,3.046713900198208e-57,3.087907713645869e-57,3.129515093966132e-57,3.1715387542649673e-57,3.2139814159204145e-57,3.256845808577749e-57,3.3001346701438234e-57,3.343850746781241e-57,3.387996792902848e-57,3.432575571166344e-57,3.4775898524680105e-57,3.52304241593758e-57,3.5689360489331006e-57,3.615273547034357e-57,3.662057714038097e-57,3.7092913619514834e-57,3.756977310988005e-57,3.805118389560321e-57,3.8537174342756865e-57,3.902777289930024e-57,3.952300809502487e-57,4.00229085414966e-57,4.0527502932003914e-57,4.103682004150085e-57,4.1550888726544387e-57,4.2069737925251925e-57,4.259339665723893e-57,4.3121894023559814e-57,4.365525920666078e-57,4.419352147031369e-57,4.473671015957563e-57,4.5284854700719235e-57,4.583798460118526e-57,4.6396129449525644e-57,4.69593189153491e-57,4.7527582749262516e-57,4.810095078282593e-57,4.867945292848299e-57,4.9263119179518386e-57,4.9851979609992113e-57,5.0446064374690295e-57,5.104540370907838e-57,5.165002792922997e-57,5.225996743178563e-57,5.287525269388419e-57,5.349591427312429e-57,5.41219828075055e-57,5.475348901535542e-57,5.539046369530394e-57,5.603293772620603e-57,5.66809420670952e-57,5.733450775713716e-57,5.799366591556066e-57,5.865844774160873e-57,5.932888451449444e-57,6.000500759332583e-57,6.068684841708076e-57,6.137443850450922e-57,6.206780945412511e-57,6.276699294413038e-57,6.347202073235466e-57,6.418292465621521e-57,6.489973663265474e-57,6.562248865807679e-57,6.635121280833288e-57,6.70859412386111e-57,6.782670618342849e-57,6.857353995654726e-57,6.932647495094459e-57,7.00855436387359e-57,7.085077857113782e-57,7.162221237841609e-57,7.23998777698182e-57,7.318380753351989e-57,7.397403453659097e-57,7.477059172492184e-57,7.557351212317039e-57,7.638282883472759e-57,7.719857504163813e-57,7.802078400458021e-57,7.884948906275787e-57,7.968472363390964e-57,8.052652121423274e-57,8.137491537829694e-57,8.222993977904093e-57,8.3091628147687e-57,8.396001429369234e-57,8.483513210471461e-57,8.571701554653157e-57,8.660569866300746e-57,8.750121557604195e-57,8.840360048549627e-57,8.931288766917141e-57,9.022911148271154e-57,9.115230635958906e-57,9.20825068110478e-57,9.301974742603262e-57,9.396406287113936e-57,9.491548789058243e-57,9.587405730611338e-57,9.683980601700411e-57,9.781276899994485e-57,9.879298130903325e-57,9.978047807571514e-57,1.007752945087106e-56,1.0177746589398987e-56,1.0278702759469938e-56,1.038040150511099e-56,1.0482846378057765e-56,1.0586040937749224e-56,1.0689988751321132e-56,1.0794693393601186e-56,1.090015844710259e-56,1.1006387502024216e-56,1.1113384156237353e-56,1.1221152015287e-56,1.1329694692383535e-56,1.1439015808396386e-56,1.1549118991854814e-56,1.1660007878933615e-56,1.1771686113456849e-56,1.1884157346887132e-56,1.1997425238320955e-56,1.2111493454487015e-56,1.2226365669734442e-56,1.2342045566035815e-56,1.2458536832976035e-56,1.2575843167749114e-56,1.269396827515201e-56,1.281291586758184e-56,1.2932689665027694e-56,1.3053293395068478e-56,1.3174730792864755e-56,1.329700560115669e-56,1.3420121570255407e-56,1.3544082458040838e-56,1.3668892029957101e-56,1.3794554059002372e-56,1.3921072325729537e-56,1.404845061823796e-56,1.4176692732168015e-56,1.4305802470697891e-56,1.4435783644538547e-56,1.4566640071925736e-56,1.4698375578618636e-56,1.4830993997891867e-56,1.496449917053064e-56,1.5098894944828013e-56,1.5234185176576562e-56,1.537037372906759e-56,1.550746447307966e-56,1.564546128687905e-56,1.5784368056213691e-56,1.5924188674305477e-56,1.606492704184877e-56,1.6206587067001411e-56,1.6349172665383781e-56,1.649268776007073e-56,1.6637136281586383e-56,1.6782522167902145e-56,1.6928849364428762e-56,1.7076121824010929e-56,1.7224343506925596e-56,1.7373518380872955e-56,1.7523650420974798e-56,1.7674743609767305e-56,1.782680193719553e-56,1.7979829400611356e-56,1.8133830004764595e-56,1.8288807761800784e-56,1.8444766691256566e-56,1.8601710820051252e-56,1.875964418248614e-56,1.8918570820236012e-56,1.9078494782344597e-56,1.9239420125222381e-56,1.9401350912637781e-56,1.9564291215716956e-56,1.9728245112930614e-56,1.98932166900995e-56,2.0059210040382054e-56,2.0226229264271554e-56,2.039427846959128e-56,2.0563361771487247e-56,2.0733483292429125e-56,2.09046471621999e-56,2.1076857517891244e-56,2.1250118503900827e-56,2.142443427192877e-56,2.1599808980964595e-56,2.17762467972945e-56,2.19537518944845e-56,2.2132328453382928e-56,2.231198066211438e-56,2.249271271607184e-56,2.267452881791671e-56,2.28574331775666e-56,2.304143001219692e-56,2.3226523546234803e-56,2.341271801135059e-56,2.3600017646459146e-56,2.378842669770632e-56,2.3977949418472287e-56,2.4168590069361315e-56,2.4360352918199604e-56,2.4553242240030756e-56,2.4747262317108817e-56,2.494241743889274e-56,2.513871190204535e-56,2.533615001042515e-56,2.553473607507996e-56,2.5734474414250256e-56,2.5935369353352762e-56,2.6137425224984737e-56,2.634064636891333e-56,2.6545037132074163e-56,2.675060186856806e-56,2.695734493964818e-56,2.7165270713723267e-56,2.7374383566351095e-56,2.758468788023124e-56,2.779618804520156e-56,2.8008888458230913e-56,2.8222793523421287e-56,2.8437907651996285e-56,2.8654235262296758e-56,2.887178077978033e-56,2.9090548637011257e-56,2.931054327366075e-56,2.9531769136498015e-56,2.975423067938596e-56,2.997793236327986e-56,3.0202878656218852e-56,3.042907403332109e-56,3.065652297678272e-56,3.0885229975869335e-56,3.1115199526909763e-56,3.134643613329899e-56,3.1578944305485825e-56,3.1812728560970644e-56,3.2047793424299014e-56,3.2284143427061244e-56,3.252178310788342e-56,3.27607170124226e-56,3.300094969336622e-56,3.324248571042174e-56,3.3485329630317314e-56,3.3729486026793183e-56,3.397495948059682e-56,3.422175457948064e-56,3.4469875918197513e-56,3.471932809849332e-56,3.497011572910209e-56,3.522224342574369e-56,3.547571581111841e-56,3.573053751490443e-56,3.5986713173744972e-56,3.6244247431253397e-56,3.6503144938001165e-56,3.6763410351519005e-56,3.7025048336288078e-56,3.728806356373623e-56,3.7552460712232353e-56,3.781824446708402e-56,3.808541952053312e-56,3.835399057174703e-56,3.8623962326819155e-56,3.889533949876018e-56,3.9168126807493382e-56,3.944232897985299e-56,3.9717950749580387e-56,3.999499685731151e-56,4.0273472050581605e-56,4.0553381083815044e-56,4.083472871832095e-56,4.111751972229089e-56,4.140175887079458e-56,4.168745094577052e-56,4.197460073602763e-56,4.226321303723563e-56,4.255329265192232e-56,4.28448443894673e-56,4.313787306610036e-56,4.343238350489641e-56,4.372838053576722e-56,4.402586899546021e-56,4.432485372755473e-56,4.462533958245387e-56,4.492733141738292e-56,4.5230834096378825e-56,4.553585249029335e-56,4.584239147678645e-56,4.615045594031719e-56,4.646005077214552e-56,4.677118087032131e-56,4.708385113968468e-56,4.739806649186228e-56,4.771383184525422e-56,4.803115212503806e-56,4.835003226316291e-56,4.867047719834049e-56,4.899249187604785e-56,4.931608124851215e-56,4.964125027471524e-56,4.9968003920387835e-56,5.029634715799996e-56,5.0626284966762555e-56,5.095782233261879e-56,5.12909642482387e-56,5.162571571302004e-56,5.196208173307657e-56,5.230006732124105e-56,5.263967749705469e-56,5.298091728676346e-56,5.332379172331788e-56,5.3668305846362e-56,5.40144647022357e-56,5.436227334396347e-56,5.471173683125634e-56,5.506286023050079e-56,5.541564861476101e-56,5.577010706376889e-56,5.612624066392179e-56,5.648405450827611e-56,5.684355369654765e-56,5.720474333510049e-56,5.756762853694924e-56,5.793221442174782e-56,5.829850611578966e-56,5.866650875200552e-56,5.903622746994841e-56,5.9407667415798855e-56,5.9780833742361955e-56,6.015573160904902e-56,6.053236618189153e-56,6.091074263352393e-56,6.129086614318124e-56,6.16727418966995e-56,6.205637508650456e-56,6.244177091161304e-56,6.282893457762907e-56,6.321787129672959e-56,6.360858628767219e-56,6.400108477578187e-56,6.439537199295182e-56,6.479145317764092e-56,6.518933357485825e-56,6.5589018436171225e-56,6.599051301969281e-56,6.6393822590081565e-56,6.679895241853784e-56,6.720590778279517e-56,6.761469396711663e-56,6.802531626229528e-56,6.8437779965642165e-56,6.885209038099031e-56,6.926825281868353e-56,6.968627259557457e-56,7.010615503501728e-56,7.052790546687204e-56,7.095152922749171e-56,7.137703165971846e-56,7.18044181128845e-56,7.223369394280298e-56,7.266486451176505e-56,7.309793518853099e-56,7.353291134833851e-56,7.396979837288786e-56,7.440860165033202e-56,7.484932657528979e-56,7.529197854882786e-56,7.573656297845597e-56,7.618308527813451e-56,7.663155086826079e-56,7.708196517566223e-56,7.753433363359619e-56,7.798866168174707e-56,7.84449547662227e-56,7.890321833954143e-56,7.936345786064226e-56,7.982567879486972e-56,8.02898866139646e-56,8.075608679607658e-56,8.12242848257469e-56,8.169448619390518e-56,8.21666963978711e-56,8.264092094134454e-56,8.311716533440342e-56,8.359543509349452e-56,8.407573574144397e-56,8.455807280743447e-56,8.504245182700723e-56,8.552887834206961e-56,8.601735790087039e-56,8.650789605801033e-56,8.700049837443543e-56,8.749517041742804e-56,8.799191776060123e-56,8.849074598390635e-56,8.899166067361941e-56,8.94946674223332e-56,8.999977182895625e-56,9.050697949871867e-56,9.101629604315524e-56,9.15277270801024e-56,9.20412782337023e-56,9.255695513439055e-56,9.307476341889014e-56,9.35947087302202e-56,9.411679671767872e-56,9.464103303684088e-56,9.51674233495583e-56,9.569597332395777e-56,9.622668863442776e-56,9.675957496161027e-56,9.729463799242228e-56,9.783188342002554e-56,9.837131694382212e-56,9.89129442694728e-56,9.945677110887881e-56,1.0000280318016903e-55,1.0055104620770941e-55,1.0110150592209821e-55,1.0165418806015307e-55,1.0220909836490261e-55,1.0276624258560421e-55,1.0332562647772674e-55,1.0388725580293655e-55,1.0445113632911245e-55,1.050172738303226e-55,1.0558567408682932e-55,1.0615634288509933e-55,1.067292860177758e-55,1.0730450928367494e-55,1.0788201848780864e-55,1.0846181944134879e-55,1.0904391796164559e-55,1.0962831987220491e-55,1.1021503100269876e-55,1.1080405718896023e-55,1.1139540427296047e-55,1.1198907810283861e-55,1.1258508453286834e-55,1.131834294234539e-55,1.1378411864115408e-55,1.14387158058646e-55,1.1499255355473869e-55,1.156003110143692e-55,1.162104363285891e-55,1.1682293539456117e-55,1.1743781411555813e-55,1.180550784009748e-55,1.1867473416629372e-55,1.192967873331012e-55,1.199212438290827e-55,1.2054810958800434e-55,1.2117739054972358e-55,1.2180909266018435e-55,1.2244322187139927e-55,1.2307978414145971e-55,1.2371878543452646e-55,1.2436023172083106e-55,1.2500412897666136e-55,1.2565048318435338e-55,1.2629930033231537e-55,1.2695058641499085e-55,1.2760434743287295e-55,1.2826058939250063e-55,1.2891931830643993e-55,1.2958054019329502e-55,1.302442610776984e-55,1.3091048699031238e-55,1.3157922396781494e-55,1.3225047805289079e-55,1.3292425529425162e-55,1.3360056174661749e-55,1.3427940347070302e-55,1.3496078653323331e-55,1.356447170069189e-55,1.363312009704678e-55,1.3702024450858115e-55,1.3771185371193429e-55,1.3840603467718655e-55,1.3910279350697408e-55,1.3980213630990418e-55,1.4050406920055807e-55,1.4120859829946943e-55,1.4191572973314214e-55,1.4262546963402619e-55,1.4333782414052175e-55,1.44052799396999e-55,1.4477040155374489e-55,1.4549063676699078e-55,1.462135111989198e-55,1.469390310176306e-55,1.4766720239715454e-55,1.4839803151745172e-55,1.491315245643914e-55,1.4986768772976937e-55,1.5060652721128069e-55,1.5134804921253981e-55,1.5209225994305387e-55,1.5283916561823426e-55,1.535887724593884e-55,1.5434108669372002e-55,1.5509611455430468e-55,1.5585386228012218e-55,1.5661433611601614e-55,1.573775423127171e-55,1.581434871268156e-55,1.589121768207805e-55,1.5968361766292844e-55,1.6045781592745121e-55,1.612347778943977e-55,1.6201450984965598e-55,1.6279701808497418e-55,1.635823088979319e-55,1.6437038859195474e-55,1.65161263476304e-55,1.659549398660732e-55,1.6675142408218944e-55,1.6755072245139183e-55,1.683528413062461e-55,1.6915778698513904e-55,1.6996556583225913e-55,1.707761841976079e-55,1.7158964843699182e-55,1.7240596491202316e-55,1.7322513999009907e-55,1.740471800444213e-55,1.7487209145396832e-55,1.75699880603503e-55,1.7653055388359278e-55,1.7736411769055256e-55,1.7820057842648186e-55,1.79039942499249e-55,1.7988221632249427e-55,1.807274063156065e-55,1.8157551890373754e-55,1.8242656051779426e-55,1.832805375944376e-55,1.8413745657605664e-55,1.8499732391081166e-55,1.8586014605257165e-55,1.8672592946094538e-55,1.8759468060128972e-55,1.8846640594467542e-55,1.8934111196789023e-55,1.9021880515344607e-55,1.910994919895755e-55,1.9198317897020944e-55,1.9286987259499247e-55,1.9375957936927145e-55,1.9465230580409905e-55,1.955480584162046e-55,1.9644684372802684e-55,1.9734866826769332e-55,1.9825353856900788e-55,1.9916146117144935e-55,2.000724426201779e-55,2.0098648946602617e-55,2.0190360826550142e-55,2.0282380558076288e-55,2.037470879796435e-55,2.0467346203561345e-55,2.0560293432781527e-55,2.065355114410407e-55,2.0747119996571427e-55,2.0841000649791485e-55,2.093519376393462e-55,2.1029699999735894e-55,2.1124520018491443e-55,2.1219654482061953e-55,2.1315104052870386e-55,2.141086939390028e-55,2.150695116869795e-55,2.160335004136954e-55,2.1700066676582544e-55,2.179710173956555e-55,2.189445589610568e-55,2.1992129812550368e-55,2.2090124155806928e-55,2.218843959334022e-55,2.2287076793174136e-55,2.238603642389073e-55,2.2485319154629744e-55,2.2584925655088853e-55,2.268485659552141e-55,2.2785112646738038e-55,2.2885694480106126e-55,2.298660276754764e-55,2.3087838181540552e-55,2.3189401395118017e-55,2.3291293081868464e-55,2.339351391593335e-55,2.3496064572008756e-55,2.359894572534494e-55,2.3702158051744007e-55,2.380570222756164e-55,2.3909578929706554e-55,2.401378883563755e-55,2.411833262336781e-55,2.4223210971460524e-55,2.4328424559029115e-55,2.4433974065738258e-55,2.4539860171803516e-55,2.4646083557988973e-55,2.4752644905608123e-55,2.4859544896525616e-55,2.496678421315276e-55,2.5074363538449895e-55,2.518228355592601e-55,2.5290544949636372e-55,2.539914840418484e-55,2.5508094604720753e-55,2.5617384236941312e-55,2.5727017987087746e-55,2.583699654194989e-55,2.5947320588860817e-55,2.6057990815700078e-55,2.6169007910890366e-55,2.628037256339943e-55,2.6392085462738944e-55,2.6504147298964112e-55,2.661655876267327e-55,2.672932054500831e-55,2.684243333765218e-55,2.6955897832831282e-55,2.7069714723312285e-55,2.7183884702403203e-55,2.7298408463955978e-55,2.7413286702359504e-55,2.752852011254509e-55,2.764410938998173e-55,2.7760055230680826e-55,2.787635833119089e-55,2.7993019388599747e-55,2.8110039100533766e-55,2.8227418165158054e-55,2.8345157281173224e-55,2.8463257147820216e-55,2.858171846487538e-55,2.8700541932650913e-55,2.8819728251996095e-55,2.8939278124296783e-55,2.905919225147278e-55,2.9179433492645706e-55,2.930007240406837e-55,2.942107768333743e-55,2.9542450034508496e-55,2.966419016217309e-55,2.978629877145454e-55,2.990877656800848e-55,3.003162425802391e-55,3.0154842548222077e-55,3.02784321458569e-55,3.0402393758711568e-55,3.052672809510344e-55,3.065143586387858e-55,3.077651777441487e-55,3.0901974536618897e-55,3.1027806860927708e-55,3.115401545830778e-55,3.128060104025532e-55,3.14075643187938e-55,3.153490600647566e-55,3.1662626816382144e-55,3.1790727462120534e-55,3.191920865782694e-55,3.2048071118162835e-55,3.2177315558316928e-55,3.230694269400493e-55,3.243695324146686e-55,3.256734791746898e-55,3.269812743930258e-55,3.2829292524783785e-55,3.296084389225315e-55,3.309278226057598e-55,3.3225108349139804e-55,3.335782287785698e-55,3.349092656716136e-55,3.3624420138010184e-55,3.375830431188295e-55,3.3892579810781995e-55,3.402724735722948e-55,3.416230767426888e-55,3.42977614854669e-55,3.443360951490921e-55,3.4569852487200125e-55,3.470644859828828e-55,3.48434745076454e-55,3.498089754304398e-55,3.511871843116108e-55,3.525693789919542e-55,3.539555667486137e-55,3.553457548639177e-55,3.567399506253691e-55,3.581381613256492e-55,3.5954039426258855e-55,3.609466567391903e-55,3.623569560636243e-55,3.6377129954920145e-55,3.651896945143925e-55,3.666121482828182e-55,3.680386681832529e-55,3.694692615495969e-55,3.709039357208976e-55,3.723426980413453e-55,3.737855558602383e-55,3.7523251653203596e-55,3.766835874163067e-55,5.9018876320822836e-33,2.5535830196426926e-32,6.273318043118233e-32,1.1906720058972698e-31,1.9488126602614298e-31,2.8989026778353448e-31,4.035258880824836e-31,5.351290362757212e-31,6.840519982842175e-31,8.497081029846466e-31,1.0315916347318997e-30,1.229281534748239e-30,1.44243684717457e-30,1.6707884834063202e-30,1.9141298477119003e-30,2.172307663148173e-30,2.4452136364034322e-30,2.7327772042030623e-30,3.034959389934626e-30,3.351747692061449e-30,3.68315188026946e-30,4.029200563424491e-30,4.389938399176928e-30,4.765423828894293e-30,5.15572723819753e-30,5.560929459936474e-30,5.981120551545321e-30,6.41639879175832e-30,6.866869852820108e-30,7.332646112769479e-30,7.813846082236684e-30,8.310593919390188e-30,8.823019021150588e-30,9.351255673719169e-30,9.895442753146186e-30,1.0455723466313574e-29,1.1032245120311702e-29,1.1625158948756037e-29,1.223461991660219e-29,1.2860786580859934e-29,1.3503820959222086e-29,1.416388841300877e-29,1.4841157546510284e-29,1.553580011770508e-29,1.624799095988673e-29,1.6977907913019015e-29,1.772573176381914e-29,1.8491646193580456e-29,1.9275837733270626e-29,2.0078495725557657e-29,2.0899812291229525e-29,2.173998230225352e-29,2.259920335931573e-29,2.3477675773840827e-29,2.4375602554113556e-29,2.529318939518746e-29,2.623064467227759e-29,2.718817943737948e-29,2.816600741886095e-29,2.916434502381282e-29,3.018341134299506e-29,3.12234281581388e-29,3.228461995148756e-29,3.33672139174209e-29,3.4471439976007547e-29,3.5597530788407664e-29,3.6745721773963026e-29,3.7916251128921664e-29,3.910935984665668e-29,4.0325291739356166e-29,4.1564293458469315e-29,4.282661452754457e-29,4.411250735829297e-29,4.542222728100501e-29,4.6756032572970565e-29,4.811418448533873e-29,4.9496947275818e-29,5.090458823752847e-29,5.233737773229182e-29,5.379558922305516e-29,5.527949930765625e-29,5.678938775345263e-29,5.832553753299581e-29,5.988823486037529e-29,6.147776922845644e-29,6.309443344692868e-29,6.473852368115792e-29,6.641033949182178e-29,6.811018387540061e-29,6.983836330533207e-29,7.15951877740547e-29,7.338097083082191e-29,7.519602964133657e-29,7.704068501420383e-29,7.891526145272718e-29,8.082008720073372e-29,8.275549428915739e-29,8.472181858413502e-29,8.671939983264365e-29,8.874858171420114e-29,9.080971188947977e-29,9.290314205079983e-29,9.502922797342276e-29,9.71883295676277e-29,9.938081093164234e-29,1.0160704040526305e-28,1.0386739062436884e-28,1.0616223857668016e-28,1.0849196565744537e-28,1.108569577264509e-28,1.132576051639248e-28,1.1569430293714127e-28,1.1816745065337052e-28,1.2067745262007691e-28,1.232247179082528e-28,1.2580966041482595e-28,1.2843269892618378e-28,1.3109425718233449e-28,1.3379476394229122e-28,1.3653465305032674e-28,1.3931436350329633e-28,1.4213433951893419e-28,1.4499503060519087e-28,1.4789689163061572e-28,1.5084038289587513e-28,1.5382597020608084e-28,1.5685412494461577e-28,1.5992532414779158e-28,1.6304005058071148e-28,1.6619879281430742e-28,1.6940204530248298e-28,1.7265030846486134e-28,1.7594408876206862e-28,1.792838987837994e-28,1.8267025732708672e-28,1.8610368948180353e-28,1.895847267166708e-28,1.9311390696609534e-28,1.9669177471854978e-28,2.0031888110609297e-28,2.039957839954113e-28,2.0772304808023987e-28,2.1150124497512007e-28,2.153309533107885e-28,2.1921275883089073e-28,2.2314725449018683e-28,2.2713504055454716e-28,2.3117672470219496e-28,2.3527292212655645e-28,2.3942425564104394e-28,2.4363135578513e-28,2.478948609314441e-28,2.522154173965512e-28,2.5659367955169035e-28,2.610303099358265e-28,2.655259793704428e-28,2.7008136707618915e-28,2.746971607913327e-28,2.793740568921576e-28,2.841127605152438e-28,2.8891398568169984e-28,2.9377845542338313e-28,2.9870690191117425e-28,3.0370006658522563e-28,3.087587002874171e-28,3.1388356339580227e-28,3.190754259613673e-28,3.243350678469373e-28,3.2966327886442053e-28,3.350608589311599e-28,3.40528618201199e-28,3.4606737721896663e-28,3.516779670701384e-28,3.5736122953306598e-28,3.631180172385245e-28,3.6894919382281084e-28,3.7485563409081896e-28,3.808382241790989e-28,3.8689786172186783e-28,3.9303545602005713e-28,3.992519282119855e-28,4.055482114489298e-28,4.119252510717912e-28,4.183840047915433e-28,4.2492544287241225e-28,4.315505483183904e-28,4.382603170626886e-28,4.450557581602732e-28,4.519378939840072e-28,4.589077604236929e-28,4.659664070887182e-28,4.731148975098778e-28,4.803543093628161e-28,4.8768573466537765e-28,4.951102800004787e-28,5.026290667364122e-28,5.10243231251002e-28,5.1795392515967195e-28,5.257623155471996e-28,5.336695852037862e-28,5.416769328649921e-28,5.497855734559158e-28,5.579967383395863e-28,5.663116755694664e-28,5.747316501467427e-28,5.8325794428178435e-28,5.918918576602929e-28,6.006347077140441e-28,6.094878298964638e-28,6.1845257796293435e-28,6.275303242560632e-28,6.367224599962977e-28,6.460303955770277e-28,6.554555608655591e-28,6.6499940550893155e-28,6.746633992457892e-28,6.844490322302125e-28,6.94357815330499e-28,7.043912804849758e-28,7.145509810242929e-28,7.248384920169444e-28,7.352554106098876e-28,7.4580335638431985e-28,7.564839717118982e-28,7.672989221296867e-28,7.782498966975097e-28,7.893386083889477e-28,8.005667944736856e-28,8.119362169106955e-28,8.234486627486292e-28,8.351059445331551e-28,8.469099007226692e-28,8.588623961108884e-28,8.709653222576144e-28,8.832205979273744e-28,8.95630169536295e-28,9.08196011607235e-28,9.209201272334484e-28,9.338045485508464e-28,9.468513372192585e-28,9.600625849126488e-28,9.734404138185927e-28,9.869869771471423e-28,1.0007044596494618e-27,1.0145950781458287e-27,1.0286610820558733e-27,1.0429047539757034e-27,1.057328410204549e-27,1.071934401327612e-27,1.0867251127976714e-27,1.1017029655227497e-27,1.1168704164744132e-27,1.1322299593120406e-27,1.147784124973279e-27,1.1635354823522547e-27,1.1794866389381274e-27,1.1956402414781921e-27,1.211998976655658e-27,1.2285655717785014e-27,1.2453427954857156e-27,1.2623334584640488e-27,1.2795404141804667e-27,1.2969665596286535e-27,1.3146148360904308e-27,1.3324882299123487e-27,1.3505897732975042e-27,1.3689225451136095e-27,1.3874896717166758e-27,1.406294327792125e-27,1.4253397372117393e-27,1.4446291739084095e-27,1.4641659627686111e-27,1.483953480543348e-27,1.5039951567767515e-27,1.524294474754136e-27,1.544854972469286e-27,1.565680243611691e-27,1.5867739385738802e-27,1.6081397654795383e-27,1.6297814912328223e-27,1.651702942589365e-27,1.673908007249595e-27,1.6964006349745347e-27,1.7191848387250504e-27,1.7422646958255323e-27,1.765644349149567e-27,1.7893280083335485e-27,1.813319951014465e-27,1.8376245240933672e-27,1.862246145026858e-27,1.8871893031442644e-27,1.91245856099657e-27,1.938058555721533e-27,1.963994000461994e-27,1.9902696857910757e-27,2.0168904811798496e-27,2.0438613364935573e-27,2.0711872835336395e-27,2.0988734375579437e-27,2.126924998924569e-27,2.1553472547330166e-27,2.1841455803925356e-27,2.2133254414378107e-27,2.242892395225044e-27,2.272852092711869e-27,2.303210280273122e-27,2.333972801562093e-27,2.3651455994089734e-27,2.3967347177645232e-27,2.428746303678813e-27,2.4611866093409583e-27,2.4940619941471763e-27,2.5273789268238785e-27,2.561143987598343e-27,2.5953638704171238e-27,2.630045385215378e-27,2.665195460225094e-27,2.7008211443904267e-27,2.736929609748871e-27,2.7735281539331684e-27,2.810624202712202e-27,2.8482253125905165e-27,2.8863391734701296e-27,2.9249736113684976e-27,2.9641365912061296e-27,3.003836219655493e-27,3.0440807480777432e-27,3.0848785754413922e-27,3.1262382514537323e-27,3.1681684796585435e-27,3.210678120638017e-27,3.253776195291399e-27,3.2974718881907705e-27,3.341774551016467e-27,3.3866937060760754e-27,3.432239049908711e-27,3.478420456975223e-27,3.5252479834333535e-27,3.572731871016355e-27,3.6208825509881286e-27,3.669710648221738e-27,3.71922698534092e-27,3.769442586995496e-27,3.820368684227328e-27,3.872016718946963e-27,3.9243983485215145e-27,3.9775254504755654e-27,4.0314101273106e-27,4.086064711444435e-27,4.141501770273118e-27,4.197734111363532e-27,4.254774787774064e-27,4.312637103511465e-27,4.371334619126209e-27,4.4308811574502116e-27,4.491290809480234e-27,4.5525779404175246e-27,4.6147571958533885e-27,4.6778435081583456e-27,4.741852102878611e-27,4.8067985055534646e-27,4.872698548523745e-27,4.9395683779729725e-27,5.00742446113983e-27,5.07628359373822e-27,5.146162907569921e-27,5.2170798783295e-27,5.289052333626823e-27,5.362098461214512e-27,5.436236817443003e-27,5.511486335939112e-27,5.587866336518605e-27,5.6653965343433956e-27,5.744097049319012e-27,5.823988415756419e-27,5.9050915922976395e-27,5.9874279721033414e-27,6.071019393331719e-27,6.155888149899283e-27,6.2420570025477914e-27,6.329549190208472e-27,6.4183884416901616e-27,6.508598987692068e-27,6.600205573156365e-27,6.693233469964947e-27,6.787708489998502e-27,6.883656998564012e-27,6.981105928205264e-27,7.080082792911368e-27,7.18061570273611e-27,7.282733378813583e-27,7.386465169009559e-27,7.491841063274546e-27,7.598891710666038e-27,7.707648435952278e-27,7.818143256964972e-27,7.930408902235781e-27,8.044478830178837e-27,8.160387247115212e-27,8.278169127141127e-27,8.39786023221199e-27,8.519497132819861e-27,8.643117229309218e-27,8.768758773818092e-27,8.896460892899244e-27,9.026263610827668e-27,9.158207873616732e-27,9.292335573776171e-27,9.428689575829936e-27,9.567313742621431e-27,9.708252962440208e-27,9.851553176990283e-27,9.997261410233097e-27,1.0145425798138003e-26,1.029609561936795e-26,1.0449321326945303e-26,1.0605154580917543e-26,1.076364828206083e-26,1.0924856606666847e-26,1.1088835042457586e-26,1.1255640425652726e-26,1.1425330979237375e-26,1.1597966352478832e-26,1.1773607661736709e-26,1.1952317532612098e-26,1.2134160143484046e-26,1.2319201270497013e-26,1.2507508334027594e-26,1.2699150446727644e-26,1.2894198463150223e-26,1.3092725030998846e-26,1.3294804644400988e-26,1.3500513698491335e-26,1.3709930546245354e-26,1.3923135557118227e-26,1.414021117775806e-26,1.436124199475936e-26,1.4586314799627862e-26,1.4815518656001472e-26,1.50489449692258e-26,1.528668755837519e-26,1.5528842730821912e-26,1.5775509359456442e-26,1.6026788962643348e-26,1.628278578706497e-26,1.6543606893508244e-26,1.6809362245805508e-26,1.7080164802967437e-26,1.7356130614676856e-26,1.7637378920270533e-26,1.7924032251419152e-26,1.8216216538540653e-26,1.8514061221215814e-26,1.8817699362685927e-26,1.9127267768677928e-26,1.9442907110699514e-26,1.9764762053987405e-26,2.0092981390303744e-26,2.0427718175990623e-26,2.0769129875005588e-26,2.1117378507738268e-26,2.147263080550505e-26,2.1835058371097123e-26,2.22048378455918e-26,2.258215108176984e-26,2.2967185324370317e-26,2.3360133397489922e-26,2.3761193899553024e-26,2.4170571406050176e-26,2.4588476680480482e-26,2.5015126893886964e-26,2.545074585330848e-26,2.58955642396259e-26,2.634981985521919e-26,2.68137578818869e-26,2.728763114950057e-26,2.7771700415970676e-26,2.8266234658913777e-26,2.877151137972684e-26,2.9287816920605377e-26,2.981544679511903e-26,3.035470603302609e-26,3.090590953999095e-26,3.1469382472988195e-26,3.204546063207993e-26,3.263449086947957e-26,3.323683151669407e-26,3.385285283070423e-26,3.448293745996432e-26,3.5127480931625094e-26,3.5786892160627706e-26,3.646159398201333e-26,3.7152023707604797e-26,3.7858633708362875e-26,3.858189202366145e-26,3.9322282998993947e-26,4.008030795355015e-26,4.085648587931161e-26,4.1651354173291327e-26,4.246546940470462e-26,4.329940811898866e-26,4.4153767680642094e-26,4.502916715719665e-26,4.5926248246176416e-26,4.684567624766027e-26,4.778814108541643e-26,4.875435837852616e-26,4.974507056689877e-26,5.0761048093558346e-26,5.18030906470803e-26,5.287202846747333e-26,5.396872371922886e-26,5.509407193567e-26,5.624900353837385e-26,5.743448543655757e-26,5.865152271085096e-26,5.990116038674168e-26,6.118448530285323e-26,6.250262808021843e-26,6.385676519818599e-26,6.524812118392437e-26,6.667797092263818e-26,6.814764209554564e-26,6.96585177542177e-26,7.121203903951e-26,7.280970805456814e-26,7.445309090155785e-26,7.614382089309172e-26,7.788360194924146e-26,7.96742121927257e-26,8.151750775531715e-26,8.341542680923932e-26,8.536999383911238e-26,8.738332417038905e-26,8.945762877188875e-26,9.159521935125314e-26,9.379851376363564e-26,9.607004175530413e-26,9.841245106591794e-26,1.0082851391992537e-25,1.0332113390622371e-25,1.0589335333877568e-25,1.085483610586228e-25,1.1128950075373736e-25,1.1412027982364924e-25,1.170443788297491e-25,1.2006566157502726e-25,1.2318818586109297e-25,1.26416214974031e-25,1.2975422995512406e-25,1.3320694271727415e-25,1.367793100735804e-25,1.4047654874998382e-25,1.4430415145974569e-25,1.482679041265163e-25,1.5237390434709285e-25,1.5662858119834958e-25,1.6103871649420722e-25,1.6561146761947016e-25,1.7035439206908281e-25,1.7527547383847747e-25,1.8038315182476827e-25,1.8568635041036943e-25,1.9119451242273186e-25,1.96917634676372e-25,2.0286630633015022e-25,2.090517503110379e-25,2.154858680823499e-25,2.2218128806759295e-25,2.2915141806026392e-25,2.3641050200331735e-25,2.4397368154176746e-25,2.518570628119485e-25,2.6007778896916447e-25,2.6865411901523405e-25,2.7760551354799317e-25,2.869527281221301e-25,2.967179149892998e-25,3.069247340740861e-25,3.175984741330099e-25,3.287661851643993e-25,3.4045682325191564e-25,3.5270140917082535e-25,3.65533202240678e-25,3.7898789109011e-25,3.9310380320554075e-25,4.0792213536253068e-25,4.234872073057389e-25,4.398467413402699e-25,4.570521708491788e-25,4.751589811293994e-25,4.942270863944191e-25,5.143212473143155e-25,5.355115340330967e-25,5.578738403012598e-25,5.814904551332587e-25,6.064506993064416e-25,6.328516350566183e-25,6.607988585404531e-25,6.904073860332617e-25,7.2180264646200095e-25,7.551215947828031e-25,7.905139629063318e-25,8.28143667509281e-25,8.681903970771926e-25,9.108514041291589e-25,9.563435327519382e-25,1.0049055165873466e-24,1.0568005882614587e-24,1.1123194482363258e-24,1.1717836493610252e-24,1.2355494632783092e-24,1.3040123066619961e-24,1.3776118194604234e-24,1.4568377042647337e-24,1.5422364565341901e-24,1.6344191401315198e-24,1.734070392776242e-24,1.8419588825254912e-24,1.9589494811172645e-24,2.086017474627719e-24,2.224265199082419e-24,2.3749415715234534e-24,2.5394650894219153e-24,2.7194509988694366e-24,2.91674349064825e-24,3.1334539823331988e-24,3.372006794714592e-24,3.6351938469251435e-24,3.926240395741363e-24,4.24888435588166e-24,4.607472393479397e-24,5.007076828668601e-24,5.4167100629011205e-24,5.914591456091672e-24,6.473935993334451e-24,7.104444074369693e-24,7.817645834658966e-24,8.627321578928042e-24,9.550024261710277e-24,1.0605739046547684e-23,1.1818723480447069e-23,1.3218585676255575e-23,1.4841678067281952e-23,1.6732912783706482e-23,1.894814542535599e-23,2.1557332608997427e-23,2.4648754368071195e-23,2.8334719979897925e-23,3.275936948637568e-23,3.4194084499834453e-23,3.9912287777446096e-23,4.689929747631813e-23,5.549231972975681e-23,6.617309646011865e-23,7.960710524381975e-23,9.672888639541413e-23,1.1889152399203033e-22,1.4813673380658709e-22,1.8772069044180342e-22,2.4323116961726734e-22,3.2518494997531254e-22,4.556133771528318e-22,6.861444350222532e-22,1.1513522843498967e-21,2.23670467701528e-21,5.139227543999677e-21,1.3840704964505352e-20,4.238143160171148e-20,8.104098724480131e-20,8.10409872468121e-20,8.104098738841145e-20,3.234983877796774e-19,1.2681112330295128e-18,5.0015580354194634e-18,1.984078434811965e-17,7.844633380652273e-17,3.0498477706855926e-16,1.1482004260269708e-15,4.121246967165552e-15,1.3896810127346322e-14,4.345533984209505e-14,1.2470343233744822e-13,3.2600978305169794e-13,7.733371865975724e-13,1.6634009016034608e-12,3.2516510629604294e-12,3.303961769911118e-12,3.3039617701594984e-12,5.8908232410477065e-12,9.646192952647663e-12,1.462486597856118e-11,2.0699142941162785e-11,2.7573958821276138e-11,3.4846091062961066e-11,4.2083278067338994e-11,4.8896352630666934e-11,5.498711939568315e-11,6.016752973548476e-11,6.435520610667082e-11,6.755442253664175e-11,6.983135279951132e-11,7.128992276084334e-11,7.205174649514176e-11,7.224135137901281e-11,7.197647417205486e-11,7.136252436030794e-11,7.049012319600195e-11,6.9434711889785e-11,6.825742049637348e-11,6.700660619536176e-11,6.571966050405205e-11,6.442483422379222e-11,6.314293662228389e-11,6.188883830576466e-11,6.06727536658964e-11,5.950130638511538e-11,5.837839630163248e-11,5.7305892607783286e-11,5.628418003301449e-11,5.5312583511662067e-11,5.507710076678813e-11,5.417256124207444e-11,5.330873343697721e-11,5.248803752180561e-11,5.1708778350094017e-11,5.0968690219831584e-11,5.026541285850003e-11,4.9596615376482156e-11,4.89600498598526e-11,4.8353576418566485e-11,4.777517555699731e-11,4.722295332068453e-11,4.669514167019248e-11,4.619009579329969e-11,4.5706289446406235e-11,4.52423090771894e-11,4.479684726609714e-11,4.4368695860517885e-11,4.3956739061307196e-11,4.3559946646498036e-11,4.3177367448676495e-11,4.2808123158242e-11,4.245140249919044e-11,4.210645579428935e-11,4.177258992189928e-11,4.144916366051949e-11,4.113558340248535e-11,4.0831299219472526e-11,4.053580125756722e-11,4.024861643944459e-11,3.99693054504209e-11,3.969745998475212e-11,3.9432700231831294e-11,3.9174672582905144e-11,3.892304753475435e-11,3.8677517777808435e-11,3.84377964493278e-11,3.8203615536901e-11,3.797472442059737e-11,3.77508885375572e-11,3.7531888161622254e-11,3.73175172854574e-11,3.7107582595483434e-11,3.690190253311962e-11,3.670030643279425e-11,3.650263373100381e-11,3.63087332394433e-11,3.6118462476724186e-11,3.593168705378008e-11,3.574828010801383e-11,3.5568121781885715e-11,3.53910987426308e-11,3.52171037388932e-11,3.504603519168701e-11,3.487779681657531e-11,3.4712297274639114e-11,3.454944984922346e-11,3.4389172147502876e-11,3.42313858237836e-11,3.407601632316155e-11,3.3922992643951944e-11,3.377224711727122e-11,3.36237152024728e-11,3.347733529722756e-11,3.333304856110511e-11,3.3190798751285595e-11,3.305053206993084e-11,3.291219702207489e-11,3.277574428300069e-11,3.264112657529886e-11,3.2508298553624125e-11,3.2377216696637254e-11,3.2247839207617485e-11,3.2120125920828065e-11,3.1994038213428646e-11,3.1869538923910306e-11,3.1746592275444505e-11,3.162516380408853e-11,3.1505220291546796e-11,3.14387763613341e-11,3.132053125057833e-11,3.120412129534303e-11,3.1089167268036074e-11,3.09755806135026e-11,3.086332030512446e-11,3.07523560455077e-11,3.0642661032975415e-11,3.053421008979121e-11,3.042697907768228e-11,3.032094468778725e-11,3.021608435016045e-11,3.011237618360127e-11,3.000979895987111e-11,2.9908332073743956e-11,2.9807955516035475e-11,2.970864984831161e-11,2.9610396179588075e-11,2.951317614361422e-11,2.941697187802624e-11,2.932176600394365e-11,2.922754160734615e-11,2.91342822207331e-11,2.90419718060134e-11,2.8950594738423452e-11,2.8860135790943007e-11,2.8770580119522962e-11,2.868191324915973e-11,2.859412106046711e-11,2.850718977706365e-11,2.8421105953517922e-11,2.8335856463683645e-11,2.825142848982424e-11,2.8167809511880253e-11,2.808498729773815e-11,2.8002949893423714e-11,2.7921685614184085e-11,2.7841183035390802e-11,2.7761430984238224e-11,2.7682418532190918e-11,2.760413498680493e-11,2.752656988438938e-11,2.744971298312913e-11,2.7373554256318148e-11,2.729808388592349e-11,2.7223292256069195e-11,2.714916994742193e-11,2.7075707731358345e-11,2.700289656437137e-11,2.6930727582865226e-11,2.685919209794919e-11,2.67882815906434e-11,2.6717987707151643e-11,2.664830225430549e-11,2.6579217195188563e-11,2.6510724644949863e-11,2.64428168667556e-11,2.6375486267804294e-11,2.6308725395654625e-11,2.624252693455124e-11,2.617688370193214e-11,2.611178864495837e-11,2.604723483733128e-11,2.5983215476111032e-11,2.5919723878644647e-11,2.585675347961829e-11,2.5794297828219737e-11,2.5732350585307974e-11,2.567090552082806e-11,2.560995651119649e-11,2.554949753677635e-11,2.54895226794568e-11,2.5430026120325345e-11,2.5371002137368775e-11,2.5312445103275203e-11,2.5254349483289272e-11,2.519670983315713e-11,2.5139520797086716e-11,2.5082777105833545e-11,2.502647357471082e-11,2.497060510191697e-11,2.4915166666589427e-11,2.4860153327200196e-11,2.4805560219727672e-11,2.4751382556105003e-11,2.4697615622649542e-11,2.4644254778466998e-11,2.459129545397703e-11,2.4538733149439395e-11,2.4486563433459292e-11,2.4434781941737266e-11,2.4383384375612256e-11,2.433236650081715e-11,2.4281724146168584e-11,2.423145320231487e-11,2.4181549620537835e-11,2.4132009411567783e-11,2.408282864442607e-11,2.4034003445351173e-11,2.3985529996535846e-11,2.393740453530338e-11,2.388962335301187e-11,2.3842182793829435e-11,2.379507925393224e-11,2.3748309180504634e-11,2.3701869070845065e-11,2.3655755471356947e-11,2.3609964976745073e-11,2.3564494229031836e-11,2.351933991665062e-11,2.347449877402334e-11,2.3429967580164142e-11,2.338574315817651e-11,2.3341822374516212e-11,2.3298202138146677e-11,2.325487939980844e-11,2.321185115130604e-11,2.3169114424768665e-11,2.312666629195809e-11,2.3084503863629277e-11,2.3042624288851378e-11,2.3001024754290234e-11,2.2959702483583286e-11,2.291865473683277e-11,2.287787880994705e-11,2.283737203397146e-11,2.2797131774561243e-11,2.2757155431368172e-11,2.271744043753237e-11,2.2677984259114035e-11,2.2638784394558013e-11,2.259983837414878e-11,2.2561143759525538e-11,2.252269814318188e-11,2.2484499147863868e-11,2.244654442629965e-11,2.240883166051804e-11,2.237135856148153e-11,2.233412286861081e-11,2.2297122349355624e-11,2.2260354798730776e-11,2.2223818038910814e-11,2.2187509918771717e-11,2.2151428313530784e-11,2.211557112428533e-11,2.2079936277643794e-11,2.2044521725357563e-11,2.200932544396869e-11,2.1974345434261838e-11,2.1939579720973743e-11,2.190502635269695e-11,2.1870683401191797e-11,2.1836548961106805e-11,2.1802621149686454e-11,2.176889810646125e-11,2.173537799285871e-11,2.170205899194096e-11,2.1668939308051604e-11,2.1636017166497144e-11,2.160329081323955e-11,2.157075851461123e-11,2.153841855706743e-11,2.1506269246806655e-11,2.1474308909516898e-11,2.144253589012316e-11,2.1410948552469144e-11,2.137954527907493e-11,2.1348324470886133e-11,2.1317284547045174e-11,2.1286423944534162e-11,2.1255741117969562e-11,2.1225234539369005e-11,2.119490269790396e-11,2.1164744099663014e-11,2.1134757267406514e-11,2.1104940740342964e-11,2.1075293073944754e-11,2.1045812839585682e-11,2.101649862448927e-11,2.098734903132885e-11,2.0958362678295688e-11,2.0929538198659354e-11,2.090087424058503e-11,2.0872369466993205e-11,2.0844022555333046e-11,2.0815832197395357e-11,2.0787797099118246e-11,2.075991598039755e-11,2.0732187574903604e-11,2.0704610629891667e-11,2.0677183906027787e-11,2.0649906177208397e-11,2.062277623038633e-11,2.0595792865403455e-11,2.056895489481362e-11,2.0542261143709236e-11,2.051571044960079e-11,2.0489301662230086e-11,2.0463033643358368e-11,2.0436905266683672e-11,1.5551353408319088e-11,1.3133452409834762e-11,1.1982278202736078e-11,1.1451072975729494e-11,1.1222847206414558e-11,1.1142615523368646e-11,1.1134612072882756e-11,1.1161799711615868e-11,1.1206073633873393e-11,1.1258583711449191e-11,1.1315003700203498e-11,1.1373218705051802e-11,1.143219478605798e-11,1.1491426387404547e-11,1.155066624580632e-11,1.160979335671954e-11,1.1668748441889977e-11,1.1727502402812382e-11,1.1786040899451921e-11,1.1844356813459428e-11,1.1902446564185428e-11,1.1960308306407855e-11,1.2017941048568065e-11,1.2075344229959363e-11,1.21325175011105e-11,1.2189460625216035e-11,1.2246173425772732e-11,1.230265576505905e-11,1.235890752483791e-11,1.241492861563834e-11,1.2470718958239791e-11,1.2526278486056809e-11,1.2581607152134054e-11,1.26367049151671e-11,1.2691571750340307e-11,1.2746207647211527e-11,1.2800612604739252e-11,1.2854786637940267e-11,1.2908729769436866e-11,1.2962442038647027e-11,1.3015923495098116e-11,1.3069174197836628e-11,1.3122194221695357e-11,1.3174983652701978e-11,1.3227542586991324e-11,1.3279871133935782e-11,1.333196941216433e-11,1.3383837553399304e-11,1.3435475700242401e-11,1.348688400627406e-11,1.3538062636220351e-11,1.3589011765587123e-11,1.3639731581124466e-11,1.36902222775898e-11,1.3740484063907043e-11,1.3790517157930957e-11,1.3840321787826723e-11,1.3889898197525109e-11,1.39392466246961e-11,1.3988367332980931e-11,1.403726059040028e-11,1.4085926680667606e-11,1.4134365878165033e-11,1.4182578490975196e-11,1.4230564818885842e-11,1.4278325182838337e-11,1.4325859907694715e-11,1.4373169326100851e-11,1.4420253781460367e-11,1.4467113626546277e-11,1.4513749218495564e-11,1.4560160927129384e-11,1.4606349132174632e-11,1.465231421952747e-11,1.4698056587104772e-11,1.4743576627692975e-11,1.478887475829418e-11,1.483395139369582e-11,1.4878806961707348e-11,1.4923441896184692e-11,1.4967856639709643e-11,1.5012051638600516e-11,1.5056027353546e-11,1.509978424131897e-11,1.5143322775862822e-11,1.5186643434418797e-11,1.522974670162393e-11,1.5272633067358617e-11,1.531530303326589e-11,1.535775710163998e-11,1.5399995783554193e-11,1.544201959384978e-11,1.5483829059429555e-11,1.5525424710796612e-11,1.5566807080852594e-11,1.5607976712666746e-11,1.5648934153820566e-11,1.5689679957392782e-11,1.5730214683041794e-11,1.5770538895870897e-11,1.5810653163438924e-11,1.5850558062780444e-11,1.589025417271947e-11,1.5929742080177596e-11,1.5969022376530817e-11,1.6008095656182748e-11,1.6046962519711998e-11,1.6085623571830975e-11,1.6124079422286744e-11,1.6162330686016315e-11,1.620037798004793e-11,1.6238221929868737e-11,1.627586315957308e-11,1.6313302301541822e-11,1.635053999500962e-11,1.638757687300574e-11,1.642441357842815e-11,1.6461050763499505e-11,1.6497489076577514e-11,1.6533729171521697e-11,1.656977170251216e-11,1.660561733761524e-11,1.6641266737791402e-11,1.6676720570020898e-11,1.6711979507114964e-11,1.674704422196445e-11,1.678191539096109e-11,1.6816593692677113e-11,1.6851079810629205e-11,1.6885374429993018e-11,1.6919478238545793e-11,1.6953391926867492e-11,1.698711618758058e-11,1.7020651715910843e-11,1.7053999210249556e-11,1.708715936874311e-11,1.7120132892427598e-11,1.7152920488963032e-11,1.7185522862158414e-11,1.7217940720706483e-11,1.725017477438495e-11,1.7282225734542745e-11,1.7314094314010305e-11,1.7345781227660065e-11,1.7377287191205946e-11,1.740861292528255e-11,1.7439759147618516e-11,1.7470726578925937e-11,1.750151594196e-11,1.7532127958714515e-11,1.7562563354250225e-11,1.759282285365572e-11,1.7622907183534444e-11,1.7652817070895685e-11,1.7682553245035048e-11,1.7712116434533094e-11,1.774150736960273e-11,1.777072678000912e-11,1.779977539748887e-11,1.7828653953143146e-11,1.785736317794944e-11,1.7885903807430007e-11,1.7914276576230396e-11,1.7942482212414142e-11,1.797052145258389e-11,1.7998395030389873e-11,1.8026103680376136e-11,1.805364813525481e-11,1.8081029130388525e-11,1.810824740121518e-11,1.8135303680739666e-11,1.8162198703070056e-11,1.8188933202503396e-11,1.8215507912105072e-11,1.824192356586983e-11,1.8268180898038256e-11,1.8294280638147174e-11,1.8320223521508978e-11,1.8346010280512362e-11,1.8371641647300502e-11,1.839711835103684e-11,1.842244112163011e-11,1.8447610690096133e-11,1.8472627784920498e-11,1.8497493128716494e-11,1.852220746510871e-11,1.8546771508200133e-11,1.8571185986876485e-11,1.8595451626762857e-11,1.8619569151414826e-11,1.8643539284787093e-11,1.866736274976512e-11,1.8691040267006785e-11,1.8714572556742876e-11,1.873796033806652e-11,1.8761204328990725e-11,1.878430524726571e-11,1.880726380641955e-11,1.8830080722087676e-11,1.8852756707115928e-11,1.887529247411193e-11,1.8897688732171746e-11,1.8919946190930332e-11,1.8942065558034098e-11,1.896404753969207e-11,1.8985892840530242e-11,1.9007602164023624e-11,1.9029176211788064e-11,1.9050615683993433e-11,1.9071921279219574e-11,1.9093093695037418e-11,1.9114133626085684e-11,1.9135041766054487e-11,1.915581880699021e-11,1.9176465438088052e-11,1.9196982349065874e-11,1.9217370226709936e-11,1.923762975602332e-11,1.9257761620201967e-11,1.927776650060637e-11,1.929764507674817e-11,1.931739802626321e-11,1.9337026024893587e-11,1.9356529746466194e-11,1.937590986286697e-11,1.939516704403073e-11,1.9414301958005894e-11,1.9433315266159762e-11,1.945220764146745e-11,1.9470979736411445e-11,1.9489632220876885e-11,1.9508165748651264e-11,1.9526580973538017e-11,1.9544878549973577e-11,1.956305913496226e-11,1.9581123367864965e-11,1.9599071899379317e-11,1.9616905376372833e-11,1.9634624440914862e-11,1.965222973353384e-11,1.966972189247897e-11,1.9687101552378523e-11,1.9704369352387968e-11,1.9721525921462726e-11,1.9738571889303912e-11,1.9755507883063086e-11,1.9772334528326002e-11,1.9789052447174484e-11,1.9805662260348332e-11,1.982216458658114e-11,1.983856004042604e-11,1.985484923616324e-11,1.9871032784996142e-11,1.9887111295786056e-11,1.9903085375047778e-11,1.9918955626931403e-11,1.993472265315019e-11,1.995038705455209e-11,1.9965949425423656e-11,1.9981410362613535e-11,1.999677045684345e-11,2.0012030298964328e-11,2.0027190476705787e-11,2.0042251574157056e-11,2.005721417443306e-11,2.007207885770198e-11,2.0086846201858275e-11,2.010151678117663e-11,2.0116091169609623e-11,2.0130569938625385e-11,2.01449536554215e-11,2.0159242884242362e-11,2.0173438190926867e-11,2.0187540134001678e-11,2.0201549272984845e-11,2.0215466164345565e-11,2.0229291359058132e-11,2.0243025405064812e-11,2.0256668858749672e-11,2.0270222262717613e-11,2.0283686160225604e-11,2.0297061091680476e-11,2.0310347596565015e-11,2.0323546210386796e-11,2.033665746644525e-11,2.0349681902120765e-11,2.036262003394356e-11,2.0375472395259352e-11,2.0388239510180046e-11,2.040092189826499e-11,2.0413520078284745e-11,2.0426034567342227e-11,2.0438465880090256e-11,2.045081452612827e-11,2.046308101550915e-11,2.047526585487365e-11,2.0487369549770833e-11,2.049939260029536e-11,2.051133550572554e-11,2.052319876294147e-11,2.0534982866087498e-11,2.054668830652176e-11,2.055831557511908e-11,2.0569865157708698e-11,2.0581337539319825e-11,2.059273320182954e-11,2.0604052624937788e-11,2.0615296285906142e-11,2.0626464659596094e-11,2.0637558218446604e-11,2.0648577432381708e-11,2.065952276914356e-11,2.0670394692269638e-11,2.0681193666102404e-11,2.0691920151451573e-11,2.0702574606232628e-11,2.07131574861157e-11,2.0723669244540198e-11,2.0734110332083376e-11,2.074448119870902e-11,2.075478228521763e-11,2.0765014044476966e-11,2.0775176913138623e-11,2.078527133033084e-11,2.0795297732747665e-11,2.0805256553942276e-11,2.0815148226020927e-11,2.0824973180164184e-11,2.08347318430657e-11,2.0844424639993004e-11,2.0854051993830797e-11,2.0863614325169757e-11,2.0873112052306803e-11,2.0882545591234857e-11,2.089191535567551e-11,2.0901221757073974e-11,2.0910465204617024e-11,2.091964610826129e-11,2.092876486959664e-11,2.093782189098113e-11,2.094681757265621e-11,2.095575231259539e-11,2.0964626506496305e-11,2.0973440547911647e-11,2.098219482809183e-11,2.0990889736203863e-11,2.0999525659125322e-11,2.1008102981600473e-11,2.1016622086191804e-11,2.1025083353250475e-11,2.103348716104934e-11,2.104183388561531e-11,2.105012390085311e-11,2.1058357578530596e-11,2.1066535286109884e-11,2.1074657393243626e-11,2.108272426543283e-11,2.1090736265922153e-11,2.1098693755932395e-11,2.110659709440676e-11,2.1114446638315355e-11,2.11222427427319e-11,2.112998576051214e-11,2.113767604246288e-11,2.1145313937292503e-11,2.1152899790378073e-11,2.1160433949135452e-11,2.1167916754754302e-11,2.117534854780791e-11,2.1182729666927904e-11,2.1190060452765124e-11,2.1197341230988947e-11,2.120457234068961e-11,2.1211754110283792e-11,2.1218886869099275e-11,2.1225970943817913e-11,2.1233006659250092e-11,2.1239994338425524e-11,2.1246934301727872e-11,2.1253826868290406e-11,2.1260672358145223e-11,2.1267471080162608e-11,2.1274223350937443e-11,2.1280929481347397e-11,2.1287589781380978e-11,2.12942045586605e-11,2.130077411805224e-11,2.1307298767454947e-11,2.1313778801056005e-11,2.1320214522639728e-11,2.1326606231949875e-11,2.1332954228961453e-11,2.1339258799085005e-11,2.1345520239723205e-11,2.1351738842072944e-11,2.1357914895455165e-11,2.13640486873632e-11,2.137014050370426e-11,2.1376190627990867e-11,2.1382199340948188e-11,2.1388166925284438e-11,2.1394093659427723e-11,2.139997981873199e-11,2.140582568028855e-11,2.1411631517206483e-11,2.1417397600683893e-11,2.1423124200951787e-11,2.1428811586145484e-11,2.1434460023268662e-11,2.1440069779522993e-11,2.1445641114502313e-11,2.1451174291427608e-11,2.1456669570547597e-11,2.146212721024639e-11,2.1467547467317345e-11,2.1472930600761988e-11,2.1478276856722854e-11,2.1483586494024485e-11,2.148885975803834e-11,2.1494096898147928e-11,2.149929816233387e-11,2.1504463796630465e-11,2.1509594045151893e-11,2.1514689150571022e-11,2.1519749353517585e-11,2.152477489543938e-11,2.1529766011446186e-11,2.1534722939389996e-11,2.1539645912357797e-11,2.1544535163633048e-11,2.1549390927772014e-11,2.1554213435811998e-11,2.155900291218472e-11,2.1563759586662737e-11,2.1568483684996653e-11,2.1573175431886075e-11,2.1577835050195435e-11,2.1582462761634747e-11,2.158705878626712e-11,2.159162334282932e-11,2.159615664851045e-11,2.1600658919267955e-11,2.160513036975395e-11,2.1609571213814415e-11,2.1613981661309914e-11,2.1618361923856887e-11,2.1622712209837576e-11,2.1627032726899497e-11,2.163132368051141e-11,2.1635585277024073e-11,2.1639817719659114e-11,2.1644021210427856e-11,2.1648195951773144e-11,2.1652342140644863e-11,2.1656459976069517e-11,2.166054965445649e-11,2.166461137303108e-11,2.1668645326192507e-11,2.1672651705883248e-11,2.1676630702434648e-11,2.1680582509739803e-11,2.1684507315725874e-11,2.1688405308324747e-11,2.1692276674273207e-11,2.1696121599196123e-11,2.1699940267372027e-11,2.1703732861938696e-11,2.1707499564772038e-11,2.171124055655464e-11,2.1714956016768224e-11,2.1718646123701074e-11,2.172231105445631e-11,2.1725950984955967e-11,2.1729566089949837e-11,2.1733156543023633e-11,2.1736722516602987e-11,2.1740264181961735e-11,2.1743781709229493e-11,2.174727526739916e-11,2.1750745024330994e-11,2.175419114676125e-11,2.1757613800310225e-11,2.1761013149485632e-11,2.1764389357691778e-11,2.1767742587237254e-11,2.177107299933782e-11,2.177438075412626e-11,2.1777666010658644e-11,2.1780928926919373e-11,2.1784169659828495e-11,2.1787388365249394e-11,2.1790585197992124e-11,2.1793760311824397e-11,2.179691386049624e-11,2.1800045993136636e-11,2.1803156861932087e-11,2.1806246616709706e-11,2.180931540601392e-11,2.1812363378621573e-11,2.1815390679830083e-11,2.181839745559797e-11,2.1821383849439257e-11,2.1824350008388612e-11,2.1827296070258208e-11,2.183022217924493e-11,2.1833128476092177e-11,2.1836015100600445e-11,2.183888219161896e-11,2.1841729886771727e-11,2.1844558323300728e-11,2.1847367637235984e-11,2.185015796367685e-11,2.1852929436802925e-11,2.1855682189876357e-11,2.1858416355248776e-11,2.1861132064367858e-11,2.1863829447780896e-11,2.186650863514361e-11,2.1869169755223053e-11,2.187181293590485e-11,2.187443830419725e-11,2.1877045986239835e-11,2.18796361073033e-11,2.1882208791800425e-11,2.188476416329187e-11,2.188730234472252e-11,2.1889823457721897e-11,2.1892327623321105e-11,2.1894814961709514e-11,2.1897285592266068e-11,2.1899739633530314e-11,2.190217720319458e-11,2.1904598418227718e-11,2.1907003394742657e-11,2.1909392248052263e-11,2.191176509267456e-11,2.1914122042335892e-11,2.1916463209979195e-11,2.1918788707733676e-11,2.192109864700871e-11,2.192339313846881e-11,2.192567229176733e-11,2.1927936216408888e-11,2.1930185020563034e-11,2.1932418812020905e-11,2.1934637696785997e-11,2.1936841781864117e-11,2.1939031171165124e-11,2.1941205971398526e-11,2.1943366283534607e-11,2.194551221424742e-11,2.1947643864823714e-11,2.194976133800592e-11,2.1951864733011014e-11,2.195395414966502e-11,2.1956029688713363e-11,2.1958091449121928e-11,2.196013953015231e-11,2.196217402721435e-11,2.196419503825555e-11,2.1966202659307514e-11,2.1968196986193673e-11,2.1970178113964375e-11,2.1972146136567345e-11,2.1974101147583518e-11,2.1976043240010085e-11,2.1977972506161646e-11,2.197988903729089e-11,2.1981792925037777e-11,2.1983684259430263e-11,2.1985563130187318e-11,2.1987429626376698e-11,2.1989283836452463e-11,2.19911258482212e-11,2.199295574906813e-11,2.199477362552736e-11,2.1996579563618953e-11,2.1998373648766565e-11,2.2000155965739637e-11,2.200192659888789e-11,2.2003685631956995e-11,2.200543314801737e-11,2.2007169228835705e-11,2.2008893956583556e-11,2.201060741281543e-11,2.2012309678092906e-11,2.2014000832737966e-11,2.2015680956689844e-11,2.2017350128474462e-11,2.2019008426796637e-11,2.2020655928862418e-11,2.2022292712916184e-11,2.2023918855524898e-11,2.2025534433131832e-11,2.2027139521423283e-11,2.2028734195352903e-11,2.2030318529926487e-11,2.2031892598320346e-11,2.203345647632517e-11,2.20350102357881e-11,2.2036553949417415e-11,2.203808768931434e-11,2.2039611527135858e-11,2.2041125532932215e-11,2.2042629778270817e-11,2.2044124334291666e-11,2.2045609269502574e-11,2.2047084653171123e-11,2.2048550553704356e-11,2.2050007039392882e-11,2.2051454177833414e-11,2.205289203608377e-11,2.2054320680952138e-11,2.2055740179121253e-11,2.2057150594969836e-11,2.205855199513228e-11,2.2059944444028025e-11,2.2061328005928565e-11,2.2062702744921767e-11,2.206406872429573e-11,2.2065426006987615e-11,2.2066774655735737e-11,2.206811473192715e-11,2.206944629871702e-11,2.207076941718577e-11,2.2072084146877643e-11,2.2073390548976718e-11,2.2074688683083478e-11,2.207597860925636e-11,2.207726038660095e-11,2.2078534072538272e-11,2.2079799726360857e-11,2.208105740575695e-11,2.2082307167944858e-11,2.2083549070418632e-11,2.2084783169569833e-11,2.2086009521602844e-11,2.2087228182710323e-11,2.2088439207607265e-11,2.208964265167366e-11,2.2090838568887563e-11,2.209202701483901e-11,2.2093208042689856e-11,2.2094381705952254e-11,2.209554805772796e-11,2.209670715074145e-11,2.2097859037322678e-11,2.2099003769531196e-11,2.2100141398678955e-11,2.2101271976425916e-11,2.210239555332132e-11,2.2103512179943605e-11,2.2104621906465595e-11,2.2105724782730413e-11,2.2106820858082094e-11,2.2107910181793655e-11,2.2108992802173564e-11,2.2110068767737096e-11,2.211113812677341e-11,2.2112200926967e-11,2.2113257215445486e-11,2.2114307039447255e-11,2.211535044559295e-11,2.211638748048327e-11,2.2117418189415997e-11,2.2118442618529598e-11,2.211946081314709e-11,2.212047281829312e-11,2.212147867869046e-11,2.212247843873759e-11,2.2123472142490663e-11,2.2124459833698585e-11,2.212544155585047e-11,2.2126417352068882e-11,2.2127387265180187e-11,2.212835133778914e-11,2.2129309611971363e-11,2.2130262129529335e-11,2.213120893235068e-11,2.213215006167727e-11,2.213308555907218e-11,2.2134015464188343e-11,2.2134939817906386e-11,2.2135858661109326e-11,2.21367720322623e-11,2.2137679971668e-11,2.2138582518597514e-11,2.213947971208422e-11,2.2140371590785032e-11,2.214125819320978e-11,2.2142139557527537e-11,2.2143015721627813e-11,2.214388672315096e-11,2.2144752599435285e-11,2.2145613387587916e-11,2.2146469124402422e-11,2.2147319846451632e-11,2.2148165590061932e-11,2.21490063912514e-11,2.2149842285787178e-11,2.2150673309695675e-11,2.215149949726046e-11,2.215232088406031e-11,2.21531375050794e-11,2.2153949394120737e-11,2.2154756585869834e-11,2.215555911432598e-11,2.2156357013258918e-11,2.215715031619788e-11,2.2157939056467278e-11,2.2158723267088966e-11,2.2159502980844547e-11,2.2160278230364676e-11,2.2161049047946412e-11,2.2161815465846306e-11,2.2162577515688562e-11,2.216333522925383e-11,2.216408863799395e-11,2.216483777303194e-11,2.216558266547617e-11,2.2166323345875e-11,2.2167059844855622e-11,2.2167792193053626e-11,2.216852041987405e-11,2.2169244555563137e-11,2.2169964629748344e-11,2.2170680671888142e-11,2.2171392711203953e-11,2.21721007767314e-11,2.217280489712955e-11,2.2173505101156253e-11,2.217420141732501e-11,2.217489387369527e-11,2.2175582498361895e-11,2.2176267318928347e-11,2.2176948363091273e-11,2.2177625658197013e-11,2.217829923158644e-11,2.217896911010541e-11,2.2179635320536747e-11,2.2180297889430188e-11,2.2180956843202077e-11,2.2181612208365796e-11,2.2182264010758802e-11,2.2182912276222382e-11,2.218355703055504e-11,2.218419829942808e-11,2.2184836107417045e-11,2.218547048021997e-11,2.2186101442459218e-11,2.218672901897152e-11,2.2187353234356837e-11,2.218797411307135e-11,2.2188591679265517e-11,2.2189205957001462e-11,2.2189816970127617e-11,2.219042474236669e-11,2.2191029297260726e-11,2.2191630658127847e-11,2.219222884820903e-11,2.2192823890488772e-11,2.2193415807825743e-11,2.2194004622875852e-11,2.219459035819288e-11,2.2195173036175038e-11,2.2195752678987217e-11,2.2196329308636637e-11,2.2196902947074797e-11,2.2197473615987e-11,2.2198041336942066e-11,2.2198606131309886e-11,2.2199168020416013e-11,2.2199727025337672e-11,2.220028316699469e-11,2.220083646620818e-11,2.2201386943635785e-11,2.2201934619720897e-11,2.2202479514890167e-11,2.220302164931306e-11,2.2203561043047047e-11,2.2204097716124922e-11,2.2204631688068036e-11,2.220516297862514e-11,2.2205691607389616e-11,2.2206217593481278e-11,2.220674095621281e-11,2.2207261714736888e-11,2.2207779887777503e-11,2.2208295494733107e-11,2.220880855336866e-11,2.220931908249293e-11,2.2209827100615087e-11,2.2210332625928168e-11,2.2210835676666742e-11,2.2211336270671157e-11,2.221183442564346e-11,2.2212330159730752e-11,2.2212823490184502e-11,2.221331443475002e-11,2.2213803010640762e-11,2.2214289235067034e-11,2.221477312499373e-11,2.2215254697618527e-11,2.2215733969605476e-11,2.2216210957863567e-11,2.221668567870135e-11,2.2217158149525687e-11,2.221762838538424e-11,2.221809640312576e-11,2.2218562218875656e-11,2.2219025848736627e-11,2.2219487308516222e-11,2.2219946614059214e-11,2.2220403780940798e-11,2.2220858824740403e-11,2.222131176082761e-11,2.2221762605032016e-11,2.2222211371665806e-11,2.2222658076482885e-11,2.222310273425271e-11,2.2223545359890532e-11,2.222398596816878e-11,2.2224424573761905e-11,2.2224861191277636e-11,2.2225295835223902e-11,2.2225728519965003e-11,2.222615925976669e-11,2.2226588068387385e-11,2.2227014960453897e-11,2.2227439949605077e-11,2.2227863049736895e-11,2.2228284274690605e-11,2.2228703638034568e-11,2.2229121152950823e-11,2.2229536833445256e-11,2.2229950692548836e-11,2.2230362743713652e-11,2.2230773000075943e-11,2.2231181474563858e-11,2.223158818012554e-11,2.2231993129827558e-11,2.2232396336323615e-11,2.2232797812207053e-11,2.223319756973374e-11,2.2233595622359408e-11,2.2233991981752594e-11,2.2234386660676476e-11,2.2234779671124123e-11,2.223517102527844e-11,2.22355607351096e-11,2.2235948812883412e-11,2.223633527001644e-11,2.2236720118684245e-11,2.2237103370421935e-11,2.2237485036755203e-11,2.2237865129354457e-11,2.2238243659671352e-11,2.2238620639118012e-11,2.223899607889418e-11,2.223936999027124e-11,2.2239742384351057e-11,2.224011327219996e-11,2.2240482664815714e-11,2.2240850573016272e-11,2.224121700766881e-11,2.2241581979445487e-11,2.2241945499082767e-11,2.2242307577043046e-11,2.2242668223867706e-11,2.224302745007459e-11,2.2243385265866465e-11,2.2243741681454708e-11,2.2244096707234737e-11,2.2244450353282127e-11,2.2244802629643373e-11,2.2245153546041637e-11,2.2245503112673796e-11,2.2245851339445523e-11,2.224619823588005e-11,2.2246543811673838e-11,2.2246888076557172e-11,2.2247231040034952e-11,2.2247572711671488e-11,2.2247913100503434e-11,2.224825221639151e-11,2.2248590068515203e-11,2.22489266659077e-11,2.2249262017793247e-11,2.2249596132981317e-11,2.2249929020747013e-11,2.225026069007313e-11,2.2250591149623553e-11,2.2250920408299748e-11,2.2251248474931866e-11,2.2251575358260084e-11,2.2251901066695456e-11,2.225222560888966e-11,2.2252548993364198e-11,2.2252871228483005e-11,2.2253192322837525e-11,2.225351228440798e-11,2.2253831121612432e-11,2.2254148842643375e-11,2.2254465455701302e-11,2.2254780968722422e-11,2.2255095389849836e-11,2.2255408726920963e-11,2.22557209879966e-11,2.225603218072805e-11,2.2256342313021918e-11,2.2256651392547547e-11,2.2256959427036087e-11,2.2257266424106574e-11,2.2257572391276237e-11,2.225787733607527e-11,2.225818126583042e-11,2.2258484188040484e-11,2.2258786110029933e-11,2.2259087039105033e-11,2.2259386982613408e-11,2.2259685947591525e-11,2.2259983941166588e-11,2.226028097071256e-11,2.226057704274287e-11,2.2260872164512076e-11,2.226116634298371e-11,2.226145958498445e-11,2.2261751897327976e-11,2.2262043286774574e-11,2.226233376012992e-11,2.2262623323888328e-11,2.2262911984853615e-11,2.2263199749563497e-11,2.226348662461468e-11,2.226377261636602e-11,2.226405773139144e-11,2.226434197596692e-11,2.2264625356457394e-11,2.2264907879235998e-11,2.226518955025304e-11,2.2265470376172274e-11,2.2265750362960817e-11,2.2266029516760818e-11,2.2266307843593807e-11,2.2266585349510942e-11,2.22668620405525e-11,2.2267137922627115e-11,2.2267413001503088e-11,2.226768728326218e-11,2.2267960773576526e-11,2.2268233478248274e-11,2.226850540295998e-11,2.226877655340661e-11,2.2269046935302124e-11,2.2269316554212058e-11,2.2269585415655615e-11,2.2269853525238638e-11,2.2270120888402113e-11,2.2270387510575296e-11,2.2270653397338514e-11,2.2270918553353703e-11,2.2271182984903636e-11,2.2271446696868924e-11,2.22717096944762e-11,2.22719719830407e-11,2.2272233567565135e-11,2.227249445335131e-11,2.2272754645489003e-11,2.2273014148819892e-11,2.2273272968501286e-11,2.227353110952035e-11,2.2273788576997303e-11,2.2274045375543707e-11,2.2274301510352375e-11,2.227455698584964e-11,2.2274811807127017e-11,2.227506597895703e-11,2.227531950598945e-11,2.2275572392973394e-11,2.2275824644597346e-11,2.2276076265479946e-11,2.2276327260197063e-11,2.227657763334526e-11,2.2276827389410667e-11,2.2277076532989583e-11,2.2277325068750758e-11,2.2277573000636058e-11,2.2277820333287184e-11,2.2278067071105678e-11,2.2278313218395616e-11,2.2278558779451436e-11,2.2278803758473892e-11,2.227904815986831e-11,2.227929198784489e-11,2.2279535246556393e-11,2.227977794015965e-11,2.228002007266338e-11,2.2280261648322268e-11,2.2280502671098134e-11,2.2280743145145817e-11,2.2280983074354795e-11,2.2281222462752724e-11,2.228146131424884e-11,2.2281699632790288e-11,2.2281937422143276e-11,2.2282174686348112e-11,2.2282411429160326e-11,2.2282647654436643e-11,2.228288336603069e-11,2.228311856721313e-11,2.2283353262157094e-11,2.228358745460056e-11,2.2283821148130753e-11,2.228405434634879e-11,2.228428705272459e-11,2.2284519271116324e-11,2.2284751004988926e-11,2.2284982257793468e-11,2.2285213033117123e-11,2.2285443334290208e-11,2.228567316506002e-11,2.2285902528704093e-11,2.2286131428645915e-11,2.2286359868283854e-11,2.2286587850941294e-11,2.2286815379974553e-11,2.2287042458694785e-11,2.228726909040001e-11,2.2287495278349908e-11,2.2287721025779724e-11,2.2287946335890467e-11,2.2288171211906527e-11,2.228839565696905e-11,2.2288619674254488e-11,2.228884326691018e-11,2.228906643767422e-11,2.228928918987469e-11,2.2289511526996785e-11,2.228973345168102e-11,2.2289954967231603e-11,2.2290176076188316e-11,2.2290396781692597e-11,2.2290617086677447e-11,2.2290836993811015e-11,2.2291056506652665e-11,2.2291275627721395e-11,2.22914943598557e-11,2.2291712705778423e-11,2.2291930668597504e-11,2.2292148250956194e-11,2.2292365455635027e-11,2.229258228527308e-11,2.229279874289518e-11,2.229301483102291e-11,2.2293230552439094e-11,2.2293445909784826e-11,2.229366090570021e-11,2.2293875542815627e-11,2.22940898238431e-11,2.2294303751256694e-11,2.2294517327601212e-11,2.229473055571212e-11,2.229494343793176e-11,2.2295155976822734e-11,2.2295368174924386e-11,2.2295580034666905e-11,2.229579155852309e-11,2.229600274900619e-11,2.229621360855176e-11,2.229642413932486e-11,2.2296634344210118e-11,2.2296844225268265e-11,2.2297053784902444e-11,2.229726302551222e-11,2.2297471949109876e-11,2.2297680558620188e-11,2.2297888856107014e-11,2.229809684369021e-11,2.2298304523437326e-11,2.2298511898209057e-11,2.2298718969876076e-11,2.2298925740729262e-11,2.2299132212851844e-11,2.2299338388504528e-11,2.2299544269859424e-11,2.229974985901602e-11,2.2299955158178052e-11,2.2300160169483503e-11,2.2300364894950296e-11,2.2300569336740586e-11,2.2300773496880858e-11,2.2300977377444544e-11,2.2301180980516798e-11,2.230138430805551e-11,2.2301587362123537e-11,2.2301790144790217e-11,2.2301992657862854e-11,2.2302194903409186e-11,2.2302396883385303e-11,2.230259859973758e-11,2.2302800054362524e-11,2.2303001249271802e-11,2.2303202186227472e-11,2.2303402867223113e-11,2.230360329409737e-11,2.230380346877809e-11,2.2304003392992252e-11,2.2304203068563637e-11,2.2304402497378993e-11,2.2304601681226093e-11,2.230480062183486e-11,2.2304999321131085e-11,2.230519778079464e-11,2.2305396002560405e-11,2.2305593988191617e-11,2.2305791739433217e-11,2.2305989258028193e-11,2.230618654562304e-11,2.230638360389427e-11,2.2306580434628093e-11,2.2306777039353398e-11,2.2306973419805592e-11,2.2307169577579712e-11,2.2307365514306243e-11,2.230756123169115e-11,2.2307756731201397e-11,2.2307952014516876e-11,2.2308147083202684e-11,2.2308341938908328e-11,2.2308536583075084e-11,2.2308731017191233e-11,2.230892524299592e-11,2.2309119261926273e-11,2.2309313075489436e-11,2.2309506685179833e-11,2.2309700092561236e-11,2.2309893298967984e-11,2.2310086305989615e-11,2.2310279115055884e-11,2.2310471727613615e-11,2.2310664145105274e-11,2.231085636896158e-11,2.2311048400604245e-11,2.2311240241430718e-11,2.23114318928452e-11,2.2311623356232208e-11,2.2311814632973415e-11,2.231200572441805e-11,2.231219663195542e-11,2.231238735691797e-11,2.2312577900642455e-11,2.2312768264429392e-11,2.2312958449652224e-11,2.231314845759448e-11,2.2313338289683345e-11,2.2313527947063536e-11,2.231371743099549e-11,2.231390674281889e-11,2.2314095883649965e-11,2.2314284854948784e-11,2.2314473657859532e-11,2.2314662293590996e-11,2.2314850763422565e-11,2.231503906845816e-11,2.2315227210002298e-11,2.2315415189238865e-11,2.2315603007364636e-11,2.2315790665624077e-11,2.2315978165061715e-11,2.231616550686751e-11,2.2316352692285683e-11,2.2316539722405925e-11,2.231672659837659e-11,2.2316913321337614e-11,2.231709989239274e-11,2.23172863126612e-11,2.2317472583260755e-11,2.231765870533077e-11,2.231784467986316e-11,2.2318030507995357e-11,2.23182161906666e-11,2.2318401729198333e-11,2.2318587124508478e-11,2.231877237767966e-11,2.2318957489666934e-11,2.231914246149643e-11,2.2319327294445643e-11,2.2319511989365885e-11,2.2319696547239338e-11,2.2319880969058656e-11,2.232006525593631e-11,2.2320249408835302e-11,2.2320433428695075e-11,2.232061731647481e-11,2.232080107316719e-11,2.2320984699724284e-11,2.2321168197399877e-11,2.2321351566567552e-11,2.232153480845677e-11,2.2321717923999983e-11,2.2321900914130774e-11,2.2322083779765347e-11,2.232226652182266e-11,2.23224491412093e-11,2.2322631638825225e-11,2.2322814015566727e-11,2.2322996272319982e-11,2.2323178409969206e-11,2.2323360429389338e-11,2.232354233145005e-11,2.2323724117023e-11,2.2323905786955526e-11,2.2324087342085406e-11,2.2324268783278863e-11,2.2324450111364858e-11,2.2324631327175967e-11,2.2324812431530926e-11,2.2324993425243398e-11,2.2325174309136916e-11,2.232535508403088e-11,2.2325535750700866e-11,2.232571630994327e-11,2.232589676258205e-11,2.2326077109378334e-11,2.2326257351116556e-11,2.232643748858407e-11,2.2326617522520068e-11,2.2326797453691103e-11,2.2326977282864584e-11,2.2327157010793498e-11,2.232733663823973e-11,2.2327516165858343e-11,2.2327695594502257e-11,2.2327874924885858e-11,2.232805415763634e-11,2.232823329352571e-11,2.232841233332749e-11,2.2328591277660333e-11,2.232877012729964e-11,2.2328948882966745e-11,2.2329127545188104e-11,2.2329306114824765e-11,2.2329484592449743e-11,2.2329662978784496e-11,2.232984127442387e-11,2.233001948012055e-11,2.2330197596620107e-11,2.233037562438282e-11,2.23305535641545e-11,2.2330731416607584e-11,2.2330909182518446e-11,2.2331086862246184e-11,2.233126445655601e-11,2.23314419660859e-11,2.2331619391453182e-11,2.2331796733268205e-11,2.2331973992163702e-11,2.233215116876833e-11,2.233232826367092e-11,2.2332505277470774e-11,2.2332682210769497e-11,2.2332859064166114e-11,2.2333035838237345e-11,2.2333212533599703e-11,2.2333389150791808e-11,2.233356569040993e-11,2.233374215302883e-11,2.2333918539193545e-11,2.2334094849536665e-11,2.2334271084560692e-11,2.2334447244831025e-11,2.2334623331106555e-11,2.233479934352665e-11,2.2334975282841335e-11,2.2335151149791006e-11,2.233532694451281e-11,2.2335502667738223e-11,2.233567831999688e-11,2.233585390181575e-11,2.2336029413713145e-11,2.2336204856328024e-11,2.2336380229960648e-11,2.233655553517721e-11,2.2336730772520902e-11,2.233690594248326e-11,2.2337081045574752e-11,2.2337256082289346e-11,2.2337431053146578e-11,2.2337605958601418e-11,2.233778079913983e-11,2.233795557521085e-11,2.2338130287319402e-11,2.2338304935945564e-11,2.2338479521557046e-11,2.233865404461965e-11,2.2338828505617554e-11,2.233900290496922e-11,2.2339177243183246e-11,2.2339351520664747e-11,2.233952573789605e-11,2.2339699895310305e-11,2.2339873993363076e-11,2.234004803246991e-11,2.2340222013072694e-11,2.2340395935625622e-11,2.2340569800521175e-11,2.2340743608232683e-11,2.2340917359159363e-11,2.2341091053694623e-11,2.234126469228814e-11,2.234143827538298e-11,2.234161180335463e-11,2.2341785276604056e-11,2.2341958695618043e-11,2.2342132060661565e-11,2.234230537221167e-11,2.234247863066248e-11,2.2342651836397094e-11,2.2342824989839453e-11,2.2342998091357458e-11,2.234317114137415e-11,2.2343344140213685e-11,2.2343517088265485e-11,2.2343689985960336e-11,2.2343862833634512e-11,2.2344035631609464e-11,2.2344208380357404e-11,2.2344381080193935e-11,2.2344553731433502e-11,2.2344726334513867e-11,2.2344898889787135e-11,2.2345071397636645e-11,2.2345243858267982e-11,2.23454162721509e-11,2.2345588639627863e-11,2.2345760961004387e-11,2.2345933236679467e-11,2.234610546698616e-11,2.2346277652150328e-11,2.2346449792671566e-11,2.234662188879643e-11,2.2346793940887773e-11,2.23469659492586e-11,2.2347137914234064e-11,2.2347309836138452e-11,2.2347481715293296e-11,2.234765355201632e-11,2.2347825346627648e-11,2.234799709944143e-11,2.2348168810768042e-11,2.234834048089476e-11,2.2348512110155997e-11,2.2348683698872635e-11,2.2348855247330367e-11,2.234902675588708e-11,2.2349198224723622e-11,2.2349369654237138e-11,2.2349541044642174e-11,2.2349712396024355e-11,2.2349883709162948e-11,2.2350054984105426e-11,2.2350226221149458e-11,2.235039742055043e-11,2.235056858264222e-11,2.235073970783509e-11,2.2350910795957134e-11,2.2351081847627757e-11,2.23512528630636e-11,2.2351423842506925e-11,2.2351594786274497e-11,2.235176569466008e-11,2.235193656783069e-11,2.2352107406124986e-11,2.2352278209519976e-11,2.2352448978754054e-11,2.235261971390843e-11,2.235279041519242e-11,2.235296108286213e-11,2.2353131717121466e-11,2.235330231819388e-11,2.2353472886570465e-11,2.23536434220894e-11,2.2353813925468012e-11,2.2353984396494006e-11,2.2354154835872545e-11,2.2354325243639142e-11,2.23544956199133e-11,2.2354665965081473e-11,2.2354836279324684e-11,2.2355006562532082e-11,2.2355176815613033e-11,2.2355347038578476e-11,2.2355517231416024e-11,2.235568739448547e-11,2.2355857527996255e-11,2.235602763217228e-11,2.2356197707282598e-11,2.235636775356302e-11,2.2356537771127832e-11,2.235670776012264e-11,2.2356877720975156e-11,2.2357047653740418e-11,2.2357217558655953e-11,2.2357387436001164e-11,2.235755728595046e-11,2.2357727108718617e-11,2.235789690447808e-11,2.2358066673433385e-11,2.2358236415809716e-11,2.235840613183962e-11,2.235857582166789e-11,2.235874548554752e-11,2.2358915123646956e-11,2.235908473615692e-11,2.2359254323258354e-11,2.235942388515152e-11,2.2359593421990253e-11,2.235976293407831e-11,2.2359932421486666e-11,2.2360101884536076e-11,2.2360271323396832e-11,2.236044073810156e-11,2.236061012892173e-11,2.23607794960068e-11,2.2360948839659044e-11,2.236111815986961e-11,2.2361287456880904e-11,2.2361456730963572e-11,2.2361625982239246e-11,2.2361795210859644e-11,2.2361964416931283e-11,2.2362133600529685e-11,2.2362302762258746e-11,2.236247190204177e-11,2.2362641019908713e-11,2.2362810116264508e-11,2.2362979191165496e-11,2.2363148244765334e-11,2.2363317277247906e-11,2.2363486288678896e-11,2.2363655279365082e-11,2.2363824249408818e-11,2.236399319896557e-11,2.23641621282286e-11,2.236433103725628e-11,2.236449992627521e-11,2.236466879529096e-11,2.2364837644715686e-11,2.2365006474572612e-11,2.2365175285013047e-11,2.236534407621909e-11,2.236551284832655e-11,2.236568160116779e-11,2.2365850335169172e-11,2.2366019050644878e-11,2.236618774768799e-11,2.2366356426252874e-11,2.2366525086632723e-11,2.2366693728637972e-11,2.236686235289365e-11,2.23670309594111e-11,2.236719954818188e-11,2.236736811939354e-11,2.2367536673234334e-11,2.2367705209790797e-11,2.2367873729143046e-11,2.2368042231369742e-11,2.2368210716805002e-11,2.2368379185515658e-11,2.2368547637544957e-11,2.2368716073075977e-11,2.2368884492233047e-11,2.2369052895073854e-11,2.236922128186986e-11,2.2369389652687307e-11,2.236955800761582e-11,2.2369726346780178e-11,2.2369894670356726e-11,2.2370062978371324e-11,2.2370231271062712e-11,2.237039954850878e-11,2.23705678106825e-11,2.23707360582087e-11,2.2370904290596392e-11,2.2371072508165896e-11,2.2371240711047593e-11,2.2371408899321584e-11,2.237157707322816e-11,2.2371745232756574e-11,2.237191337807667e-11,2.2372081509093483e-11,2.2372249626430846e-11,2.2372417729753563e-11,2.2372585819300747e-11,2.237275389509741e-11,2.2372921957394808e-11,2.2373090006239685e-11,2.2373258041791972e-11,2.23734260642474e-11,2.237359407334528e-11,2.2373762069292296e-11,2.2373930052335097e-11,2.2374098022637532e-11,2.2374265980403364e-11,2.2374433925293732e-11,2.2374601857944402e-11,2.2374769777867962e-11,2.2374937685489484e-11,2.237510558087251e-11,2.2375273464083685e-11,2.2375441335257972e-11,2.2375609194500935e-11,2.237577704187637e-11,2.2375944877510565e-11,2.23761127014524e-11,2.2376280513846654e-11,2.23764483147546e-11,2.2376616104173824e-11,2.23767838823972e-11,2.2376951649411562e-11,2.2377119405278132e-11,2.2377287150142237e-11,2.2377454884063298e-11,2.2377622607129814e-11,2.2377790319428083e-11,2.237795802101752e-11,2.2378125712046417e-11,2.2378293392549156e-11,2.2378461062631426e-11,2.2378628722225753e-11,2.237879637170515e-11,2.237896401100757e-11,2.2379131640214168e-11,2.2379299259407136e-11,2.2379466868667307e-11,2.2379634468074363e-11,2.2379802057676554e-11,2.237996963761613e-11,2.238013720793991e-11,2.2380304768725664e-11,2.2380472320050628e-11,2.2380639861991922e-11,2.238080739462564e-11,2.238097491799506e-11,2.2381142432239615e-11,2.2381309937401645e-11,2.2381477433555707e-11,2.238164492077461e-11,2.238181239909906e-11,2.2381979868637024e-11,2.238214732945748e-11,2.2382314781660943e-11,2.238248222528887e-11,2.2382649660411907e-11,2.2382817087098763e-11,2.2382984505419996e-11,2.2383151915444216e-11,2.238331931720703e-11,2.2383486710841e-11,2.238365409638081e-11,2.2383821473893427e-11,2.2383988843445406e-11,2.2384156205074863e-11,2.2384323558873516e-11,2.238449090493619e-11,2.2384658243298312e-11,2.2384825573998154e-11,2.2384992897151214e-11,2.2385160212794314e-11,2.2385327520990313e-11,2.2385494821801166e-11,2.2385662115288236e-11,2.2385829401513342e-11,2.2385996680545125e-11,2.2386163952436012e-11,2.2386331217236704e-11,2.2386498475015337e-11,2.238666572583131e-11,2.2386832969742402e-11,2.2387000206807845e-11,2.2387167437084813e-11,2.238733466063031e-11,2.2387501877501552e-11,2.2387669087754872e-11,2.238783629144679e-11,2.238800348864463e-11,2.2388170679379257e-11,2.2388337863735e-11,2.2388505041732402e-11,2.2388672213442585e-11,2.2388839378935993e-11,2.2389006538232053e-11,2.2389173691399862e-11,2.238934083849312e-11,2.2389507979562878e-11,2.2389675114697335e-11,2.2389842243806308e-11,2.2390009367149858e-11,2.2390176484674758e-11,2.2390343596425844e-11,2.239051070235609e-11,2.2390677802725263e-11,2.2390844897474042e-11,2.2391011986651853e-11,2.239117907030634e-11,2.2391346148487778e-11,2.2391513221239356e-11,2.2391680288613843e-11,2.2391847350655413e-11,2.2392014407412026e-11,2.2392181458917444e-11,2.2392348505239448e-11,2.2392515546415196e-11,2.2392682582488816e-11,2.2392849613505094e-11,2.2393016639508992e-11,2.2393183660544557e-11,2.239335067660612e-11,2.239351768783724e-11,2.2393684694231983e-11,2.239385169583204e-11,2.2394018692683212e-11,2.2394185684823768e-11,2.2394352672298437e-11,2.239451965519073e-11,2.239468663348161e-11,2.2394853607208537e-11,2.2395020576434115e-11,2.2395187541148386e-11,2.239535450151262e-11,2.2395521457493015e-11,2.2395688409143413e-11,2.2395855356477214e-11,2.239602229952147e-11,2.239618923834416e-11,2.2396356172983187e-11,2.239652310347775e-11,2.23966900298653e-11,2.239685695218455e-11,2.239702387052615e-11,2.2397190784819137e-11,2.2397357695155372e-11,2.2397524601570914e-11,2.2397691504102428e-11,2.2397858402786464e-11,2.2398025297658225e-11,2.239819218875362e-11,2.239835907610829e-11,2.2398525959642107e-11,2.2398692839608726e-11,2.2398859715975716e-11,2.2399026588714085e-11,2.2399193457875958e-11,2.2399360323578603e-11,2.2399527185782927e-11,2.2399694044517464e-11,2.2399860899811234e-11,2.2400027751637278e-11,2.240019460016195e-11,2.2400361445369264e-11,2.240052828720312e-11,2.2400695125830058e-11,2.2400861961202374e-11,2.240102879331662e-11,2.2401195622302657e-11,2.2401362448093505e-11,2.240152927076736e-11,2.2401696090357473e-11,2.2401862906892438e-11,2.240202972040297e-11,2.240219653092049e-11,2.2402363338466822e-11,2.2402530143112965e-11,2.2402696944817567e-11,2.2402863743646693e-11,2.2403030539632985e-11,2.240319733279443e-11,2.2403364123170213e-11,2.2403530910772112e-11,2.2403697695645673e-11,2.2403864477811807e-11,2.240403125729939e-11,2.2404198034127635e-11,2.2404364808339258e-11,2.240453157994654e-11,2.240469834898224e-11,2.2404865115474483e-11,2.2405031879447562e-11,2.2405198640930487e-11,2.240536539994659e-11,2.2405532156524918e-11,2.2405698910687734e-11,2.2405865662462703e-11,2.2406032411809012e-11,2.2406199158881236e-11,2.2406365903641232e-11,2.24065326461122e-11,2.240669938631963e-11,2.2406866124286337e-11,2.240703286003774e-11,2.2407199593628792e-11,2.2407366325021562e-11,2.2407533054128173e-11,2.240769978125731e-11,2.240786650630604e-11,2.2408033229264182e-11,2.2408199950172063e-11,2.2408366669053885e-11,2.2408533385928268e-11,2.2408700100821642e-11,2.240886681375362e-11,2.2409033524748037e-11,2.2409200233825904e-11,2.2409366941009753e-11,2.24095336463431e-11,2.24097003498041e-11,2.2409867051434398e-11,2.2410033751257423e-11,2.2410200449293146e-11,2.2410367145595238e-11,2.241053384011909e-11,2.241070053291806e-11,2.2410867224015014e-11,2.2411033913425493e-11,2.241120060117234e-11,2.241136728728768e-11,2.2411533971766646e-11,2.241170065465283e-11,2.241186733595543e-11,2.2412034015692626e-11,2.2412200693883876e-11,2.2412367370548328e-11,2.2412534045704953e-11,2.241270071936333e-11,2.2412867391561072e-11,2.2413034062297567e-11,2.24132007316216e-11,2.241336739952053e-11,2.2413534066023852e-11,2.2413700731158938e-11,2.2413867395004685e-11,2.2414034057426263e-11,2.2414200718523558e-11,2.2414367378281127e-11,2.2414534036780922e-11,2.2414700694007535e-11,2.241486734998255e-11,2.2415034004716307e-11,2.2415200658125116e-11,2.241536731044332e-11,2.2415533961569663e-11,2.2415700611528906e-11,2.241586726022626e-11,2.241603390790742e-11,2.2416200554446536e-11,2.2416367199877333e-11,2.2416533844380183e-11,2.2416700487630862e-11,2.2416867129841203e-11,2.2417033770990697e-11,2.2417200411123904e-11,2.241736705025517e-11,2.2417533688367553e-11,2.2417700325492455e-11,2.2417866961651017e-11,2.2418033596815856e-11,2.241820023109215e-11,2.241836686450161e-11,2.241853349701143e-11,2.2418700128567068e-11,2.241886675925237e-11,2.2419033389065192e-11,2.2419200018158455e-11,2.2419366646293726e-11,2.2419533273600622e-11,2.241969990010832e-11,2.2419866525820086e-11,2.2420033150754935e-11,2.2420199774898788e-11,2.2420366398279306e-11,2.242053302095249e-11,2.2420699642983156e-11,2.2420866264216507e-11,2.2421032884749107e-11,2.242119950459278e-11,2.242136612376375e-11,2.2421532742273632e-11,2.242169936013393e-11,2.2421865977356325e-11,2.2422032593957642e-11,2.242219920994767e-11,2.242236582533903e-11,2.24225324401426e-11,2.2422699054372306e-11,2.242286566804017e-11,2.242303228115836e-11,2.2423198893737807e-11,2.2423365505790286e-11,2.2423532117326486e-11,2.2423698728361016e-11,2.2423865338908767e-11,2.2424031948973632e-11,2.242419855856971e-11,2.2424365167707675e-11,2.242453177639914e-11,2.2424698384657137e-11,2.2424864992487086e-11,2.2425031599908033e-11,2.242519820692807e-11,2.2425364813555943e-11,2.2425531419803556e-11,2.242569802568252e-11,2.242586463120215e-11,2.2426031236375125e-11,2.242619784120947e-11,2.2426364445715922e-11,2.2426531049904932e-11,2.2426697653767587e-11,2.242686425735498e-11,2.242703086065479e-11,2.2427197463677202e-11,2.242736406643403e-11,2.2427530668935516e-11,2.2427697271200937e-11,2.2427863873330474e-11,2.2428030475127872e-11,2.2428197076711728e-11,2.2428363678049657e-11,2.2428530279211344e-11,2.2428696880162355e-11,2.2428863481188068e-11,2.2429030081811506e-11,2.242919668226939e-11,2.242936328257492e-11,2.2429529882737617e-11,2.242969648276764e-11,2.2429863082680624e-11,2.2430029682467437e-11,2.243019628214799e-11,2.243036288172173e-11,2.2430529481220052e-11,2.243069608062566e-11,2.2430862680100184e-11,2.2431029279366703e-11,2.2431195878584936e-11,2.2431362477761668e-11,2.2431529076892064e-11,2.243169567598062e-11,2.2431862275063816e-11,2.2432028874175562e-11,2.2432195473189042e-11,2.2432362072206573e-11,2.2432528671311337e-11,2.243269527036438e-11,2.2432861869472423e-11,2.243302846859496e-11,2.2433195067748073e-11,2.2433361666957087e-11,2.2433528266178018e-11,2.2433694865191917e-11,2.2433861464564768e-11,2.2434028064196233e-11,2.2434194663776005e-11,2.2434361263576654e-11,2.243452786332294e-11,2.2434694463252827e-11,2.2434861063226424e-11,2.243502766358868e-11,2.2435194263760255e-11,2.24353608641636e-11,2.2435527464476017e-11,2.2435694065118796e-11,2.2435860665931953e-11,2.2436027266891737e-11,2.2436193867973614e-11,2.2436360469499613e-11,2.2436527070678674e-11,2.243669367235351e-11,2.2436860274340394e-11,2.2437026876367684e-11,2.243719347855705e-11,2.243736008105237e-11,2.2437526683745206e-11,2.243769328665194e-11,2.2437859889803927e-11,2.2438026493346282e-11,2.2438193097013716e-11,2.2438359700466228e-11,2.2438526304629595e-11,2.243869290907057e-11,2.2438859513800264e-11,2.2439026119038113e-11,2.2439192724292926e-11,2.2439359329813335e-11,2.2439525935797388e-11,2.243969254180791e-11,2.2439859148261906e-11,2.2440025755047068e-11,2.2440192362116337e-11,2.244035896951988e-11,2.2440525577269195e-11,2.2440692185327717e-11,2.2440858793694687e-11,2.2441025402324555e-11,2.2441192011622058e-11,2.2441358621069206e-11,2.2441525231050383e-11,2.2441691841392967e-11,2.244185845217796e-11,2.2442025063363862e-11,2.2442191674674697e-11,2.2442358286380823e-11,2.2442524898464506e-11,2.244269151097612e-11,2.244285812410823e-11,2.244302473733866e-11,2.244319135106048e-11,2.2443357965195615e-11,2.2443524579717872e-11,2.2443691194952525e-11,2.2443857810321427e-11,2.244402442616623e-11,2.244419104244317e-11,2.2444357659155722e-11,2.244452427643889e-11,2.244469089403922e-11,2.2444857512129594e-11,2.2445024130678986e-11,2.2445190749748826e-11,2.2445357369243983e-11,2.2445523989239448e-11,2.2445690609685378e-11,2.244585723059603e-11,2.2446023852059636e-11,2.2446190474027035e-11,2.2446357096455287e-11,2.244652371938897e-11,2.2446690342869582e-11,2.2446856966824043e-11,2.244702359131119e-11,2.2447190216261438e-11,2.244735684177795e-11,2.2447523467828528e-11,2.244769009441244e-11,2.2447856721521858e-11,2.2448023349240708e-11,2.2448189977344246e-11,2.2448356606089063e-11,2.2448523235343054e-11,2.24486898652291e-11,2.2448856495655886e-11,2.2449023126647196e-11,2.2449189758469182e-11,2.2449356390598515e-11,2.2449523023307898e-11,2.244968965659761e-11,2.2449856290528393e-11,2.245002292496971e-11,2.245018956004278e-11,2.2450356195913646e-11,2.2450522832169082e-11,2.2450689469018753e-11,2.2450856106842122e-11,2.2451022744820384e-11,2.2451189383477955e-11,2.2451356022783916e-11,2.2451522662687412e-11,2.2451689303217742e-11,2.2451855945032888e-11,2.245202258691441e-11,2.245218922929032e-11,2.2452355872346797e-11,2.2452522515976563e-11,2.245268916024937e-11,2.2452855805291056e-11,2.2453022450980373e-11,2.2453189097324927e-11,2.2453355744349656e-11,2.2453522391925863e-11,2.2453689040178926e-11,2.245385568912897e-11,2.2454022338763777e-11,2.2454188989021725e-11,2.245435564002213e-11,2.2454522291631676e-11,2.2454688944093857e-11,2.245485559706767e-11,2.2455022250730352e-11,2.2455188905148538e-11,2.245535556022393e-11,2.2455522215960956e-11,2.245568887239228e-11,2.245585552946719e-11,2.2456022187307075e-11,2.245618884586743e-11,2.245635550535691e-11,2.24565221653927e-11,2.2456688826107336e-11,2.245685548760771e-11,2.2457022149675284e-11,2.2457188812369806e-11,2.245735547602185e-11,2.2457522140366705e-11,2.2457688805429458e-11,2.2457855471123876e-11,2.2458022137657573e-11,2.2458188804839308e-11,2.245835547285177e-11,2.2458522141641864e-11,2.245868881092763e-11,2.245885548114504e-11,2.2459022152258008e-11,2.2459188823980676e-11,2.2459355496527394e-11,2.245952216979558e-11,2.24596888438611e-11,2.2459855518589546e-11,2.2460022194185233e-11,2.2460188870402067e-11,2.2460355547322946e-11,2.2460522225127143e-11,2.2460688903812003e-11,2.2460855583217745e-11,2.2461022263424456e-11,2.246118894439233e-11,2.2461355626724926e-11,2.2461522309200677e-11,2.2461688992650557e-11,2.2461855676626184e-11,2.2462022361575535e-11,2.2462189047303454e-11,2.246235573380749e-11,2.2462522421129412e-11,2.246268910905175e-11,2.2462855797888592e-11,2.246302248762202e-11,2.246318917814514e-11,2.246335586949771e-11,2.2463522561682926e-11,2.2463689254663164e-11,2.246385594845559e-11,2.2464022643119738e-11,2.246418933846876e-11,2.2464356034723918e-11,2.2464522731801565e-11,2.2464689429673077e-11,2.2464856128404178e-11,2.2465022827967413e-11,2.2465189528360158e-11,2.2465356229432646e-11,2.246552293114531e-11,2.246568963404675e-11,2.2465856337752785e-11,2.2466023042442068e-11,2.2466189747863348e-11,2.246635645469311e-11,2.246652316180554e-11,2.2466689869765188e-11,2.2466856578563106e-11,2.2467023288192625e-11,2.246718999861232e-11,2.2467356710088208e-11,2.246752342231254e-11,2.246769013533293e-11,2.246785684927746e-11,2.2468023563998105e-11,2.2468190279656284e-11,2.246835699619276e-11,2.246852371344836e-11,2.246869043168498e-11,2.2468857150715216e-11,2.246902387060106e-11,2.2469190591543787e-11,2.2469357313340257e-11,2.246952403597317e-11,2.246969075946304e-11,2.246985748389228e-11,2.247002420910827e-11,2.247019093525207e-11,2.2470357662269682e-11,2.247052439016965e-11,2.247069111897912e-11,2.2470857848671988e-11,2.247102457907671e-11,2.2471191310558428e-11,2.247135804299167e-11,2.2471524776111718e-11,2.2471691510267937e-11,2.2471858245332232e-11,2.247202498125268e-11,2.247219171805646e-11,2.2472358455812634e-11,2.247252519451134e-11,2.247269193426471e-11,2.2472858674715015e-11,2.247302541612942e-11,2.2473192158317033e-11,2.247335890153245e-11,2.247352564571871e-11,2.247369239073498e-11,2.2473859136465413e-11,2.247402588326457e-11,2.2474192630604343e-11,2.2474359379335455e-11,2.247452612887004e-11,2.24746928793108e-11,2.247485963067301e-11,2.247502638294955e-11,2.2475193136215548e-11,2.2475359890410372e-11,2.2475526645538583e-11,2.2475693401575005e-11,2.247586015852242e-11,2.2476026916312438e-11,2.247619367514852e-11,2.2476360435000595e-11,2.2476527195785674e-11,2.247669395729915e-11,2.2476860719867447e-11,2.2477027483374244e-11,2.247719424779165e-11,2.2477361013169812e-11,2.2477527779493793e-11,2.2477694546703806e-11,2.2477861314934732e-11,2.247802808409477e-11,2.2478194854373006e-11,2.2478361625370712e-11,2.2478528397324306e-11,2.2478695170256846e-11,2.2478861944119654e-11,2.247902871893042e-11,2.2479195494675888e-11,2.24793622713923e-11,2.247952904905299e-11,2.247969582768218e-11,2.2479862607322508e-11,2.248002938822137e-11,2.2480196169798928e-11,2.2480362952260146e-11,2.2480529735629495e-11,2.2480696519999558e-11,2.2480863305356402e-11,2.248103009171819e-11,2.2481196879016724e-11,2.2481363667206145e-11,2.2481530456240104e-11,2.2481697246379054e-11,2.2481864037452805e-11,2.248203082961018e-11,2.2482197622610444e-11,2.2482364416940004e-11,2.2482531211824088e-11,2.248269800773843e-11,2.2482864804565648e-11,2.2483031602436414e-11,2.2483198401306374e-11,2.2483365201164506e-11,2.2483532002003266e-11,2.2483698803787756e-11,2.2483865606514246e-11,2.2484032410154415e-11,2.2484199214849085e-11,2.2484366020643856e-11,2.2484532827222035e-11,2.2484699635009216e-11,2.248486644363638e-11,2.2485033253220507e-11,2.248520006380245e-11,2.248536687540514e-11,2.2485533687947515e-11,2.2485700501470576e-11,2.2485867315975462e-11,2.2486034131773254e-11,2.2486200948672886e-11,2.24863677661685e-11,2.2486534584337507e-11,2.2486701403831472e-11,2.2486868224125336e-11,2.2487035045734314e-11,2.2487201868143357e-11,2.2487368691569825e-11,2.2487535516024137e-11,2.2487702341397252e-11,2.2487869167797712e-11,2.2488035995228565e-11,2.2488202824016285e-11,2.2488369653363635e-11,2.248853648370725e-11,2.2488703315064942e-11,2.2488870147448636e-11,2.248903698090738e-11,2.2489203815245146e-11,2.2489370650696714e-11,2.2489537487031365e-11,2.2489704324369247e-11,2.2489871162706512e-11,2.2490038002045502e-11,2.2490204842387413e-11,2.2490371683733056e-11,2.249053852608312e-11,2.2490705369552895e-11,2.2490872213897685e-11,2.2491039059264315e-11,2.249120590563737e-11,2.2491372753017242e-11,2.2491539601405194e-11,2.2491706450801295e-11,2.2491873301353222e-11,2.249204015276853e-11,2.249220700519378e-11,2.2492373858678446e-11,2.2492540712718785e-11,2.2492707567771893e-11,2.2492874424396535e-11,2.2493041281502008e-11,2.249320814000057e-11,2.2493374999513002e-11,2.2493541860075547e-11,2.2493708721735014e-11,2.2493875584335774e-11,2.2494042447944295e-11,2.2494209312569922e-11,2.249437617821266e-11,2.2494543044872652e-11,2.2494709912677295e-11,2.249487678145478e-11,2.2495043651170687e-11,2.249521052200914e-11,2.249537739388281e-11,2.2495544266674218e-11,2.2495711140941497e-11,2.249587801579384e-11,2.2496044891676073e-11,2.249621176813735e-11,2.249637864599715e-11,2.24965455248543e-11,2.2496712404805482e-11,2.2496879285750468e-11,2.2497046167762242e-11,2.2497213050744542e-11,2.2497379934819043e-11,2.249754681987898e-11,2.2497713705970107e-11,2.249788059295083e-11,2.2498047481096316e-11,2.249821437030109e-11,2.249838126037419e-11,2.249854815170885e-11,2.249871504382561e-11,2.2498881937116797e-11,2.2499048831669786e-11,2.2499215727028782e-11,2.2499382623490833e-11,2.249954952103393e-11,2.2499716419486454e-11,2.2499883319280928e-11,2.2500050219798994e-11,2.2500217121353492e-11,2.2500384023779635e-11,2.2500550927397958e-11,2.2500717832042535e-11,2.250088473748762e-11,2.2501051644114033e-11,2.2501218552021297e-11,2.250138546087813e-11,2.2501552370616756e-11,2.2501719281452957e-11,2.2501886193351956e-11,2.250205310657773e-11,2.2502220020647357e-11,2.2502386935679513e-11,2.2502553851758378e-11,2.2502720768827705e-11,2.250288768714452e-11,2.2503054606304333e-11,2.2503221526337623e-11,2.2503388447502366e-11,2.2503555369779063e-11,2.2503722293075164e-11,2.250388921743258e-11,2.2504056142877222e-11,2.250422306929283e-11,2.2504389996788805e-11,2.2504556925481955e-11,2.250472385495021e-11,2.250489078556765e-11,2.2505057716971774e-11,2.2505224649704224e-11,2.2505391583556096e-11,2.2505558518399615e-11,2.2505725454272576e-11,2.250589239110013e-11,2.2506059329033408e-11,2.250622626800563e-11,2.2506393207985563e-11,2.2506560149034885e-11,2.2506727091222463e-11,2.2506894034389603e-11,2.2507060978615053e-11,2.2507227923861987e-11,2.2507394870359292e-11,2.2507561817738316e-11,2.2507728766155433e-11,2.250789571556869e-11,2.2508062665715333e-11,2.2508229617261286e-11,2.250839656996815e-11,2.2508563523587336e-11,2.250873047847855e-11,2.2508897434160622e-11,2.2509064390837994e-11,2.250923134875003e-11,2.2509398307648067e-11,2.2509565267688603e-11,2.2509732228777386e-11,2.2509899190855003e-11,2.2510066153969407e-11,2.251023311812754e-11,2.251040008338794e-11,2.2510567049810557e-11,2.2510734017133287e-11,2.251090098514661e-11,2.2511067954646337e-11,2.251123492521466e-11,2.2511401896688728e-11,2.2511568869346954e-11,2.2511735843057205e-11,2.2511902817774927e-11,2.251206979355965e-11,2.2512236770403013e-11,2.251240374829572e-11,2.2512570727305574e-11,2.251273770733453e-11,2.2512904688427234e-11,2.2513071670574456e-11,2.2513238653723242e-11,2.251340563767741e-11,2.2513572622932192e-11,2.2513739609202202e-11,2.2513906596521112e-11,2.2514073585343317e-11,2.251424057481929e-11,2.251440756534627e-11,2.251457455696767e-11,2.25147415496223e-11,2.2514908543318432e-11,2.2515075538081474e-11,2.2515242533866015e-11,2.2515409530379798e-11,2.251557652829618e-11,2.251574352728778e-11,2.2515910527334353e-11,2.2516077528463186e-11,2.2516244530662833e-11,2.251641153388476e-11,2.251657853837278e-11,2.251674554373918e-11,2.2516912550368218e-11,2.251707955818451e-11,2.2517246566735533e-11,2.2517413576384326e-11,2.2517580587058167e-11,2.251774759878003e-11,2.2517914611572533e-11,2.2518081625416767e-11,2.251824864035886e-11,2.2518415656285346e-11,2.2518582673332184e-11,2.251874969144103e-11,2.2518916710646695e-11,2.2519083730872495e-11,2.2519250752117245e-11,2.251941777447427e-11,2.251958479808513e-11,2.251975182258493e-11,2.2519918848139897e-11,2.2520085874785323e-11,2.2520252902791118e-11,2.252041993149349e-11,2.2520586961425854e-11,2.252075399233338e-11,2.2520921024432297e-11,2.2521088057513375e-11,2.2521255091580756e-11,2.2521422126701652e-11,2.2521589162923283e-11,2.252175620022729e-11,2.252192323856611e-11,2.2522090277984948e-11,2.2522257318286793e-11,2.252242435979451e-11,2.252259140238576e-11,2.25227584460676e-11,2.2522925490817238e-11,2.2523092536602233e-11,2.252325958340915e-11,2.252342663130914e-11,2.2523593680332893e-11,2.2523760730380276e-11,2.2523927781479855e-11,2.2524094833612447e-11,2.252426188687964e-11,2.2524428941229562e-11,2.2524595996661154e-11,2.2524763052954258e-11,2.2524930110429248e-11,2.2525097168780396e-11,2.252526422817876e-11,2.252543128886488e-11,2.2525598350679725e-11,2.2525765413540973e-11,2.2525932477477403e-11,2.252609954286813e-11,2.252626660894143e-11,2.2526433676127233e-11,2.2526600744346834e-11,2.2526767813560176e-11,2.2526934883859648e-11,2.252710195526937e-11,2.2527269027757418e-11,2.25274361013143e-11,2.2527603175720228e-11,2.25277702514191e-11,2.252793732815904e-11,2.252810440600447e-11,2.2528271484907963e-11,2.2528438564872543e-11,2.2528605645900018e-11,2.2528772728018764e-11,2.252893981119332e-11,2.2529106895452487e-11,2.2529273980817998e-11,2.2529441066913188e-11,2.2529608154333664e-11,2.252977524286116e-11,2.2529942332447e-11,2.2530109423048706e-11,2.2530276514790826e-11,2.2530443607600122e-11,2.2530610701614068e-11,2.2530777796581898e-11,2.2530944892607727e-11,2.2531111989777496e-11,2.2531279087946722e-11,2.2531446187199742e-11,2.2531613287529664e-11,2.253178038889516e-11,2.2531947491362866e-11,2.2532114594885466e-11,2.2532281699485307e-11,2.2532448805086612e-11,2.2532615911841556e-11,2.253278301965153e-11,2.2532950128573018e-11,2.2533117238533125e-11,2.253328434956649e-11,2.25334514616827e-11,2.2533618574861458e-11,2.253378568914158e-11,2.2533952804476937e-11,2.253411992087258e-11,2.2534287038236532e-11,2.25344541568143e-11,2.253462127642832e-11,2.2534788397091342e-11,2.2534955518874012e-11,2.253512264173485e-11,2.2535289765652752e-11,2.2535456890665724e-11,2.2535624016825446e-11,2.2535791143938294e-11,2.253595827217726e-11,2.2536125401461922e-11,2.2536292532418658e-11,2.2536459663966073e-11,2.2536626796472083e-11,2.2536793930013077e-11,2.2536961064747137e-11,2.2537128200713347e-11,2.2537295337507215e-11,2.253746247536996e-11,2.2537629614318508e-11,2.2537796754370215e-11,2.2537963895414606e-11,2.253813103780608e-11,2.253829818107561e-11,2.25384653254115e-11,2.2538632470796624e-11,2.253879961725463e-11,2.2538966764915188e-11,2.253913391352013e-11,2.2539301063081725e-11,2.2539468213943157e-11,2.2539635365798754e-11,2.2539802518543638e-11,2.2539969672527997e-11,2.2540136827608483e-11,2.2540303983585717e-11,2.2540471140526148e-11,2.2540638298891782e-11,2.254080545788726e-11,2.2540972618309775e-11,2.2541139780066317e-11,2.254130694264496e-11,2.254147410633495e-11,2.2541641271085715e-11,2.2541808436769953e-11,2.2541975603729635e-11,2.2542142771709024e-11,2.2542309940786204e-11,2.254247711092964e-11,2.2542644282088217e-11,2.2542811454455944e-11,2.2542978627789276e-11,2.254314580224812e-11,2.254331297784984e-11,2.254348015448566e-11,2.2543647332102485e-11,2.2543814510908123e-11,2.2543981690698307e-11,2.2544148871547017e-11,2.254431605355494e-11,2.2544483236572208e-11,2.254465042055117e-11,2.2544817606323566e-11,2.254498479250377e-11,2.2545151979837167e-11,2.2545319168225723e-11,2.2545486357695477e-11,2.2545653548243526e-11,2.2545820739804865e-11,2.2545987932486462e-11,2.2546155126227186e-11,2.2546322321075718e-11,2.254648951702787e-11,2.2546656714036358e-11,2.2546823912239392e-11,2.2546991111396145e-11,2.254715831163357e-11,2.2547325512896508e-11,2.2547492715349618e-11,2.254765991880478e-11,2.2547827123345278e-11,2.2547994328988177e-11,2.2548161535688314e-11,2.2548328743457372e-11,2.2548495952303066e-11,2.2548663162220648e-11,2.254883037336236e-11,2.2548997585356214e-11,2.254916479854981e-11,2.2549332012772655e-11,2.254949922810629e-11,2.25496664445547e-11,2.2549833662036837e-11,2.2550000880694906e-11,2.2550168100303293e-11,2.255033532101964e-11,2.2550502542757042e-11,2.25506697660035e-11,2.2550836989945006e-11,2.2551004214920846e-11,2.2551171441009188e-11,2.2551338668269002e-11,2.2551505896524684e-11,2.2551673125849842e-11,2.255184035616445e-11,2.255200758776003e-11,2.255217482028354e-11,2.255234205391852e-11,2.2552509288600327e-11,2.255267652443988e-11,2.2552843761321958e-11,2.2553010999241833e-11,2.255317823822957e-11,2.2553345478510427e-11,2.2553512719684767e-11,2.255367996194818e-11,2.255384720528238e-11,2.2554014449624284e-11,2.2554181694853475e-11,2.255434894138319e-11,2.2554516189024236e-11,2.2554683437737642e-11,2.255485068752921e-11,2.2555017938301875e-11,2.255518519022646e-11,2.2555352443037393e-11,2.2555519697106047e-11,2.2555686952196346e-11,2.2555854208421996e-11,2.2556021465738097e-11,2.255618872433302e-11,2.2556355983950545e-11,2.2556523244488927e-11,2.2556690506136242e-11,2.2556857768578316e-11,2.2557025032349333e-11,2.255719229722076e-11,2.255735956300267e-11,2.2557526829997448e-11,2.2557694098076955e-11,2.2557861367259067e-11,2.2558028637494853e-11,2.2558195909092776e-11,2.2558363181390022e-11,2.255853045488979e-11,2.255869772942521e-11,2.255886500502544e-11,2.2559032281711102e-11,2.255919955942598e-11,2.255936683826671e-11,2.2559534118197444e-11,2.255970139919635e-11,2.2559868681370713e-11,2.2560035964521925e-11,2.2560203248934637e-11,2.2560370534408156e-11,2.2560537820799044e-11,2.2560705108294348e-11,2.2560872396877852e-11,2.256103968640872e-11,2.256120697715606e-11,2.2561374268619662e-11,2.2561541561479542e-11,2.2561708855398187e-11,2.2561876150402972e-11,2.2562043446470927e-11,2.256221074344301e-11,2.2562378041620433e-11,2.2562545340936887e-11,2.2562712641349495e-11,2.2562879942914446e-11,2.256304724561273e-11,2.256321454921784e-11,2.2563381853916794e-11,2.2563549159811292e-11,2.2563716466680187e-11,2.2563883774625967e-11,2.2564051083560577e-11,2.2564218393605493e-11,2.2564385704672012e-11,2.256455301681833e-11,2.2564720330130647e-11,2.256488764450931e-11,2.2565054959953406e-11,2.256522227639329e-11,2.256538959394411e-11,2.2565556912830657e-11,2.256572423260826e-11,2.2565891553457254e-11,2.256605887553577e-11,2.2566226198461734e-11,2.256639352246387e-11,2.2566560847542643e-11,2.2566728173754746e-11,2.256689550105815e-11,2.2567062829795243e-11,2.256723015917868e-11,2.256739748963806e-11,2.2567564821181704e-11,2.2567732153682392e-11,2.2567899487456806e-11,2.256806682230963e-11,2.25682341583746e-11,2.2568401495354913e-11,2.256856883343244e-11,2.2568736172074195e-11,2.2568903512214775e-11,2.2569070853519306e-11,2.2569238195837516e-11,2.2569405539205946e-11,2.2569572883674022e-11,2.25697402292098e-11,2.2569907575940157e-11,2.2570074924219115e-11,2.2570242272817682e-11,2.2570409622389634e-11,2.2570576973389393e-11,2.2570744325605753e-11,2.2570911678690847e-11,2.2571079032676263e-11,2.257124638810489e-11,2.2571413744474944e-11,2.2571581101927577e-11,2.2571748460162123e-11,2.2571915819805392e-11,2.257208318046261e-11,2.257225054221768e-11,2.257241790514121e-11,2.2572585269156864e-11,2.257275263413496e-11,2.2572919999973357e-11,2.2573087367103322e-11,2.2573254735002116e-11,2.257342210429736e-11,2.2573589474569092e-11,2.25737568457293e-11,2.2573924218237303e-11,2.2574091591991224e-11,2.257425896665644e-11,2.2574426342423023e-11,2.2574593719233663e-11,2.2574761097303396e-11,2.257492847629277e-11,2.2575095856293422e-11,2.2575263237268264e-11,2.257543061952375e-11,2.2575598002805577e-11,2.2575765387156854e-11,2.257593277261086e-11,2.2576100159116726e-11,2.25762675466693e-11,2.2576434935138223e-11,2.2576602324752932e-11,2.257676971557058e-11,2.2576937107396475e-11,2.2577104500331457e-11,2.2577271894482182e-11,2.2577439289340763e-11,2.2577606685570932e-11,2.2577774082845953e-11,2.2577941481181708e-11,2.2578108880912024e-11,2.2578276281374114e-11,2.257844368293684e-11,2.257861108554675e-11,2.2578778489315974e-11,2.257894589424722e-11,2.25791133000759e-11,2.2579280707017315e-11,2.2579448114803233e-11,2.2579615523884765e-11,2.25797829340904e-11,2.2579950345331712e-11,2.2580117757989246e-11,2.2580285171455378e-11,2.2580452585864602e-11,2.258062000151006e-11,2.258078741809939e-11,2.2580954835387604e-11,2.2581122254157375e-11,2.2581289673908212e-11,2.258145709482329e-11,2.2581624517119736e-11,2.258179194033476e-11,2.258195936441138e-11,2.258212678966321e-11,2.2582294215957442e-11,2.2582461643296414e-11,2.2582629071783868e-11,2.2582796501304292e-11,2.2582963931903096e-11,2.258313136357116e-11,2.2583298795902747e-11,2.258346622969611e-11,2.2583633664516115e-11,2.2583801100052954e-11,2.2583968536918474e-11,2.258413597501544e-11,2.258430341420846e-11,2.2584470854465007e-11,2.2584638295905782e-11,2.258480573832135e-11,2.2584973181718804e-11,2.2585140626282665e-11,2.258530807174594e-11,2.258547551842986e-11,2.258564296613585e-11,2.2585810414989936e-11,2.2585977864978586e-11,2.2586145316411988e-11,2.2586312768329122e-11,2.2586480221503097e-11,2.2586647675836814e-11,2.2586815131190376e-11,2.2586982587617962e-11,2.2587150045207523e-11,2.258731750380418e-11,2.258748496334085e-11,2.2587652423965902e-11,2.2587819885753344e-11,2.2587987349196723e-11,2.258815481349429e-11,2.2588322278267866e-11,2.2588489744268535e-11,2.258865721140369e-11,2.2588824679597138e-11,2.258899214886965e-11,2.2589159619473424e-11,2.258932709087132e-11,2.2589494563363116e-11,2.258966203689407e-11,2.2589829511530185e-11,2.2589996986980627e-11,2.25901644637741e-11,2.2590331941594203e-11,2.2590499420527318e-11,2.2590666900538853e-11,2.259083438131118e-11,2.259100186347199e-11,2.2591169346701883e-11,2.2591336831001863e-11,2.259150431640422e-11,2.259167180243975e-11,2.2591839289960808e-11,2.2592006778510663e-11,2.2592174268181885e-11,2.2592341758977242e-11,2.2592509250789656e-11,2.2592676743698928e-11,2.2592844237764634e-11,2.2593011732786318e-11,2.2593179229275114e-11,2.259334672645288e-11,2.2593514224714766e-11,2.25936817240679e-11,2.2593849224189535e-11,2.2594016725408916e-11,2.259418422782803e-11,2.2594351731438092e-11,2.2594519236275894e-11,2.2594686741618265e-11,2.259485424846534e-11,2.259502175618272e-11,2.259518926515906e-11,2.2595356775365194e-11,2.2595524286475768e-11,2.2595691798662493e-11,2.2595859311886032e-11,2.25960268262176e-11,2.259619434181485e-11,2.259636185838103e-11,2.259652937560582e-11,2.259669689414375e-11,2.2596864413845133e-11,2.2597031934630272e-11,2.2597199456482332e-11,2.259736697940181e-11,2.2597534503386157e-11,2.2597702028417673e-11,2.259786955444683e-11,2.259803708165715e-11,2.259820460986151e-11,2.259837213919916e-11,2.2598539669508855e-11,2.2598707200942842e-11,2.259887473350063e-11,2.2599042267277134e-11,2.2599209801979144e-11,2.2599377337746294e-11,2.2599544874672722e-11,2.2599712412573333e-11,2.2599879951565664e-11,2.2600047491660074e-11,2.260021503280573e-11,2.2600382575040474e-11,2.2600550118257846e-11,2.260071766266884e-11,2.2600885207577865e-11,2.2601052754059996e-11,2.2601220301529785e-11,2.2601387850155894e-11,2.2601555399900345e-11,2.2601722950615215e-11,2.2601890502467642e-11,2.260205805541013e-11,2.2602225609393735e-11,2.260239316502668e-11,2.2602560721114392e-11,2.260272827823291e-11,2.2602895836528318e-11,2.2603063395855753e-11,2.2603230956268718e-11,2.2603398518375238e-11,2.2603566080920412e-11,2.260373364447423e-11,2.2603901208976207e-11,2.260406877488521e-11,2.260423634172872e-11,2.2604403909642775e-11,2.2604571478640268e-11,2.260473904858832e-11,2.2604906619725883e-11,2.260507419193663e-11,2.2605241765216512e-11,2.2605409339558203e-11,2.260557691475004e-11,2.2605744491217758e-11,2.2605912068775227e-11,2.2606079647404017e-11,2.2606247227103647e-11,2.2606414807977354e-11,2.2606582389813783e-11,2.260674997272265e-11,2.260691755669943e-11,2.2607085141747486e-11,2.2607252727725082e-11,2.26074203149122e-11,2.2607587903168625e-11,2.2607755492481242e-11,2.2607923082766522e-11,2.26080906742308e-11,2.2608258266763653e-11,2.260842586036537e-11,2.260859345503789e-11,2.2608761050778914e-11,2.2608928647587538e-11,2.2609096245465978e-11,2.260926384441435e-11,2.2609431444431724e-11,2.2609599045519437e-11,2.2609766647675118e-11,2.2609934250899752e-11,2.2610101855191792e-11,2.2610269460554087e-11,2.261043706698607e-11,2.261060467448521e-11,2.2610772283054804e-11,2.261093989269252e-11,2.2611107503256564e-11,2.2611275114891683e-11,2.261144272771641e-11,2.261161034148998e-11,2.261177795647149e-11,2.2611945572389007e-11,2.2612113189333666e-11,2.261228080748775e-11,2.2612448426589913e-11,2.261261604674367e-11,2.2612783667969946e-11,2.261295129021166e-11,2.2613118913731338e-11,2.2613286538132416e-11,2.2613454163554626e-11,2.2613621790227333e-11,2.2613789417860632e-11,2.2613957046420028e-11,2.2614124676184497e-11,2.2614292306856716e-11,2.261445993892225e-11,2.261462757201096e-11,2.2614795206198903e-11,2.26149628412924e-11,2.2615130477597337e-11,2.2615298114808874e-11,2.261546575394582e-11,2.2615633393299926e-11,2.261580103389358e-11,2.2615968675442986e-11,2.2616136318152156e-11,2.2616303961949916e-11,2.2616471606784342e-11,2.2616639252737718e-11,2.2616806899723127e-11,2.2616974547339802e-11,2.2617142196501882e-11,2.261730984672157e-11,2.2617477498015513e-11,2.261764515031935e-11,2.261781280375632e-11,2.2617980458265506e-11,2.2618148113840146e-11,2.261831577050223e-11,2.2618483428070172e-11,2.2618651087607095e-11,2.2618818747847595e-11,2.261898640920855e-11,2.2619154071626508e-11,2.2619321734629834e-11,2.2619489398652456e-11,2.261965706378199e-11,2.2619824729981427e-11,2.2619992397280173e-11,2.2620160065877627e-11,2.26203277352797e-11,2.2620495405750363e-11,2.262066307748904e-11,2.2620830749938163e-11,2.2620998423997828e-11,2.2621166098726826e-11,2.262133377455808e-11,2.2621501451424422e-11,2.2621669129350445e-11,2.2621836808412956e-11,2.262200448854097e-11,2.2622172169769174e-11,2.2622339851822043e-11,2.2622507535098697e-11,2.2622675219276018e-11,2.2622842904666366e-11,2.2623010591118275e-11,2.262317827865237e-11,2.2623345967184644e-11,2.262351365683948e-11,2.2623681347554123e-11,2.2623849039324348e-11,2.262401673219316e-11,2.26241844261034e-11,2.2624352121024495e-11,2.2624519817016608e-11,2.26246875141306e-11,2.2624855212292246e-11,2.2625022911516777e-11,2.2625190611866998e-11,2.262535831314812e-11,2.262552601557757e-11,2.2625693719074697e-11,2.262586142362502e-11,2.2626029129304656e-11,2.2626196836036746e-11,2.2626364543753665e-11,2.2626532252571595e-11,2.26266999624712e-11,2.2626867673417683e-11,2.2627035385427047e-11,2.2627203098488506e-11,2.262737081268288e-11,2.2627538527885856e-11,2.2627706244107103e-11,2.262787396142801e-11,2.2628041679824006e-11,2.2628209399281982e-11,2.2628377119692573e-11,2.262854484152809e-11,2.2628712564184346e-11,2.262888028791659e-11,2.2629048012930794e-11,2.2629215738690746e-11,2.262938346558361e-11,2.2629551193542853e-11,2.2629718922566685e-11,2.262988665272392e-11,2.2630054383886153e-11,2.2630222116103687e-11,2.2630389849381454e-11,2.2630557583734307e-11,2.2630725319139414e-11,2.2630893055631084e-11,2.2631060793029994e-11,2.2631228531743345e-11,2.2631396271410136e-11,2.2631564011761802e-11,2.2631731753545186e-11,2.263189949640082e-11,2.2632067240319773e-11,2.2632234985302608e-11,2.2632402731457538e-11,2.2632570478563386e-11,2.2632738227207684e-11,2.263290597643271e-11,2.2633073726732094e-11,2.2633241478126602e-11,2.26334092303121e-11,2.2633576983794863e-11,2.263374473822858e-11,2.2633912493879255e-11,2.2634080250541808e-11,2.263424800827859e-11,2.2634415767070415e-11,2.2634583526918415e-11,2.2634751287823468e-11,2.2634919049796463e-11,2.2635086812794387e-11,2.263525457684193e-11,2.2635422342015065e-11,2.2635590108255727e-11,2.2635757875540682e-11,2.263592564388374e-11,2.2636093413301083e-11,2.2636261183770492e-11,2.2636428955306312e-11,2.2636596727891608e-11,2.263676450155173e-11,2.2636932276276727e-11,2.263710005203302e-11,2.263726782882924e-11,2.263743560672823e-11,2.2637603385680103e-11,2.2637771165722367e-11,2.2637938946818586e-11,2.2638106728966913e-11,2.2638274512273235e-11,2.2638442296188708e-11,2.263861008149881e-11,2.2638777867880058e-11,2.2638945655347144e-11,2.2639113443865676e-11,2.263928123343744e-11,2.263944902407235e-11,2.2639616815873458e-11,2.2639784608769482e-11,2.263995240260198e-11,2.2640120197470783e-11,2.2640287992768235e-11,2.2640455789797577e-11,2.2640623587845906e-11,2.264079138696866e-11,2.2640959187134233e-11,2.2641126988386122e-11,2.264129479068413e-11,2.2641462593945106e-11,2.2641630398421962e-11,2.264179820399377e-11,2.2641966011298437e-11,2.2642133818887202e-11,2.26423016275272e-11,2.2642469436789607e-11,2.2642637247565347e-11,2.2642805059402123e-11,2.264297287232769e-11,2.26431406860015e-11,2.2643308501007547e-11,2.264347631701999e-11,2.264364413415188e-11,2.2643811952369227e-11,2.26439797716085e-11,2.2644147591449833e-11,2.2644315412899502e-11,2.2644483235315758e-11,2.264465105885124e-11,2.264481888335771e-11,2.264498670892622e-11,2.2645154535564038e-11,2.2645322363274006e-11,2.2645490192037196e-11,2.2645658021930485e-11,2.264582585295469e-11,2.2645993684825063e-11,2.2646161517776494e-11,2.2646329351899827e-11,2.2646497187034388e-11,2.2646665023300606e-11,2.2646832860544123e-11,2.2647000698818687e-11,2.264716853818651e-11,2.264733637873809e-11,2.2647504220390087e-11,2.26476720628612e-11,2.264783990647887e-11,2.2648007751117042e-11,2.264817559681075e-11,2.2648343443563778e-11,2.2648511291421126e-11,2.264867914030811e-11,2.2648846990298022e-11,2.2649014841281732e-11,2.2649182693294028e-11,2.2649350546351935e-11,2.2649518400524414e-11,2.2649686255736025e-11,2.2649854112022273e-11,2.2650021969348545e-11,2.2650189827746152e-11,2.2650357687204185e-11,2.2650525547724677e-11,2.2650693409316235e-11,2.265086127181657e-11,2.2651029135801056e-11,2.2651197000485158e-11,2.2651364866278473e-11,2.265153273314167e-11,2.2651700601020983e-11,2.2651868469974387e-11,2.2652036340007243e-11,2.2652204211071758e-11,2.265237208319232e-11,2.2652539956369764e-11,2.2652707830838547e-11,2.2652875706176134e-11,2.2653043582457635e-11,2.2653211459880845e-11,2.265337933835234e-11,2.2653547217863178e-11,2.265371509845134e-11,2.265388298009886e-11,2.2654050862802786e-11,2.2654218746594318e-11,2.265438663135154e-11,2.2654554517218908e-11,2.2654722404213108e-11,2.265489029197472e-11,2.265505818093079e-11,2.2655226071013213e-11,2.265539396213981e-11,2.2655561854197232e-11,2.265572974745294e-11,2.2655897641803297e-11,2.2656065537110892e-11,2.2656233433293092e-11,2.2656401330776976e-11,2.2656569229337365e-11,2.2656737128847755e-11,2.2656905029419392e-11,2.2657072931106046e-11,2.2657240833887447e-11,2.2657408737698597e-11,2.2657576642558306e-11,2.2657744548472712e-11,2.2657912455334088e-11,2.265808036335179e-11,2.2658248272435963e-11,2.2658416182590604e-11,2.2658584093779847e-11,2.2658752006036867e-11,2.2658919919359502e-11,2.265908783368278e-11,2.2659255749073067e-11,2.2659423665498855e-11,2.265959158303516e-11,2.265975950160477e-11,2.2659927421225505e-11,2.266009534189044e-11,2.266026326334644e-11,2.2660431186216475e-11,2.266059911007636e-11,2.26607670349642e-11,2.2660934960905424e-11,2.266110288790618e-11,2.2661270816441293e-11,2.2661438745532518e-11,2.2661606675429834e-11,2.266177460658008e-11,2.2661942538864864e-11,2.2662110472178565e-11,2.266227840654558e-11,2.2662446341959757e-11,2.2662614278400624e-11,2.2662782215927453e-11,2.2662950154528207e-11,2.2663118094107727e-11,2.2663286034796796e-11,2.266345397651388e-11,2.2663621919281357e-11,2.266378986299095e-11,2.2663957807870093e-11,2.2664125753827204e-11,2.266429370084507e-11,2.266446164891527e-11,2.2664629598016705e-11,2.2664797548132105e-11,2.2664965499350924e-11,2.266513345141804e-11,2.266530140459737e-11,2.2665469358980165e-11,2.266563731439258e-11,2.266580527087733e-11,2.266597322870993e-11,2.266614118746486e-11,2.2666309147073165e-11,2.2666477107763335e-11,2.2666645070047554e-11,2.266681303284196e-11,2.2666980996657767e-11,2.266714896153362e-11,2.266731692871328e-11,2.266748489554696e-11,2.2667652863599736e-11,2.2667820832711035e-11,2.266798880287043e-11,2.2668156774076764e-11,2.2668324746313542e-11,2.2668492719545134e-11,2.266866069388373e-11,2.2668828669288658e-11,2.2668996645749395e-11,2.2669164623232702e-11,2.2669332601789628e-11,2.2669500581476215e-11,2.266966856199068e-11,2.2669836544331223e-11,2.2670004527101374e-11,2.267017251086444e-11,2.267034049571098e-11,2.2670508481564665e-11,2.2670676468961118e-11,2.267084445695938e-11,2.267101244599001e-11,2.2671180436067877e-11,2.2671348427213335e-11,2.2671516419406637e-11,2.2671684412649037e-11,2.267185240694382e-11,2.2672020402290147e-11,2.2672188398608072e-11,2.267235639578475e-11,2.2672524394257193e-11,2.267269239398083e-11,2.2672860394570976e-11,2.2673028396178262e-11,2.2673196398865293e-11,2.2673364402781134e-11,2.267353240750769e-11,2.2673700413342215e-11,2.2673868420242235e-11,2.267403642775009e-11,2.2674204436709925e-11,2.267437244610681e-11,2.2674540457196083e-11,2.2674708469253226e-11,2.2674876482489774e-11,2.2675044496712127e-11,2.267521251196632e-11,2.2675380528138082e-11,2.26755485454549e-11,2.2675716563875897e-11,2.267588458332682e-11,2.267605260384275e-11,2.2676220625402428e-11,2.2676388648012874e-11,2.267655667169587e-11,2.267672469640333e-11,2.267689272213977e-11,2.267706074881465e-11,2.2677228776744246e-11,2.2677396805609554e-11,2.2677564835542063e-11,2.26777328665052e-11,2.267790089861149e-11,2.2678068931739004e-11,2.2678236965794837e-11,2.267840500097957e-11,2.267857303733147e-11,2.267874107448299e-11,2.2678909112768156e-11,2.267907715211104e-11,2.2679245192472883e-11,2.2679413233935424e-11,2.2679581276450414e-11,2.267974932036741e-11,2.2679917365011708e-11,2.2680085410578732e-11,2.26802534573375e-11,2.2680421505068013e-11,2.2680589554010633e-11,2.2680757603922297e-11,2.268092565483216e-11,2.2681093706764438e-11,2.268126175988556e-11,2.2681429813944974e-11,2.268159786895672e-11,2.268176592507135e-11,2.2681933982238634e-11,2.268210204046479e-11,2.2682270099812396e-11,2.2682438160048254e-11,2.2682606221244636e-11,2.26827742836339e-11,2.2682942347069635e-11,2.26831104118217e-11,2.2683278477329657e-11,2.2683446543899252e-11,2.268361461141897e-11,2.2683782680168408e-11,2.2683950749889624e-11,2.2684118820640327e-11,2.2684286892354443e-11,2.2684454965177705e-11,2.2684623039042388e-11,2.2684791113974663e-11,2.26849591899308e-11,2.2685127266947795e-11,2.2685295345031518e-11,2.2685463424141977e-11,2.2685631504308725e-11,2.268579958532845e-11,2.268596766747192e-11,2.2686135750756158e-11,2.2686303835150517e-11,2.268647192051817e-11,2.2686640006918875e-11,2.2686808094409668e-11,2.2686976182916714e-11,2.268714427284144e-11,2.2687312363435706e-11,2.26874804550756e-11,2.2687648547740455e-11,2.2687816641466055e-11,2.268798473623476e-11,2.2688152832066553e-11,2.2688320928895666e-11,2.268848902677842e-11,2.2688657125726317e-11,2.2688825225842397e-11,2.2688993326765485e-11,2.2689161428852e-11,2.2689329531946176e-11,2.2689497636541126e-11,2.2689665741758044e-11,2.268983384798624e-11,2.2690001955289843e-11,2.2690170063621766e-11,2.2690338173010127e-11,2.2690506283426056e-11,2.269067439486865e-11,2.2690842507352805e-11,2.269101062087973e-11,2.2691178735522344e-11,2.2691346851151718e-11,2.2691514967824455e-11,2.2691683085536683e-11,2.2691851204275513e-11,2.269201932408947e-11,2.2692187444929682e-11,2.2692355567130703e-11,2.2692523690037305e-11,2.2692691814019236e-11,2.2692859939009897e-11,2.269302806461251e-11,2.2693196191720104e-11,2.2693364319835744e-11,2.269353244899247e-11,2.2693700579140597e-11,2.269386871038003e-11,2.2694036842696096e-11,2.2694204976018114e-11,2.269437311041702e-11,2.2694541245821617e-11,2.2694709382285303e-11,2.2694877519787882e-11,2.2695045658230623e-11,2.26952137977994e-11,2.2695381938408577e-11,2.269555008005849e-11,2.269571822274968e-11,2.2695886366481078e-11,2.2696054511253078e-11,2.2696222657082477e-11,2.2696390803952286e-11,2.2696558951845988e-11,2.269672710077965e-11,2.2696895250741735e-11,2.269706340175567e-11,2.269723155380991e-11,2.2697399706903912e-11,2.269756786104236e-11,2.269773601625382e-11,2.269790417244097e-11,2.2698072329693963e-11,2.2698240487987207e-11,2.2698408647320178e-11,2.2698576807692178e-11,2.26987449691037e-11,2.2698913131555133e-11,2.2699081295045524e-11,2.2699249459575832e-11,2.269941762514472e-11,2.2699585791770083e-11,2.269975395945635e-11,2.269992212814277e-11,2.270009029786832e-11,2.270025846863232e-11,2.2700426640452813e-11,2.2700594813311153e-11,2.270076298720401e-11,2.2700931162140006e-11,2.2701099338140853e-11,2.27012675151367e-11,2.2701435693349062e-11,2.2701603872434143e-11,2.270177205246952e-11,2.270194023363086e-11,2.270210841582361e-11,2.2702276599049824e-11,2.270244478332534e-11,2.2702612968638965e-11,2.2702781153860453e-11,2.270294934124975e-11,2.2703117529618316e-11,2.2703285719106576e-11,2.2703453909625374e-11,2.2703622101138023e-11,2.2703790293764338e-11,2.2703958487462892e-11,2.270412668211612e-11,2.2704294877713813e-11,2.2704463074457765e-11,2.270463127223534e-11,2.2704799470987808e-11,2.270496767082598e-11,2.2705135871494957e-11,2.2705304073380357e-11,2.2705472276333444e-11,2.2705640480318173e-11,2.2705808685310738e-11,2.2705976891369536e-11,2.270614509816424e-11,2.270631330637464e-11,2.2706481515583905e-11,2.2706649725788128e-11,2.270681793700301e-11,2.2706986149264415e-11,2.270715436259095e-11,2.2707322576917364e-11,2.2707490792189416e-11,2.2707659008624987e-11,2.2707827226095785e-11,2.270799544459307e-11,2.2708163664135612e-11,2.270833188464118e-11,2.2708500106210235e-11,2.2708668328797368e-11,2.270883655247605e-11,2.2709004777162014e-11,2.270917300303011e-11,2.2709341229852793e-11,2.270950945764442e-11,2.270967768646395e-11,2.2709845916336626e-11,2.2710014147260202e-11,2.2710182378965902e-11,2.271035061202927e-11,2.2710518846086456e-11,2.271068708115328e-11,2.271085531723691e-11,2.2711023554399977e-11,2.271119179231129e-11,2.2711360031567085e-11,2.2711528271807066e-11,2.271169651305952e-11,2.271186475420612e-11,2.2712032997516166e-11,2.2712201242017908e-11,2.271236948733342e-11,2.2712537733756908e-11,2.2712705981430215e-11,2.271287422990892e-11,2.2713042479335626e-11,2.2713210729883338e-11,2.2713378981233395e-11,2.2713547233847876e-11,2.2713715487740732e-11,2.2713883742969908e-11,2.271405199871007e-11,2.27142202554575e-11,2.2714388513359854e-11,2.2714556772173636e-11,2.2714725032042284e-11,2.27148932929477e-11,2.2715061554897346e-11,2.2715229817884022e-11,2.2715398081764784e-11,2.2715566346804176e-11,2.2715734612884892e-11,2.271590288002495e-11,2.2716071148051455e-11,2.2716239417217232e-11,2.2716407687448094e-11,2.271657595867325e-11,2.2716744230853247e-11,2.2716912504184227e-11,2.271708077851186e-11,2.271724905376518e-11,2.2717417329927684e-11,2.2717585607323972e-11,2.2717753885737412e-11,2.271792216525977e-11,2.2718090445654104e-11,2.2718258727177552e-11,2.2718427009759106e-11,2.271859529339023e-11,2.2718763578035e-11,2.2718931863889415e-11,2.2719100150712108e-11,2.2719268438450752e-11,2.27194367271929e-11,2.27196050169824e-11,2.271977330783831e-11,2.271994159970049e-11,2.2720109892593336e-11,2.2720278186525802e-11,2.272044648148889e-11,2.2720614777475516e-11,2.272078307388991e-11,2.2720951372697592e-11,2.272111967177434e-11,2.272128797192231e-11,2.2721456273379913e-11,2.2721624575377758e-11,2.2721792878574437e-11,2.2721961182787423e-11,2.2722129487896905e-11,2.2722297794205266e-11,2.2722466101521636e-11,2.2722634409868073e-11,2.2722802719244253e-11,2.2722971029650004e-11,2.2723139341087356e-11,2.2723307653556978e-11,2.2723475967015136e-11,2.2723644281511725e-11,2.2723812597011235e-11,2.2723980913593057e-11,2.272414923120619e-11,2.2724317549846328e-11,2.2724485869559438e-11,2.2724654190257423e-11,2.2724822511983904e-11,2.2724990835108207e-11,2.272515915884141e-11,2.2725327483654374e-11,2.2725495809419664e-11,2.2725664136318667e-11,2.2725832464186266e-11,2.272600079304682e-11,2.2726169122939958e-11,2.2726337453842916e-11,2.272650578584233e-11,2.2726674118799933e-11,2.2726842452887174e-11,2.2727010787982247e-11,2.2727179124140554e-11,2.2727347461312138e-11,2.272751579937016e-11,2.2727684138422717e-11,2.2727852478633757e-11,2.272802081994457e-11,2.2728189161898436e-11,2.2728357505213684e-11,2.2728525849510344e-11,2.2728694194844013e-11,2.2728862541433517e-11,2.2729030888854993e-11,2.2729199237306174e-11,2.2729367586834544e-11,2.2729535937274163e-11,2.272970428873199e-11,2.2729872641363628e-11,2.2730040994927347e-11,2.2730209349529694e-11,2.2730377705190064e-11,2.2730546061714363e-11,2.2730714419404753e-11,2.2730882778319797e-11,2.2731051138062543e-11,2.2731219498777645e-11,2.2731387860682954e-11,2.273155622350393e-11,2.2731724587370538e-11,2.273189295224308e-11,2.2732061318161732e-11,2.2732229685026247e-11,2.2732398052976017e-11,2.273256642195213e-11,2.273273479208049e-11,2.2732903163175413e-11,2.2733071534759827e-11,2.2733239907835932e-11,2.2733408281938106e-11,2.2733576657067425e-11,2.2733745032675455e-11,2.273391340940191e-11,2.2734081787588497e-11,2.2734250166882858e-11,2.273441854715153e-11,2.2734586928427968e-11,2.273475531076495e-11,2.273492369409003e-11,2.2735092078330974e-11,2.273526046378793e-11,2.2735428850165352e-11,2.2735597237518362e-11,2.2735765625531155e-11,2.2735934015031228e-11,2.273610240586941e-11,2.2736270797298954e-11,2.2736439189751345e-11,2.2736607583309706e-11,2.2736775978150202e-11,2.273694437383173e-11,2.2737112770097625e-11,2.2737281167735734e-11,2.273744956642e-11,2.2737617966125495e-11,2.2737786366855964e-11,2.273795476860939e-11,2.273812317138599e-11,2.273829157511253e-11,2.273845997981528e-11,2.273862838561205e-11,2.273879679247835e-11,2.2738965200370132e-11,2.2739133609284137e-11,2.2739302019162855e-11,2.273947042994664e-11,2.2739638841925512e-11,2.273980725496092e-11,2.2739975669408282e-11,2.2740144084876718e-11,2.27403125012824e-11,2.2740480918669722e-11,2.274064933674088e-11,2.274081775621536e-11,2.2740986176498116e-11,2.2741154597622736e-11,2.274132301982035e-11,2.2741491443100383e-11,2.2741659867352457e-11,2.274182829295228e-11,2.2741996719244518e-11,2.2742165146509735e-11,2.274233357478966e-11,2.274250200419856e-11,2.2742670434714803e-11,2.2742838866200012e-11,2.274300729872567e-11,2.2743175732333752e-11,2.274334416679875e-11,2.2743512602275922e-11,2.2743681038752374e-11,2.2743849476271277e-11,2.274401791476732e-11,2.2744186354305758e-11,2.2744354794913467e-11,2.2744523236482692e-11,2.2744691679118625e-11,2.2744860122901482e-11,2.2745028567568014e-11,2.274519701323333e-11,2.2745365459933832e-11,2.274553390763285e-11,2.2745702356371447e-11,2.274587080610767e-11,2.274603925688073e-11,2.274620770858277e-11,2.2746376161401446e-11,2.274654461575555e-11,2.274671307058971e-11,2.274688152635606e-11,2.274704998379004e-11,2.274721844170609e-11,2.2747386900621858e-11,2.274755536057496e-11,2.2747723821547683e-11,2.2747892283476027e-11,2.274806074648459e-11,2.2748229210512982e-11,2.2748397675499923e-11,2.2748566141563795e-11,2.2748734608682022e-11,2.2748903076237514e-11,2.274907154535791e-11,2.2749240015501138e-11,2.2749408486658142e-11,2.2749576958832872e-11,2.2749745432018876e-11,2.274991390616829e-11,2.2750082381420788e-11,2.2750250857384655e-11,2.2750419334648846e-11,2.275058781286977e-11,2.2750756292205447e-11,2.2750924772508507e-11,2.2751093253838213e-11,2.2751261736139835e-11,2.275143021935566e-11,2.2751598703259106e-11,2.275176718867062e-11,2.2751935675104796e-11,2.2752104162542004e-11,2.2752272650970868e-11,2.2752441140423356e-11,2.275260963092595e-11,2.2752778121891005e-11,2.2752946614425794e-11,2.2753115107939946e-11,2.2753283602331355e-11,2.2753452097918892e-11,2.2753620594504517e-11,2.2753789092634783e-11,2.275395759116984e-11,2.275412609080878e-11,2.275429459132336e-11,2.275446309299225e-11,2.2754631595909234e-11,2.275480009878147e-11,2.27549686034898e-11,2.2755137109215588e-11,2.2755305616823227e-11,2.2755474124573218e-11,2.2755642633325348e-11,2.275581114358235e-11,2.2755979654464005e-11,2.2756148166249794e-11,2.2756316679083815e-11,2.275648519293751e-11,2.275665370780168e-11,2.2756822223681895e-11,2.2756990740755805e-11,2.275715925866577e-11,2.2757327777589683e-11,2.2757496297523948e-11,2.2757664818251763e-11,2.2757833340218608e-11,2.2758001863191355e-11,2.2758170387197087e-11,2.2758338912192e-11,2.2758507438244038e-11,2.2758675965281445e-11,2.2758844493443507e-11,2.275901302248106e-11,2.275918155253945e-11,2.27593500835774e-11,2.2759518615199015e-11,2.2759687148465573e-11,2.2759855682601372e-11,2.2760024217747995e-11,2.2760192753880715e-11,2.276036129097122e-11,2.276052982917392e-11,2.2760698368378168e-11,2.2760866908469826e-11,2.2761035449729728e-11,2.2761203991966665e-11,2.2761372535242477e-11,2.2761541079083247e-11,2.2761709624359172e-11,2.2761878170754124e-11,2.276204671806528e-11,2.2762215266386055e-11,2.2762383815710364e-11,2.276255236604076e-11,2.2762720917390808e-11,2.2762889469751415e-11,2.276305802275397e-11,2.2763226577096117e-11,2.2763395132494013e-11,2.2763563688855537e-11,2.276373224634897e-11,2.2763900804781554e-11,2.2764069364225166e-11,2.2764237924686137e-11,2.2764406486107923e-11,2.2764575048580907e-11,2.276474361209459e-11,2.2764912176599228e-11,2.276508074205842e-11,2.2765249308532336e-11,2.2765417876114682e-11,2.2765586444622117e-11,2.2765755014176323e-11,2.2765923584610355e-11,2.2766092156182982e-11,2.2766260728768927e-11,2.2766429302364767e-11,2.2766597876917745e-11,2.276676645255544e-11,2.2766935029183146e-11,2.2767103606671377e-11,2.2767272185318328e-11,2.2767440764975575e-11,2.2767609345636384e-11,2.2767777927297987e-11,2.276794650997546e-11,2.276811509367055e-11,2.2768283678365864e-11,2.27684522640527e-11,2.2768620850781863e-11,2.2768789438516423e-11,2.2768958027259448e-11,2.2769126617405143e-11,2.27692952085088e-11,2.276946380027916e-11,2.2769632393094205e-11,2.276980098682476e-11,2.2769969581603685e-11,2.277013817741558e-11,2.2770306774261605e-11,2.2770475372057476e-11,2.277064397100003e-11,2.2770812570839964e-11,2.277098117168807e-11,2.2771149773939233e-11,2.2771318376803016e-11,2.277148698070709e-11,2.2771655585468545e-11,2.27718241913561e-11,2.2771992797421212e-11,2.2772161405371824e-11,2.277233001398341e-11,2.2772498623878873e-11,2.277266723462605e-11,2.277283584655992e-11,2.2773004459621998e-11,2.2773173073485733e-11,2.277334168844026e-11,2.2773510304416395e-11,2.277367892132788e-11,2.2773847539139366e-11,2.2774016158123023e-11,2.2774184778221606e-11,2.2774353399219903e-11,2.277452202109275e-11,2.2774690644112452e-11,2.2774859268175596e-11,2.2775027893172325e-11,2.2775196519073845e-11,2.2775365145954314e-11,2.2775533773953e-11,2.2775702403001213e-11,2.2775871033067116e-11,2.2776039664105418e-11,2.277620829617156e-11,2.2776376929138904e-11,2.2776545563220336e-11,2.2776714198148965e-11,2.2776882834236894e-11,2.2777051471359073e-11,2.2777220109458396e-11,2.2777388748562697e-11,2.2777557388663554e-11,2.2777726029780027e-11,2.2777894671871934e-11,2.277806331499341e-11,2.2778231958582713e-11,2.2778400603719542e-11,2.2778569249830913e-11,2.277873789699946e-11,2.2778906544938225e-11,2.2779075194094745e-11,2.277924384466545e-11,2.277941249578037e-11,2.2779581147900806e-11,2.2779749801044886e-11,2.277991845521977e-11,2.2780087110385016e-11,2.278025576668812e-11,2.278042442375599e-11,2.2780593081946354e-11,2.2780761741139034e-11,2.2780930401336283e-11,2.2781099062537752e-11,2.2781267724717933e-11,2.278143638780175e-11,2.2781605052012917e-11,2.2781773717227168e-11,2.278194238342097e-11,2.278211105051655e-11,2.278227971839831e-11,2.2782448387630182e-11,2.2782617057986013e-11,2.2782785729252115e-11,2.2782954401530714e-11,2.2783123074795207e-11,2.278329174903602e-11,2.2783460424411685e-11,2.278362910058726e-11,2.278379777785205e-11,2.278396645609659e-11,2.2784135135348113e-11,2.2784303815597797e-11,2.2784472496862693e-11,2.2784641179153473e-11,2.278480986241191e-11,2.2784978546687676e-11,2.2785147232294944e-11,2.2785315918094915e-11,2.2785484605359643e-11,2.2785653293633602e-11,2.2785821982898766e-11,2.2785990673154576e-11,2.2786159364419895e-11,2.278632805669402e-11,2.2786496750086707e-11,2.278666544432934e-11,2.278683413957959e-11,2.2787002835816428e-11,2.278717153309159e-11,2.2787340231006244e-11,2.2787508929948274e-11,2.2787677630097277e-11,2.2787846331358152e-11,2.2788015033632858e-11,2.2788183736885406e-11,2.2788352441156396e-11,2.2788521146430955e-11,2.278868985282232e-11,2.278885856008885e-11,2.278902726838691e-11,2.278919597766912e-11,2.278936468794852e-11,2.2789533399191627e-11,2.2789702111460664e-11,2.278987082458005e-11,2.2790039538829557e-11,2.2790208254107254e-11,2.2790376970343773e-11,2.2790545687614535e-11,2.2790714405913545e-11,2.2790883125069223e-11,2.2791051845356778e-11,2.2791220566604334e-11,2.279138928886985e-11,2.2791558012132902e-11,2.2791726736629365e-11,2.2791895462114454e-11,2.2792064188377808e-11,2.2792232915634896e-11,2.2792401644014613e-11,2.2792570373206224e-11,2.279273910342979e-11,2.2792907834678188e-11,2.2793076566970215e-11,2.2793245300213525e-11,2.2793414034389975e-11,2.2793582769648527e-11,2.279375150586077e-11,2.2793920242863424e-11,2.2794088980971884e-11,2.2794257720214984e-11,2.2794426460064207e-11,2.2794595200640182e-11,2.2794763943422575e-11,2.2794932686643883e-11,2.2795101430868937e-11,2.2795270176079657e-11,2.279543892121539e-11,2.2795607668452284e-11,2.279577641666649e-11,2.2795945165804337e-11,2.2796113915211225e-11,2.2796282666898876e-11,2.2796451418387916e-11,2.2796620172003018e-11,2.2796788926154584e-11,2.2796957681327842e-11,2.279712643749324e-11,2.279729519474461e-11,2.279746395268948e-11,2.2797632711804476e-11,2.2797801471950117e-11,2.279797023302925e-11,2.2798138995473367e-11,2.279830775860649e-11,2.2798476522694984e-11,2.279864528781504e-11,2.2798814053770625e-11,2.279898282050121e-11,2.279915158860897e-11,2.2799320357746367e-11,2.2799489127551723e-11,2.279965789864816e-11,2.279982667076997e-11,2.2799995443478806e-11,2.2800164217048428e-11,2.2800332992118552e-11,2.280050176818638e-11,2.2800670545276455e-11,2.2800839323522827e-11,2.28010081025982e-11,2.2801176882511798e-11,2.2801345663529315e-11,2.2801514444720127e-11,2.2801683227761817e-11,2.280185201164299e-11,2.2802020796441936e-11,2.2802189582422714e-11,2.2802358369412673e-11,2.2802527157955088e-11,2.2802695946866277e-11,2.2802864736782697e-11,2.2803033527683953e-11,2.2803202319700455e-11,2.2803371112814125e-11,2.280353990674779e-11,2.2803708701771918e-11,2.2803877497546857e-11,2.280404629449106e-11,2.2804215092197078e-11,2.280438389081591e-11,2.2804552690720073e-11,2.2804721491633695e-11,2.2804890293520368e-11,2.2805059096400392e-11,2.2805227900275388e-11,2.280539670513298e-11,2.280556551100983e-11,2.280573431787606e-11,2.2805903125693442e-11,2.2806071934495558e-11,2.2806240744205053e-11,2.280640955501462e-11,2.2806578366846025e-11,2.2806747179642907e-11,2.2806915993507973e-11,2.280708480830098e-11,2.2807253623944275e-11,2.2807422440756515e-11,2.2807591258349946e-11,2.280776007746245e-11,2.2807928897267935e-11,2.2808097717925586e-11,2.280826653950692e-11,2.2808435362204807e-11,2.280860418615569e-11,2.2808773010792696e-11,2.2808941836478115e-11,2.2809110663222675e-11,2.280927949087189e-11,2.280944831952771e-11,2.2809617149157368e-11,2.280978597976128e-11,2.2809954811400154e-11,2.2810123643883887e-11,2.2810292477574527e-11,2.281046131215069e-11,2.281063014776012e-11,2.2810798984448134e-11,2.281096782199679e-11,2.281113666050955e-11,2.2811305500033088e-11,2.2811474340623348e-11,2.281164318203845e-11,2.2811812024520776e-11,2.2811980867949478e-11,2.2812149712415874e-11,2.281231855796569e-11,2.2812487405138237e-11,2.2812656252567152e-11,2.28128251009998e-11,2.2812993950429376e-11,2.281316280082156e-11,2.2813331651774763e-11,2.281350050414839e-11,2.2813669357400885e-11,2.2813838211747185e-11,2.2814007067082987e-11,2.281417592356293e-11,2.2814344781769787e-11,2.2814513640065564e-11,2.2814682499257342e-11,2.281485135955538e-11,2.281502022068432e-11,2.2815189082773883e-11,2.281535794567038e-11,2.2815526809621016e-11,2.2815695674954983e-11,2.281586454114062e-11,2.2816033408193388e-11,2.2816202276357466e-11,2.2816371145513882e-11,2.2816540015602818e-11,2.2816708886766224e-11,2.2816877758800973e-11,2.2817046631815424e-11,2.2817215505693106e-11,2.2817384380974233e-11,2.2817553257224146e-11,2.2817722134238746e-11,2.2817891012270228e-11,2.281805989107566e-11,2.2818228771383823e-11,2.2818397652342316e-11,2.2818566534032587e-11,2.281873541665388e-11,2.2818904300482265e-11,2.2819073185681293e-11,2.281924207231124e-11,2.28194109592018e-11,2.2819579846947894e-11,2.2819748735902416e-11,2.2819917625780146e-11,2.2820086516612032e-11,2.282025540777207e-11,2.2820424300387303e-11,2.2820593194149718e-11,2.2820762088896634e-11,2.2820930984523147e-11,2.282109988159512e-11,2.2821268778323804e-11,2.2821437677021108e-11,2.2821606576703936e-11,2.282177547737145e-11,2.2821944379041382e-11,2.282211328109397e-11,2.2822282184745753e-11,2.2822451089594305e-11,2.2822619995113148e-11,2.282278890223606e-11,2.282295780980535e-11,2.2823126718359613e-11,2.2823295627714778e-11,2.2823464538185525e-11,2.2823633449667245e-11,2.2823802361786346e-11,2.282397127524706e-11,2.2824140189653952e-11,2.282430910499514e-11,2.282447802130633e-11,2.2824646938685886e-11,2.2824815857117335e-11,2.2824984776428917e-11,2.2825153696838665e-11,2.2825322618168232e-11,2.282549154026034e-11,2.2825660463491023e-11,2.2825829387676544e-11,2.2825998312916116e-11,2.282616723911316e-11,2.2826336166243246e-11,2.282650509445693e-11,2.2826674023533747e-11,2.2826842953586415e-11,2.282701188468275e-11,2.2827180816605035e-11,2.282734974952829e-11,2.282751868342772e-11,2.282768761807306e-11,2.282785655409134e-11,2.282802549096824e-11,2.2828194428875122e-11,2.2828363367836903e-11,2.2828532307268287e-11,2.2828701247016885e-11,2.28288701889128e-11,2.282903913169085e-11,2.282920807559277e-11,2.2829377020386324e-11,2.282954596620428e-11,2.2829714913075057e-11,2.2829883860827742e-11,2.2830052809607595e-11,2.283022175936287e-11,2.2830390709972127e-11,2.28305596616701e-11,2.2830728614207102e-11,2.28308975678866e-11,2.283106652241722e-11,2.2831235477940333e-11,2.2831404434219376e-11,2.2831573391359883e-11,2.2831742349793017e-11,2.2831911309268977e-11,2.283208027035111e-11,2.2832249231835102e-11,2.2832418194355433e-11,2.2832587157500062e-11,2.2832756121211753e-11,2.2832925086629103e-11,2.2833094052879255e-11,2.2833263020348827e-11,2.2833431988950205e-11,2.2833600958307714e-11,2.283376992812069e-11,2.283393889940459e-11,2.283410787152175e-11,2.2834276844753286e-11,2.2834445818968267e-11,2.2834614794213783e-11,2.2834783769988142e-11,2.2834952747138932e-11,2.283512172529956e-11,2.283529070437817e-11,2.283545968451172e-11,2.2835628665604094e-11,2.283579764737786e-11,2.283596663027601e-11,2.283613561413639e-11,2.283630459907371e-11,2.2836473585424033e-11,2.2836642572408666e-11,2.2836811560355466e-11,2.2836980549055255e-11,2.2837149539019717e-11,2.28373185297474e-11,2.2837487521445348e-11,2.2837656514082992e-11,2.283782550780187e-11,2.2837994502470124e-11,2.283816349814259e-11,2.2838332494679822e-11,2.2838501493347875e-11,2.283867049187222e-11,2.283883949143025e-11,2.2839008492008774e-11,2.283917749342e-11,2.2839346495876533e-11,2.2839515498235614e-11,2.2839684502784985e-11,2.2839853508303564e-11,2.2840022514741986e-11,2.2840191522105086e-11,2.2840360530072733e-11,2.284052953968941e-11,2.2840698549885154e-11,2.2840867561070055e-11,2.2841036573204634e-11,2.2841205586420486e-11,2.2841374600454226e-11,2.2841543615582003e-11,2.284171263165678e-11,2.284188164876272e-11,2.2842050666723005e-11,2.2842219686764287e-11,2.2842388706741168e-11,2.28425577286503e-11,2.2842726750502364e-11,2.2842895773634542e-11,2.2843064797548903e-11,2.2843233822389438e-11,2.284340284825617e-11,2.2843571874981818e-11,2.2843740902758954e-11,2.2843909931482692e-11,2.2844078961428656e-11,2.284424799210663e-11,2.2844417024725126e-11,2.284458605751933e-11,2.2844755092152302e-11,2.2844924126764667e-11,2.284509316222754e-11,2.2845262198846845e-11,2.284543123634877e-11,2.284560027589731e-11,2.2845769315324685e-11,2.28459383556194e-11,2.2846107397014278e-11,2.2846276439974366e-11,2.2846445483338896e-11,2.2846614527557594e-11,2.2846783572857185e-11,2.284695261909974e-11,2.2847121667364584e-11,2.2847290716569246e-11,2.2847459766861986e-11,2.2847628817005636e-11,2.2847797868190032e-11,2.2847966920237823e-11,2.284813597329727e-11,2.2848305027427992e-11,2.284847408230959e-11,2.2848643137916256e-11,2.2848812194834687e-11,2.2848981252662225e-11,2.2849150311517302e-11,2.284931937221755e-11,2.284948843268661e-11,2.284965749448135e-11,2.2849826557200988e-11,2.2849995621956683e-11,2.2850164686645297e-11,2.2850333752956312e-11,2.2850502819599198e-11,2.28506718878787e-11,2.285084095644298e-11,2.285101002594958e-11,2.2851179096815645e-11,2.2851348168279653e-11,2.2851517240735848e-11,2.2851686314121535e-11,2.28518553884646e-11,2.2852024464156958e-11,2.285219354141708e-11,2.2852362618656888e-11,2.2852531696735226e-11,2.285270077618083e-11,2.285286985634531e-11,2.2853038937524467e-11,2.2853208019616777e-11,2.285337710268638e-11,2.2853546186684954e-11,2.285371527165791e-11,2.2853884357632753e-11,2.2854053444564454e-11,2.285422253245554e-11,2.2854391621891657e-11,2.2854560711685047e-11,2.285472980248348e-11,2.2854898894228914e-11,2.285506798601713e-11,2.2855237078883662e-11,2.2855406173496532e-11,2.2855575269121423e-11,2.285574436571154e-11,2.2855913463238015e-11,2.2856082562230206e-11,2.2856251661729164e-11,2.285642076222338e-11,2.285658986359421e-11,2.285675896596891e-11,2.2856928069282812e-11,2.2857097173569402e-11,2.285726627876752e-11,2.2857435385122874e-11,2.285760449142884e-11,2.2857773599557006e-11,2.2857942709374768e-11,2.285811181944803e-11,2.2858280930498167e-11,2.2858450042506562e-11,2.2858619155581503e-11,2.2858788268861203e-11,2.2858957384981936e-11,2.2859126500627428e-11,2.2859295617622488e-11,2.2859464735418908e-11,2.2859633854968915e-11,2.2859802974719243e-11,2.2859972095439688e-11,2.286014121713943e-11,2.286031033975048e-11,2.2860479463328513e-11,2.2860648587913523e-11,2.286081771395154e-11,2.2860986840975532e-11,2.2861155968390677e-11,2.2861325096817654e-11,2.2861494226205824e-11,2.2861663357519823e-11,2.2861832488881304e-11,2.286200162107402e-11,2.2862170754000553e-11,2.2862339888157868e-11,2.2862509023303574e-11,2.2862678160483344e-11,2.2862847297540574e-11,2.286301643555774e-11,2.286318557476128e-11,2.286335471487074e-11,2.2863523855771933e-11,2.2863692997635322e-11,2.2863862140462508e-11,2.286403128425527e-11,2.2864200429687703e-11,2.2864369575405934e-11,2.28645387220849e-11,2.2864707869745823e-11,2.2864877018777216e-11,2.2865046168812054e-11,2.2865215319929422e-11,2.2865384471489662e-11,2.2865553624033306e-11,2.2865722778195006e-11,2.286589193284568e-11,2.2866061089121695e-11,2.286623024542281e-11,2.286639940270808e-11,2.2866568560927666e-11,2.2866737720194265e-11,2.2866906879872695e-11,2.286707604096936e-11,2.2867245203109007e-11,2.2867414366132574e-11,2.2867583530116326e-11,2.2867752695063137e-11,2.2867921860973764e-11,2.2868091027922164e-11,2.286826019581682e-11,2.2868429364602818e-11,2.2868598534352743e-11,2.286876770549478e-11,2.28689368771631e-11,2.2869106049815384e-11,2.2869275223430485e-11,2.286944439797449e-11,2.2869613573291996e-11,2.2869782749827995e-11,2.2869951927250653e-11,2.287012110558093e-11,2.2870290284949446e-11,2.2870459465209163e-11,2.287062864642022e-11,2.2870797828668706e-11,2.2870967011806953e-11,2.287113619590561e-11,2.2871305381076358e-11,2.2871474567118678e-11,2.287164375425552e-11,2.2871812942206058e-11,2.2871982131090764e-11,2.287215132105895e-11,2.2872320511829707e-11,2.2872489703693614e-11,2.2872658896509968e-11,2.2872828090213344e-11,2.2872997284862895e-11,2.287316648045096e-11,2.2873335676981878e-11,2.2873504874492924e-11,2.2873674071693504e-11,2.287384327078284e-11,2.287401247117413e-11,2.2874181672567574e-11,2.287435087491488e-11,2.2874520078100984e-11,2.2874689282254737e-11,2.287485848767393e-11,2.2875027693774967e-11,2.2875196900827396e-11,2.2875366108921828e-11,2.287553531782103e-11,2.287570452777265e-11,2.2875873738672583e-11,2.287604295016731e-11,2.2876212163005404e-11,2.2876381376759657e-11,2.2876550591273712e-11,2.2876719806955047e-11,2.287688902334632e-11,2.287705824069154e-11,2.2877227459156744e-11,2.2877396678742078e-11,2.287756589928355e-11,2.287773512065813e-11,2.287790434306591e-11,2.2878073566461156e-11,2.28782427907139e-11,2.2878412015734456e-11,2.287858124199654e-11,2.287875046910246e-11,2.2878919696704402e-11,2.28790889256477e-11,2.2879258155451394e-11,2.2879427386232676e-11,2.2879596617943537e-11,2.2879765850842563e-11,2.287993508465731e-11,2.2880104319404205e-11,2.2880273555156606e-11,2.2880442791869286e-11,2.2880612029369236e-11,2.2880781268024062e-11,2.2880950507526693e-11,2.288111974810801e-11,2.2881288989623543e-11,2.288145823161856e-11,2.2881627474391495e-11,2.288179671872659e-11,2.2881965964224368e-11,2.2882135209945462e-11,2.2882304456920296e-11,2.288247370588467e-11,2.2882642954930854e-11,2.2882812205012783e-11,2.2882981455983033e-11,2.28831507078375e-11,2.2883319960666085e-11,2.2883489214404175e-11,2.2883658469155664e-11,2.288382772469307e-11,2.2883996981339655e-11,2.2884166239184667e-11,2.288433549771871e-11,2.288450475677335e-11,2.288467401726588e-11,2.2884843278627508e-11,2.288501254085508e-11,2.2885181804033616e-11,2.2885351068341232e-11,2.288552033363228e-11,2.2885689599793545e-11,2.288585886685267e-11,2.2886028134999846e-11,2.2886197404018773e-11,2.288636667341798e-11,2.2886535944348877e-11,2.2886705216244634e-11,2.2886874489180917e-11,2.2887043763141334e-11,2.2887213038030835e-11,2.2887382313662797e-11,2.2887551589945416e-11,2.2887720867512854e-11,2.288789014601217e-11,2.2888059423915875e-11,2.2888228704267156e-11,2.2888397985611624e-11,2.28885672677998e-11,2.288873655082313e-11,2.288890583510659e-11,2.2889075120345897e-11,2.2889244406019986e-11,2.2889413693127236e-11,2.2889582980952983e-11,2.2889752269969312e-11,2.2889921560045397e-11,2.2890090850910555e-11,2.2890260142727972e-11,2.289042943536951e-11,2.2890598729075778e-11,2.2890768023675042e-11,2.2890937319899273e-11,2.289110661644625e-11,2.2891275914011374e-11,2.2891445212322017e-11,2.2891614511723052e-11,2.289178381209138e-11,2.2891953113437935e-11,2.2892122415505544e-11,2.289229171890747e-11,2.2892461023058403e-11,2.2892630328116962e-11,2.2892799634100206e-11,2.289296894120644e-11,2.2893138248955593e-11,2.289330755835492e-11,2.2893476868145053e-11,2.2893646178918707e-11,2.2893815491552076e-11,2.2893984804221753e-11,2.2894154117760584e-11,2.289432343268113e-11,2.2894492748391055e-11,2.2894662064732357e-11,2.2894831381968683e-11,2.289500070026621e-11,2.2895170018481823e-11,2.2895339338647734e-11,2.2895508659754285e-11,2.2895677981797202e-11,2.2895847304778907e-11,2.2896016628715757e-11,2.289618595369103e-11,2.2896355279552515e-11,2.2896524606367947e-11,2.2896693934001118e-11,2.2896863262717065e-11,2.28970325924253e-11,2.2897201922830696e-11,2.289737125432609e-11,2.289754058680042e-11,2.2897709920227738e-11,2.2897879254613282e-11,2.2898048589872832e-11,2.2898217926123794e-11,2.2898387263104164e-11,2.2898556601299882e-11,2.2898725941134885e-11,2.2898895281063317e-11,2.2899064621819156e-11,2.2899233963850476e-11,2.2899403306421307e-11,2.2899572650217352e-11,2.2899741994903995e-11,2.289991134039574e-11,2.290008068706288e-11,2.2900250034795875e-11,2.2900419383276185e-11,2.2900588732735324e-11,2.2900758083375467e-11,2.2900927435445703e-11,2.2901096787693197e-11,2.2901266140974537e-11,2.2901435495028155e-11,2.2901604850206573e-11,2.290177420641349e-11,2.2901943563316214e-11,2.2902112921082305e-11,2.2902282279967368e-11,2.2902451639772262e-11,2.290262100052281e-11,2.2902790361800668e-11,2.2902959724714188e-11,2.2903129088046416e-11,2.2903298452530348e-11,2.290346781797877e-11,2.2903637184796113e-11,2.29038065518197e-11,2.290397591994523e-11,2.2904145289154795e-11,2.2904314659319948e-11,2.2904484030658406e-11,2.2904653402700888e-11,2.2904822774096107e-11,2.290499214769992e-11,2.2905161522374758e-11,2.290533089833772e-11,2.29055002737371e-11,2.290566965120894e-11,2.2905839029728e-11,2.290600840971606e-11,2.2906177790058357e-11,2.290634717148898e-11,2.2906516553863653e-11,2.2906685936885678e-11,2.290685532114047e-11,2.2907024706308622e-11,2.290719409257199e-11,2.290736347952381e-11,2.2907532867438432e-11,2.2907702256346855e-11,2.2907871646147913e-11,2.2908041036951452e-11,2.290821042873502e-11,2.2908379821084886e-11,2.29085492146359e-11,2.2908718609570326e-11,2.2908888005062157e-11,2.2909057401491145e-11,2.290922679885756e-11,2.29093961976504e-11,2.2909565596891196e-11,2.290973499703558e-11,2.2909904398033253e-11,2.2910073800078384e-11,2.291024320348361e-11,2.2910412607533374e-11,2.2910582012638643e-11,2.2910751418437958e-11,2.2910920825160485e-11,2.291109023263507e-11,2.2911259641235928e-11,2.2911429050780297e-11,2.2911598461645525e-11,2.291176787309362e-11,2.2911937285469476e-11,2.291210669796903e-11,2.2912276112189747e-11,2.291244552727403e-11,2.2912614943499754e-11,2.2912784360415572e-11,2.291295377809764e-11,2.2913123197582288e-11,2.29132926181166e-11,2.2913462038837513e-11,2.2913631460275108e-11,2.2913800882919488e-11,2.2913970306505587e-11,2.2914139731002474e-11,2.291430915646416e-11,2.29144785822319e-11,2.2914648009470642e-11,2.2914817437722693e-11,2.2914986866599437e-11,2.2915156296678933e-11,2.291532572772321e-11,2.2915495159982528e-11,2.2915664592893535e-11,2.2915834026748125e-11,2.2916003461545433e-11,2.2916172897337778e-11,2.2916342333665367e-11,2.2916511770778177e-11,2.2916681209301084e-11,2.2916850648754928e-11,2.291702008913186e-11,2.2917189530398567e-11,2.291735897312732e-11,2.2917528416323836e-11,2.2917697860431075e-11,2.2917867305418505e-11,2.291803675146181e-11,2.291820619835162e-11,2.2918375646055484e-11,2.2918545094854174e-11,2.291871454465097e-11,2.2918883995167083e-11,2.291905344671328e-11,2.29192228989565e-11,2.291939235219268e-11,2.2919561806747234e-11,2.2919731262069956e-11,2.2919900718087517e-11,2.2920070175240473e-11,2.2920239633324415e-11,2.2920409091867012e-11,2.2920578551812973e-11,2.2920748012692827e-11,2.292091747283002e-11,2.2921086935571336e-11,2.2921256399239878e-11,2.292142586338222e-11,2.2921595329096854e-11,2.2921764795550034e-11,2.2921934263021542e-11,2.2922103731370055e-11,2.2922273200612945e-11,2.2922442670624905e-11,2.2922612141737264e-11,2.292278161376887e-11,2.2922951086778252e-11,2.2923120560631067e-11,2.2923290035458056e-11,2.292345951104848e-11,2.2923628987728108e-11,2.2923798465399086e-11,2.2923967943943088e-11,2.2924137423409768e-11,2.292430690377045e-11,2.292447638522272e-11,2.2924645867388162e-11,2.2924815350543557e-11,2.2924984834651225e-11,2.2925154319877382e-11,2.292532380539636e-11,2.2925493292429428e-11,2.292566278018909e-11,2.29258322688018e-11,2.2926001758494307e-11,2.2926171248918264e-11,2.292634074031997e-11,2.2926510233666552e-11,2.2926679727128856e-11,2.292684922119631e-11,2.292701871641828e-11,2.2927188212770842e-11,2.2927357709897848e-11,2.2927527207992613e-11,2.29276967069592e-11,2.292786620681074e-11,2.2928035707336664e-11,2.2928205208973042e-11,2.292837471168213e-11,2.292854421521947e-11,2.2928713719093173e-11,2.2928883224539037e-11,2.2929052730851938e-11,2.2929222238146037e-11,2.292939174637943e-11,2.292956125552704e-11,2.2929730765626472e-11,2.2929900276709388e-11,2.2930069788700228e-11,2.293023930191907e-11,2.29304088156179e-11,2.2930578330270894e-11,2.2930747846049378e-11,2.2930917362596826e-11,2.293108688007396e-11,2.2931256398749985e-11,2.2931425918076353e-11,2.293159543833098e-11,2.2931764959495027e-11,2.29319344816284e-11,2.293210400464479e-11,2.293227352859409e-11,2.293244305358914e-11,2.2932612579400548e-11,2.2932782106188987e-11,2.293295163382807e-11,2.293312116239805e-11,2.2933290691905784e-11,2.293346022194339e-11,2.2933629753382156e-11,2.29337992840582e-11,2.2933968817246757e-11,2.2934138351357495e-11,2.2934307886325144e-11,2.2934477422282703e-11,2.2934646959152567e-11,2.293481649698773e-11,2.293498603543951e-11,2.2935155575322852e-11,2.2935325115981123e-11,2.2935494658271052e-11,2.2935664200824164e-11,2.2935833743919545e-11,2.2936003288128546e-11,2.293617283331259e-11,2.293634237941545e-11,2.293651192660708e-11,2.2936681474644766e-11,2.2936851023510727e-11,2.293702057331099e-11,2.2937190124044558e-11,2.2937359675711006e-11,2.293752922836126e-11,2.293769878184131e-11,2.2937868336258284e-11,2.2938037891679386e-11,2.293820744772408e-11,2.293837700488652e-11,2.2938546562739864e-11,2.293871612171419e-11,2.2938885681641137e-11,2.293905524248638e-11,2.2939224804748772e-11,2.2939394367422105e-11,2.293956393105548e-11,2.293973349565311e-11,2.293990306128573e-11,2.294007262763812e-11,2.294024219485886e-11,2.2940411762305437e-11,2.2940581331341137e-11,2.294075090139106e-11,2.2940920472356492e-11,2.2941090045196234e-11,2.2941259618141745e-11,2.294142919163601e-11,2.2941598766361817e-11,2.2941768341923856e-11,2.294193791841056e-11,2.2942107495725482e-11,2.2942277074046927e-11,2.294244665323873e-11,2.2942616233123816e-11,2.2942785814205628e-11,2.2942955396193276e-11,2.2943124979271644e-11,2.2943294563095627e-11,2.2943464147846033e-11,2.2943633733469483e-11,2.2943803319973664e-11,2.2943972907477137e-11,2.29441424958808e-11,2.2944312085228094e-11,2.2944481674858526e-11,2.2944651266031166e-11,2.2944820857983007e-11,2.2944990450904674e-11,2.2945160044825147e-11,2.2945329639742155e-11,2.2945499235498587e-11,2.2945668833357602e-11,2.294583843095072e-11,2.2946008029897475e-11,2.2946177629364714e-11,2.2946347229853472e-11,2.2946516830580035e-11,2.294668643276876e-11,2.294685603668871e-11,2.294702564042517e-11,2.2947195245507347e-11,2.2947364850688322e-11,2.2947534457424233e-11,2.294770406509446e-11,2.294787367358315e-11,2.294804328308463e-11,2.2948212894398137e-11,2.2948382505649652e-11,2.2948552117576528e-11,2.2948721730759966e-11,2.2948891344746053e-11,2.2949060959723936e-11,2.2949230575614726e-11,2.2949400192380292e-11,2.294956981008419e-11,2.294973942874146e-11,2.29499090484302e-11,2.2950078668743678e-11,2.2950248290089543e-11,2.295041791243966e-11,2.2950587535555382e-11,2.2950757159567447e-11,2.2950926784595368e-11,2.295109641078739e-11,2.2951266037632187e-11,2.2951435665411656e-11,2.2951605294035477e-11,2.2951774923657307e-11,2.2951944554187096e-11,2.29521141854103e-11,2.295228381827331e-11,2.295245345145123e-11,2.295262308555137e-11,2.2952792720594967e-11,2.295296235659969e-11,2.2953131993675507e-11,2.2953301631639715e-11,2.2953471269686098e-11,2.295364090938545e-11,2.2953810549940456e-11,2.295398019118985e-11,2.2954149833605227e-11,2.295431947690695e-11,2.2954489121114695e-11,2.2954658766327332e-11,2.2954828412369482e-11,2.2954998059307004e-11,2.2955167706074284e-11,2.2955337354825238e-11,2.2955507004502708e-11,2.295567665517408e-11,2.2955846306754628e-11,2.2956015959252267e-11,2.295618561272485e-11,2.295635526676897e-11,2.2956524922147943e-11,2.2956694578212627e-11,2.2956864235175587e-11,2.295703389304552e-11,2.2957203551631333e-11,2.29573732114668e-11,2.29575428721788e-11,2.2957712533706713e-11,2.2957882196364444e-11,2.295805185979517e-11,2.2958221523995942e-11,2.2958391189166764e-11,2.2958560856193662e-11,2.295873052335156e-11,2.295890019106606e-11,2.2959069859868444e-11,2.295923952948662e-11,2.2959409200099228e-11,2.29595788713264e-11,2.295974854363927e-11,2.2959918216984056e-11,2.296008789095184e-11,2.296025756621528e-11,2.2960427242278256e-11,2.2960596919248867e-11,2.2960766596989516e-11,2.2960936275774786e-11,2.2961105955633666e-11,2.2961275636264723e-11,2.2961445317801843e-11,2.29616150003978e-11,2.2961784683586323e-11
15,3.875018717449698e-62,1.6400711013718428e-61,4.8074343065545107e-61,1.067956700169453e-60,2.0204224448253107e-60,3.433978483704489e-60,5.40887140566812e-60,8.044488334117354e-60,1.1440052284977817e-59,1.5694152450610756e-59,2.0905234131085566e-59,2.7171030913822247e-59,3.458884560180182e-59,4.325509087695885e-59,5.326611583189834e-59,6.471764129953279e-59,7.770517768050002e-59,9.232355713230261e-59,1.086680543295798e-58,1.2683267365147197e-58,1.4691264649538418e-58,1.690018953756824e-58,1.9319386937461448e-58,2.195831705871278e-58,2.4826377012835044e-58,2.793295714051639e-58,3.1287442285349783e-58,3.4899212839209976e-58,3.877764559753661e-58,4.293211445655118e-58,4.737199097969033e-58,5.210664485688249e-58,5.714544427579148e-58,6.2497756221416195e-58,6.817294671704305e-58,7.418038101830298e-58,8.052942376850817e-58,8.722943912312561e-58,9.428979084956657e-58,1.0171984240665794e-57,1.0952895700822419e-57,1.1772649767355452e-57,1.2632182726774132e-57,1.3532430853380195e-57,1.4474330411810865e-57,1.5458817659040284e-57,1.6486828845998442e-57,1.7559300218847408e-57,1.8677168019953296e-57,1.9841368488717428e-57,2.1052837862210456e-57,2.23125123756261e-57,2.3621328262701436e-57,2.4980221756027644e-57,2.639012908730619e-57,2.7851986487501247e-57,2.9366730187050574e-57,3.093529641593257e-57,3.255862140376192e-57,3.42376413799066e-57,3.5973292573514984e-57,3.776651121357137e-57,3.961823352891728e-57,4.152939574830968e-57,4.3500934100408605e-57,4.553378481381282e-57,4.7628884117074845e-57,4.978716823871271e-57,5.20095734072153e-57,5.429703585101939e-57,5.665049179859358e-57,5.907087747834052e-57,6.155912911870194e-57,6.41161829480563e-57,6.674297519480916e-57,6.944044208735281e-57,7.220951985407507e-57,7.505114472334606e-57,7.79662529235755e-57,8.095578068312839e-57,8.402066423037102e-57,8.716183979370357e-57,9.038024360147152e-57,9.367681188210431e-57,9.705248086390346e-57,1.0050818677531765e-56,1.040448658446901e-56,1.0766345430037819e-56,1.1136488837078625e-56,1.1515010428423983e-56,1.190200382691563e-56,1.229756265538861e-56,1.2701780536680135e-56,1.3114751093627146e-56,1.3536567949071157e-56,1.3967324725849287e-56,1.4407115046795323e-56,1.4856032534750175e-56,1.5314170812543002e-56,1.5781623503019607e-56,1.625848422900924e-56,1.6744846613356615e-56,1.7240804278894953e-56,1.7746450848465773e-56,1.8261879944898988e-56,1.8787185191038899e-56,1.9322460209722441e-56,1.9867798623783706e-56,2.042329405606366e-56,2.098904012939232e-56,2.1565130466613914e-56,2.2151658690562796e-56,2.274871842408009e-56,2.33564032899949e-56,2.397480691115371e-56,2.460402291039131e-56,2.5244144910540636e-56,2.58952665344414e-56,2.6557481404930545e-56,2.7230883144843972e-56,2.7915565377019027e-56,2.8611621724299027e-56,2.931914580951439e-56,3.003823125550872e-56,3.0768971685114543e-56,3.151146072116822e-56,3.2265791986513136e-56,3.3032059103977223e-56,3.381035569641012e-56,3.460077538663604e-56,3.540341179750196e-56,3.6218358551840055e-56,3.7045709272487295e-56,3.788555758228097e-56,3.8737997104063145e-56,3.9603121460671215e-56,4.0481024274932815e-56,4.13717991696951e-56,4.227553976779057e-56,4.3192339692062085e-56,4.412229256533606e-56,4.506549201045865e-56,4.602203165025836e-56,4.6992005107583e-56,4.797550600526855e-56,4.89726279661485e-56,4.99834646130587e-56,5.100810956884321e-56,5.2046656456334425e-56,5.309919889836869e-56,5.416583051778787e-56,5.524664493742017e-56,5.634173578011141e-56,5.745119666870071e-56,5.857512122601695e-56,5.971360307490074e-56,6.086673583818783e-56,6.203461313872269e-56,6.321732859933642e-56,6.44149758428659e-56,6.562764849214498e-56,6.685544017002135e-56,6.80984444993246e-56,6.935675510290059e-56,7.063046560357659e-56,7.191966962419389e-56,7.322446078758213e-56,7.454493271658791e-56,7.588117903404964e-56,7.723329336280768e-56,7.860136932568342e-56,7.998550054552165e-56,8.138578064516537e-56,8.280230324745435e-56,8.423516197521802e-56,8.568445045128653e-56,8.715026229850434e-56,8.863269113972045e-56,9.013183059776162e-56,9.164777429546289e-56,9.318061585566007e-56,9.473044890119154e-56,9.629736705490905e-56,9.788146393963767e-56,9.948283317819988e-56,1.0110156839344346e-55,1.0273776320822272e-55,1.0439151124537356e-55,1.0606290612770808e-55,1.0775204147809019e-55,1.09459010919344e-55,1.11183908074307e-55,1.1292682656582938e-55,1.1468786001670595e-55,1.16467102049831e-55,1.1826464628801223e-55,1.2008058635409105e-55,1.2191501587088713e-55,1.2376802846126478e-55,1.2563971774804933e-55,1.2753017735407785e-55,1.2943950090218678e-55,1.3136778201521391e-55,1.333151143159948e-55,1.3528159142738086e-55,1.372673069722144e-55,1.3927235457328407e-55,1.4129682785345783e-55,1.4334082043560359e-55,1.4540442594252873e-55,1.4748773799707024e-55,1.4959085022206438e-55,1.5171385624035032e-55,1.5385684967476572e-55,1.5601992414814467e-55,1.582031732833266e-55,1.6040669070314677e-55,1.6263057003044122e-55,1.6487490488806735e-55,1.6713978889884594e-55,1.6942531568561057e-55,1.7173157887120396e-55,1.740586720784765e-55,1.764066889302482e-55,1.7877572304934258e-55,1.811658680586277e-55,1.8357721758092597e-55,1.860098652390746e-55,1.8846390465590964e-55,1.909394294542694e-55,1.934365332569881e-55,1.9595530968692312e-55,1.984958523668946e-55,2.0105825491972255e-55,2.0364261096827638e-55,2.062490141353796e-55,2.0887755804387968e-55,2.1152833631658786e-55,2.1420144257637426e-55,2.1689697044605504e-55,2.1961501354847094e-55,2.223556655064571e-55,2.2511901994285075e-55,2.2790517048050913e-55,2.3071421074225077e-55,2.3354623435091334e-55,2.364013349293318e-55,2.3927960610034414e-55,2.4218114148679054e-55,2.451060347115229e-55,2.4805437939734593e-55,2.5102626916711265e-55,2.5402179764367587e-55,2.570410584498591e-55,2.6008414520849936e-55,2.6315115154243394e-55,2.6624217107449845e-55,2.693572974275291e-55,2.7249662422438044e-55,2.756602450878754e-55,2.7884825364083047e-55,2.820607435061187e-55,2.8529780830656304e-55,2.8855954166501656e-55,2.9184603720428084e-55,2.951573885472104e-55,2.9849368931666023e-55,3.0185503313545165e-55,3.052415136264176e-55,3.086532244124013e-55,3.120902591162356e-55,3.1555271136077636e-55,3.19040674768846e-55,3.2255424296327947e-55,3.2609350956691317e-55,3.296585682025863e-55,3.332495124931337e-55,3.368664360614141e-55,3.405094325302442e-55,3.441785955224426e-55,3.478740186608839e-55,3.515957955683881e-55,3.553440198677935e-55,3.591187851819348e-55,3.629201851336508e-55,3.667483133457965e-55,3.70603263441172e-55,3.744851290426512e-55,3.7839400377305266e-55,3.823299812552131e-55,3.8629315511199194e-55,3.902836189661834e-55,3.943014664406701e-55,3.983467911582644e-55,4.024196867418029e-55,4.065202468141257e-55,4.1064856499807145e-55,4.148047349164752e-55,4.18988850192195e-55,4.232010044480483e-55,4.274412913068488e-55,4.3170980439148065e-55,4.360066373247549e-55,4.403318837295308e-55,4.446856372286072e-55,4.490679914448627e-55,4.534790400011105e-55,4.579188765201922e-55,4.623875946249403e-55,4.668852879381933e-55,4.71412050082791e-55,4.759679746815666e-55,4.8055315535738056e-55,4.851676857330287e-55,4.898116594313686e-55,4.944851700752582e-55,4.991883112875114e-55,5.0392117669098805e-55,5.0868385990848394e-55,5.134764545628804e-55,5.18299054276994e-55,5.231517526736616e-55,5.280346433757167e-55,5.329478200059967e-55,5.3789137618731925e-55,5.428654055425631e-55,5.4787000169454646e-55,5.5290525826612965e-55,5.5797126888012614e-55,5.6306812715935094e-55,5.6819592672668586e-55,5.733547612049478e-55,5.785447242169924e-55,5.8376590938561056e-55,5.8901841033366794e-55,5.943023206840478e-55,5.9961773405951595e-55,6.0496474408295594e-55,6.103434443771846e-55,6.157539285650107e-55,6.211962902693221e-55,6.2667062311293306e-55,6.3217702071865294e-55,6.3771557670936834e-55,6.432863847078708e-55,6.488895383370883e-55,6.545251312197451e-55,6.601932569787221e-55,6.658940092368815e-55,6.71627481617038e-55,6.773937677420508e-55,6.831929612347601e-55,6.890251557179056e-55,6.948904448144677e-55,7.007889221471875e-55,7.067206813389539e-55,7.126858160125496e-55,7.186844197908642e-55,7.247165862966876e-55,7.307824091528528e-55,7.36881981982246e-55,7.430153984077096e-55,7.491827520520283e-55,7.553841365380848e-55,7.616196454887225e-55,7.678893725267309e-55,7.741934112749908e-55,7.805318553562952e-55,7.869047983935796e-55,7.9331233400953e-55,7.99754555827029e-55,8.062315574690175e-55,8.127434325582394e-55,8.192902747175758e-55,8.258721775698655e-55,8.324892347378992e-55,8.391415398445585e-55,8.458291865126293e-55,8.525522683649542e-55,8.593108790244178e-55,8.66105112113804e-55,8.729350612560581e-55,8.798008200739114e-55,8.867024821902038e-55,8.936401412278194e-55,9.006138908096007e-55,9.076238245583283e-55,9.146700360968914e-55,9.21752619048077e-55,9.288716670348316e-55,9.360272736798846e-55,9.432195326060695e-55,9.504485374362812e-55,9.577143817933011e-55,9.650171593000222e-55,9.723569635792783e-55,9.79733888253858e-55,9.871480269465941e-55,9.94599473280381e-55,1.0020883208780538e-54,1.0096146633624508e-54,1.0171785943563007e-54,1.0247802074826033e-54,1.0324195963640848e-54,1.0400968546236444e-54,1.0478120758841117e-54,1.0555653537682186e-54,1.0633567818989636e-54,1.0711864538990183e-54,1.0790544633913312e-54,1.0869609039987411e-54,1.0949058693440304e-54,1.1028894530501479e-54,1.1109117487397602e-54,1.118972850035818e-54,1.1270728505611583e-54,1.1352118439386185e-54,1.1433899237909776e-54,1.1516071837411383e-54,1.1598637174118728e-54,1.1681596184260748e-54,1.176494980406528e-54,1.1848698969761265e-54,1.1932844617576482e-54,1.2017387683739319e-54,1.2102329104479253e-54,1.218766981602356e-54,1.2273410754601212e-54,1.2359552856440536e-54,1.2446097057769372e-54,1.2533044294816047e-54,1.2620395503809543e-54,1.2708151620977617e-54,1.2796313582549201e-54,1.2884882324752739e-54,1.2973858783816043e-54,1.3063243895967995e-54,1.3153038597436418e-54,1.3243243824450846e-54,1.3333860513238473e-54,1.3424889600027675e-54,1.35163320210474e-54,1.360818871252547e-54,1.3700460610690848e-54,1.3793148651771297e-54,1.3886253771995707e-54,1.3979776907592488e-54,1.407371899478947e-54,1.416808096981563e-54,1.42628637688993e-54,1.435806832826831e-54,1.445369558415156e-54,1.454974647277683e-54,1.4646221930373117e-54,1.4743122893168813e-54,1.484045029739166e-54,1.4938205079270674e-54,1.5036388175033574e-54,1.513500052090871e-54,1.523404305312513e-54,1.5333516707910534e-54,1.5433422421493952e-54,1.5533761130103762e-54,1.563453376996771e-54,1.573574127731479e-54,1.58373845883727e-54,1.593946463937114e-54,1.604198236653655e-54,1.614493870609855e-54,1.6248334594285537e-54,1.635217096732592e-54,1.6456448761448048e-54,1.6561168912878926e-54,1.6666332357848383e-54,1.677194003258467e-54,1.6877992873315485e-54,1.6984491816269302e-54,1.709143779767579e-54,1.7198831753761266e-54,1.7306674620756173e-54,1.741496733488751e-54,1.752371083238368e-54,1.7632906049473642e-54,1.7742553922385168e-54,1.785265538734795e-54,1.7963211380589056e-54,1.8074222838336857e-54,1.8185690696820313e-54,1.8297615892267228e-54,1.8409999360907264e-54,1.852284203896744e-54,1.863614486267687e-54,1.8749908768263165e-54,1.886413469195475e-54,1.8978823569980674e-54,1.9093976338569298e-54,1.920959393394834e-54,1.9325677292346745e-54,1.944222734999305e-54,1.9559245043114158e-54,1.9676731307940506e-54,1.9794687080699108e-54,1.9913113297618984e-54,2.003201089492789e-54,2.0151380808854178e-54,2.027122397562756e-54,2.039154133147505e-54,2.051233381262502e-54,2.0633602355306528e-54,2.0755347895748004e-54,2.0877571370177777e-54,2.100027371482282e-54,2.112345586591294e-54,2.1247118759676407e-54,2.137126333234099e-54,2.1495890520135712e-54,2.1621001259288308e-54,2.1746596486027797e-54,2.1872677136582616e-54,2.199924414718035e-54,2.2126298454050074e-54,2.2253840993420238e-54,2.2381872701518452e-54,2.2510394514573836e-54,2.2639407368814754e-54,2.2768912200468093e-54,2.2898909945763705e-54,2.3029401540929944e-54,2.316038792219523e-54,2.3291870025787174e-54,2.3423848787934875e-54,2.355632514486674e-54,2.36893000328104e-54,2.3822774387994887e-54,2.3956749146647885e-54,2.4091225244998543e-54,2.42262036192752e-54,2.4361685205705497e-54,2.4497670940517797e-54,2.4634161759941208e-54,2.4771158600204178e-54,2.4908662397534268e-54,2.5046674088159882e-54,2.5185194608309356e-54,2.5324224894212507e-54,2.5463765882096318e-54,2.5603818508189888e-54,2.574438370872081e-54,2.5885462419918217e-54,2.6027055578010483e-54,2.6169164119226025e-54,2.6311788979792363e-54,2.645493109593796e-54,2.6598591403891904e-54,2.674277083988181e-54,2.688747034013679e-54,2.7032690840885263e-54,2.7178433278354845e-54,2.7324698588773857e-54,2.7471487708372196e-54,2.761880157337676e-54,2.776664112001666e-54,2.7915007284520306e-54,2.80639010031153e-54,2.8213323212029955e-54,2.83632748474934e-54,2.8513756845733324e-54,2.866477014297878e-54,2.881631567545821e-54,2.896839437939995e-54,2.91210071910316e-54,2.927415504658154e-54,2.942783888227894e-54,2.95820596343513e-54,2.9736818239027156e-54,2.9892115632535496e-54,3.004795275110479e-54,3.0204330530964157e-54,3.036124990834051e-54,3.05187118194621e-54,3.0676717200558083e-54,3.083526698785609e-54,3.09943621175853e-54,3.1154003525973276e-54,3.1314192149248357e-54,3.1474928923640553e-54,3.1636214785376633e-54,3.17980506706849e-54,3.196043751579458e-54,3.21233762569333e-54,3.2286867830330937e-54,3.245091317221433e-54,3.2615513218811834e-54,3.2780668906352565e-54,3.2946381171064165e-54,3.31126509491758e-54,3.327947917691583e-54,3.3446866790511817e-54,3.361481472619299e-54,3.378332392018685e-54,3.3952395308722554e-54,3.412202982802855e-54,3.429222841433235e-54,3.4462992003863187e-54,3.4634321532848625e-54,3.480621793751779e-54,3.497868215409824e-54,3.51517151188192e-54,3.5325317767908233e-54,3.549949103759445e-54,3.567423586410638e-54,3.584955318367225e-54,3.6025443932519746e-54,3.620190904687799e-54,3.6378949462974466e-54,3.655656611703847e-54,3.673475994529745e-54,3.6913531883979843e-54,3.7092882869315723e-54,3.7272813837531754e-54,3.7453325724856316e-54,3.763441946751943e-54,3.7816096001747e-54,3.7998356263768995e-54,3.818120118981389e-54,3.836463171610915e-54,3.8548648778884e-54,3.8733253314365954e-54,3.8918446258783427e-54,3.9104228548366465e-54,3.929060111934171e-54,3.9477564907938433e-54,3.9665120850384134e-54,3.985326988290718e-54,4.004201294173769e-54,4.023135096310226e-54,4.042128488323017e-54,4.061181563834895e-54,4.0802944164686934e-54,4.0994671398473406e-54,4.118699827593667e-54,4.137992573330427e-54,4.157345470680538e-54,4.176758613266759e-54,4.196232094712011e-54,4.215766008639131e-54,4.2353604486709615e-54,4.2550155084301666e-54,4.274731281539745e-54,4.294507861622543e-54,4.314345342301311e-54,4.334243817198971e-54,4.354203379938358e-54,4.3742241241423156e-54,4.3943061434334945e-54,4.4144495314349195e-54,4.4346543817695144e-54,4.4549207880598487e-54,4.4752488439289337e-54,4.4956386429996144e-54,4.516090278894548e-54,4.536603845236745e-54,4.5571794356491326e-54,4.5778171437544656e-54,4.598517063175481e-54,4.619279287535023e-54,4.640103910456015e-54,4.6609910255611195e-54,4.6819407264733417e-54,4.7029531068156204e-54,4.724028260210525e-54,4.745166280281066e-54,4.7663672606500793e-54,4.7876312949403215e-54,4.8089584767747116e-54,4.830348899776093e-54,4.851802657567298e-54,4.873319843770981e-54,4.894900552010258e-54,4.916544875907881e-54,4.93825290908649e-54,4.9600247451692036e-54,4.981860477778671e-54,5.0037602005377334e-54,5.02572400706932e-54,5.047751990996275e-54,5.069844245941241e-54,5.0920008655272404e-54,5.114221943377209e-54,5.1365075731138925e-54,5.1588578483599324e-54,5.181272862738362e-54,5.2037527098720075e-54,5.226297483383623e-54,5.248907276896134e-54,5.271582184032376e-54,5.294322298415002e-54,5.317127713667036e-54,5.339998523411318e-54,5.362934821270592e-54,5.385936700867689e-54,5.409004255825636e-54,5.432137579767277e-54,5.455336766315066e-54,5.478601909092227e-54,5.501933101721591e-54,5.525330437825618e-54,5.548794011027327e-54,5.572323914949747e-54,5.595920243215532e-54,5.619583089447521e-54,5.643312547268739e-54,5.66710871030202e-54,5.690971672169821e-54,5.714901526495165e-54,5.738898366901088e-54,5.76296228701023e-54,5.787093380445631e-54,5.811291740829929e-54,5.835557461785763e-54,5.859890636936362e-54,5.884291359904564e-54,5.908759724312807e-54,5.93329582378433e-54,5.957899751941769e-54,5.982571602408166e-54,6.007311468806158e-54,6.032119444758578e-54,6.056995623888464e-54,6.081940099818259e-54,6.106952966171189e-54,6.132034316570094e-54,6.15718424463742e-54,6.182402843996396e-54,6.20769020826966e-54,6.233046431080055e-54,6.258471606050609e-54,6.283965826804168e-54,6.309529186963366e-54,6.335161780150853e-54,6.360863699989848e-54,6.386635040102996e-54,6.412475894113131e-54,6.438386355643292e-54,6.464366518316127e-54,6.490416475754456e-54,6.516536321581326e-54,6.542726149419365e-54,6.568986052891414e-54,6.595316125620314e-54,6.621716461229102e-54,6.648187153340618e-54,6.674728295577292e-54,6.701339981562368e-54,6.728022304918478e-54,6.754775359268456e-54,6.78159923823535e-54,6.808494035441793e-54,6.835459844510622e-54,6.862496759064673e-54,6.889604872726984e-54,6.916784279120395e-54,6.944035071867334e-54,6.971357344590841e-54,6.998751190913964e-54,7.026216704459325e-54,7.053753978849975e-54,7.081363107708548e-54,7.109044184657876e-54,7.136797303321005e-54,7.164622557320564e-54,7.19252004027939e-54,7.220489845820322e-54,7.248532067566192e-54,7.276646799140056e-54,7.304834134164535e-54,7.333094166262674e-54,7.361426989057116e-54,7.389832696170474e-54,7.418311381226213e-54,7.44686313784675e-54,7.475488059654718e-54,7.504186240273373e-54,7.532957773325336e-54,7.561802752433456e-54,7.590721271220776e-54,7.619713423309912e-54,7.648779302323933e-54,7.677919001885455e-54,7.707132615617523e-54,7.736420237142766e-54,7.765781960084029e-54,7.795217878064136e-54,7.824728084706142e-54,7.854312673632468e-54,7.883971738466356e-54,7.913705372830444e-54,7.943513670347778e-54,7.973396724640988e-54,8.003354629333117e-54,8.033387478046588e-54,8.063495364404438e-54,8.093678382029722e-54,8.123936624545063e-54,8.154270185573513e-54,8.184679158737704e-54,8.215163637660463e-54,8.245723715964625e-54,8.276359487273032e-54,8.307071045208735e-54,8.337858483394356e-54,8.368721895452733e-54,8.399661375006923e-54,8.430677015679545e-54,8.461768911093434e-54,8.492937154871428e-54,8.524181840636577e-54,8.555503062011503e-54,8.586900912619269e-54,8.61837548608249e-54,8.649926876023784e-54,8.681555176066644e-54,8.713260479833464e-54,8.745042880947096e-54,8.776902473030358e-54,8.808839349706322e-54,8.8408536045976e-54,8.872945331327025e-54,8.905114623517433e-54,8.9373615747919e-54,8.969686278772805e-54,9.002088829083658e-54,9.034569319346837e-54,9.067127843184974e-54,9.099764494221339e-54,9.132479366078772e-54,9.165272552379898e-54,9.198144146747542e-54,9.231094242804779e-54,9.264122934174214e-54,9.297230314478683e-54,9.330416477341031e-54,9.363681516384309e-54,9.397025525230911e-54,9.430448597503884e-54,9.463950826826306e-54,9.497532306821022e-54,9.531193131110622e-54,9.564933393317958e-54,9.598753187065861e-54,9.632652605977403e-54,9.666631743675181e-54,9.700690693782278e-54,9.734829549921066e-54,9.769048405714596e-54,9.803347354785946e-54,9.837726490757729e-54,9.872185907253012e-54,9.906725697894399e-54,9.941345956304951e-54,9.976046776107051e-54,1.0010828250923758e-53,1.0045690474378153e-53,1.0080633540092835e-53,1.0115657541690878e-53,1.0150762572794886e-53,1.0185948727027689e-53,1.0221216098012362e-53,1.025656477937151e-53,1.0291994864727977e-53,1.0327506447704821e-53,1.0363099621924653e-53,1.0398774481010322e-53,1.0434531118584647e-53,1.0470369628270468e-53,1.0506290103690868e-53,1.054229263846843e-53,1.0578377326226005e-53,1.0614544260586664e-53,1.0650793535173006e-53,1.068712524360787e-53,1.0723539479514085e-53,1.0760036336514734e-53,1.079661590823241e-53,1.0833278288289968e-53,1.087002357031047e-53,1.0906851847916517e-53,1.094376321473094e-53,1.0980757764376816e-53,1.1017835590476517e-53,1.1054996786653352e-53,1.1092241446530152e-53,1.1129569663729519e-53,1.1166981531874294e-53,1.1204477144587554e-53,1.1242056595491897e-53,1.1279719978209912e-53,1.1317467386364918e-53,1.135529891357951e-53,1.1393214653476536e-53,1.1431214699679067e-53,1.14692991458097e-53,1.1507468085491522e-53,1.1545721612347119e-53,1.1584059819999568e-53,1.1622482802071223e-53,1.1660990652185408e-53,1.1699583463964726e-53,1.1738261331032259e-53,1.1777024347010589e-53,1.1815872605522556e-53,1.1854806200190994e-53,1.1893825224638748e-53,1.1932929772488642e-53,1.197211993736377e-53,1.2011395812886719e-53,1.2050757492680581e-53,1.2090205070367936e-53,1.212973863957138e-53,1.2169358293914496e-53,1.2209064127019616e-53,1.224885623250984e-53,1.2288734704007492e-53,1.2328699635135917e-53,1.2368751119517701e-53,1.240888925077568e-53,1.2449114122532689e-53,1.248942582841181e-53,1.2529824462035392e-53,1.2570310117026774e-53,1.261088288700878e-53,1.2651542865603995e-53,1.2692290146435274e-53,1.2733124823125703e-53,1.277404698929785e-53,1.2815056738574563e-53,1.2856154164578938e-53,1.289733936093356e-53,1.2938612421261005e-53,1.297997343918462e-53,1.3021422508327238e-53,1.3062959722311455e-53,1.3104585174760098e-53,1.3146298959296003e-53,1.318810116954227e-53,1.322999189912121e-53,1.3271971241656185e-53,1.331403929076976e-53,1.3356196140085052e-53,1.3398441883224631e-53,1.344077661381133e-53,1.3483200425467994e-53,1.3525713411817705e-53,1.3568315666483059e-53,1.3611007283086884e-53,1.3653788355252278e-53,1.3696658976601817e-53,1.3739619240758605e-53,1.3782669241345208e-53,1.3825809071984466e-53,1.386903882629949e-53,1.391235859791285e-53,1.3955768480447383e-53,1.3999268567525929e-53,1.404285895277131e-53,1.4086539729806377e-53,1.4130310992254215e-53,1.4174172833737414e-53,1.4218125347879056e-53,1.426216862830174e-53,1.4306302768628295e-53,1.4350527862481553e-53,1.4394844003484613e-53,1.4439251285260058e-53,1.4483749801430449e-53,1.4528339645619147e-53,1.4573020911449008e-53,1.4617793692542342e-53,1.4662658082522767e-53,1.4707614175012588e-53,1.4752662063634913e-53,1.479780184201206e-53,1.4843033603767375e-53,1.488835744252346e-53,1.493377345190313e-53,1.4979281725529225e-53,1.5024882357024848e-53,1.507057544001257e-53,1.5116361068115232e-53,1.5162239334955934e-53,1.5208210334157253e-53,1.525427415934202e-53,1.5300430904133067e-53,1.5346680662153507e-53,1.539302352702591e-53,1.5439459592373116e-53,1.5485988951818225e-53,1.5532611698983528e-53,1.557932792749241e-53,1.5626137730967707e-53,9.388356776642737e-20,1.8382590333650557e-19,2.7039761799333313e-19,3.540683486951209e-19,4.352289520450528e-19,5.142079412368453e-19,5.912838658257627e-19,6.666947767982365e-19,7.406455614052184e-19,8.133136968714657e-19,8.84853814040414e-19,9.554013538468738e-19,1.0250755242554797e-18,1.0939817119172583e-18,1.16221346478177e-18,1.2298541338760402e-18,1.2969782421680283e-18,1.3636526331667549e-18,1.4299374404951008e-18,1.4958869107252855e-18,1.5615501057050885e-18,1.6269715046205892e-18,1.6921915227373092e-18,1.7572469602753552e-18,1.822171392397987e-18,1.886995509407921e-18,1.9517474146235156e-18,2.016452886056711e-18,2.0811356071376937e-18,2.145817370725197e-18,2.2105182600784313e-18,2.2752568097605192e-18,2.340050149286823e-18,2.404914131366777e-18,2.4698634469894735e-18,2.5349117287368274e-18,2.6000716437336052e-18,2.6653549776274854e-18,2.730772710336482e-18,2.796335084681817e-18,2.8620516686218474e-18,2.9279314117678264e-18,2.9939826967828543e-18,3.0602133862364168e-18,3.1266308652527816e-18,3.193242080556518e-18,3.2600535760941104e-18,3.327071525659953e-18,3.3943017628135197e-18,3.4617498082204907e-18,3.529420894886529e-18,3.597319991214713e-18,3.665451822262927e-18,3.733820889266334e-18,3.802431487652924e-18,3.871287723596505e-18,3.940393529303344e-18,4.009752677088086e-18,4.07936879236971e-18,4.1492453657433985e-18,4.2193857639375464e-18,4.289793240172801e-18,4.360470943587454e-18,4.431421927991987e-18,4.5026491600516025e-18,4.574155526671209e-18,4.645943842055128e-18,4.718016854053587e-18,4.790377250244798e-18,4.863027663346485e-18,4.935970676419192e-18,5.0092088276172596e-18,5.0827446145844914e-18,5.156580498580257e-18,5.2307189082785465e-18,5.3051622432995715e-18,5.3799128775107e-18,5.454973162093042e-18,5.530345428364965e-18,5.606031990441174e-18,5.682035147709071e-18,5.75835718711278e-18,5.835000385292361e-18,5.9119670106024975e-18,5.9892593249448594e-18,6.066879585524893e-18,6.144830046483274e-18,6.223112960398454e-18,6.301730579707582e-18,6.380685158058742e-18,6.459978951536305e-18,6.539614219823352e-18,6.619593227359623e-18,6.699918244287119e-18,6.780591547451913e-18,6.861615421354036e-18,6.942992158958975e-18,7.024724062546753e-18,7.106813444454723e-18,7.189262627815182e-18,7.272073947241291e-18,7.35524974948886e-18,7.43879239405385e-18,7.522704253793642e-18,7.60698771547646e-18,7.691645180338018e-18,7.776679064542683e-18,7.862091799707423e-18,7.947885833419737e-18,8.034063629667952e-18,8.120627669231635e-18,8.207580450153313e-18,8.294924488146531e-18,8.382662316982632e-18,8.470796488885972e-18,8.559329574900333e-18,8.648264165280831e-18,8.737602869789945e-18,8.827348318128238e-18,8.917503160221716e-18,9.008070066580742e-18,9.099051728634204e-18,9.190450859050798e-18,9.282270192059114e-18,9.374512483764196e-18,9.467180512478503e-18,9.56027707901511e-18,9.653805007010743e-18,9.74776714324041e-18,9.842166357894384e-18,9.937005544931377e-18,1.0032287622341544e-17,1.0128015532490575e-17,1.0224192242409783e-17,1.0320820743998787e-17,1.0417904054580277e-17,1.0515445216958213e-17,1.061344729986309e-17,1.0711913398156242e-17,1.081084663327346e-17,1.091025015343891e-17,1.1010127134002953e-17,1.1110480777766458e-17,1.1211314315282805e-17,1.1312631005199937e-17,1.1414434134558227e-17,1.1516727019128844e-17,1.161951300376193e-17,1.1722795462675689e-17,1.1826577799810327e-17,1.1930863449175228e-17,1.203565587517643e-17,1.2140958572966493e-17,1.2246775068787408e-17,1.235310892033921e-17,1.2459963717095342e-17,1.2567343080684852e-17,1.2675250665287056e-17,1.2783690157954643e-17,1.2892665279003297e-17,1.3002179782381722e-17,1.3112237456063421e-17,1.3222842122402698e-17,1.3333997638544269e-17,1.3445707896877855e-17,1.3557976825311837e-17,1.3670808387785614e-17,1.3784206584594219e-17,1.3898175452881296e-17,1.4012719067017772e-17,1.4127841539035648e-17,1.424354701906709e-17,1.435983969573384e-17,1.4476723796671592e-17,1.4594203588896812e-17,1.4712283379334208e-17,1.4830967515216976e-17,1.4950260384593725e-17,1.5070166416778327e-17,1.5190690082771797e-17,1.5311835895896846e-17,1.5433608412170224e-17,1.5556012230829323e-17,1.5679051994819428e-17,1.5802732391399643e-17,1.592705815251765e-17,1.60520340554106e-17,1.6177664923217244e-17,1.6303955625324253e-17,1.6430911078102052e-17,1.655853624536859e-17,1.6686836138963852e-17,1.681581581933942e-17,1.6945480396137936e-17,1.7075835028742526e-17,1.7206884926922345e-17,1.733863535141661e-17,1.7471091614549503e-17,1.7604259080839394e-17,1.7738143167642093e-17,1.787274934580799e-17,1.8008083140298557e-17,1.8144150130824744e-17,1.8280955952648935e-17,1.8418506297063173e-17,1.855680691221897e-17,1.8695863603759005e-17,1.883568223556996e-17,1.89762687304578e-17,1.911762907090001e-17,1.925976929982246e-17,1.9402695521192142e-17,1.9546413901013128e-17,1.9690930667919134e-17,1.9836252114016617e-17,1.998238459568131e-17,2.012933453436743e-17,2.027710841739997e-17,2.0425712798871e-17,2.057515430039248e-17,2.0725439612007917e-17,2.087657549307448e-17,2.10285687730567e-17,2.1181426352555975e-17,2.1335155204105605e-17,2.1489762373160927e-17,2.1645254978998737e-17,2.180164021568891e-17,2.195892535303502e-17,2.2117117737582327e-17,2.2276224793622352e-17,2.2436254024147595e-17,2.2597213011929555e-17,2.2759109420541654e-17,2.292195099542436e-17,2.3085745564942908e-17,2.3250501041495996e-17,2.341622542261112e-17,2.3582926792101457e-17,2.375061332116685e-17,2.3919293269574473e-17,2.4088974986831832e-17,2.425966691339642e-17,2.443137758188871e-17,2.4604115618325513e-17,2.4777889743376395e-17,2.4952708773632282e-17,2.5128581622955727e-17,2.5305517303648045e-17,2.5483524927990635e-17,2.5662613709476577e-17,2.5842792964220306e-17,2.6024072112377363e-17,2.6206460679530824e-17,2.638996829819202e-17,2.6574604709256296e-17,2.6760379763514346e-17,2.6947303423086276e-17,2.713538576310998e-17,2.7324636973211355e-17,2.7515067359191326e-17,2.770668734456111e-17,2.789950747222423e-17,2.809353840618019e-17,2.8288790933199366e-17,2.8485275964628133e-17,2.8683004538055743e-17,2.8881987819233026e-17,2.9082237103697044e-17,2.928376381887609e-17,2.948657952581708e-17,2.969069592118243e-17,2.9896124839095836e-17,3.010287825326668e-17,3.0310968278936016e-17,3.052040717495828e-17,3.0731207345856986e-17,3.0943381343985916e-17,3.115694187167366e-17,3.137190178343951e-17,3.1588274088211394e-17,3.180607195165782e-17,3.202530869843691e-17,3.224599781461678e-17,3.246815295000259e-17,3.269178792067316e-17,3.291691671139779e-17,3.314355347820433e-17,3.337171255099667e-17,3.360140843596127e-17,3.38326558185393e-17,3.4065469565957415e-17,3.4299864730053786e-17,3.4535856550061035e-17,3.477346045552992e-17,3.5012692069134974e-17,3.525356720980221e-17,3.5496101895579344e-17,3.574031234682911e-17,3.598621498932601e-17,3.6233826457414385e-17,3.648316359741396e-17,3.6734243470718644e-17,3.698708335732001e-17,3.7241700759176197e-17,3.7498113403772135e-17,3.775633924765295e-17,3.801639648009035e-17,3.8278303526718504e-17,3.854207905339163e-17,3.8807741969976384e-17,3.907531143427274e-17,3.934480685611812e-17,3.9616247901256036e-17,3.988965449564024e-17,4.016504682958018e-17,4.044244536210752e-17,4.0721870825377666e-17,4.100334422901114e-17,4.1286886864834857e-17,4.1572520311524986e-17,4.186026643919105e-17,4.2150147414343655e-17,4.2442185704807326e-17,4.273640408473602e-17,4.303282563974593e-17,4.3331473772160846e-17,4.363237220630922e-17,4.393554499405138e-17,4.424101652025994e-17,4.4548811508500384e-17,4.4858955026747827e-17,4.5171472493429604e-17,4.5486389683338725e-17,4.5803732733767626e-17,4.6123528150818743e-17,4.6445802815744646e-17,4.6770583991613433e-17,4.709789932957129e-17,4.7427776876153876e-17,4.776024507994572e-17,4.809533279867009e-17,4.8433069306419497e-17,4.8773484301100204e-17,4.911660791192988e-17,4.946247070708738e-17,4.981110370167551e-17,5.0162538365626504e-17,5.051680663191964e-17,5.0873940905127984e-17,5.1233974069655716e-17,5.159693949872037e-17,5.196287106316617e-17,5.233180314059161e-17,5.270377062467714e-17,5.307880893473383e-17,5.345695402529144e-17,5.3838242396215073e-17,5.422271110279625e-17,5.461039776596834e-17,5.500134058317117e-17,5.5395578339107326e-17,5.579315041673283e-17,5.619409680870193e-17,5.659845812892603e-17,5.700627562440975e-17,5.741759118739164e-17,5.7832447367732e-17,5.825088738559014e-17,5.8672955144399e-17,5.909869524409806e-17,5.952815299482303e-17,5.996137443045787e-17,6.039840632345294e-17,6.083929619866199e-17,6.128409234870358e-17,6.173284384903265e-17,6.218560057342248e-17,6.26424132102285e-17,6.310333327814308e-17,6.356841314356534e-17,6.403770603734654e-17,6.451126607244878e-17,6.498914826171927e-17,6.547140853649414e-17,6.595810376527535e-17,6.64492917731231e-17,6.694503136140279e-17,6.744538232770529e-17,6.795040548699961e-17,6.846016269282905e-17,6.89747168589343e-17,6.949413198153431e-17,7.001847316241996e-17,7.05478066321291e-17,7.108219977432286e-17,7.1621721150001e-17,7.21664405231594e-17,7.271642888634014e-17,7.327175848766873e-17,7.383250285758858e-17,7.439873683736869e-17,7.497053660697046e-17,7.554797971543508e-17,7.613114511049366e-17,7.672011316959102e-17,7.731496573188144e-17,7.791578613063214e-17,7.852265922681196e-17,7.913567144359223e-17,7.97549108013758e-17,8.038046695434289e-17,8.101243122741016e-17,8.165089665471513e-17,8.229595801887208e-17,8.294771189094422e-17,8.360625667206495e-17,8.427169263640976e-17,8.494412197446607e-17,8.56236488381888e-17,8.631037938710297e-17,8.700442183596556e-17,8.770588650355811e-17,8.841488586285014e-17,8.913153459267033e-17,8.985594963095341e-17,9.058825022896243e-17,9.132855800785537e-17,9.207699701661019e-17,9.283369379097882e-17,9.359877741508933e-17,9.437237958436755e-17,9.515463467030374e-17,9.59456797872919e-17,9.674565486126688e-17,9.755470270051943e-17,9.837296906862727e-17,9.920060275936416e-17,1.000377556741746e-16,1.0088458290171991e-16,1.017412428001166e-16,1.0260789708125898e-16,1.0348471089841481e-16,1.0437185293564495e-16,1.0526949550050789e-16,1.0617781462052942e-16,1.0709699014014686e-16,1.0802720582314611e-16,1.0896864945785478e-16,1.0992151296483395e-16,1.1088599250830638e-16,1.118622886120077e-16,1.1285060627708533e-16,1.138511551058736e-16,1.1486414942784458e-16,1.1588980843051114e-16,1.169283562950589e-16,1.1798002233541509e-16,1.190450411426907e-16,1.201236527342657e-16,1.2121610270745877e-16,1.223226423993185e-16,1.2344352905058647e-16,1.2457902597653022e-16,1.2572940274205088e-16,1.268949353445356e-16,1.2807590640178105e-16,1.2927260534687587e-16,1.3048532862998002e-16,1.317143799268977e-16,1.3296007035532128e-16,1.3422271869835938e-16,1.3550265163658368e-16,1.3680020398781103e-16,1.3811571895582911e-16,1.3944954838802615e-16,1.4080205304269941e-16,1.4217360286544005e-16,1.4356457727675894e-16,1.449753654693726e-16,1.4640636671719258e-16,1.4785799069540275e-16,1.4933065781323828e-16,1.508247995582957e-16,1.523408588556066e-16,1.5387929043875154e-16,1.5544056123630778e-16,1.5702515077304005e-16,1.58633551586557e-16,1.6026626966081493e-16,1.619238248758112e-16,1.6360675147605014e-16,1.6531559855742704e-16,1.670509305729172e-16,1.6881332786031017e-16,1.7060338718967095e-16,1.7242172233494834e-16,1.7426896466677035e-16,1.7614576377229297e-16,1.7805278809915186e-16,1.7999072562740133e-16,1.8196028456903124e-16,1.8396219409814706e-16,1.8599720511118617e-16,1.8806609102072017e-16,1.9016964858332938e-16,1.9230869876367685e-16,1.9448408763620008e-16,1.966966873269678e-16,1.9894739699685572e-16,2.0123714386979902e-16,2.0356688430613377e-16,2.0593760492412436e-16,2.0835032377601297e-16,2.1080609157384935e-16,2.1330599297508343e-16,2.1585114792600228e-16,2.184427130707409e-16,2.210818832228517e-16,2.2376989291183603e-16,2.2650801800161315e-16,2.2929757738374137e-16,2.3213993475989305e-16,2.3503650050548704e-16,2.379887336289813e-16,2.4099814382651967e-16,2.4406629364074924e-16,2.4719480072718904e-16,2.5038534023788363e-16,2.536396473253097e-16,2.569595197750933e-16,2.603468207786282e-16,2.638034818474592e-16,2.6733150588381597e-16,2.709329704139626e-16,2.746100309949666e-16,2.7836492480529375e-16,2.821999744325718e-16,2.861175918681665e-16,2.901202827234868e-16,2.9421065068217943e-16,2.9839140220283743e-16,3.026653514889164e-16,3.0703542574327425e-16,3.115046707264254e-16,3.160762566382973e-16,3.207534843465784e-16,3.255397919830089e-16,3.304387619342888e-16,3.354541282564116e-16,3.405897845381801e-16,3.458497922489393e-16,3.5123838960206765e-16,3.5676000097740557e-16,3.624192469302623e-16,3.6822095484854514e-16,3.74170170278395e-16,3.8027216901153665e-16,3.8653246993765266e-16,3.929568487618948e-16,3.9955135263742963e-16,4.0632231577877723e-16,4.1327637614984104e-16,4.2042049328700767e-16,4.2776196737475715e-16,4.353084596480128e-16,4.430680142503099e-16,4.510490816581988e-16,4.592605437950502e-16,4.677117409944125e-16,4.764125009415852e-16,4.853731698006692e-16,4.946046456750598e-16,5.041184146358334e-16,5.139265895302954e-16,5.240419518231971e-16,5.344779967455123e-16,5.452489820532793e-16,5.563699807204329e-16,5.67856937957796e-16,5.797267329373011e-16,5.9199724569419085e-16,6.046874296977073e-16,6.178173906504188e-16,6.314084721376384e-16,6.454833488023673e-16,6.600661278269978e-16,6.751824595668827e-16,6.90859658302263e-16,7.071268341540052e-16,7.240150373875882e-16,7.415574164404665e-16,7.597893911552005e-16,7.787488429584223e-16,7.984763238641586e-16,8.190152864725276e-16,8.404123373967908e-16,8.627175168866366e-16,8.859846077664792e-16,9.102714772535946e-16,9.356404556953798e-16,9.621587568344312e-16,9.898989448809543e-16,1.0189394543958866e-15,1.0493651699084951e-15,1.0812680731912773e-15,1.1147479673293909e-15,1.1499132881110152e-15,1.1868820149146895e-15,1.2257826951973285e-15,1.266755598952936e-15,1.30995402220871e-15,1.355545761800835e-15,1.4037147873926364e-15,1.4546631413060496e-15,1.5086131019454654e-15,1.5658096531436578e-15,1.6265233093489955e-15,1.6910533559534123e-15,1.759731575191241e-15,1.8329265416676703e-15,1.9110485881329497e-15,1.994555562209507e-15,2.08395951966333e-15,2.179834530019072e-15,2.2828258080307622e-15,2.393660430904872e-15,2.5131599591358593e-15,2.6422553511055764e-15,2.7820046524062315e-15,2.9336140553451286e-15,3.098463069058695e-15,3.278134725356974e-15,3.4579342123415133e-15,3.671262275563307e-15,3.905679942402454e-15,4.1640072622916694e-15,4.44954300858972e-15,4.7661627233179005e-15,5.118440348705122e-15,5.511799971825684e-15,5.952706243286229e-15,6.448904772662322e-15,7.00972755239243e-15,7.64648354122205e-15,8.37296158191909e-15,9.206082567214555e-15,1.0166751387537502e-14,1.1280978365140299e-14,1.2581367066158675e-14,1.3004649346739182e-14,1.461266032365566e-14,1.6520178065052163e-14,1.8800289541478762e-14,2.1547971026068448e-14,2.4887783033169213e-14,2.8984634404950246e-14,3.4058960717882634e-14,4.04082862018049e-14,4.843805255509375e-14,5.870592318065722e-14,7.1985651905309e-14,8.935921507705334e-14,1.1234934216044691e-13,1.43108936400672e-13,1.8468935047672654e-13,2.414179223987031e-13,3.194368955573122e-13,4.2753644418853374e-13,5.196535614745739e-13,5.196535614787052e-13,5.196535617696299e-13,7.133696504158718e-13,9.970426997760533e-13,1.4463965285232454e-12,2.2686099095656373e-12,4.078174819830659e-12,8.698931604976811e-12,2.131322696842019e-11,5.5687213205625175e-11,1.4550218412430339e-10,3.6582658366837146e-10,8.676982818790246e-10,1.9233397872495486e-09,3.969261335950427e-09,7.623863204079624e-09,1.3653948575124058e-08,1.383313344419108e-08,1.3833133445036171e-08,2.3169118509306007e-08,3.6441685535711366e-08,5.4100947438043964e-08,7.620813927327459e-08,1.0238314437725254e-07,1.3183962857920247e-07,1.6349368068320407e-07,1.9611334051064071e-07,2.2847161226790684e-07,2.594729521551814e-07,2.88236868462396e-07,3.1413593107029255e-07,3.3679519854216297e-07,3.560647197711417e-07,3.719772270693868e-07,3.847010658747568e-07,3.9449535829621254e-07,4.016714315687717e-07,4.0656218887877403e-07,4.094994991609338e-07,4.107987557444306e-07,4.1074933484169205e-07,4.0960960043803166e-07,4.0760520952480485e-07,4.0492966822842157e-07,4.0174631017945496e-07,3.9819107654672454e-07,3.9437565528990187e-07,3.903906800181502e-07,3.8630879783916576e-07,3.8218749523523744e-07,3.780716268899852e-07,3.770840549591784e-07,3.730209729815546e-07,3.690294658075799e-07,3.651266999931747e-07,3.613248950684969e-07,3.5763219126577846e-07,3.540534764080768e-07,3.505910946016272e-07,3.4724542987297495e-07,3.440153800180298e-07,3.408987369265494e-07,3.378924896873681e-07,3.3499306444536517e-07,3.321965128228474e-07,3.294986587372642e-07,3.2689521173405055e-07,3.2438185348576725e-07,3.2195430289144255e-07,3.1960836419009736e-07,3.1733996165758834e-07,3.1514516376958173e-07,3.130201991466875e-07,3.109614661345751e-07,3.089655375021175e-07,3.070291614358794e-07,3.0514925976341117e-07,3.0332292414496906e-07,3.015474108113254e-07,2.9982013430124134e-07,2.9813866054957155e-07,2.9650069959721666e-07,2.9490409813002397e-07,2.933468320019394e-07,2.9182699885812765e-07,2.9034281094414874e-07,2.888925881581102e-07,2.8747475138839345e-07,2.8608781616145174e-07,2.8473038661344684e-07,2.834011497925524e-07,2.8209887028894924e-07,2.808223851881271e-07,2.7957059933768526e-07,2.7834248091546086e-07,2.771370572864456e-07,2.7595341113348743e-07,2.7479067684751904e-07,2.736480371621223e-07,2.72524720017724e-07,2.714199956410538e-07,2.7033317382591534e-07,2.692636014017465e-07,2.6821065987753344e-07,2.6717376324866237e-07,2.661523559556043e-07,2.651459109835394e-07,2.641539280931471e-07,2.631759321727738e-07,2.622114717037057e-07,2.612601173301067e-07,2.603214605261564e-07,2.5939511235336024e-07,2.5848070230150834e-07,2.5757787720719404e-07,2.566863002443508e-07,2.558056499816437e-07,2.549356195018095e-07,2.540759155786063e-07,2.5322625790726353e-07,2.523863783844404e-07,2.5155602043451755e-07,2.507349383788053e-07,2.4992289684432263e-07,2.491196702099789e-07,2.483250420872355e-07,2.4753880483276956e-07,2.4676075909119085e-07,2.4599071336558825e-07,2.452284836140857e-07,2.4481804905810096e-07,2.440676371431268e-07,2.4332460201740235e-07,2.425887834222071e-07,2.4186002685250765e-07,2.4113818337601987e-07,2.404231093901604e-07,2.397146663750791e-07,2.390127206552528e-07,2.3831714317273794e-07,2.3762780927256097e-07,2.369445984997826e-07,2.362673944077094e-07,2.3559608437653688e-07,2.3493055944181206e-07,2.3427071413210682e-07,2.3361644631538144e-07,2.3296765705339214e-07,2.3232425046388264e-07,2.3168613358980662e-07,2.3105321627546265e-07,2.3042541104883283e-07,2.298026330100598e-07,2.2918479972546208e-07,2.2857183112688544e-07,2.2796364941609097e-07,2.2736017897384561e-07,2.2676134627346537e-07,2.2616707979858455e-07,2.255773099648668e-07,2.2499196904548178e-07,2.2441099110013777e-07,2.238343119074307e-07,2.2326186890041442e-07,2.2269360110508842e-07,2.221294490818066e-07,2.2156935486928975e-07,2.210132619312699e-07,2.204611151054684e-07,2.199128605548477e-07,2.193684457211216e-07,2.188278192802318e-07,2.1829093109979596e-07,2.1775773219840923e-07,2.1722817470669172e-07,2.1670221183003864e-07,2.16179797812882e-07,2.156608879045259e-07,2.1514543832638208e-07,2.14633406240566e-07,2.1412474971980384e-07,2.1361942771854812e-07,2.1311740004528554e-07,2.1261862733595294e-07,2.1212307102842112e-07,2.1163069333798861e-07,2.1114145723384498e-07,2.1065532641646005e-07,2.1017226529583856e-07,2.0969223897062782e-07,2.0921521320801662e-07,2.0874115442440774e-07,2.0827002966680636e-07,2.0780180659491725e-07,2.0733645346390266e-07,2.0687393910777837e-07,2.0641423292341513e-07,2.0595730485513144e-07,2.055031253798272e-07,2.0505166549266478e-07,2.0460289669325257e-07,2.0415679097231867e-07,2.0371332079885063e-07,2.032724591076853e-07,2.0283417928752548e-07,2.0239845516936929e-07,2.0196526101533195e-07,2.0153457150784857e-07,2.0110636173923455e-07,2.0068060720160395e-07,2.002572837771032e-07,1.9983636772848904e-07,1.9941783568999055e-07,1.9900166465848929e-07,1.985878319849643e-07,1.981763153662194e-07,1.977670928368726e-07,1.9736014276159252e-07,1.9695544382758348e-07,1.9655297503730133e-07,1.9615271570138822e-07,1.9575464543183307e-07,1.9535874413532928e-07,1.949649920068406e-07,1.9457336952335523e-07,1.9418385743782635e-07,1.9379643677329128e-07,1.93411088817163e-07,1.9302779511568553e-07,1.9264653746855698e-07,1.922672979236922e-07,1.9189005877214531e-07,1.9151480254317955e-07,1.9114151199946098e-07,1.907701701323996e-07,1.9040076015760804e-07,1.9003326551049482e-07,1.8966766984196975e-07,1.8930395701427178e-07,1.8894211109690878e-07,1.8858211636269007e-07,1.88223957283894e-07,1.8786761852850953e-07,1.8751308495658764e-07,1.8716034161668542e-07,1.868093737424019e-07,1.8646016674900186e-07,1.8611270623012671e-07,1.8576697795458667e-07,1.8542296786323427e-07,1.8508066206591455e-07,1.8474004683849266e-07,1.8440110861995462e-07,1.8406383400957378e-07,1.837282097641501e-07,1.833942227953152e-07,1.8306186016690114e-07,1.8273110909237275e-07,1.8240195693231825e-07,1.8207439119200014e-07,1.817483995189618e-07,1.8142396970069098e-07,1.8110108966233461e-07,1.8077974746446783e-07,1.8045993130091153e-07,1.801416294965996e-07,1.798248305054948e-07,1.7950952290854851e-07,1.7919569541170787e-07,1.788833368439643e-07,1.7857243615544567e-07,1.7826298241554894e-07,1.7795496481111344e-07,1.7764837264463313e-07,1.7734319533250527e-07,1.7703942240331823e-07,1.7673704349617234e-07,1.764360483590366e-07,1.7613642684714033e-07,1.758381689213997e-07,1.755412646468699e-07,1.752457041912311e-07,1.7495147782330949e-07,1.7465857591162326e-07,1.7436698892295878e-07,1.740767074209738e-07,1.737877220648295e-07,1.735000236078478e-07,1.7321360289619534e-07,1.7292845086759374e-07,1.7264455855005235e-07,1.7236191706062774e-07,1.7208051760420285e-07,1.71800351472293e-07,1.7152141004187233e-07,1.712436847742223e-07,1.7096716721380122e-07,1.7069184898713485e-07,1.7041772180172646e-07,1.70144777444986e-07,1.6987300778318178e-07,1.6960240476040823e-07,1.6933296039757242e-07,1.6906466679139907e-07,1.687975161134521e-07,1.6853150060917485e-07,1.6826661259694502e-07,1.6800284446714697e-07,1.6774018868126268e-07,1.6747863777097198e-07,1.6721818433727707e-07,1.669588210496286e-07,1.6670054064508063e-07,1.664433359274515e-07,1.661871997665008e-07,1.659321250971208e-07,1.6567810491853832e-07,1.6542513229353375e-07,1.6517320034766934e-07,1.64922302268532e-07,1.6467243130498732e-07,1.6442358076644613e-07,1.6417574402214255e-07,1.6392891450042332e-07,1.6368308568804877e-07,1.634382511295048e-07,1.6319440442632556e-07,1.629515392364249e-07,1.627096492734414e-07,1.6246872830609207e-07,1.6246608011156347e-07,1.624634338820553e-07,1.6246078754588913e-07,1.6245814121511973e-07,1.6245549521210838e-07,1.624528497598011e-07,1.6245020498355e-07,1.624475609493137e-07,1.6244491769101854e-07,1.624422752261482e-07,1.6243963356389703e-07,1.624369927095892e-07,1.6243435266616366e-07,1.6243171343569424e-07,1.6242907501957126e-07,1.6242643741903842e-07,1.6242380063513073e-07,1.624211646687499e-07,1.62418529520752e-07,1.624158951919254e-07,1.6241326168297765e-07,1.6241062899459714e-07,1.6240799712751922e-07,1.6240536608217022e-07,1.6240273585910067e-07,1.6240010645878032e-07,1.6239747788169505e-07,1.6239485012819982e-07,1.6239222319886018e-07,1.6238959709372042e-07,1.623869718130512e-07,1.6238434735716634e-07,1.62381723726043e-07,1.6237910091997865e-07,1.6237647893905385e-07,1.623738577832261e-07,1.6237123745256465e-07,1.6236861794691812e-07,1.6236599926632932e-07,1.6236338141056911e-07,1.6236076437946832e-07,1.6235814817294272e-07,1.623555327906714e-07,1.6235291823232088e-07,1.6235030449759828e-07,1.6234769158608333e-07,1.6234507949743366e-07,1.6234246823117468e-07,1.6233985778681133e-07,1.6233724816381814e-07,1.623346393616235e-07,1.6233203137962427e-07,1.623294242171548e-07,1.6232681787365786e-07,1.623242123483427e-07,1.6232160764046466e-07,1.6231900374924384e-07,1.6231640067357146e-07,1.6231379841316638e-07,1.62311196966871e-07,1.623085963337833e-07,1.623059965126459e-07,1.6230339750319253e-07,1.6230079930381296e-07,1.6229820191383526e-07,1.6229560533189724e-07,1.6229300955689445e-07,1.6229041458776487e-07,1.6228782042331375e-07,1.6228522706228432e-07,1.622826345036375e-07,1.6228004274607426e-07,1.6227745178818087e-07,1.622748616286451e-07,1.6227227226590293e-07,1.6226968369913718e-07,1.622670959265591e-07,1.622645089469493e-07,1.6226192275875074e-07,1.6225933736047827e-07,1.6225675275055142e-07,1.622541689275867e-07,1.6225158588975127e-07,1.6224900363587083e-07,1.6224642216413056e-07,1.6224384147292034e-07,1.6224126156057596e-07,1.6223868242550794e-07,1.6223610406578707e-07,1.6223352647983082e-07,1.6223094966589193e-07,1.6222837362236597e-07,1.6222579834725995e-07,1.622232238387216e-07,1.6222065009510833e-07,1.6221807711449164e-07,1.6221550489500543e-07,1.622129334347789e-07,1.6221036273186133e-07,1.6220779278428594e-07,1.6220522359026704e-07,1.6220265514772176e-07,1.6220008745478028e-07,1.6219752050935616e-07,1.6219495430938002e-07,1.6219238885289469e-07,1.6218982413783491e-07,1.621872601621599e-07,1.6218469692378287e-07,1.6218213442055784e-07,1.6217957265048263e-07,1.6217701161125457e-07,1.6217445130095023e-07,1.6217189171734099e-07,1.6216933285797983e-07,1.6216677472113532e-07,1.6216421730463602e-07,1.6216166060589302e-07,1.6215910462284685e-07,1.621565493532922e-07,1.6215399479524333e-07,1.6215144094593065e-07,1.621488878033411e-07,1.621463353652459e-07,1.6214378362920414e-07,1.6214123259298666e-07,1.621386822543181e-07,1.6213613261096181e-07,1.6213358366051276e-07,1.6213103540063613e-07,1.6212848782899048e-07,1.6212594094320602e-07,1.6212339474093866e-07,1.6212084921981948e-07,1.6211830437740372e-07,1.6211576021143615e-07,1.6211321671959626e-07,1.6211067389919559e-07,1.621081317480038e-07,1.6210559026354668e-07,1.6210304944340515e-07,1.6210050928517127e-07,1.6209796978645373e-07,1.6209543094481675e-07,1.6209289275788246e-07,1.620903552229796e-07,1.6208781833779284e-07,1.6208528209986672e-07,1.6208274650667654e-07,1.6208021155586032e-07,1.6207767724488858e-07,1.6207514357131874e-07,1.6207261053266057e-07,1.6207007812646812e-07,1.6206754635016867e-07,1.6206501520132093e-07,1.620624846774017e-07,1.6205995477599452e-07,1.6205742549455118e-07,1.6205489683063995e-07,1.6205236878187881e-07,1.620498413455155e-07,1.620473145189065e-07,1.6204478830004167e-07,1.6204226268615676e-07,1.620397376747752e-07,1.6203721326335288e-07,1.6203468944953208e-07,1.6203216623070551e-07,1.6202964360425827e-07,1.6202712156780495e-07,1.6202460011884584e-07,1.620220792548443e-07,1.6201955897337715e-07,1.6201703927189471e-07,1.6201452014779567e-07,1.6201200159892422e-07,1.620094836224947e-07,1.6200696621597523e-07,1.6200444937681265e-07,1.6200193310270684e-07,1.6199941739122241e-07,1.6199690223974805e-07,1.6199438764587153e-07,1.6199187360772655e-07,1.6198936012115003e-07,1.619868471850116e-07,1.6198433479654195e-07,1.6198182295322188e-07,1.6197931165266116e-07,1.619768008923262e-07,1.619742906696937e-07,1.6197178098237482e-07,1.6196927182791498e-07,1.6196676320386683e-07,1.6196425510778066e-07,1.619617475371067e-07,1.6195924048964153e-07,1.619567339628062e-07,1.6195422795419783e-07,1.6195172246128868e-07,1.6194921748181916e-07,1.6194671301330258e-07,1.6194420905332732e-07,1.6194170559948706e-07,1.6193920264939543e-07,1.6193670020062695e-07,1.6193419825080408e-07,1.619316967975409e-07,1.619291958384584e-07,1.6192669537110506e-07,1.619241953932019e-07,1.619216959023848e-07,1.6191919689628953e-07,1.619166983727048e-07,1.6191420032913534e-07,1.619117027632414e-07,1.619092056726888e-07,1.6190670905514952e-07,1.6190421290830233e-07,1.6190171722983204e-07,1.6189922201743003e-07,1.6189672726879386e-07,1.6189423298162728e-07,1.6189173915364173e-07,1.618892457825541e-07,1.6188675286607644e-07,1.618842604025613e-07,1.6188176838852922e-07,1.618792768230059e-07,1.6187678570237518e-07,1.6187429502494003e-07,1.6187180478873258e-07,1.6186931499141345e-07,1.6186682562997697e-07,1.6186433670363633e-07,1.618618482096987e-07,1.6185936014570738e-07,1.6185687250959567e-07,1.618543852992067e-07,1.618518985124063e-07,1.6184941214727854e-07,1.618469262009036e-07,1.618444406715596e-07,1.6184195555708385e-07,1.6183947085536625e-07,1.618369865641931e-07,1.618345026815521e-07,1.618320192052881e-07,1.618295361332084e-07,1.6182705346341833e-07,1.6182457119371208e-07,1.6182208932200766e-07,1.6181960784623142e-07,1.6181712676431735e-07,1.6181464607420865e-07,1.618121657738679e-07,1.618096858610201e-07,1.6180720633408207e-07,1.618047271906684e-07,1.6180224842901883e-07,1.6179977004695987e-07,1.6179729204243982e-07,1.61794814413637e-07,1.6179233715848238e-07,1.6178986027500777e-07,1.617873837612276e-07,1.6178490761537428e-07,1.6178243183531805e-07,1.617799564189411e-07,1.6177748136445861e-07,1.617750066701908e-07,1.6177253233373622e-07,1.617700583535808e-07,1.6176758472759203e-07,1.6176511145374033e-07,1.6176263853060232e-07,1.6176016595685456e-07,1.6175769372912213e-07,1.6175522184618357e-07,1.6175275030622973e-07,1.6175027910753717e-07,1.6174780824809666e-07,1.6174533772619764e-07,1.6174286754008823e-07,1.6174039768678493e-07,1.6173792816678912e-07,1.617354589769549e-07,1.6173299011543074e-07,1.6173052158078592e-07,1.6172805337128515e-07,1.6172558548502163e-07,1.6172311792008668e-07,1.6172065067512602e-07,1.6171818374819518e-07,1.6171571713754814e-07,1.6171325084115768e-07,1.6171078485764285e-07,1.61708319185285e-07,1.6170585382236258e-07,1.6170338876722636e-07,1.6170092401831242e-07,1.6169845957363027e-07,1.616959954317768e-07,1.6169353159099488e-07,1.616910680496967e-07,1.6168860480624755e-07,1.6168614185902438e-07,1.6168367920640812e-07,1.6168121684679058e-07,1.6167875477859465e-07,1.6167629300020115e-07,1.6167383151041858e-07,1.6167137030732188e-07,1.6166890938926059e-07,1.61666448754698e-07,1.6166398840207978e-07,1.6166152832982348e-07,1.616590685364741e-07,1.6165660902014937e-07,1.6165414978066388e-07,1.6165169081424548e-07,1.6164923212059262e-07,1.6164677369820816e-07,1.616443155456282e-07,1.6164185766161926e-07,1.6163940004472104e-07,1.6163694269308263e-07,1.6163448560546997e-07,1.6163202878040843e-07,1.616295722164538e-07,1.616271159121682e-07,1.616246598661221e-07,1.616222040768991e-07,1.6161974854308883e-07,1.6161729326328962e-07,1.6161483823610607e-07,1.616123834593011e-07,1.6160992893234855e-07,1.6160747465389736e-07,1.6160502062256984e-07,1.6160256683700663e-07,1.61600113295871e-07,1.6159765999781336e-07,1.6159520694151907e-07,1.6159275412564642e-07,1.6159030154888906e-07,1.615878492099332e-07,1.6158539710747224e-07,1.6158294524021953e-07,1.6158049360686952e-07,1.6157804220615174e-07,1.6157559103679457e-07,1.6157314009753303e-07,1.6157068938779878e-07,1.615682389056694e-07,1.615657886498682e-07,1.6156333861917e-07,1.615608888123332e-07,1.6155843922818154e-07,1.6155598986551183e-07,1.6155354072306826e-07,1.615510917996498e-07,1.6154864309405701e-07,1.6154619460511525e-07,1.6154374633206737e-07,1.6154129827285906e-07,1.6153885042678484e-07,1.6153640279269727e-07,1.6153395536943304e-07,1.615315081544668e-07,1.6152906114969015e-07,1.6152661435177346e-07,1.6152416776035044e-07,1.615217213740734e-07,1.6151927519183798e-07,1.615168292125185e-07,1.6151438343492417e-07,1.6151193785815222e-07,1.615094924810344e-07,1.615070473013837e-07,1.615046023204299e-07,1.615021575358575e-07,1.6149971294676644e-07,1.6149726855189268e-07,1.6149482435016205e-07,1.614923803408363e-07,1.6148993652130087e-07,1.614874928935528e-07,1.614850494551561e-07,1.6148260620451837e-07,1.6148016313921672e-07,1.614777202619383e-07,1.614752775698649e-07,1.614728350619496e-07,1.6147039273716951e-07,1.6146795059453847e-07,1.6146550863298755e-07,1.6146306685171812e-07,1.6146062525037307e-07,1.6145818382704455e-07,1.6145574258087704e-07,1.614533015116157e-07,1.614508606174945e-07,1.6144841989776256e-07,1.614459793517504e-07,1.614435389784798e-07,1.6144109877715845e-07,1.614386587467545e-07,1.6143621888538156e-07,1.6143377919387423e-07,1.6143133967066044e-07,1.614289003147775e-07,1.6142646112537603e-07,1.6142402210159102e-07,1.6142158324075593e-07,1.614191445455015e-07,1.6141670601170289e-07,1.614142676409308e-07,1.614118294320496e-07,1.6140939138384233e-07,1.6140695349528478e-07,1.6140451576552042e-07,1.6140207819364017e-07,1.6139964077899235e-07,1.6139720351974965e-07,1.613947664164815e-07,1.613923294676418e-07,1.613898926733252e-07,1.6138745603275836e-07,1.6138501954381064e-07,1.6138258320530962e-07,1.613801470187765e-07,1.61377710982213e-07,1.6137527509494722e-07,1.613728393560923e-07,1.613704037649769e-07,1.6136796832077642e-07,1.6136553302278777e-07,1.61363097870258e-07,1.613606628625095e-07,1.613582279987722e-07,1.6135579327822231e-07,1.6135335869970968e-07,1.613509242635513e-07,1.6134848996829053e-07,1.6134605581356978e-07,1.6134362179863988e-07,1.6134118792322224e-07,1.613387541858211e-07,1.6133632058589394e-07,1.6133388712287486e-07,1.6133145379506978e-07,1.6132902060351243e-07,1.6132658754699245e-07,1.6132415462523769e-07,1.6132172183650702e-07,1.6131928918014867e-07,1.613168566562582e-07,1.6131442426511868e-07,1.6131199200393823e-07,1.6130955987295228e-07,1.61307127871583e-07,1.6130469599923458e-07,1.6130226425523064e-07,1.61299832638978e-07,1.612974011498316e-07,1.6129496978718325e-07,1.6129253855041893e-07,1.6129010743892837e-07,1.6128767645210587e-07,1.6128524558934826e-07,1.6128281485005759e-07,1.6128038423363976e-07,1.6127795373950387e-07,1.6127552336706354e-07,1.6127309311573735e-07,1.6127066298494604e-07,1.612682329741143e-07,1.6126580308267238e-07,1.612633733100525e-07,1.612609436556918e-07,1.6125851411903088e-07,1.612560846995142e-07,1.6125365539658907e-07,1.6125122620970822e-07,1.6124879713832685e-07,1.612463681819036e-07,1.6124393933990175e-07,1.6124151061178744e-07,1.612390819970308e-07,1.6123665349510562e-07,1.6123422510548892e-07,1.612317968268821e-07,1.6122936866072784e-07,1.6122694060536279e-07,1.6122451266014843e-07,1.6122208482464163e-07,1.6121965709740043e-07,1.6121722947900837e-07,1.6121480196870348e-07,1.6121237456694494e-07,1.612099472704098e-07,1.612075200827283e-07,1.6120509300133663e-07,1.6120266602576894e-07,1.6120023915554824e-07,1.6119781239020255e-07,1.6119538572950705e-07,1.6119295917275392e-07,1.6119053271948006e-07,1.6118810636922684e-07,1.611856801215377e-07,1.6118325397596037e-07,1.6118082793204467e-07,1.6117840198934416e-07,1.611759761474151e-07,1.6117355040581644e-07,1.611711247641107e-07,1.6116869922186352e-07,1.611662737786433e-07,1.6116384843402059e-07,1.6116142318757123e-07,1.6115899803887377e-07,1.6115657298750624e-07,1.611541480328194e-07,1.6115172317463182e-07,1.611492984125305e-07,1.611468737461131e-07,1.6114444917496621e-07,1.611420246986944e-07,1.611396003169417e-07,1.6113717602925808e-07,1.6113475183524928e-07,1.6113232773452335e-07,1.6112990372669067e-07,1.611274798113652e-07,1.611250559881627e-07,1.6112263225673314e-07,1.6112020861667544e-07,1.6111778506756503e-07,1.6111536160924323e-07,1.6111293824087813e-07,1.6111051496228383e-07,1.6110809177285404e-07,1.611056686731815e-07,1.6110324566188793e-07,1.6110082274021187e-07,1.610983999055092e-07,1.6109597716070793e-07,1.610935545015858e-07,1.610911319290503e-07,1.6108870944161934e-07,1.6108628704102702e-07,1.6108386472763534e-07,1.6108144249978501e-07,1.610790203571254e-07,1.610765982981298e-07,1.6107417632505777e-07,1.6107175443634337e-07,1.610693326319156e-07,1.6106691091111042e-07,1.6106448927340222e-07,1.6106206771882521e-07,1.6105964624705325e-07,1.6105722485767007e-07,1.6105480355030217e-07,1.6105238232513486e-07,1.6104996118098796e-07,1.6104754011798017e-07,1.6104511913580493e-07,1.6104269823418914e-07,1.6104027741285052e-07,1.6103785667154823e-07,1.6103543600977852e-07,1.610330154273656e-07,1.6103059492401018e-07,1.610281744994062e-07,1.6102575415332933e-07,1.61023333885303e-07,1.6102091369487489e-07,1.610184935817523e-07,1.6101607354658792e-07,1.6101365358872334e-07,1.6101123370752345e-07,1.6100881390296006e-07,1.610063941745379e-07,1.6100397452145496e-07,1.6100155494428458e-07,1.6099913544236064e-07,1.609967160165465e-07,1.6099429666530267e-07,1.6099187738877967e-07,1.6098945818649334e-07,1.6098703905830977e-07,1.6098462000442234e-07,1.6098220102409088e-07,1.6097978211866088e-07,1.6097736328446015e-07,1.6097494452329617e-07,1.6097252583477322e-07,1.6097010721865325e-07,1.60967688674604e-07,1.609652702041076e-07,1.6096285180531226e-07,1.6096043347620975e-07,1.6095801521838196e-07,1.6095559703130255e-07,1.6095317891510558e-07,1.6095076086928368e-07,1.609483428936912e-07,1.6094592498829772e-07,1.6094350715268198e-07,1.6094108938581037e-07,1.6093867168988905e-07,1.6093625406230584e-07,1.6093383650356965e-07,1.609314190136352e-07,1.609290015919631e-07,1.6092658423864885e-07,1.6092416695362732e-07,1.6092174973634107e-07,1.6091933258796464e-07,1.6091691550551505e-07,1.6091449848908584e-07,1.6091208154082305e-07,1.6090966465900813e-07,1.609072478441032e-07,1.6090483109486993e-07,1.609024144110905e-07,1.6089999779500377e-07,1.6089758124440165e-07,1.6089516475941154e-07,1.6089274834028188e-07,1.6089033198588099e-07,1.6088791569648379e-07,1.608854994719326e-07,1.6088308331127946e-07,1.608806672157796e-07,1.6087825118453402e-07,1.6087583521874195e-07,1.6087341931542525e-07,1.6087100347584643e-07,1.6086858769976515e-07,1.6086617198698507e-07,1.608637563373315e-07,1.608613407506515e-07,1.6085892522658234e-07,1.608565097655823e-07,1.6085409436653772e-07,1.6085167902998265e-07,1.608492637555848e-07,1.6084684854311969e-07,1.6084443339228723e-07,1.6084201830312148e-07,1.6083960327501775e-07,1.6083718830877958e-07,1.608347734039433e-07,1.6083235855975963e-07,1.6082994377608266e-07,1.6082752905328602e-07,1.6082511439067754e-07,1.6082269978824116e-07,1.6082028524522997e-07,1.6081787076316907e-07,1.6081545634081897e-07,1.6081304197812402e-07,1.608106276749637e-07,1.6080821343115795e-07,1.608057992465464e-07,1.6080338512102447e-07,1.6080097105448104e-07,1.6079855704665713e-07,1.607961430974464e-07,1.6079372920670852e-07,1.6079131537408226e-07,1.6078890159978986e-07,1.6078648788398885e-07,1.6078407422582324e-07,1.6078166062534209e-07,1.6077924708096905e-07,1.6077683359542894e-07,1.607744201673779e-07,1.6077200679469888e-07,1.6076959348102383e-07,1.6076718022424775e-07,1.6076476702428544e-07,1.6076235388092592e-07,1.6075994079424674e-07,1.6075752776393912e-07,1.607551147898861e-07,1.6075270187199272e-07,1.607502890100946e-07,1.6074787620412282e-07,1.607454634538996e-07,1.6074305075939203e-07,1.6074063812043597e-07,1.6073822553682589e-07,1.607358130084889e-07,1.6073340053533868e-07,1.6073098811574207e-07,1.6072857575251117e-07,1.6072616344382985e-07,1.6072375118890913e-07,1.6072133898978906e-07,1.6071892684506298e-07,1.607165147546728e-07,1.607141027185154e-07,1.6071169073648226e-07,1.6070927880834135e-07,1.607068669340741e-07,1.6070445511366588e-07,1.607020433468301e-07,1.6069963163359874e-07,1.606972199733902e-07,1.606948083669173e-07,1.606923968136496e-07,1.606899853133728e-07,1.60687573866227e-07,1.6068516247163956e-07,1.6068275113018505e-07,1.606803398414164e-07,1.6067792860411505e-07,1.6067551742049412e-07,1.6067310628919014e-07,1.606706952102035e-07,1.6066828418337947e-07,1.6066587320865408e-07,1.6066346228587894e-07,1.6066105141548767e-07,1.6065864059685332e-07,1.6065622982947008e-07,1.6065381911370108e-07,1.6065140844909806e-07,1.6064899783622006e-07,1.6064658727458572e-07,1.6064417676425869e-07,1.6064176630459965e-07,1.6063935589606417e-07,1.6063694553863897e-07,1.606345352324504e-07,1.6063212497742674e-07,1.6062971477237546e-07,1.6062730461796857e-07,1.6062489451414835e-07,1.6062248446030116e-07,1.6062007445553254e-07,1.6061766450263892e-07,1.6061525459920557e-07,1.6061284474635773e-07,1.6061043494366786e-07,1.6060802519094483e-07,1.6060561548785814e-07,1.606032058345933e-07,1.6060079623098864e-07,1.6059838667705577e-07,1.6059597717260812e-07,1.6059356771750113e-07,1.6059115831181218e-07,1.6058874895524164e-07,1.6058633964785674e-07,1.6058393038956066e-07,1.6058152118041536e-07,1.6057911202022517e-07,1.605767029087576e-07,1.6057429384606973e-07,1.6057188483226857e-07,1.6056947586695515e-07,1.6056706695021735e-07,1.605646580819714e-07,1.6056224926231788e-07,1.605598404908777e-07,1.6055743176768534e-07,1.6055502309280024e-07,1.605526144660428e-07,1.6055020588730502e-07,1.6054779735675772e-07,1.605453888739899e-07,1.605429804390731e-07,1.605405720519429e-07,1.6053816371195368e-07,1.6053575542020115e-07,1.6053334717603278e-07,1.6053093897886712e-07,1.605285308296696e-07,1.6052612272785952e-07,1.605237146729467e-07,1.6052130666581942e-07,1.605188987034949e-07,1.6051649079013913e-07,1.6051408292431116e-07,1.60511675105339e-07,1.6050926733344015e-07,1.6050685960797663e-07,1.6050445192960899e-07,1.6050204429908754e-07,1.604996367141855e-07,1.6049722917660687e-07,1.604948216849318e-07,1.6049241423975262e-07,1.6049000684106385e-07,1.6048759948946196e-07,1.6048519218374464e-07,1.604827849247861e-07,1.6048037771159691e-07,1.604779705456477e-07,1.6047556342208988e-07,1.6047315634771792e-07,1.6047074931935445e-07,1.6046834233695688e-07,1.6046593539999676e-07,1.6046352850888486e-07,1.6046112166320548e-07,1.6045871486342456e-07,1.60456308109338e-07,1.6045390140127466e-07,1.6045149473645603e-07,1.60449088119754e-07,1.6044668154757235e-07,1.6044427502115295e-07,1.6044186854028436e-07,1.6043946210496658e-07,1.60437055715144e-07,1.6043464937054734e-07,1.604322430708702e-07,1.6042983681601376e-07,1.604274306058457e-07,1.6042502444255287e-07,1.6042261832280166e-07,1.6042021224828122e-07,1.6041780621864685e-07,1.6041540023326437e-07,1.6041299429254737e-07,1.6041058839858854e-07,1.6040818254804552e-07,1.6040577674274585e-07,1.6040337098146843e-07,1.6040096526427175e-07,1.60398559591918e-07,1.603961539644695e-07,1.6039374838069894e-07,1.603913428413242e-07,1.603889373468772e-07,1.6038653189940318e-07,1.6038412649297868e-07,1.6038172113216266e-07,1.6037931581416422e-07,1.603769105404219e-07,1.603745053106487e-07,1.6037210012534766e-07,1.6036969498257143e-07,1.603672898852612e-07,1.6036488483092968e-07,1.603624798206641e-07,1.6036007485505426e-07,1.6035766993322747e-07,1.603552650551686e-07,1.6035286022059044e-07,1.6035045543003327e-07,1.603480506830674e-07,1.603456459798101e-07,1.603432413200902e-07,1.6034083670366953e-07,1.6033843213095693e-07,1.6033602760152032e-07,1.6033362311570747e-07,1.6033121867290122e-07,1.6032881427382497e-07,1.6032640991814147e-07,1.6032400560514818e-07,1.6032160133577967e-07,1.603191971104026e-07,1.603167929276301e-07,1.603143887877249e-07,1.6031198469064685e-07,1.6030958063812908e-07,1.603071766280995e-07,1.6030477265996485e-07,1.60302368735381e-07,1.6029996485422913e-07,1.60297561015705e-07,1.60295157220066e-07,1.6029275346666462e-07,1.6029034975814418e-07,1.6028794609075913e-07,1.602855424651035e-07,1.6028313888242657e-07,1.6028073534206295e-07,1.6027833184594553e-07,1.602759283920609e-07,1.6027352498005433e-07,1.6027112161149128e-07,1.6026871828566742e-07,1.6026631500194663e-07,1.602639117598564e-07,1.6026150856097025e-07,1.602591054045518e-07,1.6025670229038588e-07,1.602542992189694e-07,1.6025189618859826e-07,1.6024949320182038e-07,1.602470902573202e-07,1.6024468735506742e-07,1.6024228449449906e-07,1.6023988167666056e-07,1.6023747890052792e-07,1.6023507616699722e-07,1.6023267347477418e-07,1.6023027082531267e-07,1.602278682176381e-07,1.6022546565217393e-07,1.602230631284163e-07,1.6022066064631653e-07,1.602182582062008e-07,1.6021585580782047e-07,1.6021345345217372e-07,1.6021105113840476e-07,1.6020864886663464e-07,1.6020624663670598e-07,1.602038444476722e-07,1.6020144230072924e-07,1.6019904019588463e-07,1.6019663813060496e-07,1.6019423610927336e-07,1.601918341294972e-07,1.6018943219093794e-07,1.6018703029398444e-07,1.601846284387176e-07,1.6018222662524608e-07,1.6017982485289028e-07,1.6017742312318365e-07,1.601750214346237e-07,1.6017261978756566e-07,1.6017021818143867e-07,1.6016781661730732e-07,1.6016541509399316e-07,1.6016301361246758e-07,1.601606121725464e-07,1.6015821077356178e-07,1.6015580941812862e-07,1.6015340810227932e-07,1.6015100682768646e-07,1.6014860559411352e-07,1.6014620440199224e-07,1.6014380325111455e-07,1.6014140214096892e-07,1.601390010718255e-07,1.6013660004483457e-07,1.6013419905794852e-07,1.6013179811242192e-07,1.6012939720793981e-07,1.601269963449126e-07,1.6012459552324632e-07,1.601221947422995e-07,1.6011979400242246e-07,1.6011739330398972e-07,1.6011499264623918e-07,1.6011259202953893e-07,1.6011019145399643e-07,1.6010779091795396e-07,1.6010539042785927e-07,1.6010298997493945e-07,1.6010058956287314e-07,1.6009818919183862e-07,1.60095788860838e-07,1.6009338857143215e-07,1.600909883220378e-07,1.6008858811269184e-07,1.6008618794546195e-07,1.600837878190536e-07,1.6008138773344378e-07,1.6007898768697042e-07,1.6007658768254915e-07,1.6007418771710688e-07,1.6007178779467993e-07,1.6006938791250103e-07,1.6006698807054764e-07,1.60064588269671e-07,1.6006218850940544e-07,1.6005978878954913e-07,1.6005738911024957e-07,1.6005498947174325e-07,1.6005258987373474e-07,1.6005019031668744e-07,1.6004779079965663e-07,1.6004539132062967e-07,1.600429918845163e-07,1.6004059248894516e-07,1.6003819313360328e-07,1.6003579381884092e-07,1.6003339454478352e-07,1.6003099531217457e-07,1.6002859611942574e-07,1.600261969665749e-07,1.6002379785392177e-07,1.600213987814189e-07,1.6001899975021295e-07,1.6001660075867606e-07,1.6001420180782274e-07,1.6001180289641443e-07,1.6000940402561875e-07,1.6000700519489752e-07,1.6000460640461973e-07,1.6000220765447373e-07,1.5999980894572949e-07,1.5999741027652227e-07,1.599950116476481e-07,1.599926130585656e-07,1.59990214508455e-07,1.599878160022829e-07,1.599854175353931e-07,1.5998301910732844e-07,1.599806207189083e-07,1.599782223705543e-07,1.5997582406375694e-07,1.5997342579573815e-07,1.599710275674733e-07,1.5996862937987082e-07,1.5996623123212648e-07,1.5996383312584699e-07,1.59961435058033e-07,1.5995903703031246e-07,1.599566390425395e-07,1.5995424109456454e-07,1.5995184318677782e-07,1.599494453189583e-07,1.5994704749109303e-07,1.5994464970307802e-07,1.5994225195493475e-07,1.5993985424671453e-07,1.599374565785725e-07,1.599350589501658e-07,1.5993266136179042e-07,1.599302638131169e-07,1.5992786630386226e-07,1.5992546883799302e-07,1.5992307141278397e-07,1.599206740235676e-07,1.5991827667459531e-07,1.5991587936262955e-07,1.59913482092644e-07,1.5991108486271541e-07,1.5990868767297364e-07,1.5990629052623703e-07,1.5990389341529238e-07,1.5990149634412727e-07,1.598990993129791e-07,1.598967023231429e-07,1.5989430537144116e-07,1.598919084595846e-07,1.5988951158754688e-07,1.5988711475665726e-07,1.598847179637217e-07,1.5988232121092995e-07,1.5987992449733104e-07,1.598775278233505e-07,1.5987513118919613e-07,1.5987273459498303e-07,1.5987033803966846e-07,1.5986794152469626e-07,1.5986554505050373e-07,1.5986314861399908e-07,1.598607522174853e-07,1.598583558605528e-07,1.5985595954284196e-07,1.5985356326503356e-07,1.5985116702711854e-07,1.5984877082841972e-07,1.598463746689275e-07,1.5984397855154798e-07,1.598415824707231e-07,1.5983918643016859e-07,1.5983679042943947e-07,1.5983439446794796e-07,1.5983199854937852e-07,1.5982960266669189e-07,1.5982720682255383e-07,1.5982481101885812e-07,1.5982241525787853e-07,1.598200195324902e-07,1.5981762384688452e-07,1.5981522820017362e-07,1.5981283259371734e-07,1.5981043702660313e-07,1.5980804149876033e-07,1.5980564601080836e-07,1.598032505619374e-07,1.5980085515194132e-07,1.5979845978182492e-07,1.5979606445074298e-07,1.5979366915924484e-07,1.5979127390715991e-07,1.597888786939996e-07,1.5978648352061078e-07,1.5978408838641508e-07,1.597816932905644e-07,1.597792982351984e-07,1.5977690321914895e-07,1.5977450824241694e-07,1.5977211330494835e-07,1.597697184071194e-07,1.5976732354775292e-07,1.59764928728498e-07,1.5976253394806812e-07,1.597601392068537e-07,1.597577445040212e-07,1.5975534984102072e-07,1.5975295521790818e-07,1.597505606338757e-07,1.5974816608913193e-07,1.597457715844272e-07,1.5974337711797691e-07,1.5974098269082198e-07,1.5973858830317603e-07,1.597361939547751e-07,1.5973379964538787e-07,1.5973140537469535e-07,1.5972901114335125e-07,1.5972661695152745e-07,1.597242227979055e-07,1.5972182868415867e-07,1.5971943460928926e-07,1.597170405738421e-07,1.5971464657781942e-07,1.5971225262012355e-07,1.59709858702469e-07,1.5970746482379738e-07,1.5970507098431573e-07,1.5970267718306458e-07,1.59700283421493e-07,1.5969788970034542e-07,1.5969549601711544e-07,1.5969310237290125e-07,1.5969070876778957e-07,1.5968831520189252e-07,1.596859216743266e-07,1.5968352818692635e-07,1.5968113473820464e-07,1.596787413285474e-07,1.5967634795798163e-07,1.5967395462646983e-07,1.5967156133398088e-07,1.596691680804597e-07,1.5966677486604664e-07,1.59664381690651e-07,1.5966198855431138e-07,1.5965959545696808e-07,1.596572023988429e-07,1.5965480937953204e-07,1.5965241639923064e-07,1.5965002345793365e-07,1.5964763055599784e-07,1.5964523769270853e-07,1.5964284486839508e-07,1.596404520814288e-07,1.5963805933363378e-07,1.5963566662527516e-07,1.5963327395545115e-07,1.5963088132601687e-07,1.5962848873435078e-07,1.5962609618167568e-07,1.5962370366835477e-07,1.5962131119365496e-07,1.596189187590374e-07,1.596165263632533e-07,1.5961413400648856e-07,1.5961174168865454e-07,1.5960934940894344e-07,1.5960695716899256e-07,1.5960456496846482e-07,1.5960217280623163e-07,1.595997806830194e-07,1.5959738859870618e-07,1.595949965531735e-07,1.5959260454665967e-07,1.5959021257908778e-07,1.5958782065031814e-07,1.5958542875980923e-07,1.5958303690880969e-07,1.595806450966284e-07,1.5957825332500243e-07,1.5957586159061093e-07,1.5957346989528791e-07,1.5957107823862314e-07,1.595686866217461e-07,1.5956629504478676e-07,1.5956390350449984e-07,1.5956151200308385e-07,1.5955912054093956e-07,1.5955672911823672e-07,1.5955433773347903e-07,1.5955194638704264e-07,1.5954955507950074e-07,1.5954716381107807e-07,1.5954477258147325e-07,1.5954238139082655e-07,1.5953999023524032e-07,1.5953759912221154e-07,1.5953520804799304e-07,1.5953281701261187e-07,1.595304260159912e-07,1.595280350581925e-07,1.595256441391583e-07,1.5952325325891183e-07,1.595208624174503e-07,1.5951847161477313e-07,1.5951608085089188e-07,1.5951369012577287e-07,1.5951129943941775e-07,1.5950890879182587e-07,1.5950651818286282e-07,1.5950412761265523e-07,1.5950173708135232e-07,1.5949934658866672e-07,1.5949695613470202e-07,1.594945657194634e-07,1.5949217534301733e-07,1.5948978500545396e-07,1.5948739470663033e-07,1.5948500444640528e-07,1.5948261422510547e-07,1.594802240427377e-07,1.5947783389884235e-07,1.594754437937289e-07,1.5947305372732183e-07,1.5947066369941864e-07,1.5946827371040226e-07,1.5946588376020972e-07,1.594634938486745e-07,1.594611039757849e-07,1.5945871414130076e-07,1.5945632434635683e-07,1.5945393458937383e-07,1.5945154487054712e-07,1.5944915519115902e-07,1.5944676555048608e-07,1.5944437594774315e-07,1.5944198638409755e-07,1.5943959685860278e-07,1.5943720737091018e-07,1.5943481792327724e-07,1.594324285133661e-07,1.5943003914263527e-07,1.5942764981050763e-07,1.594252605180309e-07,1.594228712640474e-07,1.5942048204746432e-07,1.5941809287092893e-07,1.594157037331985e-07,1.5941331463394672e-07,1.5941092557138592e-07,1.5940853654930196e-07,1.5940614756591944e-07,1.5940375862113536e-07,1.5940136971504335e-07,1.5939898084779302e-07,1.593965920191638e-07,1.5939420322891973e-07,1.5939181447730268e-07,1.593894257643693e-07,1.5938703709006623e-07,1.593846484543314e-07,1.5938225985734057e-07,1.5937987129867017e-07,1.5937748277889152e-07,1.5937509429774675e-07,1.593727058552151e-07,1.5937031745159762e-07,1.5936792908597721e-07,1.5936554075914057e-07,1.5936315247095682e-07,1.5936076421862387e-07,1.593583760076826e-07,1.5935598783534812e-07,1.5935359969888843e-07,1.593512116037298e-07,1.593488235471635e-07,1.5934643552918417e-07,1.5934404754974822e-07,1.593416596088923e-07,1.5933927170494664e-07,1.5933688384083163e-07,1.593344960157494e-07,1.5933210822920882e-07,1.5932972048133876e-07,1.5932733277198355e-07,1.5932494510115624e-07,1.5932255746846278e-07,1.5932016987434542e-07,1.593177823187865e-07,1.593153948022116e-07,1.5931300732424103e-07,1.5931061988478048e-07,1.5930823248385924e-07,1.5930584512150905e-07,1.5930345779742106e-07,1.5930107051217173e-07,1.5929868326504414e-07,1.5929629605670188e-07,1.5929390888669906e-07,1.5929152175521728e-07,1.592891346620935e-07,1.5928674760766466e-07,1.5928436059185278e-07,1.59281973614387e-07,1.592795866757926e-07,1.592771997754339e-07,1.5927481291365837e-07,1.592724260908468e-07,1.592700393065697e-07,1.592676525604427e-07,1.5926526585295998e-07,1.5926287918423885e-07,1.592604925531815e-07,1.59258105961674e-07,1.5925571940866245e-07,1.592533328941931e-07,1.592509464184199e-07,1.5924855998090514e-07,1.5924617358193182e-07,1.5924378722097413e-07,1.592414008988633e-07,1.5923901461545749e-07,1.5923662837002866e-07,1.5923424216310534e-07,1.592318559953897e-07,1.5922946986545457e-07,1.5922708377400935e-07,1.59224697721737e-07,1.592223117075785e-07,1.592199257316302e-07,1.5921753979350627e-07,1.5921515389524814e-07,1.5921276803522743e-07,1.5921038221351288e-07,1.5920799643066892e-07,1.5920561068592026e-07,1.5920322497936913e-07,1.5920083931258496e-07,1.5919845368328538e-07,1.591960680926756e-07,1.5919368254032592e-07,1.5919129702644067e-07,1.5918891155103162e-07,1.591865261140962e-07,1.5918414071562935e-07,1.5918175535565485e-07,1.5917937003412004e-07,1.5917698475103173e-07,1.5917459950641622e-07,1.5917221430058483e-07,1.591698291331673e-07,1.59167444003943e-07,1.5916505891316405e-07,1.59162673860022e-07,1.5916028884617637e-07,1.5915790387021486e-07,1.5915551893325034e-07,1.5915313403816323e-07,1.59150749178142e-07,1.5914836435653932e-07,1.5914597957318086e-07,1.5914359482847133e-07,1.5914121012169254e-07,1.59138825451007e-07,1.591364408226933e-07,1.5913405623195975e-07,1.591316716795954e-07,1.5912928716601873e-07,1.5912690269056143e-07,1.5912451825287093e-07,1.5912213385431774e-07,1.5911974949385578e-07,1.591173651754696e-07,1.5911498089248186e-07,1.5911259664735527e-07,1.5911021244075299e-07,1.5910782827264168e-07,1.591054441437033e-07,1.5910306005432496e-07,1.5910067600110565e-07,1.590982919897773e-07,1.5909590801372685e-07,1.5909352407933928e-07,1.5909114018012498e-07,1.5908875631893672e-07,1.5908637249744458e-07,1.5908398871354543e-07,1.5908160496799144e-07,1.590792212656035e-07,1.590768375968727e-07,1.590744539648777e-07,1.590720703729657e-07,1.5906968681927555e-07,1.5906730330402214e-07,1.5906491982719496e-07,1.5906253638812006e-07,1.5906015298657683e-07,1.5905776962401534e-07,1.5905538630144168e-07,1.5905300301585394e-07,1.590506197694931e-07,1.5904823656198936e-07,1.5904585339238248e-07,1.5904347026114038e-07,1.5904108716817307e-07,1.5903870411393436e-07,1.5903632109842877e-07,1.5903393812134041e-07,1.5903155518223447e-07,1.5902917228188346e-07,1.5902678941951322e-07,1.590244065955314e-07,1.590220238099972e-07,1.5901964106310745e-07,1.590172583547394e-07,1.5901487568543803e-07,1.5901249305357723e-07,1.5901011046083761e-07,1.590077279053255e-07,1.5900534538726404e-07,1.5900296290877837e-07,1.590005804686278e-07,1.5899819806725914e-07,1.5899581570297553e-07,1.58993433378409e-07,1.589910510926631e-07,1.5898866884439114e-07,1.5898628663436192e-07,1.5898390446288552e-07,1.5898152233089586e-07,1.5897914023973657e-07,1.589767581833059e-07,1.5897437616505897e-07,1.5897199418694248e-07,1.5896961224559114e-07,1.589672303425308e-07,1.5896484847792537e-07,1.5896246665147166e-07,1.5896008486451396e-07,1.5895770311500187e-07,1.5895532140372903e-07,1.5895293973074742e-07,1.5895055809552876e-07,1.5894817649945618e-07,1.5894579494151846e-07,1.5894341342379836e-07,1.5894103194264015e-07,1.5893865049983972e-07,1.5893626909539535e-07,1.5893388772883654e-07,1.589315064003333e-07,1.5892912511433008e-07,1.5892674386686972e-07,1.5892436265556675e-07,1.589219814811339e-07,1.589196003462169e-07,1.5891721924869615e-07,1.5891483819324446e-07,1.5891245717297334e-07,1.58910076189699e-07,1.5890769524548806e-07,1.5890531433962485e-07,1.5890293347135586e-07,1.5890055264136638e-07,1.588981718504156e-07,1.588957910992557e-07,1.5889341038504365e-07,1.5889102970867852e-07,1.5888864907137233e-07,1.5888626847237387e-07,1.588838879117258e-07,1.588815073904076e-07,1.5887912690637492e-07,1.588767464604492e-07,1.5887436605312125e-07,1.5887198568437943e-07,1.5886960535345045e-07,1.5886722506169959e-07,1.5886484480744732e-07,1.5886246459128866e-07,1.5886008441529133e-07,1.588577042722924e-07,1.58855324170888e-07,1.5885294410818708e-07,1.5885056408398758e-07,1.588481840987768e-07,1.5884580415076418e-07,1.5884342424170185e-07,1.5884104437077392e-07,1.5883866454090193e-07,1.5883628474481397e-07,1.588339049888276e-07,1.5883152527106952e-07,1.588291455927409e-07,1.5882676595179127e-07,1.588243863490742e-07,1.588220067838312e-07,1.5881962725476209e-07,1.5881724776703617e-07,1.5881486831921144e-07,1.5881248890922568e-07,1.588101095362203e-07,1.5880773019873262e-07,1.588053509029993e-07,1.5880297164141964e-07,1.5880059242230373e-07,1.587982132410142e-07,1.587958340980367e-07,1.5879345499382587e-07,1.5879107592779848e-07,1.5878869689983644e-07,1.5878631791036112e-07,1.5878393895892392e-07,1.5878156004616217e-07,1.5877918117133072e-07,1.587768023348634e-07,1.5877442353810356e-07,1.5877204477817543e-07,1.5876966605654722e-07,1.5876728737362207e-07,1.5876490872859131e-07,1.587625301218584e-07,1.5876015155342241e-07,1.5875777302328295e-07,1.5875539453182435e-07,1.5875301607815335e-07,1.587506376629869e-07,1.5874825928602688e-07,1.587458809494148e-07,1.587435026490406e-07,1.5874112438695835e-07,1.5873874616316722e-07,1.587363679776667e-07,1.5873398983045626e-07,1.5873161172153518e-07,1.587292336513412e-07,1.5872685561899698e-07,1.5872447762494014e-07,1.5872209966917014e-07,1.5871972175168645e-07,1.5871734387248833e-07,1.5871496603157515e-07,1.5871258822940208e-07,1.58710210465057e-07,1.5870783273899495e-07,1.587054550512153e-07,1.587030774017177e-07,1.5870069979096588e-07,1.5869832221845492e-07,1.5869594468421118e-07,1.5869356718783485e-07,1.5869118972973736e-07,1.5868881230991795e-07,1.5868643492837994e-07,1.5868405758511531e-07,1.5868168028012713e-07,1.5867930301386297e-07,1.5867692578542573e-07,1.5867454859526327e-07,1.5867217144337462e-07,1.5866979432976014e-07,1.5866741725480538e-07,1.5866504021814226e-07,1.5866266321934394e-07,1.5866028625881669e-07,1.586579093369344e-07,1.5865553245294765e-07,1.586531556072303e-07,1.5865077879978164e-07,1.5864840203060124e-07,1.5864602529968834e-07,1.5864364860704267e-07,1.5864127195253831e-07,1.586388953363009e-07,1.586365187584529e-07,1.5863414221886964e-07,1.5863176571755044e-07,1.5862938925449496e-07,1.5862701282970255e-07,1.586246364431729e-07,1.586222600949049e-07,1.586198837848984e-07,1.5861750751315266e-07,1.5861513127966732e-07,1.5861275508427518e-07,1.586103789273087e-07,1.586080028083622e-07,1.5860562672791256e-07,1.5860325068572033e-07,1.5860087468153655e-07,1.5859849871585773e-07,1.5859612278843472e-07,1.5859374689926706e-07,1.5859137104835427e-07,1.5858899523518884e-07,1.5858661946177236e-07,1.5858424372514503e-07,1.5858186802677186e-07,1.5857949236672929e-07,1.58577116746399e-07,1.5857474116278897e-07,1.5857236561744416e-07,1.5856999011035893e-07,1.5856761464152663e-07,1.585652392109501e-07,1.5856286381863627e-07,1.5856048846457368e-07,1.5855811314876595e-07,1.5855573787121008e-07,1.5855336263206048e-07,1.5855098743101402e-07,1.5854861226821398e-07,1.585462371436619e-07,1.585438620573642e-07,1.5854148700931478e-07,1.5853911199951692e-07,1.585367370286738e-07,1.5853436209536648e-07,1.5853198720030872e-07,1.5852961234349936e-07,1.5852723752493124e-07,1.5852486274463244e-07,1.585224880025567e-07,1.5852011329813527e-07,1.5851773863222507e-07,1.5851536400487783e-07,1.5851298941577615e-07,1.585106148656493e-07,1.5850824035278036e-07,1.5850586587820354e-07,1.5850349144174336e-07,1.5850111704374467e-07,1.5849874268439385e-07,1.5849636836327721e-07,1.5849399408039398e-07,1.58491619835744e-07,1.5848924562932663e-07,1.5848687146114138e-07,1.584844973304198e-07,1.58482123238697e-07,1.5847974918520472e-07,1.584773751699426e-07,1.5847500119291016e-07,1.5847262725410672e-07,1.5847025335353205e-07,1.584678794911855e-07,1.5846550566706655e-07,1.584631318828067e-07,1.5846075813530721e-07,1.5845838442551411e-07,1.584560107543202e-07,1.584536371214756e-07,1.584512635257945e-07,1.584488899683129e-07,1.5844651644910048e-07,1.5844414296820458e-07,1.584417695264794e-07,1.5843939612203004e-07,1.5843702275554363e-07,1.584346494282676e-07,1.5843227613830033e-07,1.5842990288675608e-07,1.584275296741399e-07,1.5842515649904627e-07,1.584227833628722e-07,1.5842041026493286e-07,1.584180372052106e-07,1.5841566418370785e-07,1.5841329120042483e-07,1.5841091825534517e-07,1.5840854534857334e-07,1.584061724795231e-07,1.5840379964918223e-07,1.5840142685705623e-07,1.583990541030624e-07,1.5839668138736468e-07,1.58394308709801e-07,1.5839193607061786e-07,1.5838956346955884e-07,1.5838719090671185e-07,1.5838481838207634e-07,1.5838244589574763e-07,1.5838007344752588e-07,1.5837770103761183e-07,1.583753286659089e-07,1.58372956332415e-07,1.583705840371436e-07,1.5836821178007156e-07,1.5836583956122368e-07,1.5836346738055658e-07,1.5836109523811438e-07,1.5835872313388343e-07,1.5835635106878153e-07,1.5835397904097789e-07,1.5835160705136343e-07,1.5834923509996579e-07,1.5834686318677464e-07,1.5834449131180512e-07,1.5834211947504137e-07,1.583397476760356e-07,1.5833737591568307e-07,1.5833500419555284e-07,1.5833263251160193e-07,1.5833026086561688e-07,1.5832788925807223e-07,1.5832551768872962e-07,1.5832314615756293e-07,1.5832077466462944e-07,1.5831840320987492e-07,1.5831603179333797e-07,1.5831366041498268e-07,1.583112890748424e-07,1.583089177728992e-07,1.5830654650883494e-07,1.5830417528328007e-07,1.5830180409592446e-07,1.5829943294676505e-07,1.5829706183580035e-07,1.5829469076256038e-07,1.5829231972798045e-07,1.5828994873159553e-07,1.5828757777337295e-07,1.5828520685337624e-07,1.582828359715669e-07,1.5828046512777675e-07,1.5827809432235541e-07,1.5827572355495056e-07,1.5827335282573355e-07,1.5827098213470303e-07,1.5826861148186534e-07,1.582662408672168e-07,1.5826387029075517e-07,1.5826149975262792e-07,1.5825912925254235e-07,1.5825675879079018e-07,1.5825438836692677e-07,1.5825201798140582e-07,1.5824964763405995e-07,1.5824727732475436e-07,1.5824490705262563e-07,1.5824253681984029e-07,1.5824016662523614e-07,1.5823779646926802e-07,1.5823542635103568e-07,1.5823305627099049e-07,1.582306862290771e-07,1.582283162253855e-07,1.5822594626135174e-07,1.5822357633387738e-07,1.5822120644463812e-07,1.5821883659352346e-07,1.5821646678211088e-07,1.5821409700714022e-07,1.5821172727062523e-07,1.5820935757231968e-07,1.5820698790988956e-07,1.5820461828815142e-07,1.582022487043353e-07,1.5819987915895268e-07,1.5819750965158702e-07,1.5819514018225452e-07,1.5819277075140063e-07,1.5819040135881206e-07,1.581880320043924e-07,1.5818566268874973e-07,1.5818329341058584e-07,1.5818092416981522e-07,1.5817855496711511e-07,1.5817618580345256e-07,1.5817381667784793e-07,1.5817144759053385e-07,1.5816907853953326e-07,1.5816670952843876e-07,1.5816434055561155e-07,1.5816197162083043e-07,1.5815960272424442e-07,1.5815723386578e-07,1.5815486504583053e-07,1.5815249626418349e-07,1.5815012752024553e-07,1.5814775881326817e-07,1.5814539014566524e-07,1.581430215162297e-07,1.5814065292498745e-07,1.5813828437188397e-07,1.581359158569524e-07,1.58133547380188e-07,1.5813117894161208e-07,1.581288105411705e-07,1.581264421788951e-07,1.5812407385478319e-07,1.5812170556884335e-07,1.5811933732107006e-07,1.5811696911144897e-07,1.58114600939988e-07,1.5811223280669544e-07,1.5810986471157222e-07,1.581074966546343e-07,1.5810512863583099e-07,1.5810276065513139e-07,1.5810039271262868e-07,1.580980248082904e-07,1.5809565694212847e-07,1.5809328911412949e-07,1.5809092132427287e-07,1.5808855357264115e-07,1.5808618585911064e-07,1.5808381818372534e-07,1.5808145054651965e-07,1.5807908294746845e-07,1.5807671538656563e-07,1.5807434786382197e-07,1.5807198037921567e-07,1.580696129327746e-07,1.5806724552449532e-07,1.5806487815437182e-07,1.580625108226831e-07,1.5806014352883974e-07,1.580577762731663e-07,1.5805540905565588e-07,1.5805304187627717e-07,1.5805067473503865e-07,1.5804830763179244e-07,1.5804594056525257e-07,1.5804357353835047e-07,1.5804120654953752e-07,1.580388395994018e-07,1.5803647268708847e-07,1.5803410581322676e-07,1.5803173897388304e-07,1.5802937217597702e-07,1.5802700541626294e-07,1.5802463869469216e-07,1.580222720112564e-07,1.5801990536593383e-07,1.5801753875863156e-07,1.5801517218959881e-07,1.5801280565868218e-07,1.580104391660179e-07,1.5800807271127976e-07,1.580057062948214e-07,1.5800333991448824e-07,1.5800097357431673e-07,1.5799860727216726e-07,1.5799624100806008e-07,1.5799387478217415e-07,1.5799150859457874e-07,1.579891424448439e-07,1.579867763326311e-07,1.5798441025984422e-07,1.5798204422513714e-07,1.5797967822745793e-07,1.5797731226886512e-07,1.5797494634796362e-07,1.5797258046545505e-07,1.5797021462119955e-07,1.5796784881495417e-07,1.579654830474523e-07,1.5796311732190296e-07,1.5796075163038557e-07,1.579583859744181e-07,1.57956020358529e-07,1.5795365477892126e-07,1.5795128923962972e-07,1.5794892373737473e-07,1.5794655827423808e-07,1.579441928454222e-07,1.5794182745925976e-07,1.5793946210984866e-07,1.5793709680186078e-07,1.579347315294234e-07,1.5793236629489814e-07,1.5793000109872202e-07,1.579276359413379e-07,1.5792527081826803e-07,1.579229057408309e-07,1.579205406971691e-07,1.5791817568997514e-07,1.579158107232035e-07,1.579134457952077e-07,1.5791108090404559e-07,1.5790871605133916e-07,1.579063512369578e-07,1.5790398646053087e-07,1.5790162172009096e-07,1.578992570194902e-07,1.578968923636536e-07,1.5789452773950858e-07,1.5789216315329526e-07,1.578897986049506e-07,1.57887434091425e-07,1.5788506961979582e-07,1.5788270518661062e-07,1.578803407891334e-07,1.578779764336541e-07,1.5787561211434365e-07,1.5787324783286817e-07,1.578708835899713e-07,1.5786851938503042e-07,1.5786615521795084e-07,1.578637910893457e-07,1.5786142699928558e-07,1.578590629485049e-07,1.578566989313366e-07,1.5785433495519815e-07,1.578519710147305e-07,1.5784960711243217e-07,1.578472432472403e-07,1.5784487941981823e-07,1.5784251563415883e-07,1.5784015188649251e-07,1.578377881771443e-07,1.5783542450547532e-07,1.5783306086881333e-07,1.5783069727465728e-07,1.5782833371748243e-07,1.5782597019847586e-07,1.5782360671807623e-07,1.5782124327173098e-07,1.5781887986771943e-07,1.5781651650124957e-07,1.5781415317302436e-07,1.5781178988305605e-07,1.5780942662949015e-07,1.578070634159992e-07,1.5780470024017789e-07,1.5780233710255057e-07,1.5779997400229674e-07,1.577976109408328e-07,1.5779524791716083e-07,1.577928849320475e-07,1.5779052198536107e-07,1.5778815907589932e-07,1.57785796204426e-07,1.5778343337161425e-07,1.577810705768923e-07,1.5777870781972526e-07,1.5777634510121157e-07,1.5777398242058612e-07,1.577716197788829e-07,1.577692571746966e-07,1.5776689460855516e-07,1.5776453208050493e-07,1.5776216959073548e-07,1.5775980713809707e-07,1.5775744472585128e-07,1.5775508235039173e-07,1.5775272001365956e-07,1.5775035771397505e-07,1.5774799545267783e-07,1.5774563322947926e-07,1.5774327104067247e-07,1.577409088937256e-07,1.5773854678482116e-07,1.5773618471401416e-07,1.5773382268048874e-07,1.577314606861569e-07,1.577290987293434e-07,1.5772673680774813e-07,1.5772437492728148e-07,1.5772201308502025e-07,1.5771965127563007e-07,1.5771728951077834e-07,1.5771492778307254e-07,1.5771256609300204e-07,1.5771020444133754e-07,1.5770784282770822e-07,1.5770548124284617e-07,1.577031197040506e-07,1.5770075820531598e-07,1.576983967440439e-07,1.5769603532180328e-07,1.5769367393765257e-07,1.576913125898577e-07,1.5768895128017598e-07,1.5768659000854995e-07,1.5768422877466272e-07,1.5768186758038831e-07,1.576795064239947e-07,1.5767714530523585e-07,1.5767478422433572e-07,1.5767242318220508e-07,1.5767006217720143e-07,1.57667701211243e-07,1.5766534028094158e-07,1.57662979391153e-07,1.5766061853941532e-07,1.5765825772482976e-07,1.5765589694882054e-07,1.5765353621136964e-07,1.5765117551206126e-07,1.5764881485164313e-07,1.57646454228439e-07,1.57644093643121e-07,1.5764173309276902e-07,1.5763937258285155e-07,1.5763701211152627e-07,1.5763465167730676e-07,1.5763229128334376e-07,1.5762993092881858e-07,1.5762757060908915e-07,1.5762521032793934e-07,1.57622850085053e-07,1.5762048988169402e-07,1.5761812971494946e-07,1.5761576958756427e-07,1.57613409496992e-07,1.576110494440218e-07,1.5760868943266798e-07,1.5760632945680383e-07,1.576039695169814e-07,1.5760160961726726e-07,1.5759924975467037e-07,1.5759688993066954e-07,1.5759453014424086e-07,1.575921703973035e-07,1.5758981068700362e-07,1.5758745101685901e-07,1.5758509138572483e-07,1.5758273179110627e-07,1.575803722330619e-07,1.5757801271387868e-07,1.5757565323248634e-07,1.5757329378944406e-07,1.575709343762657e-07,1.5756857501025732e-07,1.5756621567969953e-07,1.5756385639095613e-07,1.575614971377226e-07,1.5755913792280058e-07,1.5755677874623788e-07,1.5755441960748736e-07,1.5755206050964875e-07,1.5754970144831358e-07,1.5754734242375594e-07,1.5754498343752657e-07,1.575426244890762e-07,1.57540265578401e-07,1.5753790670606178e-07,1.5753554787184192e-07,1.5753318907492243e-07,1.5753083031797932e-07,1.575284715979011e-07,1.57526112915908e-07,1.575237542724347e-07,1.5752139566656967e-07,1.5751903709872613e-07,1.575166785689851e-07,1.5751432007946576e-07,1.5751196163076625e-07,1.5750960321516035e-07,1.5750724483809973e-07,1.5750488649707725e-07,1.575025281956801e-07,1.5750016992436073e-07,1.5749781169907646e-07,1.5749545351185547e-07,1.5749309536285586e-07,1.5749073725219637e-07,1.5748837918047925e-07,1.5748602114398028e-07,1.574836631470572e-07,1.5748130518907435e-07,1.5747894726823426e-07,1.5747658938666958e-07,1.5747423154209954e-07,1.57471873735403e-07,1.5746951596884016e-07,1.57467158238736e-07,1.5746480054776464e-07,1.574624428950668e-07,1.5746008527782842e-07,1.5745772769892966e-07,1.5745537015864905e-07,1.5745301265670823e-07,1.574506551919719e-07,1.57448297766612e-07,1.574459403786642e-07,1.574435830289026e-07,1.5744122571723818e-07,1.574388684432956e-07,1.574365112074693e-07,1.5743415401221046e-07,1.574317968523697e-07,1.5742943972974856e-07,1.5742708264809908e-07,1.574247256025076e-07,1.5742236859480861e-07,1.5742001162574575e-07,1.5741765469496782e-07,1.5741529780150554e-07,1.5741294094551736e-07,1.5741058412544948e-07,1.5740822734636406e-07,1.574058706045036e-07,1.5740351390259064e-07,1.5740115723704385e-07,1.5739880060869377e-07,1.5739644401953574e-07,1.5739408747123086e-07,1.573917309587892e-07,1.573893744896708e-07,1.573870180519019e-07,1.5738466165379156e-07,1.5738230529390603e-07,1.5737994897205215e-07,1.5737759268833942e-07,1.573752364417291e-07,1.5737288023309116e-07,1.5737052406238105e-07,1.57368167929967e-07,1.5736581183583484e-07,1.5736345578095065e-07,1.5736109976247568e-07,1.5735874378083173e-07,1.573563878372187e-07,1.573540319345427e-07,1.5735167606820646e-07,1.5734932023986322e-07,1.5734696444993206e-07,1.5734460869771e-07,1.5734225298342994e-07,1.573398973079502e-07,1.5733754166937618e-07,1.5733518606902986e-07,1.5733283050424368e-07,1.5733047498066538e-07,1.5732811949498324e-07,1.5732576404686827e-07,1.5732340863703051e-07,1.5732105326523547e-07,1.5731869793168623e-07,1.5731634263587065e-07,1.5731398737819993e-07,1.5731163215833043e-07,1.5730927697567996e-07,1.573069218267673e-07,1.573045667198028e-07,1.5730221165188867e-07,1.5729985662269743e-07,1.572975016309421e-07,1.572951466768265e-07,1.5729279176011094e-07,1.5729043688176714e-07,1.5728808204245483e-07,1.572857272428537e-07,1.572833724792811e-07,1.572810177541595e-07,1.572786630653956e-07,1.5727630841641221e-07,1.5727395380035531e-07,1.5727159922815656e-07,1.5726924469312395e-07,1.5726689019692018e-07,1.572645357377197e-07,1.572621813161626e-07,1.572598269324056e-07,1.572574725865779e-07,1.5725511827917273e-07,1.572527640102601e-07,1.57250409780252e-07,1.5724805558717168e-07,1.5724570143037482e-07,1.572433473143611e-07,1.572409932331286e-07,1.5723863919188945e-07,1.5723628518901124e-07,1.5723393122391523e-07,1.57231577296307e-07,1.5722922340733158e-07,1.572268695564095e-07,1.5722451574355556e-07,1.5722216196437738e-07,1.572198082215905e-07,1.5721745452232118e-07,1.572151008655249e-07,1.572127472419862e-07,1.5721039365913419e-07,1.5720804010970363e-07,1.5720568660098265e-07,1.5720333312990608e-07,1.5720097969633367e-07,1.5719862630182656e-07,1.5719627294484583e-07,1.5719391962536686e-07,1.5719156633879053e-07,1.571892130963813e-07,1.5718685989198756e-07,1.5718450672535e-07,1.5718215359632002e-07,1.571798005042164e-07,1.5717744745182382e-07,1.5717509443581423e-07,1.5717274145947084e-07,1.571703885210937e-07,1.5716803562075968e-07,1.5716568275843365e-07,1.5716332993411272e-07,1.571609771477894e-07,1.571586243994721e-07,1.5715627168752662e-07,1.5715391901543088e-07,1.5715156638110912e-07,1.571492137847862e-07,1.5714686122646625e-07,1.5714450870614618e-07,1.57142156223831e-07,1.5713980377744762e-07,1.5713745137111225e-07,1.571350990027832e-07,1.5713274667176938e-07,1.5713039438516833e-07,1.571280421365501e-07,1.5712568991804402e-07,1.5712333774503716e-07,1.5712098560467887e-07,1.571186335023117e-07,1.5711628143743789e-07,1.5711392940940895e-07,1.5711157742041878e-07,1.571092254695391e-07,1.5710687355665043e-07,1.571045216817557e-07,1.571021698448601e-07,1.5709981804416832e-07,1.570974662821214e-07,1.570951145591995e-07,1.5709276287281888e-07,1.5709041122422203e-07,1.5708805961506086e-07,1.5708570803747597e-07,1.5708335650403564e-07,1.5708100500848875e-07,1.5707865355717122e-07,1.570763021385607e-07,1.5707395075830013e-07,1.5707159941504153e-07,1.5706924811019606e-07,1.570668968427566e-07,1.5706454561407472e-07,1.5706219442243944e-07,1.5705984326937272e-07,1.5705749215422253e-07,1.5705514107900245e-07,1.570527900398222e-07,1.5705043903819952e-07,1.5704808807680325e-07,1.5704573715011588e-07,1.5704338626490588e-07,1.5704103541563396e-07,1.5703868460108579e-07,1.5703633382768112e-07,1.570339830912424e-07,1.5703163239207923e-07,1.57029281732626e-07,1.5702693110681785e-07,1.5702458052330233e-07,1.5702222997772002e-07,1.5701987947240443e-07,1.5701752900283642e-07,1.57015178571362e-07,1.5701282818115898e-07,1.5701047782687686e-07,1.570081275071061e-07,1.570057772265337e-07,1.570034269861089e-07,1.5700107678279122e-07,1.5699872661709077e-07,1.5699637648528482e-07,1.5699402639418764e-07,1.569916763421261e-07,1.5698932632791197e-07,1.569869763523537e-07,1.5698462641183294e-07,1.5698227651205126e-07,1.5697992665257466e-07,1.5697757682979502e-07,1.569752270439653e-07,1.5697287729641345e-07,1.5697052758655342e-07,1.5696817791400844e-07,1.56965828280435e-07,1.5696347868428927e-07,1.569611291239368e-07,1.5695877960531054e-07,1.569564301231672e-07,1.5695408068259507e-07,1.5695173127599168e-07,1.5694938190628625e-07,1.5694703257529487e-07,1.569446832824744e-07,1.569423340289013e-07,1.56939984812435e-07,1.5693763563402526e-07,1.5693528649411876e-07,1.5693293739184742e-07,1.5693058832624594e-07,1.5692823929955763e-07,1.569258903106706e-07,1.5692354136010474e-07,1.5692119244464715e-07,1.5691884356948626e-07,1.5691649473243213e-07,1.5691414593407452e-07,1.569117971781113e-07,1.5690944845518204e-07,1.5690709976863447e-07,1.5690475112197434e-07,1.5690240251015192e-07,1.5690005393992786e-07,1.5689770540844121e-07,1.5689535691231534e-07,1.5689300845506814e-07,1.568906600344834e-07,1.5688831165189944e-07,1.568859633081573e-07,1.568836150025759e-07,1.568812667350696e-07,1.5687891850482127e-07,1.568765703109784e-07,1.568742221572388e-07,1.5687187404654456e-07,1.568695259677213e-07,1.5686717792662377e-07,1.5686482992559407e-07,1.5686248196066484e-07,1.5686013403371247e-07,1.5685778614537675e-07,1.5685543829481695e-07,1.5685309048215626e-07,1.56850742707531e-07,1.5684839496998018e-07,1.5684604727088943e-07,1.5684369960963962e-07,1.568413519863545e-07,1.5683900440179151e-07,1.568366568587022e-07,1.5683430935013287e-07,1.568319618800944e-07,1.568296144481171e-07,1.5682726704781392e-07,1.56824919691132e-07,1.5682257237249236e-07,1.568202250912838e-07,1.5681787784837346e-07,1.568155306436306e-07,1.5681318347671792e-07,1.5681083634827168e-07,1.5680848926240036e-07,1.5680614220964269e-07,1.568037951945994e-07,1.5680144821756882e-07,1.5679910127816006e-07,1.5679675437652873e-07,1.5679440751337668e-07,1.5679206068526744e-07,1.5678971389765784e-07,1.567873671451441e-07,1.5678502042880278e-07,1.5678267375496622e-07,1.567803271185599e-07,1.5677798052059993e-07,1.5677563396076858e-07,1.56773287438739e-07,1.567709409547897e-07,1.5676859450827353e-07,1.567662481007783e-07,1.567639017304101e-07,1.567615553979792e-07,1.567592091030022e-07,1.5675686284655975e-07,1.567545166286619e-07,1.5675217044801357e-07,1.56749824302617e-07,1.567474781976013e-07,1.56745132130644e-07,1.567427861012352e-07,1.5674044010558945e-07,1.5673809415304187e-07,1.5673574823608912e-07,1.5673340235832292e-07,1.5673105651670282e-07,1.5672871071416295e-07,1.5672636495065908e-07,1.5672401922525164e-07,1.5672167353725812e-07,1.5671932788695087e-07,1.5671698227500092e-07,1.5671463670077684e-07,1.5671229116703458e-07,1.567099456692573e-07,1.567076002091496e-07,1.5670525478663047e-07,1.567029094020088e-07,1.5670056405574493e-07,1.5669821874803146e-07,1.5669587347786272e-07,1.5669352824481226e-07,1.5669118305029627e-07,1.5668883789390351e-07,1.5668649277591208e-07,1.5668414769489993e-07,1.5668180265158417e-07,1.5667945764599686e-07,1.566771126812114e-07,1.5667476775274777e-07,1.566724228648881e-07,1.5667007801524043e-07,1.56667733200424e-07,1.5666538842267723e-07,1.566630436831495e-07,1.56660698981448e-07,1.5665835431223854e-07,1.5665600968637206e-07,1.566536650978047e-07,1.5665132054764083e-07,1.566489760364462e-07,1.566466315629298e-07,1.5664428712674516e-07,1.5664194272834747e-07,1.566395983678704e-07,1.5663725404840028e-07,1.5663490976369982e-07,1.5663256551732302e-07,1.5663022130834803e-07,1.5662787713744824e-07,1.5662553300458837e-07,1.566231889097373e-07,1.5662084485249737e-07,1.5661850083336726e-07,1.566161568519488e-07,1.566138129079332e-07,1.5661146900660522e-07,1.5660912513961416e-07,1.5660678131002117e-07,1.5660443751850922e-07,1.5660209376567152e-07,1.56599750049769e-07,1.565974063718247e-07,1.5659506272991113e-07,1.5659271912755704e-07,1.5659037556328182e-07,1.565880320358993e-07,1.5658568854742617e-07,1.5658334509668765e-07,1.56581001683782e-07,1.5657865830928036e-07,1.5657631497225273e-07,1.5657397167336428e-07,1.56571628412311e-07,1.565692851901397e-07,1.5656694200472647e-07,1.5656459885745513e-07,1.5656225574753037e-07,1.5655991267597718e-07,1.5655756964231815e-07,1.565552266464023e-07,1.5655288368852853e-07,1.5655054076814925e-07,1.5654819788591343e-07,1.5654585504174248e-07,1.5654351223694257e-07,1.5654116946805114e-07,1.5653882673757718e-07,1.5653648404534112e-07,1.5653414139033864e-07,1.5653179877316177e-07,1.5652945619410398e-07,1.5652711365264076e-07,1.5652477114804042e-07,1.565224286830143e-07,1.5652008625514313e-07,1.5651774386555125e-07,1.5651540150546548e-07,1.5651305919004364e-07,1.5651071691412695e-07,1.5650837467664586e-07,1.5650603247537858e-07,1.565036903097759e-07,1.5650134818552697e-07,1.5649900609922753e-07,1.5649666405065831e-07,1.5649432203956602e-07,1.5649198006750498e-07,1.5648963812950732e-07,1.56487296232147e-07,1.5648495437278524e-07,1.5648261255165875e-07,1.5648027076844376e-07,1.564779290213164e-07,1.5647558731389476e-07,1.56473245646013e-07,1.5647090401285536e-07,1.564685624187084e-07,1.5646622086505092e-07,1.5646387934696005e-07,1.5646153786645846e-07,1.5645919642633122e-07,1.5645685502564558e-07,1.5645451365793828e-07,1.5645217233434955e-07,1.5644983104370669e-07,1.5644748978731834e-07,1.5644514857235393e-07,1.5644280739475865e-07,1.5644046625524627e-07,1.564381251555978e-07,1.564357840910205e-07,1.5643344306510324e-07,1.5643110207675421e-07,1.5642876112640856e-07,1.56426420214772e-07,1.5642407933914516e-07,1.5642173850293206e-07,1.5641939770389905e-07,1.5641705694179506e-07,1.564147162181463e-07,1.5641237553369529e-07,1.5641003488553713e-07,1.564076942765262e-07,1.5640535370562698e-07,1.5640301317143843e-07,1.564006726760457e-07,1.5639833222012595e-07,1.5639599179203553e-07,1.5639365141116525e-07,1.5639131106707758e-07,1.5638897076115578e-07,1.563866304930341e-07,1.5638429026274838e-07,1.5638195007120213e-07,1.5637960991690693e-07,1.5637726980072277e-07,1.5637492972195975e-07,1.5637258968068043e-07,1.563702496775445e-07,1.5636790971062637e-07,1.5636556978328055e-07,1.5636322989373585e-07,1.56360890042774e-07,1.5635855022807782e-07,1.5635621045228933e-07,1.5635387071424018e-07,1.5635153101368844e-07,1.5634919135126917e-07,1.5634685172681553e-07,1.5634451214022383e-07,1.563421725915533e-07,1.5633983307868397e-07,1.5633749360680924e-07,1.5633515417107334e-07,1.5633281477385567e-07,1.563304754140313e-07,1.5632813609151647e-07,1.56325796807468e-07,1.563234575598904e-07,1.563211183519313e-07,1.5631877918139804e-07,1.5631644004949625e-07,1.563141009494174e-07,1.563117618925252e-07,1.5630942287407712e-07,1.5630708389298597e-07,1.5630474494842374e-07,1.5630240604285323e-07,1.5630006717523698e-07,1.5629772834669446e-07,1.562953895531509e-07,1.5629305079954278e-07,1.5629071208330627e-07,1.562883734053408e-07,1.5628603476409716e-07,1.5628369616118085e-07,1.5628135759666707e-07,1.562790190701294e-07,1.562766805784174e-07,1.5627434212712181e-07,1.5627200371350704e-07,1.5626966533782576e-07,1.5626732700095905e-07,1.5626498870459812e-07,1.5626265044295387e-07,1.5626031221867436e-07,1.562579740323147e-07,1.562556358837815e-07,1.5625329777443606e-07,1.5625095970188908e-07,1.5624862166984944e-07,1.5624628367313116e-07,1.5624394571502884e-07,1.562416077939576e-07,1.5623926991054887e-07,1.562369320621641e-07,1.5623459425238377e-07,1.5623225648262126e-07,1.5622991875025312e-07,1.5622758105968194e-07,1.5622524340341918e-07,1.5622290578468072e-07,1.5622056820610255e-07,1.5621823066347147e-07,1.5621589315857276e-07,1.5621355569116136e-07,1.5621121826191311e-07,1.5620888086651236e-07,1.5620654351423865e-07,1.5620420619804514e-07,1.5620186892027137e-07,1.5619953168049632e-07,1.5619719447844552e-07,1.5619485731490227e-07,1.561925201885111e-07,1.5619018309977648e-07,1.5618784604899375e-07,1.5618550903467836e-07,1.5618317205959764e-07,1.5618083511976953e-07,1.561784982180061e-07,1.561761613563069e-07,1.5617382453205917e-07,1.5617148774547899e-07,1.5616915099855355e-07,1.5616681428750544e-07,1.5616447761932495e-07,1.561621409845244e-07,1.5615980438779767e-07,1.561574678287822e-07,1.5615513130778642e-07,1.5615279482703855e-07,1.5615045838231901e-07,1.5614812197456e-07,1.5614578560437271e-07,1.5614344927094208e-07,1.5614111297457094e-07,1.561387767183948e-07,1.561364404998052e-07,1.5613410431739147e-07,1.5613176817423544e-07,1.561294320688994e-07,1.5612709600262277e-07,1.5612475997370085e-07,1.5612242398337748e-07,1.5612008803083883e-07,1.5611775211487847e-07,1.5611541623688356e-07,1.5611308039687442e-07,1.5611074459581625e-07,1.5610840883211128e-07,1.561060731026074e-07,1.5610373741351527e-07,1.5610140176231848e-07,1.5609906614681045e-07,1.5609673057233227e-07,1.5609439503567324e-07,1.5609205953683185e-07,1.5608972407502874e-07,1.5608738865083073e-07,1.560850532594717e-07,1.560827179119381e-07,1.5608038260223274e-07,1.5607804733023585e-07,1.5607571209772313e-07,1.560733769002812e-07,1.5607104174062047e-07,1.5606870661689225e-07,1.5606637153321853e-07,1.5606403648708573e-07,1.5606170148590089e-07,1.5605936651664585e-07,1.5605703158398852e-07,1.5605469669001195e-07,1.56052361834217e-07,1.5605002701591148e-07,1.5604769223554077e-07,1.560453574913324e-07,1.5604302277834677e-07,1.560406881137297e-07,1.560383534883528e-07,1.5603601889589724e-07,1.5603368433928193e-07,1.5603134982338087e-07,1.5602901534774281e-07,1.5602668090479154e-07,1.560243465015288e-07,1.5602201213598792e-07,1.5601967781235702e-07,1.5601734352189643e-07,1.5601500927010625e-07,1.5601267505582682e-07,1.5601034087805674e-07,1.560080067378758e-07,1.560056726370902e-07,1.5600333857711542e-07,1.5600100455193242e-07,1.5599867056884407e-07,1.5599633661909153e-07,1.559940027085213e-07,1.559916688383723e-07,1.5598933500223742e-07,1.5598700120153625e-07,1.5598466744092375e-07,1.5598233371776181e-07,1.559800000328463e-07,1.5597766638317508e-07,1.5597533277347632e-07,1.559729992024802e-07,1.559706656707072e-07,1.5596833217386968e-07,1.5596599871552073e-07,1.5596366529505433e-07,1.5596133191201537e-07,1.5595899856710004e-07,1.5595666526038695e-07,1.5595433199369162e-07,1.5595199876382653e-07,1.55949665569944e-07,1.5594733241482173e-07,1.5594499929702325e-07,1.5594266621506454e-07,1.5594033317602898e-07,1.559380001706496e-07,1.559356672034936e-07,1.5593333427434033e-07,1.5593100137853013e-07,1.5592866852529336e-07,1.5592633570950162e-07,1.5592400293189288e-07,1.559216701909013e-07,1.5591933748649656e-07,1.5591700482235755e-07,1.5591467219548134e-07,1.5591233960960642e-07,1.5591000705845223e-07,1.5590767454440364e-07,1.559053420686929e-07,1.5590300962602124e-07,1.5590067722484816e-07,1.558983448632946e-07,1.558960125372884e-07,1.5589368025089284e-07,1.5589134800751625e-07,1.5588901579626995e-07,1.5588668362411014e-07,1.5588435148849327e-07,1.5588201938638102e-07,1.5587968732423166e-07,1.5587735530283578e-07,1.5587502331782957e-07,1.5587269137105144e-07,1.5587035946247444e-07,1.5586802759065e-07,1.5586569575718602e-07,1.5586336396145505e-07,1.5586103220357604e-07,1.5585870048920517e-07,1.5585636880721983e-07,1.558540371636728e-07,1.5585170556289418e-07,1.558493739963453e-07,1.5584704246539307e-07,1.5584471097190954e-07,1.5584237951636182e-07,1.5584004809705998e-07,1.558377167169177e-07,1.5583538537584267e-07,1.5583305407125257e-07,1.558307228068792e-07,1.5582839157822924e-07,1.5582606038808658e-07,1.5582372923468668e-07,1.5582139811822363e-07,1.5581906703436434e-07,1.558167359964996e-07,1.5581440499386175e-07,1.5581207402780078e-07,1.5580974310026836e-07,1.5580741221050487e-07,1.5580508135728264e-07,1.5580275054276826e-07,1.558004197678754e-07,1.5579808903055145e-07,1.557957583297648e-07,1.5579342765865156e-07,1.5579109702834945e-07,1.5578876644414076e-07,1.557864358955551e-07,1.557841053838972e-07,1.5578177491021587e-07,1.557794444742252e-07,1.5577711407241496e-07,1.5577478371225331e-07,1.557724533895738e-07,1.5577012310513317e-07,1.55767792858017e-07,1.557654626522603e-07,1.5576313248052374e-07,1.557608023471885e-07,1.5575847225107012e-07,1.557561421926444e-07,1.5575381217631476e-07,1.5575148219337252e-07,1.5574915224823896e-07,1.5574682234091188e-07,1.5574449247093608e-07,1.557421626448374e-07,1.557398328507535e-07,1.557375030950528e-07,1.5573517337643076e-07,1.5573284369484854e-07,1.5573051405180312e-07,1.5572818444618332e-07,1.5572585487715786e-07,1.5572352534751464e-07,1.5572119585012934e-07,1.557188663958504e-07,1.557165369791537e-07,1.5571420759996807e-07,1.5571187826274874e-07,1.5570954896294312e-07,1.5570721969911636e-07,1.557048904713948e-07,1.557025612792645e-07,1.5570023213278157e-07,1.5569790301804277e-07,1.556955739438558e-07,1.5569324490482887e-07,1.556909159013638e-07,1.5568858693798154e-07,1.5568625801229282e-07,1.556839291248504e-07,1.5568160027464753e-07,1.5567927145950503e-07,1.5567694268354706e-07,1.5567461395107196e-07,1.556722852530034e-07,1.556699565913959e-07,1.556676279673834e-07,1.556652993811804e-07,1.556629708327845e-07,1.5566064232223034e-07,1.556583138497651e-07,1.5565598541606838e-07,1.556536570185914e-07,1.5565132865993747e-07,1.556490003381678e-07,1.5564667205553028e-07,1.5564434380989493e-07,1.556420156012696e-07,1.5563968742835e-07,1.5563735929519348e-07,1.556350311998628e-07,1.5563270314105116e-07,1.5563037512132927e-07,1.5562804713906246e-07,1.5562571919410438e-07,1.556233912871667e-07,1.5562106341771295e-07,1.5561873558722267e-07,1.5561640779277461e-07,1.55614080044016e-07,1.5561175232601682e-07,1.5560942464691234e-07,1.556070970043634e-07,1.55604769398883e-07,1.5560244183253246e-07,1.5560011430299248e-07,1.5559778681091354e-07,1.5559545935698263e-07,1.5559313193274335e-07,1.5559080455479267e-07,1.5558847721512955e-07,1.5558614991171438e-07,1.5558382264656732e-07,1.555814954189488e-07,1.5557916822039566e-07,1.5557684106835047e-07,1.5557451395489118e-07,1.5557218688087151e-07,1.5556985983988836e-07,1.5556753283852196e-07,1.5556520587487834e-07,1.5556287894877665e-07,1.5556055206206723e-07,1.5555822521141542e-07,1.5555589839845668e-07,1.555535716232343e-07,1.5555124488584378e-07,1.5554891818923918e-07,1.555465915274914e-07,1.5554426490319325e-07,1.5554193831659245e-07,1.5553961176770897e-07,1.555372852550959e-07,1.555349587816896e-07,1.5553263234596538e-07,1.5553030594798176e-07,1.5552797958770086e-07,1.5552565326707939e-07,1.5552332698224058e-07,1.5552100073511677e-07,1.5551867452590144e-07,1.5551634835574467e-07,1.5551402222178501e-07,1.555116961255456e-07,1.555093700670362e-07,1.5550704404621948e-07,1.5550471806313124e-07,1.555023921177735e-07,1.5550006621012705e-07,1.554977403401806e-07,1.55495414507949e-07,1.5549308871341499e-07,1.5549076295660884e-07,1.5548843723751346e-07,1.5548611155614587e-07,1.554837859124722e-07,1.5548146030650765e-07,1.5547913473825986e-07,1.554768092077103e-07,1.5547448371487726e-07,1.5547215826172373e-07,1.554698328462519e-07,1.5546750746679997e-07,1.5546518212672057e-07,1.5546285682241407e-07,1.5546053155765082e-07,1.554582063311695e-07,1.554558811404329e-07,1.5545355598907358e-07,1.5545123087565283e-07,1.554489057998728e-07,1.55446580762532e-07,1.5544425575998226e-07,1.5544193079772891e-07,1.5543960587383293e-07,1.5543728098510117e-07,1.5543495613556997e-07,1.5543263132569714e-07,1.5543030655163014e-07,1.55427981817479e-07,1.554256571165228e-07,1.5542333245387703e-07,1.554210078284979e-07,1.554186832430613e-07,1.5541635869333484e-07,1.554140341835372e-07,1.5541170969953997e-07,1.5540938526503055e-07,1.5540706086583852e-07,1.5540473650588548e-07,1.5540241218235268e-07,1.5540008789621668e-07,1.5539776364820272e-07,1.5539543943716638e-07,1.5539311526431003e-07,1.5539079113518384e-07,1.553884670371251e-07,1.5538614297689795e-07,1.553838189542589e-07,1.5538149497010707e-07,1.5537917102272205e-07,1.5537684711295637e-07,1.5537452324090434e-07,1.553721994062539e-07,1.5536987561152546e-07,1.5536755184198352e-07,1.5536522811516418e-07,1.5536290442528045e-07,1.5536058077321818e-07,1.553582571655176e-07,1.5535593359616026e-07,1.5535361006392562e-07,1.553512865693314e-07,1.553489631119597e-07,1.5534663968905774e-07,1.5534431630747164e-07,1.553419929635277e-07,1.5533966965447568e-07,1.5533734638803508e-07,1.5533502315173585e-07,1.5533269995861712e-07,1.5533037680267546e-07,1.5532805368484406e-07,1.5532573060477655e-07,1.553234075614179e-07,1.5532108455574264e-07,1.5531876158727406e-07,1.553164386598233e-07,1.553141157678605e-07,1.5531179291586064e-07,1.553094700994972e-07,1.553071473208624e-07,1.5530482457967912e-07,1.5530250187710422e-07,1.5530017921141345e-07,1.5529785658347555e-07,1.552955339933535e-07,1.5529321144043771e-07,1.5529088892552964e-07,1.5528856644904345e-07,1.5528624401015655e-07,1.552839216081535e-07,1.5528159924406677e-07,1.5527927691767604e-07,1.5527695462811968e-07,1.552746323780941e-07,1.5527231016457718e-07,1.5526998798869547e-07,1.5526766585064156e-07,1.5526534374937276e-07,1.5526302168593205e-07,1.5526069966127309e-07,1.5525837767377108e-07,1.552560557237007e-07,1.5525373381154211e-07,1.5525141193707258e-07,1.5524909010044127e-07,1.5524676830052773e-07,1.5524444653904707e-07,1.5524212481587368e-07,1.5523980312986802e-07,1.5523748148137692e-07,1.5523515987058403e-07,1.5523283829899765e-07,1.552305167600724e-07,1.55228195262182e-07,1.5522587380177829e-07,1.5522355237602477e-07,1.5522123099233218e-07,1.552189096453474e-07,1.5521658833598347e-07,1.5521426706426923e-07,1.552119458292475e-07,1.5520962463268926e-07,1.5520730347391597e-07,1.5520498235283695e-07,1.552026612692585e-07,1.5520034022348994e-07,1.5519801921505725e-07,1.5519569824643913e-07,1.5519337731200297e-07,1.5519105641673774e-07,1.5518873556437167e-07,1.5518641474454796e-07,1.5518409396225642e-07,1.5518177321761734e-07,1.551794525106093e-07,1.5517713183975078e-07,1.5517481120808684e-07,1.551724906075056e-07,1.551701700512369e-07,1.5516784953246406e-07,1.551655290508868e-07,1.5516320861072593e-07,1.5516088820495652e-07,1.5515856783838676e-07,1.5515624750732084e-07,1.5515392721460688e-07,1.5515160695938108e-07,1.5514928674189621e-07,1.55146966562144e-07,1.551446464201138e-07,1.551423263156477e-07,1.551400062493414e-07,1.5513768622085145e-07,1.5513536622912842e-07,1.5513304627497294e-07,1.5513072635871035e-07,1.5512840648013105e-07,1.5512608663903136e-07,1.5512376683570124e-07,1.5512144706995805e-07,1.551191273420204e-07,1.5511680765153966e-07,1.5511448799865406e-07,1.551121683838314e-07,1.5510984880694107e-07,1.5510752926711912e-07,1.551052097650583e-07,1.5510289030022996e-07,1.5510057087313875e-07,1.5509825148381737e-07,1.5509593213079575e-07,1.5509361282165173e-07,1.5509129354553557e-07,1.5508897430691885e-07,1.550866551055888e-07,1.5508433594202807e-07,1.5508201681620282e-07,1.5507969772798093e-07,1.550773786759386e-07,1.550750596610512e-07,1.5507274068551812e-07,1.550704217479539e-07,1.5506810285675566e-07,1.5506578399390142e-07,1.5506346516925657e-07,1.5506114638204613e-07,1.5505882763271174e-07,1.5505650892064228e-07,1.5505419024640255e-07,1.5505187161113103e-07,1.550495530113367e-07,1.5504723444869074e-07,1.5504491591440643e-07,1.5504259742842242e-07,1.5504027898019398e-07,1.5503796057564214e-07,1.5503564220244462e-07,1.5503332386686375e-07,1.550310055685004e-07,1.550286873120649e-07,1.5502636908948891e-07,1.5502405090527607e-07,1.5502173275784861e-07,1.5501941464768693e-07,1.550170965756653e-07,1.550147785475807e-07,1.5501246054953847e-07,1.5501014259039369e-07,1.5500782466804192e-07,1.5500550678452828e-07,1.5500318893859014e-07,1.5500087113013667e-07,1.549985533591137e-07,1.5499623562578678e-07,1.5499391792909457e-07,1.5499160026902854e-07,1.5498928264950841e-07,1.5498696506730102e-07,1.5498464752114726e-07,1.549823300132626e-07,1.5498001254198369e-07,1.5497769510944249e-07,1.5497537771488415e-07,1.5497306035746794e-07,1.5497074303593427e-07,1.5496842575142714e-07,1.5496610850783435e-07,1.5496379130063287e-07,1.5496147413156672e-07,1.5495915700014086e-07,1.549568399063138e-07,1.5495452284945336e-07,1.5495220583059752e-07,1.5494988884872485e-07,1.5494757190534412e-07,1.5494525499997945e-07,1.5494293813238312e-07,1.5494062130161317e-07,1.549383045087042e-07,1.549359877531666e-07,1.5493367103547528e-07,1.5493135435519941e-07,1.549290377124813e-07,1.5492672110730165e-07,1.5492440453953574e-07,1.5492208801141818e-07,1.5491977151501565e-07,1.5491745506114884e-07,1.5491513864416766e-07,1.5491282226461076e-07,1.5491050592321346e-07,1.5490818961918045e-07,1.549058733524439e-07,1.5490355712364926e-07,1.5490124093246396e-07,1.548989247788715e-07,1.5489660865965022e-07,1.5489429258061277e-07,1.548919765407263e-07,1.548896605372666e-07,1.5488734457151092e-07,1.5488502864358722e-07,1.5488271275296712e-07,1.5488039689989943e-07,1.5487808108442737e-07,1.5487576530610988e-07,1.548734495666466e-07,1.5487113386402452e-07,1.5486881819801752e-07,1.5486650257357813e-07,1.5486418698482828e-07,1.5486187143269247e-07,1.5485955591830833e-07,1.5485724044323955e-07,1.5485492500379903e-07,1.5485260960140004e-07,1.5485029423794891e-07,1.5484797891458714e-07,1.5484566362541605e-07,1.5484334837354494e-07,1.548410331607067e-07,1.5483871798537885e-07,1.548364028468147e-07,1.5483408774528456e-07,1.5483177268169872e-07,1.5482945765578305e-07,1.5482714266745624e-07,1.54824827718205e-07,1.548225128051381e-07,1.5482019792949352e-07,1.5481788309121844e-07,1.5481556829080803e-07,1.548132535277887e-07,1.5481093880220347e-07,1.5480862411494325e-07,1.5480630946509332e-07,1.548039948530811e-07,1.5480168027787992e-07,1.5479936574054922e-07,1.5479705124083718e-07,1.5479473677883883e-07,1.5479242235805136e-07,1.5479010796988278e-07,1.547877936201705e-07,1.5478547930839788e-07,1.5478316503421196e-07,1.5478085079752384e-07,1.5477853659179304e-07,1.5477622243048456e-07,1.5477390831016633e-07,1.5477159422468082e-07,1.5476928017564722e-07,1.5476696616452745e-07,1.547646521909849e-07,1.547623382550982e-07,1.5476002435716176e-07,1.5475771049633613e-07,1.5475539667279964e-07,1.5475308288786183e-07,1.5475076913971265e-07,1.547484554294816e-07,1.54746141756859e-07,1.5474382812333e-07,1.547415145257624e-07,1.5473920096541732e-07,1.5473688744252358e-07,1.5473457395720758e-07,1.547322605097569e-07,1.547299471004007e-07,1.5472763372791153e-07,1.5472532039580312e-07,1.5472300710042965e-07,1.5472069384054748e-07,1.547183806185383e-07,1.5471606743381885e-07,1.547137542825867e-07,1.5471144117071e-07,1.5470912809913155e-07,1.5470681506470149e-07,1.5470450206036717e-07,1.5470218910106223e-07,1.5469987617972586e-07,1.54697563295848e-07,1.546952504322786e-07,1.5469293762552222e-07,1.5469062485401486e-07,1.5468831211996671e-07,1.546859994235294e-07,1.5468368676470903e-07,1.546813741437332e-07,1.546790615610931e-07,1.5467674901524513e-07,1.5467443650673936e-07,1.5467212403572827e-07,1.5466981160266675e-07,1.546674992068435e-07,1.5466518684749434e-07,1.5466287452876948e-07,1.5466056223692558e-07,1.546582499911836e-07,1.5465593778378898e-07,1.5465362561350236e-07,1.546513134813575e-07,1.5464900137999102e-07,1.546466893223532e-07,1.5464437730250936e-07,1.5464206532026314e-07,1.5463975337532397e-07,1.5463744146797575e-07,1.546351295981828e-07,1.5463281776590546e-07,1.5463050597116526e-07,1.5462819421503513e-07,1.5462588249909693e-07,1.5462357081731932e-07,1.546212591703064e-07,1.546189475633722e-07,1.5461663599443123e-07,1.5461432446261506e-07,1.5461201296587402e-07,1.5460970150996842e-07,1.5460739009080353e-07,1.5460507870895262e-07,1.546027673707223e-07,1.5460045606449098e-07,1.54598144804227e-07,1.545958335726498e-07,1.545935223797342e-07,1.5459121122255762e-07,1.5458890010379813e-07,1.5458658902281102e-07,1.5458427798116977e-07,1.5458196697574144e-07,1.5457965600708768e-07,1.5457734507623154e-07,1.5457503418268532e-07,1.5457272332673787e-07,1.5457041250830675e-07,1.5456810172706977e-07,1.545657909837013e-07,1.5456348027813412e-07,1.5456116961161288e-07,1.545588589797847e-07,1.545565483870284e-07,1.5455423783154342e-07,1.5455192731383748e-07,1.5454961683234423e-07,1.5454730638876098e-07,1.5454499598434715e-07,1.545426856163492e-07,1.5454037528423783e-07,1.5453806499306706e-07,1.545357547382409e-07,1.5453344452080577e-07,1.5453113434129197e-07,1.5452882419857194e-07,1.5452651409330444e-07,1.545242040206964e-07,1.5452189399000932e-07,1.5451958399855918e-07,1.5451727404264884e-07,1.5451496412529614e-07,1.54512654243203e-07,1.5451034439969447e-07,1.5450803459438765e-07,1.545057248269406e-07,1.545034150950624e-07,1.5450110540219522e-07,1.54498795748147e-07,1.544964861308417e-07,1.5449417655097586e-07,1.5449186700845858e-07,1.544895575024293e-07,1.5448724803609387e-07,1.5448493860846155e-07,1.5448262921632454e-07,1.544803198617054e-07,1.5447801054089197e-07,1.5447570126157866e-07,1.5447339201956975e-07,1.5447108281639083e-07,1.5446877364819763e-07,1.5446646451854406e-07,1.544641554266293e-07,1.544618463733482e-07,1.5445953735671788e-07,1.5445722837765125e-07,1.5445491943580302e-07,1.544526105317542e-07,1.5445030166500905e-07,1.5444799283548353e-07,1.5444568404371876e-07,1.5444337528930737e-07,1.5444106657505157e-07,1.5443875789723134e-07,1.5443644925558841e-07,1.5443414065057157e-07,1.5443183208404434e-07,1.5442952355518156e-07,1.5442721506320816e-07,1.5442490660913182e-07,1.5442259818744382e-07,1.5442028980840887e-07,1.544179814668631e-07,1.5441567316309098e-07,1.544133648965968e-07,1.544110566676184e-07,1.5440874847589302e-07,1.5440644032230974e-07,1.544041322061008e-07,1.5440182412710524e-07,1.5439951608390623e-07,1.543972080814612e-07,1.5439490011487843e-07,1.5439259218629116e-07,1.543902842889317e-07,1.543879764348587e-07,1.5438566861873047e-07,1.5438336083966852e-07,1.5438105309831339e-07,1.543787453942667e-07,1.5437643772793594e-07,1.5437413009934338e-07,1.543718225082543e-07,1.543695149546731e-07,1.543672074375774e-07,1.5436489995876535e-07,1.5436259251744697e-07,1.5436028511366485e-07,1.5435797774760405e-07,1.543556704185874e-07,1.5435336312729145e-07,1.5435105586912258e-07,1.5434874865307036e-07,1.5434644147405897e-07,1.5434413433300833e-07,1.5434182723535067e-07,1.543395201688311e-07,1.543372131402775e-07,1.5433490614922533e-07,1.5433259919636316e-07,1.5433029228030685e-07,1.5432798540127305e-07,1.5432567856021245e-07,1.5432337175616195e-07,1.5432106499009352e-07,1.5431875826127776e-07,1.5431645156997915e-07,1.5431414491756155e-07,1.543118383014747e-07,1.5430953172288148e-07,1.543072251817823e-07,1.5430491867817637e-07,1.5430261221206343e-07,1.5430030578344263e-07,1.5429799939207738e-07,1.5429569303820367e-07,1.5429338672205479e-07,1.5429108044339844e-07,1.542887742023925e-07,1.5428646799871488e-07,1.5428416183252754e-07,1.5428185570382875e-07,1.5427954961255624e-07,1.5427724355831915e-07,1.5427493754245288e-07,1.542726315637073e-07,1.5427032562244783e-07,1.542680197186748e-07,1.542657138523875e-07,1.542634080235859e-07,1.542611022322682e-07,1.5425879647843503e-07,1.5425649076208738e-07,1.5425418508322166e-07,1.5425187944160805e-07,1.5424957383717246e-07,1.5424726827075555e-07,1.5424496274182178e-07,1.5424265725036813e-07,1.5424035179616628e-07,1.5423804637944447e-07,1.5423574100026972e-07,1.5423343565850953e-07,1.542311303538697e-07,1.542288250872974e-07,1.542265198557687e-07,1.542242146639895e-07,1.5422190951089534e-07,1.5421960439407144e-07,1.5421729931481307e-07,1.5421499427310567e-07,1.5421268926871132e-07,1.5421038430179267e-07,1.5420807938783656e-07,1.5420577449586754e-07,1.542034696421701e-07,1.5420116482482798e-07,1.541988600450639e-07,1.541965553033547e-07,1.541942505980825e-07,1.5419194592980535e-07,1.5418964130013276e-07,1.541873367092018e-07,1.5418503215425172e-07,1.541827276368187e-07,1.541804231577032e-07,1.5417811871539775e-07,1.5417581431338274e-07,1.5417350994637811e-07,1.541712056164124e-07,1.5416890132398088e-07,1.5416659706941792e-07,1.5416429285192052e-07,1.541619886760091e-07,1.541596845323709e-07,1.5415738042669308e-07,1.541550763590592e-07,1.5415277232924293e-07,1.541504683367438e-07,1.5414816438131284e-07,1.5414586046384372e-07,1.5414355658507092e-07,1.5414125274201763e-07,1.5413894893643677e-07,1.541366451684395e-07,1.5413434143776787e-07,1.541320377455595e-07,1.5412973409042983e-07,1.5412743047299896e-07,1.5412512689225328e-07,1.5412282334935819e-07,1.5412051984190671e-07,1.5411821637302203e-07,1.5411591294250177e-07,1.541136095495362e-07,1.541113061937763e-07,1.541090028752604e-07,1.5410669959765802e-07,1.5410439635308737e-07,1.5410209314654316e-07,1.5409978997778883e-07,1.5409748684673868e-07,1.5409518375252017e-07,1.5409288069967665e-07,1.5409057768004098e-07,1.54088274698545e-07,1.5408597175480093e-07,1.5408366886410612e-07,1.5408136599542009e-07,1.540790631620184e-07,1.540767603690885e-07,1.5407445761258587e-07,1.540721548905802e-07,1.5406985220914686e-07,1.5406754956633942e-07,1.540652469597868e-07,1.5406294439383814e-07,1.5406064186218093e-07,1.5405833936462328e-07,1.5405603690035437e-07,1.5405373448069358e-07,1.5405143209882922e-07,1.5404912975274807e-07,1.5404682744577026e-07,1.540445251759358e-07,1.5404222294349865e-07,1.540399207483501e-07,1.5403761859058293e-07,1.5403531647216202e-07,1.540330143894573e-07,1.54030712344072e-07,1.540284103357644e-07,1.5402610836688989e-07,1.5402380643399804e-07,1.5402150453810095e-07,1.540192026801653e-07,1.5401690086071775e-07,1.540145990770894e-07,1.5401229733138286e-07,1.5400999562457094e-07,1.5400769395687296e-07,1.5400539232384746e-07,1.5400309072846505e-07,1.540007891694532e-07,1.539984876500654e-07,1.5399618616677834e-07,1.5399388472056145e-07,1.5399158331153386e-07,1.5398928194018508e-07,1.5398698060382509e-07,1.5398467930575707e-07,1.5398237804670688e-07,1.5398007682545845e-07,1.5397777564140938e-07,1.5397547449431943e-07,1.539731733849952e-07,1.5397087231310132e-07,1.539685712785176e-07,1.5396627028136173e-07,1.5396396932173158e-07,1.5396166840776912e-07,1.5395936751260273e-07,1.5395706666527223e-07,1.539547658548125e-07,1.5395246507795876e-07,1.5395016434523042e-07,1.5394786364762223e-07,1.5394556298761974e-07,1.5394326236687156e-07,1.5394096178123848e-07,1.539386612333294e-07,1.5393636072283792e-07,1.5393406024976978e-07,1.5393175981412437e-07,1.5392945941587097e-07,1.5392715905500192e-07,1.5392485873211685e-07,1.5392255844652568e-07,1.539202581987141e-07,1.539179579875969e-07,1.539156578138717e-07,1.5391335767759368e-07,1.5391105757813228e-07,1.5390875751669174e-07,1.539064574926692e-07,1.5390415750102564e-07,1.5390185755253307e-07,1.5389955764076147e-07,1.5389725776744771e-07,1.538949579301095e-07,1.5389265813100324e-07,1.5389035836980136e-07,1.5388805864594116e-07,1.5388575895975686e-07,1.538834593100548e-07,1.538811596987142e-07,1.5387886012339176e-07,1.5387656058576414e-07,1.538742610850647e-07,1.5387196162197315e-07,1.5386966219822229e-07,1.5386736281232964e-07,1.5386506346206237e-07,1.538627641482159e-07,1.5386046487703344e-07,1.5385816563868888e-07,1.538558664383842e-07,1.5385356727535576e-07,1.5385126814660445e-07,1.5384896905792753e-07,1.538466700066207e-07,1.5384437099202877e-07,1.538420720164265e-07,1.538397730783419e-07,1.538374741756616e-07,1.5383517531167101e-07,1.5383287648491617e-07,1.5383057769513746e-07,1.5382827894498256e-07,1.5382598023031583e-07,1.5382368155035084e-07,1.5382138291048826e-07,1.5381908430876513e-07,1.5381678574219769e-07,1.5381448721453806e-07,1.5381218872401898e-07,1.53809890271159e-07,1.538075918554264e-07,1.538052934781748e-07,1.5380299513751114e-07,1.538006968342387e-07,1.537983985666313e-07,1.5379610033722214e-07,1.5379380215252478e-07,1.53791503998846e-07,1.5378920588256297e-07,1.5378690780363967e-07,1.5378460976956888e-07,1.537823117716205e-07,1.5378001380512227e-07,1.5377771587489174e-07,1.5377541798273513e-07,1.5377312012820275e-07,1.5377082231056913e-07,1.5376852453082724e-07,1.5376622678995555e-07,1.5376392908385958e-07,1.537616314165721e-07,1.5375933378733251e-07,1.5375703620046336e-07,1.5375473864465676e-07,1.5375244112195122e-07,1.5375014364254694e-07,1.5374784620053384e-07,1.53745548794789e-07,1.537432514229056e-07,1.5374095409090198e-07,1.5373865680227217e-07,1.5373635954627423e-07,1.5373406232735058e-07,1.5373176514583913e-07,1.5372946800168966e-07,1.537271708949235e-07,1.537248738255402e-07,1.5372257679454266e-07,1.53720279801559e-07,1.5371798284499484e-07,1.5371568592517006e-07,1.5371338904268935e-07,1.537110921975974e-07,1.5370879539067694e-07,1.5370649862273232e-07,1.5370420188981505e-07,1.5370190519380856e-07,1.5369960852987227e-07,1.5369731190333064e-07,1.536950153153157e-07,1.5369271876523774e-07,1.5369042225714284e-07,1.5368812578123e-07,1.536858293456021e-07,1.5368353294980386e-07,1.5368123659068043e-07,1.5367894026810568e-07,1.5367664398357716e-07,1.5367434773198172e-07,1.536720515222355e-07,1.5366975535052173e-07,1.5366745921627405e-07,1.5366516311792523e-07,1.5366286705577393e-07,1.5366057103171058e-07,1.5365827504474648e-07,1.5365597909431552e-07,1.5365368318348427e-07,1.5365138731013887e-07,1.536490914744594e-07,1.536467956758493e-07,1.5364449991519849e-07,1.5364220419161534e-07,1.5363990850472862e-07,1.53637612856019e-07,1.5363531724403588e-07,1.5363302166769376e-07,1.5363072613057716e-07,1.536284306311129e-07,1.5362613516879941e-07,1.5362383974414793e-07,1.5362154435658426e-07,1.5361924900669378e-07,1.5361695369392402e-07,1.536146584197553e-07,1.5361236318161782e-07,1.5361006797381765e-07,1.5360777281071874e-07,1.5360547768617267e-07,1.5360318259014877e-07,1.5360088753880336e-07,1.5359859252508173e-07,1.5359629754846388e-07,1.5359400260920478e-07,1.5359170770815214e-07,1.5358941284362615e-07,1.5358711801643836e-07,1.5358482322742237e-07,1.5358252847497186e-07,1.5358023375938375e-07,1.5357793908907747e-07,1.5357564444866759e-07,1.5357334984554706e-07,1.5357105527984558e-07,1.5356876075150245e-07,1.5356646626060383e-07,1.5356417180779843e-07,1.5356187739118617e-07,1.5355958301609508e-07,1.5355728867450852e-07,1.5355499437110462e-07,1.535527001037241e-07,1.5355040587437698e-07,1.5354811168224475e-07,1.535458175280783e-07,1.5354352341267554e-07,1.5354122933909764e-07,1.535389352961843e-07,1.5353664129053932e-07,1.5353434732243833e-07,1.5353205339202269e-07,1.5352975949885635e-07,1.5352746564258692e-07,1.535251718312008e-07,1.5352287804963123e-07,1.5352058430591428e-07,1.5351829060142942e-07,1.5351599693184074e-07,1.5351370329984015e-07,1.5351140969797337e-07,1.5350911614179575e-07,1.5350682262175804e-07,1.5350452914096786e-07,1.5350223569563523e-07,1.5349994228448194e-07,1.5349764892509737e-07,1.534953555918919e-07,1.534930622959927e-07,1.534907690256406e-07,1.534884758045107e-07,1.5348618262089728e-07,1.5348388946795957e-07,1.5348159635766928e-07,1.5347930328622933e-07,1.534770102516763e-07,1.5347471725439287e-07,1.5347242429449587e-07,1.5347013137192357e-07,1.5346783848425078e-07,1.5346554563633543e-07,1.5346325282576264e-07,1.5346096005258326e-07,1.5345866731974047e-07,1.5345637462116595e-07,1.53454081960045e-07,1.5345178933599766e-07,1.5344949674961544e-07,1.5344720419997938e-07,1.5344491168806154e-07,1.534426192119655e-07,1.5344032677507588e-07,1.5343803437542146e-07,1.5343574201356136e-07,1.534334496948688e-07,1.5343115740491423e-07,1.5342886515425272e-07,1.5342657294094815e-07,1.5342428076534463e-07,1.5342198862781377e-07,1.5341969652625857e-07,1.534174044621905e-07,1.5341511243715205e-07,1.5341282044731893e-07,1.534105284952958e-07,1.5340823658024343e-07,1.5340594470859653e-07,1.5340365286852646e-07,1.5340136106433207e-07,1.5339906929876291e-07,1.5339677757055106e-07,1.533944858797772e-07,1.533921942264055e-07,1.5338990261025493e-07,1.5338761103143801e-07,1.5338531949495863e-07,1.5338302799135742e-07,1.533807365244751e-07,1.5337844509555854e-07,1.5337615370232434e-07,1.533738623473921e-07,1.5337157102977632e-07,1.5336927974939552e-07,1.5336698850701662e-07,1.5336469730141322e-07,1.5336240613271938e-07,1.5336011500160853e-07,1.5335782390858377e-07,1.5335553285281486e-07,1.5335324183303598e-07,1.5335095085173037e-07,1.5334865990724046e-07,1.533463690018466e-07,1.5334407813202058e-07,1.533417872994617e-07,1.5333949650422177e-07,1.5333720574701481e-07,1.5333491502610013e-07,1.5333262434277475e-07,1.5333033369877839e-07,1.533280430900786e-07,1.533257525186736e-07,1.5332346198465847e-07,1.5332117148807773e-07,1.5331888102871308e-07,1.5331659060654512e-07,1.5331430022181103e-07,1.5331200987461938e-07,1.533097195642811e-07,1.533074292913108e-07,1.5330513905564224e-07,1.5330284885193238e-07,1.5330055868622672e-07,1.5329826856246333e-07,1.5329597847551998e-07,1.5329368842714149e-07,1.5329139841552157e-07,1.5328910844088098e-07,1.5328681850317793e-07,1.5328452860357918e-07,1.5328223873939798e-07,1.5327994891402277e-07,1.532776591259484e-07,1.5327536936980957e-07,1.5327307965633385e-07,1.532707899797066e-07,1.5326850034243166e-07,1.532662107408476e-07,1.5326392118783008e-07,1.532616316601882e-07,1.5325934217454742e-07,1.532570527224477e-07,1.5325476330975285e-07,1.5325247393191637e-07,1.5325018458973478e-07,1.5324789528763014e-07,1.5324560602168735e-07,1.532433167928358e-07,1.5324102760224552e-07,1.5323873845039557e-07,1.5323644933359082e-07,1.5323416025260723e-07,1.5323187121036663e-07,1.5322958220720482e-07,1.5322729323942512e-07,1.532250043084309e-07,1.5322271541570926e-07,1.5322042656165408e-07,1.5321813774525938e-07,1.5321584896462046e-07,1.5321356022068083e-07,1.5321127151386774e-07,1.5320898284478722e-07,1.5320669421269847e-07,1.532044056193082e-07,1.5320211706172737e-07,1.5319982854358716e-07,1.5319754006062656e-07,1.531952516145711e-07,1.5319296320617201e-07,1.5319067483505298e-07,1.5318838650133885e-07,1.531860982047601e-07,1.5318380994585932e-07,1.531815217239002e-07,1.531792335465055e-07,1.5317694539903363e-07,1.531746572892399e-07,1.5317236921601291e-07,1.5317008118324329e-07,1.5316779318485163e-07,1.5316550521818255e-07,1.531632172950223e-07,1.5316092940912288e-07,1.5315864156023092e-07,1.53156353748259e-07,1.5315406597373568e-07,1.5315177823467634e-07,1.531494905361263e-07,1.5314720287323928e-07,1.5314491524764416e-07,1.5314262765930308e-07,1.5314034010822593e-07,1.531380525947484e-07,1.5313576511989468e-07,1.531334776806318e-07,1.5313119027863726e-07,1.5312890291422745e-07,1.5312661558846224e-07,1.5312432830290559e-07,1.531220410498988e-07,1.531197538325236e-07,1.531174666536632e-07,1.531151795119369e-07,1.5311289240770108e-07,1.5311060534108696e-07,1.5310831830993903e-07,1.531060313187973e-07,1.531037443637402e-07,1.5310145744625484e-07,1.5309917056595792e-07,1.5309688372298414e-07,1.5309459691708874e-07,1.5309231014812011e-07,1.5309002341688675e-07,1.5308773672269849e-07,1.5308545006128253e-07,1.5308316344810222e-07,1.530808768659011e-07,1.5307859032085165e-07,1.5307630381319724e-07,1.530740173429415e-07,1.5307173090982385e-07,1.5306944451386419e-07,1.5306715815356265e-07,1.5306487183256047e-07,1.5306258554872735e-07,1.53060299302332e-07,1.5305801309269139e-07,1.530557269251859e-07,1.5305344079457384e-07,1.5305115469842037e-07,1.5304886863799862e-07,1.530465826146516e-07,1.5304429662885822e-07,1.53042010680059e-07,1.530397247684704e-07,1.5303743889254357e-07,1.530351530555554e-07,1.530328672553901e-07,1.5303058149268058e-07,1.5302829576725433e-07,1.5302601007955984e-07,1.5302372442874908e-07,1.5302143881721218e-07,1.530191532411414e-07,1.5301686770193045e-07,1.5301458220050484e-07,1.5301229673585242e-07,1.530100113080431e-07,1.5300772591941268e-07,1.530054405662084e-07,1.5300315525078204e-07,1.530008699723315e-07,1.5299858473114063e-07,1.5299629952400815e-07,1.5299401435425356e-07,1.5299172922471974e-07,1.5298944413248047e-07,1.529871590758014e-07,1.5298487405888164e-07,1.52982589078735e-07,1.5298030413546942e-07,1.529780192288198e-07,1.5297573436002915e-07,1.529734495293605e-07,1.5297116473478426e-07,1.5296887997803203e-07,1.5296659526131785e-07,1.5296431058036745e-07,1.5296202593480258e-07,1.5295974133174718e-07,1.529574567695988e-07,1.5295517222831148e-07,1.5295288773181486e-07,1.5295060327245447e-07,1.5294831885047883e-07,1.5294603448023376e-07,1.5294375013226932e-07,1.5294146582180369e-07,1.5293918154954715e-07,1.5293689732437244e-07,1.5293461311903482e-07,1.5293232896710424e-07,1.5293004483709975e-07,1.529277607505494e-07,1.5292547670087226e-07,1.5292319268847172e-07,1.529209087120891e-07,1.5291862477701065e-07,1.5291634087679904e-07,1.5291405701334086e-07,1.5291177318794085e-07,1.5290948939477406e-07,1.529072056429683e-07,1.5290492192892746e-07,1.529026382516194e-07,1.5290035461368592e-07,1.5289807101595131e-07,1.5289578745027103e-07,1.5289350392134001e-07,1.528912204340445e-07,1.5288893697996378e-07,1.5288665356268364e-07,1.5288437018814275e-07,1.528820868526179e-07,1.5287980354747e-07,1.528775202794869e-07,1.528752370483427e-07,1.5287295385223292e-07,1.5287067069555938e-07,1.5286838757821449e-07,1.5286610449659214e-07,1.52863821463275e-07,1.5286153845558678e-07,1.5285925548719395e-07,1.5285697255703855e-07,1.5285468966154947e-07,1.5285240680306364e-07,1.528501239742201e-07,1.5284784119104367e-07,1.5284555844490308e-07,1.5284327573608752e-07,1.5284099306283067e-07,1.5283871042537088e-07,1.52836427827465e-07,1.5283414526543008e-07,1.5283186274388588e-07,1.5282958025715906e-07,1.5282729781075727e-07,1.5282501540263337e-07,1.528227330277537e-07,1.5282045068985673e-07,1.5281816838941671e-07,1.5281588612616738e-07,1.5281360390008042e-07,1.5281132171131784e-07,1.5280903955939542e-07,1.52806757444704e-07,1.5280447536776654e-07,1.5280219332812458e-07,1.5279991132680706e-07,1.527976293612378e-07,1.5279534743245495e-07,1.5279306554121465e-07,1.5279078368613776e-07,1.52788501869109e-07,1.5278622009118448e-07,1.5278393834805244e-07,1.5278165664495166e-07,1.527793749719059e-07,1.5277709334008297e-07,1.52774811747327e-07,1.5277253019267027e-07,1.5277024867350084e-07,1.527679671879743e-07,1.527656857437645e-07,1.5276340433595183e-07,1.5276112296440082e-07,1.5275884163120432e-07,1.5275656033497005e-07,1.5275427907613802e-07,1.5275199785471634e-07,1.5274971666987038e-07,1.5274743552417305e-07,1.527451544127224e-07,1.5274287333987707e-07,1.5274059230361883e-07,1.5273831130334258e-07,1.5273603034199763e-07,1.5273374941817144e-07,1.5273146853124405e-07,1.5272918768045487e-07,1.5272690686906485e-07,1.5272462609380306e-07,1.5272234535629892e-07,1.5272006465531628e-07,1.5271778399023553e-07,1.527155033537676e-07,1.5271322276437776e-07,1.5271094221195633e-07,1.5270866169660554e-07,1.5270638121878257e-07,1.527041007839043e-07,1.5270182038036496e-07,1.5269954001548128e-07,1.526972596863497e-07,1.526949793943676e-07,1.5269269913745507e-07,1.5269041890773758e-07,1.52688138727334e-07,1.5268585858534464e-07,1.5268357847891846e-07,1.5268129841178203e-07,1.5267901838218383e-07,1.5267673839218876e-07,1.5267445843846068e-07,1.5267217851655782e-07,1.5266989863365913e-07,1.526676187895436e-07,1.5266533898091948e-07,1.5266305920939017e-07,1.5266077947576185e-07,1.526584997781199e-07,1.5265622011919434e-07,1.5265394049753845e-07,1.526516609147087e-07,1.5264938136340692e-07,1.5264710184951785e-07,1.526448223757749e-07,1.5264254293878706e-07,1.5264026354182503e-07,1.5263798417506187e-07,1.5263570484997657e-07,1.5263342556548893e-07,1.526311463188947e-07,1.5262886710648118e-07,1.5262658792602855e-07,1.5262430877672586e-07,1.526220296743661e-07,1.5261975061091605e-07,1.5261747158160978e-07,1.5261519259030086e-07,1.5261291363657585e-07,1.5261063472885468e-07,1.526083558519514e-07,1.526060770100204e-07,1.5260379820524573e-07,1.5260151943904215e-07,1.5259924070377715e-07,1.525969620235788e-07,1.5259468336726132e-07,1.52592404748077e-07,1.5259012616603913e-07,1.5258784762091125e-07,1.5258556912104346e-07,1.5258329065003535e-07,1.5258101221330984e-07,1.5257873381795745e-07,1.5257645545139395e-07,1.5257417712922195e-07,1.5257189884417633e-07,1.5256962059874575e-07,1.5256734238868554e-07,1.5256506421539747e-07,1.5256278608391765e-07,1.5256050798476032e-07,1.525582299232353e-07,1.5255595189952058e-07,1.52553673913122e-07,1.5255139596271494e-07,1.5254911804852326e-07,1.5254684017285962e-07,1.5254456233277576e-07,1.5254228453068246e-07,1.5254000676869723e-07,1.5253772904174862e-07,1.5253545135230787e-07,1.5253317369903943e-07,1.5253089608324965e-07,1.5252861850524808e-07,1.5252634096302144e-07,1.5252406345954162e-07,1.5252178599327243e-07,1.52519508563301e-07,1.5251723117257683e-07,1.5251495381872196e-07,1.5251267650208066e-07,1.5251039922574008e-07,1.525081219812529e-07,1.5250584477555564e-07,1.5250356760633622e-07,1.5250129047325516e-07,1.5249901338420363e-07,1.5249673634120913e-07,1.524944593196532e-07,1.524921823365407e-07,1.524899053886354e-07,1.5248762847905537e-07,1.5248535160601246e-07,1.5248307476912996e-07,1.5248079797069283e-07,1.5247852120876036e-07,1.5247624448401398e-07,1.5247396779809478e-07,1.5247169114783804e-07,1.524694145366091e-07,1.5246713796030894e-07,1.5246486142287536e-07,1.5246258492238908e-07,1.5246030846204057e-07,1.5245803204040377e-07,1.5245575565167e-07,1.5245347929920585e-07,1.5245120297542012e-07,1.5244892669652802e-07,1.5244665045399067e-07,1.5244437425334956e-07,1.5244209809537289e-07,1.5243982196473108e-07,1.5243754587318138e-07,1.5243526981549944e-07,1.52432993792874e-07,1.5243071781036256e-07,1.524284418720086e-07,1.5242616596413603e-07,1.5242389009534117e-07,1.5242161426181726e-07,1.5241933846534475e-07,1.5241706270527885e-07,1.5241478698836926e-07,1.524125113032105e-07,1.5241023565473628e-07,1.524079600441727e-07,1.5240568446968261e-07,1.52403408932553e-07,1.5240113343651824e-07,1.5239885797562618e-07,1.5239658255203552e-07,1.5239430716421535e-07,1.5239203180763108e-07,1.5238975649277414e-07,1.5238748121522421e-07,1.5238520597779562e-07,1.5238293077359618e-07,1.523806556093836e-07,1.5237838048235484e-07,1.5237610539293448e-07,1.5237383033919903e-07,1.523715553229387e-07,1.5236928034340634e-07,1.5236700540247077e-07,1.523647304831093e-07,1.5236245561590797e-07,1.5236018078504015e-07,1.5235790599066493e-07,1.5235563123532315e-07,1.523533565161415e-07,1.52351081848504e-07,1.5234880720161502e-07,1.5234653259191343e-07,1.5234425802004952e-07,1.5234198348596442e-07,1.5233970899397498e-07,1.5233743453000716e-07,1.5233516010846584e-07,1.5233288572382134e-07,1.5233061137662103e-07,1.5232833706507936e-07,1.523260627927414e-07,1.5232378855589023e-07,1.5232151435649924e-07,1.523192401934407e-07,1.523169660690918e-07,1.5231469196694488e-07,1.5231241791585874e-07,1.523101438889782e-07,1.523078699130581e-07,1.5230559597010318e-07,1.5230332206682234e-07,1.5230104820126283e-07,1.5229877437210076e-07,1.522965005815544e-07,1.5229422682705374e-07,1.5229195310999801e-07,1.5228967942668498e-07,1.522874057836997e-07,1.5228513216478755e-07,1.5228285859368346e-07,1.5228058504802877e-07,1.5227831155280896e-07,1.5227603809632124e-07,1.5227376467444815e-07,1.522714912908705e-07,1.522692179299241e-07,1.5226694462077907e-07,1.522646713501223e-07,1.5226239811482596e-07,1.5226012490863722e-07,1.5225785174715667e-07,1.5225557862434424e-07,1.5225330553714274e-07,1.522510324874134e-07,1.5224875946064193e-07,1.5224648647137141e-07,1.5224421351761363e-07,1.5224194061599443e-07,1.5223966775052167e-07,1.5223739492357716e-07,1.5223512213317084e-07,1.522328493784857e-07,1.5223057666383508e-07,1.5222830398956206e-07,1.522260313477813e-07,1.5222375874391028e-07,1.5222148617634092e-07,1.522192136340908e-07,1.5221694114505968e-07,1.5221466868832883e-07,1.522123962692845e-07,1.5221012387298117e-07,1.5220785152769057e-07,1.5220557921069496e-07,1.5220330693935231e-07,1.5220103469612306e-07,1.5219876249916367e-07,1.5219649033964232e-07,1.5219421821194566e-07,1.5219194612631284e-07,1.5218967407743556e-07,1.5218740206616755e-07,1.5218513009212225e-07,1.5218285815003518e-07,1.5218058623697003e-07,1.5217831437425767e-07,1.5217604255036587e-07,1.521737707581855e-07,1.5217149900642046e-07,1.521692272910972e-07,1.521669556135838e-07,1.521646839730169e-07,1.5216241237003851e-07,1.5216014080403513e-07,1.5215786927464266e-07,1.5215559778245952e-07,1.5215332632745483e-07,1.521510549017569e-07,1.521487835213123e-07,1.5214651217743548e-07,1.5214424087088252e-07,1.521419696138201e-07,1.521396983923199e-07,1.521374271974186e-07,1.5213515603896565e-07,1.5213288491759707e-07,1.52130613833691e-07,1.5212834278014765e-07,1.5212607176983793e-07,1.5212380079620113e-07,1.5212152986081973e-07,1.521192589620008e-07,1.5211698810060247e-07,1.5211471727616534e-07,1.521124464895216e-07,1.5211017573736235e-07,1.5210790503588987e-07,1.52105634359976e-07,1.5210336371139268e-07,1.5210109310940477e-07,1.52098822544313e-07,1.520965520163693e-07,1.520942815241217e-07,1.5209201107913884e-07,1.5208974064602006e-07,1.5208747026931274e-07,1.52085199924449e-07,1.5208292961884974e-07,1.5208065933971398e-07,1.520783891078874e-07,1.5207611891304066e-07,1.52073848755037e-07,1.5207157863479367e-07,1.520693085515702e-07,1.5206703850481434e-07,1.520647684885453e-07,1.5206249850902488e-07,1.5206022857424827e-07,1.5205795867586562e-07,1.5205568881456813e-07,1.5205341897739436e-07,1.5205114918957103e-07,1.5204887944055687e-07,1.5204660973167468e-07,1.5204434005624624e-07,1.5204207041751834e-07,1.520398008014624e-07,1.520375312370188e-07,1.5203526170965214e-07,1.5203299221633483e-07,1.5203072276081573e-07,1.520284533446336e-07,1.520261839654905e-07,1.520239146233721e-07,1.52021645318253e-07,1.5201937604108067e-07,1.520171068100238e-07,1.5201483761602143e-07,1.520125684587854e-07,1.5201029933311299e-07,1.5200803024391388e-07,1.520057611901381e-07,1.5200349218034904e-07,1.5200122320730364e-07,1.5199895426248834e-07,1.5199668536103803e-07,1.5199441648772428e-07,1.519921476639933e-07,1.519898788769875e-07,1.5198761012737124e-07,1.519853414136343e-07,1.5198307274428892e-07,1.5198080410583687e-07,1.5197853550331552e-07,1.5197626693884922e-07,1.5197399841142262e-07,1.519717299209846e-07,1.5196946146752778e-07,1.5196719305006045e-07,1.5196492466981016e-07,1.5196265632750372e-07,1.519603880221753e-07,1.5195811974807522e-07,1.5195585151680506e-07,1.5195358332224467e-07,1.5195131516466343e-07,1.5194904704451605e-07,1.5194677896388728e-07,1.519445109168014e-07,1.519422429077182e-07,1.5193997493634522e-07,1.5193770700093286e-07,1.5193543910344808e-07,1.5193317124308927e-07,1.5193090341869207e-07,1.5192863563224306e-07,1.5192636788278763e-07,1.5192410016883243e-07,1.519218324930545e-07,1.5191956485247546e-07,1.5191729725085113e-07,1.519150296865596e-07,1.519127621576053e-07,1.519104946677494e-07,1.5190822721310387e-07,1.5190595979554255e-07,1.5190369241594257e-07,1.5190142507351225e-07,1.5189915776834646e-07,1.5189689050039297e-07,1.518946232691485e-07,1.5189235609189994e-07,1.5189008893918512e-07,1.518878218188551e-07,1.5188555473494085e-07,1.518832876880639e-07,1.5188102067978513e-07,1.5187875370837298e-07,1.5187648676982769e-07,1.5187421987197375e-07,1.518719530111996e-07,1.5186968618628382e-07,1.5186741940039878e-07,1.5186515265024648e-07,1.5186288593718652e-07,1.5186061926597785e-07,1.518583526265833e-07,1.5185608602472762e-07,1.5185381946249908e-07,1.518515529344402e-07,1.5184928644667573e-07,1.5184701999592944e-07,1.518447535799899e-07,1.518424871988419e-07,1.5184022085468189e-07,1.518379545491592e-07,1.518356882795881e-07,1.5183342204658348e-07,1.5183115585187788e-07,1.5182888969667771e-07,1.5182662357463296e-07,1.5182435749106833e-07,1.5182209145064734e-07,1.5181982544203748e-07,1.5181755947168055e-07,1.5181529353801057e-07,1.5181302764165899e-07,1.5181076177917384e-07,1.5180849595419305e-07,1.518062301664991e-07,1.5180396441510565e-07,1.5180169870061617e-07,1.517994330253465e-07,1.51797167384371e-07,1.517949017818059e-07,1.517926362145467e-07,1.517903706845444e-07,1.5178810519786594e-07,1.5178583975052088e-07,1.5178357433202e-07,1.5178130894768445e-07,1.5177904361011015e-07,1.5177677830548938e-07,1.517745130239876e-07,1.5177224779111796e-07,1.5176998259412808e-07,1.5176771743497574e-07,1.517654523137149e-07,1.517631872291533e-07,1.5176092218213777e-07,1.5175865717129037e-07,1.5175639219964553e-07,1.517541272628778e-07,1.5175186235979405e-07,1.517495974972044e-07,1.5174733267736749e-07,1.5174506788799418e-07,1.5174280313670636e-07,1.517405384235397e-07,1.5173827374735556e-07,1.5173600910576825e-07,1.517337445007328e-07,1.5173147993374799e-07,1.5172921540445006e-07,1.517269509102943e-07,1.517246864541667e-07,1.5172242204264454e-07,1.5172015766032563e-07,1.51717893314794e-07,1.5171562900502022e-07,1.5171336473123208e-07,1.5171110049470437e-07,1.517088362979223e-07,1.5170657214211736e-07,1.5170430801880942e-07,1.5170204393270532e-07,1.5169977990424077e-07,1.5169751589271222e-07,1.5169525191757083e-07,1.5169298798080527e-07,1.516907240825436e-07,1.5168846021708997e-07,1.5168619638852313e-07,1.5168393260379162e-07,1.5168166884955338e-07,1.5167940513536156e-07,1.5167714145490995e-07,1.5167487780992802e-07,1.516726142040539e-07,1.516703506350845e-07,1.5166808710475617e-07,1.516658236098217e-07,1.5166356015259835e-07,1.5166129672328227e-07,1.5165903333929438e-07,1.5165676999132e-07,1.5165450668301852e-07,1.5165224340977143e-07,1.5164998017322368e-07,1.5164771697322708e-07,1.5164545381321077e-07,1.516431906849873e-07,1.5164092759637512e-07,1.516386645452464e-07,1.516364015313745e-07,1.5163413855210724e-07,1.516318756138654e-07,1.5162961270318e-07,1.516273498368762e-07,1.5162508700704152e-07,1.516228242019569e-07,1.5162056144598934e-07,1.5161829872800337e-07,1.5161603604115648e-07,1.5161377339335344e-07,1.5161151078671532e-07,1.5160924821770787e-07,1.5160698568411467e-07,1.5160472320121338e-07,1.516024607418251e-07,1.5160019831945965e-07,1.515979359341673e-07,1.5159567358591038e-07,1.5159341127447624e-07,1.515911489987463e-07,1.5158888676074496e-07,1.515866245595791e-07,1.5158436239706203e-07,1.5158210026964045e-07,1.5157983817854023e-07,1.515775761276863e-07,1.515753141118396e-07,1.5157305213248125e-07,1.5157079018995149e-07,1.5156852828417792e-07,1.5156626641628406e-07,1.515640045847013e-07,1.515617427929321e-07,1.5155948103448145e-07,1.5155721930367983e-07,1.515549576211802e-07,1.5155269597717793e-07,1.5155043436567952e-07,1.5154817279652225e-07,1.5154591126053534e-07,1.515436497621897e-07,1.5154138830263505e-07,1.5153912687690827e-07,1.5153686548647508e-07,1.5153460413560207e-07,1.5153234282118127e-07,1.51530081540516e-07,1.515278202902747e-07,1.5152555908719309e-07,1.5152329791982057e-07,1.515210367916607e-07,1.51518775697995e-07,1.515165146401063e-07,1.5151425362244185e-07,1.5151199264276517e-07,1.5150973169764825e-07,1.5150747078976e-07,1.5150520991874995e-07,1.515029490902031e-07,1.5150068828932095e-07,1.5149842753234643e-07,1.5149616680949974e-07,1.5149390612326132e-07,1.5149164546824307e-07,1.5148938485996132e-07,1.5148712428645838e-07,1.5148486374797722e-07,1.5148260324621694e-07,1.514803427782836e-07,1.514780823504347e-07,1.5147582198069362e-07,1.5147356163095457e-07,1.514713013163992e-07,1.514690410341248e-07,1.514667808088435e-07,1.514645206053703e-07,1.5146226043738698e-07,1.5146000029926625e-07,1.5145774020587926e-07,1.5145548014742576e-07,1.514532201258366e-07,1.5145096014506552e-07,1.5144870019730427e-07,1.5144644028680049e-07,1.5144418041113754e-07,1.5144192057573866e-07,1.5143966077693551e-07,1.5143740101432098e-07,1.514351412892417e-07,1.514328816002256e-07,1.5143062194757454e-07,1.5142836233680543e-07,1.5142610275944608e-07,1.5142384321306905e-07,1.5142158370868053e-07,1.5141932424121711e-07,1.5141706481067838e-07,1.514148054105361e-07,1.5141254605384565e-07,1.514102867345169e-07,1.5140802745323152e-07,1.514057682073857e-07,1.514035089928171e-07,1.5140124981906394e-07,1.5139899068064757e-07,1.513967315823792e-07,1.51394472521208e-07,1.5139221349941744e-07,1.513899545120002e-07,1.5138769556140773e-07,1.5138543664259842e-07,1.5138317776541156e-07,1.5138091892524973e-07,1.5137866013282414e-07,1.5137640136685107e-07,1.513741426387484e-07,1.5137188394480603e-07,1.5136962529105127e-07,1.513673666764676e-07,1.513651080872321e-07,1.5136284953338283e-07,1.5136059102640765e-07,1.513583325592657e-07,1.5135607412540238e-07,1.513538157283619e-07,1.51351557368545e-07,1.513492990452311e-07,1.5134704076720914e-07,1.5134478251893472e-07,1.5134252430651568e-07,1.513402661351236e-07,1.5133800799705866e-07,1.5133574989550037e-07,1.5133349182709033e-07,1.5133123379934485e-07,1.5132897580837434e-07,1.5132671785418516e-07,1.5132445993608394e-07,1.5132220206018632e-07,1.5131994422317387e-07,1.5131768641670228e-07,1.5131542864716413e-07,1.5131317091466007e-07,1.513109132196274e-07,1.5130865555445222e-07,1.5130639793237038e-07,1.5130414034747522e-07,1.5130188280018356e-07,1.5129962528814235e-07,1.5129736781413918e-07,1.5129511037861344e-07,1.5129285297782264e-07,1.5129059561304427e-07,1.5128833828799838e-07,1.5128608099853595e-07,1.512838237490944e-07,1.5128156653573773e-07,1.5127930935412737e-07,1.5127705221158067e-07,1.5127479510908046e-07,1.5127253804075697e-07,1.512702810093281e-07,1.512680240210759e-07,1.5126576706343446e-07,1.5126351014264095e-07,1.512612532810292e-07,1.5125899643401887e-07,1.5125673962394675e-07,1.5125448285684883e-07,1.512522261180825e-07,1.5124996941877322e-07,1.5124771275516618e-07,1.5124545612916706e-07,1.5124319954052746e-07,1.5124094299091642e-07,1.5123868647592308e-07,1.5123642999794792e-07,1.5123417355622937e-07,1.512319171525347e-07,1.512296607851333e-07,1.5122740445682405e-07,1.5122514816326993e-07,1.512228919057775e-07,1.5122063568591323e-07,1.5121837950301025e-07,1.5121612335744988e-07,1.51213867246617e-07,1.5121161117553483e-07,1.5120935514050988e-07,1.5120709914205423e-07,1.5120484317793938e-07,1.5120258725916748e-07,1.5120033136947798e-07,1.5119807551935037e-07,1.5119581970710282e-07,1.5119356392970985e-07,1.5119130819180606e-07,1.511890524901123e-07,1.5118679681175293e-07,1.5118454118108605e-07,1.511822855915732e-07,1.5118003003591654e-07,1.5117777451442646e-07,1.511755190318477e-07,1.511732635856013e-07,1.511710081769568e-07,1.5116875280574805e-07,1.5116649747477588e-07,1.5116424217821538e-07,1.5116198691659216e-07,1.5115973169314825e-07,1.511574765144265e-07,1.5115522136397346e-07,1.5115296625118705e-07,1.5115071117452813e-07,1.5114845613456295e-07,1.5114620113162716e-07,1.511439461652068e-07,1.5114169123488833e-07,1.5113943634167155e-07,1.5113718148129972e-07,1.511349266637222e-07,1.5113267188263332e-07,1.5113041713573121e-07,1.5112816242777272e-07,1.5112590775662198e-07,1.5112365311868836e-07,1.5112139852127e-07,1.5111914396066732e-07,1.5111688943712754e-07,1.5111463494986374e-07,1.5111238050000983e-07,1.511101260869027e-07,1.5110787170904169e-07,1.5110561736947425e-07,1.5110336306606105e-07,1.511011088004869e-07,1.51098854571676e-07,1.510966003795348e-07,1.5109434622949225e-07,1.510920921099613e-07,1.5108983804968826e-07,1.5108758400516527e-07,1.510853299975003e-07,1.5108307602758e-07,1.5108082209362344e-07,1.510785681966655e-07,1.5107631433599684e-07,1.5107406051625118e-07,1.5107180672660368e-07,1.5106955297576483e-07,1.5106729925236165e-07,1.510650455745648e-07,1.5106279193867187e-07,1.5106053833710024e-07,1.5105828477166488e-07,1.5105603124311932e-07,1.5105377774921378e-07,1.5105152429315907e-07,1.5104927087519784e-07,1.5104701749392256e-07,1.5104476414933083e-07,1.5104251084143605e-07,1.5104025756956432e-07,1.5103800433575075e-07,1.5103575113857591e-07,1.510334979771449e-07,1.510312448565097e-07,1.5102899177010694e-07,1.510267387236002e-07,1.5102448571127355e-07,1.5102223273537511e-07,1.5101997979633693e-07,1.5101772688755063e-07,1.510154740223741e-07,1.5101322119350577e-07,1.5101096840088936e-07,1.5100871564359313e-07,1.510064629257918e-07,1.5100421024551693e-07,1.51001957611301e-07,1.509997050050124e-07,1.5099745243431798e-07,1.5099519990051865e-07,1.509929473908664e-07,1.5099069492886258e-07,1.5098844250861527e-07,1.509861901210498e-07,1.5098393777141814e-07,1.5098168545854244e-07,1.5097943318370903e-07,1.5097718094454617e-07,1.5097492874284844e-07,1.5097267658097813e-07,1.5097042445225062e-07,1.509681723605091e-07,1.509659203033194e-07,1.509636682852479e-07,1.5096141630389882e-07,1.509591643599677e-07,1.5095691245336572e-07,1.5095466058250845e-07,1.5095240874871229e-07,1.5095015695139516e-07,1.509479051993294e-07,1.5094565347579224e-07,1.509434017909189e-07,1.5094115014217503e-07,1.509388985291628e-07,1.5093664695192777e-07,1.5093439541255237e-07,1.5093214389424443e-07,1.5092989242846674e-07,1.5092764099370804e-07,1.5092538960103602e-07,1.509231382437945e-07,1.5092088693237926e-07,1.5091863565053613e-07,1.5091638439469013e-07,1.5091413319026713e-07,1.5091188201695582e-07,1.5090963089130384e-07,1.509073797939902e-07,1.509051287332509e-07,1.5090287771060812e-07,1.509006267235012e-07,1.508983757613114e-07,1.5089612484890076e-07,1.5089387397648988e-07,1.5089162313637268e-07,1.508893723345572e-07,1.5088712156853898e-07,1.5088487083935218e-07,1.5088262014751144e-07,1.5088036949217482e-07,1.5087811887312528e-07,1.5087586828934302e-07,1.5087361774620688e-07,1.5087136723832194e-07,1.5086911676604513e-07,1.5086686633255838e-07,1.5086461593610468e-07,1.5086236557511218e-07,1.508601152476027e-07,1.5085786496036987e-07,1.508556147096599e-07,1.508533644966753e-07,1.5085111431937207e-07,1.508488641789508e-07,1.5084661407824793e-07,1.508443640047116e-07,1.5084211397591352e-07,1.508398639837965e-07,1.5083761402807125e-07,1.5083536410851753e-07,1.5083311422365797e-07,1.5083086437592475e-07,1.5082861457600062e-07,1.5082636480305288e-07,1.5082411506766308e-07,1.5082186537195833e-07,1.5081961570968891e-07,1.5081736608455535e-07,1.5081511649629552e-07,1.5081286694360233e-07,1.5081061742879587e-07,1.5080836795100478e-07,1.5080611852435287e-07,1.5080386912026955e-07,1.5080161975279044e-07,1.50799370421008e-07,1.5079712112604945e-07,1.5079487186780215e-07,1.5079262264549895e-07,1.507903734644856e-07,1.5078812431463887e-07,1.5078587520457585e-07,1.507836261314604e-07,1.5078137709518495e-07,1.507791280982777e-07,1.507768791336595e-07,1.5077463020628294e-07,1.5077238131693474e-07,1.5077013246147122e-07,1.5076788364460665e-07,1.5076563486637967e-07,1.5076338612414002e-07,1.5076113740614825e-07,1.507588887352578e-07,1.5075664010583118e-07,1.5075439151081925e-07,1.507521429538306e-07,1.5074989443249996e-07,1.5074764595184555e-07,1.507453975056447e-07,1.507431490945877e-07,1.5074090072410133e-07,1.5073865238526673e-07,1.5073640408466075e-07,1.507341558208411e-07,1.5073190759564017e-07,1.5072965940540848e-07,1.5072741124977806e-07,1.507251631327087e-07,1.5072291505244717e-07,1.507206670069691e-07,1.507184190024412e-07
16,0.0,0.0,0.0,0.0,0.0,0.0,0.0,0.0,0.0,0.0,0.0,0.0,0.0,0.0,0.0,0.0,0.0,0.0,0.0,0.0,0.0,0.0,0.0,0.0,0.0,0.0,0.0,0.0,0.0,0.0,0.0,0.0,0.0,0.0,0.0,0.0,0.0,0.0,0.0,0.0,0.0,0.0,0.0,0.0,0.0,0.0,0.0,0.0,0.0,0.0,0.0,0.0,0.0,0.0,0.0,0.0,0.0,0.0,0.0,0.0,0.0,0.0,0.0,0.0,0.0,0.0,0.0,0.0,0.0,0.0,0.0,0.0,0.0,0.0,0.0,0.0,0.0,0.0,0.0,0.0,0.0,0.0,0.0,0.0,0.0,0.0,0.0,0.0,0.0,0.0,0.0,0.0,0.0,0.0,0.0,0.0,0.0,0.0,0.0,0.0,0.0,0.0,0.0,0.0,0.0,0.0,0.0,0.0,0.0,0.0,0.0,0.0,0.0,0.0,0.0,0.0,0.0,0.0,0.0,0.0,0.0,0.0,0.0,0.0,0.0,0.0,0.0,0.0,0.0,0.0,0.0,0.0,0.0,0.0,0.0,0.0,0.0,0.0,0.0,0.0,0.0,0.0,0.0,0.0,0.0,0.0,0.0,0.0,0.0,0.0,0.0,0.0,0.0,0.0,0.0,0.0,0.0,0.0,0.0,0.0,0.0,0.0,0.0,0.0,0.0,0.0,0.0,0.0,0.0,0.0,0.0,0.0,0.0,0.0,0.0,0.0,0.0,0.0,0.0,0.0,0.0,0.0,0.0,0.0,0.0,0.0,0.0,0.0,0.0,0.0,0.0,0.0,0.0,0.0,0.0,0.0,0.0,0.0,0.0,0.0,0.0,0.0,0.0,0.0,0.0,0.0,0.0,0.0,0.0,0.0,0.0,0.0,0.0,0.0,0.0,0.0,0.0,0.0,0.0,0.0,0.0,0.0,0.0,0.0,0.0,0.0,0.0,0.0,0.0,0.0,0.0,0.0,0.0,0.0,0.0,0.0,0.0,0.0,0.0,0.0,0.0,0.0,0.0,0.0,0.0,0.0,0.0,0.0,0.0,0.0,0.0,0.0,0.0,0.0,0.0,0.0,0.0,0.0,0.0,0.0,0.0,0.0,0.0,0.0,0.0,0.0,0.0,0.0,0.0,0.0,0.0,0.0,0.0,0.0,0.0,0.0,0.0,0.0,0.0,0.0,0.0,0.0,0.0,0.0,0.0,0.0,0.0,0.0,0.0,0.0,0.0,0.0,0.0,0.0,0.0,0.0,0.0,0.0,0.0,0.0,0.0,0.0,0.0,0.0,0.0,0.0,0.0,0.0,0.0,0.0,0.0,0.0,0.0,0.0,0.0,0.0,0.0,0.0,0.0,0.0,0.0,0.0,0.0,0.0,0.0,0.0,0.0,0.0,0.0,0.0,0.0,0.0,0.0,0.0,0.0,0.0,0.0,0.0,0.0,0.0,0.0,0.0,0.0,0.0,0.0,0.0,0.0,0.0,0.0,0.0,0.0,0.0,0.0,0.0,0.0,0.0,0.0,0.0,0.0,0.0,0.0,0.0,0.0,0.0,0.0,0.0,0.0,0.0,0.0,0.0,0.0,0.0,0.0,0.0,0.0,0.0,0.0,0.0,0.0,0.0,0.0,0.0,0.0,0.0,0.0,0.0,0.0,0.0,0.0,0.0,0.0,0.0,0.0,0.0,0.0,0.0,0.0,0.0,0.0,0.0,0.0,0.0,0.0,0.0,0.0,0.0,0.0,0.0,0.0,0.0,0.0,0.0,0.0,0.0,0.0,0.0,0.0,0.0,0.0,0.0,0.0,0.0,0.0,0.0,0.0,0.0,0.0,0.0,0.0,0.0,0.0,0.0,0.0,0.0,0.0,0.0,0.0,0.0,0.0,0.0,0.0,0.0,0.0,0.0,0.0,0.0,0.0,0.0,0.0,0.0,0.0,0.0,0.0,0.0,0.0,0.0,0.0,0.0,0.0,0.0,0.0,0.0,0.0,0.0,0.0,0.0,0.0,0.0,0.0,0.0,0.0,0.0,0.0,0.0,0.0,0.0,0.0,0.0,0.0,0.0,0.0,0.0,0.0,0.0,0.0,0.0,0.0,0.0,0.0,0.0,0.0,0.0,0.0,0.0,0.0,0.0,0.0,0.0,0.0,0.0,0.0,0.0,0.0,0.0,0.0,0.0,0.0,0.0,0.0,0.0,0.0,0.0,0.0,0.0,0.0,0.0,0.0,0.0,0.0,0.0,0.0,0.0,0.0,0.0,0.0,0.0,0.0,0.0,0.0,0.0,0.0,0.0,0.0,0.0,0.0,0.0,0.0,0.0,0.0,0.0,0.0,0.0,0.0,0.0,0.0,0.0,0.0,0.0,0.0,0.0,0.0,0.0,0.0,0.0,0.0,0.0,0.0,0.0,0.0,0.0,0.0,0.0,0.0,0.0,0.0,0.0,0.0,0.0,0.0,0.0,0.0,0.0,0.0,0.0,0.0,0.0,0.0,0.0,0.0,0.0,0.0,0.0,0.0,0.0,0.0,0.0,0.0,0.0,0.0,0.0,0.0,0.0,0.0,0.0,0.0,0.0,0.0,0.0,0.0,0.0,0.0,0.0,0.0,0.0,0.0,0.0,0.0,0.0,0.0,0.0,0.0,0.0,0.0,0.0,0.0,0.0,0.0,0.0,0.0,0.0,0.0,0.0,0.0,0.0,0.0,0.0,0.0,0.0,0.0,0.0,0.0,0.0,0.0,0.0,0.0,0.0,0.0,0.0,0.0,0.0,0.0,0.0,0.0,0.0,0.0,0.0,0.0,0.0,0.0,0.0,0.0,0.0,0.0,0.0,0.0,0.0,0.0,0.0,0.0,0.0,0.0,0.0,0.0,0.0,0.0,0.0,0.0,0.0,0.0,0.0,0.0,0.0,0.0,0.0,0.0,0.0,0.0,0.0,0.0,0.0,0.0,0.0,0.0,0.0,0.0,0.0,0.0,0.0,0.0,0.0,0.0,0.0,0.0,0.0,0.0,0.0,0.0,0.0,0.0,0.0,0.0,0.0,0.0,0.0,0.0,0.0,0.0,0.0,0.0,0.0,0.0,0.0,0.0,0.0,0.0,0.0,0.0,0.0,0.0,0.0,0.0,0.0,0.0,0.0,0.0,0.0,0.0,0.0,0.0,0.0,0.0,0.0,0.0,0.0,0.0,0.0,0.0,0.0,0.0,0.0,0.0,0.0,0.0,0.0,0.0,0.0,0.0,0.0,0.0,0.0,0.0,0.0,0.0,0.0,0.0,0.0,0.0,0.0,0.0,0.0,0.0,0.0,0.0,0.0,0.0,0.0,0.0,0.0,0.0,0.0,0.0,0.0,0.0,0.0,0.0,0.0,0.0,0.0,0.0,0.0,0.0,0.0,0.0,0.0,0.0,0.0,0.0,0.0,0.0,0.0,0.0,0.0,0.0,0.0,0.0,0.0,0.0,0.0,0.0,0.0,0.0,0.0,0.0,0.0,0.0,0.0,0.0,0.0,0.0,0.0,0.0,0.0,0.0,0.0,0.0,0.0,0.0,0.0,0.0,0.0,0.0,0.0,0.0,0.0,0.0,0.0,0.0,0.0,0.0,0.0,0.0,0.0,0.0,0.0,0.0,0.0,0.0,0.0,0.0,0.0,0.0,0.0,0.0,0.0,0.0,0.0,0.0,0.0,0.0,0.0,0.0,0.0,0.0,0.0,0.0,0.0,0.0,0.0,0.0,0.0,0.0,0.0,0.0,0.0,0.0,0.0,0.0,0.0,0.0,0.0,0.0,0.0,0.0,0.0,0.0,0.0,0.0,0.0,0.0,0.0,0.0,0.0,0.0,0.0,0.0,0.0,0.0,0.0,0.0,0.0,0.0,0.0,0.0,0.0,0.0,0.0,0.0,0.0,0.0,0.0,0.0,0.0,0.0,0.0,0.0,0.0,0.0,0.0,0.0,0.0,0.0,0.0,0.0,0.0,0.0,0.0,0.0,0.0,0.0,0.0,0.0,0.0,0.0,0.0,0.0,0.0,0.0,0.0,0.0,0.0,0.0,0.0,0.0,0.0,0.0,0.0,0.0,0.0,0.0,0.0,0.0,0.0,0.0,0.0,0.0,0.0,0.0,0.0,0.0,0.0,0.0,0.0,0.0,0.0,0.0,0.0,0.0,0.0,0.0,0.0,0.0,0.0,0.0,0.0,0.0,0.0,0.0,0.0,0.0,0.0,0.0,0.0,0.0,0.0,0.0,0.0,0.0,0.0,0.0,0.0,0.0,0.0,0.0,0.0,0.0,0.0,0.0,0.0,0.0,0.0,0.0,0.0,0.0,0.0,0.0,0.0,0.0,0.0,0.0,0.0,5.742833874301516e-23,1.579789635438902e-22,2.858549727174166e-22,4.2216654224060516e-22,5.553190266783985e-22,6.796119035605363e-22,7.928994534326436e-22,8.949474338807221e-22,9.864515446841881e-22,1.0684861918057174e-21,1.1422196396617423e-21,1.2087661343115116e-21,1.2691263310125276e-21,1.3241679091586162e-21,1.3746300033654398e-21,1.4211347754948678e-21,1.4642041848534153e-21,1.504274880647278e-21,1.5417148714488236e-21,1.576834181496025e-21,1.6098961108120631e-21,1.6411257362220799e-21,1.6707168330947926e-21,1.6988374380374666e-21,1.7256343002176886e-21,1.7512364401743805e-21,1.775757999918538e-21,1.7993005339068915e-21,1.8219548603260652e-21,1.8438025659527515e-21,1.8649172424838305e-21,1.8853655014486824e-21,1.905207825947176e-21,1.924499282519273e-21,1.943290126588948e-21,1.9616263181468423e-21,1.9795499491988922e-21,1.9970997014959847e-21,2.0143109931341243e-21,2.0312167343519527e-21,2.0478468455287074e-21,2.06422914379063e-21,2.0803892845609247e-21,2.096350971855327e-21,2.112136130230706e-21,2.1277650559549165e-21,2.1432565531515614e-21,2.1586280570231547e-21,2.173895744346355e-21,2.1890746393498525e-21,2.2041787006565658e-21,2.2192209093135477e-21,2.2342133455635374e-21,2.2491672595853896e-21,2.264093136262413e-21,2.2790007547480823e-21,2.2938992430778033e-21,2.3087977159166024e-21,2.3237024995728175e-21,2.338622491023342e-21,2.353564378452005e-21,2.3685346413861875e-21,2.383539424500253e-21,2.3985844970771726e-21,2.413675289555186e-21,2.4288169119712398e-21,2.4440141821677473e-21,2.459271646384017e-21,2.4745935997878308e-21,2.4899841060988115e-21,2.505447011132979e-21,2.5209859756122802e-21,2.5366044658675214e-21,2.552305886984396e-21,2.568093096307194e-21,2.5839693504677404e-21,2.599939294504494e-21,2.6160005470413314e-21,2.632160229460985e-21,2.648420595841886e-21,2.6647820144701976e-21,2.681248461167123e-21,2.6978218532895903e-21,2.7145043263322328e-21,2.731298006075464e-21,2.74820496847302e-21,2.7652272364345003e-21,2.7823666081313983e-21,2.799625503012788e-21,2.817005376763257e-21,2.834508171492992e-21,2.8521357151026983e-21,2.8698898100395865e-21,2.8877722107665933e-21,2.9057846526976307e-21,2.923928851232649e-21,2.9422065036021284e-21,2.9606192933905642e-21,2.9791688868203826e-21,2.9978569419143963e-21,3.0166851076453806e-21,3.035655025087946e-21,3.054768329998398e-21,3.074026654330005e-21,3.093431627881321e-21,3.112984879561097e-21,3.1326880390672963e-21,3.152542738276811e-21,3.1725506118730746e-21,3.1927132985305776e-21,3.2130324333449484e-21,3.2335096922083806e-21,3.2541467157122478e-21,3.2749452716591637e-21,3.2959067574929894e-21,3.31703310497628e-21,3.3383259575656345e-21,3.359787095125508e-21,3.3814180080883192e-21,3.403220631371288e-21,3.425196668528041e-21,3.4473478733437366e-21,3.469676021201791e-21,3.492183046239111e-21,3.514870357186653e-21,3.5377401317845804e-21,3.560794135275412e-21,3.5840342137494845e-21,3.607462243113229e-21,3.631080120257347e-21,3.654889641070046e-21,3.678893081010532e-21,3.703070189442517e-21,3.727484761895619e-21,3.752084291233035e-21,3.776882790718104e-21,3.801884508954622e-21,3.827091899944349e-21,3.852507121798911e-21,3.8781322979084355e-21,3.90396956518444e-21,3.930021082678048e-21,3.956289033997222e-21,3.982775622929725e-21,4.009483096998225e-21,4.036413704207499e-21,4.063569733824447e-21,4.0909534996425994e-21,4.118567342078599e-21,4.14641362950721e-21,4.174494758690736e-21,4.202813153864716e-21,4.231371269534596e-21,4.26017153483842e-21,4.2892166158235764e-21,4.318508924439095e-21,4.348051062346892e-21,4.377845642049436e-21,4.4078953201465885e-21,4.438202731868415e-21,4.468770586327599e-21,4.4996016439304254e-21,4.53069866615854e-21,4.56206445125199e-21,4.593701853124945e-21,4.6256137518461416e-21,4.657803012832081e-21,4.690272643094812e-21,4.723025565732849e-21,4.7560648529294105e-21,4.789393543790174e-21,4.823014756034497e-21,4.856931609131512e-21,4.8911472849013046e-21,4.925665003838153e-21,4.960488081152325e-21,4.99561966056981e-21,5.031063226128269e-21,5.0668221328265764e-21,5.102899806020084e-21,5.139299796895166e-21,5.176025405339099e-21,5.213080392095422e-21,5.250468324574562e-21,5.288192853654222e-21,5.326257684580926e-21,5.364666572192969e-21,5.4034233202458276e-21,5.442531783116958e-21,5.4819958655553876e-21,5.521819523913878e-21,5.5620067644259874e-21,5.602561654203782e-21,5.643488306294801e-21,5.6847908909400245e-21,5.726473634254499e-21,5.768540782384295e-21,5.810997088122763e-21,5.853846055698815e-21,5.897092489826583e-21,5.94074161352127e-21,5.9847973149727655e-21,6.029264364655644e-21,6.074147487314129e-21,6.119451443555656e-21,6.16518109684932e-21,6.211341318807757e-21,6.257937081277628e-21,6.304973349311399e-21,6.352455424113703e-21,6.400388301807621e-21,6.448777268459414e-21,6.497627647910089e-21,6.5469447360369236e-21,6.596734272980997e-21,6.6470015562414234e-21,6.697752265980116e-21,6.748992101680271e-21,6.800726847262981e-21,6.85296236250648e-21,6.905704627720644e-21,6.958959565818555e-21,7.012733378859664e-21,7.067032243651475e-21,7.121862447388667e-21,7.177230360675606e-21,7.233142452130737e-21,7.289605281727121e-21,7.346625503510447e-21,7.404209420700423e-21,7.462365148893561e-21,7.521098495774008e-21,7.580416774045087e-21,7.640327173383043e-21,7.700836957733134e-21,7.761953483236117e-21,7.823684217438776e-21,7.886036736481543e-21,7.949018727534678e-21,8.01263799107963e-21,8.076902442747806e-21,8.141820115333706e-21,8.20739916073923e-21,8.273647846842564e-21,8.34057458492757e-21,8.408187879556873e-21,8.476496391863898e-21,8.54550889716058e-21,8.615234306783394e-21,8.685681667219221e-21,8.756860159697238e-21,8.828779106822177e-21,8.901447977826654e-21,8.974876368057693e-21,9.049074038185537e-21,9.12405089257748e-21,9.199817030579993e-21,9.276382537489757e-21,9.353757894249977e-21,9.431953600288328e-21,9.510980346741494e-21,9.590848945048433e-21,9.67157053899122e-21,9.753156152495715e-21,9.835617385337643e-21,9.918965611911305e-21,1.0003212747957221e-20,1.0088370330564878e-20,1.0174450812274111e-20,1.0261466597747025e-20,1.0349429653918031e-20,1.0438353136306154e-20,1.0528249830884658e-20,1.0619132824598642e-20,1.071101542899422e-20,1.0803911171987527e-20,1.0897833800341212e-20,1.0992797284479141e-20,1.1088815816835006e-20,1.1185903827392586e-20,1.128407597762624e-20,1.138334716843106e-20,1.1483732548441138e-20,1.1585247510773732e-20,1.1687907705566457e-20,1.179172903980226e-20,1.189672758051044e-20,1.2002920067017177e-20,1.2110322941705718e-20,1.2218953264267983e-20,1.2328828321746647e-20,1.2439965959691497e-20,1.255238325346458e-20,1.2666099084205526e-20,1.278113175120274e-20,1.2897500016919151e-20,1.3015222984361041e-20,1.3134320103841445e-20,1.3254811094024298e-20,1.3376716266890972e-20,1.350005559649352e-20,1.362485029859453e-20,1.3751121443347803e-20,1.3878890548852597e-20,1.4008179520068698e-20,1.4139010645147505e-20,1.427140660367359e-20,1.4405390473102878e-20,1.454098573722949e-20,1.46782162955523e-20,1.481710646941966e-20,1.4957681011787892e-20,1.5099965119694845e-20,1.524398448307568e-20,1.5389765070310092e-20,1.5537333612478946e-20,1.5686717030113675e-20,1.5837942956333338e-20,1.5991039404286654e-20,1.6146034919652285e-20,1.6302958571216503e-20,1.646183996031785e-20,1.6622709170972945e-20,1.6785597074708992e-20,1.695053477796639e-20,1.7117554163100166e-20,1.728668767562756e-20,1.7457968340128542e-20,1.763142981837149e-20,1.780710639559699e-20,1.7985033000226787e-20,1.8165245219203932e-20,1.834777931257923e-20,1.8532672222735432e-20,1.87199616015893e-20,1.8909685815177087e-20,1.910188395439914e-20,1.92965958975098e-20,1.949386223857438e-20,1.9693724387366027e-20,1.9896224544098036e-20,2.010140573820399e-20,2.030931183166861e-20,2.0519987545005978e-20,2.0733478476108033e-20,2.0949831120570292e-20,2.1169092891224894e-20,2.139131214041321e-20,2.1616538181377295e-20,2.184482130881368e-20,2.2076212824811808e-20,2.231076505975128e-20,2.2548531397451475e-20,2.278956629974699e-20,2.3033925331689724e-20,2.3281665187669217e-20,2.353284371767191e-20,2.3787519956568795e-20,2.4045754159798723e-20,2.4307607792066787e-20,2.4573143622681767e-20,2.4842425711024247e-20,2.5115519449501707e-20,2.5392491592399938e-20,2.5673410293708417e-20,2.5958345141203556e-20,2.624736718880068e-20,2.654054899439037e-20,2.6837964656206146e-20,2.713968985130421e-20,2.744580187484493e-20,2.775637967941903e-20,2.8071503920004645e-20,2.83912569898828e-20,2.871572307197999e-20,2.904498818043684e-20,2.93791398209756e-20,2.971826891964264e-20,3.006246624523905e-20,3.0411825880629734e-20,3.076644375167299e-20,3.112641788893681e-20,3.149184850584423e-20,3.1862838060433195e-20,3.2239491311423244e-20,3.2621915380663553e-20,3.3010219813858954e-20,3.340451664588077e-20,3.380492046454514e-20,3.42115484856065e-20,3.462452061005294e-20,3.504395954781005e-20,3.546999071508957e-20,3.5902742585238433e-20,3.6342346580404524e-20,3.678893719161193e-20,3.724265201692433e-20,3.770363208182398e-20,3.817202155223598e-20,3.8647968085056834e-20,3.913162286997317e-20,3.9623140714026144e-20,4.0122680152402556e-20,4.063040354070197e-20,4.114647717034472e-20,4.1671071379451356e-20,4.2204360664877095e-20,4.274652380390849e-20,4.3297743975295935e-20,4.385820888419065e-20,4.442811089643042e-20,4.500764716951978e-20,4.559701979519791e-20,4.619643594037181e-20,4.6806107996106374e-20,4.742625373658666e-20,4.805709647494408e-20,4.869886522302546e-20,4.935179486513889e-20,5.0016126336977226e-20,5.0692106804074587e-20,5.1379989849006446e-20,5.2080035666693025e-20,5.2792511266465194e-20,5.3517690679725417e-20,5.425585517353724e-20,5.500729347964993e-20,5.577230215630356e-20,5.655118515500188e-20,5.734425537881819e-20,5.815183367983966e-20,5.897424974457254e-20,5.981184219569493e-20,6.066495893509498e-20,6.15339574255e-20,6.241920497957753e-20,6.33210791111763e-20,6.423996783171485e-20,6.517627000654795e-20,6.613039570765588e-20,6.710276657927049e-20,6.809381622294154e-20,6.910399058790024e-20,7.013374838703458e-20,7.118356152358225e-20,7.225391551812011e-20,7.334530999050911e-20,7.445825914744154e-20,7.559329222267454e-20,7.675095404449108e-20,7.793180556016156e-20,7.913642437733534e-20,8.036540536180593e-20,8.161936121970686e-20,8.289892313730777e-20,8.420474142967418e-20,8.553748620817111e-20,8.689784814104658e-20,8.828653895005066e-20,8.970429200388302e-20,9.115186575541198e-20,9.263003876158633e-20,9.413961626024634e-20,9.568142843929424e-20,9.725633177317318e-20,9.886521001874372e-20,1.0050897523431877e-19,1.0218856885160999e-19,1.0390496276772446e-19,1.0565916050237966e-19,1.074521983988023e-19,1.0928514687738353e-19,1.1115911174149317e-19,1.1307523554835135e-19,1.1503469903441921e-19,1.1703872260389278e-19,1.190885678916338e-19,1.2118553938182912e-19,1.2333098610843139e-19,1.2552630343872785e-19,1.2777293492677622e-19,1.300723742631186e-19,1.3242616730018108e-19,1.3483591419569542e-19,1.3730327161888813e-19,1.3982995510125368e-19,1.424177414726904e-19,1.4506847142471332e-19,1.4778405217169938e-19,1.5056646029224482e-19,1.534177446598312e-19,1.5634002950134165e-19,1.5933551777816747e-19,1.6240649432683244e-19,1.6555532966752547e-19,1.6878448365426888e-19,1.7209650939123486e-19,1.7549405742763457e-19,1.7897988003705248e-19,1.8255683582464558e-19,1.8622789450562777e-19,1.8999614195972517e-19,1.9386478554800933e-19,1.9783715969230762e-19,2.019167317329733e-19,2.0610710818814647e-19,2.1041204122405733e-19,2.1483543555033647e-19,2.1938135566417075e-19,2.2405403349172663e-19,2.2885787646550586e-19,2.3379747599580975e-19,2.3887761650728376e-19,2.441032848432928e-19,2.4947968034336826e-19,2.5501222538749145e-19,2.6070657661499276e-19,2.6656863670459016e-19,2.726045669663899e-19,2.7882080050303216e-19,2.8522405623382065e-19,2.9182135383581686e-19,2.9862002935611973e-19,3.0562775196846417e-19,3.1285254161333057e-19,3.203027877821018e-19,3.279872693981933e-19,3.3591517599871743e-19,3.440961301301896e-19,3.5254021123548744e-19,3.6125798105065173e-19,3.702605105153259e-19,3.7955940854193075e-19,3.891668525655018e-19,3.9909562105370173e-19,4.093591282964916e-19,4.199714613223296e-19,4.309474193620921e-19,4.423025559725301e-19,4.540532245941891e-19,4.662166239562841e-19,4.788108538185147e-19,4.91854966583531e-19,5.05369026970955e-19,5.193741749598411e-19,5.338926931935157e-19,5.489480791840226e-19,5.645651228533231e-19,5.807699894692151e-19,5.975903092925748e-19,6.150552731147575e-19,6.331957355553995e-19,6.520443260099431e-19,6.716355679125868e-19,6.920060075809124e-19,7.13194352594726e-19,7.352416218303887e-19,7.581913061315075e-19,7.820895432475676e-19,8.069853060819589e-19,8.329306064381103e-19,8.599807158779567e-19,8.881944044121468e-19,9.176341997254549e-19,9.483666691911386e-19,9.804627230016068e-19,1.0139979481146898e-18,1.0490529677676437e-18,1.0857138348398444e-18,1.1240724590397381e-18,1.164227074238547e-18,1.2062827468778971e-18,1.2503519326797954e-18,1.296555084604983e-18,1.3450213184735628e-18,1.3958891421826267e-18,1.4493072552225173e-18,1.5054354262916913e-18,1.5644454581444995e-18,1.6265222478846155e-18,1.6918649555953724e-18,1.7606882920026e-18,1.8332239399012673e-18,1.90972212449872e-18,1.990453350391445e-18,2.0757103258913516e-18,2.1658100964188448e-18,2.261096413445494e-18,2.3619423676272725e-18,2.4687533212859946e-18,2.581970176084576e-18,2.7020730205094446e-18,2.8295852089429074e-18,2.9650779260557506e-18,3.1091753054046127e-18,3.262560176663817e-18,3.425980529464409e-18,3.600256794162271e-18,3.786290057482554e-18,3.985071347915952e-18,4.197692148868269e-18,4.4253563240129575e-18,4.669393666836724e-18,4.931275329135628e-18,5.212631419226424e-18,5.515271118299001e-18,5.841205719536234e-18,6.1926750749514635e-18,6.5721780170185e-18,6.98250743300702e-18,7.426790798096784e-18,7.90853712787534e-18,8.431691502072769e-18,9.000698546408829e-18,9.620576529420457e-18,1.0297004096845478e-17,1.1036422074586334e-17,1.1846153315820073e-17,1.2734544204358277e-17,1.3711132259007132e-17,1.4786845286904927e-17,1.597423881589479e-17,1.7287780150715918e-17,1.8744189413272346e-17,2.0362850540463922e-17,2.2166308499658194e-17,2.418087320996537e-17,2.643735614736845e-17,2.897197266806954e-17,3.1827452321488537e-17,3.5054411503542013e-17,3.871305873766216e-17,4.287532395854365e-17,4.763302011412525e-17,5.302969765339723e-17,5.923596666296343e-17,6.640813661278274e-17,7.4731961579039e-17,8.443644447710675e-17,9.58054302346893e-17,1.0919285612321926e-16,1.2504296110987374e-16,1.4391721924594064e-16,1.66530512669236e-16,1.9380012556845863e-16,2.2691270523448154e-16,2.6741664813839745e-16,3.17350834993859e-16,3.7942588868954943e-16,4.572821731570034e-16,4.8508167187143995e-16,5.938290669161133e-16,7.310649855154627e-16,9.085876427275e-16,1.1415276032793234e-15,1.4511738513573207e-15,1.8683432788982628e-15,2.43840705392714e-15,3.2292074687220457e-15,4.3437868402433566e-15,5.941162847426882e-15,8.27070202556302e-15,1.1729703681312353e-14,1.6960905612499888e-14,2.501894539017004e-14,3.7655884206901716e-14,5.78109083209267e-14,9.044487358609555e-14,1.4394231372585798e-13,1.971814246828414e-13,1.9718142468526256e-13,1.9718142485576822e-13,3.2685915483267656e-13,5.367803310908907e-13,8.830910348150556e-13,1.4491223580057415e-12,2.3596176006075648e-12,3.793980972818272e-12,5.997984752683006e-12,9.29000876139408e-12,1.4056344715873897e-11,2.0730051560737526e-11,2.9750447493432913e-11,4.150594328790805e-11,5.626994219802695e-11,7.414448469853448e-11,9.502593975753152e-11,9.564720511098213e-11,9.564720511394495e-11,1.193607603078407e-10,1.4519612581557918e-10,1.7256710007414605e-10,2.0076371364640764e-10,2.2905721623608986e-10,2.567560614772179e-10,2.832476342337286e-10,3.080255856761571e-10,3.307031139626296e-10,3.5101418070879863e-10,3.6880561783016383e-10,3.840233034769887e-10,3.9669526860919993e-10,4.0691399338667707e-10,4.148194790321028e-10,4.2058407121218686e-10,4.243995265031871e-10,4.264664646582565e-10,4.269861210903952e-10,4.2615417999298983e-10,4.241564030271893e-10,4.2116574950974804e-10,4.173406936235101e-10,4.1282447104929984e-10,4.0774502195673245e-10,4.022154346537888e-10,3.963347302570229e-10,3.901888620712829e-10,3.838518322064903e-10,3.773868527689149e-10,3.7084749926407064e-10,3.642788200139555e-10,3.626500476296952e-10,3.5614020570684926e-10,3.4963688564140937e-10,3.4319766150122567e-10,3.368468649285016e-10,3.3060102943939986e-10,3.2447247093308693e-10,3.1847035122097136e-10,3.126013596353617e-10,3.068701157179505e-10,3.012795321112356e-10,2.95831110901368e-10,2.905251940236905e-10,2.853611757787913e-10,2.80337683183356e-10,2.754527286338557e-10,2.7070383888937887e-10,2.6608816366068814e-10,2.616025666877453e-10,2.5724370192140276e-10,2.530080769395381e-10,2.488921054697669e-10,2.448921507200418e-10,2.410045608571049e-10,2.3722569783401034e-10,2.335519606519706e-10,2.2997980386100003e-10,2.2650575210433038e-10,2.2312641132394764e-10,2.198384771894587e-10,2.1663874120748655e-10,2.1352409489403139e-10,2.1049153236967546e-10,2.075381516708146e-10,2.0466115494784895e-10,2.0185784785641973e-10,1.991256382321476e-10,1.9646203422574308e-10,1.9386464203726213e-10,1.91331163289789e-10,1.8885939220647666e-10,1.8644721259900378e-10,1.8409259474324948e-10,1.8179359221079127e-10,1.795483386604618e-10,1.773550446514989e-10,1.7521199448175548e-10,1.731175430824418e-10,1.7107011298352997e-10,1.6906819135853132e-10,1.671103271576813e-10,1.651951283426424e-10,1.633212592145904e-10,1.614874378503072e-10,1.5969243363977643e-10,1.5793506493029916e-10,1.562141967658427e-10,1.5452873873984413e-10,1.5287764293689817e-10,1.5125990197465776e-10,1.4967454713819312e-10,1.4812064660406653e-10,1.4659730375111618e-10,1.451036555551983e-10,1.436388710637705e-10,1.4220214994326208e-10,1.4079272110296054e-10,1.394098413861358e-10,1.3805279432457942e-10,1.3672088896474686e-10,1.3541345874220196e-10,1.3412986041047975e-10,1.3286947304268746e-10,1.316316970661547e-10,1.3041595334529273e-10,1.2922168231960617e-10,1.2804834317716282e-10,1.268954130714877e-10,1.2576238637616267e-10,1.2512356923574801e-10,1.240184748754527e-10,1.2293376257580275e-10,1.2186759835086382e-10,1.2081930988775056e-10,1.1978842155956397e-10,1.1877450948992556e-10,1.1777717278832996e-10,1.1679602587180564e-10,1.1583069585824764e-10,1.1488082143960777e-10,1.1394605223401342e-10,1.1302604830691458e-10,1.1212047975905888e-10,1.1122902634827105e-10,1.1035137713358067e-10,1.094872301342709e-10,1.0863629201070539e-10,1.0779827774934496e-10,1.0697291037224267e-10,1.0615992064804302e-10,1.053590468271794e-10,1.0457003437668654e-10,1.037926357338398e-10,1.0302661006875489e-10,1.0227172305434109e-10,1.0152774664710824e-10,1.0079445887764284e-10,1.0007164364759512e-10,9.935909053733632e-11,9.865659461995795e-11,9.796395628143777e-11,9.728098105081088e-11,9.6607479432327e-11,9.594326675103409e-11,9.528816299657795e-11,9.464199268040674e-11,9.400458468991239e-11,9.337577215536195e-11,9.275539232258374e-11,9.214328642117374e-11,9.153929954573315e-11,9.094328053978767e-11,9.035508188301291e-11,8.977455958338353e-11,8.920157306961924e-11,8.863598509488658e-11,8.807766163692178e-11,8.752647180452609e-11,8.6982287747695e-11,8.644498456898409e-11,8.591444024058718e-11,8.539053552218841e-11,8.487315388239868e-11,8.436218142262921e-11,8.38575068038841e-11,8.335902117577599e-11,8.286661810722031e-11,8.238019352121861e-11,8.189964562995682e-11,8.142487487315378e-11,8.095578385715961e-11,8.049227729794023e-11,8.003426196426167e-11,7.95816466233173e-11,7.913434198802595e-11,7.86922606661449e-11,7.825531711016187e-11,7.782342757042297e-11,7.739651004805899e-11,7.697448425009842e-11,7.655727154588417e-11,7.614479492494812e-11,7.573697895582465e-11,7.533374974644802e-11,7.493503490548553e-11,7.454076350516353e-11,7.415086604468656e-11,7.376527441543362e-11,7.338392186587914e-11,7.30067429701165e-11,7.263367359370761e-11,7.226465086423657e-11,7.18996131390556e-11,7.15384999772404e-11,7.118125211051943e-11,7.082781141523643e-11,7.04781208856139e-11,7.013212460724798e-11,6.978976773109388e-11,6.945099644983595e-11,6.911575797247254e-11,6.878400050182051e-11,6.845567321101399e-11,6.813072622155429e-11,6.780911058164758e-11,6.749077824519916e-11,6.717568205128366e-11,6.686377570464527e-11,6.65550137548473e-11,6.624935157985061e-11,6.59467453662715e-11,6.564715209045026e-11,6.535052950288678e-11,6.50568361101073e-11,6.47660311594026e-11,6.447807462122212e-11,6.419292717471095e-11,6.391055019165257e-11,6.363090572106492e-11,6.335395647815032e-11,6.307966582449419e-11,6.280799775871052e-11,6.253891690153251e-11,6.227238848276209e-11,6.200837832854401e-11,6.174685284901852e-11,6.148777902592829e-11,6.123112440091784e-11,6.097685706417162e-11,6.072494564303332e-11,6.047535929053173e-11,6.022806767492207e-11,5.998304096995419e-11,5.974024984400253e-11,5.949966544986041e-11,5.926125941546737e-11,5.902500383389826e-11,5.87908712547087e-11,5.85588346744291e-11,5.832886752794711e-11,5.8100943679605885e-11,5.7875037415053404e-11,5.7651123432839844e-11,5.7429176836330366e-11,5.7209173125912434e-11,5.699108819126616e-11,5.677489830393232e-11,5.6560580109736664e-11,5.6348110622022656e-11,5.61374672142196e-11,5.5928627613326956e-11,5.572156989282172e-11,5.551627246663589e-11,5.531271408214312e-11,5.511087381433676e-11,5.4910731059670344e-11,5.4712265530318725e-11,5.451545724698932e-11,5.432028653429172e-11,5.4126734016462484e-11,5.393478060912106e-11,5.37444075154728e-11,5.355559622071684e-11,5.336832848725125e-11,5.3182586349124035e-11,5.299835210770907e-11,5.2815608326413343e-11,5.263433782611142e-11,5.2454523680499367e-11,5.227614921162945e-11,5.209919798583253e-11,5.192365380865843e-11,5.174950072111683e-11,5.1576722995524054e-11,5.140530513117377e-11,5.1235231850602667e-11,5.106648809572467e-11,5.089905902421635e-11,5.0732930005027165e-11,5.0568086615299656e-11,5.0404514636668655e-11,5.0242200051734424e-11,5.0081129040684396e-11,4.992128797778406e-11,4.9762663428185246e-11,4.960524214491743e-11,4.944901106472001e-11,4.9293957306410855e-11,4.91400681660349e-11,4.898733111643907e-11,4.883573380179516e-11,4.8685264035920326e-11,4.853590979933977e-11,4.8387659236417815e-11,4.8240500652734403e-11,4.8094422512395045e-11,4.794941343542538e-11,4.780546219522161e-11,4.766255771603465e-11,4.752068907052225e-11,4.737984547734299e-11,4.7240016298767937e-11,4.710119103840383e-11,4.6963359338875656e-11,4.6826510979502966e-11,4.6690635874543075e-11,4.65557240705103e-11,4.642176574413747e-11,4.628875120062008e-11,3.5093464087175836e-11,2.967578098711914e-11,2.709881153253765e-11,2.591048741157044e-11,2.54007647825391e-11,2.5222507378157748e-11,2.520601637457686e-11,2.5268337165363295e-11,2.5368919348417455e-11,2.548794083313547e-11,2.5615711931304758e-11,2.57474958226967e-11,2.5880976748289005e-11,2.6015022389671988e-11,2.614907893387614e-11,2.6282875352625067e-11,2.6416278867359894e-11,2.654922429382134e-11,2.6681679502795094e-11,2.6813628539954604e-11,2.6945063374854166e-11,2.7075979864370757e-11,2.720637577779616e-11,2.7336249850046843e-11,2.7465601289585e-11,2.7594429557750212e-11,2.772273425143692e-11,2.7850515054960652e-11,2.7977771696676456e-11,2.8104503970104543e-11,2.8230711692106984e-11,2.8356394708316725e-11,2.848155290897035e-11,2.8606186197295592e-11,2.8730294514029202e-11,2.88538778326282e-11,2.8976936148026357e-11,2.9099469491688766e-11,2.9221477912494105e-11,2.934296149751566e-11,2.9463920356899226e-11,2.9584354622528687e-11,2.970426446219641e-11,2.98236500692156e-11,2.994251165996029e-11,3.0060849480946896e-11,3.0178663799822095e-11,3.029595491404507e-11,3.041272314587378e-11,3.0528968842590046e-11,3.064469237687523e-11,3.0759894145981464e-11,3.087457457277807e-11,3.098873409843106e-11,3.1102373196333594e-11,3.121549236025461e-11,3.132809210746533e-11,3.14401729910683e-11,3.155173555019621e-11,3.166278038288182e-11,3.1773308097240394e-11,3.188331933704446e-11,3.1992814725153454e-11,3.210179496078375e-11,3.2210260724581626e-11,3.2318212745182496e-11,3.242565176025825e-11,3.25325785252472e-11,3.2638993820072556e-11,3.27448984460056e-11,3.2850293214346055e-11,3.2955178965230494e-11,3.305955656134239e-11,3.316342687947364e-11,3.326679082373976e-11,3.33696492868274e-11,3.347200321629686e-11,3.357385355486761e-11,3.367520127483077e-11,3.377604736229861e-11,3.387639282324874e-11,3.397623867225339e-11,3.407558595649385e-11,3.417443571446113e-11,3.427278902357702e-11,3.437064696885915e-11,3.446801065217089e-11,3.4564881187365115e-11,3.4661259714998264e-11,3.475714737723881e-11,3.4852545336217554e-11,3.494745476271162e-11,3.5041876854868635e-11,3.5135812819098477e-11,3.522926386735777e-11,3.5322231234688636e-11,3.5414716166450025e-11,3.5506719920537446e-11,3.559824376982461e-11,3.5689288999598596e-11,3.577985690081028e-11,3.5869948785921306e-11,3.5959565971547054e-11,3.604870979269756e-11,3.61373815945486e-11,3.622558272922064e-11,3.6313314562882663e-11,3.6400578471137574e-11,3.648737584105952e-11,3.6573708071535256e-11,3.6659576566276803e-11,3.674498274817931e-11,3.682992803709978e-11,3.691441387168514e-11,3.6998441706141406e-11,3.708201298076692e-11,3.716512915821989e-11,3.7247791722280694e-11,3.7330002148098885e-11,3.741176192332113e-11,3.749307253640272e-11,3.757393550720066e-11,3.765435233962514e-11,3.773432455124506e-11,3.781385367285156e-11,3.7892941235494846e-11,3.7971588778192493e-11,3.8049797844948626e-11,3.812756999098939e-11,3.8204906775345736e-11,3.8281809762985497e-11,3.835828052525373e-11,3.843432063816733e-11,3.850993168367137e-11,3.858511525090556e-11,3.8659872928515875e-11,3.8734206311715475e-11,3.880811701070519e-11,3.8881606627052886e-11,3.8954676773386585e-11,3.9027329064827175e-11,3.909956512008211e-11,3.917138656124538e-11,3.9242795015051265e-11,3.931379211017454e-11,3.938437948641624e-11,3.945455877706662e-11,3.9524331622175396e-11,3.959369966642728e-11,3.966266455282881e-11,3.9731227931323407e-11,3.9799391451945926e-11,3.9867156768172824e-11,3.993452553442048e-11,4.000149941027824e-11,4.006808005374874e-11,4.013426912653023e-11,4.020006828933494e-11,4.0265479207327775e-11,4.033050354426429e-11,4.039514296363519e-11,4.045939913917232e-11,4.052327374264737e-11,4.058676843102666e-11,4.06498848805032e-11,4.0712624760633755e-11,4.0774989742990244e-11,4.083698149502814e-11,4.089860169016597e-11,4.095985200199398e-11,4.102073409862556e-11,4.108124965065413e-11,4.114140032909648e-11,4.1201187802185345e-11,4.1260613740248014e-11,4.1319679814147614e-11,4.137838768416257e-11,4.143673902354308e-11,4.149473549895483e-11,4.155237877649542e-11,4.160967051554776e-11,4.166661237715e-11,4.172320602481386e-11,4.1779453116339985e-11,4.183535529631057e-11,4.18909142565018e-11,4.1946131622321796e-11,4.2001009052372124e-11,4.205554819790024e-11,4.2109750705473214e-11,4.2163618222524194e-11,4.22171523940523e-11,4.22703548600181e-11,4.232322725938702e-11,4.2375771228536027e-11,4.2427988401374636e-11,4.247988041118472e-11,4.2531448881725215e-11,4.258269544144929e-11,4.2633621712498634e-11,4.268422931643522e-11,4.273451986689747e-11,4.278449497868156e-11,4.283415626207326e-11,4.288350532408146e-11,4.293254376811375e-11,4.298127319493928e-11,4.3029695201104484e-11,4.3077811379856477e-11,4.312562332081537e-11,4.317313261128433e-11,4.322034083192887e-11,4.326724956122737e-11,4.331386037391119e-11,4.3360174838256e-11,4.340619452364387e-11,4.345192099282066e-11,4.3497355804465835e-11,4.3542500513142606e-11,4.358735666923196e-11,4.3631925818899754e-11,4.367620950403527e-11,4.372020926221839e-11,4.3763926626656875e-11,4.380736312614011e-11,4.385052028500982e-11,4.389339962330609e-11,4.393600264602429e-11,4.3978330884083005e-11,4.4020385822422446e-11,4.406216898487746e-11,4.410368185914804e-11,4.414492593289332e-11,4.418590269510192e-11,4.422661364042793e-11,4.426706022394614e-11,4.4307243926019013e-11,4.434716621835113e-11,4.438682856181671e-11,4.4426232413757666e-11,4.446537922631708e-11,4.4504270443456274e-11,4.454290751916007e-11,4.458129188451181e-11,4.461942497216208e-11,4.465730820896897e-11,4.469494301818934e-11,4.47323308151517e-11,4.4769473012082534e-11,4.4806371016625235e-11,4.484302622698009e-11,4.4879440040633895e-11,4.491561384809678e-11,4.495154903454271e-11,4.4987246979797017e-11,4.5022709058300436e-11,4.505793663894165e-11,4.509293108856995e-11,4.5127693759276907e-11,4.5162226008764e-11,4.5196529180945794e-11,4.523060461991344e-11,4.52644536626795e-11,4.529807763802022e-11,4.533147787242627e-11,4.5364655685696065e-11,4.539761239244218e-11,4.543034929908765e-11,4.546286771122159e-11,4.5495168928769895e-11,4.5527254242022024e-11,4.5559124934563947e-11,4.5590782293415025e-11,4.562222758917398e-11,4.56534620945286e-11,4.5684487075249515e-11,4.571530378474651e-11,4.5745913469547656e-11,4.577631739485773e-11,4.580651679506718e-11,4.5836512905892673e-11,4.586630695658093e-11,4.589590017419126e-11,4.5925293776805805e-11,4.595448897746508e-11,4.5983486998164915e-11,4.601228901435424e-11,4.604089623879318e-11,4.60693098635521e-11,4.609753107044912e-11,4.61255610394125e-11,4.615340094653337e-11,4.618105196230966e-11,4.620851524588287e-11,4.6235791957259074e-11,4.6262883248728254e-11,4.628979027001661e-11,4.631651415859139e-11,4.6343056049974296e-11,4.636941707421581e-11,4.6395598355156395e-11,4.6421601010308085e-11,4.644742615596766e-11,4.647307489709126e-11,4.6498548336720525e-11,4.652384757075578e-11,4.654897369012671e-11,4.6573927780207965e-11,4.659871092090962e-11,4.662332418662169e-11,4.664776864601678e-11,4.667204536277711e-11,4.6696155391127126e-11,4.672009978692301e-11,4.6743879598049904e-11,4.676749586582538e-11,4.679094962644922e-11,4.681424191103029e-11,4.683737374418943e-11,4.686034614903807e-11,4.688316012825953e-11,4.690581671107946e-11,4.692831689070034e-11,4.695066166564531e-11,4.6972852028905186e-11,4.699488896637186e-11,4.7016773460582464e-11,4.703850649186938e-11,4.70600890304927e-11,4.7081522043410154e-11,4.710280649215672e-11,4.712394333303989e-11,4.714493351714699e-11,4.716577799031975e-11,4.718647769322698e-11,4.720703356135317e-11,4.722744652504066e-11,4.7247717516167487e-11,4.726784744799668e-11,4.728783723532476e-11,4.7307687788122474e-11,4.7327400011198964e-11,4.734697480418345e-11,4.736641306181616e-11,4.7385715673602944e-11,4.7404883524298215e-11,4.742391749344873e-11,4.744281845573892e-11,4.746158728088888e-11,4.748022483358479e-11,4.749873197377493e-11,4.751710955630077e-11,4.753535843116962e-11,4.755347944352384e-11,4.7571473428876036e-11,4.75893412273852e-11,4.7607083669912544e-11,4.7624701582201645e-11,4.76421957853787e-11,4.765956709539778e-11,4.767681632371404e-11,4.7693944277449794e-11,4.7710951758691714e-11,4.77278395648587e-11,4.7744608488596335e-11,4.776125931507267e-11,4.777779283376388e-11,4.779420982031469e-11,4.7810511048850636e-11,4.782669728907487e-11,4.78427693149394e-11,4.785872786740108e-11,4.787457371665855e-11,4.789030760934884e-11,4.790593029394291e-11,4.7921442512940766e-11,4.7936845004579646e-11,4.795213850302637e-11,4.796732373648982e-11,4.798240143027048e-11,4.7997372311457015e-11,4.8012237082578406e-11,4.8026996462867865e-11,4.8041651158889963e-11,4.805620187509577e-11,4.8070649310597326e-11,4.808499415831282e-11,4.8099237117600855e-11,4.811337885774533e-11,4.8127420068779366e-11,4.8141361431746855e-11,4.8155203628010464e-11,4.816894730704392e-11,4.8182593144254805e-11,4.819614180136362e-11,4.820959393582176e-11,4.822295020093409e-11,4.823621124637113e-11,4.8249377716417164e-11,4.8262450249121606e-11,4.8275429486665275e-11,4.828831606174385e-11,4.830111060020313e-11,4.831381373147062e-11,4.832642607616122e-11,4.833894825055534e-11,4.8351380868657234e-11,4.836372453974773e-11,4.837597987047126e-11,4.8388147467714094e-11,4.8400227921708684e-11,4.841222183035859e-11,4.842412978494774e-11,4.84359523725421e-11,4.8447690176586054e-11,4.845934378510942e-11,4.847091375816382e-11,4.8482400683020984e-11,4.849380511771767e-11,4.850512762876341e-11,4.851636877945684e-11,4.852752912871203e-11,4.853860923111045e-11,4.854960963794563e-11,4.856053089592041e-11,4.8571373553311514e-11,4.858213814455967e-11,4.8592825209823545e-11,4.860343527882273e-11,4.8613968881508766e-11,4.8624426550405e-11,4.863480881025124e-11,4.864511617141558e-11,4.8655349155559664e-11,4.866550827552038e-11,4.867559404168465e-11,4.868560696031898e-11,4.869554753502487e-11,4.8705416265681885e-11,4.871521364914341e-11,4.8724940178759646e-11,4.873459634504915e-11,4.8744182635551947e-11,4.875369953589561e-11,4.876314752298996e-11,4.8772527077314143e-11,4.878183867224807e-11,4.879108277941157e-11,4.880025986557952e-11,4.88093703992339e-11,4.881841484197478e-11,4.8827393652635256e-11,4.88363072907641e-11,4.8845156204063176e-11,4.885394084442416e-11,4.8862661658002394e-11,4.8871319092466476e-11,4.887991358930894e-11,4.888844558461527e-11,4.8896915510845404e-11,4.890532380783373e-11,4.891367090255926e-11,4.89219572218204e-11,4.893018318969117e-11,4.893834922769626e-11,4.894645575431657e-11,4.8954503185428404e-11,4.896249193404209e-11,4.8970422410453706e-11,4.897829502222833e-11,4.898611017421457e-11,4.899386826856821e-11,4.900156970475911e-11,4.900921487958902e-11,4.9016804187214185e-11,4.902433801915177e-11,4.9031816764299434e-11,4.9039240808955756e-11,4.904661053683081e-11,4.905392632906052e-11,4.906118856422432e-11,4.906839761836335e-11,4.9075553864991166e-11,4.908265767511013e-11,4.908970941723228e-11,4.90967094573817e-11,4.910365815912609e-11,4.911055588357826e-11,4.9117402989417944e-11,4.9124199832904135e-11,4.9130946767892034e-11,4.9137644145844926e-11,4.914429231584996e-11,4.915089162677978e-11,4.91574424176356e-11,4.916394503364314e-11,4.917039981490518e-11,4.917680709864987e-11,4.918316722240157e-11,4.9189480516245124e-11,4.919574731145626e-11,4.9201967934034686e-11,4.9208142717101676e-11,4.9214271974432546e-11,4.922035603287222e-11,4.922639521190369e-11,4.9232389828863605e-11,4.923834019892196e-11,4.924424663452655e-11,4.925010944713993e-11,4.9255928945525053e-11,4.9261705436333736e-11,4.926743922412211e-11,4.9273130611361254e-11,4.927877989845667e-11,4.928438738375352e-11,4.928995336355426e-11,4.929547813213329e-11,4.930096198174487e-11,4.9306405202638184e-11,4.931180808307226e-11,4.931717090932647e-11,4.9322493965710284e-11,4.932777753457932e-11,4.9333021896354636e-11,4.933822733000062e-11,4.934339411160351e-11,4.9348522515832e-11,4.935361281544811e-11,4.935866528136265e-11,4.936368018258489e-11,4.936865778621074e-11,4.9373598357661015e-11,4.937850216043004e-11,4.938336945619245e-11,4.938820050481598e-11,4.93929955643701e-11,4.9397754891139285e-11,4.9402478739572215e-11,4.940716736246697e-11,4.9411821010920236e-11,4.941643993379518e-11,4.942102437945892e-11,4.942557459339364e-11,4.943009082012558e-11,4.943457330039069e-11,4.9439022276750655e-11,4.944343798533543e-11,4.944782066773795e-11,4.9452170553796044e-11,4.9456487884658276e-11,4.946077289041264e-11,4.946502580390687e-11,4.94692468507155e-11,4.9473436257481935e-11,4.9477594252469237e-11,4.9481721060204084e-11,4.9485816905606864e-11,4.948988200572126e-11,4.949391658247563e-11,4.949792085378665e-11,4.950189503696452e-11,4.9505839347590316e-11,4.950975399887165e-11,4.951363920309523e-11,4.95174951712045e-11,4.952132211259961e-11,4.9525120234396454e-11,4.9528889744276676e-11,4.953263084655402e-11,4.953634374474869e-11,4.9540028640903747e-11,4.9543685735665956e-11,4.9547315228222395e-11,4.95509173167395e-11,4.9554492197526033e-11,4.955804006569602e-11,4.956156111500307e-11,4.9565055537734443e-11,4.9568523525167585e-11,4.957196526721047e-11,4.957538095227411e-11,4.9578770766024764e-11,4.958213489474383e-11,4.9585473523322895e-11,4.9588786834530265e-11,4.959207501048517e-11,4.959533823236907e-11,4.959857667846157e-11,4.960179052717178e-11,4.960497995384808e-11,4.960814513564923e-11,4.961128624631169e-11,4.9614403459142864e-11,4.961749694581413e-11,4.9620566876401985e-11,4.962361342089309e-11,4.962663674559008e-11,4.9629637021591325e-11,4.963261441228702e-11,4.963556908252002e-11,4.963850119578972e-11,4.964141091456609e-11,4.9644298398081e-11,4.9647163808256925e-11,4.9650007306002383e-11,4.965282904706997e-11,4.965562918845835e-11,4.965840788535765e-11,4.966116529255092e-11,4.9663901563326434e-11,4.966661684977238e-11,4.966931130332368e-11,4.967198507499071e-11,4.967463831128409e-11,4.9677271162747105e-11,4.967988377559807e-11,4.96824762955937e-11,4.968504886796103e-11,4.968760163625853e-11,4.969013474320388e-11,4.9692648330958565e-11,4.9695142539003463e-11,4.9697617509893046e-11,4.9700073382167444e-11,4.970251029134679e-11,4.9704928375791566e-11,4.970732777076548e-11,4.970970861218852e-11,4.9712071034041664e-11,4.971441516704213e-11,4.9716741145147815e-11,4.971904909920108e-11,4.972133915900694e-11,4.9723611454683865e-11,4.9725866114160564e-11,4.972810326484841e-11,4.9730323033952124e-11,4.973252554581659e-11,4.973471092581048e-11,4.973687929659499e-11,4.9739030783546024e-11,4.974116550748444e-11,4.974328358968764e-11,4.9745385150507084e-11,4.974747030944758e-11,4.974953918512342e-11,4.975159189547942e-11,4.975362855695753e-11,4.975564928643193e-11,4.975765419862263e-11,4.975964340812718e-11,4.976161702864043e-11,4.976357517309459e-11,4.976551795336532e-11,4.9767445481017363e-11,4.976935786575052e-11,4.9771255217443857e-11,4.9773137645398523e-11,4.9775005257680416e-11,4.977685816120837e-11,4.977869646291115e-11,4.9780520268465964e-11,4.9782329683344194e-11,4.978412481056904e-11,4.978590575444789e-11,4.9787672617706387e-11,4.978942550237583e-11,4.9791164509790083e-11,4.979288974054984e-11,4.979460129449476e-11,4.9796299270758414e-11,4.9797983767861414e-11,4.9799654883517e-11,4.9801312714764234e-11,4.9802957358086803e-11,4.9804588908900096e-11,4.980620746198343e-11,4.9807813112082267e-11,4.980940595268057e-11,4.981098607762378e-11,4.9812553577390195e-11,4.981410854432942e-11,4.9815651070624176e-11,4.981718124425748e-11,4.98186991561003e-11,4.9820204895128456e-11,4.982169854975464e-11,4.982318020760147e-11,4.9824649955867825e-11,4.982610788102953e-11,4.982755406892376e-11,4.982898860481124e-11,4.9830411573290476e-11,4.983182305840721e-11,4.9833223143528906e-11,4.983461191149364e-11,4.9835989444569827e-11,4.983735582435864e-11,4.983871113188427e-11,4.984005544841445e-11,4.984138885226079e-11,4.984271142363349e-11,4.984402324162492e-11,4.984532438327868e-11,4.984661492687382e-11,4.984789494942953e-11,4.984916452743602e-11,4.985042373683553e-11,4.9851672653080306e-11,4.9852911350980716e-11,4.985413990480363e-11,4.985535838841426e-11,4.985656687499115e-11,4.985776543748171e-11,4.98589541476912e-11,4.9860133077499555e-11,4.986130229811337e-11,4.986246188007032e-11,4.986361189371744e-11,4.986475240838378e-11,4.9865883493353517e-11,4.986700521775564e-11,4.98681176486936e-11,4.986922085438074e-11,4.987031490193103e-11,4.987139985804008e-11,4.987247578888698e-11,4.9873542760208135e-11,4.9874600837020137e-11,4.9875650084320565e-11,4.9876690566585667e-11,4.987772234745218e-11,4.987874549045512e-11,4.987976005824358e-11,4.988076611344422e-11,4.988176371800773e-11,4.988275293371843e-11,4.988373382148312e-11,4.988470644195569e-11,4.9885670855299735e-11,4.988662712132595e-11,4.988757529981934e-11,4.9888515449443207e-11,4.9889447628711115e-11,4.9890371895912073e-11,4.9891288308987846e-11,4.9892196924215544e-11,4.989309779925501e-11,4.989399099011611e-11,4.989487655295192e-11,4.9895754543427705e-11,4.989662501685209e-11,4.989748802795478e-11,4.989834363119242e-11,4.989919188056832e-11,4.9900032829761684e-11,4.990086653204994e-11,4.990169304025193e-11,4.990251240692632e-11,4.9903324684134657e-11,4.9904129923614216e-11,4.990492817667791e-11,4.990571949435051e-11,4.9906503927296844e-11,4.9907281525714534e-11,4.990805233945684e-11,4.990881641813659e-11,4.990957381087192e-11,4.99103245664789e-11,4.991106873336202e-11,4.9911806359720874e-11,4.99125374932833e-11,4.991326218142244e-11,4.991398047124177e-11,4.991469240948134e-11,4.991539804246329e-11,4.991609741634036e-11,4.991679057678992e-11,4.9917477569203366e-11,4.9918158438789895e-11,4.9918833229985206e-11,4.991950198735006e-11,4.9920164755110283e-11,4.99208215767629e-11,4.9921472495896397e-11,4.9922117555756767e-11,4.9922756798927065e-11,4.992339026865565e-11,4.992401800608003e-11,4.9924640053453016e-11,4.992525645252273e-11,4.9925867244519256e-11,4.9926472470572984e-11,4.9927072171211483e-11,4.99276663866699e-11,4.9928255157527316e-11,4.992883852320926e-11,4.992941652356322e-11,4.9929989197681344e-11,4.9930556584515154e-11,4.993111872259071e-11,4.9931675650565196e-11,4.993222740634736e-11,4.99327740279863e-11,4.993331555271741e-11,4.99338520188595e-11,4.993438346197175e-11,4.993490991948e-11,4.993543142786975e-11,4.993594802346431e-11,4.993645974212542e-11,4.9936966619619856e-11,4.9937468691295747e-11,4.993796599236146e-11,4.9938458557672554e-11,4.993894642243201e-11,4.993942962010385e-11,4.99399081855429e-11,4.994038215244221e-11,4.994085155450464e-11,4.9941316425157194e-11,4.994177679759169e-11,4.994223270479928e-11,4.994268417954132e-11,4.994313125429509e-11,4.994357396130974e-11,4.994401233219848e-11,4.9944446399316916e-11,4.9944876193898265e-11,4.994530174730511e-11,4.9945723090711275e-11,4.9946140254908205e-11,4.994655327017923e-11,4.9946962167473304e-11,4.9947366976676374e-11,4.994776772795002e-11,4.994816445102515e-11,4.99485571753184e-11,4.9948945930133603e-11,4.9949330744761287e-11,4.9949711647983844e-11,4.995008866840585e-11,4.9950461834204365e-11,4.995083117451129e-11,4.995119671672714e-11,4.99515584891058e-11,4.995191651909488e-11,4.99522708341886e-11,4.99526214615739e-11,4.9952968428564654e-11,4.995331176163548e-11,4.9953651487774345e-11,4.995398763331421e-11,4.9954320224453694e-11,4.9954649287396325e-11,4.9954974848040817e-11,4.995529693213315e-11,4.9955615565125164e-11,4.995593077241421e-11,4.995624257913266e-11,4.995655101027412e-11,4.995685609065655e-11,4.9957157844836946e-11,4.995745629729613e-11,4.99577514722461e-11,4.9958043393832046e-11,4.995833208587173e-11,4.9958617572132445e-11,4.995889987624261e-11,4.9959179021482073e-11,4.9959455031022423e-11,4.9959727928064716e-11,4.9959997735451394e-11,4.99602644758938e-11,4.996052817175617e-11,4.996078884564086e-11,4.9961046519818195e-11,4.996130121618314e-11,4.996155295663624e-11,4.996180176300136e-11,4.996204765682741e-11,4.9962290659595835e-11,4.996253079232244e-11,4.9962768076474156e-11,4.996300253293879e-11,4.996323418241495e-11,4.996346304561098e-11,4.996368914286953e-11,4.996391249471675e-11,4.996413312138289e-11,4.996435104279982e-11,4.996456627893761e-11,4.996477884961771e-11,4.996498877449495e-11,4.9965196072931825e-11,4.996540076432457e-11,4.996560286788756e-11,4.996580240264077e-11,4.996599938762777e-11,4.996619384145023e-11,4.99663857828473e-11,4.996657523033189e-11,4.996676220231662e-11,4.996694671697078e-11,4.996712879247534e-11,4.996730844674258e-11,4.996748569770967e-11,4.996766056298881e-11,4.996783306023596e-11,4.9968003206881646e-11,4.996817102028817e-11,4.99683365176636e-11,4.996849971607194e-11,4.996866063247661e-11,4.996881928365637e-11,4.9968975686369895e-11,4.9969129857199395e-11,4.9969281812621557e-11,4.9969431569034123e-11,4.996957914260085e-11,4.996972454943197e-11,4.9969867805634416e-11,4.99700089268913e-11,4.997014792906898e-11,4.997028482783192e-11,4.9970419638690604e-11,4.9970552377060794e-11,4.9970683058242656e-11,4.9970811697464404e-11,4.997093830974014e-11,4.997106291011309e-11,4.997118551343246e-11,4.997130613447936e-11,4.9971424787855804e-11,4.9971541488157066e-11,4.9971656249775997e-11,4.997176908705491e-11,4.997188001424602e-11,4.997198904536693e-11,4.9972096194603175e-11,4.9972201475803284e-11,4.9972304902790163e-11,4.997240648926752e-11,4.99725062488571e-11,4.9972604195093185e-11,4.9972700341385023e-11,4.997279470101542e-11,4.997288728727451e-11,4.997297811325194e-11,4.997306719198469e-11,4.9973154536401955e-11,4.997324015934652e-11,4.997332407358654e-11,4.9973406291768204e-11,4.99734868264441e-11,4.997356569010852e-11,4.997364289513239e-11,4.9973718453802965e-11,4.997379237836213e-11,4.9973864680753634e-11,4.997393537324413e-11,4.997400446766334e-11,4.997407197585759e-11,4.9974137909610447e-11,4.9974202280566906e-11,4.997426510035178e-11,4.997432638046796e-11,4.997438613230552e-11,4.9974444367226694e-11,4.997450109649159e-11,4.9974556331298524e-11,4.997461008269832e-11,4.997466236174972e-11,4.997471317932777e-11,4.997476254632823e-11,4.997481047352272e-11,4.9974856971596584e-11,4.99749020511738e-11,4.9974945722795674e-11,4.997498799692564e-11,4.9975028883946564e-11,4.9975068394175435e-11,4.9975106537840644e-11,4.997514332511563e-11,4.997517876610117e-11,4.9975212870772004e-11,4.997524564908997e-11,4.997527711092387e-11,4.997530726606767e-11,4.9975336124248106e-11,4.9975363695108474e-11,4.9975389988249505e-11,4.997541501318321e-11,4.997543877935068e-11,4.997546129612725e-11,4.997548257281353e-11,4.9975502618658274e-11,4.997552144282748e-11,4.997553905442996e-11,4.997555546250097e-11,4.9975570676014764e-11,4.997558470387728e-11,4.997559755493171e-11,4.99756092379529e-11,4.997561976166007e-11,4.997562913469877e-11,4.997563736565795e-11,4.997564446305662e-11,4.997565043536427e-11,4.9975655290981005e-11,4.997565903824362e-11,4.9975661685428966e-11,4.9975663240755256e-11,4.9975663712382066e-11,4.99756631084067e-11,4.997566143686604e-11,4.997565870574568e-11,4.997565492296446e-11,4.997565009639161e-11,4.9975644233826134e-11,4.9975637343022455e-11,4.99756294316749e-11,4.9975620507416644e-11,4.997561057783513e-11,4.9975599650454984e-11,4.997558773274779e-11,4.9975574832127995e-11,4.9975560955960796e-11,4.997554611155414e-11,4.997553030616642e-11,4.997551354699871e-11,4.997549584120161e-11,4.997547719587213e-11,4.997545761804801e-11,4.997543711477418e-11,4.99754156929647e-11,4.9975393359462827e-11,4.997537012115417e-11,4.9975345984785434e-11,4.997532095717642e-11,4.9975295044990996e-11,4.99752682548759e-11,4.997524059346566e-11,4.9975212067213336e-11,4.997518268267336e-11,4.9975152446301834e-11,4.997512136452293e-11,4.997508944365309e-11,4.997505669002807e-11,4.9975023109915884e-11,4.99749887095585e-11,4.9974953495081845e-11,4.9974917472649947e-11,4.9974880648336354e-11,4.997484302818674e-11,4.997480461820301e-11,4.997476542434187e-11,4.9974725452494204e-11,4.997468470855388e-11,4.997464319835573e-11,4.9974600927620226e-11,4.997455790213181e-11,4.997451412758245e-11,4.997446960961724e-11,4.99744243538676e-11,4.997437836590768e-11,4.9974331651255655e-11,4.997428421540403e-11,4.9974236063866866e-11,4.9974187201937053e-11,4.997413763507191e-11,4.997408736859375e-11,4.997403640778548e-11,4.997398475798717e-11,4.997393242425552e-11,4.997387941183071e-11,4.9973825725900684e-11,4.9973771371625775e-11,4.9973716353900756e-11,4.997366067785704e-11,4.9973604348466605e-11,4.997354737072252e-11,4.9973489749521796e-11,4.9973431489746524e-11,4.99733725962633e-11,4.9973313073865267e-11,4.997325292732467e-11,4.9973192161413444e-11,4.9973130780818393e-11,4.997306879022703e-11,4.997300619427776e-11,4.997294299756284e-11,4.997287920467967e-11,4.997281482015312e-11,4.997274984846148e-11,4.9972684294144936e-11,4.997261816160978e-11,4.997255145526424e-11,4.997248417948394e-11,4.997241633862319e-11,4.997234793696102e-11,4.997227897882743e-11,4.9972209468434783e-11,4.997213941001321e-11,4.997206880772185e-11,4.997199766577086e-11,4.997192598828338e-11,4.997185377933255e-11,4.9971781042993556e-11,4.997170778332681e-11,4.997163400428346e-11,4.997155970987543e-11,4.997148490405984e-11,4.9971409590749396e-11,4.9971333773826135e-11,4.9971257457147535e-11,4.997118064456731e-11,4.9971103339898175e-11,4.997102554687819e-11,4.997094726931455e-11,4.9970868510899174e-11,4.997078927534648e-11,4.9970709566327906e-11,4.9970629387449574e-11,4.9970548742387474e-11,4.9970467634695885e-11,4.997038606794566e-11,4.997030404564234e-11,4.9970221571348436e-11,4.9970138648578636e-11,4.997005528070393e-11,4.996997147120114e-11,4.9969887223482406e-11,4.9969802540938877e-11,4.9969717426901214e-11,4.996963188476978e-11,4.996954591780396e-11,4.9969459529307156e-11,4.996937272254365e-11,4.9969285500752444e-11,4.996919786714971e-11,4.9969109824925633e-11,4.9969021377254395e-11,4.9968932527281816e-11,4.996884327813101e-11,4.996875363290108e-11,4.9968663594678496e-11,4.996857316650458e-11,4.996848235141855e-11,4.9968391152431116e-11,4.996829957254864e-11,4.9968207614706246e-11,4.996811528186469e-11,4.996802257688499e-11,4.996792950273912e-11,4.99678360623228e-11,4.996774225845576e-11,4.9967648094052764e-11,4.9967553571831327e-11,4.996745869463471e-11,4.9967363465257984e-11,4.996726788642676e-11,4.996717196093936e-11,4.996707569146221e-11,4.9966979080699887e-11,4.9966882131327704e-11,4.996678484596979e-11,4.996668722733175e-11,4.996658927801999e-11,4.996649100058826e-11,4.996639239764769e-11,4.9966293471755174e-11,4.9966194225449656e-11,4.996609466126697e-11,4.996599478170984e-11,4.996589458926073e-11,4.996579408636717e-11,4.996569327553443e-11,4.996559215916637e-11,4.9965490739755154e-11,4.996538901955562e-11,4.9965287001028266e-11,4.9965184686519346e-11,4.996508207842519e-11,4.99649791790794e-11,4.996487599065284e-11,4.996477251553662e-11,4.996466875602965e-11,4.9964564714398225e-11,4.996446039282285e-11,4.9964355793549453e-11,4.996425091881539e-11,4.9964145770827657e-11,4.996404035175209e-11,4.9963934663760915e-11,4.996382870882874e-11,4.996372248942347e-11,4.9963616007493547e-11,4.996350926514331e-11,4.9963402264455685e-11,4.996329500750447e-11,4.996318749634365e-11,4.996307973301547e-11,4.9962971719544786e-11,4.996286345794452e-11,4.996275495021074e-11,4.996264619832458e-11,4.996253720425339e-11,4.996242796994967e-11,4.996231849734717e-11,4.9962208788375485e-11,4.996209884495328e-11,4.996198866896267e-11,4.996187826229152e-11,4.9961767626809435e-11,4.9961656764374444e-11,4.9961545676832886e-11,4.996143436600617e-11,4.9961322833702184e-11,4.996121108173904e-11,4.9961099111904543e-11,4.9960986925952726e-11,4.996087452566055e-11,4.9960761912773515e-11,4.9960649089018374e-11,4.996053605613919e-11,4.9960422815842286e-11,4.9960309369819817e-11,4.996019571975678e-11,4.996008186731622e-11,4.9959967814214745e-11,4.995985356202589e-11,4.9959739112396254e-11,4.99596244670137e-11,4.9959509627456744e-11,4.995939459528963e-11,4.995927937215902e-11,4.99591639595967e-11,4.995904835915199e-11,4.995893257249443e-11,4.995881660105018e-11,4.9958700446424466e-11,4.995858411011135e-11,4.995846759367261e-11,4.9958350898550194e-11,4.995823402617891e-11,4.9958116978167963e-11,4.995799975592172e-11,4.9957882360879895e-11,4.995776479439984e-11,4.9957647058104055e-11,4.9957529153328366e-11,4.9957411081482027e-11,4.995729284397361e-11,4.9957174442203005e-11,4.9957055877542e-11,4.995693715135352e-11,4.9956818265010993e-11,4.995669921986987e-11,4.995658001727124e-11,4.995646065854538e-11,4.9956341145024286e-11,4.995622147799953e-11,4.995610165880636e-11,4.9955981688722405e-11,4.995586156903555e-11,4.9955741301034326e-11,4.995562088593979e-11,4.995550032504842e-11,4.9955379619600894e-11,4.995525877069472e-11,4.99551377798409e-11,4.995501664811752e-11,4.995489537659806e-11,4.995477396676048e-11,4.995465241966199e-11,4.995453073648764e-11,4.9954408918411556e-11,4.9954286966603894e-11,4.9954164882137755e-11,4.9954042666313306e-11,4.9953920320234263e-11,4.9953797845007157e-11,4.9953675241766586e-11,4.9953552511620154e-11,4.995342965567956e-11,4.995330667502414e-11,4.9953183570771614e-11,4.9953060344004676e-11,4.995293699582405e-11,4.995281352727807e-11,4.9952689939422987e-11,4.995256623331662e-11,4.995244241000529e-11,4.995231847050959e-11,4.9952194415891903e-11,4.995207024713741e-11,4.9951945965297846e-11,4.995182157135625e-11,4.995169706632448e-11,4.995157245118636e-11,4.995144772694661e-11,4.995132289457931e-11,4.995119795504188e-11,4.9951072909328466e-11,4.995094775836128e-11,4.995082250310992e-11,4.995069714453921e-11,4.995057168356164e-11,4.995044612108742e-11,4.995032045806554e-11,4.9950194695417993e-11,4.9950068833998306e-11,4.994994287480639e-11,4.99498168186846e-11,4.994969066652353e-11,4.9949564419215664e-11,4.9949438077616875e-11,4.994931164260805e-11,4.994918511502754e-11,4.994905849577679e-11,4.994893178569879e-11,4.9948804985601094e-11,4.994867809634892e-11,4.994855111881427e-11,4.9948424053745564e-11,4.994829690200339e-11,4.994816966443695e-11,4.994804234179915e-11,4.994791493489689e-11,4.994778744450804e-11,4.994765987152987e-11,4.9947532216662387e-11,4.994740448068811e-11,4.99472766644091e-11,4.9947148768554633e-11,4.9947020793890404e-11,4.9946892741258223e-11,4.994676461128655e-11,4.994663640478521e-11,4.9946508122472135e-11,4.99463797650919e-11,4.994625133337514e-11,4.994612282804474e-11,4.99459942498197e-11,4.994586559941563e-11,4.99457368775367e-11,4.994560808488608e-11,4.994547922216391e-11,4.9945350290077956e-11,4.9945221289297424e-11,4.994509222049256e-11,4.994496308435391e-11,4.994483388150993e-11,4.9944704612719303e-11,4.9944575278568854e-11,4.994444587977278e-11,4.9944316417144696e-11,4.994418689096068e-11,4.994405730204696e-11,4.9943927651032517e-11,4.9943797938573315e-11,4.994366816526068e-11,4.9943538331616964e-11,4.994340843860664e-11,4.994327848658301e-11,4.994314847620064e-11,4.994301840808858e-11,4.994288828281286e-11,4.9942758100950996e-11,4.994262786317215e-11,4.99424975700074e-11,4.994236722225907e-11,4.994223682014359e-11,4.9942106364370816e-11,4.994197585554851e-11,4.994184529424258e-11,4.994171468105484e-11,4.994158401656433e-11,4.9941453301140016e-11,4.9941322535649005e-11,4.994119172027391e-11,4.994106085590757e-11,4.994092994273392e-11,4.99407989814447e-11,4.9940667972662445e-11,4.994053691679854e-11,4.994040581441786e-11,4.994027466630656e-11,4.994014347245404e-11,4.994001223354427e-11,4.993988095026769e-11,4.993974962302721e-11,4.993961825233575e-11,4.9939486838688645e-11,4.9939355382542606e-11,4.9939223884374286e-11,4.9939092344751286e-11,4.993896076421115e-11,4.9938829143066296e-11,4.993869748191627e-11,4.993856578121241e-11,4.993843404137089e-11,4.993830226288276e-11,4.9938170446201993e-11,4.9938038591815845e-11,4.9937906700176307e-11,4.993777477171889e-11,4.993764280686669e-11,4.9937510806108117e-11,4.9937378769840804e-11,4.9937246698526243e-11,4.9937114592603874e-11,4.993698245251481e-11,4.993685027868144e-11,4.993671807155982e-11,4.993658583148134e-11,4.99364535589595e-11,4.9936321254303496e-11,4.993618891794374e-11,4.9936056550403584e-11,4.993592415202151e-11,4.993579172322722e-11,4.993565926432761e-11,4.9935526775866567e-11,4.9935394258191e-11,4.993526171161574e-11,4.993512913657518e-11,4.9934996533471244e-11,4.9934863902741046e-11,4.9934731244839025e-11,4.993459855980537e-11,4.993446584820582e-11,4.993433311052149e-11,4.993420034693547e-11,4.993406755789836e-11,4.993393474378487e-11,4.9933801904939124e-11,4.993366904179438e-11,4.99335361545937e-11,4.993340324373365e-11,4.9933270309569736e-11,4.993313735241943e-11,4.993300437270644e-11,4.993287137071747e-11,4.9932738346910055e-11,4.9932605301417417e-11,4.993247223467608e-11,4.9932339147020266e-11,4.993220603875099e-11,4.9932072910209445e-11,4.9931939761968514e-11,4.993180659413207e-11,4.9931673406887215e-11,4.993154020059117e-11,4.99314069757085e-11,4.993127373243625e-11,4.993114047134825e-11,4.9931007192364285e-11,4.993087389589566e-11,4.993074058236343e-11,4.993060725203057e-11,4.993047390515301e-11,4.9930340542069076e-11,4.993020716311722e-11,4.9930073768632186e-11,4.992994035874676e-11,4.992980693380211e-11,4.9929673494151443e-11,4.992954004003865e-11,4.992940657174894e-11,4.9929273089618695e-11,4.9929139593811374e-11,4.9929006084650036e-11,4.992887256243706e-11,4.9928739027445166e-11,4.9928605479900586e-11,4.9928471920148985e-11,4.99283383483631e-11,4.9928204764840216e-11,4.99280711699606e-11,4.99279375635817e-11,4.992780394644521e-11,4.992767031864555e-11,4.9927536680427464e-11,4.9927403032069846e-11,4.992726937372423e-11,4.9927135705738785e-11,4.992700202831542e-11,4.9926868341862073e-11,4.992673464621702e-11,4.992660094197597e-11,4.992646722927235e-11,4.992633350841474e-11,4.992619977952324e-11,4.992606604287969e-11,4.9925932298677736e-11,4.992579854707273e-11,4.992566478858698e-11,4.9925531023366845e-11,4.9925397251523e-11,4.9925263473231135e-11,4.992512968863284e-11,4.9924995898300304e-11,4.992486210202499e-11,4.99247283004924e-11,4.9924594493658924e-11,4.992446068176426e-11,4.992432686505195e-11,4.992419304369789e-11,4.9924059217905246e-11,4.992392538790708e-11,4.9923791553884214e-11,4.992365771607936e-11,4.9923523874653056e-11,4.992339002983269e-11,4.9923256181895026e-11,4.992312233087709e-11,4.99229884770601e-11,4.992285462066256e-11,4.992272076183442e-11,4.992258690079059e-11,4.992245303772518e-11,4.9922319172827584e-11,4.992218530630789e-11,4.9922051438304985e-11,4.992191756904465e-11,4.9921783698696486e-11,4.9921649827563186e-11,4.992151595559608e-11,4.992138208309145e-11,4.9921248210229876e-11,4.9921114337187876e-11,4.9920980464143453e-11,4.9920846591272435e-11,4.992071271877231e-11,4.99205788467681e-11,4.9920444975455204e-11,4.992031110500422e-11,4.9920177235583474e-11,4.992004336736175e-11,4.991990950050558e-11,4.991977563520499e-11,4.991964177157435e-11,4.9919507909799916e-11,4.99193740500444e-11,4.991924019246865e-11,4.99191063372581e-11,4.9918972484541395e-11,4.991883863447728e-11,4.991870478719796e-11,4.991857094288364e-11,4.99184371016857e-11,4.991830326375629e-11,4.991816942924662e-11,4.991803559830761e-11,4.9917901771111536e-11,4.991776794775707e-11,4.9917634128415627e-11,4.991750031323277e-11,4.991736650235187e-11,4.991723269593859e-11,4.9917098894114645e-11,4.9916965096997176e-11,4.99168313047481e-11,4.9916697517528814e-11,4.9916563735435304e-11,4.99164299586237e-11,4.9916296187232055e-11,4.9916162421394447e-11,4.991602866124406e-11,4.991589490691404e-11,4.991576115853034e-11,4.991562741623006e-11,4.991549368014996e-11,4.991535995041093e-11,4.991522622714281e-11,4.991509251047084e-11,4.991495880052306e-11,4.9914825097422456e-11,4.9914691401294156e-11,4.99145577122613e-11,4.9914424030446425e-11,4.9914290355969836e-11,4.991415668894368e-11,4.991402302950547e-11,4.991388937775115e-11,4.9913755733825333e-11,4.991362209783138e-11,4.991348846987162e-11,4.991335485008839e-11,4.9913221238582396e-11,4.991308763546698e-11,4.991295404085394e-11,4.991282045482714e-11,4.991268687760931e-11,4.9912553309145596e-11,4.9912419749624e-11,4.9912286199160916e-11,4.991215265793906e-11,4.991201912589781e-11,4.991188560322968e-11,4.99117520900405e-11,4.991161858643143e-11,4.99114850925104e-11,4.9911351608374593e-11,4.991121813413075e-11,4.991108466987767e-11,4.9910951215716514e-11,4.991081777175419e-11,4.991068433807112e-11,4.99105509147779e-11,4.9910417501969275e-11,4.991028409974212e-11,4.9910150708192796e-11,4.991001732741525e-11,4.9909883957544363e-11,4.9909750598593363e-11,4.9909617250696534e-11,4.9909483913945394e-11,4.990935058843237e-11,4.990921727424885e-11,4.99090839714796e-11,4.990895068018693e-11,4.990881740050613e-11,4.990868413252656e-11,4.990855087631805e-11,4.990841763201096e-11,4.99082843995939e-11,4.99081511792078e-11,4.990801797093164e-11,4.990788477486623e-11,4.990775159110569e-11,4.9907618419710306e-11,4.990748526076186e-11,4.9907352114342806e-11,4.9907218980533573e-11,4.990708585941404e-11,4.9906952751021425e-11,4.9906819655521543e-11,4.990668657294775e-11,4.9906553503380587e-11,4.9906420446893884e-11,4.9906287403568193e-11,4.990615437347824e-11,4.990602135669812e-11,4.990588835330385e-11,4.9905755363460755e-11,4.990562238707073e-11,4.990548942425835e-11,4.990535647514598e-11,4.9905223539793014e-11,4.990509061820416e-11,4.990495771050884e-11,4.990482481678e-11,4.9904691937091465e-11,4.9904559071560246e-11,4.990442622014938e-11,4.9904293382964086e-11,4.990416056014427e-11,4.9904027751648904e-11,4.9903894957608115e-11,4.990376217811553e-11,4.990362941315892e-11,4.990349666288186e-11,4.9903363927309585e-11,4.9903231206506714e-11,4.990309850053575e-11,4.9902965809460914e-11,4.990283313334283e-11,4.990270047225055e-11,4.990256782621335e-11,4.990243519534612e-11,4.9902302579684064e-11,4.990216997928086e-11,4.990203739420667e-11,4.9901904824511595e-11,4.9901772270267893e-11,4.9901639731521116e-11,4.990150720833147e-11,4.990137470075955e-11,4.9901242208865195e-11,4.9901109732695756e-11,4.9900977272316354e-11,4.990084482778016e-11,4.990071239914033e-11,4.990057998645314e-11,4.99004475897716e-11,4.990031520915167e-11,4.990018284464375e-11,4.990005049630361e-11,4.9899918164184296e-11,4.989978584838784e-11,4.989965354886526e-11,4.989952126571613e-11,4.989938899899476e-11,4.989925674875066e-11,4.989912451503541e-11,4.989899229789717e-11,4.989886009736113e-11,4.989872791352672e-11,4.989859574652914e-11,4.989846359619142e-11,4.989833146266147e-11,4.9898199346013836e-11,4.989806724628108e-11,4.989793516351098e-11,4.989780309775109e-11,4.989767104904491e-11,4.989753901744124e-11,4.989740700298146e-11,4.989727500571388e-11,4.989714302568254e-11,4.9897011062913325e-11,4.9896879117485165e-11,4.9896747189424147e-11,4.989661527877436e-11,4.989648338557776e-11,4.9896351509850933e-11,4.989621965168835e-11,4.9896087811105236e-11,4.989595598814241e-11,4.98958241828443e-11,4.989569239524947e-11,4.9895560625388376e-11,4.989542887332164e-11,4.989529713906949e-11,4.9895165422681316e-11,4.989503372419569e-11,4.989490204365153e-11,4.989477038108792e-11,4.9894638736542585e-11,4.989450711006233e-11,4.989437550166819e-11,4.9894243911413146e-11,4.989411233931135e-11,4.9893980785423726e-11,4.989384924977747e-11,4.98937177324005e-11,4.9893586233282314e-11,4.9893454752576765e-11,4.9893323290257535e-11,4.9893191846382734e-11,4.9893060420936805e-11,4.989292901398074e-11,4.989279762554531e-11,4.9892666255668495e-11,4.98925349044647e-11,4.989240357179445e-11,4.98922722577846e-11,4.9892140962460977e-11,4.989200968594393e-11,4.989187842808599e-11,4.9891747189029894e-11,4.9891615968792787e-11,4.989148476727912e-11,4.989135358478439e-11,4.989122242118704e-11,4.9891091276547066e-11,4.989096015087103e-11,4.989082904419036e-11,4.989069795655913e-11,4.989056688799522e-11,4.9890435838522933e-11,4.989030480820622e-11,4.9890173796999795e-11,4.9890042804929945e-11,4.9889911832062253e-11,4.988978087847755e-11,4.988964994415033e-11,4.988951902912004e-11,4.988938813330658e-11,4.988925725693479e-11,4.988912639994202e-11,4.988899556234111e-11,4.988886474416923e-11,4.988873394544775e-11,4.9888603166224235e-11,4.988847240651276e-11,4.9888341666306056e-11,4.9888210945589755e-11,4.988808024452203e-11,4.9887949563061514e-11,4.988781890123244e-11,4.9887688259058936e-11,4.9887557636566256e-11,4.988742703377854e-11,4.988729645072047e-11,4.988716588741312e-11,4.9887035343882913e-11,4.9886904820151546e-11,4.9886774316243977e-11,4.9886643832182395e-11,4.988651336798898e-11,4.98863829236863e-11,4.9886252499298267e-11,4.9886122094845737e-11,4.988599171035345e-11,4.9885861345838725e-11,4.988573100132281e-11,4.9885600676832246e-11,4.988547037238563e-11,4.9885340088004915e-11,4.988520982371092e-11,4.9885079579523427e-11,4.988494935546694e-11,4.988481915155485e-11,4.988468896781103e-11,4.988455880425534e-11,4.9884428660907904e-11,4.988429853778786e-11,4.988416843491479e-11,4.988403835230713e-11,4.9883908289985845e-11,4.988377824796874e-11,4.9883648226275766e-11,4.9883518224939504e-11,4.9883388243947296e-11,4.9883258283334486e-11,4.98831283431194e-11,4.988299842331764e-11,4.988286852394815e-11,4.9882738645020265e-11,4.9882608786480677e-11,4.988247894850828e-11,4.9882349131034235e-11,4.9882219334109056e-11,4.988208955770239e-11,4.988195980186541e-11,4.988183006639855e-11,4.988170035169763e-11,4.988157065760224e-11,4.98814409841243e-11,4.988131133128093e-11,4.988118169908579e-11,4.988105208754945e-11,4.988092249670113e-11,4.988079292654872e-11,4.988066337711317e-11,4.9880533848393767e-11,4.98804043404244e-11,4.988027485310055e-11,4.98801453866599e-11,4.9880015940998024e-11,4.987988651613187e-11,4.987975711208483e-11,4.9879627728875364e-11,4.9879498366493377e-11,4.9879369024936e-11,4.987923970431819e-11,4.987911040458174e-11,4.987898112568407e-11,4.98788518677478e-11,4.9878722630712395e-11,4.987859341462857e-11,4.9878464219501945e-11,4.987833504533183e-11,4.987820589217057e-11,4.9878076760206636e-11,4.9877947649020155e-11,4.987781855870725e-11,4.9877689489526776e-11,4.987756044128213e-11,4.9877431414207276e-11,4.987730240813503e-11,4.9877173423189275e-11,4.987704445912328e-11,4.987691551639922e-11,4.987678659470922e-11,4.987665769431857e-11,4.9876528814918577e-11,4.987639995664863e-11,4.987627111954349e-11,4.987614230363861e-11,4.987601350870155e-11,4.9875884735357615e-11,4.987575598297421e-11,4.9875627251706694e-11,4.9875498541780895e-11,4.987536985311699e-11,4.987524118562142e-11,4.987511253938966e-11,4.987498391442634e-11,4.987485531072194e-11,4.987472672817808e-11,4.9874598167012925e-11,4.987446962750557e-11,4.9874341108953707e-11,4.9874212611705103e-11,4.9874084135768136e-11,4.987395568098381e-11,4.987382724774792e-11,4.987369883588011e-11,4.9873570445240935e-11,4.98734420761818e-11,4.98733137283939e-11,4.9873185401976175e-11,4.9873057096979016e-11,4.9872928813375034e-11,4.987280055116787e-11,4.987267231040036e-11,4.987254409108243e-11,4.9872415893263726e-11,4.987228771664401e-11,4.9872159561633616e-11,4.9872031427950176e-11,4.9871903315735956e-11,4.9871775224942024e-11,4.98716471556104e-11,4.987151910796586e-11,4.987139108181234e-11,4.9871263077172866e-11,4.987113509402109e-11,4.9871007132219436e-11,4.9870879192181025e-11,4.987075127361399e-11,4.987062337658854e-11,4.987049550113555e-11,4.9870367647016284e-11,4.9870239814683426e-11,4.987011200388542e-11,4.986998421466731e-11,4.986985644703593e-11,4.986972870089706e-11,4.986960097645539e-11,4.9869473273586644e-11,4.986934559232615e-11,4.9869217932635405e-11,4.98690902945964e-11,4.986896267816111e-11,4.986883508337799e-11,4.98687075102448e-11,4.986857995870162e-11,4.986845242879578e-11,4.9868324920570893e-11,4.986819743399921e-11,4.986806996905768e-11,4.9867942525811114e-11,4.986781510422396e-11,4.986768770435747e-11,4.9867560326139355e-11,4.9867432969605044e-11,4.986730563475986e-11,4.986717832162158e-11,4.986705103013098e-11,4.986692376047017e-11,4.9866796512447543e-11,4.9866669286174004e-11,4.986654208156353e-11,4.986641489869205e-11,4.986628773754941e-11,4.9866160597939647e-11,4.986603348026974e-11,4.9865906384338324e-11,4.986577931015334e-11,4.986565225767267e-11,4.986552522700634e-11,4.986539821806598e-11,4.986527123073309e-11,4.98651442653293e-11,4.986501732170135e-11,4.986489039956483e-11,4.986476349955274e-11,4.986463662127074e-11,4.9864509764749086e-11,4.986438293003187e-11,4.986425611710341e-11,4.986412932546957e-11,4.98640025560612e-11,4.9863875808561634e-11,4.986374908283283e-11,4.986362237896376e-11,4.9863495696905473e-11,4.986336903657018e-11,4.9863242398052675e-11,4.986311578135505e-11,4.986298918646245e-11,4.986286261347882e-11,4.986273606231303e-11,4.986260953295591e-11,4.986248302542216e-11,4.986235653976219e-11,4.986223007589267e-11,4.9862103633917865e-11,4.986197721365862e-11,4.9861850815377726e-11,4.9861724438946536e-11,4.986159808431923e-11,4.986147175157407e-11,4.986134544071244e-11,4.986121915171518e-11,4.986109288462278e-11,4.986096663934963e-11,4.986084041593295e-11,4.9860714214219876e-11,4.98605880345031e-11,4.986046187668762e-11,4.986033574069559e-11,4.986020962669712e-11,4.9860083534650385e-11,4.985995746431001e-11,4.985983141587899e-11,4.9859705389342354e-11,4.985957938477047e-11,4.985945340200884e-11,4.9859327441205824e-11,4.9859201502225824e-11,4.985907558511413e-11,4.985894969008583e-11,4.98588238168154e-11,4.985869796533493e-11,4.9858572135861804e-11,4.985844632823787e-11,4.9858320542542874e-11,4.9858194778725685e-11,4.9858069036887466e-11,4.98579433168777e-11,4.9857817618886327e-11,4.985769194285255e-11,4.9857566288643906e-11,4.9857440656267034e-11,4.9857315045842586e-11,4.9857189457314966e-11,4.9857063890715173e-11,4.9856938345593526e-11,4.9856812822870877e-11,4.985668732192483e-11,4.9856561843093256e-11,4.985643638604309e-11,4.985631095092488e-11,4.9856185537740246e-11,4.985606014646129e-11,4.985593477725387e-11,4.9855809429884446e-11,4.98556841043676e-11,4.98555588007864e-11,4.9855433519112687e-11,4.985530825934562e-11,4.9855183021517114e-11,4.985505780561497e-11,4.9854932611596567e-11,4.985480743960363e-11,4.985468228947201e-11,4.985455716126655e-11,4.985443205501074e-11,4.985430697065664e-11,4.985418190822621e-11,4.985405686772402e-11,4.985393184926248e-11,4.985380685287227e-11,4.9853681878146234e-11,4.985355692537169e-11,4.9853431994416846e-11,4.9853307085470735e-11,4.985318219802956e-11,4.985305733293565e-11,4.985293248976826e-11,4.9852807668536243e-11,4.9852682869244806e-11,4.985255809192585e-11,4.985243333638209e-11,4.985230860284366e-11,4.9852183891277695e-11,4.9852059201587625e-11,4.985193453388715e-11,4.985180988805413e-11,4.985168526413508e-11,4.9851560662249616e-11,4.9851436082202194e-11,4.985131152413511e-11,4.985118698800137e-11,4.9851062473652375e-11,4.985093798123909e-11,4.9850813510776266e-11,4.9850689062248583e-11,4.985056463559606e-11,4.985044023093129e-11,4.9850315848151265e-11,4.985019148729555e-11,4.985006714835965e-11,4.984994283132197e-11,4.9849818536203656e-11,4.984969426313149e-11,4.984957001183484e-11,4.9849445782408425e-11,4.984932157504695e-11,4.98491973894924e-11,4.984907322584001e-11,4.98489490841278e-11,4.984882496433716e-11,4.984870086641658e-11,4.984857679037091e-11,4.984845273612016e-11,4.9848328703928063e-11,4.9848204693596965e-11,4.9848080705267985e-11,4.984795673875263e-11,4.9847832794093966e-11,4.984770887139465e-11,4.984758497074067e-11,4.984746109186973e-11,4.984733723517116e-11,4.984721340001739e-11,4.9847089586840734e-11,4.9846965795566616e-11,4.9846842026183324e-11,4.984671827869483e-11,4.984659455304558e-11,4.984647084928017e-11,4.984634716739434e-11,4.984622350740707e-11,4.984609986931551e-11,4.984597625316895e-11,4.984585265881786e-11,4.984572908628202e-11,4.984560553562363e-11,4.9845482006993706e-11,4.9845358500149306e-11,4.9845235015175504e-11,4.984511155209297e-11,4.98449881108638e-11,4.984486469149815e-11,4.984474129403939e-11,4.984461791838722e-11,4.984449456460944e-11,4.984437123256381e-11,4.9844247922545414e-11,4.984412463437883e-11,4.9844001368045084e-11,4.9843878123580036e-11,4.984375490096943e-11,4.984363170022171e-11,4.984350852130959e-11,4.9843385364251524e-11,4.984326222902902e-11,4.9843139115609045e-11,4.984301602380932e-11,4.984289295405499e-11,4.984276990619466e-11,4.98426468802084e-11,4.984252387602634e-11,4.9842400893659795e-11,4.984227793309236e-11,4.984215499437334e-11,4.984203207753582e-11,4.984190918261385e-11,4.984178630941115e-11,4.984166345805336e-11,4.984154062842919e-11,4.9841417820716206e-11,4.984129503455523e-11,4.9841172270511716e-11,4.9841049528237213e-11,4.984092680781514e-11,4.984080410914971e-11,4.9840681432270324e-11,4.9840558777184115e-11,4.984043614389695e-11,4.98403135324299e-11,4.984019094278662e-11,4.984006837498478e-11,4.9839945828920807e-11,4.983982330455773e-11,4.9839700802128266e-11,4.983957832131903e-11,4.98394558623983e-11,4.9839333425277595e-11,4.9839211009926176e-11,4.9839088616325815e-11,4.9838966244534684e-11,4.983884389451948e-11,4.983872156627869e-11,4.983859925958305e-11,4.9838476974570296e-11,4.983835471160849e-11,4.9838232470640623e-11,4.983811025118639e-11,4.9837988053629506e-11,4.98378658775912e-11,4.9837743723444966e-11,4.983762159103191e-11,4.983749948034063e-11,4.983737739145078e-11,4.983725532427996e-11,4.983713327882407e-11,4.983701125484343e-11,4.9836889252918175e-11,4.983676727272777e-11,4.983664531425708e-11,4.983652337749404e-11,4.983640146240231e-11,4.983627956912327e-11,4.983615769748233e-11,4.9836035847645906e-11,4.9835914019525236e-11,4.983579221312177e-11,4.983567042842966e-11,4.983554866544688e-11,4.983542692417025e-11,4.9835305204598746e-11,4.9835183506644575e-11,4.983506183048502e-11,4.9834940176010754e-11,4.983481854322877e-11,4.9834696932139745e-11,4.983457534273885e-11,4.983445377502507e-11,4.983433222888732e-11,4.983421070453596e-11,4.983408920186346e-11,4.983396772083121e-11,4.9833846261802116e-11,4.9833724824443254e-11,4.9833603408345325e-11,4.983348201429859e-11,4.9833360641638584e-11,4.983323929063766e-11,4.98331179612675e-11,4.983299665349246e-11,4.9832875367421747e-11,4.983275410300661e-11,4.983263286023618e-11,4.98325116391098e-11,4.983239043962402e-11,4.983226926168257e-11,4.9832148105410595e-11,4.983202697082855e-11,4.9831905857800136e-11,4.983178476638806e-11,4.983166369667384e-11,4.983154264824982e-11,4.983142162176063e-11,4.9831300616882115e-11,4.983117963393719e-11,4.983105867232974e-11,4.98309377323478e-11,4.983081681391759e-11,4.983069591711098e-11,4.983057504187274e-11,4.983045418826855e-11,4.9830333356208486e-11,4.9830212545767077e-11,4.9830091756909285e-11,4.9829970989735186e-11,4.9829850244040616e-11,4.9829729519902166e-11,4.9829608817454136e-11,4.982948813640929e-11,4.98293674771128e-11,4.9829246839277194e-11,4.982912622283788e-11,4.982900562812026e-11,4.982888505490822e-11,4.9828764503213123e-11,4.982864397315819e-11,4.982852346443343e-11,4.982840297746848e-11,4.9828282512043993e-11,4.982816206827685e-11,4.982804164593287e-11,4.9827921245126276e-11,4.9827800866019315e-11,4.982768050833376e-11,4.9827560171995126e-11,4.982743985723932e-11,4.9827319564112615e-11,4.9827199292457276e-11,4.982707904229556e-11,4.982695881343312e-11,4.982683860621684e-11,4.982671842055726e-11,4.9826598256390717e-11,4.9826478113756127e-11,4.982635799246405e-11,4.982623789280407e-11,4.98261178147505e-11,4.9825997758116105e-11,4.9825877722910724e-11,4.9825757709198075e-11,4.982563771694714e-11,4.982551774613419e-11,4.982539779684109e-11,4.9825277868985375e-11,4.982515796248059e-11,4.982503807762742e-11,4.982491821415444e-11,4.9824798372317444e-11,4.9824678551726517e-11,4.982455875252803e-11,4.9824438974810495e-11,4.982431921854417e-11,4.982419948378004e-11,4.9824079770406216e-11,4.982396007846717e-11,4.982384040798369e-11,4.982372075890754e-11,4.9823601131186935e-11,4.9823481524931933e-11,4.9823361940084476e-11,4.9823242376666385e-11,4.982312283451066e-11,4.982300331387987e-11,4.98228838146585e-11,4.9822764336872834e-11,4.982264488070793e-11,4.9822525445684616e-11,4.982240603196947e-11,4.9822286639738265e-11,4.9822167268732524e-11,4.9822047919289657e-11,4.982192859126287e-11,4.9821809284475994e-11,4.9821689999106576e-11,4.982157073503677e-11,4.982145149233243e-11,4.982133227103337e-11,4.982121307110039e-11,4.982109389252753e-11,4.9820974735268745e-11,4.9820855599277786e-11,4.9820736484739045e-11,4.9820617391797525e-11,4.982049831988559e-11,4.982037926929735e-11,4.9820260240144746e-11,4.982014123222452e-11,4.9820022245629017e-11,4.981990328038845e-11,4.9819784336455204e-11,4.9819665413832725e-11,4.9819546512525216e-11,4.981942763248067e-11,4.981930877376523e-11,4.9819189936344e-11,4.981907112022057e-11,4.981895232543007e-11,4.981883355210916e-11,4.9818714799900974e-11,4.981859606900596e-11,4.9818477359396737e-11,4.981835867074742e-11,4.9818240003658175e-11,4.981812135784535e-11,4.9818002733272335e-11,4.9817884129980566e-11,4.981776554796012e-11,4.981764698719162e-11,4.981752844770115e-11,4.981740992969633e-11,4.9817291432693205e-11,4.981717295692205e-11,4.981705450239439e-11,4.9816936069087066e-11,4.98168176570042e-11,4.9816699266178595e-11,4.9816580896432644e-11,4.981646254803879e-11,4.981634422072097e-11,4.981622591453073e-11,4.981610762978296e-11,4.981598936621901e-11,4.981587112388641e-11,4.981575290276689e-11,4.9815634702837694e-11,4.9815516524112414e-11,4.981539836655441e-11,4.9815280230239027e-11,4.981516211506803e-11,4.981504402108056e-11,4.98149259482463e-11,4.981480789661749e-11,4.98146898661913e-11,4.981457185689949e-11,4.981445386863684e-11,4.981433590165863e-11,4.98142179558455e-11,4.9814100031166235e-11,4.9813982127429414e-11,4.9813864245099756e-11,4.981374638379782e-11,4.981362854369824e-11,4.9813510724646875e-11,4.981339292678791e-11,4.981327515011334e-11,4.98131573945753e-11,4.9813039660134483e-11,4.9812921946800984e-11,4.9812804254606383e-11,4.9812686583514685e-11,4.981256893366014e-11,4.9812451304812657e-11,4.9812333697056336e-11,4.9812216110381676e-11,4.981209854480168e-11,4.9811981000335545e-11,4.9811863476989386e-11,4.981174597470929e-11,4.9811628493470605e-11,4.981151103334153e-11,4.981139359429628e-11,4.9811276176346506e-11,4.9811158779418096e-11,4.981104140354228e-11,4.981092404871784e-11,4.981080671509469e-11,4.981068940244547e-11,4.9810572110980956e-11,4.981045484057715e-11,4.9810337591063724e-11,4.9810220362546255e-11,4.9810103155081025e-11,4.9809985968644794e-11,4.980986880296535e-11,4.980975165858386e-11,4.980963453519296e-11,4.980951743284628e-11,4.980940035156667e-11,4.9809283291287375e-11,4.980916625198756e-11,4.9809049233685826e-11,4.980893223638584e-11,4.9808815260238014e-11,4.9808698304927375e-11,4.980858137062783e-11,4.980846445728969e-11,4.980834756494453e-11,4.980823069358516e-11,4.9808113843206936e-11,4.9807997013787467e-11,4.98078802053468e-11,4.980776341786297e-11,4.980764665131588e-11,4.980752990596627e-11,4.980741318139387e-11,4.9807296477746994e-11,4.980717979505875e-11,4.980706313335264e-11,4.9806946492539476e-11,4.9806829872666685e-11,4.9806713273635195e-11,4.980659669561637e-11,4.980648013853265e-11,4.980636360232342e-11,4.980624708708412e-11,4.9806130592752014e-11,4.9806014119329424e-11,4.980589766684173e-11,4.980578123523809e-11,4.9805664824548774e-11,4.9805548434754765e-11,4.980543206590424e-11,4.980531571788981e-11,4.980519939077385e-11,4.9805083084515705e-11,4.980496679916236e-11,4.980485053468534e-11,4.9804734291075356e-11,4.980461806834211e-11,4.980450186645592e-11,4.980438568544496e-11,4.980426952530196e-11,4.980415338608734e-11,4.980403726762827e-11,4.980392117004333e-11,4.980380509332084e-11,4.980368903740766e-11,4.9803573002329134e-11,4.980345698809585e-11,4.980334099467914e-11,4.980322502203864e-11,4.980310907030682e-11,4.980299313935701e-11,4.9802877229244426e-11,4.980276133953015e-11,4.9802645470961725e-11,4.9802529623278205e-11,4.9802413796424056e-11,4.98022979902862e-11,4.9802182204834236e-11,4.9802066440344225e-11,4.9801950696646885e-11,4.980183497372525e-11,4.980171927156513e-11,4.980160359023922e-11,4.980148792949759e-11,4.9801372289662956e-11,4.9801256670600467e-11,4.980114107231861e-11,4.980102549479773e-11,4.9800909937944245e-11,4.980079440193231e-11,4.980067888675219e-11,4.980056339216034e-11,4.980044791836634e-11,4.980033246543948e-11,4.980021703313246e-11,4.9800101621543065e-11,4.9799986230802575e-11,4.979987086086328e-11,4.9799755511402545e-11,4.979964018296625e-11,4.97995248749997e-11,4.979940958756376e-11,4.97992943210083e-11,4.979917907513021e-11,4.9799063849962065e-11,4.979894864558531e-11,4.979883346176359e-11,4.979871829866653e-11,4.97986031562398e-11,4.9798488034500144e-11,4.979837293347832e-11,4.9798257853038525e-11,4.979814279334446e-11,4.97980277542833e-11,4.979791273583734e-11,4.97977977380797e-11,4.979768276104354e-11,4.979756780458032e-11,4.979745286882953e-11,4.979733795373456e-11,4.9797223059223965e-11,4.979710818539722e-11,4.979699333228252e-11,4.9796878499307685e-11,4.9796763687415954e-11,4.979664889609439e-11,4.9796534125407426e-11,4.979641937533427e-11,4.9796304645871254e-11,4.979618993706013e-11,4.9796075248822754e-11,4.979596058120042e-11,4.979584593415463e-11,4.979573130768472e-11,4.979561670181861e-11,4.9795502116459767e-11,4.979538755176771e-11,4.9795273007653247e-11,4.9795158484150986e-11,4.9795043981142034e-11,4.979492949875473e-11,4.979481503692647e-11,4.979470059564382e-11,4.9794586174932105e-11,4.9794471774780885e-11,4.979435739518049e-11,4.9794243036130535e-11,4.979412869752483e-11,4.9794014379613204e-11,4.9793900082154066e-11,4.979378580526009e-11,4.979367154887377e-11,4.9793557312986366e-11,4.979344309765148e-11,4.9793328902768653e-11,4.9793214728486344e-11,4.9793100574694894e-11,4.979298644144956e-11,4.9792872328415584e-11,4.9792758236141504e-11,4.9792644164393776e-11,4.979253011311582e-11,4.979241608226353e-11,4.979230207195351e-11,4.979218808213094e-11,4.97920741128472e-11,4.979196016390012e-11,4.9791846235526796e-11,4.979173232759958e-11,4.979161844015659e-11,4.9791504573120946e-11,4.979139072656567e-11,4.97912769004927e-11,4.979116309487476e-11,4.979104930955785e-11,4.979093554480969e-11,4.9790821800492075e-11,4.9790708076615425e-11,4.979059437321777e-11,4.9790480690379805e-11,4.979036702781357e-11,4.979025338564667e-11,4.97901397639014e-11,4.9790026162568655e-11,4.978991258171279e-11,4.978979902121457e-11,4.978968548124775e-11,4.978957196155993e-11,4.978945846230578e-11,4.9789344983406046e-11,4.9789231524886655e-11,4.9789118086616064e-11,4.9789004668765893e-11,4.97888912713983e-11,4.978877789438396e-11,4.9788664537933984e-11,4.978855120167976e-11,4.9788437885773925e-11,4.9788324590342135e-11,4.978821131517535e-11,4.978809806035738e-11,4.978798482587163e-11,4.978787161174822e-11,4.97877584177739e-11,4.978764524439562e-11,4.978753209126679e-11,4.978741895849843e-11,4.9787305846066586e-11,4.9787192753952385e-11,4.9787079682193614e-11,4.9786966630718855e-11,4.978685359954896e-11,4.978674058869467e-11,4.978662759808205e-11,4.978651462784019e-11,4.9786401677772317e-11,4.9786288748013256e-11,4.978617583865316e-11,4.978606294956281e-11,4.9785950080750914e-11,4.978583723230764e-11,4.978572440404831e-11,4.978561159630667e-11,4.9785498808620957e-11,4.9785386041214373e-11,4.978527329406493e-11,4.978516056718581e-11,4.9785047860678746e-11,4.978493517433813e-11,4.978482250820526e-11,4.978470986230506e-11,4.9784597236594786e-11,4.978448463108712e-11,4.9784372045928317e-11,4.978425948098896e-11,4.97841469361977e-11,4.978403441169976e-11,4.978392190742245e-11,4.978380942342074e-11,4.978369695960945e-11,4.978358451604597e-11,4.9783472092687135e-11,4.9783359689470184e-11,4.978324730645927e-11,4.978313494365203e-11,4.978302260109022e-11,4.978291027869406e-11,4.978279797630924e-11,4.978268569422872e-11,4.978257343233039e-11,4.9782461190502804e-11,4.9782348969000974e-11,4.9782236767664954e-11,4.9782124586490745e-11,4.978201242544006e-11,4.9781900284534433e-11,4.9781788163542796e-11,4.978167606298709e-11,4.978156398257844e-11,4.978145192230561e-11,4.978133988225124e-11,4.978122786219945e-11,4.978111586227697e-11,4.978100388239059e-11,4.978089192273647e-11,4.978077998318851e-11,4.9780668064098994e-11,4.9780556164840785e-11,4.978044428563326e-11,4.9780332426574036e-11,4.978022058763324e-11,4.978010876877676e-11,4.977999697002049e-11,4.977988519127717e-11,4.977977343230589e-11,4.9779661693924064e-11,4.9779549975692154e-11,4.9779438277303835e-11,4.977932659889306e-11,4.9779214940692566e-11,4.9779103302676515e-11,4.977899168447691e-11,4.977888008642698e-11,4.977876850842905e-11,4.9778656950678556e-11,4.977854541275514e-11,4.9778433894918086e-11,4.977832239710931e-11,4.977821091927398e-11,4.977809946146503e-11,4.9777988023762505e-11,4.977787660622966e-11,4.977776520857632e-11,4.977765383114895e-11,4.97775424735229e-11,4.977743113597691e-11,4.977731981856489e-11,4.977720852097702e-11,4.9777097243279324e-11,4.9776985985688153e-11,4.977687474807574e-11,4.9776763530475936e-11,4.977665233274219e-11,4.9776541155096515e-11,4.977642999747416e-11,4.977631885989655e-11,4.977620774215645e-11,4.9776096644418976e-11,4.9775985566651946e-11,4.9775874508830154e-11,4.977576347098366e-11,4.9775652453111476e-11,4.9775541455297e-11,4.9775430477386017e-11,4.977531951933273e-11,4.977520858126785e-11,4.977509766311727e-11,4.9774986764809064e-11,4.977487588667508e-11,4.977476502827113e-11,4.977465418981195e-11,4.977454337128266e-11,4.9774432572458814e-11,4.9774321793774064e-11,4.977421103498309e-11,4.977410029611656e-11,4.9773989577096916e-11,4.977387887791728e-11,4.977376819875165e-11,4.977365753945269e-11,4.9773546900193414e-11,4.9773436280673496e-11,4.9773325681001655e-11,4.977321510123391e-11,4.977310454111525e-11,4.977299400104162e-11,4.9772883480921525e-11,4.977277298055902e-11,4.9772662500142826e-11,4.9772552039829974e-11,4.9772441599102264e-11,4.977233117828504e-11,4.977222077725418e-11,4.9772110395861774e-11,4.9772000034411835e-11,4.977188969293681e-11,4.977177937122723e-11,4.9771669069365906e-11,4.97715587873486e-11,4.977144852510386e-11,4.977133828270241e-11,4.9771228060113475e-11,4.9771117857336934e-11,4.977100767463845e-11,4.9770897511486363e-11,4.97707873681649e-11,4.97706772448753e-11,4.9770567141210107e-11,4.977045705722933e-11,4.977034699301975e-11,4.9770236948599314e-11,4.9770126923884904e-11,4.977001691900984e-11,4.976990693396653e-11,4.976979696862969e-11,4.9769687023170925e-11,4.9769577097376847e-11,4.9769467191373517e-11,4.9769357305074766e-11,4.9769247438486605e-11,4.9769137591400966e-11,4.976902776444459e-11,4.976891795710739e-11,4.976880816944929e-11,4.976869840155928e-11,4.9768588653397804e-11,4.976847892490236e-11,4.976836921617363e-11,4.9768259527248764e-11,4.976814985802956e-11,4.976804020846246e-11,4.9767930578222326e-11,4.976782096782759e-11,4.976771137752664e-11,4.97676018068201e-11,4.976749225576787e-11,4.976738272441453e-11,4.9767273212742856e-11,4.976716372058684e-11,4.9767054248291494e-11,4.9766944795658045e-11,4.9766835362718655e-11,4.9766725949426885e-11,4.976661655596886e-11,4.97665071819962e-11,4.976639782771131e-11,4.976628849305526e-11,4.976617917804606e-11,4.976606988288847e-11,4.9765960607168154e-11,4.976585135109066e-11,4.9765742114651896e-11,4.976563289782755e-11,4.97655237009185e-11,4.9765414523366856e-11,4.976530536546704e-11,4.976519622715379e-11,4.976508710842256e-11,4.9764978009339944e-11,4.9764868929849485e-11,4.9764759869911495e-11,4.9764650829649495e-11,4.976454180872847e-11,4.9764432807651406e-11,4.97643238261579e-11,4.9764214864240075e-11,4.9764105922102356e-11,4.976399699953015e-11,4.976388809645066e-11,4.976377921286791e-11,4.976367034875333e-11,4.976356150457334e-11,4.9763452679677036e-11,4.976334387446917e-11,4.9763235088696345e-11,4.9763126322374405e-11,4.97630175757092e-11,4.976290884858628e-11,4.9762800141028994e-11,4.9762691452985255e-11,4.9762582784351335e-11,4.9762474135315334e-11,4.97623655060738e-11,4.9762256896201585e-11,4.976214830578852e-11,4.976203973488704e-11,4.97619311835013e-11,4.976182265162833e-11,4.976171413926675e-11,4.9761605646424046e-11,4.976149717312833e-11,4.9761388719258324e-11,4.9761280284930705e-11,4.9761171870051764e-11,4.976106347472368e-11,4.976095509884184e-11,4.976084674240608e-11,4.9760738405349523e-11,4.976063008785895e-11,4.9760521789840744e-11,4.9760413511229514e-11,4.976030525214265e-11,4.9760197012499955e-11,4.97600887922909e-11,4.975998059154617e-11,4.975987241023652e-11,4.9759764248427455e-11,4.9759656105979485e-11,4.9759547983336604e-11,4.975943987980398e-11,4.975933179575435e-11,4.975922373107571e-11,4.9759115685788295e-11,4.975900765998519e-11,4.975889965355504e-11,4.975879166652373e-11,4.975868369892065e-11,4.975857575034954e-11,4.975846782157741e-11,4.975835991222916e-11,4.975825202220617e-11,4.975814415159865e-11,4.9758036300371286e-11,4.975792846812447e-11,4.975782065566651e-11,4.975771286262578e-11,4.975760508903769e-11,4.975749733460175e-11,4.975738959962018e-11,4.975728188400243e-11,4.9757174187735026e-11,4.9757066510901757e-11,4.975695885334331e-11,4.9756851215133466e-11,4.975674359627011e-11,4.9756635996753233e-11,4.975652841671735e-11,4.975642085588361e-11,4.975631331437029e-11,4.9756205792183116e-11,4.975609828932099e-11,4.975599080571335e-11,4.9755883341493e-11,4.97557758965846e-11,4.9755668470988076e-11,4.975556106469773e-11,4.9755453677802376e-11,4.9755346310118425e-11,4.975523896173016e-11,4.975513163264535e-11,4.97550243229124e-11,4.9754917032395156e-11,4.975480976116203e-11,4.975470250920955e-11,4.975459527653216e-11,4.975448806312853e-11,4.975438086899448e-11,4.975427369412603e-11,4.975416653851946e-11,4.975405940217252e-11,4.9753952285080414e-11,4.9753845187240105e-11,4.9753738108648974e-11,4.975363104930367e-11,4.975352400919874e-11,4.9753416988332467e-11,4.97533099866999e-11,4.975320300430054e-11,4.975309604112796e-11,4.9752989097270174e-11,4.9752882172631255e-11,4.975277526713304e-11,4.975266838092458e-11,4.975256151383839e-11,4.97524546660434e-11,4.975234783747818e-11,4.97522410280232e-11,4.975213423784154e-11,4.9752027466863184e-11,4.975192071507266e-11,4.9751813982501695e-11,4.975170726897992e-11,4.9751600574756176e-11,4.9751493899738536e-11,4.97513872437766e-11,4.975128060705346e-11,4.975117398958475e-11,4.975106739119081e-11,4.9750960812057736e-11,4.975085425187296e-11,4.975074771086793e-11,4.9750641188991426e-11,4.975053468636299e-11,4.975042820278454e-11,4.975032173844633e-11,4.9750215292697586e-11,4.9750108866619673e-11,4.97500024595608e-11,4.9749896071696824e-11,4.974978970289513e-11,4.97496833531975e-11,4.974957702263292e-11,4.9749470711145675e-11,4.9749364418787945e-11,4.974925814580829e-11,4.974915189162703e-11,4.974904565654935e-11,4.974893944055975e-11,4.9748833243695565e-11,4.9748727065876106e-11,4.974862090713573e-11,4.9748514767476704e-11,4.9748408646880347e-11,4.9748302545458236e-11,4.974819646253458e-11,4.974809039890713e-11,4.974798435430647e-11,4.97478783287718e-11,4.974777232259775e-11,4.9747666335503965e-11,4.974756036743435e-11,4.9747454418406985e-11,4.974734848840054e-11,4.974724257728527e-11,4.974713668537093e-11,4.974703081248592e-11,4.9746924958501626e-11,4.974681912376645e-11,4.974671330770884e-11,4.974660751091987e-11,4.974650173312152e-11,4.9746395974353856e-11,4.9746290234596926e-11,4.974618451379966e-11,4.974607881200402e-11,4.974597312918316e-11,4.9745867465507976e-11,4.974576182072366e-11,4.974565619502958e-11,4.9745550588227165e-11,4.9745445000406304e-11,4.974533943155136e-11,4.974523388171255e-11,4.974512835080789e-11,4.9745022838872854e-11,4.9744917345906623e-11,4.974481187187917e-11,4.974470641682269e-11,4.974460098075311e-11,4.97444955636286e-11,4.974439016541495e-11,4.9744284786154314e-11,4.974417942583378e-11,4.9744074084410945e-11,4.9743968762005466e-11,4.974386345847505e-11,4.974375817386857e-11,4.97436529081916e-11,4.9743547661392596e-11,4.974344243351664e-11,4.9743337224602776e-11,4.974323203457345e-11,4.97431268634388e-11,4.974302171121631e-11,4.974291657789347e-11,4.974281146347256e-11,4.9742706367900215e-11,4.9742601291251195e-11,4.97424962335152e-11,4.974239119463729e-11,4.974228617463066e-11,4.974218117349995e-11,4.974207619131006e-11,4.9741971227761714e-11,4.974186628322919e-11,4.974176135754974e-11,4.9741656450591957e-11,4.97415515626858e-11,4.974144669358786e-11,4.974134184333538e-11,4.9741237011925726e-11,4.974113219931235e-11,4.974102740557283e-11,4.9740922630671654e-11,4.974081787460337e-11,4.9740713137354277e-11,4.97406084189353e-11,4.9740503719321567e-11,4.9740399038622296e-11,4.974029437657984e-11,4.9740189733414436e-11,4.974008510929258e-11,4.973998050374278e-11,4.973987591698668e-11,4.9739771349027513e-11,4.973966679985865e-11,4.973956226941331e-11,4.9739457757822686e-11,4.9739353264719286e-11,4.973924879069522e-11,4.9739144335439204e-11,4.973903989893583e-11,4.9738935481371386e-11,4.9738831082424895e-11,4.9738726702311245e-11,4.973862234085961e-11,4.9738517998196e-11,4.9738413674276815e-11,4.973830936911068e-11,4.9738205082693555e-11,4.9738100815022495e-11,4.973799656608613e-11,4.973789233590802e-11,4.973778812446957e-11,4.9737683931720527e-11,4.973757975769324e-11,4.973747560239829e-11,4.9737371465824256e-11,4.9737267347958e-11,4.9737163248807364e-11,4.973705916836436e-11,4.973695510663324e-11,4.9736851063595144e-11,4.973674703925362e-11,4.973664303362557e-11,4.9736539046702255e-11,4.9736435078441154e-11,4.973633112887053e-11,4.9736227197962396e-11,4.9736123285737076e-11,4.973601939219191e-11,4.973591551725861e-11,4.973581166127236e-11,4.973570782374452e-11,4.9735604004871884e-11,4.973550020464032e-11,4.973539642307039e-11,4.973529266015485e-11,4.9735188915886875e-11,4.9735085190197846e-11,4.9734981483127624e-11,4.973487779477229e-11,4.9734774125066525e-11,4.973467047438243e-11,4.97345668419094e-11,4.973446322808701e-11,4.9734359632876644e-11,4.9734256056295056e-11,4.973415249831102e-11,4.9734048958946196e-11,4.973394543824945e-11,4.9733841936059786e-11,4.973373845244932e-11,4.973363498702776e-11,4.973353154067002e-11,4.973342811290916e-11,4.9733324704006116e-11,4.9733221313407726e-11,4.9733117941389694e-11,4.973301458793054e-11,4.973291125323656e-11,4.973280793694591e-11,4.973270463925523e-11,4.973260136009078e-11,4.9732498099470976e-11,4.973239485743097e-11,4.973229163422604e-11,4.973218842923429e-11,4.97320852428466e-11,4.9731982074965705e-11,4.9731878925679216e-11,4.973177579492861e-11,4.973167268270487e-11,4.9731569589003965e-11,4.97314665138325e-11,4.97313634571419e-11,4.973126041892668e-11,4.973115739935903e-11,4.973105439829186e-11,4.973095141566479e-11,4.973084845157467e-11,4.973074550594264e-11,4.9730642578861265e-11,4.973053967029269e-11,4.9730436780197257e-11,4.9730333908515044e-11,4.973023105529408e-11,4.973012822070288e-11,4.973002540453792e-11,4.9729922606873224e-11,4.972981982768339e-11,4.972971706696291e-11,4.972961432468169e-11,4.972951160088154e-11,4.972940889551317e-11,4.9729306208641575e-11,4.9729203540241686e-11,4.972910089029937e-11,4.9728998258768936e-11,4.972889564569401e-11,4.9728793051047946e-11,4.9728690474850397e-11,4.9728587917077914e-11,4.9728485377733006e-11,4.972838285681316e-11,4.972828035430811e-11,4.972817787031379e-11,4.972807540447647e-11,4.9727972957270537e-11,4.9727870528442975e-11,4.972776811801598e-11,4.9727665726016665e-11,4.972756335240717e-11,4.972746099718199e-11,4.972735866036562e-11,4.972725634193923e-11,4.972715404190072e-11,4.972705176010325e-11,4.97269494968009e-11,4.972684725194367e-11,4.972674502540953e-11,4.972664281724955e-11,4.9726540627468244e-11,4.972643845603739e-11,4.972633630296518e-11,4.9726234168250924e-11,4.972613205187077e-11,4.9726029953897174e-11,4.9725927874238155e-11,4.972582581287984e-11,4.97257237700376e-11,4.972562174544849e-11,4.972551973915061e-11,4.972541775119116e-11,4.972531578163528e-11,4.9725213830316475e-11,4.972511189729524e-11,4.9725009982650534e-11,4.972490808643124e-11,4.972480620837268e-11,4.9724704348609025e-11,4.972460250721373e-11,4.972450068411654e-11,4.972439887928097e-11,4.972429709271521e-11,4.9724195324456175e-11,4.9724093574489235e-11,4.972399184280694e-11,4.972389012947143e-11,4.972378843435303e-11,4.9723686757501644e-11,4.972358509891261e-11,4.972348345860366e-11,4.972338183655184e-11,4.9723280232754954e-11,4.972317864724831e-11,4.972307707999007e-11,4.972297553099392e-11,4.972287400021315e-11,4.9722772487689425e-11,4.9722670993410067e-11,4.972256951737443e-11,4.9722468059732806e-11,4.972236662010771e-11,4.972226519874813e-11,4.972216379563021e-11,4.9722062410735304e-11,4.972196104405525e-11,4.9721859695301874e-11,4.9721758365059856e-11,4.972165705317593e-11,4.9721555759377274e-11,4.972145448373278e-11,4.9721353226301296e-11,4.9721251987066317e-11,4.972115076602723e-11,4.9721049563194614e-11,4.9720948378526826e-11,4.9720847212030064e-11,4.9720746063757416e-11,4.9720644933626525e-11,4.97205438216842e-11,4.972044272791219e-11,4.9720341652374085e-11,4.972024059492816e-11,4.9720139555626866e-11,4.972003853447655e-11,4.9719937531480785e-11,4.9719836546647884e-11,4.971973557998339e-11,4.9719634631432844e-11,4.9719533701145797e-11,4.97194327889575e-11,4.9719331894813684e-11,4.971923101881347e-11,4.9719130160928065e-11,4.9719029320988515e-11,4.9718928499248076e-11,4.9718827695743234e-11,4.971872691033487e-11,4.971862614271234e-11,4.9718525393521954e-11,4.971842466245356e-11,4.971832394948131e-11,4.9718223253856676e-11,4.9718122577163766e-11,4.971802191846089e-11,4.971792127784271e-11,4.9717820655310446e-11,4.971772005086244e-11,4.971761946450458e-11,4.971751889625591e-11,4.971741834604571e-11,4.971731781389293e-11,4.971721729980422e-11,4.9717116803793334e-11,4.971701632582799e-11,4.971691586587006e-11,4.971681542409726e-11,4.971671499991123e-11,4.9716614594140215e-11,4.971651420644677e-11,4.97164138367732e-11,4.971631348516009e-11,4.971621315128543e-11,4.9716112835708724e-11,4.9716012538167916e-11,4.97159122586524e-11,4.9715811997146036e-11,4.9715711753657e-11,4.9715611528181004e-11,4.9715511320713676e-11,4.971541113125236e-11,4.9715310959839934e-11,4.9715210806542196e-11,4.9715110671094505e-11,4.971501055351965e-11,4.971491045404478e-11,4.9714810372576365e-11,4.971471030907298e-11,4.971461026344364e-11,4.97145102359332e-11,4.971441022636319e-11,4.9714310234753466e-11,4.9714210261373625e-11,4.9714110305718396e-11,4.971401036838869e-11,4.9713910448633384e-11,4.971381054688167e-11,4.97137106630027e-11,4.9713610797110425e-11,4.971351094917267e-11,4.971341111925469e-11,4.971331130721756e-11,4.9713211513082964e-11,4.971311173689067e-11,4.9713011978617707e-11,4.9712912238272176e-11,4.971281251584932e-11,4.9712712811329296e-11,4.971261312474026e-11,4.9712513456075115e-11,4.9712413805383724e-11,4.9712314172476044e-11,4.9712214557537233e-11,4.9712114960486863e-11,4.971201538134245e-11,4.9711915820035836e-11,4.9711816276634513e-11,4.97117167511904e-11,4.9711617243581644e-11,4.971151775378345e-11,4.971141828200729e-11,4.9711318828054206e-11,4.9711219391966385e-11,4.9711119973762066e-11,4.9711020573390256e-11,4.971092119087604e-11,4.9710821826010214e-11,4.9710722479187466e-11,4.97106231502898e-11,4.9710523839155235e-11,4.971042454590839e-11,4.971032527040704e-11,4.971022601278776e-11,4.971012677303412e-11,4.971002755112632e-11,4.9709928346963415e-11,4.9709829160689935e-11,4.970972999229316e-11,4.970963084168332e-11,4.970953170888498e-11,4.970943259389179e-11,4.9709333496663556e-11,4.9709234417335366e-11,4.9709135355860144e-11,4.9709036312098355e-11,4.9708937286132723e-11,4.970883827780088e-11,4.970873928743039e-11,4.9708640314836824e-11,4.970854136008335e-11,4.970844242300239e-11,4.970834350374215e-11,4.97082446022651e-11,4.9708145718607345e-11,4.970804685268054e-11,4.9707948004518455e-11,4.970784917410661e-11,4.970775036146435e-11,4.970765156656763e-11,4.970755278941104e-11,4.970745403001267e-11,4.970735528835216e-11,4.9707256564547286e-11,4.970715785843581e-11,4.9707059170001465e-11,4.9706960499262726e-11,4.970686184629544e-11,4.9706763211060324e-11,4.9706664593521304e-11,4.9706565993718413e-11,4.97064674114137e-11,4.970636884704101e-11,4.970627030037862e-11,4.970617177143399e-11,4.970607326018298e-11,4.9705974766633006e-11,4.9705876290769346e-11,4.9705777832626984e-11,4.970567939216964e-11,4.970558096938833e-11,4.970548256421805e-11,4.9705384176867526e-11,4.9705285807125684e-11,4.9705187455079775e-11,4.970508912043823e-11,4.9704990803711255e-11,4.970489250466864e-11,4.9704794223269426e-11,4.9704695959539284e-11,4.970459771345463e-11,4.970449948503312e-11,4.9704401274270745e-11,4.9704303081154796e-11,4.970420490568272e-11,4.9704106747806105e-11,4.9704008607600136e-11,4.970391048502788e-11,4.970381238008781e-11,4.970371429278503e-11,4.9703616223086165e-11,4.970351817101805e-11,4.9703420136380864e-11,4.97033221195557e-11,4.970322412032232e-11,4.970312613871623e-11,4.970302817496602e-11,4.9702930228548057e-11,4.970283229974816e-11,4.970273438854404e-11,4.970263649496189e-11,4.9702538618939404e-11,4.970244076048429e-11,4.9702342919630417e-11,4.970224509633654e-11,4.970214729063926e-11,4.9702049502506316e-11,4.970195173194357e-11,4.970185397900696e-11,4.970175624358531e-11,4.9701658525723363e-11,4.970156082542044e-11,4.970146314267101e-11,4.9701365477472877e-11,4.9701267829823346e-11,4.970117019970857e-11,4.970107258713559e-11,4.9700974992110585e-11,4.970087741462195e-11,4.9700779854671706e-11,4.970068231224371e-11,4.97005847873424e-11,4.9700487279963056e-11,4.970038979010145e-11,4.9700292317736954e-11,4.970019486292251e-11,4.970009742560282e-11,4.9700000005791085e-11,4.969990260348225e-11,4.969980521867384e-11,4.969970785136379e-11,4.969961050154767e-11,4.9699513169221854e-11,4.969941585438548e-11,4.969931855703343e-11,4.969922127715307e-11,4.96991240147388e-11,4.969902676982325e-11,4.969892954237922e-11,4.969883233240413e-11,4.969873513988616e-11,4.969863796483008e-11,4.96985408072373e-11,4.969844366709768e-11,4.9698346544396657e-11,4.9698249439170024e-11,4.969815235128844e-11,4.969805528094608e-11,4.9697958228095995e-11,4.969786119263229e-11,4.9697764174606494e-11,4.9697667174016503e-11,4.9697570190846083e-11,4.9697473225101806e-11,4.9697376277431057e-11,4.9697279346526276e-11,4.969718243307202e-11,4.969708553698256e-11,4.969698865830702e-11,4.969689179706156e-11,4.969679495317607e-11,4.969669812667071e-11,4.9696601317609886e-11,4.9696504525995923e-11,4.96964077517098e-11,4.9696310994812657e-11,4.9696214255335493e-11,4.969611753321286e-11,4.969602082858551e-11,4.969592414123014e-11,4.969582747122832e-11,4.969573081859684e-11,4.9695634183348835e-11,4.969553756544601e-11,4.9695440965076705e-11,4.969534438184355e-11,4.9695247815984177e-11,4.9695151267499236e-11,4.9695054736375615e-11,4.969495822258867e-11,4.969486172612616e-11,4.969476524702262e-11,4.969466878530334e-11,4.9694572340843404e-11,4.9694475913710745e-11,4.969437950390778e-11,4.96942831114215e-11,4.969418673629561e-11,4.969409037846859e-11,4.9693994037964466e-11,4.9693897714737046e-11,4.96938014088311e-11,4.969370512014551e-11,4.969360884880462e-11,4.9693512594798356e-11,4.969341635808972e-11,4.969332013866109e-11,4.969322393651112e-11,4.969312775178952e-11,4.969303158416458e-11,4.9692935433840566e-11,4.969283930080563e-11,4.9692743185053336e-11,4.969264708654272e-11,4.969255100546194e-11,4.9692454941465476e-11,4.9692358894756954e-11,4.969226286531841e-11,4.969216685378197e-11,4.969207085885222e-11,4.9691974881079443e-11,4.969187892067476e-11,4.96917829774685e-11,4.9691687051377496e-11,4.9691591142650546e-11,4.9691495251203206e-11,4.9691399376934604e-11,4.969130352002253e-11,4.969120768020086e-11,4.969111185745844e-11,4.969101605175817e-11,4.969092026356981e-11,4.9690824492605166e-11,4.969072873877838e-11,4.9690633002222837e-11,4.969053728285481e-11,4.9690441580682355e-11,4.969034589569691e-11,4.9690250227899976e-11,4.9690154577370294e-11,4.969005894395338e-11,4.96899633277132e-11,4.9689867728635845e-11,4.968977214681659e-11,4.968967658210926e-11,4.968958103455248e-11,4.968948550418369e-11,4.968938999102052e-11,4.968929449495125e-11,4.968919901605751e-11,4.968910355437931e-11,4.968900810992021e-11,4.968891268249459e-11,4.9688817272221605e-11,4.968872187904496e-11,4.968862650309869e-11,4.968853114423088e-11,4.9688435802480366e-11,4.9688340477848724e-11,4.9688245170353595e-11,4.9688149879879155e-11,4.968805460656028e-11,4.968795935042397e-11,4.9687864111415516e-11,4.9687768889508694e-11,4.968767368468885e-11,4.968757849698825e-11,4.96874833263883e-11,4.968738817288059e-11,4.968729303646849e-11,4.968719791715217e-11,4.9687102815265973e-11,4.9687007729694285e-11,4.968691266163544e-11,4.9686817610633235e-11,4.968672257654939e-11,4.968662755981617e-11,4.968653256005813e-11,4.968643757737494e-11,4.968634261183051e-11,4.968624766325226e-11,4.9686152731744113e-11,4.968605781729078e-11,4.968596291988987e-11,4.9685868039537506e-11,4.9685773176228776e-11,4.9685678329961634e-11,4.9685583500756604e-11,4.968548868858354e-11,4.9685393893458176e-11,4.968529911533381e-11,4.9685204354235e-11,4.968510961016161e-11,4.9685014883084505e-11,4.968492017305064e-11,4.968482548003065e-11,4.968473080381563e-11,4.968463614484579e-11,4.968454150285263e-11,4.9684446877905374e-11,4.968435226989792e-11,4.968425767892116e-11,4.9684163104958113e-11,4.968406854798173e-11,4.9683974008003344e-11,4.9683879484971476e-11,4.9683784978959444e-11,4.968369048986783e-11,4.96835960177644e-11,4.9683501562611936e-11,4.968340712443623e-11,4.9683312703306945e-11,4.968321829915672e-11,4.968312391189539e-11,4.9683029541548136e-11,4.968293518837108e-11,4.968284085195713e-11,4.968274653251662e-11,4.9682652230013896e-11,4.968255794432633e-11,4.9682463675685356e-11,4.9682369423978086e-11,4.968227518917534e-11,4.96821809713658e-11,4.968208677048735e-11,4.9681992586450875e-11,4.968189841938647e-11,4.968180426923162e-11,4.968171013597336e-11,4.9681616019717187e-11,4.968152192029069e-11,4.9681427837658315e-11,4.968133377203781e-11,4.968123972334589e-11,4.968114569145847e-11,4.9681051676525596e-11,4.9680957678470134e-11,4.968086369731339e-11,4.968076973302767e-11,4.9680675785666975e-11,4.968058185515022e-11,4.968048794150865e-11,4.968039404466696e-11,4.968030016472599e-11,4.968020630194821e-11,4.968011245577316e-11,4.968001862645681e-11,4.967992481399453e-11,4.967983101869004e-11,4.9679737240183626e-11,4.9679643478281204e-11,4.967954973317711e-11,4.967945600494164e-11,4.9679362293553316e-11,4.967926859897948e-11,4.967917492125777e-11,4.9679081260424506e-11,4.967898761631089e-11,4.967889398907731e-11,4.9678800378690124e-11,4.967870678532256e-11,4.967861320851065e-11,4.967851964833423e-11,4.967842610520661e-11,4.9678332578883743e-11,4.967823906931613e-11,4.967814557640343e-11,4.9678052100386856e-11,4.967795864140796e-11,4.967786519902308e-11,4.9677771773412945e-11,4.9677678364586686e-11,4.967758497254029e-11,4.967749159726974e-11,4.9677398238773995e-11,4.9677304897089974e-11,4.967721157219975e-11,4.9677118264035373e-11,4.9677024972606885e-11,4.967693169793511e-11,4.9676838440020556e-11,4.9676745198891105e-11,4.967665197457611e-11,4.967655876691217e-11,4.967646557597295e-11,4.967637240155955e-11,4.967627924388446e-11,4.967618610299116e-11,4.967609297885248e-11,4.967599987162926e-11,4.967590678092095e-11,4.967581370705344e-11,4.9675720650005486e-11,4.967562760964534e-11,4.967553458596554e-11,4.96754415790232e-11,4.967534858860961e-11,4.9675255615080955e-11,4.9675162658280796e-11,4.9675069718183456e-11,4.967497679472172e-11,4.96748838879049e-11,4.967479099780728e-11,4.9674698124384654e-11,4.9674605267612306e-11,4.967451242760995e-11,4.967441960428946e-11,4.967432679765707e-11,4.9674234007683044e-11,4.967414123440146e-11,4.9674048477773007e-11,4.967395573778038e-11,4.9673863014480225e-11,4.967377030780965e-11,4.9673677617723177e-11,4.967358494436306e-11,4.967349228766123e-11,4.967339964759531e-11,4.9673307024183385e-11,4.967321441739781e-11,4.9673121827260875e-11,4.967302925374686e-11,4.967293669691175e-11,4.9672844156648784e-11,4.96727516327267e-11,4.967265912572052e-11,4.967256663538067e-11,4.967247416129898e-11,4.967238170412295e-11,4.96722892635662e-11,4.9672196839605236e-11,4.9672104432246054e-11,4.9672012041521e-11,4.967191966735847e-11,4.967182730978903e-11,4.9671734968842634e-11,4.9671642644451904e-11,4.9671550336625594e-11,4.967145804570056e-11,4.9671365771052583e-11,4.967127351297767e-11,4.967118127147875e-11,4.967108904654959e-11,4.96709968381902e-11,4.96709046464245e-11,4.967081247117107e-11,4.9670720312643915e-11,4.9670628170517275e-11,4.967053604497625e-11,4.9670443935928806e-11,4.967035184345444e-11,4.9670259767517835e-11,4.967016770814532e-11,4.967007566536609e-11,4.966998363930059e-11,4.9669891629497516e-11,4.966979963621926e-11,4.9669707659472846e-11,4.96696156992619e-11,4.966952375556611e-11,4.966943182836908e-11,4.9669339917985277e-11,4.9669248023810045e-11,4.9669156146162464e-11,4.9669064285094613e-11,4.966897244042849e-11,4.966888061227103e-11,4.9668788800317825e-11,4.9668697005192535e-11,4.966860522650905e-11,4.9668513464386436e-11,4.966842171867225e-11,4.966832998931169e-11,4.9668238277004026e-11,4.966814658072516e-11,4.966805490091584e-11,4.966796323710355e-11,4.966787159023089e-11,4.9667779959828173e-11,4.966768834561932e-11,4.9667596748077036e-11,4.966750516705034e-11,4.9667413602454175e-11,4.9667322054304595e-11,4.966723052260049e-11,4.966713900733772e-11,4.9667047508415664e-11,4.96669560260272e-11,4.9666864560070474e-11,4.9666773110545754e-11,4.9666681677567096e-11,4.9666590260890856e-11,4.966649886063929e-11,4.966640747679618e-11,4.9666316109380226e-11,4.966622475835301e-11,4.966613342375087e-11,4.966604210549329e-11,4.9665950803714e-11,4.9665859518330386e-11,4.966576824936252e-11,4.966567699702153e-11,4.9665585760729736e-11,4.9665494540903857e-11,4.9665403337464516e-11,4.9665312150422074e-11,4.966522097978883e-11,4.966512982547797e-11,4.9665038687547316e-11,4.9664947566055745e-11,4.966485646084578e-11,4.966476537201972e-11,4.9664674299541755e-11,4.9664583243663435e-11,4.9664492203912714e-11,4.966440118045825e-11,4.9664310173404275e-11,4.9664219182698734e-11,4.966412820834141e-11,4.9664037250327805e-11,4.966394630864896e-11,4.96638553833058e-11,4.9663764474492566e-11,4.966367358183324e-11,4.9663582705476624e-11,4.966349184546787e-11,4.966340100171503e-11,4.966331017431935e-11,4.9663219363236646e-11,4.966312856846285e-11,4.9663037790024365e-11,4.966294702787078e-11,4.966285628200314e-11,4.966276555244565e-11,4.966267483921579e-11,4.9662584142276705e-11,4.966249346157725e-11,4.966240279721053e-11,4.966231214910918e-11,4.9662221517361176e-11,4.966213090182287e-11,4.966204030255845e-11,4.96619497195686e-11,4.966185915287629e-11,4.966176860241291e-11,4.9661678068223827e-11,4.9661587550375676e-11,4.9661497048707785e-11,4.9661406563293573e-11,4.966131609413615e-11,4.966122564123291e-11,4.966113520457302e-11,4.966104478415314e-11,4.966095437997889e-11,4.966086399205145e-11,4.966077362034176e-11,4.966068326486755e-11,4.966059292562137e-11,4.966050260239107e-11,4.966041229541047e-11,4.966032200483482e-11,4.966023173045821e-11,4.966014147234526e-11,4.9660051230422084e-11,4.965996100469528e-11,4.965987079516018e-11,4.965978060185966e-11,4.9659690424684706e-11,4.965960026376597e-11,4.965951011904149e-11,4.965941999029722e-11,4.965932987795229e-11,4.965923978177483e-11,4.965914970186116e-11,4.965905963806308e-11,4.9658969590885387e-11,4.965887955941223e-11,4.9658789544295815e-11,4.965869954519845e-11,4.9658609562348546e-11,4.965851959556583e-11,4.9658429644878003e-11,4.9658339710455564e-11,4.965824979214135e-11,4.965815988996966e-11,4.9658070003983873e-11,4.965798013419889e-11,4.965789028046799e-11,4.9657800442817805e-11,4.965771062135965e-11,4.9657620816106166e-11,4.965753102690608e-11,4.965744125381391e-11,4.965735149688464e-11,4.9657261756130427e-11,4.965717203150883e-11,4.9657082322943495e-11,4.9656992630466873e-11,4.965690295409343e-11,4.9656813293845083e-11,4.965672364968831e-11,4.9656634021687876e-11,4.96565444097276e-11,4.9656454813946655e-11,4.965636523417528e-11,4.9656275670478795e-11,4.9656186122883175e-11,4.9656096591370485e-11,4.9656007075943596e-11,4.965591757658802e-11,4.9655828093323766e-11,4.965573862611688e-11,4.9655649175264574e-11,4.9655559740189984e-11,4.965547032119437e-11,4.965538091823179e-11,4.9655291531449975e-11,4.9655202160608705e-11,4.965511280560358e-11,4.96550234668888e-11,4.965493414422102e-11,4.965484483758353e-11,4.9654755546973415e-11,4.965466627240695e-11,4.9654577013804103e-11,4.9654487771358474e-11,4.965439854487857e-11,4.965430933442445e-11,4.9654220139991767e-11,4.965413096157948e-11,4.965404179919642e-11,4.96539526528797e-11,4.965386352250848e-11,4.965377440814617e-11,4.9653685309800374e-11,4.965359622751096e-11,4.9653507161334806e-11,4.965341811097197e-11,4.9653329076539436e-11,4.9653240058144865e-11,4.965315105573425e-11,4.9653062069316244e-11,4.9652973098895816e-11,4.965288414438393e-11,4.965279520595406e-11,4.965270628345271e-11,4.965261737693432e-11,4.96525284863799e-11,4.9652439611792485e-11,4.965235075316101e-11,4.965226191047407e-11,4.9652173083762647e-11,4.9652084272996355e-11,4.965199547800455e-11,4.9651906699387986e-11,4.965181793647242e-11,4.965172918949356e-11,4.965164045845926e-11,4.9651551743365853e-11,4.9651463044201206e-11,4.965137436096523e-11,4.965128569359163e-11,4.965119704222114e-11,4.96511084067713e-11,4.965101978724525e-11,4.965093118361695e-11,4.965084259609071e-11,4.9650754024460216e-11,4.9650665468628623e-11,4.9650576928642555e-11,4.9650488404551725e-11,4.9650399896370266e-11,4.9650311404074966e-11,4.9650222927672016e-11,4.965013446709658e-11,4.965004602247401e-11,4.964995759371861e-11,4.964986918085293e-11,4.96497807838668e-11,4.964969240277614e-11,4.9649604037543145e-11,4.9649515688258364e-11,4.964942735477233e-11,4.964933903713554e-11,4.964925073538068e-11,4.964916244946638e-11,4.964907417939217e-11,4.964898592524616e-11,4.9648897686878846e-11,4.9648809464379566e-11,4.964872125771391e-11,4.9648633066890545e-11,4.9648544891782867e-11,4.9648456732515864e-11,4.9648368589197266e-11,4.9648280461709535e-11,4.964819234998441e-11,4.964810425418076e-11,4.964801617417952e-11,4.964792810998378e-11,4.9647840061579704e-11,4.964775202901254e-11,4.9647664012289183e-11,4.9647576011328614e-11,4.96474880261945e-11,4.9647400056969974e-11,4.964731210348748e-11,4.964722416573018e-11,4.96471362439652e-11,4.964704833813398e-11,4.9646960447460115e-11,4.9646872572861247e-11,4.964678471403979e-11,4.964669687100189e-11,4.964660904429786e-11,4.9646521232792076e-11,4.9646433437066035e-11,4.964634565714479e-11,4.964625789336649e-11,4.9646170144681815e-11,4.96460824123763e-11,4.964599469523966e-11,4.9645906994095016e-11,4.9645819308686015e-11,4.964573163902562e-11,4.964564398506445e-11,4.9645556347001166e-11,4.964546872458529e-11,4.964538111788817e-11,4.964529352695518e-11,4.964520595156185e-11,4.9645118392053215e-11,4.96450308482913e-11,4.964494332023116e-11,4.964485580797222e-11,4.9644768311544345e-11,4.9644680830630863e-11,4.964459336540998e-11,4.964450591606471e-11,4.964441848227117e-11,4.964433106416324e-11,4.9644243661965886e-11,4.9644156275533743e-11,4.964406890453191e-11,4.9643981549219854e-11,4.9643894209580136e-11,4.964380688554175e-11,4.96437195772708e-11,4.964363228475916e-11,4.9643545007866895e-11,4.964345774707057e-11,4.9643370501503446e-11,4.96432832716836e-11,4.964319605756758e-11,4.964310885901687e-11,4.9643021676116903e-11,4.964293450858492e-11,4.9642847357029426e-11,4.9642760221117604e-11,4.964267310085902e-11,4.964258599618223e-11,4.9642498907093805e-11,4.96424118337341e-11,4.964232477595986e-11,4.964223773394555e-11,4.964215070747062e-11,4.9642063696742784e-11,4.9641976701681164e-11,4.964188972209068e-11,4.964180275811239e-11,4.9641715809760574e-11,4.964162887702174e-11,4.96415419598931e-11,4.964145505837702e-11,4.964136817245412e-11,4.9641281302133863e-11,4.964119444743508e-11,4.964110760833709e-11,4.9641020784875284e-11,4.964093397695068e-11,4.9640847184599507e-11,4.964076040784698e-11,4.9640673646638166e-11,4.964058690104211e-11,4.964050017109579e-11,4.9640413456632554e-11,4.964032675784895e-11,4.9640240074363303e-11,4.964015340659709e-11,4.9640066754465086e-11,4.963998011792849e-11,4.963989349688451e-11,4.9639806891260886e-11,4.963972030134578e-11,4.963963372695011e-11,4.96395471680654e-11,4.963946062476853e-11,4.963937409700389e-11,4.9639287584785523e-11,4.9639201088111234e-11,4.9639114606945605e-11,4.9639028141383724e-11,4.9638941691238195e-11,4.9638855256669906e-11,4.96387688376001e-11,4.963868243400325e-11,4.963859604598908e-11,4.9638509673499426e-11,4.963842331650924e-11,4.963833697498695e-11,4.9638250649052296e-11,4.963816433857989e-11,4.9638078043628774e-11,4.963799176414743e-11,4.963790550011151e-11,4.9637819251241736e-11,4.963773301823431e-11,4.9637646800704824e-11,4.963756059865124e-11,4.963747441209133e-11,4.963738824122479e-11,4.963730208561225e-11,4.963721594552686e-11,4.9637129820854063e-11,4.963704371164729e-11,4.963695761782231e-11,4.963687153908032e-11,4.963678547625406e-11,4.9636699428929056e-11,4.96366133969943e-11,4.963652738058729e-11,4.963644137964017e-11,4.963635539422763e-11,4.9636269424220954e-11,4.963618346945013e-11,4.963609753018262e-11,4.963601160640862e-11,4.963592569799972e-11,4.9635839805014703e-11,4.9635753927480605e-11,4.9635668065322314e-11,4.9635582218639673e-11,4.9635496387377115e-11,4.9635410571589134e-11,4.963532477099763e-11,4.96352389858226e-11,4.9635153216163364e-11,4.9635067461890744e-11,4.963498172312377e-11,4.9634895999490725e-11,4.963481029141947e-11,4.963472459886768e-11,4.963463892173056e-11,4.963455325986633e-11,4.96344676131878e-11,4.963438198166299e-11,4.9634296365881294e-11,4.9634210765538914e-11,4.963412518045431e-11,4.963403961076854e-11,4.9633954056463396e-11,4.963386851785323e-11,4.963378299436454e-11,4.963369748615054e-11,4.963361199329007e-11,4.96335265158347e-11,4.963344105349299e-11,4.963335560717062e-11,4.9633270175691794e-11,4.9633184759553386e-11,4.963309935875103e-11,4.9633013973275167e-11,4.96329286034335e-11,4.9632843248611266e-11,4.963275790900781e-11,4.963267258488505e-11,4.963258727577125e-11,4.963250198224522e-11,4.963241670403395e-11,4.963233144122754e-11,4.963224619366406e-11,4.963216096139311e-11,4.9632075744600616e-11,4.963199054292935e-11,4.9631905356574474e-11,4.963182018554038e-11,4.9631735029806006e-11,4.963164988931766e-11,4.963156476408395e-11,4.963147965418574e-11,4.963139455951051e-11,4.963130948014679e-11,4.9631224416171197e-11,4.9631139367389586e-11,4.96310543338928e-11,4.963096931562838e-11,4.9630884312641275e-11,4.9630799324941357e-11,4.963071435245054e-11,4.963062939527732e-11,4.963054445336039e-11,4.9630459526664475e-11,4.9630374615295704e-11,4.963028971916365e-11,4.9630204838277017e-11,4.963011997274982e-11,4.9630035122263274e-11,4.9629950287073094e-11,4.962986546709105e-11,4.962978066230148e-11,4.962969587299684e-11,4.962961109924586e-11,4.962952634013341e-11,4.962944159628885e-11,4.962935686758772e-11,4.9629272154145696e-11,4.962918745589066e-11,4.962910277280726e-11,4.962901810497791e-11,4.962893345232719e-11,4.962884881487939e-11,4.962876419268948e-11,4.9628679585639816e-11,4.9628594993852365e-11,4.96285104171712e-11,4.962842585574017e-11,4.962834130948644e-11,4.962825677852404e-11,4.962817226279818e-11,4.962808776208945e-11,4.962800327652132e-11,4.9627918805809646e-11,4.9627834350552963e-11,4.96277499104315e-11,4.962766548564789e-11,4.9627581076226865e-11,4.962749668159986e-11,4.962741230219888e-11,4.962732793782793e-11,4.962724358852668e-11,4.962715925448144e-11,4.96270749358394e-11,4.962699063209024e-11,4.962690634355007e-11,4.962682207007433e-11,4.9626737811728185e-11,4.962665356848359e-11,4.962656934058787e-11,4.962648512761713e-11,4.9626400929749545e-11,4.9626316747029855e-11,4.962623257938582e-11,4.962614842686183e-11,4.962606428959502e-11,4.962598016736167e-11,4.962589606023918e-11,4.962581196816772e-11,4.962572789097689e-11,4.9625643829053174e-11,4.962555978222846e-11,4.962547575060577e-11,4.96253917339263e-11,4.962530773243832e-11,4.96252237460353e-11,4.962513977472907e-11,4.962505581844694e-11,4.9624971877252e-11,4.962488795111463e-11,4.962480404010033e-11,4.962472014357949e-11,4.9624636262674945e-11,4.962455239680306e-11,4.9624468545966e-11,4.9624384710253447e-11,4.962430088955907e-11,4.962421708444678e-11,4.9624133293777466e-11,4.9624049518155613e-11,4.9623965757600926e-11,4.9623882012109825e-11,4.96237982818391e-11,4.962371456626635e-11,4.962363086591964e-11,4.9623547180593294e-11,4.962346351030436e-11,4.9623379854984225e-11,4.9623296214762093e-11,4.962321258949663e-11,4.962312897925769e-11,4.962304538400302e-11,4.962296180381556e-11,4.962287823808691e-11,4.9622794687874586e-11,4.962271115218927e-11,4.962262763201079e-11,4.9622544126675325e-11,4.96224606364278e-11,4.962237716119218e-11,4.9622293700917894e-11,4.962221025568389e-11,4.962212682539306e-11,4.9622043410093596e-11,4.962196000964681e-11,4.9621876624293244e-11,4.962179325343286e-11,4.962170989793333e-11,4.9621626556972515e-11,4.962154323146291e-11,4.962145992097307e-11,4.962137662535111e-11,4.9621293344727044e-11,4.962121007852482e-11,4.962112682781198e-11,4.9621043592096225e-11,4.962096037126086e-11,4.962087716507369e-11,4.9620793974104476e-11,4.962071079812879e-11,4.962062763703172e-11,4.9620544490879455e-11,4.9620461359138325e-11,4.962037824233706e-11,4.962029514040128e-11,4.962021205393447e-11,4.9620128982350753e-11,4.962004592573343e-11,4.9619962884008247e-11,4.961987985714124e-11,4.961979684528824e-11,4.961971384845931e-11,4.96196308663626e-11,4.961954789919517e-11,4.961946494689454e-11,4.961938200905673e-11,4.96192990866977e-11,4.9619216179051715e-11,4.961913328631219e-11,4.9619050407932126e-11,4.9618967544939095e-11,4.961888469650209e-11,4.9618801863252006e-11,4.9618719044547175e-11,4.961863624104397e-11,4.961855345242105e-11,4.96184706784696e-11,4.961838791956079e-11,4.9618305175496587e-11,4.9618222446307904e-11,4.9618139731976755e-11,4.961805703230913e-11,4.961797434719653e-11,4.9617891677409646e-11,4.961780902252908e-11,4.961772638229159e-11,4.9617643757012596e-11,4.961756114654451e-11,4.96174785509335e-11,4.961739597014707e-11,4.9617313404204726e-11,4.961723085308165e-11,4.961714831676232e-11,4.961706579526543e-11,4.961698328858701e-11,4.9616900796439705e-11,4.961681831939908e-11,4.961673585714708e-11,4.9616653409707966e-11,4.961657097752235e-11,4.961648856007994e-11,4.9616406157053835e-11,4.9616323768799926e-11,4.961624139533597e-11,4.961615903667515e-11,4.961607669255671e-11,4.96159943634455e-11,4.961591204910057e-11,4.961582974957542e-11,4.9615747464807055e-11,4.96156651948247e-11,4.9615582939607054e-11,4.961550069918323e-11,4.961541847342993e-11,4.96153362629309e-11,4.961525406677529e-11,4.961517188502379e-11,4.9615089718371046e-11,4.961500756646255e-11,4.961492542930554e-11,4.961484330684526e-11,4.961476119949781e-11,4.9614679105977976e-11,4.961459702789794e-11,4.9614514964361776e-11,4.961443291563819e-11,4.9614350881261953e-11,4.961426886198286e-11,4.961418685742606e-11,4.961410486758268e-11,4.961402289248314e-11,4.9613940932099416e-11,4.961385898640843e-11,4.961377705519058e-11,4.961369513867045e-11,4.9613613237134175e-11,4.961353135027639e-11,4.961344947812113e-11,4.961336762019646e-11,4.961328577741145e-11,4.9613203949381676e-11,4.961312213615282e-11,4.961304033748106e-11,4.961295855348179e-11,4.961287678364596e-11,4.961279502901452e-11,4.961271328906057e-11,4.961263156367265e-11,4.9612549852982685e-11,4.9612468157044085e-11,4.961238647577099e-11,4.961230480916058e-11,4.9612223157208714e-11,4.961214151958815e-11,4.96120598969492e-11,4.961197828896275e-11,4.961189669561696e-11,4.9611815116722026e-11,4.961173355245064e-11,4.961165200276383e-11,4.9611570467965856e-11,4.961148894779371e-11,4.961140744193997e-11,4.961132595094457e-11,4.9611244474259304e-11,4.961116301264921e-11,4.9611081565653116e-11,4.961100013328898e-11,4.961091871550287e-11,4.961083731259528e-11,4.961075592408069e-11,4.9610674550137106e-11,4.9610593190838216e-11,4.9610511846143846e-11,4.961043051605082e-11,4.9610349200555644e-11,4.961026789962044e-11,4.961018661328666e-11,4.961010534157746e-11,4.9610024084455e-11,4.9609942841711774e-11,4.960986161375953e-11,4.960978040037892e-11,4.960969920157374e-11,4.960961801736004e-11,4.9609536847808255e-11,4.960945569270316e-11,4.960937455220124e-11,4.960929342628894e-11,4.960921231490232e-11,4.9609131218106886e-11,4.9609050135873383e-11,4.960896906815689e-11,4.960888801502635e-11,4.9608806976443686e-11,4.960872595235451e-11,4.960864494285078e-11,4.9608563947823924e-11,4.960848296740542e-11,4.9608402001534425e-11,4.960832105013761e-11,4.960824011334658e-11,4.960815919101987e-11,4.9608078283221083e-11,4.9607997389979836e-11,4.9607916511264494e-11,4.960783564707693e-11,4.960775479741189e-11,4.960767396224838e-11,4.96075931422011e-11,4.960751233621681e-11,4.960743154457195e-11,4.960735076740883e-11,4.9607270004746134e-11,4.9607189256636646e-11,4.9607108523017624e-11,4.96070278037432e-11,4.960694709908894e-11,4.9606866408923435e-11,4.96067857332015e-11,4.9606705072032906e-11,4.9606624425297904e-11,4.9606543793042706e-11,4.960646317543241e-11,4.9606382572109095e-11,4.960630198327338e-11,4.960622140899663e-11,4.9606140849082596e-11,4.9606060303745216e-11,4.96059797728668e-11,4.960589925636595e-11,4.960581875423867e-11,4.9605738266561995e-11,4.960565779339085e-11,4.9605577334627286e-11,4.960549689029038e-11,4.960541646043993e-11,4.960533604511426e-11,4.9605255644087265e-11,4.960517525754551e-11,4.960509488564969e-11,4.9605014527997025e-11,4.960493418481324e-11,4.9604853856040025e-11,4.960477354169729e-11,4.960469324165926e-11,4.960461295605322e-11,4.960453268486836e-11,4.9604452428067595e-11,4.960437218566994e-11,4.960429195775401e-11,4.9604211744142726e-11,4.960413154498049e-11,4.9604051360153684e-11,4.960397118972899e-11,4.96038910339183e-11,4.9603810892579306e-11,4.9603730765335934e-11,4.9603650652376303e-11,4.960357055414078e-11,4.960349047013982e-11,4.960341040002451e-11,4.9603330344692435e-11,4.960325030369063e-11,4.9603170277086296e-11,4.960309026487715e-11,4.960301026701998e-11,4.9602930283542463e-11,4.960285031439177e-11,4.9602770359673315e-11,4.9602690419232044e-11,4.960261049302355e-11,4.960253058128424e-11,4.960245068409266e-11,4.9602370801011875e-11,4.960229093230746e-11,4.960221107798045e-11,4.960213123798667e-11,4.9602051412238755e-11,4.96019716008038e-11,4.9601891803731724e-11,4.9601812021008825e-11,4.96017322525405e-11,4.960165249842692e-11,4.960157275889673e-11,4.960149303340548e-11,4.960141332221787e-11,4.960133362529468e-11,4.960125394264137e-11,4.960117427430028e-11,4.960109462035667e-11,4.9601014980850465e-11,4.9600935355481126e-11,4.960085574441132e-11,4.960077614835809e-11,4.960069656588632e-11,4.96006169976786e-11,4.960053744380107e-11,4.960045790425786e-11,4.960037837884355e-11,4.9600298867699996e-11,4.960021937106933e-11,4.960013988848008e-11,4.960006042026376e-11,4.959998096619893e-11,4.959990152634228e-11,4.959982210081869e-11,4.959974268954834e-11,4.959966329259121e-11,4.959958390982834e-11,4.9599504541340035e-11,4.959942518678053e-11,4.959934584675586e-11,4.959926652093887e-11,4.959918720945434e-11,4.959910791213814e-11,4.9599028629045203e-11,4.959894936016822e-11,4.9598870105624007e-11,4.959879086512442e-11,4.959871163893928e-11,4.9598632426992384e-11,4.9598553229273444e-11,4.959847404568686e-11,4.959839487645436e-11,4.959831572110232e-11,4.959823658021645e-11,4.959815745351941e-11,4.959807834059673e-11,4.9597999242298466e-11,4.959792015823204e-11,4.959784108815736e-11,4.959776203234676e-11,4.959768299087195e-11,4.959760396360742e-11,4.959752495047298e-11,4.95974459520003e-11,4.959736696723621e-11,4.959728799665127e-11,4.9597209040243694e-11,4.959713009800999e-11,4.959705116994042e-11,4.9596972255993664e-11,4.959689335623692e-11,4.9596814470637894e-11,4.959673559925598e-11,4.9596656741964405e-11,4.9596577898805054e-11,4.959649906991078e-11,4.959642025509764e-11,4.959634145441303e-11,4.959626266786801e-11,4.959618389545715e-11,4.959610513721607e-11,4.9596026393087816e-11,4.9595947663193214e-11,4.959586894730165e-11,4.959579024521361e-11,4.959571155764674e-11,4.959563288425741e-11,4.95955542248333e-11,4.959547557971418e-11,4.959539694857905e-11,4.959531833157992e-11,4.959523972875502e-11,4.9595161139929996e-11,4.959508256515151e-11,4.959500400456654e-11,4.959492545806438e-11,4.959484692554852e-11,4.959476840690121e-11,4.959468990270061e-11,4.959461141254713e-11,4.959453293656003e-11,4.9594454474571165e-11,4.9594376026625043e-11,4.9594297592872294e-11,4.959421917323225e-11,4.959414076758394e-11,4.9594062376018515e-11,4.9593983998519346e-11,4.959390563527803e-11,4.9593827285779954e-11,4.9593748950585606e-11,4.9593670629352865e-11,4.95935923221642e-11,4.95935140288332e-11,4.959343574989203e-11,4.959335748492505e-11,4.959327923393885e-11,4.9593200996988694e-11,4.95931227739734e-11,4.9593044565105004e-11,4.959296637100492e-11,4.9592888190353627e-11,4.959281002367276e-11,4.9592731870860175e-11,4.959265373276792e-11,4.959257560817544e-11,4.959249749755401e-11,4.959241940070748e-11,4.9592341318146835e-11,4.959226324953063e-11,4.959218519492279e-11,4.9592107154458197e-11,4.9592029127863674e-11,4.959195111528408e-11,4.959187311663421e-11,4.9591795132096824e-11,4.959171716154387e-11,4.9591639204959345e-11,4.95915612623866e-11,4.959148333377263e-11,4.959140541912512e-11,4.959132751863048e-11,4.959124963199638e-11,4.9591171759136216e-11,4.959109390042585e-11,4.9591016055687626e-11,4.959093822492072e-11,4.9590860407897616e-11,4.959078260506386e-11,4.9590704816209806e-11,4.9590627041353964e-11,4.95905492804051e-11,4.959047153321748e-11,4.959039380011769e-11,4.959031608091358e-11,4.959023837576828e-11,4.959016068457544e-11,4.959008300740906e-11,4.959000534409607e-11,4.958992769471777e-11,4.9589850059098013e-11,4.95897724375733e-11,4.9589694829981993e-11,4.958961723669105e-11,4.958953965696521e-11,4.958946209119579e-11,4.9589384539251255e-11,4.958930700133742e-11,4.9589229477416126e-11,4.9589151967011076e-11,4.958907447046382e-11,4.958899698816512e-11,4.9588919519872517e-11,4.95888420653582e-11,4.9588764624741726e-11,4.95886871980331e-11,4.958860978520466e-11,4.958853238655745e-11,4.9588455001553865e-11,4.9588377630402274e-11,4.958830027327708e-11,4.9588222929911974e-11,4.958814560041307e-11,4.958806828466271e-11,4.958799098291678e-11,4.95879136950382e-11,4.958783642102655e-11,4.958775916085396e-11,4.958768191472711e-11,4.9587604682531784e-11,4.958752746397858e-11,4.9587450259284094e-11,4.958737306844799e-11,4.9587295891485617e-11,4.9587218728131644e-11,4.958714157883685e-11,4.958706444339681e-11,4.9586987321823644e-11,4.9586910214034534e-11,4.958683312012112e-11,4.958675604009671e-11,4.958667897383156e-11,4.958660192136652e-11,4.9586524882826135e-11,4.958644785806433e-11,4.958637084723289e-11,4.958629385019305e-11,4.958621686679703e-11,4.95861398972885e-11,4.958606294170048e-11,4.9585985999829035e-11,4.958590907176633e-11,4.958583215772201e-11,4.958575525726673e-11,4.958567837061078e-11,4.9585601498510265e-11,4.958552463944569e-11,4.958544779417669e-11,4.958537096290411e-11,4.958529414512767e-11,4.9585217341224396e-11,4.9585140551062786e-11,4.9585063774706847e-11,4.9584987012144144e-11,4.9584910263429323e-11,4.9584833528410416e-11,4.958475680716561e-11,4.9584680099668076e-11,4.9584603405974047e-11,4.958452672602224e-11,4.958445005990594e-11,4.958437340747598e-11,4.958429676877237e-11,4.958422014384729e-11,4.9584143532675595e-11,4.958406693526688e-11,4.958399035153062e-11,4.958391378163548e-11,4.9583837225452474e-11,4.958376068299614e-11,4.95836841541891e-11,4.958360763940264e-11,4.958353113808236e-11,4.9583454650580584e-11,4.958337817683945e-11,4.958330171675275e-11,4.958322527047389e-11,4.958314883789083e-11,4.9583072418565e-11,4.958299601331877e-11,4.958291962192821e-11,4.958284324414347e-11,4.958276687997364e-11,4.958269052957432e-11,4.958261419285893e-11,4.9582537869866443e-11,4.958246156058898e-11,4.958238526511843e-11,4.958230898325563e-11,4.9582232715015284e-11,4.958215646050682e-11,4.9582080219945655e-11,4.9582003992774505e-11,4.9581927779309776e-11,4.958185157949573e-11,4.9581775393349664e-11,4.9581699220879735e-11,4.958162306206659e-11,4.9581546916894424e-11,4.958147078539345e-11,4.958139466741784e-11,4.9581318563301677e-11,4.958124247283102e-11,4.95811663959203e-11,4.958109033273272e-11,4.9581014283192116e-11,4.95809382471746e-11,4.958086222492466e-11,4.958078621631456e-11,4.9580710221350644e-11,4.9580634240003504e-11,4.958055827230929e-11,4.958048231824302e-11,4.958040637775127e-11,4.958033045093501e-11,4.958025453771839e-11,4.958017863815739e-11,4.958010275221257e-11,4.9580026879878765e-11,4.957995102133484e-11,4.9579875176190347e-11,4.957979934540755e-11,4.9579723527523204e-11,4.957964772324304e-11,4.957957193259498e-11,4.957949615551721e-11,4.957942039204133e-11,4.9579344642141086e-11,4.957926890596989e-11,4.9579193183162316e-11,4.957911747400761e-11,4.957904177812177e-11,4.9578966096112793e-11,4.957889042785234e-11,4.957881477308598e-11,4.957873913187086e-11,4.9578663504229154e-11,4.9578587890083695e-11,4.957851228953951e-11,4.9578436702602986e-11,4.9578361129223515e-11,4.957828556939891e-11,4.957821002312772e-11,4.957813449038446e-11,4.957805897123596e-11,4.957798346563002e-11,4.957790797353551e-11,4.957783249511975e-11,4.9577757030159744e-11,4.957768157884262e-11,4.957760614097546e-11,4.9577530716630044e-11,4.957745530581848e-11,4.957737990831804e-11,4.957730452457215e-11,4.9577229154335586e-11,4.957715379760265e-11,4.957707845434061e-11,4.957700312468587e-11,4.957692780857126e-11,4.957685250627847e-11,4.957677721719838e-11,4.9576701941586535e-11,4.957662667948429e-11,4.957655143046184e-11,4.957647619530228e-11,4.957640097380661e-11,4.957632576566969e-11,4.957625057106414e-11,4.9576175389946796e-11,4.957610022236064e-11,4.9576025068222313e-11,4.9575949927590735e-11,4.9575874800540163e-11,4.95757996868473e-11,4.9575724586636806e-11,4.957564949982541e-11,4.9575574426562175e-11,4.9575499366766886e-11,4.957542432045848e-11,4.957534928763209e-11,4.9575274268232614e-11,4.9575199262300736e-11,4.9575124269815706e-11,4.957504929106648e-11,4.957497432549403e-11,4.957489937343346e-11,4.957482443479838e-11,4.957474950957291e-11,4.957467459775608e-11,4.957459969941419e-11,4.957452481398733e-11,4.9574449942518133e-11,4.957437508429057e-11,4.957430023967007e-11,4.95742254084322e-11,4.9574150590920124e-11,4.9574075786590094e-11,4.957400099532246e-11,4.9573926217959256e-11,4.957385145382314e-11,4.95737767034615e-11,4.957370196623014e-11,4.9573627242399595e-11,4.957355253201859e-11,4.9573477835000837e-11,4.957340315098947e-11,4.957332848080835e-11,4.957325382412927e-11,4.957317918069637e-11,4.957310455070578e-11,4.9573029934071334e-11,4.9572955330824814e-11,4.9572880740981295e-11,4.957280616451063e-11,4.957273160140291e-11,4.9572657051622014e-11,4.95725825153431e-11,4.957250799238673e-11,4.9572433482761196e-11,4.957235898656937e-11,4.9572284503750366e-11,4.957221003425128e-11,4.9572135578003246e-11,4.957206113522762e-11,4.957198670580019e-11,4.957191228975694e-11,4.957183788702709e-11,4.9571763497648923e-11,4.957168912171443e-11,4.957161475880501e-11,4.957154040950041e-11,4.9571466073530853e-11,4.957139175088436e-11,4.9571317441552127e-11,4.957124314548136e-11,4.9571168862752144e-11,4.9571094593714133e-11,4.9571020337676094e-11,4.9570946094985667e-11,4.957087186571027e-11,4.957079764964242e-11,4.9570723446900023e-11,4.957064925747367e-11,4.957057508131694e-11,4.9570500918504474e-11,4.957042676900495e-11,4.957035263328197e-11,4.957027851038975e-11,4.9570204400790544e-11,4.9570130304451095e-11,4.957005622140666e-11,4.95699821516506e-11,4.9569908095155014e-11,4.9569834052094165e-11,4.956976002213347e-11,4.9569686005551005e-11,4.956961200225486e-11,4.956953801223583e-11,4.956946403557677e-11,4.95693900720413e-11,4.9569316121791336e-11,4.956924218484871e-11,4.9569168261076064e-11,4.9569094350625386e-11,4.956902045349468e-11,4.9568946569596255e-11,4.9568872698541624e-11,4.956879884107825e-11,4.956872499701989e-11,4.9568651166131465e-11,4.95685773485289e-11,4.9568503544133067e-11,4.9568429753105885e-11,4.9568355975240886e-11,4.9568282210557604e-11,4.956820845923341e-11,4.9568134720972e-11,4.9568060995988034e-11,4.956798728422971e-11,4.9567913585756235e-11,4.956783990044507e-11,4.9567766228282785e-11,4.956769256939508e-11,4.9567618923723665e-11,4.956754529119883e-11,4.956747167202011e-11
17,0.0,0.0,0.0,0.0,0.0,0.0,0.0,0.0,0.0,0.0,0.0,0.0,0.0,0.0,0.0,0.0,0.0,0.0,0.0,0.0,0.0,0.0,0.0,0.0,0.0,0.0,0.0,0.0,0.0,0.0,0.0,0.0,0.0,0.0,0.0,0.0,0.0,0.0,0.0,0.0,0.0,0.0,0.0,0.0,0.0,0.0,0.0,0.0,0.0,0.0,0.0,0.0,0.0,0.0,0.0,0.0,0.0,0.0,0.0,0.0,0.0,0.0,0.0,0.0,0.0,0.0,0.0,0.0,0.0,0.0,0.0,0.0,0.0,0.0,0.0,0.0,0.0,0.0,0.0,0.0,0.0,0.0,0.0,0.0,0.0,0.0,0.0,0.0,0.0,0.0,0.0,0.0,0.0,0.0,0.0,0.0,0.0,0.0,0.0,0.0,0.0,0.0,0.0,0.0,0.0,0.0,0.0,0.0,0.0,0.0,0.0,0.0,0.0,0.0,0.0,0.0,0.0,0.0,0.0,0.0,0.0,0.0,0.0,0.0,0.0,0.0,0.0,0.0,0.0,0.0,0.0,0.0,0.0,0.0,0.0,0.0,0.0,0.0,0.0,0.0,0.0,0.0,0.0,0.0,0.0,0.0,0.0,0.0,0.0,0.0,0.0,0.0,0.0,0.0,0.0,0.0,0.0,0.0,0.0,0.0,0.0,0.0,0.0,0.0,0.0,0.0,0.0,0.0,0.0,0.0,0.0,0.0,0.0,0.0,0.0,0.0,0.0,0.0,0.0,0.0,0.0,0.0,0.0,0.0,0.0,0.0,0.0,0.0,0.0,0.0,0.0,0.0,0.0,0.0,0.0,0.0,0.0,0.0,0.0,0.0,0.0,0.0,0.0,0.0,0.0,0.0,0.0,0.0,0.0,0.0,0.0,0.0,0.0,0.0,0.0,0.0,0.0,0.0,0.0,0.0,0.0,0.0,0.0,0.0,0.0,0.0,0.0,0.0,0.0,0.0,0.0,0.0,0.0,0.0,0.0,0.0,0.0,0.0,0.0,0.0,0.0,0.0,0.0,0.0,0.0,0.0,0.0,0.0,0.0,0.0,0.0,0.0,0.0,0.0,0.0,0.0,0.0,0.0,0.0,0.0,0.0,0.0,0.0,0.0,0.0,0.0,0.0,0.0,0.0,0.0,0.0,0.0,0.0,0.0,0.0,0.0,0.0,0.0,0.0,0.0,0.0,0.0,0.0,0.0,0.0,0.0,0.0,0.0,0.0,0.0,0.0,0.0,0.0,0.0,0.0,0.0,0.0,0.0,0.0,0.0,0.0,0.0,0.0,0.0,0.0,0.0,0.0,0.0,0.0,0.0,0.0,0.0,0.0,0.0,0.0,0.0,0.0,0.0,0.0,0.0,0.0,0.0,0.0,0.0,0.0,0.0,0.0,0.0,0.0,0.0,0.0,0.0,0.0,0.0,0.0,0.0,0.0,0.0,0.0,0.0,0.0,0.0,0.0,0.0,0.0,0.0,0.0,0.0,0.0,0.0,0.0,0.0,0.0,0.0,0.0,0.0,0.0,0.0,0.0,0.0,0.0,0.0,0.0,0.0,0.0,0.0,0.0,0.0,0.0,0.0,0.0,0.0,0.0,0.0,0.0,0.0,0.0,0.0,0.0,0.0,0.0,0.0,0.0,0.0,0.0,0.0,0.0,0.0,0.0,0.0,0.0,0.0,0.0,0.0,0.0,0.0,0.0,0.0,0.0,0.0,0.0,0.0,0.0,0.0,0.0,0.0,0.0,0.0,0.0,0.0,0.0,0.0,0.0,0.0,0.0,0.0,0.0,0.0,0.0,0.0,0.0,0.0,0.0,0.0,0.0,0.0,0.0,0.0,0.0,0.0,0.0,0.0,0.0,0.0,0.0,0.0,0.0,0.0,0.0,0.0,0.0,0.0,0.0,0.0,0.0,0.0,0.0,0.0,0.0,0.0,0.0,0.0,0.0,0.0,0.0,0.0,0.0,0.0,0.0,0.0,0.0,0.0,0.0,0.0,0.0,0.0,0.0,0.0,0.0,0.0,0.0,0.0,0.0,0.0,0.0,0.0,0.0,0.0,0.0,0.0,0.0,0.0,0.0,0.0,0.0,0.0,0.0,0.0,0.0,0.0,0.0,0.0,0.0,0.0,0.0,0.0,0.0,0.0,0.0,0.0,0.0,0.0,0.0,0.0,0.0,0.0,0.0,0.0,0.0,0.0,0.0,0.0,0.0,0.0,0.0,0.0,0.0,0.0,0.0,0.0,0.0,0.0,0.0,0.0,0.0,0.0,0.0,0.0,0.0,0.0,0.0,0.0,0.0,0.0,0.0,0.0,0.0,0.0,0.0,0.0,0.0,0.0,0.0,0.0,0.0,0.0,0.0,0.0,0.0,0.0,0.0,0.0,0.0,0.0,0.0,0.0,0.0,0.0,0.0,0.0,0.0,0.0,0.0,0.0,0.0,0.0,0.0,0.0,0.0,0.0,0.0,0.0,0.0,0.0,0.0,0.0,0.0,0.0,0.0,0.0,0.0,0.0,0.0,0.0,0.0,0.0,0.0,0.0,0.0,0.0,0.0,0.0,0.0,0.0,0.0,0.0,0.0,0.0,0.0,0.0,0.0,0.0,0.0,0.0,0.0,0.0,0.0,0.0,0.0,0.0,0.0,0.0,0.0,0.0,0.0,0.0,0.0,0.0,0.0,0.0,0.0,0.0,0.0,0.0,0.0,0.0,0.0,0.0,0.0,0.0,0.0,0.0,0.0,0.0,0.0,0.0,0.0,0.0,0.0,0.0,0.0,0.0,0.0,0.0,0.0,0.0,0.0,0.0,0.0,0.0,0.0,0.0,0.0,0.0,0.0,0.0,0.0,0.0,0.0,0.0,0.0,0.0,0.0,0.0,0.0,0.0,0.0,0.0,0.0,0.0,0.0,0.0,0.0,0.0,0.0,0.0,0.0,0.0,0.0,0.0,0.0,0.0,0.0,0.0,0.0,0.0,0.0,0.0,0.0,0.0,0.0,0.0,0.0,0.0,0.0,0.0,0.0,0.0,0.0,0.0,0.0,0.0,0.0,0.0,0.0,0.0,0.0,0.0,0.0,0.0,0.0,0.0,0.0,0.0,0.0,0.0,0.0,0.0,0.0,0.0,0.0,0.0,0.0,0.0,0.0,0.0,0.0,0.0,0.0,0.0,0.0,0.0,0.0,0.0,0.0,0.0,0.0,0.0,0.0,0.0,0.0,0.0,0.0,0.0,0.0,0.0,0.0,0.0,0.0,0.0,0.0,0.0,0.0,0.0,0.0,0.0,0.0,0.0,0.0,0.0,0.0,0.0,0.0,0.0,0.0,0.0,0.0,0.0,0.0,0.0,0.0,0.0,0.0,0.0,0.0,0.0,0.0,0.0,0.0,0.0,0.0,0.0,0.0,0.0,0.0,0.0,0.0,0.0,0.0,0.0,0.0,0.0,0.0,0.0,0.0,0.0,0.0,0.0,0.0,0.0,0.0,0.0,0.0,0.0,0.0,0.0,0.0,0.0,0.0,0.0,0.0,0.0,0.0,0.0,0.0,0.0,0.0,0.0,0.0,0.0,0.0,0.0,0.0,0.0,0.0,0.0,0.0,0.0,0.0,0.0,0.0,0.0,0.0,0.0,0.0,0.0,0.0,0.0,0.0,0.0,0.0,0.0,0.0,0.0,0.0,0.0,0.0,0.0,0.0,0.0,0.0,0.0,0.0,0.0,0.0,0.0,0.0,0.0,0.0,0.0,0.0,0.0,0.0,0.0,0.0,0.0,0.0,0.0,0.0,0.0,0.0,0.0,0.0,0.0,0.0,0.0,0.0,0.0,0.0,0.0,0.0,0.0,0.0,0.0,0.0,0.0,0.0,0.0,0.0,0.0,0.0,0.0,0.0,0.0,0.0,0.0,0.0,0.0,0.0,0.0,0.0,0.0,0.0,0.0,0.0,0.0,0.0,0.0,0.0,0.0,0.0,0.0,0.0,0.0,0.0,0.0,0.0,0.0,0.0,0.0,0.0,0.0,0.0,0.0,0.0,0.0,0.0,0.0,0.0,0.0,0.0,0.0,0.0,0.0,0.0,0.0,0.0,0.0,0.0,0.0,0.0,0.0,0.0,0.0,0.0,0.0,0.0,0.0,0.0,0.0,0.0,0.0,0.0,0.0,0.0,0.0,0.0,0.0,0.0,0.0,0.0,0.0,0.0,0.0,0.0,0.0,0.0,0.0,0.0,0.0,0.0,0.0,0.0,0.0,0.0,0.0,0.0,0.0,0.0,0.0,0.0,0.0,0.0,0.0,0.0,0.0,0.0,0.0,0.0,0.0,0.0,0.0,0.0,0.0,0.0,0.0,0.0,0.0,0.0,0.0,5.514046999307216e-25,1.114992525084231e-24,1.6889557470414462e-24,2.2718922046789855e-24,2.8627037576169312e-24,3.4605232335527146e-24,4.064661010701893e-24,4.6745653903283514e-24,5.2897928194184755e-24,5.909985256383679e-24,6.53485278757864e-24,7.164160151378343e-24,7.79771620267878e-24,8.435365612768265e-24,9.076982284121384e-24,9.72246409233618e-24,1.0371728662973836e-23,1.1024709961265429e-23,1.168135552448584e-23,1.2341624205822339e-23,1.3005484327028133e-23,1.36729121603106e-23,1.434389067601755e-23,1.5018408506179262e-23,1.569645908408302e-23,1.6378039927886998e-23,1.7063152042555276e-23,1.775179941938469e-23,1.844398861615659e-23,1.913972840422369e-23,1.9839029471228126e-23,2.0541904170284438e-23,2.1248366307832344e-23,2.1958430964170134e-23,2.2672114341150884e-23,2.3389433632909837e-23,2.4110406915994374e-23,2.4835053055740083e-23,2.5563391626610667e-23,2.6295442844218414e-23,2.7031227507309606e-23,2.777076694822626e-23,2.8514082990585555e-23,2.9261197913083393e-23,3.001213441861491e-23,3.076691560781168e-23,3.152556495648516e-23,3.228810629634996e-23,3.3054563798564045e-23,3.382496195977277e-23,3.459932559015199e-23,3.5377679803353777e-23,3.6160050007971183e-23,3.694646190038191e-23,3.7736941458735447e-23,3.853151493799113e-23,3.9330208865821886e-23,4.013305003930702e-23,4.0940065522294214e-23,4.175128264330405e-23,4.256672899408675e-23,4.3386432428467885e-23,4.4210421061707784e-23,4.503872327018654e-23,4.5871367691349775e-23,4.6708383224066196e-23,4.7549799029077226e-23,4.8395644529808875e-23,4.924594941324336e-23,5.010074363113278e-23,5.096005740124279e-23,5.18239212088036e-23,5.2692365808105024e-23,5.356542222418453e-23,5.444312175465482e-23,5.532549597163553e-23,5.621257672377092e-23,5.710439613834333e-23,5.800098662349327e-23,5.890238087049801e-23,5.980861185612857e-23,6.071971284509637e-23,6.163571739256173e-23,6.255665934669372e-23,6.3482572851331e-23,6.44134923486716e-23,6.534945258203128e-23,6.629048859867707e-23,6.72366357527065e-23,6.818792970796773e-23,6.914440644106625e-23,7.010610224441433e-23,7.107305372928776e-23,7.204529782903979e-23,7.302287180228095e-23,7.400581323611065e-23,7.499416004946155e-23,7.598795049643353e-23,7.698722316972395e-23,7.799201700408278e-23,7.900237127982954e-23,8.00183256264139e-23,8.103992002605058e-23,8.206719481736756e-23,8.310019069913903e-23,8.41389487340469e-23,8.518351035254743e-23,8.623391735672744e-23,8.729021192420685e-23,8.835243661214694e-23,8.942063436132773e-23,9.049484850020857e-23,9.157512274908274e-23,9.266150122429366e-23,9.375402844249293e-23,9.485274932496911e-23,9.595770920200804e-23,9.706895381737697e-23,9.818652933275976e-23,9.93104823323566e-23,1.0044085982748404e-22,1.0157770926125114e-22,1.0272107851330439e-22,1.0387101590463227e-22,1.0502757020243295e-22,1.061907906250339e-22,1.0736072684690335e-22,1.0853742900370285e-22,1.097209476974125e-22,1.1091133400155213e-22,1.1210863946641067e-22,1.1331291612441672e-22,1.1452421649551482e-22,1.1574259359265786e-22,1.1696810092743756e-22,1.1820079251551361e-22,1.1944072288251635e-22,1.2068794706971082e-22,1.2194252063993518e-22,1.2320449968342627e-22,1.2447394082391264e-22,1.2575090122468766e-22,1.2703543859477752e-22,1.2832761119521283e-22,1.296274778453534e-22,1.3093509792933764e-22,1.3225053140258692e-22,1.3357383879839374e-22,1.3490508123465048e-22,1.3624432042061696e-22,1.3759161866378974e-22,1.3894703887688487e-22,1.4031064458489931e-22,1.416824999322783e-22,1.4306266969016327e-22,1.444512192637867e-22,1.4584821469991463e-22,1.4725372269438676e-22,1.4866781059982574e-22,1.5009054643339818e-22,1.5152199888470453e-22,1.5296223732376432e-22,1.5441133180914679e-22,1.5586935309617175e-22,1.5733637264519385e-22,1.5881246263016316e-22,1.6029769594709875e-22,1.6179214622285375e-22,1.6329588782385882e-22,1.6480899586509663e-22,1.6633154621915813e-22,1.6786361552542788e-22,1.694052811994481e-22,1.7095662144230084e-22,1.7251771525027198e-22,1.7408864242451247e-22,1.7566948358096036e-22,1.77260320160312e-22,1.7886123443819589e-22,1.8047230953552146e-22,1.8209362942879031e-22,1.8372527896080815e-22,1.8536734385140993e-22,1.8701991070838491e-22,1.8868306703845905e-22,1.903569012586601e-22,1.920415027076387e-22,1.937369616571583e-22,1.9544336932400926e-22,1.9716081788173245e-22,1.9888940047278888e-22,2.0062921122080568e-22,2.023803452429995e-22,2.0414289866280018e-22,2.0591696862269963e-22,2.0770265329720687e-22,2.095000519060657e-22,2.1130926472764803e-22,2.131303931125618e-22,2.149635394974386e-22,2.1680880741892596e-22,2.186663015279392e-22,2.2053612760411533e-22,2.224183925703356e-22,2.24313204507802e-22,2.262206726709962e-22,2.281409075030795e-22,2.3007402065141814e-22,2.3202012498343265e-22,2.339793346026249e-22,2.359517648648396e-22,2.379375323949721e-22,2.3993675510353226e-22,2.4194955220390085e-22,2.4397604422959604e-22,2.4601635305187546e-22,2.480706018976102e-22,2.501389153674703e-22,2.5222141945429814e-22,2.543182415619364e-22,2.5642951052419475e-22,2.5855535662416433e-22,2.6069591161394533e-22,2.628513087344475e-22,2.650216827357767e-22,2.6720716989774625e-22,2.6940790805083293e-22,2.71624036597403e-22,2.7385569653332916e-22,2.7610303046989893e-22,2.783661826560956e-22,2.806452990013129e-22,2.82940527098315e-22,2.852520162466516e-22,2.875799174764233e-22,2.899243835724629e-22,2.9228556909887183e-22,2.9466363042399436e-22,2.970587257457527e-22,2.994710151174831e-22,3.0190066047412624e-22,3.043478256588827e-22,3.0681267645028773e-22,3.092953805897582e-22,3.117961078095948e-22,3.14315029861449e-22,3.1685232054527496e-22,3.194081557386994e-22,3.219827134271211e-22,3.2457617373390104e-22,3.271887189514643e-22,3.2982053357273544e-22,3.324718043231253e-22,3.3514272019313124e-22,3.378334724713821e-22,3.40544254778335e-22,3.4327526310051355e-22,3.460266958254545e-22,3.4879875377697715e-22,3.5159164025136886e-22,3.544055610539573e-22,3.572407245365433e-22,3.600973416353308e-22,3.629756259095304e-22,3.658757935807113e-22,3.6879806357271466e-22,3.717426575524852e-22,3.7470979997133657e-22,3.776997181073638e-22,3.807126421080242e-22,3.8374880503401843e-22,3.868084429036347e-22,3.898917947381278e-22,3.9299910260758846e-22,3.9613061167792267e-22,3.9928657025854113e-22,4.024672298509901e-22,4.056728451983717e-22,4.0890367433573286e-22,4.121599786413277e-22,4.1544202288886407e-22,4.187500753006047e-22,4.220844076016129e-22,4.254452950748135e-22,4.288330166172577e-22,4.322478547971956e-22,4.356900959124394e-22,4.391600300496565e-22,4.426579511447696e-22,4.46184157044839e-22,4.4973894957037215e-22,4.533226345795135e-22,4.569355220330784e-22,4.605779260609585e-22,4.642501650296529e-22,4.679525616113291e-22,4.716854428538088e-22,4.754491402523505e-22,4.792439898224104e-22,4.830703321740322e-22,4.869285125876606e-22,4.9081888109114755e-22,4.947417925387952e-22,4.986976066913847e-22,5.026866882980999e-22,5.067094071798559e-22,5.107661383144081e-22,5.14857261923027e-22,5.1898316355903695e-22,5.231442341978683e-22,5.273408703291115e-22,5.315734740503117e-22,5.358424531624668e-22,5.401482212679294e-22,5.4449119786969435e-22,5.488718084730739e-22,5.532904846891959e-22,5.577476643406818e-22,5.622437915696926e-22,5.667793169476696e-22,5.713546975876322e-22,5.759703972590112e-22,5.806268865043547e-22,5.85324642758699e-22,5.900641504713915e-22,5.948459012304066e-22,5.996703938892295e-22,6.045381346964746e-22,6.094496374280002e-22,6.144054235220685e-22,6.194060222171882e-22,6.244519706929982e-22,6.295438142137778e-22,6.346821062754388e-22,6.398674087554715e-22,6.451002920660004e-22,6.503813353103011e-22,6.557111264423368e-22,6.610902624306823e-22,6.665193494243576e-22,6.719990029237181e-22,6.775298479545177e-22,6.831125192457899e-22,6.887476614115119e-22,6.944359291364538e-22,7.00177987366128e-22,7.059745115006634e-22,7.118261875934013e-22,7.177337125536337e-22,7.236977943535945e-22,7.297191522410066e-22,7.3579851695532465e-22,7.419366309495533e-22,7.48134248616839e-22,7.543921365222045e-22,7.607110736395222e-22,7.670918515942304e-22,7.735352749109874e-22,7.800421612675165e-22,7.866133417544881e-22,7.932496611405851e-22,7.999519781444275e-22,8.067211657128388e-22,8.135581113051991e-22,8.2046371718476e-22,8.274389007167861e-22,8.3448459467365965e-22,8.4160174754727785e-22,8.48791323868863e-22,8.56054304536393e-22,8.63391687149951e-22,8.708044863548164e-22,8.782937341937888e-22,8.858604804660082e-22,8.935057930973459e-22,9.012307585172013e-22,9.09036482045953e-22,9.169240882917789e-22,9.248947215563455e-22,9.329495462524885e-22,9.410897473294995e-22,9.49316530711341e-22,9.57631123744645e-22,9.660347756586378e-22,9.745287580357331e-22,9.831143652948798e-22,9.917929151865563e-22,1.000565749300645e-21,1.0094342335879674e-21,1.0183997588934723e-21,1.0274637415042738e-21,1.0366276237120713e-21,1.0458928743898422e-21,1.0552609895829407e-21,1.0647334931168216e-21,1.0743119372192069e-21,1.0839979031605049e-21,1.0937930019091151e-21,1.1036988748059826e-21,1.1137171942550484e-21,1.1238496644346178e-21,1.1340980220251015e-21,1.1444640369598048e-21,1.1549495131914608e-21,1.1655562894835971e-21,1.176286240221784e-21,1.187141276246679e-21,1.198123345711082e-21,1.209234434959749e-21,1.2204765694335228e-21,1.2318518145996208e-21,1.2433622769063325e-21,1.2550101047660004e-21,1.266797489564222e-21,1.2787266666983143e-21,1.290799916646158e-21,1.3030195660639428e-21,1.3153879889147663e-21,1.3279076076320899e-21,1.3405808943147946e-21,1.3534103719577095e-21,1.3663986157171398e-21,1.3795482542139473e-21,1.3928619708748201e-21,1.4063425053127815e-21,1.4199926547482144e-21,1.4338152754736456e-21,1.4478132843598883e-21,1.461989660408129e-21,1.4763474463505801e-21,1.4908897502966812e-21,1.5056197474307093e-21,1.5205406817611043e-21,1.5356558679228347e-21,1.5509686930357142e-21,1.5664826186196783e-21,1.5822011825694577e-21,1.5981280011914261e-21,1.6142667713032066e-21,1.6306212724001647e-21,1.6471953688894297e-21,1.6639930123961717e-21,1.6810182441411444e-21,1.6982751973972207e-21,1.7157681000232055e-21,1.7335012770766913e-21,1.7514791535201365e-21,1.7697062570069625e-21,1.7881872207606412e-21,1.8069267865514162e-21,1.825929807770401e-21,1.845201252602963e-21,1.8647462073138834e-21,1.8845698796355848e-21,1.904677602277109e-21,1.925074836548993e-21,1.945767176110072e-21,1.9667603508462147e-21,1.988060230879651e-21,2.0096728307175007e-21,2.03160431354585e-21,2.053860995670227e-21,2.0764493511164328e-21,2.099376016388733e-21,2.1226477954025547e-21,2.146271664586295e-21,2.1702547781705693e-21,2.1946044736660866e-21,2.2193282775393107e-21,2.2444339110955997e-21,2.269929296576139e-21,2.295822563480411e-21,2.322122055120014e-21,2.348836335418187e-21,2.375974195961945e-21,2.4035446633193376e-21,2.4315570066316496e-21,2.460020745496592e-21,2.4889456581478218e-21,2.5183417899523855e-21,2.5482194622332383e-21,2.578589281435983e-21,2.6094621486503625e-21,2.6408492695098105e-21,2.6727621644742744e-21,2.705212679528471e-21,2.7382129973022884e-21,2.771775648638414e-21,2.805913524627499e-21,2.840639889129479e-21,2.875968391810213e-21,2.9119130817090925e-21,2.9484884213683986e-21,2.985709301553242e-21,3.0235910565790103e-21,3.062149480291617e-21,3.101400842715273e-21,3.141361907420028e-21,3.182049949620678e-21,3.223482775063915e-21,3.265678739729242e-21,3.308656770393034e-21,3.3524363860902813e-21,3.3970377205301346e-21,3.442481545503079e-21,3.488789295336577e-21,3.5359830924508694e-21,3.584085774074016e-21,3.63312092017316e-21,3.683112882670587e-21,3.734086816003555e-21,3.786068709111925e-21,3.8390854189257276e-21,3.893164705412455e-21,3.948335268311101e-21,4.004626785603541e-21,4.062069953847905e-21,4.120696530450302e-21,4.180539378021043e-21,4.2416325108795646e-21,4.30401114387177e-21,4.367711743637926e-21,4.4327720824096214e-21,4.499231294561053e-21,4.567129936013988e-21,4.636510046698926e-21,4.707415216231746e-21,4.779890653013372e-21,4.853983256935133e-21,4.929741695932218e-21,5.007216486609355e-21,5.086460079165531e-21,5.1675269469258e-21,5.2504736807274826e-21,5.335359088483846e-21,5.422244300247563e-21,5.511192879125891e-21,5.602270938409362e-21,5.695547265334549e-21,5.791093451899906e-21,5.888984033197525e-21,5.98929663376211e-21,6.092112122468778e-21,6.197514776555071e-21,6.3055924553837074e-21,6.416436784615233e-21,6.5301433514980444e-21,6.646811912065075e-21,6.766546611060336e-21,6.889456215483157e-21,7.01565436275101e-21,7.145259824505046e-21,7.278396787216436e-21,7.41519515077244e-21,7.555790846476639e-21,7.700326175752886e-21,7.848950171343412e-21,8.001818982334533e-21,8.159096285303794e-21,8.320953723239313e-21,8.487571374544141e-21,8.659138254541909e-21,8.835852851912335e-21,9.017923703087458e-21,9.205570007436921e-21,9.399022286834922e-21,9.598523093079568e-21,9.804327767252657e-21,1.0016705255473578e-20,1.0235938985675356e-20,1.0462327810945887e-20,1.0696187024848205e-20,1.093784945548117e-20,1.1187666644973132e-20,1.1446010122250368e-20,1.1713272777522234e-20,1.198987034782912e-20,1.2276243023979532e-20,1.2572857190403856e-20,1.2880207310293158e-20,1.319881797034901e-20,1.3529246100424028e-20,1.3872083385409352e-20,1.422795888847851e-20,1.4597541906966916e-20,1.4981545084798052e-20,1.538072780777871e-20,1.5795899911500058e-20,1.6227925734821244e-20,1.6677728556339786e-20,1.7146295455100478e-20,1.7634682642380208e-20,1.814402131748367e-20,1.8675524106180033e-20,1.9230492149065008e-20,1.9810322915162258e-20,2.0416518826294306e-20,2.105069678897943e-20,2.1714598744017562e-20,2.2410103358732888e-20,2.3139239004525435e-20,2.3904198182508282e-20,2.4707353583116475e-20,2.5551275993286417e-20,2.6438754295746696e-20,2.737281784223709e-20,2.835676152522099e-20,2.939417392326342e-20,3.048896895429692e-20,3.164542154068968e-20,3.2868207872356584e-20,3.4162450951167954e-20,3.5533772215311895e-20,3.6988350180573235e-20,3.853298719692963e-20,4.017518561778559e-20,4.192323491185063e-20,4.378631153327267e-20,4.577459370585446e-20,4.789939369402744e-20,5.017331063756621e-20,5.261040764332879e-20,5.522641758596528e-20,5.803898299691562e-20,6.10679365773433e-20,6.433563029614999e-20,6.78673228218609e-20,7.169163727254086e-20,7.584110408932956e-20,8.035280741323517e-20,8.526915790084638e-20,9.063882076089769e-20,9.651783533706325e-20,1.025108608195243e-19,1.0959592819135373e-19,1.174118966847893e-19,1.2606040656883986e-19,1.3566091395041023e-19,1.463545118858217e-19,1.5830873468586963e-19,1.7172364657442708e-19,1.868396249302293e-19,2.039474042370393e-19,2.234011735764493e-19,2.4563585446124244e-19,2.711901890597263e-19,3.007380408515722e-19,3.3513152114689894e-19,3.754615003057379e-19,4.231442652585169e-19,4.388141175685698e-19,4.99284224543231e-19,5.72472008198771e-19,6.622164125417686e-19,7.73971804137674e-19,9.157254048599023e-19,1.0995834293334211e-18,1.3446186386708375e-18,1.6821844228901508e-18,2.166229093078544e-18,2.8941179062882895e-18,4.050334841167456e-18,6.001761230053519e-18,9.513156995338649e-18,1.6251645559440098e-17,3.0005768013955037e-17,5.971310079874145e-17,1.271431694813928e-16,2.866602516641211e-16,4.638221678109288e-16,4.638221678197682e-16,4.638221684422508e-16,1.2063866027867619e-15,3.0716429504626407e-15,7.754945248310168e-15,1.9354859851687697e-14,4.732930901468432e-14,1.1222969200556029e-13,2.5559732022264746e-13,5.546942704654471e-13,1.140336884926414e-12,2.211693087436604e-12,4.0368215585024734e-12,6.925860909708877e-12,1.1170401780137517e-11,1.695943728058831e-11,2.4301709859757965e-11,2.451915849644339e-11,2.4519158497465533e-11,3.325036927079901e-11,4.2921333918549095e-11,5.302981357064846e-11,6.307024597101329e-11,7.261395763189203e-11,8.135165052771325e-11,8.909902441858195e-11,9.577837998152037e-11,1.0139070395614797e-10,1.0598840804529504e-10,1.0965348879419149e-10,1.1248202441786344e-10,1.1457405259472174e-10,1.1602737641625283e-10,1.1693400615708137e-10,1.173782908019313e-10,1.1743611010698615e-10,1.1717472616066587e-10,1.166530405869585e-10,1.1592209415541985e-10,1.1502570134895976e-10,1.1400114788976097e-10,1.1287990278411881e-10,1.1168831280468949e-10,1.1044825896087023e-10,1.0917776287429372e-10,1.0789153694654463e-10,1.0660147640093899e-10,1.0531709413221252e-10,1.040459011601586e-10,1.0279373660950427e-10,1.015650517343275e-10,1.0127023230824894e-10,1.0007422012771973e-10,9.890873673932861e-11,9.77745155733879e-11,9.667221855025542e-11,9.560218441513105e-11,9.456442132578243e-11,9.355865656702654e-11,9.258439416513672e-11,9.164096715738564e-11,9.072758158853716e-11,8.984335263132533e-11,8.898733382027349e-11,8.815854048514429e-11,8.735596837120937e-11,8.657860829677435e-11,8.582545756246202e-11,8.509552871086043e-11,8.438785613336559e-11,8.370150093440144e-11,8.303555439300055e-11,8.238914030119266e-11,8.176141640779862e-11,8.115157515611184e-11,8.055884386877397e-11,7.99824845041609e-11,7.942179308643708e-11,7.887609889063267e-11,7.834476344906826e-11,7.782717943185101e-11,7.732276944376348e-11,7.68309847710994e-11,7.635130410448424e-11,7.58832322581071e-11,7.542629890178224e-11,7.498005731675699e-11,7.454408318498232e-11,7.411797341785352e-11,7.37013450287222e-11,7.329383405258151e-11,7.289509451380126e-11,7.25047974431555e-11,7.212262994384537e-11,7.17482943056775e-11,7.138150716660501e-11,7.102199871993117e-11,7.066951196574162e-11,7.03238020046591e-11,6.99846353720601e-11,6.96517894108432e-11,6.932505168080439e-11,6.90042194026321e-11,6.868909893474468e-11,6.83795052810007e-11,6.807526162760095e-11,6.777619890740516e-11,6.748215539012321e-11,6.719297629666135e-11,6.690851343632811e-11,6.66286248653815e-11,6.635317456563735e-11,6.608203214188954e-11,6.58150725369681e-11,6.555217576331838e-11,6.529322665008408e-11,6.50381146047362e-11,6.478673338829507e-11,6.453898090333345e-11,6.4294758993965e-11,6.40539732569966e-11,6.381653286368263e-11,6.358235039136434e-11,6.335134166425278e-11,6.312342560302753e-11,6.289852408258625e-11,6.267656179740786e-11,6.245746613416747e-11,6.224116705109937e-11,6.202759696372983e-11,6.191262462050427e-11,6.170316769657087e-11,6.149627392220219e-11,6.12918864056788e-11,6.10899483401557e-11,6.089040423254262e-11,6.069320023581461e-11,6.049828420493583e-11,6.030560566677541e-11,6.011511576454054e-11,5.992676719616113e-11,5.974051415280847e-11,5.955631225943821e-11,5.937411851786977e-11,5.919389125246197e-11,5.901559005830755e-11,5.883917575184803e-11,5.86646103237391e-11,5.849185689393569e-11,5.832087966876901e-11,5.815164390002671e-11,5.7984115845814317e-11,5.781826273322254e-11,5.7654052722612145e-11,5.749145487347875e-11,5.73304391118232e-11,5.7170976198928914e-11,5.701303770148511e-11,5.685659596299718e-11,5.6701624076401596e-11,5.6548095857843506e-11,5.639598582155876e-11,5.624526915578968e-11,5.609592169971812e-11,5.594791992131594e-11,5.58012408961332e-11,5.565586228691444e-11,5.55117623240717e-11,5.536891978690961e-11,5.5227313985593344e-11,5.5086924743865426e-11,5.49477323824075e-11,5.480971770286005e-11,5.467286197246318e-11,5.453714690928504e-11,5.4402554668029623e-11,5.4269067826355896e-11,5.413666937174011e-11,5.400534268881974e-11,5.3875071547209156e-11,5.374584008977373e-11,5.3617632821326443e-11,5.349043459774638e-11,5.336423061548971e-11,5.323900640148158e-11,5.311474780337035e-11,5.299144098013103e-11,5.286907239300484e-11,5.27476287967531e-11,5.2627097231224454e-11,5.2507465013212483e-11,5.2388719728600106e-11,5.227084922476981e-11,5.2153841603278256e-11,5.203768521277966e-11,5.192236864218919e-11,5.180788071407632e-11,5.1694210478282886e-11,5.1581347205748175e-11,5.14692803825443e-11,5.135799970410574e-11,5.124749506964854e-11,5.113775657677735e-11,5.102877451623763e-11,5.092053936689701e-11,5.081304179082791e-11,5.0706272628576226e-11,5.0600222894575454e-11,5.049488377270349e-11,5.0390246611982894e-11,5.028630292240807e-11,5.018304437091148e-11,5.008046277744501e-11,4.997855011119081e-11,4.987729848688004e-11,4.977670016122775e-11,4.967674752947521e-11,4.957743312203451e-11,4.94787496012357e-11,4.938068975817036e-11,4.9283246509625746e-11,4.9186412895114116e-11,4.909018207398414e-11,4.899454732262052e-11,4.889950203172244e-11,4.880503970366143e-11,4.871115394991491e-11,4.8617838488573164e-11,4.8525087141916153e-11,4.843289383406261e-11,4.834125258867801e-11,4.825015752675292e-11,4.8159602864443685e-11,4.806958291096718e-11,4.798009206655933e-11,4.78911248204847e-11,4.780267574910612e-11,4.771473951400042e-11,4.762731086013066e-11,4.754038461406576e-11,4.7453955682241124e-11,4.736801904928048e-11,4.728256977634706e-11,4.71976029995464e-11,4.711311392836885e-11,4.702909784417304e-11,4.694555009870851e-11,4.6862466112677e-11,4.6779841374330386e-11,4.6697671438104344e-11,4.6615951923286946e-11,4.6534678512721976e-11,4.645384695154415e-11,4.6373453045944856e-11,4.6293492661970636e-11,4.621396172435109e-11,4.6134856215355275e-11,4.6056172173677233e-11,4.5977905693347376e-11,4.590005292267198e-11,4.582261006319719e-11,4.574557336869913e-11,4.566893914419745e-11,4.5592703744993224e-11,4.5516863575728667e-11,4.5441415089470094e-11,4.5366354786814764e-11,4.5291679215012106e-11,4.5217384967112536e-11,4.514346868113236e-11,4.50699270392392e-11,4.4996756766955635e-11,4.4923954632381795e-11,4.485151744543497e-11,4.477944205710727e-11,4.4707725358739564e-11,4.463636428131188e-11,4.4565355794749357e-11,4.449469690724525e-11,4.442438466459785e-11,4.4354416149560475e-11,4.428478848120866e-11,4.4215498814320154e-11,4.414654433876788e-11,4.407792227892664e-11,4.4009629893092546e-11,4.3941664472914746e-11,4.387402334283962e-11,4.380670385956665e-11,4.3739703411516266e-11,4.367301941830818e-11,4.360664933025095e-11,4.3540590627844176e-11,4.3474840821286636e-11,4.3409397449999226e-11,4.3344258082155615e-11,4.327942031422268e-11,4.3214881770510694e-11,4.315064010273221e-11,4.3086692989570714e-11,4.302303813625654e-11,4.2959673274154136e-11,4.2896596160354495e-11,4.28338045772774e-11,4.2771296332281215e-11,4.2709069257280473e-11,4.264712120837066e-11,4.2585450065461047e-11,4.2524053731914415e-11,4.246293013419338e-11,4.2402077221514186e-11,4.2341492965506034e-11,4.2281175359878756e-11,4.222112242009544e-11,4.2161332183051877e-11,4.210180270676213e-11,4.2042532070049324e-11,4.1983518372243427e-11,4.192475973288369e-11,4.1866254291427125e-11,4.1808000206962216e-11,4.174999565792812e-11,4.1692238841838854e-11,4.1634727975012526e-11,4.157746129230573e-11,4.152043704685268e-11,4.146365350980883e-11,4.140710897009923e-11,4.1350801734171864e-11,4.129473012575486e-11,4.1291392328525833e-11,4.128816159166745e-11,4.128489351149792e-11,4.128160854485758e-11,4.127833864205083e-11,4.127510477938863e-11,4.127191856299797e-11,4.126878604112698e-11,4.1265710300717164e-11,4.126269291669131e-11,4.1259734705683455e-11,4.12568361067734e-11,4.125399737030587e-11,4.1251218652022144e-11,4.124850005896394e-11,4.1245841672469355e-11,4.1243243559203494e-11,4.124070577671108e-11,4.123822837616304e-11,4.123581140369657e-11,4.123345490107121e-11,4.12311589060562e-11,4.122892345265218e-11,4.1226748570960416e-11,4.122463428753269e-11,4.1222580625288066e-11,4.122058760359881e-11,4.1218655238225554e-11,4.121678354155268e-11,4.121497252221736e-11,4.121322218554239e-11,4.1211532533442526e-11,4.1209903564285186e-11,4.12083352732375e-11,4.120682765202797e-11,4.120538068901819e-11,4.120399436934699e-11,4.120266867481868e-11,4.1201403584073335e-11,4.120019907247855e-11,4.119905511224601e-11,4.119797167246869e-11,4.119694871906206e-11,4.119598621486897e-11,4.119508411968525e-11,4.1194242390266645e-11,4.119346098036536e-11,4.1192739840763383e-11,4.119207891930246e-11,4.119147816091253e-11,4.119093750764638e-11,4.1190456898705815e-11,4.1190036270478596e-11,4.118967555653922e-11,4.1189374687732317e-11,4.118913359216538e-11,4.118895219524911e-11,4.11888304197235e-11,4.1188768185717145e-11,4.1188765410722083e-11,4.118882200966458e-11,4.11889378949638e-11,4.118911297642419e-11,4.118934716152599e-11,4.11896403551246e-11,4.11899924598142e-11,4.1190403375739525e-11,4.1190873000656195e-11,4.119140123002364e-11,4.1191987957019985e-11,4.1192633072466324e-11,4.1193336465022835e-11,4.119409802119937e-11,4.119491762525898e-11,4.119579515944757e-11,4.119673050352016e-11,4.119772353560566e-11,4.119877413146368e-11,4.119988216501318e-11,4.120104750812175e-11,4.120227003073897e-11,4.120354960075195e-11,4.1204886084418984e-11,4.120627934564108e-11,4.1207729246919016e-11,4.120923564877538e-11,4.1210798409971024e-11,4.121241738743311e-11,4.121409243661429e-11,4.1215823410981586e-11,4.121761016244301e-11,4.1219452541124026e-11,4.122135039585558e-11,4.1223303573745806e-11,4.1225311920153694e-11,4.1227375279133706e-11,4.122949349317696e-11,4.123166640329138e-11,4.123389384909813e-11,4.123617566881014e-11,4.1238511699029176e-11,4.1240901775308466e-11,4.124334573160747e-11,4.1245843400796715e-11,4.124839461444521e-11,4.125099920271642e-11,4.1253656994651364e-11,4.125636781804152e-11,4.12591314995458e-11,4.126194786472284e-11,4.126481673782104e-11,4.1267737942345734e-11,4.1270711300229404e-11,4.12737366327323e-11,4.127681376038731e-11,4.127994250172947e-11,4.128312267489147e-11,4.128635409763749e-11,4.1289636586061364e-11,4.129296995552731e-11,4.129635402019193e-11,4.1299788594499614e-11,4.130327349093674e-11,4.1306808521482734e-11,4.1310393497648114e-11,4.131402822984448e-11,4.131771252779141e-11,4.132144620043773e-11,4.1325229056277685e-11,4.132906090301657e-11,4.1332941547708556e-11,4.133687079681835e-11,4.1340848456148395e-11,4.1344874330946755e-11,4.1348948226020936e-11,4.135306994529412e-11,4.1357239292269033e-11,4.1361456070579096e-11,4.136572008256949e-11,4.137003113054747e-11,4.137438901627357e-11,4.137879354105609e-11,4.1383244505749706e-11,4.138774171091714e-11,4.139228495662867e-11,4.139687404316792e-11,4.14015087698085e-11,4.1406188935772327e-11,4.141091434012281e-11,4.141568478132852e-11,4.1420500057928184e-11,4.142535996804633e-11,4.143026430968027e-11,4.143521288053164e-11,4.144020547837734e-11,4.1445241900550676e-11,4.1450321944409516e-11,4.145544540692635e-11,4.1460612085261806e-11,4.146582177619273e-11,4.147107427631951e-11,4.147636938296531e-11,4.148170689317594e-11,4.1487086602563926e-11,4.149250830836301e-11,4.149797180717139e-11,4.1503476895742947e-11,4.150902337041602e-11,4.1514611028146145e-11,4.152023966596039e-11,4.152590908041101e-11,4.153161906839383e-11,4.15373694269929e-11,4.154315995309722e-11,4.15489904440455e-11,4.155486069743118e-11,4.1560770509880445e-11,4.156671967975301e-11,4.1572708004948754e-11,4.1578735283598434e-11,4.1584801313391637e-11,4.1590905892570003e-11,4.15970488200361e-11,4.160322989441005e-11,4.160944891314848e-11,4.1615705679903576e-11,4.1621999990760805e-11,4.1628331646301314e-11,4.1634700446759895e-11,4.1641106192327334e-11,4.164754868388248e-11,4.165402772260113e-11,4.166054310962919e-11,4.1667094646627777e-11,4.167368213558708e-11,4.1680305378865297e-11,4.168696417946657e-11,4.169365833981683e-11,4.170038766376546e-11,4.170715195507346e-11,4.171395101827043e-11,4.1720784657518714e-11,4.172765267806702e-11,4.173455488537706e-11,4.1741491085336744e-11,4.174846108422288e-11,4.175546468888778e-11,4.176250170650402e-11,4.1769571944742416e-11,4.1776675211733625e-11,4.1783811316316166e-11,4.1790980067301116e-11,4.1798181274258146e-11,4.1805414747265186e-11,4.181268029645287e-11,4.1819977733332627e-11,4.1827306869477086e-11,4.1834667516976185e-11,4.184205948844291e-11,4.184948259701674e-11,4.185693665637281e-11,4.1864421480725265e-11,4.1871936884835e-11,4.1879482684012716e-11,4.1887058694123814e-11,4.1894664731596676e-11,4.190230061346233e-11,4.190996615533572e-11,4.1917661179166903e-11,4.1925385499647155e-11,4.1933138940397895e-11,4.1940921319602725e-11,4.194873245689782e-11,4.195657217372449e-11,4.1964440294312924e-11,4.197233663634454e-11,4.1980261024283634e-11,4.198821328248337e-11,4.199619323466223e-11,4.2004200705481915e-11,4.201223552017177e-11,4.202029750388599e-11,4.202838648577205e-11,4.203650229165567e-11,4.204464474948899e-11,4.205281368770906e-11,4.2061008935775554e-11,4.2069230323127345e-11,4.207747768036614e-11,4.2085750838893906e-11,4.209404962977992e-11,4.2102373885830725e-11,4.211072344011416e-11,4.211909812635498e-11,4.212749777893828e-11,4.213592223290712e-11,4.214437132393021e-11,4.2152844889192163e-11,4.21613427641734e-11,4.2169864787835974e-11,4.217841079766134e-11,4.2186980633278575e-11,4.219557413460066e-11,4.2204191141410697e-11,4.221283149509005e-11,4.222149503736056e-11,4.223018161071577e-11,4.223889105757514e-11,4.224762322236336e-11,4.2256377950178305e-11,4.226515508563269e-11,4.2273954473667175e-11,4.228277596254173e-11,4.229161939802161e-11,4.2300484628828576e-11,4.230937150404384e-11,4.231827987120277e-11,4.2327209578211865e-11,4.2336160481237323e-11,4.234513242923275e-11,4.235412527403974e-11,4.2363138867894034e-11,4.237217306480479e-11,4.238122771839122e-11,4.239030268314119e-11,4.239939781879359e-11,4.240851297298442e-11,4.24176480074943e-11,4.2426802780049055e-11,4.2435977147518604e-11,4.244517096860313e-11,4.2454384103387344e-11,4.246361641268621e-11,4.247286775591622e-11,4.248213799544091e-11,4.2491426993591467e-11,4.250073461448851e-11,4.2510060720491496e-11,4.2519405175961587e-11,4.252876784598172e-11,4.253814859606443e-11,4.254754729209879e-11,4.255696380233667e-11,4.256639799345834e-11,4.257584973422297e-11,4.2585318893435987e-11,4.2594805340788544e-11,4.26043089466283e-11,4.261382958198698e-11,4.2623367118556006e-11,4.263292142860139e-11,4.2642492385250974e-11,4.265207986065046e-11,4.266168373051332e-11,4.267130387016991e-11,4.268094015520593e-11,4.269059246196095e-11,4.270026066757446e-11,4.270994464936807e-11,4.2719644287051515e-11,4.272935945425138e-11,4.2739090039596384e-11,4.274883591853172e-11,4.275859697195794e-11,4.2768373081317724e-11,4.2778164127788425e-11,4.278796999414244e-11,4.279779056543049e-11,4.2807625724846685e-11,4.281747535723931e-11,4.282733934799997e-11,4.283721758315916e-11,4.284710994937667e-11,4.2857016333919944e-11,4.286693662469183e-11,4.287687071021483e-11,4.288681847964411e-11,4.289677982623476e-11,4.2906754636892376e-11,4.2916742802541777e-11,4.292674421486434e-11,4.2936758766112006e-11,4.2946786349084846e-11,4.295682685727792e-11,4.2966880184679933e-11,4.2976946226029116e-11,4.298702487654963e-11,4.299711603213144e-11,4.3007219589262885e-11,4.3017335444977335e-11,4.3027463497012655e-11,4.303760364358477e-11,4.304775578353394e-11,4.305791981629304e-11,4.3068095638987335e-11,4.307828315503223e-11,4.308848226575227e-11,4.309869287286425e-11,4.3108914878763415e-11,4.311914818617487e-11,4.312939269853757e-11,4.3139648320114156e-11,4.314991495553416e-11,4.316019251001717e-11,4.317048088926927e-11,4.318077999783381e-11,4.3191089746292834e-11,4.320141004014847e-11,4.321174078734103e-11,4.3222081896460246e-11,4.32324332824525e-11,4.324279484210678e-11,4.325316649492922e-11,4.326354814842422e-11,4.327393971483503e-11,4.328434110593673e-11,4.329475223415885e-11,4.330517301277779e-11,4.331560335438357e-11,4.3326043173272564e-11,4.333649238866347e-11,4.334695090565903e-11,4.335741864513093e-11,4.33678955224228e-11,4.3378381454986346e-11,4.338887635999892e-11,4.33993801537334e-11,4.340989276109957e-11,4.342041408761192e-11,4.34309440584728e-11,4.3441482595780827e-11,4.34520296257713e-11,4.3462585053033454e-11,4.347314880655627e-11,4.3483720808164826e-11,4.349430098010336e-11,4.3504889244966265e-11,4.351548552622456e-11,4.352608974668174e-11,4.353670182771915e-11,4.3547321697984635e-11,4.355794928204629e-11,4.356858450233727e-11,4.3579227288411054e-11,4.358987756585988e-11,4.360053526041839e-11,4.361120029966205e-11,4.3621872610837225e-11,4.3632552122728266e-11,4.3643238768366616e-11,4.365393246928577e-11,4.366463315808982e-11,4.3675340765178866e-11,4.3686055220923576e-11,4.369677645623433e-11,4.370750441044812e-11,4.371823899997709e-11,4.3728980171540056e-11,4.373972784712407e-11,4.375048196115527e-11,4.3761242448874476e-11,4.377200924512298e-11,4.378278228445339e-11,4.379356150210084e-11,4.380434683260359e-11,4.381513821616304e-11,4.382593558278709e-11,4.383673887230974e-11,4.3847548017713584e-11,4.385836295627884e-11,4.386918363173362e-11,4.388000998400778e-11,4.389084194144601e-11,4.3901679448494115e-11,4.391252244411217e-11,4.392337086864174e-11,4.3934224661879546e-11,4.394508376472376e-11,4.3955948117942575e-11,4.3966817662938385e-11,4.397769234118582e-11,4.398857209498044e-11,4.399945686726341e-11,4.4010346602840575e-11,4.402124124034367e-11,4.403214072675402e-11,4.404304500451009e-11,4.405395401820978e-11,4.40648677107331e-11,4.407578603079352e-11,4.4086708923237536e-11,4.409763633338725e-11,4.410856821204752e-11,4.411950449806106e-11,4.4130445140813093e-11,4.414139008580136e-11,4.415233928556824e-11,4.416329268806917e-11,4.417425023826476e-11,4.4185211880640584e-11,4.4196177573938806e-11,4.4207147263584045e-11,4.4218120899037783e-11,4.4229098430199804e-11,4.424007980769241e-11,4.425106498211433e-11,4.42620539046527e-11,4.4273046526676055e-11,4.428404279992974e-11,4.429504267648692e-11,4.430604610874433e-11,4.431705304942835e-11,4.4328063451583264e-11,4.433907726857258e-11,4.43500944540824e-11,4.4361114962110636e-11,4.43721387469653e-11,4.438316576327531e-11,4.439419596597729e-11,4.440522931031184e-11,4.4416265751830516e-11,4.4427305246388e-11,4.4438347750141857e-11,4.4449393219549345e-11,4.446044161137264e-11,4.4471492882662076e-11,4.448254699076955e-11,4.449360389334173e-11,4.450466354831328e-11,4.451572591391112e-11,4.452679094864909e-11,4.4537858611327883e-11,4.454892886103445e-11,4.456000166068906e-11,4.4571076961014457e-11,4.4582154727186864e-11,4.459323492000427e-11,4.460431749966666e-11,4.461540243123004e-11,4.462648967078023e-11,4.463757918083777e-11,4.464867091862395e-11,4.465976485894376e-11,4.467086094507283e-11,4.4681959148902954e-11,4.46930594330075e-11,4.4704161760284955e-11,4.471526609388645e-11,4.47263723961024e-11,4.473748063170473e-11,4.474859076461671e-11,4.475970275900648e-11,4.4770816579297334e-11,4.478193219015879e-11,4.479304955651096e-11,4.480416864351925e-11,4.481528941659465e-11,4.482641184139231e-11,4.483753588380676e-11,4.48486615099732e-11,4.4859788686266034e-11,4.4870917379299704e-11,4.488204755591386e-11,4.489317918318404e-11,4.490431222843307e-11,4.4915446660271914e-11,4.492658244540736e-11,4.493771955184781e-11,4.494885794779479e-11,4.4959997601738873e-11,4.4971138482321724e-11,4.498228055824181e-11,4.499342379886203e-11,4.5004568173521735e-11,4.501571365177852e-11,4.502686020340931e-11,4.5038007798403245e-11,4.5049156406964667e-11,4.506030599936718e-11,4.50714565463407e-11,4.508260801894596e-11,4.5093760387239746e-11,4.510491362459674e-11,4.5116067701635934e-11,4.512722259112627e-11,4.5138378260529464e-11,4.514953468659827e-11,4.516069183424585e-11,4.517184968647557e-11,4.51830082008378e-11,4.5194167368020056e-11,4.520532715529583e-11,4.521648754114747e-11,4.522764848944366e-11,4.52388099705702e-11,4.524997196443485e-11,4.526113444511276e-11,4.52722973922967e-11,4.528346076842714e-11,4.529462455376888e-11,4.530578872189155e-11,4.5316953249293034e-11,4.5328118112024055e-11,4.533928328374371e-11,4.535044873996268e-11,4.53616144567943e-11,4.537278041034216e-11,4.538394657431623e-11,4.539511292891134e-11,4.540627944851103e-11,4.5417446109644434e-11,4.542861288886532e-11,4.5439779762949516e-11,4.545094670865923e-11,4.546211370414732e-11,4.547328072622835e-11,4.5484447752461106e-11,4.5495614760609646e-11,4.5506781728232295e-11,4.551794863422227e-11,4.552911545753094e-11,4.554028217654179e-11,4.5551448765443564e-11,4.556261520463993e-11,4.5573781474593806e-11,4.558494755313155e-11,4.559611342039742e-11,4.560727905811272e-11,4.5618444441813696e-11,4.562960955291636e-11,4.564077436593486e-11,4.5651938866632197e-11,4.566310303312703e-11,4.567426684662364e-11,4.5685430286863656e-11,4.569659333223165e-11,4.5707755965573105e-11,4.5718918160260176e-11,4.5730079912968225e-11,4.574124119523702e-11,4.5752401988920324e-11,4.576356227529402e-11,4.5774722036210794e-11,4.5785881245300687e-11,4.579703989171931e-11,4.580819796548378e-11,4.581935544019348e-11,4.583051229931412e-11,4.584166852340569e-11,4.5852824096125784e-11,4.586397899960224e-11,4.5875133215568227e-11,4.58862867276963e-11,4.589743952261914e-11,4.590859157216272e-11,4.591974287050578e-11,4.5930893397568757e-11,4.5942043135958115e-11,4.59531920706912e-11,4.5964340183985176e-11,4.5975487458930226e-11,4.598663388101182e-11,4.599777942786116e-11,4.600892409639736e-11,4.602006786948697e-11,4.60312107206562e-11,4.604235264137307e-11,4.6053493613174666e-11,4.606463362555848e-11,4.607577266343986e-11,4.608691070053222e-11,4.6098047731162e-11,4.610918373901306e-11,4.6120318707330085e-11,4.6131452625831395e-11,4.614258547787159e-11,4.6153717248915833e-11,4.616484792818167e-11,4.61759774948543e-11,4.618710593815366e-11,4.619823323775123e-11,4.6209359392661467e-11,4.622048438248562e-11,4.623160819385484e-11,4.624273081330622e-11,4.625385222738656e-11,4.6264972422649444e-11,4.627609138672167e-11,4.628720910355813e-11,4.6298325564450776e-11,4.630944075321767e-11,4.632055465776417e-11,4.633166726560476e-11,4.634277856470334e-11,4.6353888541588753e-11,4.636499718582821e-11,4.6376104480615955e-11,4.6387210415070914e-11,4.63983149797235e-11,4.640941816242897e-11,4.642051994875282e-11,4.643162032925486e-11,4.6442719291484886e-11,4.6453816826447567e-11,4.646491291480083e-11,4.647600754999833e-11,4.6487100720152307e-11,4.649819241376345e-11,4.6509282619697874e-11,4.652037132682479e-11,4.6531458523846045e-11,4.654254419958508e-11,4.65536283436329e-11,4.6564710944970586e-11,4.657579199282193e-11,4.6586871477512356e-11,4.659794938677878e-11,4.6609025708741713e-11,4.6620100436255025e-11,4.663117355810666e-11,4.6642245070622875e-11,4.665331495049527e-11,4.6664383193149846e-11,4.6675449797639043e-11,4.668651473675105e-11,4.669757800964644e-11,4.670863960631218e-11,4.6719699517389235e-11,4.6730757732280495e-11,4.6741814242235233e-11,4.6752869037704045e-11,4.6763922109115286e-11,4.677497344729235e-11,4.678602304269983e-11,4.679707088637712e-11,4.680811696877642e-11,4.6819161281025915e-11,4.683020381451953e-11,4.684124456011719e-11,4.685228350881592e-11,4.6863320658757306e-11,4.68743559878323e-11,4.68853894951643e-11,4.689642117525244e-11,4.690745100973916e-11,4.6918478996087267e-11,4.6929505125668095e-11,4.6940529390129315e-11,4.6951551781212177e-11,4.696257229129006e-11,4.6973590911831263e-11,4.69846076343541e-11,4.699562245168488e-11,4.700663535526311e-11,4.701764633939573e-11,4.70286553925487e-11,4.703966250892689e-11,4.7050667681355345e-11,4.706167090111145e-11,4.7072672162782136e-11,4.708367145579278e-11,4.709466877428551e-11,4.710566411598099e-11,4.711665746302588e-11,4.712764881392652e-11,4.713863816103603e-11,4.714962549747406e-11,4.716061081600836e-11,4.717159410985087e-11,4.718257536962433e-11,4.719355459083858e-11,4.720453176851037e-11,4.7215506893758625e-11,4.722647996145568e-11,4.723745096194708e-11,4.724841989036906e-11,4.725938673943435e-11,4.727035150510891e-11,4.7281314178437605e-11,4.7292274752652764e-11,4.7303233220408484e-11,4.731418957531297e-11,4.732514381611721e-11,4.7336095933159415e-11,4.7347045920146166e-11,4.735799377335981e-11,4.736893949040025e-11,4.737988305219744e-11,4.739082446335348e-11,4.7401763712472636e-11,4.741270079525177e-11,4.7423635706368675e-11,4.743456844117962e-11,4.7445498992754616e-11,4.7456427355787354e-11,4.7467353524234414e-11,4.747827749300091e-11,4.7489199256849195e-11,4.75001188095853e-11,4.751103614677065e-11,4.752195126235376e-11,4.7532864151072605e-11,4.754377480699413e-11,4.7554683225398395e-11,4.756558940177758e-11,4.757649333035624e-11,4.7587395005189986e-11,4.759829442265779e-11,4.760919157698457e-11,4.7620086463218006e-11,4.763097907561547e-11,4.764186941064742e-11,4.765275746295791e-11,4.766364322712219e-11,4.767452669883945e-11,4.768540787352799e-11,4.7696286745389274e-11,4.770716331129399e-11,4.771803756597493e-11,4.772890950482282e-11,4.773977912588644e-11,4.7750646419411526e-11,4.7761511383560204e-11,4.777237401621567e-11,4.7783234308330037e-11,4.77940922578636e-11,4.780494786240604e-11,4.7815801113379994e-11,4.782665201967423e-11,4.78375005580313e-11,4.784834673047959e-11,4.785919053561998e-11,4.787003196808847e-11,4.7880871026406144e-11,4.78917077032925e-11,4.790254199111001e-11,4.791337389561542e-11,4.7924203404957924e-11,4.7935030521354917e-11,4.7945855238016134e-11,4.7956677550876435e-11,4.7967497453198925e-11,4.7978314946364234e-11,4.798913002246e-11,4.799994268197693e-11,4.801075291439984e-11,4.802156073759759e-11,4.803236611724022e-11,4.804316906376894e-11,4.805396957359437e-11,4.806476764533671e-11,4.807556327343977e-11,4.808635645608055e-11,4.8097147187528186e-11,4.810793546507728e-11,4.811872128367163e-11,4.812950465219523e-11,4.814028554531755e-11,4.815106397564087e-11,4.816183993415967e-11,4.817261341838772e-11,4.818338442492866e-11,4.819415295066417e-11,4.820491899346248e-11,4.821568255138774e-11,4.822644362160324e-11,4.8237202201450293e-11,4.8247958277944995e-11,4.8258711862793635e-11,4.826946294528973e-11,4.828021152384195e-11,4.829095759817388e-11,4.830170116337115e-11,4.831244220705584e-11,4.832318074111495e-11,4.8333916754408734e-11,4.834465024942026e-11,4.8355381222950046e-11,4.8366109668697576e-11,4.8376835583503e-11,4.838755896997682e-11,4.839827982209547e-11,4.8408998134692385e-11,4.8419713895892285e-11,4.843042712930325e-11,4.844113781192008e-11,4.845184595345571e-11,4.8462551544839124e-11,4.8473254584699194e-11,4.84839550681804e-11,4.849465300133054e-11,4.85053483685208e-11,4.8516041178243534e-11,4.8526731423153114e-11,4.853741909812716e-11,4.854810420456713e-11,4.855878674008761e-11,4.8569466703533534e-11,4.858014409010353e-11,4.859081889932281e-11,4.860149112831259e-11,4.8612160775495673e-11,4.862282783961632e-11,4.8633492316570903e-11,4.8644154206005344e-11,4.865481350413509e-11,4.866547021146808e-11,4.867612432260096e-11,4.868677583684802e-11,4.869742475515639e-11,4.870807107125732e-11,4.8718714781411787e-11,4.872935588966365e-11,4.8739994392773654e-11,4.875063028886408e-11,4.876126356824793e-11,4.8771894238072013e-11,4.878252229895988e-11,4.879314774163372e-11,4.880377056466341e-11,4.881439076967224e-11,4.882500835361089e-11,4.883562331744448e-11,4.88462356476415e-11,4.885684535887292e-11,4.8867452446672255e-11,4.887805690372745e-11,4.888865873117047e-11,4.8899257918720624e-11,4.89098544734839e-11,4.892044839527716e-11,4.8931039675496237e-11,4.8941628315535894e-11,4.895221431651065e-11,4.896279767882563e-11,4.897337839392118e-11,4.8983956463401996e-11,4.899453188659965e-11,4.900510465973515e-11,4.9015674788708746e-11,4.902624226078068e-11,4.903680708017906e-11,4.9047369245510335e-11,4.905792875773244e-11,4.9068485610767135e-11,4.907903980762856e-11,4.9089591342925053e-11,4.9100140220889555e-11,4.911068643371429e-11,4.912122998426561e-11,4.913177086928925e-11,4.9142309089610504e-11,4.915284464407747e-11,4.916337752991784e-11,4.917390774687754e-11,4.918443528927949e-11,4.919496015956304e-11,4.92054823559109e-11,4.9216001877740274e-11,4.922651872792757e-11,4.92370329000067e-11,4.9247544392716386e-11,4.925805321588539e-11,4.926855934921601e-11,4.927906280195144e-11,4.928956357439897e-11,4.930006166370539e-11,4.931055706837493e-11,4.932104978680608e-11,4.933153982084822e-11,4.934202716271941e-11,4.9352511817880955e-11,4.936299378371256e-11,4.937347306163909e-11,4.9383949645978667e-11,4.9394423540830496e-11,4.9404894740944384e-11,4.9415363246116483e-11,4.942582905825832e-11,4.9436292165012985e-11,4.9446752582679427e-11,4.945721030302252e-11,4.946766532612527e-11,4.947811764918332e-11,4.9488567272181934e-11,4.9499014196437705e-11,4.9509458419879777e-11,4.9519899936639885e-11,4.9530338754731744e-11,4.9540774867858006e-11,4.9551208276534905e-11,4.9561638978155075e-11,4.9572066972302814e-11,4.9582492260946864e-11,4.959291484177364e-11,4.960333471237053e-11,4.961375187526581e-11,4.962416632810109e-11,4.9634578069656595e-11,4.964498710635993e-11,4.965539340957191e-11,4.9665797016565835e-11,4.9676197910694776e-11,4.9686596090489376e-11,4.969699155957205e-11,4.9707384310524886e-11,4.971777434951701e-11,4.972816167572828e-11,4.973854627959674e-11,4.97489281660707e-11,4.975930733462415e-11,4.976968379180381e-11,4.978005752444125e-11,4.9790428545179e-11,4.980079683604595e-11,4.981116240839352e-11,4.9821525261746464e-11,4.983188539188594e-11,4.984224280027127e-11,4.985259748723298e-11,4.98629494516101e-11,4.98732986918684e-11,4.988364520877059e-11,4.989398899982285e-11,4.9904330068601315e-11,4.991466842326163e-11,4.9925004042248935e-11,4.993533693528613e-11,4.994566710326216e-11,4.995599454422924e-11,4.9966319257213787e-11,4.9976641238591754e-11,4.998696049477207e-11,4.999727702518077e-11,5.000759082812747e-11,5.001790190342147e-11,5.002821024575885e-11,5.0038515861749464e-11,5.0048818746672875e-11,5.005911890547446e-11,5.006941633280513e-11,5.007971103062358e-11,5.0090002997016185e-11,5.0100292232989146e-11,5.011057873278773e-11,5.012086250408521e-11,5.0131143543168795e-11,5.0141421852058826e-11,5.015169743396141e-11,5.016197026737022e-11,5.0172240371928916e-11,5.018250774932139e-11,5.019277239578235e-11,5.0203034309257155e-11,5.021329348313299e-11,5.022354992905293e-11,5.023380364261249e-11,5.0244054619713776e-11,5.0254302863575864e-11,5.026454836712956e-11,5.027479114298389e-11,5.028503118399509e-11,5.029526849059631e-11,5.030550306324423e-11,5.0315734900107524e-11,5.0325964001960423e-11,5.033619036869882e-11,5.0346414000612104e-11,5.035663489746345e-11,5.0366853058895094e-11,5.037706848411592e-11,5.038728117445841e-11,5.039749112854188e-11,5.040769834765385e-11,5.041790283288245e-11,5.042810456728327e-11,5.043830356234393e-11,5.044849983780688e-11,5.045869337552458e-11,5.0468884189131664e-11,5.0479072257503597e-11,5.0489257588712865e-11,5.0499440182151523e-11,5.0509620025811385e-11,5.0519797150246614e-11,5.0529971538498593e-11,5.054014318952796e-11,5.055031209781225e-11,5.0560478276803884e-11,5.057064171923054e-11,5.0580802425190615e-11,5.059096038905197e-11,5.0601115624335424e-11,5.061126812177536e-11,5.062141788540877e-11,5.063156491344354e-11,5.064170920502394e-11,5.0651850759690716e-11,5.066198958187826e-11,5.067212566552889e-11,5.0682259008835334e-11,5.069238962489959e-11,5.070251750405295e-11,5.0712642648079504e-11,5.07227650585538e-11,5.0732884732676933e-11,5.074300167055881e-11,5.07531158751299e-11,5.076322734651395e-11,5.077333607254776e-11,5.078344207674047e-11,5.0793545343542375e-11,5.080364587492551e-11,5.081374367346863e-11,5.082383872377567e-11,5.083393105558976e-11,5.084402065779715e-11,5.085410752257387e-11,5.086419164048138e-11,5.087427304160456e-11,5.088435170846817e-11,5.089442764493511e-11,5.090450084545059e-11,5.091457131399327e-11,5.092463905101432e-11,5.093470405407291e-11,5.094476632673139e-11,5.095482587002457e-11,5.096488267990398e-11,5.097493676009437e-11,5.0984988108468496e-11,5.099503672593108e-11,5.100508261471153e-11,5.101512577146247e-11,5.102516619880073e-11,5.103520390045864e-11,5.1045238867717405e-11,5.1055271105658326e-11,5.106530061449005e-11,5.1075327394654976e-11,5.1085351444801414e-11,5.1095372770070855e-11,5.1105391363801924e-11,5.111540723160013e-11,5.1125420372068284e-11,5.113543078891145e-11,5.114543847634932e-11,5.11554434343741e-11,5.1165445666609156e-11,5.1175445172439e-11,5.118544194899273e-11,5.1195436003967795e-11,5.120542733329118e-11,5.121541593633873e-11,5.12254018144808e-11,5.123538496895294e-11,5.1245365401370726e-11,5.1255343109276006e-11,5.126531809224335e-11,5.127529035604706e-11,5.1285259894020665e-11,5.1295226710606795e-11,5.130519080383104e-11,5.1315152173988436e-11,5.132511082594407e-11,5.133506675287885e-11,5.134501995950116e-11,5.1354970445264127e-11,5.13649182144667e-11,5.137486326140978e-11,5.138480558332812e-11,5.1394745190948294e-11,5.140468208004105e-11,5.141461625057646e-11,5.1424547702424305e-11,5.14344764395817e-11,5.144440245478686e-11,5.145432575454265e-11,5.1464246337596426e-11,5.147416420418535e-11,5.148407935481415e-11,5.1493991789965684e-11,5.150390151023054e-11,5.1513808515374434e-11,5.1523712806140295e-11,5.1533614382733976e-11,5.154351324576842e-11,5.155340939469938e-11,5.1563302831564354e-11,5.157319355593426e-11,5.1583081568206615e-11,5.159296686729279e-11,5.160284945652042e-11,5.16127293349162e-11,5.1622606509591535e-11,5.163248097340359e-11,5.164235272565406e-11,5.1652221770455946e-11,5.166208810055947e-11,5.1671951727173226e-11,5.168181264565684e-11,5.1691670854919034e-11,5.17015263583878e-11,5.171137915045697e-11,5.172122923668e-11,5.17310766167078e-11,5.1740921291320406e-11,5.175076326425854e-11,5.1760602529209395e-11,5.177043908798553e-11,5.178027294564804e-11,5.1790104099640895e-11,5.179993255089417e-11,5.1809758300325e-11,5.181958134739183e-11,5.182940169284473e-11,5.183921933769513e-11,5.1849034284602785e-11,5.185884652889126e-11,5.186865607383999e-11,5.187846291278691e-11,5.188826705976668e-11,5.1898068507726703e-11,5.190786725879771e-11,5.19176633088198e-11,5.1927456657709865e-11,5.193724731920203e-11,5.194703528476229e-11,5.195682055322103e-11,5.196660312434592e-11,5.19763830047149e-11,5.198616019326195e-11,5.199593468811185e-11,5.2005706488814925e-11,5.2015475597079824e-11,5.202524201281049e-11,5.20350057523837e-11,5.20447667856894e-11,5.205452512849951e-11,5.2064280781186754e-11,5.207403374454553e-11,5.2083784018812436e-11,5.2093531604709185e-11,5.210327650263052e-11,5.211301871307774e-11,5.2122758236545957e-11,5.213249507348355e-11,5.214222922452039e-11,5.215196069014874e-11,5.216168947086978e-11,5.217141556772893e-11,5.2181138980716416e-11,5.2190859709727914e-11,5.220057775643649e-11,5.2210293120927764e-11,5.2220005803687104e-11,5.2229715804958264e-11,5.2239423124884926e-11,5.2249127764560404e-11,5.22588297250713e-11,5.22685290056093e-11,5.2278225606667195e-11,5.228791953061978e-11,5.229761077673696e-11,5.230729934584609e-11,5.231698523928703e-11,5.2326668456038143e-11,5.233634899687858e-11,5.234602686300936e-11,5.235570205500564e-11,5.236537457436769e-11,5.237504441704323e-11,5.238471158994108e-11,5.239437609280692e-11,5.24040379209991e-11,5.241369707797513e-11,5.242335356743813e-11,5.243300738521791e-11,5.244265853567277e-11,5.245230702074758e-11,5.2461952831885346e-11,5.2471595979055494e-11,5.248123645692187e-11,5.2490874268356886e-11,5.2500509409693707e-11,5.25101418861384e-11,5.251977170264232e-11,5.252939884910151e-11,5.253902333107262e-11,5.254864515041623e-11,5.255826431487239e-11,5.256788080977963e-11,5.257749464283303e-11,5.2587105815004474e-11,5.2596714326479626e-11,5.2606320177216436e-11,5.2615923368658586e-11,5.262552390231749e-11,5.263512177778519e-11,5.264471699540024e-11,5.265430955594174e-11,5.266389946022621e-11,5.267348670811448e-11,5.2683071301872005e-11,5.269265323978129e-11,5.270223252344547e-11,5.271180915351907e-11,5.272138312936738e-11,5.27309544552379e-11,5.2740523128553724e-11,5.275008915041783e-11,5.27596525326099e-11,5.2769213253547014e-11,5.277877132494711e-11,5.2788326758304846e-11,5.27978795325164e-11,5.280742965898901e-11,5.2816977138325664e-11,5.2826521971281855e-11,5.283606415829769e-11,5.28456037066141e-11,5.285514060517179e-11,5.286467485773754e-11,5.2874206466857564e-11,5.2883735432606303e-11,5.289326175619441e-11,5.290278543815867e-11,5.2912306480659585e-11,5.292182488252474e-11,5.2931340644417786e-11,5.294085376523685e-11,5.2950364247088005e-11,5.295987209094179e-11,5.296937729727621e-11,5.297887986656091e-11,5.2988379800620894e-11,5.299787709776214e-11,5.300737176143266e-11,5.301686378959288e-11,5.302635318461512e-11,5.303583994637855e-11,5.3045324076129686e-11,5.305480557313475e-11,5.306428443830657e-11,5.307376067332181e-11,5.308323427670259e-11,5.3092705251573204e-11,5.310217359716172e-11,5.3111639312567017e-11,5.312110240009736e-11,5.313056286188298e-11,5.314002069657296e-11,5.314947590431392e-11,5.315892849005711e-11,5.3168378446954736e-11,5.3177825779784503e-11,5.318727048897599e-11,5.319671257453326e-11,5.320615203879594e-11,5.3215588881261846e-11,5.322502310461938e-11,5.3234454706201085e-11,5.3243883687182466e-11,5.325331005105247e-11,5.326273379634025e-11,5.327215492089458e-11,5.32815734309611e-11,5.3290989324359264e-11,5.330040259901699e-11,5.330981325972634e-11,5.3319221306727495e-11,5.332862674216235e-11,5.333802955860546e-11,5.3347429763095594e-11,5.3356827355980745e-11,5.3366222335664777e-11,5.3375614705819835e-11,5.3385004466665336e-11,5.3394391612655086e-11,5.340377615338877e-11,5.341315808475226e-11,5.34225374090582e-11,5.343191412613007e-11,5.344128823654727e-11,5.3450659740947085e-11,5.346002863997685e-11,5.346939493417054e-11,5.347875862436331e-11,5.348811971115631e-11,5.3497478195075426e-11,5.350683407553255e-11,5.351618735460734e-11,5.3525538033792394e-11,5.3534886112732114e-11,5.3544231595219785e-11,5.3553574475395445e-11,5.356291475944054e-11,5.3572252443585106e-11,5.358158751722269e-11,5.3590920007628674e-11,5.360024990232146e-11,5.36095772026145e-11,5.3618901907564697e-11,5.362822402060886e-11,5.3637543549554047e-11,5.3646860470524037e-11,5.365617480287019e-11,5.3665486544141514e-11,5.3674795693345073e-11,5.368410225372273e-11,5.3693406227285004e-11,5.370270760932902e-11,5.371200640457064e-11,5.3721302598133853e-11,5.373059621665958e-11,5.373988725119229e-11,5.3749175699790214e-11,5.3758461563225166e-11,5.3767744839485895e-11,5.3777025527710013e-11,5.378630364175429e-11,5.379557915999004e-11,5.380485210875316e-11,5.381412246387862e-11,5.3823390251219476e-11,5.3832655460330474e-11,5.3841918085379406e-11,5.385117813516622e-11,5.386043560741539e-11,5.386969048408849e-11,5.3878942802684236e-11,5.388819255191577e-11,5.3897439719445725e-11,5.3906684313136513e-11,5.391592633280207e-11,5.3925165779128795e-11,5.393440265536566e-11,5.394363696301987e-11,5.395286869712136e-11,5.3962097854421915e-11,5.3971324447179594e-11,5.3980548467381794e-11,5.398976991710438e-11,5.3998988800705106e-11,5.4008205117021403e-11,5.401741886705085e-11,5.402663004969031e-11,5.403583866557078e-11,5.40450447165602e-11,5.4054248204983524e-11,5.406344912851194e-11,5.4072647490778074e-11,5.408184329086028e-11,5.4091036529181075e-11,5.41002272056302e-11,5.4109415321332306e-11,5.411860087483899e-11,5.412778387306305e-11,5.413696431018413e-11,5.414614219412267e-11,5.415531752470699e-11,5.416449029439305e-11,5.4173660508604225e-11,5.418282816627723e-11,5.419199327456819e-11,5.420115582404727e-11,5.421031581879684e-11,5.421947326463988e-11,5.4228628159277736e-11,5.423778050217064e-11,5.4246930290387194e-11,5.4256077519447206e-11,5.426522221338223e-11,5.4274364359603306e-11,5.428350395130403e-11,5.429264100202996e-11,5.4301775506589705e-11,5.431090746500943e-11,5.4320036879104266e-11,5.4329163744383675e-11,5.4338288069349017e-11,5.434740985161851e-11,5.435652909164616e-11,5.436564579210778e-11,5.437475994836735e-11,5.4383871564947416e-11,5.43929806345502e-11,5.440208717179089e-11,5.441119117046642e-11,5.442029263123886e-11,5.442939155655804e-11,5.4438487946433594e-11,5.444758178457023e-11,5.445667308672212e-11,5.446576186263472e-11,5.447484811024483e-11,5.448393182012601e-11,5.449301300100908e-11,5.450209163576229e-11,5.451116775126348e-11,5.4520241341258596e-11,5.452931239853141e-11,5.45383809264653e-11,5.454744692858564e-11,5.455651040293979e-11,5.456557134729668e-11,5.457462975945865e-11,5.458368565088924e-11,5.4592739018827206e-11,5.4601789859327116e-11,5.461083817589912e-11,5.4619883969040005e-11,5.4628927235689765e-11,5.463796798426552e-11,5.4647006212305433e-11,5.465604191860807e-11,5.466507510387381e-11,5.467410577168784e-11,5.468313391754535e-11,5.469215954846353e-11,5.470118266283746e-11,5.471020325351178e-11,5.471922134824545e-11,5.472823691516912e-11,5.4737249965880214e-11,5.474626050180407e-11,5.475526852175609e-11,5.476427403316463e-11,5.4773277030066665e-11,5.4782277516201996e-11,5.479127548120681e-11,5.480027095318809e-11,5.480926390894706e-11,5.4818254356219287e-11,5.482724229113551e-11,5.4836227722088474e-11,5.484521064651596e-11,5.4854191067937965e-11,5.4863168991905035e-11,5.487214439960367e-11,5.4881117297127445e-11,5.4890087692906674e-11,5.4899055590833226e-11,5.490802099706153e-11,5.491698388878583e-11,5.4925944295255963e-11,5.4934902185877646e-11,5.494385757875295e-11,5.495281047271582e-11,5.4961760866715676e-11,5.497070876360333e-11,5.497965416448277e-11,5.498859706843031e-11,5.499753747778924e-11,5.500647539083376e-11,5.5015410811006486e-11,5.5024343737344695e-11,5.503327416547167e-11,5.50422021068306e-11,5.50511275565748e-11,5.5060050513852576e-11,5.506897098235344e-11,5.5077888961225187e-11,5.508680445113057e-11,5.509571745273018e-11,5.5104627965246335e-11,5.511353599268093e-11,5.512244153300791e-11,5.5131344588004694e-11,5.514024515032444e-11,5.5149143235992026e-11,5.515803883798653e-11,5.516693195696987e-11,5.517582259360382e-11,5.518471074854961e-11,5.519359642246881e-11,5.520247961438823e-11,5.521136032823955e-11,5.522023856304961e-11,5.522911431947898e-11,5.523798759818937e-11,5.524685839984225e-11,5.5255726725099087e-11,5.526459257292373e-11,5.5273455947372816e-11,5.5282316847409684e-11,5.529117527369588e-11,5.5300031226891794e-11,5.530888470593179e-11,5.5317735713352754e-11,5.532658424971559e-11,5.533543031716465e-11,5.534427391482914e-11,5.535311504336994e-11,5.53619537034353e-11,5.537078989571101e-11,5.5379623620845374e-11,5.538845487783707e-11,5.539728367067203e-11,5.54061099983477e-11,5.5414933861524787e-11,5.542375526086181e-11,5.543257419558754e-11,5.544139066772484e-11,5.545020467951262e-11,5.545901623010386e-11,5.546782531877294e-11,5.5476631948951685e-11,5.548543611991429e-11,5.5494237832320665e-11,5.55030370868311e-11,5.551183388410528e-11,5.5520628224803134e-11,5.5529420110045507e-11,5.5538209540026843e-11,5.55469965149537e-11,5.555578103594302e-11,5.5564563103654414e-11,5.55733427187475e-11,5.5582119881880844e-11,5.559089459371414e-11,5.559966685490712e-11,5.5608436666118587e-11,5.5617204028007953e-11,5.562596894123367e-11,5.5634731407066336e-11,5.564349142494205e-11,5.565224899700758e-11,5.5661004122167807e-11,5.5669756801959205e-11,5.567850703795127e-11,5.568725482897934e-11,5.5696000176613236e-11,5.5704743081511835e-11,5.571348354433309e-11,5.57222215675972e-11,5.57309571446081e-11,5.573969028689331e-11,5.574842098972641e-11,5.575714925348079e-11,5.576587507374887e-11,5.577459846216153e-11,5.578331941370503e-11,5.579203792905554e-11,5.580075400889313e-11,5.5809467653863186e-11,5.581817886459475e-11,5.582688764178557e-11,5.5835593986077e-11,5.5844297898136654e-11,5.5852999378053625e-11,5.586169842759129e-11,5.587039504688028e-11,5.587908923656975e-11,5.588778099729146e-11,5.58964703297221e-11,5.5905157234503965e-11,5.591384170972352e-11,5.592252376121751e-11,5.5931203387032694e-11,5.5939880587827945e-11,5.594855536428197e-11,5.5957227716944244e-11,5.596589764664342e-11,5.59745651560927e-11,5.598323024283435e-11,5.599189290733999e-11,5.6000553151411666e-11,5.600921097305222e-11,5.601786637914964e-11,5.602651936660396e-11,5.603516993670312e-11,5.604381808885102e-11,5.605246382302412e-11,5.6061107141376525e-11,5.606974804456326e-11,5.6078386533237666e-11,5.608702260805416e-11,5.6095656269666604e-11,5.610428752152186e-11,5.6112916358689363e-11,5.612154278461505e-11,5.613016679995248e-11,5.613878840535526e-11,5.6147407601476735e-11,5.615602438897003e-11,5.616463876848878e-11,5.617325074068584e-11,5.618186030032093e-11,5.6190467459238294e-11,5.6199072214668715e-11,5.6207674564040585e-11,5.62162745089075e-11,5.6224872054196514e-11,5.6233467196820215e-11,5.6242059937177485e-11,5.625065027574884e-11,5.625923821010726e-11,5.626782374773002e-11,5.627640688679056e-11,5.62849876234479e-11,5.629356596519794e-11,5.6302141908678315e-11,5.631071545272401e-11,5.631928660303911e-11,5.632785535524978e-11,5.6336421712467714e-11,5.634498567540643e-11,5.635354724470557e-11,5.636210642101296e-11,5.637066320503633e-11,5.6379217597048766e-11,5.6387769599807975e-11,5.639631921040816e-11,5.6404866431277384e-11,5.6413411263360575e-11,5.6421953706717415e-11,5.643049376257693e-11,5.6439031430702945e-11,5.6447566712662866e-11,5.645609960878865e-11,5.646463011972991e-11,5.647315824579363e-11,5.648168398834112e-11,5.6490207347301674e-11,5.649872832366816e-11,5.650724691809405e-11,5.6515763131178715e-11,5.65242769636511e-11,5.65327884160691e-11,5.65412974892335e-11,5.6549804183633726e-11,5.6558308499964624e-11,5.656681043559384e-11,5.657530999770658e-11,5.658380718376662e-11,5.659230199431944e-11,5.660079443004854e-11,5.6609284491544944e-11,5.6617772179510265e-11,5.6626257496185635e-11,5.6634740439024706e-11,5.6643221003084074e-11,5.665169920341225e-11,5.6660175034287857e-11,5.6668648494665675e-11,5.6677119586038416e-11,5.6685588309142895e-11,5.6694054664420466e-11,5.6702518652706826e-11,5.6710980274508585e-11,5.671943953059781e-11,5.672789642149866e-11,5.6736350947919e-11,5.674480311163022e-11,5.67532529110382e-11,5.676170034788699e-11,5.677014542282989e-11,5.677858813651471e-11,5.678702849125148e-11,5.67954664843648e-11,5.680390211814644e-11,5.681233539335482e-11,5.682076631040646e-11,5.6829194870079394e-11,5.6837621073611085e-11,5.6846044920405425e-11,5.685446641235059e-11,5.6862885549481336e-11,5.6871302332444536e-11,5.687971676185801e-11,5.6888128838375735e-11,5.689653856264675e-11,5.690494593479143e-11,5.691335095648295e-11,5.692175362733262e-11,5.6930153949549236e-11,5.693855192217239e-11,5.694694754643207e-11,5.695534082344401e-11,5.696373175690559e-11,5.6972120339789065e-11,5.6980506576846156e-11,5.698889046711272e-11,5.69972720144025e-11,5.700565121776271e-11,5.7014028078026484e-11,5.702240259551671e-11,5.703077476582194e-11,5.703914460047677e-11,5.704751209422647e-11,5.705587724809679e-11,5.7064240057185354e-11,5.70726005335843e-11,5.708095867085313e-11,5.708931447049595e-11,5.7097667941370226e-11,5.710601906715158e-11,5.711436785822818e-11,5.7122714313441903e-11,5.713105843489033e-11,5.7139400223154335e-11,5.7147739677308854e-11,5.715607679873851e-11,5.7164411588414664e-11,5.717274404484513e-11,5.718107417321784e-11,5.718940197446071e-11,5.719772744683893e-11,5.7206050587606395e-11,5.72143714008256e-11,5.722268988631849e-11,5.72310060516467e-11,5.723931988485348e-11,5.7247631392321146e-11,5.7255940575456233e-11,5.726424743437158e-11,5.727255196996109e-11,5.728085418148046e-11,5.728915407030816e-11,5.729745163915585e-11,5.730574689127617e-11,5.731403981885383e-11,5.73223304267474e-11,5.733061871550012e-11,5.7338904685935406e-11,5.7347188338571015e-11,5.735546967405592e-11,5.7363748692949195e-11,5.7372025396071846e-11,5.73802997839459e-11,5.738857185721263e-11,5.739684161647459e-11,5.740510906238263e-11,5.741337419561907e-11,5.742163701678836e-11,5.74298975264929e-11,5.743815572536109e-11,5.744641161396794e-11,5.7454665193122534e-11,5.7462916463560866e-11,5.747116542559263e-11,5.747941207996024e-11,5.748765642725239e-11,5.749589846814655e-11,5.7504138203344814e-11,5.7512375633188423e-11,5.7520610758740557e-11,5.752884358047657e-11,5.7537074098906755e-11,5.7545302314747205e-11,5.75535282286494e-11,5.756175184120443e-11,5.7569973153117605e-11,5.7578192164920524e-11,5.758640887725471e-11,5.759462329076923e-11,5.7602835405125594e-11,5.761104522299482e-11,5.761925274388016e-11,5.762745796843427e-11,5.763566089739229e-11,5.764386153135337e-11,5.7652059871454656e-11,5.766025592277168e-11,5.7668449675794045e-11,5.767664113650402e-11,5.768483030349848e-11,5.769301718035736e-11,5.77012017655333e-11,5.770938407323227e-11,5.771756408019092e-11,5.772574179824256e-11,5.773391722818116e-11,5.77420903706612e-11,5.775026122638335e-11,5.7758429796292397e-11,5.7766596080156255e-11,5.7774760079128517e-11,5.7782921793366005e-11,5.779108122461362e-11,5.779923837228224e-11,5.78073932444095e-11,5.7815545827728375e-11,5.782369613022695e-11,5.7831844152458635e-11,5.7839989894434594e-11,5.78481333565407e-11,5.78562745408743e-11,5.7864413449225844e-11,5.787255007567775e-11,5.7880684425480316e-11,5.788881650285428e-11,5.7896946301373585e-11,5.7905073826439785e-11,5.791319907627278e-11,5.7921322051973056e-11,5.7929442754995405e-11,5.793756118344891e-11,5.794567732696323e-11,5.795379121329738e-11,5.796190283786887e-11,5.7970012185782525e-11,5.797811927066868e-11,5.7986224079333396e-11,5.799432662360633e-11,5.800242689702163e-11,5.801052491655604e-11,5.801862065439692e-11,5.8026714131309625e-11,5.803480533196329e-11,5.804289427704241e-11,5.805098095909249e-11,5.805906537724276e-11,5.8067147530601124e-11,5.807522743506558e-11,5.808330505264115e-11,5.8091380424398925e-11,5.8099453541764417e-11,5.810752439188082e-11,5.8115592980980976e-11,5.812365931629943e-11,5.813172339292829e-11,5.813978521193279e-11,5.8147844775189646e-11,5.8155902090014856e-11,5.8163957143910976e-11,5.81720099207576e-11,5.818006046563205e-11,5.818810875792364e-11,5.819615479846433e-11,5.820419859823362e-11,5.821224013379954e-11,5.82202794175075e-11,5.822831645924817e-11,5.823635123833793e-11,5.824438377513679e-11,5.825241406461077e-11,5.826044210485955e-11,5.826846789860833e-11,5.827649144679155e-11,5.82845127479494e-11,5.829253180245702e-11,5.8300548608442e-11,5.830856318571471e-11,5.831657550976934e-11,5.832458559936917e-11,5.833259344665333e-11,5.834059905583954e-11,5.834860242529702e-11,5.835660354214123e-11,5.836460241973709e-11,5.837259905759621e-11,5.838059345849778e-11,5.838858563206747e-11,5.839657555359919e-11,5.840456324236558e-11,5.841254869497023e-11,5.842053191054543e-11,5.842851290506155e-11,5.843649165120144e-11,5.844446816574152e-11,5.845244244692478e-11,5.84604144953219e-11,5.84683843177938e-11,5.847635190257984e-11,5.848431725839325e-11,5.849228038407955e-11,5.850024128301679e-11,5.850819995103822e-11,5.851615639212121e-11,5.852411060429247e-11,5.853206258861143e-11,5.854001234973136e-11,5.854795988568971e-11,5.855590519483178e-11,5.856384827969331e-11,5.85717891426852e-11,5.85797277807179e-11,5.858766419697711e-11,5.859559838860271e-11,5.860353036091475e-11,5.861146011275386e-11,5.861938764457242e-11,5.862731295634447e-11,5.863523605253673e-11,5.864315692282076e-11,5.865107557988891e-11,5.86589920178506e-11,5.866690624293732e-11,5.867481825126852e-11,5.868272804442041e-11,5.869063563540339e-11,5.869854099983316e-11,5.870644415109308e-11,5.871434508960577e-11,5.872224381871058e-11,5.873014033261543e-11,5.873803463752831e-11,5.874592674174204e-11,5.875381662610948e-11,5.876170430100575e-11,5.876958978485449e-11,5.877747303930027e-11,5.878535408962793e-11,5.879323293480918e-11,5.880110957288156e-11,5.880898400568671e-11,5.881685626474397e-11,5.882472629293898e-11,5.883259411093433e-11,5.884045972798492e-11,5.884832313947478e-11,5.885618434914146e-11,5.88640433633564e-11,5.887190017687899e-11,5.887975479050081e-11,5.888760720588555e-11,5.889545741740467e-11,5.890330543141602e-11,5.891115124934068e-11,5.891899487103729e-11,5.892683629408377e-11,5.893467552453004e-11,5.894251255662312e-11,5.895034740218899e-11,5.89581800457441e-11,5.89660104960473e-11,5.897383875667235e-11,5.898166482351153e-11,5.898948869722175e-11,5.899731037978248e-11,5.900512986932249e-11,5.901294717198653e-11,5.902076228615085e-11,5.902857522207269e-11,5.903638596226308e-11,5.90441945134259e-11,5.905200088106957e-11,5.905980505538379e-11,5.906760703967826e-11,5.907540684987876e-11,5.908320447408102e-11,5.909099991394409e-11,5.909879316589365e-11,5.910658424013448e-11,5.911437312821554e-11,5.912215983912904e-11,5.912994437085856e-11,5.913772671080605e-11,5.91455068797373e-11,5.915328487640437e-11,5.916106068806345e-11,5.916883432512423e-11,5.917660578334157e-11,5.918437506665638e-11,5.919214216937964e-11,5.919990710146765e-11,5.920766985198055e-11,5.921543042526826e-11,5.922318883012114e-11,5.923094506694121e-11,5.923869912881239e-11,5.924645101984872e-11,5.925420073880702e-11,5.926194831412606e-11,5.926969368962318e-11,5.927743690433999e-11,5.928517793800803e-11,5.929291681188701e-11,5.930065351739056e-11,5.930838805495572e-11,5.931612042697307e-11,5.932385062389083e-11,5.933157866073347e-11,5.933930453719427e-11,5.934702824879174e-11,5.935474979792033e-11,5.936246918518313e-11,5.937018640934166e-11,5.937790147169688e-11,5.938561437551902e-11,5.939332511265966e-11,5.940103369387329e-11,5.940874011576845e-11,5.941644437751984e-11,5.94241464826938e-11,5.943184643053506e-11,5.94395442213695e-11,5.944723984888789e-11,5.945493331173155e-11,5.946262463567203e-11,5.947031380353021e-11,5.947800082406371e-11,5.948568568618692e-11,5.949336842156236e-11,5.950104897884238e-11,5.950872738456881e-11,5.951640363881662e-11,5.952407774179027e-11,5.953174969213425e-11,5.953941950252282e-11,5.954708715939629e-11,5.955475266540769e-11,5.956241602698985e-11,5.957007723780638e-11,5.957773630584588e-11,5.958539322884946e-11,5.959304800006625e-11,5.960070063201677e-11,5.96083511166206e-11,5.961599945724659e-11,5.962364566360096e-11,5.963128972693066e-11,5.963893164693501e-11,5.964657142509667e-11,5.965420906567675e-11,5.966184456224341e-11,5.966947792173201e-11,5.967710914222857e-11,5.96847382246096e-11,5.969236517067376e-11,5.969998997973294e-11,5.970761264446709e-11,5.971523318207945e-11,5.972285158734251e-11,5.973046784871857e-11,5.973808198267313e-11,5.974569398386633e-11,5.975330385048314e-11,5.976091158423982e-11,5.976851718884778e-11,5.977612066437983e-11,5.978372201642426e-11,5.979132122927133e-11,5.979891831559109e-11,5.980651326721874e-11,5.981410609626176e-11,5.982169680062746e-11,5.982928537447495e-11,5.983687181306227e-11,5.984445613301222e-11,5.985203831093225e-11,5.985961838588168e-11,5.986719633175163e-11,5.987477215372367e-11,5.988234585300793e-11,5.988991742983126e-11,5.989748688810858e-11,5.990505422563279e-11,5.9912619443129e-11,5.992018253999558e-11,5.992774351686513e-11,5.99353023712221e-11,5.994285911274441e-11,5.995041374067369e-11,5.995796625173323e-11,5.996551663718374e-11,5.997306491234962e-11,5.998061107251389e-11,5.99881551169205e-11,5.999569704839084e-11,6.000323686676341e-11,6.001077456987933e-11,6.001831016436889e-11,6.002584364659303e-11,6.003337502564516e-11,6.004090428406582e-11,6.004843143301695e-11,6.005595647412667e-11,6.006347940570849e-11,6.007100022908933e-11,6.007851894420545e-11,6.008603555326226e-11,6.009355005553174e-11,6.010106245268416e-11,6.010857274715202e-11,6.011608095060376e-11,6.012358703746666e-11,6.013109101754443e-11,6.013859289247329e-11,6.01460926669055e-11,6.015359034078065e-11,6.016108591544721e-11,6.01685793883765e-11,6.017607075805286e-11,6.018356002290548e-11,6.019104719519549e-11,6.0198532267815e-11,6.020601524797414e-11,6.021349612540002e-11,6.022097492241291e-11,6.022845160490051e-11,6.023592619467245e-11,6.02433986870341e-11,6.025086908834621e-11,6.02583373971529e-11,6.026580361352802e-11,6.027326773764784e-11,6.028072976851878e-11,6.028818970649832e-11,6.029564755085735e-11,6.03031033084249e-11,6.031055698179067e-11,6.031800855736807e-11,6.032545805462635e-11,6.033290545769166e-11,6.034035077230178e-11,6.034779400085769e-11,6.035523514485956e-11,6.036267420127127e-11,6.037011117249009e-11,6.037754605904512e-11,6.038497887537108e-11,6.039240961345105e-11,6.039983825140017e-11,6.040726479309039e-11,6.04146892681374e-11,6.042211165370889e-11,6.042953197325428e-11,6.043695020439337e-11,6.044436635734975e-11,6.045178043313697e-11,6.045919242741767e-11,6.046660234559579e-11,6.047401018832396e-11,6.048141597062959e-11,6.04888196576729e-11,6.04962212693633e-11,6.050362080708238e-11,6.051101827186866e-11,6.051841366643118e-11,6.052580698260005e-11,6.053319823138416e-11,6.054058740305742e-11,6.054797450352058e-11,6.055535953310179e-11,6.056274249248006e-11,6.057012338223406e-11,6.057750220295526e-11,6.058487895518597e-11,6.059225364461137e-11,6.059962626090813e-11,6.060699681114706e-11,6.061436529519079e-11,6.062173171359424e-11,6.062909606693477e-11,6.063645835576382e-11,6.064381858712626e-11,6.065117674872687e-11,6.065853284751325e-11,6.066588688620743e-11,6.067323884322698e-11,6.068058873921517e-11,6.068793659929072e-11,6.069528237601397e-11,6.070262611003504e-11,6.070996778525432e-11,6.071730740378632e-11,6.072464496821973e-11,6.073198047227938e-11,6.073931391942698e-11,6.074664531059984e-11,6.075397464635382e-11,6.076130192723705e-11,6.076862715940186e-11,6.077595033581353e-11,6.078327145554465e-11,6.079059052719672e-11,6.079790754746725e-11,6.080522251179208e-11,6.081253544513844e-11,6.081984630903513e-11,6.082715512346634e-11,6.083446186933125e-11,6.08417665829574e-11,6.08490692473934e-11,6.085636986738208e-11,6.086366843910934e-11,6.087096496625863e-11,6.087825944520292e-11,6.088555188180848e-11,6.089284227191978e-11,6.090013061812094e-11,6.090741691474353e-11,6.091470117438518e-11,6.092198339291283e-11,6.092926356263244e-11,6.093654170116682e-11,6.094381778815102e-11,6.095109184126797e-11,6.095836386483979e-11,6.096563383956507e-11,6.097290177892858e-11,6.098016768253355e-11,6.09874315434133e-11,6.099469338086925e-11,6.100195316874144e-11,6.100921092106132e-11,6.10164666311828e-11,6.102372031362173e-11,6.103097196169272e-11,6.103822156616513e-11,6.104546914407948e-11,6.105271470033937e-11,6.10599582210636e-11,6.106719970389461e-11,6.107443915874082e-11,6.108167658459601e-11,6.108891199346148e-11,6.10961453649493e-11,6.1103376704749e-11,6.111060601709662e-11,6.11178333000327e-11,6.112505856524129e-11,6.11322817957695e-11,6.113950299351463e-11,6.114672217011255e-11,6.115393932533559e-11,6.11611544556641e-11,6.116836756345598e-11,6.11755786504199e-11,6.118278771203645e-11,6.118999475359112e-11,6.119719978064609e-11,6.12044027755912e-11,6.121160375502817e-11,6.121880270393702e-11,6.122599964615448e-11,6.12331945732626e-11,6.124038748025554e-11,6.124757836934922e-11,6.12547672378089e-11,6.126195409273893e-11,6.126913893178674e-11,6.127632175414225e-11,6.128350256301113e-11,6.129068136189091e-11,6.129785814448969e-11,6.130503291475296e-11,6.131220567164847e-11,6.13193764255279e-11,6.13265451611231e-11,6.133371188566385e-11,6.134087659790725e-11,6.134803928713701e-11,6.135519998243294e-11,6.13623586741386e-11,6.136951535213203e-11,6.137667003232466e-11,6.13838226947129e-11,6.139097334855109e-11,6.139812200465602e-11,6.140526865288031e-11,6.14124133005156e-11,6.141955594404149e-11,6.142669658145371e-11,6.143383521537435e-11,6.144097184661462e-11,6.144810647820128e-11,6.145523911327499e-11,6.146236974116619e-11,6.146949835351442e-11,6.14766249847429e-11,6.148374961756246e-11,6.14908722455997e-11,6.149799288133977e-11,6.15051115196449e-11,6.151222815912657e-11,6.151934280287975e-11,6.152645545107833e-11,6.153356610386851e-11,6.154067476468826e-11,6.154778142990991e-11,6.155488610194858e-11,6.156198878098236e-11,6.156908946526579e-11,6.157618814704602e-11,6.158328484786195e-11,6.159037955615281e-11,6.159747227388538e-11,6.160456302089017e-11,6.161165176163676e-11,6.161873851352313e-11,6.1625823278933e-11,6.163290605580455e-11,6.163998684507761e-11,6.164706564831618e-11,6.16541424641466e-11,6.16612172806501e-11,6.166829012705797e-11,6.167536098996266e-11,6.168242986901168e-11,6.168949676592569e-11,6.169656168078163e-11,6.170362461201353e-11,6.171068557049208e-11,6.171774454036716e-11,6.172480153843118e-11,6.173185656195689e-11,6.173890959249883e-11,6.174596064583593e-11,6.175300971946259e-11,6.176005681487736e-11,6.176710193360425e-11,6.177414507535108e-11,6.178118624260176e-11,6.178822543114055e-11,6.179526264719007e-11,6.180229788886088e-11,6.180933115814219e-11,6.181636245234294e-11,6.18233917719773e-11,6.183041912146359e-11,6.18374445073133e-11,6.184446791473227e-11,6.185148935120834e-11,6.185850881880965e-11,6.186552632937887e-11,6.187254185557425e-11,6.1879555420351e-11,6.188656701352115e-11,6.189357664469431e-11,6.190058430566767e-11,6.19075899971202e-11,6.191459372238986e-11,6.192159548404844e-11,6.192859528182493e-11,6.193559311426635e-11,6.194258898378661e-11,6.19495828827261e-11,6.195657482507016e-11,6.196356480628195e-11,6.197055282714568e-11,6.197753888727195e-11,6.198452298583974e-11,6.199150512281243e-11,6.199848530172299e-11,6.200546352437087e-11,6.20124397870915e-11,6.201941409164483e-11,6.202638643773975e-11,6.203335683014125e-11,6.204032526725425e-11,6.204729174952421e-11,6.205425626836885e-11,6.206121883762069e-11,6.206817944510688e-11,6.207513809846986e-11,6.208209480827746e-11,6.208904956841535e-11,6.209600237601595e-11,6.21029532327797e-11,6.210990215505109e-11,6.211684911120567e-11,6.212379411968925e-11,6.213073717777475e-11,6.213767828432577e-11,6.214461744370547e-11,6.215155465745272e-11,6.215848992476668e-11,6.216542324578786e-11,6.217235461193399e-11,6.217928404216949e-11,6.218621152652691e-11,6.219313706826483e-11,6.220006066592852e-11,6.220698232015816e-11,6.221390203157922e-11,6.222081980189783e-11,6.222773563017917e-11,6.223464951812968e-11,6.2241561467191e-11,6.224847146232578e-11,6.225537952868311e-11,6.226228565776793e-11,6.226918984810174e-11,6.22760920984747e-11,6.228299241453334e-11,6.228989079380241e-11,6.229678724246606e-11,6.23036817507092e-11,6.231057432340505e-11,6.231746496456766e-11,6.232435366880995e-11,6.233124044011234e-11,6.233812527871571e-11,6.234500818348201e-11,6.235188915766527e-11,6.235876819984884e-11,6.236564531145382e-11,6.237252048994873e-11,6.237939374208001e-11,6.238626506432716e-11,6.239313445954956e-11,6.240000192527779e-11,6.240686746343911e-11,6.241373107500522e-11,6.242059275963215e-11,6.24274525194495e-11,6.243431035309177e-11,6.244116626131794e-11,6.244802024084446e-11,6.245487230231043e-11,6.246172243891935e-11,6.246857065172406e-11,6.2475416944185e-11,6.248226131510335e-11,6.248910376415157e-11,6.249594429338627e-11,6.250278290547258e-11,6.250961959302952e-11,6.251645436363691e-11,6.252328721455009e-11,6.253011817185187e-11,6.25369471918768e-11,6.254377429024884e-11,6.255059947058128e-11,6.255742273986875e-11,6.256424410023063e-11,6.257106353564425e-11,6.257788105654046e-11,6.2584696664084e-11,6.259151035954494e-11,6.259832213891913e-11,6.260513201716989e-11,6.261193997572499e-11,6.261874602277887e-11,6.262555015817018e-11,6.263235238336503e-11,6.26391527041794e-11,6.264595111064042e-11,6.265274760376237e-11,6.265954219802727e-11,6.266633488153309e-11,6.267312565052649e-11,6.267991451978961e-11,6.268670148398779e-11,6.269348653558785e-11,6.270026967781447e-11,6.270705092989047e-11,6.2713830260116e-11,6.272060770132427e-11,6.272738325025086e-11,6.273415688669086e-11,6.274092862289155e-11,6.274769845731067e-11,6.275446638533494e-11,6.276123242132169e-11,6.27679965554301e-11,6.277475879132859e-11,6.278151912829933e-11,6.27882775648247e-11,6.279503410920578e-11,6.280178875215022e-11,6.280854150062106e-11,6.281529235586215e-11,6.282204131399594e-11,6.282878837341203e-11,6.28355335429884e-11,6.284227681503209e-11,6.284901819304597e-11,6.28557576815828e-11,6.286249527516282e-11,6.286923097236652e-11,6.287596480718789e-11,6.288269672438738e-11,6.288942675450089e-11,6.289615489407431e-11,6.290288114467771e-11,6.29096055067275e-11,6.29163279781467e-11,6.292304856376094e-11,6.29297672615663e-11,6.29364840740862e-11,6.294319900165734e-11,6.294991204290945e-11,6.295662320387894e-11,6.296333247547114e-11,6.297003986328073e-11,6.297674536558736e-11,6.298344898954137e-11,6.299015072810263e-11,6.299685058512962e-11,6.300354856183267e-11,6.301024465691183e-11,6.301693887136444e-11,6.302363120600268e-11,6.303032166117523e-11,6.303701024345157e-11,6.304369693851886e-11,6.30503817607428e-11,6.305706470388117e-11,6.306374577164277e-11,6.307042496478006e-11,6.307710228051426e-11,6.30837777250165e-11,6.30904512898945e-11,6.309712298188169e-11,6.310379279805995e-11,6.311046075832907e-11,6.311712683084913e-11,6.312379102964231e-11,6.313045335831566e-11,6.313711381972858e-11,6.31437724074118e-11,6.315042912482734e-11,6.315708396929228e-11,6.316373695291063e-11,6.317038806216948e-11,6.317703730486575e-11,6.318368467895996e-11,6.319033018936122e-11,6.319697383202917e-11,6.320361560726423e-11,6.321025551678886e-11,6.321689357004927e-11,6.322352975170547e-11,6.323016407002889e-11,6.323679652481411e-11,6.324342711408108e-11,6.325005583355458e-11,6.32566827001393e-11,6.32633077068469e-11,6.326993085261854e-11,6.327655213823085e-11,6.328317156034481e-11,6.328978912623255e-11,6.329640482592054e-11,6.330301867457592e-11,6.330963066340082e-11,6.331624079738185e-11,6.332284907524662e-11,6.33294555049471e-11,6.33360600768438e-11,6.33426627875571e-11,6.334926364494723e-11,6.335586263716345e-11,6.336245978575086e-11,6.336905508217846e-11,6.337564851953753e-11,6.33822401102029e-11,6.33888298496578e-11,6.339541773909956e-11,6.340200377713308e-11,6.34085879764141e-11,6.341517031133963e-11,6.342175080224284e-11,6.342832944305986e-11,6.343490623547956e-11,6.344148118078183e-11,6.344805427727509e-11,6.345462552927438e-11,6.346119493587054e-11,6.346776249674489e-11,6.347432821656761e-11,6.348089208808006e-11,6.348745412295685e-11,6.349401431381731e-11,6.350057265557427e-11,6.350712915605817e-11,6.351368381516096e-11,6.352023662782813e-11,6.35267876051517e-11,6.353333672806826e-11,6.353988402363462e-11,6.354642947922036e-11,6.355297309634768e-11,6.355951487466076e-11,6.356605480843577e-11,6.357259290997205e-11,6.357912917717292e-11,6.358566360883195e-11,6.359219620773927e-11,6.359872697353146e-11,6.360525589797915e-11,6.361178298886295e-11,6.361830825062517e-11,6.362483167517101e-11,6.36313532670124e-11,6.363787302320222e-11,6.364439094901431e-11,6.365090704145641e-11,6.365742130331788e-11,6.366393373846936e-11,6.36704443435289e-11,6.367695311895528e-11,6.368346006256386e-11,6.36899651793197e-11,6.369646847847176e-11,6.370296994325136e-11,6.370946958116512e-11,6.37159673988571e-11,6.37224633819625e-11,6.372895753992274e-11,6.373544987324465e-11,6.374194038459715e-11,6.374842907290397e-11,6.375491595190166e-11,6.376140099158051e-11,6.376788420910111e-11,6.377436560530328e-11,6.378084517574949e-11,6.378732293319325e-11,6.379379887061443e-11,6.380027299363915e-11,6.380674529133517e-11,6.381321577117429e-11,6.381968441313531e-11,6.382615125379286e-11,6.383261628071386e-11,6.38390794886235e-11,6.384554087939984e-11,6.385200045546558e-11,6.385845821608518e-11,6.386491416666108e-11,6.387136832134163e-11,6.387782063324054e-11,6.388427112807736e-11,6.389071982382406e-11,6.389716671290074e-11,6.390361178235288e-11,6.391005503392747e-11,6.391649648903097e-11,6.392293612884266e-11,6.39293739592844e-11,6.393580996930607e-11,6.394224418350392e-11,6.39486765872252e-11,6.395510718413699e-11,6.396153597750666e-11,6.396796296485624e-11,6.397438814171565e-11,6.398081150467838e-11,6.398723307081685e-11,6.399365282053036e-11,6.400007077841205e-11,6.40064869288767e-11,6.401290126902118e-11,6.40193138169453e-11,6.402572456924452e-11,6.403213351361876e-11,6.403854065781559e-11,6.404494600014875e-11,6.405134954933172e-11,6.405775129291882e-11,6.40641512348779e-11,6.40705493742807e-11,6.407694572336771e-11,6.408334027289702e-11,6.408973302502686e-11,6.409612398149576e-11,6.410251314089526e-11,6.410890050350533e-11,6.411528606485722e-11,6.412166983417145e-11,6.412805181423269e-11,6.413443199795793e-11,6.414081038976305e-11,6.414718699419409e-11,6.415356179241232e-11,6.41599348101982e-11,6.416630603558235e-11,6.417267546965779e-11,6.417904312562886e-11,6.418540897881044e-11,6.419177304368468e-11,6.419813531873122e-11,6.420449580870275e-11,6.421085451419907e-11,6.421721142566304e-11,6.422356655177774e-11,6.422991988284885e-11,6.423627143647917e-11,6.424262120665847e-11,6.424896919052871e-11,6.42553154029938e-11,6.426165982152466e-11,6.426800245174064e-11,6.427434330519786e-11,6.42806823713403e-11,6.428701964139988e-11,6.42933551454578e-11,6.42996888651027e-11,6.43060208077317e-11,6.431235098211871e-11,6.431867937113548e-11,6.432500597318501e-11,6.433133080058831e-11,6.433765384885091e-11,6.434397511853686e-11,6.435029461405837e-11,6.43566123315483e-11,6.436292827319512e-11,6.436924243916653e-11,6.437555481463475e-11,6.43818654302144e-11,6.438817427000101e-11,6.439448132276052e-11,6.440078661210393e-11,6.440709013479786e-11,6.441339188627244e-11,6.441969186575182e-11,6.4425990078279e-11,6.443228651648955e-11,6.443858118111315e-11,6.444487407961135e-11,6.445116520241571e-11,6.445745456210657e-11,6.446374215167008e-11,6.44700279763586e-11,6.447631203612883e-11,6.448259434312765e-11,6.448887486179024e-11,6.449515362159973e-11,6.450143061940539e-11,6.450770585043468e-11,6.451397931722098e-11,6.452025102355495e-11,6.452652096409065e-11,6.453278913685947e-11,6.453905554786448e-11,6.454532020036685e-11,6.455158311328531e-11,6.455784425716056e-11,6.45641036183385e-11,6.457036122540094e-11,6.457661707532947e-11,6.458287116579564e-11,6.458912349804988e-11,6.459537408199355e-11,6.460162289807314e-11,6.460786995795054e-11,6.461411526008345e-11,6.46203588074038e-11,6.462660058961265e-11,6.463284062680331e-11,6.46390789077563e-11,6.46453154361104e-11,6.465155021108206e-11,6.465778322137963e-11,6.466401449077564e-11,6.467024400792555e-11,6.467647177331934e-11,6.468269778865342e-11,6.468892203698748e-11,6.46951445504803e-11,6.470136531260723e-11,6.470758432732883e-11,6.471380159522836e-11,6.472001711279904e-11,6.472623088348313e-11,6.473244290997907e-11,6.473865318533376e-11,6.474486172899457e-11,6.475106851257258e-11,6.475727355125075e-11,6.476347684570065e-11,6.476967838455487e-11,6.477587818041249e-11,6.478207623754158e-11,6.47882725561029e-11,6.479446713793762e-11,6.480065995681256e-11,6.480685105013078e-11,6.481304039499013e-11,6.48192280061772e-11,6.482541388309928e-11,6.483159801424597e-11,6.483778040643376e-11,6.484396105867832e-11,6.485013997412281e-11,6.485631715902602e-11,6.486249260291719e-11,6.486866629492491e-11,6.487483825954407e-11,6.488100849182171e-11,6.488717698922808e-11,6.489334375167525e-11,6.489950877964412e-11,6.490567207352316e-11,6.491183363313656e-11,6.491799345716555e-11,6.4924151552821e-11,6.493030791370155e-11,6.493646254540836e-11,6.494261544248632e-11,6.494876661102581e-11,6.495491605148724e-11,6.496106376778393e-11,6.496720974969143e-11,6.497335400279504e-11,6.497949653102037e-11,6.498563732805851e-11,6.49917763986981e-11,6.499791374380066e-11,6.500404936196625e-11,6.501018325508225e-11,6.50163154197291e-11,6.502244586407198e-11,6.502857456322071e-11,6.503470155689904e-11,6.504082682419541e-11,6.504695037173293e-11,6.505307219863363e-11,6.505919229995861e-11,6.506531068227647e-11,6.507142734435001e-11,6.50775422848499e-11,6.508365552643428e-11,6.508976702603177e-11,6.509587680511137e-11,6.510198486949966e-11,6.510809121436873e-11,6.511419584213131e-11,6.512029877546475e-11,6.512639996907264e-11,6.513249944422422e-11,6.513859719916091e-11,6.514469325111153e-11,6.515078758331999e-11,6.515688020122243e-11,6.516297110576148e-11,6.51690602925686e-11,6.517514777084127e-11,6.51812335367708e-11,6.518731759071637e-11,6.519339993289869e-11,6.519948055606978e-11,6.520555947620004e-11,6.521163668698017e-11,6.521771218823407e-11,6.522378598038007e-11,6.522985806766328e-11,6.523592844289423e-11,6.524199711052156e-11,6.524806407086257e-11,6.525412932448621e-11,6.526019286676937e-11,6.526625470827441e-11,6.527231484444017e-11,6.527837327523297e-11,6.528442999812701e-11,6.529048502104367e-11,6.52965383404849e-11,6.530258995689504e-11,6.530863987083989e-11,6.531468808269567e-11,6.532073459292549e-11,6.532677940204849e-11,6.533282251056177e-11,6.533886391889571e-11,6.534490362756316e-11,6.535094163695361e-11,6.535697794758001e-11,6.536301255986553e-11,6.536904547436568e-11,6.537507669150956e-11,6.538110621174376e-11,6.538713403558426e-11,6.539316016345083e-11,6.539918459073354e-11,6.5405207323069e-11,6.541122836521966e-11,6.54172477089852e-11,6.542326536413492e-11,6.542928132139431e-11,6.543529558448913e-11,6.544130816043764e-11,6.544731904032587e-11,6.545332822833558e-11,6.54593357257018e-11,6.546534153083016e-11,6.547134565359479e-11,6.547734808026393e-11,6.548334881630479e-11,6.548934787041215e-11,6.549534523265093e-11,6.550134090230334e-11,6.550733488976087e-11,6.55133271849056e-11,6.551931780549938e-11,6.552530673884186e-11,6.553129398807815e-11,6.553727954679461e-11,6.554326342634002e-11,6.554924561632927e-11,6.555522615354473e-11,6.556120497755738e-11,6.556718212525508e-11,6.557315758701576e-11,6.557913137057064e-11,6.558510347385516e-11,6.559107389547494e-11,6.559704263882899e-11,6.560300970129348e-11,6.560897506910855e-11,6.56149387751972e-11,6.562090080267843e-11,6.562686115263886e-11,6.563281982323756e-11,6.563877681934421e-11,6.564473213923621e-11,6.565068578313301e-11,6.565663775229288e-11,6.566258804073309e-11,6.566853668660635e-11,6.567448364550745e-11,6.568042893270267e-11,6.568637254638722e-11,6.569231447031242e-11,6.569825472032501e-11,6.570419330000551e-11,6.571013020848978e-11,6.571606544730322e-11,6.572199902393115e-11,6.57279309213655e-11,6.573386114943932e-11,6.573978971562697e-11,6.574571660070574e-11,6.57516418369184e-11,6.575756539149497e-11,6.576348728019237e-11,6.576940750109726e-11,6.577532605554974e-11,6.578124294669248e-11,6.57871581725045e-11,6.579307173466184e-11,6.579898362392026e-11,6.580489385480896e-11,6.581080241641022e-11,6.581670932017678e-11,6.582261456124947e-11,6.582851814078888e-11,6.583442005631842e-11,6.584032031267247e-11,6.584621890810149e-11,6.585211584290459e-11,6.585801111908582e-11,6.58639047350682e-11,6.586979669026202e-11,6.5875686987209e-11,6.588157562817637e-11,6.588746261100597e-11,6.589334793671316e-11,6.589923160793403e-11,6.590511361830475e-11,6.591099397592459e-11,6.591687267840063e-11,6.592274972570293e-11,6.592862512092124e-11,6.593449886187472e-11,6.594037094661089e-11,6.594624137969178e-11,6.595211016087645e-11,6.595797728940948e-11,6.596384276630757e-11,6.59697065916482e-11,6.597556876871544e-11,6.598142929363595e-11,6.598728816717996e-11,6.599314539268057e-11,6.599900096971472e-11,6.600485489827384e-11,6.601070717501411e-11,6.601655781686328e-11,6.602240680320503e-11,6.602825414341827e-11,6.603409984508712e-11,6.603994389003595e-11,6.604578629217673e-11,6.605162704966711e-11,6.605746616288772e-11,6.606330363469381e-11,6.606913946109297e-11,6.607497364424166e-11,6.608080618482019e-11,6.608663708376665e-11,6.609246634075792e-11,6.609829395743526e-11,6.610411992803552e-11,6.610994426713073e-11,6.611576696266937e-11,6.612158800575778e-11,6.612740742280951e-11,6.613322520176532e-11,6.613904134277559e-11,6.614485584634518e-11,6.615066871663577e-11,6.615647994647195e-11,6.616228955661021e-11,6.616809751438548e-11,6.617390383731193e-11,6.617970852658952e-11,6.618551157212479e-11,6.619131299192347e-11,6.619711277441735e-11,6.620291092929477e-11,6.620870744988646e-11,6.621450233879971e-11,6.622029559585427e-11,6.622608722152066e-11,6.623187721627355e-11,6.623766558095839e-11,6.624345231454219e-11,6.624923741832378e-11,6.625502089536912e-11,6.626080274413097e-11,6.626658296425042e-11,6.627236155669777e-11,6.627813852242701e-11,6.628391386116641e-11,6.628968757381743e-11,6.62954596602853e-11,6.630123012188419e-11,6.630699895871864e-11,6.631276617007376e-11,6.631853175672361e-11,6.632429572126029e-11,6.633005806240995e-11,6.6335818781934e-11,6.634157787902644e-11,6.634733535405122e-11,6.635309121109598e-11,6.635884543183062e-11,6.636459804359894e-11,6.637034903575921e-11,6.637609840928414e-11,6.638184616342308e-11,6.638759229870785e-11,6.639333681591099e-11,6.63990797189961e-11,6.640482100601083e-11,6.641056067194217e-11,6.641629872067029e-11,6.642203513185068e-11,6.642776995055209e-11,6.643350315279318e-11,6.643923474093186e-11,6.644496471432487e-11,6.645069307492526e-11,6.645641982178378e-11,6.646214495253006e-11,6.646786847623257e-11,6.647359038920811e-11,6.647931071355164e-11,6.64850294005634e-11,6.649074647668211e-11,6.649646192776673e-11,6.650217578461802e-11,6.650788803225129e-11,6.651359867209048e-11,6.651930769299724e-11,6.652501511525468e-11,6.65307209282306e-11,6.653642513624818e-11,6.65421277385677e-11,6.654782873348376e-11,6.655352810719675e-11,6.65592258942885e-11,6.656492207344605e-11,6.65706166502753e-11,6.657630962020233e-11,6.658200098676934e-11,6.65876907506383e-11,6.659337891238798e-11,6.65990654718028e-11,6.66047504319275e-11,6.661043379322517e-11,6.661611554652816e-11,6.662179570020559e-11,6.662747425777884e-11,6.66331512142644e-11,6.663882657417465e-11,6.664450033273265e-11,6.665017249222686e-11,6.665584305515643e-11,6.666151202503383e-11,6.666717939950204e-11,6.667284516950925e-11,6.667850934654238e-11,6.668417192678321e-11,6.668983291187933e-11,6.669549230237191e-11,6.670115010024287e-11,6.670680630339813e-11,6.671246091476603e-11,6.671811393111199e-11,6.672376535403432e-11,6.672941518457565e-11,6.673506342546894e-11,6.674071007463274e-11,6.674635513369786e-11,6.67519986019461e-11,6.675764048086566e-11,6.676328077054733e-11,6.676891947147524e-11,6.677455658439222e-11,6.678019210430494e-11,6.678582605093122e-11,6.679145839840846e-11,6.679708916090614e-11,6.680271833755567e-11,6.680834592700767e-11,6.68139719316313e-11,6.681959635202413e-11,6.682521918705943e-11,6.68308404379809e-11,6.683646010526495e-11,6.684207819715472e-11,6.684769470000031e-11,6.68533096167443e-11,6.68589229544195e-11,6.686453471037027e-11,6.687014488472035e-11,6.687575347918691e-11,6.688136049360266e-11,6.68869659282984e-11,6.689256978477563e-11,6.689817205936033e-11,6.690377275735615e-11,6.690937187974521e-11,6.691496941499111e-11,6.692056537773783e-11,6.692615976617968e-11,6.693175257800531e-11,6.693734380987469e-11,6.694293347112374e-11,6.694852155876466e-11,6.695410806865121e-11,6.69596929984613e-11,6.696527636284358e-11,6.697085815473683e-11,6.697643837040301e-11,6.698201701394265e-11,6.698759408758667e-11,6.699316959111478e-11,6.699874352277039e-11,6.70043158836458e-11,6.70098866743704e-11,6.7015455891805e-11,6.702102354332953e-11,6.702658962640155e-11,6.703215414158015e-11,6.703771708810782e-11,6.704327846755469e-11,6.70488382802496e-11,6.705439652448559e-11,6.705995320289372e-11,6.706550831487594e-11,6.707106186332526e-11,6.707661384613509e-11,6.708216426434046e-11,6.708771311814647e-11,6.709326039960933e-11,6.709880612973524e-11,6.71043502949742e-11,6.710989289699422e-11,6.711543393707249e-11,6.71209734158518e-11,6.712651134936192e-11,6.713204770591253e-11,6.713758249410767e-11,6.714311572909976e-11,6.714864740744209e-11,6.715417752607345e-11,6.7159706086227e-11,6.71652330881451e-11,6.717075853155489e-11,6.717628241888857e-11,6.718180475014914e-11,6.718732552264501e-11,6.719284474112116e-11,6.719836240331227e-11,6.7203878510386e-11,6.72093930592325e-11,6.721490605774303e-11,6.722041750333788e-11,6.722592739590285e-11,6.723143573556538e-11,6.723694252207005e-11,6.724244775530093e-11,6.724795143860338e-11,6.72534535640591e-11,6.725895414075305e-11,6.726445317206753e-11,6.72699506527739e-11,6.727544658468232e-11,6.728094097725037e-11,6.728643381696065e-11,6.72919251020202e-11,6.729741484032429e-11,6.730290304902625e-11,6.73083896931325e-11,6.731387478981999e-11,6.731935834072435e-11,6.732484038689667e-11,6.733032084228288e-11,6.733579975839643e-11,6.734127713042803e-11,6.734675295844543e-11,6.73522272428601e-11,6.735769998355788e-11,6.73631711798074e-11,6.736864083567823e-11,6.73741089502973e-11,6.737957552372997e-11,6.738504055532416e-11,6.739050404718735e-11,6.739596600154487e-11,6.740142640902739e-11,6.740688530250147e-11,6.741234263701432e-11,6.741779843130117e-11,6.742325268870896e-11,6.742870540722579e-11,6.74341566046295e-11,6.743960625081632e-11,6.744505436020448e-11,6.745050093367677e-11,6.74559459723437e-11,6.746138947595847e-11,6.746683144502918e-11,6.747227188007252e-11,6.747771078145976e-11,6.74831481470938e-11,6.748858397368523e-11,6.749401827582094e-11,6.749945105250437e-11,6.750488229167412e-11,6.751031199865575e-11,6.751574017590572e-11,6.752116682865662e-11,6.7526591943816e-11,6.753201553141048e-11,6.753743759051897e-11,6.754285810678465e-11,6.754827710786391e-11,6.755369456145736e-11,6.755911050845583e-11,6.756452492591754e-11,6.756993782110625e-11,6.7575349188176e-11,6.758075902905607e-11,6.758616734049037e-11,6.759157413022227e-11,6.759697939735776e-11,6.760238313992632e-11,6.760778535948907e-11,6.761318605579016e-11,6.761858522944256e-11,6.762398288161838e-11,6.762937901116067e-11,6.763477361864923e-11,6.764016670160153e-11,6.764555827059012e-11,6.765094831581803e-11,6.765633684190383e-11,6.76617238480859e-11,6.766710933842645e-11,6.767249330940128e-11,6.767787575848856e-11,6.768325669252022e-11,6.768863611313813e-11,6.769401400901573e-11,6.769939039125527e-11,6.770476525784387e-11,6.771013860796771e-11,6.771551044466106e-11,6.772088076681162e-11,6.772624958597181e-11,6.773161688104436e-11,6.773698265868322e-11,6.774234692788576e-11,6.774770968207339e-11,6.775307092930675e-11,6.775843066229028e-11,6.776378888233567e-11,6.776914559064867e-11,6.777450079296026e-11,6.777985448169986e-11,6.778520665773763e-11,6.779055732629892e-11,6.779590648618595e-11,6.7801254138025e-11,6.780660028422467e-11,6.781194491777902e-11,6.781728804139694e-11,6.782262966292043e-11,6.782796977808302e-11,6.78333083958808e-11,6.783864549894107e-11,6.784398109738029e-11,6.784931518809211e-11,6.78546477803643e-11,6.785997886640641e-11,6.786530844848342e-11,6.787063652495775e-11,6.787596310079601e-11,6.788128817431674e-11,6.788661174673089e-11,6.789193381711354e-11,6.789725438702139e-11,6.790257345706003e-11,6.790789102639927e-11,6.791320709638863e-11,6.791852166099259e-11,6.792383472919607e-11,6.792914630199399e-11,6.793445637875845e-11,6.793976495563784e-11,6.79450720349342e-11,6.795037761883995e-11,6.79556817054537e-11,6.796098430783298e-11,6.796628540282642e-11,6.797158500270244e-11,6.797688310722075e-11,6.79821797179312e-11,6.798747483469982e-11,6.799276845854059e-11,6.799806058782877e-11,6.800335122473624e-11,6.800864037004188e-11,6.801392802740324e-11,6.80192141858788e-11,6.802449885707847e-11,6.80297820365343e-11,6.80350637401299e-11,6.804034394070035e-11,6.804562265087642e-11,6.805089987307578e-11,6.805617560624482e-11,6.806144985170327e-11,6.806672260893434e-11,6.807199387829511e-11,6.807726366073233e-11,6.808253195664682e-11,6.808779876878117e-11,6.809306409344068e-11,6.809832793283953e-11,6.810359028728989e-11,6.810885115677913e-11,6.811411054325842e-11,6.811936844559906e-11,6.812462487466556e-11,6.812987981040164e-11,6.813513326477073e-11,6.814038523609183e-11,6.814563571242512e-11,6.815088472203898e-11,6.815613224982013e-11,6.816137829723175e-11,6.816662286312165e-11,6.817186595103553e-11,6.817710756089035e-11,6.818234769093891e-11,6.818758634377164e-11,6.819282351759419e-11,6.819805921446772e-11,6.820329343419989e-11,6.820852617410709e-11,6.821375744037693e-11,6.821898723078103e-11,6.822421554572524e-11,6.822944238561889e-11,6.823466775086911e-11,6.823989164188428e-11,6.824511405960724e-11,6.825033500391006e-11,6.825555447467123e-11,6.826077247282324e-11,6.82659889984164e-11,6.827120405258237e-11,6.827641763536276e-11,6.828162974716725e-11,6.828684038854182e-11,6.829204956077262e-11,6.829725726125548e-11,6.830246349321487e-11,6.830766825623181e-11,6.83128715507104e-11,6.831807337705786e-11,6.832327373567895e-11,6.832847262698306e-11,6.833367005137304e-11,6.833886600925175e-11,6.834406050103179e-11,6.834925352763457e-11,6.835444508962885e-11,6.835963518553196e-11,6.836482381695088e-11,6.837001098429625e-11,6.83751966884857e-11,6.838038092940901e-11,6.838556370731993e-11,6.839074502291968e-11,6.839592487727159e-11,6.840110326865322e-11,6.840628020425745e-11,6.84114556739195e-11,6.841662968043725e-11,6.84218022296298e-11,6.84269733189951e-11,6.843214294896745e-11,6.843731112048322e-11,6.844247783358033e-11,6.844764305398407e-11,6.845280685146393e-11,6.845796918995165e-11,6.846313007413565e-11,6.846828950168324e-11,6.84734474719347e-11,6.847860398889615e-11,6.848375905173293e-11,6.848891265724351e-11,6.849406480552844e-11,6.84992155031525e-11,6.850436474708612e-11,6.850951253594568e-11,6.851465887349539e-11,6.851980375236652e-11,6.852494718475091e-11,6.853008916651593e-11,6.853522969695817e-11,6.854036877573354e-11,6.854550640503033e-11,6.855064257517563e-11,6.855577730732155e-11,6.85609105892002e-11,6.85660424210198e-11,6.857117280368742e-11,6.857630173871495e-11,6.858142922705625e-11,6.858655526712392e-11,6.859167985769556e-11,6.85968030057662e-11,6.860192470784741e-11,6.860704496409243e-11,6.861216377547336e-11,6.861728113986208e-11,6.862239706073337e-11,6.8627511537114e-11,6.86326245716387e-11,6.863773616212843e-11,6.864284631431645e-11,6.864795502167397e-11,6.865306228505253e-11,6.865816810664412e-11,6.866327248762045e-11,6.866837542829112e-11,6.867347692093543e-11,6.867857698339522e-11,6.868367560500904e-11,6.868877278669879e-11,6.869386852905192e-11,6.869896283439634e-11,6.870405569308943e-11,6.87091471235826e-11,6.871423711535641e-11,6.871932566967312e-11,6.872441275317523e-11,6.872949843476457e-11,6.87345826855291e-11,6.873966549442815e-11,6.8744746870772e-11,6.874982681922461e-11,6.875490532676579e-11,6.875998239810052e-11,6.876505803884004e-11,6.87701322398069e-11,6.877520501529556e-11,6.878027636612354e-11,6.878534629446524e-11,6.879041477579526e-11,6.879548182551046e-11,6.880054744843319e-11,6.880561163765491e-11,6.881067439788103e-11,6.881573572894844e-11,6.882079563148956e-11,6.882585410569602e-11,6.883091114764944e-11,6.883596676571019e-11,6.884102095675349e-11,6.884607372170272e-11,6.885112505578871e-11,6.885617496697071e-11,6.88612234534219e-11,6.886627051341734e-11,6.887131614619866e-11,6.887636035800028e-11,6.888140314461406e-11,6.888644450430363e-11,6.889148443697979e-11,6.88965229527643e-11,6.890156004554262e-11,6.890659571848911e-11,6.891162996488558e-11,6.891666279282633e-11,6.892169420058246e-11,6.89267241882859e-11,6.89317527552598e-11,6.893677990776638e-11,6.89418056389759e-11,6.894682994772176e-11,6.895185283703828e-11,6.895687430862993e-11,6.896189436341386e-11,6.896691300001939e-11,6.897193021957071e-11,6.89769460227203e-11,6.898196040960309e-11,6.898697338039748e-11,6.899198491778032e-11,6.899699508061136e-11,6.900200380608577e-11,6.900701111845803e-11,6.901201702522084e-11,6.90170215038945e-11,6.902202457443235e-11,6.902702623183108e-11,6.903202647290228e-11,6.90370253070219e-11,6.904202272891636e-11,6.904701873963964e-11,6.905201333956877e-11,6.905700652909426e-11,6.906199830867255e-11,6.906698867870894e-11,6.90719776382969e-11,6.907696518931269e-11,6.908195133110078e-11,6.908693606639569e-11,6.909191939407605e-11,6.909690131441173e-11,6.910188182915529e-11,6.910686093608894e-11,6.91118386369056e-11,6.911681494289638e-11,6.912178983114314e-11,6.91267633159416e-11,6.913173539392858e-11,6.913670607085437e-11,6.914167534223345e-11,6.914664320916237e-11,6.915160967323984e-11,6.915657473413561e-11,6.916153839481065e-11,6.916650065159807e-11,6.917146150993658e-11,6.917642096659904e-11,6.918137902362357e-11,6.918633567993274e-11,6.919129093218021e-11,6.919624478395299e-11,6.920119724043726e-11,6.920614830030594e-11,6.921109795051473e-11,6.921604621259024e-11,6.922099307572612e-11,6.922593854195248e-11,6.923088261809574e-11,6.923582529208383e-11,6.92407665701147e-11,6.924570645398001e-11,6.925064493918316e-11,6.925558202926863e-11,6.926051772915398e-11,6.926545203217974e-11,6.927038494184481e-11,6.927531645909469e-11,6.928024657864196e-11,6.928517530972426e-11,6.929010265440777e-11,6.929502860151939e-11,6.929995315564766e-11,6.93048763235532e-11,6.930979809759836e-11,6.93147184819469e-11,6.931963747587249e-11,6.932455508089592e-11,6.932947129450815e-11,6.93343861211394e-11,6.933929955945555e-11,6.934421161352359e-11,6.934912227831935e-11,6.935403154031461e-11,6.935893942914183e-11,6.936384593155957e-11,6.936875104802794e-11,6.937365476293614e-11,6.937855709532256e-11,6.938345805550694e-11,6.938835763359729e-11,6.939325582612626e-11,6.93981526344366e-11,6.940304806045311e-11,6.940794210244603e-11,6.941283475871692e-11,6.941772603835846e-11,6.942261593316846e-11,6.942750444515037e-11,6.943239156550804e-11,6.943727731864019e-11,6.944216170060133e-11,6.944704469009576e-11,6.945192630006261e-11,6.945680653327021e-11,6.946168539519821e-11,6.946656287346298e-11,6.947143896102955e-11,6.947631368107564e-11,6.948118702455097e-11,6.948605899111943e-11,6.949092958126712e-11,6.949579879532913e-11,6.950066663368601e-11,6.95055330945975e-11,6.951039817922145e-11,6.951526189132623e-11,6.952012423060645e-11,6.952498519616167e-11,6.95298447882766e-11,6.953470300567853e-11,6.953955984704499e-11,6.95444153210993e-11,6.954926942424059e-11,6.955412216706498e-11,6.955897353869313e-11,6.956382353715247e-11,6.95686721640232e-11,6.957351941117129e-11,6.957836529966135e-11,6.958320981274862e-11,6.958805295179576e-11,6.95928947238301e-11,6.959773512949009e-11,6.96025741660055e-11,6.960741184453121e-11,6.961224814664172e-11,6.961708308077111e-11,6.962191664848744e-11,6.962674885345993e-11,6.963157969542882e-11,6.963640917081006e-11,6.964123728205339e-11,6.964606403072635e-11,6.965088941076258e-11,6.965571342698087e-11,6.966053607937976e-11,6.966535736958831e-11,6.967017729611522e-11,6.967499586120913e-11,6.967981306602147e-11,6.968462890782621e-11,6.96894433900357e-11,6.969425651529183e-11,6.969906827648007e-11,6.970387867726394e-11,6.970868771906747e-11,6.971349540119597e-11,6.9718301725228e-11,6.972310669031335e-11,6.972791029798279e-11,6.973271254551756e-11,6.973751343866206e-11,6.974231298969845e-11,6.974711116896648e-11,6.975190798970015e-11,6.975670347323339e-11,6.976149758617206e-11,6.976629034364201e-11,6.977108174709929e-11,6.977587179638778e-11,6.978066049011491e-11,6.97854478321546e-11,6.97902338211898e-11,6.979501845585734e-11,6.979980173987487e-11,6.980458367300678e-11,6.98093642380609e-11,6.981414346749845e-11,6.981892134627359e-11,6.98236978744884e-11,6.982847305264122e-11,6.983324688092685e-11,6.983801935837749e-11,6.9842790489303e-11,6.984756026300176e-11,6.985232869652028e-11,6.985709578049724e-11,6.98618615198005e-11,6.986662591061988e-11,6.987138895502855e-11,6.987615065183597e-11,6.988091099977226e-11,6.988566999284785e-11,6.989042765459006e-11,6.989518397166906e-11,6.989993894388404e-11,6.990469257131537e-11,6.990944485523704e-11,6.991419579674723e-11,6.9918945379678e-11,6.992369363561133e-11,6.992844054826657e-11,6.99331861151613e-11,6.993793034564302e-11,6.99426732345101e-11,6.994741479750571e-11,6.995215500291523e-11,6.995689387080884e-11,6.996163139514683e-11,6.996636758411824e-11,6.997110244073524e-11,6.997583592907058e-11,6.998056810228991e-11,6.99852989378057e-11,6.99900284602402e-11,6.999475662112411e-11,6.999948344498466e-11,7.000420894627263e-11,7.000893310070143e-11,7.001365591646382e-11,7.001837739796958e-11,7.002309754480045e-11,7.002781635708406e-11,7.003253383531706e-11,7.003724998485337e-11,7.004196479607254e-11,7.004667827430876e-11,7.005139041982642e-11,7.005610122695347e-11,7.006081070851241e-11,7.006551885833228e-11,7.007022567756166e-11,7.007493116535375e-11,7.007963532396157e-11,7.00843381517589e-11,7.008903965300543e-11,7.009373982112134e-11,7.009843866052061e-11,7.010313617043065e-11,7.010783234019879e-11,7.011252719975023e-11,7.011722072783919e-11,7.012191292879483e-11,7.012660380228607e-11,7.013129334790724e-11,7.013598157032238e-11,7.014066846680116e-11,7.014535403456183e-11,7.015003828178283e-11,7.015472120350782e-11,7.015940280181681e-11,7.016408306394675e-11,7.016876201440106e-11,7.017343964476922e-11,7.017811594980883e-11,7.018279093247187e-11,7.018746459295924e-11,7.01921369317074e-11,7.019680794945387e-11,7.020147764633218e-11,7.020614601251718e-11,7.02108130676413e-11,7.021547880424143e-11,7.022014322015193e-11,7.022480632037225e-11,7.022946809994334e-11,7.02341285612333e-11,7.023878770477256e-11,7.024344552936606e-11,7.02481020378703e-11,7.02527572303745e-11,7.025741110587697e-11,7.026206366372282e-11,7.026671490595474e-11,7.027136483551313e-11,7.0276013447713e-11,7.028066074628467e-11,7.028530672696789e-11,7.028995139727916e-11,7.029459475413574e-11,7.029923679779576e-11,7.030387752717757e-11,7.030851694616422e-11,7.031315505249547e-11,7.03177918430128e-11,7.032242732623985e-11,7.032706149849389e-11,7.033169435994679e-11,7.033632591086846e-11,7.034095615206358e-11,7.034558508393076e-11,7.035021270635385e-11,7.035483901947633e-11,7.035946402504948e-11,7.036408772239608e-11,7.036871011201171e-11,7.037333120504595e-11,7.037795098964992e-11,7.038256945823497e-11,7.038718662150336e-11,7.03918024763013e-11,7.039641702663026e-11,7.040103027240367e-11,7.040564221406702e-11,7.041025284963276e-11,7.041486218486747e-11,7.041947021331073e-11,7.042407693835371e-11,7.042868237113684e-11,7.043328649046204e-11,7.043788930837635e-11,7.044249082021028e-11,7.044709103367673e-11,7.045168992329948e-11,7.045628753597058e-11,7.046088383868193e-11,7.046547884878523e-11,7.04700725548765e-11,7.047466496641092e-11,7.047925608215599e-11,7.048384589361341e-11,7.048843440898482e-11,7.049302162676658e-11,7.049760754497599e-11,7.050219216301086e-11,7.050677548862925e-11,7.051135752063129e-11,7.051593825353148e-11,7.052051768702409e-11,7.052509582884753e-11,7.052967267655792e-11,7.053424822754123e-11,7.053882248137075e-11,7.054339544041631e-11,7.05479671088334e-11,7.055253748509607e-11,7.055710656870971e-11,7.056167435882221e-11,7.056624085726758e-11,7.057080606100137e-11,7.057536997613586e-11,7.057993259579778e-11,7.058449392883266e-11,7.058905397215777e-11,7.059361272463197e-11,7.059817018736198e-11,7.060272636045559e-11,7.060728124480591e-11,7.061183483969042e-11,7.061638714692785e-11,7.062093815172939e-11,7.062548788354464e-11,7.063003632731864e-11,7.063458348561244e-11,7.063912935106422e-11,7.064367393608893e-11,7.06482172463025e-11,7.065275925869014e-11,7.065729998599375e-11,7.06618394290778e-11,7.066637758846519e-11,7.067091446346462e-11,7.067545005836773e-11,7.06799843635253e-11,7.068451738889554e-11,7.068904913160727e-11,7.069357959208974e-11,7.069810877067744e-11,7.07026366670613e-11,7.070716327957086e-11,7.071168861455661e-11,7.07162126690552e-11,7.072073544279647e-11,7.072525693404214e-11,7.0729777140055e-11,7.07342960763157e-11,7.073881373708327e-11,7.074333011705334e-11,7.074784521925068e-11,7.075235904335339e-11,7.0756871589451e-11,7.076138286214725e-11,7.076589285284372e-11,7.07704015696353e-11,7.077490900992868e-11,7.077941517483791e-11,7.078392006444953e-11,7.078842367959709e-11,7.079292602092647e-11,7.079742708721068e-11,7.08019268801519e-11,7.08064254085042e-11,7.081092264220804e-11,7.08154186155635e-11,7.081991331677425e-11,7.082440674571594e-11,7.082889890273263e-11,7.083338978868606e-11,7.083787940388559e-11,7.084236775162681e-11,7.084685482512436e-11,7.085134062890248e-11,7.085582516278771e-11,7.08603084284664e-11,7.086479041574883e-11,7.086927113525769e-11,7.087375059211915e-11,7.087822878417958e-11,7.088270570916137e-11,7.088718136647385e-11,7.089165575756538e-11,7.089612888236132e-11,7.090060074423959e-11,7.090507133714382e-11,7.090954066555933e-11,7.091400872860017e-11,7.091847552695204e-11,7.092294106008978e-11,7.092740533001835e-11,7.093186833242424e-11,7.093633007508275e-11,7.094079055562846e-11,7.094524977260596e-11,7.094970772832993e-11,7.095416442301843e-11,7.095861985246698e-11,7.096307402433557e-11,7.096752693439207e-11,7.097197858454598e-11,7.097642897459471e-11,7.098087811111034e-11,7.098532598797859e-11,7.098977260003056e-11,7.099421795330294e-11,7.099866205150782e-11,7.100310488684085e-11,7.100754646545102e-11,7.101198678747375e-11,7.101642585377187e-11,7.102086366227814e-11,7.102530021283179e-11,7.10297355097165e-11,7.103416954992143e-11,7.103860232949884e-11,7.104303385709028e-11,7.104746413376882e-11,7.105189314607863e-11,7.105632089749042e-11,7.106074742714915e-11,7.106517268906165e-11,7.106959669839917e-11,7.107401945502904e-11,7.107844093156401e-11,7.108286118528939e-11,7.10872801871269e-11,7.10916979360503e-11,7.109611441526775e-11,7.110052967773709e-11,7.110494365897353e-11,7.110935642013355e-11,7.111376791998088e-11,7.111817817156557e-11,7.112258717445328e-11,7.112699493142005e-11,7.113140143261404e-11,7.113580669079667e-11,7.114021070267237e-11,7.114461346607478e-11,7.114901499254991e-11,7.115341526488645e-11,7.115781429034781e-11,7.116221207126399e-11,7.116660860289805e-11,7.117100388399581e-11,7.117539793059275e-11,7.117979073398525e-11,7.118418228512948e-11,7.118857260055513e-11,7.119296167371386e-11,7.119734949352463e-11,7.120173606753025e-11,7.120612141261835e-11,7.121050551611255e-11,7.121488837897785e-11,7.121927000501789e-11,7.122365038613534e-11,7.122802952288252e-11,7.123240742251733e-11,7.123678406133845e-11,7.124115948300135e-11,7.124553366173418e-11,7.124990659990644e-11,7.125427830469462e-11,7.125864877196723e-11,7.126301801613538e-11,7.126738600690942e-11,7.127175276112885e-11,7.127611827857064e-11,7.128048256298119e-11,7.128484561423e-11,7.128920742548468e-11,7.129356800411911e-11,7.129792734165058e-11,7.130228544926048e-11,7.130664231678587e-11,7.131099794845618e-11,7.131535235422263e-11,7.131970552729284e-11,7.132405746710326e-11,7.132840817450331e-11,7.133275764988712e-11,7.133710589328752e-11,7.134145290596611e-11,7.134579868752195e-11,7.1350143237296e-11,7.135448655650542e-11,7.13588286435303e-11,7.136316950361081e-11,7.136750913511332e-11,7.137184753693848e-11,7.137618471204901e-11,7.138052065720082e-11,7.138485537072879e-11,7.138918886116254e-11,7.139352111889413e-11,7.139785216318273e-11,7.140218197320324e-11,7.140651055337555e-11,7.14108379058802e-11,7.141516403599122e-11,7.141948894754717e-11,7.142381262635215e-11,7.142813508205936e-11,7.143245631526964e-11,7.143677632235351e-11,7.144109510628788e-11,7.144541266657803e-11,7.144972900354771e-11,7.14540441191121e-11,7.1458358008748e-11,7.146267068205548e-11,7.146698213113566e-11,7.14712923601384e-11,7.147560137054809e-11,7.14799091571277e-11,7.148421572288563e-11,7.148852106932856e-11,7.149282519822715e-11,7.149712810377508e-11,7.15014297924689e-11,7.150573026157163e-11,7.151002951376064e-11,7.151432755053611e-11,7.151862438595659e-11,7.152291998558187e-11,7.152721436876077e-11,7.153150753569896e-11,7.153579948584248e-11,7.154009020937687e-11,7.154437972839494e-11,7.154866802950849e-11,7.155295511850982e-11,7.155724099310824e-11,7.156152565755022e-11,7.156580912694751e-11,7.157009136010155e-11,7.157437237782374e-11,7.157865218579652e-11,7.158293077736863e-11,7.158720815615876e-11,7.159148431863201e-11,7.159575927137982e-11,7.160003302305872e-11,7.160430556054653e-11,7.160857688459866e-11,7.161284700170957e-11,7.161711590921332e-11,7.162138360593597e-11,7.162565009579377e-11,7.162991537401877e-11,7.16341794436454e-11,7.163844230210753e-11,7.164270396336766e-11,7.164696441676032e-11,7.165122365751954e-11,7.165548169231101e-11,7.165973851536922e-11,7.166399414536623e-11,7.16682485612063e-11,7.167250176523887e-11,7.167675376287498e-11,7.168100456133547e-11,7.168525416509503e-11,7.168950257600125e-11,7.169374976494776e-11,7.169799574724974e-11,7.170224053210198e-11,7.170648411267822e-11,7.171072649007437e-11,7.171496764895696e-11,7.171920761792417e-11,7.172344638956532e-11,7.172768396015112e-11,7.173192032738663e-11,7.173615550575312e-11,7.174038945081531e-11,7.174462222082275e-11,7.174885379147849e-11,7.175308416308963e-11,7.175731333642503e-11,7.176154129632749e-11,7.176576807355912e-11,7.176999365837253e-11,7.177421803797202e-11,7.177844123599356e-11,7.178266322386629e-11,7.178688401538361e-11,7.179110360625215e-11,7.179532200469141e-11,7.179953920842085e-11,7.180375520845507e-11,7.180797002267528e-11,7.181218364158603e-11,7.181639606519446e-11,7.182060729473864e-11,7.182481733299674e-11,7.182902617988637e-11,7.183323383146451e-11,7.183744029350501e-11,7.184164556188565e-11,7.184584963302796e-11,7.185005251663019e-11,7.185425420845644e-11,7.185845471129433e-11,7.186265402306952e-11,7.186685214354194e-11,7.187104907675546e-11,7.187524481754685e-11,7.187943936908599e-11,7.188363273338176e-11,7.188782490533394e-11,7.189201588964989e-11,7.18962056860168e-11,7.190039428912209e-11,7.190458171477545e-11,7.190876795057641e-11,7.191295300109944e-11,7.191713686729462e-11,7.19213195349878e-11,7.192550100084814e-11,7.192968131032983e-11,7.193386043256668e-11,7.19380383738226e-11,7.194221512870604e-11,7.194639070082047e-11,7.195056509118647e-11,7.195473829594091e-11,7.195891031897032e-11,7.19630811593498e-11,7.19672508144099e-11,7.197141929026826e-11,7.197558658108616e-11,7.197975269469707e-11,7.198391762422433e-11,7.198808137350269e-11,7.199224393702868e-11,7.199640531774548e-11,7.200056552658043e-11,7.200472455770913e-11,7.200888242531213e-11,7.201303910011568e-11,7.201719459803469e-11,7.202134890929158e-11,7.202550203283377e-11,7.202965399689368e-11,7.203380478038802e-11,7.203795439315854e-11,7.204210283334999e-11,7.204625009208753e-11,7.205039616235315e-11,7.205454106934122e-11,7.205868479774273e-11,7.206282735480816e-11,7.206696873762231e-11,7.207110894766479e-11,7.207524797302495e-11,7.207938583474736e-11,7.20835225241841e-11,7.208765803943185e-11,7.209179238415337e-11,7.209592555633473e-11,7.210005754951498e-11,7.210418837484138e-11,7.210831802870386e-11,7.211244651420937e-11,7.211657383989743e-11,7.212069998707405e-11,7.21248249640753e-11,7.212894876612628e-11,7.213307140603928e-11,7.213719287189744e-11,7.214131316909792e-11,7.21454322971965e-11,7.214955025999594e-11,7.215366705458383e-11,7.215778268262977e-11,7.21618971410825e-11,7.216601046099727e-11,7.217012258747697e-11,7.217423354941847e-11,7.217834334685687e-11,7.218245197553083e-11,7.218655944094878e-11,7.219066571566034e-11,7.219477085558418e-11,7.219887483136534e-11,7.22029776421467e-11,7.220707928835939e-11,7.221117976255086e-11,7.221527909040436e-11,7.221937724628302e-11,7.22234742404715e-11,7.222757007230498e-11,7.223166474531745e-11,7.223575825345444e-11,7.223985060372416e-11,7.224394179289696e-11,7.224803182332014e-11,7.225212069104534e-11,7.225620842604263e-11,7.226029497679389e-11,7.226438039184664e-11,7.226846462348942e-11,7.22725477043325e-11,7.227662962268632e-11,7.228071038236538e-11,7.228478998605907e-11,7.228886843011622e-11,7.229294571945912e-11,7.229702185190361e-11,7.230109683438972e-11,7.230517065545881e-11,7.230924334452066e-11,7.231331485940896e-11,7.231738524045073e-11,7.232145444326641e-11,7.232552248912068e-11,7.232958938569347e-11,7.233365512672145e-11,7.233771974051079e-11,7.234178317526258e-11,7.234584545508704e-11,7.234990658588828e-11,7.23539665791401e-11,7.23580254073173e-11,7.236208308152457e-11,7.236613960753148e-11,7.237019498233809e-11,7.237424923212896e-11,7.237830233129177e-11,7.238235428368635e-11,7.23864050600228e-11,7.239045468910439e-11,7.239450316702178e-11,7.239855049762775e-11,7.240259668269024e-11,7.24066417148625e-11,7.241068559385686e-11,7.241472833400004e-11,7.241876992598134e-11,7.242281037297611e-11,7.242684969480595e-11,7.243088784224873e-11,7.24349248527464e-11,7.243896071706726e-11,7.244299546204222e-11,7.24470290378246e-11,7.245106148501795e-11,7.245509277318629e-11,7.245912293372786e-11,7.246315193477685e-11,7.246717979230731e-11,7.247120651657486e-11,7.247523208976212e-11,7.247925652158746e-11,7.248327981085591e-11,7.248730195856795e-11,7.249132297434814e-11,7.249534286369735e-11,7.249936158921909e-11,7.250337917162916e-11,7.25073956238001e-11,7.251141093065951e-11,7.251542509954885e-11,7.251943812837101e-11,7.252345001896388e-11,7.252746077051078e-11,7.253147038440733e-11,7.253547886161181e-11,7.253948620138262e-11,7.254349240408984e-11,7.254749748392295e-11,7.255150141308616e-11,7.255550420720371e-11,7.255950586525965e-11,7.256350636614122e-11,7.256750573472947e-11,7.257150398706338e-11,7.257550110613083e-11,7.257949709112879e-11,7.2583491941708e-11,7.258748567065502e-11,7.259147825566641e-11,7.259546970858502e-11,7.259946002694923e-11,7.260344921403997e-11,7.260743726866863e-11,7.26114241919537e-11,7.261540998274986e-11,7.261939464716386e-11,7.262337815712894e-11,7.262736055698223e-11,7.263134184392575e-11,7.263532198452129e-11,7.263930099607572e-11,7.26432788784613e-11,7.264725563452976e-11,7.265123124436439e-11,7.265520577018902e-11,7.265917913438345e-11,7.266315138025587e-11,7.266712249513492e-11,7.267109250170708e-11,7.267506136383994e-11,7.267902909990714e-11,7.268299571045848e-11,7.268696119420649e-11,7.269092555275212e-11,7.2694888787371e-11,7.269885090880545e-11,7.270281190643922e-11,7.270677176665034e-11,7.271073050430587e-11,7.271468811851419e-11,7.271864463215969e-11,7.272260000160951e-11,7.272655424554664e-11,7.273050736197595e-11,7.273445936283713e-11,7.2738410242784e-11,7.274236002651793e-11,7.274630866402579e-11,7.275025618089579e-11,7.275420258269685e-11,7.27581478632258e-11,7.276209202012455e-11,7.276603505769261e-11,7.276997697626389e-11,7.277391777619257e-11,7.277785747349094e-11,7.278179603694873e-11,7.278573348259678e-11,7.278966981124342e-11,7.279360503221372e-11,7.279753913730406e-11,7.280147212864109e-11,7.280540399170383e-11,7.280933473934982e-11,7.281326438662005e-11,7.28171929076326e-11,7.282112032903254e-11,7.28250466140386e-11,7.282897178520378e-11,7.283289584168694e-11,7.28368187864067e-11,7.28407406049725e-11,7.28446613210003e-11,7.284858092609873e-11,7.285249941690871e-11,7.285641679549121e-11,7.28603330622421e-11,7.286424821748246e-11,7.286816226322849e-11,7.287207519767142e-11,7.287598701986717e-11,7.287989773178787e-11,7.288380734364941e-11,7.288771583576275e-11,7.289162321898361e-11,7.289552949315606e-11,7.289943465780532e-11,7.290333870965165e-11,7.290724165928205e-11,7.291114349933181e-11,7.291504423061325e-11,7.291894385643548e-11,7.29228423737296e-11,7.292673978417804e-11,7.2930636090084e-11,7.293453128834633e-11,7.293842538090855e-11,7.294231837063579e-11,7.294621025324614e-11,7.295010103414835e-11,7.295399070721407e-11,7.295787927552868e-11,7.296176674281775e-11,7.296565310294071e-11,7.29695383628606e-11,7.29734225196761e-11,7.297730557219387e-11,7.298118752207287e-11,7.298506836945634e-11,7.298894811473746e-11,7.299282675908434e-11,7.299670427323925e-11,7.300058070789777e-11,7.300445604993083e-11,7.300833029274534e-11,7.301220343558643e-11,7.301607547609379e-11,7.301994641752898e-11,7.302381626701698e-11,7.302768501152138e-11,7.303155265750264e-11,7.303541920734471e-11,7.303928465594435e-11,7.304314900923211e-11,7.304701226519116e-11,7.305087441601785e-11,7.305473547911516e-11,7.30585954450369e-11,7.306245431053368e-11,7.306631208520123e-11,7.307016875890578e-11,7.307402433753563e-11,7.307787882515168e-11,7.308173222208114e-11,7.308558452489192e-11,7.308943573108897e-11,7.309328584553313e-11,7.309713486747074e-11,7.310098279428864e-11,7.31048296242349e-11,7.310867536838257e-11,7.311252001800394e-11,7.311636356550531e-11,7.312020603038082e-11,7.31240474020225e-11,7.312788768338457e-11,7.31317268737046e-11,7.313556497912551e-11,7.313940199379056e-11,7.314323791836587e-11,7.314707275482534e-11,7.315090650244898e-11,7.31547391576223e-11,7.315857072897412e-11,7.316240120985032e-11,7.316623060579152e-11,7.317005891380779e-11,7.317388612395698e-11,7.31777122432793e-11,7.318153728978538e-11,7.318536125478186e-11,7.31891841173311e-11,7.319300590101764e-11,7.319682662272992e-11,7.320064623973929e-11,7.32044647738485e-11,7.320828222206708e-11,7.321209858459905e-11,7.32159138637553e-11,7.32197280584063e-11,7.322354117117746e-11,7.322735319725656e-11,7.323116414422887e-11,7.323497401438955e-11,7.323878279659116e-11,7.324259048735619e-11,7.324639710760932e-11,7.325020264485776e-11,7.32540070993347e-11,7.325781047325902e-11,7.326161277092964e-11,7.326541398936145e-11,7.32692141263457e-11,7.3273013182786e-11,7.327681116324852e-11,7.328060806319823e-11,7.328440387191064e-11,7.328819861549684e-11,7.329199228154085e-11,7.329578487203627e-11,7.329957638695868e-11,7.330336682444135e-11,7.33071561806294e-11,7.331094445375726e-11,7.33147316583189e-11,7.331851778673252e-11,7.332230280512978e-11,7.332608678186715e-11,7.332986968471644e-11,7.333365151064933e-11,7.333743225975447e-11,7.334121194183577e-11,7.3344990550381e-11,7.334876807410757e-11,7.335254453555155e-11,7.335631991908249e-11,7.336009423551456e-11,7.336386748225694e-11,7.336763965354482e-11,7.337141075334625e-11,7.33751807790674e-11,7.33789497364129e-11,7.338271762182013e-11,7.338648445190843e-11,7.339025019796709e-11,7.339401487579985e-11,7.339777847962056e-11,7.340154101740363e-11,7.340530248670919e-11,7.340906288808298e-11,7.341282221612063e-11,7.341658048471658e-11,7.342033768118153e-11,7.342409380934871e-11,7.342784886988964e-11,7.343160286749197e-11,7.343535579181662e-11,7.343910766547766e-11,7.34428584608848e-11,7.344660819144575e-11,7.345035687682576e-11,7.345410447703694e-11,7.345785101078667e-11,7.346159648969024e-11,7.346534090095449e-11,7.346908424138047e-11,7.347282651710666e-11,7.3476567732089e-11,7.348030786139858e-11,7.348404695020585e-11,7.348778497649294e-11,7.34915219404739e-11,7.349525784250395e-11,7.349899268322781e-11,7.350272646478489e-11,7.35064591841316e-11,7.351019084303095e-11,7.351392143879036e-11,7.351765097756047e-11,7.352137945761111e-11,7.352510687277632e-11,7.35288332319733e-11,7.353255853306002e-11,7.35362827757692e-11,7.354000596050789e-11,7.354372808572544e-11,7.354744915429484e-11,7.355116916074855e-11,7.35548881160595e-11,7.355860602983923e-11,7.356232286842712e-11,7.356603864824164e-11,7.356975337941603e-11,7.357346704608977e-11,7.357717966360795e-11,7.358089122492624e-11,7.358460172845442e-11,7.358831118262005e-11,7.35920195853081e-11,7.359572692982426e-11,7.359943322155145e-11,7.360313846519753e-11,7.360684266650219e-11,7.361054579835824e-11,7.361424787980519e-11,7.361794890540422e-11,7.36216488831667e-11,7.362534781128033e-11,7.362904568276995e-11,7.363274250158193e-11,7.363643827361222e-11,7.364013299478736e-11,7.364382666597179e-11,7.364751927834715e-11,7.365121085634091e-11,7.365490137374952e-11,7.365859084682061e-11,7.366227927179496e-11,7.366596665775652e-11,7.36696529796854e-11,7.36733382573709e-11,7.367702249070317e-11,7.368070567720464e-11,7.368438782187955e-11,7.368806891482788e-11,7.369174892705368e-11,7.369542792078876e-11,7.369910587164654e-11,7.370278278462621e-11,7.370645861988553e-11,7.371013343485402e-11,7.371380720760909e-11,7.371747994755278e-11,7.372115163085479e-11,7.37248222737055e-11,7.372849187325809e-11,7.373216042338996e-11,7.373582793705444e-11,7.373949440765138e-11,7.374315983938785e-11,7.374682422375868e-11,7.375048756700136e-11,7.375414987006216e-11,7.375781113104897e-11,7.376147135263481e-11,7.376513053461694e-11,7.376878866835185e-11,7.377244576785039e-11,7.377610183729319e-11,7.377975685921276e-11,7.378341084206381e-11,7.378706378613497e-11,7.379071570225846e-11,7.379436656963265e-11,7.3798016398386e-11,7.380166518770672e-11,7.380531294208101e-11,7.380895966849617e-11,7.38126053518793e-11,7.381625000134482e-11,7.381989360941772e-11,7.38235361813081e-11,7.382717771362249e-11,7.383081821471949e-11,7.383445768093309e-11,7.383809612065698e-11,7.384173351835223e-11,7.384536988170323e-11,7.384900519375984e-11,7.385263948906008e-11,7.385627274951847e-11,7.385990498138203e-11,7.386353617524847e-11,7.386716633304166e-11,7.387079547723222e-11,7.387442359201606e-11,7.387805065920421e-11,7.388167669040756e-11,7.388530169642475e-11,7.388892567185614e-11,7.389254861634212e-11,7.389617053132487e-11,7.389979140300811e-11,7.39034112565864e-11,7.390703008255402e-11,7.391064787290476e-11,7.391426464027515e-11,7.391788037984792e-11,7.39214950972825e-11,7.392510878083206e-11,7.392872143700674e-11,7.393233306608313e-11,7.393594366945279e-11,7.393955323762426e-11,7.39431617762023e-11,7.394676929878612e-11,7.395037579545005e-11,7.395398126631964e-11,7.395758571098021e-11,7.396118914186082e-11,7.396479153813065e-11,7.396839290949857e-11,7.397199325557832e-11,7.397559258041524e-11,7.397919087984464e-11,7.398278815344783e-11,7.398638440747702e-11,7.398997964017735e-11,7.399357384590851e-11,7.399716703156028e-11,7.40007591903646e-11,7.400435032884394e-11,7.400794045416954e-11,7.401152955503816e-11,7.401511763014127e-11,7.40187046890992e-11,7.402229072787117e-11,7.40258757367705e-11,7.402945973602362e-11,7.403304271601279e-11,7.403662464158075e-11,7.404020558375986e-11,7.404378550737887e-11,7.404736440315117e-11,7.405094229457307e-11,7.405451916428899e-11,7.405809501853065e-11,7.406166985456083e-11,7.406524367305771e-11,7.406881647167012e-11,7.407238825764269e-11,7.407595902746674e-11,7.407952878262648e-11,7.408309752061371e-11,7.40866652444416e-11,7.409023194997315e-11,7.409379764433539e-11,7.409736232575008e-11,7.410092599202173e-11,7.410448864448551e-11,7.410805028282818e-11,7.411161091144328e-11,7.411517052269155e-11,7.411872912268382e-11,7.412228671088844e-11,7.412584329111714e-11,7.412939884628173e-11,7.413295340229464e-11,7.413650694292884e-11,7.414005947111397e-11,7.414361099189823e-11,7.414716149826295e-11,7.415071099565374e-11,7.415425950460072e-11,7.41578069870565e-11,7.416135345360426e-11,7.416489891599241e-11,7.416844337400364e-11,7.417198682046893e-11,7.417552925971899e-11,7.417907069004158e-11,7.418261111197645e-11,7.41861505214099e-11,7.418968892776194e-11,7.419322633047969e-11,7.419676272475891e-11,7.420029810064775e-11,7.420383248417614e-11,7.420736586091004e-11,7.42108982335377e-11,7.421442960145212e-11,7.421795996440739e-11,7.422148932348222e-11,7.422501767960533e-11,7.422854503148837e-11,7.42320713860647e-11,7.423559672805828e-11,7.42391210676023e-11,7.424264440858135e-11,7.424616674383553e-11,7.424968807697936e-11,7.425320841389681e-11,7.425672774346981e-11,7.426024607175352e-11,7.42637633986408e-11,7.426727972563408e-11,7.427079505124479e-11,7.427430937678293e-11,7.427782270486341e-11,7.428133503101624e-11,7.428484635885108e-11,7.428835668602147e-11,7.429186601447954e-11,7.429537434464754e-11,7.429888166835255e-11,7.430238800390723e-11,7.430589330687404e-11,7.430939764519888e-11,7.43129009863256e-11,7.431640332915006e-11,7.431990467671958e-11,7.432340502769672e-11,7.432690438346388e-11,7.43304027371093e-11,7.433390010569535e-11,7.43373964759903e-11,7.434089186588737e-11,7.434438624751348e-11,7.434787962688672e-11,7.435137201602626e-11,7.435486341240137e-11,7.435835381511403e-11,7.436184322792104e-11,7.436533164614378e-11,7.436881906965731e-11,7.4372305500927e-11,7.437579094023152e-11,7.43792753878247e-11,7.438275884502245e-11,7.438624130895864e-11,7.43897227820962e-11,7.439320326608907e-11,7.439668275342329e-11,7.440016125449966e-11,7.440363876085408e-11,7.440711528157859e-11,7.441059081348018e-11,7.441406535616415e-11,7.441753892009864e-11,7.442101148495201e-11,7.44244830622616e-11,7.442795365238801e-11,7.44314232570342e-11,7.443489187005679e-11,7.443835949475794e-11,7.444182611826785e-11,7.444529176877803e-11,7.444875643477068e-11,7.44522201145061e-11,7.445568282784816e-11,7.445914453894824e-11,7.44626052571469e-11,7.446606499664813e-11,7.446952374966658e-11,7.447298151828098e-11,7.44764383007944e-11,7.447989410111232e-11,7.448334891675833e-11,7.448680274438505e-11,7.449025559451004e-11,7.449370746151596e-11,7.449715834939196e-11,7.450060825143846e-11,7.450405717158577e-11,7.45075051090416e-11,7.451095206421838e-11,7.451439803980663e-11,7.451784303406825e-11,7.452128704816243e-11,7.452473006895046e-11,7.45281721222769e-11,7.453161319291464e-11,7.453505328501107e-11,7.453849239943998e-11,7.454193053640262e-11,7.454536769299303e-11,7.454880389511383e-11,7.455223909500747e-11,7.455567332577078e-11,7.455910657079694e-11,7.456253884049588e-11,7.456597011933959e-11,7.456940043233951e-11,7.45728297851734e-11,7.457625813945596e-11,7.45796855263561e-11,7.458311192096393e-11,7.458653735293969e-11,7.4589961810026e-11,7.459338529017827e-11,7.459680779756303e-11,7.460022934859507e-11,7.46036499057158e-11,7.460706948412607e-11,7.461048809576385e-11,7.461390573178169e-11,7.461732239625256e-11,7.462073808787491e-11,7.462415280613901e-11,7.462756655259046e-11,7.463097932782853e-11,7.463439113366334e-11,7.463780196222301e-11,7.464121182194586e-11,7.464462071255905e-11,7.464802862951417e-11,7.465143557574638e-11,7.465484155389497e-11,7.465824656722104e-11,7.466165060572509e-11,7.466505367534841e-11,7.466845577454045e-11,7.467185690666345e-11,7.467525707017016e-11,7.467865626105167e-11,7.468205449849458e-11,7.468545175628757e-11,7.468884804683822e-11,7.469224337085572e-11,7.46956377289394e-11,7.469903112358416e-11,7.470242355139112e-11,7.47058149965299e-11,7.470920549065978e-11,7.471259501810852e-11,7.471598357593731e-11,7.471937117382656e-11,7.472275780647209e-11,7.472614347453573e-11,7.47295281802503e-11,7.473291192039295e-11,7.473629469654287e-11,7.473967648773752e-11,7.474305733719565e-11,7.474643722407942e-11,7.474981615001656e-11,7.475319411358469e-11,7.475657111522703e-11,7.475994715634702e-11,7.476332222919443e-11,7.476669634922342e-11,7.477006950378069e-11,7.477344169738445e-11,7.477681293046097e-11,7.47801831995079e-11,7.478355251536044e-11,7.478692087087648e-11,7.479028826515756e-11,7.479365470466751e-11,7.479702018260418e-11,7.480038469919978e-11,7.48037482586716e-11,7.480711087884326e-11,7.481047252577905e-11,7.481383320822613e-11,7.48171929369585e-11,7.482055170685589e-11,7.482390952171488e-11,7.482726637431232e-11,7.483062227420207e-11,7.483397722061314e-11,7.483733120571585e-11,7.484068424308283e-11,7.48440363231671e-11,7.48473874483841e-11,7.485073761627221e-11,7.485408683252802e-11,7.485743509796464e-11,7.486078240694771e-11,7.486412876237369e-11,7.486747416748405e-11,7.487081861338808e-11
18,1.3627372695248494e-42,3.8876933803701144e-42,7.337728868241963e-42,1.1492250279846127e-41,1.6189966255312241e-41,2.1302620640248102e-41,2.673717544245125e-41,3.242016302599605e-41,3.829374234458466e-41,4.4314808781903833e-41,5.044962820252939e-41,5.66720533492267e-41,6.296188533231844e-41,6.930386973976275e-41,7.568598104236219e-41,8.209885853527973e-41,8.853574206803522e-41,9.499080164106464e-41,1.014602190062771e-40,1.079403352697085e-40,1.1442907777895822e-40,1.2092430271261521e-40,1.2742429596802962e-40,1.3392813743649946e-40,1.4043494481725183e-40,1.469440380936445e-40,1.5345489316442992e-40,1.5996710609072194e-40,1.6648036554702498e-40,1.7299443159026958e-40,1.795091192869904e-40,1.8602428610816028e-40,1.925398222002337e-40,1.9905564289935854e-40,2.0557168295103086e-40,2.120878920631508e-40,2.18604231473788e-40,2.2512067130890717e-40,2.316371885427217e-40,2.381537654308146e-40,2.446703882944017e-40,2.511870465929232e-40,2.5770373220279435e-40,2.642204388604592e-40,2.7073716174165135e-40,2.7725389712578756e-40,2.8377064214703264e-40,2.9028739459511417e-40,2.9680415276731986e-40,3.0332091535195062e-40,3.0983768133676547e-40,3.163544499424838e-40,3.2287122056789153e-40,3.2938799274947628e-40,3.3590476613085824e-40,3.4242154043703616e-40,3.489383154561882e-40,3.5545509102523397e-40,3.619718670174176e-40,3.684886433353856e-40,3.7500541990489405e-40,3.815221966686647e-40,3.880389735803982e-40,3.945557506092097e-40,4.01072527726038e-40,4.0758930491088866e-40,4.141060821488547e-40,4.206228594269323e-40,4.271396367364863e-40,4.336564140703657e-40,4.4017319142330926e-40,4.46689968790559e-40,4.532067461681554e-40,4.597235235550736e-40,4.662403009472335e-40,4.727570783460916e-40,4.792738557476172e-40,4.857906331524262e-40,4.923074105604175e-40,4.988241879693531e-40,5.053409653799789e-40,5.118577427904686e-40,5.183745202028335e-40,5.2489129761592e-40,5.3140807502822336e-40,5.379248524427828e-40,5.444416298569737e-40,5.509584072709056e-40,5.574751846857143e-40,5.639919621002594e-40,5.705087395141525e-40,5.770255169287567e-40,5.835422943437913e-40,5.900590717585002e-40,5.965758491739345e-40,6.030926265887517e-40,6.0960940400350326e-40,6.1612618141861465e-40,6.22642958833672e-40,6.2915973624874805e-40,6.356765136637426e-40,6.421932910784195e-40,6.487100684933627e-40,6.552268459080215e-40,6.617436233232139e-40,6.682604007384562e-40,6.7477717815308794e-40,6.812939555679431e-40,6.8781073298282085e-40,6.9432751039823094e-40,7.008442878127894e-40,7.073610652281416e-40,7.138778426429729e-40,7.203946200582701e-40,7.2691139747419136e-40,7.334281748884345e-40,7.399449523028076e-40,7.464617297177237e-40,7.529785071329257e-40,7.594952845481167e-40,7.660120619630123e-40,7.725288393778765e-40,7.790456167921705e-40,7.855623942080417e-40,7.920791716229381e-40,7.98595949038251e-40,8.051127264533436e-40,8.11629503868605e-40,8.181462812831532e-40,8.246630586980851e-40,8.311798361138179e-40,8.376966135283243e-40,8.442133909432047e-40,8.507301683578417e-40,8.572469457729604e-40,8.637637231878773e-40,8.702805006027137e-40,8.767972780175541e-40,8.833140554328292e-40,8.898308328476698e-40,8.963476102628849e-40,9.028643876779072e-40,9.093811650930857e-40,9.158979425087534e-40,9.22414719923082e-40,9.289314973381822e-40,9.354482747528835e-40,9.419650521679958e-40,9.484818295831112e-40,9.549986069982012e-40,9.615153844132961e-40,9.680321618279095e-40,9.745489392429164e-40,9.810657166571105e-40,9.87582494072062e-40,9.940992714874707e-40,1.000616048901632e-39,1.0071328263173617e-39,1.0136496037327801e-39,1.0201663811473275e-39,1.0266831585617841e-39,1.033199935977057e-39,1.0397167133919624e-39,1.0462334908068438e-39,1.05275026822209e-39,1.0592670456373509e-39,1.0657838230521654e-39,1.0723006004669515e-39,1.0788173778813528e-39,1.085334155296113e-39,1.0918509327112307e-39,1.0983677101259736e-39,1.1048844875410731e-39,1.1114012649565845e-39,1.1179180423713505e-39,1.1244348197863822e-39,1.1309515972006852e-39,1.1374683746160652e-39,1.143985152031134e-39,1.1505019294461563e-39,1.157018706860439e-39,1.1635354842750098e-39,1.1700522616892807e-39,1.176569039104566e-39,1.1830858165191573e-39,1.1896025939336792e-39,1.1961193713485705e-39,1.202636148763518e-39,1.209152926178388e-39,1.2156697035932926e-39,1.2221864810088575e-39,1.2287032584237683e-39,1.2352200358389983e-39,1.2417368132541331e-39,1.248253590669344e-39,1.2547703680842005e-39,1.2612871455000045e-39,1.2678039229148304e-39,1.2743207003296022e-39,1.2808374777443568e-39,1.287354255159419e-39,1.2938710325738385e-39,1.3003878099885046e-39,1.3069045874038163e-39,1.3134213648185706e-39,1.3199381422339381e-39,1.3264549196486076e-39,1.3329716970638421e-39,1.3394884744788728e-39,1.3460052518938679e-39,1.352522029308844e-39,1.3590388067234934e-39,1.3655555841387146e-39,1.3720723615539634e-39,1.3785891389688906e-39,1.385105916383773e-39,1.3916226937986333e-39,1.3981394712128786e-39,1.4046562486285959e-39,1.4111730260432189e-39,1.417689803457732e-39,1.424206580873102e-39,1.4307233582882746e-39,1.4372401357028338e-39,1.443756913117572e-39,1.4502736905323603e-39,1.4567904679474156e-39,1.4633072453630484e-39,1.4698240227775682e-39,1.4763408001928358e-39,1.4828575776081463e-39,1.4893743550229202e-39,1.4958911324376367e-39,1.5024079098522964e-39,1.5089246872672572e-39,1.515441464681946e-39,1.5219582420963498e-39,1.528475019511504e-39,1.5349917969270124e-39,1.5415085743411745e-39,1.5480253517568404e-39,1.5545421291718025e-39,1.5610589065864227e-39,1.567575684001842e-39,1.5740924614162393e-39,1.5806092388310723e-39,1.587126016245921e-39,1.5936427936604993e-39,1.6001595710758295e-39,1.606676348490714e-39,1.6131931259055058e-39,1.619709903320544e-39,1.626226680735367e-39,1.6327434581499e-39,1.639260235565413e-39,1.6457770129804828e-39,1.652293790395248e-39,1.6588105678102283e-39,1.6653273452242413e-39,1.671844122638914e-39,1.6783609000538432e-39,1.6848776774683085e-39,1.6913944548837084e-39,1.697911232299207e-39,1.7044280097141668e-39,1.7109447871295622e-39,1.7174615645435592e-39,1.723978341958649e-39,1.7304951193735585e-39,1.7370118967889194e-39,1.7435286742038228e-39,1.7500454516184815e-39,1.7565622290340495e-39,1.7630790064489594e-39,1.769595783863342e-39,1.776112561278603e-39,1.7826293386929923e-39,1.7891461161077913e-39,1.7956628935233058e-39,1.802179670938133e-39,1.808696448352928e-39,1.815213225768168e-39,1.82173000318297e-39,1.828246780598411e-39,1.8347635580134332e-39,1.8412803354279846e-39,1.847797112843358e-39,1.854313890257915e-39,1.860830667673293e-39,1.8673474450878263e-39,1.8738642225032057e-39,1.8803809999172787e-39,1.8868977773325945e-39,1.8934145547471156e-39,1.8999313321615436e-39,1.9064481095764003e-39,1.9129648869921485e-39,1.9194816644066522e-39,1.925998441821948e-39,1.9325152192372825e-39,1.9390319966517073e-39,1.9455487740673852e-39,1.9520655514822808e-39,1.9585823288979845e-39,1.9650991063124387e-39,1.971615883727664e-39,1.9781326611425153e-39,1.984649438557733e-39,1.991166215972967e-39,1.9976829933873622e-39,2.0041997708020963e-39,2.0107165482172666e-39,2.0172333256320623e-39,2.0237501030476127e-39,2.0302668804619823e-39,2.036783657877512e-39,2.0433004352914808e-39,2.0498172127061597e-39,2.0563339901212644e-39,2.062850767535599e-39,2.0693675449510817e-39,2.0758843223658288e-39,2.0824010997805035e-39,2.0889178771955753e-39,2.0954346546098392e-39,2.1019514320252555e-39,2.1084682094391602e-39,2.1149849868545275e-39,2.1215017642696127e-39,2.1280185416842413e-39,2.1345353190996377e-39,2.1410520965150827e-39,2.1475688739305473e-39,2.1540856513444142e-39,2.160602428759697e-39,2.1671192061751397e-39,2.1736359835905515e-39,2.1801527610048236e-39,2.1866695384197586e-39,2.193186315834709e-39,2.1997030932496803e-39,2.2062198706646395e-39,2.2127366480795598e-39,2.2192534254941193e-39,2.2257702029097382e-39,2.2322869803243898e-39,2.2388037577392654e-39,2.245320535154152e-39,2.2518373125690563e-39,2.258354089984319e-39,2.264870867398889e-39,2.271387644814153e-39,2.2779044222286454e-39,2.2844211996435178e-39,2.290937977058379e-39,2.2974547544736222e-39,2.3039715318877742e-39,2.3104883093025748e-39,2.3170050867177516e-39,2.3235218641325552e-39,2.330038641546984e-39,2.336555418962832e-39,2.343072196376978e-39,2.3495889737917195e-39,2.356105751206524e-39,2.3626225286220047e-39,2.3691393060364862e-39,2.375656083451907e-39,2.382172860867127e-39,2.3886896382818806e-39,2.3952064156965742e-39,2.4017231931113347e-39,2.4082399705263996e-39,2.4147567479411562e-39,2.4212735253562557e-39,2.4277903027716853e-39,2.434307080186466e-39,2.4408238576011584e-39,2.4473406350164957e-39,2.453857412431903e-39,2.4603741898465968e-39,2.466890967261638e-39,2.473407744676337e-39,2.4799245220916463e-39,2.4864412995063442e-39,2.4929580769210146e-39,2.4994748543359856e-39,2.5059916317496613e-39,2.5125084091645226e-39,2.519025186579884e-39,2.5255419639945757e-39,2.5320587414095212e-39,2.538575518824494e-39,2.5450922962394275e-39,2.5516090736543717e-39,2.5581258510693394e-39,2.5646426284846004e-39,2.5711594058995217e-39,2.5776761833144352e-39,2.5841929607293634e-39,2.5907097381446274e-39,2.5972265155595158e-39,2.6037432929744374e-39,2.6102600703890038e-39,2.6167768478041976e-39,2.6232936252194556e-39,2.6298104026340008e-39,2.6363271800488706e-39,2.6428439574636843e-39,2.6493607348785143e-39,2.6558775122930418e-39,2.6623942897081413e-39,2.668911067123032e-39,2.6754278445378274e-39,2.6819446219526326e-39,2.6884613993674502e-39,2.6949781767819686e-39,2.701494954196743e-39,2.7080117316118625e-39,2.714528509026668e-39,2.7210452864408465e-39,2.7275620638558657e-39,2.7340788412706634e-39,2.7405956186851045e-39,2.747112396100707e-39,2.7536291735149364e-39,2.7601459509296307e-39,2.7666627283446754e-39,2.7731795057597592e-39,2.7796962831751148e-39,2.78621306058986e-39,2.7927298380054717e-39,2.7992466154196322e-39,2.805763392833982e-39,2.812280170249253e-39,2.8187969476648654e-39,2.8253137250796256e-39,2.831830502494879e-39,2.8383472799096382e-39,2.844864057324618e-39,2.851380834739587e-39,2.8578976121539892e-39,2.8644143895697736e-39,2.8709311669848068e-39,2.8774479443997445e-39,2.8839647218141167e-39,2.8904814992281676e-39,2.896998276643311e-39,2.9035150540579812e-39,2.91003183147292e-39,2.916548608888416e-39,2.923065386302544e-39,2.9295821637170983e-39,2.9360989411322712e-39,2.942615718546936e-39,2.949132495962098e-39,2.955649273377037e-39,2.9621660507913644e-39,2.968682828206165e-39,2.975199605621295e-39,2.981716383035871e-39,2.988233160450977e-39,2.9947499378664106e-39,3.0012667152815574e-39,3.007783492696702e-39,3.014300270110984e-39,3.020817047526082e-39,3.0273338249406144e-39,3.033850602355957e-39,3.04036737977027e-39,3.046884157185332e-39,3.053400934600192e-39,3.059917712014155e-39,3.0664344894294234e-39,3.072951266843721e-39,3.079468044258444e-39,3.085984821673447e-39,3.0925015990888e-39,3.099018376503289e-39,3.105535153919384e-39,3.1120519313336963e-39,3.118568708748649e-39,3.125085486163395e-39,3.131602263578102e-39,3.13811904099311e-39,3.1446358184083895e-39,3.1511525958231305e-39,3.15766937323811e-39,3.1641861506530776e-39,3.1707029280678335e-39,3.177219705482538e-39,3.1837364828975196e-39,3.1902532603124896e-39,3.1967700377271796e-39,3.203286815142369e-39,3.209803592557354e-39,3.216320369972032e-39,3.2228371473861863e-39,3.229353924802117e-39,3.235870702216841e-39,3.24238747963177e-39,3.248904257045917e-39,3.255421034460267e-39,3.26193781187564e-39,3.268454589290299e-39,3.274971366704952e-39,3.281488144119826e-39,3.288004921534177e-39,3.294521698949515e-39,3.301038476364948e-39,3.30755525378014e-39,3.314072031195002e-39,3.32058880861035e-39,3.327105586024241e-39,3.333622363439501e-39,3.3401391408546205e-39,3.3466559182697e-39,3.3531726956850374e-39,3.3596894731001575e-39,3.366206250514994e-39,3.372723027929328e-39,3.379239805344371e-39,3.385756582759202e-39,3.392273360173765e-39,3.3987901375890696e-39,3.40530691500314e-39,3.4118236924178676e-39,3.418340469832898e-39,3.4248572472484444e-39,3.4313740246630346e-39,3.437890802077566e-39,3.444407579492339e-39,3.4509243569068684e-39,3.4574411343216276e-39,3.463957911736148e-39,3.4704746891508935e-39,3.4769914665654204e-39,3.48350824398015e-39,3.490025021394881e-39,3.496541798809857e-39,3.5030585762250836e-39,3.509575353640068e-39,3.516092131055257e-39,3.522608908469731e-39,3.529125685884664e-39,3.535642463299837e-39,3.5421592407155076e-39,3.548676018130027e-39,3.555192795545168e-39,3.5617095729599046e-39,3.5682263503748445e-39,3.574743127789784e-39,3.5812599052051505e-39,3.5877766826198653e-39,3.5942934600351975e-39,3.600810237449909e-39,3.607327014864345e-39,3.613843792280348e-39,3.620360569694612e-39,3.626877347109245e-39,3.63339412452434e-39,3.6399109019394873e-39,3.646427679353952e-39,3.652944456769937e-39,3.6594612341839685e-39,3.6659780115985457e-39,3.672494789013364e-39,3.6790115664284484e-39,3.685528343843329e-39,3.6920451212579805e-39,3.6985618986719044e-39,3.705078676086434e-39,3.711595453501695e-39,3.718112230915862e-39,3.724629008331942e-39,3.731145785746168e-39,3.737662563161373e-39,3.744179340576024e-39,3.7506961179912785e-39,3.757212895406333e-39,3.763729672820721e-39,3.7702464502356885e-39,3.7767632276505006e-39,3.783280005065935e-39,3.78979678248074e-39,3.7963135598957524e-39,3.8028303373105396e-39,3.809347114725065e-39,3.8158638921398035e-39,3.82238066955519e-39,3.8288974469700175e-39,3.835414224384553e-39,3.841931001799702e-39,3.84844777921382e-39,3.854964556628921e-39,3.861481334043893e-39,3.867998111459516e-39,3.874514888873649e-39,3.881031666288753e-39,3.887548443703265e-39,3.89406522111839e-39,3.900581998532925e-39,3.907098775947606e-39,3.9136155533625226e-39,3.9201323307776524e-39,3.926649108192592e-39,3.933165885606858e-39,3.939682663021713e-39,3.9461994404368e-39,3.9527162178512885e-39,3.959232995266786e-39,3.9657497726817446e-39,3.972266550096843e-39,3.978783327511344e-39,3.985300104926405e-39,3.9918168823404656e-39,3.998333659755466e-39,4.004850437170735e-39,4.0113672145858544e-39,4.0178839920011487e-39,4.0244007694158074e-39,4.03091754683025e-39,4.037434324245656e-39,4.0439511016605365e-39,4.050467879075998e-39,4.0569846564896294e-39,4.063501433905384e-39,4.070018211320267e-39,4.076534988735262e-39,4.083051766150103e-39,4.0895685435642985e-39,4.096085320979468e-39,4.102602098394488e-39,4.1091188758088776e-39,4.115635653224263e-39,4.122152430638688e-39,4.128669208053651e-39,4.1351859854688435e-39,4.141702762883827e-39,4.1482195402981936e-39,4.1547363177135276e-39,4.161253095128315e-39,4.167769872542879e-39,4.1742866499579945e-39,4.1808034273733644e-39,4.1873202047881595e-39,4.19383698220312e-39,4.2003537596186365e-39,4.206870537033617e-39,4.21338731444836e-39,4.2199040918636586e-39,4.226420869278424e-39,4.232937646693347e-39,4.239454424108088e-39,4.245971201522572e-39,4.25248797893725e-39,4.259004756352958e-39,4.265521533767711e-39,4.272038311182598e-39,4.278555088597314e-39,4.285071866012549e-39,4.291588643427256e-39,4.298105420841756e-39,4.304622198257603e-39,4.311138975671801e-39,4.3176557530864175e-39,4.324172530500896e-39,4.3306893079154973e-39,4.337206085330702e-39,4.34372286274542e-39,4.350239640160235e-39,4.35675641757488e-39,4.3632731949897005e-39,4.36978997240509e-39,4.376306749820351e-39,4.3828235272346554e-39,4.389340304649446e-39,4.395857082064434e-39,4.402373859479657e-39,4.4088906368947167e-39,4.4154074143091476e-39,4.421924191723764e-39,4.4284409691385583e-39,4.434957746553165e-39,4.4414745239686966e-39,4.447991301383746e-39,4.4545080787989034e-39,4.461024856213138e-39,4.4675416336282704e-39,4.4740584110433004e-39,4.480575188457711e-39,4.487091965872272e-39,4.493608743286664e-39,4.500125520701582e-39,4.5066422981159956e-39,4.5131590755305603e-39,4.519675852945276e-39,4.526192630360195e-39,4.5327094077753156e-39,4.5392261851906294e-39,4.545742962605012e-39,4.5522597400195455e-39,4.558776517435033e-39,4.56529329484925e-39,4.571810072263951e-39,4.5783268496792564e-39,4.584843627094364e-39,4.59136040450926e-39,4.597877181923985e-39,4.60439395933886e-39,4.610910736753918e-39,4.617427514168477e-39,4.6239442915835723e-39,4.630461068998457e-39,4.636977846413134e-39,4.6434946238276424e-39,4.6500114012423e-39,4.656528178657532e-39,4.663044956072261e-39,4.6695617334870596e-39,4.6760785109020844e-39,4.68259528831662e-39,4.689112065731222e-39,4.695628843146045e-39,4.7021456205603336e-39,4.708662397976202e-39,4.715179175390591e-39,4.7216959528050144e-39,4.7282127302207146e-39,4.7347295076352114e-39,4.7412462850498264e-39,4.747763062464303e-39,4.7542798398795745e-39,4.760796617293722e-39,4.767313394708989e-39,4.773830172123453e-39,4.7803469495384136e-39,4.786863726952915e-39,4.793380504368576e-39,4.799897281783388e-39,4.806414059198686e-39,4.812930836613145e-39,4.819447614028036e-39,4.825964391443516e-39,4.8324811688585054e-39,4.8389979462736124e-39,4.845514723687897e-39,4.852031501103305e-39,4.858548278517924e-39,4.865065055932636e-39,4.8715818333475604e-39,4.8780986107616736e-39,4.8846153881768484e-39,4.8911321655919796e-39,4.89764894300657e-39,4.904165720421276e-39,4.910682497835849e-39,4.917199275250907e-39,4.923716052666155e-39,4.930232830080894e-39,4.9367496074957925e-39,4.9432663849102273e-39,4.94978316232506e-39,4.95629993973941e-39,4.962816717154595e-39,4.969333494569325e-39,4.975850271983876e-39,4.9823670493989045e-39,4.9888838268137825e-39,4.9954006042285156e-39,5.001917381643046e-39,5.008434159058044e-39,5.014950936472908e-39,5.0214677138879015e-39,5.027984491302772e-39,5.0345012687177755e-39,5.041018046132329e-39,5.04753482354765e-39,5.054051600962477e-39,5.060568378377188e-39,5.0670851557916935e-39,5.073601933206612e-39,5.080118710621438e-39,5.0866354880367306e-39,5.0931522654515544e-39,5.0996690428662027e-39,5.106185820281322e-39,5.11270259769601e-39,5.119219375110808e-39,5.12573615252548e-39,5.1322529299402864e-39,5.138769707355257e-39,5.145286484770386e-39,5.151803262184426e-39,5.158320039599444e-39,5.164836817013767e-39,5.171353594428507e-39,5.1778703718434644e-39,5.184387149257943e-39,5.190903926672568e-39,5.1974207040882686e-39,5.203937481502271e-39,5.21045425891665e-39,5.216971036332165e-39,5.223487813746677e-39,5.230004591161892e-39,5.236521368576984e-39,5.243038145991582e-39,5.249554923406596e-39,5.256071700821205e-39,5.2625884782359094e-39,5.2691052556514053e-39,5.275622033066202e-39,5.282138810481079e-39,5.288655587896105e-39,5.2951723653112904e-39,5.3016891427254166e-39,5.308205920140546e-39,5.3147226975553076e-39,5.321239474970177e-39,5.327756252385465e-39,5.334273029800082e-39,5.340789807215091e-39,5.3473065846302847e-39,5.353823362044379e-39,5.360340139459192e-39,5.36685691687358e-39,5.373373694289006e-39,5.3798904717031e-39,5.386407249118205e-39,5.392924026533484e-39,5.399440803948087e-39,5.405957581362456e-39,5.412474358777826e-39,5.418991136191924e-39,5.4255079136067196e-39,5.4320246910214e-39,5.438541468435893e-39,5.445058245850871e-39,5.451575023266011e-39,5.458091800680697e-39,5.4646085780954836e-39,5.471125355510763e-39,5.477642132925558e-39,5.48415891033985e-39,5.4906756877551925e-39,5.4971924651698936e-39,5.5037092425840675e-39,5.510226020000154e-39,5.516742797414712e-39,5.523259574829633e-39,5.529776352244116e-39,5.5362931296593395e-39,5.542809907074108e-39,5.5493266844892885e-39,5.5558434619034696e-39,5.562360239318614e-39,5.5688770167331126e-39,5.575393794148594e-39,5.581910571562535e-39,5.5884273489770346e-39,5.5949441263914225e-39,5.601460903806571e-39,5.607977681221621e-39,5.6144944586362456e-39,5.621011236050966e-39,5.627528013465235e-39,5.6340447908802386e-39,5.6405615682948334e-39,5.6470783457098236e-39,5.653595123124717e-39,5.6601119005394516e-39,5.666628677954601e-39,5.673145455369615e-39,5.679662232784463e-39,5.6861790101997686e-39,5.692695787613767e-39,5.699212565028676e-39,5.705729342443835e-39,5.7122461198579715e-39,5.718762897273035e-39,5.725279674687722e-39,5.73179645210226e-39,5.738313229516915e-39,5.744830006932294e-39,5.751346784347028e-39,5.757863561761837e-39,5.7643803391767896e-39,5.770897116590766e-39,5.777413894005908e-39,5.783930671421024e-39,5.790447448835735e-39,5.796964226250541e-39,5.8034810036651966e-39,5.809997781079723e-39,5.816514558494649e-39,5.8230313359097e-39,5.829548113324077e-39,5.836064890738811e-39,5.842581668153697e-39,5.8490984455690584e-39,5.855615222983441e-39,5.862132000398486e-39,5.8686487778128486e-39,5.875165555227614e-39,5.881682332642783e-39,5.888199110057578e-39,5.894715887471908e-39,5.901232664887783e-39,5.907749442302498e-39,5.914266219716961e-39,5.920782997132383e-39,5.927299774546879e-39,5.933816551961707e-39,5.940333329376735e-39,5.946850106790774e-39,5.953366884206028e-39,5.959883661620659e-39,5.96640043903589e-39,5.97291721645082e-39,5.979433993865562e-39,5.985950771280735e-39,5.992467548694632e-39,5.998984326109987e-39,6.005501103524753e-39,6.012017880939868e-39,6.018534658354311e-39,6.025051435768581e-39,6.031568213183477e-39,6.038084990598038e-39,6.044601768013014e-39,6.051118545427587e-39,6.057635322843359e-39,6.06415210025747e-39,6.070668877671837e-39,6.077185655086344e-39,6.083702432501577e-39,6.090219209916433e-39,6.096735987331355e-39,6.103252764746447e-39,6.109769542160888e-39,6.116286319575938e-39,6.122803096991445e-39,6.129319874406293e-39,6.135836651820974e-39,6.142353429235715e-39,6.148870206650637e-39,6.155386984064876e-39,6.161903761480042e-39,6.168420538894851e-39,6.17493731630949e-39,6.181454093724504e-39,6.187970871138896e-39,6.194487648553625e-39,6.201004425968508e-39,6.207521203383569e-39,6.214037980797952e-39,6.220554758213239e-39,6.227071535627922e-39,6.233588313042676e-39,6.24010509045759e-39,6.246621867872364e-39,6.253138645287524e-39,6.259655422702568e-39,6.266172200116119e-39,6.272688977530995e-39,6.279205754946686e-39,6.285722532361491e-39,6.292239309775582e-39,6.298756087190527e-39,6.305272864605401e-39,6.311789642020387e-39,6.318306419435009e-39,6.324823196849721e-39,6.331339974263991e-39,6.337856751678656e-39,6.344373529093503e-39,6.350890306508966e-39,6.357407083923881e-39,6.363923861338615e-39,6.370440638752961e-39,6.376957416167876e-39,6.38347419358273e-39,6.38999097099849e-39,6.396507748413393e-39,6.403024525827294e-39,6.409541303242307e-39,6.416058080657014e-39,6.422574858072335e-39,6.429091635486815e-39,6.435608412901866e-39,6.44212519031579e-39,6.448641967731032e-39,6.455158745145496e-39,6.461675522560531e-39,6.46819229997547e-39,6.474709077390296e-39,6.481225854804677e-39,6.487742632219424e-39,6.49425940963385e-39,1.8956479377725248e-21,2.0260559558197907e-21,2.013807278464033e-21,1.993339338541191e-21,1.9753093046392465e-21,1.9601752808737344e-21,1.947626470258584e-21,1.937349325073168e-21,1.929077641246361e-21,1.9225868291907248e-21,1.917685823712118e-21,1.9142108686685357e-21,1.9120205677317097e-21,1.9109920674863186e-21,1.911018033743783e-21,1.9120042292056755e-21,1.9138675526845054e-21,1.916534435728792e-21,1.91993951996432e-21,1.9240245544696183e-21,1.9287374625993078e-21,1.934031624691394e-21,1.9398650942732534e-21,1.9462001525538263e-21,1.953002769451224e-21,1.9602421948062246e-21,1.9678906340979306e-21,1.9759227572920885e-21,1.9843157703957405e-21,1.993046748396996e-21,2.002102883922355e-21,2.0114611705947043e-21,2.0211075342797265e-21,2.031027802895255e-21,2.041208939464623e-21,2.0516390390030526e-21,2.0623072342772805e-21,2.073203606990876e-21,2.084319102396365e-21,2.095645456806598e-21,2.1071751299874645e-21,2.1189012451591277e-21,2.1308175341426472e-21,2.1429182883965278e-21,2.1551983131228794e-21,2.1676528877104163e-21,2.1802777463981752e-21,2.1930689530466166e-21,2.206023049929875e-21,2.2191368557730495e-21,2.232407521765145e-21,2.2458324993094615e-21,2.259409491699028e-21,2.2731364855017326e-21,2.287011683311222e-21,2.3010335094123667e-21,2.3152005909522296e-21,2.3295117438490695e-21,2.3439659592661042e-21,2.358562392849993e-21,2.3733003511900503e-21,2.388179284545925e-21,2.4031987762310755e-21,2.418358531538815e-21,2.433658376293826e-21,2.4490982418492246e-21,2.4646781634572307e-21,2.4803982712480014e-21,2.4962587869045482e-21,2.512260015458927e-21,2.5284023425649276e-21,2.5446862293570016e-21,2.5611122075429045e-21,2.5776808764383915e-21,2.594392898893388e-21,2.6112489979235362e-21,2.6282499540260227e-21,2.6453966022308887e-21,2.6626898291859863e-21,2.6801305711346043e-21,2.6977198117589254e-21,2.7154585798473854e-21,2.7333479475658736e-21,2.751389029080106e-21,2.769582978312994e-21,2.7879309880992953e-21,2.8064342887767826e-21,2.825094146669214e-21,2.8439118631857825e-21,2.862888774141045e-21,2.8820262482926677e-21,2.9013258412380152e-21,2.9207885353198988e-21,2.940416220951754e-21,2.9602102724779694e-21,2.980172204619455e-21,3.0003035698472948e-21,3.0206059508154757e-21,3.0410809584836146e-21,3.0617302323020896e-21,3.0825554397209685e-21,3.1035582761149895e-21,3.1247404638354394e-21,3.1461037544331398e-21,3.16764992476426e-21,3.1893807804235656e-21,3.2112981532878377e-21,3.233403902831732e-21,3.2556999164412832e-21,3.278188108497427e-21,3.300870419926617e-21,3.3237488212728324e-21,3.346825305767882e-21,3.3701019008124344e-21,3.393580657779054e-21,3.4172636567661446e-21,3.441153006535524e-21,3.4652508195939024e-21,3.489559331636762e-21,3.514080671129114e-21,3.538817080313263e-21,3.563770813971589e-21,3.588944155184405e-21,3.614339416931467e-21,3.639958947830692e-21,3.6658051066320646e-21,3.6918803130180835e-21,3.7181869994660525e-21,3.744727634149831e-21,3.771504717139472e-21,3.798520779337592e-21,3.8257783941060065e-21,3.853280153963801e-21,3.8810286943532994e-21,3.90902668145473e-21,3.937276819641096e-21,3.965781845029752e-21,3.99454453116977e-21,4.023567686314948e-21,4.052854157243377e-21,4.082406826557675e-21,4.112228614767248e-21,4.142322480723815e-21,4.1726914217835844e-21,4.203338474899335e-21,4.2342667165133434e-21,4.265479263661871e-21,4.296979274715948e-21,4.328769949025296e-21,4.360854879280394e-21,4.3932362243663926e-21,4.425918579092328e-21,4.458904762144722e-21,4.4921982475011304e-21,4.525802502466224e-21,4.559721035631987e-21,4.5939574023785076e-21,4.6285152061037384e-21,4.663398097796176e-21,4.6986097776552416e-21,4.734153995530732e-21,4.770034551934753e-21,4.8062552981919e-21,4.8428201379595775e-21,4.879733028738865e-21,4.916997979769406e-21,4.954619056372181e-21,4.9926003779831636e-21,5.030946121311886e-21,5.069660519941642e-21,5.108747865164873e-21,5.148212507447025e-21,5.188058856339419e-21,5.22829138340446e-21,5.268914620865032e-21,5.30993317715306e-21,5.351351674387473e-21,5.393174871409635e-21,5.435407548001888e-21,5.47805496006634e-21,5.5211208615617696e-21,5.5646113552862594e-21,5.608531192270133e-21,5.652885481747324e-21,5.6976794299256276e-21,5.742918316122628e-21,5.788607495624425e-21,5.834752401124018e-21,5.8813585393559954e-21,5.9284314984558845e-21,5.975976945000067e-21,6.024000626606556e-21,6.072508374001572e-21,6.121506101314068e-21,6.1709998073185995e-21,6.220995578177777e-21,6.271499587791458e-21,6.3225180995606944e-21,6.374057467648347e-21,6.426124138929633e-21,6.478724654666229e-21,6.53186565122614e-21,6.585553861840941e-21,6.639796120972655e-21,6.694599360352826e-21,6.749970616236934e-21,6.805917027936793e-21,6.862445841281338e-21,6.919564409027616e-21,6.977280193752298e-21,7.035600770089909e-21,7.094533823136527e-21,7.154087157211283e-21,7.214268690927082e-21,7.275086462951874e-21,7.336548633352317e-21,7.398663485897246e-21,7.46143942862325e-21,7.524884999337617e-21,7.589008863936313e-21,7.653819821647862e-21,7.719326808684399e-21,7.785538886728149e-21,7.852465263880579e-21,7.92011531925089e-21,7.988498526109851e-21,8.057624527335946e-21,8.127503119354574e-21,8.198144247153873e-21,8.269558010943307e-21,8.341754668915008e-21,8.41474464761345e-21,8.488538503666667e-21,8.563147009733308e-21,8.638581077010222e-21,8.714851795277176e-21,8.79197043057537e-21,8.869948428845872e-21,8.948797417224005e-21,9.028529208682757e-21,9.109155805303629e-21,9.19068940155956e-21,9.273142388121607e-21,9.356527355394429e-21,9.440857097052279e-21,9.526144613741913e-21,9.612403117824642e-21,9.699646036870711e-21,9.787887014927967e-21,9.877139923051333e-21,9.967418857341465e-21,1.0058738146096045e-20,1.0151109650464285e-20,1.0244556073113398e-20,1.0339084974689809e-20,1.0434713770093721e-20,1.0531458180699514e-20,1.0629334079513647e-20,1.0728357587270221e-20,1.0828544664103664e-20,1.0929912388980154e-20,1.1032477522930103e-20,1.1136257243611315e-20,1.1241269030881401e-20,1.1347530661335461e-20,1.1455060215917038e-20,1.1563876082263323e-20,1.1673996965161323e-20,1.1785441886364846e-20,1.1898230199819508e-20,1.2012381590286439e-20,1.2127916084431782e-20,1.22448540540079e-20,1.2363216227723092e-20,1.248302369427234e-20,1.260429791140495e-20,1.2727060712207492e-20,1.28513343140767e-20,1.2977141325501729e-20,1.3104504754637617e-20,1.3233447973633427e-20,1.3363994940663128e-20,1.349616979146887e-20,1.3629997249374034e-20,1.3765501985024484e-20,1.3902710932057134e-20,1.4041648851778502e-20,1.4182342605625096e-20,1.4324819256911755e-20,1.4469106248247425e-20,1.4615231576676337e-20,1.4763223736143255e-20,1.4913111741963615e-20,1.5064925141753928e-20,1.5218694027838357e-20,1.5374449045503044e-20,1.5532221410519324e-20,1.5692042222333615e-20,1.5853945890379348e-20,1.6017963483356098e-20,1.6184129152120547e-20,1.6352477176754046e-20,1.6523042441666677e-20,1.6695860488571674e-20,1.6870967527355156e-20,1.7048400468204578e-20,1.722819690632187e-20,1.7410395166165988e-20,1.7595037119004148e-20,1.7782154339040827e-20,1.7971795211751216e-20,1.8163998880339716e-20,1.83588073333693e-20,1.8556263531895082e-20,1.8756411290089498e-20,1.8959295277832448e-20,1.9164961041707733e-20,1.937345502541818e-20,1.958482458404479e-20,1.9799118013877974e-20,2.0016384569539908e-20,2.023667448186468e-20,2.0460039278541116e-20,2.0686530370031265e-20,2.0916201875626233e-20,2.1149107951142198e-20,2.1385304063567015e-20,2.16248468177616e-20,2.186779397474756e-20,2.2114204471076445e-20,2.2364138449135797e-20,2.2617657283776243e-20,2.2874823616709403e-20,2.3135701380779448e-20,2.3400355832537437e-20,2.366885358570116e-20,2.3941262641103805e-20,2.421765242490222e-20,2.4498093809563017e-20,2.4782659171328447e-20,2.507142240835675e-20,2.5364458982942894e-20,2.5661845960876186e-20,2.5963662052115565e-20,2.626998764873496e-20,2.6580904866099124e-20,2.689649758954134e-20,2.721685151267139e-20,2.7542054185849e-20,2.7872195067013363e-20,2.8207365556753805e-20,2.85476590614341e-20,2.88931710352886e-20,2.9243999034942457e-20,2.960024277319644e-20,2.996200417458701e-20,3.032938742743606e-20,3.070249905033809e-20,3.108144794727669e-20,3.146634546130411e-20,3.185730545700919e-20,3.225444437201503e-20,3.265788125393148e-20,3.3067737986845334e-20,3.348413906303425e-20,3.390721194273313e-20,3.4337086996112515e-20,3.477389760437828e-20,3.521778024470147e-20,3.566887456153323e-20,3.612732346387161e-20,3.65932732112897e-20,3.7066873492784875e-20,3.754827754671522e-20,3.803764222095379e-20,3.8535128104130336e-20,3.9040899611443993e-20,3.955512509074929e-20,4.007797694362356e-20,4.0609631712273577e-20,4.115027022980897e-20,4.1700077712158395e-20,4.225924389387767e-20,4.282796314746398e-20,4.340643462580375e-20,4.399486238736582e-20,4.459345554306236e-20,4.5202428397676467e-20,4.582200058908646e-20,4.64523972641765e-20,4.7093849224802186e-20,4.7746593093472875e-20,4.8410871463978845e-20,4.908693312024119e-20,4.977503317749679e-20,5.047543329371504e-20,5.118840183333932e-20,5.191421412192479e-20,5.265315258108105e-20,5.3405507002045784e-20,5.4171574728214754e-20,5.495166091504479e-20,5.574607872453839e-20,5.655514962412494e-20,5.737920359341522e-20,5.821857940251015e-20,5.907362488916252e-20,5.994469722520172e-20,6.083216321599699e-20,6.173639960214238e-20,6.265779335730991e-20,6.359674202821964e-20,6.4553654050387e-20,6.552894910966654e-20,6.652305849215216e-20,6.753642544206627e-20,6.856950556337448e-20,6.962276722672398e-20,7.069669195229607e-20,7.179177485872395e-20,7.290852509764237e-20,7.404746632228924e-20,7.520913715823289e-20,7.639409169777396e-20,7.760290001570329e-20,7.883614870778086e-20,8.009444142327091e-20,8.137839946597954e-20,8.268866238378651e-20,8.402588856234405e-20,8.539075589824731e-20,8.678396246075534e-20,8.820622716976639e-20,8.965829053266843e-20,9.114091538549831e-20,9.26548876741332e-20,9.420101726586354e-20,9.578013878225286e-20,9.739311248560895e-20,9.904082517968757e-20,1.0072419116650826e-19,1.024441532161275e-19,1.0420168361740092e-19,1.0599778521350701e-19,1.0783349253051853e-19,1.097098729706071e-19,1.1162802792140048e-19,1.135890940981869e-19,1.155942448413717e-19,1.176446914450296e-19,1.1974168458819462e-19,1.2188651584969677e-19,1.2408051918859797e-19,1.2632507263264287e-19,1.286215998904302e-19,1.30971572132595e-19,1.3337650984145374e-19,1.3583798467828717e-19,1.3835762151137946e-19,1.4093710048281701e-19,1.435781591727925e-19,1.462825949076453e-19,1.490522670846863e-19,1.5188909969740696e-19,1.5479508389773856e-19,1.577722807150417e-19,1.608228239025212e-19,1.6394892289379864e-19,1.671528659149807e-19,1.7043702322222592e-19,1.738038505166445e-19,1.7725589248839818e-19,1.8079578657079407e-19,1.8442626682384742e-19,1.881501680403934e-19,1.9197043003340621e-19,1.9589010215088148e-19,1.9991234795931153e-19,2.0404045024177736e-19,2.0827781614896404e-19,2.1262798267477108e-19,2.170946223579365e-19,2.216815493185551e-19,2.2639272552026544e-19,2.3123226747487096e-19,2.362044531352122e-19,2.413137292631701e-19,2.4656471912583674e-19,2.5196223058398964e-19,2.575112646489486e-19,2.6321702440647583e-19,2.690849245058405e-19,2.751206010968795e-19,2.813299222729044e-19,2.877189991864398e-19,2.942941976124628e-19,3.010621503038224e-19,3.0802976982349993e-19,3.152042623229654e-19,3.225931418798198e-19,3.302042457642922e-19,3.3804575047751835e-19,3.461261887896749e-19,3.544544676272309e-19,3.630398870925038e-19,3.7189216053905975e-19,3.8102143580503236e-19,3.904383176813286e-19,4.0015389173038446e-19,4.1017974947327536e-19,4.2052801515251167e-19,4.312113739906635e-19,4.422431021816793e-19,4.53637098929317e-19,4.654079200252115e-19,4.775708138915503e-19,4.901417595931701e-19,5.031375074795886e-19,5.165756220148963e-19,5.304745278356017e-19,5.448535583619185e-19,5.597330074334286e-19,5.751341849211614e-19,5.910794752097397e-19,6.07592400087415e-19,6.246976854886336e-19,6.424213328771383e-19,6.607906952886244e-19,6.798345587331388e-19,6.995832289299743e-19,7.20068624090345e-19,7.413243743714097e-19,7.633859278748264e-19,7.862906644756169e-19,8.10078017577475e-19,8.347896046221635e-19,8.604693670049319e-19,8.871637203082714e-19,9.149217153868284e-19,9.437952116598512e-19,9.738390624219706e-19,1.0051113161164284e-18,1.0376734306446081e-18,1.071590505343846e-18,1.1069315306418585e-18,1.143769657123991e-18,1.1821824858482943e-18,1.2222523815340867e-18,1.2640668109141296e-18,1.307718708539728e-18,1.3533068721113284e-18,1.4009363905714663e-18,1.450719107525883e-18,1.502774123970035e-18,1.5572283425488761e-18,1.6142170597208445e-18,1.673884606837751e-18,1.7363850504442124e-18,1.80188294991629e-18,1.8705541855477648e-18,1.9425868597219367e-18,2.0181822791710594e-18,2.0975560285322348e-18,2.180939141083975e-18,2.268579381008571e-18,2.360742644414044e-18,2.457714495661361e-18,2.5598018509878576e-18,2.6673348258764433e-18,2.780668763449437e-18,2.9001864682026295e-18,3.026300660132272e-18,3.159456680537682e-18,3.300135476795333e-18,3.448856896802625e-18,3.606183330611255e-18,3.772723740014341e-18,3.949138122451969e-18,4.1361424607305095e-18,4.334514221526956e-18,4.545098465236337e-18,4.768814649042801e-18,5.006664208076641e-18,5.259739016136477e-18,5.529230840630381e-18,5.8164419210269364e-18,6.122796824127265e-18,6.449855746194413e-18,6.799329462941474e-18,7.173096152493353e-18,7.573220361359835e-18,8.001974415600379e-18,8.461862629048885e-18,8.95564872852011e-18,9.486386965888674e-18,1.0057457480725711e-17,1.0672606563476866e-17,1.1335992584413821e-17,1.2052238481855999e-17,1.2826491865947874e-17,1.3664493977751081e-17,1.4572658971540884e-17,1.555816525977696e-17,1.6629060980146118e-17,1.7794386045375642e-17,1.906431370472335e-17,2.0450315127075798e-17,2.1965351217316326e-17,2.3624096735044102e-17,2.5443202836549965e-17,2.7441605451044315e-17,2.964088849703182e-17,3.206571291670506e-17,3.474432493826346e-17,3.7709160062542973e-17,4.099756303645777e-17,4.465264891815499e-17,4.872433634332212e-17,5.3270591792079816e-17,5.835893336766262e-17,6.406825505415065e-17,7.049104839413975e-17,7.773611910954863e-17,8.593192292078963e-17,9.52306795612404e-17,1.0581346962879731e-16,1.1789657885191183e-16,1.317394339615407e-16,1.47654580281276e-16,1.6602029330813862e-16,1.8729660839149092e-16,2.1204581327325593e-16,2.409588049785504e-16,2.720578794145712e-16,3.120766034117494e-16,3.5905120698872782e-16,4.149729735805297e-16,4.819464125594641e-16,5.626319217847741e-16,6.604461163567501e-16,7.798127164195799e-16,9.265068600398378e-16,1.1081338283493062e-15,1.3348015364486186e-15,1.6200753068477013e-15,1.982348762079072e-15,2.4468356092041913e-15,3.0484998322156817e-15,3.836423421118996e-15,4.880407646874657e-15,5.257586547675928e-15,6.8138611169032205e-15,8.921760397428358e-15,1.1841284475065089e-14,1.5951916732309076e-14,2.183866488895572e-14,3.042278505005249e-14,4.318443508952593e-14,6.255172103253447e-14,9.259516184810543e-14,1.4029399387514463e-13,2.1789476812182738e-13,3.4739688633766294e-13,5.692537009118599e-13,9.595568754676557e-13,1.664491222896345e-12,2.970170906814374e-12,5.444886229610007e-12,1.0227992019578367e-11,1.6088395560841403e-11,1.6088395561109022e-11,1.608839557995516e-11,3.1327441646489644e-11,6.139420709364035e-11,1.2056139071464715e-10,2.3545801482542785e-10,4.5369656348156347e-10,8.561103472089831e-10,1.5719529808011298e-09,2.7943677892234474e-09,4.790589521078503e-09,7.898670783557616e-09,1.2502085715452244e-08,1.8977793736041594e-08,2.7622838452815803e-08,3.857585498516766e-08,5.1756383416980334e-08,5.216178483120748e-08,5.2161784833167526e-08,6.733653660293527e-08,8.38217649972649e-08,1.0094062665751222e-07,1.179206052292449e-07,1.3400566037715177e-07,1.4853463458631633e-07,1.6099466694313415e-07,1.7104720681441875e-07,1.785289129501497e-07,1.8343346750208937e-07,1.8588177218299518e-07,1.8608750543664395e-07,1.8432341368160592e-07,1.8089176731760298e-07,1.761006618536665e-07,1.702465325589807e-07,1.636024150182189e-07,1.5641104869135832e-07,1.4888177377900516e-07,1.4119020517129562e-07,1.3347979671737545e-07,1.2586457640219202e-07,1.1843250190703077e-07,1.1124903815013775e-07,1.0436068472538338e-07,9.779828078761693e-08,9.157998950683359e-08,8.5713917843826e-08,8.020036376109813e-08,7.50337065241141e-08,7.02039694934504e-08,6.569809164880008e-08,6.465818647324297e-08,6.053241648549707e-08,5.669592364442179e-08,5.3129643564112404e-08,4.9817265078033516e-08,4.6742092656664614e-08,4.388775218027458e-08,4.1238483181314874e-08,3.877929274836628e-08,3.6496023694443656e-08,3.437538855251136e-08,3.240497526377544e-08,3.057323393818661e-08,2.886945045028087e-08,2.7283711167689924e-08,2.580686197839899e-08,2.4430464072771496e-08,2.3146748256480022e-08,2.19485691213571e-08,2.082936005595891e-08,1.9783089749243584e-08,1.88042206395306e-08,1.788766960887028e-08,1.7028771062885354e-08,1.6223242462704142e-08,1.546715231353444e-08,1.4756890537449273e-08,1.4089141155369023e-08,1.3460857159674133e-08,1.2869237456608872e-08,1.2311705744360866e-08,1.1785891191119126e-08,1.1289610784788013e-08,1.0820853225303436e-08,1.0377764225243883e-08,9.958633119593424e-09,9.561880658377709e-09,9.186047887638936e-09,8.829786024152299e-09,8.491847227225462e-09,8.171076199173404e-09,7.866402529096169e-09,7.576833716710321e-09,7.301448815800767e-09,7.039392635945238e-09,6.789870455695608e-09,6.552143196835922e-09,6.32552301929264e-09,6.109369297509047e-09,5.903084943060775e-09,5.706113041924342e-09,5.517933778340794e-09,5.338061617843507e-09,5.166042727439388e-09,5.001452610504275e-09,4.843893937774404e-09,4.6929945558468105e-09,4.54840565938077e-09,4.4098001101265505e-09,4.276870891587922e-09,4.149329686703577e-09,4.026905568023514e-09,3.9093437906755545e-09,3.796404679341206e-09,3.6878626011674514e-09,3.5835050170822535e-09,3.4831316055224793e-09,3.3865534519460937e-09,3.293592298774189e-09,3.20407985157613e-09,3.117857135296887e-09,3.0347738974925528e-09,2.95468805598025e-09,2.877465184571026e-09,2.8029780357174173e-09,2.7311060973776084e-09,2.661735180221003e-09,2.594757033760005e-09,2.530068988765204e-09,2.4950389568044495e-09,2.4334694013517315e-09,2.374187973903586e-09,2.316885625955245e-09,2.261469883325836e-09,2.2078620295757622e-09,2.155988268472101e-09,2.105778634726683e-09,2.0571665995316896e-09,2.010088827004023e-09,1.9644849814814582e-09,1.920297557928808e-09,1.877471726462279e-09,1.8359551875821763e-09,1.7956980366580117e-09,1.7566526367897384e-09,1.7187734992458592e-09,1.6820171714016199e-09,1.6463421307772856e-09,1.6117086859732428e-09,1.57807888273233e-09,1.5454164161631504e-09,1.51368654732611e-09,1.4828560251096175e-09,1.4528930123657728e-09,1.4237670161366425e-09,1.3954488218789872e-09,1.3679104313564688e-09,1.3411250038732866e-09,1.3150668008612002e-09,1.2897111333942975e-09,1.2650343125171638e-09,1.241013602369544e-09,1.2176271755946026e-09,1.1948540714387758e-09,1.1726741556717774e-09,1.1510680829863637e-09,1.1300172609359937e-09,1.109503816114547e-09,1.0895105620014755e-09,1.070020968112777e-09,1.051019131112398e-09,1.03248974721473e-09,1.014418085962926e-09,9.967899653464451e-10,9.795917280144286e-10,9.628102189478782e-10,9.464327639010869e-10,9.304471490659528e-10,9.148416016889408e-10,8.996047715548932e-10,8.847257134572317e-10,8.701938704012569e-10,8.559990576463725e-10,8.421314474772155e-10,8.285815546958326e-10,8.153402227744006e-10,8.023986106248533e-10,7.897481800344543e-10,7.773806835974009e-10,7.652881532462515e-10,7.534628892469056e-10,7.418974497555306e-10,7.305846407711423e-10,7.195175065679531e-10,7.086893205385652e-10,6.980935764418418e-10,6.877239800075332e-10,6.77574440956743e-10,6.676390653037241e-10,6.579121480236938e-10,6.483881660214853e-10,6.390617714026851e-10,6.299277850173074e-10,6.20981190285667e-10,6.122171272713278e-10,6.036308870107718e-10,5.952179060600854e-10,5.869737612876466e-10,5.78894164840149e-10,5.709749593884841e-10,5.632121134538012e-10,5.556017170450542e-10,5.481399773471271e-10,5.408232146940287e-10,5.336478586269956e-10,5.266104441302755e-10,5.197076080237517e-10,5.129360854791631e-10,5.062927066713038e-10,4.997743935974334e-10,4.933781569503935e-10,4.871010931819884e-10,4.809403816216601e-10,4.748932817403402e-10,4.689571305007439e-10,4.6312933981302124e-10,4.5740739408182363e-10,4.5178884785632576e-10,4.462713235224726e-10,4.408525091788042e-10,4.355301564784207e-10,4.303020785878128e-10,4.2516614827482524e-10,4.201202959825806e-10,4.151625080471565e-10,4.102908249015114e-10,4.0550333942438056e-10,4.0079819527652237e-10,3.961735853317942e-10,3.9162775022624887e-10,3.871589767568088e-10,3.827655965992091e-10,3.7844598487767133e-10,3.741985588635789e-10,3.700217767025743e-10,3.6591413618829577e-10,3.6187417357105635e-10,3.579004624163665e-10,3.539916125009723e-10,3.5014626873964047e-10,3.463631101437966e-10,3.4264084883074353e-10,3.3897822906943854e-10,3.3537402633033286e-10,3.318270463830561e-10,3.2833612443291013e-10,3.249001242640611e-10,3.215179374378674e-10,3.181884824897444e-10,3.14910704172561e-10,3.116835727096082e-10,3.085060830860209e-10,3.0537725434959203e-10,3.0229612894147657e-10,2.992617720467922e-10,2.962732709645962e-10,2.9332973449912965e-10,2.904302923668945e-10,2.8757409463081607e-10,2.847603111377473e-10,2.819881309898211e-10,2.7925676201502357e-10,2.7656543027438245e-10,2.7391337955957234e-10,2.712998709301485e-10,2.6872418225064413e-10,2.6618560774916755e-10,2.636834575625496e-10,2.6121705734299096e-10,2.587857478651553e-10,2.5638888458076566e-10,2.540258372780706e-10,2.516959896935415e-10,2.4939873916058395e-10,2.471334962488315e-10,2.448996844373332e-10,2.426967397737103e-10,2.4052411055965977e-10,2.383812570385967e-10,2.362676510945186e-10,2.3418277596433105e-10,2.3212612594000227e-10,2.3009720610362713e-10,2.28095532055527e-10,2.2612062964961573e-10,2.2417203474505795e-10,2.2224929295839246e-10,2.2035195942720574e-10,2.1847959856506054e-10,2.1663178384791282e-10,2.1480809758878394e-10,2.1300813072452643e-10,2.112314826088514e-10,2.0947776080752136e-10,2.077465809041294e-10,2.0603756631114207e-10,2.0435034806862258e-10,2.026845646893844e-10,2.0103986194890668e-10,1.9941589276019305e-10,1.978123169566996e-10,1.9622880116178312e-10,1.9466501862066907e-10,1.931206490468285e-10,1.915953784735882e-10,1.9008889910757539e-10,1.8860090918668148e-10,1.871311128419452e-10,1.856792199628235e-10,1.842449460660505e-10,1.828280121680027e-10,1.8142814465995812e-10,1.8004507518749382e-10,1.7867854053170354e-10,1.7732828249309242e-10,1.7599404778558467e-10,1.746755879180704e-10,1.733726590918949e-10,1.720850221002557e-10,1.3374595968923072e-10,1.1405925175149765e-10,1.0467618016942716e-10,1.0036545182809584e-10,9.853450642145683e-11,9.791479816599232e-11,9.788615779927462e-11,9.81454231485499e-11,9.854440014688427e-11,9.901064752464965e-11,9.950875350755054e-11,1.0002140689743133e-10,1.0054014443221905e-10,1.0106082781617485e-10,1.0158143294864092e-10,1.0210096918997938e-10,1.026189511511371e-10,1.031351404785753e-10,1.036494196276547e-10,1.0416173017334845e-10,1.0467204265659686e-10,1.0518034183174635e-10,1.0568661944839335e-10,1.0619087079512366e-10,1.0669309289640275e-10,1.0719328370831238e-10,1.0769144168869324e-10,1.0818756562282401e-10,1.0868165446110474e-10,1.091737074040844e-10,1.0966372374154172e-10,1.1015170287427462e-10,1.1063764437593601e-10,1.1112154787045137e-10,1.1160341312729964e-10,1.120832400429755e-10,1.1256102859733021e-10,1.1303677891205093e-10,1.1351049117643854e-10,1.1398216572807823e-10,1.144518029941491e-10,1.1491940348623411e-10,1.1538496785532604e-10,1.1584849685151663e-10,1.1630999131443932e-10,1.167694522007535e-10,1.172268805491756e-10,1.1768227751415708e-10,1.181356443464559e-10,1.185869823939777e-10,1.1903629310325782e-10,1.194835780162236e-10,1.1992883877427909e-10,1.2037207708986094e-10,1.2081329480053694e-10,1.212524938229943e-10,1.2168967616517035e-10,1.2212484397413638e-10,1.2255799934268214e-10,1.2298914459235185e-10,1.23418282083809e-10,1.2384541431615763e-10,1.2427054370730713e-10,1.2469367297165483e-10,1.251148047514867e-10,1.2553394187541718e-10,1.25951087207147e-10,1.2636624367936595e-10,1.2677941431983157e-10,1.271906022391888e-10,1.2759981058702827e-10,1.2800704262489855e-10,1.284123017018986e-10,1.288155912219048e-10,1.2921691469489017e-10,1.296162755864528e-10,1.3001367757524817e-10,1.3040912432114124e-10,1.3080261959881339e-10,1.3119416723661633e-10,1.3158377114003373e-10,1.3197143524791468e-10,1.323571636257349e-10,1.327409603052194e-10,1.3312282946925778e-10,1.3350277533022713e-10,1.3388080216593167e-10,1.3425691430070417e-10,1.3463111616258248e-10,1.3500341218585283e-10,1.3537380688232094e-10,1.3574230479735886e-10,1.3610891058261377e-10,1.3647362892181896e-10,1.3683646452024252e-10,1.37197422172794e-10,1.3755650671443665e-10,1.379137230288102e-10,1.3826907605772233e-10,1.3862257079117208e-10,1.3897421224115656e-10,1.3932400550318945e-10,1.396719556889233e-10,1.4001806798142307e-10,1.4036234760324076e-10,1.4070479980387772e-10,1.41045429887402e-10,1.4138424319449775e-10,1.4172124511039818e-10,1.42056441066207e-10,1.423898365117598e-10,1.4272143697138273e-10,1.4305124795759653e-10,1.4337927505589433e-10,1.437055239121726e-10,1.4403000011834012e-10,1.4435270935311627e-10,1.446736573772389e-10,1.4499284991793416e-10,1.4531029275095884e-10,1.4562599165520491e-10,1.4593995253149328e-10,1.4625218121873452e-10,1.4656268360886618e-10,1.4687146564517476e-10,1.4717853327195225e-10,1.4748389246442155e-10,1.477875492171792e-10,1.4808950956839227e-10,1.4838977957099867e-10,1.4868836530099555e-10,1.489852728591437e-10,1.492805083643424e-10,1.4957407795850613e-10,1.4986598781150157e-10,1.5015624409126796e-10,1.5044485299124797e-10,1.507318207630805e-10,1.5101715362488443e-10,1.5130085783773338e-10,1.5158293967236937e-10,1.518634054134795e-10,1.521422613588817e-10,1.5241951382442794e-10,1.5269516913349824e-10,1.5296923365268374e-10,1.5324171372329286e-10,1.5351261571288132e-10,1.5378194600700905e-10,1.5404971098470646e-10,1.5431591705196127e-10,1.5458057061510585e-10,1.5484367809383914e-10,1.551052459115171e-10,1.553652805115765e-10,1.5562378833129304e-10,1.5588077582230627e-10,1.5613624943241582e-10,1.563902156267237e-10,1.5664268086485366e-10,1.5689365160540357e-10,1.5714313434674364e-10,1.573911355796279e-10,1.5763766173733303e-10,1.5788271932778828e-10,1.5812631483315527e-10,1.583684547434205e-10,1.586091455325985e-10,1.588483936978548e-10,1.5908620573701507e-10,1.593225881266582e-10,1.5955754735298273e-10,1.5979108990381223e-10,1.6002322225624667e-10,1.6025395089540663e-10,1.6048328230856406e-10,1.6071122294188017e-10,1.6093777929188643e-10,1.611629578295427e-10,1.6138676502361594e-10,1.6160920731679344e-10,1.6183029115820276e-10,1.6205002300656364e-10,1.6226840929844026e-10,1.6248545641905434e-10,1.6270117093688483e-10,1.6291555916272684e-10,1.6312862753624465e-10,1.6334038246856615e-10,1.635508303526313e-10,1.6375997758476023e-10,1.6396783055181323e-10,1.6417439562109412e-10,1.6437967915605112e-10,1.6458368751006534e-10,1.6478642702696257e-10,1.6498790404811252e-10,1.6518812487792685e-10,1.6538709583903847e-10,1.6558482322957368e-10,1.6578131334541692e-10,1.6597657245168476e-10,1.661706068179923e-10,1.6636342269644514e-10,1.665550263264236e-10,1.6674542393332372e-10,1.6693462173230885e-10,1.67122625922144e-10,1.6730944268878155e-10,1.674950782040973e-10,1.6767953863097096e-10,1.678628301065132e-10,1.6804495875934345e-10,1.682259307035335e-10,1.6840575202809149e-10,1.6858442882632086e-10,1.6876196716576402e-10,1.6893837309817235e-10,1.6911365265931823e-10,1.6928781186874036e-10,1.6946085672960435e-10,1.696327932284844e-10,1.6980362733520903e-10,1.6997336500264817e-10,1.701420121665058e-10,1.7030957474522847e-10,1.7047605864054993e-10,1.706414696958007e-10,1.708058138549619e-10,1.709690968835012e-10,1.7113132469788863e-10,1.712925030743089e-10,1.7145263778877976e-10,1.7161173462249908e-10,1.717697993786349e-10,1.7192683770671452e-10,1.7208285535442284e-10,1.7223785803584498e-10,1.7239185142301807e-10,1.7254484117425415e-10,1.7269683292769258e-10,1.7284783228969767e-10,1.7299784490555904e-10,1.731468763316382e-10,1.7329493213039813e-10,1.7344201784180653e-10,1.7358813899183814e-10,1.7373330107570103e-10,1.7387750957655127e-10,1.7402076995976074e-10,1.7416308765402248e-10,1.743044680852721e-10,1.744449166523548e-10,1.745844387333971e-10,1.7472303968575715e-10,1.7486072484589305e-10,1.7499749952870596e-10,1.7513336904117555e-10,1.7526833863298217e-10,1.7540241357559482e-10,1.7553559908695175e-10,1.756679003856717e-10,1.7579932266289927e-10,1.7592987107778922e-10,1.760595507806273e-10,1.7618836689572963e-10,1.763163245272548e-10,1.76443428747587e-10,1.7656968462585203e-10,1.7669509720920874e-10,1.7681967150738712e-10,1.7694341250410014e-10,1.770663251963824e-10,1.7718841451751954e-10,1.7730968540890596e-10,1.7743014278508686e-10,1.775497915126019e-10,1.776686364312859e-10,1.7778668245348158e-10,1.7790393437188359e-10,1.780203969843593e-10,1.7813607506362904e-10,1.7825097337394304e-10,1.7836509664468077e-10,1.784784495856548e-10,1.7859103694146505e-10,1.7870286327592573e-10,1.788139332977939e-10,1.789242516354556e-10,1.7903382287749764e-10,1.7914265160517573e-10,1.7925074238483477e-10,1.7935809976111252e-10,1.7946472823455664e-10,1.7957063230906868e-10,1.796758164585862e-10,1.7978028514709846e-10,1.798840427910034e-10,1.7998709379913109e-10,1.8008944255908685e-10,1.8019109343434929e-10,1.8029205076383025e-10,1.803923188817298e-10,1.804919020782161e-10,1.8059080463601203e-10,1.8068903081012083e-10,1.8078658483625605e-10,1.80883470928557e-10,1.8097969327993705e-10,1.810752560618861e-10,1.811701634236994e-10,1.8126441949528326e-10,1.8135802836983928e-10,1.814509941468978e-10,1.8154332089502742e-10,1.8163501265731959e-10,1.8172607345698423e-10,1.8181650729746697e-10,1.8190631815702e-10,1.8199551000803701e-10,1.8208408674359936e-10,1.8217205235983913e-10,1.8225941071302866e-10,1.8234616568008766e-10,1.8243232111647409e-10,1.82517880850062e-10,1.8260284869572402e-10,1.826872284597508e-10,1.8277102390933328e-10,1.82854238798851e-10,1.8293687686160846e-10,1.8301894181063765e-10,1.8310043733868443e-10,1.8318136711813845e-10,1.8326173480129963e-10,1.8334154402033297e-10,1.8342079838745438e-10,1.8349950152083048e-10,1.835776569663532e-10,1.8365526827587905e-10,1.8373233898251437e-10,1.838088725993325e-10,1.8388487261929163e-10,1.839603425163677e-10,1.8403528574422014e-10,1.8410970573805165e-10,1.8418360591284867e-10,1.8425698966472095e-10,1.8432986037050624e-10,1.844022213874808e-10,1.844740760545505e-10,1.8454542769077714e-10,1.8461627959645681e-10,1.8468663505299267e-10,1.8475649730441136e-10,1.8482586961276191e-10,1.8489475520401035e-10,1.8496315728424393e-10,1.8503107904162124e-10,1.8509852364423136e-10,1.8516549424267198e-10,1.8523199397074577e-10,1.8529802594268135e-10,1.853635932545978e-10,1.854286989840728e-10,1.8549334617966286e-10,1.8555753790663014e-10,1.8562127717656096e-10,1.8568456699512375e-10,1.85747410350823e-10,1.8580981024865694e-10,1.858717695655314e-10,1.8593329129185413e-10,1.859943783265915e-10,1.860550335757957e-10,1.8611525992235662e-10,1.8617506023260845e-10,1.8623443735707516e-10,1.8629339412315897e-10,1.863519333469656e-10,1.8641005785153483e-10,1.864677703645628e-10,1.86525073678595e-10,1.8658197053699343e-10,1.8663846367490792e-10,1.8669455580676334e-10,1.8675024962293846e-10,1.8680554783880567e-10,1.8686045305298463e-10,1.8691496794465306e-10,1.8696909515806956e-10,1.870228373387489e-10,1.8707619700838922e-10,1.871291767893764e-10,1.8718177925095517e-10,1.8723400694579767e-10,1.8728586241047267e-10,1.8733734816743913e-10,1.8738846671824816e-10,1.8743922054023175e-10,1.8748961212677132e-10,1.8753964393442555e-10,1.8758931839314346e-10,1.8763863794679635e-10,1.8768760500501975e-10,1.8773622196063095e-10,1.8778449119762377e-10,1.8783241508162566e-10,1.8787999596804397e-10,1.8792723621322938e-10,1.8797413810885402e-10,1.8802070397638589e-10,1.8806693611159082e-10,1.8811283679385999e-10,1.8815840828851854e-10,1.8820365287868147e-10,1.8824857273886967e-10,1.8829317014926212e-10,1.8833744727653384e-10,1.8838140632025882e-10,1.8842504946755e-10,1.884683788884822e-10,1.88511396736324e-10,1.8855410515156588e-10,1.8859650625688116e-10,1.886386021810521e-10,1.8868039499914174e-10,1.8872188680841241e-10,1.8876307966559044e-10,1.8880397562830694e-10,1.8884457676418576e-10,1.888848851106181e-10,1.8892490264919852e-10,1.8896463140538357e-10,1.890040733703359e-10,1.8904323052574187e-10,1.890821048372581e-10,1.8912069826021672e-10,1.8915901273549063e-10,1.8919705019219525e-10,1.892348125458523e-10,1.8927230170099536e-10,1.893095195505806e-10,1.893464679801418e-10,1.8938314884137442e-10,1.894195639998211e-10,1.8945571529346755e-10,1.8949160455346348e-10,1.8952723359214113e-10,1.8956260422847183e-10,1.8959771825469515e-10,1.896325774523204e-10,1.8966718360562125e-10,1.8970153845288816e-10,1.8973564374866689e-10,1.897695012252385e-10,1.8980311262076836e-10,1.8983647964941482e-10,1.8986960400436184e-10,1.8990248736471984e-10,1.8993513143822168e-10,1.8996753788269047e-10,1.8999970835525004e-10,1.9003164450244427e-10,1.9006334796091743e-10,1.9009482035550189e-10,1.9012606330090936e-10,1.9015707840072865e-10,1.901878672480107e-10,1.902184314251958e-10,1.902487725041942e-10,1.902788920464324e-10,1.9030879160293582e-10,1.9033847271435838e-10,1.9036793691108052e-10,1.90397185713242e-10,1.9042622063080966e-10,1.904550431636552e-10,1.9048365480160538e-10,1.9051205702448653e-10,1.9054025130220433e-10,1.9056823909481056e-10,1.905960218525368e-10,1.906236010158663e-10,1.906509780156149e-10,1.9067815427294653e-10,1.9070513119946028e-10,1.9073191019726322e-10,1.9075849265898106e-10,1.9078487996786255e-10,1.908110734978117e-10,1.9083707461344607e-10,1.9086288467017523e-10,1.9088850502253711e-10,1.909139369867847e-10,1.9093918190331848e-10,1.90964241092642e-10,1.9098911586411324e-10,1.9101380752822348e-10,1.9103831736660084e-10,1.9106264666546833e-10,1.9108679669059678e-10,1.9111076873537396e-10,1.9113456401810209e-10,1.9115818380781655e-10,1.9118162934495599e-10,1.9120490186165466e-10,1.91228002581611e-10,1.9125093271795832e-10,1.9127369348001119e-10,1.9129628606659767e-10,1.91318711668351e-10,1.913409714677639e-10,1.9136306663923747e-10,1.913849983491479e-10,1.9140676775587916e-10,1.914283760098851e-10,1.9144982425373403e-10,1.914711136221557e-10,1.9149224524209697e-10,1.9151322023278004e-10,1.915340397057385e-10,1.9155470476484945e-10,1.9157521650641835e-10,1.9159557601922186e-10,1.9161578438640122e-10,1.9163584267990916e-10,1.9165575196619384e-10,1.916755133043078e-10,1.9169512774610857e-10,1.9171459633608262e-10,1.9173392011126847e-10,1.9175310010221938e-10,1.9177213733199575e-10,1.9179103281660394e-10,1.9180978756502432e-10,1.9182840257925423e-10,1.918468788543774e-10,1.9186521737832794e-10,1.918834191326496e-10,1.9190148509226693e-10,1.9191941622343295e-10,1.919372134904861e-10,1.9195487784655363e-10,1.9197241024105304e-10,1.919898116086878e-10,1.9200708289124878e-10,1.9202422500555542e-10,1.9204123888963215e-10,1.9205812543587523e-10,1.9207488558058069e-10,1.9209152021711524e-10,1.9210803024954068e-10,1.9212441655370555e-10,1.921406800095877e-10,1.9215682150346408e-10,1.9217284190709905e-10,1.9218874209378927e-10,1.922045229062459e-10,1.9222018520614967e-10,1.922357298396021e-10,1.9225115765034242e-10,1.9226646947541324e-10,1.9228166614263122e-10,1.9229674847623968e-10,1.9231171729526324e-10,1.9232657341273736e-10,1.9234131763282704e-10,1.9235595076188956e-10,1.9237047359322631e-10,1.9238488691703357e-10,1.923991915177772e-10,1.9241338817451094e-10,1.924274776606094e-10,1.924414607455e-10,1.9245533819138016e-10,1.9246911075582297e-10,1.9248277919110858e-10,1.924963442438246e-10,1.9250980665664864e-10,1.9252316716692913e-10,1.9253642650621112e-10,1.925495853953707e-10,1.9256264455768828e-10,1.9257560471103545e-10,1.9258846656504817e-10,1.9260123082683329e-10,1.9261389819986135e-10,1.926264693763381e-10,1.9263894504897175e-10,1.9265132589858394e-10,1.926636126130268e-10,1.9267580586686205e-10,1.9268790633299192e-10,1.9269991467796088e-10,1.9271183156211995e-10,1.9272365764547555e-10,1.92735393573739e-10,1.9274704001121133e-10,1.9275859759229733e-10,1.9277006695703305e-10,1.9278144874022505e-10,1.9279274357269842e-10,1.9280395207270768e-10,1.9281507486893816e-10,1.9282611258614636e-10,1.9283706582907696e-10,1.9284793520730316e-10,1.9285872132338006e-10,1.928694247782825e-10,1.9288004616717343e-10,1.9289058608057844e-10,1.9290104510645698e-10,1.929114238311405e-10,1.929217228234933e-10,1.9293194266801284e-10,1.9294208393242198e-10,1.9295214718265923e-10,1.9296213298258597e-10,1.9297204188959283e-10,1.929818744578152e-10,1.929916312392177e-10,1.930013127753622e-10,1.9301091961973985e-10,1.930204523102661e-10,1.930299113731129e-10,1.9303929734549578e-10,1.9304861075260026e-10,1.930578521221615e-10,1.93067021974386e-10,1.930761208168083e-10,1.9308514916954223e-10,1.930941075406165e-10,1.9310299643400865e-10,1.9311181635493943e-10,1.9312056780010937e-10,1.931292512642231e-10,1.9313786724116865e-10,1.9314641621374598e-10,1.9315489866871752e-10,1.9316331508234859e-10,1.9317166594141768e-10,1.931799517150406e-10,1.9318817287410332e-10,1.9319632988589672e-10,1.932044232144077e-10,1.9321245332018565e-10,1.9322042066117344e-10,1.9322832568948027e-10,1.9323616885888457e-10,1.932439506148218e-10,1.932516714022235e-10,1.932593316625339e-10,1.9326693183424532e-10,1.93274472351724e-10,1.932819536481431e-10,1.9328937614943296e-10,1.9329674028222485e-10,1.9330404647089393e-10,1.9331129513502977e-10,1.9331848668976175e-10,1.9332562155026246e-10,1.9333270012684443e-10,1.9333972282902102e-10,1.933466900567939e-10,1.9335360221515974e-10,1.9336045970297001e-10,1.9336726291638068e-10,1.9337401224883618e-10,1.9338070809094042e-10,1.9338735083033633e-10,1.9339394085193476e-10,1.9340047853825175e-10,1.9340696426868632e-10,1.934133984200006e-10,1.9341978136682122e-10,1.934261134796069e-10,1.9343239512636134e-10,1.9343862667495175e-10,1.9344480848834514e-10,1.934509409309051e-10,1.9345702435394824e-10,1.9346305911603652e-10,1.9346904557506658e-10,1.934749840726779e-10,1.9348087496166962e-10,1.9348671858751674e-10,1.9349251529350158e-10,1.934982654198257e-10,1.9350396930506203e-10,1.9350962728496787e-10,1.935152396928236e-10,1.9352080685966672e-10,1.93526329113968e-10,1.9353180678205085e-10,1.9353724018760192e-10,1.9354262965226252e-10,1.9354797549544742e-10,1.9355327803399266e-10,1.9355853758249017e-10,1.935637544564715e-10,1.9356892896000704e-10,1.935740614045167e-10,1.935791520970958e-10,1.9358420133687955e-10,1.9358920942780435e-10,1.9359417666890798e-10,1.935991033571779e-10,1.9360398978747615e-10,1.9360883625275663e-10,1.936136430434916e-10,1.9361841044802847e-10,1.9362313875316347e-10,1.9362782824302964e-10,1.9363247920086003e-10,1.9363709190544273e-10,1.9364166663587572e-10,1.9364620366862625e-10,1.9365070327757255e-10,1.9365516573584398e-10,1.9365959131263282e-10,1.9366398027694124e-10,1.9366833289717406e-10,1.9367264943388067e-10,1.9367693015190246e-10,1.9368117531183322e-10,1.9368538517262176e-10,1.936895599912213e-10,1.9369370002287123e-10,1.936978055200063e-10,1.9370187673499489e-10,1.9370591391817183e-10,1.937099173166248e-10,1.937138871770354e-10,1.9371782374266022e-10,1.9372172725664545e-10,1.937255979595353e-10,1.9372943609121323e-10,1.9373324188815969e-10,1.9373701558588904e-10,1.9374075741798373e-10,1.9374446761667242e-10,1.9374814641408318e-10,1.937517940379862e-10,1.9375541071557406e-10,1.9375899667316204e-10,1.937625521357031e-10,1.9376607732174756e-10,1.9376957245513073e-10,1.9377303775333575e-10,1.9377647343438715e-10,1.937798797144106e-10,1.9378325680816003e-10,1.937866049281293e-10,1.9378992428575427e-10,1.9379321509071678e-10,1.937964775514351e-10,1.9379971187476846e-10,1.9380291826578994e-10,1.9380609692857855e-10,1.9380924806526975e-10,1.9381237187674042e-10,1.9381546856222345e-10,1.9381853831982838e-10,1.938215813462782e-10,1.9382459783647615e-10,1.9382758798397267e-10,1.9383055198141118e-10,1.938334900195014e-10,1.9383640228777477e-10,1.9383928897417198e-10,1.938421502658439e-10,1.938449863480926e-10,1.9384779740486174e-10,1.9385058361902895e-10,1.9385334517208342e-10,1.9385608224387623e-10,1.9385879501359244e-10,1.9386148365859446e-10,1.9386414835512457e-10,1.938667892787083e-10,1.9386940660187828e-10,1.9387200049765364e-10,1.9387457113774468e-10,1.9387711869103326e-10,1.938796433267671e-10,1.9388214521285885e-10,1.938846245146354e-10,1.9388708140001827e-10,1.9388951602873927e-10,1.9389192856484697e-10,1.938943191704394e-10,1.938966880055957e-10,1.9389903523001583e-10,1.9390136100105365e-10,1.9390366547493543e-10,1.9390594880920145e-10,1.9390821115694425e-10,1.9391045267287302e-10,1.9391267350877115e-10,1.9391487381587134e-10,1.9391705374376784e-10,1.9391921344254418e-10,1.9392135305939504e-10,1.9392347274204788e-10,1.9392557263507632e-10,1.939276528872598e-10,1.939297136366726e-10,1.939317550286149e-10,1.9393377720476065e-10,1.9393578030613008e-10,1.9393776447196895e-10,1.9393972984114686e-10,1.939416765509109e-10,1.9394360473796005e-10,1.9394551453763356e-10,1.9394740608660907e-10,1.939492795148208e-10,1.9395113495759154e-10,1.9395297254574936e-10,1.9395479241014896e-10,1.939565946805794e-10,1.9395837948590765e-10,1.939601469542323e-10,1.9396189721275173e-10,1.9396363038756618e-10,1.9396534660389356e-10,1.939670459844748e-10,1.93968728654931e-10,1.9397039473653905e-10,1.939720443510644e-10,1.9397367761955448e-10,1.9397529466154777e-10,1.9397689559464268e-10,1.9397848053898883e-10,1.9398004961063195e-10,1.9398160292667678e-10,1.9398314060256146e-10,1.9398466275249636e-10,1.9398616949026783e-10,1.939876609295908e-10,1.939891371822257e-10,1.9399059835923884e-10,1.9399204457001868e-10,1.9399347592769005e-10,1.9399489253862951e-10,1.939962945125467e-10,1.9399768195600963e-10,1.9399905497576188e-10,1.9400041367737505e-10,1.9400175816688226e-10,1.9400308854709441e-10,1.9400440492278936e-10,1.9400570739621429e-10,1.940069960690806e-10,1.9400827104313716e-10,1.9400953241893472e-10,1.9401078029643958e-10,1.9401201477447731e-10,1.9401323595164632e-10,1.9401444392554045e-10,1.9401563879319085e-10,1.940168206509667e-10,1.940179895942119e-10,1.9401914571797807e-10,1.940202891162645e-10,1.940214198828318e-10,1.940225381101542e-10,1.9402364389050453e-10,1.9402473731563023e-10,1.9402581847592698e-10,1.9402688746134243e-10,1.940279443619857e-10,1.9402898926652964e-10,1.9403002226314794e-10,1.940310434386996e-10,1.9403205288091672e-10,1.9403305067627877e-10,1.9403403690979505e-10,1.9403501166650585e-10,1.9403597503113375e-10,1.940369270873562e-10,1.9403786791857528e-10,1.9403879760638507e-10,1.9403971623414415e-10,1.940406238829465e-10,1.9404152063315944e-10,1.9404240656518696e-10,1.9404328175801307e-10,1.9404414629133168e-10,1.9404500024369646e-10,1.940458436924909e-10,1.940466767152571e-10,1.9404749938895224e-10,1.94048311789891e-10,1.9404911399325055e-10,1.9404990607434214e-10,1.9405068810776799e-10,1.9405146016737608e-10,1.940522223271074e-10,1.94052974659188e-10,1.9405371723637328e-10,1.9405445013054437e-10,1.940551734131895e-10,1.9405588715485944e-10,1.9405659142613947e-10,1.9405728629657793e-10,1.9405797183582522e-10,1.9405864811225753e-10,1.9405931519443033e-10,1.9405997315001758e-10,1.940606220464367e-10,1.940612619504991e-10,1.9406189292845542e-10,1.9406251504617044e-10,1.9406312836879372e-10,1.9406373296139404e-10,1.9406432888835087e-10,1.940649162136417e-10,1.9406549500092988e-10,1.9406606531297886e-10,1.9406662721233275e-10,1.9406718076154702e-10,1.9406772602148847e-10,1.9406826305377896e-10,1.9406879191923378e-10,1.9406931267807614e-10,1.9406982539015148e-10,1.9407033011488412e-10,1.9407082691138368e-10,1.94071315837952e-10,1.940717969529979e-10,1.9407227031417197e-10,1.9407273597886712e-10,1.9407319400378366e-10,1.940736444455825e-10,1.9407408736014963e-10,1.9407452280316848e-10,1.940749508299807e-10,1.9407537149501286e-10,1.9407578485333277e-10,1.9407619095872128e-10,1.9407658986484704e-10,1.9407698162491223e-10,1.940773662918046e-10,1.9407774391808346e-10,1.9407811455579416e-10,1.940784782565341e-10,1.9407883507188626e-10,1.940791850526771e-10,1.9407952824953255e-10,1.9407986471264455e-10,1.940801944918775e-10,1.9408051763680975e-10,1.940808341965508e-10,1.940811442198185e-10,1.9408144775513332e-10,1.9408174485053858e-10,1.9408203555372994e-10,1.9408231991223336e-10,1.9408259797243705e-10,1.9408286978195902e-10,1.9408313538673692e-10,1.9408339483276124e-10,1.940836481657823e-10,1.9408389543102e-10,1.940841366736011e-10,1.940843719381913e-10,1.9408460126902225e-10,1.9408482471020255e-10,1.9408504230544884e-10,1.9408525409824679e-10,1.940854601315084e-10,1.9408566044815338e-10,1.9408585509042283e-10,1.9408604410061578e-10,1.9408622752054951e-10,1.9408640539172558e-10,1.9408657775537682e-10,1.9408674465244494e-10,1.9408690612354507e-10,1.940870622090026e-10,1.9408721294886244e-10,1.940873583828509e-10,1.94087498550457e-10,1.9408763349090478e-10,1.9408776324292057e-10,1.9408788784518508e-10,1.9408800733601676e-10,1.9408812175344275e-10,1.9408823113522063e-10,1.9408833551880424e-10,1.9408843494146408e-10,1.9408852944012995e-10,1.9408861905146365e-10,1.940887038118639e-10,1.9408878375743773e-10,1.9408885892410196e-10,1.940889293474463e-10,1.9408899506282917e-10,1.9408905610533788e-10,1.9408911250981535e-10,1.9408916431083998e-10,1.94089211542745e-10,1.9408925423960627e-10,1.9408929243526986e-10,1.9408932616331276e-10,1.9408935545707588e-10,1.9408938034964056e-10,1.9408940087388224e-10,1.9408941706242884e-10,1.9408942894764037e-10,1.9408943656165322e-10,1.940894399363823e-10,1.9408943910350466e-10,1.940894340944593e-10,1.9408942494044821e-10,1.9408941167248233e-10,1.9408939432130518e-10,1.9408937291747086e-10,1.940893474912609e-10,1.9408931807278177e-10,1.9408928469190479e-10,1.940892473782797e-10,1.9408920616135455e-10,1.9408916107034998e-10,1.9408911213426949e-10,1.9408905938191165e-10,1.9408900284186144e-10,1.9408894254250084e-10,1.9408887851201408e-10,1.9408881077835113e-10,1.9408873936928569e-10,1.94088664312362e-10,1.940885856349186e-10,1.940885033642999e-10,1.940884175273564e-10,1.9408832815064703e-10,1.9408823526092016e-10,1.9408813888436066e-10,1.9408803904745192e-10,1.940879357760687e-10,1.9408782909601892e-10,1.9408771903306226e-10,1.940876056122499e-10,1.940874888590353e-10,1.9408736879847978e-10,1.9408724545553015e-10,1.9408711885470743e-10,1.9408698902062258e-10,1.9408685597759865e-10,1.940867197498802e-10,1.940865803612435e-10,1.940864378356334e-10,1.940862921966207e-10,1.9408614346768208e-10,1.9408599167212387e-10,1.9408583683307053e-10,1.9408567897339476e-10,1.9408551811598707e-10,1.9408535428349218e-10,1.9408518749812697e-10,1.9408501778235266e-10,1.9408484515825802e-10,1.9408466964777911e-10,1.940844912727637e-10,1.9408431005486137e-10,1.9408412601549868e-10,1.940839391759985e-10,1.9408374955777895e-10,1.9408355718137904e-10,1.940833620679932e-10,1.940831642382891e-10,1.9408296371276644e-10,1.9408276051217106e-10,1.9408255465613536e-10,1.9408234616499657e-10,1.940821350589103e-10,1.9408192135790413e-10,1.9408170508098136e-10,1.940814862480755e-10,1.9408126487848178e-10,1.9408104099158834e-10,1.9408081460640606e-10,1.9408058574190022e-10,1.9408035441696022e-10,1.9408012065019044e-10,1.9407988446013643e-10,1.9407964586530734e-10,1.940794048839097e-10,1.9407916153414823e-10,1.940789158340198e-10,1.9407866780136356e-10,1.94078417454034e-10,1.9407816480959084e-10,1.940779098854205e-10,1.9407765269916144e-10,1.94077393267913e-10,1.9407713160879298e-10,1.9407686773878887e-10,1.9407660167481473e-10,1.9407633343347646e-10,1.9407606303159023e-10,1.940757904855064e-10,1.940755158116541e-10,1.940752390261822e-10,1.9407496014543174e-10,1.9407467918542215e-10,1.9407439616195887e-10,1.9407411109086474e-10,1.9407382398791018e-10,1.9407353486843133e-10,1.940732437480091e-10,1.9407295064200493e-10,1.940726555656081e-10,1.940723585339017e-10,1.9407205956185265e-10,1.9407175866442427e-10,1.9407145585642863e-10,1.9407115115236807e-10,1.9407084456703312e-10,1.9407053611475682e-10,1.940702258099598e-10,1.9406991366689677e-10,1.940695996995679e-10,1.9406928392224746e-10,1.9406896634873986e-10,1.940686469929007e-10,1.9406832586834442e-10,1.9406800298890965e-10,1.9406767836823387e-10,1.9406735201940848e-10,1.9406702395593376e-10,1.940666941910589e-10,1.9406636273794754e-10,1.940660296095328e-10,1.9406569481901752e-10,1.9406535837905816e-10,1.9406502030247927e-10,1.9406468060195364e-10,1.9406433929006244e-10,1.9406399637928607e-10,1.9406365188202004e-10,1.9406330581058276e-10,1.9406295817718246e-10,1.940626089939523e-10,1.940622582729247e-10,1.9406190602608437e-10,1.9406155226523354e-10,1.9406119700218005e-10,1.9406084024861598e-10,1.940604820161996e-10,1.940601223163431e-10,1.9405976116053483e-10,1.9405939855987624e-10,1.940590345259184e-10,1.9405866906989555e-10,1.940583022027666e-10,1.94057933935845e-10,1.9405756427967366e-10,1.940571932452986e-10,1.9405682084356768e-10,1.9405644708507384e-10,1.9405607198067244e-10,1.9405569554071592e-10,1.9405531777571354e-10,1.9405493869604567e-10,1.9405455831190238e-10,1.9405417663378914e-10,1.9405379367182927e-10,1.940534094359312e-10,1.9405302393623924e-10,1.9405263718267463e-10,1.94052249185104e-10,1.9405185995336532e-10,1.940514694971793e-10,1.9405107782618597e-10,1.9405068494988448e-10,1.9405029087799984e-10,1.9404989561987275e-10,1.9404949918518174e-10,1.940491015826722e-10,1.9404870282190147e-10,1.9404830291197602e-10,1.9404790186220392e-10,1.9404749968164511e-10,1.9404709637872937e-10,1.940466919627456e-10,1.9404628644259985e-10,1.940458798271132e-10,1.94045472124742e-10,1.9404506334420667e-10,1.9404465349419903e-10,1.940442425832811e-10,1.940438306198682e-10,1.9404341761239178e-10,1.9404300356851094e-10,1.9404258849781911e-10,1.9404217240787898e-10,1.940417553068646e-10,1.9404133720285356e-10,1.940409181039075e-10,1.940404980179936e-10,1.9404007695304292e-10,1.9403965491692602e-10,1.9403923191744004e-10,1.9403880796235423e-10,1.940383830593499e-10,1.9403795721606902e-10,1.9403753044009123e-10,1.9403710273892308e-10,1.940366741200607e-10,1.9403624459094958e-10,1.9403581415890303e-10,1.9403538283124304e-10,1.9403495061523332e-10,1.9403451751809151e-10,1.9403408354698108e-10,1.9403364870897235e-10,1.9403321301109413e-10,1.9403277646039118e-10,1.9403233906381814e-10,1.9403190082817727e-10,1.9403146176037067e-10,1.9403102186717786e-10,1.9403058115530458e-10,1.9403013963151327e-10,1.9402969730243657e-10,1.9402925417464018e-10,1.9402881025467547e-10,1.940283655489878e-10,1.9402792006424905e-10,1.940274738065619e-10,1.9402702678232985e-10,1.9402657899810242e-10,1.9402613046000445e-10,1.94025681174111e-10,1.9402523114681533e-10,1.9402478038406703e-10,1.9402432889188318e-10,1.940238766767432e-10,1.940234237441853e-10,1.9402297010043853e-10,1.9402251575131006e-10,1.9402206070285993e-10,1.9402160496068802e-10,1.9402114853036428e-10,1.9402069141813428e-10,1.9402023362945562e-10,1.940197751699183e-10,1.940193160447895e-10,1.9401885626036782e-10,1.940183958218407e-10,1.9401793473468386e-10,1.940174730043636e-10,1.9401701063631237e-10,1.9401654763586188e-10,1.9401608400829738e-10,1.940156197589541e-10,1.9401515489310008e-10,1.940146894159353e-10,1.940142233326277e-10,1.9401375664834944e-10,1.940132893681152e-10,1.940128214971026e-10,1.9401235304028612e-10,1.9401188400265663e-10,1.9401141438921685e-10,1.940109442047069e-10,1.940104734541674e-10,1.9401000214241305e-10,1.9400953027369593e-10,1.940090578538946e-10,1.9400858488719023e-10,1.9400811137774698e-10,1.9400763733131485e-10,1.9400716275198975e-10,1.940066876443726e-10,1.9400621201302538e-10,1.940057358624875e-10,1.940052591969286e-10,1.9400478202139762e-10,1.9400430434017583e-10,1.9400382615756765e-10,1.9400334747796732e-10,1.9400286830568155e-10,1.9400238864502889e-10,1.9400190850019482e-10,1.9400142787552012e-10,1.9400094677521022e-10,1.9400046520353865e-10,1.9399998316457609e-10,1.9399950066242583e-10,1.9399901770119038e-10,1.9399853428492854e-10,1.9399805041761103e-10,1.9399756610336186e-10,1.9399708134600837e-10,1.939965961496237e-10,1.939961105180372e-10,1.939956244551647e-10,1.9399513796483474e-10,1.9399465105094882e-10,1.9399416371728243e-10,1.9399367596755934e-10,1.9399318780563864e-10,1.939926992350981e-10,1.9399221025971105e-10,1.9399172088320528e-10,1.9399123110913595e-10,1.939907409410414e-10,1.9399025038259716e-10,1.9398975943739232e-10,1.9398926810872923e-10,1.9398877640049724e-10,1.9398828431596527e-10,1.939877918585962e-10,1.9398729903185043e-10,1.939868058390425e-10,1.9398631228361432e-10,1.9398581836879765e-10,1.9398532409810748e-10,1.939848294748112e-10,1.9398433450204512e-10,1.9398383918316882e-10,1.9398334352156975e-10,1.9398284752015167e-10,1.9398235118225279e-10,1.9398185451117648e-10,1.9398135750984493e-10,1.9398086018138977e-10,1.939803625288244e-10,1.9397986455564484e-10,1.939793662645624e-10,1.939788676586126e-10,1.939783687409231e-10,1.939778695143075e-10,1.9397736998175067e-10,1.939768701465122e-10,1.9397637001104454e-10,1.9397586957847643e-10,1.9397536885160705e-10,1.9397486783332605e-10,1.9397436652646345e-10,1.93973864933837e-10,1.939733630582317e-10,1.9397286090241827e-10,1.9397235846914307e-10,1.9397185576113445e-10,1.9397135278110087e-10,1.939708495318063e-10,1.9397034601583581e-10,1.9396984223579644e-10,1.939693381943718e-10,1.9396883389399682e-10,1.9396832933762086e-10,1.9396782452752196e-10,1.9396731946647363e-10,1.9396681415763616e-10,1.9396630860207682e-10,1.939658028030039e-10,1.939652967628623e-10,1.9396479048420075e-10,1.9396428396930486e-10,1.9396377722021424e-10,1.9396327024066883e-10,1.9396276303204743e-10,1.9396225559687938e-10,1.9396174793761297e-10,1.9396124005644718e-10,1.93960731955621e-10,1.9396022363773743e-10,1.9395971510485682e-10,1.9395920636010025e-10,1.9395869740429144e-10,1.9395818824019558e-10,1.939576788701723e-10,1.9395716929642504e-10,1.9395665952127907e-10,1.939561495469906e-10,1.9395563937499128e-10,1.9395512900864799e-10,1.9395461844866135e-10,1.9395410769851826e-10,1.9395359675890789e-10,1.939530856325317e-10,1.9395257432180155e-10,1.9395206282831483e-10,1.9395155115426364e-10,1.9395103930271013e-10,1.9395052727359993e-10,1.9395001506959107e-10,1.9394950269337347e-10,1.9394899014650068e-10,1.939484774309696e-10,1.9394796454870504e-10,1.9394745150147741e-10,1.9394693829113967e-10,1.9394642491988273e-10,1.939459113898159e-10,1.939453977021369e-10,1.93944883859181e-10,1.9394436986270284e-10,1.9394385571430702e-10,1.9394334141590213e-10,1.9394282696926227e-10,1.9394231237626677e-10,1.939417976386764e-10,1.939412827581819e-10,1.9394076773642503e-10,1.939402525753045e-10,1.9393973727636223e-10,1.9393922184138714e-10,1.9393870627208632e-10,1.9393819057017785e-10,1.939376747372978e-10,1.9393715877521742e-10,1.9393664268522007e-10,1.939361264693062e-10,1.9393561012866093e-10,1.9393509366497203e-10,1.9393457708027154e-10,1.9393406037587117e-10,1.939335435534381e-10,1.9393302661415878e-10,1.9393250956015106e-10,1.9393199239275713e-10,1.93931475113208e-10,1.93930957723173e-10,1.939304402242342e-10,1.939299226180775e-10,1.9392940490647323e-10,1.939288870895638e-10,1.9392836916955182e-10,1.9392785114831395e-10,1.9392733302655327e-10,1.9392681480602413e-10,1.9392629648817253e-10,1.939257780743418e-10,1.9392525956621485e-10,1.939247409647316e-10,1.9392422227143628e-10,1.9392370348770162e-10,1.9392318461476734e-10,1.9392266565427618e-10,1.9392214660733844e-10,1.939216274757436e-10,1.9392110825998804e-10,1.9392058896178191e-10,1.9392006958241122e-10,1.939195501230615e-10,1.939190305850434e-10,1.9391851097059033e-10,1.939179912801045e-10,1.939174715142972e-10,1.939169516745698e-10,1.9391643176273045e-10,1.939159117795285e-10,1.9391539172720293e-10,1.9391487160544465e-10,1.9391435141584064e-10,1.9391383116003096e-10,1.9391331083903314e-10,1.9391279045385045e-10,1.939122700057897e-10,1.9391174949615986e-10,1.9391122892627374e-10,1.9391070829663485e-10,1.9391018760857086e-10,1.9390966686345916e-10,1.9390914606224246e-10,1.9390862520602185e-10,1.9390810429611533e-10,1.939075833331489e-10,1.9390706231838324e-10,1.9390654125298602e-10,1.939060201380184e-10,1.939054989743583e-10,1.9390497776335163e-10,1.939044565056638e-10,1.9390393520245447e-10,1.939034138551938e-10,1.9390289246332838e-10,1.939023710297437e-10,1.9390184955480679e-10,1.939013280394602e-10,1.939008064847958e-10,1.9390028489139915e-10,1.938997632606181e-10,1.9389924159324005e-10,1.9389871989085146e-10,1.938981981528165e-10,1.9389767638145462e-10,1.9389715457727446e-10,1.9389663274148534e-10,1.938961108745503e-10,1.9389558897756728e-10,1.9389506705127605e-10,1.9389454509629155e-10,1.9389402311463632e-10,1.9389350110688447e-10,1.9389297907346058e-10,1.9389245701504048e-10,1.9389193493218107e-10,1.9389141282710984e-10,1.9389089069900481e-10,1.9389036855053682e-10,1.9388984638153374e-10,1.9388932419293115e-10,1.9388880198566399e-10,1.938882797604206e-10,1.938877575179911e-10,1.938872352592806e-10,1.93886712984991e-10,1.9388619069605747e-10,1.9388566839311254e-10,1.938851460770343e-10,1.9388462374890298e-10,1.9388410140885432e-10,1.938835790579848e-10,1.938830566971442e-10,1.9388253432690466e-10,1.93882011948119e-10,1.9388148956152324e-10,1.938809671678618e-10,1.9388044476794895e-10,1.938799223623224e-10,1.9387939995186039e-10,1.938788775372205e-10,1.9387835511957854e-10,1.938778326987471e-10,1.938773102758736e-10,1.938767878516557e-10,1.938762654267897e-10,1.93875743001957e-10,1.938752205778439e-10,1.938746981552175e-10,1.9387417573456126e-10,1.938736533166364e-10,1.9387313090210424e-10,1.938726084916173e-10,1.9387208608583658e-10,1.9387156368539335e-10,1.9387104129104482e-10,1.9387051890322296e-10,1.9386999652265383e-10,1.9386947414997218e-10,1.938689517858018e-10,1.9386842943085208e-10,1.9386790708563644e-10,1.938673847507639e-10,1.9386686242675585e-10,1.9386634011429752e-10,1.938658178139891e-10,1.9386529552641743e-10,1.9386477325216885e-10,1.9386425099182962e-10,1.9386372874607113e-10,1.9386320651526894e-10,1.9386268430009726e-10,1.9386216210111772e-10,1.9386163991888686e-10,1.9386111775405064e-10,1.9386059560707088e-10,1.9386007347841787e-10,1.9385955136871534e-10,1.9385902927858574e-10,1.938585072083993e-10,1.9385798515877203e-10,1.9385746313023313e-10,1.9385694112330327e-10,1.9385641913850136e-10,1.9385589717634304e-10,1.9385537523731813e-10,1.9385485332195727e-10,1.9385433143079146e-10,1.9385380956429856e-10,1.9385328772297173e-10,1.9385276590730422e-10,1.9385224411778727e-10,1.9385172235490454e-10,1.9385120061913885e-10,1.938506789109648e-10,1.9385015723085953e-10,1.9384963557929576e-10,1.938491139567055e-10,1.9384859236362164e-10,1.938480708004169e-10,1.9384754926765748e-10,1.938470277657363e-10,1.9384650629505335e-10,1.9384598485616612e-10,1.9384546344946046e-10,1.9384494207537967e-10,1.9384442073435618e-10,1.9384389942671705e-10,1.9384337815332302e-10,1.9384285691396672e-10,1.9384233570937408e-10,1.93841814539998e-10,1.9384129340654975e-10,1.9384077230878973e-10,1.938402512474675e-10,1.9383973022299283e-10,1.9383920923577675e-10,1.9383868828619712e-10,1.9383816737466718e-10,1.9383764650158934e-10,1.938371256673435e-10,1.9383660487232457e-10,1.9383608411696232e-10,1.938355634015562e-10,1.9383504272652656e-10,1.9383452209226208e-10,1.9383400149911734e-10,1.9383348094747737e-10,1.938329604377075e-10,1.9383243997033307e-10,1.9383191954539698e-10,1.938313991634297e-10,1.938308788247836e-10,1.9383035852981694e-10,1.9382983827888034e-10,1.9382931807231073e-10,1.9382879791034702e-10,1.9382827779351157e-10,1.9382775772215838e-10,1.938272376965497e-10,1.9382671771719992e-10,1.938261977840512e-10,1.9382567789767217e-10,1.9382515805835142e-10,1.9382463826648687e-10,1.9382411852244298e-10,1.9382359882645565e-10,1.938230791788424e-10,1.9382255957992122e-10,1.9382204003000243e-10,1.938215205294015e-10,1.9382100107826053e-10,1.9382048167721858e-10,1.938199623264164e-10,1.9381944302615486e-10,1.9381892377673166e-10,1.9381840457844975e-10,1.9381788543160058e-10,1.9381736633647787e-10,1.9381684729337434e-10,1.938163283029327e-10,1.938158093647623e-10,1.938152904793621e-10,1.938147716471991e-10,1.9381425286850263e-10,1.9381373414329001e-10,1.9381321547206655e-10,1.938126968551203e-10,1.938121782927284e-10,1.9381165978535436e-10,1.938111413328484e-10,1.9381062293561925e-10,1.9381010459421107e-10,1.9380958630846882e-10,1.938090680788933e-10,1.9380854990584997e-10,1.938080317892867e-10,1.938075137297702e-10,1.9380699572738802e-10,1.938064777823949e-10,1.9380595989503874e-10,1.9380544206555923e-10,1.9380492429420068e-10,1.9380440658123122e-10,1.9380388892675487e-10,1.9380337133122592e-10,1.938028537947755e-10,1.9380233631762e-10,1.9380181890002622e-10,1.9380130154218832e-10,1.9380078424439096e-10,1.938002670068025e-10,1.9379974982966846e-10,1.9379923271321179e-10,1.9379871565767815e-10,1.937981986632372e-10,1.937976817301537e-10,1.9379716485862618e-10,1.9379664804886742e-10,1.9379613130109066e-10,1.9379561461550363e-10,1.9379509799232267e-10,1.937945814317486e-10,1.9379406493399559e-10,1.9379354849925728e-10,1.937930321279489e-10,1.9379251581986352e-10,1.9379199957540682e-10,1.93791483394774e-10,1.9379096727815973e-10,1.9379045122576692e-10,1.9378993523778364e-10,1.9378941931430497e-10,1.9378890345571642e-10,1.9378838766255132e-10,1.9378787193411227e-10,1.9378735627097887e-10,1.9378684067343415e-10,1.9378632514161498e-10,1.9378580967569534e-10,1.9378529427586783e-10,1.9378477894230017e-10,1.937842636751804e-10,1.9378374847466986e-10,1.937832333409581e-10,1.9378271827421059e-10,1.9378220327452774e-10,1.9378168834222307e-10,1.9378117347739853e-10,1.9378065868021536e-10,1.9378014395084059e-10,1.9377962928934459e-10,1.9377911469608933e-10,1.937786001711349e-10,1.937780857146338e-10,1.9377757132677067e-10,1.937770570076828e-10,1.9377654275749908e-10,1.9377602857644874e-10,1.937755144646088e-10,1.9377500042217216e-10,1.937744864492907e-10,1.9377397254611685e-10,1.937734587127997e-10,1.9377294494948742e-10,1.9377243125635907e-10,1.9377191763349837e-10,1.9377140408111514e-10,1.937708905992532e-10,1.9377037718815769e-10,1.9376986384793088e-10,1.9376935057868397e-10,1.9376883738037713e-10,1.937683242536043e-10,1.9376781119825982e-10,1.937672982145717e-10,1.9376678530249144e-10,1.937662724622416e-10,1.9376575969394036e-10,1.9376524699774833e-10,1.9376473437410328e-10,1.9376422182245825e-10,1.937637093433117e-10,1.9376319693676107e-10,1.9376268460327237e-10,1.937621723422766e-10,1.9376166015432697e-10,1.937611480394916e-10,1.9376063599739595e-10,1.9376012402919268e-10,1.93759612134402e-10,1.93759100313266e-10,1.937585885658024e-10,1.937580768921353e-10,1.9375756529247751e-10,1.9375705376689645e-10,1.9375654231548564e-10,1.9375603093849207e-10,1.9375551963574935e-10,1.9375500840734452e-10,1.9375449725354283e-10,1.9375398617465165e-10,1.937534751705771e-10,1.9375296424147523e-10,1.937524533870234e-10,1.9375194260810485e-10,1.9375143190447403e-10,1.937509212761825e-10,1.9375041072336854e-10,1.9374990024611686e-10,1.9374938984461803e-10,1.937488795189202e-10,1.9374836926900372e-10,1.9374785909479869e-10,1.9374734899693092e-10,1.9374683897523188e-10,1.9374632902980631e-10,1.9374581916073727e-10,1.937453093681226e-10,1.9374479965206346e-10,1.937442900126529e-10,1.9374378044997597e-10,1.9374327096412913e-10,1.9374276155519906e-10,1.9374225222328174e-10,1.9374174296846475e-10,1.937412337908334e-10,1.9374072469047715e-10,1.9374021566748522e-10,1.9373970672194346e-10,1.9373919785394173e-10,1.9373868906355496e-10,1.9373818035085432e-10,1.937376717159548e-10,1.9373716315892582e-10,1.9373665467984653e-10,1.937361462788055e-10,1.9373563795587325e-10,1.9373512971114485e-10,1.937346215446772e-10,1.9373411345656167e-10,1.9373360544687478e-10,1.93733097515693e-10,1.93732589663092e-10,1.9373208188914532e-10,1.937315741939281e-10,1.9373106657752018e-10,1.9373055903999344e-10,1.937300515814216e-10,1.937295442019326e-10,1.9372903690147756e-10,1.9372852968019166e-10,1.9372802253815008e-10,1.937275154754084e-10,1.937270084920427e-10,1.937265015880888e-10,1.937259947633403e-10,1.93725488018493e-10,1.9372498135327946e-10,1.9372447476789073e-10,1.93723968262217e-10,1.9372346183644706e-10,1.9372295548981462e-10,1.937224492238566e-10,1.937219430379448e-10,1.937214369321313e-10,1.9372093090647395e-10,1.9372042496103394e-10,1.937199190958476e-10,1.9371941331103423e-10,1.9371890760661435e-10,1.9371840198268365e-10,1.9371789643922658e-10,1.9371739097637472e-10,1.9371688559372913e-10,1.9371638029221056e-10,1.937158750714172e-10,1.9371536993140768e-10,1.9371486487227657e-10,1.9371435989409553e-10,1.9371385499682604e-10,1.937133501804475e-10,1.9371284544542461e-10,1.937123407915172e-10,1.937118362185648e-10,1.937113317270433e-10,1.9371082731671486e-10,1.9371032298777875e-10,1.9370981874025575e-10,1.9370931457414506e-10,1.937088104896529e-10,1.937083064875103e-10,1.9370780256607708e-10,1.937072987257267e-10,1.937067949674764e-10,1.9370629129055588e-10,1.937057876958771e-10,1.9370528418278656e-10,1.937047807517699e-10,1.9370427740186326e-10,1.9370377413486858e-10,1.9370327094958372e-10,1.9370276784703834e-10,1.9370226482603885e-10,1.9370176188712672e-10,1.9370125903043298e-10,1.9370075625609805e-10,1.937002535632125e-10,1.9369975095422287e-10,1.9369924842664825e-10,1.936987459811065e-10,1.936982436184715e-10,1.936977413384366e-10,1.9369723914062732e-10,1.9369673702543183e-10,1.936962349928569e-10,1.9369573304285788e-10,1.936952311750638e-10,1.9369472939032682e-10,1.9369422768972948e-10,1.936937260705305e-10,1.9369322453409088e-10,1.9369272308043864e-10,1.936922217089598e-10,1.936917204211894e-10,1.936912192164298e-10,1.9369071809413594e-10,1.93690217055678e-10,1.9368971609985086e-10,1.936892152270409e-10,1.9368871443744056e-10,1.936882137309493e-10,1.9368771310757944e-10,1.9368721256749426e-10,1.936867121107385e-10,1.936862117374986e-10,1.9368571144660734e-10,1.936852112396656e-10,1.936847111155692e-10,1.9368421107487763e-10,1.936837111173944e-10,1.9368321124328687e-10,1.936827114534319e-10,1.9368221174706144e-10,1.9368171212426698e-10,1.9368121258494462e-10,1.936807131285578e-10,1.9368021375672042e-10,1.9367971446828576e-10,1.9367921526354025e-10,1.9367871614259767e-10,1.9367821710452324e-10,1.9367771815108773e-10,1.936772192813096e-10,1.9367672049536093e-10,1.9367622179326795e-10,1.936757231746696e-10,1.936752246403577e-10,1.9367472618985053e-10,1.9367422782328199e-10,1.9367372954050718e-10,1.9367323134184573e-10,1.936727332271082e-10,1.9367223519647573e-10,1.936717372499498e-10,1.936712393872988e-10,1.9367074160869716e-10,1.9367024391431595e-10,1.9366974630405126e-10,1.9366924877781925e-10,1.9366875133586242e-10,1.9366825397804852e-10,1.9366775670460717e-10,1.9366725951526367e-10,1.9366676241015453e-10,1.936662653893057e-10,1.9366576845277646e-10,1.9366527160034208e-10,1.9366477483270412e-10,1.9366427814913393e-10,1.9366378155004687e-10,1.9366328503511336e-10,1.936627886046333e-10,1.9366229225855907e-10,1.9366179599612958e-10,1.9366129981893226e-10,1.9366080372618358e-10,1.9366030771790523e-10,1.9365981179395252e-10,1.9365931595472965e-10,1.936588201999124e-10,1.936583245290252e-10,1.9365782894333328e-10,1.9365733344222995e-10,1.9365683802460842e-10,1.9365634269294675e-10,1.936558474456904e-10,1.9365535228296578e-10,1.9365485720494351e-10,1.9365436221156664e-10,1.936538673009019e-10,1.9365337247658156e-10,1.9365287773737263e-10,1.936523830827363e-10,1.9365188851301489e-10,1.9365139402802714e-10,1.9365089962741813e-10,1.9365040531156504e-10,1.9364991108047455e-10,1.936494169340928e-10,1.936489228728162e-10,1.9364842889629473e-10,1.9364793500449423e-10,1.9364744119746734e-10,1.936469474754177e-10,1.9364645383801093e-10,1.9364596028565857e-10,1.9364546681766052e-10,1.936449734350496e-10,1.9364448013731094e-10,1.9364398692427223e-10,1.9364349379623978e-10,1.9364300075321838e-10,1.9364250779512994e-10,1.9364201492213449e-10,1.9364152213390325e-10,1.936410294305753e-10,1.9364053681155224e-10,1.936400442779823e-10,1.936395518294906e-10,1.9363905946577335e-10,1.936385671874932e-10,1.9363807499449302e-10,1.93637582885811e-10,1.9363709086224204e-10,1.936365989237222e-10,1.9363610707052658e-10,1.9363561530205648e-10,1.9363512361888684e-10,1.9363463202049445e-10,1.9363414050704814e-10,1.936336490793949e-10,1.9363315773626053e-10,1.936326664777688e-10,1.9363217530477162e-10,1.936316842166453e-10,1.936311932137123e-10,1.9363070229575707e-10,1.9363021146318848e-10,1.936297207154149e-10,1.9362923005317457e-10,1.9362873947623343e-10,1.9362824898407938e-10,1.9362775857672389e-10,1.9362726825465252e-10,1.9362677801763732e-10,1.9362628786580743e-10,1.9362579779740186e-10,1.9362530781601568e-10,1.9362481791922512e-10,1.936243281083428e-10,1.936238383820705e-10,1.9362334874099472e-10,1.9362285918512897e-10,1.936223697143555e-10,1.9362188032932348e-10,1.9362139102912173e-10,1.9362090181380918e-10,1.9362041268371095e-10,1.936199236387108e-10,1.936194346788137e-10,1.936189458041385e-10,1.936184570146366e-10,1.9361796831014578e-10,1.9361747969121838e-10,1.9361699115721671e-10,1.936165027083838e-10,1.9361601434482258e-10,1.9361552606633843e-10,1.936150378730198e-10,1.9361454976488484e-10,1.9361406174236831e-10,1.936135738055964e-10,1.936130859529747e-10,1.9361259818563032e-10,1.9361211050304343e-10,1.9361162290595138e-10,1.936111353923933e-10,1.9361064796565254e-10,1.9361016062409038e-10,1.9360967336773558e-10,1.9360918619661398e-10,1.9360869911084726e-10,1.9360821210966884e-10,1.9360772519397503e-10,1.9360723836363282e-10,1.9360675161827052e-10,1.9360626495832977e-10,1.936057783833383e-10,1.9360529189347215e-10,1.9360480548920155e-10,1.936043191697632e-10,1.9360383293570585e-10,1.9360334678685356e-10,1.9360286072262594e-10,1.9360237474361125e-10,1.9360188884986153e-10,1.9360140304132915e-10,1.9360091731776398e-10,1.936004316796257e-10,1.9359994612649325e-10,1.9359946065852855e-10,1.9359897527571532e-10,1.9359848997796701e-10,1.935980047653672e-10,1.9359751963841402e-10,1.935970345960448e-10,1.9359654963863074e-10,1.935960647669348e-10,1.935955799799471e-10,1.9359509527804648e-10,1.9359461066137615e-10,1.9359412612985752e-10,1.9359364168329182e-10,1.9359315732170812e-10,1.9359267304478662e-10,1.9359218885355658e-10,1.9359170474724586e-10,1.935912207264091e-10,1.9359073679030414e-10,1.935902529391069e-10,1.9358976917321298e-10,1.9358928549295955e-10,1.9358880189732566e-10,1.9358831838782614e-10,1.935878349620101e-10,1.935873516215741e-10,1.9358686836622184e-10,1.9358638519590413e-10,1.9358590211063817e-10,1.935854191102084e-10,1.9358493619479093e-10,1.9358445336436866e-10,1.935839706190109e-10,1.9358348795871016e-10,1.935830053836591e-10,1.935825228932725e-10,1.935820404876307e-10,1.9358155816697103e-10,1.9358107593188973e-10,1.935805937814318e-10,1.935801117159343e-10,1.93579629735479e-10,1.935791478399115e-10,1.9357866602927773e-10,1.9357818430374468e-10,1.9357770266292025e-10,1.935772211070761e-10,1.935767396356392e-10,1.9357625824977211e-10,1.9357577694879812e-10,1.9357529573263092e-10,1.935748146014176e-10,1.935743335550999e-10,1.9357385259371383e-10,1.9357337171714762e-10,1.9357289092547982e-10,1.935724102186343e-10,1.9357192959647684e-10,1.9357144905830368e-10,1.9357096860577505e-10,1.9357048823829229e-10,1.9357000795578543e-10,1.935695277579831e-10,1.9356904764491685e-10,1.9356856761653544e-10,1.9356808767303038e-10,1.9356760781452222e-10,1.935671280411481e-10,1.9356664835214716e-10,1.9356616874800552e-10,1.935656892282897e-10,1.9356520979369058e-10,1.9356473044280465e-10,1.935642511778462e-10,1.9356377199744748e-10,1.935632929019395e-10,1.9356281389094597e-10,1.9356233496458663e-10,1.9356185612288565e-10,1.9356137736585373e-10,1.9356089869359662e-10,1.9356042010611048e-10,1.9355994160347764e-10,1.9355946318527965e-10,1.9355898485138297e-10,1.9355850660269504e-10,1.9355802843798606e-10,1.9355755035830297e-10,1.9355707236331454e-10,1.935565944528873e-10,1.9355611662695478e-10,1.9355563888574074e-10,1.935551612291175e-10,1.9355468365708275e-10,1.9355420616873084e-10,1.9355372876461526e-10,1.9355325144616467e-10,1.9355277421315406e-10,1.9355229706370895e-10,1.9355181999933284e-10,1.93551343018535e-10,1.935508661227933e-10,1.935503893114718e-10,1.935499125845315e-10,1.9354943594228022e-10,1.9354895938439866e-10,1.9354848291087041e-10,1.9354800652076028e-10,1.935475302163334e-10,1.9354705399634044e-10,1.935465778607133e-10,1.9354610180941666e-10,1.9354562584230266e-10,1.935451499599253e-10,1.935446741615984e-10,1.9354419844797922e-10,1.9354372281871416e-10,1.9354324727380969e-10,1.9354277181324974e-10,1.9354229643702308e-10,1.9354182114511289e-10,1.935413459375221e-10,1.935408708139033e-10,1.935403957749495e-10,1.9353992082022833e-10,1.9353944594978108e-10,1.9353897116360282e-10,1.9353849646167046e-10,1.9353802184398463e-10,1.935375473101156e-10,1.9353707286087667e-10,1.9353659849585218e-10,1.9353612421489123e-10,1.93535650019413e-10,1.935351759081133e-10,1.9353470187939465e-10,1.9353422793634474e-10,1.9353375407636975e-10,1.9353328030052675e-10,1.9353280660871767e-10,1.9353233300078872e-10,1.935318594771807e-10,1.9353138603769226e-10,1.9353091268228645e-10,1.9353043941095644e-10,1.9352996622369336e-10,1.935294931201211e-10,1.9352902010072525e-10,1.9352854716558698e-10,1.9352807431418027e-10,1.9352760154674189e-10,1.9352712886359134e-10,1.9352665626313893e-10,1.9352618374790228e-10,1.9352571131661417e-10,1.9352523897052988e-10,1.9352476670733263e-10,1.9352429452814102e-10,1.9352382243267291e-10,1.9352335042119843e-10,1.9352287849350884e-10,1.9352240664986196e-10,1.9352193488990617e-10,1.935214632139289e-10,1.935209916217991e-10,1.9352052011389673e-10,1.9352004868944033e-10,1.9351957734871854e-10,1.935191060922555e-10,1.9351863491893078e-10,1.9351816383009394e-10,1.93517692824625e-10,1.9351722190226368e-10,1.9351675106429237e-10,1.935162803098571e-10,1.935158096390095e-10,1.935153390522239e-10,1.9351486854828336e-10,1.9351439812889573e-10,1.9351392779317967e-10,1.935134575415896e-10,1.9351298737321685e-10,1.9351251728851324e-10,1.9351204728810844e-10,1.935115773709108e-10,1.9351110753663822e-10,1.9351063778620595e-10,1.9351016811979804e-10,1.9350969853679587e-10,1.9350922903728434e-10,1.935087596205144e-10,1.9350829028782767e-10,1.9350782103888764e-10,1.9350735187344037e-10,1.935068827916304e-10,1.9350641379272702e-10,1.9350594487786303e-10,1.9350547604692928e-10,1.935050072992031e-10,1.9350453863471357e-10,1.9350407005371963e-10,1.9350360155609554e-10,1.9350313314174737e-10,1.9350266481099596e-10,1.935021965635234e-10,1.9350172839898482e-10,1.9350126031855897e-10,1.935007923211887e-10,1.935003244078665e-10,1.9349985657707552e-10,1.934993888293824e-10,1.934989211651367e-10,1.9349845358422056e-10,1.9349798608683152e-10,1.9349751867253525e-10,1.934970513415064e-10,1.934965840938245e-10,1.934961169293e-10,1.934956498477315e-10,1.9349518284955422e-10,1.934947159345298e-10,1.9349424910275562e-10,1.9349378235357447e-10,1.9349331568800846e-10,1.9349284910561016e-10,1.9349238260648444e-10,1.9349191619135029e-10,1.9349144985833898e-10,1.9349098360810377e-10,1.9349051744132133e-10,1.9349005135698857e-10,1.934895853564261e-10,1.934891194390544e-10,1.9348865360419383e-10,1.934881878525276e-10,1.9348772218360448e-10,1.9348725659767515e-10,1.9348679109489937e-10,1.934863256751252e-10,1.9348586033832107e-10,1.9348539508431515e-10,1.934849299129264e-10,1.9348446482487446e-10,1.9348399982072625e-10,1.9348353489825843e-10,1.934830700586213e-10,1.9348260530226233e-10,1.9348214062838146e-10,1.9348167603733844e-10,1.9348121152924775e-10,1.9348074710393e-10,1.934802827613991e-10,1.934798185016643e-10,1.9347935432452755e-10,1.9347889023025196e-10,1.9347842621869125e-10,1.9347796228986672e-10,1.9347749844391566e-10,1.9347703468136074e-10,1.9347657100082277e-10,1.9347610740307743e-10,1.934756438880187e-10,1.9347518045438016e-10,1.9347471710449468e-10,1.9347425383725712e-10,1.934737906525345e-10,1.9347332755047962e-10,1.934728645310565e-10,1.9347240159418502e-10,1.9347193873997256e-10,1.9347147596923431e-10,1.9347101328006866e-10,1.9347055067337816e-10,1.9347008814921594e-10,1.9346962570748441e-10,1.9346916334820048e-10,1.93468701071493e-10,1.9346823887667288e-10,1.9346777676479883e-10,1.9346731473479332e-10,1.9346685278685654e-10,1.9346639092222051e-10,1.9346592913987795e-10,1.934654674400091e-10,1.9346500582254123e-10,1.9346454428739885e-10,1.9346408283462158e-10,1.934636214640686e-10,1.9346316017603806e-10,1.9346269897014393e-10,1.9346223784653945e-10,1.9346177680510584e-10,1.9346131584605107e-10,1.9346085496935785e-10,1.934603941747619e-10,1.934599334618541e-10,1.9345947283163527e-10,1.934590122836274e-10,1.9345855181772342e-10,1.9345809143316312e-10,1.9345763113177027e-10,1.934571709120581e-10,1.9345671077471272e-10,1.9345625071912683e-10,1.9345579074586533e-10,1.934553308549031e-10,1.934548710460436e-10,1.9345441131913957e-10,1.934539516742301e-10,1.9345349211143592e-10,1.9345303263061932e-10,1.934525732323044e-10,1.9345211391559651e-10,1.9345165468081356e-10,1.9345119552792573e-10,1.9345073645697996e-10,1.9345027746805494e-10,1.9344981856117277e-10,1.934493597361273e-10,1.9344890099281815e-10,1.9344844233151034e-10,1.9344798375210515e-10,1.9344752525465187e-10,1.9344706683885333e-10,1.9344660850484014e-10,1.934461502526023e-10,1.9344569208272303e-10,1.9344523399432034e-10,1.9344477598821435e-10,1.9344431806392287e-10,1.9344386022077542e-10,1.9344340245919494e-10,1.9344294477939173e-10,1.9344248718127177e-10,1.9344202966378802e-10,1.9344157222903882e-10,1.9344111487583446e-10,1.9344065760437509e-10,1.934402004147555e-10,1.9343974330671275e-10,1.9343928628016736e-10,1.934388293351935e-10,1.9343837247179843e-10,1.9343791569058042e-10,1.9343745899030003e-10,1.934370023716401e-10,1.934365458344086e-10,1.9343608937872474e-10,1.9343563300456597e-10,1.9343517671191009e-10,1.9343472050066896e-10,1.9343426437092472e-10,1.9343380832258937e-10,1.934333523555849e-10,1.9343289647092834e-10,1.9343244066697916e-10,1.9343198494432444e-10,1.9343152930307874e-10,1.934310737433419e-10,1.9343061826476542e-10,1.93430162867538e-10,1.9342970755126546e-10,1.9342925231662174e-10,1.934287971633076e-10,1.9342834209107735e-10,1.9342788710030516e-10,1.9342743219075373e-10,1.9342697736242914e-10,1.9342652261542782e-10,1.934260679495484e-10,1.9342561336492013e-10,1.9342515886145937e-10,1.9342470443935987e-10,1.9342425009819342e-10,1.9342379583821475e-10,1.9342334165925796e-10,1.9342288756151055e-10,1.9342243354486076e-10,1.9342197960926857e-10,1.9342152575477626e-10,1.9342107198126846e-10,1.9342061828885136e-10,1.9342016467749996e-10,1.9341971114744886e-10,1.9341925769801956e-10,1.934188043296802e-10,1.934183510423861e-10,1.9341789783592715e-10,1.9341744471040366e-10,1.9341699166585218e-10,1.934165387021718e-10,1.934160858191963e-10,1.9341563301743585e-10,1.9341518029641642e-10,1.9341472765633595e-10,1.934142750954865e-10,1.9341382261679054e-10,1.9341337021922747e-10,1.9341291790257712e-10,1.934124656663997e-10,1.9341201351057434e-10,1.9341156143618955e-10,1.9341110944256907e-10,1.9341065752965878e-10,1.934102056973974e-10,1.934097539460698e-10,1.934093022747021e-10,1.9340885068454883e-10,1.934083991750935e-10,1.9340794774635878e-10,1.934074963982753e-10,1.9340704513047306e-10,1.9340659394363774e-10,1.934061428377249e-10,1.9340569181179095e-10,1.9340524086664532e-10,1.9340479000256285e-10,1.9340433921858158e-10,1.9340388851507619e-10,1.9340343789256987e-10,1.934029873508705e-10,1.9340253688871307e-10,1.9340208650823562e-10,1.9340163620726663e-10,1.9340118598605412e-10,1.934007358459548e-10,1.934002857861816e-10,1.9339983580685253e-10,1.9339938590829756e-10,1.9339893608958473e-10,1.933984863513873e-10,1.9339803669348016e-10,1.9339758711593485e-10,1.9339713761887326e-10,1.9339668820176127e-10,1.9339623886524362e-10,1.9339578960887459e-10,1.933953404325872e-10,1.9339489133666561e-10,1.9339444232124129e-10,1.9339399338573814e-10,1.9339354453069095e-10,1.9339309575588434e-10,1.9339264706104086e-10,1.933921984465481e-10,1.9339174991251358e-10,1.9339130145670168e-10,1.933908530828073e-10,1.9339040478881806e-10,1.933899565749846e-10,1.9338950844122395e-10,1.933890603875321e-10,1.9338861241406184e-10,1.9338816452051898e-10,1.9338771670705046e-10,1.933872689735174e-10,1.9338682131991418e-10,1.933863737463478e-10,1.9338592625244713e-10,1.9338547883882794e-10,1.9338503150514488e-10,1.933845842515327e-10,1.93384137077529e-10,1.9338368998363292e-10,1.9338324296960132e-10,1.933827960353777e-10,1.933823491810727e-10,1.9338190240663204e-10,1.9338145571202647e-10,1.9338100909725397e-10,1.9338056256189584e-10,1.9338011610692622e-10,1.9337966973140963e-10,1.933792234357789e-10,1.9337877721981275e-10,1.9337833108348187e-10,1.9337788502698831e-10,1.9337743904993887e-10,1.9337699315292127e-10,1.9337654733549754e-10,1.933761015978919e-10,1.9337565593878665e-10,1.9337521036034143e-10,1.9337476486163e-10,1.9337431944243522e-10,1.9337387410258482e-10,1.9337342884253514e-10,1.9337298366207138e-10,1.9337253856139854e-10,1.933720935397192e-10,1.9337164859796858e-10,1.9337120373563483e-10,1.9337075895288496e-10,1.9337031424940314e-10,1.933698696254808e-10,1.9336942508112227e-10,1.9336898061623012e-10,1.933685362301964e-10,1.9336809192406188e-10,1.9336764769729758e-10,1.9336720354993735e-10,1.9336675948213615e-10,1.9336631549419513e-10,1.933658715850085e-10,1.9336542775505703e-10,1.9336498400444199e-10,1.9336454033312376e-10,1.9336409674135295e-10,1.9336365322865402e-10,1.9336320979572146e-10,1.9336276644155958e-10,1.933623231667813e-10,1.9336187997106586e-10,1.933614368545189e-10,1.9336099381663488e-10,1.9336055085807068e-10,1.9336010797908203e-10,1.9335966517916042e-10,1.933592224591205e-10,1.9335877981753294e-10,1.9335833725499368e-10,1.933578947719907e-10,1.9335745236770403e-10,1.9335701004246586e-10,1.9335656779621364e-10,1.933561256290593e-10,1.9335568354017772e-10,1.9335524153130496e-10,1.9335479960109007e-10,1.9335435774997624e-10,1.933539159778566e-10,1.933534742846683e-10,1.9335303267055143e-10,1.9335259113522825e-10,1.933521496787847e-10,1.9335170830126266e-10,1.9335126700236597e-10,1.933508257826047e-10,1.9335038464121611e-10,1.9334994357870965e-10,1.933495025954513e-10,1.9334906169093627e-10,1.9334862086519113e-10,1.933481801185767e-10,1.9334773945036707e-10,1.9334729886186467e-10,1.933468583512716e-10,1.9334641791945303e-10,1.933459775663243e-10,1.9334553729194012e-10,1.9334509709669673e-10,1.9334465697979213e-10,1.933442169413839e-10,1.9334377698157414e-10,1.933433371001932e-10,1.9334289729728916e-10,1.9334245757344086e-10,1.9334201792813723e-10,1.933415783610952e-10,1.9334113887289025e-10,1.9334069946323655e-10,1.9334026013234853e-10,1.9333982087988605e-10,1.9333938170608597e-10,1.9333894261076478e-10,1.9333850359369622e-10,1.9333806465511605e-10,1.9333762579501967e-10,1.9333718701357353e-10,1.9333674831045865e-10,1.9333630968508335e-10,1.9333587113858013e-10,1.9333543267048115e-10,1.9333499428034794e-10,1.9333455596916926e-10,1.9333411773633334e-10,1.9333367958182409e-10,1.9333324150548107e-10,1.9333280350739263e-10,1.9333236558666354e-10,1.933319277453227e-10,1.9333148998224518e-10,1.9333105229738984e-10,1.933306146910798e-10,1.9333017716246643e-10,1.933297397120467e-10,1.9332930233946274e-10,1.933288650454721e-10,1.9332842782959267e-10,1.9332799069318866e-10,1.9332755363381789e-10,1.9332711665233429e-10,1.9332667974911994e-10,1.9332624292406588e-10,1.933258061770241e-10,1.9332536950806935e-10,1.9332493291685316e-10,1.9332449640243885e-10,1.9332405996802042e-10,1.933236236118736e-10,1.9332318733281074e-10,1.9332275113135626e-10,1.9332231500840566e-10,1.933218789638685e-10,1.9332144299631237e-10,1.933210071070265e-10,1.9332057129563586e-10,1.9332013556290614e-10,1.9331969990719327e-10,1.9331926432951055e-10,1.933188288296215e-10,1.9331839340733243e-10,1.9331795806283022e-10,1.9331752279643732e-10,1.9331708760840224e-10,1.9331665249758883e-10,1.9331621746534893e-10,1.9331578251003028e-10,1.933153476327111e-10,1.9331491283360783e-10,1.9331447811151983e-10,1.9331404346668674e-10,1.933136088999682e-10,1.9331317441085447e-10,1.9331273999948434e-10,1.9331230566528786e-10,1.933118714091263e-10,1.9331143723074898e-10,1.9331100313024157e-10,1.9331056910679084e-10,1.9331013516104261e-10,1.9330970129287767e-10,1.9330926750218965e-10,1.9330883378909788e-10,1.9330840015360298e-10,1.933079665960249e-10,1.9330753311576968e-10,1.9330709971264103e-10,1.9330666638716928e-10,1.9330623313905621e-10,1.9330579996802263e-10,1.9330536687536215e-10,1.9330493385934397e-10,1.9330450092080128e-10,1.933040680596805e-10,1.9330363527510764e-10,1.933032025687722e-10,1.933027699397155e-10,1.933023373880585e-10,1.9330190491349488e-10,1.9330147251600955e-10,1.9330104019626853e-10,1.9330060795370524e-10,1.9330017578898836e-10,1.9329974370095296e-10,1.9329931169001878e-10,1.9329887975640603e-10,1.9329844789911364e-10,1.9329801611969891e-10,1.9329758441779985e-10,1.9329715279264505e-10,1.932967212449759e-10,1.9329628977541032e-10,1.9329585838191712e-10,1.9329542706577257e-10,1.9329499582648845e-10,1.932945646634946e-10,1.9329413357796837e-10,1.9329370257003871e-10,1.9329327163889008e-10,1.9329284078484778e-10,1.932924100078924e-10,1.9329197930774497e-10,1.9329154868468428e-10,1.9329111813858674e-10,1.9329068766945376e-10,1.9329025727832118e-10,1.9328982696311394e-10,1.9328939672494512e-10,1.932889665645976e-10,1.932885364804781e-10,1.9328810647283246e-10,1.9328767654198243e-10,1.9328724668800803e-10,1.9328681691058442e-10,1.9328638721023098e-10,1.9328595758692065e-10,1.9328552804015878e-10,1.932850985706171e-10,1.932846691774666e-10,1.9328423986119764e-10,1.932838106214738e-10,1.9328338145831571e-10,1.9328295237090818e-10,1.9328252336171822e-10,1.932820944287318e-10,1.93281665572188e-10,1.9328123679244344e-10,1.932808080893303e-10,1.9328037946261877e-10,1.9327995091268652e-10,1.9327952243969333e-10,1.9327909404324625e-10,1.9327866572314252e-10,1.9327823747810945e-10,1.9327780931017254e-10,1.9327738122029907e-10,1.9327695320653994e-10,1.9327652526913418e-10,1.9327609740825033e-10,1.9327566962382747e-10,1.9327524191520542e-10,1.932748142837403e-10,1.9327438672865633e-10,1.9327395925007907e-10,1.9327353184782854e-10,1.9327310452262026e-10,1.9327267727310765e-10,1.9327225010007426e-10,1.9327182300329378e-10,1.9327139598283696e-10,1.9327096903949188e-10,1.9327054217165617e-10,1.9327011538012795e-10,1.9326968866488622e-10,1.9326926202583696e-10,1.9326883546416535e-10,1.9326840897767926e-10,1.932679825675377e-10,1.9326755623348143e-10,1.932671299754936e-10,1.932667037938342e-10,1.932662776882876e-10,1.9326585165868528e-10,1.9326542570552678e-10,1.9326499982749293e-10,1.932645740265536e-10,1.9326414830168862e-10,1.9326372265286742e-10,1.9326329708088942e-10,1.932628715849187e-10,1.9326244616466839e-10,1.9326202082015078e-10,1.9326159555126272e-10,1.9326117035982287e-10,1.9326074524328142e-10,1.9326032020323537e-10,1.9325989523868174e-10,1.932594703496797e-10,1.9325904553704722e-10,1.932586208003282e-10,1.9325819613961196e-10,1.9325777155470246e-10,1.9325734704519023e-10,1.932569226118113e-10,1.932564982553325e-10,1.9325607397409173e-10,1.932556497684443e-10,1.9325522563859095e-10,1.9325480158454843e-10,1.9325437760631048e-10,1.93253953703862e-10,1.9325352987724607e-10,1.9325310612656163e-10,1.932526824513357e-10,1.9325225885202907e-10,1.9325183532827305e-10,1.9325141188046425e-10,1.9325098850820243e-10,1.9325056521147422e-10,1.932501419900309e-10,1.93249718844598e-10,1.932492957748038e-10,1.932488727804007e-10,1.93248449861847e-10,1.932480270188234e-10,1.9324760425129418e-10,1.932471815593732e-10,1.9324675894295605e-10,1.9324633640228943e-10,1.9324591393683916e-10,1.932454915483299e-10,1.9324506923404785e-10,1.932446469954513e-10,1.9324422483210842e-10,1.9324380274409314e-10,1.932433807317674e-10,1.932429587946964e-10,1.9324253693298615e-10,1.9324211514674697e-10,1.9324169343443413e-10,1.9324127179904077e-10,1.9324085023910207e-10,1.9324042875423813e-10,1.9324000734479936e-10,1.9323958601063597e-10,1.932391647502017e-10,1.9323874356665455e-10,1.9323832245852795e-10,1.9323790142597862e-10,1.932374804678256e-10,1.93237059585245e-10,1.932366387778839e-10,1.9323621804569467e-10,1.932357973890009e-10,1.9323537680718382e-10,1.932349563005265e-10,1.9323453586902492e-10,1.932341155126797e-10,1.932336952320195e-10,1.93233275025944e-10,1.932328548949177e-10,1.9323243483897394e-10,1.9323201485810236e-10,1.9323159495202527e-10,1.9323117512126023e-10,1.9323075536551893e-10,1.9323033568479872e-10,1.9322991607907737e-10,1.9322949654869757e-10,1.9322907709294428e-10,1.9322865771215157e-10,1.9322823840634673e-10,1.9322781917571713e-10,1.932274000197365e-10,1.9322698093866613e-10,1.9322656193249377e-10,1.9322614300119956e-10,1.932257241447745e-10,1.932253053632118e-10,1.9322488665648858e-10,1.9322446802459156e-10,1.932240494675053e-10,1.9322363098522122e-10,1.9322321257772657e-10,1.932227942450077e-10,1.9322237598705042e-10,1.9322195780383883e-10,1.932215396953631e-10,1.9322112166160436e-10,1.9322070370255552e-10,1.9322028581819814e-10,1.9321986800887612e-10,1.932194502742156e-10,1.9321903261390521e-10,1.9321861502853575e-10,1.9321819751744282e-10,1.932177800812937e-10,1.932173627198474e-10,1.9321694543263357e-10,1.9321652822029512e-10,1.9321611108255685e-10,1.932156940193523e-10,1.9321527703081104e-10,1.9321486011626715e-10,1.932144432766924e-10,1.932140265117317e-10,1.932136098207917e-10,1.9321319320458263e-10,1.932127766631793e-10,1.932123601958761e-10,1.9321194380339094e-10,1.9321152748451433e-10,1.9321111124014627e-10,1.932106950700862e-10,1.9321027897479424e-10,1.9320986295350633e-10,1.9320944700696545e-10,1.9320903113262677e-10,1.932086153347141e-10,1.9320819961067873e-10,1.9320778396121333e-10,1.9320736838579893e-10,1.9320695288459258e-10,1.9320653745771769e-10,1.9320612210495032e-10,1.9320570682649554e-10,1.9320529162332118e-10,1.932048764931749e-10,1.9320446143722867e-10,1.932040464554407e-10,1.93203631547948e-10,1.932032167144389e-10,1.9320280195504443e-10,1.9320238726977312e-10,1.932019726585524e-10,1.9320155812182207e-10,1.932011436569406e-10,1.9320072926702077e-10,1.9320031495101969e-10,1.9319990070907947e-10,1.931994865423549e-10,1.9319907244975288e-10,1.931986584310521e-10,1.9319824448632438e-10,1.931978306154892e-10,1.931974168180371e-10,1.9319700309517387e-10,1.9319658944623582e-10,1.931961758707172e-10,1.9319576236998102e-10,1.9319534894179462e-10,1.9319493558846463e-10,1.9319452230890788e-10,1.931941091032788e-10,1.9319369597150352e-10,1.931932829133768e-10,1.9319286992906476e-10,1.931924570184635e-10,1.9319204418224464e-10,1.931916314194042e-10,1.931912187307261e-10,1.931908061154344e-10,1.9319039357387965e-10,1.9318998110600624e-10,1.9318956871200118e-10,1.9318915639154528e-10,1.9318874414478567e-10,1.9318833197171241e-10,1.9318791987221054e-10,1.9318750784640418e-10,1.9318709589435498e-10,1.93186684015907e-10,1.9318627221091544e-10,1.9318586047955617e-10,1.931854488217685e-10,1.9318503723739482e-10,1.931846257268921e-10,1.931842142897212e-10,1.9318380292605838e-10,1.9318339163592883e-10,1.931829804191389e-10,1.9318256927586094e-10,1.931821582062378e-10,1.9318174720997924e-10,1.9318133628712095e-10,1.9318092543773148e-10,1.931805146617558e-10,1.9318010395921375e-10,1.9317969332989444e-10,1.9317928277407739e-10,1.9317887229173876e-10,1.931784618826598e-10,1.9317805154688784e-10,1.931776412844407e-10,1.9317723109557274e-10,1.931768209791194e-10,1.931764109365383e-10,1.9317600096719545e-10,1.9317559107058094e-10,1.931751812479757e-10,1.931747714984352e-10,1.9317436182210544e-10,1.9317395221897321e-10,1.9317354268885643e-10,1.9317313323206152e-10,1.931727238484461e-10,1.9317231453799335e-10,1.931719053006447e-10,1.9317149613644502e-10,1.931710870452984e-10,1.931706780276309e-10,1.9317026908243298e-10,1.9316986021057306e-10,1.9316945141269257e-10,1.9316904268695374e-10,1.9316863403422448e-10,1.9316822545451454e-10,1.931678169478039e-10,1.931674085138215e-10,1.931670001530859e-10,1.9316659186416235e-10,1.9316618364936094e-10,1.9316577550746674e-10,1.931653674384237e-10,1.9316495944295406e-10,1.931645515198066e-10,1.9316414366982152e-10,1.9316373589232747e-10,1.9316332818782084e-10,1.9316292055613225e-10,1.9316251299729427e-10,1.9316210551129386e-10,1.9316169809810478e-10,1.9316129075770335e-10,1.931608834901715e-10,1.931604762954331e-10,1.9316006917330162e-10,1.931596621238978e-10,1.9315925514726144e-10,1.9315884824334906e-10,1.9315844141211338e-10,1.9315803465358546e-10,1.9315762796772477e-10,1.9315722135455593e-10,1.9315681481400362e-10,1.9315640834608113e-10,1.9315600195085796e-10,1.9315559562829357e-10,1.9315518937822866e-10,1.931547832007683e-10,1.9315437709580841e-10,1.9315397106342526e-10,1.9315356510360743e-10,1.9315315921608878e-10,1.9315275340217933e-10,1.9315234765997344e-10,1.9315194199023572e-10,1.9315153639291113e-10,1.9315113086808717e-10,1.9315072541572306e-10,1.9315032003580061e-10,1.9314991472805296e-10,1.9314950949262506e-10,1.9314910432991303e-10,1.9314869923964467e-10,1.931482942232771e-10,1.9314788927764727e-10,1.9314748440446802e-10,1.9314707960358925e-10,1.931466748750796e-10,1.9314627021881239e-10,1.931458656348827e-10,1.9314546112346633e-10,1.9314505668395087e-10,1.9314465231660288e-10,1.9314424801990317e-10,1.9314384379727247e-10,1.931434396468886e-10,1.9314303556976365e-10,1.9314263156374457e-10,1.9314222762990253e-10,1.9314182376815287e-10,1.9314141997930863e-10,1.9314101626195244e-10,1.9314061261684617e-10,1.931402090437157e-10,1.9313980554262283e-10,1.9313940211370794e-10,1.93138998757966e-10,1.931385954729723e-10,1.931381922602489e-10,1.9313778911941526e-10,1.93137386050824e-10,1.9313698305422879e-10,1.931365801296119e-10,1.9313617727694767e-10,1.9313577449626868e-10,1.9313537178737432e-10,1.9313496915025746e-10,1.9313456658558188e-10,1.9313416409277333e-10,1.931337616715969e-10,1.9313335932243502e-10,1.9313295704497358e-10,1.931325548395772e-10,1.9313215270610048e-10,1.931317506443792e-10,1.9313134865419265e-10,1.931309467357179e-10,1.9313054488962167e-10,1.9313014311510244e-10,1.9312974141245346e-10,1.931293397815717e-10,1.931289382224409e-10,1.9312853673493694e-10,1.9312813531922495e-10,1.931277339751226e-10,1.9312733270286973e-10,1.9312693150237538e-10,1.9312653037358016e-10,1.9312612931631114e-10,1.931257283307358e-10,1.9312532741675503e-10,1.93124926574438e-10,1.9312452580369612e-10,1.9312412510454583e-10,1.9312372447696419e-10,1.9312332392092206e-10,1.9312292343679023e-10,1.9312252302318762e-10,1.9312212268196887e-10,1.931217224121437e-10,1.9312132221379463e-10,1.9312092208703447e-10,1.931205220317168e-10,1.9312012204780944e-10,1.9311972213541966e-10,1.9311932229447005e-10,1.9311892252494928e-10,1.9311852282628807e-10,1.931181231994777e-10,1.9311772364432457e-10,1.9311732416034507e-10,1.9311692474774613e-10,1.9311652540654423e-10,1.9311612613662855e-10,1.931157269380298e-10,1.93115327810746e-10,1.9311492875468686e-10,1.9311452977013295e-10,1.9311413085671997e-10,1.931137320144023e-10,1.9311333324401996e-10,1.9311293454454062e-10,1.9311253591612286e-10,1.9311213735893637e-10,1.9311173887324509e-10,1.931113404584028e-10,1.9311094211463786e-10,1.9311054384226387e-10,1.931101456414642e-10,1.93109747511217e-10,1.9310934945203828e-10,1.9310895146421292e-10,1.9310855354747159e-10,1.9310815570167316e-10,1.9310775792683986e-10,1.9310736022313421e-10,1.9310696259048286e-10,1.9310656502886198e-10,1.9310616753851741e-10,1.9310577011893388e-10,1.9310537277031537e-10,1.9310497549264082e-10,1.9310457828597844e-10,1.9310418115024018e-10,1.9310378408541764e-10,1.931033870916473e-10,1.9310299016876365e-10,1.931025933168301e-10,1.9310219653565206e-10,1.93101799825396e-10,1.9310140318602025e-10,1.931010066175165e-10,1.9310061012046757e-10,1.9310021369339924e-10,1.930998173372934e-10,1.9309942105205267e-10,1.9309902483759974e-10,1.930986286939059e-10,1.9309823261984567e-10,1.930978366177062e-10,1.93097440686884e-10,1.9309704482631723e-10,1.9309664903627387e-10,1.9309625331698141e-10,1.9309585766837681e-10,1.9309546209045803e-10,1.9309506658326577e-10,1.9309467114664032e-10,1.9309427578060574e-10,1.9309388048536094e-10,1.930934852605959e-10,1.9309309010648644e-10,1.930926950229685e-10,1.9309230001027923e-10,1.9309190506787375e-10,1.9309151019595442e-10,1.9309111539454898e-10,1.930907206636664e-10,1.9309032600334292e-10,1.9308993141359948e-10,1.93089536894221e-10,1.930891424457909e-10,1.9308874806767504e-10,1.9308835375965233e-10,1.9308795952210846e-10,1.9308756535493864e-10,1.9308717125747765e-10,1.9308677723072006e-10,1.9308638327480909e-10,1.9308598938919265e-10,1.9308559557266197e-10,1.9308520182773696e-10,1.930848081532172e-10,1.9308441454899574e-10,1.9308402101214653e-10,1.9308362754886117e-10,1.9308323415546075e-10,1.9308284083231402e-10,1.9308244757942559e-10,1.930820543967869e-10,1.9308166128442558e-10,1.930812682424137e-10,1.9308087527047512e-10,1.9308048236868986e-10,1.930800895370695e-10,1.9307969677568187e-10,1.9307930408439593e-10,1.9307891146305958e-10,1.9307851891237885e-10,1.93078126429996e-10,1.9307773401916752e-10,1.9307734167856157e-10,1.930769494079555e-10,1.9307655720751308e-10,1.9307616507597648e-10,1.9307577301552277e-10,1.930753810251368e-10,1.9307498910476833e-10,1.930745972543639e-10,1.9307420547395632e-10,1.9307381376352003e-10,1.9307342212304188e-10,1.9307303055251244e-10,1.9307263905210193e-10,1.9307224762206019e-10,1.930718562613614e-10,1.93071464970088e-10,1.9307107374913186e-10,1.930706825981273e-10,1.930702915169098e-10,1.9306990050512516e-10,1.9306950956373386e-10,1.9306911869202941e-10,1.9306872789010195e-10,1.930683371589939e-10,1.9306794649674073e-10,1.930675559056811e-10,1.9306716538288655e-10,1.9306677493003315e-10,1.9306638454660725e-10,1.9306599423305494e-10,1.930656039892522e-10,1.9306521381545148e-10,1.930648237111115e-10,1.9306443367631672e-10,1.930640437112243e-10,1.9306365381574622e-10,1.9306326398990995e-10,1.9306287423369395e-10,1.930624845470294e-10,1.9306209493002213e-10,1.9306170538263783e-10,1.9306131590508732e-10,1.930609264966154e-10,1.9306053715795096e-10,1.9306014788877247e-10,1.9305975868916424e-10,1.9305936955883913e-10,1.9305898049807573e-10,1.9305859150707288e-10,1.9305820258535561e-10,1.930578137328204e-10,1.9305742495030949e-10,1.9305703623702607e-10,1.930566475931444e-10,1.9305625901874166e-10,1.9305587051360827e-10,1.9305548207784904e-10,1.93055093710645e-10,1.930547054135357e-10,1.9305431718606058e-10,1.9305392902758976e-10,1.9305354093861052e-10,1.9305315291856321e-10,1.9305276496798654e-10,1.9305237708681267e-10,1.9305198927496331e-10,1.9305160153204594e-10,1.9305121385862861e-10,1.9305082625465827e-10,1.9305043871978153e-10,1.9305005125409983e-10,1.9304966385758735e-10,1.9304927653008375e-10,1.930488892721168e-10,1.9304850208351135e-10,1.9304811496371182e-10,1.9304772791304476e-10,1.930473409308792e-10,1.9304695401848985e-10,1.9304656717516137e-10,1.9304618040113996e-10,1.9304579369576528e-10,1.93045407059621e-10,1.930450204925604e-10,1.9304463399472307e-10,1.930442475657623e-10,1.930438612058235e-10,1.930434749148289e-10,1.9304308869287058e-10,1.9304270253984579e-10,1.9304231645573558e-10,1.9304193044061202e-10,1.930415444943993e-10,1.9304115861754936e-10,1.9304077280943324e-10,1.9304038706998794e-10,1.93040001399283e-10,1.9303961579761622e-10,1.9303923026483487e-10,1.9303884480079587e-10,1.9303845940565913e-10,1.9303807407849414e-10,1.9303768882099495e-10,1.9303730363229338e-10,1.9303691851242208e-10,1.9303653346128546e-10,1.9303614847891293e-10,1.9303576356524793e-10,1.9303537872042625e-10,1.9303499394430798e-10,1.9303460923684928e-10,1.9303422459780608e-10,1.9303384002799383e-10,1.93033455526584e-10,1.9303307109391685e-10,1.9303268672885062e-10,1.9303230243339234e-10,1.930319182066319e-10,1.9303153404840764e-10,1.9303114995882257e-10,1.9303076593779144e-10,1.9303038198537214e-10,1.930299981015552e-10,1.930296142862913e-10,1.930292305395701e-10,1.9302884686120369e-10,1.930284632514814e-10,1.9302807971026043e-10,1.9302769623753592e-10,1.9302731283332556e-10,1.9302692949750298e-10,1.9302654623017238e-10,1.9302616303055374e-10,1.9302577990013182e-10,1.9302539683805009e-10,1.9302501384444872e-10,1.9302463092021547e-10,1.9302424806330348e-10,1.9302386527484014e-10,1.9302348255472844e-10,1.9302309990307584e-10,1.9302271731963886e-10,1.9302233480443918e-10,1.930219523576224e-10,1.930215699790207e-10,1.9302118766877924e-10,1.9302080542676413e-10,1.9302042325300918e-10,1.9302004114772803e-10,1.9301965911048593e-10,1.9301927714146465e-10,1.9301889524064595e-10,1.9301851340802435e-10,1.930181316435816e-10,1.930177499473114e-10,1.9301736831916195e-10,1.9301698675915568e-10,1.9301660526732031e-10,1.9301622384360412e-10,1.930158424880262e-10,1.9301546120051632e-10,1.9301507998108993e-10,1.930146988297344e-10,1.9301431774643059e-10,1.9301393673109731e-10,1.9301355578394572e-10,1.930131749047512e-10,1.9301279409357218e-10,1.9301241335039014e-10,1.9301203267519344e-10,1.9301165206796962e-10,1.9301127152870596e-10,1.930108910573925e-10,1.930105106540148e-10,1.9301013031856224e-10,1.930097500509816e-10,1.9300936985125157e-10,1.9300898971949937e-10,1.9300860965561904e-10,1.9300822965960622e-10,1.930078497314047e-10,1.9300746987104007e-10,1.9300709007851216e-10,1.9300671035379178e-10,1.9300633069681416e-10,1.9300595110771593e-10,1.9300557158600276e-10,1.930051921324244e-10,1.9300481274679654e-10,1.9300443342871528e-10,1.9300405417837473e-10,1.9300367499576317e-10,1.930032958808277e-10,1.9300291683358863e-10,1.9300253785656387e-10,1.9300215894467391e-10,1.9300178010056505e-10,1.930014013239154e-10,1.9300102261491225e-10,1.9300064397362337e-10,1.9300026539977316e-10,1.929998868934384e-10,1.9299950845487464e-10,1.9299913008408243e-10,1.929987517806075e-10,1.929983735446876e-10,1.9299799537643702e-10,1.9299761727560137e-10,1.9299723924273628e-10,1.9299686127696617e-10,1.929964833786102e-10,1.9299610554773581e-10,1.929957277843888e-10,1.9299535008842547e-10,1.9299497246057248e-10,1.9299459489929272e-10,1.929942174055009e-10,1.9299383997920863e-10,1.9299346262036e-10,1.92993085328865e-10,1.9299270810466366e-10,1.9299233094789673e-10,1.929919538586699e-10,1.929915768364867e-10,1.9299119988161657e-10,1.9299082299407158e-10,1.9299044617379438e-10,1.9299006942095553e-10,1.9298969273532523e-10,1.929893161169833e-10,1.9298893956575968e-10,1.929885630818285e-10,1.929881866647866e-10,1.9298781031512992e-10,1.9298743403281454e-10,1.9298705781769864e-10,1.9298668166970718e-10,1.929863055888381e-10,1.9298592957567745e-10,1.929855536289266e-10,1.9298517774939614e-10,1.9298480193702212e-10,1.9298442619178723e-10,1.9298405051353605e-10,1.9298367490299187e-10,1.9298329935881788e-10,1.929829238818045e-10,1.9298254847187566e-10,1.92982173131515e-10,1.9298179785564425e-10,1.9298142264642422e-10,1.929810475046796e-10,1.9298067242974557e-10,1.9298029742129498e-10,1.9297992248030618e-10,1.9297954760644397e-10,1.9297917279931417e-10,1.9297879805961489e-10,1.9297842338630525e-10,1.9297804877934284e-10,1.9297767423858167e-10,1.9297729976585141e-10,1.929769253600318e-10,1.929765510207889e-10,1.9297617674864364e-10,1.9297580254326654e-10,1.9297542840469107e-10,1.9297505433288378e-10,1.9297468032784737e-10,1.929743063898892e-10,1.929739325184122e-10,1.9297355871365951e-10,1.9297318497558437e-10,1.9297281130455354e-10,1.9297243769999569e-10,1.9297206416206242e-10,1.9297169069089972e-10,1.9297131728658524e-10,1.929709439486646e-10,1.9297057067747732e-10,1.9297019747315944e-10,1.9296982433574417e-10,1.9296945126448917e-10,1.929690782598713e-10,1.9296870532167035e-10,1.9296833245040328e-10,1.9296795964548677e-10,1.929675869070629e-10,1.9296721423514216e-10,1.929668416297893e-10,1.9296646909055935e-10,1.9296609661797314e-10,1.9296572421213866e-10,1.929653518728465e-10,1.9296497959998518e-10,1.9296460739350476e-10,1.9296423525352555e-10,1.9296386317998138e-10,1.9296349117283937e-10,1.9296311923210504e-10,1.9296274735778507e-10,1.9296237555118258e-10,1.9296200380794409e-10,1.929616321327477e-10,1.929612605238118e-10,1.9296088898059288e-10,1.9296051750478878e-10,1.9296014609492328e-10,1.929597747513914e-10,1.9295940347444146e-10,1.9295903226339776e-10,1.929586611186701e-10,1.9295829004019424e-10,1.9295791902796273e-10,1.9295754808196006e-10,1.929571772021703e-10,1.9295680638858136e-10,1.9295643564127747e-10,1.9295606496013584e-10,1.9295569434522079e-10,1.929553237963531e-10,1.9295495331362372e-10,1.9295458289703355e-10,1.9295421254646986e-10,1.9295384226211368e-10,1.9295347204385934e-10,1.92953101890879e-10,1.929527318048958e-10,1.9295236178486446e-10,1.929519918310512e-10,1.9295162194304777e-10,1.92951252121202e-10,1.9295088236545397e-10,1.9295051267569357e-10,1.9295014305197023e-10,1.9294977349407214e-10,1.929494040022995e-10,1.9294903457625485e-10,1.929486652162018e-10,1.9294829592200472e-10,1.9294792669375834e-10,1.929475575317316e-10,1.9294718843567225e-10,1.9294681940521024e-10,1.9294645044046183e-10,1.9294608154241613e-10,1.9294571270949005e-10,1.9294534394250106e-10,1.9294497524131794e-10,1.929446066054435e-10,1.9294423803579946e-10,1.9294386953194092e-10,1.9294350109374777e-10,1.9294313272157574e-10,1.9294276441517363e-10,1.9294239617419402e-10,1.929420279991506e-10,1.9294165988980055e-10,1.9294129184608467e-10,1.9294092386842237e-10,1.9294055595613722e-10,1.9294018810909012e-10,1.9293982032813436e-10,1.9293945261294133e-10,1.9293908496302822e-10,1.9293871737898012e-10,1.9293834986050232e-10,1.9293798240766505e-10,1.929376150203753e-10,1.9293724769883108e-10,1.9293688044272225e-10,1.92936513252167e-10,1.9293614612687582e-10,1.9293577906724033e-10,1.9293541207429043e-10,1.929350451458282e-10,1.9293467828286064e-10,1.9293431148536747e-10,1.9293394475453573e-10,1.929335780889553e-10,1.9293321148787697e-10,1.9293284495205215e-10,1.9293247848176027e-10,1.9293211207691694e-10,1.929317457373931e-10,1.9293137946333452e-10,1.9293101325488806e-10,1.929306471113898e-10,1.9293028103346662e-10,1.9292991502099109e-10,1.9292954907463632e-10,1.9292918319259156e-10,1.9292881737516736e-10,1.929284516239808e-10,1.9292808593807146e-10,1.9292772031725605e-10,1.9292735476113876e-10,1.9292698927066548e-10,1.92926623846378e-10,1.929262584865536e-10,1.929258931918913e-10,1.9292552796243354e-10,1.9292516279815902e-10,1.929247976990621e-10,1.929244326651202e-10,1.9292406769649726e-10,1.9292370279311325e-10,1.9292333795470648e-10,1.9292297318130834e-10,1.929226084730167e-10,1.92922243829814e-10,1.9292187925182234e-10,1.929215147391498e-10,1.9292115029116506e-10,1.9292078590814857e-10,1.9292042158932736e-10,1.9292005733553394e-10,1.9291969314692983e-10,1.9291932902341235e-10,1.9291896496561662e-10,1.9291860097197006e-10,1.9291823704375248e-10,1.9291787318087643e-10,1.9291750938282763e-10,1.929171456495743e-10,1.92916781981349e-10,1.929164183773216e-10,1.9291605483890347e-10,1.9291569136546997e-10,1.9291532795692132e-10,1.929149646129987e-10,1.9291460133373374e-10,1.9291423811941842e-10,1.929138749698843e-10,1.929135118850372e-10,1.9291314886533183e-10,1.9291278591043844e-10,1.929124230203678e-10,1.929120601950138e-10,1.9291169743450683e-10,1.9291133473869722e-10,1.9291097210750952e-10,1.9291060954117073e-10,1.9291024703943382e-10,1.9290988460212143e-10,1.929095222297871e-10,1.9290915992216922e-10,1.9290879767917655e-10,1.9290843550087957e-10,1.9290807338717903e-10,1.9290771133814832e-10,1.9290734935369343e-10,1.9290698743403463e-10,1.9290662557876167e-10,1.9290626378695366e-10,1.929059020608712e-10,1.9290554039953345e-10,1.9290517880134472e-10,1.9290481726884219e-10,1.929044558009012e-10,1.9290409439743102e-10,1.929037330584563e-10,1.9290337178409848e-10,1.9290301057408404e-10,1.929026494285313e-10,1.929022883475556e-10,1.929019273308941e-10,1.929015663785828e-10,1.9290120549193992e-10,1.929008446685198e-10,1.9290048390947754e-10,1.9290012321483214e-10,1.928997625845545e-10,1.9289940201864902e-10,1.9289904151720691e-10,1.9289868107991447e-10,1.928983207076016e-10,1.92897960398995e-10,1.928976001548193e-10,1.9289723997472277e-10,1.9289687985900865e-10,1.9289651980753858e-10,1.9289615982041514e-10,1.9289579989776108e-10,1.9289544004003467e-10,1.9289508024547885e-10,1.9289472051512045e-10,1.9289436084898574e-10,1.9289400124708766e-10,1.9289364170934216e-10,1.9289328223569363e-10,1.9289292282737382e-10,1.928925634820058e-10,1.9289220420085168e-10,1.928918449840986e-10,1.928914858310682e-10,1.9289112674216814e-10,1.9289076771622142e-10,1.92890408755643e-10,1.9289004985893666e-10,1.9288969102657514e-10,1.9288933225794668e-10,1.9288897355284824e-10,1.928886149140132e-10,1.9288825633743336e-10,1.9288789782483652e-10,1.9288753937437073e-10,1.928871809897276e-10,1.9288682266906688e-10,1.92886464411303e-10,1.9288610621829718e-10,1.928857480894497e-10,1.928853900244338e-10,1.928850320233046e-10,1.928846740860638e-10,1.9288431621269346e-10,1.9288395840280951e-10,1.9288360065714505e-10,1.9288324297532218e-10,1.9288288535733284e-10,1.928825278036275e-10,1.9288217031324708e-10,1.9288181288667296e-10,1.9288145552384025e-10,1.9288109822482747e-10,1.9288074098948218e-10,1.928803838179401e-10,1.9288002670990022e-10,1.9287966966586847e-10,1.9287931268553607e-10,1.9287895576897763e-10,1.9287859891701174e-10,1.928782421273848e-10,1.9287788540173156e-10,1.9287752873973426e-10,1.9287717214143647e-10,1.928768156068843e-10,1.9287645913574286e-10,1.9287610272823182e-10,1.9287574638458348e-10,1.928753901041897e-10,1.928750338874407e-10,1.9287467773420156e-10,1.9287432164545535e-10,1.9287396561935573e-10,1.9287360965655756e-10,1.92873253757478e-10,1.9287289792191e-10,1.9287254214984985e-10,1.9287218644128143e-10,1.928718307961709e-10,1.9287147521452328e-10,1.9287111969709042e-10,1.9287076424241304e-10,1.9287040885106685e-10,1.9287005352323116e-10,1.928696982585408e-10,1.9286934305739588e-10,1.9286898791962763e-10,1.9286863284521365e-10,1.9286827783426168e-10,1.9286792288656983e-10,1.9286756800214692e-10,1.9286721318108637e-10,1.928668584234539e-10,1.928665037291112e-10,1.928661490978517e-10,1.928657945300475e-10,1.9286544002542733e-10,1.9286508558433491e-10,1.9286473120621873e-10,1.9286437689132114e-10,1.9286402263964525e-10,1.9286366845128458e-10,1.9286331432596836e-10,1.9286296026387395e-10,1.9286260626526445e-10,1.9286225232950885e-10,1.9286189845689873e-10,1.9286154464743737e-10,1.9286119090112484e-10,1.9286083721791448e-10,1.928604835977907e-10,1.928601300407827e-10,1.9285977654689007e-10,1.9285942311599564e-10,1.9285906974817467e-10,1.9285871644339352e-10,1.9285836320082923e-10,1.9285801002138618e-10,1.9285765690569188e-10,1.9285730385291619e-10,1.9285695086332484e-10,1.928565979366301e-10,1.9285624507285385e-10,1.928558922719761e-10,1.9285553953416683e-10,1.9285518685900364e-10,1.9285483424699646e-10,1.9285448169789813e-10,1.9285412921087182e-10,1.9285377678756328e-10,1.9285342442705983e-10,1.9285307212973914e-10,1.9285271989502727e-10,1.9285236772489036e-10,1.92852015615749e-10,1.9285166357015409e-10,1.928513115867914e-10,1.9285095966654695e-10,1.928506078087172e-10,1.9285025601341442e-10,1.9284990428129593e-10,1.928495526117628e-10,1.928492010049328e-10,1.9284884946098611e-10,1.9284849797997588e-10,1.9284814656133023e-10,1.9284779520515742e-10,1.9284744391188666e-10,1.9284709268156732e-10,1.9284674151361886e-10,1.9284639040823902e-10,1.928460393656504e-10,1.928456883858989e-10,1.9284533746882335e-10,1.9284498661411998e-10,1.9284463582191915e-10,1.9284428509227434e-10,1.9284393442527406e-10,1.9284358382078626e-10,1.9284323327906293e-10,1.928428827996535e-10,1.928425323830996e-10,1.9284218202873805e-10,1.9284183173682124e-10,1.9284148150745434e-10,1.9284113134056907e-10,1.9284078123617186e-10,1.92840431194211e-10,1.9284008121475733e-10,1.9283973129769166e-10,1.928393814441645e-10,1.9283903165192135e-10,1.9283868192213977e-10,1.9283833225464473e-10,1.92837982650017e-10,1.9283763310730818e-10,1.9283728362611631e-10,1.9283693420821305e-10,1.9283658485264937e-10,1.9283623555936412e-10,1.9283588632833796e-10,1.9283553715963852e-10,1.9283518805295524e-10,1.9283483900903998e-10,1.928344900271489e-10,1.9283414110751913e-10,1.9283379225012793e-10,1.92833443454969e-10,1.9283309472208394e-10,1.9283274605161547e-10,1.9283239744308928e-10,1.9283204889675453e-10,1.9283170041264339e-10,1.9283135199090654e-10,1.9283100363177102e-10,1.928306553340617e-10,1.9283030709823736e-10,1.9282995892472207e-10,1.928296108133002e-10,1.9282926276400872e-10,1.928289147768595e-10,1.9282856685151488e-10,1.9282821898864698e-10,1.9282787118766064e-10,1.9282752344875905e-10,1.9282717577187904e-10,1.9282682815703044e-10,1.92826480604158e-10,1.9282613311323684e-10,1.9282578568437417e-10,1.9282543831745717e-10,1.9282509101181344e-10,1.928247437697988e-10,1.9282439658876975e-10,1.928240494696543e-10,1.9282370241248012e-10,1.9282335541723894e-10,1.9282300848387247e-10,1.928226616123845e-10,1.9282231480251783e-10,1.9282196805483185e-10,1.928216213689831e-10,1.92821274745004e-10,1.9282092818277482e-10,1.9282058168310987e-10,1.9282023524519606e-10,1.928198888686563e-10,1.9281954255367313e-10,1.9281919630043312e-10,1.9281885010900424e-10,1.9281850397929218e-10,1.9281815791131287e-10,1.928178119048243e-10,1.928174659603083e-10,1.9281712007743564e-10,1.928167742562881e-10,1.9281642849683463e-10,1.9281608279913028e-10,1.928157371630319e-10,1.9281539158889032e-10,1.928150460761198e-10,1.928147006249235e-10,1.9281435523542536e-10,1.9281400990746543e-10,1.9281366464104093e-10,1.92813319436494e-10,1.928129742932445e-10,1.9281262921163795e-10,1.9281228419154712e-10,1.9281193923299462e-10,1.9281159433549508e-10,1.9281124949953468e-10,1.9281090472553258e-10,1.9281056001303054e-10,1.9281021536176328e-10,1.928098707723492e-10,1.9280952624433109e-10,1.9280918177770936e-10,1.9280883737242915e-10,1.9280849302868084e-10,1.9280814874647717e-10,1.928078045255151e-10,1.9280746036603514e-10,1.9280711626836122e-10,1.9280677223184164e-10,1.9280642825640943e-10,1.9280608434311666e-10,1.9280574049172033e-10,1.9280539669919482e-10,1.9280505296912162e-10,1.9280470930034354e-10,1.928043656928846e-10,1.9280402214888618e-10,1.928036786639182e-10,1.9280333524026075e-10,1.9280299187799468e-10,1.9280264857845208e-10,1.9280230533752526e-10,1.928019621602544e-10,1.9280161904188748e-10,1.9280127598565776e-10,1.9280093299055707e-10,1.9280059005663942e-10,1.9280024718370796e-10,1.927999043725404e-10,1.9279956162216056e-10,1.927992189328406e-10,1.9279887630476557e-10,1.927985337370489e-10,1.9279819123105276e-10,1.92797848786228e-10,1.9279750640240503e-10,1.9279716407996752e-10,1.9279682181902987e-10,1.9279647961836084e-10,1.927961374786539e-10,1.927957954006279e-10,1.9279545338301438e-10,1.927951114263334e-10,1.9279476953146773e-10,1.927944276978493e-10,1.9279408592417016e-10,1.9279374421143815e-10,1.9279340255959435e-10,1.9279306096835894e-10,1.9279271943837381e-10,1.9279237796962014e-10,1.927920365615393e-10,1.9279169521599996e-10,1.9279135392961438e-10,1.927910127044034e-10,1.9279067154019978e-10,1.9279033043646488e-10,1.9278998939353234e-10,1.9278964841028985e-10,1.9278930748912429e-10,1.9278896662873225e-10,1.9278862582915045e-10,1.9278828509009817e-10,1.9278794441160137e-10,1.927876037942153e-10,1.9278726323737035e-10,1.9278692274175414e-10,1.9278658230650727e-10,1.9278624193243398e-10,1.927859016192213e-10,1.9278556136611337e-10,1.9278522117365384e-10,1.9278488104189926e-10,1.9278454097079973e-10,1.927842009603431e-10,1.9278386101054056e-10,1.9278352112131014e-10,1.927831812926959e-10,1.9278284152476934e-10,1.9278250181744668e-10,1.9278216217087644e-10,1.9278182258466034e-10,1.9278148305894576e-10,1.9278114359382686e-10,1.9278080418909447e-10,1.9278046484501381e-10,1.927801255617294e-10,1.9277978633859478e-10,1.927794471763779e-10,1.9277910807358023e-10,1.927787690318541e-10,1.92778430050873e-10,1.9277809113047034e-10,1.9277775227025653e-10,1.9277741346994186e-10,1.9277707473065927e-10,1.9277673605166579e-10,1.927763974329274e-10,1.927760588747518e-10,1.9277572037691306e-10,1.9277538193946844e-10,1.927750435624098e-10,1.927747052456015e-10,1.927743669894123e-10,1.9277402879310953e-10,1.9277369065732413e-10,1.927733525817514e-10,1.9277301456628264e-10,1.9277267661134982e-10,1.9277233871673338e-10,1.9277200088232436e-10,1.9277166310800658e-10,1.927713253942494e-10,1.9277098774055754e-10,1.9277065014715964e-10,1.9277031261386634e-10,1.9276997514057228e-10,1.9276963772618743e-10,1.92769300373434e-10,1.9276896308080807e-10,1.9276862584831236e-10,1.9276828867599574e-10,1.9276795156466185e-10,1.9276761451257545e-10,1.9276727752080907e-10,1.927669405889253e-10,1.9276660371711524e-10,1.927662669050657e-10,1.927659301515981e-10,1.9276559345997312e-10,1.9276525682856686e-10,1.9276492025695214e-10,1.9276458374566104e-10,1.927642472944316e-10,1.927639109035517e-10,1.9276357457251972e-10,1.9276323830067285e-10,1.92762902089058e-10,1.9276256593762976e-10,1.9276222984589552e-10,1.9276189381407912e-10,1.9276155784228558e-10,1.9276122193022916e-10,1.9276088607829246e-10,1.927605502862571e-10,1.927602145543421e-10,1.9275987888145838e-10,1.9275954326846487e-10,1.927592077157517e-10,1.927588722228132e-10,1.9275853679011141e-10,1.927582014161974e-10,1.9275786610274466e-10,1.927575308495865e-10,1.9275719565631255e-10,1.9275686052236467e-10,1.9275652544740945e-10,1.9275619043131844e-10,1.9275585547639361e-10,1.9275552058145523e-10,1.9275518574578286e-10,1.927548509699376e-10,1.927545162538439e-10,1.9275418159872908e-10,1.927538470023527e-10,1.9275351246531602e-10,1.927531779879259e-10,1.927528435703798e-10,1.9275250921154433e-10,1.9275217491496043e-10,1.9275184067603058e-10,1.9275150649669123e-10,1.9275117237693337e-10,1.927508383167138e-10,1.9275050431724368e-10,1.9275017037610655e-10,1.9274983649409505e-10,1.9274950267222566e-10,1.927491689086519e-10,1.9274883520564784e-10,1.9274850156213598e-10,1.927481679784746e-10,1.9274783445402707e-10,1.9274750098899057e-10,1.9274716758408958e-10,1.9274683423792496e-10,1.9274650095126458e-10,1.9274616772412107e-10,1.9274583455641888e-10,1.927455014479488e-10,1.9274516839873007e-10,1.9274483540909133e-10,1.9274450247859393e-10,1.9274416960758008e-10,1.9274383679634302e-10,1.927435040441382e-10,1.92743171351308e-10,1.9274283871765342e-10,1.9274250614335323e-10,1.9274217362844058e-10,1.9274184117261082e-10,1.9274150877628826e-10,1.927411764392369e-10,1.9274084416131324e-10,1.927405119429399e-10,1.9274017978375418e-10,1.9273984768379986e-10,1.9273951564350946e-10,1.927391836616541e-10,1.927388517392201e-10,1.9273851987586733e-10,1.9273818807153653e-10,1.927378563273648e-10,1.9273752464361648e-10,1.927371930167465e-10,1.9273686144917842e-10,1.9273652994044064e-10,1.9273619849097519e-10,1.9273586710051746e-10,1.9273553576899767e-10,1.9273520449673806e-10,1.9273487328344267e-10,1.927345421292075e-10,1.9273421103425378e-10,1.927338799981147e-10,1.9273354902126833e-10,1.927332181031038e-10,1.927328872441897e-10,1.927325564442292e-10,1.9273222570368593e-10,1.9273189502233246e-10,1.9273156439931791e-10,1.9273123383511743e-10,1.9273090332862415e-10,1.9273057288217774e-10,1.927302424945283e-10,1.9272991216647218e-10,1.9272958189810266e-10,1.927292516871967e-10,1.9272892153544503e-10,1.9272859144207563e-10,1.9272826140724964e-10,1.9272793143169627e-10,1.9272760151598701e-10,1.9272727165812816e-10,1.9272694185935458e-10,1.9272661211910692e-10,1.9272628243763412e-10,1.927259528148285e-10,1.927256232516554e-10,1.9272529374645756e-10,1.9272496429993608e-10,1.9272463491225889e-10,1.9272430558315117e-10,1.9272397631278483e-10,1.9272364710169048e-10,1.9272331794899767e-10,1.9272298885501038e-10,1.927226598194932e-10,1.927223308417803e-10,1.9272200192337858e-10,1.9272167306364013e-10,1.9272134426295605e-10,1.9272101552032797e-10,1.9272068683671803e-10,1.9272035821170423e-10,1.927200296453476e-10,1.9271970113735185e-10,1.9271937268797155e-10,1.9271904429708672e-10,1.9271871596495488e-10,1.9271838768911004e-10,1.9271805947395227e-10,1.927177313171875e-10,1.9271740321883106e-10,1.9271707517924105e-10,1.92716747197989e-10,1.927164192772854e-10,1.9271609141267372e-10,1.9271576360652018e-10,1.9271543585890357e-10,1.9271510816980932e-10,1.9271478053984404e-10,1.9271445296697068e-10,1.9271412545325708e-10,1.9271379799789274e-10,1.9271347060094558e-10,1.927131432621541e-10,1.9271281598201494e-10,1.9271248875997957e-10,1.9271216159632252e-10,1.9271183449087256e-10,1.927115074439621e-10,1.9271118045320673e-10,1.9271085352274069e-10,1.9271052664870273e-10,1.927101998349195e-10,1.9270987307879366e-10,1.927095463812881e-10,1.9270921974209797e-10,1.9270889316103322e-10,1.92708566638401e-10,1.927082401738177e-10,1.9270791376747084e-10,1.9270758741883172e-10,1.9270726112882246e-10,1.9270693489510602e-10,1.9270660872107496e-10,1.927062826035144e-10,1.9270595654599723e-10,1.927056305468299e-10,1.9270530460541585e-10,1.9270497872226731e-10,1.927046528951392e-10,1.9270432712819287e-10,1.927040014195111e-10,1.9270367576863786e-10,1.9270335017466598e-10,1.9270302463981886e-10,1.9270269916322143e-10,1.927023737444244e-10,1.9270204838368551e-10,1.9270172307891697e-10,1.9270139783218905e-10,1.927010726432085e-10,1.9270074751434198e-10,1.9270042244329128e-10,1.9270009743038395e-10,1.9269977247532987e-10,1.9269944757800193e-10,1.9269912273900335e-10,1.9269879795837083e-10,1.9269847323497198e-10,1.9269814856956597e-10,1.9269782396191927e-10,1.9269749941044625e-10,1.9269717491912047e-10,1.9269685048495073e-10,1.9269652610869431e-10,1.926962017882028e-10,1.9269587752750508e-10,1.9269555332334589e-10,1.9269522917820102e-10,1.9269490508954377e-10,1.9269458105996107e-10,1.926942570881812e-10,1.9269393317339362e-10,1.9269360931704995e-10,1.926932855183772e-10,1.926929617774948e-10,1.92692638094331e-10,1.9269231446812926e-10,1.926919908984575e-10,1.9269166738834728e-10,1.9269134393614236e-10,1.9269102054082255e-10,1.9269069720361688e-10,1.9269037392394912e-10,1.9269005070200342e-10,1.9268972753764484e-10,1.9268940443095309e-10,1.9268908138183217e-10,1.9268875839022636e-10,1.9268843545620114e-10,1.9268811257974874e-10,1.926877897597348e-10,1.9268746699841838e-10,1.9268714429455572e-10,1.9268682164823764e-10,1.926864990611904e-10,1.9268617653141843e-10,1.9268585405763813e-10,1.9268553164124566e-10,1.9268520928231442e-10,1.9268488698089315e-10,1.9268456473595763e-10,1.9268424254933047e-10,1.9268392042006898e-10,1.9268359834838076e-10,1.9268327633402334e-10,1.9268295437710204e-10,1.926826324775499e-10,1.9268231063546347e-10,1.9268198885036882e-10,1.9268166712455273e-10,1.9268134545444266e-10,1.926810238402838e-10,1.9268070228479475e-10,1.9268038078658113e-10,1.9268005934567696e-10,1.9267973796186572e-10,1.9267941663677061e-10,1.926790953653801e-10,1.9267877415396414e-10,1.9267845299908427e-10,1.9267813190173387e-10,1.9267781086011126e-10,1.9267748987714733e-10,1.9267716895137813e-10,1.9267684808277073e-10,1.9267652727144107e-10,1.9267620651728421e-10,1.9267588582020437e-10,1.9267556517934317e-10,1.9267524459558337e-10,1.9267492407003892e-10,1.9267460360152168e-10,1.92674283190118e-10,1.9267396283398853e-10,1.9267364253668485e-10,1.926733222967101e-10,1.926730021142362e-10,1.9267268198831184e-10,1.9267236191938716e-10,1.9267204190547336e-10,1.926717219506393e-10,1.9267140205282852e-10,1.926710822115981e-10,1.9267076242746903e-10,1.9267044270065677e-10,1.9267012303081087e-10,1.926698034179317e-10,1.9266948386199738e-10,1.9266916436172875e-10,1.9266884491967346e-10,1.926685255345446e-10,1.9266820620628838e-10,1.926678869341662e-10,1.926675677188582e-10,1.9266724856020123e-10,1.9266692945940127e-10,1.9266661041541787e-10,1.9266629142705115e-10,1.9266597249641266e-10,1.9266565362135785e-10,1.9266533480488843e-10,1.9266501604518522e-10,1.9266469734232846e-10,1.9266437869610437e-10,1.9266406010769062e-10,1.92663741575186e-10,1.926634230992863e-10,1.9266310468027997e-10,1.926627863180125e-10,1.9266246801246803e-10,1.9266214976363417e-10,1.9266183157136491e-10,1.9266151343582058e-10,1.9266119535709124e-10,1.9266087733503016e-10,1.9266055936882802e-10,1.9266024146009382e-10,1.926599236079644e-10,1.9265960581246223e-10,1.9265928807364351e-10,1.9265897039179177e-10,1.9265865276605497e-10,1.9265833519705524e-10,1.926580176847366e-10,1.9265770022884053e-10,1.9265738282963962e-10,1.9265706548700684e-10,1.9265674820077053e-10,1.9265643097119987e-10,1.9265611379814632e-10,1.9265579668139408e-10,1.9265547962131215e-10,1.9265516261746502e-10,1.9265484567037462e-10,1.9265452877979907e-10,1.9265421194545535e-10,1.926538951678515e-10,1.9265357844643875e-10,1.9265326178146965e-10,1.9265294517305364e-10,1.9265262862107113e-10,1.926523121255237e-10,1.9265199568639972e-10,1.9265167930360873e-10,1.9265136297956173e-10,1.9265104671013753e-10,1.9265073049641422e-10,1.9265041433894963e-10,1.9265009823781734e-10,1.9264978219322876e-10,1.9264946620493145e-10,1.9264915027235631e-10,1.9264883439658212e-10,1.9264851857709844e-10,1.9264820281372516e-10,1.92647887106892e-10,1.926475714561312e-10,1.9264725586162418e-10,1.9264694032401628e-10,1.926466248419065e-10,1.926463094160769e-10,1.9264599404681054e-10,1.926456787333445e-10,1.926453634765072e-10,1.9264504827584171e-10,1.9264473313102854e-10,1.9264441804205668e-10,1.9264410300922285e-10,1.9264378803273964e-10,1.9264347311222853e-10,1.9264315824776615e-10,1.9264284343958062e-10,1.9264252868783067e-10,1.926422139916236e-10,1.926418993516875e-10,1.9264158476865854e-10,1.9264127024096111e-10,1.9264095576947143e-10,1.926406413539651e-10,1.9264032699452128e-10,1.9264001269064822e-10,1.9263969844283806e-10,1.9263938425106108e-10,1.926390701151589e-10,1.9263875603521344e-10,1.9263844201152874e-10,1.92638128043416e-10,1.9263781413143583e-10,1.9263750027514684e-10,1.926371864748066e-10,1.9263687273125408e-10,1.9263655904391794e-10,1.9263624541133987e-10,1.926359318342433e-10,1.9263561831436243e-10,1.9263530484977926e-10,1.9263499143912419e-10,1.9263467808591143e-10,1.9263436478837118e-10,1.9263405154676466e-10,1.9263373836108358e-10,1.9263342523116094e-10,1.926331121570939e-10,1.92632799138691e-10,1.9263248617636185e-10,1.9263217326949445e-10,1.9263186041790945e-10,1.9263154762254678e-10,1.9263123488370247e-10,1.9263092219967449e-10,1.9263060957149794e-10,1.9263029699917705e-10,1.9262998448253615e-10,1.9262967202124459e-10,1.92629359615552e-10,1.9262904726566201e-10,1.9262873497151382e-10,1.9262842273274354e-10,1.926281105497437e-10,1.926277984234082e-10,1.9262748635160286e-10,1.9262717433536592e-10,1.9262686237454226e-10,1.9262655046915875e-10,1.9262623861937154e-10,1.9262592682552444e-10,1.9262561508776564e-10,1.926253034049294e-10,1.926249917776417e-10,1.926246802087147e-10,1.9262436869253137e-10,1.9262405723176126e-10,1.9262374582666503e-10,1.9262343447724925e-10,1.9262312318272756e-10,1.9262281194364677e-10,1.9262250076095302e-10,1.9262218963280252e-10,1.9262187856049351e-10,1.92621567543155e-10,1.9262125658101236e-10,1.926209456745609e-10,1.926206348234823e-10,1.9262032402800144e-10,1.9262001328767383e-10,1.9261970260279776e-10,1.9261939197202275e-10,1.9261908139772732e-10,1.9261877087862228e-10,1.9261846041520503e-10,1.9261815000682572e-10,1.9261783965370246e-10,1.9261752935580902e-10,1.926172191135985e-10,1.9261690892594593e-10,1.9261659879390918e-10,1.9261628871718478e-10,1.9261597869573447e-10,1.926156687291866e-10,1.9261535881840438e-10,1.9261504896154087e-10,1.9261473916088582e-10,1.9261442941534908e-10,1.9261411972331333e-10,1.9261381008810589e-10,1.9261350050819095e-10,1.926131909826225e-10,1.9261288151247403e-10,1.9261257209802502e-10,1.9261226273877863e-10,1.9261195343443074e-10,1.926116441870439e-10,1.9261133499291282e-10,1.92611025853862e-10,1.9261071676989067e-10,1.9261040774098591e-10,1.926100987671065e-10,1.926097898480911e-10,1.9260948098420555e-10,1.9260917217531641e-10,1.9260886342166924e-10,1.9260855472275744e-10,1.926082460787469e-10,1.9260793749015452e-10,1.9260762895626855e-10,1.9260732047727145e-10,1.9260701205320803e-10,1.9260670368404658e-10,1.9260639536993956e-10,1.926060871106599e-10,1.9260577890667616e-10,1.9260547075709321e-10,1.9260516266112675e-10,1.9260485462158938e-10,1.926045466371232e-10,1.9260423870691157e-10,1.92603930832278e-10,1.9260362301196795e-10,1.9260331524657788e-10,1.9260300753625597e-10,1.9260269988031523e-10,1.9260239227894466e-10,1.9260208473271902e-10,1.926017772412027e-10,1.9260146980401868e-10,1.9260116242070496e-10,1.9260085509353256e-10,1.9260054782092439e-10,1.9260024060335854e-10,1.925999334401721e-10,1.9259962633153747e-10,1.9259931927804315e-10,1.925990122793834e-10,1.9259870533507516e-10,1.9259839844547735e-10,1.925980916105299e-10,1.9259778483097884e-10,1.9259747810480866e-10,1.925971714342108e-10,1.9259686481785367e-10,1.925965582560563e-10,1.9259625174808615e-10,1.9259594529603547e-10,1.9259563889826855e-10,1.9259533255481375e-10,1.9259502626589092e-10,1.925947200310991e-10,1.925944138512689e-10,1.9259410772883445e-10,1.925938016586319e-10,1.9259349564270417e-10,1.9259318968064541e-10,1.9259288377579302e-10,1.925925779233736e-10,1.9259227212522917e-10,1.9259196638059328e-10,1.925916606914647e-10,1.9259135505650563e-10,1.925910494759746e-10,1.9259074395038505e-10,1.92590438478681e-10,1.9259013306142462e-10,1.9258982769827595e-10,1.9258952238996404e-10,1.9258921713598173e-10,1.9258891193625909e-10,1.925886067909749e-10,1.9258830169991794e-10,1.925879966631196e-10,1.9258769168131268e-10,1.9258738675334932e-10,1.9258708187888565e-10,1.9258677705939955e-10,1.9258647229419884e-10,1.9258616758327255e-10,1.925858629257313e-10,1.9258555832332977e-10,1.9258525377523245e-10,1.925849492815176e-10,1.9258464484183286e-10,1.9258434045560715e-10,1.9258403612411113e-10,1.925837318465979e-10,1.9258342762370345e-10,1.9258312345501504e-10,1.9258281934082333e-10,1.925825152804483e-10,1.9258221127420555e-10,1.9258190732141472e-10,1.9258160342338198e-10,1.9258129957948642e-10,1.9258099579115016e-10,1.9258069205550644e-10,1.9258038837408355e-10,1.92580084746365e-10,1.9257978117316265e-10,1.925794776543216e-10,1.9257917418797346e-10,1.925788707754667e-10,1.925785674183234e-10,1.9257826411559583e-10,1.925779608663919e-10,1.9257765767117847e-10,1.9257735452999825e-10,1.9257705144274706e-10,1.9257674841058896e-10,1.9257644543143438e-10,1.925761425060917e-10,1.9257583963524685e-10,1.925755368178521e-10,1.9257523405432826e-10,1.9257493134421464e-10,1.925746286885101e-10,1.9257432608668255e-10,1.9257402353871912e-10,1.925737210445244e-10,1.9257341860490155e-10,1.925731162194029e-10,1.9257281388689646e-10,1.9257251160822947e-10,1.9257220938340746e-10,1.9257190721247704e-10,1.9257160509441497e-10,1.9257130303097724e-10,1.9257100102136234e-10,1.9257069906562224e-10,1.9257039716342721e-10,1.9257009531514506e-10,1.9256979352082263e-10,1.92569491779949e-10,1.9256919009268727e-10,1.9256888845952276e-10,1.9256858687989186e-10,1.925682853543765e-10,1.9256798388244806e-10,1.9256768246350937e-10,1.9256738109853527e-10,1.9256707978763917e-10,1.92566778530035e-10,1.925664773260723e-10,1.9256617617657742e-10,1.9256587507986875e-10,1.9256557403677033e-10,1.9256527305024395e-10,1.9256497211433906e-10,1.925646712320273e-10,1.925643704040958e-10,1.9256406962859036e-10,1.9256376890698238e-10,1.9256346823875898e-10,1.9256316762417147e-10,1.9256286706317226e-10,1.9256256655596965e-10,1.925622661019746e-10,1.9256196570149395e-10,1.9256166535441616e-10,1.925613650609691e-10,1.925610648209109e-10,1.9256076463460504e-10,1.9256046450146125e-10,1.9256016442165157e-10,1.9255986439536724e-10,1.925595644225122e-10,1.9255926450312893e-10,1.925589646368605e-10,1.9255866482436648e-10,1.9255836506513997e-10,1.9255806535924784e-10,1.9255776570637445e-10,1.9255746610798135e-10,1.9255716656189894e-10,1.9255686706949983e-10,1.925565676305611e-10,1.925562682446662e-10,1.9255596891242383e-10,1.9255566963338652e-10,1.9255537040583082e-10,1.925550712329953e-10,1.925547721139882e-10,1.9255447304783724e-10,1.9255417403457358e-10,1.925538750748169e-10,1.925535761682166e-10,1.925532773149295e-10,1.9255297851492313e-10,1.9255267976856504e-10,1.9255238107506824e-10,1.9255208243449654e-10,1.925517838472599e-10,1.925514853142284e-10,1.9255118683320714e-10,1.9255088840542985e-10,1.9255059003069209e-10,1.925502917090458e-10,1.925499934405376e-10,1.9254969522508428e-10,1.9254939706262303e-10,1.9254909895327396e-10,1.9254880089646761e-10,1.9254850289351088e-10,1.9254820494356386e-10,1.925479070463022e-10,1.9254760920234904e-10,1.92547311411414e-10,1.9254701367301356e-10,1.9254671598810611e-10,1.925464183561862e-10,1.9254612077728136e-10,1.9254582325127648e-10,1.9254552577831357e-10,1.9254522835829314e-10,1.9254493099100795e-10,1.9254463367685493e-10,1.9254433641553946e-10,1.9254403920727078e-10,1.9254374205190095e-10,1.9254344494940894e-10,1.9254314790049888e-10,1.9254285090363332e-10,1.9254255396259784e-10,1.925422570716366e-10,1.9254196023353434e-10,1.925416634483944e-10,1.925413667159712e-10,1.9254107003639207e-10,1.9254077340955316e-10,1.9254047683605197e-10,1.9254018031446622e-10,1.9253988384591967e-10,1.9253958742891772e-10,1.9253929106583244e-10,1.92538994756164e-10,1.925386984989173e-10,1.9253840229431715e-10,1.9253810614244582e-10,1.9253781004301373e-10,1.9253751399642023e-10,1.9253721800268686e-10,1.9253692206162734e-10,1.9253662617323141e-10,1.9253633033748305e-10,1.9253603455429503e-10,1.9253573882391749e-10,1.9253544314615852e-10,1.9253514752088914e-10,1.925348519487634e-10,1.925345564289077e-10,1.9253426096206206e-10,1.9253396554746312e-10,1.92533670185397e-10,1.9253337487591386e-10,1.9253307961812757e-10,1.9253278441379135e-10,1.9253248926193753e-10,1.9253219416254362e-10,1.9253189911548284e-10,1.9253160412128807e-10,1.9253130917969848e-10,1.925310142918136e-10,1.9253071945527278e-10,1.9253042467102116e-10,1.9253012993926617e-10,1.925298352583148e-10,1.9252954063123016e-10,1.9252924605723648e-10,1.925289515351336e-10,1.9252865706560478e-10,1.9252836264847667e-10,1.9252806828391514e-10,1.9252777397160204e-10,1.9252747971175653e-10,1.9252718550467972e-10,1.9252689134949381e-10,1.9252659724668795e-10,1.9252630319593468e-10,1.9252600919781846e-10,1.9252571525202363e-10,1.925254213586237e-10,1.925251275176032e-10,1.9252483372874753e-10,1.925245399922124e-10,1.9252424630791814e-10,1.9252395267699727e-10,1.9252365909725684e-10,1.925233655700151e-10,1.925230720949256e-10,1.925227786719322e-10,1.925224853010309e-10,1.9252219198248044e-10,1.9252189871408977e-10,1.9252160549994004e-10,1.9252131233722893e-10,1.9252101922738246e-10,1.9252072616952753e-10,1.925204331650071e-10,1.9252014021169075e-10,1.9251984730911286e-10,1.9251955446056609e-10,1.9251926166340095e-10,1.9251896891976187e-10,1.9251867622712398e-10,1.9251838358654966e-10,1.925180909982309e-10,1.9251779846182076e-10,1.9251750597592586e-10,1.9251721354378247e-10,1.925169211640963e-10,1.9251662883586662e-10,1.9251633655985693e-10,1.9251604433573893e-10,1.9251575216362879e-10,1.9251546004359225e-10,1.9251516797550845e-10,1.9251487595933964e-10,1.92514583994944e-10,1.925142920830097e-10,1.925140002228264e-10,1.9251370841443732e-10,1.925134166582381e-10,1.9251312495399372e-10,1.925128333014928e-10,1.9251254170046898e-10,1.9251225015179176e-10,1.9251195865496758e-10,1.9251166721014257e-10,1.9251137581704343e-10,1.925110844758129e-10,1.925107931868128e-10,1.9251050194841043e-10,1.9251021076286302e-10,1.9250991962912431e-10,1.9250962854714847e-10,1.925093375168963e-10,1.925090465381654e-10,1.9250875561126086e-10,1.9250846473755958e-10,1.9250817391435347e-10,1.9250788314300476e-10,1.9250759242377664e-10,1.9250730175585216e-10,1.925070111397057e-10,1.925067205752851e-10,1.9250643006242033e-10,1.9250613960139395e-10,1.925058491920913e-10,1.9250555883632424e-10,1.9250526853039286e-10,1.925049782761047e-10,1.925046880733254e-10,1.925043979221994e-10,1.9250410782269883e-10,1.925038177747166e-10,1.9250352777893234e-10,1.9250323783402856e-10,1.925029479411148e-10,1.925026580998085e-10,1.9250236831008874e-10,1.9250207857227323e-10,1.9250178888544246e-10,1.9250149925021921e-10,1.9250120966669992e-10,1.9250092013434214e-10,1.9250063065374337e-10,1.925003412248959e-10,1.9250005184745092e-10,1.924997625198959e-10,1.9249947324515525e-10,1.9249918402249e-10,1.9249889485098946e-10,1.9249860573111095e-10,1.9249831666253684e-10,1.9249802764590084e-10,1.9249773868040024e-10,1.9249744976611357e-10,1.924971609037257e-10,1.9249687209208419e-10,1.924965833320202e-10,1.9249629462334509e-10,1.9249600596628307e-10,1.9249571736035426e-10,1.9249542880550334e-10,1.924951403022305e-10,1.9249485185029446e-10,1.9249456344943794e-10,1.924942751004381e-10
19,4.189278337330559e-68,1.7536506453849227e-67,4.993452497282951e-67,1.1507219785538987e-66,2.3180393719284445e-66,4.2426932317381375e-66,7.232071996576071e-66,1.1660212549561743e-65,1.7971726261852308e-65,2.6692483977118703e-65,3.8431108231791164e-65,5.3884476113885506e-65,7.384325066829542e-65,9.920010031273413e-65,1.3095099462750097e-64,1.7020129522331974e-64,2.1817855290644636e-64,2.7622352022374396e-64,3.4581605611278816e-64,4.285554323893034e-64,5.261971807625633e-64,6.406282778106679e-64,7.73882811031189e-64,9.281650000415161e-64,1.1058353032705272e-63,1.3094221853705424e-63,1.5416278882139763e-63,1.805334199947156e-63,2.1036082210297832e-63,2.439708126367304e-63,2.8170889229631227e-63,3.239408202731919e-63,3.710531890187829e-63,4.2345399849117214e-63,4.8157322987143263e-63,5.458634187569394e-63,6.168002278323185e-63,6.948830190245314e-63,7.806354251632705e-63,8.746059211409166e-63,9.773683945974787e-63,1.0895227161296346e-62,1.2116953090431396e-62,1.3445397186489748e-62,1.488737181123956e-62,1.6449971919289359e-62,1.8140580738011674e-62,1.9966875443275594e-62,2.1936832830945375e-62,2.4058734984344976e-62,2.634117493762333e-62,2.879306233498902e-62,3.1423629086104366e-62,3.424243501733662e-62,3.725937351920442e-62,4.048467718969331e-62,4.392892347391993e-62,4.760304029958134e-62,5.151831170878667e-62,5.568638348589179e-62,6.011926878142585e-62,6.482935373226543e-62,6.982940307782552e-62,7.513256577253279e-62,8.075238059447186e-62,8.670278174988714e-62,9.299810447439351e-62,9.96530906300012e-62,1.0668289429825868e-61,1.141030873697839e-61,1.2192966513002141e-61,1.3017905184090995e-61,1.3886810631919106e-61,1.4801412751023751e-61,1.5763486005883855e-61,1.6774849987572025e-61,1.7837369970040327e-61,1.8952957466030307e-61,2.0123570782590665e-61,2.13512155762412e-61,2.2637945407728313e-61,2.3985862296444722e-61,2.5397117274386954e-61,2.6873910939886376e-61,2.8418494010763543e-61,3.003316787731592e-61,3.172028515474575e-61,3.348225023532215e-61,3.53215198401603e-61,3.724060357053547e-61,3.9242064458997376e-61,4.132851951987388e-61,4.35026402996087e-61,4.576715342661885e-61,4.8124841160806125e-61,5.057854194269553e-61,5.313115094211584e-61,5.5785620606711914e-61,5.8544961209808485e-61,6.141224139823554e-61,6.439058873937147e-61,6.748319026824675e-61,7.069329303389445e-61,7.402420464562236e-61,7.74792938186411e-61,8.106199091968762e-61,8.477578851185777e-61,8.862424189929379e-61,9.261096967159996e-61,9.673965424760045e-61,1.0101404241906313e-60,1.0543794589372931e-60,1.1001524183817053e-60,1.1474987342022328e-60,1.1964585035114078e-60,1.2470724942720697e-60,1.2993821507103388e-60,1.353429598726051e-60,1.409257651298663e-60,1.4669098138891487e-60,1.5264302898390557e-60,1.5878639857652163e-60,1.6512565169502922e-60,1.7166542127319638e-60,1.7841041218849388e-60,1.8536540180025033e-60,1.9253524048732036e-60,1.9992485218520383e-60,2.0753923492334312e-60,2.153834613611001e-60,2.2346267932459997e-60,2.3178211234210859e-60,2.403470601796236e-60,2.491628993760672e-60,2.582350837779653e-60,2.675691450737865e-60,2.771706933278498e-60,2.870454175142961e-60,2.9719908605001894e-60,3.076375473278647e-60,3.1836673024884767e-60,3.293926447548114e-60,3.407213823597768e-60,3.523591166818703e-60,3.643121039740675e-60,3.7658668365503437e-60,3.891892788396021e-60,4.021263968687957e-60,4.154046298393329e-60,4.2903065513306476e-60,4.43011235946066e-60,4.5735322181667486e-60,4.7206354915449704e-60,4.87149241767624e-60,5.026174113903605e-60,5.184752582104229e-60,5.347300713956919e-60,5.51389229620644e-60,5.684602015923506e-60,5.859505465762461e-60,6.038679149215541e-60,6.22220048586139e-60,6.410147816612194e-60,6.602600408957417e-60,6.799638462200124e-60,7.001343112695828e-60,7.207796439081921e-60,7.419081467511355e-60,7.635282176871134e-60,7.856483504006736e-60,8.082771348938638e-60,8.314232580080239e-60,8.550955039446197e-60,8.793027547858934e-60,9.040539910152239e-60,9.293582920371952e-60,9.552248366975003e-60,9.816629038022371e-60,1.008681872636131e-59,1.0362912234818843e-59,1.064500538138303e-59,1.0933195004380406e-59,1.1227578967654944e-59,1.1528256165731798e-59,1.1835326528990065e-59,1.2148891028835735e-59,1.246905168285401e-59,1.2795911559967609e-59,1.3129574785585563e-59,1.3470146546773859e-59,1.3817733097379776e-59,1.4172441763190373e-59,1.4534380947069673e-59,1.4903660134081493e-59,1.5280389896658342e-59,1.5664681899689055e-59,1.6056648905670768e-59,1.645640477982109e-59,1.6864064495212754e-59,1.7279744137868169e-59,1.770356091188505e-59,1.8135633144541755e-59,1.8576080291404499e-59,1.902502294142821e-59,1.9482582822058142e-59,1.9948882804317836e-59,2.0424046907894325e-59,2.090820030625415e-59,2.1401469331711042e-59,2.190398148049172e-59,2.2415865417835235e-59,2.2937250983060323e-59,2.3468269194635173e-59,2.4009052255248524e-59,2.455973355686886e-59,2.5120447685807287e-59,2.5691330427773496e-59,2.627251877293194e-59,2.6864150920951526e-59,2.7466366286045135e-59,2.807930550202194e-59,2.870311042732275e-59,2.933792415006498e-59,2.998389099305531e-59,3.064115651883617e-59,3.1309867534717224e-59,3.1990172097780384e-59,3.268221951990836e-59,3.3386160372798636e-59,3.410214649298117e-59,3.483033098682001e-59,3.557086823552962e-59,3.6323913900159537e-59,3.708962492660072e-59,3.7868159550602085e-59,3.8659677302727173e-59,3.9464339013371647e-59,4.028230681771888e-59,4.111374416076337e-59,4.195881580224809e-59,4.281768782166413e-59,4.369052762321123e-59,4.457750394077528e-59,4.547878684289153e-59,4.639454773769124e-59,4.732495937787774e-59,4.827019586567484e-59,4.92304326577791e-59,5.020584657030643e-59,5.1196615783744615e-59,5.220291984786817e-59,5.322493968671484e-59,5.426285760350224e-59,5.531685728554388e-59,5.638712380920106e-59,5.747384364479355e-59,5.857720466152631e-59,5.969739613240744e-59,6.083460873916737e-59,6.198903457715163e-59,6.316086716023836e-59,6.435030142576813e-59,6.5557533739402225e-59,6.678276190005396e-59,6.802618514474862e-59,6.928800415355673e-59,7.056842105446394e-59,7.186763942823651e-59,7.318586431332677e-59,7.4523302210740365e-59,7.588016108891676e-59,7.7256650388603855e-59,7.86529810277043e-59,8.006936540616374e-59,8.150601741082018e-59,8.296315242027098e-59,8.444098730971412e-59,8.593974045582489e-59,8.745963174156339e-59,8.900088256104428e-59,9.056371582440309e-59,9.214835596257907e-59,9.375502893219076e-59,9.53839622203563e-59,9.703538484951835e-59,9.870952738228352e-59,1.0040662192620285e-58,1.0212690213866048e-58,1.038706032316195e-58,1.056379619764696e-58,1.0742921670884408e-58,1.0924460733337712e-58,1.1108437532857856e-58,1.1294876375156554e-58,1.1483801724289669e-58,1.1675238203135121e-58,1.1869210593872178e-58,1.2065743838459944e-58,1.2264863039116591e-58,1.2466593458794435e-58,1.267096052165908e-58,1.2877989813570534e-58,1.3087707082552854e-58,1.3300138239277506e-58,1.3515309357533027e-58,1.373324667470926e-58,1.3953976592265635e-58,1.417752567620966e-58,1.4403920657572259e-58,1.4633188432881334e-58,1.4865356064637231e-58,1.5100450781786002e-58,1.5338499980194485e-58,1.5579531223119246e-58,1.5823572241686191e-58,1.607065093536034e-58,1.6320795372415902e-58,1.6574033790412494e-58,1.6830394596661432e-58,1.708990636870604e-58,1.7352597854783802e-58,1.7618497974301604e-58,1.7887635818306082e-58,1.8160040649953325e-58,1.8435741904976613e-58,1.871476919216281e-58,1.8997152293812954e-58,1.9282921166218253e-58,1.9572105940121658e-58,1.986473692119035e-58,2.0160844590488027e-58,2.0460459604933327e-58,2.076361279777465e-58,2.1070335179050226e-58,2.1380657936062314e-58,2.1694612433842217e-58,2.2012230215607243e-58,2.2333543003239842e-58,2.265858269774254e-58,2.2987381379707584e-58,2.331997130978537e-58,2.3656384929139496e-58,2.3996654859917568e-58,2.4340813905717527e-58,2.4688895052041252e-58,2.50409314667729e-58,2.5396956500619708e-58,2.5757003687597545e-58,2.6121106745482016e-58,2.648929957626921e-58,2.686161626664215e-58,2.7238091088428553e-58,2.761875849905635e-58,2.800365314203736e-58,2.8392809847395584e-58,2.878626363215214e-58,2.9184049700770037e-58,2.958620344562648e-58,2.999276044745753e-58,3.0403756475828335e-58,3.0819227489590953e-58,3.1239209637336554e-58,3.166373925785283e-58,3.2092852880591135e-58,3.252658722611419e-58,3.296497920655336e-58,3.3408065926074946e-58,3.385588468132288e-58,3.430847296189287e-58,3.4765868450758724e-58,3.5228109024759764e-58,3.5695232755047484e-58,3.616727790751891e-58,3.664428294329856e-58,3.712628651917933e-58,3.761332748807127e-58,3.81054448994721e-58,3.860267799990317e-58,3.910506623337192e-58,3.9612649241827204e-58,4.012546686559861e-58,4.0643559143868954e-58,4.1166966315097556e-58,4.169572881749459e-58,4.222988728947129e-58,4.276948257007883e-58,4.3314555699461924e-58,4.38651479193194e-58,4.4421300673338516e-58,4.498305560766427e-58,4.5550454571320895e-58,4.612353961668477e-58,4.670235299992978e-58,4.7286937181461714e-58,4.787733482638446e-58,4.847358880493485e-58,4.907574219292834e-58,4.9683838272218374e-58,5.029792053113829e-58,5.091803266494372e-58,5.154421857626227e-58,5.2176522375525975e-58,5.2814988381455056e-58,5.345966112145429e-58,5.4110585332093544e-58,5.4767805959537274e-58,5.543136815998066e-58,5.6101317300130476e-58,5.6777698957593156e-58,5.746055892137308e-58,5.8149943192281756e-58,5.884589798338386e-58,5.954846972046254e-58,6.025770504241909e-58,6.0973650801766205e-58,6.169635406503509e-58,6.242586211322507e-58,6.3162222442242094e-58,6.390548276335249e-58,6.465569100360443e-58,6.541289530628754e-58,6.617714403135398e-58,6.694848575587669e-58,6.772696927446886e-58,6.851264359973863e-58,6.930555796273382e-58,7.010576181334587e-58,7.091330482078885e-58,7.172823687401316e-58,7.255060808214383e-58,7.338046877492809e-58,7.421786950317488e-58,7.506286103916977e-58,7.591549437714018e-58,7.677582073366787e-58,7.764389154813e-58,7.851975848314784e-58,7.940347342500129e-58,8.02950884840932e-58,8.119465599533969e-58,8.210222851864265e-58,8.301785883931677e-58,8.394159996850631e-58,8.487350514363886e-58,8.58136278288408e-58,8.676202171538786e-58,8.771874072212293e-58,8.868383899588671e-58,8.96573709119693e-58,9.063939107452276e-58,9.162995431699137e-58,9.262911570256281e-58,9.363693052457242e-58,9.465345430696071e-58,9.567874280468286e-58,9.671285200413985e-58,9.775583812362427e-58,9.880775761372939e-58,9.986866715779255e-58,1.0093862367232315e-57,1.0201768430741722e-57,1.0310590644720783e-57,1.042033477102717e-57,1.0531006595005977e-57,1.0642611925534351e-57,1.075515659506141e-57,1.0868646459654464e-57,1.0983087399036035e-57,1.1098485316633132e-57,1.1214846139615668e-57,1.1332175818939776e-57,1.1450480329390386e-57,1.1569765669622633e-57,1.169003786220821e-57,1.1811302953673915e-57,1.1933567014544288e-57,1.2056836139385987e-57,1.2181116446850246e-57,1.2306414079710729e-57,1.2432735204913441e-57,1.2560086013610783e-57,1.2688472721209394e-57,1.281790156741153e-57,1.2948378816254478e-57,1.3079910756157222e-57,1.3212503699956792e-57,1.334616398495484e-57,1.3480897972959422e-57,1.3616712050324116e-57,1.375361262799443e-57,1.389160614154398e-57,1.403069905122193e-57,1.4170897841991176e-57,1.43122090235725e-57,1.4454639130486415e-57,1.459819472209344e-57,1.4742882382635748e-57,1.4888708721281698e-57,1.5035680372164793e-57,1.5183803994424678e-57,1.533308627225483e-57,1.5483533914935622e-57,1.5635153656882745e-57,1.5787952257684625e-57,1.5941936502146493e-57,1.6097113200332943e-57,1.6253489187604224e-57,1.641107132466263e-57,1.6569866497593563e-57,1.6729881617904923e-57,1.6891123622569485e-57,1.705359947406451e-57,1.7217316160418297e-57,1.7382280695246507e-57,1.7548500117793858e-57,1.7715981492978536e-57,1.7884731911429457e-57,1.805475848953165e-57,1.8226068369463903e-57,1.839866871924067e-57,1.857256673275543e-57,1.8747769629819426e-57,1.892428465620236e-57,1.910211908367654e-57,1.928128021005494e-57,1.9461775359231122e-57,1.964361188122623e-57,1.982679715222396e-57,2.0011338574613367e-57,2.019724357702898e-57,2.038451961439409e-57,2.057317416795928e-57,2.076321474534284e-57,2.0954648880574552e-57,2.11474841341323e-57,2.1341728092987112e-57,2.1537388370640723e-57,2.1734472607165915e-57,2.1932988469249716e-57,2.2132943650233495e-57,2.2334345870151776e-57,2.253720287577281e-57,2.2741522440640955e-57,2.294731236511615e-57,2.3154580476416974e-57,2.3363334628653794e-57,2.3573582702877428e-57,2.3785332607113982e-57,2.3998592276408982e-57,2.4213369672865632e-57,2.4429672785684755e-57,2.4647509631205084e-57,2.486688825294511e-57,2.5087816721643525e-57,2.5310303135296373e-57,2.5534355619200994e-57,2.575998232599293e-57,2.598719143568677e-57,2.621599115571748e-57,2.6446389720982837e-57,2.6678395393875e-57,2.691201646432968e-57,2.714726124986146e-57,2.738413809560329e-57,2.762265537434885e-57,2.7862821486592665e-57,2.810464486056608e-57,2.834813395228247e-57,2.8593297245572645e-57,2.8840143252126464e-57,2.908868051153112e-57,2.9338917591313045e-57,2.959086308697836e-57,2.984452562204798e-57,3.009991384810175e-57,3.0357036444817585e-57,3.0615902120008476e-57,3.087651960966509e-57,3.1138897677989616e-57,3.140304511744243e-57,3.1668970748779505e-57,3.193668342108806e-57,3.2206192011831996e-57,3.2477505426885175e-57,3.275063260057511e-57,3.3025582495723945e-57,3.330236410367931e-57,3.3580986444361715e-57,3.386145856630266e-57,3.414378954667969e-57,3.4427988491362653e-57,3.471406453494296e-57,3.500202684078119e-57,3.529188460104503e-57,3.558364703674374e-57,3.587732339777329e-57,3.617292296295094e-57,3.64704550400544e-57,3.676992896586505e-57,3.707135410620132e-57,3.737473985596302e-57,3.7680095639166534e-57,3.798743090898311e-57,3.8296755147782375e-57,3.860807786716563e-57,3.892140860800997e-57,3.923675694050142e-57,3.955413246418004e-57,3.9873544807971805e-57,4.0195003630234535e-57,4.051851861879059e-57,4.084409949096848e-57,4.117175599363899e-57,4.1501497903259104e-57,4.183333502590367e-57,4.216727719731063e-57,4.2503334282913335e-57,4.2841516177883693e-57,4.3181832807171837e-57,4.3524294125536007e-57,4.3868910117589497e-57,4.4215690797839636e-57,4.4564646210714997e-57,4.4915786430619224e-57,4.5269121561959137e-57,4.562466173918323e-57,4.5982417126825917e-57,4.634239791953903e-57,4.6704614342134866e-57,4.706907664962589e-57,4.743579512725305e-57,4.78047800905359e-57,4.817604188530144e-57,4.8549590887728616e-57,4.892543750438685e-57,4.930359217226449e-57,4.9684065358818663e-57,5.00668675620046e-57,5.04520093103191e-57,5.083950116283791e-57,5.122935370925061e-57,5.162157756989829e-57,5.201618339581658e-57,5.241318186876708e-57,5.281258370128123e-57,5.321439963669352e-57,5.361864044918106e-57,5.402531694379662e-57,5.443443995651866e-57,5.484602035427761e-57,5.526006903499458e-57,5.567659692762537e-57,5.609561499219244e-57,5.651713421982455e-57,5.69411656327892e-57,5.7367720284543e-57,5.779680925975937e-57,5.822844367435967e-57,5.866263467556869e-57,5.909939344193782e-57,5.953873118338337e-57,5.998065914123445e-57,6.042518858826141e-57,6.087233082871133e-57,6.132209719834861e-57,6.177449906449465e-57,6.222954782606505e-57,6.268725491359815e-57,6.314763178930742e-57,6.361068994710775e-57,6.407644091264722e-57,6.454489624336158e-57,6.501606752849827e-57,6.548996638915398e-57,6.596660447831947e-57,6.644599348090887e-57,6.692814511380047e-57,6.741307112586813e-57,6.79007832980329e-57,6.839129344328213e-57,6.888461340671182e-57,6.938075506557633e-57,6.987973032930398e-57,7.03815511395488e-57,7.088622947022537e-57,7.139377732754154e-57,7.190420675003206e-57,7.241752980860894e-57,7.293375860658782e-57,7.345290527972133e-57,7.397498199623856e-57,7.450000095689265e-57,7.502797439498434e-57,7.555891457639972e-57,7.6092833799655e-57,7.662974439592506e-57,7.716965872907857e-57,7.771258919572687e-57,7.825854822524855e-57,7.880754827982642e-57,7.935960185448973e-57,7.991472147715228e-57,8.047291970863936e-57,8.10342091427199e-57,8.159860240617028e-57,8.216611215878282e-57,8.273675109340227e-57,8.331053193598474e-57,8.388746744562078e-57,8.446757041456132e-57,8.505085366826816e-57,8.563733006545078e-57,8.622701249809206e-57,8.681991389148016e-57,8.741604720426773e-57,8.801542542849444e-57,8.861806158961303e-57,8.922396874654459e-57,8.983315999169506e-57,9.044564845100098e-57,9.106144728397993e-57,9.168056968374236e-57,9.230302887702639e-57,9.292883812426465e-57,9.355801071958429e-57,9.419055999086836e-57,9.482649929977114e-57,9.546584204176902e-57,9.610860164619719e-57,9.675479157626251e-57,9.740442532911756e-57,9.805751643586452e-57,9.871407846159067e-57,9.937412500543431e-57,1.0003766970058598e-56,1.0070472621434249e-56,1.0137530824814447e-56,1.0204942953760014e-56,1.0272710385252123e-56,1.0340834499696366e-56,1.0409316680927813e-56,1.0478158316211523e-56,1.0547360796248076e-56,1.061692551517719e-56,1.0686853870579545e-56,1.0757147263482058e-56,1.082780709836133e-56,1.0898834783145542e-56,1.0970231729219635e-56,1.1041999351428285e-56,1.1114139068079987e-56,1.1186652300949414e-56,1.1259540475280368e-56,1.1332805019792793e-56,1.140644736668218e-56,1.1480468951625381e-56,1.155487121378411e-56,1.1629655595806809e-56,1.1704823543833752e-56,1.1780376507500024e-56,1.1856315939939674e-56,1.193264329778787e-56,1.200936004118392e-56,1.2086467633777701e-56,1.216396754273132e-56,1.2241861238721408e-56,1.232015019594512e-56,1.2398835892121022e-56,1.2477919808494487e-56,1.255740342984107e-56,1.2637288244468394e-56,1.2717575744221157e-56,1.2798267424484138e-56,1.287936478418569e-56,1.29608693258016e-56,1.3042782555357087e-56,1.3125105982432412e-56,1.3207841120163914e-56,1.3290989485248741e-56,1.337455259795085e-56,1.3458531982098746e-56,1.354292916509275e-56,1.3627745677909567e-56,1.3712983055102146e-56,1.3798642834805508e-56,1.3884726558740132e-56,1.3971235772213705e-56,1.4058172024126894e-56,1.4145536866974306e-56,1.4233331856850459e-56,1.4321558553450631e-56,1.441021852007626e-56,1.4499313323637558e-56,1.4588844534657881e-56,1.4678813727274205e-56,1.4769222479245373e-56,1.4860072371950717e-56,1.4951364990396923e-56,1.5043101923218827e-56,1.5135284762685108e-56,1.522791510469876e-56,1.5320994548804298e-56,1.5414524698189262e-56,1.5508507159686274e-56,1.5602943543778973e-56,1.56978354646028e-56,1.5793184539950315e-56,1.5888992391274172e-56,1.5985260643690198e-56,1.608199092598168e-56,1.6179184870600474e-56,1.627684411367266e-56,1.6374970295001868e-56,1.6473565058070327e-56,1.6572630050044662e-56,1.6672166921778417e-56,1.6772177327816085e-56,1.6872662926394378e-56,1.6973625379448466e-56,1.7075066352612468e-56,1.7176987515224144e-56,1.7279390540331274e-56,1.7382277104688463e-56,1.748564888876548e-56,1.7589507576749264e-56,1.7693854856547847e-56,1.7798692419791775e-56,1.790402196183931e-56,1.800984518177931e-56,1.8116163782435115e-56,1.8222979470365015e-56,1.8330293955871507e-56,1.8438108952997125e-56,1.8546426179532388e-56,1.865524735702047e-56,1.8764574210756748e-56,1.8874408469793085e-56,1.8984751866942391e-56,1.909560613878216e-56,1.9206973025655396e-56,1.9318854271676138e-56,1.9431251624732237e-56,1.9544166836489152e-56,1.9657601662390294e-56,1.9771557861665105e-56,1.9886037197329813e-56,2.0001041436190033e-56,2.011657234884407e-56,2.0232631709687808e-56,2.034922129691719e-56,2.0466342892532204e-56,2.0583998282337995e-56,2.0702189255951147e-56,2.0820917606798966e-56,2.0940185132127746e-56,2.105999363300343e-56,2.1180344914313507e-56,2.130124078477322e-56,2.1422683056925864e-56,2.154467354714912e-56,2.1667214075654365e-56,2.1790306466494736e-56,2.1913952547566126e-56,2.203815415060852e-56,2.2162913111212718e-56,2.228823126882037e-56,2.2414110466729437e-56,2.2540552552097806e-56,2.266755937594363e-56,2.2795132793151384e-56,2.29232746624751e-56,2.3051986846538885e-56,2.3181271211842886e-56,2.3311129628765545e-56,2.344156397156689e-56,2.3572576118392687e-56,2.370416795127498e-56,2.3836341356138073e-56,2.3969098222801485e-56,2.4102440444980833e-56,2.4236369920293496e-56,2.437088855026111e-56,2.450599824031349e-56,2.4641700899789397e-56,2.477799844194219e-56,2.4914892783943264e-56,2.5052385846882285e-56,2.519047955577346e-56,2.53291758395585e-56,2.54684766311063e-56,2.5608383867222257e-56,2.574889948864635e-56,2.58900254400571e-56,2.60317636700766e-56,2.6174116131273527e-56,2.631708478016395e-56,2.6460671577216023e-56,2.660487848685611e-56,2.6749707477466407e-56,2.6895160521391787e-56,2.7041239594942954e-56,2.7187946678396903e-56,2.7335283756003758e-56,2.7483252815986234e-56,2.7631855850546664e-56,2.7781094855865225e-56,2.7930971832109802e-56,2.8081488783432774e-56,2.823264771797857e-56,2.8384450647883134e-56,2.853689958928002e-56,2.8689996562302583e-56,2.8843743591087004e-56,2.8998142703775727e-56,2.9153195932521146e-56,2.9308905313486197e-56,2.946527288685132e-56,2.9622300696813483e-56,2.9779990791591665e-56,2.9938345223433485e-56,3.0097366048609854e-56,3.025705532742584e-56,3.0417415124217765e-56,3.0578447507363388e-56,3.074015454927824e-56,3.0902538326422437e-56,3.1065600919302923e-56,3.1229344412477606e-56,3.139377089455452e-56,3.155888245820192e-56,3.172468120014528e-56,3.18911692211714e-56,3.2058348626133896e-56,3.222622152395584e-56,3.239479002763002e-56,3.2564056043722037e-56,3.2734021861021763e-56,3.2904689613801273e-56,3.3076061431394463e-56,3.3248139447225733e-56,3.342092579880767e-56,3.3594422627745327e-56,3.3768632079741237e-56,3.3943556304597376e-56,3.4119197456219855e-56,3.429555769261692e-56,3.4472639175910205e-56,3.4650444072329994e-56,3.482897455222373e-56,3.5008232790054683e-56,3.5188220964408424e-56,3.536894125799486e-56,3.5550395857652065e-56,3.5732586954346334e-56,3.591551674317865e-56,3.6099187423387367e-56,3.6283601198348367e-56,3.646876027558221e-56,3.6654666866753016e-56,3.684132318767464e-56,3.702873145831369e-56,3.7216893902789604e-56,3.7405812749380698e-56,3.759549023052622e-56,3.7785928582829343e-56,3.797713004706026e-56,3.8169096868160214e-56,3.836183129524147e-56,3.8555335581594557e-56,3.8749611984686904e-56,3.8944662766169184e-56,3.9140490191877393e-56,3.9337096531836834e-56,3.9534484060261696e-56,3.973265505556054e-56,3.993161180034275e-56,4.013135658141566e-56,4.0331891689787656e-56,4.0533219184111053e-56,4.073534153730813e-56,4.093826106319494e-56,4.11419800696596e-56,4.1346500868813245e-56,4.155182577698497e-56,4.175795711472923e-56,4.196489720682799e-56,4.217264838229482e-56,4.238121297437433e-56,4.259059332054848e-56,4.280079176253998e-56,4.301181064631149e-56,4.322365232207216e-56,4.343631914427945e-56,4.364981347164339e-56,4.386413766712595e-56,4.4079294097947525e-56,4.429528513558996e-56,4.451211315579469e-56,4.472978053857433e-56,4.49482896682082e-56,3.439930963836411e-36,1.8363045301493005e-35,5.514508415975048e-35,1.2519019008144638e-34,2.4021488619408954e-34,4.1187651002896105e-34,6.5160120020034445e-34,9.70524356879377e-34,1.379491739286983e-33,1.8890908024631585e-33,2.5096948553829082e-33,3.251510415097503e-33,4.124622748879254e-33,5.139037278332044e-33,6.304716030709162e-33,7.631609133988238e-33,9.129681752188312e-33,1.0808937021865165e-32,1.2679435585583357e-32,1.4751312286346846e-32,1.7034790525036815e-32,1.9540194711290413e-32,2.2277961167897173e-32,2.5258647784947744e-32,2.8492942664634507e-32,3.1991671951130744e-32,3.576580700170632e-32,3.982647102415236e-32,4.4184945280774317e-32,4.885267493889223e-32,5.384127463416347e-32,5.916253379552508e-32,6.482842177775341e-32,7.085109283423594e-32,7.724289095890446e-32,8.401635462195023e-32,9.118422141356425e-32,9.875943263201025e-32,1.0675513780012199e-31,1.1518469914696471e-31,1.240616960538783e-31,1.3339992948063032e-31,1.4321342637638406e-31,1.5351644408476497e-31,1.643234747495279e-31,1.7564924972716177e-31,1.8750874401213536e-31,1.9991718067982663e-31,2.128900353533187e-31,2.2644304069595624e-31,2.4059219093692963e-31,2.553537464317261e-31,2.707442382621454e-31,2.867804728792151e-31,3.0347953679238806e-31,3.2085880130820834e-31,3.3893592732151653e-31,3.577288701621338e-31,3.7725588449984365e-31,3.97535529310387e-31,4.185866729051186e-31,4.404284980268784e-31,4.630805070145572e-31,4.865625270387745e-31,5.108947154111288e-31,5.360975649691717e-31,5.621919095395718e-31,5.891989294816401e-31,6.1714015731347225e-31,6.460374834228963e-31,6.759131618635508e-31,7.06789816246353e-31,7.386904457153745e-31,7.716384310197955e-31,8.056575406822172e-31,8.407719372630756e-31,8.77006183727118e-31,9.143852499103938e-31,9.529345190927241e-31,9.926797946763225e-31,1.0336473069731869e-30,1.0758637201034595e-30,1.1193561390071395e-30,1.1641521165713266e-30,1.2102796608752777e-30,1.2577672425556727e-30,1.3066438022944248e-30,1.3569387584313865e-30,1.4086820147044626e-30,1.4619039681194413e-30,1.5166355169522694e-30,1.572908068882351e-30,1.630753549275437e-30,1.6902044095931304e-30,1.751293635950015e-30,1.8140547578162853e-30,1.8785218568684355e-30,1.944729575991482e-30,2.012713128432851e-30,2.0825083071155677e-30,2.1541514941095634e-30,2.227679670266008e-30,2.303130425017218e-30,2.3805419663453706e-30,2.4599531309231778e-30,2.5414033944297092e-30,2.6249328820445938e-30,2.710582379124617e-30,2.7983933420647532e-30,2.888407909348347e-30,2.980668912786191e-30,3.0752198889653455e-30,3.17210509087744e-30,3.271369499764687e-30,3.373058837167382e-30,3.477219577183953e-30,3.583898958946413e-30,3.693144999314833e-30,3.8050065057956416e-30,3.9195330896869854e-30,4.0367751794569206e-30,4.156784034357667e-30,4.279611758280857e-30,4.405311313858588e-30,4.533936536814693e-30,4.665542150571165e-30,4.80018378111456e-30,4.937917972127572e-30,5.078802200390659e-30,5.222894891459162e-30,5.370255435619897e-30,5.520944204137312e-30,5.675022565786272e-30,5.832552903687823e-30,5.993598632443804e-30,6.1582242155817694e-30,6.32649518331496e-30,6.49847815062365e-30,6.67424083566383e-30,6.85385207851028e-30,7.03738186023953e-30,7.22490132236e-30,7.416482786597198e-30,7.612199775038445e-30,7.812127030646662e-30,8.016340538149382e-30,8.224917545310503e-30,8.43793658459302e-30,8.655477495219362e-30,8.877621445638342e-30,9.104450956406258e-30,9.336049923490663e-30,9.572503642004399e-30,9.813898830380869e-30,1.0060323654996884e-29,1.031186775525319e-29,1.0568622269121702e-29,1.0830679859169273e-29,1.1098134739067154e-29,1.1371082700596087e-29,1.1649621141157231e-29,1.1933849091799271e-29,1.222386724577201e-29,1.2519777987616998e-29,1.28216854228077e-29,1.3129695407947213e-29,1.344391558153883e-29,1.376445539533839e-29,1.409142614629794e-29,1.4424941009129094e-29,1.4765115069471766e-29,1.5112065357700452e-29,1.5465910883376613e-29,1.5826772670358326e-29,1.6194773792587306e-29,1.657003941055621e-29,1.6952696808480977e-29,1.7342875432187697e-29,1.7740706927730582e-29,1.814632518075535e-29,1.8559866356624994e-29,1.898146894132311e-29,1.9411273783151646e-29,1.9849424135239362e-29,2.02960656988789e-29,2.0751346667709342e-29,2.121541777276246e-29,2.1688432328392057e-29,2.2170546279103333e-29,2.266191824730288e-29,2.3162709581989336e-29,2.367308440839908e-29,2.4193209678648393e-29,2.4723255223360222e-29,2.52633938043217e-29,2.5813801168187356e-29,2.637465610125076e-29,2.694614048530805e-29,2.752843935463658e-29,2.8121740954113876e-29,2.8726236798501073e-29,2.9342121732916716e-29,2.996959399452652e-29,3.0608855275477137e-29,3.126011078709923e-29,3.192356932540969e-29,3.259944333794045e-29,3.3287948991925606e-29,3.3989306243872676e-29,3.470373891055299e-29,3.543147474143985e-29,3.6172745492632115e-29,3.692778700228656e-29,3.769683926760236e-29,3.8480146523388155e-29,3.9277957322248244e-29,4.009052461642618e-29,4.091810584133789e-29,4.1760963000830953e-29,4.261936275422551e-29,4.3493576505161987e-29,4.438388049230189e-29,4.5290555881918686e-29,4.621388886243404e-29,4.715417074090166e-29,4.8111698041596003e-29,4.9086772606591706e-29,5.0079701698509943e-29,5.109079810542596e-29,5.212038024799888e-29,5.316877228887245e-29,5.423630424440413e-29,5.532331209877238e-29,5.643013792052156e-29,5.755712998159746e-29,5.870464287893514e-29,5.987303765865806e-29,6.106268194294887e-29,6.227395005965761e-29,6.35072231747092e-29,6.476288942737833e-29,6.604134406849949e-29,6.734298960168166e-29,6.866823592760086e-29,7.001750049144077e-29,7.139120843355059e-29,7.278979274344224e-29,7.421369441712923e-29,7.56633626179442e-29,7.713925484091015e-29,7.864183708073747e-29,8.01715840035513e-29,8.172897912244272e-29,8.331451497688685e-29,8.492869331619621e-29,8.657202528707674e-29,8.824503162537358e-29,8.994824285212129e-29,9.168219947400962e-29,9.344745218836055e-29,9.524456209274784e-29,9.707410089935615e-29,9.893665115420783e-29,1.0083280646137661e-28,1.0276317171231302e-28,1.047283633204097e-28,1.0672900946093777e-28,1.0876575031649144e-28,1.1083923832807702e-28,1.1295013845199387e-28,1.150991284226493e-28,1.1728689902146188e-28,1.1951415435200609e-28,1.2178161212156153e-28,1.2409000392922603e-28,1.2644007556076589e-28,1.2883258729037183e-28,1.3126831418950669e-28,1.3374804644301605e-28,1.3627258967270465e-28,1.3884276526856212e-28,1.4145941072784284e-28,1.4412338000220127e-28,1.4683554385309948e-28,1.4959679021569634e-28,1.524080245714515e-28,1.5527017032966066e-28,1.5818416921817432e-28,1.6115098168353437e-28,1.6417158730077656e-28,1.6724698519316596e-28,1.703781944621293e-28,1.735662546276171e-28,1.768122260792848e-28,1.8011719053864516e-28,1.8348225153258215e-28,1.8690853487850812e-28,1.9039718918149019e-28,1.9394938634360576e-28,1.9756632208596935e-28,2.0124921648378008e-28,2.0499931451447987e-28,2.0881788661981686e-28,2.1270622928188694e-28,2.1666566561362835e-28,2.2069754596416836e-28,2.2480324853943633e-28,2.2898418003846773e-28,2.3324177630584e-28,2.375775030006762e-28,2.419928562827176e-28,2.4648936351590667e-28,2.510685839899959e-28,2.5573210966068945e-28,2.6048156590884925e-28,2.6531861231928927e-28,2.702449434797204e-28,2.7526228980050555e-28,2.8037241835565687e-28,2.8557713374583206e-28,2.908782789838936e-28,2.9627773640371074e-28,3.0177742859287463e-28,3.073793193500171e-28,3.1308541466745746e-28,3.1889776373991126e-28,3.2481846000007573e-28,3.3084964218170507e-28,3.3699349541127166e-28,3.4325225232885684e-28,3.496281942391719e-28,3.5612365229365433e-28,3.6274100870453276e-28,3.694826979918068e-28,3.763512082641839e-28,3.8334908253493745e-28,3.904789200737792e-28,3.9774337779582975e-28,4.051451716887925e-28,4.126870782795238e-28,4.203719361412551e-28,4.282026474425388e-28,4.361821795394084e-28,4.443135666119664e-28,4.525999113468091e-28,4.610443866667068e-28,4.696502375090163e-28,4.784207826543407e-28,4.873594166070134e-28,4.964696115290516e-28,5.0575491922922785e-28,5.152189732090479e-28,5.248654907673959e-28,5.346982751657638e-28,5.447212178559546e-28,5.549383007722751e-28,5.6535359869031325e-28,5.759712816544045e-28,5.867956174761234e-28,5.978309743057406e-28,6.090818232795787e-28,6.205527412453688e-28,6.322484135682328e-28,6.441736370199379e-28,6.5633332275422935e-28,6.687324993710092e-28,6.813763160723741e-28,6.942700459135242e-28,7.074190891517526e-28,7.208289766967543e-28,7.345053736656999e-28,7.484540830465978e-28,7.626810494735953e-28,7.771923631180508e-28,7.919942636992811e-28,8.070931446191227e-28,8.224955572245177e-28,8.382082152025413e-28,8.542379991124584e-28,8.705919610595344e-28,8.872773295155716e-28,9.043015142912456e-28,9.216721116655886e-28,9.393969096781322e-28,9.574838935894535e-28,9.759412515160703e-28,9.947773802459017e-28,1.0140008912407129e-27,1.0336206168322134e-27,1.0536456166188632e-27,1.0740851840704351e-27,1.0949488533484944e-27,1.1162464063484952e-27,1.137987879974952e-27,1.1601835736557366e-27,1.1828440571049288e-27,1.2059801783427088e-27,1.2296030719848457e-27,1.2537241678066707e-27,1.2783551995957069e-27,1.3035082143023931e-27,1.3291955815003524e-27,1.3554300031676601e-27,1.3822245238014036e-27,1.4095925408780603e-27,1.4375478156729349e-27,1.4661044844523813e-27,1.4952770700530894e-27,1.5250804938633883e-27,1.5555300882221093e-27,1.5866416092511805e-27,1.6184312501389698e-27,1.6509156548918734e-27,1.684111932572675e-27,1.718037672044855e-27,1.7527109572428133e-27,1.7881503829890174e-27,1.824375071379903e-27,1.8614046887632053e-27,1.8992594633307425e-27,1.937960203351328e-27,1.977528316069918e-27,2.0179858273000896e-27,2.0593554017382143e-27,2.1016603640290214e-27,2.1449247206135217e-27,2.1891731823916984e-27,2.2344311882339077e-27,2.2807249293764793e-27,2.328081374738459e-27,2.376528297198258e-27,2.4260943008718338e-27,2.4768088494331164e-27,2.528702295522625e-27,2.5818059112905216e-27,2.636151920122804e-27,2.6917735296020923e-27,2.748704965756424e-27,2.8069815086522347e-27,2.8666395293906005e-27,2.9277165285684017e-27,2.9902511762692033e-27,3.0542833536519186e-27,3.1198541962082965e-27,3.1870061387642835e-27,3.255782962303817e-27,3.326229842697094e-27,3.398393401420406e-27,3.4723217583581774e-27,3.548064586782637e-27,3.6256731706117046e-27,3.705200464050579e-27,3.786701153727639e-27,3.870231723441608e-27,3.955850521642469e-27,4.043617831775118e-27,4.13359594562161e-27,4.2258492397847486e-27,4.320444255463963e-27,4.417449781680984e-27,4.5169369421228616e-27,4.6189792857780116e-27,4.723652881550399e-27,4.831036417047319e-27,4.94121130174651e-27,5.0542617747599046e-27,5.1702750174230136e-27,5.289341270951616e-27,5.411553959421142e-27,5.537009818337905e-27,5.665809029086811e-27,5.7980553595560066e-27,5.933856311256116e-27,6.073323273269607e-27,6.2165716833853236e-27,6.36372119679333e-27,6.514895862737571e-27,6.670224309545766e-27,6.829839938481991e-27,6.993881126892414e-27,7.162491441143677e-27,7.335819859881321e-27,7.514021008169427e-27,7.697255403104792e-27,7.885689711535468e-27,8.079497020551615e-27,8.278857121458004e-27,8.483956807980652e-27,8.694990189505862e-27,8.912159020202674e-27,9.135673044928876e-27,9.365750362880705e-27,9.602617810005616e-27,9.846511361262853e-27,1.0097676553886443e-26,1.0356368932879051e-26,1.0622854520045777e-26,1.0897410307961476e-26,1.118032478035781e-26,1.1471898460513251e-26,1.1772444489335901e-26,1.2082289234940751e-26,1.2401772935646895e-26,1.2731250378446311e-26,1.307109161513879e-26,1.3421682718481048e-26,1.3783426580853996e-26,1.415674375812982e-26,1.4542073361609498e-26,1.493987400109735e-26,1.5350624782411962e-26,1.577482636284352e-26,1.621300206834508e-26,1.6665699076504558e-26,1.7133489669642823e-26,1.761697256270327e-26,1.811677431094129e-26,1.8633550802794966e-26,1.9167988843722074e-26,1.972080783722371e-26,2.0292761569748093e-26,2.088464010667897e-26,2.1497271807170983e-26,2.2131525466192961e-26,2.2788312592796667e-26,2.3468589834336683e-26,2.417336155713989e-26,2.4903682594962146e-26,2.566066117748138e-26,2.644546205207025e-26,2.725930981317582e-26,2.8103492454812176e-26,2.8979365162958974e-26,2.9888354366065057e-26,3.08319620633894e-26,3.181177045258922e-26,3.282944687979882e-26,3.388674913744953e-26,3.498553113727859e-26,3.6127748988444594e-26,3.731546751297812e-26,3.855086723443435e-26,3.9836251877949386e-26,4.1174056423915e-26,4.2566855761193407e-26,4.4017373990042e-26,4.552849442958798e-26,4.7103270389839345e-26,4.874493677390222e-26,5.0456922582346777e-26,5.224286439859592e-26,5.410662094189287e-26,5.605228878288754e-26,5.808421932630189e-26,6.020703717557623e-26,6.24256600059894e-26,6.474532008564412e-26,6.71715875980064e-26,6.971039593568028e-26,7.236806915287043e-26,7.515135178381346e-26,7.806744125663438e-26,8.112402315683012e-26,8.432930962232563e-26,8.769208118307858e-26,9.122173239304731e-26,9.492832164144709e-26,9.882262557413327e-26,1.0291619860549769e-25,1.072214380568681e-25,1.1175165552040962e-25,1.1652115511841513e-25,1.215453194082374e-25,1.268407037740206e-25,1.324251402494499e-25,1.3831785183281015e-25,1.4453957848865726e-25,1.5111271618188317e-25,1.5806147046265875e-25,1.6541202631781271e-25,1.7319273622968583e-25,1.814343286415792e-25,1.901701393249724e-25,1.994363684837018e-25,2.0927236682153903e-25,2.1972095425054583e-25,2.3082877543803136e-25,2.4264669699187353e-25,2.552302517811697e-25,2.686401366985698e-25,2.8294277111132674e-25,2.982109243441058e-25,3.1452442181606297e-25,3.3197094095040026e-25,3.506469097281527e-25,3.7065852281632423e-25,3.921228926239915e-25,4.151693554972816e-25,4.399409566425747e-25,4.665961413699207e-25,4.953106850025411e-25,5.262798994586048e-25,5.597211612664838e-25,5.958768138598458e-25,6.350175066982666e-25,6.774460454303971e-25,7.235018413943617e-25,7.73566065790949e-25,8.280676345376985e-25,8.874901749830807e-25,9.523801563950975e-25,1.0233564037949678e-24,1.1011212609903866e-24,1.1864737257669599e-24,1.280324950866652e-24,1.3837165922066616e-24,1.4978425953144245e-24,1.6240751480975783e-24,1.76399570047669e-24,1.9194321690815627e-24,2.0925037212143208e-24,2.2856748838290377e-24,2.5018211731401743e-24,2.744309018906316e-24,3.017093504965793e-24,3.3248384186269e-24,3.6730643697235886e-24,4.068332405741651e-24,4.518472749712401e-24,5.032871211797959e-24,5.622829736397671e-24,6.3020228114748695e-24,7.087078602879208e-24,7.916990280886967e-24,8.968422059114839e-24,1.019994847185683e-23,1.1649473129391303e-23,1.3364431443421626e-23,1.5404587188022694e-23,1.7845772130126455e-23,2.0784928844840116e-23,2.4346971781934266e-23,2.869421063526941e-23,3.4039422535104756e-23,4.066417799619621e-23,4.894482034661473e-23,5.938973335478168e-23,7.269347843143799e-23,8.981649858372891e-23,1.1210415648909577e-22,1.1950577927193635e-22,1.515367722943207e-22,1.9452931340655797e-22,2.530486871934298e-22,3.339426568304214e-22,4.476934218598031e-22,6.1070548804400995e-22,8.493122354886205e-22,1.2070810152520755e-21,1.7588353959623162e-21,2.6394511753257137e-21,4.1084444391729605e-21,6.711740365475665e-21,1.1741835437220638e-20,2.273186158458901e-20,5.094850772510378e-20,1.379023916074809e-19,4.564061088573659e-19,1.799642564019677e-18,3.560862244098497e-18,3.560862244194503e-18,3.56086225095551e-18,2.168507835697056e-17,1.215018182247108e-16,6.747316384470463e-16,3.744446458541011e-15,2.0559409686748783e-14,1.0985696304564451e-13,5.608611832208145e-13,2.687346468882855e-12,1.1892302341712973e-11,4.796327089973195e-11,1.7455609032053109e-10,5.696713743403066e-10,1.662885351528811e-09,4.345306176071848e-09,1.0203141946666394e-08,1.0377185270780146e-08,1.0377185271603482e-08,2.2034932877232494e-08,4.256204731320634e-08,7.547842251785301e-08,1.2401305885831787e-07,1.9044802625537006e-07,2.7564393947146044e-07,3.7887676354127345e-07,4.979923287958036e-07,6.29787190733639e-07,7.704855401062691e-07,9.161960534294909e-07,1.0632745850710988e-06,1.2085637177014912e-06,1.3495140241411513e-06,1.4842105584161427e-06,1.6113340611873903e-06,1.7300842914964488e-06,1.8400870626754984e-06,1.941299909021347e-06,2.033925429071439e-06,2.1183368518919863e-06,2.1950172894534062e-06,2.2645122407804236e-06,2.327393897060705e-06,2.3842353750244772e-06,2.4355929519751835e-06,2.4819945253926142e-06,2.5239327639977206e-06,2.5618616877354825e-06,2.5961956734046853e-06,2.6273101116947887e-06,2.6555431334148042e-06,2.6622287369614304e-06,2.687296539874957e-06,2.7101188709841597e-06,2.730930467147452e-06,2.7499403982297424e-06,2.7673345549698916e-06,2.7832781011840837e-06,2.797917754025588e-06,2.81138385432611e-06,2.8237922424659867e-06,2.8352459326884266e-06,2.8458366049921497e-06,2.855645928138933e-06,2.864746729420499e-06,2.8732040266160685e-06,2.88107593695095e-06,2.888414476822934e-06,2.8952662649707384e-06,2.9016731405465655e-06,2.9076727063518207e-06,2.9132988064035026e-06,2.9185819459354085e-06,2.923549660962832e-06,2.9282268437053597e-06,2.9326360293684977e-06,2.9367976490880065e-06,2.9407302532638288e-06,2.944450708941989e-06,2.947974374457528e-06,2.951315254129715e-06,2.9544861354505055e-06,2.957498710895935e-06,2.960363686210659e-06,2.9630908767855815e-06,2.965689293559977e-06,2.968167219659131e-06,2.9705322788731954e-06,2.9727914969134926e-06,2.974951356274392e-06,2.9770178454437304e-06,2.97899650308011e-06,2.9808924577372517e-06,2.9827104636224928e-06,2.984454932821023e-06,2.986129964378726e-06,2.98773937057377e-06,2.9892867006828915e-06,2.9907752625034167e-06,2.992208141866464e-06,2.9935882203499017e-06,2.9949181913753554e-06,2.996200574851697e-06,2.9974377305140094e-06,2.998631870084498e-06,2.9997850683734662e-06,3.0008992734221643e-06,3.0019763157824293e-06,3.003017917010597e-06,3.004025697455766e-06,3.005001183404331e-06,3.005945813642044e-06,3.0068609454866806e-06,3.0077478603392545e-06,3.008607768796873e-06,3.0094418153663834e-06,3.0102510828147013e-06,3.0110365961857135e-06,3.0117993265141524e-06,3.0125401942621447e-06,3.0132600724993247e-06,3.013959789852972e-06,3.0146401332443755e-06,3.0153018504245235e-06,3.0159456523346727e-06,3.0165722153002365e-06,3.017182183070055e-06,3.0177761687174086e-06,3.0183547564105717e-06,3.018918503064276e-06,3.0192579000933767e-06,3.0197995533504335e-06,3.020327673492541e-06,3.0208427340306085e-06,3.0213451861735397e-06,3.0218354609816637e-06,3.022313970629881e-06,3.0227811094550876e-06,3.0232372549062642e-06,3.0236827684264134e-06,3.024117996277906e-06,3.024543270317143e-06,3.024958908722478e-06,3.025365216678995e-06,3.0257624870230006e-06,3.026151000848859e-06,3.026531028081401e-06,3.0269028280140856e-06,3.027266649819141e-06,3.027622733026198e-06,3.0279713079771777e-06,3.0283125962529476e-06,3.0286468110796742e-06,3.0289741577109252e-06,3.029294833789815e-06,3.029609029692303e-06,3.0299169288518682e-06,3.030218708067068e-06,3.030514537793505e-06,3.030804582420079e-06,3.031089000531488e-06,3.0313679451575566e-06,3.0316415640093177e-06,3.0319099997043732e-06,3.032173389979423e-06,3.032431867894201e-06,3.0326855620235955e-06,3.032934596642478e-06,3.0331790918997833e-06,3.033419163984422e-06,3.033654925285219e-06,3.0338864845412638e-06,3.0341139469859276e-06,3.034337414484299e-06,3.034556985664086e-06,3.034772756041256e-06,3.0349848181383755e-06,3.0351932615992802e-06,3.0353981732977624e-06,3.0355996374414813e-06,3.0357977356716456e-06,3.0359925471577446e-06,3.036184148688673e-06,3.0363726147596478e-06,3.0365580176554857e-06,3.0367404275302433e-06,3.036919912483547e-06,3.037096538633795e-06,3.037270370187978e-06,3.037441469508967e-06,3.037609897179775e-06,3.03777571206542e-06,3.037938971371899e-06,3.038099730703127e-06,3.0382580441154024e-06,3.038413964169743e-06,3.0385675419820863e-06,3.0387188272716897e-06,3.038867868407274e-06,3.0390147124517418e-06,3.0391594052049507e-06,3.039301991244893e-06,3.039442513967266e-06,3.039581015623598e-06,3.03971753735786e-06,3.0398521192417457e-06,3.0399848003085856e-06,3.0401156185860786e-06,3.040244611127674e-06,3.0403718140430595e-06,3.0404972625270527e-06,3.0406209908881105e-06,3.0407430325750996e-06,3.0408634202037947e-06,3.0409821855818077e-06,3.041099359733006e-06,3.0412149729209996e-06,3.04132905467169e-06,3.041441633795184e-06,3.0415527384068936e-06,3.0416623959477237e-06,3.041770633203928e-06,3.0418774763258985e-06,3.041982950846623e-06,3.042087081699333e-06,3.042189893234628e-06,3.0422914092370097e-06,3.042391652940875e-06,3.04249064704592e-06,3.042588413732266e-06,3.0426849746745876e-06,3.0427803510563204e-06,3.042874563583276e-06,3.042967632496479e-06,3.0430595775850282e-06,3.04315041819818e-06,3.043240173257422e-06,3.0433288612677837e-06,3.043416500329117e-06,3.043503108146873e-06,3.043588702042184e-06,3.0436732989626785e-06,3.0437569154916595e-06,3.0438395678578936e-06,3.0439212719447627e-06,3.0440020432992045e-06,3.0440818971403602e-06,3.0441608483679997e-06,3.0442389115706387e-06,3.044316101033438e-06,3.0443924307458755e-06,3.0444679144092187e-06,3.044542565443721e-06,3.044616396995561e-06,3.044689421943713e-06,3.044761652906556e-06,3.044833102248245e-06,3.0449037820849805e-06,3.0449737042909986e-06,3.0450428805044883e-06,3.0451113221332676e-06,3.04517904036036e-06,3.0452460461493413e-06,3.0453123502496066e-06,3.045377963201448e-06,3.045442895340989e-06,3.045507156805014e-06,3.0455707575356258e-06,3.0456337072848073e-06,3.0456960156188257e-06,3.045757691922555e-06,3.0458187454036348e-06,3.0458791850965737e-06,3.045939019866669e-06,3.045998258413907e-06,3.0460569092766797e-06,3.046114980835444e-06,3.046172481316265e-06,3.046229418794336e-06,3.0462858011972854e-06,3.0463416363084227e-06,3.0463969317700476e-06,3.0464516950864763e-06,3.0465059336270998e-06,3.04655965462933e-06,3.0466128652014843e-06,3.0466655723255758e-06,3.0467177828600623e-06,3.0467695035424922e-06,3.046820740992117e-06,3.0468715017123965e-06,3.0469217920934975e-06,3.0469716184146696e-06,3.047020986846601e-06,3.0470699034537016e-06,3.0471183741963426e-06,3.0471664049330135e-06,3.047214001422454e-06,3.047261169325724e-06,3.0473079142082208e-06,3.0473542415416434e-06,3.047400156705924e-06,3.047445664991097e-06,3.04749077159913e-06,3.0475354816457113e-06,3.047579800162001e-06,3.047623732096318e-06,3.04766728231582e-06,3.047710455608115e-06,3.047753256682845e-06,3.04779569017325e-06,3.0478377606376617e-06,3.04787947256099e-06,3.047920830356158e-06,3.0479618383655156e-06,3.048002500862229e-06,3.048042822051588e-06,3.0480828060723694e-06,3.0481224569980833e-06,3.048161778838246e-06,3.048200775539605e-06,3.0482394509873343e-06,3.0482778090062104e-06,3.0483158533617507e-06,3.0483535877613435e-06,3.04839101585534e-06,3.0484281412381304e-06,3.048464967449177e-06,3.04850149797405e-06,3.04853773624543e-06,3.0485698337659076e-06,3.0485953694477005e-06,3.0486176909614327e-06,3.048638494270702e-06,3.0486586090269782e-06,3.048678440578731e-06,3.0486981868448837e-06,3.0487179443489513e-06,3.0487377600536814e-06,3.0487576566975436e-06,3.0487776451788214e-06,3.0487977306064895e-06,3.04881791526324e-06,3.0488382000476316e-06,3.0488585851834256e-06,3.048879070562762e-06,3.0488996559164717e-06,3.048920340896555e-06,3.0489411251160144e-06,3.048962008168932e-06,3.0489829896402828e-06,3.0490040691102005e-06,3.0490252461557463e-06,3.049046520355062e-06,3.0490678912843183e-06,3.049089358519746e-06,3.049110921636946e-06,3.0491325802122306e-06,3.0491543338197778e-06,3.0491761820379443e-06,3.0491981244428936e-06,3.049220160610146e-06,3.049242290117941e-06,3.0492645125415617e-06,3.04928682745801e-06,3.0493092344452048e-06,3.049331733079982e-06,3.049354322941037e-06,3.0493770036052483e-06,3.0493997746518865e-06,3.049422635659642e-06,3.0494455862064376e-06,3.0494686258723213e-06,3.049491754237516e-06,3.04951497088194e-06,3.0495382753867415e-06,3.049561667332434e-06,3.04958514630089e-06,3.049608711874297e-06,3.049632363635296e-06,3.049656101167136e-06,3.0496799240535585e-06,3.0497038318791294e-06,3.049727824227586e-06,3.0497519006851717e-06,3.0497760608379684e-06,3.049800304272687e-06,3.04982463057945e-06,3.0498490393409715e-06,3.049873530148516e-06,3.0498981025913483e-06,3.0499227562625317e-06,3.049947490746065e-06,3.0499723056392687e-06,3.0499972005308292e-06,3.0500221750166477e-06,3.0500472286905942e-06,3.050072361146612e-06,3.0500975719804686e-06,3.0501228607890855e-06,3.050148227167764e-06,3.0501736707149484e-06,3.050199191030842e-06,3.0502247877152006e-06,3.0502504603709675e-06,3.0502762085941537e-06,3.0503020319912514e-06,3.050327930163611e-06,3.0503539027167206e-06,3.050379949256026e-06,3.0504060693886525e-06,3.050432262720442e-06,3.050458528862605e-06,3.0504848674202322e-06,3.050511278005868e-06,3.050537760230704e-06,3.0505643137072743e-06,3.050590938048142e-06,3.0506176328702625e-06,3.0506443977877708e-06,3.0506712324173845e-06,3.0506981363751482e-06,3.050725109282117e-06,3.0507521507587238e-06,3.050779260424072e-06,3.0508064379012062e-06,3.0508336828134355e-06,3.0508609947850433e-06,3.0508883734421207e-06,3.0509158184118934e-06,3.0509433293205505e-06,3.050970905798534e-06,3.05099854747491e-06,3.0510262539821185e-06,3.051054024953441e-06,3.0510818600219256e-06,3.0511097588228403e-06,3.051137720992217e-06,3.0511657461676415e-06,3.05119383398842e-06,3.0512219840933187e-06,3.051250196125533e-06,3.0512784697250967e-06,3.051306804536553e-06,3.0513352002080356e-06,3.0513636563806837e-06,3.051392172701713e-06,3.051420748824224e-06,3.0514493843964497e-06,3.0514780790694e-06,3.051506832492726e-06,3.051535644326218e-06,3.051564514222166e-06,3.051593441836495e-06,3.0516224268287662e-06,3.0516514688572766e-06,3.0516805675820364e-06,3.051709722663836e-06,3.051738933766596e-06,3.051768200554649e-06,3.051797522693616e-06,3.051826899850683e-06,3.05185633169396e-06,3.051885817893084e-06,3.051915358119831e-06,3.0519449520449897e-06,3.051974599341362e-06,3.0520042996873513e-06,3.0520340527572284e-06,3.0520638582294082e-06,3.0520937157829296e-06,3.052123625097973e-06,3.0521535858557894e-06,3.052183597739463e-06,3.05221366043266e-06,3.0522437736238635e-06,3.0522739369985975e-06,3.0523041502453503e-06,3.0523344130547605e-06,3.052364725116811e-06,3.0523950861248153e-06,3.0524254957723607e-06,3.0524559537549166e-06,3.0524864597687456e-06,3.052517013512981e-06,3.0525476146864716e-06,3.0525782629904156e-06,3.052608958126003e-06,3.0526396997974107e-06,3.052670487708681e-06,3.0527013215646136e-06,3.052732201075892e-06,3.052763125953221e-06,3.052794095900834e-06,3.0528251106336082e-06,3.052856169864215e-06,3.052887273307524e-06,3.052918420677415e-06,3.0529496116922403e-06,3.052980846071817e-06,3.0530121235344273e-06,3.053043443801153e-06,3.0530748065948928e-06,3.053106211638452e-06,3.053137658657609e-06,3.0531691473801533e-06,3.053200677529578e-06,3.0532322488387286e-06,3.0532638610385977e-06,3.0532955138617944e-06,3.0533272070390713e-06,3.0533589403042665e-06,3.0533907133948075e-06,3.053422526046934e-06,3.0534543779912683e-06,3.0534862689891827e-06,3.0535181987646033e-06,3.053550167063762e-06,3.0535821736310674e-06,3.0536142182106173e-06,3.0536463005497063e-06,3.053678420396858e-06,3.0537105775002113e-06,3.0537427716101038e-06,3.0537750024781205e-06,3.053807269857238e-06,3.0538395735030776e-06,3.0538719131680994e-06,3.053904288610989e-06,3.0539366995894904e-06,3.053969145864328e-06,3.05400162719403e-06,3.054034143341461e-06,3.0540666940698266e-06,3.0540992791435998e-06,3.054131898328324e-06,3.0541645513913866e-06,3.054197238100872e-06,3.0542299582262988e-06,3.0542627115384216e-06,3.054295497810279e-06,3.0543283168139363e-06,3.054361168323905e-06,3.0543940521160087e-06,3.0544269679653533e-06,3.054459915652126e-06,3.054492894955763e-06,3.0545259056569198e-06,3.0545589475374756e-06,3.0545920203805145e-06,3.054625123970339e-06,3.0546582580924525e-06,3.0546914225335755e-06,3.054724617081611e-06,3.054757841525667e-06,3.05479109565604e-06,3.05482437926438e-06,3.0548576921350048e-06,3.0548910340781033e-06,3.0549244048714717e-06,3.054957804329713e-06,3.0549912322428697e-06,3.0550246884058636e-06,3.0550581726198935e-06,3.0550916846964323e-06,3.0551252244181588e-06,3.0551587915947866e-06,3.0551923860340873e-06,3.055226007539785e-06,3.055259655918053e-06,3.0552933309759856e-06,3.0553270325189208e-06,3.055360760367125e-06,3.055394514325733e-06,3.055428294207114e-06,3.055462099824118e-06,3.055495930992239e-06,3.0555297875253925e-06,3.055563669240665e-06,3.05559757595685e-06,3.055631507489836e-06,3.055665463660981e-06,3.0556994442911188e-06,3.0557334492021507e-06,3.0557674782170425e-06,3.055801531159807e-06,3.0558356078553594e-06,3.055869708133056e-06,3.055903831813857e-06,3.05593797873096e-06,3.055972148710062e-06,3.0560063415837375e-06,3.056040557184019e-06,3.056074795340858e-06,3.0561090558888075e-06,3.0561433386621224e-06,3.0561776434964413e-06,3.0562119702254777e-06,3.0562463186891097e-06,3.0562806887281643e-06,3.056315080179928e-06,3.0563494928813287e-06,3.0563839266804627e-06,3.056418381414128e-06,3.0564528569288576e-06,3.0564873530708556e-06,3.0565218696788536e-06,3.0565564065912867e-06,3.056590963676467e-06,3.056625540773523e-06,3.056660137730916e-06,3.0566947543969448e-06,3.056729390624993e-06,3.0567640462652877e-06,3.056798721169672e-06,3.0568334152083437e-06,3.056868128203589e-06,3.0569028600299686e-06,3.0569376105448728e-06,3.056972379600782e-06,3.0570071670554645e-06,3.057041972770158e-06,3.0570767966071393e-06,3.05711163842183e-06,3.0571464980790085e-06,3.0571813754416396e-06,3.0572162703776844e-06,3.0572511827468976e-06,3.0572861124148233e-06,3.0573210592480216e-06,3.0573560231129946e-06,3.0573910038759915e-06,3.0574260014103217e-06,3.0574610155818605e-06,3.057496046262503e-06,3.057531093322669e-06,3.0575661566343983e-06,3.0576012360705036e-06,3.057636331504674e-06,3.057671442811387e-06,3.057706569865591e-06,3.05774171254376e-06,3.0577768707171726e-06,3.057812044268507e-06,3.057847233077431e-06,3.057882437022896e-06,3.0579176559849983e-06,3.057952889845139e-06,3.057988138483779e-06,3.0580234017884075e-06,3.0580586796229946e-06,3.0580939719039957e-06,3.0581292784987924e-06,3.058164599292843e-06,3.058199934171987e-06,3.0582352830195847e-06,3.0582706457231427e-06,3.0583060221766822e-06,3.058341412266131e-06,3.058376815881747e-06,3.0584122329141846e-06,3.0584476632548434e-06,3.0584831067958314e-06,3.058518563429892e-06,3.0585540330505084e-06,3.0585895155518407e-06,3.05862501082879e-06,3.05866051878926e-06,3.058696039317157e-06,3.0587315723091393e-06,3.058767117663046e-06,3.05880267527725e-06,3.0588382450505687e-06,3.0588738268828012e-06,3.0589094206740086e-06,3.0589450263254276e-06,3.058980643738538e-06,3.05901627281571e-06,3.0590519134599584e-06,3.0590875655747688e-06,3.059123229064654e-06,3.0591589038343694e-06,3.0591945897894254e-06,3.0592302868359824e-06,3.0592659948707445e-06,3.059301713810947e-06,3.0593374435651193e-06,3.0593731840417507e-06,3.059408935150306e-06,3.0594446968000046e-06,3.0594804689011664e-06,3.0595162513655975e-06,3.0595520441050024e-06,3.0595878470317662e-06,3.0596236600586026e-06,3.059659483092808e-06,3.059695316061349e-06,3.059731158872148e-06,3.0597670114402612e-06,3.0598028736816604e-06,3.059838745532972e-06,3.05987462686669e-06,3.0599105176325774e-06,3.0599464177375678e-06,3.059982327103666e-06,3.0600182456499525e-06,3.0600541732964745e-06,3.060090109964883e-06,3.060126055573228e-06,3.060162010044105e-06,3.0601979733157596e-06,3.060233945276727e-06,3.0602699258683983e-06,3.0603059150119357e-06,3.060341912634483e-06,3.060377918661007e-06,3.0604139330121287e-06,3.0604499556367685e-06,3.06048598641638e-06,3.060522025298447e-06,3.0605580722186187e-06,3.0605941271254248e-06,3.0606301898924374e-06,3.06066626047519e-06,3.0607023388036263e-06,3.060738424807912e-06,3.060774518418247e-06,3.0608106195666245e-06,3.060846728181618e-06,3.060882844185813e-06,3.0609189675253274e-06,3.060955098131257e-06,3.0609912359263475e-06,3.061027380856307e-06,3.0610635328523253e-06,3.06109969184494e-06,3.0611358577698112e-06,3.0611720305603703e-06,3.0612082101541464e-06,3.0612443965018976e-06,3.0612805895144874e-06,3.06131678913905e-06,3.061352995314206e-06,3.0613892079773976e-06,3.0614254270668127e-06,3.0614616525479613e-06,3.0614978843080678e-06,3.061534122335358e-06,3.061570366533798e-06,3.061606616848143e-06,3.061642873224847e-06,3.061679135608003e-06,3.0617154039396864e-06,3.061751678163251e-06,3.061787958218701e-06,3.061824244064032e-06,3.061860535622016e-06,3.0618968328474173e-06,3.061933135671012e-06,3.0619694440369986e-06,3.062005757910251e-06,3.062042077241868e-06,3.062078401943184e-06,3.0621147319785196e-06,3.0621510672928482e-06,3.062187407834808e-06,3.0622237535502696e-06,3.06226010438784e-06,3.0622964602947486e-06,3.0623328212194127e-06,3.0623691871095585e-06,3.0624055579147344e-06,3.0624419335857212e-06,3.0624783140786036e-06,3.0625146993279656e-06,3.0625510892953304e-06,3.0625874839261985e-06,3.0626238831723505e-06,3.0626602869789533e-06,3.062696695309764e-06,3.0627331081147337e-06,3.062769525344543e-06,3.062805946967205e-06,3.062842372910192e-06,3.0628788031350745e-06,3.0629152375897073e-06,3.062951676244464e-06,3.062988119053635e-06,3.0630245659607727e-06,3.0630610169069914e-06,3.06309747187991e-06,3.063133930822122e-06,3.063170393688795e-06,3.0632068604357405e-06,3.0632433310203617e-06,3.0632798053991747e-06,3.0633162835298516e-06,3.0633527653698665e-06,3.063389250877161e-06,3.063425740009971e-06,3.0634622327268256e-06,3.0634987289865698e-06,3.0635352287483323e-06,3.0635717319715297e-06,3.0636082386158893e-06,3.0636447486414054e-06,3.0636812620083517e-06,3.0637177786773145e-06,3.0637542986091482e-06,3.063790821764983e-06,3.063827348106233e-06,3.06386387759459e-06,3.0639004101920203e-06,3.063936945860754e-06,3.06397348456332e-06,3.064010026262476e-06,3.0640465709212745e-06,3.0640831185030342e-06,3.0641196689713293e-06,3.064156222289995e-06,3.064192778423128e-06,3.0642293373350823e-06,3.064265898990477e-06,3.064302463365906e-06,3.0643390303970043e-06,3.0643756000664784e-06,3.0644121723418984e-06,3.0644487471881956e-06,3.0644853245856604e-06,3.0645219044843448e-06,3.0645584868548695e-06,3.064595071649744e-06,3.0646316588787926e-06,3.0646682484472792e-06,3.064704840354151e-06,3.064741434567015e-06,3.064778031053918e-06,3.0648146297831195e-06,3.0648512307194236e-06,3.0648878338351913e-06,3.0649244390993814e-06,3.064961046481151e-06,3.064997655949888e-06,3.0650342674751984e-06,3.065070881026911e-06,3.065107496575076e-06,3.065144114089961e-06,3.0651807335420505e-06,3.0652173549020346e-06,3.065253978140823e-06,3.0652906032295366e-06,3.0653272301395127e-06,3.0653638588422653e-06,3.065400489309523e-06,3.065437121513267e-06,3.0654737554291568e-06,3.0655103910260406e-06,3.065547028276494e-06,3.0655836671531877e-06,3.065620307629199e-06,3.0656569496775587e-06,3.0656935932709558e-06,3.06573023838373e-06,3.0657668849896158e-06,3.0658035330625377e-06,3.0658401825766183e-06,3.0658768335061694e-06,3.0659134858256816e-06,3.065950139509372e-06,3.0659867945324433e-06,3.0660234508706835e-06,3.066060108496078e-06,3.0660967673910145e-06,3.0661334275283364e-06,3.06617008888745e-06,3.066206751429842e-06,3.066243415147041e-06,3.066280079991182e-06,3.066316745973372e-06,3.0663534130206022e-06,3.066390081168276e-06,3.0664267503743837e-06,3.0664634206332864e-06,3.0665000918908582e-06,3.0665367641139346e-06,3.066573437300167e-06,3.0666101114275974e-06,3.0666467864922605e-06,3.066683462433075e-06,3.0667201392470584e-06,3.0667568169087974e-06,3.066793495402055e-06,3.066830174708687e-06,3.0668668548022567e-06,3.0669035356619796e-06,3.06694021726862e-06,3.066976899602485e-06,3.067013582635591e-06,3.0670502663608437e-06,3.0670869507516305e-06,3.0671236357879813e-06,3.067160321449585e-06,3.067197007716457e-06,3.0672336945681534e-06,3.067270381988402e-06,3.0673070699561265e-06,3.067343758452298e-06,3.0673804474581635e-06,3.0674171369539014e-06,3.067453826923684e-06,3.0674905173514857e-06,3.067527208219028e-06,3.067563899493866e-06,3.0676005911635915e-06,3.0676372832156134e-06,3.067673975628305e-06,3.0677106683872775e-06,3.0677473614829575e-06,3.0677840548850656e-06,3.0678207485822983e-06,3.0678574425402837e-06,3.0678941367612728e-06,3.0679308312220256e-06,3.067967525909092e-06,3.0680042208038573e-06,3.06804091588289e-06,3.068077611137079e-06,3.068114306525814e-06,3.0681510020847673e-06,3.068187697766612e-06,3.0682243935576005e-06,3.068261089441748e-06,3.0682977854046177e-06,3.0683344814044057e-06,3.0683711774500367e-06,3.068407873552949e-06,3.0684445696702393e-06,3.0684812657911424e-06,3.0685179618950044e-06,3.068554657971041e-06,3.068591354003122e-06,3.0686280499734964e-06,3.0686647458704812e-06,3.068701441691825e-06,3.068738137386234e-06,3.0687748329756747e-06,3.068811528434879e-06,3.0688482237471143e-06,3.0688849189032853e-06,3.068921613884771e-06,3.06895830867553e-06,3.068995003267117e-06,3.0690316976249183e-06,3.0690683917775565e-06,3.069105085707086e-06,3.0691417793644986e-06,3.069178472759605e-06,3.0692151658692104e-06,3.069251858696071e-06,3.0692885512275656e-06,3.069325243413874e-06,3.0693619352728305e-06,3.0693986267869212e-06,3.0694353179369102e-06,3.0694720087246343e-06,3.069508699130674e-06,3.069545389142309e-06,3.0695820787589223e-06,3.069618767946552e-06,3.069655456704062e-06,3.0696921449985624e-06,3.069728832860711e-06,3.069765520256875e-06,3.069802207176352e-06,3.069838893607878e-06,3.0698755795399632e-06,3.0699122649608967e-06,3.0699489498622605e-06,3.0699856342232648e-06,3.0700223180471002e-06,3.070059001312041e-06,3.070095684009605e-06,3.0701323661297882e-06,3.070169047663833e-06,3.070205728598e-06,3.0702424089283544e-06,3.07027908862967e-06,3.070315767696064e-06,3.07035244612609e-06,3.070389123909234e-06,3.070425801027182e-06,3.0704624774779026e-06,3.070499153249196e-06,3.0705358283400503e-06,3.070572502715041e-06,3.0706091763808177e-06,3.070645849326154e-06,3.0706825215408874e-06,3.0707191930158515e-06,3.07075586374168e-06,3.070792533708236e-06,3.070829202905573e-06,3.070865871326078e-06,3.0709025389599143e-06,3.0709392057978334e-06,3.0709758718340362e-06,3.0710125370539483e-06,3.071049201444057e-06,3.07108586500633e-06,3.0711225277290677e-06,3.0711591896253483e-06,3.071195850642992e-06,3.0712325107917114e-06,3.0712691700930367e-06,3.071305828481252e-06,3.0713424859778623e-06,3.0713791425737846e-06,3.071415798261908e-06,3.071452453030825e-06,3.071489106875075e-06,3.0715257597863575e-06,3.0715624117561138e-06,3.0715990627769144e-06,3.0716357128399567e-06,3.0716723619381696e-06,3.0717090100623484e-06,3.071745657205355e-06,3.0717823033607613e-06,3.0718189485201897e-06,3.0718555926755406e-06,3.071892235842284e-06,3.0719288779684325e-06,3.071965519072375e-06,3.072002159156964e-06,3.0720387981821607e-06,3.0720754361603366e-06,3.07211207308345e-06,3.072148708944216e-06,3.0721853437354934e-06,3.0722219774520873e-06,3.072258610085623e-06,3.0722952416277384e-06,3.0723318720742604e-06,3.072368501416245e-06,3.0724051296541355e-06,3.072441756768774e-06,3.0724783827599537e-06,3.0725150076227184e-06,3.07255163134681e-06,3.0725882539328383e-06,3.0726248753640685e-06,3.0726614956393303e-06,3.0726981147692355e-06,3.0727347327123382e-06,3.072771349481573e-06,3.0728079650692217e-06,3.0728445794699767e-06,3.0728811926772107e-06,3.0729178046856393e-06,3.0729544154811973e-06,3.0729910250659784e-06,3.073027633440299e-06,3.073064240591335e-06,3.073100846518637e-06,3.073137451206519e-06,3.073174054655151e-06,3.073210656856471e-06,3.0732472578131553e-06,3.0732838575113085e-06,3.073320455944202e-06,3.073357053103054e-06,3.0733936489821236e-06,3.0734302435927564e-06,3.073466836918031e-06,3.0735034289521608e-06,3.073540019697853e-06,3.07357660916212e-06,3.073613197296007e-06,3.0736497841297047e-06,3.073686369639724e-06,3.0737229538261934e-06,3.0737595366857103e-06,3.07379611821702e-06,3.0738326984110955e-06,3.073869277264233e-06,3.0739058547701297e-06,3.0739424309255524e-06,3.0739790057266697e-06,3.0740155791663293e-06,3.0740521512431502e-06,3.07408872195023e-06,3.074125291283198e-06,3.0741618592353214e-06,3.0741984258038235e-06,3.0742349909865298e-06,3.07427155477691e-06,3.074308117167732e-06,3.0743446781594806e-06,3.074381237745288e-06,3.074417795920948e-06,3.0744543526794885e-06,3.0744909080212686e-06,3.0745274619404056e-06,3.07456401443068e-06,3.0746005654895474e-06,3.0746371151134154e-06,3.074673663294501e-06,3.0747102100338914e-06,3.074746755325386e-06,3.0747832991648973e-06,3.074819841557192e-06,3.0748563824806518e-06,3.0748929219402265e-06,3.0749294599398278e-06,3.0749659964599335e-06,3.0750025315045197e-06,3.075039065076223e-06,3.075075597156816e-06,3.0751121277868153e-06,3.075148656898345e-06,3.075185184508616e-06,3.0752217106232134e-06,3.07525823523426e-06,3.0752947583468963e-06,3.0753312799466026e-06,3.0753678000175347e-06,3.0754043185890246e-06,3.0754408356308424e-06,3.075477351160158e-06,3.0755138651636623e-06,3.075550377637149e-06,3.075586888567307e-06,3.0756233979681547e-06,3.0756599058222375e-06,3.075696412140405e-06,3.075732916896236e-06,3.075769420159158e-06,3.0758059218220845e-06,3.0758424219291696e-06,3.0758789204770704e-06,3.075915417469831e-06,3.075951912897298e-06,3.075988406761871e-06,3.076024899052621e-06,3.076061389768806e-06,3.0760978789016376e-06,3.0761343664894555e-06,3.0761708524546682e-06,3.076207336848066e-06,3.076243819647148e-06,3.0762803008514636e-06,3.076316780457388e-06,3.076353258462167e-06,3.0763897348663132e-06,3.076426209670935e-06,3.076462682874023e-06,3.076499154474092e-06,3.076535624434554e-06,3.076572092802506e-06,3.0766085595489465e-06,3.076645024675736e-06,3.076681488189134e-06,3.0767179500795646e-06,3.0767544103120295e-06,3.076790868933911e-06,3.0768273259142817e-06,3.076863781268438e-06,3.076900234992308e-06,3.0769366870711892e-06,3.076973137501008e-06,3.0770095862972507e-06,3.0770460334459632e-06,3.077082478936036e-06,3.0771189227334543e-06,3.0771553649249517e-06,3.0771918054384867e-06,3.0772282443133754e-06,3.077264681524895e-06,3.077301117074494e-06,3.077337550951666e-06,3.077373983183045e-06,3.077410413721251e-06,3.0774468426011463e-06,3.077483269803479e-06,3.077519695316544e-06,3.0775561191508194e-06,3.0775925413038162e-06,3.0776289617771844e-06,3.07766538056007e-06,3.0777017976563233e-06,3.077738213061546e-06,3.0777746267757166e-06,3.077811038799859e-06,3.0778474491252144e-06,3.0778838577557825e-06,3.077920264683777e-06,3.07795666991604e-06,3.0779930734391406e-06,3.0780294752557276e-06,3.0780658753739907e-06,3.0781022737773737e-06,3.0781386704579226e-06,3.078175065434262e-06,3.0782114587000523e-06,3.078247850253559e-06,3.0782842400662408e-06,3.078320628167162e-06,3.0783570145630204e-06,3.0783933992264995e-06,3.0784297821571545e-06,3.0784661633649425e-06,3.0785025428437604e-06,3.07853892060123e-06,3.078575296595181e-06,3.0786116708801535e-06,3.07864804344502e-06,3.078684414268778e-06,3.0787207833594e-06,3.078757150685577e-06,3.0787935162757082e-06,3.0788298801331235e-06,3.0788662422321264e-06,3.0789026025813706e-06,3.0789389611884852e-06,3.078975318058657e-06,3.0790116731661315e-06,3.0790480265201147e-06,3.0790843781219454e-06,3.0791207279622123e-06,3.079157076064792e-06,3.0791934223892978e-06,3.079229766953768e-06,3.0792661097568312e-06,3.079302450805178e-06,3.0793387900812014e-06,3.079375127598597e-06,3.079411463342048e-06,3.0794477973293626e-06,3.0794841295368273e-06,3.0795204599774486e-06,3.0795567886431187e-06,3.07959311553976e-06,3.0796294406664224e-06,3.0796657640165216e-06,3.079702085592162e-06,3.07973840537663e-06,3.0797747233812335e-06,3.079811039602543e-06,3.079847354041346e-06,3.0798836667103707e-06,3.079919977589982e-06,3.079956286678518e-06,3.079992594012721e-06,3.080028899524858e-06,3.0800652032495635e-06,3.080101505190461e-06,3.080137805340201e-06,3.08017410369609e-06,3.080210400255039e-06,3.0802466950258746e-06,3.080282987984003e-06,3.080319279150713e-06,3.080355568519246e-06,3.0803918560968276e-06,3.0804281418660053e-06,3.0804644258432243e-06,3.0805007080124624e-06,3.0805369883751614e-06,3.080573266940088e-06,3.0806095436664356e-06,3.080645818612836e-06,3.080682091752737e-06,3.0807183630884334e-06,3.080754632612146e-06,3.080790900325764e-06,3.0808271662357787e-06,3.0808634303368744e-06,3.080899692610474e-06,3.080935953086288e-06,3.080972211744182e-06,3.0810084685877287e-06,3.0810447236095625e-06,3.0810809768099495e-06,3.0811172281974157e-06,3.081153477765544e-06,3.0811897255075554e-06,3.081225971433837e-06,3.0812622155377315e-06,3.0812984578165222e-06,3.0813346982941435e-06,3.0813709368722087e-06,3.0814071736820745e-06,3.0814434086671627e-06,3.081479641823743e-06,3.081515873165838e-06,3.0815521026688815e-06,3.081588330355748e-06,3.0816245562248817e-06,3.081660780244097e-06,3.0816970024319474e-06,3.081733222787806e-06,3.0817694413357832e-06,3.0818056580309534e-06,3.0818418729187183e-06,3.081878085937274e-06,3.081914297127433e-06,3.0819505064886284e-06,3.081986714007111e-06,3.0820229196890136e-06,3.082059123536494e-06,3.08209532554645e-06,3.082131525714446e-06,3.0821677240440865e-06,3.0822039205275263e-06,3.082240115178178e-06,3.082276308025547e-06,3.0823124989947868e-06,3.0823486881208383e-06,3.0823848754076136e-06,3.0824210608490384e-06,3.0824572444424274e-06,3.082493426175791e-06,3.082529606072309e-06,3.082565784130641e-06,3.0826019603455177e-06,3.0826381347169037e-06,3.0826743072267717e-06,3.0827104778989327e-06,3.082746646717374e-06,3.0827828137000378e-06,3.082818978828627e-06,3.082855142110553e-06,3.0828913035395562e-06,3.0829274631196548e-06,3.082963620831033e-06,3.082999776701121e-06,3.0830359307172633e-06,3.0830720828869595e-06,3.083108233221912e-06,3.0831443816466505e-06,3.0831805282307094e-06,3.0832166729803414e-06,3.083252815882589e-06,3.083288956930479e-06,3.0833250961009585e-06,3.0833612334352833e-06,3.0833973689181733e-06,3.083433502535352e-06,3.0834696342983656e-06,3.0835057641824347e-06,3.083541892232186e-06,3.0835780184225395e-06,3.0836141427551395e-06,3.0836502652316988e-06,3.083686385845802e-06,3.0837225046002526e-06,3.0837586214947203e-06,3.0837947365302553e-06,3.0838308497060244e-06,3.0838669610207478e-06,3.0839030704715963e-06,3.0839391780632406e-06,3.0839752837907394e-06,3.0840113876585693e-06,3.0840474896705234e-06,3.0840835897664152e-06,3.084119687986816e-06,3.08415578440154e-06,3.084191878946136e-06,3.0842279716688706e-06,3.084264062494482e-06,3.0843001514514627e-06,3.0843362385374367e-06,3.084372323709564e-06,3.0844084070760023e-06,3.084444488576321e-06,3.0844805682065444e-06,3.084516645946782e-06,3.0845527218444702e-06,3.0845887958734737e-06,3.084624868033804e-06,3.0846609383050863e-06,3.0846970067350127e-06,3.084733073290265e-06,3.0847691379847968e-06,3.084805200811848e-06,3.084841261767938e-06,3.0848773208509956e-06,3.0849133780763693e-06,3.084949433422001e-06,3.0849854868809856e-06,3.0850215384995077e-06,3.0850575882426036e-06,3.0850936361161254e-06,3.085129682125163e-06,3.0851657262591757e-06,3.085201768518006e-06,3.085237808911535e-06,3.0852738474396237e-06,3.0853098840582778e-06,3.0853459188507966e-06,3.085381951761031e-06,3.0854179827954083e-06,3.085454011962485e-06,3.0854900392066124e-06,3.085526064633364e-06,3.0855620882023954e-06,3.0855981098850037e-06,3.085634129646757e-06,3.0856701475945127e-06,3.085706163665036e-06,3.0857421778714363e-06,3.085778190193045e-06,3.08581420064336e-06,3.085850209223223e-06,3.0858862159231037e-06,3.085922220754965e-06,3.085958223721698e-06,3.0859942248079983e-06,3.086030224026371e-06,3.086066221368357e-06,3.0861022168363387e-06,3.086138210437464e-06,3.086174202158831e-06,3.086210192008949e-06,3.086246180000374e-06,3.0862821661008108e-06,3.086318150327624e-06,3.0863541326806374e-06,3.0863901131605032e-06,3.086426091761418e-06,3.0864620685009087e-06,3.086498043354056e-06,3.086534016340041e-06,3.086569987452852e-06,3.0866059567048612e-06,3.0866419240741788e-06,3.0866778895598195e-06,3.0867138531737864e-06,3.086749814912826e-06,3.0867857747655523e-06,3.086821732758638e-06,3.086857688876349e-06,3.0868936431153608e-06,3.086929595479528e-06,3.0869655459722203e-06,3.0870014945981357e-06,3.0870374413473458e-06,3.0870733862171884e-06,3.0871093292273554e-06,3.087145270352653e-06,3.087181209607965e-06,3.0872171469850307e-06,3.0872530824837434e-06,3.087289016120499e-06,3.087324947869496e-06,3.087360877746548e-06,3.087396805748486e-06,3.087432731889638e-06,3.0874686561482057e-06,3.0875045785129593e-06,3.0875404990214483e-06,3.0875764176571525e-06,3.087612334418717e-06,3.0876482493044184e-06,3.0876841623274617e-06,3.0877200734602933e-06,3.087755982725178e-06,3.0877918901162946e-06,3.0878277956332126e-06,3.0878636992764587e-06,3.0878996010464753e-06,3.0879355009440662e-06,3.0879713989671076e-06,3.088007295116942e-06,3.088043189392972e-06,3.0880790817960826e-06,3.088114972322939e-06,3.088150860979587e-06,3.0881867477630986e-06,3.0882226326735435e-06,3.088258515705576e-06,3.0882943968699136e-06,3.0883302761616197e-06,3.0883661536051295e-06,3.0884020291730903e-06,3.0884379028615528e-06,3.0884737746840436e-06,3.088509644612777e-06,3.0885455126870704e-06,3.0885813788886074e-06,3.088617243211973e-06,3.088653105668183e-06,3.088688966235371e-06,3.0887248249322784e-06,3.088760681756161e-06,3.0887965367083763e-06,3.0888323898010764e-06,3.088868241009754e-06,3.0889040903395158e-06,3.0889399378073106e-06,3.0889757834023033e-06,3.0890116271263688e-06,3.0890474689813332e-06,3.0890833089636857e-06,3.0891191470746248e-06,3.089154983316311e-06,3.0891908176969057e-06,3.0892266501977724e-06,3.0892624808293283e-06,3.0892983095656235e-06,3.0893341364564592e-06,3.0893699614744403e-06,3.089405784625779e-06,3.089441605893641e-06,3.0894774252761505e-06,3.089513242821986e-06,3.0895490584983e-06,3.0895848722991803e-06,3.089620684222167e-06,3.089656494289746e-06,3.089692302496375e-06,3.089728108833559e-06,3.089763913298024e-06,3.0897997158943787e-06,3.089835516620615e-06,3.0898713155351754e-06,3.08990711252593e-06,3.0899429076490777e-06,3.089978700904313e-06,3.0900144922928867e-06,3.090050281813986e-06,3.090086069468578e-06,3.090121855256426e-06,3.0901576391776794e-06,3.0901934212324583e-06,3.0902292014207073e-06,3.090264979743041e-06,3.0903007561995543e-06,3.090336530790374e-06,3.090372303517631e-06,3.090408074379556e-06,3.090443843374034e-06,3.0904796105054955e-06,3.0905153757725147e-06,3.0905511391751376e-06,3.0905869007125076e-06,3.090622660383402e-06,3.090658418190094e-06,3.0906941741348287e-06,3.0907299282128556e-06,3.090765680424213e-06,3.0908014307759076e-06,3.0908371792634556e-06,3.09087292588813e-06,3.090908670653093e-06,3.0909444135527737e-06,3.0909801545882516e-06,3.0910158937621684e-06,3.091051631074848e-06,3.0910873665300254e-06,3.0911231001108934e-06,3.091158831841211e-06,3.0911945617182113e-06,3.0912302897228827e-06,3.091266015866195e-06,3.0913017401600404e-06,3.0913374625871345e-06,3.091373183161783e-06,3.091408901889352e-06,3.0914446187362745e-06,3.09148033373765e-06,3.091516046871851e-06,3.0915517581476614e-06,3.091587467549605e-06,3.0916231750951447e-06,3.0916588808007764e-06,3.091694584627125e-06,3.0917302865929285e-06,3.0917659867032337e-06,3.091801684984921e-06,3.0918373813816143e-06,3.091873075920013e-06,3.0919087686018343e-06,3.0919444594258636e-06,3.0919801483900466e-06,3.0920158354978573e-06,3.092051520753007e-06,3.0920872041520625e-06,3.092122885694365e-06,3.0921585653809037e-06,3.0921942432127897e-06,3.0922299191875835e-06,3.0922655933118047e-06,3.092301265577113e-06,3.0923369359875526e-06,3.092372604543625e-06,3.0924082712410265e-06,3.0924439360936517e-06,3.0924795990899467e-06,3.092515260232064e-06,3.0925509195620337e-06,3.092586576997336e-06,3.0926222325797487e-06,3.0926578863502498e-06,3.0926935382280447e-06,3.092729188253774e-06,3.0927648364277175e-06,3.0928004827507326e-06,3.0928361272224793e-06,3.092871769868082e-06,3.0929074106441673e-06,3.0929430495628524e-06,3.0929786866316717e-06,3.093014321848916e-06,3.0930499552171216e-06,3.0930855867363068e-06,3.0931212164125626e-06,3.0931568442395007e-06,3.0931924702176056e-06,3.093228094340741e-06,3.0932637166147856e-06,3.093299337041373e-06,3.0933349556202796e-06,3.093370572351248e-06,3.093406187239113e-06,3.09344180027549e-06,3.0934774114712993e-06,3.093513020816862e-06,3.0935486283190514e-06,3.093584233975389e-06,3.0936198377885265e-06,3.093655439753668e-06,3.0936910398721978e-06,3.0937266381483904e-06,3.0937622345746356e-06,3.0937978291606423e-06,3.0938334219014586e-06,3.0938690127916357e-06,3.0939046018378115e-06,3.093940189045953e-06,3.0939757744089153e-06,3.09401135792519e-06,3.0940469396113736e-06,3.0940825194395906e-06,3.0941180974257802e-06,3.0941536735694945e-06,3.094189247868676e-06,3.0942248203300788e-06,3.094260390949732e-06,3.094295959735705e-06,3.0943315266758535e-06,3.094367091772529e-06,3.0944026550368243e-06,3.094438216461099e-06,3.09447377603514e-06,3.094509333780454e-06,3.0945448896867102e-06,3.0945804437439832e-06,3.0946159959682913e-06,3.0946515463584508e-06,3.0946870949204476e-06,3.094722641624121e-06,3.09475818649398e-06,3.0947937295292368e-06,3.094829270721743e-06,3.094864810083296e-06,3.0949003476126148e-06,3.094935883286583e-06,3.094971417139441e-06,3.095006949153492e-06,3.0950424793353853e-06,3.0950780076823327e-06,3.095113534194408e-06,3.095149058871907e-06,3.095184581715159e-06,3.095220102724064e-06,3.095255621899665e-06,3.095291139242111e-06,3.0953266547512654e-06,3.0953621684227614e-06,3.0953976802623626e-06,3.095433190273608e-06,3.0954686984530055e-06,3.0955042048128465e-06,3.095539709328693e-06,3.0955752120218314e-06,3.0956107128759443e-06,3.0956462118484285e-06,3.0956817090409273e-06,3.095717204403802e-06,3.095752697939907e-06,3.0957881896434853e-06,3.0958236795254883e-06,3.0958591676135175e-06,3.0958946538144165e-06,3.0959301381997496e-06,3.095965620758039e-06,3.0960011014833294e-06,3.096036580385829e-06,3.096072057471043e-06,3.096107532718855e-06,3.0961430061450928e-06,3.096178477690758e-06,3.096213947455448e-06,3.096249415402785e-06,3.0962848815231856e-06,3.096320345817413e-06,3.0963558082755922e-06,3.0963912688922406e-06,3.096426727718203e-06,3.096462184668523e-06,3.0964976398417995e-06,3.0965330931433667e-06,3.0965685446699962e-06,3.096603994379532e-06,3.096639442247425e-06,3.0966748883052193e-06,3.0967103325420017e-06,3.096745774886386e-06,3.0967812154799965e-06,3.096816654277346e-06,3.0968520912289512e-06,3.096887526362752e-06,3.0969229596758365e-06,3.096958391168636e-06,3.0969938208514415e-06,3.0970292487278096e-06,3.0970646747764712e-06,3.0971000989827485e-06,3.0971355213915316e-06,3.0971709419698016e-06,3.0972063607233314e-06,3.0972417776666674e-06,3.0972771927931378e-06,3.097312606104363e-06,3.0973480175938793e-06,3.0973834272619016e-06,3.0974188351134016e-06,3.0974542411551213e-06,3.0974896453758717e-06,3.0975250477874267e-06,3.0975604483840205e-06,3.097595847165053e-06,3.0976312441278868e-06,3.0976666392746235e-06,3.0977020325974604e-06,3.097737424120827e-06,3.09777281382005e-06,3.0978082017235264e-06,3.097843587828244e-06,3.0978789721029246e-06,3.0979143545662743e-06,3.0979497352119456e-06,3.0979851140654124e-06,3.0980204910878997e-06,3.0980558662929915e-06,3.098091239700968e-06,3.098126611300707e-06,3.0981619810878923e-06,3.098197349048945e-06,3.098232715164218e-06,3.0982680795245616e-06,3.0983034420789846e-06,3.0983388027988766e-06,3.098374161734481e-06,3.0984095188634343e-06,3.0984448741835984e-06,3.0984802276997564e-06,3.0985155793922537e-06,3.098550929291807e-06,3.098586277386932e-06,3.0986216236771444e-06,3.098656968170576e-06,3.0986923108469948e-06,3.0987276517216925e-06,3.0987629907640687e-06,3.098798328028644e-06,3.098833663489071e-06,3.0988689971456674e-06,3.0989043290057052e-06,3.0989396590669525e-06,3.098974987263779e-06,3.09901031365518e-06,3.0990456382768265e-06,3.099080961118441e-06,3.099116282141077e-06,3.099151601376463e-06,3.0991869187555963e-06,3.0992222343809246e-06,3.0992575482258138e-06,3.0992928602599053e-06,3.0993281704941095e-06,3.099363478939894e-06,3.0993987855873937e-06,3.0994340904256477e-06,3.0994693934437974e-06,3.099504694684292e-06,3.0995399941341007e-06,3.0995752917755474e-06,3.099610587620069e-06,3.0996458816673267e-06,3.099681173903102e-06,3.0997164643579944e-06,3.09975175302012e-06,3.0997870398825097e-06,3.0998223249456297e-06,3.0998576082212345e-06,3.0998928896893926e-06,3.0999281693752955e-06,3.0999634472704145e-06,3.099998723344418e-06,3.1000339977037374e-06,3.1000692702213012e-06,3.1001045409402385e-06,3.1001398098638542e-06,3.100175076985216e-06,3.1002103423311615e-06,3.1002456058760287e-06,3.1002808676322033e-06,3.100316127556713e-06,3.100351385757571e-06,3.1003866421414973e-06,3.100421896736535e-06,3.100457149525205e-06,3.1004924005381723e-06,3.1005276497630924e-06,3.1005628972115045e-06,3.10059814290296e-06,3.100633386761207e-06,3.1006686288079025e-06,3.1007038690738856e-06,3.1007391075721804e-06,3.100774344324733e-06,3.1008095792395063e-06,3.100844812429336e-06,3.1008800437714915e-06,3.1009152733349287e-06,3.1009505011127625e-06,3.1009857270985705e-06,3.101020951301281e-06,3.1010561737229528e-06,3.1010913943576463e-06,3.1011266132123017e-06,3.101161830277798e-06,3.101197045565458e-06,3.101232259069165e-06,3.1012674707693437e-06,3.1013026807088597e-06,3.101337888866287e-06,3.1013730952359567e-06,3.1014082998301467e-06,3.101443502643188e-06,3.1014787036753985e-06,3.101513902927086e-06,3.101549100392872e-06,3.101584296086277e-06,3.101619489996991e-06,3.1016546821297384e-06,3.101689872453134e-06,3.1017250610282948e-06,3.1017602478251333e-06,3.1017954328439625e-06,3.1018306160850995e-06,3.101865797548858e-06,3.1019009772355505e-06,3.101936155139012e-06,3.1019713312725193e-06,3.1020065056299086e-06,3.102041678211489e-06,3.10207684901758e-06,3.1021120180484936e-06,3.1021471853045463e-06,3.10218235077931e-06,3.1022175144865856e-06,3.1022526764199426e-06,3.102287836579702e-06,3.102322994966173e-06,3.1023581515728044e-06,3.1023933064073667e-06,3.1024284594697778e-06,3.102463610766256e-06,3.1024987602910254e-06,3.102533908044398e-06,3.102569054026641e-06,3.10260419823817e-06,3.1026393406792494e-06,3.102674481343575e-06,3.1027096202447084e-06,3.102744757376341e-06,3.102779892738785e-06,3.1028150263323493e-06,3.102850158151644e-06,3.1028852882024137e-06,3.1029204164912752e-06,3.102955543012529e-06,3.1029906677609603e-06,3.1030257907479487e-06,3.1030609119682795e-06,3.1030960314222655e-06,3.1031311491102263e-06,3.103166265032474e-06,3.10320137918933e-06,3.103236491582953e-06,3.1032716022117986e-06,3.1033067110743664e-06,3.1033418181728026e-06,3.103376923507425e-06,3.103412027078553e-06,3.103447128886496e-06,3.103482228931575e-06,3.1035173272141052e-06,3.103552423734404e-06,3.103587518492787e-06,3.10362261148957e-06,3.1036577027275235e-06,3.103692792202057e-06,3.103727879919461e-06,3.1037629658730077e-06,3.103798050066539e-06,3.103833132504032e-06,3.1038682131784777e-06,3.1039032920938527e-06,3.103938369250479e-06,3.1039734446486706e-06,3.1040085182962193e-06,3.1040435901639024e-06,3.10407866029571e-06,3.1041137286703235e-06,3.1041487952869266e-06,3.1041838601254364e-06,3.1042189232303197e-06,3.1042539845790855e-06,3.104289044172121e-06,3.1043241020098388e-06,3.104359158092504e-06,3.1043942124203194e-06,3.104429264993768e-06,3.104464315813101e-06,3.1044993648786784e-06,3.1045344121885233e-06,3.104569457747421e-06,3.1046045015535665e-06,3.1046395436072416e-06,3.1046745839086685e-06,3.1047096224582428e-06,3.104744659256227e-06,3.104779694292556e-06,3.10481472758847e-06,3.1048497591337466e-06,3.1048847889287174e-06,3.1049198169737914e-06,3.1049548432688687e-06,3.1049898678149364e-06,3.10502489062069e-06,3.105059911673804e-06,3.105094930973838e-06,3.1051299485257736e-06,3.10516496431916e-06,3.105199978379621e-06,3.105234990692226e-06,3.1052700012598588e-06,3.105305010077762e-06,3.105340017143487e-06,3.1053750224634475e-06,3.10541002603796e-06,3.1054450278673388e-06,3.105480027951901e-06,3.105515026291961e-06,3.105550022899164e-06,3.105585017751181e-06,3.1056200108596494e-06,3.1056550022248866e-06,3.1056899918472095e-06,3.1057249797269324e-06,3.1057599658643733e-06,3.1057949502598495e-06,3.1058299329136764e-06,3.1058649138021337e-06,3.105899892971179e-06,3.1059348704071787e-06,3.1059698460972983e-06,3.106004820045524e-06,3.1060397922696283e-06,3.1060747627546656e-06,3.1061097314999155e-06,3.1061446985049963e-06,3.1061796637576363e-06,3.1062146272860454e-06,3.106249589080418e-06,3.106284549122696e-06,3.106319507441189e-06,3.106354464019796e-06,3.1063894188514002e-06,3.1064243719569944e-06,3.1064593233163255e-06,3.1064942729397833e-06,3.106529220827942e-06,3.106564166981071e-06,3.1065991113994754e-06,3.106634054083705e-06,3.1066689950325355e-06,3.1067039342549086e-06,3.106738871736584e-06,3.1067738074851563e-06,3.106808741502149e-06,3.106843673785468e-06,3.106878604337795e-06,3.1069135331558178e-06,3.106948460243622e-06,3.1069833856002175e-06,3.1070183092259243e-06,3.1070532311196533e-06,3.1070881512846465e-06,3.107123069718264e-06,3.1071579864222395e-06,3.1071929013969053e-06,3.1072278146423775e-06,3.107262726159306e-06,3.1072976359476324e-06,3.107332544008306e-06,3.1073674503409875e-06,3.107402354946186e-06,3.107437257810712e-06,3.1074721589618007e-06,3.107507058386664e-06,3.107541956085194e-06,3.10757685205786e-06,3.1076117463047457e-06,3.1076466388263917e-06,3.1076815296296925e-06,3.1077164187017934e-06,3.107751306019938e-06,3.10778619164387e-06,3.1078210755476407e-06,3.1078559577245784e-06,3.1078908381784943e-06,3.1079257169100815e-06,3.107960593918813e-06,3.107995469205788e-06,3.1080303427707478e-06,3.1080652146145353e-06,3.108100084736962e-06,3.108134953138608e-06,3.1081698198244477e-06,3.108204684785532e-06,3.108239548026728e-06,3.108274409548386e-06,3.108309269350834e-06,3.108344127441295e-06,3.108378983806327e-06,3.108413838453073e-06,3.1084486913823256e-06,3.1084835425934556e-06,3.108518392087336e-06,3.1085532398667536e-06,3.1085880859268722e-06,3.1086229302731822e-06,3.1086577729034688e-06,3.1086926138180684e-06,3.1087274530171905e-06,3.1087622905011966e-06,3.1087971262704294e-06,3.1088319603230347e-06,3.1088667926636146e-06,3.1089016232881954e-06,3.1089364522036166e-06,3.108971279403524e-06,3.1090061048906784e-06,3.109040928667375e-06,3.109075750746602e-06,3.109110571096841e-06,3.109145389735472e-06,3.109180206656129e-06,3.1092150218723325e-06,3.1092498353777685e-06,3.109284647173551e-06,3.1093194572586747e-06,3.1093542656123627e-06,3.1093890722804056e-06,3.1094238772385164e-06,3.1094586804886195e-06,3.1094934820078735e-06,3.1095282818444394e-06,3.109563079969064e-06,3.1095978763856666e-06,3.109632671128827e-06,3.109667464128133e-06,3.1097022554245654e-06,3.1097370450109175e-06,3.1097718328936136e-06,3.109806619072726e-06,3.1098414035420187e-06,3.1098761863049355e-06,3.109910967363197e-06,3.1099457467081824e-06,3.1099805243592554e-06,3.1100153003179744e-06,3.110050074574707e-06,3.1100848471155754e-06,3.110119617955262e-06,3.1101543870906572e-06,3.1101891545510785e-06,3.1102239202841167e-06,3.1102586843141304e-06,3.110293446644669e-06,3.110328207273845e-06,3.1103629662030592e-06,3.1103977234268362e-06,3.1104324789486047e-06,3.110467232777376e-06,3.110501984924438e-06,3.110536735354687e-06,3.110571484086135e-06,3.1106062311187085e-06,3.110640976453513e-06,3.1106757200903726e-06,3.1107104620296578e-06,3.1107452022713677e-06,3.1107799408166003e-06,3.1108146776651984e-06,3.1108494128175046e-06,3.110884146273701e-06,3.1109188780341717e-06,3.1109536080994355e-06,3.1109883364696857e-06,3.1110230631451025e-06,3.1110577881259825e-06,3.1110925114123905e-06,3.1111272330053848e-06,3.1111619529057154e-06,3.1111966711123304e-06,3.11123138762601e-06,3.111266102446881e-06,3.1113008155754478e-06,3.111335527012322e-06,3.1113702367565952e-06,3.1114049448103866e-06,3.111439651173359e-06,3.1114743558453135e-06,3.1115090588269183e-06,3.1115437601185767e-06,3.1115784597204298e-06,3.111613157633108e-06,3.111647853856502e-06,3.111682548390976e-06,3.111717241236918e-06,3.1117519323905484e-06,3.1117866218608032e-06,3.111821309643235e-06,3.111855995738254e-06,3.111890680146618e-06,3.1119253628685117e-06,3.111960043906404e-06,3.111994723279438e-06,3.11202940094498e-06,3.1120640769260183e-06,3.112098751214245e-06,3.1121334238224834e-06,3.112168094741827e-06,3.1122027640301865e-06,3.112237431586524e-06,3.1122720974586782e-06,3.1123067616476703e-06,3.1123414241539264e-06,3.1123760849780708e-06,3.112410744121766e-06,3.112445401581665e-06,3.1124800573603242e-06,3.1125147114560497e-06,3.11254936387392e-06,3.1125840146090644e-06,3.1126186636933317e-06,3.11265331106793e-06,3.1126879567644907e-06,3.112722600783015e-06,3.112757243121196e-06,3.112791883778319e-06,3.1128265227609765e-06,3.1128611600744356e-06,3.112895795691128e-06,3.112930429631066e-06,3.11296506190994e-06,3.112999692497936e-06,3.113034321415769e-06,3.113068948653478e-06,3.1131035742134116e-06,3.1131381980994274e-06,3.113172820301101e-06,3.1132074407717817e-06,3.113242059627665e-06,3.113276676846839e-06,3.113311292363353e-06,3.1133459062330605e-06,3.1133805183972394e-06,3.11341512890416e-06,3.1134497377236957e-06,3.113484344926288e-06,3.1135189503903944e-06,3.1135535542026323e-06,3.1135881562949758e-06,3.1136227567536244e-06,3.1136573555443385e-06,3.1136919526610274e-06,3.1137265480975177e-06,3.1137611419195937e-06,3.1137957339620382e-06,3.113830324398559e-06,3.113864913190072e-06,3.1138995002790663e-06,3.1139340856899137e-06,3.113968669451315e-06,3.114003251539859e-06,3.114037831957757e-06,3.114072410710727e-06,3.1141069878278405e-06,3.1141415632530715e-06,3.1141761369147397e-06,3.114210709004244e-06,3.114245279430665e-06,3.1142798481952294e-06,3.114314415342807e-06,3.1143489807702577e-06,3.11438354452834e-06,3.114418106657337e-06,3.1144526670656543e-06,3.114487225838757e-06,3.1145217829526025e-06,3.1145563383966287e-06,3.114590892180231e-06,3.1146254443051006e-06,3.114659994762572e-06,3.114694543551922e-06,3.114729090662716e-06,3.1147636361780608e-06,3.114798179989884e-06,3.1148327221767793e-06,3.1148672627025385e-06,3.1149018015829942e-06,3.1149363388087597e-06,3.1149708743218054e-06,3.115005408177504e-06,3.1150399403714026e-06,3.115074470913137e-06,3.1151089998420386e-06,3.115143527048875e-06,3.1151780526146446e-06,3.1152125765223103e-06,3.1152470987657654e-06,3.1152816194117956e-06,3.1153161383397923e-06,3.115350655620034e-06,3.11538517124256e-06,3.115419685207487e-06,3.1154541975421975e-06,3.1154887081933672e-06,3.115523217196416e-06,3.1155577245439873e-06,3.115592230248367e-06,3.1156267342891644e-06,3.1156612366812564e-06,3.1156957374137453e-06,3.11573023648886e-06,3.1157647339244502e-06,3.1157992297096645e-06,3.115833723834972e-06,3.1158682163090247e-06,3.1159027071399284e-06,3.1159371963119444e-06,3.115971683836548e-06,3.1160061696989434e-06,3.1160406539199386e-06,3.116075136492128e-06,3.116109617415137e-06,3.116144096686498e-06,3.116178574323289e-06,3.1162130502782122e-06,3.1162475246041923e-06,3.116281997273203e-06,3.1163164683100536e-06,3.1163509376954968e-06,3.116385405434044e-06,3.116419871580069e-06,3.116454336024918e-06,3.1164887988245882e-06,3.1165232599785686e-06,3.116557719499071e-06,3.11659217735849e-06,3.116626633581569e-06,3.1166610882021563e-06,3.11669554113433e-06,3.116729992421034e-06,3.116764442140374e-06,3.1167988901224665e-06,3.116833336475437e-06,3.1168677811924464e-06,3.116902224262549e-06,3.116936665691458e-06,3.1169711056146343e-06,3.1170055437800672e-06,3.1170399802756586e-06,3.1170744151395883e-06,3.1171088483492847e-06,3.117143279918771e-06,3.11717770987363e-06,3.1172121381885336e-06,3.1172465648646194e-06,3.117280989906807e-06,3.117315413288072e-06,3.1173498350339603e-06,3.1173842551483567e-06,3.117418673628294e-06,3.117453090460791e-06,3.1174875056700874e-06,3.117521919228522e-06,3.117556331185766e-06,3.11759074147136e-06,3.1176251501214755e-06,3.117659557149503e-06,3.1176939625349912e-06,3.117728366278496e-06,3.117762768386373e-06,3.117797168848026e-06,3.1178315676881786e-06,3.117865964897325e-06,3.117900360518314e-06,3.1179347544717604e-06,3.117969146784813e-06,3.1180035374794144e-06,3.1180379265099674e-06,3.11807231388869e-06,3.1181066996835066e-06,3.1181410838395866e-06,3.118175466361834e-06,3.1182098472321432e-06,3.1182442264932254e-06,3.118278604105404e-06,3.118312980106059e-06,3.1183473544839886e-06,3.118381727181041e-06,3.1184160982867298e-06,3.118450467793289e-06,3.1184848356418274e-06,3.118519201876179e-06,3.118553566475117e-06,3.118587929453831e-06,3.1186222907846878e-06,3.1186566505095182e-06,3.118691008577418e-06,3.1187253650053442e-06,3.1187597198299074e-06,3.1187940730505565e-06,3.1188284246342844e-06,3.1188627745969733e-06,3.118897122930773e-06,3.118931469759507e-06,3.1189658148315636e-06,3.119000158317817e-06,3.1190345001259457e-06,3.1190688403479992e-06,3.119103178943493e-06,3.119137515912029e-06,3.119171851261868e-06,3.1192061849481934e-06,3.1192405170354564e-06,3.119274847519953e-06,3.1193091763794176e-06,3.1193435036221363e-06,3.11937782924846e-06,3.119412153250521e-06,3.1194464756317624e-06,3.1194807964044004e-06,3.1195151155297935e-06,3.119549433053501e-06,3.1195837489580668e-06,3.1196180632374595e-06,3.1196523759052314e-06,3.119686686955672e-06,3.119720996387886e-06,3.1197553041713546e-06,3.1197896102976673e-06,3.119823914879492e-06,3.119858217837831e-06,3.1198925192094353e-06,3.1199268189424373e-06,3.119961117175966e-06,3.1199954136782603e-06,3.120029708565547e-06,3.120064001835812e-06,3.1200982934876284e-06,3.1201325835125377e-06,3.1201668719649704e-06,3.120201158781866e-06,3.1202354439727578e-06,3.1202697275640723e-06,3.1203040095251003e-06,3.120338289889287e-06,3.120372568644151e-06,3.120406845757127e-06,3.120441121281931e-06,3.1204753951799875e-06,3.120509667464077e-06,3.120543938175395e-06,3.120578207272361e-06,3.1206124747512314e-06,3.1206467406163346e-06,3.1206810048844643e-06,3.120715267524357e-06,3.1207495285648402e-06,3.1207837879949647e-06,3.1208180458163127e-06,3.1208523020346263e-06,3.1208865566444692e-06,3.1209208096105236e-06,3.1209550610078916e-06,3.120989310810693e-06,3.1210235589646985e-06,3.1210578055415965e-06,3.1210920505150255e-06,3.1211262938744743e-06,3.1211605356253318e-06,3.1211947757819724e-06,3.121229014342383e-06,3.1212632513294254e-06,3.1212974866698634e-06,3.121331720418561e-06,3.1213659525362727e-06,3.1214001830753027e-06,3.121434412023874e-06,3.121468639353301e-06,3.1215028650397566e-06,3.1215370891559933e-06,3.121571311593972e-06,3.1216055325278507e-06,3.121639751837276e-06,3.121673969543342e-06,3.121708185649157e-06,3.1217424001534186e-06,3.121776613071491e-06,3.121810824391039e-06,3.1218450341129976e-06,3.1218792422323085e-06,3.121913448749476e-06,3.121947653650763e-06,3.12198185697766e-06,3.122016058724348e-06,3.1220502588736873e-06,3.1220844573837826e-06,3.122118654321657e-06,3.122152849663609e-06,3.122187043403846e-06,3.1222212355528525e-06,3.1222554261075393e-06,3.1222896150557465e-06,3.1223238024252502e-06,3.1223579881971592e-06,3.122392172410471e-06,3.1224263549835163e-06,3.12246053596465e-06,3.122494715358928e-06,3.1225288931563367e-06,3.122563069360567e-06,3.1225972439689716e-06,3.1226314169892553e-06,3.122665588415751e-06,3.122699758253727e-06,3.1227339265119186e-06,3.1227680932411106e-06,3.1228022583224967e-06,3.1228364217983987e-06,3.122870583673864e-06,3.1229047439678314e-06,3.122938902677645e-06,3.12297305980707e-06,3.1230072153422958e-06,3.1230413692740465e-06,3.123075521592753e-06,3.123109672352105e-06,3.1231438215172655e-06,3.123177969118872e-06,3.123212115107586e-06,3.1232462595830774e-06,3.123280402387125e-06,3.1233145436170522e-06,3.1233486832490386e-06,3.123382821309837e-06,3.123416957790454e-06,3.1234510926889002e-06,3.1234852260036027e-06,3.1235193577276873e-06,3.1235534878604372e-06,3.1235876163961594e-06,3.123621743363802e-06,3.123655868772971e-06,3.1236899925587745e-06,3.123724114808455e-06,3.1237582354467644e-06,3.123792354497652e-06,3.1238264719697897e-06,3.123860587867735e-06,3.123894702175183e-06,3.1239288149008115e-06,3.1239629260446954e-06,3.12399703567077e-06,3.1240311437399647e-06,3.12406525014932e-06,3.1240993549142538e-06,3.124133458168575e-06,3.1241675598049323e-06,3.1242016599288693e-06,3.1242357584350878e-06,3.1242698553682797e-06,3.1243039507307603e-06,3.124338044500204e-06,3.1243721366991857e-06,3.124406227328347e-06,3.1244403164545927e-06,3.124474403915049e-06,3.124508489799105e-06,3.1245425741107995e-06,3.1245766568525735e-06,3.1246107380345715e-06,3.1246448176167628e-06,3.1246788956476136e-06,3.12471297207988e-06,3.1247470469384533e-06,3.1247811202225124e-06,3.1248151919328466e-06,3.124849262069789e-06,3.124883330633727e-06,3.124917397624825e-06,3.1249514630670307e-06,3.1249855269102715e-06,3.1250195891848903e-06,3.1250536498879136e-06,3.125087709019568e-06,3.1251217665801845e-06,3.125155822569972e-06,3.1251898770192215e-06,3.12522392986864e-06,3.1252579811480646e-06,3.125292030867781e-06,3.1253260789253567e-06,3.1253601254141354e-06,3.1253941704483023e-06,3.1254282138054656e-06,3.125462255671873e-06,3.125496295970497e-06,3.1255303347088244e-06,3.125564371896523e-06,3.1255984075021237e-06,3.125632441539349e-06,3.1256664740102132e-06,3.1257005049149575e-06,3.1257345342537873e-06,3.1257685620529644e-06,3.125802588277452e-06,3.1258366129205893e-06,3.1258706360200393e-06,3.125904657558105e-06,3.125938677511186e-06,3.1259726959932355e-06,3.126006712822748e-06,3.126040728090427e-06,3.1260747417049235e-06,3.126108753833164e-06,3.126142764393822e-06,3.1261767734066725e-06,3.1262107808515938e-06,3.126244786743427e-06,3.126278791062913e-06,3.1263127938350785e-06,3.126346795038193e-06,3.126380794681975e-06,3.1264147927375926e-06,3.1264487892615677e-06,3.1264827842322457e-06,3.126516777611327e-06,3.1265507694788526e-06,3.126584759737261e-06,3.1266187484669092e-06,3.126652735685643e-06,3.126686721300925e-06,3.126720705373436e-06,3.1267546878989835e-06,3.126788668842658e-06,3.1268226482924045e-06,3.1268566261235127e-06,3.126890602399277e-06,3.126924577086246e-06,3.1269585502500323e-06,3.126992521857003e-06,3.1270264918615146e-06,3.1270604603411716e-06,3.127094427316624e-06,3.1271283927204254e-06,3.127162356539139e-06,3.1271963188169792e-06,3.1272302795468565e-06,3.127264238782836e-06,3.1272981964267538e-06,3.127332152503056e-06,3.127366107029204e-06,3.1274000599937808e-06,3.127434011449343e-06,3.127467961313813e-06,3.1275019095937457e-06,3.1275358563415404e-06,3.127569801553823e-06,3.1276037452116857e-06,3.1276376873238795e-06,3.1276716278961293e-06,3.127705566904784e-06,3.127739504372425e-06,3.1277734403229416e-06,3.127807374670928e-06,3.1278413074923836e-06,3.1278752387141105e-06,3.1279091684461737e-06,3.127943096646561e-06,3.1279770232893144e-06,3.1280109483825623e-06,3.128044871911042e-06,3.128078793905944e-06,3.1281127143538323e-06,3.128146633248542e-06,3.128180550602878e-06,3.128214466431063e-06,3.1282483807009864e-06,3.128282293428978e-06,3.1283162046078174e-06,3.128350114284159e-06,3.1283840223833894e-06,3.1284179289373993e-06,3.1284518339379546e-06,3.1284857373319662e-06,3.1285196392548137e-06,3.1285535396584535e-06,3.12858743849257e-06,3.1286213358303138e-06,3.128655231574406e-06,3.1286891257664145e-06,3.128723018455341e-06,3.128756909590699e-06,3.1287907992047475e-06,3.128824687278451e-06,3.1288585737999584e-06,3.1288924587793713e-06,3.1289263422182074e-06,3.1289602241285306e-06,3.1289941045229194e-06,3.1290279833483067e-06,3.129061860562533e-06,3.129095736327072e-06,3.1291296105577097e-06,3.129163483221011e-06,3.129197354374442e-06,3.1292312239912123e-06,3.1292650920623787e-06,3.1292989586003398e-06,3.1293328236036e-06,3.1293666870704736e-06,3.129400549015092e-06,3.1294344094177544e-06,3.1294682682876655e-06,3.1295021256233216e-06,3.129535981414073e-06,3.1295698356205266e-06,3.1296036883432236e-06,3.1296375395246145e-06,3.129671389171741e-06,3.129705237376982e-06,3.1297390839683402e-06,3.129772929026548e-06,3.129806772560682e-06,3.1298406145585274e-06,3.129874455022238e-06,3.1299082939569653e-06,3.129942131353802e-06,3.1299759671537588e-06,3.130009801493598e-06,3.1300436343072224e-06,3.1300774655906075e-06,3.1301112953496703e-06,3.1301451235824374e-06,3.1301789502790717e-06,3.130212775489376e-06,3.130246599134985e-06,3.1302804212940567e-06,3.130314241951337e-06,3.130348061015859e-06,3.1303818785610245e-06,3.130415694572469e-06,3.1304495090550483e-06,3.130483322013745e-06,3.130517133444824e-06,3.1305509433578843e-06,3.1305847517303258e-06,3.1306185585897153e-06,3.1306523639246445e-06,3.130686167742364e-06,3.130719970027572e-06,3.130753770780406e-06,3.1307875700197987e-06,3.1308213677747872e-06,3.1308551639717874e-06,3.1308889586445145e-06,3.130922751800593e-06,3.130956543494812e-06,3.1309903335930037e-06,3.1310241222035096e-06,3.1310579092748695e-06,3.1310916948511433e-06,3.1311254788903615e-06,3.1311592613934384e-06,3.1311930423741782e-06,3.131226821842676e-06,3.131260599795285e-06,3.1312943762226294e-06,3.131328151134066e-06,3.1313619244901934e-06,3.1313956963563186e-06,3.1314294667081693e-06,3.131463235547191e-06,3.131497002869204e-06,3.131530768667863e-06,3.1315645329406672e-06,3.131598295702374e-06,3.1316320569593843e-06,3.1316658166915983e-06,3.131699574905204e-06,3.1317333315964703e-06,3.1317670867861453e-06,3.1318008404641752e-06,3.1318345926303775e-06,3.1318683432407938e-06,3.1319020923601724e-06,3.131935839927157e-06,3.1319695859764527e-06,3.132003330556984e-06,3.1320370736368044e-06,3.132070815199652e-06,3.1321045552514504e-06,3.132138293869233e-06,3.1321720308971263e-06,3.132205766422375e-06,3.132239500429366e-06,3.1322732329102304e-06,3.132306963883824e-06,3.132340693355387e-06,3.132374421318653e-06,3.1324081477719696e-06,3.13244187267122e-06,3.1324755961063925e-06,3.132509318026641e-06,3.1325430384454946e-06,3.132576757353541e-06,3.132610474751562e-06,3.1326441906402767e-06,3.132677905025675e-06,3.132711617900861e-06,3.132745329271831e-06,3.1327790391432953e-06,3.1328127474395344e-06,3.1328464542809084e-06,3.1328801596236676e-06,3.1329138634582564e-06,3.1329475657764257e-06,3.132981266603447e-06,3.1330149659248883e-06,3.1330486637687188e-06,3.133082360084498e-06,3.133116054893771e-06,3.1331497482138654e-06,3.133183440016063e-06,3.1332171303175256e-06,3.1332508191171008e-06,3.1332845064068664e-06,3.1333181922004504e-06,3.13335187648857e-06,3.13338555927586e-06,3.1334192405475567e-06,3.1334529203344447e-06,3.133486598616914e-06,3.1335202754066615e-06,3.1335539506892315e-06,3.1335876244717554e-06,3.133621296756669e-06,3.133654967539958e-06,3.133688636829753e-06,3.1337223046170023e-06,3.1337559709031067e-06,3.1337896356695738e-06,3.1338232989664146e-06,3.13385696075786e-06,3.1338906210467574e-06,3.133924279847805e-06,3.133957937152769e-06,3.133991592957706e-06,3.1340252472704146e-06,3.134058900101683e-06,3.134092551412831e-06,3.134126201238881e-06,3.134159849563951e-06,3.1341934965143206e-06,3.1342271418725325e-06,3.1342607857129838e-06,3.1342944280512903e-06,3.134328068919636e-06,3.134361708326172e-06,3.134395346189466e-06,3.134428982558678e-06,3.1344626174372283e-06,3.134496250829024e-06,3.134529882712011e-06,3.134563513157795e-06,3.134597142072247e-06,3.1346307694935345e-06,3.13466439541852e-06,3.13469801985213e-06,3.1347316428208114e-06,3.1347652642728922e-06,3.1347988842110258e-06,3.134832502704612e-06,3.1348661196923858e-06,3.134899735153389e-06,3.1349333491585565e-06,3.1349669616791188e-06,3.1350005726753788e-06,3.1350341821609877e-06,3.1350677902289777e-06,3.135101396719735e-06,3.1351350017938754e-06,3.1351686054328842e-06,3.1352022075341353e-06,3.1352358081560933e-06,3.135269407288782e-06,3.1353030049069133e-06,3.135336601079528e-06,3.1353701957553985e-06,3.1354037889504504e-06,3.1354373806587233e-06,3.135470970870355e-06,3.1355045596243374e-06,3.1355381468721017e-06,3.135571732645963e-06,3.135605316949791e-06,3.135638899761957e-06,3.135672481072081e-06,3.135706060922095e-06,3.135739639271329e-06,3.135773216134899e-06,3.135806791533173e-06,3.1358403654365065e-06,3.1358739378354592e-06,3.135907508897303e-06,3.1359410783441783e-06,3.1359746463260546e-06,3.136008212823368e-06,3.1360417778416276e-06,3.136075341380588e-06,3.1361089034275574e-06,3.1361424640041664e-06,3.1361760230983156e-06,3.136209580720186e-06,3.1362431368691358e-06,3.136276691535983e-06,3.1363102447485974e-06,3.1363437964591537e-06,3.13637734669331e-06,3.1364108954401276e-06,3.1364444427330878e-06,3.136477988534591e-06,3.136511532861644e-06,3.136545075717989e-06,3.1365786170947788e-06,3.1366121569946808e-06,3.1366456954194423e-06,3.1366792323684843e-06,3.1367127678724497e-06,3.136746301857179e-06,3.136779834392519e-06,3.136813365444654e-06,3.136846895029964e-06,3.136880423149911e-06,3.1369139497881837e-06,3.1369474749736263e-06,3.136980998661437e-06,3.1370145208832812e-06,3.137048041622149e-06,3.1370815609758624e-06,3.1371150787818667e-06,3.1371485951083764e-06,3.1371821099712317e-06,3.137215623382561e-06,3.1372491353073542e-06,3.137282645760734e-06,3.1373161547269266e-06,3.137349662264571e-06,3.1373831683032164e-06,3.137416672879857e-06,3.1374501759818702e-06,3.1374836776317134e-06,3.1375171778066553e-06,3.137550676505883e-06,3.137584173735769e-06,3.1376176695417003e-06,3.137651163843866e-06,3.1376846566817182e-06,3.1377181480518933e-06,3.137751637942047e-06,3.137785126328221e-06,3.137818613293584e-06,3.1378520988004742e-06,3.1378855828412097e-06,3.1379190654173938e-06,3.1379525465097964e-06,3.137986026152894e-06,3.1380195042938453e-06,3.1380529810071694e-06,3.1380864562459585e-06,3.1381199300331653e-06,3.138153402360014e-06,3.1381868732645386e-06,3.1382203426957217e-06,3.1382538106336463e-06,3.1382872771161015e-06,3.138320742080363e-06,3.1383542056338437e-06,3.1383876677307838e-06,3.138421128333728e-06,3.138454587503236e-06,3.138488045214025e-06,3.1385215014698603e-06,3.1385549562613296e-06,3.1385884096504604e-06,3.1386218615047244e-06,3.13865531192522e-06,3.13868876087874e-06,3.138722208371565e-06,3.138755654407888e-06,3.1387890989767687e-06,3.138822542097854e-06,3.1388559837641993e-06,3.138889423971837e-06,3.1389228627422654e-06,3.13895630003616e-06,3.138989735910749e-06,3.1390231703260627e-06,3.1390566032537655e-06,3.139090034731495e-06,3.1391234647564226e-06,3.1391568933003805e-06,3.1391903204176702e-06,3.1392237460085714e-06,3.1392571702090422e-06,3.139290592952211e-06,3.139324014243522e-06,3.139357434078833e-06,3.139390852426534e-06,3.139424269347232e-06,3.1394576848278595e-06,3.1394910988599403e-06,3.1395245114553868e-06,3.1395579226101263e-06,3.1395913322795885e-06,3.139624740501336e-06,3.1396581472958e-06,3.139691552619177e-06,3.1397249564922774e-06,3.1397583588976554e-06,3.1397917598599424e-06,3.139825159361606e-06,3.139858557414554e-06,3.139891954036294e-06,3.1399253492072467e-06,3.13995874292739e-06,3.1399921351831852e-06,3.14002552599774e-06,3.1400589154163615e-06,3.1400923033505327e-06,3.140125689836495e-06,3.1401590749060457e-06,3.140192458483097e-06,3.1402258406138043e-06,3.1402592212984555e-06,3.140292600548444e-06,3.140325978355931e-06,3.140359354789292e-06,3.14039272969177e-06,3.1404261031493395e-06,3.1404594751639787e-06,3.1404928457105603e-06,3.1405262148524186e-06,3.140559582551083e-06,3.1405929488332237e-06,3.140626313640205e-06,3.140659677008201e-06,3.1406930388316434e-06,3.140726399296798e-06,3.140759758337224e-06,3.1407931159234232e-06,3.140826472062779e-06,3.1408598267654514e-06,3.1408931800253247e-06,3.14092653186799e-06,3.140959882364257e-06,3.1409932312694753e-06,3.141026578714288e-06,3.1410599247892206e-06,3.1410932694528314e-06,3.1411266126357667e-06,3.1411599543447334e-06,3.141193294688193e-06,3.1412266335664084e-06,3.141259971007727e-06,3.1412933069525944e-06,3.141326641526081e-06,3.1413599746499076e-06,3.1413933063408793e-06,3.141426636613556e-06,3.1414599654527864e-06,3.1414932928330337e-06,3.1415266187343425e-06,3.141559943242924e-06,3.14159326625476e-06,3.1416265878951636e-06,3.1416599080809266e-06,3.141693226794615e-06,3.1417265441279592e-06,3.141759860060948e-06,3.141793174527386e-06,3.1418264875651914e-06,3.141859799163269e-06,3.141893109364708e-06,3.141926418102306e-06,3.1419597253944345e-06,3.1419930312339204e-06,3.142026335682219e-06,3.142059638688877e-06,3.1420929402628023e-06,3.1421262404107435e-06,3.1421595391230273e-06,3.1421928363987895e-06,3.1422261322123826e-06,3.1422594266095524e-06,3.1422927196026385e-06,3.1423260111522715e-06,3.1423593012792043e-06,3.1423925900048647e-06,3.1424258772284595e-06,3.1424591630824457e-06,3.142492447501926e-06,3.142525730490301e-06,3.1425590121143026e-06,3.142592292242515e-06,3.142625570948354e-06,3.1426588482215463e-06,3.1426921240846836e-06,3.1427253985384635e-06,3.142758671530664e-06,3.1427919431043662e-06,3.1428252132065105e-06,3.1428584819269345e-06,3.1428917492318783e-06,3.1429250151040222e-06,3.142958279619192e-06,3.1429915426569975e-06,3.1430248042444952e-06,3.1430580644400154e-06,3.14309132318587e-06,3.143124580433713e-06,3.1431578363390683e-06,3.143191090803006e-06,3.1432243438620446e-06,3.1432575955597847e-06,3.1432908458043435e-06,3.143324094584744e-06,3.1433573419634517e-06,3.1433905879145136e-06,3.1434238324385745e-06,3.1434570755565327e-06,3.1434903172457242e-06,3.1435235575153533e-06,3.1435567963639754e-06,3.1435900337112197e-06,3.1436232697158994e-06,3.143656504291981e-06,3.1436897373780003e-06,3.1437229690959263e-06,3.1437561994265233e-06,3.143789428343368e-06,3.1438226558400517e-06,3.143855881940912e-06,3.143889106604692e-06,3.1439223298329545e-06,3.1439555516627555e-06,3.143988772041182e-06,3.1440219910324987e-06,3.144055208597296e-06,3.144088424760978e-06,3.1441216395210294e-06,3.144154852939431e-06,3.144188064825668e-06,3.144221275333401e-06,3.14425448444365e-06,3.144287692128861e-06,3.1443208984001133e-06,3.1443541032751493e-06,3.1443873067233604e-06,3.1444205087319836e-06,3.1444537093305155e-06,3.1444869085339006e-06,3.1445201064401636e-06,3.144553302890901e-06,3.1445864978111526e-06,3.1446196913502984e-06,3.1446528834900035e-06,3.1446860742155905e-06,3.1447192635313804e-06,3.1447524514876177e-06,3.1447856379781984e-06,3.1448188230627145e-06,3.144852006730644e-06,3.1448851889952563e-06,3.144918369799369e-06,3.144951549247709e-06,3.1449847272781704e-06,3.145017903907856e-06,3.1450510791302574e-06,3.1450842528829253e-06,3.1451174252901094e-06,3.1451505962891096e-06,3.1451837658802123e-06,3.1452169340701477e-06,3.145250100766278e-06,3.145283266137716e-06,3.1453164300940595e-06,3.1453495926541293e-06,3.1453827538187285e-06,3.1454159135668074e-06,3.1454490719144278e-06,3.145482228873681e-06,3.145515384405133e-06,3.145548538610427e-06,3.1455816913354337e-06,3.1456148426590186e-06,3.145647992582449e-06,3.145681141042584e-06,3.1457142881044552e-06,3.1457474337887217e-06,3.145780578093849e-06,3.1458137210273944e-06,3.145846862446537e-06,3.145880002549333e-06,3.1459131412107303e-06,3.1459462785076914e-06,3.1459794144347385e-06,3.146012548927814e-06,3.1460456820211643e-06,3.146078813707174e-06,3.146111944000415e-06,3.1461450729321363e-06,3.146178200443919e-06,3.1462113264748927e-06,3.1462444511543985e-06,3.1462775744534667e-06,3.1463106963562185e-06,3.1463438168598553e-06,3.14637693596466e-06,3.1464100536703952e-06,3.146443169973797e-06,3.1464762848654498e-06,3.1465093983818504e-06,3.1465425104862296e-06,3.1465756212064105e-06,3.1466087305106776e-06,3.146641838429568e-06,3.1466749449632218e-06,3.1467080501304313e-06,3.146741153873763e-06,3.1467742562210094e-06,3.1468073571909996e-06,3.146840456747436e-06,3.146873554913809e-06,3.1469066516924532e-06,3.1469397470734985e-06,3.146972841064821e-06,3.1470059336456377e-06,3.147039024857731e-06,3.1470721145642236e-06,3.147105202977572e-06,3.1471382899824017e-06,3.147171375612203e-06,3.1472044598599353e-06,3.147237542696553e-06,3.1472706241552748e-06,3.1473037042270953e-06,3.147336782902508e-06,3.1473698603019262e-06,3.147402936189753e-06,3.1474360106799376e-06,3.1474690838017147e-06,3.1475021555266205e-06,3.147535225865418e-06,3.147568294938624e-06,3.147601362498616e-06,3.147634428658225e-06,3.147667493405571e-06,3.1477005568318777e-06,3.147733618843896e-06,3.147766679468797e-06,3.1477997387093874e-06,3.1478327965396368e-06,3.1478658530071643e-06,3.147898908088988e-06,3.147931961784738e-06,3.147965014093309e-06,3.1479980649729875e-06,3.148031114508245e-06,3.148064162662501e-06,3.1480972094324827e-06,3.1481302548181528e-06,3.1481632988403175e-06,3.1481963414575095e-06,3.1482293826916437e-06,3.1482624225421297e-06,3.1482954610097552e-06,3.1483284980669866e-06,3.148361533769119e-06,3.148394568088963e-06,3.148427601024022e-06,3.1484606325582057e-06,3.148493662732403e-06,3.1485266915252243e-06,3.148559718936788e-06,3.1485927449678658e-06,3.148625769618202e-06,3.1486587928880116e-06,3.148691814777819e-06,3.148724835288027e-06,3.1487578544186766e-06,3.1487908721702584e-06,3.1488238885425895e-06,3.148856903536165e-06,3.1488899171509864e-06,3.1489229293877794e-06,3.1489559402465858e-06,3.1489889497275317e-06,3.1490219578311347e-06,3.1490549645573813e-06,3.149087969878665e-06,3.149120973823579e-06,3.1491539764159527e-06,3.149186977608462e-06,3.1492199774524314e-06,3.1492529758946094e-06,3.149285972953137e-06,3.1493189686642626e-06,3.1493519629766903e-06,3.1493849559110822e-06,3.149417947471912e-06,3.1494509376480966e-06,3.149483926491641e-06,3.149516913924685e-06,3.1495498999749865e-06,3.149582884688088e-06,3.1496158680069794e-06,3.149648849925411e-06,3.149681830498283e-06,3.1497148096675377e-06,3.1497477875287505e-06,3.1497807640096142e-06,3.149813739125172e-06,3.149846712837725e-06,3.1498796852075426e-06,3.149912656175038e-06,3.1499456259408333e-06,3.149978594169231e-06,3.150011561061444e-06,3.1500445265620943e-06,3.1500774907114255e-06,3.150110453495816e-06,3.1501434149052303e-06,3.1501763749561426e-06,3.150209333631751e-06,3.1502422908536066e-06,3.150275246801497e-06,3.150308201379756e-06,3.150341154592082e-06,3.1503741064259773e-06,3.1504070569060755e-06,3.1504400060205363e-06,3.150472953768262e-06,3.1505059001539266e-06,3.1505388451420444e-06,3.150571788941751e-06,3.150604731304692e-06,3.1506376723131547e-06,3.150670611954821e-06,3.150703550137237e-06,3.1507364869459577e-06,3.1507694223985296e-06,3.150802356487855e-06,3.150835289220103e-06,3.1508682206345337e-06,3.1509011506343624e-06,3.1509340792718982e-06,3.150967006586367e-06,3.1509999324686093e-06,3.1510328570955886e-06,3.151065780282769e-06,3.151098702115471e-06,3.1511316225807117e-06,3.151164541683649e-06,3.1511974594394714e-06,3.1512303758346203e-06,3.1512632908760894e-06,3.1512962045101243e-06,3.1513291168153217e-06,3.1513620277285187e-06,3.151394937311261e-06,3.1514278455341493e-06,3.151460752401348e-06,3.151493657896721e-06,3.151526562044931e-06,3.1515594648339187e-06,3.151592366263033e-06,3.1516252663411523e-06,3.1516581650571713e-06,3.1516910624054613e-06,3.151723958397925e-06,3.15175685304493e-06,3.1517897463320995e-06,3.1518226382627977e-06,3.1518555288494676e-06,3.1518884180541745e-06,3.151921305919948e-06,3.1519541924310838e-06,3.1519870775850995e-06,3.1520199613969962e-06,3.1520528438522545e-06,3.1520857249376097e-06,3.1521186046763113e-06,3.152151483064715e-06,3.1521843600962624e-06,3.1522172357743482e-06,3.1522501100971047e-06,3.1522829830806414e-06,3.1523158547009147e-06,3.152348724959947e-06,3.1523815938741106e-06,3.152414461438743e-06,3.152447327651484e-06,3.1524801924912245e-06,3.15251305605085e-06,3.1525459182120863e-06,3.1525787790253927e-06,3.152611638531151e-06,3.1526444966247263e-06,3.1526773533821226e-06,3.1527102087906566e-06,3.1527430628501624e-06,3.1527759155744278e-06,3.1528087669386323e-06,3.1528416169526223e-06,3.152874465617922e-06,3.1529073129375102e-06,3.152940158907253e-06,3.1529730035341014e-06,3.153005846783229e-06,3.1530386887345617e-06,3.1530715293177605e-06,3.1531043684803156e-06,3.153137206369007e-06,3.1531700429134684e-06,3.153202878112244e-06,3.1532357119658782e-06,3.153268544495571e-06,3.153301375658486e-06,3.153334205569614e-06,3.153367034042046e-06,3.153399861172447e-06,3.1534326869653117e-06,3.153465511361177e-06,3.1534983344596514e-06,3.153531156192962e-06,3.1535639766136283e-06,3.153596795681606e-06,3.153629613409349e-06,3.153662429793524e-06,3.1536952448344923e-06,3.153728058532639e-06,3.1537608708904446e-06,3.1537936818997222e-06,3.1538264915655646e-06,3.1538592999030585e-06,3.1538921069011172e-06,3.15392491255538e-06,3.1539577168690572e-06,3.1539905198452608e-06,3.154023321480139e-06,3.1540561217765056e-06,3.1540889207315155e-06,3.1541217183503373e-06,3.1541545146312506e-06,3.154187309567889e-06,3.154220103162336e-06,3.1542528954270447e-06,3.154285686352461e-06,3.154318475946297e-06,3.1543512642016617e-06,3.1543840511183285e-06,3.154416836717312e-06,3.1544496208917506e-06,3.154482403795239e-06,3.1545151853648077e-06,3.1545479656037065e-06,3.15458074450535e-06,3.1546135220704596e-06,3.1546462983011395e-06,3.154679073217744e-06,3.1547118468067345e-06,3.154744619037271e-06,3.1547773899291654e-06,3.1548101593639853e-06,3.154842927596668e-06,3.154875694488033e-06,3.1549084600492624e-06,3.154941224274356e-06,3.15497398717219e-06,3.155006748735025e-06,3.1550395089470057e-06,3.155072267857699e-06,3.155105025443736e-06,3.1551377818294763e-06,3.1551705367334854e-06,3.155203290304968e-06,3.155236042460527e-06,3.155268793374463e-06,3.1553015429585537e-06,3.155334291218669e-06,3.1553670380885242e-06,3.1553997836823135e-06,3.1554325279366637e-06,3.155465270874097e-06,3.155498012488068e-06,3.155530752766461e-06,3.1555634916276486e-06,3.1555962292681034e-06,3.1556289655629985e-06,3.15566170054229e-06,3.1556944341773404e-06,3.155727166486218e-06,3.1557598974704375e-06,3.1557926271310114e-06,3.155825355464413e-06,3.155858082485874e-06,3.155890808195747e-06,3.155923532538929e-06,3.155956255561308e-06,3.1559889772808936e-06,3.156021697666648e-06,3.156054416742288e-06,3.1560871344779564e-06,3.1561198508845412e-06,3.156152565974155e-06,3.156185279764809e-06,3.1562179922405857e-06,3.1562507033468568e-06,3.1562834131476938e-06,3.1563161216187225e-06,3.1563488287671635e-06,3.1563815345938405e-06,3.1564142391079104e-06,3.15644694229496e-06,3.1564796441696425e-06,3.156512344710901e-06,3.1565450439256865e-06,3.156577741817737e-06,3.1566104384005724e-06,3.1566431336598383e-06,3.1566758276026727e-06,3.1567085202226098e-06,3.156741211525972e-06,3.1567739015109867e-06,3.1568065901781505e-06,3.1568392775294677e-06,3.156871963533649e-06,3.1569046483028525e-06,3.156937331684651e-06,3.1569700137589982e-06,3.1570026945185246e-06,3.157035373953098e-06,3.1570680520741712e-06,3.1571007288829348e-06,3.1571334043705187e-06,3.1571660785418538e-06,3.1571987513974036e-06,3.1572314229828507e-06,3.157264093216437e-06,3.1572967621129727e-06,3.1573294297111123e-06,3.157362095993072e-06,3.157394760957289e-06,3.157427424611448e-06,3.1574600869522786e-06,3.157492747979403e-06,3.1575254076992755e-06,3.157558066088159e-06,3.1575907231746815e-06,3.1576233789622688e-06,3.15765603338131e-06,3.1576886865149364e-06,3.1577213383503375e-06,3.1577539888717113e-06,3.1577866380572434e-06,3.157819285959156e-06,3.157851932557753e-06,3.1578845778263956e-06,3.157917221749231e-06,3.1579498644096475e-06,3.1579825057640403e-06,3.15801514578822e-06,3.1580477845038836e-06,3.1580804219217894e-06,3.1581130580383626e-06,3.1581456928410025e-06,3.158178326333807e-06,3.15821095851816e-06,3.158243589373337e-06,3.158276218940326e-06,3.158308847201911e-06,3.158341474159066e-06,3.15837409980505e-06,3.158406724146771e-06,3.1584393471838542e-06,3.1584719689039763e-06,3.158504589320269e-06,3.1585372084269387e-06,3.15856982623868e-06,3.158602442740803e-06,3.158635057937091e-06,3.1586676718264366e-06,3.1587002843597994e-06,3.1587328956584702e-06,3.1587655056404347e-06,3.1587981143132043e-06,3.1588307216819883e-06,3.1588633277482693e-06,3.1588959326044016e-06,3.158928536060965e-06,3.1589611381665216e-06,3.158993739008058e-06,3.159026338562986e-06,3.1590589368109503e-06,3.1590915337569197e-06,3.1591241294000263e-06,3.1591567237363533e-06,3.159189316777954e-06,3.1592219085225524e-06,3.1592544989519328e-06,3.159287088091828e-06,3.1593196759265544e-06,3.159352262460711e-06,3.1593848476736144e-06,3.1594174316096037e-06,3.1594500142511543e-06,3.1594825955952736e-06,3.159515175640417e-06,3.1595477543827625e-06,3.1595803318193194e-06,3.159612907967601e-06,3.1596454827783668e-06,3.159678056303181e-06,3.159710628559784e-06,3.1597431995148733e-06,3.1597757691768947e-06,3.159808337599616e-06,3.1598409047006427e-06,3.1598734704669444e-06,3.1599060349430925e-06,3.1599385982286015e-06,3.1599711601134747e-06,3.160003720697341e-06,3.1600362799876157e-06,3.1600688382259357e-06,3.1601013948986823e-06,3.1601339503096314e-06,3.160166504427901e-06,3.160199057251594e-06,3.1602316087808476e-06,3.1602641590126917e-06,3.1602967079404493e-06,3.1603292555860693e-06,3.160361801942044e-06,3.1603943470064618e-06,3.1604268907731422e-06,3.160459433252336e-06,3.1604919744550184e-06,3.1605245143230273e-06,3.160557053049986e-06,3.160589590365643e-06,3.160622126379357e-06,3.1606546611087936e-06,3.1606871945396413e-06,3.1607197267757346e-06,3.1607522576350844e-06,3.1607847872014336e-06,3.1608173154777665e-06,3.160849842468406e-06,3.1608823681695854e-06,3.1609148925820416e-06,3.1609474157065604e-06,3.1609799375430657e-06,3.1610124580766997e-06,3.1610449772854394e-06,3.161077495254352e-06,3.1611100119751705e-06,3.1611425273733796e-06,3.1611750414785426e-06,3.1612075543031023e-06,3.161240065876114e-06,3.1612725761167984e-06,3.1613050850829637e-06,3.161337592766787e-06,3.161370099079807e-06,3.1614026041856836e-06,3.1614351078882177e-06,3.1614676104306444e-06,3.1615001116729183e-06,3.16153261165637e-06,3.161565110343569e-06,3.161597607743815e-06,3.161630103835208e-06,3.1616625986620306e-06,3.1616950922166127e-06,3.1617275844847945e-06,3.1617600754736677e-06,3.1617925651794007e-06,3.1618250536033806e-06,3.161857540750364e-06,3.1618900266110955e-06,3.1619225111867574e-06,3.1619549944600752e-06,3.1619874764924724e-06,3.162019957222623e-06,3.1620524366760572e-06,3.1620849148458766e-06,3.1621173917543187e-06,3.162149867377766e-06,3.162182341698736e-06,3.162214814756161e-06,3.162247286557703e-06,3.162279757032567e-06,3.16231222624557e-06,3.162344694182239e-06,3.162377160835344e-06,3.162409626220961e-06,3.162442090330058e-06,3.1624745532302156e-06,3.1625070147915223e-06,3.1625394750519146e-06,3.1625719340635767e-06,3.1626043917843355e-06,3.1626368482607505e-06,3.1626693034463334e-06,3.1627017573466945e-06,3.1627342099668632e-06,3.1627666613392597e-06,3.1627991114157397e-06,3.1628315601992376e-06,3.162864007719147e-06,3.1628964539659076e-06,3.1629288989410217e-06,3.162961342656811e-06,3.162993785068463e-06,3.163026226190123e-06,3.1630586660670783e-06,3.1630911046711527e-06,3.1631235420547055e-06,3.1631559781098905e-06,3.1631884128958677e-06,3.1632208463914386e-06,3.163253278650816e-06,3.1632857096243213e-06,3.1633181393234227e-06,3.163350567735787e-06,3.1633829948894816e-06,3.1634154207719105e-06,3.1634478453881536e-06,3.1634802687302757e-06,3.1635126908054707e-06,3.163545111615138e-06,3.1635775311519094e-06,3.1636099494217276e-06,3.163642366385478e-06,3.16367478209562e-06,3.1637071965560023e-06,3.1637396097605436e-06,3.1637720216833186e-06,3.1638044323361324e-06,3.1638368417300935e-06,3.1638692498512796e-06,3.1639016567772484e-06,3.1639340623641293e-06,3.1639664666846404e-06,3.1639988697350117e-06,3.1640312715224327e-06,3.1640636720437864e-06,3.164096071302987e-06,3.1641284692877788e-06,3.1641608660091715e-06,3.16419326146964e-06,3.1642256556893024e-06,3.164258048598803e-06,3.1642904402670225e-06,3.164322830664248e-06,3.164355219885675e-06,3.1643876077623082e-06,3.1644199943693348e-06,3.164452379719308e-06,3.1644847638034623e-06,3.164517146627616e-06,3.1645495281862766e-06,3.164581908479354e-06,3.1646142875103666e-06,3.1646466652794835e-06,3.1646790418012615e-06,3.1647114170507074e-06,3.164743791039131e-06,3.1647761637661555e-06,3.1648085352294073e-06,3.1648409054386138e-06,3.1648732743845083e-06,3.16490564213175e-06,3.1649380085544667e-06,3.164970373724076e-06,3.165002737627904e-06,3.1650351001899844e-06,3.1650674615824288e-06,3.1650998217096926e-06,3.165132180578515e-06,3.1651645381794635e-06,3.165196894532175e-06,3.165229249633833e-06,3.165261603471333e-06,3.1652939560583996e-06,3.1653263073816292e-06,3.1653586574514754e-06,3.1653910062644543e-06,3.165423353801662e-06,3.1654557000990836e-06,3.165488045140639e-06,3.1655203889265412e-06,3.1655527314570323e-06,3.165585072732335e-06,3.1656174127526797e-06,3.165649751521616e-06,3.165682089036057e-06,3.1657144252929503e-06,3.1657467602957816e-06,3.1657790940425617e-06,3.16581142653802e-06,3.165843757780119e-06,3.1658760877691045e-06,3.165908416506068e-06,3.1659407439967152e-06,3.165973070222551e-06,3.1660053952013207e-06,3.1660377189281263e-06,3.166070041403182e-06,3.166102362626725e-06,3.1661346825989763e-06,3.1661670013201877e-06,3.1661993187905665e-06,3.166231635010328e-06,3.1662639499797423e-06,3.16629626370225e-06,3.1663285761791157e-06,3.1663608873987827e-06,3.1663931973689765e-06,3.166425506089958e-06,3.1664578135651576e-06,3.1664901197915895e-06,3.1665224247685423e-06,3.1665547284980964e-06,3.1665870309845945e-06,3.1666193322149847e-06,3.166651632231863e-06,3.166683930969512e-06,3.166716228443074e-06,3.1667485246865993e-06,3.166780819682161e-06,3.1668131134301906e-06,3.166845405934239e-06,3.166877697192252e-06,3.166909986987506e-06,3.166942275754139e-06,3.1669745632642515e-06,3.1670068495449074e-06,3.1670391345792026e-06,3.1670714183606836e-06,3.1671037009122244e-06,3.1671359822262328e-06,3.1671682622803897e-06,3.167200541072998e-06,3.16723281864294e-06,3.1672650949689235e-06,3.167297370039964e-06,3.167329643877392e-06,3.1673619164326825e-06,3.1673941877800103e-06,3.167426457891181e-06,3.167458726759483e-06,3.1674909943804574e-06,3.1675232607655597e-06,3.167555525851727e-06,3.167587789769571e-06,3.1676200524396866e-06,3.167652313861117e-06,3.167684574037257e-06,3.167716832975333e-06,3.167749090679052e-06,3.16778134713612e-06,3.1678136023364868e-06,3.1678458563220338e-06,3.1678781090684452e-06,3.1679103605743863e-06,3.1679426108436854e-06,3.167974859860645e-06,3.16800710764486e-06,3.1680393541878798e-06,3.1680715995041017e-06,3.1681038435774413e-06,3.1681360864418006e-06,3.1681683280536916e-06,3.1682005684161646e-06,3.168232807540777e-06,3.1682650454326292e-06,3.1682972820914066e-06,3.168329517465977e-06,3.1683617516668583e-06,3.168393984624376e-06,3.1684262163420593e-06,3.1684584468213226e-06,3.1684906760745998e-06,3.168522904038539e-06,3.168555130827639e-06,3.1685873563731078e-06,3.1686195806805833e-06,3.1686518035362676e-06,3.168684025374678e-06,3.1687162460102805e-06,3.168748465370727e-06,3.1687806835128136e-06,3.168812900463775e-06,3.1688451161388217e-06,3.1688773305654173e-06,3.168909543776941e-06,3.1689417557127768e-06,3.168973966461447e-06,3.1690061760258574e-06,3.169038384417559e-06,3.169070591478438e-06,3.169102797304001e-06,3.1691350019226206e-06,3.169167205288075e-06,3.1691994074280055e-06,3.169231608339071e-06,3.1692638080230155e-06,3.169296006478757e-06,3.1693282036790348e-06,3.1693603996748364e-06,3.1693925944439585e-06,3.169424787989998e-06,3.1694569802802367e-06,3.169489171363146e-06,3.1695213612247866e-06,3.1695535498518636e-06,3.1695857372372276e-06,3.1696179234184135e-06,3.1696501083662454e-06,3.1696822920673337e-06,3.169714474518837e-06,3.1697466557830716e-06,3.1697788358187167e-06,3.169811014643784e-06,3.1698431922130048e-06,3.1698753685758557e-06,3.1699075437189983e-06,3.169939717640989e-06,3.1699718903351972e-06,3.1700040618394456e-06,3.1700362321077713e-06,3.1700684011302622e-06,3.170100568924122e-06,3.1701327354979933e-06,3.170164900855449e-06,3.170197064985434e-06,3.1702292278928523e-06,3.170261389579602e-06,3.170293550044255e-06,3.1703257092856597e-06,3.17035786719025e-06,3.170390024133776e-06,3.1704221797106186e-06,3.170454334074234e-06,3.170486487270464e-06,3.1705186391525285e-06,3.170550789846474e-06,3.170582939317792e-06,3.170615087543662e-06,3.1706472345821384e-06,3.170679380396983e-06,3.170711524992695e-06,3.1707436683694105e-06,3.170775810527352e-06,3.170807951467171e-06,3.170840091189184e-06,3.1708722296852365e-06,3.170904366965181e-06,3.1709365030224514e-06,3.170968637872425e-06,3.1710007715055717e-06,3.1710329039213358e-06,3.1710650351287426e-06,3.1710971651111856e-06,3.1711292938773015e-06,3.1711614214976966e-06,3.171193547822117e-06,3.1712256729405934e-06,3.1712577968290863e-06,3.1712899195224783e-06,3.1713220409894763e-06,3.171354161234865e-06,3.1713862802667214e-06,3.1714183980805967e-06,3.1714505146933747e-06,3.1714826300790256e-06,3.1715147442704912e-06,3.171546857244566e-06,3.171578969012177e-06,3.1716110795640493e-06,3.1716431888761986e-06,3.1716752969695493e-06,3.1717074038754864e-06,3.171739509583119e-06,3.171771614005495e-06,3.171803717280023e-06,3.1718358193342874e-06,3.171867920179166e-06,3.171900019856741e-06,3.171932118286294e-06,3.171964215505795e-06,3.1719963115246058e-06,3.1720284063111853e-06,3.172060499886295e-06,3.172092592279654e-06,3.1721246834456176e-06,3.1721567734046925e-06,3.172188862160718e-06,3.172220949676958e-06,3.172253036011339e-06,3.172285121175058e-06,3.1723172050929557e-06,3.1723492877926397e-06,3.1723813693159636e-06,3.172413449610783e-06,3.1724455287019725e-06,3.1724776065825105e-06,3.1725096832600355e-06,3.1725417587158637e-06,3.172573832976635e-06,3.1726059060313537e-06,3.172637977904312e-06,3.172670048560387e-06,3.172702117908893e-06,3.172734186141127e-06,3.1727662531683124e-06,3.172798318991168e-06,3.1728303835053557e-06,3.172862446832916e-06,3.172894509039237e-06,3.1729265700573134e-06,3.1729586298621615e-06,3.1729906884602744e-06,3.17302274586198e-06,3.1730548020536416e-06,3.173086857021826e-06,3.1731189108238606e-06,3.1731509634037057e-06,3.173183014772182e-06,3.1732150648692137e-06,3.17324711385274e-06,3.17327916169454e-06,3.1733112082525464e-06,3.1733432536094176e-06,3.1733752977810195e-06,3.1734073408011343e-06,3.173439382586042e-06,3.1734714230872223e-06,3.1735034624547087e-06,3.1735355006267483e-06,3.173567537598849e-06,3.1735995733719195e-06,3.1736316079458766e-06,3.1736636413209356e-06,3.1736956734833323e-06,3.1737277044384568e-06,3.173759734208762e-06,3.173791762789994e-06,3.173823790173937e-06,3.1738558163601775e-06,3.1738878413380153e-06,3.173919865096454e-06,3.1739518876907516e-06,3.1739839090948617e-06,3.17401592937648e-06,3.17404794846158e-06,3.174079966334611e-06,3.1741119830039863e-06,3.1741439984135265e-06,3.1741760127000764e-06,3.174208025750876e-06,3.1742400375724946e-06,3.1742720482091257e-06,3.174304057662735e-06,3.1743360659126624e-06,3.1743680730303955e-06,3.1744000788918564e-06,3.1744320835504656e-06,3.174464087014326e-06,3.1744960893054887e-06,3.1745280904200033e-06,3.174560090331738e-06,3.1745920890546832e-06,3.1746240865969384e-06,3.174656082915982e-06,3.1746880780414813e-06,3.1747200719711397e-06,3.1747520647134836e-06,3.174784056256318e-06,3.1748160466122867e-06,3.1748480357867673e-06,3.17488002375934e-06,3.1749120105504287e-06,3.1749439961753665e-06,3.1749759805844254e-06,3.175007963799736e-06,3.175039945828494e-06,3.175071926663789e-06,3.175103906313837e-06,3.1751358847706874e-06,3.1751678620422464e-06,3.1751998381081074e-06,3.175231813004277e-06,3.1752637868102836e-06,3.175295759326245e-06,3.175327730638022e-06,3.17535970088555e-06,3.1753916698439805e-06,3.175423637611802e-06,3.175455604196461e-06,3.1754875695946244e-06,3.1755195337946892e-06,3.1755514968202667e-06,3.1755834586602635e-06,3.1756154193032783e-06,3.17564737877189e-06,3.1756793370621822e-06,3.1757112940570913e-06,3.1757432499711216e-06,3.1757752047015106e-06,3.1758071582466586e-06,3.1758391106076254e-06,3.175871061783419e-06,3.175903011765227e-06,3.1759349605796964e-06,3.1759669081528653e-06,3.1759988545965607e-06,3.1760307998458553e-06,3.176062743931024e-06,3.176094686824293e-06,3.176126628537266e-06,3.176158569059691e-06,3.1761905083806825e-06,3.1762224464578227e-06,3.1762543834467017e-06,3.1762863192555854e-06,3.1763182538808453e-06,3.1763501873207244e-06,3.1763821195815066e-06,3.1764140506682973e-06,3.1764459804701394e-06,3.176477909196974e-06,3.1765098367371487e-06,3.176541763071666e-06,3.176573688261091e-06,3.1766056122681603e-06,3.1766375351968273e-06,3.1766694568308078e-06,3.176701377303225e-06,3.1767332965710307e-06,3.1767652146871775e-06,3.1767971316696626e-06,3.1768290472739214e-06,3.176860961856262e-06,3.176892875262051e-06,3.1769247876551345e-06,3.176956698706257e-06,3.176988608578531e-06,3.1770205173673434e-06,3.1770524249063276e-06,3.1770843312485263e-06,3.177116236421467e-06,3.1771481404200332e-06,3.177180043242803e-06,3.1772119448908516e-06,3.177243845398118e-06,3.177275744697234e-06,3.1773076428219972e-06,3.1773395397719155e-06,3.177371435506248e-06,3.1774033301096224e-06,3.1774352235379348e-06,3.177467115796678e-06,3.177499006877831e-06,3.1775308967943872e-06,3.177562785533029e-06,3.1775946731203493e-06,3.177626559509471e-06,3.17765844472802e-06,3.177690328768436e-06,3.1777222115561837e-06,3.1777540932921634e-06,3.1777859738297833e-06,3.177817853196176e-06,3.1778497313867662e-06,3.1778816083965875e-06,3.1779134842550195e-06,3.1779453589412375e-06,3.1779772324340077e-06,3.1780091047867135e-06,3.178040975963346e-06,3.178072845975777e-06,3.1781047147347444e-06,3.17813658240493e-06,3.1781684489267614e-06,3.17820031426222e-06,3.178232178429138e-06,3.1782640414266005e-06,3.178295903255311e-06,3.1783277639180005e-06,3.1783596234133035e-06,3.178391481671866e-06,3.1784233388253994e-06,3.1784551948207178e-06,3.178487049640694e-06,3.178518903317272e-06,3.1785507558142457e-06,3.17858260714552e-06,3.1786144573124334e-06,3.1786463063045346e-06,3.1786781541390755e-06,3.178710000814398e-06,3.1787418463213496e-06,3.178773690653146e-06,3.1788055338215246e-06,3.1788373758442946e-06,3.1788692166871397e-06,3.17890105637331e-06,3.178932894871318e-06,3.1789647322304005e-06,3.1789965684271484e-06,3.1790284034610517e-06,3.179060237322392e-06,3.179092070035558e-06,3.1791239015827375e-06,3.179155731939962e-06,3.1791875611634707e-06,3.1792193892257003e-06,3.1792512161255335e-06,3.1792830418625654e-06,3.179314866440026e-06,3.179346689858394e-06,3.1793785121145794e-06,3.179410333207277e-06,3.179442153146267e-06,3.1794739719246054e-06,3.179505789543417e-06,3.179537606077143e-06,3.1795694214419877e-06,3.1796012355834544e-06,3.1796330485729026e-06,3.1796648603863044e-06,3.179696671048955e-06,3.1797284805579933e-06,3.1797602889142056e-06,3.1797920961015903e-06,3.179823902157668e-06,3.1798557070355777e-06,3.179887510756434e-06,3.179919313394956e-06,3.179951114802356e-06,3.179982915059605e-06,3.1800147141321226e-06,3.1800465120709693e-06,3.1800783086975443e-06,3.180110104334101e-06,3.1801418987499634e-06,3.1801736920628324e-06,3.1802054841914795e-06,3.180237275199235e-06,3.180269065075241e-06,3.180300853758305e-06,3.1803326413029917e-06,3.180364427696603e-06,3.1803962129230913e-06,3.1804279969760145e-06,3.180459779906883e-06,3.1804915617051177e-06,3.1805233423303653e-06,3.1805551217781673e-06,3.1805869001000465e-06,3.1806186772767193e-06,3.180650453287751e-06,3.180682228127877e-06,3.1807140018112676e-06,3.1807457743645652e-06,3.180777545774872e-06,3.1808093160364635e-06,3.1808410851411326e-06,3.1808728530993625e-06,3.180904619887671e-06,3.1809363855463554e-06,3.1809681500252276e-06,3.180999913383625e-06,3.1810316755978044e-06,3.181063436657544e-06,3.181095196568265e-06,3.1811269553284404e-06,3.1811587129420153e-06,3.1811904694016624e-06,3.181222224717801e-06,3.18125397878486e-06,3.181285731806213e-06,3.181317483674449e-06,3.18134923440519e-06,3.1813809839446576e-06,3.1814127323774084e-06,3.1814444797404807e-06,3.181476225870548e-06,3.1815079708545036e-06,3.1815397146960695e-06,3.1815714573966552e-06,3.1816031989491344e-06,3.1816349393812436e-06,3.181666678623183e-06,3.1816984167423923e-06,3.1817301537164776e-06,3.1817618895461684e-06,3.1817936242315275e-06,3.1818253577680977e-06,3.1818570901418767e-06,3.181888821395141e-06,3.181920551504818e-06,3.181952280466727e-06,3.1819840082663662e-06,3.1820157348822487e-06,3.1820474604207988e-06,3.1820791848394756e-06,3.182110908098504e-06,3.1821426302172134e-06,3.1821743511908713e-06,3.1822060710178634e-06,3.182237789728282e-06,3.1822695072593666e-06,3.182301223665711e-06,3.1823329389268843e-06,3.1823646530484065e-06,3.182396366028612e-06,3.182428077871096e-06,3.1824597885781617e-06,3.1824914981388036e-06,3.1825232065627875e-06,3.1825549139095614e-06,3.1825866199649163e-06,3.1826183249683304e-06,3.1826500288344177e-06,3.182681731560003e-06,3.1827134331452403e-06,3.182745133593938e-06,3.1827768329060174e-06,3.182808531102482e-06,3.1828402281330605e-06,3.182871924027473e-06,3.1829036187822e-06,3.1829353124069094e-06,3.18296700482722e-06,3.182998696115995e-06,3.1830303863071894e-06,3.1830620753833475e-06,3.183093763326061e-06,3.1831254501288827e-06,3.1831571357997777e-06,3.183188820335938e-06,3.1832205037590383e-06,3.1832521860238563e-06,3.1832838671599182e-06,3.1833155471586538e-06,3.1833472260226565e-06,3.1833789037459037e-06,3.183410580340359e-06,3.183442255773093e-06,3.183473930097072e-06,3.1835056032931875e-06,3.1835372753488144e-06,3.1835689462781725e-06,3.1836006160804965e-06,3.1836322847236187e-06,3.1836639522597416e-06,3.1836956186564756e-06,3.183727283925137e-06,3.183758948061991e-06,3.1837906111115897e-06,3.1838222730281348e-06,3.1838539337724544e-06,3.1838855933852796e-06,3.183917251890843e-06,3.183948909231165e-06,3.1839805654478196e-06,3.1840122205395106e-06,3.1840438745101095e-06,3.1840755273425947e-06,3.184107179033523e-06,3.184138829611208e-06,3.184170479051863e-06,3.18420212732502e-06,3.184233774490084e-06,3.1842654205524943e-06,3.184297065413775e-06,3.1843287090963322e-06,3.184360351877992e-06,3.1843919934275255e-06,3.184423633851151e-06,3.184455273145621e-06,3.1844869111124684e-06,3.1845185481597344e-06,3.1845501840768688e-06,3.1845818188542296e-06,3.1846134523691506e-06,3.1846450849991033e-06,3.1846767162794226e-06,3.184708346646251e-06,3.1847399758016697e-06,3.184771603837007e-06,3.1848032307468743e-06,3.184834856548901e-06,3.1848664811700894e-06,3.184898104699774e-06,3.184929727112026e-06,3.184961348388984e-06,3.184992968611478e-06,3.185024587653353e-06,3.1850562055645835e-06,3.1850878223596623e-06,3.185119438002214e-06,3.1851510524810164e-06,3.1851826659090333e-06,3.1852142782214563e-06,3.185245889350847e-06,3.1852774994139717e-06,3.185309108361392e-06,3.1853407161110885e-06,3.1853723227148244e-06,3.1854039282923533e-06,3.185435532749925e-06,3.185467136092245e-06,3.1854987383444897e-06,3.185530339445933e-06,3.1855619393982585e-06,3.18559353825158e-06,3.1856251358319814e-06,3.1856567324534256e-06,3.1856883279270123e-06,3.185719922267573e-06,3.1857515155247276e-06,3.1857831076663336e-06,3.185814698794442e-06,3.18584628868751e-06,3.185877877465167e-06,3.1859094651236035e-06,3.1859410516874733e-06,3.185972637153662e-06,3.1860042214703896e-06,3.186035804688813e-06,3.1860673867452026e-06,3.186098967718263e-06,3.1861305475319852e-06,3.1861621262148848e-06,3.1861937038368023e-06,3.186225280346215e-06,3.1862568557367507e-06,3.1862884300122973e-06,3.186320003173439e-06,3.1863515752181363e-06,3.1863831461532792e-06,3.1864147159736582e-06,3.186446284672237e-06,3.1864778522555533e-06,3.1865094187095756e-06,3.186540984070127e-06,3.1865725483230495e-06,3.1866041114580787e-06,3.186635673494482e-06,3.1866672344063957e-06,3.186698794179403e-06,3.1867303528733366e-06,3.186761910415938e-06,3.186793466945372e-06,3.1868250223073925e-06,3.1868565765320086e-06,3.1868881296328035e-06,3.1869196816460876e-06,3.186951232597557e-06,3.1869827823812992e-06,3.1870143310655325e-06,3.187045878652334e-06,3.187077425112951e-06,3.1871089704668406e-06,3.1871405147081066e-06,3.1871720578368392e-06,3.187203599864768e-06,3.1872351407565196e-06,3.1872666805800594e-06,3.1872982192753225e-06,3.187329756870412e-06,3.1873612933738844e-06,3.1873928287451573e-06,3.187424363003964e-06,3.1874558961590606e-06,3.187487428221162e-06,3.1875189591453863e-06,3.1875504889771403e-06,3.1875820176940974e-06,3.18761354531354e-06,3.187645071844229e-06,3.1876765973871115e-06,3.187708121687139e-06,3.187739644884238e-06,3.1877711669772257e-06,3.187802687959954e-06,3.1878342077577725e-06,3.1878657265312493e-06,3.187897244179468e-06,3.187928760742755e-06,3.187960276201988e-06,3.1879917905861077e-06,3.1880233040041344e-06,3.188054816150581e-06,3.188086327176271e-06,3.188117837120806e-06,3.1881493459328816e-06,3.1881808536368944e-06,3.188212360204507e-06,3.188243865682013e-06,3.188275370130983e-06,3.18830687345241e-06,3.188338375649551e-06,3.188369876768071e-06,3.1884013767860162e-06,3.1884328756924424e-06,3.1884643735139934e-06,3.1884958702131534e-06,3.1885273658100986e-06,3.1885588602835164e-06,3.18859035373443e-06,3.1886218460817333e-06,3.1886533372878566e-06,3.188684827399843e-06,3.1887163163727033e-06,3.1887478043423866e-06,3.1887792911505053e-06,3.1888107768121775e-06,3.1888422613649693e-06,3.1888737448603417e-06,3.188905227329149e-06,3.1889367087827917e-06,3.1889681890033123e-06,3.188999668101873e-06,3.1890311461444886e-06,3.189062623078131e-06,3.189094098908701e-06,3.189125573520109e-06,3.189157047122285e-06,3.189188519658036e-06,3.189219991097399e-06,3.189251461421025e-06,3.1892829307344913e-06,3.1893143987048255e-06,3.1893458657628747e-06,3.189377331725815e-06,3.189408796593658e-06,3.18944026036986e-06,3.189471722939317e-06,3.189503184528683e-06,3.1895346450632606e-06,3.189566104445348e-06,3.1895975628488856e-06,3.18962902005864e-06,3.18966047617512e-06,3.1896919311641446e-06,3.1897233850845256e-06,3.1897548379171003e-06,3.189786289592525e-06,3.1898177402419612e-06,3.1898491897922824e-06,3.1898806382412392e-06,3.1899120855958333e-06,3.1899435318745456e-06,3.1899749770744806e-06,3.1900064211639037e-06,3.190037864183705e-06,3.1900693061007944e-06,3.190100746886142e-06,3.190132186609942e-06,3.1901636252382768e-06,3.190195062789769e-06,3.1902264992465802e-06,3.190257934604632e-06,3.190289368891902e-06,3.1903208020675594e-06,3.190352234153005e-06,3.190383665161028e-06,3.1904150950511144e-06,3.1904465238562697e-06,3.19047795157194e-06,3.1905093781557216e-06,3.1905408037243602e-06,3.1905722281823358e-06,3.1906036515617376e-06,3.1906350738674478e-06,3.1906664949907634e-06,3.190697914903927e-06,3.1907293339467967e-06,3.1907607518849276e-06,3.1907921687631707e-06,3.1908235845386914e-06,3.190854999236355e-06,3.1908864128615473e-06,3.1909178253829355e-06,3.1909492368274844e-06,3.190980647185983e-06,3.191012056435989e-06,3.191043464621349e-06,3.191074871695826e-06,3.191106277716156e-06,3.191137682628213e-06,3.191169086458663e-06,3.191200489163684e-06,3.191231890763144e-06,3.1912632913373556e-06,3.191294690840068e-06,3.1913260893761753e-06,3.1913574867222093e-06,3.1913888829961444e-06,3.1914202781217383e-06,3.1914516720886012e-06,3.1914830651083225e-06,3.1915144570189546e-06,3.191545847892737e-06,3.1915772377134516e-06,3.1916086264115545e-06,3.1916400139314824e-06,3.1916714004620098e-06,3.1917027858847853e-06,3.1917341702524966e-06,3.1917655535407793e-06,3.191796935758704e-06,3.191828316813409e-06,3.1918596968623484e-06,3.191891075837677e-06,3.191922453722682e-06,3.191953830542877e-06,3.191985206280721e-06,3.1920165808848963e-06,3.192047954437678e-06,3.192079326909477e-06,3.1921106983216e-06,3.1921420687367467e-06,3.192173438010469e-06,3.192204806203895e-06,3.1922361732784184e-06,3.192267539329243e-06,3.192298904263397e-06,3.1923302681197116e-06,3.1923616308925217e-06,3.192392992608537e-06,3.192424353243263e-06,3.1924557128071947e-06,3.1924870712747535e-06,3.1925184288807553e-06,3.1925497852038258e-06,3.192581140462292e-06,3.19261249465415e-06,3.1926438477445674e-06,3.1926751997733363e-06,3.192706550528616e-06,3.1927379004350376e-06,3.1927692492662194e-06,3.1928005970133845e-06,3.1928319436775362e-06,3.1928632891993756e-06,3.1928946337730432e-06,3.192925977200213e-06,3.1929573195572812e-06,3.1929886608368873e-06,3.1930200010638292e-06,3.193051340189446e-06,3.193082678265144e-06,3.1931140152639178e-06,3.1931453512014937e-06,3.193176686045308e-06,3.1932080200229907e-06,3.1932393527371124e-06,3.193270684557867e-06,3.1933020151168272e-06,3.1933333446620996e-06,3.1933646731014613e-06,3.1933960004620015e-06,3.193427326762136e-06,3.193458651971503e-06,3.1934899761256926e-06,3.1935212992056133e-06,3.193552621262456e-06,3.1935839422056924e-06,3.1936152622594232e-06,3.1936465810968867e-06,3.1936778990262512e-06,3.193709215703547e-06,3.193740531290162e-06,3.1937718458430007e-06,3.193803159311546e-06,3.193834471911735e-06,3.1938657832419873e-06,3.19389709348586e-06,3.1939284026866146e-06,3.1939597109305534e-06,3.1939910180030117e-06,3.1940223239873605e-06,3.1940536289258942e-06,3.194084932793164e-06,3.194116235789228e-06,3.1941475377140026e-06,3.19417883859505e-06,3.194210138203623e-06,3.194241436760121e-06,3.194272734231938e-06,3.194304030646664e-06,3.1943353260157354e-06,3.1943666202799464e-06,3.194397913434768e-06,3.1944292055889503e-06,3.19446049666809e-06,3.1944917866945142e-06,3.1945230758196137e-06,3.1945543636594664e-06,3.194585650502243e-06,3.1946169362739918e-06,3.1946482211806397e-06,3.194679504833166e-06,3.1947107875444956e-06,3.194742069075875e-06,3.1947733496689384e-06,3.1948046290739274e-06,3.1948359074126116e-06,3.1948671847624407e-06,3.1948984609826633e-06,3.1949297361465303e-06,3.194961010242481e-06,3.1949922832760188e-06,3.1950235553197934e-06,3.1950548264143947e-06,3.1950860962664305e-06,3.1951173650348066e-06,3.1951486328175582e-06,3.195179899495069e-06,3.1952111651222185e-06,3.1952424296803678e-06,3.1952736931815817e-06,3.195304955617211e-06,3.1953362169958827e-06,3.1953674773227945e-06,3.1953987365898987e-06,3.1954299947978073e-06,3.1954612520550184e-06,3.1954925081422876e-06,3.19552376317932e-06,3.195555017155897e-06,3.195586269904788e-06,3.195617521617851e-06,3.1956487724185785e-06,3.195680022171639e-06,3.1957112708684643e-06,3.195742518504038e-06,3.1957737651762248e-06,3.195805010708132e-06,3.1958362551902058e-06,3.195867498600864e-06,3.1958987409635778e-06,3.19592998226673e-06,3.1959612225168253e-06,3.1959924617026016e-06,3.1960236998697585e-06,3.1960549367956127e-06,3.196086172826e-06,3.196117407936723e-06,3.1961486418629766e-06,3.1961798747383608e-06,3.1962111065595955e-06,3.1962423373468394e-06,3.1962735669411623e-06,3.196304795829645e-06,3.196336023399754e-06,3.1963672499896078e-06,3.19639847549731e-06,3.1964297000991056e-06,3.1964609235084756e-06,3.196492145867676e-06,3.196523367178765e-06,3.1965545874293213e-06,3.1965858066297025e-06,3.1966170247876923e-06,3.196648241985715e-06,3.196679458137849e-06,3.1967106731343368e-06,3.19674188709018e-06,3.1967730999960616e-06,3.1968043120303835e-06,3.1968355228464556e-06,3.1968667325894154e-06,3.1968979412412543e-06,3.196929148893986e-06,3.1969603555031434e-06,3.1969915612617885e-06,3.1970227657722094e-06,3.197053969234436e-06,3.197085171690273e-06,3.197116373088366e-06,3.197147573407748e-06,3.197178772680192e-06,3.1972099709060762e-06,3.197241168085937e-06,3.1972723643443955e-06,3.1973035594318807e-06,3.1973347534731298e-06,3.197365946472293e-06,3.1973971385010616e-06,3.197428329492135e-06,3.197459519460124e-06,3.1974907082875144e-06,3.197521896074041e-06,3.197553082936903e-06,3.1975842686682656e-06,3.1976154534776073e-06,3.1976466370703556e-06,3.197677819623417e-06,3.197709001127836e-06,3.1977401816045565e-06,3.1977713609367765e-06,3.197802539310184e-06,3.197833716655732e-06,3.1978648929444083e-06,3.197896068190353e-06,3.197927242394446e-06,3.1979584155569802e-06,3.197989587691757e-06,3.1980207587820954e-06,3.1980519288181902e-06,3.198083097813497e-06,3.1981142658471997e-06,3.1981454327600668e-06,3.198176598636376e-06,3.19820776347261e-06,3.1982389272627064e-06,3.1982700899781974e-06,3.1983012517013754e-06,3.1983324123711476e-06,3.198363571991709e-06,3.1983947305872864e-06,3.1984258881310314e-06,3.198457044634146e-06,3.1984882001128e-06,3.198519354539894e-06,3.1985505079287177e-06,3.198581660299967e-06,3.1986128116170514e-06,3.1986439619210665e-06,3.1986751111606e-06,3.1987062593581182e-06,3.19873740654121e-06,3.198768552658394e-06,3.198799697763256e-06,3.198830841830241e-06,3.198861984847487e-06,3.1988931268260454e-06,3.1989242677647933e-06,3.1989554076646345e-06,3.198986546532658e-06,3.199017684131634e-06,3.1990488208663778e-06,3.1990799566292397e-06,3.199111091365033e-06,3.199142225065411e-06,3.1991733577091237e-06,3.1992044893201203e-06,3.1992356199535147e-06,3.1992667495020423e-06,3.1992978780154767e-06,3.1993290055107694e-06,3.1993601319445397e-06,3.199391257362259e-06,3.199422381745436e-06,3.1994535050289103e-06,3.1994846273506766e-06,3.199515748632316e-06,3.199546868845337e-06,3.1995779880648535e-06,3.199609106206946e-06,3.199640223316783e-06,3.1996713394249056e-06,3.199702454531703e-06,3.199733568607198e-06,3.1997646816289355e-06,3.19979579363396e-06,3.199826904614003e-06,3.199858014545478e-06,3.1998891234119986e-06,3.1999202313009168e-06,3.199951338139317e-06,3.1999824438633703e-06,3.200013548628806e-06,3.2000446523473827e-06,3.2000757550407807e-06,3.200106856700507e-06,3.200137957374126e-06,3.2001690570118828e-06,3.200200155616946e-06,3.200231253203031e-06,3.2002623497620347e-06,3.2002934452623544e-06,3.2003245397717722e-06,3.200355633233975e-06,3.200386725691747e-06,3.200417817118498e-06,3.2004489074311473e-06,3.2004799966846355e-06,3.2005110850230918e-06,3.200542172373662e-06,3.2005732585636874e-06,3.200604343782823e-06,3.2006354281661947e-06,3.2006665113638886e-06,3.200697593551072e-06,3.2007286747010648e-06,3.2007597548133043e-06,3.200790833904327e-06,3.200821911962692e-06,3.2008529890074892e-06,3.2008840649972664e-06,3.200915139991545e-06,3.2009462140068706e-06,3.2009772869499935e-06,3.201008358790117e-06,3.2010394296959978e-06,3.2010704995632616e-06,3.2011015683915934e-06,3.2011326361967983e-06,3.2011637030117798e-06,3.201194768809897e-06,3.2012258335707684e-06,3.201256897299564e-06,3.2012879600313674e-06,3.201319021726776e-06,3.201350082295743e-06,3.2013811419497192e-06,3.2014122005848523e-06,3.20144325821543e-06,3.2014743148385317e-06,3.2015053704368343e-06,3.2015364249764377e-06,3.2015674784406227e-06,3.2015985309458863e-06,3.2016295824278443e-06,3.2016606326064126e-06,3.2016916820400014e-06,3.2017227304620207e-06,3.2017537778453786e-06,3.201784824188495e-06,3.2018158695696596e-06,3.2018469139331184e-06,3.2018779571837686e-06,3.201908999504737e-06,3.201940040765207e-06,3.2019710810518266e-06,3.2020021203410625e-06,3.2020331585832027e-06,3.202064195808637e-06,3.202095231993735e-06,3.202126267183197e-06,3.202157301345434e-06,3.2021883346150394e-06,3.2022193667533326e-06,3.2022503978882028e-06,3.2022814279696633e-06,3.2023124570612066e-06,3.202343485140458e-06,3.202374512209632e-06,3.20240553822189e-06,3.202436563289652e-06,3.2024675873059166e-06,3.2024986103000293e-06,3.2025296322752766e-06,3.202560653268186e-06,3.2025916731909253e-06,3.202622692228298e-06,3.2026537101498544e-06,3.2026847270642233e-06,3.2027157431321993e-06,3.202746758020005e-06,3.2027777718804264e-06,3.2028087848074292e-06,3.2028397966928353e-06,3.2028708075077733e-06,3.2029018173008458e-06,3.202932826102609e-06,3.202963833703874e-06,3.2029948404772815e-06,3.203025846237868e-06,3.2030568509851157e-06,3.203087854719725e-06,3.2031188574447795e-06,3.203149859175789e-06,3.2031808598851903e-06,3.2032118595853947e-06,3.2032428582517335e-06,3.203273855933071e-06,3.2033048526127903e-06,3.203335848237285e-06,3.2033668428785213e-06,3.2033978365163757e-06,3.2034288291463685e-06,3.203459820769665e-06,3.203490811371045e-06,3.2035218009721835e-06,3.2035527895252653e-06,3.203583777119454e-06,3.2036147638326025e-06,3.2036457493819254e-06,3.2036767339019377e-06,3.2037077174749173e-06,3.2037386999662806e-06,3.2037696815018295e-06,3.2038006620204954e-06,3.20383164150671e-06,3.2038626200286304e-06,3.203893597566357e-06,3.2039245740616178e-06,3.2039555495571657e-06,3.2039865240901154e-06,3.2040174977062675e-06,3.204048470176573e-06,3.204079441658042e-06,3.2041104121028692e-06,3.20414138157585e-06,3.204172350059596e-06,3.2042033174933707e-06,3.2042342839079805e-06,3.2042652493505526e-06,3.204296213784707e-06,3.20432717721542e-06,3.2043581395663877e-06,3.204389101040434e-06,3.2044200614153015e-06,3.204451020825098e-06,3.204481979236027e-06,3.204512936722049e-06,3.2045438930708575e-06,3.2045748484463783e-06,3.2046058028454544e-06,3.204636756244994e-06,3.204667708684799e-06,3.2046986600793664e-06,3.2047296101821134e-06,3.2047605595149274e-06,3.204791507870131e-06,3.204822455287635e-06,3.2048534014292944e-06,3.2048843467769856e-06,3.204915291143575e-06,3.204946234606261e-06,3.204977176961648e-06,3.20500811834407e-06,3.2050390587272657e-06,3.205069998057289e-06,3.2051009364412004e-06,3.2051318738210306e-06,3.2051628102300336e-06,3.205193745594148e-06,3.2052246799637593e-06,3.2052556133446178e-06,3.205286545718464e-06,3.2053174771056252e-06,3.2053484075021368e-06,3.2053793368326637e-06,3.2054102652133487e-06,3.2054411926775694e-06,3.205472119074888e-06,3.2055030444747633e-06,3.2055339688773775e-06,3.2055648923722498e-06,3.205595814780883e-06,3.2056267361867965e-06,3.2056576565808386e-06,3.205688575998811e-06,3.205719494497846e-06,3.2057504119475996e-06,3.205781328423216e-06,3.2058122438590247e-06,3.205843158296954e-06,3.205874071705931e-06,3.205904984154645e-06,3.20593589560973e-06,3.205966806140338e-06,3.205997715612014e-06,3.2060286240878364e-06,3.206059531421424e-06,3.2060904379041704e-06,3.206121343380021e-06,3.2061522478999073e-06,3.2061831513815416e-06,3.2062140538390047e-06,3.2062449554615783e-06,3.206275856112118e-06,3.206306755633613e-06,3.2063376541225688e-06,3.2063685516688366e-06,3.2063994482241076e-06,3.2064303437830565e-06,3.2064612383557275e-06,3.2064921318220566e-06,3.2065230243948633e-06,3.2065539159907627e-06,3.2065848065391827e-06,3.2066156961456335e-06,3.2066465847667888e-06,3.2066774724487637e-06,3.2067083590889106e-06,3.2067392447406094e-06,3.206770129403949e-06,3.2068010130885794e-06,3.2068318957110305e-06,3.2068627773168713e-06,3.206893658020391e-06,3.2069245377343324e-06,3.20695541645749e-06,3.2069862941840565e-06,3.207017171018334e-06,3.2070480467794803e-06,3.207078921548447e-06,3.207109795319701e-06,3.207140668125605e-06,3.2071715399282017e-06,3.2072024107216577e-06,3.207233280557326e-06,3.2072641494179087e-06,3.2072950172527036e-06,3.2073258841186203e-06,3.2073567499551615e-06,3.2073876148163066e-06,3.207418478761544e-06,3.2074493416910198e-06,3.20748020359145e-06,3.2075110645432667e-06,3.2075419245094855e-06,3.2075727834043833e-06,3.207603641399936e-06,3.2076344984110422e-06,3.207665354132522e-06,3.207696209174055e-06,3.2077270632304216e-06,3.2077579162192717e-06,3.2077887683409603e-06,3.2078196194435583e-06,3.2078504695785727e-06,3.2078813187201233e-06,3.207912166871776e-06,3.2079430140108926e-06,3.207973860197929e-06,3.20800470540025e-06,3.2080355496284346e-06,3.2080663928584995e-06,3.2080972351142724e-06,3.2081280763576635e-06,3.2081589166481273e-06,3.208189755967976e-06,3.2082205942959694e-06,3.208251431641393e-06,3.2082822679992134e-06,3.2083131034053324e-06,3.2083439377912705e-06,3.2083747712076837e-06,3.2084056036477402e-06,3.2084364351420718e-06,3.2084672655404824e-06,3.2084980950653616e-06,3.208528923573673e-06,3.2085597510885665e-06,3.2085905776515645e-06,3.208621403199502e-06,3.2086522277773597e-06,3.2086830515612516e-06,3.208713874218492e-06,3.2087446958386104e-06,3.208775516521494e-06,3.2088063362630653e-06,3.2088371549986717e-06,3.2088679727637177e-06,3.208898789541026e-06,3.2089296053330424e-06,3.2089604201016707e-06,3.208991233926663e-06,3.209022046801006e-06,3.209052858680576e-06,3.209083669476165e-06,3.2091144794127164e-06,3.2091452883620124e-06,3.209176096345249e-06,3.209206903354863e-06,3.2092377093864385e-06,3.209268514447165e-06,3.2092993185428585e-06,3.2093301216600375e-06,3.2093609238570135e-06,3.2093917249980502e-06,3.209422525169454e-06,3.209453324402839e-06,3.209484122633395e-06,3.209514919890465e-06,3.209545716223272e-06,3.2095765115322892e-06,3.2096073058682243e-06,3.209638099227872e-06,3.2096688916221494e-06,3.209699683035737e-06,3.209730473477859e-06,3.209761262969185e-06,3.2097920514682595e-06,3.209822839004472e-06,3.2098536255549846e-06,3.209884411134656e-06,3.2099151957449326e-06,3.2099459793118415e-06,3.2099767619937984e-06,3.2100075433984e-06,3.2100383241199706e-06,3.2100691038704172e-06,3.210099882637812e-06,3.210130660446638e-06,3.210161437282928e-06,3.2101922131565412e-06,3.21022298800438e-06,3.2102537619744088e-06,3.210284534947869e-06,3.210315307080205e-06,3.2103460781234954e-06,3.2103768481284658e-06,3.2104076171988094e-06,3.2104383853099167e-06,3.2104691524516663e-06,3.2104999186549398e-06,3.21053068387608e-06,3.2105614481119296e-06,3.210592211381882e-06,3.2106229736861353e-06,3.210653735024673e-06,3.2106844954068657e-06,3.2107152548051036e-06,3.2107460132389247e-06,3.210776770720718e-06,3.2108075271816883e-06,3.2108382827116e-06,3.2108690372333117e-06,3.2108997908250087e-06,3.210930543456179e-06,3.2109612951210894e-06,3.2109920459101107e-06,3.21102279564108e-06,3.2110535444138286e-06,3.2110842922292967e-06,3.211115039100359e-06,3.2111457849702188e-06,3.211176529865902e-06,3.211207273671124e-06,3.2112380166335304e-06,3.2112687586486308e-06,3.211299499698842e-06,3.2113302399583074e-06,3.2113609791064702e-06,3.211391717223907e-06,3.2114224544346264e-06,3.211453190667123e-06,3.2114839259376393e-06,3.21151466022879e-06,3.2115453935731015e-06,3.2115761259462633e-06,3.211606857316199e-06,3.2116375877742944e-06,3.211668317268277e-06,3.2116990458315178e-06,3.21172977340189e-06,3.2117605000122474e-06,3.211791225653263e-06,3.211821950326325e-06,3.211852674053208e-06,3.2118833968161205e-06,3.211914118623175e-06,3.2119448393548575e-06,3.211975559239485e-06,3.2120062781389443e-06,3.2120369960879803e-06,3.2120677130921913e-06,3.212098429151115e-06,3.2121291442365127e-06,3.2121598585776276e-06,3.2121905717454188e-06,3.2122212840334947e-06,3.2122519952910483e-06,3.2122827056090412e-06,3.2123134148458546e-06,3.2123441232233565e-06,3.2123748307904587e-06,3.2124055372005516e-06,3.21243624273083e-06,3.2124669471557624e-06,3.21249765073903e-06,3.2125283533684763e-06,3.212559055023502e-06,3.212589755739199e-06,3.2126204556605643e-06,3.212651154448657e-06,3.2126818522370544e-06,3.2127125491310058e-06,3.2127432450487364e-06,3.2127739400245715e-06,3.2128046340445713e-06,3.212835327101888e-06,3.212866019208164e-06,3.2128967103665284e-06,3.2129274005910495e-06,3.2129580898085526e-06,3.212988778092767e-06,3.2130194654389894e-06,3.2130501518039976e-06,3.2130808372119218e-06,3.2131115216843492e-06,3.2131422052484274e-06,3.21317288781169e-06,3.213203569425484e-06,3.213234250073579e-06,3.213264929784005e-06,3.213295608540568e-06,3.2133262863047583e-06,3.2133569632478514e-06,3.2133876391304797e-06,3.213418314062637e-06,3.21344898804844e-06,3.213479661091053e-06,3.213510333210783e-06,3.2135410043746375e-06,3.2135716744371554e-06,3.21360234368249e-06,3.2136330119665684e-06,3.213663679260549e-06,3.213694345649797e-06,3.213725011084033e-06,3.2137556755669965e-06,3.213786339116665e-06,3.2138170017015836e-06,3.213847663333792e-06,3.213878323820946e-06,3.2139089835526385e-06,3.213939642337717e-06,3.213970300188722e-06,3.214000957090452e-06,3.214031613044609e-06,3.2140622680618095e-06,3.214092922069362e-06,3.2141235752054e-06,3.2141542273526496e-06,3.2141848785499286e-06,3.21421552879887e-06,3.2142461780651877e-06,3.2142768264455074e-06,3.214307473872501e-06,3.2143381203356238e-06,3.2143687658915024e-06,3.2143994104760506e-06,3.2144300540889245e-06,3.2144606967663904e-06,3.2144913386685826e-06,3.214521979484246e-06,3.2145526192903797e-06,3.214583258183196e-06,3.2146138961136834e-06,3.214644533114242e-06,3.214675169116658e-06,3.2147058042058847e-06,3.2147364383726735e-06,3.21476707154325e-06,3.2147977038393003e-06,3.214828335171375e-06,3.2148589655592955e-06,3.2148895949782604e-06,3.2149202234781494e-06,3.2149508510641406e-06,3.2149814776824495e-06,3.215012103357135e-06,3.215042728115924e-06,3.2150733518749837e-06
20,1.4358190014250952e-23,3.123923560042541e-23,4.9871183533734237e-23,6.979343778786069e-23,9.071018218462895e-23,1.1237891763560533e-22,1.3463563651371506e-22,1.5734683949664016e-22,1.8040498119905712e-22,2.037327888623815e-22,2.2726873845268676e-22,2.509648573787484e-22,2.7478400035288523e-22,2.98698710543012e-22,3.2268682107463583e-22,3.467309042740292e-22,3.7081922294186807e-22,3.9494041936397064e-22,4.190882566525924e-22,4.432552593368844e-22,4.674384499851465e-22,4.916334982230498e-22,5.158368382479162e-22,5.400472132170707e-22,5.642630101854438e-22,5.884829860112227e-22,6.1270618258064915e-22,6.369318614523112e-22,6.611594534911367e-22,6.853885200546061e-22,7.096187230673584e-22,7.338498019680777e-22,7.580815559365712e-22,7.823138301956499e-22,8.065465054536243e-22,8.307794897714885e-22,8.550127122898925e-22,8.792461183937566e-22,9.034796659928201e-22,9.27713322643386e-22,9.519470633438354e-22,9.761808688237024e-22,1.000414724228424e-21,1.0246486181132288e-21,1.0488825416552086e-21,1.0731164880554444e-21,1.0973504520718605e-21,1.1215844296676151e-21,1.1458184177272675e-21,1.17005241385078e-21,1.1942864161919219e-21,1.2185204233241926e-21,1.2427544341478394e-21,1.2669884478167488e-21,1.2912224636805722e-21,1.3154564812330776e-21,1.3396905000903037e-21,1.363924519951915e-21,1.3881585405861735e-21,1.4123925618172742e-21,1.436626583506963e-21,1.4608606055515606e-21,1.4850946278698085e-21,1.5093286503974965e-21,1.5335626730880078e-21,1.5577966959040912e-21,1.5820307188155815e-21,1.6062647418020218e-21,1.6304987648461981e-21,1.6547327879336936e-21,1.6789668110556512e-21,1.7032008342030105e-21,1.7274348573725608e-21,1.7516688805569163e-21,1.7759029037536424e-21,1.8001369269588548e-21,1.8243709501717734e-21,1.8486049733894463e-21,1.872838996611819e-21,1.8970730198367518e-21,1.9213070430634645e-21,1.9455410662938155e-21,1.9697750895237752e-21,1.994009112756505e-21,2.0182431359883523e-21,2.04247715922251e-21,2.066711182457633e-21,2.090945205692489e-21,2.1151792289280495e-21,2.139413252162187e-21,2.1636472753981e-21,2.187881298633384e-21,2.212115321868223e-21,2.2363493451025728e-21,2.260583368338458e-21,2.2848173915758185e-21,2.3090514148125976e-21,2.33328543805082e-21,2.3575194612865245e-21,2.381753484523612e-21,2.405987507758172e-21,2.4302215309941046e-21,2.4544555542295292e-21,2.4786895774662455e-21,2.5029236007005503e-21,2.527157623936155e-21,2.5513916471731215e-21,2.575625670409467e-21,2.599859693647075e-21,2.624093716882471e-21,2.6483277401190587e-21,2.672561763355153e-21,2.6967957865924357e-21,2.7210298098275187e-21,2.7452638330638073e-21,2.7694978563012827e-21,2.7937318795382364e-21,2.817965902774671e-21,2.842199926010666e-21,2.8664339492461856e-21,2.8906679724812355e-21,2.914901995717426e-21,2.9391360189531285e-21,2.963370042189937e-21,2.987604065426329e-21,3.0118380886621937e-21,3.0360721118991876e-21,3.0603061351342116e-21,3.0845401583717825e-21,3.1087741816073655e-21,3.1330082048440517e-21,3.1572422280803042e-21,3.1814762513160666e-21,3.2057102745514656e-21,3.229944297787906e-21,3.2541783210252883e-21,3.278412344260899e-21,3.3026463674974728e-21,3.3268803907336196e-21,3.351114413970768e-21,3.375348437206143e-21,3.399582460442453e-21,3.423816483677042e-21,3.448050506912578e-21,3.47228453014905e-21,3.4965185533851174e-21,3.5207525766208034e-21,3.544986599857417e-21,3.569220623093616e-21,3.5934546463294346e-21,3.617688669566202e-21,3.641922692801278e-21,3.666156716037292e-21,3.690390739274157e-21,3.714624762510716e-21,3.738858785746854e-21,3.763092808982649e-21,3.7873268322192786e-21,3.8115608554555145e-21,3.83579487869144e-21,3.860028901927029e-21,3.884262925163438e-21,3.9084969483995044e-21,3.932730971636348e-21,3.956964994872942e-21,3.9811990181091414e-21,4.0054330413438554e-21,4.029667064579375e-21,4.0539010878157225e-21,4.0781351110527995e-21,4.102369134288505e-21,4.12660315752382e-21,4.150837180759951e-21,4.1750712039968646e-21,4.199305227233463e-21,4.2235392504686384e-21,4.247773273703481e-21,4.2720072969402e-21,4.296241320176542e-21,4.320475343412599e-21,4.3447093666483165e-21,4.368943389883758e-21,4.393177413121011e-21,4.417411436357938e-21,4.441645459592409e-21,4.465879482826661e-21,4.4901135060626485e-21,4.5143475293004004e-21,4.538581552535798e-21,4.5628155757729144e-21,4.587049599009756e-21,4.6112836222462605e-21,4.63551764548449e-21,4.659751668718458e-21,4.68398569195606e-21,4.7082197151934034e-21,4.732453738430376e-21,4.756687761665171e-21,4.7809217849016335e-21,4.805155808137814e-21,4.829389831373657e-21,4.853623854609236e-21,4.8778578778445386e-21,4.9020919010795716e-21,4.926325924316242e-21,4.950559947554489e-21,4.974793970788711e-21,4.999027994022678e-21,5.023262017260065e-21,5.047496040497209e-21,5.0717300637340636e-21,5.095964086970614e-21,5.120198110206913e-21,5.1444321334429475e-21,5.168666156678723e-21,5.1929001799142225e-21,5.217134203149486e-21,5.241368226384478e-21,5.265602249621e-21,5.289836272857186e-21,5.314070296093211e-21,5.338304319328901e-21,5.362538342566123e-21,5.386772365803067e-21,5.411006389038046e-21,5.43524041227447e-21,5.4594744355106536e-21,5.48370845874655e-21,5.5079424819822445e-21,5.5321765052176875e-21,5.5564105284529304e-21,5.580644551689508e-21,5.604878574925827e-21,5.629112598160302e-21,5.6533466213961605e-21,5.67758064463178e-21,5.7018146678688325e-21,5.726048691104001e-21,5.750282714340515e-21,5.7745167375768595e-21,5.798750760812927e-21,5.82298478404875e-21,5.847218807284362e-21,5.871452830521303e-21,5.895686853758022e-21,5.9199208769945025e-21,5.944154900230761e-21,5.968388923466754e-21,5.992622946702577e-21,6.0168569699397036e-21,6.041090993175031e-21,6.06532501641013e-21,6.0895590396465585e-21,6.113793062882754e-21,6.138027086118703e-21,6.162261109354441e-21,6.186495132589969e-21,6.2107291558252955e-21,6.234963179061891e-21,6.2591972022982135e-21,6.2834312255329125e-21,6.307665248768842e-21,6.33189927200455e-21,6.356133295241499e-21,6.380367318476803e-21,6.4046013417119e-21,6.428835364948189e-21,6.4530693881843095e-21,6.477303411420211e-21,6.501537434655827e-21,6.5257714578913066e-21,6.550005481127985e-21,6.574239504364451e-21,6.598473527600697e-21,6.622707550836751e-21,6.64694157407257e-21,6.671175597308221e-21,6.695409620545021e-21,6.719643643781631e-21,6.743877667016663e-21,6.768111690252888e-21,6.792345713488875e-21,6.816579736724656e-21,6.840813759960286e-21,6.865047783195667e-21,6.889281806432214e-21,6.913515829667218e-21,6.937749852903376e-21,6.961983876139348e-21,6.986217899375126e-21,7.010451922612008e-21,7.034685945847389e-21,7.05891996908388e-21,7.083153992320177e-21,7.107388015556289e-21,7.131622038792211e-21,7.155856062027939e-21,7.180090085263469e-21,7.204324108500102e-21,7.228558131736553e-21,7.252792154971496e-21,7.277026178207582e-21,7.301260201443447e-21,7.325494224680406e-21,7.349728247915911e-21,7.373962271152482e-21,7.398196294388884e-21,7.422430317625049e-21,7.446664340861072e-21,7.470898364096922e-21,7.495132387332519e-21,7.519366410568036e-21,7.543600433804579e-21,7.567834457039697e-21,7.592068480274616e-21,7.616302503510608e-21,7.640536526746399e-21,7.664770549983231e-21,7.689004573218693e-21,7.71323859645517e-21,7.737472619691457e-21,7.761706642927527e-21,7.78594066616346e-21,7.810174689399272e-21,7.834408712633628e-21,7.8586427358691e-21,7.8828767591043e-21,7.907110782340564e-21,7.93134480557663e-21,7.955578828811363e-21,7.979812852047094e-21,8.004046875282672e-21,8.028280898519263e-21,8.052514921754483e-21,8.076748944989517e-21,8.100982968226708e-21,8.12521699146259e-21,8.149451014699412e-21,8.173685037936086e-21,8.197919061171468e-21,8.222153084407797e-21,8.246387107643966e-21,8.270621130878851e-21,8.294855154114691e-21,8.319089177349245e-21,8.343323200586966e-21,8.36755722382231e-21,8.391791247057457e-21,8.416025270293578e-21,8.440259293529507e-21,8.464493316766449e-21,8.488727340004252e-21,8.512961363238636e-21,8.537195386476125e-21,8.561429409712401e-21,8.585663432949557e-21,8.609897456185478e-21,8.63413147942232e-21,8.658365502657901e-21,8.682599525892298e-21,8.706833549127582e-21,8.731067572363777e-21,8.755301595598757e-21,8.77953561883466e-21,8.803769642071446e-21,8.828003665306989e-21,8.852237688543468e-21,8.876471711778728e-21,8.90070573501697e-21,8.924939758251931e-21,8.949173781485742e-21,8.9734078047225e-21,8.99764182795803e-21,9.021875851194436e-21,9.046109874431777e-21,9.070343897667868e-21,9.094577920904852e-21,9.118811944140711e-21,9.143045967375328e-21,9.167279990610869e-21,9.191514013845269e-21,9.215748037082506e-21,9.2399820603186e-21,9.264216083553505e-21,9.288450106789317e-21,9.312684130025944e-21,9.336918153261463e-21,9.361152176497805e-21,9.385386199732994e-21,9.40962022297101e-21,9.433854246207908e-21,9.458088269443668e-21,9.482322292680227e-21,9.506556315915734e-21,9.53079033915203e-21,9.555024362389174e-21,9.57925838562516e-21,9.603492408860047e-21,9.627726432095769e-21,9.651960455332323e-21,9.676194478569693e-21,9.700428501804049e-21,9.724662525041122e-21,9.748896548277115e-21,9.773130571513895e-21,9.797364594751505e-21,9.821598617986104e-21,9.845832641223413e-21,9.87006666445777e-21,9.894300687692927e-21,9.918534710928899e-21,9.942768734163756e-21,9.967002757401291e-21,9.991236780635925e-21,1.0015470803871303e-20,1.0039704827107497e-20,1.006393885034445e-20,1.0088172873580388e-20,1.0112406896817074e-20,1.0136640920052718e-20,1.0160874943289135e-20,1.0185108966524534e-20,1.020934298976069e-20,1.023357701299581e-20,1.0257811036229904e-20,1.0282045059466572e-20,1.03062790827022e-20,1.0330513105938566e-20,1.0354747129175753e-20,1.0378981152411843e-20,1.0403215175646933e-20,1.0427449198882823e-20,1.0451683222117643e-20,1.0475917245353249e-20,1.0500151268589606e-20,1.0524385291824916e-20,1.0548619315060989e-20,1.0572853338296076e-20,1.0597087361533649e-20,1.0621321384770257e-20,1.0645555408005771e-20,1.0669789431242061e-20,1.0694023454477435e-20,1.0718257477713483e-20,1.0742491500948534e-20,1.076672552418433e-20,1.0790959547420885e-20,1.08151935706564e-20,1.0839427593892681e-20,1.0863661617129708e-20,1.0887895640365719e-20,1.0912129663602457e-20,1.0936363686838262e-20,1.0960597710074762e-20,1.0984831733311943e-20,1.1009065756548195e-20,1.1033299779785156e-20,1.1057533803021152e-20,1.108176782625619e-20,1.1106001849491896e-20,1.1130235872726678e-20,1.1154469895962209e-20,1.117870391919843e-20,1.1202937942433667e-20,1.122717196566963e-20,1.1251405988904652e-20,1.1275640012142023e-20,1.1299874035376811e-20,1.1324108058612247e-20,1.1348342081848407e-20,1.1372576105085292e-20,1.1396810128322835e-20,1.142104415155786e-20,1.1445278174793529e-20,1.146951219802991e-20,1.1493746221265364e-20,1.1517980244499884e-20,1.1542214267736704e-20,1.1566448290971033e-20,1.159068231420764e-20,1.1614916337443305e-20,1.1639150360678049e-20,1.1663384383913481e-20,1.1687618407148025e-20,1.1711852430384772e-20,1.1736086453620682e-20,1.1760320476855652e-20,1.1784554500091324e-20,1.1808788523326052e-20,1.1833022546563038e-20,1.1857256569799138e-20,1.1881490593035877e-20,1.1905724616271737e-20,1.192995863950667e-20,1.1954192662742298e-20,1.197842668597862e-20,1.200266070921398e-20,1.2026894732450032e-20,1.2051128755686723e-20,1.2075362778921034e-20,1.2099596802157505e-20,1.2123830825393101e-20,1.2148064848629348e-20,1.217229887186474e-20,1.2196532895099213e-20,1.2220766918335878e-20,1.2245000941571676e-20,1.2269234964806582e-20,1.2293468988042169e-20,1.231770301127837e-20,1.2341937034515216e-20,1.2366171057749746e-20,1.2390405080984862e-20,1.2414639104220667e-20,1.2438873127455569e-20,1.2463107150691134e-20,1.2487341173925815e-20,1.2511575197161194e-20,1.2535809220397126e-20,1.2560043243632262e-20,1.258427726686801e-20,1.2608511290104357e-20,1.2632745313339892e-20,1.2656979336576031e-20,1.2681213359812805e-20,1.270544738304729e-20,1.2729681406282383e-20,1.2753915429518113e-20,1.2778149452754472e-20,1.2802383475989968e-20,1.2826617499226095e-20,1.285085152246282e-20,1.2875085545698719e-20,1.289931956893526e-20,1.2923553592170994e-20,1.2947787615407268e-20,1.2972021638644197e-20,1.2996255661880303e-20,1.3020489685115578e-20,1.3044723708351487e-20,1.3068957731587984e-20,1.3093191754823667e-20,1.3117425778058549e-20,1.3141659801292567e-20,1.3165893824528675e-20,1.3190127847763911e-20,1.321436187099979e-20,1.3238595894234814e-20,1.326282991747051e-20,1.3287063940706734e-20,1.3311297963943557e-20,1.3335531987179624e-20,1.3359766010414842e-20,1.3384000033650651e-20,1.3408234056885715e-20,1.3432468080121346e-20,1.3456702103357565e-20,1.3480936126592997e-20,1.3505170149827601e-20,1.3529404173064236e-20,1.3553638196300022e-20,1.3577872219536388e-20,1.3602106242773383e-20,1.362634026600958e-20,1.3650574289244987e-20,1.3674808312480986e-20,1.3699042335716178e-20,1.3723276358951984e-20,1.374751038218829e-20,1.377174440542524e-20,1.3795978428661414e-20,1.3820212451896796e-20,1.384444647513275e-20,1.386868049836795e-20,1.3892914521602382e-20,1.3917148544837397e-20,1.3941382568072966e-20,1.3965616591310418e-20,1.3989850614547088e-20,1.4014084637783036e-20,1.4038318661019565e-20,1.4062552684255278e-20,1.408678670749157e-20,1.4111020730727116e-20,1.4135254753961915e-20,1.4159488777198564e-20,1.418372280043447e-20,1.4207956823669656e-20,1.4232190846905366e-20,1.4256424870140342e-20,1.428065889337718e-20,1.4304892916613252e-20,1.432912693984858e-20,1.435336096308446e-20,1.4377594986319608e-20,1.440182900955532e-20,1.442606303279153e-20,1.4450297056027052e-20,1.4474531079263084e-20,1.4498765102498418e-20,1.4522999125734278e-20,1.4547233148970683e-20,1.4571467172206375e-20,1.4595701195442585e-20,1.4619935218678042e-20,1.4644169241914092e-20,1.4668403265149387e-20,1.4692637288385203e-20,1.4716871311620344e-20,1.4741105334856015e-20,1.476533935809213e-20,1.478957338132886e-20,1.4813807404564867e-20,1.4838041427801374e-20,1.486227545103722e-20,1.488650947427352e-20,1.491074349750918e-20,1.4934977520744112e-20,1.49592115439808e-20,1.4983445567216793e-20,1.5007679590452025e-20,1.5031913613689077e-20,1.505614763692416e-20,1.508038166015979e-20,1.5104615683395924e-20,1.5128849706631364e-20,1.515308372986729e-20,1.5177317753102528e-20,1.520155177633709e-20,1.522578579957338e-20,1.525001982280896e-20,1.527425384604506e-20,1.5298487869280465e-20,1.5322721892515188e-20,1.5346955915751638e-20,1.5371189938987375e-20,1.5395423962223642e-20,1.5419657985459205e-20,1.5443892008694084e-20,1.5468126031929475e-20,1.54923600551654e-20,1.5516594078400613e-20,1.5540828101636356e-20,1.5565062124871374e-20,1.558929614810691e-20,1.5613530171342962e-20,1.5637764194579554e-20,1.5661998217814232e-20,1.5686232241049413e-20,1.5710466264285105e-20,1.5734700287520135e-20,1.5758934310755634e-20,1.5783168333991672e-20,1.5807402357228222e-20,1.5831636380462915e-20,1.5855870403698107e-20,1.588010442693493e-20,1.5904338450169976e-20,1.5928572473405493e-20,1.5952806496641453e-20,1.5977040519875653e-20,1.600127454311031e-20,1.6025508566346645e-20,1.6049742589583478e-20,1.6073976612819636e-20,1.609821063605509e-20,1.612244465929109e-20,1.6146678682525262e-20,1.617091270575996e-20,1.619514672899625e-20,1.6219380752230764e-20,1.6243614775465704e-20,1.6267848798701228e-20,1.6292082821936035e-20,1.6316316845171354e-20,1.63405508684071e-20,1.6364784891643385e-20,1.6389018914877906e-20,1.6413252938114017e-20,1.6437486961350632e-20,1.646172098458542e-20,1.6485955007821845e-20,1.651018903105761e-20,1.6534423054292747e-20,1.655865707752837e-20,1.6582891100764466e-20,1.6607125123998776e-20,1.6631359147233575e-20,1.6655593170469968e-20,1.6679827193706812e-20,1.6704061216941927e-20,1.6728295240177522e-20,1.6752529263413588e-20,1.6776763286649006e-20,1.6800997309884905e-20,1.682523133312126e-20,1.6849465356355895e-20,1.6873699379591004e-20,1.689793340282657e-20,1.6922167426061497e-20,1.6946401449295817e-20,1.6970635472531695e-20,1.6994869495769103e-20,1.701910351900374e-20,1.7043337542239906e-20,1.706757156547761e-20,1.709180558871252e-20,1.711603961194685e-20,1.7140273635182686e-20,1.716450765841791e-20,1.718874168165252e-20,1.7212975704888655e-20,1.7237209728126333e-20,1.7261443751361273e-20,1.7285677774595568e-20,1.730991179783138e-20,1.7334145821066603e-20,1.7358379844303315e-20,1.738261386753945e-20,1.7406847890772855e-20,1.7431081914007743e-20,1.7455315937244173e-20,1.747954996047786e-20,1.7503783983713035e-20,1.752801800694764e-20,1.7552252030183745e-20,1.757648605341922e-20,1.760072007665413e-20,1.762495409989054e-20,1.76491881231242e-20,1.7673422146359382e-20,1.769765616959608e-20,1.7721890192830074e-20,1.7746124216065538e-20,1.7770358239300417e-20,1.7794592262534695e-20,1.7818826285770447e-20,1.7843060309007683e-20,1.786729433224435e-20,1.7891528355478306e-20,1.7915762378713787e-20,1.7939996401948663e-20,1.7964230425182944e-20,1.7988464448418708e-20,1.8012698471653838e-20,1.80369324948884e-20,1.8061166518124418e-20,1.8085400541359873e-20,1.8109634564594746e-20,1.8133868587829018e-20,1.8158102611064764e-20,1.8182336634301903e-20,1.8206570657536455e-20,1.8230804680772445e-20,1.825503870400788e-20,1.827927272724277e-20,1.830350675047904e-20,1.832774077371474e-20,1.8351974796949876e-20,1.8376208820184406e-20,1.8400442843420414e-20,1.8424676866657813e-20,1.844891088989265e-20,1.847314491312693e-20,1.8497378936362605e-20,1.852161295959771e-20,1.854584698283428e-20,1.857008100607021e-20,1.8594315029305614e-20,1.8618549052542416e-20,1.864278307577866e-20,1.8667017099014312e-20,1.8691251122249435e-20,1.8715485145483968e-20,1.8739719168719907e-20,1.8763953191955274e-20,1.8788187215192056e-20,1.8812421238428256e-20,1.883665526166194e-20,1.8860889284899e-20,1.888512330813548e-20,1.8909357331369457e-20,1.8933591354604818e-20,1.8957825377839637e-20,1.898205940107388e-20,1.9006293424309468e-20,1.9030527447544573e-20,1.9054761470781033e-20,1.907899549401695e-20,1.91032295172542e-20,1.9127463540490913e-20,1.9151697563727084e-20,1.917593158696271e-20,1.92001656101997e-20,1.92243996334342e-20,1.924863365667007e-20,1.9272867679905376e-20,1.9297101703142088e-20,1.9321335726378228e-20,1.9345569749615744e-20,1.936980377285078e-20,1.939403779608527e-20,1.9418271819321126e-20,1.9442505842556484e-20,1.946673986579316e-20,1.9490973889029294e-20,1.9515207912264854e-20,1.9539441935499875e-20,1.9563675958734357e-20,1.9587909981970185e-20,1.9612144005205458e-20,1.9636378028440242e-20,1.9660612051676364e-20,1.968484607491188e-20,1.9709080098146932e-20,1.9733314121381406e-20,1.9757548144617245e-20,1.9781782167852516e-20,1.9806016191089123e-20,1.983025021432521e-20,1.985448423755889e-20,1.9878718260795726e-20,1.9902952284032117e-20,1.9927186307267896e-20,1.9951420330503155e-20,1.9975654353739764e-20,1.999988837697578e-20,2.00241224002113e-20,2.0048356423446344e-20,2.0072590446682647e-20,2.0096824469916585e-20,2.012105849315365e-20,2.014529251639022e-20,2.0169526539624416e-20,2.01937605628599e-20,2.021799458609672e-20,2.024222860933302e-20,2.026646263256879e-20,2.029069665580586e-20,2.0314930679042405e-20,2.0339164702278422e-20,2.0363398725513897e-20,2.03876327487507e-20,2.0411866771985167e-20,2.043610079521911e-20,2.046033481845432e-20,2.0484568841690814e-20,2.050880286492682e-20,2.0533036888162315e-20,2.055727091139726e-20,2.0581504934633513e-20,2.0605738957869244e-20,2.0629972981106266e-20,2.0654207004340947e-20,2.0678441027575137e-20,2.070267505081058e-20,2.072690907404556e-20,2.075114309728175e-20,2.0775377120517487e-20,2.079961114375445e-20,2.0823845166989136e-20,2.0848079190223317e-20,2.0872313213458775e-20,2.0896547236693717e-20,2.092078125992991e-20,2.0945015283165595e-20,2.096924930640075e-20,2.0993483329637244e-20,2.1017717352873165e-20,2.104195137610856e-20,2.1066185399345232e-20,2.109041942258145e-20,2.1114653445817082e-20,2.113888746905227e-20,2.1163121492286956e-20,2.1187355515522816e-20,2.1211589538758243e-20,2.1235823561993165e-20,2.1260057585229315e-20,2.128429160846499e-20,2.130852563170011e-20,2.1332759654934787e-20,2.1356993678170668e-20,2.13812277014061e-20,2.140546172464102e-20,2.142969574787713e-20,2.1453929771112738e-20,2.1478163794347913e-20,2.1502397817584264e-20,2.152663184081846e-20,2.1550865864053794e-20,2.1575099887290407e-20,2.159933391052655e-20,2.1623567933762173e-20,2.1647801956998985e-20,2.1672035980235357e-20,2.169627000346948e-20,2.1720504026704875e-20,2.174473804993975e-20,2.1768972073174132e-20,2.1793206096409736e-20,2.1817440119644863e-20,2.1841674142881193e-20,2.1865908166117035e-20,2.1890142189354075e-20,2.191437621258893e-20,2.1938610235825014e-20,2.1962844259060604e-20,2.1987078282297397e-20,2.2011312305533682e-20,2.2035546328769497e-20,2.2059780352004843e-20,2.2084014375239696e-20,2.2108248398474043e-20,2.2132482421709632e-20,2.215671644494474e-20,2.218095046818102e-20,2.2205184491416817e-20,2.222941851465048e-20,2.2253652537886964e-20,2.2277886561122993e-20,2.2302120584360187e-20,2.2326354607595274e-20,2.2350588630831535e-20,2.2374822654067326e-20,2.239905667730262e-20,2.2423290700537473e-20,2.2447524723773493e-20,2.2471758747007386e-20,2.2495992770242455e-20,2.252022679347871e-20,2.254446081671445e-20,2.2568694839949736e-20,2.2592928863186198e-20,2.2617162886422182e-20,2.2641396909657733e-20,2.2665630932894403e-20,2.2689864956130627e-20,2.2714098979364728e-20,2.2738333002600016e-20,2.2762567025836476e-20,2.2786801049072415e-20,2.2811035072307956e-20,2.2835269095543022e-20,2.28595031187792e-20,2.2883737142013293e-20,2.2907971165248558e-20,2.293220518848338e-20,2.2956439211719376e-20,2.2980673234954848e-20,2.30049072581899e-20,2.302914128142446e-20,2.3053375304660197e-20,2.307760932789541e-20,2.3101843351130203e-20,2.3126077374366142e-20,2.3150311397601626e-20,2.3174545420838203e-20,2.3198779444074376e-20,2.3223013467310095e-20,2.3247247490546907e-20,2.3271481513783285e-20,2.32957155370192e-20,2.3319949560254648e-20,2.3344183583489672e-20,2.3368417606724208e-20,2.339265162995989e-20,2.3416885653195102e-20,2.3441119676431444e-20,2.346535369966732e-20,2.3489587722902777e-20,2.3513821746137762e-20,2.3538055769373884e-20,2.3562289792609555e-20,2.3586523815843183e-20,2.3610757839077975e-20,2.3634991862313854e-20,2.3659225885547737e-20,2.3683459908784263e-20,2.3707693932020352e-20,2.373192795525755e-20,2.3756161978492747e-20,2.3780396001729044e-20,2.3804630024964923e-20,2.3828864048200335e-20,2.385309807143528e-20,2.3877332094671382e-20,2.390156611790701e-20,2.3925800141142185e-20,2.395003416437846e-20,2.3974268187614303e-20,2.3998502210849707e-20,2.4022736234084667e-20,2.4046970257320717e-20,2.4071204280556328e-20,2.4095438303791515e-20,2.4119672327027788e-20,2.4143906350262056e-20,2.4168140373497468e-20,2.4192374396733925e-20,3.338676551710914e-17,7.31225141777032e-17,1.1669422462068805e-16,1.6288718216060175e-16,2.1087605970575869e-16,2.6008984883513784e-16,3.101349965829621e-16,3.6074215915987144e-16,4.117288696224584e-16,4.629733258977897e-16,5.143959776296729e-16,5.659465911198293e-16,6.175951666373248e-16,6.693255669932596e-16,7.211310552137428e-16,7.730111766322332e-16,8.249695875601593e-16,8.770125500187929e-16,9.2914789466492e-16,9.813843122646775e-16,1.033730875301104e-15,1.0861967201883573e-15,1.1387908412015602e-15,1.1915219616681573e-15,1.2443984582028867e-15,1.2974283210202145e-15,1.3506191384567059e-15,1.403978097417225e-15,1.457511994039238e-15,1.5112272505644615e-15,1.5651299359415702e-15,1.6192257878491718e-15,1.6735202355383496e-15,1.7280184222861105e-15,1.782725227081895e-15,1.837645285374009e-15,1.8927830081401778e-15,1.948142601279771e-15,2.0037280810180178e-15,2.0595432910964324e-15,2.1155919158590267e-15,2.171877494501469e-15,2.2284034332450186e-15,2.285173016710518e-15,2.3421894183832556e-15,2.3994557102703696e-15,2.4569748717829267e-15,2.514749797908318e-15,2.5727833068104746e-15,2.631078146735955e-15,2.689637002456117e-15,2.7484625011926457e-15,2.807557218096642e-15,2.8669236813066816e-15,2.9265643766341123e-15,2.9864817518906e-15,3.0466782209002654e-15,3.107156167212631e-15,3.1679179475455322e-15,3.228965894992773e-15,3.2903023219645893e-15,3.351929522962625e-15,3.413849777130188e-15,3.4760653506304763e-15,3.538578498875349e-15,3.60139146856451e-15,3.6645064996278145e-15,3.72792582699992e-15,3.791651682314344e-15,3.8556862954426e-15,3.92003189589213e-15,3.984690714418566e-15,4.0496649840282175e-15,4.114956941281852e-15,4.180568827436161e-15,4.246502889441103e-15,4.312761381009091e-15,4.379346563495203e-15,4.446260706808582e-15,4.513506090234373e-15,4.5810850032202105e-15,4.648999746115519e-15,4.717252630878589e-15,4.785845981748018e-15,4.85478213587212e-15,4.924063443916999e-15,4.993692270644532e-15,5.0636709954595165e-15,5.13400201293785e-15,5.20468773333447e-15,5.275730583065563e-15,5.347133005062283e-15,5.418897459591397e-15,5.491026424283432e-15,5.563522394696472e-15,5.636387884736357e-15,5.709625427042434e-15,5.7832375733950815e-15,5.857226895033244e-15,5.9315959830808524e-15,6.0063474488836056e-15,6.0814839243616345e-15,6.157008062350293e-15,6.232922536945561e-15,6.309230043836822e-15,6.385933300638337e-15,6.463035047205223e-15,6.540538045969646e-15,6.618445082259778e-15,6.6967589646116996e-15,6.775482525099542e-15,6.854618619557252e-15,6.934170128133941e-15,7.014139955356932e-15,7.094531030533311e-15,7.175346308062252e-15,7.256588767754707e-15,7.338261415130315e-15,7.420367281748436e-15,7.50290942550997e-15,7.585890930977925e-15,7.669314909694604e-15,7.753184500498954e-15,7.837502869846312e-15,7.92227321213149e-15,8.007498750012976e-15,8.093182734739351e-15,8.179328446479728e-15,8.265939194656908e-15,8.353018318276411e-15,8.440569186257218e-15,8.528595197816756e-15,8.617099782741437e-15,8.706086401825685e-15,8.795558547131037e-15,8.88551974240668e-15,8.975973543405032e-15,9.066923538269354e-15,9.158373347881112e-15,9.250326626255305e-15,9.342787060896294e-15,9.435758373180058e-15,9.529244318739566e-15,9.623248687849589e-15,9.717775305822765e-15,9.812828033401671e-15,9.908410767161692e-15,1.0004527439926293e-14,1.0101182021165018e-14,1.0198378517420302e-14,1.0296120972720908e-14,1.039441346901129e-14,1.0493260126590216e-14,1.0592665104545041e-14,1.0692632601198724e-14,1.0793166854550907e-14,1.0894272142737902e-14,1.0995952784500024e-14,1.109821313964025e-14,1.1201057609500949e-14,1.1304490637442286e-14,1.1408516709330395e-14,1.151314035402424e-14,1.1618366143880655e-14,1.1724198695261839e-14,1.1830642669037908e-14,1.193770277111729e-14,1.2045383752958865e-14,1.2153690412074862e-14,1.2262627592714123e-14,1.2372200186245025e-14,1.248241313177252e-14,1.2593271416697007e-14,1.270478007728714e-14,1.281694419927467e-14,1.2929768918422476e-14,1.3043259421117968e-14,1.3157420944985432e-14,1.3272258779492346e-14,1.338777826656285e-14,1.3503984801217143e-14,1.3620883832210806e-14,1.3738480862670891e-14,1.3856781450750673e-14,1.3975791210312269e-14,1.4095515811572723e-14,1.421596098180166e-14,1.4337132506029485e-14,1.445903622771273e-14,1.458167804948286e-14,1.4705063933851795e-14,1.482919990390432e-14,1.4954092044185835e-14,1.507974650130166e-14,1.5206169484732027e-14,1.5333367267619493e-14,1.5461346187552345e-14,1.5590112647364403e-14,1.5719673115941226e-14,1.585003412904647e-14,1.5981202290159402e-14,1.61131842713152e-14,1.624598681396014e-14,1.637961672984832e-14,1.6514080901888786e-14,1.6649386285069798e-14,1.678553990735725e-14,1.6922548870627655e-14,1.7060420351597895e-14,1.7199161602781358e-14,1.733877995346159e-14,1.7479282810642994e-14,1.762067766009071e-14,1.7762972067306966e-14,1.790617367856564e-14,1.805029022195716e-14,1.8195329508504418e-14,1.834129943302295e-14,1.848820797545455e-14,1.86360632018626e-14,1.8784873265580632e-14,1.893464640834244e-14,1.908539096141934e-14,1.923711534683199e-14,1.9389828078486494e-14,1.9543537763437567e-14,1.969825310310057e-14,1.9853982894500262e-14,2.0010736031533798e-14,2.0168521506264267e-14,2.0327348410227305e-14,2.0487225935751376e-14,2.0648163377314593e-14,2.081017013291154e-14,2.0973255705445392e-14,2.113742970413783e-14,2.130270184596788e-14,2.1469081957127496e-14,2.1636579974508667e-14,2.1805205947200008e-14,2.1974970038019222e-14,2.2145882525065013e-14,2.231795380329716e-14,2.2491194386139723e-14,2.266561490710664e-14,2.284122612139624e-14,2.3018038907781184e-14,2.319606427009402e-14,2.3375313339021663e-14,2.3555797373921365e-14,2.3737527764557715e-14,2.3920516032965635e-14,2.4104773835357274e-14,2.429031296380346e-14,2.4477145348335956e-14,2.46652830588628e-14,2.485473830712773e-14,2.5045523448695654e-14,2.523765098505102e-14,2.5431133565614004e-14,2.5625983989902483e-14,2.582221520965327e-14,2.601984033101177e-14,2.6218872616758497e-14,2.6419325488560972e-14,2.662121252928331e-14,2.68245474853026e-14,2.7029344268907373e-14,2.723561696067492e-14,2.744337981197658e-14,2.7652647247441843e-14,2.786343386751764e-14,2.8075754451032327e-14,2.8289623957851578e-14,2.850505753153877e-14,2.872207050208123e-14,2.894067838865208e-14,2.9160896902433767e-14,2.938274194947983e-14,2.960622963363373e-14,2.9831376259490894e-14,3.005819833543046e-14,3.028671257667054e-14,3.051693590840848e-14,3.0748885468988045e-14,3.098257861315892e-14,3.1218032915348945e-14,3.1455266173036456e-14,3.169429641016946e-14,3.193514188060003e-14,3.217782107168118e-14,3.242235270784004e-14,3.26687557542288e-14,3.291704942049047e-14,3.3167253164548636e-14,3.3419386696461073e-14,3.367346998239092e-14,3.3929523248657544e-14,3.41875669856243e-14,3.44476219520901e-14,3.47097091796207e-14,3.49738499763115e-14,3.524006593177639e-14,3.5508378921423667e-14,3.57788111110029e-14,3.605138496125234e-14,3.6326123232642514e-14,3.660304899020134e-14,3.6882185608442415e-14,3.716355677628607e-14,3.744718650230407e-14,3.773309911982376e-14,3.8021319292265734e-14,3.831187201850786e-14,3.860478263841917e-14,3.8900076838452503e-14,3.919778065730801e-14,3.949792049197595e-14,3.980052310341085e-14,4.010561562271016e-14,4.0413225557288024e-14,4.072338079713369e-14,4.103610962126731e-14,4.135144070425389e-14,4.166940312289472e-14,4.199002636301997e-14,4.231334032652946e-14,4.263937533813341e-14,4.2968162152955127e-14,4.329973196373532e-14,4.3634116408342485e-14,4.397134757742182e-14,4.431145802223967e-14,4.465448076262543e-14,4.500044929511025e-14,4.5349397601236346e-14,4.570136015601094e-14,4.60563719365695e-14,4.64144684309238e-14,4.6775685647075026e-14,4.714006012205571e-14,4.7507628931443704e-14,4.7878429698831914e-14,4.8252500605631836e-14,4.8629880401036235e-14,4.901060841218929e-14,4.939472455459754e-14,4.978226934271783e-14,5.0173283900796075e-14,5.056780997396277e-14,5.096588993947224e-14,5.1367566818289156e-14,5.177288428685219e-14,5.2181886689114233e-14,5.259461904884095e-14,5.301112708217371e-14,5.343145721045044e-14,5.3855656573331733e-14,5.4283773042346475e-14,5.471585523404492e-14,5.515195252458733e-14,5.5592115063826336e-14,5.60363937898986e-14,5.648484044413352e-14,5.69375075863534e-14,5.739444861046373e-14,5.785571776040132e-14,5.832137014645043e-14,5.879146176189935e-14,5.926604950009743e-14,5.974519117187771e-14,6.022894552340668e-14,6.071737225435608e-14,6.121053203666248e-14,6.170848653346295e-14,6.221129841872289e-14,6.271903139713896e-14,6.323175022455304e-14,6.374952072890356e-14,6.427240983150029e-14,6.480048556902493e-14,6.533381711584898e-14,6.58724748069745e-14,6.6416530161459e-14,6.696605590646607e-14,6.752112600181628e-14,6.808181566516789e-14,6.864820139777967e-14,6.922036101082919e-14,6.979837365254159e-14,7.038231983577573e-14,7.097228146698865e-14,7.156834187322099e-14,7.217058583413701e-14,7.277909961157097e-14,7.339397098076996e-14,7.401528926146152e-14,7.464314535347565e-14,7.527763176709136e-14,7.591884265873991e-14,7.656687386619801e-14,7.722182294482565e-14,7.788378920446736e-14,7.855287374761405e-14,7.922917950823661e-14,7.991281129173425e-14,8.060387581592619e-14,8.130248175301145e-14,8.200873977266794e-14,8.272276258626114e-14,8.344466499212426e-14,8.417456392212947e-14,8.491257848934047e-14,8.565883003703888e-14,8.641344218895914e-14,8.717654090079756e-14,8.794825451318458e-14,8.872871380607744e-14,8.95180520544903e-14,9.031640508573485e-14,9.112391133826148e-14,9.19407119220604e-14,9.276695068067026e-14,9.360277425486931e-14,9.444833214811682e-14,9.53037767937972e-14,9.616926362421436e-14,9.704495114161115e-14,9.793100099116533e-14,9.882757803577855e-14,9.973485043301121e-14,1.0065298971493172e-13,1.0158217086873283e-13,1.0252257242076983e-13,1.0347437652255068e-13,1.0443776903934862e-13,1.0541293964117733e-13,1.0640008189641179e-13,1.0739939336814772e-13,1.0841107571327301e-13,1.0943533478446942e-13,1.1047238073508987e-13,1.1152242812726598e-13,1.1258569604293301e-13,1.1366240819830775e-13,1.1475279306184555e-13,1.158570839752615e-13,1.1697551927861452e-13,1.1810834243901172e-13,1.1925580218302593e-13,1.2041815263316714e-13,1.2159565344866634e-13,1.227885699702033e-13,1.2399717336943108e-13,1.252217408027489e-13,1.2646255556997369e-13,1.2771990727797697e-13,1.289940920091052e-13,1.30285412495491e-13,1.3159417829795836e-13,1.3292070599109858e-13,1.3426531935418119e-13,1.3562834956790004e-13,1.3701013541761347e-13,1.3841102350281485e-13,1.3983136845366427e-13,1.412715331541575e-13,1.427318889728131e-13,1.4421281600074534e-13,1.4571470329743435e-13,1.472379491448112e-13,1.4878296130943465e-13,1.5035015731358304e-13,1.5193996471523124e-13,1.535528213974502e-13,1.5518917586746858e-13,1.5684948756602623e-13,1.5853422718683302e-13,1.6024387700728166e-13,1.619789312302382e-13,1.637398963376962e-13,1.6552729145655166e-13,1.6734164873717502e-13,1.6918351374499629e-13,1.7105344586607486e-13,1.729520187266293e-13,1.7487982062759685e-13,1.7683745499463978e-13,1.7882554084383906e-13,1.8084471326475537e-13,1.828956239202831e-13,1.84978941564902e-13,1.870953525817102e-13,1.8924556153897768e-13,1.9143029176742088e-13,1.9365028595843354e-13,1.959063067848731e-13,1.9819913754459791e-13,2.0052958282848198e-13,2.0289846921332716e-13,2.0530664598115945e-13,2.077549858656756e-13,2.1024438582770455e-13,2.127757678598537e-13,2.153500798222234e-13,2.1796829631139297e-13,2.206314195625473e-13,2.2334048038717594e-13,2.260965391479119e-13,2.2890068677131296e-13,2.3175404580258483e-13,2.346577715007058e-13,2.3761305297857886e-13,2.4062111438962017e-13,2.436832161619117e-13,2.468006562834211e-13,2.499747716397527e-13,2.5320693940762873e-13,2.5649857850574765e-13,2.59851151107112e-13,2.6326616421456714e-13,2.6674517130240885e-13,2.7028977402913843e-13,2.739016240222689e-13,2.775824247406202e-13,2.8133393341690717e-13,2.851579630848899e-13,2.8905638469533247e-13,2.9303112932522974e-13,2.9708419048459344e-13,3.012176265260268e-13,3.0543356316271645e-13,3.097341960993038e-13,3.14121793782529e-13,3.1859870027720565e-13,3.231673382742467e-13,3.2783021223756367e-13,3.3258991169745e-13,3.374491146977227e-13,3.42410591413347e-13,3.474772079026317e-13,3.5265193010169405e-13,3.5793782796070433e-13,3.6333807979517035e-13,3.6885597684866335e-13,3.7449492807871103e-13,3.802584651784582e-13,3.861502478470916e-13,3.9217406932350805e-13,3.983338621982905e-13,4.0463370451975115e-13,4.110778262112513e-13,4.176706158179738e-13,4.244166276032247e-13,4.3132058901310323e-13,4.383874085347341e-13,4.456221839673853e-13,4.53030211138517e-13,4.606169930826913e-13,4.683882497206243e-13,4.763499280652653e-13,4.845082129880904e-13,4.928695385839432e-13,5.014406001686815e-13,5.102283669556354e-13,5.19240095449973e-13,5.284833436135764e-13,5.379659858478681e-13,5.476962288529243e-13,5.576826284189792e-13,5.679341072172938e-13,5.784599736621445e-13,5.892699419128117e-13,6.003741531037172e-13,6.11783197887189e-13,6.235081403869246e-13,6.355605436655807e-13,6.479524968204918e-13,6.606966438298782e-13,6.738062142883014e-13,6.872950561729453e-13,7.011776708067987e-13,7.154692501931043e-13,7.301857169143216e-13,7.453437668096853e-13,7.609609146622539e-13,7.770555431570044e-13,7.936469553906906e-13,8.107554312499433e-13,8.284022880016579e-13,8.466099454871316e-13,8.654019963444719e-13,8.84803281732305e-13,9.048399730985808e-13,9.255396605729621e-13,9.469314486591595e-13,9.690460599661549e-13,9.919159478185567e-13,1.015575418685204e-12,1.0400607654927964e-12,1.0654104130214316e-12,1.0916650767470904e-12,1.1188679366676874e-12,1.147064827871975e-12,1.1763044498467164e-12,1.2066385968169795e-12,1.2381224116935154e-12,1.270814666663542e-12,1.3047780738280651e-12,1.3400796298489072e-12,1.3767909991624477e-12,1.4149889410107975e-12,1.4547557864322635e-12,1.4961799721951632e-12,1.5393566399889948e-12,1.5843883103689811e-12,1.6313856426719123e-12,1.6804682939320801e-12,1.7317658921137271e-12,1.785419141659274e-12,1.841581082467886e-12,1.9004185273119816e-12,1.9621137071557885e-12,2.026866159391519e-12,2.094894900568058e-12,2.1664409330084064e-12,2.2417701447181155e-12,2.3211766732355067e-12,2.4049868187998774e-12,2.493563609566198e-12,2.5873121432851326e-12,2.6866858565967203e-12,2.7921939062808336e-12,2.8937354445353908e-12,3.013352044143855e-12,3.1410069165199685e-12,3.2774993125529667e-12,3.423780786453573e-12,3.580941848521221e-12,3.750237445589787e-12,3.9331179832270485e-12,4.131266951529478e-12,4.346646994035113e-12,4.581556710785087e-12,4.838701094220554e-12,5.121279401016719e-12,5.4330954452277294e-12,5.778696906060565e-12,6.163552422692407e-12,6.5942782176647395e-12,6.7110104016721055e-12,7.219970279895408e-12,7.797698853404315e-12,8.454700408173111e-12,9.207111334272304e-12,1.007557025783496e-11,1.1086157398917636e-11,1.227201983955661e-11,1.3675640340042922e-11,1.535192472431867e-11,1.7372392993437713e-11,1.9830871157883663e-11,2.2851181523938857e-11,2.6597482563900557e-11,3.1287975661774685e-11,3.7212719464081384e-11,4.4756096361592406e-11,5.442392219313109e-11,6.687405134679753e-11,7.469100112614607e-11,7.469100112654559e-11,7.469100115468018e-11,9.588530479060784e-11,1.2152429424816413e-10,1.5364018897091566e-10,1.9414249765426406e-10,2.4480876194028464e-10,3.0716286930786677e-10,3.821581488663678e-10,4.697110694355175e-10,5.682031237980812e-10,6.741449482017541e-10,7.82214819305382e-10,8.8579096455293e-10,9.779073172356278e-10,1.0523677669105254e-09,1.1046751879593767e-09,1.1051807612641418e-09,1.1051807612665603e-09,1.1328762747934461e-09,1.1356074753657691e-09,1.1154526057874964e-09,1.0756022145357626e-09,1.0199409992535752e-09,9.526214473553969e-10,8.776990106921832e-10,7.988595547632404e-10,7.192443447598144e-10,6.413658894721187e-10,5.670995760946884e-10,4.977307392421397e-10,4.340356571719196e-10,3.7637752186417886e-10,3.248030988875681e-10,2.791309027046481e-10,2.390261367091324e-10,2.0406090534599346e-10,1.7376028416450783e-10,1.476359519759766e-10,1.252095314492436e-10,1.0602780603236216e-10,8.967177510323502e-11,7.576120595944043e-11,6.395601874387814e-11,5.3955541083881534e-11,4.549641171369713e-11,3.834970179449904e-11,3.23176566058365e-11,2.723033323080627e-11,2.2942315008884006e-11,1.9329614407150023e-11,1.8506167512153755e-11,1.5597753586829148e-11,1.3145524848750385e-11,1.107988453110879e-11,9.340438158522921e-12,7.875746539824643e-12,6.642318581407026e-12,5.603491087537175e-12,4.728397585172257e-12,3.9910694472891805e-12,3.3696668125522068e-12,2.845825914176728e-12,2.4041071781512842e-12,2.0315295752670587e-12,1.717178347926808e-12,1.4518749156790305e-12,1.2278993356627301e-12,1.038757093566029e-12,8.789832303266431e-13,7.439778757965918e-13,6.298681766518072e-13,5.333923903543242e-13,4.51802584790622e-13,3.827829491297862e-13,3.243812006462346e-13,2.749509763659085e-13,2.33103438422877e-13,1.976666083056524e-13,1.6765118523548195e-13,1.4222180549305826e-13,1.2067286841059548e-13,1.0240819629666713e-13,8.692391413974035e-14,7.379403419697925e-14,6.26583136823733e-14,5.321202345224128e-14,4.519732379664222e-14,3.8395992323679274e-14,3.262328981009924e-14,2.772278415371853e-14,2.3561981323449155e-14,2.0028636263223283e-14,1.702763693336353e-14,1.4478371626501452e-14,1.231250392536625e-14,1.0472091632385003e-14,8.90799603998738e-15,7.578536356493432e-15,6.448351200122294e-15,5.487435045769488e-15,4.67032253518558e-15,3.975397792534073e-15,3.3843094504630756e-15,2.8814750953138406e-15,2.4536613704341617e-15,2.089628111067678e-15,1.779826684200816e-15,1.5161442262227666e-15,1.2916867528588028e-15,1.1005951990719839e-15,9.378893608386614e-16,7.993354834796037e-16,6.813338942704358e-16,5.808236291603683e-16,4.952014703186296e-16,4.2225320616074495e-16,3.600952597107699e-16,3.0712511391130797e-16,2.6197920193224726e-16,2.234971332575037e-16,1.906912979471376e-16,1.6272103697789948e-16,1.388706897780278e-16,1.185309344268714e-16,1.011829245905847e-16,8.638480227580744e-17,7.376022909594254e-17,6.298863273635762e-17,5.3796911066796085e-17,4.912774933091004e-17,4.196325717553974e-17,3.5850286935037495e-17,3.063239890370467e-17,2.617753472895795e-17,2.2373509896435314e-17,1.9124792652738324e-17,1.6349957843153568e-17,1.3979576919261873e-17,1.1954437994770467e-17,1.0224034834867995e-17,8.745281287790685e-18,7.48141661488936e-18,6.401073039467294e-18,5.4774813189234774e-18,4.687793812931391e-18,4.0125075978168304e-18,3.4349727828136385e-18,2.9409733949536192e-18,2.5183700810453943e-18,2.1567954730164375e-18,1.8473944246126758e-18,1.5826024837093445e-18,1.3559569503852807e-18,1.1619357083839677e-18,9.9581973122148e-19,8.53575771400992e-19,7.317562580939839e-19,6.274138687181138e-19,5.380286146686501e-19,4.614456005100883e-19,3.95821887785474e-19,3.3958112610606477e-19,2.9137481136843605e-19,2.5004919903168517e-19,2.1461704347130204e-19,1.8423345651063971e-19,1.58175282130808e-19,1.3582347305903086e-19,1.1664803040847622e-19,1.0019513198619385e-19,8.607612981772976e-20,7.395814421828997e-20,6.355602171913754e-20,5.462545819611336e-20,4.695711761284574e-20,4.0371601585448806e-20,3.471514611140781e-20,2.985593986792793e-20,2.568097388172078e-20,2.2093345517852668e-20,1.90099509632247e-20,1.6359509953686066e-20,1.408087468097264e-20,1.2121581849733079e-20,1.0436612401463494e-20,8.98732999553996e-21,7.740570725755055e-21,6.667863988972866e-21,5.7447646080040024e-21,4.950280539430775e-21,4.2663823731339165e-21,3.67758287618502e-21,3.1705765273899288e-21,2.7339304391614014e-21,2.357819303166582e-21,2.0337980566231364e-21,1.7546068730386687e-21,1.5140038569803058e-21,1.3066214864444775e-21,1.1278434137906457e-21,9.736987229492644e-22,8.4077115599590695e-22,7.261211785378185e-22,6.272190581192611e-22,5.418873908511473e-22,4.682517349826079e-22,4.0469820154189403e-22,3.498370161475934e-22,3.024712065392218e-22,2.615696907477045e-22,2.2624414391923764e-22,1.95729110234715e-22,1.6936490208206558e-22,1.4658289362264599e-22,1.268928715482785e-22,1.098721535893909e-22,9.515622628847809e-23,8.243068866269144e-23,7.142426104433802e-23,6.190310422912911e-23,5.366510618436196e-23,4.653603272907217e-23,4.0365431921290136e-23,3.502339982599076e-23,3.039777329858778e-23,2.6391674309757077e-23,2.2921420873689264e-23,1.9914716001038585e-23,1.7309088281539984e-23,1.5050547447915896e-23,1.3092425096736164e-23,1.139437490699537e-23,9.92151027407804e-24,8.64366035152778e-24,7.534728139793237e-24,6.572136534376706e-24,5.7363502037652e-24,5.010462849467345e-24,4.379840849745975e-24,3.831815534581694e-24,3.355417411175352e-24,2.9411465847066855e-24,2.5807744116143138e-24,2.2671721087563607e-24,1.99416263063486e-24,1.7563926347380122e-24,1.549221792415981e-24,1.3686270796056445e-24,1.2111200064233422e-24,1.0736750245412427e-24,9.536675925379941e-25,8.48820587446902e-25,7.571579300301808e-25,6.769644459579521e-25,6.067511185783105e-25,5.452250040068261e-25,4.912631785293371e-25,4.438901740949092e-25,4.022584315345664e-25,3.656313650794748e-25,3.3336868680655784e-25,3.0491368728370874e-25,2.7978220975138466e-25,2.5755309071772695e-25,2.3785987050395154e-25,2.203836037765967e-25,2.0484662302080626e-25,1.9100712769155838e-25,1.7865448891237452e-25,1.6760517435718376e-25,1.57699210788489e-25,1.4879711274445238e-25,1.407772154896334e-25,1.3353335857009595e-25,1.2697287354197314e-25,1.2101483558990339e-25,1.1558854415493734e-25,1.1063220230509178e-25,1.0609176867779457e-25,1.0191995922367675e-25,9.807537899453857e-26,9.452176697243791e-26,9.122733901872561e-26,8.816421611141357e-26,8.530792667700183e-26,8.26369733434923e-26,8.013245567169276e-26,7.777774157705199e-26,7.555818108403456e-26,7.346085690349599e-26,7.147436704742827e-26,6.958863530694763e-26,6.779474599911096e-26,6.608479982396418e-26,6.445178810226614e-26,6.288948302627929e-26,6.139234184994266e-26,5.9955423226973e-26,5.857431412412441e-26,5.724506596955494e-26,5.596413883396487e-26,5.472835262353175e-26,5.353484438688154e-26,5.238103095308374e-26,5.1264576224894483e-26,5.018336253297266e-26,4.913546552661266e-26,4.8119132177879177e-26,4.7132761464270517e-26,4.617488744587291e-26,4.5244164368248557e-26,4.43393536000662e-26,4.3459312135310945e-26,4.2602982477861963e-26,4.176938373463813e-26,4.095760376539144e-26,4.016679225832126e-26,3.939615461691447e-26,3.864494655754581e-26,3.7912469330323384e-26,3.719806548669556e-26,3.6501115126739776e-26,3.5821032568068027e-26,3.515726338451565e-26,3.4509281769971504e-26,3.3876588191174997e-26,3.325870728714247e-26,3.2655185994478917e-26,3.2065591868782884e-26,5.478113114931145e-26,6.611432887413896e-26,7.187928304220316e-26,7.492192650740634e-26,7.66331326268621e-26,7.769271462070647e-26,7.843295696204778e-26,7.901627898001217e-26,7.952207068483985e-26,7.998913714712875e-26,8.04364453171541e-26,8.087326513144035e-26,8.13041266743295e-26,8.173124315511202e-26,8.21556953673426e-26,8.257801059190088e-26,8.299844561962414e-26,8.341712507739793e-26,8.383410903543572e-26,8.424942606312714e-26,8.466308938728844e-26,8.507510477961437e-26,8.548547440638495e-26,8.589419876859367e-26,8.630127755813264e-26,8.670671013879848e-26,8.711049575164759e-26,8.751263364435669e-26,8.791312307199612e-26,8.831196343060754e-26,8.870915415838354e-26,8.91046947687859e-26,8.949858490822344e-26,8.989082426038124e-26,9.028141262526003e-26,9.067034990502587e-26,9.105763606907021e-26,9.144327120160987e-26,9.182725544162749e-26,9.220958904833252e-26,9.259027235357973e-26,9.296930575771198e-26,9.334668977412742e-26,9.37224249966311e-26,9.409651209166483e-26,9.446895182060537e-26,9.483974501141295e-26,9.520889258594196e-26,9.557639554417272e-26,9.594225496491826e-26,9.630647200701221e-26,9.666904790668797e-26,9.70299839808884e-26,9.738928160421813e-26,9.774694225279251e-26,9.810296746693304e-26,9.845735886101679e-26,9.88101181622697e-26,9.916124705403117e-26,9.951074740510946e-26,9.985862111612518e-26,1.0020487020001712e-25,1.0054949660396712e-25,1.0089250251558876e-25,1.0123389006412347e-25,1.01573661529942e-25,1.0191181922193767e-25,1.0224836550501722e-25,1.0258330282123234e-25,1.0291663367991857e-25,1.0324836062205873e-25,1.0357848627949032e-25,1.039070133551003e-25,1.0423394459627714e-25,1.0455928283649084e-25,1.0488303087333252e-25,1.0520519167719805e-25,1.0552576820333346e-25,1.0584476350015644e-25,1.0616218065967272e-25,1.0647802283650534e-25,1.0679229321242124e-25,1.0710499507191305e-25,1.0741613167222128e-25,1.0772570639319962e-25,1.0803372263870704e-25,1.0834018386572435e-25,1.0864509356904578e-25,1.0894845532762136e-25,1.0925027272555756e-25,1.0955054940989525e-25,1.098492890549705e-25,1.101464954213731e-25,1.1044217229577725e-25,1.1073632348241707e-25,1.110289528582821e-25,1.1132006433292422e-25,1.1160966185544092e-25,1.1189774942217816e-25,1.121843310686376e-25,1.1246941084824268e-25,1.1275299288221164e-25,1.1303508130493077e-25,1.133156803087787e-25,1.1359479411822416e-25,1.1387242697967263e-25,1.141485831838565e-25,1.144232670512816e-25,1.1469648293865517e-25,1.1496823523995653e-25,1.1523852836444045e-25,1.1550736678183826e-25,1.157747549523968e-25,1.1604069739560528e-25,1.1630519868001184e-25,1.165682633304835e-25,1.1682989594234337e-25,1.170901011774972e-25,1.1734888367077022e-25,1.176062480964142e-25,1.1786219913129934e-25,1.1811674155124205e-25,1.1836988008194093e-25,1.18621619492176e-25,1.1887196459242534e-25,1.1912092019408147e-25,1.1936849113368608e-25,1.196146822635715e-25,1.1985949847146942e-25,1.2010294465717861e-25,1.2034502573926363e-25,1.205857466564483e-25,1.2082511236224353e-25,1.2106312782890308e-25,1.212997980514062e-25,1.2153512802326185e-25,1.217691227587345e-25,1.2200178731933427e-25,1.222331267394866e-25,1.2246314608851393e-25,1.2269185044365248e-25,1.2291924489352084e-25,1.231453345374574e-25,1.2337012448950313e-25,1.2359361986986897e-25,1.2381582583388037e-25,1.2403674751642806e-25,1.242563900737706e-25,1.2447475867682137e-25,1.24691858491287e-25,1.249076947047855e-25,1.2512227250529962e-25,1.253355970917157e-25,1.2554767366594862e-25,1.2575850744627463e-25,1.2596810364604238e-25,1.261764674903068e-25,1.2638360420108713e-25,1.2658951901449453e-25,1.2679421716226556e-25,1.2699770387537634e-25,1.2719998441711094e-25,1.2740106404464148e-25,1.276009479686215e-25,1.27799641460281e-25,1.2799714977002488e-25,1.281934781546684e-25,1.28388631858138e-25,1.2858261614319847e-25,1.2877543627321809e-25,1.2896709749437563e-25,1.2915760506074322e-25,1.2934696422776908e-25,1.2953518024220548e-25,1.2972225835746617e-25,1.2990820382870949e-25,1.300930218778303e-25,1.3027671776762776e-25,1.3045929674021688e-25,1.306407640360069e-25,1.3082112487430606e-25,1.3100038447970492e-25,1.311785480846343e-25,1.313556209036087e-25,1.315316081095724e-25,1.3170651502411958e-25,1.318803467599425e-25,1.3205310853431087e-25,1.3222480554137943e-25,1.3239544296062942e-25,1.3256502597432285e-25,1.327335597571132e-25,1.3290104946784306e-25,1.3306750026228056e-25,1.3323291728808788e-25,1.3339730568521886e-25,1.3356067059170004e-25,1.3372301711563175e-25,1.3388435037993602e-25,1.3404467548772162e-25,1.3420399754032132e-25,1.3436232161417465e-25,1.3451965278940362e-25,1.3467599613198984e-25,1.348313566976439e-25,1.349857395307805e-25,1.3513914966756315e-25,1.3529159213090437e-25,1.3544307193337128e-25,1.355935940761643e-25,1.3574316355323085e-25,1.358917853376744e-25,1.3603946439573678e-25,1.361862056819302e-25,1.3633201413047488e-25,1.3647689467911784e-25,1.36620852244755e-25,1.3676389173153268e-25,1.3690601803066262e-25,1.3704723602024244e-25,1.3718755056513754e-25,1.3732696651679367e-25,1.374654887131256e-25,1.3760312197831726e-25,1.377398711226961e-25,1.3787574094261811e-25,1.3801073622093082e-25,1.3814486169315675e-25,1.3827812217647698e-25,1.384105223433471e-25,1.3854206698871462e-25,1.3867276079380838e-25,1.3880260843974617e-25,1.389316146118912e-25,1.3905978401345196e-25,1.391871212230893e-25,1.3931363089909632e-25,1.394393176725452e-25,1.3956418614045288e-25,1.3968824088873334e-25,1.3981148648698244e-25,1.399339274790599e-25,1.4005556844041991e-25,1.4017641387443874e-25,1.402964682894734e-25,1.404157361756627e-25,1.405342220118466e-25,1.40651930251928e-25,1.4076886534007668e-25,1.4088503170606738e-25,1.4100043374996846e-25,1.4111507586963116e-25,1.4122896244097527e-25,1.4134209782314786e-25,1.41454486358481e-25,1.4156613237238954e-25,1.4167704017282582e-25,1.4178721406135792e-25,1.4189665829311568e-25,1.4200537714091578e-25,1.4211337483419893e-25,1.4222065560297853e-25,1.4232722365501652e-25,1.4243308317217946e-25,1.4253823832913957e-25,1.4264269327954018e-25,1.4274645216071552e-25,1.428495190842439e-25,1.4295189815910174e-25,1.4305359347645883e-25,1.4315460909717198e-25,1.4325494906100713e-25,1.4335461741857395e-25,1.434536181688007e-25,1.4355195531721004e-25,1.4364963284758572e-25,1.43746654704798e-25,1.4384302481208272e-25,1.439387471514925e-25,1.4403382560808512e-25,1.4412826407112874e-25,1.4422206640952104e-25,1.4431523648530934e-25,1.4440777813229116e-25,1.444996951684074e-25,1.445909914398129e-25,1.446816706461543e-25,1.4477173660453924e-25,1.448611930669624e-25,1.4495004375317028e-25,1.450382923769686e-25,1.4512594264009592e-25,1.4521299822671157e-25,1.4529946278522758e-25,1.4538533996679958e-25,1.4547063339831117e-25,1.4555534669857468e-25,1.456394834478445e-25,1.4572304722025069e-25,1.458060415727257e-25,1.458884700426532e-25,1.4597033614751203e-25,1.4605164340098991e-25,1.4613239528104755e-25,1.4621259525966803e-25,1.4629224678634558e-25,1.4637135329494208e-25,1.4644991820186622e-25,1.465279449063016e-25,1.4660543679008386e-25,1.4668239721707106e-25,1.4675882953540735e-25,1.468347370634804e-25,1.469101231248348e-25,1.4698499101791262e-25,1.4705934402051751e-25,1.4713318539433244e-25,1.472065183850323e-25,1.4727934621788803e-25,1.473516721134099e-25,1.4742349922781367e-25,1.4749483080090183e-25,1.4756566995906225e-25,1.4763601984545697e-25,1.4770588358582833e-25,1.4777526428357892e-25,1.478441650315746e-25,1.4791258891574115e-25,1.4798053899030106e-25,1.480480182991051e-25,1.4811502986892328e-25,1.481815767100879e-25,1.482476618165042e-25,1.4831328816557052e-25,1.483784587184127e-25,1.4844317641983729e-25,1.4850744419848095e-25,1.4857126498781787e-25,1.4863464166271965e-25,1.4869757710290447e-25,1.4876007417290402e-25,1.4882213572100103e-25,1.4888376457918844e-25,1.4894496356407023e-25,1.4900573547578017e-25,1.490660830994979e-25,1.4912600920401586e-25,1.4918551654283194e-25,1.4924460785382259e-25,1.4930328585901318e-25,1.4936155326552599e-25,1.4941941276441833e-25,1.4947686703152656e-25,1.4953391872737648e-25,1.4959057048219616e-25,1.4964682494083262e-25,1.4970268471888094e-25,1.4975815241582035e-25,1.4981323061660444e-25,1.4986792188991172e-25,1.4992222879025893e-25,1.4997615385853134e-25,1.5002969961975754e-25,1.5008286858429315e-25,1.5013566324745158e-25,1.5018808608103091e-25,1.5024013957038255e-25,1.502918261573202e-25,1.503431482788886e-25,1.503941083582036e-25,1.504447088317705e-25,1.5049495203222506e-25,1.5054484038425632e-25,1.5059437623839105e-25,1.5064356195092767e-25,1.506923998593738e-25,1.5074089228782095e-25,1.5078904154755327e-25,1.5083684993109922e-25,1.5088431972183468e-25,1.5093145320877e-25,1.5097825260360022e-25,1.5102472017061097e-25,1.5107085813421097e-25,1.511166687121521e-25,1.5116215410539639e-25,1.5120731649539513e-25,1.512521580838798e-25,1.512966809779148e-25,1.5134088734988411e-25,1.513847793438711e-25,1.514283591049641e-25,1.514716286778809e-25,1.515145901889618e-25,1.5155724572147902e-25,1.5159959734525735e-25,1.5164164711707068e-25,1.516833970822616e-25,1.517248492692126e-25,1.5176600568668283e-25,1.5180686835643525e-25,1.5184743927037768e-25,1.5188772039886558e-25,1.5192771372351137e-25,1.519674211981996e-25,1.5200684476317154e-25,1.520459863515091e-25,1.5208484788141255e-25,1.5212343126278862e-25,1.5216173840631988e-25,1.521997711702463e-25,1.522375314369661e-25,1.522750210680409e-25,1.5231224191175495e-25,1.5234919580498502e-25,1.5238588459905524e-25,1.5242231005721157e-25,1.5245847402838833e-25,1.524943782694888e-25,1.5253002456408587e-25,1.5256541468565507e-25,1.5260055039386238e-25,1.526354334347442e-25,1.526700655439734e-25,1.527044484427836e-25,1.5273858385736007e-25,1.5277247347033037e-25,1.5280611898232835e-25,1.5283952206112545e-25,1.5287268437522037e-25,1.5290560760120017e-25,1.5293829339117492e-25,1.529707433519813e-25,1.530029591260388e-25,1.5303494232796328e-25,1.5306669456467139e-25,1.5309821743010285e-25,1.5312951250981672e-25,1.5316058137764912e-25,1.5319142559790752e-25,1.5322204672387267e-25,1.5325244629992248e-25,1.5328262586104571e-25,1.5331258693621262e-25,1.5334233102695449e-25,1.5337185964603985e-25,1.5340117428388272e-25,1.5343027642536035e-25,1.534591675400998e-25,1.5348784910309773e-25,1.5351632256769393e-25,1.5354458937850396e-25,1.5357265098241887e-25,1.5360050878900966e-25,1.53628164221048e-25,1.5365561868327698e-25,1.5368287358511326e-25,1.537099303166408e-25,1.5373679025086278e-25,1.5376345474938096e-25,1.5378992519701e-25,1.538162029380982e-25,1.538422893164175e-25,1.538681856671737e-25,1.5389389331754227e-25,1.5391941358511438e-25,1.539447477792845e-25,1.5396989720042305e-25,1.5399486314035648e-25,1.5401964688231434e-25,1.5404424970097476e-25,1.5406867286253903e-25,1.540929176247448e-25,1.5411698523694402e-25,1.5414087694014917e-25,1.5416459396707206e-25,1.5418813754216886e-25,1.5421150888171987e-25,1.5423470919385526e-25,1.5425773967859967e-25,1.5428060152793387e-25,1.543032959258458e-25,1.5432582404835752e-25,1.5434818706359767e-25,1.543703861318498e-25,1.54392422405567e-25,1.5441429702945954e-25,1.5443601114052215e-25,1.5445756586807946e-25,1.5447896233385006e-25,1.5450020165195832e-25,1.5452128492902586e-25,1.5454221326418697e-25,1.5456298775587809e-25,1.5458360947149105e-25,1.5460407949798902e-25,1.546243989062228e-25,1.546445687579866e-25,1.5466459011599762e-25,1.5468446401957071e-25,1.5470419151175794e-25,1.547237736190023e-25,1.5474321139016626e-25,1.5476250581320873e-25,1.547816579172402e-25,1.548006687081812e-25,1.5481953918520039e-25,1.548382703406545e-25,1.5485686315831356e-25,1.5487531861885617e-25,1.5489363769446541e-25,1.5491182135065874e-25,1.549298705463793e-25,1.5494778623399605e-25,1.5496556935936233e-25,1.549832208618648e-25,1.550007416744516e-25,1.5501813272368184e-25,1.5503539492975901e-25,1.5505252920657098e-25,1.5506953646174227e-25,1.5508641759666326e-25,1.5510317350651926e-25,1.5511980508035362e-25,1.5513631320110251e-25,1.5515269874714297e-25,1.5516896258775659e-25,1.5518510558779187e-25,1.5520112860607332e-25,1.5521703249560777e-25,1.5523281810341604e-25,1.5524848627048144e-25,1.5526403783253638e-25,1.552794736192285e-25,1.5529479445448616e-25,1.5531000115654265e-25,1.5532509453797149e-25,1.5534007540572851e-25,1.5535494456098942e-25,1.553697027997302e-25,1.5538435091257263e-25,1.5539888968310982e-25,1.5541331989335953e-25,1.554276423162734e-25,1.5544185772178058e-25,1.5545596686788833e-25,1.5546997051833773e-25,1.5548386941663695e-25,1.5549766432347752e-25,1.555113559625453e-25,1.55524945093151e-25,1.555384324397617e-25,1.5555181873554026e-25,1.5556510469075664e-25,1.555782910190427e-25,1.5559137843912965e-25,1.5560436765797713e-25,1.5561725938379532e-25,1.5563005429999255e-25,1.5564275310534697e-25,1.55655356486019e-25,1.5566786512625138e-25,1.5568027970484078e-25,1.556926008931248e-25,1.5570482935952753e-25,1.5571696576824267e-25,1.55729010778617e-25,1.5574096504279822e-25,1.5575282921470405e-25,1.5576460393767759e-25,1.557762898525326e-25,1.557878875954545e-25,1.5579939779821386e-25,1.5581082108799962e-25,1.558221580887812e-25,1.5583340941868135e-25,1.5584457569205574e-25,1.5585565751898624e-25,1.55866655504929e-25,1.5587757025215978e-25,1.5588840235865336e-25,1.5589915241765755e-25,1.559098210137917e-25,1.5592040873360945e-25,1.559309161592716e-25,1.559413438662761e-25,1.5595169242806764e-25,1.5596196241512762e-25,1.5597215438882026e-25,1.5598226891090733e-25,1.5599230653351951e-25,1.560022678144761e-25,1.5601215330082497e-25,1.560219635382784e-25,1.5603169906737096e-25,1.5604136042364346e-25,1.5605094814232881e-25,1.560604627470794e-25,1.5606990477663598e-25,1.5607927474547123e-25,1.5608857317263622e-25,1.5609780057294554e-25,1.5610695745798323e-25,1.5611604432913046e-25,1.5612506169623765e-25,1.5613401006596106e-25,1.5614288992873075e-25,1.5615170177889725e-25,1.5616044610511865e-25,1.5616912339476758e-25,1.5617773413050474e-25,1.5618627879123392e-25,1.5619475785377187e-25,1.5620317179362126e-25,1.5621152107210689e-25,1.56219806163257e-25,1.5622802752747345e-25,1.5623618562371173e-25,1.562442809092589e-25,1.5625231383614228e-25,1.5626028485375387e-25,1.562681944097148e-25,1.562760429432354e-25,1.5628383090317357e-25,1.5629155872575592e-25,1.5629922683771675e-25,1.5630683567471702e-25,1.5631438566266514e-25,1.5632187722954994e-25,1.5632931079724205e-25,1.5633668677734338e-25,1.5634400559165933e-25,1.5635126765218105e-25,1.563584733676335e-25,1.5636562314772928e-25,1.5637271739529106e-25,1.563797565115089e-25,1.5638674089691753e-25,1.5639367094305824e-25,1.5640054704468317e-25,1.5640736958803772e-25,1.564141389678877e-25,1.564208555646782e-25,1.5642751976028083e-25,1.5643413193366913e-25,1.5644069246112522e-25,1.564472017161443e-25,1.564536600701112e-25,1.564600678896778e-25,1.5646642554284704e-25,1.5647273339086024e-25,1.564789917945522e-25,1.564852011119277e-25,1.5649136169858382e-25,1.5649747390680218e-25,1.5650353808786052e-25,1.565095545871963e-25,1.5651552375079055e-25,1.5652144592281044e-25,1.565273214435283e-25,1.565331506496151e-25,1.5653893387776776e-25,1.5654467146073586e-25,1.565503637306328e-25,1.5655601101185922e-25,1.5656161363285378e-25,1.5656717191708308e-25,1.5657268618582053e-25,1.5657815675814411e-25,1.5658358395082805e-25,1.5658896807824674e-25,1.5659430945255597e-25,1.565996083839671e-25,1.566048651801707e-25,1.5661008014671978e-25,1.5661525358742295e-25,1.5662038580272248e-25,1.5662547709105988e-25,1.5663052775077672e-25,1.5663553807622395e-25,1.5664050836290943e-25,1.566454388957351e-25,1.566503299654909e-25,1.5665518186243138e-25,1.5665999486361838e-25,1.5666476925516763e-25,1.5666950531726255e-25,1.5667420332828732e-25,1.5667886356414969e-25,1.5668348629942893e-25,1.566880718064161e-25,1.566926203553989e-25,1.5669713221484579e-25,1.5670160765113767e-25,1.5670604692892702e-25,1.567104503107186e-25,1.5671481805735127e-25,1.5671915042788006e-25,1.5672344767924234e-25,1.5672771006657456e-25,1.5673193784577118e-25,1.567361312634255e-25,1.5674029057209876e-25,1.5674441602084232e-25,1.5674850785225406e-25,1.5675256631282137e-25,1.5675659164505598e-25,1.5676058408981704e-25,1.5676454388623425e-25,1.5676847127188893e-25,1.567723664823476e-25,1.5677622975146508e-25,1.567800613118267e-25,1.5678386139386251e-25,1.5678763022726444e-25,1.567913680381404e-25,1.5679507505282404e-25,1.5679875149553832e-25,1.5680239758838416e-25,1.568060135528803e-25,1.5680959960732706e-25,1.56813155969891e-25,1.5681668285824516e-25,1.56820180483691e-25,1.5682364906101763e-25,1.5682708880155373e-25,1.5683049991530913e-25,1.5683388261067824e-25,1.5683723709464913e-25,1.5684056357194988e-25,1.5684386224724538e-25,1.5684713332355677e-25,1.5685037700127444e-25,1.5685359348044914e-25,1.5685678295836023e-25,1.5685994563220015e-25,1.5686308169704896e-25,1.568661913474485e-25,1.5686927477518899e-25,1.568723321712599e-25,1.5687536372510406e-25,1.568783696250549e-25,1.5688135005936617e-25,1.568843052127542e-25,1.568872352694775e-25,1.5689014041307306e-25,1.568930208259891e-25,1.5689587668543544e-25,1.5689870817296675e-25,1.5690151546496143e-25,1.5690429873822361e-25,1.5690705816804248e-25,1.5690979392857241e-25,1.569125061921492e-25,1.5691519513024746e-25,1.5691786091291408e-25,1.569205037091775e-25,1.5692312368679884e-25,1.5692572101209412e-25,1.5692829585056352e-25,1.5693084836614386e-25,1.5693337872174121e-25,1.5693588707893791e-25,1.569383735983966e-25,1.5694083843965608e-25,1.5694328176078367e-25,1.569457037187531e-25,1.5694810446978903e-25,1.5695048416856002e-25,1.569528429687728e-25,1.5695518102285467e-25,1.5695749848257557e-25,1.5695979549821872e-25,1.5696207221895475e-25,1.5696432879310768e-25,1.569665653678567e-25,1.5696878208906109e-25,1.5697097910204353e-25,1.569731565506425e-25,1.5697531457778462e-25,1.5697745332582562e-25,1.5697957293468803e-25,1.5698167354468823e-25,1.5698375529508569e-25,1.569858183228413e-25,1.5698786276521506e-25,1.5698988875837685e-25,1.5699189643641337e-25,1.5699388593551383e-25,1.5699585738520574e-25,1.5699781091854074e-25,1.5699974666698263e-25,1.5700166476035065e-25,1.570035653281574e-25,1.5700544849802393e-25,1.570073143966395e-25,1.5700916315178523e-25,1.5701099488760345e-25,1.570128097295712e-25,1.5701460780077807e-25,1.570163892238791e-25,1.5701815412018987e-25,1.5701990261143283e-25,1.5702163481697952e-25,1.5702335085663284e-25,1.5702505084764967e-25,1.5702673491068555e-25,1.5702840315771543e-25,1.570300557065842e-25,1.570316926721858e-25,1.5703331416888535e-25,1.5703492030961132e-25,1.5703651120699083e-25,1.5703808697232721e-25,1.5703964771648446e-25,1.5704119354921881e-25,1.5704272458138037e-25,1.570442409183471e-25,1.570457426698582e-25,1.5704722994202306e-25,1.570487028409614e-25,1.5705016147192657e-25,1.5705160593943505e-25,1.5705303634737822e-25,1.5705445279890656e-25,1.5705585539629045e-25,1.5705724424108121e-25,1.570586194328201e-25,1.5705998107339082e-25,1.5706132926114204e-25,1.5706266409482781e-25,1.5706398567261786e-25,1.5706529409145822e-25,1.5706658944672008e-25,1.5706787183584787e-25,1.570691413529461e-25,1.5707039809299328e-25,1.5707164214961116e-25,1.570728736154204e-25,1.570740925827043e-25,1.5707529914368324e-25,1.570764933889952e-25,1.5707767540871532e-25,1.5707884529156798e-25,1.570800031292786e-25,1.5708114900812676e-25,1.5708228301708877e-25,1.5708340524258242e-25,1.5708451577118985e-25,1.5708561468852203e-25,1.5708670208057986e-25,1.5708777803072877e-25,1.570888426239486e-25,1.5708989594316556e-25,1.570909380708717e-25,1.570919690895772e-25,1.5709298908083345e-25,1.5709399812570897e-25,1.570949963043524e-25,1.5709598369672924e-25,1.5709696038197916e-25,1.5709792643881406e-25,1.5709888194537077e-25,1.5709982697898135e-25,1.5710076161673132e-25,1.571016859348556e-25,1.571026000093899e-25,1.5710350391533422e-25,1.5710439772752043e-25,1.571052815203551e-25,1.5710615536714885e-25,1.5710701934086455e-25,1.571078735145479e-25,1.5710871796013366e-25,1.571095527491355e-25,1.5711037795198433e-25,1.5711119363983738e-25,1.5711199988282826e-25,1.5711279674989866e-25,1.5711358431001813e-25,1.571143626318942e-25,1.571151317833855e-25,1.5711589183214053e-25,1.571166428443257e-25,1.571173848875465e-25,1.571181180275672e-25,1.571188423295734e-25,1.5711955785876268e-25,1.57120264679198e-25,1.5712096285551487e-25,1.5712165245140981e-25,1.5712233352965254e-25,1.5712300615311998e-25,1.5712367038422852e-25,1.571243262848676e-25,1.5712497391600828e-25,1.571256133387248e-25,1.571262446135265e-25,1.5712686780029468e-25,1.5712748295900356e-25,1.5712809014822226e-25,1.5712868942695884e-25,1.5712928085351062e-25,1.5712986448585357e-25,1.5713044038120281e-25,1.5713100859679788e-25,1.5713156918905764e-25,1.5713212221445045e-25,1.5713266772843767e-25,1.5713320578662437e-25,1.5713373644388792e-25,1.5713425975489877e-25,1.571347757738473e-25,1.571352845544612e-25,1.5713578615016285e-25,1.5713628061378237e-25,1.5713676799809015e-25,1.5713724835530298e-25,1.5713772173730093e-25,1.571381881957142e-25,1.5713864778144946e-25,1.5713910054522968e-25,1.5713954653778267e-25,1.5713998580847018e-25,1.5714041840727529e-25,1.5714084438351541e-25,1.5714126378603173e-25,1.5714167666336585e-25,1.571420830636935e-25,1.5714248303496616e-25,1.571428766244674e-25,1.5714326387956125e-25,1.5714364484700768e-25,1.571440195733432e-25,1.571443881045627e-25,1.5714475048660685e-25,1.5714510676481144e-25,1.571454569843304e-25,1.5714580119004349e-25,1.5714613942609216e-25,1.5714647173713986e-25,1.571467981667996e-25,1.5714711875859349e-25,1.5714743355567358e-25,1.5714774260093247e-25,1.5714804593698847e-25,1.5714834360606074e-25,1.5714863564998873e-25,1.5714892211060554e-25,1.5714920302913794e-25,1.5714947844663511e-25,1.5714974840380701e-25,1.5715001294109759e-25,1.5715027209870548e-25,1.5715052591646408e-25,1.571507744338866e-25,1.5715101769032119e-25,1.571512557247226e-25,1.5715148857578292e-25,1.5715171628204295e-25,1.5715193888113426e-25,1.5715215641165112e-25,1.5715236891086216e-25,1.5715257641606268e-25,1.5715277896436093e-25,1.571529765924304e-25,1.5715316933686283e-25,1.5715335723388632e-25,1.5715354031937553e-25,1.5715371862909683e-25,1.5715389219850877e-25,1.5715406106287391e-25,1.571542252569955e-25,1.5715438481567925e-25,1.5715453977319524e-25,1.5715469016383504e-25,1.5715483602151505e-25,1.5715497737989386e-25,1.5715511427241157e-25,1.5715524673227296e-25,1.571553747924214e-25,1.5715549848555016e-25,1.5715561784414082e-25,1.5715573290041313e-25,1.571558436863922e-25,1.5715595023387582e-25,1.5715605257429723e-25,1.5715615073901131e-25,1.5715624475909423e-25,1.5715633466538453e-25,1.5715642048850695e-25,1.571565022588384e-25,1.5715658000660192e-25,1.5715665376174751e-25,1.5715672355400844e-25,1.5715678941290698e-25,1.571568513677231e-25,1.571569094475883e-25,1.5715696368135756e-25,1.5715701409771322e-25,1.5715706072511447e-25,1.5715710359181246e-25,1.5715714272585427e-25,1.5715717815508243e-25,1.5715720990712887e-25,1.5715723800945188e-25,1.5715726248927375e-25,1.5715728337363873e-25,1.5715730068936491e-25,1.5715731446314299e-25,1.5715732472140748e-25,1.5715733149040398e-25,1.571573347962065e-25,1.5715733466468725e-25,1.571573311215477e-25,1.571573241922742e-25,1.5715731390217986e-25,1.5715730027640906e-25,1.571572833398957e-25,1.5715726311742712e-25,1.5715723963354523e-25,1.5715721291268466e-25,1.5715718297905537e-25,1.5715714985671138e-25,1.5715711356953494e-25,1.571570741412244e-25,1.5715703159529882e-25,1.5715698595511265e-25,1.571569372438553e-25,1.5715688548453906e-25,1.5715683070002003e-25,1.5715677291297064e-25,1.5715671214591103e-25,1.5715664842118359e-25,1.5715658176095854e-25,1.5715651218741338e-25,1.5715643972232262e-25,1.5715636438721658e-25,1.5715628620379824e-25,1.5715620519329476e-25,1.5715612137720143e-25,1.5715603477649103e-25,1.5715594541209486e-25,1.5715585330490722e-25,1.571557584752385e-25,1.5715566094373255e-25,1.5715556073071602e-25,1.5715545785642723e-25,1.5715535234074122e-25,1.5715524420361912e-25,1.5715513346479244e-25,1.5715502014392459e-25,1.5715490426029297e-25,1.5715478583331869e-25,1.5715466488211325e-25,1.5715454142572697e-25,1.5715441548305662e-25,1.5715428707285245e-25,1.5715415621366356e-25,1.5715402292405774e-25,1.571538872224012e-25,1.5715374912670648e-25,1.57153608655195e-25,1.5715346582578136e-25,1.5715332065624504e-25,1.5715317316431877e-25,1.5715302336755435e-25,1.5715287128332372e-25,1.5715271692892624e-25,1.5715256032173604e-25,1.5715240147839754e-25,1.5715224041610537e-25,1.5715207715162232e-25,1.5715191170157465e-25,1.57151744082791e-25,1.5715157431117825e-25,1.5715140240324295e-25,1.5715122837532803e-25,1.571510522436824e-25,1.5715087402370291e-25,1.5715069373156191e-25,1.5715051138290999e-25,1.5715032699347136e-25,1.571501405786654e-25,1.5714995215386746e-25,1.5714976173440122e-25,1.5714956933535575e-25,1.5714937497176564e-25,1.571491786586461e-25,1.5714898041075971e-25,1.5714878024287229e-25,1.57148578169582e-25,1.5714837420535333e-25,1.5714816836466195e-25,1.5714796066175664e-25,1.571477511107295e-25,1.5714753972589714e-25,1.571473265211187e-25,1.571471115102786e-25,1.5714689470715551e-25,1.5714667612546045e-25,1.5714645577866637e-25,1.5714623368040972e-25,1.571460098439542e-25,1.5714578428261322e-25,1.571455570094919e-25,1.571453280378422e-25,1.5714509738065082e-25,1.5714486505074603e-25,1.5714463106095203e-25,1.571443954240605e-25,1.5714415815250984e-25,1.5714391925893448e-25,1.5714367875579424e-25,1.571434366554086e-25,1.5714319297000438e-25,1.5714294771172092e-25,1.5714270089270064e-25,1.5714245252494658e-25,1.5714220262022782e-25,1.5714195119053813e-25,1.571416982474962e-25,1.5714144380280296e-25,1.5714118786801524e-25,1.5714093045448986e-25,1.5714067157380187e-25,1.5714041123714385e-25,1.571401494557588e-25,1.571398862406868e-25,1.5713962160314244e-25,1.5713935555419626e-25,1.5713908810446194e-25,1.5713881926488445e-25,1.5713854904620944e-25,1.5713827745911973e-25,1.5713800451409144e-25,1.5713773022184595e-25,1.5713745459264239e-25,1.5713717763687673e-25,1.5713689936483482e-25,1.57136619786708e-25,1.5713633891262983e-25,1.5713605675264047e-25,1.571357733167442e-25,1.5713548861483416e-25,1.571352026567529e-25,1.5713491545225777e-25,1.5713462701106802e-25,1.5713433734275377e-25,1.5713404645689496e-25,1.571337543629674e-25,1.5713346107043193e-25,1.571331665885406e-25,1.5713287092661332e-25,1.5713257409365428e-25,1.5713227609902155e-25,1.571319769518311e-25,1.5713167666096825e-25,1.5713137523562004e-25,1.5713107268432342e-25,1.5713076901604792e-25,1.5713046423958717e-25,1.5713015836352828e-25,1.5712985139667528e-25,1.5712954334742685e-25,1.5712923422430363e-25,1.5712892403572427e-25,1.5712861278995215e-25,1.5712830049551048e-25,1.571279871606079e-25,1.57127672793274e-25,1.5712735740174492e-25,1.5712704099406392e-25,1.5712672357822667e-25,1.5712640516221968e-25,1.5712608575392237e-25,1.571257653611533e-25,1.5712544399161385e-25,1.5712512165319764e-25,1.5712479835347672e-25,1.571244741002979e-25,1.5712414890075018e-25,1.571238227625921e-25,1.5712349569321063e-25,1.5712316770014923e-25,1.5712283879075925e-25,1.571225089718721e-25,1.5712217825101397e-25,1.5712184663542748e-25,1.5712151413225247e-25,1.5712118074834946e-25,1.5712084649079385e-25,1.5712051136662336e-25,1.5712017538279845e-25,1.5711983854613492e-25,1.5711950086347136e-25,1.5711916234101806e-25,1.571188229865588e-25,1.5711848280622511e-25,1.5711814180664125e-25,1.5711779999436849e-25,1.5711745737593316e-25,1.5711711395780707e-25,1.5711676974641225e-25,1.571164247481382e-25,1.5711607896931173e-25,1.5711573241622128e-25,1.5711538509510834e-25,1.5711503701216367e-25,1.571146881735378e-25,1.5711433858531718e-25,1.5711398825358212e-25,1.5711363718436683e-25,1.5711328538360153e-25,1.5711293285723582e-25,1.5711257961114906e-25,1.571122256511982e-25,1.5711187098319118e-25,1.571115156128637e-25,1.5711115954591685e-25,1.5711080278806423e-25,1.5711044534493968e-25,1.571100872220681e-25,1.5710972842504472e-25,1.5710936895936507e-25,1.571090088304661e-25,1.5710864804383601e-25,1.5710828660485336e-25,1.5710792451884091e-25,1.5710756179111343e-25,1.5710719842689772e-25,1.5710683443160509e-25,1.5710646981018428e-25,1.5710610456782179e-25,1.571057387098397e-25,1.5710537224119874e-25,1.5710500516682791e-25,1.5710463749191672e-25,1.5710426922128227e-25,1.5710390035981002e-25,1.5710353091274581e-25,1.571031608845857e-25,1.571027902803935e-25,1.5710241910485617e-25,1.5710204736290574e-25,1.571016750590824e-25,1.5710130219788867e-25,1.5710092878441056e-25,1.5710055482306196e-25,1.5710018031837594e-25,1.570998052746183e-25,1.5709942969691123e-25,1.5709905358946005e-25,1.5709867695669383e-25,1.5709829980305523e-25,1.5709792213295e-25,1.5709754395069455e-25,1.5709716526057927e-25,1.5709678606693471e-25,1.5709640637402848e-25,1.5709602618607841e-25,1.570956455072765e-25,1.5709526434181537e-25,1.570948826937675e-25,1.5709450056732376e-25,1.570941179665247e-25,1.5709373489541046e-25,1.5709335135804937e-25,1.5709296735827524e-25,1.5709258290018137e-25,1.5709219798767178e-25,1.5709181262418732e-25,1.570914268145089e-25,1.570910405620168e-25,1.5709065387009267e-25,1.5709026674340023e-25,1.5708987918526205e-25,1.5708949119940407e-25,1.5708910278953053e-25,1.5708871395932003e-25,1.5708832471215156e-25,1.5708793505212803e-25,1.5708754498271552e-25,1.5708715450740517e-25,1.5708676362976524e-25,1.5708637235328267e-25,1.570859806814595e-25,1.5708558861769448e-25,1.570851961655022e-25,1.570848033283008e-25,1.5708441010954753e-25,1.570840165125509e-25,1.5708362254063382e-25,1.5708322819712322e-25,1.5708283348531386e-25,1.5708243840842942e-25,1.5708204296980518e-25,1.5708164717254982e-25,1.5708125101996357e-25,1.5708085451515368e-25,1.5708045766129898e-25,1.570800604615013e-25,1.5707966291892344e-25,1.5707926503663284e-25,1.570788668176459e-25,1.5707846826508603e-25,1.5707806938186527e-25,1.5707767017103075e-25,1.5707727063561944e-25,1.5707687077851144e-25,1.5707647060256947e-25,1.5707607011078e-25,1.5707566930604986e-25,1.570752681910543e-25,1.5707486676896152e-25,1.57074465042411e-25,1.57074063014215e-25,1.5707366068717935e-25,1.5707325806398538e-25,1.570728551474289e-25,1.5707245194013562e-25,1.5707204844494968e-25,1.570716446645239e-25,1.5707124060139894e-25,1.5707083625830633e-25,1.5707043163798488e-25,1.5707002674279428e-25,1.570696215754414e-25,1.570692161386021e-25,1.5706881043464795e-25,1.570684044661195e-25,1.5706799823545659e-25,1.5706759174550356e-25,1.570671849984478e-25,1.5706677799676103e-25,1.5706637074297008e-25,1.5706596323936813e-25,1.570655554883635e-25,1.5706514749260935e-25,1.5706473925408537e-25,1.5706433077534e-25,1.570639220586337e-25,1.5706351310631113e-25,1.5706310392067369e-25,1.570626945040022e-25,1.570622848585498e-25,1.5706187498657633e-25,1.5706146489029467e-25,1.5706105457192743e-25,1.570606440336701e-25,1.5706023327776155e-25,1.570598223062965e-25,1.5705941112139258e-25,1.5705899972522027e-25,1.570585881197611e-25,1.5705817630740643e-25,1.5705776428999415e-25,1.5705735206978656e-25,1.5705693964934522e-25,1.5705652702952914e-25,1.570561142129422e-25,1.5705570120156771e-25,1.5705528799746555e-25,1.5705487460250149e-25,1.5705446101832104e-25,1.5705404724796327e-25,1.5705363329253788e-25,1.5705321915410238e-25,1.5705280483464857e-25,1.5705239033594566e-25,1.5705197565981497e-25,1.5705156080837224e-25,1.5705114578327587e-25,1.570507305870728e-25,1.5705031522042384e-25,1.570498996855678e-25,1.5704948398442645e-25,1.5704906811877128e-25,1.5704865209050787e-25,1.5704823590145866e-25,1.5704781955277556e-25,1.5704740304719936e-25,1.570469863852939e-25,1.570465695698863e-25,1.5704615260153833e-25,1.570457354824323e-25,1.5704531821453656e-25,1.570449007991408e-25,1.5704448323802246e-25,1.5704406553367113e-25,1.5704364768602989e-25,1.5704322969725815e-25,1.570428115695414e-25,1.5704239330413811e-25,1.5704197490266826e-25,1.570415563666932e-25,1.570411376976425e-25,1.570407188970262e-25,1.570402999666261e-25,1.570398809081357e-25,1.5703946172254003e-25,1.570390424117284e-25,1.5703862297712248e-25,1.5703820342002604e-25,1.570377837419835e-25,1.5703736394443903e-25,1.5703694402891168e-25,1.5703652399683314e-25,1.5703610384956943e-25,1.5703568358845732e-25,1.5703526321503045e-25,1.5703484273054654e-25,1.5703442213645334e-25,1.5703400143413132e-25,1.570335806249769e-25,1.5703315971032052e-25,1.570327386915924e-25,1.5703231756983673e-25,1.5703189634667454e-25,1.5703147502309345e-25,1.570310536003979e-25,1.5703063208027903e-25,1.5703021046379344e-25,1.5702978875229967e-25,1.570293669467481e-25,1.570289450488713e-25,1.5702852305974583e-25,1.5702810098037479e-25,1.5702767881211227e-25,1.5702725655623535e-25,1.5702683421411653e-25,1.57026411787193e-25,1.570259892755717e-25,1.5702556668104752e-25,1.5702514400514108e-25,1.570247212484124e-25,1.5702429841229573e-25,1.5702387549796155e-25,1.5702345250649654e-25,1.5702302943926895e-25,1.5702260629703323e-25,1.5702218308104945e-25,1.5702175979242767e-25,1.5702133643217324e-25,1.5702091300162e-25,1.5702048950167063e-25,1.5702006593376786e-25,1.570196422983235e-25,1.5701921859671242e-25,1.5701879482999105e-25,1.5701837099911173e-25,1.570179471051417e-25,1.5701752314989664e-25,1.5701709913368854e-25,1.5701667505710486e-25,1.5701625092127921e-25,1.570158267276749e-25,1.570154024769039e-25,1.570149781707805e-25,1.5701455380905268e-25,1.5701412939300995e-25,1.570137049239813e-25,1.5701328040279383e-25,1.5701285583025238e-25,1.5701243120742311e-25,1.5701200653537227e-25,1.5701158181515794e-25,1.570111570471904e-25,1.570107322325452e-25,1.5701030737233665e-25,1.5700988246733141e-25,1.5700945751843248e-25,1.5700903252669085e-25,1.5700860749262565e-25,1.5700818241725747e-25,1.5700775730153024e-25,1.5700733214630156e-25,1.5700690695229684e-25,1.5700648172059112e-25,1.5700605645173592e-25,1.57005631146662e-25,1.5700520580657317e-25,1.5700478043100372e-25,1.570043550223099e-25,1.5700392958078253e-25,1.5700350410719035e-25,1.5700307860241194e-25,1.5700265306691989e-25,1.5700222750182073e-25,1.570018019077387e-25,1.5700137628596962e-25,1.5700095063598783e-25,1.5700052495967844e-25,1.5700009925747055e-25,1.5699967353032176e-25,1.569992477786171e-25,1.5699882200324483e-25,1.5699839620480323e-25,1.5699797038378925e-25,1.569975445418547e-25,1.5699711867945482e-25,1.5699669279693812e-25,1.5699626689485305e-25,1.5699584097364534e-25,1.5699541503512327e-25,1.5699498907861976e-25,1.5699456310630746e-25,1.5699413711804254e-25,1.569937111145879e-25,1.5699328509668709e-25,1.569928590649071e-25,1.569924330198985e-25,1.5699200696237803e-25,1.569915808929252e-25,1.5699115481229871e-25,1.569907287210057e-25,1.569903026197645e-25,1.5698987650944518e-25,1.5698945039016356e-25,1.569890242628027e-25,1.5698859812805194e-25,1.5698817198638383e-25,1.5698774583847751e-25,1.5698731968494157e-25,1.5698689352637256e-25,1.569864673634284e-25,1.5698604119655339e-25,1.569856150264519e-25,1.5698518885366076e-25,1.569847626791365e-25,1.569843365027197e-25,1.5698391032534397e-25,1.569834841475795e-25,1.5698305796998333e-25,1.5698263179311221e-25,1.5698220561752117e-25,1.5698177944383342e-25,1.5698135327244137e-25,1.5698092710396067e-25,1.5698050093892805e-25,1.5698007477787206e-25,1.5697964862132694e-25,1.5697922246981505e-25,1.569787963239392e-25,1.5697837018404723e-25,1.5697794405073774e-25,1.5697751792451916e-25,1.5697709180589475e-25,1.5697666569545202e-25,1.5697623959359315e-25,1.5697581350082303e-25,1.5697538741755354e-25,1.5697496134435288e-25,1.5697453528169776e-25,1.5697410923006438e-25,1.5697368318993068e-25,1.5697325716177617e-25,1.5697283114613844e-25,1.5697240514332569e-25,1.5697197915388373e-25,1.5697155317826232e-25,1.5697112721692372e-25,1.5697070127038094e-25,1.5697027533902427e-25,1.569698494232126e-25,1.569694235234676e-25,1.5696899764029032e-25,1.569685717739786e-25,1.5696814592503307e-25,1.569677200938817e-25,1.5696729428094985e-25,1.5696686848665618e-25,1.5696644271142391e-25,1.5696601695563836e-25,1.5696559121973954e-25,1.5696516550415642e-25,1.569647398092734e-25,1.5696431413549147e-25,1.5696388848321454e-25,1.5696346285283167e-25,1.5696303724474165e-25,1.5696261165933466e-25,1.5696218609699838e-25,1.5696176055811964e-25,1.5696133504307545e-25,1.5696090955221763e-25,1.5696048408598469e-25,1.569600586446729e-25,1.5695963322873748e-25,1.569592078385091e-25,1.5695878247430665e-25,1.569583571365773e-25,1.5695793182563774e-25,1.5695750654184673e-25,1.5695708128555387e-25,1.5695665605702385e-25,1.5695623085696349e-25,1.5695580568518452e-25,1.5695538054229917e-25,1.5695495542865898e-25,1.5695453034484778e-25,1.5695410529066898e-25,1.5695368026673147e-25,1.5695325527336435e-25,1.5695283031089057e-25,1.5695240537964075e-25,1.569519804799434e-25,1.5695155561211076e-25,1.5695113077646352e-25,1.5695070597331779e-25,1.5695028120300673e-25,1.5694985646580067e-25,1.5694943176202365e-25,1.5694900709198358e-25,1.569485824559916e-25,1.5694815785435e-25,1.569477332873531e-25,1.569473087554192e-25,1.5694688425859914e-25,1.5694645979730856e-25,1.569460353718344e-25,1.5694561098246539e-25,1.5694518662949615e-25,1.5694476231319952e-25,1.569443380337568e-25,1.569439137915986e-25,1.569434895870147e-25,1.5694306542022013e-25,1.5694264129161996e-25,1.5694221720117734e-25,1.5694179314934834e-25,1.5694136913636387e-25,1.569409451625551e-25,1.5694052122821854e-25,1.569400973335381e-25,1.5693967347877307e-25,1.5693924966418218e-25,1.5693882589001467e-25,1.5693840215653296e-25,1.5693797846384175e-25,1.569375548124696e-25,1.5693713120252185e-25,1.569367076342499e-25,1.5693628410788859e-25,1.569358606236878e-25,1.5693543718187974e-25,1.5693501378270657e-25,1.5693459042640628e-25,1.5693416711349596e-25,1.569337438436654e-25,1.5693332061730394e-25,1.5693289743480363e-25,1.5693247429635282e-25,1.5693205120195636e-25,1.5693162815202634e-25,1.569312051467982e-25,1.5693078218649342e-25,1.5693035927149145e-25,1.5692993640166706e-25,1.5692951357736291e-25,1.5692909079900064e-25,1.569286680664663e-25,1.56928245380163e-25,1.5692782274039474e-25,1.569274001471084e-25,1.5692697760076865e-25,1.569265551014448e-25,1.569261326493466e-25,1.5692571024467217e-25,1.5692528788761476e-25,1.5692486557837502e-25,1.569244433171644e-25,1.5692402110407485e-25,1.569235989394717e-25,1.5692317682346025e-25,1.5692275475621728e-25,1.569223327379606e-25,1.569219107688431e-25,1.569214888490971e-25,1.569210669788598e-25,1.5692064515833174e-25,1.5692022338768802e-25,1.5691980166712933e-25,1.5691937999680185e-25,1.5691895837691513e-25,1.5691853680762183e-25,1.5691811528910222e-25,1.5691769382152945e-25,1.5691727240507195e-25,1.5691685103990403e-25,1.5691642972618375e-25,1.5691600846408953e-25,1.5691558725378157e-25,1.5691516609559024e-25,1.5691474498935456e-25,1.5691432393539137e-25,1.569139029338668e-25,1.5691348198494159e-25,1.5691306108877736e-25,1.5691264024552397e-25,1.5691221945525899e-25,1.5691179871829914e-25,1.5691137803507041e-25,1.569109574050142e-25,1.56910536828594e-25,1.569101163060415e-25,1.5690969583747178e-25,1.5690927542301691e-25,1.5690885506284061e-25,1.5690843475707795e-25,1.5690801450587381e-25,1.5690759430937231e-25,1.5690717416771495e-25,1.5690675408104214e-25,1.5690633404943525e-25,1.5690591407314574e-25,1.5690549415225412e-25,1.5690507428689395e-25,1.5690465447720712e-25,1.569042347232372e-25,1.5690381502528392e-25,1.5690339538340024e-25,1.5690297579770666e-25,1.5690255626834472e-25,1.5690213679543752e-25,1.5690171737908332e-25,1.5690129801947197e-25,1.5690087871665973e-25,1.569004594708104e-25,1.569000402820412e-25,1.5689962115047794e-25,1.5689920207624255e-25,1.568987830594512e-25,1.5689836410024974e-25,1.5689794519870987e-25,1.5689752635499788e-25,1.568971075691529e-25,1.568966888413697e-25,1.5689627017173138e-25,1.5689585156032958e-25,1.5689543300712717e-25,1.5689501451261687e-25,1.5689459607670402e-25,1.5689417769958054e-25,1.5689375938119355e-25,1.5689334112173786e-25,1.5689292292130197e-25,1.56892504780016e-25,1.5689208669823268e-25,1.5689166867551513e-25,1.568912507122622e-25,1.568908328085568e-25,1.5689041496478544e-25,1.5688999718046296e-25,1.5688957945604943e-25,1.5688916179160356e-25,1.5688874418681447e-25,1.5688832664262257e-25,1.5688790915864598e-25,1.5688749173505932e-25,1.5688707437189956e-25,1.568866570692543e-25,1.568862398273006e-25,1.5688582264609199e-25,1.5688540552570352e-25,1.5688498846633448e-25,1.5688457146785e-25,1.5688415453032343e-25,1.5688373765396456e-25,1.5688332083903275e-25,1.5688290408544059e-25,1.5688248739331835e-25,1.5688207076240458e-25,1.5688165419341703e-25,1.5688123768615344e-25,1.5688082124065972e-25,1.568804048570409e-25,1.5687998853537378e-25,1.5687957227580596e-25,1.5687915607838363e-25,1.5687873994308053e-25,1.568783238698475e-25,1.5687790785918813e-25,1.568774919109712e-25,1.5687707602527424e-25,1.5687666020217151e-25,1.5687624444174054e-25,1.5687582874406267e-25,1.568754131092073e-25,1.5687499753725137e-25,1.5687458202826562e-25,1.5687416658232755e-25,1.568737511995117e-25,1.56873335879886e-25,1.568729206235263e-25,1.568725054304986e-25,1.5687209030087872e-25,1.5687167523473626e-25,1.568712602321416e-25,1.5687084529315518e-25,1.5687043041784053e-25,1.5687001560628285e-25,1.5686960085854148e-25,1.5686918617468246e-25,1.5686877155477325e-25,1.5686835699887357e-25,1.5686794250706746e-25,1.5686752807938792e-25,1.5686711371591228e-25,1.5686669941670977e-25,1.5686628518183413e-25,1.5686587101135262e-25,1.5686545690532445e-25,1.5686504286380628e-25,1.5686462888686266e-25,1.5686421497455532e-25,1.568638011269379e-25,1.5686338734412352e-25,1.5686297362606279e-25,1.5686255997287575e-25,1.5686214638461275e-25,1.5686173286132496e-25,1.5686131940307145e-25,1.5686090600988475e-25,1.5686049268158897e-25,1.5686007941875895e-25,1.5685966622116884e-25,1.5685925308898158e-25,1.568588400221001e-25,1.5685842702068597e-25,1.5685801408410114e-25,1.568576012136129e-25,1.5685718840869964e-25,1.5685677566940302e-25,1.5685636299577878e-25,1.568559503878681e-25,1.5685553784569758e-25,1.56855125369375e-25,1.568547129589078e-25,1.568543006143757e-25,1.5685388833576752e-25,1.5685347612318954e-25,1.568530639763193e-25,1.5685265189589827e-25,1.568522398816039e-25,1.5685182793348665e-25,1.5685141605161667e-25,1.5685100423605593e-25,1.5685059248677395e-25,1.5685018080375239e-25,1.5684976918736613e-25,1.5684935763742719e-25,1.5684894615378866e-25,1.568485347368542e-25,1.5684812338642778e-25,1.5684771210266631e-25,1.568473008855886e-25,1.5684688973519172e-25,1.5684647865164474e-25,1.5684606763554123e-25,1.5684565668554705e-25,1.5684524580196854e-25,1.5684483498562594e-25,1.5684442423589927e-25,1.5684401355352604e-25,1.568436029379782e-25,1.568431923896497e-25,1.568427819077432e-25,1.5684237149374483e-25,1.5684196114667082e-25,1.5684155086736007e-25,1.5684114065482964e-25,1.5684073050952263e-25,1.5684032043155757e-25,1.5683991042104184e-25,1.5683950047722698e-25,1.5683909060211278e-25,1.5683868079367834e-25,1.5683827105242449e-25,1.5683786137906514e-25,1.5683745177334806e-25,1.5683704223497183e-25,1.5683663276424277e-25,1.5683622336118025e-25,1.5683581402574045e-25,1.5683540475761342e-25,1.5683499555750576e-25,1.5683458642628905e-25,1.5683417736173473e-25,1.5683376836495862e-25,1.5683335943597205e-25,1.5683295057427475e-25,1.5683254178112006e-25,1.5683213305594485e-25,1.5683172439829845e-25,1.568313158092957e-25,1.568309072879575e-25,1.5683049883459815e-25,1.5683009044937313e-25,1.5682968213220501e-25,1.5682927388309696e-25,1.5682886570218425e-25,1.5682845758950217e-25,1.5682804954520704e-25,1.5682764156834178e-25,1.5682723366021105e-25,1.5682682581991996e-25,1.568264180479175e-25,1.568260103440452e-25,1.5682560270844352e-25,1.5682519514182427e-25,1.5682478764355812e-25,1.5682438021372626e-25,1.5682397285223842e-25,1.568235655586607e-25,1.5682315833430545e-25,1.568227511782407e-25,1.568223440906932e-25,1.5682193707175925e-25,1.5682153012067724e-25,1.5682112323889155e-25,1.5682071642560278e-25,1.5682030968094683e-25,1.5681990300494653e-25,1.5681949639730556e-25,1.5681908985867066e-25,1.5681868338865244e-25,1.5681827698735795e-25,1.5681787065466624e-25,1.5681746439083347e-25,1.568170581957152e-25,1.568166520694574e-25,1.5681624601205632e-25,1.5681584002331993e-25,1.5681543410339901e-25,1.568150282524311e-25,1.568146224703222e-25,1.568142167570121e-25,1.5681381111269735e-25,1.5681340553726713e-25,1.568130000309134e-25,1.568125945934097e-25,1.5681218922486604e-25,1.5681178392530208e-25,1.5681137869476872e-25,1.568109735330797e-25,1.5681056844081528e-25,1.568101634173673e-25,1.5680975846308452e-25,1.568093535776913e-25,1.5680894876143696e-25,1.5680854401427964e-25,1.5680813933560383e-25,1.568077347266979e-25,1.5680733018692268e-25,1.568069257163042e-25,1.5680652131471063e-25,1.5680611698248383e-25,1.5680571271935042e-25,1.5680530852493153e-25,1.5680490440024598e-25,1.568045003448073e-25,1.5680409635771316e-25,1.5680369244097584e-25,1.5680328859334294e-25,1.5680288481490297e-25,1.568024811058059e-25,1.5680207746599531e-25,1.5680167389389632e-25,1.5680127039248152e-25,1.5680086696073165e-25,1.5680046359821166e-25,1.5680006030520516e-25,1.567996570815566e-25,1.5679925392698061e-25,1.5679885084178775e-25,1.567984478259768e-25,1.5679804487950593e-25,1.5679764200269864e-25,1.567972391952717e-25,1.567968364571932e-25,1.567964337885088e-25,1.5679603118938179e-25,1.5679562865954124e-25,1.5679522619932343e-25,1.5679482380815551e-25,1.5679442148687868e-25,1.5679401923507257e-25,1.5679361705260218e-25,1.567932149397112e-25,1.5679281289640392e-25,1.567924109226175e-25,1.5679200901848561e-25,1.5679160718373581e-25,1.5679120541847933e-25,1.5679080372223176e-25,1.567904020959317e-25,1.5679000053926782e-25,1.5678959905199824e-25,1.5678919763465962e-25,1.5678879628711783e-25,1.5678839500859926e-25,1.5678799379974223e-25,1.567875926605035e-25,1.567871915911041e-25,1.5678679059105075e-25,1.5678638966081678e-25,1.5678598879997367e-25,1.5678558800866752e-25,1.5678518728757242e-25,1.567847866356599e-25,1.5678438605302976e-25,1.5678398554037262e-25,1.567835850971873e-25,1.567831847237283e-25,1.567827844198292e-25,1.5678238418581429e-25,1.567819840212035e-25,1.5678158392659888e-25,1.5678118390181122e-25,1.5678078394641856e-25,1.5678038406043341e-25,1.5677998424425013e-25,1.5677958449768893e-25,1.567791848208482e-25,1.5677878521229021e-25,1.5677838567495297e-25,1.5677798620685276e-25,1.567775868090675e-25,1.567771874805371e-25,1.567767882217315e-25,1.5677638903266644e-25,1.5677598991325036e-25,1.5677559086400593e-25,1.5677519188419423e-25,1.5677479297386235e-25,1.56774394133271e-25,1.5677399536233046e-25,1.5677359666104542e-25,1.5677319802950652e-25,1.5677279946768348e-25,1.567724009754326e-25,1.5677200255321208e-25,1.5677160420049534e-25,1.5677120591749132e-25,1.5677080770427374e-25,1.5677040956068484e-25,1.5677001148680064e-25,1.5676961348263458e-25,1.5676921554854171e-25,1.5676881768462363e-25,1.567684198895814e-25,1.567680221643274e-25,1.567676245084467e-25,1.5676722692253867e-25,1.5676682940499828e-25,1.5676643195850979e-25,1.5676603458172947e-25,1.5676563727468668e-25,1.567652400374038e-25,1.567648428699757e-25,1.5676444577177326e-25,1.5676404874353742e-25,1.5676365178515332e-25,1.5676325489631924e-25,1.5676285807739396e-25,1.5676246132799084e-25,1.5676206464825605e-25,1.5676166803857435e-25,1.5676127149831947e-25,1.5676087502794322e-25,1.5676047862729882e-25,1.5676008229591102e-25,1.5675968603426194e-25,1.5675928984239933e-25,1.5675889372026977e-25,1.5675849766768452e-25,1.567581016850057e-25,1.5675770577190208e-25,1.5675730992849863e-25,1.567569141547817e-25,1.5675651845068171e-25,1.5675612281626625e-25,1.5675572725194198e-25,1.567553317568462e-25,1.5675493633127458e-25,1.567545409758555e-25,1.5675414568975848e-25,1.5675375047329452e-25,1.5675335532658218e-25,1.5675296024955469e-25,1.5675256524205668e-25,1.5675217030410635e-25,1.5675177543543936e-25,1.5675138063690393e-25,1.5675098590786297e-25,1.5675059124877152e-25,1.5675019665902526e-25,1.567498021387616e-25,1.5674940768831275e-25,1.5674901330794894e-25,1.5674861899683173e-25,1.5674822475620502e-25,1.567478305840673e-25,1.5674743648179941e-25,1.5674704244915609e-25,1.5674664848610407e-25,1.5674625459266253e-25,1.5674586076864488e-25,1.5674546701419882e-25,1.5674507332931026e-25,1.5674467971403338e-25,1.5674428616836816e-25,1.5674389269246474e-25,1.5674349928584978e-25,1.5674310594858935e-25,1.5674271268087305e-25,1.5674231948318566e-25,1.5674192635475561e-25,1.5674153329585188e-25,1.5674114030654256e-25,1.567407473867025e-25,1.5674035453636814e-25,1.5673996175567642e-25,1.5673956904430748e-25,1.567391764024744e-25,1.567387838297287e-25,1.5673839132700782e-25,1.5673799889375198e-25,1.567376065299064e-25,1.567372142355738e-25,1.56736822010717e-25,1.5673642985536643e-25,1.567360377694283e-25,1.56735645752965e-25,1.5673525380591221e-25,1.5673486192817314e-25,1.567344701191567e-25,1.5673407838022617e-25,1.5673368671089442e-25,1.567332951110985e-25,1.5673290358062054e-25,1.5673251211948716e-25,1.567321207276534e-25,1.5673172940527285e-25,1.5673133815245461e-25,1.567309469692949e-25,1.567305558551913e-25,1.5673016481052656e-25,1.5672977383495365e-25,1.5672938292903493e-25,1.567289920916185e-25,1.5672860132451874e-25,1.5672821062662055e-25,1.5672781999818873e-25,1.5672742943891606e-25,1.5672703894890046e-25,1.56726648528166e-25,1.5672625817672377e-25,1.5672586789464672e-25,1.5672547768194353e-25,1.5672508753867505e-25,1.5672469746450893e-25,1.56724307459326e-25,1.5672391752386918e-25,1.5672352765713535e-25,1.5672313785998368e-25,1.5672274813213066e-25,1.5672235847348062e-25,1.5672196888397164e-25,1.5672157936379337e-25,1.5672118991283596e-25,1.5672080053109816e-25,1.5672041121784636e-25,1.567200219735231e-25,1.5671963279929377e-25,1.5671924369498755e-25,1.5671885465906398e-25,1.5671846569274855e-25,1.567180767948335e-25,1.5671768796651658e-25,1.5671729920728004e-25,1.5671691051709996e-25,1.5671652189621444e-25,1.5671613334437593e-25,1.5671574486156276e-25,1.5671535644701563e-25,1.567149681025811e-25,1.56714579827235e-25,1.5671419162093041e-25,1.5671380348363276e-25,1.5671341541522231e-25,1.5671302741615177e-25,1.5671263948586485e-25,1.5671225162489247e-25,1.5671186383294438e-25,1.56711476110034e-25,1.5671108845614027e-25,1.5671070087125432e-25,1.567103133553696e-25,1.5670992590847944e-25,1.5670953853030593e-25,1.567091512214124e-25,1.567087639814502e-25,1.56708376810449e-25,1.5670798970839882e-25,1.567076026752922e-25,1.5670721571112288e-25,1.5670682881553908e-25,1.5670644198920925e-25,1.5670605523179392e-25,1.567056685431652e-25,1.5670528192448755e-25,1.567048953746852e-25,1.5670450889246847e-25,1.5670412248034993e-25,1.5670373613621069e-25,1.5670334986092253e-25,1.5670296365439139e-25,1.56702577516507e-25,1.5670219144761676e-25,1.567018054475607e-25,1.5670141951631223e-25,1.5670103365385975e-25,1.5670064786019652e-25,1.5670026213502225e-25,1.5669987647872445e-25,1.566994908913764e-25,1.566991053725409e-25,1.5669871992241965e-25,1.5669833454126939e-25,1.5669794922779457e-25,1.5669756398404435e-25,1.5669717880898913e-25,1.5669679370365522e-25,1.5669640866614457e-25,1.5669602369737803e-25,1.5669563879711778e-25,1.5669525396559546e-25,1.566948692026248e-25,1.566944845084295e-25,1.56694099882717e-25,1.5669371532572396e-25,1.5669333083733438e-25,1.566929464178752e-25,1.566925620666946e-25,1.566921777840326e-25,1.5669179357031493e-25,1.5669140942463543e-25,1.5669102534808767e-25,1.5669064133975594e-25,1.5669025739943322e-25,1.56689873528164e-25,1.5668948972524815e-25,1.5668910599073763e-25,1.566887223250102e-25,1.5668833872705687e-25,1.566879551983089e-25,1.566875717380284e-25,1.5668718834658323e-25,1.5668680502323191e-25,1.5668642176834554e-25,1.5668603858243546e-25,1.566856554646164e-25,1.5668527241464935e-25,1.5668488943329133e-25,1.5668450652068754e-25,1.566841236763249e-25,1.5668374090028798e-25,1.5668335819195593e-25,1.5668297555242947e-25,1.5668259298142225e-25,1.566822104787338e-25,1.5668182804449025e-25,1.5668144567809036e-25,1.5668106338044952e-25,1.5668068115149093e-25,1.566802989906127e-25,1.5667991689785136e-25,1.5667953487340983e-25,1.5667915291718558e-25,1.5667877102910564e-25,1.5667838920942939e-25,1.5667800745789487e-25,1.566776257742311e-25,1.566772441593882e-25,1.5667686261250578e-25,1.566764811343987e-25,1.5667609972382367e-25,1.5667571838124758e-25,1.566753371069523e-25,1.5667495590083966e-25,1.5667457476307988e-25,1.5667419369330926e-25,1.5667381269167523e-25,1.5667343175823886e-25,1.5667305089284871e-25,1.5667267009534075e-25,1.5667228936606587e-25,1.566719087048336e-25,1.5667152811172034e-25,1.566711475861969e-25,1.566707671290847e-25,1.5667038674002598e-25,1.5667000641910599e-25,1.5666962616691208e-25,1.5666924598191829e-25,1.566688658646584e-25,1.566684858156857e-25,1.566681058341795e-25,1.5666772592121558e-25,1.5666734607632197e-25,1.566669662989454e-25,1.5666658658964658e-25,1.5666620694805125e-25,1.5666582737436999e-25,1.566654478687231e-25,1.5666506843099376e-25,1.5666468906116131e-25,1.5666430975907382e-25,1.566639305245946e-25,1.5666355135830299e-25,1.566631722606633e-25,1.5666279322986262e-25,1.566624142668414e-25,1.5666203537195386e-25,1.5666165654456228e-25,1.5666127778495365e-25,1.5666089909322078e-25,1.5666052046921645e-25,1.5666014191295432e-25,1.5665976342444095e-25,1.5665938500350708e-25,1.5665900665038183e-25,1.5665862836493776e-25,1.5665825014719132e-25,1.5665787199725713e-25,1.5665749391555947e-25,1.5665711590097446e-25,1.566567379541371e-25,1.5665636007495762e-25,1.5665598226240018e-25,1.5665560451837204e-25,1.5665522684197476e-25,1.5665484923309061e-25,1.5665447169185208e-25,1.5665409421822693e-25,1.5665371681214786e-25,1.56653339473712e-25,1.5665296220356446e-25,1.5665258500017331e-25,1.5665220786426842e-25,1.5665183079589258e-25,1.5665145379496142e-25,1.5665107686150106e-25,1.5665069999560399e-25,1.5665032319671126e-25,1.5664994646568825e-25,1.5664956980165815e-25,1.5664919320478212e-25,1.5664881667606577e-25,1.5664844021468077e-25,1.5664806382078281e-25,1.5664768749430885e-25,1.5664731123519576e-25,1.5664693504347754e-25,1.5664655891904295e-25,1.566461828621318e-25,1.5664580687242963e-25,1.5664543095005613e-25,1.566450550949247e-25,1.5664467930719417e-25,1.5664430358685622e-25,1.5664392793369662e-25,1.5664355234738353e-25,1.5664317682871931e-25,1.5664280137733277e-25,1.566424259931225e-25,1.5664205067547619e-25,1.5664167542587643e-25,1.5664130024311066e-25,1.5664092512774393e-25,1.5664055007928005e-25,1.566401750981726e-25,1.566398001844067e-25,1.5663942533782256e-25,1.566390505582945e-25,1.5663867584586356e-25,1.566383012006174e-25,1.5663792662245348e-25,1.566375521117909e-25,1.5663717766790487e-25,1.5663680329105108e-25,1.566364289812095e-25,1.566360547384254e-25,1.5663568056274232e-25,1.5663530645419488e-25,1.5663493241261148e-25,1.566345584379047e-25,1.5663418453029693e-25,1.5663381068970435e-25,1.5663343691616787e-25,1.5663306320944278e-25,1.5663268956964337e-25,1.5663231599675002e-25,1.566319424912517e-25,1.5663156905241726e-25,1.5663119568092028e-25,1.566308223763657e-25,1.5663044913821126e-25,1.566300759667989e-25,1.5662970286229497e-25,1.566293298246341e-25,1.5662895685295056e-25,1.5662858394896146e-25,1.5662821111169557e-25,1.5662783834131899e-25,1.5662746563790572e-25,1.5662709300124309e-25,1.5662672043126443e-25,1.5662634792802943e-25,1.5662597549154841e-25,1.5662560312229922e-25,1.5662523081928709e-25,1.5662485858305523e-25,1.5662448641345298e-25,1.5662411431057271e-25,1.5662374227440393e-25,1.5662337030491917e-25,1.566229984020536e-25,1.5662262656587563e-25,1.5662225479630304e-25,1.5662188309328205e-25,1.566215114576372e-25,1.566211398880332e-25,1.5662076838494465e-25,1.5662039694846937e-25,1.5662002557869022e-25,1.5661965427531828e-25,1.5661928303850567e-25,1.56618911867938e-25,1.5661854076416227e-25,1.5661816972692763e-25,1.566177987560423e-25,1.566174278518096e-25,1.5661705701403507e-25,1.566166862427226e-25,1.566163155379499e-25,1.566159448995573e-25,1.5661557432764497e-25,1.566152038221448e-25,1.5661483338321868e-25,1.566144630105165e-25,1.566140927042444e-25,1.5661372246426983e-25,1.5661335229073638e-25,1.5661298218356326e-25,1.5661261214271741e-25,1.566122421682258e-25,1.5661187225999737e-25,1.5661150241812653e-25,1.5661113264257922e-25,1.566107629335601e-25,1.5661039329050404e-25,1.5661002371380261e-25,1.5660965420340904e-25,1.566092847591596e-25,1.566089153811359e-25,1.5660854606937102e-25,1.5660817682376816e-25,1.5660780764420835e-25,1.5660743853110027e-25,1.5660706948405461e-25,1.566067005032368e-25,1.5660633158725422e-25,1.5660596273848316e-25,1.5660559395610003e-25,1.5660522523992306e-25,1.566048565895906e-25,1.5660448800500758e-25,1.5660411948705557e-25,1.5660375103519152e-25,1.5660338264936779e-25,1.566030143295315e-25,1.5660264607591673e-25,1.5660227788773236e-25,1.566019097659968e-25,1.5660154171028859e-25,1.5660117372063162e-25,1.5660080579696458e-25,1.5660043793898694e-25,1.5660007014725765e-25,1.5659970242174052e-25,1.5659933476166423e-25,1.565989671676971e-25,1.5659859964005185e-25,1.5659823217795263e-25,1.5659786478169513e-25,1.5659749745171464e-25,1.5659713018784741e-25,1.5659676298907296e-25,1.5659639585712508e-25,1.5659602879023979e-25,1.5659566178861142e-25,1.5659529485335325e-25,1.5659492798381738e-25,1.5659456118010778e-25,1.5659419444248508e-25,1.5659382777019414e-25,1.5659346116377627e-25,1.5659309462306507e-25,1.5659272814810213e-25,1.5659236173899335e-25,1.5659199539530437e-25,1.5659162911755717e-25,1.5659126290538434e-25,1.565908967587461e-25,1.5659053067786566e-25,1.5659016466284086e-25,1.5658979871321604e-25,1.5658943282942197e-25,1.5658906701128175e-25,1.5658870125857226e-25,1.5658833557160343e-25,1.5658796995046702e-25,1.56587604393341e-25,1.5658723890323634e-25,1.565868734785133e-25,1.5658650811937727e-25,1.5658614282575904e-25,1.565857775976491e-25,1.5658541243518704e-25,1.5658504733811558e-25,1.5658468230656838e-25,1.5658431734042453e-25,1.5658395243968085e-25,1.5658358760442828e-25,1.5658322283435178e-25,1.5658285812997133e-25,1.56582493490994e-25,1.5658212891753514e-25,1.565817644092147e-25,1.5658139996643718e-25,1.5658103558900694e-25,1.5658067127687601e-25,1.56580307030136e-25,1.565799428487458e-25,1.565795787326782e-25,1.5657921468193032e-25,1.5657885069616123e-25,1.565784867761681e-25,1.5657812292118462e-25,1.565777591315683e-25,1.5657739540713454e-25,1.56577031747859e-25,1.5657666815390487e-25,1.5657630462495766e-25,1.5657594116149131e-25,1.565755777631569e-25,1.565752144301276e-25,1.5657485116133744e-25,1.565744879585332e-25,1.5657412482097244e-25,1.5657376174847634e-25,1.565733987408975e-25,1.56573035798615e-25,1.565726729214568e-25,1.5657231010957384e-25,1.5657194736233522e-25,1.5657158468048955e-25,1.5657122206362737e-25,1.565708595118804e-25,1.5657049702499524e-25,1.5657013460320772e-25,1.5656977224651816e-25,1.5656940995485117e-25,1.5656904772770811e-25,1.5656868556593995e-25,1.5656832346911316e-25,1.5656796143725788e-25,1.56567599470495e-25,1.56567237569078e-25,1.5656687573209913e-25,1.565665139599575e-25,1.5656615225272104e-25,1.565657906103734e-25,1.5656542903310886e-25,1.5656506752054705e-25,1.5656470607325011e-25,1.5656434469040496e-25,1.5656398337250945e-25,1.565636221193068e-25,1.5656326093088557e-25,1.5656289980682325e-25,1.5656253874766945e-25,1.5656217775361747e-25,1.5656181682425801e-25,1.5656145596026438e-25,1.565610951604597e-25,1.5656073442533426e-25,1.5656037375528491e-25,1.565600131496468e-25,1.5655965260868767e-25,1.5655929213235278e-25,1.565589317207407e-25,1.5655857137317079e-25,1.565582110910652e-25,1.5655785087332328e-25,1.565574907202942e-25,1.565571306319046e-25,1.565567706081014e-25,1.5655641064899127e-25,1.5655605075435146e-25,1.5655569092425422e-25,1.5655533115873023e-25,1.5655497145754031e-25,1.5655461182109908e-25,1.5655425224878036e-25,1.5655389274100975e-25,1.5655353329808223e-25,1.5655317391958276e-25,1.5655281460553302e-25,1.5655245535623119e-25,1.5655209617107863e-25,1.565517370511416e-25,1.5655137799495157e-25,1.5655101900321827e-25,1.5655066007587135e-25,1.5655030121295632e-25,1.5654994241479159e-25,1.565495836807236e-25,1.565492250108872e-25,1.565488664053596e-25,1.5654850786400786e-25,1.5654814938686535e-25,1.5654779097439992e-25,1.5654743262620352e-25,1.5654707434204812e-25,1.5654671612239513e-25,1.5654635796701084e-25,1.565459998760733e-25,1.5654564184931223e-25,1.56545283886907e-25,1.5654492598872167e-25,1.5654456815455623e-25,1.56544210384614e-25,1.5654385267888945e-25,1.5654349503751496e-25,1.5654313746024024e-25,1.5654277994656316e-25,1.565424224974282e-25,1.5654206511243867e-25,1.565417077912462e-25,1.5654135053465727e-25,1.5654099334216667e-25,1.5654063621375862e-25,1.5654027914931079e-25,1.5653992214889495e-25,1.5653956521177122e-25,1.5653920833960986e-25,1.5653885153147969e-25,1.5653849478735308e-25,1.5653813810748867e-25,1.5653778149120244e-25,1.5653742493889463e-25,1.5653706845027601e-25,1.565367120259595e-25,1.565363556655522e-25,1.5653599937017617e-25,1.565356431378259e-25,1.565352869692092e-25,1.565349308646303e-25,1.565345748240052e-25,1.5653421884720643e-25,1.5653386293430523e-25,1.5653350708500608e-25,1.5653315129855795e-25,1.5653279557755012e-25,1.565324399205891e-25,1.5653208432669625e-25,1.5653172879630842e-25,1.565313733301528e-25,1.5653101792815278e-25,1.5653066258914114e-25,1.565303073141727e-25,1.565299521029396e-25,1.5652959695606577e-25,1.5652924187221062e-25,1.565288868521955e-25,1.565285318958372e-25,1.565281770029749e-25,1.5652782217375526e-25,1.565274674084451e-25,1.5652711270724492e-25,1.5652675806923133e-25,1.565264034955014e-25,1.5652604898471436e-25,1.5652569453774831e-25,1.5652534015477542e-25,1.565249858348182e-25,1.565246315780741e-25,1.5652427738524247e-25,1.5652392325591345e-25,1.5652356919019248e-25,1.56523215187615e-25,1.565228612488833e-25,1.5652250737379877e-25,1.5652215356242674e-25,1.5652179981410421e-25,1.5652144612935793e-25,1.5652109250809176e-25,1.5652073895021743e-25,1.5652038545583477e-25,1.5652003202494234e-25,1.565196786577982e-25,1.565193253539177e-25,1.5651897211315658e-25,1.5651861893591967e-25,1.5651826582199225e-25,1.5651791277112204e-25,1.5651755978437803e-25,1.5651720686034752e-25,1.5651685399970917e-25,1.5651650120241718e-25,1.5651614846775525e-25,1.5651579579710733e-25,1.5651544318969197e-25,1.565150906456037e-25,1.5651473816459668e-25,1.5651438574665697e-25,1.5651403339232205e-25,1.5651368110113355e-25,1.5651332887364498e-25,1.5651297670889494e-25,1.5651262460723036e-25,1.5651227256882983e-25,1.5651192059287941e-25,1.565115686806484e-25,1.565112168318389e-25,1.565108650458239e-25,1.565105133232081e-25,1.5651016166449321e-25,1.5650981006802426e-25,1.565094585348433e-25,1.565091070645515e-25,1.5650875565667473e-25,1.565084043121876e-25,1.565080530311906e-25,1.565077018130161e-25,1.5650735065792992e-25,1.565069995659157e-25,1.5650664853674896e-25,1.5650629757065382e-25,1.5650594666752503e-25,1.565055958273749e-25,1.565052450510399e-25,1.5650489433683707e-25,1.5650454368565967e-25,1.5650419309815419e-25,1.5650384257302234e-25,1.5650349211045998e-25,1.5650314171073759e-25,1.5650279137391573e-25,1.5650244109972072e-25,1.5650209088859172e-25,1.5650174074049365e-25,1.5650139065503489e-25,1.5650104063275867e-25,1.5650069067297842e-25,1.5650034077610555e-25,1.5649999094186403e-25,1.564996411702697e-25,1.5649929146065937e-25,1.5649894181503497e-25,1.5649859223176806e-25,1.5649824271105035e-25,1.5649789325316167e-25,1.5649754385798235e-25,1.5649719452531323e-25,1.5649684525546149e-25,1.5649649604856413e-25,1.5649614690429585e-25,1.5649579782249315e-25,1.5649544880211532e-25,1.564950998448209e-25,1.5649475095139084e-25,1.5649440212024138e-25,1.56494053351558e-25,1.5649370464549303e-25,1.5649335600198282e-25,1.5649300742049867e-25,1.5649265890214157e-25,1.5649231044628333e-25,1.5649196205301793e-25,1.5649161372220126e-25,1.564912654544272e-25,1.564909172485872e-25,1.5649056910531883e-25,1.564902210244432e-25,1.5648987300601488e-25,1.5648952505068193e-25,1.5648917715712887e-25,1.5648882932600925e-25,1.5648848155731185e-25,1.564881338509548e-25,1.5648778620790213e-25,1.5648743862637353e-25,1.56487091107304e-25,1.5648674365049234e-25,1.5648639625592015e-25,1.5648604892379993e-25,1.5648570165395588e-25,1.564853544462518e-25,1.5648500730108814e-25,1.5648466021739933e-25,1.564843131967839e-25,1.564839662384155e-25,1.5648361934226565e-25,1.5648327250898441e-25,1.5648292573789064e-25,1.5648257902875937e-25,1.5648223238159234e-25,1.5648188579630133e-25,1.5648153927437762e-25,1.564811928137442e-25,1.5648084641568592e-25,1.5648050007940192e-25,1.5648015380493715e-25,1.5647980759295856e-25,1.5647946144308852e-25,1.56479115355405e-25,1.5647876932974952e-25,1.564784233657816e-25,1.564780774641078e-25,1.5647773162535032e-25,1.564773858481555e-25,1.5647704013281372e-25,1.5647669447948276e-25,1.5647634888818406e-25,1.564760033589069e-25,1.5647565789163935e-25,1.5647531248641822e-25,1.564749671433228e-25,1.5647462186197104e-25,1.5647427664273267e-25,1.5647393148531114e-25,1.5647358639003018e-25,1.5647324135656212e-25,1.5647289638489684e-25,1.564725514748277e-25,1.5647220662695114e-25,1.5647186184096392e-25,1.5647151711666168e-25,1.5647117245441478e-25,1.564708278539702e-25,1.564704833152946e-25,1.5647013883848544e-25,1.564697944234477e-25,1.564694500703931e-25,1.5646910577887628e-25,1.5646876155030944e-25,1.5646841738247983e-25,1.5646807327657656e-25,1.5646772923224374e-25,1.5646738524954546e-25,1.5646704132877843e-25,1.5646669746958275e-25,1.5646635367204974e-25,1.5646600993626474e-25,1.5646566626097056e-25,1.5646532264860705e-25,1.5646497909797958e-25,1.5646463560877606e-25,1.564642921812875e-25,1.5646394881539324e-25,1.5646360550982994e-25,1.5646326226715938e-25,1.5646291908621152e-25,1.5646257596708606e-25,1.564622329088419e-25,1.5646188991242899e-25,1.5646154697755925e-25,1.564612041041988e-25,1.564608612926036e-25,1.5646051854227431e-25,1.5646017585343964e-25,1.5645983322610276e-25,1.5645949066025457e-25,1.5645914815632408e-25,1.5645880571342913e-25,1.5645846333193822e-25,1.5645812101187706e-25,1.5645777875323998e-25,1.5645743655580055e-25,1.564570944199782e-25,1.5645675234554421e-25,1.5645641033248833e-25,1.56456068380801e-25,1.564557264907497e-25,1.5645538466176244e-25,1.5645504289411312e-25,1.564547011878119e-25,1.564543595430209e-25,1.5645401795930512e-25,1.5645367643688458e-25,1.5645333497574063e-25,1.5645299357586538e-25,1.5645265223724732e-25,1.5645231095988071e-25,1.5645196974374808e-25,1.5645162858883633e-25,1.5645128749513605e-25,1.564509464626396e-25,1.5645060549133311e-25,1.5645026458121248e-25,1.5644992373225419e-25,1.5644958294446004e-25,1.5644924221780911e-25,1.5644890155229207e-25,1.5644856094790266e-25,1.5644822040462458e-25,1.5644787992274296e-25,1.5644753950194735e-25,1.564471991419847e-25,1.5644685884333421e-25,1.564465186054617e-25,1.5644617842890304e-25,1.5644583831346831e-25,1.5644549825877393e-25,1.5644515826533627e-25,1.5644481833293542e-25,1.5644447846152225e-25,1.5644413865119627e-25,1.5644379890141717e-25,1.564434592129758e-25,1.5644311958558247e-25,1.5644278001874875e-25,1.5644244051307127e-25,1.5644210106858982e-25,1.5644176168473252e-25,1.5644142236209827e-25,1.564410830996872e-25,1.5644074389824071e-25,1.5644040475759239e-25,1.564400656781181e-25,1.5643972665919441e-25,1.5643938770142555e-25,1.564390488027377e-25,1.5643870996657832e-25,1.5643837119086825e-25,1.5643803247616382e-25,1.5643769382204868e-25,1.5643735522865602e-25,1.5643701669607331e-25,1.5643667822412915e-25,1.564363398129863e-25,1.5643600146343456e-25,1.564356631736306e-25,1.5643532494454608e-25,1.5643498677613062e-25,1.5643464866851075e-25,1.5643431062141587e-25,1.564339726349655e-25,1.5643363470916188e-25,1.5643329684394704e-25,1.5643295903967558e-25,1.5643262129419684e-25,1.5643228361005315e-25,1.5643194598638354e-25,1.564316084233139e-25,1.5643127092177732e-25,1.5643093348089513e-25,1.5643059610047007e-25,1.5643025878057428e-25,1.564299215211347e-25,1.5642958432173772e-25,1.564292471833708e-25,1.5642891010548714e-25,1.5642857308767378e-25,1.5642823613104875e-25,1.564278992337814e-25,1.5642756239776282e-25,1.564272256221006e-25,1.5642688890692783e-25,1.5642655225218075e-25,1.5642621565769637e-25,1.5642587912360263e-25,1.5642554264981941e-25,1.564252062368937e-25,1.564248698840056e-25,1.5642453359179755e-25,1.5642419735963017e-25,1.5642386118779955e-25,1.564235250762496e-25,1.5642318902513987e-25,1.5642285303420781e-25,1.5642251710357113e-25,1.5642218123322773e-25,1.564218454230763e-25,1.5642150967322312e-25,1.5642117398371791e-25,1.5642083835443085e-25,1.5642050278524442e-25,1.5642016727630309e-25,1.564198318275599e-25,1.5641949643888436e-25,1.5641916111064782e-25,1.5641882584240822e-25,1.5641849063431277e-25,1.5641815548638706e-25,1.5641782039845984e-25,1.564174853706819e-25,1.564171504031742e-25,1.564168154956859e-25,1.564164806482516e-25,1.5641614586092806e-25,1.5641581113367952e-25,1.5641547646650716e-25,1.5641514185924087e-25,1.5641480731212217e-25,1.5641447282511442e-25,1.5641413839804976e-25,1.5641380403096396e-25,1.564134697238722e-25,1.564131354769836e-25,1.5641280128934338e-25,1.5641246716214712e-25,1.5641213309487033e-25,1.5641179908709617e-25,1.5641146513988123e-25,1.564111312524442e-25,1.5641079742490432e-25,1.5641046365725681e-25,1.564101299493521e-25,1.564097963014341e-25,1.5640946271339686e-25,1.5640912918521174e-25,1.5640879571684515e-25,1.5640846230832729e-25,1.5640812895958081e-25,1.5640779567094905e-25,1.5640746244161765e-25,1.5640712927228855e-25,1.564067961634862e-25,1.5640646311371085e-25,1.5640613012367171e-25,1.5640579719337675e-25,1.5640546432280926e-25,1.5640513151174478e-25,1.5640479876061075e-25,1.5640446606823339e-25,1.5640413343650054e-25,1.5640380086442324e-25,1.5640346835194955e-25,1.56403135899667e-25,1.5640280350656288e-25,1.5640247117331773e-25,1.5640213889938812e-25,1.5640180668517296e-25,1.5640147453053667e-25,1.5640114243550113e-25,1.564008104000588e-25,1.5640047842420193e-25,1.5640014650788734e-25,1.5639981465119819e-25,1.5639948285406874e-25,1.5639915111634172e-25,1.563988194381197e-25,1.5639848781943693e-25,1.563981562602566e-25,1.5639782476053742e-25,1.5639749332030927e-25,1.5639716193953346e-25,1.563968306182372e-25,1.5639649935635227e-25,1.5639616815388904e-25,1.5639583701090814e-25,1.563955059273791e-25,1.5639517490316666e-25,1.5639484393835574e-25,1.563945130328673e-25,1.563941821867586e-25,1.5639385140002293e-25,1.5639352067244179e-25,1.5639319000508547e-25,1.5639285939639408e-25,1.5639252884699547e-25,1.5639219835684995e-25,1.5639186792601232e-25,1.5639153755446964e-25,1.5639120724219288e-25,1.5639087698897116e-25,1.563905467949274e-25,1.56390216660366e-25,1.5638988658508095e-25,1.5638955657025567e-25,1.5638922661331237e-25,1.5638889671564514e-25,1.5638856687713406e-25,1.5638823709783571e-25,1.563879073776439e-25,1.5638757771663583e-25,1.5638724811495735e-25,1.563869185721071e-25,1.5638658908830498e-25,1.563862596622938e-25,1.5638593029690477e-25,1.5638560099062473e-25,1.5638527174427644e-25,1.563849425561056e-25,1.5638461342699113e-25,1.5638428435686088e-25,1.5638395534637684e-25,1.5638362639438522e-25,1.5638329750151082e-25,1.5638296866752223e-25,1.5638263989247428e-25,1.5638231117647959e-25,1.5638198252035335e-25,1.5638165392211442e-25,1.5638132538300236e-25,1.5638099690271426e-25,1.5638066848152792e-25,1.5638034011925307e-25,1.5638001181586702e-25,1.5637968357135122e-25,1.5637935538573134e-25,1.5637902725885017e-25,1.5637869919069237e-25,1.563783711818004e-25,1.5637804323171208e-25,1.5637771534023454e-25,1.5637738750767083e-25,1.563770597337809e-25,1.5637673201884932e-25,1.56376404362758e-25,1.563760767653815e-25,1.5637574922653372e-25,1.563754217463576e-25,1.563750943253955e-25,1.563747669629971e-25,1.5637443965940445e-25,1.5637411241452749e-25,1.5637378522835983e-25,1.5637345810079375e-25,1.563731310319695e-25,1.5637280402172765e-25,1.5637247707027706e-25,1.5637215017753428e-25,1.5637182334346008e-25,1.5637149656790382e-25,1.5637116985100784e-25,1.5637084319268437e-25,1.5637051659299963e-25,1.563701900518756e-25,1.5636986356932425e-25,1.5636953714533037e-25,1.5636921077986697e-25,1.5636888447323981e-25,1.5636855822431975e-25,1.5636823203462163e-25,1.5636790590333579e-25,1.5636757983053097e-25,1.5636725381629756e-25,1.5636692786051693e-25,1.5636660196316483e-25,1.563662761243247e-25,1.5636595034393633e-25,1.5636562462199233e-25,1.5636529895802578e-25,1.56364973352839e-25,1.5636464780628357e-25,1.5636432231796157e-25,1.5636399688804684e-25,1.5636367151654019e-25,1.5636334620336002e-25,1.5636302094853144e-25,1.563626957520505e-25,1.563623706138425e-25,1.5636204553413905e-25,1.563617205126427e-25,1.5636139554931504e-25,1.5636107064484157e-25,1.5636074579837841e-25,1.5636042101005852e-25,1.5636009628002044e-25,1.5635977160847635e-25,1.563594469948966e-25,1.5635912243947176e-25,1.563587979424602e-25,1.5635847350400626e-25,1.5635814912327941e-25,1.5635782480069842e-25,1.5635750053649922e-25,1.5635717633045478e-25,1.5635685218245664e-25,1.5635652809252533e-25,1.5635620406078175e-25,1.563558800871764e-25,1.5635555617168543e-25,1.5635523231451013e-25,1.563549085152314e-25,1.5635458477401875e-25,1.563542610908437e-25,1.5635393746577405e-25,1.5635361389873206e-25,1.5635329038971288e-25,1.563529669388248e-25,1.5635264354593553e-25,1.5635232021109298e-25,1.5635199693414547e-25,1.5635167371522547e-25,1.5635135055429262e-25,1.5635102745134462e-25,1.5635070440686832e-25,1.563503814196405e-25,1.563500584904759e-25,1.5634973561928812e-25,1.563494128060221e-25,1.5634909005064989e-25,1.563487673522508e-25,1.5634844471269269e-25,1.5634812213148195e-25,1.563477996077524e-25,1.563474771417239e-25,1.5634715473358604e-25,1.563468323832811e-25,1.5634651009081118e-25,1.5634618785620558e-25,1.5634586567934063e-25,1.5634554356022407e-25,1.563452214990331e-25,1.563448994955004e-25,1.5634457754978104e-25,1.5634425566181433e-25,1.5634393383179738e-25,1.5634361205928796e-25,1.5634329034445155e-25,1.5634296868730312e-25,1.563426470878559e-25,1.563423255461354e-25,1.5634200406216473e-25,1.5634168263576405e-25,1.563413612674134e-25,1.5634103995659248e-25,1.56340718703116e-25,1.5634039750730732e-25,1.5634007636907492e-25,1.5633975528788504e-25,1.5633943426453048e-25,1.5633911329914465e-25,1.5633879239127143e-25,1.5633847153992642e-25,1.5633815074716761e-25,1.5633783001200964e-25,1.563375093343662e-25,1.563371887118554e-25,1.5633686814952416e-25,1.56336547644371e-25,1.5633622719669312e-25,1.563359068065042e-25,1.5633558647379349e-25,1.5633526619857846e-25,1.5633494598092313e-25,1.5633462582059569e-25,1.5633430571766895e-25,1.563339856721516e-25,1.5633366568409369e-25,1.5633334575338747e-25,1.5633302587992184e-25,1.5633270606425394e-25,1.5633238630447583e-25,1.5633206660323576e-25,1.563317469594488e-25,1.563314273729358e-25,1.5633110784382945e-25,1.563307883711032e-25,1.5633046895653075e-25,1.563301495992851e-25,1.5632983029933102e-25,1.5632951105661391e-25,1.563291918711651e-25,1.5632887274296578e-25,1.563285536720069e-25,1.5632823465827838e-25,1.5632791570191583e-25,1.5632759680312847e-25,1.5632727796107351e-25,1.563269591758249e-25,1.5632664044810565e-25,1.563263217776181e-25,1.563260031642305e-25,1.5632568460765215e-25,1.5632536610866284e-25,1.5632504766669373e-25,1.5632472928180908e-25,1.5632441095486868e-25,1.5632409268426506e-25,1.563237744719039e-25,1.5632345631540134e-25,1.5632313821611962e-25,1.5632282017364426e-25,1.5632250218833514e-25,1.5632218426009853e-25,1.5632186638912678e-25,1.5632154857499363e-25,1.5632123081775744e-25,1.5632091311755089e-25,1.5632059547429747e-25,1.5632027788802793e-25,1.563199603587169e-25,1.5631964288630917e-25,1.56319325470895e-25,1.5631900811244842e-25,1.5631869081112833e-25,1.5631837356633218e-25,1.563180563786485e-25,1.5631773924782047e-25,1.563174221739056e-25,1.5631710515667906e-25,1.5631678819637052e-25,1.5631647129313284e-25,1.5631615444658433e-25,1.5631583765663797e-25,1.5631552092397656e-25,1.5631520424796416e-25,1.5631488762873434e-25,1.5631457106634467e-25,1.563142545606347e-25,1.5631393811168035e-25,1.5631362171881926e-25,1.5631330538330664e-25,1.5631298910476331e-25,1.5631267288267876e-25,1.5631235671745052e-25,1.5631204060862032e-25,1.5631172455662899e-25,1.5631140856142085e-25,1.5631109262293322e-25,1.5631077674084322e-25,1.5631046091561369e-25,1.5631014514720557e-25,1.5630982943532553e-25,1.563095137800622e-25,1.5630919818138735e-25,1.5630888263917562e-25,1.5630856715385577e-25,1.5630825172528266e-25,1.5630793635300634e-25,1.5630762103729492e-25,1.5630730577762815e-25,1.5630699057504872e-25,1.5630667542897126e-25,1.5630636033959958e-25,1.56306045306393e-25,1.56305730329829e-25,1.5630541540978754e-25,1.5630510054637865e-25,1.5630478573932708e-25,1.5630447098874316e-25,1.5630415629456948e-25,1.5630384165687492e-25,1.5630352707558284e-25,1.5630321255067574e-25,1.5630289808221064e-25,1.5630258367012641e-25,1.5630226931478871e-25,1.5630195501568597e-25,1.563016407727705e-25,1.5630132658609815e-25,1.5630101245590582e-25,1.563006983820788e-25,1.5630038436449253e-25,1.5630007040327797e-25,1.562997564976784e-25,1.5629944264907852e-25,1.5629912885676167e-25,1.5629881512076437e-25,1.5629850144099863e-25,1.5629818781749708e-25,1.5629787425020627e-25,1.5629756073924134e-25,1.562972472844852e-25,1.5629693388590974e-25,1.5629662054330865e-25,1.5629630725734542e-25,1.5629599402734863e-25,1.5629568085359441e-25,1.562953677351568e-25,1.56295054673661e-25,1.5629474166837243e-25,1.5629442871916202e-25,1.5629411582610462e-25,1.562938029891376e-25,1.5629349020830526e-25,1.5629317748360418e-25,1.5629286481498643e-25,1.5629255220244877e-25,1.5629223964583136e-25,1.5629192714538423e-25,1.5629161470098015e-25,1.5629130231261783e-25,1.562909899803118e-25,1.5629067770396014e-25,1.5629036548364305e-25,1.5629005331873094e-25,1.5628974121042882e-25,1.5628942915803932e-25,1.5628911716167651e-25,1.5628880522206573e-25,1.5628849333754171e-25,1.5628818150901765e-25,1.5628786973641412e-25,1.5628755801982446e-25,1.5628724635904597e-25,1.562869347540965e-25,1.5628662320509349e-25,1.5628631171190309e-25,1.5628600027464374e-25,1.5628568889320825e-25,1.562853775676122e-25,1.5628506629804465e-25,1.562847550841412e-25,1.5628444392605263e-25,1.562841328237687e-25,1.5628382177727704e-25,1.562835107865751e-25,1.5628319985164186e-25,1.5628288897244085e-25,1.5628257814899488e-25,1.5628226738132623e-25,1.5628195666939e-25,1.562816460132004e-25,1.5628133541269976e-25,1.562810248679066e-25,1.5628071437880337e-25,1.5628040394537816e-25,1.562800935675613e-25,1.5627978324553055e-25,1.5627947297910544e-25,1.5627916276831995e-25,1.5627885261316835e-25,1.5627854251363966e-25,1.5627823246972495e-25,1.5627792248141355e-25,1.562776125486946e-25,1.562773026715604e-25,1.5627699284999734e-25,1.5627668308396738e-25,1.5627637337345041e-25,1.5627606371854652e-25,1.5627575411917654e-25,1.5627544457533078e-25,1.5627513508696393e-25,1.5627482565410412e-25,1.5627451627674322e-25,1.5627420695485768e-25,1.562738976883989e-25,1.5627358847747905e-25,1.5627327932168528e-25,1.5627297022164326e-25,1.5627266117719112e-25,1.5627235218799774e-25,1.562720432542344e-25,1.562717343758834e-25,1.56271425552902e-25,1.5627111678530397e-25,1.5627080807515373e-25,1.562704994182883e-25,1.5627019081688504e-25,1.5626988227067594e-25,1.5626957377981576e-25,1.5626926534435506e-25,1.5626895696406772e-25,1.5626864863901863e-25,1.5626834036941399e-25,1.562680321552634e-25,1.562677239961871e-25,1.562674158923786e-25,1.562671078439379e-25,1.5626679985065298e-25,1.5626649191297635e-25,1.562661840301959e-25,1.5626587620256953e-25,1.5626556843015673e-25,1.5626526071298973e-25,1.5626495305095304e-25,1.5626464544464236e-25,1.562643378927976e-25,1.5626403039617696e-25,1.5626372295477402e-25,1.5626341556854969e-25,1.5626310823743186e-25,1.5626280096137513e-25,1.5626249374049006e-25,1.5626218657486134e-25,1.56261879464082e-25,1.562615724083781e-25,1.5626126540775654e-25,1.5626095846217211e-25,1.5626065157176383e-25,1.5626034473633902e-25,1.5626003795597037e-25,1.562597312305112e-25,1.5625942456010952e-25,1.5625911794443546e-25,1.5625881138389137e-25,1.562585048784445e-25,1.5625819842797427e-25,1.5625789203242571e-25,1.5625758569179472e-25,1.5625727940655772e-25,1.5625697317565673e-25,1.5625666699974698e-25,1.5625636087878593e-25,1.562560548127558e-25,1.5625574880152756e-25,1.5625544284569778e-25,1.5625513694416526e-25,1.5625483109758182e-25,1.5625452530588347e-25,1.5625421957109574e-25,1.5625391388907698e-25,1.5625360826158996e-25,1.5625330268931063e-25,1.5625299717168956e-25,1.5625269170846577e-25,1.562523863004322e-25,1.5625208094732038e-25,1.5625177564880814e-25,1.562514704054601e-25,1.562511652164295e-25,1.562508600816832e-25,1.5625055500110537e-25,1.5625024997618428e-25,1.5624994500600436e-25,1.5624964009029237e-25,1.5624933522948194e-25,1.5624903042329498e-25,1.5624872567176422e-25,1.5624842097485858e-25,1.5624811633258274e-25,1.5624781174518793e-25,1.5624750721218223e-25,1.5624720273377007e-25,1.5624689830990887e-25,1.5624659394089785e-25,1.5624628962627834e-25,1.5624598536616343e-25,1.5624568116068067e-25,1.5624537700988673e-25,1.562450729134174e-25,1.5624476887154175e-25,1.5624446488437824e-25,1.5624416095194743e-25,1.5624385707364934e-25,1.562435532498702e-25,1.5624324948043334e-25,1.5624294576575775e-25,1.5624264210536313e-25,1.5624233849937285e-25,1.5624203494779085e-25,1.5624173145067403e-25,1.5624142800765723e-25,1.56241124619166e-25,1.5624082128528354e-25,1.5624051800584393e-25,1.5624021478075639e-25,1.5623991160997673e-25,1.5623960849360574e-25,1.5623930543159005e-25,1.5623900242389801e-25,1.562386994705431e-25,1.5623839657152317e-25,1.5623809372789663e-25,1.56237790936129e-25,1.5623748820002211e-25,1.5623718551812768e-25,1.5623688289000638e-25,1.5623658031702938e-25,1.5623627779800398e-25,1.562359753332469e-25,1.5623567292296937e-25,1.5623537056660895e-25,1.5623506826450646e-25,1.562347660166079e-25,1.5623446382290633e-25,1.5623416168339344e-25,1.5623385959804972e-25,1.5623355756687016e-25,1.5623325558992323e-25,1.5623295366710329e-25,1.5623265179847212e-25,1.5623234998387129e-25,1.562320482233841e-25,1.562317465170115e-25,1.5623144486465697e-25,1.5623114326647284e-25,1.5623084172236578e-25,1.5623054023166233e-25,1.5623023879577915e-25,1.5622993741384673e-25,1.5622963608609676e-25,1.5622933481218543e-25,1.562290335924041e-25,1.562287324266939e-25,1.5622843131497906e-25,1.5622813025728466e-25,1.5622782925345578e-25,1.5622752830371856e-25,1.5622722740776319e-25,1.5622692656580055e-25,1.5622662577770854e-25,1.5622632504357962e-25,1.5622602436363006e-25,1.562257237376462e-25,1.5622542316533299e-25,1.5622512264678736e-25,1.5622482218281262e-25,1.5622452177211541e-25,1.5622422141536591e-25,1.5622392111244992e-25,1.562236208629737e-25,1.5622332066768218e-25,1.5622302052620798e-25,1.5622272043846281e-25,1.562224204047323e-25,1.5622212042481065e-25,1.5622182049841813e-25,1.5622152062596757e-25,1.56221220807259e-25,1.56220921042258e-25,1.5622062133129495e-25,1.5622032167381823e-25,1.5622002206972084e-25,1.5621972251969344e-25,1.5621942302347176e-25,1.5621912358065913e-25,1.5621882419173149e-25,1.562185248564476e-25,1.5621822557487174e-25,1.5621792634691985e-25,1.5621762717275896e-25,1.562173280521364e-25,1.5621702898514553e-25,1.5621672997154954e-25,1.5621643101167469e-25,1.5621613210634987e-25,1.5621583325378838e-25,1.5621553445481224e-25,1.562152357094059e-25,1.562149370185318e-25,1.562146383810477e-25,1.5621433979633468e-25,1.562140412650107e-25,1.562137427873034e-25,1.562134443631362e-25,1.5621314599241563e-25,1.5621284767525561e-25,1.5621254941177438e-25,1.562122512014301e-25,1.5621195304473924e-25,1.5621165494159066e-25,1.5621135689253656e-25,1.5621105889609934e-25,1.562107609525374e-25,1.5621046306316289e-25,1.5621016522719244e-25,1.5620986744448255e-25,1.5620956971470486e-25,1.5620927203862799e-25,1.5620897441670414e-25,1.5620867684752199e-25,1.5620837933165172e-25,1.5620808186912816e-25,1.562077844599349e-25,1.562074871040651e-25,1.5620718980150644e-25,1.562068925523823e-25,1.5620659535663433e-25,1.562062982140465e-25,1.5620600112464973e-25,1.5620570408851595e-25,1.5620540710563645e-25,1.5620511017610611e-25,1.562048133000182e-25,1.5620451647685384e-25,1.562042197068432e-25,1.5620392298935993e-25,1.5620362632507595e-25,1.5620332971412598e-25,1.5620303315642646e-25,1.5620273665249632e-25,1.5620244020104932e-25,1.5620214380313149e-25,1.5620184745867075e-25,1.5620155116725153e-25,1.562012549288472e-25,1.5620095874364014e-25,1.5620066261096072e-25,1.562003665319518e-25,1.5620007050611337e-25,1.5619977453335942e-25,1.5619947861347723e-25,1.561991827465003e-25,1.5619888693266012e-25,1.5619859117181844e-25,1.561982954638977e-25,1.561979998092793e-25,1.5619770420768132e-25,1.5619740865911803e-25,1.561971131635061e-25,1.5619681772094316e-25,1.5619652233131412e-25,1.5619622699455716e-25,1.561959317108516e-25,1.561956364800019e-25,1.5619534130186508e-25,1.561950461768837e-25,1.5619475110485142e-25,1.56194456085694e-25,1.5619416111946465e-25,1.5619386620608245e-25,1.5619357134561296e-25,1.561932765379749e-25,1.561929817833518e-25,1.561926870813959e-25,1.5619239243137723e-25,1.5619209783512735e-25,1.5619180329184152e-25,1.5619150880022928e-25,1.5619121436235548e-25,1.5619091997729643e-25,1.5619062564498573e-25,1.5619033136544337e-25,1.5619003713876697e-25,1.5618974296473285e-25,1.5618944884343287e-25,1.5618915477497323e-25,1.5618886075912733e-25,1.5618856679593158e-25,1.561882728864445e-25,1.5618797902870317e-25,1.5618768522363272e-25,1.561873914712422e-25,1.561870977715192e-25,1.5618680412445917e-25,1.5618651053013628e-25,1.5618621698830065e-25,1.5618592349962586e-25,1.5618563006307313e-25,1.561853366792309e-25,1.561850433478147e-25,1.5618475006907555e-25,1.561844568428942e-25,1.5618416366936038e-25,1.5618387054856814e-25,1.5618357748089367e-25,1.5618328446490777e-25,1.5618299150143888e-25,1.5618269859051837e-25,1.5618240573215148e-25,1.5618211292627319e-25,1.5618182017283067e-25,1.5618152747283313e-25,1.561812348243477e-25,1.5618094222838929e-25,1.5618064968513026e-25,1.5618035719400234e-25,1.5618006475533836e-25,1.5617977236818445e-25,1.5617948003450706e-25,1.5617918775308733e-25,1.5617889552430757e-25,1.5617860334767504e-25,1.561783112230162e-25,1.5617801915256828e-25,1.5617772713305714e-25,1.5617743516589249e-25,1.561771432495684e-25,1.561768513870868e-25,1.5617655957695168e-25,1.5617626781827964e-25,1.5617597611258708e-25,1.5617568445938416e-25,1.5617539285840312e-25,1.561751013096927e-25,1.5617480981324922e-25,1.5617451836906313e-25,1.5617422697681485e-25,1.5617393563711271e-25,1.5617364434963721e-25,1.5617335311438512e-25,1.5617306193172767e-25,1.56172770800881e-25,1.5617247972223692e-25,1.5617218869573981e-25,1.5617189772145924e-25,1.5617160679926388e-25,1.5617131592927158e-25,1.5617102511122833e-25,1.5617073434555877e-25,1.5617044363199997e-25,1.5617015297061513e-25,1.5616986236207578e-25,1.5616957180454529e-25,1.561692812993478e-25,1.5616899084623225e-25,1.5616870044523187e-25,1.561684100963835e-25,1.56168119799415e-25,1.5616782955450525e-25,1.5616753936184008e-25,1.561672492209295e-25,1.561669591320915e-25,1.5616666909521088e-25,1.5616637911109096e-25,1.5616608917822663e-25,1.5616579929715594e-25,1.5616550946821198e-25,1.561652196912294e-25,1.5616492996620454e-25,1.561646402931302e-25,1.5616435067196802e-25,1.5616406110272435e-25,1.5616377158602608e-25,1.561634821206635e-25,1.5616319270711125e-25,1.5616290334552339e-25,1.5616261403559964e-25,1.561623247776638e-25,1.5616203557157723e-25,1.5616174641732392e-25,1.5616145731498746e-25,1.5616116826441023e-25,1.5616087926559615e-25,1.561605903186207e-25,1.5616030142353833e-25,1.5616001258023348e-25,1.5615972378854238e-25,1.5615943504876296e-25,1.561591463606812e-25,1.5615885772457215e-25,1.561585691399834e-25,1.5615828060711905e-25,1.5615799212597772e-25,1.5615770369663706e-25,1.56157415318873e-25,1.5615712699283924e-25,1.5615683871873784e-25,1.561565504960628e-25,1.5615626232504642e-25,1.5615597420569906e-25,1.561556861380161e-25,1.5615539812195428e-25,1.5615511015750798e-25,1.56154822244697e-25,1.56154534383525e-25,1.5615424657389688e-25,1.5615395881586622e-25,1.561536711094178e-25,1.5615338345386785e-25,1.561530958499764e-25,1.5615280829821283e-25,1.5615252079793493e-25,1.5615223334934792e-25,1.561519459522207e-25,1.5615165860657002e-25,1.5615137131237786e-25,1.5615108406978423e-25,1.5615079687844344e-25,1.5615050973877331e-25,1.561502226505709e-25,1.561499356131571e-25,1.5614964862786626e-25,1.5614936169396213e-25,1.5614907481174458e-25,1.5614878798075062e-25,1.5614850120258264e-25,1.561482144743277e-25,1.5614792779805664e-25,1.5614764117270283e-25,1.561473545989874e-25,1.561470680763337e-25,1.5614678160483712e-25,1.5614649518503312e-25,1.5614620881643089e-25,1.5614592249913436e-25,1.5614563623327922e-25,1.5614535001891563e-25,1.561450638555759e-25,1.5614477774334703e-25,1.561444916825822e-25,1.561442056733114e-25,1.5614391971507253e-25,1.5614363380802737e-25,1.561433479523521e-25,1.5614306214808699e-25,1.56142776395097e-25,1.5614249069313551e-25,1.5614220504230996e-25,1.5614191944266254e-25,1.561416338942659e-25,1.5614134839701694e-25,1.5614106295111445e-25,1.5614077755619275e-25,1.5614049221269428e-25,1.5614020692008056e-25,1.5613992167855374e-25,1.5613963648820326e-25,1.5613935134896803e-25,1.5613906626085695e-25,1.56138781223826e-25,1.5613849623793721e-25,1.5613821130308197e-25,1.5613792642021186e-25,1.5613764158748432e-25,1.5613735680586193e-25,1.5613707207519331e-25,1.561367873959544e-25,1.5613650276738166e-25,1.5613621818913694e-25,1.5613593366266987e-25,1.5613564918719925e-25,1.5613536476268747e-25,1.5613508038910708e-25,1.5613479606652244e-25,1.5613451179467163e-25,1.561342275741768e-25,1.5613394340441962e-25,1.561336592856037e-25,1.5613337521770602e-25,1.5613309120072463e-25,1.561328072346902e-25,1.561325233197177e-25,1.5613223945542774e-25,1.5613195564201605e-25,1.5613167187950931e-25,1.5613138816803478e-25,1.5613110450777662e-25,1.5613082089777137e-25,1.5613053733839972e-25,1.5613025383000336e-25,1.5612997037240493e-25,1.561296869656381e-25,1.561294036097166e-25,1.561291203043533e-25,1.5612883705011015e-25,1.5612855384648707e-25,1.5612827069366212e-25,1.5612798759157384e-25,1.5612770454023822e-25,1.5612742153961315e-25,1.5612713858966423e-25,1.5612685569049174e-25,1.5612657284199128e-25,1.5612629004363416e-25,1.5612600729732052e-25,1.5612572460090492e-25,1.561254419551425e-25,1.5612515936005718e-25,1.5612487681563943e-25,1.5612459432184415e-25,1.561243118786647e-25,1.5612402948591317e-25,1.5612374714402965e-25,1.561234648527388e-25,1.5612318261205899e-25,1.5612290042190722e-25,1.5612261828293154e-25,1.5612233619447927e-25,1.5612205415624035e-25,1.5612177216835842e-25,1.5612149023099855e-25,1.5612120834420498e-25,1.5612092650789953e-25,1.5612064472210249e-25,1.5612036298661297e-25,1.5612008130182514e-25,1.5611979966746779e-25,1.561195180836151e-25,1.561192365502315e-25,1.561189550673618e-25,1.5611867363490068e-25,1.5611839225312274e-25,1.5611811092155985e-25,1.561178296403681e-25,1.561175484096558e-25,1.5611726722928697e-25,1.5611698609926408e-25,1.5611670501986197e-25,1.5611642399061288e-25,1.5611614301179472e-25,1.5611586208330356e-25,1.5611558120516175e-25,1.5611530037696657e-25,1.561150195991174e-25,1.5611473887195785e-25,1.56114458195118e-25,1.5611417756837205e-25,1.561138969922283e-25,1.5611361646631354e-25,1.5611333599062908e-25,1.5611305556513354e-25,1.561127751899738e-25,1.5611249486516885e-25,1.5611221459046398e-25,1.5611193436605994e-25,1.561116541922243e-25,1.5611137406841464e-25,1.5611109399458532e-25,1.5611081397159408e-25,1.5611053399923777e-25,1.5611025407505138e-25,1.5610997420195916e-25,1.5610969437900894e-25,1.5610941460622875e-25,1.5610913488536034e-25,1.5610885521279563e-25,1.5610857559038325e-25,1.5610829601820253e-25,1.56108016497333e-25,1.5610773702443117e-25,1.5610745760358814e-25,1.5610717823095237e-25,1.561068989091444e-25,1.5610661963735092e-25,1.5610634041561162e-25,1.561060612437655e-25,1.561057821224473e-25,1.561055030508655e-25,1.5610522402923659e-25,1.5610494505771435e-25,1.5610466613558087e-25,1.5610438726393516e-25,1.5610410844233297e-25,1.5610382967063575e-25,1.5610355094916138e-25,1.5610327227799983e-25,1.5610299365614627e-25,1.561027150841719e-25,1.5610243656265181e-25,1.5610215809056317e-25,1.5610187966832708e-25,1.5610160129665773e-25,1.5610132297509635e-25,1.5610104470257494e-25,1.5610076647991611e-25,1.561004883070706e-25,1.5610021018381272e-25,1.5609993211066642e-25,1.5609965408760998e-25,1.5609937611419488e-25,1.5609909819193952e-25,1.5609882031808102e-25,1.5609854249427405e-25,1.5609826472037704e-25,1.5609798699595543e-25,1.5609770932127288e-25,1.5609743169543089e-25,1.5609715412036724e-25,1.5609687659502677e-25,1.5609659911943603e-25,1.5609632169336778e-25,1.5609604431684242e-25,1.5609576699030576e-25,1.5609548971330923e-25,1.5609521248640086e-25,1.5609493530887886e-25,1.560946581814057e-25,1.5609438110372567e-25,1.5609410407522146e-25,1.5609382709632646e-25,1.5609355016709853e-25,1.5609327328749704e-25,1.5609299645750885e-25,1.5609271967713983e-25,1.5609244294632897e-25,1.5609216626511005e-25,1.5609188963354046e-25,1.5609161305155267e-25,1.5609133651926646e-25,1.5609106003635415e-25,1.5609078360294157e-25,1.5609050721910305e-25,1.5609023088467175e-25,1.5608995459985718e-25,1.5608967836478612e-25,1.5608940217892237e-25,1.5608912604289144e-25,1.5608884995548505e-25,1.5608857391803647e-25,1.5608829793027274e-25,1.5608802199208149e-25,1.560877461031279e-25,1.5608747026318472e-25,1.5608719447317052e-25,1.560869187324772e-25,1.5608664304108178e-25,1.560863673992305e-25,1.5608609180674495e-25,1.5608581626367199e-25,1.5608554076999629e-25,1.560852653256158e-25,1.5608498993083025e-25,1.5608471458503744e-25,1.5608443928875254e-25,1.5608416404172786e-25,1.5608388884388285e-25,1.5608361369555738e-25,1.560833385965785e-25,1.5608306354685983e-25,1.5608278854629854e-25,1.5608251359528529e-25,1.5608223869341348e-25,1.5608196384086865e-25,1.5608168903749567e-25,1.5608141428320842e-25,1.5608113957712528e-25,1.5608086492145567e-25,1.5608059031497834e-25,1.5608031575769071e-25,1.560800412496441e-25,1.5607976679147305e-25,1.5607949238178736e-25,1.5607921802144406e-25,1.5607894371009482e-25,1.5607866944789716e-25,1.5607839523459012e-25,1.560781210692124e-25,1.560778469544258e-25,1.560775728889017e-25,1.5607729887229508e-25,1.5607702490504131e-25,1.560767509869243e-25,1.5607647711817778e-25,1.5607620329839474e-25,1.5607592952703488e-25,1.5607565580495124e-25,1.5607538213210547e-25,1.5607510850809792e-25,1.5607483493311045e-25,1.5607456140722802e-25,1.560742879302173e-25,1.560740145023915e-25,1.56073741123572e-25,1.5607346779393356e-25,1.5607319451259856e-25,1.5607292128026092e-25,1.560726480972336e-25,1.5607237496311122e-25,1.5607210187826615e-25,1.5607182884152264e-25,1.5607155585424054e-25,1.5607128291628134e-25,1.5607101002731634e-25,1.56070737186889e-25,1.5607046439472875e-25,1.5607019165072513e-25,1.5606991895676494e-25,1.5606964631187135e-25,1.560693737154717e-25,1.5606910116801287e-25,1.5606882866944002e-25,1.560685562207485e-25,1.5606828382011657e-25,1.5606801146802926e-25,1.560677391647438e-25,1.5606746691041575e-25,1.5606719470413375e-25,1.5606692254875282e-25,1.560666504405528e-25,1.560663783811066e-25,1.5606610637040246e-25,1.560658344084127e-25,1.560655624961099e-25,1.5606529063154457e-25,1.5606501881534727e-25,1.5606474704835187e-25,1.5606447532905284e-25,1.56064203659305e-25,1.5606393203823027e-25,1.560636604661139e-25,1.560633889424414e-25,1.5606311746737511e-25,1.5606284604150508e-25,1.5606257466369102e-25,1.560623033345579e-25,1.5606203205411894e-25,1.560617608223051e-25,1.5606148963894716e-25,1.5606121850406756e-25,1.5606094741793407e-25,1.560606763801833e-25,1.5606040539109505e-25,1.5606013445091315e-25,1.5605986355902249e-25,1.560595927157129e-25,1.5605932192081105e-25,1.5605905117447079e-25,1.5605878047671237e-25,1.5605850982729224e-25,1.5605823922655732e-25,1.5605796867431133e-25,1.5605769817043753e-25,1.5605742771528471e-25,1.560571573085519e-25,1.560568869502778e-25,1.560566166408126e-25,1.56056346379154e-25,1.5605607616611499e-25,1.560558060014074e-25,1.5605553588498751e-25,1.5605526581777855e-25,1.5605499580001467e-25,1.5605472582876445e-25,1.5605445590604186e-25,1.5605418603145002e-25,1.5605391620534829e-25,1.5605364642752404e-25,1.560533766979158e-25,1.5605310701678782e-25,1.5605283738390476e-25,1.560525677993306e-25,1.5605229826326067e-25,1.5605202877530797e-25,1.560517593358594e-25,1.5605148994442457e-25,1.560512206014612e-25,1.560509513067285e-25,1.5605068206060025e-25,1.5605041286289415e-25,1.5605014371292049e-25,1.56049874611067e-25,1.560496055564285e-25,1.5604933655090969e-25,1.5604906759349295e-25,1.5604879868482764e-25,1.5604852982499556e-25,1.5604826101217113e-25,1.5604799224774292e-25,1.560477235310809e-25,1.5604745486231377e-25,1.5604718624203467e-25,1.5604691767071402e-25,1.5604664914672423e-25,1.5604638067107449e-25,1.5604611224330348e-25,1.560458438636147e-25,1.5604557553192581e-25,1.5604530724902188e-25,1.5604503901354763e-25,1.5604477082607894e-25,1.5604450268674917e-25,1.560442345953346e-25,1.5604396655198163e-25,1.5604369855711154e-25,1.5604343061002623e-25,1.5604316271096556e-25,1.560428948597406e-25,1.5604262705581353e-25,1.5604235930040038e-25,1.5604209159298536e-25,1.5604182393387883e-25,1.5604155632226957e-25,1.5604128875894393e-25,1.5604102124355883e-25,1.560407537761548e-25,1.560404863565055e-25,1.5604021898480513e-25,1.5603995166095855e-25,1.5603968438517678e-25,1.5603941715545494e-25,1.560391499753752e-25,1.5603888284306628e-25,1.5603861575854417e-25,1.560383487220945e-25,1.5603808173337674e-25,1.5603781479418118e-25,1.560375479008869e-25,1.5603728105541434e-25,1.5603701425783377e-25,1.5603674750812965e-25,1.5603648080679507e-25,1.560362141521763e-25,1.5603594754595126e-25,1.5603568098746457e-25,1.5603541447676954e-25,1.5603514801365125e-25,1.5603488159851188e-25,1.5603461523091424e-25,1.5603434891107263e-25,1.5603408263885332e-25,1.5603381641452223e-25,1.560335502361443e-25,1.5603328410708123e-25,1.5603301802418415e-25,1.560327519905762e-25,1.5603248600414459e-25,1.5603222006566505e-25,1.5603195417489384e-25,1.5603168833167918e-25,1.5603142253626142e-25,1.5603115678834025e-25,1.5603089108806468e-25,1.5603062543499512e-25,1.5603035982989198e-25,1.560300942708485e-25,1.5602982876063017e-25,1.5602956329661555e-25,1.5602929788171376e-25,1.5602903251454883e-25,1.5602876719463446e-25,1.5602850192238845e-25,1.5602823669597894e-25,1.560279715187936e-25,1.5602770638927843e-25,1.560274413070554e-25,1.5602717627138829e-25,1.560269112840868e-25,1.5602664634443906e-25,1.5602638145207935e-25,1.5602611660721855e-25,1.560258518081529e-25,1.5602558705657328e-25,1.5602532235223708e-25,1.5602505769707131e-25,1.5602479308920658e-25,1.5602452852890975e-25,1.5602426401594275e-25,1.5602399955019758e-25,1.56023735132172e-25,1.5602347076189695e-25,1.560232064384457e-25,1.5602294216243965e-25,1.5602267793368255e-25,1.5602241375089194e-25,1.5602214961730074e-25,1.560218855304694e-25,1.5602162149101594e-25,1.560213574971904e-25,1.5602109355227729e-25,1.5602082965362476e-25,1.5602056580324285e-25,1.5602030199908248e-25,1.5602003824324407e-25,1.560197745346951e-25,1.560195108727756e-25,1.560192472586642e-25,1.560189836917371e-25,1.5601872017208398e-25,1.5601845669965299e-25,1.560181932738264e-25,1.5601792989425215e-25,1.5601766656339492e-25,1.560174032799135e-25,1.5601714004297076e-25,1.5601687685357001e-25,1.5601661371123863e-25,1.5601635061612856e-25,1.5601608756813322e-25,1.5601582456731868e-25,1.5601556161360125e-25,1.5601529870693451e-25,1.5601503584737684e-25,1.5601477303491496e-25,1.560145102686328e-25,1.5601424755036797e-25,1.5601398487910486e-25,1.5601372225492122e-25,1.5601345967921806e-25,1.5601319715037112e-25,1.560129346673448e-25,1.560126722312632e-25,1.5601240984219152e-25,1.5601214750016548e-25,1.5601188520435733e-25,1.5601162295624581e-25,1.560113607550622e-25,1.5601109860098578e-25,1.5601083649380705e-25,1.5601057443361928e-25,1.5601031242036058e-25,1.5601005045411858e-25,1.5600978853450492e-25,1.5600952666337384e-25,1.5600926483782703e-25,1.560090030580552e-25,1.5600874132627538e-25,1.5600847964135702e-25,1.5600821800332314e-25,1.5600795641199438e-25,1.560076948687025e-25,1.5600743336935427e-25,1.5600717191907556e-25,1.560069105150262e-25,1.5600664915805402e-25,1.5600638784667643e-25,1.5600612658328527e-25,1.5600586536668168e-25,1.5600560419684388e-25,1.5600534307386478e-25,1.5600508199765643e-25,1.5600482096814438e-25,1.5600455998462844e-25,1.560042990478277e-25,1.5600403815864976e-25,1.5600377731612231e-25,1.5600351652032538e-25,1.5600325576975243e-25,1.5600299506729783e-25,1.560027344117385e-25,1.5600247380322432e-25,1.5600221324097302e-25,1.5600195272535503e-25,1.5600169225474713e-25,1.5600143183246787e-25,1.560011714568369e-25,1.5600091112749556e-25,1.5600065084487093e-25,1.5600039060913036e-25,1.560001304199978e-25,1.55999870277468e-25,1.5599961018152775e-25,1.5599935013113268e-25,1.5599909012835594e-25,1.5599883017214584e-25,1.5599857026246748e-25,1.5599831039871467e-25,1.559980505814415e-25,1.5599779081051948e-25,1.5599753108691983e-25,1.559972714098039e-25,1.5599701177819197e-25,1.559967521938083e-25,1.5599649265489497e-25,1.5599623316390612e-25,1.5599597371935907e-25,1.5599571432132066e-25,1.5599545496961094e-25,1.5599519566518906e-25,1.5599493640651382e-25,1.5599467719414412e-25,1.5599441802831886e-25,1.5599415890891447e-25,1.5599389983591427e-25,1.5599364080930862e-25,1.5599338182897843e-25,1.5599312289505217e-25,1.5599286400760731e-25,1.5599260516652458e-25,1.5599234637113917e-25,1.5599208762276503e-25,1.5599182892070175e-25,1.559915702649661e-25,1.559913116555991e-25,1.5599105309283814e-25,1.5599079457598974e-25,1.5599053610555025e-25,1.5599027768148383e-25,1.5599001930357755e-25,1.5598976097205125e-25,1.5598950268680488e-25,1.5598924444769565e-25,1.559889862549455e-25,1.559887281084301e-25,1.559884700079755e-25,1.5598821195388114e-25,1.5598795394579655e-25,1.559876959841415e-25,1.5598743806872023e-25,1.5598718019930023e-25,1.5598692237630314e-25,1.5598666459927243e-25,1.559864068684203e-25,1.5598614918383228e-25,1.5598589154541304e-25,1.5598563395316288e-25,1.5598537640706884e-25,1.5598511890706748e-25,1.5598486145510816e-25,1.5598460404784316e-25,1.5598434668615558e-25,1.559840893704881e-25,1.5598383210090781e-25,1.5598357487758327e-25,1.559833177003105e-25,1.5598306056862633e-25,1.5598280348340995e-25,1.5598254644424377e-25,1.5598228945098019e-25,1.5598203250397575e-25,1.559817756028377e-25,1.559815187477219e-25,1.559812619391509e-25,1.5598100517598883e-25,1.5598074845886843e-25,1.559804917880214e-25,1.559802351628194e-25,1.5597997858394823e-25,1.559797220510331e-25,1.559794655638096e-25,1.5597920912226747e-25,1.5597895272665373e-25,1.559786963771398e-25,1.5597844007342055e-25,1.5597818381555032e-25,1.5597792760372028e-25,1.5597767143805853e-25,1.5597741531783423e-25,1.5597715924364913e-25,1.5597690321601627e-25,1.559766472336499e-25,1.559763912972669e-25,1.5597613540668315e-25,1.559758795619619e-25,1.5597562376270727e-25,1.559753680093166e-25,1.5597511230176374e-25,1.5597485663992362e-25,1.5597460102386116e-25,1.5597434545382084e-25,1.559740899292488e-25,1.5597383445059497e-25,1.5597357901750642e-25,1.5597332363019027e-25,1.5597306828932314e-25,1.5597281299444384e-25,1.5597255774436877e-25,1.5597230253968458e-25,1.559720473818034e-25,1.5597179226916206e-25,1.5597153720064574e-25,1.5597128217911691e-25,1.559710272031331e-25,1.559707722729075e-25,1.5597051738843643e-25,1.559702625495764e-25,1.5597000775641467e-25,1.5596975300878732e-25,1.559694983070352e-25,1.5596924365065438e-25,1.5596898903950728e-25,1.5596873447434852e-25,1.5596847995542632e-25,1.5596822548134982e-25,1.559679710529679e-25,1.5596771667027777e-25,1.5596746233313977e-25,1.5596720804127969e-25,1.5596695379491164e-25,1.559666995941897e-25,1.5596644543907154e-25,1.5596619132925664e-25,1.5596593726506389e-25,1.5596568324722535e-25,1.5596542927400464e-25,1.5596517534624054e-25,1.559649214638114e-25,1.5596466762673624e-25,1.5596441383514614e-25,1.55964160089319e-25,1.5596390638937213e-25,1.5596365273436118e-25,1.5596339912479502e-25,1.559631455629548e-25,1.559628920442802e-25,1.559626385709378e-25,1.5596238514314393e-25,1.559621317609006e-25,1.5596187842356613e-25,1.5596162513158678e-25,1.559613718857334e-25,1.5596111868450095e-25,1.5596086552895745e-25,1.5596061241838404e-25,1.559603593529665e-25,1.5596010633310483e-25,1.5595985335854474e-25,1.5595960042947063e-25,1.559593475455128e-25,1.559590947069214e-25,1.5595884191259388e-25,1.5595858916446702e-25,1.559583364614935e-25,1.5595808380407256e-25,1.5595783119168003e-25,1.559575786244927e-25,1.559573261024846e-25,1.559570736260324e-25,1.5595682119421494e-25,1.5595656880789483e-25,1.55956316466823e-25,1.5595606417097346e-25,1.5595581192003727e-25,1.5595555971471956e-25,1.5595530755352013e-25,1.5595505543829846e-25,1.5595480336816606e-25,1.5595455134181248e-25,1.559542993619413e-25,1.5595404742730285e-25,1.559537955371294e-25,1.559535436922951e-25,1.5595329189302294e-25,1.5595304013890995e-25,1.5595278842970949e-25,1.5595253676710684e-25,1.5595228514807318e-25,1.5595203357409957e-25,1.5595178204518847e-25,1.559515305613229e-25,1.5595127912247447e-25,1.559510277285105e-25,1.5595077637964662e-25,1.559505250757742e-25,1.5595027381709352e-25,1.5595002260319323e-25,1.559497714342057e-25,1.5594952031055698e-25,1.5594926923165823e-25,1.5594901819766755e-25,1.5594876720861194e-25,1.5594851626447719e-25,1.5594826536537644e-25,1.5594801451113532e-25,1.5594776370212288e-25,1.559475129376216e-25,1.5594726221699314e-25,1.5594701154251162e-25,1.5594676091308657e-25,1.559465103280477e-25,1.559462597884743e-25,1.559460092933415e-25,1.5594575884314015e-25,1.5594550843798574e-25,1.559452580773241e-25,1.5594500776131067e-25,1.5594475749040063e-25,1.559445072642506e-25,1.559442570825503e-25,1.5594400694493143e-25,1.559437568532268e-25,1.5594350680616326e-25,1.559432568041216e-25,1.559430068465762e-25,1.5594275693365775e-25,1.5594250706584725e-25,1.559422572428925e-25,1.5594200746440852e-25,1.5594175773067706e-25,1.5594150804165275e-25,1.5594125839794693e-25,1.5594100879791617e-25,1.5594075924334798e-25,1.5594050973314896e-25,1.5594026026759097e-25,1.5594001084606692e-25,1.559397614702828e-25,1.5593951213891046e-25,1.559392628519737e-25,1.5593901360964305e-25,1.5593876441159561e-25,1.5593851525851632e-25,1.5593826615238175e-25,1.5593801708898083e-25,1.559377680699805e-25,1.5593751909505646e-25,1.5593727016691738e-25,1.5593702128168474e-25,1.5593677244085473e-25,1.559365236438043e-25,1.559362748921553e-25,1.5593602618482286e-25,1.5593577752201216e-25,1.5593552890415295e-25,1.5593528033037718e-25,1.5593503180114277e-25,1.559347833161771e-25,1.5593453487606587e-25,1.5593428648040116e-25,1.559340381291305e-25,1.5593378982239021e-25,1.5593354156001405e-25,1.5593329334202194e-25,1.559330451690198e-25,1.5593279704006465e-25,1.5593254895488254e-25,1.559323009146747e-25,1.5593205291887625e-25,1.559318049674766e-25,1.559315570597566e-25,1.5593130919713787e-25,1.559310613789457e-25,1.559308136052425e-25,1.5593056587574071e-25,1.5593031818997622e-25,1.5593007054897872e-25,1.559298229521488e-25,1.5592957540000162e-25,1.5592932789219441e-25,1.5592908042897024e-25,1.5592883300977248e-25,1.5592858563486377e-25,1.5592833830368476e-25,1.559280910172984e-25,1.5592784377519398e-25,1.5592759657854214e-25,1.5592734942500584e-25,1.5592710231582143e-25,1.559268552505757e-25,1.5592660822992154e-25,1.5592636125374077e-25,1.5592611432051449e-25,1.5592586743132762e-25,1.5592562058743319e-25,1.5592537378805136e-25,1.5592512703245632e-25,1.559248803210305e-25,1.5592463365380771e-25,1.5592438703070345e-25,1.5592414045266769e-25,1.559238939179943e-25,1.5592364742734336e-25,1.5592340098127323e-25,1.5592315457893324e-25,1.5592290822066358e-25,1.5592266190608643e-25,1.5592241563602127e-25,1.5592216941003e-25,1.5592192322810603e-25,1.559216770901708e-25,1.5592143099687645e-25,1.5592118494785704e-25,1.559209389421935e-25,1.5592069298057465e-25,1.5592044706300391e-25,1.5592020118952277e-25,1.559199553592898e-25,1.5591970957374624e-25,1.5591946383223358e-25,1.5591921813479069e-25,1.559189724811564e-25,1.5591872687162325e-25,1.5591848130623465e-25,1.5591823578456853e-25,1.55917990306765e-25,1.559177448732168e-25,1.5591749948346358e-25,1.5591725413798227e-25,1.559170088363305e-25,1.5591676357804023e-25,1.5591651836388875e-25,1.5591627319398095e-25,1.5591602806767033e-25,1.5591578298523814e-25,1.559155379473648e-25,1.5591529295267936e-25,1.559150480018433e-25,1.5591480309728276e-25,1.5591455823414737e-25,1.55914313414849e-25,1.5591406864004181e-25,1.5591382390812282e-25,1.5591357922029478e-25,1.5591333457614483e-25,1.55913089975868e-25,1.559128454194321e-25,1.5591260090700572e-25,1.5591235643810613e-25,1.5591211201298772e-25,1.559118676315551e-25,1.5591162329399548e-25,1.5591137900011091e-25,1.559111347501996e-25,1.5591089054378167e-25,1.5591064638099347e-25,1.559104022619953e-25,1.5591015818670713e-25,1.5590991415516193e-25,1.559096701670683e-25,1.5590942622296119e-25,1.5590918232243927e-25,1.5590893846553993e-25,1.5590869465202455e-25,1.5590845088306763e-25,1.559082071569048e-25,1.559079634746676e-25,1.5590771983615382e-25,1.5590747624104117e-25,1.55907232689817e-25,1.5590698918211618e-25,1.5590674571654492e-25,1.55906502295729e-25,1.5590625891894694e-25,1.5590601558540571e-25,1.5590577229513336e-25,1.5590552904863244e-25,1.559052858456152e-25,1.5590504268621344e-25,1.5590479957039914e-25,1.5590455649847018e-25,1.5590431346978432e-25,1.559040704843998e-25,1.5590382754264776e-25,1.559035846452331e-25,1.5590334179037351e-25,1.5590309897907376e-25,1.559028562111562e-25,1.559026134866802e-25,1.5590237080566288e-25,1.5590212816805803e-25,1.5590188557380214e-25,1.5590164302299505e-25,1.559014005151779e-25,1.559011580514058e-25,1.5590091563099056e-25,1.5590067325368637e-25,1.5590043091999759e-25,1.559001886296759e-25,1.5589994638233429e-25,1.5589970417875193e-25,1.5589946201851643e-25,1.558992199016516e-25,1.5589897782806358e-25,1.5589873579786419e-25,1.5589849381097932e-25,1.558982518672354e-25,1.5589800996695394e-25,1.5589776810989845e-25,1.5589752629624224e-25,1.5589728452586025e-25,1.5589704279873413e-25,1.5589680111544148e-25,1.558965594747277e-25,1.5589631787966908e-25,1.5589607632559148e-25,1.5589583481475414e-25,1.5589559334724265e-25,1.5589535192285658e-25,1.5589511054170127e-25,1.5589486920369363e-25,1.5589462790931863e-25,1.558943866574156e-25,1.5589414544890228e-25,1.558939042825586e-25,1.5589366316031983e-25,1.5589342208178037e-25,1.5589318104612252e-25,1.558929400535337e-25,1.558926991040892e-25,1.5589245819753226e-25,1.5589221733420262e-25,1.5589197651412472e-25,1.5589173573713278e-25,1.5589149500322254e-25,1.5589125431238272e-25,1.55891013664539e-25,1.558907730598983e-25,1.558905324983029e-25,1.5589029197965058e-25,1.5589005150446768e-25,1.558898110720521e-25,1.5588957068299626e-25,1.5588933033668323e-25,1.5588909003334548e-25,1.5588884977302658e-25,1.5588860955500844e-25,1.5588836938070214e-25,1.558881292493347e-25,1.5588788916088205e-25,1.5588764911524293e-25,1.558874091128505e-25,1.5588716915349047e-25,1.5588692923806157e-25,1.5588668936462493e-25,1.5588644953399052e-25,1.55886209746291e-25,1.5588597000015713e-25,1.5588573029808957e-25,1.5588549063944626e-25,1.5588525102325657e-25,1.558850114500738e-25,1.5588477191976388e-25,1.5588453243245106e-25,1.5588429298788446e-25,1.5588405358623785e-25,1.5588381422775992e-25,1.5588357491173122e-25,1.5588333563855393e-25,1.558830964079605e-25,1.5588285722042757e-25,1.5588261807569441e-25,1.5588237897382703e-25,1.5588213991480785e-25,1.5588190089845945e-25,1.558816619249155e-25,1.558814229941094e-25,1.5588118410695777e-25,1.558809452616851e-25,1.5588070645935577e-25,1.5588046769969424e-25,1.5588022898264594e-25,1.5587999030821816e-25,1.5587975167661246e-25,1.5587951308605063e-25,1.5587927453985585e-25,1.5587903603573887e-25,1.5587879757487192e-25,1.5587855915653308e-25,1.5587832078181877e-25,1.558780824490041e-25,1.5587784415770032e-25,1.5587760591058895e-25,1.558773677055124e-25,1.558771295442136e-25,1.558768914246499e-25,1.558766533476722e-25,1.5587641531344591e-25,1.558761773216808e-25,1.5587593937125463e-25,1.5587570146478594e-25,1.558754636012349e-25,1.5587522577977422e-25,1.5587498800103373e-25,1.5587475026474326e-25,1.5587451257100352e-25,1.5587427491985893e-25,1.5587403731121876e-25,1.5587379974504648e-25,1.5587356222122842e-25,1.5587332474032617e-25,1.5587308730176153e-25,1.5587284990556493e-25,1.5587261255206253e-25,1.5587237524106462e-25,1.5587213797239988e-25,1.5587190074584444e-25,1.558716635621087e-25,1.558714264207945e-25,1.5587118932201866e-25,1.558709522655558e-25,1.5587071525152837e-25,1.5587047828022556e-25,1.5587024135031868e-25,1.5587000446364864e-25,1.5586976761936065e-25,1.5586953081741476e-25,1.5586929405778446e-25,1.5586905734030635e-25,1.5586882066522483e-25,1.5586858403365507e-25,1.5586834744340505e-25,1.5586811089557541e-25,1.5586787439038203e-25,1.5586763792715945e-25,1.5586740150628947e-25,1.5586716512774133e-25,1.5586692879136714e-25,1.5586669249739988e-25,1.5586645624574596e-25,1.55866220037879e-25,1.5586598387078898e-25,1.5586574774594477e-25,1.5586551166324204e-25,1.5586527562279087e-25,1.5586503962457596e-25,1.5586480366850237e-25,1.558645677551291e-25,1.5586433188338779e-25,1.5586409605416815e-25,1.5586386026717135e-25,1.5586362452237343e-25,1.5586338882003536e-25,1.5586315315940938e-25,1.5586291754099858e-25,1.5586268196488542e-25,1.5586244643063077e-25,1.5586221093871272e-25,1.5586197548913127e-25,1.5586174008160037e-25,1.5586150471488842e-25,1.5586126939137318e-25,1.5586103411046084e-25,1.5586079887140577e-25,1.558605636745774e-25,1.558603285197212e-25,1.5586009340735086e-25,1.5585985833681415e-25,1.558596233081732e-25,1.558593883219872e-25,1.5585915337731528e-25,1.5585891847484046e-25,1.5585868361439977e-25,1.5585844879618205e-25,1.558582140197964e-25,1.5585797928519963e-25,1.5585774459278897e-25,1.5585750994238312e-25,1.558572753337619e-25,1.5585704076755632e-25
21,1.6224087010490539e-83,6.792629980071216e-83,1.9343230799589137e-82,4.457809458867465e-82,8.980267335191256e-82,1.643704675624151e-81,2.8019223035333496e-81,4.517614322347347e-81,6.963064135903815e-81,1.0342044372266179e-80,1.4890395355388007e-80,2.0878157630318076e-80,2.861171553046772e-80,3.843698236216522e-80,5.073990270592781e-80,6.5948812789137875e-80,8.453939953191897e-80,1.070312181425706e-79,1.3399773027212927e-79,1.660586730291304e-79,2.0389433732154838e-79,2.4823595226359612e-79,2.998717559032609e-79,3.596559161700166e-79,4.285031473900266e-79,5.073932703449399e-79,5.973734487212825e-79,6.995604248073146e-79,8.151427540220008e-79,9.453830379300757e-79,1.09162015552104e-78,1.2552714926130235e-78,1.437835169270556e-78,1.6408922651990923e-78,1.8661090430840285e-78,2.1152391699029186e-78,2.3901259362133415e-78,2.692704473441614e-78,3.0250039692543696e-78,3.389149880990782e-78,3.7873661472539044e-78,4.221977397657704e-78,4.69541116080449e-78,5.210200070494169e-78,5.768984070245573e-78,6.374512616103373e-78,7.02964687779465e-78,7.737361938261299e-78,8.500748991551619e-78,9.323017539148569e-78,1.0207497584709387e-77,1.115764182720449e-77,1.2177027852567979e-77,1.3269360323742691e-77,1.4438473169250722e-77,1.5688331770163081e-77,1.7023035145654385e-77,1.844681813692406e-77,1.996405358971568e-77,2.1579254535287258e-77,2.329707636986705e-77,2.512231903265515e-77,2.7059929182281537e-77,2.9115002371823273e-77,3.129278522233878e-77,3.3598677594795846e-77,3.603823476072425e-77,3.86171695712464e-77,4.1341354624603275e-77,4.421682443228104e-77,4.724977758367487e-77,5.044657890916796e-77,5.381376164190898e-77,5.735802957785311e-77,6.108625923462388e-77,6.500550200872203e-77,6.912298633131548e-77,7.344611982257238e-77,7.798249144447433e-77,8.273987365225854e-77,8.77262245442771e-77,9.294969001055493e-77,9.841860587955675e-77,1.0414150006407609e-76,1.1012709470488955e-76,1.1638430831376564e-76,1.2292225791430347e-76,1.2975026118174195e-76,1.3687783858128478e-76,1.4431471550462315e-76,1.5207082440568418e-76,1.6015630693401307e-76,1.6858151606751247e-76,1.7735701824331967e-76,1.8649359548734394e-76,1.9600224754235764e-76,2.058941939943134e-76,2.16180876398009e-76,2.2687396040023872e-76,2.379853378627964e-76,2.4952712898244698e-76,2.6151168441113266e-76,2.739515873732591e-76,2.868596557826803e-76,3.002489443571853e-76,3.141327467329681e-76,3.2852459757603305e-76,3.434382746930366e-76,3.5888780114107636e-76,3.748874473349311e-76,3.9145173315416876e-76,4.085954300475647e-76,4.2633356313684895e-76,4.446814133188188e-76,4.6365451936635514e-76,4.832686800273533e-76,5.035399561224279e-76,5.2448467264163425e-76,5.461194208394321e-76,5.684610603280997e-76,5.915267211700427e-76,6.153338059684239e-76,6.398999919561732e-76,6.652432330844773e-76,6.91381762108483e-76,7.18334092672826e-76,7.461190213952687e-76,7.747556299482155e-76,8.042632871409157e-76,8.346616509965483e-76,8.659706708326684e-76,8.982105893359697e-76,9.31401944637878e-76,9.65565572388594e-76,1.0007226078291535e-75,1.0368944878621646e-75,1.0741029531208762e-75,1.1123700500384914e-75,1.1517181329134485e-75,1.192169865975748e-75,1.2337482254494586e-75,1.2764765016169557e-75,1.3203783008780687e-75,1.3654775478114773e-75,1.411798487231516e-75,1.4593656862453587e-75,1.5082040363087837e-75,1.5583387552802054e-75,1.6097953894726572e-75,1.6625998157055482e-75,1.71677824335506e-75,1.7723572164004764e-75,1.829363615474244e-75,1.8878246599051186e-75,1.947767909763281e-75,2.0092212679034013e-75,2.0722129820059835e-75,2.1367716466174548e-75,2.2029262051885852e-75,2.270705952112017e-75,2.340140534758451e-75,2.411259955510634e-75,2.484094573796782e-75,2.5586751081227054e-75,2.6350326381010574e-75,2.713198606481558e-75,2.793204821177563e-75,2.875083457294296e-75,2.958867059151181e-75,3.044588542306478e-75,3.132281195578857e-75,3.2219786830695115e-75,3.3137150461805636e-75,3.4075247056327553e-75,3.5034424634820093e-75,3.601503505134876e-75,3.701743401363316e-75,3.804198110317156e-75,3.9089039795323625e-75,4.015897747943695e-75,4.1252165478926124e-75,4.236897907133707e-75,4.350979750841717e-75,4.46750040361265e-75,4.586498591468386e-75,4.708013443861386e-75,4.832084495671368e-75,4.958751689204323e-75,5.088055376187839e-75,5.220036319774909e-75,5.354735696529759e-75,5.492195098426943e-75,5.632456534842169e-75,5.775562434537562e-75,5.921555647664785e-75,6.070479447736655e-75,6.222377533623705e-75,6.377294031535336e-75,6.535273497009622e-75,6.696360916887668e-75,6.860601711299913e-75,7.028041735644647e-75,7.198727282567201e-75,7.372705083936715e-75,7.550022312823167e-75,7.730726585469129e-75,7.914865963260456e-75,8.102488954708897e-75,8.293644517416002e-75,8.488382060036274e-75,8.686751444253335e-75,8.888802986743698e-75,9.094587461141454e-75,9.3041561000035e-75,9.517560596770146e-75,9.73485310772713e-75,9.956086253964977e-75,1.018131312333845e-74,1.041058727242344e-74,1.0643962728469957e-74,1.0881493991360094e-74,1.112323603555935e-74,1.1369244312071734e-74,1.1619574750382356e-74,1.1874283760413069e-74,1.2133428234472362e-74,1.2397065549194957e-74,1.2665253567490532e-74,1.2938050640486802e-74,1.3215515609474071e-74,1.349770780784346e-74,1.3784687063030962e-74,1.4076513698449123e-74,1.437324853542718e-74,1.467495289515513e-74,1.4981688600604582e-74,1.529351797847324e-74,1.5610503861105324e-74,1.593270958843833e-74,1.6260199009916393e-74,1.6593036486427833e-74,1.6931286892227504e-74,1.7275015616865741e-74,1.7624288567111795e-74,1.797917216887078e-74,1.833973336911211e-74,1.870603963778709e-74,1.9078158969748197e-74,1.945615988666592e-74,1.984011143894814e-74,2.023008320764472e-74,2.0626145306376108e-74,2.1028368383238663e-74,2.1436823622709804e-74,2.185158274756701e-74,2.227271802079088e-74,2.2700302247474396e-74,2.3134408776728797e-74,2.3575111503589903e-74,2.402248487091426e-74,2.44766038712848e-74,2.4937544048921333e-74,2.540538150156328e-74,2.5880192882380722e-74,2.6362055401857776e-74,2.685104682970442e-74,2.7347245496743725e-74,2.7850730296797385e-74,2.8361580688586726e-74,2.887987669761897e-74,2.940569891807852e-74,2.9939128514716138e-74,3.0480247224726932e-74,3.1029137359644795e-74,3.1585881807221633e-74,3.215056403331358e-74,3.2723268083757014e-74,3.330407858625856e-74,3.3893080752258037e-74,3.4490360378815773e-74,3.5096003850498367e-74,3.571009814123217e-74,3.63327308161929e-74,3.6963990033673426e-74,3.760396454695381e-74,3.825274370617661e-74,3.8910417460199475e-74,3.957707635848976e-74,4.0252811552963596e-74,4.0937714799864546e-74,4.163187846163039e-74,4.2335395508736676e-74,4.3048359521585896e-74,4.377086469234109e-74,4.4503005826799326e-74,4.524487834624372e-74,4.599657828930084e-74,4.675820231379497e-74,4.7529847698605385e-74,4.831161234550735e-74,4.910359478102895e-74,4.990589415831566e-74,5.0718610258950236e-74,5.154184349482604e-74,5.237569490996705e-74,5.322026618240443e-74,5.407565962599127e-74,5.4941978192256996e-74,5.581932547224926e-74,5.670780569836934e-74,5.760752374621469e-74,5.851858513641281e-74,5.944109603646263e-74,6.037516326255156e-74,6.132089428141424e-74,6.227839721215316e-74,6.3247780828060184e-74,6.4229154558462126e-74,6.522262849052783e-74,6.622831337112944e-74,6.724632060863352e-74,6.827676227474262e-74,6.931975110631806e-74,7.037540050720036e-74,7.144382455002154e-74,7.252513797805165e-74,7.36194562069835e-74,7.472689532677732e-74,7.58475721034496e-74,7.698160398090407e-74,7.81291090827619e-74,7.929020621413839e-74,8.046501486348288e-74,8.165365520436188e-74,8.285624809729656e-74,8.407291509156485e-74,8.530377842697252e-74,8.654896103570976e-74,8.78085865441142e-74,8.908277927449111e-74,9.037166424692866e-74,9.167536718106127e-74,9.29940144978942e-74,9.432773332161091e-74,9.567665148133055e-74,9.704089751296202e-74,9.842060066091212e-74,9.981589087996705e-74,1.012268988370409e-73,1.0265375591296094e-73,1.0409659420427534e-73,1.0555554652502715e-73,1.0703074640851973e-73,1.0852232810919091e-73,1.100304266042728e-73,1.1155517759567127e-73,1.1309671751168942e-73,1.1465518350885805e-73,1.1623071347365851e-73,1.1782344602434562e-73,1.1943352051272133e-73,1.2106107702588735e-73,1.227062563880178e-73,1.2436920016216956e-73,1.2605005065201718e-73,1.2774895090362483e-73,1.2946604470725383e-73,1.3120147659907761e-73,1.3295539186301976e-73,1.3472793653240571e-73,1.365192573918519e-73,1.3832950197899667e-73,1.4015881858617944e-73,1.4200735626230897e-73,1.4387526481457143e-73,1.457626948101697e-73,1.476697975781471e-73,1.4959672521107626e-73,1.51543630566852e-73,1.5351066727045517e-73,1.5549798971565576e-73,1.5750575306684355e-73,1.5953411326066873e-73,1.6158322700787996e-73,1.6365325179506912e-73,1.6574434588637205e-73,1.678566683252268e-73,1.6999037893615785e-73,1.721456383264597e-73,1.7432260788801555e-73,1.7652144979893037e-73,1.7874232702536407e-73,1.8098540332325724e-73,1.8325084324001456e-73,1.8553881211631116e-73,1.8784947608777843e-73,1.901830020867307e-73,1.9253955784394534e-73,1.949193118903759e-73,1.973224335588657e-73,1.9974909298589137e-73,2.021994611132381e-73,2.0467370968987442e-73,2.071720112734889e-73,2.096945392323514e-73,2.122414677469782e-73,2.1481297181182223e-73,2.1740922723713598e-73,2.200304106504761e-73,2.2267669949863365e-73,2.253482720492207e-73,2.2804530739239816e-73,2.307679854426793e-73,2.335164869404786e-73,2.3629099345402327e-73,2.390916873809308e-73,2.4191875194995157e-73,2.4477237122266805e-73,2.4765273009525307e-73,2.5056001430010368e-73,2.5349441040762173e-73,2.56456105827846e-73,2.5944528881222805e-73,2.6246214845525738e-73,2.655068746962242e-73,2.685796583209425e-73,2.7168069096331585e-73,2.7481016510719247e-73,2.779682740879704e-73,2.8115521209429476e-73,2.843711741697921e-73,2.876163562147746e-73,2.908909549878471e-73,2.941951681077107e-73,2.9752919405476055e-73,3.008932321727961e-73,3.042874826707586e-73,3.0771214662433904e-73,3.1116742597777644e-73,3.14653523545371e-73,3.1817064301331475e-73,3.2171898894134697e-73,3.252987667643691e-73,3.28910182794203e-73,3.3255344422120135e-73,3.36228759115993e-73,3.3993633643110334e-73,3.43676386002622e-73,3.474491185519536e-73,3.5125474568741665e-73,3.5509347990591016e-73,3.589655345946629e-73,3.628711240327997e-73,3.668104633931147e-73,3.70783768743658e-73,3.747912570494062e-73,3.7883314617399097e-73,3.829096548812834e-73,3.870210028371128e-73,3.91167410610925e-73,3.953490996773894e-73,3.995662924181436e-73,4.038192121233704e-73,4.0810808299346486e-73,4.1243313014076556e-73,4.167945795911002e-73,4.2119265828557765e-73,4.256275940820216e-73,4.300996157568822e-73,4.3460895300672166e-73,4.391558364498961e-73,4.4374049762820385e-73,4.4836316900848983e-73,4.53024083984443e-73,4.577234768780895e-73,4.624615829414456e-73,4.6723863835823595e-73,4.7205488024554096e-73,4.769105466552617e-73,4.8180587657605655e-73,4.8674110993465845e-73,4.91716487597731e-73,4.967322513734698e-73,5.017886440131325e-73,5.068859092128455e-73,5.120242916150125e-73,5.172040368101207e-73,5.2242539133835865e-73,5.276886026911337e-73,5.3299391931286835e-73,5.383415906024048e-73,5.4373186691484114e-73,5.49164999563013e-73,5.546412408192031e-73,5.6016084391676303e-73,5.6572406305167565e-73,5.713311533841677e-73,5.769823710404353e-73,5.826779731141547e-73,5.884182176680703e-73,5.942033637358432e-73,6.00033671323333e-73,6.059094014104727e-73,6.118308159527208e-73,6.177981778827676e-73,6.238117511121853e-73,6.298718005328335e-73,6.359785920186588e-73,6.421323924272835e-73,6.483334696015348e-73,6.54582092371085e-73,6.608785305539877e-73,6.672230549584812e-73,6.73615937384397e-73,6.800574506247738e-73,6.865478684675817e-73,6.930874656971626e-73,6.996765180959918e-73,7.063153024461357e-73,7.130040965308751e-73,7.197431791363875e-73,7.265328300532463e-73,7.33373330077999e-73,7.402649610148784e-73,7.472080056772764e-73,7.542027478892916e-73,7.61249472487551e-73,7.683484653225641e-73,7.755000132603827e-73,7.827044041841562e-73,7.899619269958066e-73,7.97272871617524e-73,8.046375289933324e-73,8.120561910907861e-73,8.195291509023877e-73,8.270567024473357e-73,8.346391407729778e-73,8.422767619563763e-73,8.499698631059806e-73,8.577187423631822e-73,8.655236989038179e-73,8.733850329397427e-73,8.813030457204728e-73,8.892780395347129e-73,8.973103177120274e-73,9.054001846241251e-73,9.135479456867423e-73,9.217539073609961e-73,9.300183771550921e-73,9.383416636258086e-73,9.467240763800446e-73,9.551659260763785e-73,9.636675244266953e-73,9.72229184197747e-73,9.80851219212598e-73,9.895339443523243e-73,9.982776755574479e-73,1.0070827298295146e-72,1.0159494252326985e-72,1.0248780808954476e-72,1.0338690170117051e-72,1.0429225548428147e-72,1.0520390167188914e-72,1.0612187260403508e-72,1.0704620072795503e-72,1.0797691859823453e-72,1.089140588769481e-72,1.0985765433383478e-72,1.1080773784643498e-72,1.1176434240025194e-72,1.1272750108890007e-72,1.1369724711426742e-72,1.1467361378667216e-72,1.1565663452499899e-72,1.1664634285687008e-72,1.1764277241879636e-72,1.186459569563215e-72,1.1965593032418688e-72,1.2067272648646225e-72,1.2169637951672715e-72,1.2272692359821583e-72,1.23764393023955e-72,1.2480882219694024e-72,1.258602456302649e-72,1.2691869794728956e-72,1.2798421388180036e-72,1.2905682827812918e-72,1.3013657609133697e-72,1.3122349238736126e-72,1.323176123431527e-72,1.3341897124685338e-72,1.3452760449791109e-72,1.3564354760726314e-72,1.3676683619748382e-72,1.3789750600291793e-72,1.3903559286985536e-72,1.4018113275666536e-72,1.4133416173394847e-72,1.4249471598470355e-72,1.4366283180445764e-72,1.4483854560143724e-72,1.4602189389670527e-72,1.4721291332430894e-72,1.484116406314486e-72,1.4961811267860687e-72,1.5083236643971952e-72,1.5205443900230367e-72,1.5328436756763314e-72,1.545221894508614e-72,1.557679420811999e-72,1.5702166300204457e-72,1.5828338987113744e-72,1.5955316046070623e-72,1.6083101265763463e-72,1.6211698446358537e-72,1.63411113995175e-72,1.6471343948409942e-72,1.6602399927730123e-72,1.67342831837123e-72,1.686699757414234e-72,1.7000546968375921e-72,1.7134935247353607e-72,1.727016630361142e-72,1.7406244041301684e-72,1.7543172376203934e-72,1.7680955235739809e-72,1.7819596558990205e-72,1.7959100296707518e-72,1.809947041133228e-72,1.8240710877008558e-72,1.838282567959495e-72,1.8525818816683966e-72,1.8669694297613258e-72,1.8814456143482817e-72,1.8960108387169928e-72,1.91066550733402e-72,1.9254100258466868e-72,1.9402448010842167e-72,1.955170241059419e-72,1.9701867549701333e-72,1.9852947532005861e-72,2.0004946473228503e-72,2.0157868500985076e-72,2.031171775479872e-72,2.0466498386116884e-72,2.0622214558324203e-72,2.0778870446757788e-72,2.0936470238720116e-72,2.1095018133498318e-72,2.1254518342374455e-72,2.1414975088640453e-72,2.1576392607615178e-72,2.1738775146656835e-72,2.1902126965178347e-72,2.2066452334659875e-72,2.2231755538668378e-72,2.2398040872868342e-72,2.2565312645033825e-72,2.273357517507e-72,2.290283279502209e-72,2.3073089849090217e-72,2.324435069364804e-72,2.3416619697253653e-72,2.3589901240663413e-72,2.3764199716847683e-72,2.3939519531006173e-72,2.4115865100582337e-72,2.429324085527449e-72,2.4471651237056083e-72,2.4651100700185886e-72,2.4831593711220296e-72,2.5013134749034467e-72,2.519572830483163e-72,2.537937888215757e-72,2.5564090996918123e-72,2.574986917739044e-72,2.593671796423878e-72,2.612464191052679e-72,2.631364558173736e-72,2.650373355578017e-72,2.6694910423008e-72,2.688718078623604e-72,2.708054926074795e-72,2.727502047431588e-72,2.747059906721398e-72,2.7667289692231084e-72,2.7865097014683777e-72,2.806402571243584e-72,2.82640804759085e-72,2.8465266008093405e-72,2.8667587024567867e-72,2.88710482535133e-72,2.9075654435724375e-72,2.928141032462366e-72,2.948832068627892e-72,2.9696390299414224e-72,2.9905623955423525e-72,3.011602645838965e-72,3.032760262509376e-72,3.054035728502974e-72,3.075429528042052e-72,3.096942146623284e-72,3.118574071018774e-72,3.1403257892772955e-72,3.162197790726768e-72,3.1841905659745863e-72,3.206304606909034e-72,3.228540406701567e-72,3.2508984598077054e-72,3.273379261968041e-72,3.295983310210201e-72,3.3187111028502593e-72,3.341563139493745e-72,3.364539921036874e-72,3.387641949668848e-72,3.410869728872716e-72,3.434223763426398e-72,3.4577045594048176e-72,3.481312624180545e-72,3.50504846642557e-72,3.5289125961132555e-72,3.5529055245188e-72,3.577027764220576e-72,3.6012798291027365e-72,3.625662234355196e-72,3.6501754964760275e-72,3.674820133272042e-72,3.699596663860775e-72,3.7245056086718907e-72,3.749547489447694e-72,3.7747228292459977e-72,3.800032152440268e-72,3.8254759847210106e-72,3.851054853098304e-72,3.876769285901879e-72,3.9026198127831826e-72,3.9286069647168483e-72,3.9547312740016137e-72,3.9809932742617165e-72,4.007393500448463e-72,4.033932488842196e-72,4.060610777052487e-72,4.0874289040202874e-72,4.1143874100193204e-72,4.1414868366567936e-72,4.168727726875454e-72,4.1961106249548974e-72,4.223636076512327e-72,4.251304628504554e-72,4.2791168292291356e-72,4.3070732283259884e-72,4.335174376778277e-72,4.3634208269135603e-72,4.391813132406528e-72,4.4203518482787417e-72,4.4490375309009176e-72,4.477870737994254e-72,4.506852028631179e-72,4.535981963237316e-72,4.565261103592642e-72,4.594690012833093e-72,4.624269255451401e-72,4.65399939729827e-72,4.683881005584859e-72,4.713914648883434e-72,4.744100897128252e-72,4.774440321617879e-72,4.804933495015549e-72,4.835580991351252e-72,4.866383386023028e-72,4.897341255797713e-72,4.928455178812872e-72,4.959725734577965e-72,4.991153503975706e-72,5.022739069263555e-72,5.054483014074483e-72,5.08638592341916e-72,5.118448383686356e-72,5.150670982644765e-72,5.183054309445332e-72,5.215598954620382e-72,5.248305510086441e-72,5.281174569145988e-72,5.31420672648742e-72,5.3474025781873e-72,5.380762721711673e-72,5.414287755916742e-72,5.447978281051109e-72,5.481834898756137e-72,5.515858212068281e-72,5.550048825419402e-72,5.58440734463886e-72,5.618934376954538e-72,5.65363053099453e-72,5.688496416787319e-72,5.723532645764984e-72,5.758739830762659e-72,5.794118586021188e-72,5.829669527187454e-72,5.865393271316562e-72,5.901290436872036e-72,5.937361643728604e-72,5.973607513172785e-72,6.010028667903689e-72,6.046625732035307e-72,6.083399331096829e-72,6.120350092034685e-72,6.157478643213723e-72,6.194785614418384e-72,6.232271636854368e-72,6.269937343149062e-72,6.307783367353736e-72,6.345810344944828e-72,6.384018912824362e-72,6.422409709322167e-72,6.460983374196886e-72,6.499740548637519e-72,6.538681875263923e-72,6.577807998129224e-72,6.617119562720015e-72,6.656617215958162e-72,6.696301606203293e-72,6.736173383251546e-72,6.776233198338804e-72,6.816481704141475e-72,6.856919554778014e-72,6.897547405809463e-72,6.93836591424149e-72,6.979375738525466e-72,7.020577538560016e-72,7.061971975691171e-72,7.103559712715963e-72,7.145341413880807e-72,7.187317744884589e-72,7.229489372880468e-72,7.271856966475701e-72,7.314421195733306e-72,7.357182732173837e-72,7.400142248776726e-72,7.443300419980683e-72,7.486657921685809e-72,7.53021543125467e-72,7.573973627513791e-72,7.617933190753768e-72,7.662094802732411e-72,7.706459146675029e-72,7.751026907275442e-72,7.795798770697256e-72,7.840775424575771e-72,7.885957558018926e-72,7.931345861608856e-72,7.976941027402305e-72,8.022743748933093e-72,8.068754721211797e-72,8.114974640728993e-72,8.161404205455485e-72,8.20804411484305e-72,8.25489506982685e-72,8.301957772825531e-72,8.349232927743707e-72,8.396721239971639e-72,8.444423416388432e-72,8.492340165362362e-72,8.540472196751416e-72,8.588820221905907e-72,8.637384953668467e-72,8.686167106376177e-72,8.735167395861963e-72,8.784386539454729e-72,8.833825255981715e-72,8.883484265769719e-72,8.933364290645333e-72,8.983466053937234e-72,9.033790280477071e-72,9.084337696600727e-72,9.135109030149933e-72,9.186105010472484e-72,9.237326368424551e-72,9.288773836371815e-72,9.340448148189847e-72,9.39235003926625e-72,9.444480246501674e-72,9.496839508311289e-72,9.549428564625144e-72,9.602248156890288e-72,9.655299028072158e-72,9.70858192265464e-72,9.762097586642499e-72,9.815846767562548e-72,9.869830214463511e-72,9.924048677919618e-72,9.978502910029892e-72,1.0033193664419672e-71,1.008812169624254e-71,1.0143287762181522e-71,1.0198692620449383e-71,1.0254337030790453e-71,1.0310221754482992e-71,1.0366347554338262e-71,1.0422715194703208e-71,1.0479325441461662e-71,1.053617906203451e-71,1.0593276825382365e-71,1.0650619502005348e-71,1.07082078639458e-71,1.0766042684787615e-71,1.0824124739660047e-71,1.0882454805236479e-71,1.0941033659737335e-71,1.0999862082929886e-71,1.1058940856130599e-71,1.1118270762205997e-71,1.1177852585573835e-71,1.123768711220441e-71,1.1297775129622022e-71,1.135811742690517e-71,1.1418714794689274e-71,1.1479568025166283e-71,1.1540677912086821e-71,1.1602045250762725e-71,1.1663670838064985e-71,1.1725555472427976e-71,1.1787699953848296e-71,1.185010508388874e-71,1.1912771665676874e-71,1.1975700503907656e-71,1.203889240484434e-71,1.2102348176320051e-71,1.2166068627737467e-71,1.2230054570072738e-71,1.2294306815874309e-71,1.2358826179264536e-71,1.2423613475941786e-71,1.2488669523181467e-71,1.2553995139836152e-71,1.2619591064815564e-71,1.2685458184998932e-71,1.2751597327531203e-71,1.2818009317597678e-71,1.2884694981968832e-71,1.295165514899944e-71,1.3018890648630247e-71,1.3086402312389906e-71,1.3154190973395734e-71,1.3222257466355522e-71,1.3290602627566786e-71,1.3359227294921115e-71,1.3428132307902313e-71,1.349731850758974e-71,1.3566786736657764e-71,1.363653783937827e-71,1.3706572661621472e-71,1.3776892050857368e-71,1.3847496856155788e-71,1.3918387928188868e-71,1.3989566119232138e-71,1.4061032283164527e-71,1.4132787275471172e-71,1.4204831953242984e-71,1.427716717517901e-71,1.4349793801587648e-71,1.4422712694386628e-71,1.4495924717105397e-71,1.456943073488589e-71,1.46432316144837e-71,1.471732822426927e-71,1.4791721434229476e-71,1.4866412115967577e-71,1.4941401142706062e-71,1.5016689389286103e-71,1.5092277732170013e-71,1.5168167049442045e-71,1.5244358220809948e-71,1.5320852127604803e-71,1.5397649652783159e-71,1.547475168092949e-71,1.5552159098255136e-71,1.5629872792599475e-71,1.5707893561817496e-71,1.5786222364136963e-71,1.5864860096283935e-71,1.5943807652639258e-71,1.6023065929220304e-71,1.610263582367905e-71,1.6182518235304932e-71,1.6262714065025683e-71,1.6343224215408908e-71,1.6424049590661917e-71,1.6505191096634068e-71,1.658664964081821e-71,1.6668426132350274e-71,1.6750521482011836e-71,1.6832936602230865e-71,1.6915672407083309e-71,1.6998729812292892e-71,1.7082109735233613e-71,1.7165813094930934e-71,1.7249840812061013e-71,1.733419380895527e-71,1.741887300959858e-71,2.534555274812823e-42,2.6334962461356937e-42,2.7222157607015687e-42,2.8038670333165283e-42,2.879699946818852e-42,2.950701492325767e-42,3.0176622615023626e-42,3.081223211521843e-42,3.1419096671995245e-42,3.2001564519995834e-42,3.256326738799951e-42,3.3107263803211336e-42,3.3636149347783625e-42,3.415214246597235e-42,3.46571518710521e-42,3.515283005228925e-42,3.564061607919163e-42,3.612177012471032e-42,3.659740150422102e-42,3.7068491683162336e-42,3.7535913101494594e-42,3.800044490209784e-42,3.8462785954922086e-42,3.8923565784460176e-42,3.938335378700658e-42,3.984266701516286e-42,4.0301976790863926e-42,4.0761714373017405e-42,4.12222757864354e-42,4.168402600259317e-42,4.214730253528494e-42,4.2612418590761616e-42,4.307966573234618e-42,4.354931633225182e-42,4.40216255939465e-42,4.4496833408905534e-42,4.497516598958344e-42,4.545683724216138e-42,4.594205009247877e-42,4.6430997588993295e-42,4.692386391076334e-42,4.742082527130581e-42,4.7922050729397226e-42,4.842770290080543e-42,4.893793864890091e-42,4.945290963493577e-42,4.997276288699416e-42,5.0497641276607134e-42,5.1027683951698804e-42,5.156302678098921e-42,5.210380266436916e-42,5.2650141926090736e-42,5.3202172599405133e-42,5.376002072840714e-42,5.432381061370175e-42,5.4893665076285656e-42,5.5469705670939025e-42,5.6052052906509165e-42,5.6640826437759235e-42,5.7236145214880135e-42,5.783812774139376e-42,5.844689212421367e-42,5.906255629449041e-42,5.968523812887203e-42,6.031505554299136e-42,6.095212670474547e-42,6.159657004462287e-42,6.224850445991438e-42,6.2908049322298e-42,6.35753246882244e-42,6.425045130170554e-42,6.493355072374234e-42,6.562474542468629e-42,6.632415884498358e-42,6.703191549083331e-42,6.774814100993119e-42,6.847296225568292e-42,6.920650736058834e-42,6.99489058199441e-42,7.070028854245373e-42,7.146078791566327e-42,7.22305378816613e-42,7.300967399343968e-42,7.379833346344868e-42,7.459665525092933e-42,7.540478009541553e-42,7.622285058051205e-42,7.70510112034237e-42,7.788940842280569e-42,7.873819070297403e-42,7.959750859317371e-42,8.046751477468906e-42,8.134836407918121e-42,8.224021362479531e-42,8.314322280516256e-42,8.405755334186763e-42,8.498336938834926e-42,8.592083753590965e-42,8.687012690482552e-42,8.783140917859743e-42,8.880485866879101e-42,8.979065236459963e-42,9.078897000879017e-42,9.179999412322177e-42,9.282391009359494e-42,9.386090620843364e-42,9.491117376246277e-42,9.597490706492741e-42,9.705230349222279e-42,9.814356359287395e-42,9.92488911646791e-42,1.0036849325718781e-41,1.0150258026791513e-41,1.02651366013321e-41,1.038150677823267e-41,1.0499390641581558e-41,1.0618810635233021e-41,1.073978957555221e-41,1.0862350649031212e-41,1.0986517428701272e-41,1.1112313876172545e-41,1.1239764350465307e-41,1.1368893616187645e-41,1.149972685105559e-41,1.1632289653804802e-41,1.1766608051014958e-41,1.1902708507789365e-41,1.2040617933839865e-41,1.2180363692493302e-41,1.2321973611984845e-41,1.246547598874268e-41,1.2610899602939308e-41,1.2758273721740185e-41,1.290762811270471e-41,1.3058993059923285e-41,1.321239934732557e-41,1.3367878306460808e-41,1.3525461797101893e-41,1.3685182236360928e-41,1.3847072590791236e-41,1.401116640539184e-41,1.4177497805018726e-41,1.4346101506865244e-41,1.451701283404632e-41,1.4690267724280812e-41,1.486590274572074e-41,1.5043955106139234e-41,1.5224462664889312e-41,1.5407463950876294e-41,1.5592998170454253e-41,1.5781105221640118e-41,1.5971825709718033e-41,1.6165200959564035e-41,1.6361273030799685e-41,1.6560084730427739e-41,1.6761679632707932e-41,1.6966102088785485e-41,1.717339724146196e-41,1.738361104786183e-41,1.7596790290005228e-41,1.7812982593550522e-41,1.803223644314438e-41,1.8254601203446575e-41,1.8480127132270705e-41,1.8708865394850283e-41,1.8940868099981887e-41,1.9176188296511182e-41,1.9414880011273636e-41,1.9656998252958197e-41,1.990259904402112e-41,2.015173943640174e-41,2.0404477532657188e-41,2.0660872513067956e-41,2.0920984644621486e-41,2.1184875320265817e-41,2.1452607066049974e-41,2.1724243578551949e-41,2.1999849738495974e-41,2.227949164210719e-41,2.2563236630030795e-41,2.2851153291065295e-41,2.314331151762894e-41,2.3439782516708037e-41,2.3740638842592556e-41,2.4045954412816483e-41,2.435580456367529e-41,2.4670266055228165e-41,2.498941710117051e-41,2.5313337431087673e-41,2.5642108278195525e-41,2.597581244432444e-41,2.631453432111848e-41,2.665835992323942e-41,2.7007376925379836e-41,2.736167470250428e-41,2.7721344355737447e-41,2.8086478758302417e-41,2.845717259104252e-41,2.8833522383384676e-41,2.921562655032603e-41,2.9603585432910404e-41,2.9997501346618217e-41,3.03974786228712e-41,3.0803623633164543e-41,3.121604487784106e-41,3.163485298730944e-41,3.2060160797127204e-41,3.249208338165509e-41,3.293073811574104e-41,3.337624471657654e-41,3.382872529406701e-41,3.428830443112175e-41,3.4755109183919035e-41,3.522926919643347e-41,3.5710916723910576e-41,3.620018670025186e-41,3.669721679859193e-41,3.7202147496363827e-41,3.7715122126921643e-41,3.8236286966720236e-41,3.876579128033295e-41,3.9303787395282974e-41,3.9850430787622096e-41,4.040588011965915e-41,4.0970297352018845e-41,4.1543847790883597e-41,4.2126700182062907e-41,4.2719026781170386e-41,4.332100344245932e-41,4.3932809693863397e-41,4.4554628825750277e-41,4.518664798961856e-41,4.582905827031109e-41,4.64820547904654e-41,4.714583680106402e-41,4.782060778288083e-41,4.850657554044871e-41,4.920395230996264e-41,4.991295485661595e-41,5.06338045957107e-41,5.136672769234273e-41,5.211195517986872e-41,5.286972307328825e-41,5.364027249198944e-41,5.442384978255025e-41,5.522070664432623e-41,5.603110026060132e-41,5.685529341996008e-41,5.769355469238982e-41,5.854615850066279e-41,5.941338532979841e-41,6.029552184397928e-41,6.119286104104089e-41,6.210570241997094e-41,6.303435212267828e-41,6.397912311291135e-41,6.494033533898284e-41,6.5918315929085e-41,6.69133993212154e-41,6.792592749911636e-41,6.895625013956584e-41,7.000472484531331e-41,7.107171731780531e-41,7.215760156338625e-41,7.326276011662248e-41,7.438758423358908e-41,7.553247415284988e-41,7.669783927261594e-41,7.788409846199142e-41,7.909168019637454e-41,8.032102290404752e-41,8.157257516454949e-41,8.284679601653607e-41,8.414415516797259e-41,8.546513332730694e-41,8.681022246433539e-41,8.817992612035476e-41,8.957475969335726e-41,9.099525076380416e-41,9.24419394065507e-41,9.391537853064627e-41,9.541613419917784e-41,9.69447860121572e-41,9.850192743086623e-41,1.0008816618570154e-40,1.0170412461116777e-40,1.0335044008452904e-40,1.0502776539985312e-40,1.0673676918326377e-40,1.0847813639618958e-40,1.1025256862546128e-40,1.1206078468290922e-40,1.1390352100041996e-40,1.1578153214056328e-40,1.1769559126695546e-40,1.1964649070893705e-40,1.2163504240578806e-40,1.2366207854908962e-40,1.2572845205837533e-40,1.278350372081471e-40,1.2998273022254456e-40,1.321724498275977e-40,1.3440513800598106e-40,1.3668176052802756e-40,1.39003307698385e-40,1.4137079500652868e-40,1.4378526387449627e-40,1.4624778237191233e-40,1.487594460123946e-40,1.5132137848470083e-40,1.5393473251246765e-40,1.56600690669866e-40,1.5932046620404734e-40,1.6209530404187076e-40,1.6492648157308805e-40,1.6781530969018377e-40,1.7076313371257946e-40,1.737713344160987e-40,1.7684132913327008e-40,1.7997457270498638e-40,1.8317255866879225e-40,1.8643682046804607e-40,1.8976893251805635e-40,1.9317051149374083e-40,1.966432175929647e-40,2.001887558362655e-40,2.0380887741286068e-40,2.075053810995712e-40,2.1128011464822213e-40,2.1513497634605646e-40,2.190719165169217e-40,2.2309293914880745e-40,2.272001034442087e-40,2.3139552563902674e-40,2.356813807163222e-40,2.400599042020121e-40,2.4453339409571724e-40,2.4910421272273115e-40,2.5377478901568907e-40,2.585476201407786e-40,2.6342527405691654e-40,2.6841039160094994e-40,2.7350568880011274e-40,2.787139592294271e-40,2.840380765403528e-40,2.894809970259001e-40,2.9504576219038587e-40,3.007355016196264e-40,3.065534357456671e-40,3.1250287870446453e-40,3.1858724166784886e-40,3.248100356775873e-40,3.3117487513103573e-40,3.37685481100948e-40,3.4434568485137388e-40,3.511594314707713e-40,3.5813078375386645e-40,3.6526392592055046e-40,3.725631678310304e-40,3.800329492603563e-40,3.8767784399249415e-40,3.9550256457501655e-40,4.035119670223943e-40,4.1171105555039086e-40,4.201049877282065e-40,4.286990797157824e-40,4.374988116833201e-40,4.4650983348393675e-40,4.557379705163028e-40,4.651892298117149e-40,4.748698063888766e-40,4.8478608970979085e-40,4.949446708467437e-40,5.053523488426737e-40,5.160161390986918e-40,5.26943280089318e-40,5.381412418247659e-40,5.496177340737772e-40,5.6138071461299845e-40,5.734383988983944e-40,5.857992683151456e-40,5.984720807107709e-40,6.114658800028537e-40,6.247900068964071e-40,6.384541094002118e-40,6.524681544741179e-40,6.668424395627867e-40,6.815876049546306e-40,6.967146468287594e-40,7.122349298309576e-40,7.281602013514554e-40,7.445026060239913e-40,7.612747006076409e-40,7.784894693540652e-40,7.96160340790841e-40,8.143012040519217e-40,8.329264273708382e-40,8.520508756381178e-40,8.71689930435755e-40,8.918595091643776e-40,9.125760870478953e-40,9.338567177160042e-40,9.55719057521634e-40,9.781813871964733e-40,1.0012626384487113e-39,1.0249824190671339e-39,1.0493610397161891e-39,1.0744195426522211e-39,1.100179730750857e-39,1.126664198219496e-39,1.1538963632199794e-39,1.1819005006727865e-39,1.210701778081141e-39,1.2403262914811808e-39,1.2708011041305538e-39,1.3021542870790222e-39,1.3344149603046486e-39,1.3676133362424352e-39,1.401780766936284e-39,1.4369497910321171e-39,1.4731541844713638e-39,1.5104290126633493e-39,1.5488106858593638e-39,1.5883370168214938e-39,1.629047281076962e-39,1.6709822800131353e-39,1.7141844080811865e-39,1.7586977209664338e-39,1.8045680088755855e-39,1.851842874039516e-39,1.9005718091783693e-39,1.9508062823597298e-39,2.0025998251499193e-39,2.0560081248120725e-39,2.1110891217297115e-39,2.1679031110767493e-39,2.2265128498398213e-39,2.2869836696503275e-39,2.3493835942660997e-39,2.413783464219683e-39,2.480257066671698e-39,2.5488812734290255e-39,2.619736183635469e-39,2.6929052773155205e-39,2.7684755737655046e-39,2.8465377973561862e-39,2.9271865600655482e-39,3.0105205417720856e-39,3.096642687157036e-39,3.185660414000446e-39,3.277685829767253e-39,3.372835958425322e-39,3.471232986127425e-39,3.573004510326078e-39,3.6782838130152464e-39,3.787210141633541e-39,3.899929006553397e-39,4.016592499269421e-39,4.137359623101605e-39,4.2623966451585264e-39,4.391877468849627e-39,4.525984023297481e-39,4.6649066817458655e-39,4.808844695821254e-39,4.9580066640706036e-39,5.112611016656652e-39,5.27288653823795e-39,5.439072915654976e-39,5.6114213189317176e-39,5.790195017977439e-39,5.97567003369699e-39,6.168135830583204e-39,6.367896047322951e-39,6.575269275895194e-39,6.790589884466875e-39,7.014208892169147e-39,7.246494895902113e-39,7.487835058622205e-39,7.73863615132421e-39,7.999325669100093e-39,8.270353009999183e-39,8.552190733488889e-39,8.845335893526739e-39,9.150311465075615e-39,9.467667849003041e-39,9.797984491055399e-39,1.014187159216621e-38,1.0499971937238967e-38,1.0872962844022223e-38,1.1261558237293907e-38,1.1666510869223215e-38,1.2088614678080133e-38,1.2528707313070588e-38,1.298767283342697e-38,1.346644457733342e-38,1.3966008248887305e-38,1.4487405196356088e-38,1.503173594536341e-38,1.5600163947222828e-38,1.6193919620420623e-38,1.6814304659930412e-38,1.7462696666950387e-38,1.8140554098721198e-38,1.884942159258374e-38,1.9590935662111488e-38,2.036683082019117e-38,2.1178946150830697e-38,2.2029232372918398e-38,2.2919759427163044e-38,2.385272464266326e-38,2.4830461508468356e-38,2.5855449136595103e-38,2.6930322446558526e-38,2.8057883101897424e-38,2.9241111375508144e-38,3.048317887368692e-38,3.178746232046875e-38,3.315755839182567e-38,3.45972998139374e-38,3.6110772662791705e-38,3.7702335155859844e-38,3.9376638002682626e-38,4.1138646312518856e-38,4.2993663492569325e-38,4.4947357027231664e-38,4.7005786515603467e-38,4.91754340558488e-38,5.146323727939036e-38,5.387662519761011e-38,5.642355723789362e-38,5.911256569568447e-38,6.195280189975243e-38,6.495408661445428e-38,6.812696489276178e-38,7.148276596688451e-38,7.503366862145325e-38,7.879277261913432e-38,8.27741767519036e-38,8.699306428745079e-38,9.146579648626589e-38,9.621001506725856e-38,1.01244754576196e-37,1.0659056568726757e-37,1.1226965061992055e-37,1.1830601197160897e-37,1.24725616447408e-37,1.3155657508007805e-37,1.388293418624406e-37,1.465769327598308e-37,1.5483516740177184e-37,1.6364293619578364e-37,1.730424955825991e-37,1.8307979489754322e-37,1.9380483825932357e-37,2.0527208627387125e-37,2.175409012459493e-37,2.306760427968442e-37,2.447482174376754e-37,2.5983469245102987e-37,2.7601997837404552e-37,2.933965910371191e-37,3.1206590285981286e-37,3.3213909387687838e-37,3.537382173781368e-37,3.769973927822127e-37,4.020641452833305e-37,4.291009095502974e-37,4.5828672133056265e-37,4.898191226895205e-37,5.239163090396268e-37,5.608195547722079e-37,6.00795952878814e-37,6.441415189057306e-37,6.91184707383215e-37,7.422904045964934e-37,7.978644673122389e-37,8.583588900144468e-37,9.242776966403118e-37,9.961836697382919e-37,1.0747060449644507e-36,1.1605493291398244e-36,1.2545034172047412e-36,1.3574552227848236e-36,1.4704020703184647e-36,1.5944671431575195e-36,1.7309173379311692e-36,1.8811839347859633e-36,2.0468865772700676e-36,2.2298611432343613e-36,2.4321922092454304e-36,2.6562509351248568e-36,2.904739374198513e-36,3.18074241591109e-36,3.487788797861731e-36,3.829922953050518e-36,4.2117898061892675e-36,4.638735101639357e-36,5.116924402198764e-36,5.653484602901915e-36,6.256672660702629e-36,6.936077329661865e-36,7.702861036613229e-36,8.570050721072731e-36,9.55288861275335e-36,1.0669256590179796e-35,1.1940191204637965e-35,1.3390510790333015e-35,1.5049581657251158e-35,1.69522574986521e-35,1.9140035358296848e-35,2.1662483431054147e-35,2.457901147169361e-35,2.796107367461149e-35,3.1894928731195483e-35,3.648509272112611e-35,4.185870669175533e-35,4.81710641004669e-35,5.561264973128876e-35,6.441814662035346e-35,7.487802157511586e-35,8.735350850561673e-35,1.022960957707267e-34,1.2027302116350595e-34,1.4200083147272339e-34,1.683898416282455e-34,2.00603427790137e-34,2.401376581263351e-34,2.8892902045288992e-34,3.4950127832211304e-34,4.251672761337207e-34,5.2030858973691915e-34,6.407664776891377e-34,7.943935061987528e-34,9.861955024001328e-34,1.2329892392334062e-33,1.562212749559791e-33,1.996248037050726e-33,2.574056503051377e-33,3.3512684934307504e-33,4.4082974094617805e-33,5.862910617302444e-33,7.88999681070857e-33,1.0753146445701027e-32,1.4855961431115922e-32,2.0826924809339553e-32,2.966247936317631e-32,4.2973180247463527e-32,6.341643391046491e-32,9.547502417209305e-32,1.468927191979551e-31,1.684324036436764e-31,2.6750180354481528e-31,4.363152859201462e-31,7.324272204697228e-31,1.268599844681915e-30,2.2736445985739903e-30,4.2301035534325016e-30,8.199410461941434e-30,1.6627523894221645e-29,3.545267072324832e-29,7.998300874490096e-29,1.9261370645773481e-28,5.017773189664264e-28,1.4448232866831748e-27,4.757546095728403e-27,1.8761580888476143e-26,9.24609307530183e-26,5.756285948774883e-25,4.393192272485777e-24,1.410579461450756e-23,1.4105794615053847e-23,1.4105794653524765e-23,1.7193097538760482e-22,1.9480927060354677e-21,2.1901621127335822e-20,2.4389816071897396e-19,2.63691091591854e-18,2.6972036184821715e-17,2.5425352698619206e-16,2.1568289427246224e-15,1.6141229339350667e-14,1.0496835005242766e-13,5.872076491676655e-13,2.8112778993807435e-12,1.1512320758870822e-11,4.046488633770498e-11,1.2290431842497397e-10,1.2594759557963206e-10,1.2594759559407758e-10,3.3334073942953794e-10,7.766396616093988e-10,1.6125319961013047e-09,3.0196970995387233e-09,5.15922133002469e-09,8.129524830804113e-09,1.1932455015866883e-08,1.646253776111692e-08,2.152152047678566e-08,2.6851298572194267e-08,3.217401599908352e-08,3.722889590361262e-08,4.179914474029325e-08,4.5726643570995437e-08,4.8915491349019184e-08,5.1327264667798114e-08,5.297130781116178e-08,5.389295941366631e-08,5.416183902184301e-08,5.3861494692381275e-08,5.308102978530517e-08,5.1908842790684664e-08,5.042831809388121e-08,4.871515790004293e-08,4.6835999324844374e-08,4.484797581803979e-08,4.279892836485171e-08,4.0728029486697493e-08,3.866663987518219e-08,3.663926769269601e-08,3.466454165963117e-08,3.275614090030257e-08,3.231186070119825e-08,3.049745934112215e-08,2.8766548542350812e-08,2.712208807200249e-08,2.5565068781783157e-08,2.409495779491243e-08,2.271007296235868e-08,2.1407884594635272e-08,2.0185269907831194e-08,1.903870602211058e-08,1.796442697874643e-08,1.6958544958343516e-08,1.6017143201206376e-08,1.513634593414856e-08,1.4312369826534882e-08,1.3541560709601066e-08,1.2820418678340965e-08,1.2145614098559855e-08,1.1513996578954663e-08,1.0922598583829925e-08,1.036863501098335e-08,9.849499796611453e-09,9.362760395304086e-09,8.906150785202388e-09,8.477563512083327e-09,8.075041172260933e-09,7.696767625684242e-09,7.341059171270796e-09,7.006355846929643e-09,6.6912129754615575e-09,6.39429303817009e-09,6.114357929991929e-09,5.850261631463002e-09,5.600943314222646e-09,5.3654208788878326e-09,5.142784929529857e-09,4.932193165588666e-09,4.732865179185566e-09,4.544077639531345e-09,4.365159839338837e-09,4.19548958776837e-09,4.0344894226138205e-09,3.881623122079234e-09,3.7363924958522274e-09,3.5983344326466417e-09,3.4670181869449092e-09,3.342042884806505e-09,3.2230352323457024e-09,3.1096474103975154e-09,3.0015551401196707e-09,2.8984559055603625e-09,2.8000673205553425e-09,2.706125627294543e-09,2.6163843162701543e-09,2.53061285696437e-09,2.448595530294122e-09,2.370130353761297e-09,2.2950280924802937e-09,2.223111347742641e-09,2.1542137174081447e-09,2.0881790217912955e-09,2.0248605896405982e-09,1.964120599223289e-09,1.9058294699670324e-09,1.849865300457179e-09,1.7961133488492517e-09,1.7444655525131522e-09,1.6948200834461462e-09,1.6470809365863413e-09,1.6011575487615257e-09,1.5569644450581738e-09,1.5144209108734303e-09,1.473450688228123e-09,1.4339816931116536e-09,1.395945753023034e-09,1.3592783632972271e-09,1.3239184601886624e-09,1.2898082098376133e-09,1.2568928117359038e-09,1.2388860891078748e-09,1.207728631944198e-09,1.1776386119198503e-09,1.1485706087072668e-09,1.120481494230843e-09,1.0933302999843689e-09,1.0670780932873712e-09,1.041687860905012e-09,1.0171243999613747e-09,9.933542158350725e-10,9.703454265314691e-10,9.480676730837756e-10,9.264920355885029e-10,9.055909544544057e-10,8.853381565275457e-10,8.657085857617734e-10,8.466783380539154e-10,8.282246001747055e-10,8.103255921149884e-10,7.929605131568857e-10,7.761094908454404e-10,7.59753533268551e-10,7.438744838193624e-10,7.28454978797922e-10,7.134784073877837e-10,6.989288738782089e-10,6.847911620693274e-10,6.710507016922523e-10,6.576935366680316e-10,6.447062951891047e-10,6.32076161416409e-10,6.197908487134066e-10,6.078385743978145e-10,5.962080357635035e-10,5.848883875364032e-10,5.738692203682892e-10,5.631405406351705e-10,5.52692751122884e-10,5.425166328852268e-10,5.326033280298666e-10,5.229443232377349e-10,5.135314343006327e-10,5.043567913898776e-10,4.954128250649942e-10,4.866922530044878e-10,4.781880673422915e-10,4.698935227645165e-10,4.618021250607159e-10,4.539076203073801e-10,4.462039845755203e-10,4.38685414109916e-10,4.313463160287826e-10,4.2418129943073976e-10,4.171851669451763e-10,4.1035290667792776e-10,4.03679684542808e-10,3.971608369492293e-10,3.9079186382180487e-10,3.8456842197128125e-10,3.78486318740005e-10,3.725415059606994e-10,3.66730074169717e-10,3.6104824711281186e-10,3.554923764708655e-10,3.5005893683568686e-10,3.4474452090725285e-10,3.395458349058819e-10,3.3445969417638964e-10,3.2948301900827755e-10,3.2461283061289924e-10,3.1984624728923693e-10,3.151804807519763e-10,3.106128326192079e-10,3.061406910456906e-10,3.0176152750416633e-10,2.9747289369879695e-10,2.9327241861312865e-10,2.891578056745334e-10,2.8512683004617686e-10,2.811773360144145e-10,2.7730723451629227e-10,2.73514500721523e-10,2.697971717635609e-10,2.661533445128485e-10,2.625811734852862e-10,2.5907886880662816e-10,2.556446942648932e-10,2.5227696544539236e-10,2.489740479324439e-10,2.457343555809919e-10,2.4255634887347287e-10,2.3943853331180263e-10,2.363794579003645e-10,2.333777136654959e-10,2.3043193224543581e-10,2.2754078452841617e-10,2.2470297934451584e-10,2.2191726220572362e-10,2.191824140986558e-10,2.164972503031481e-10,2.1386061929680486e-10,2.1127140165540956e-10,2.0872850900548265e-10,2.0623088304156936e-10,2.037774945456183e-10,2.0136734247109627e-10,1.9899945302925717e-10,1.9667287884146235e-10,1.9438669809256123e-10,1.9214001372925726e-10,1.8993195271530128e-10,1.877616652276751e-10,1.8562832398743148e-10,1.8353112354212683e-10,1.8146927959927017e-10,1.794420283792162e-10,1.7744862599139279e-10,1.7548834782915893e-10,1.7356048798916783e-10,1.7166435871084934e-10,1.6979928983195776e-10,1.6796462826051685e-10,1.6615973747137605e-10,1.6438399702217478e-10,1.6263680207367806e-10,1.609175629318667e-10,1.5922570461011987e-10,1.5756066639703786e-10,1.559219014492978e-10,1.5430887638729116e-10,1.5272107091157816e-10,1.5115797742642498e-10,1.4961910068106042e-10,1.481039574177868e-10,1.466120760337389e-10,1.4514299625351987e-10,1.436962688116746e-10,1.4227145514593874e-10,1.4086812709874886e-10,1.3948586663185195e-10,1.3812426554412138e-10,1.3678292520460663e-10,1.35461456287337e-10,1.3415947852236102e-10,1.328766204448444e-10,1.3161251916111225e-10,1.3036682011709472e-10,1.2913917687634636e-10,1.279292508935457e-10,1.2673671131418017e-10,1.2556123477815866e-10,1.2440250520082676e-10,1.2326021359663443e-10,1.2213405788801394e-10,1.2102374272812497e-10,1.199289793215723e-10,1.1884948525941913e-10,1.1778498435015826e-10,1.16735206461517e-10,1.1569988736476813e-10,1.1467876858412311e-10,1.1367159725275546e-10,1.1267812596528874e-10,1.116981126440242e-10,1.1073132040413045e-10,1.0977751742174347e-10,1.0883647680956269e-10,1.0790797649367128e-10,1.0699179909554016e-10,1.0608773181088648e-10,1.0519556630176011e-10,1.0431509858541495e-10,1.0344612892789504e-10,1.0258846174101246e-10,1.0174190548067322e-10,1.009062725500145e-10,1.0008137920545227e-10,9.92670454577888e-11,9.846309499263724e-11,9.766935506985867e-11,9.688565645646286e-11,9.611183332477534e-11,9.534772318273956e-11,9.459316679287624e-11,9.384800809564727e-11,9.311209413574333e-11,9.238527498956872e-11,9.166740369482992e-11,9.095833618206785e-11,9.025793120794047e-11,8.956605029029857e-11,8.888255764497136e-11,8.820732012406507e-11,8.754020715621515e-11,8.688109068792393e-11,8.62298451261665e-11,8.558634728550157e-11,8.495047633052202e-11,8.432211372436116e-11,8.370114317898597e-11,8.370192189650439e-11,8.37025570966374e-11,8.370311308000848e-11,8.370363181340897e-11,8.370413387968516e-11,8.37046293469075e-11,8.370512313352649e-11,8.370561763854737e-11,8.370611402894754e-11,8.370661286939337e-11,8.370711443010892e-11,8.370761883734022e-11,8.370812614703372e-11,8.37086363806992e-11,8.370914954305627e-11,8.370966563056709e-11,8.371018463566246e-11,8.3710706548807e-11,8.371123135948053e-11,8.37117590566883e-11,8.371228962918719e-11,8.37128230656111e-11,8.371335935450244e-11,8.371389848442103e-11,8.37144404438659e-11,8.371498522133337e-11,8.37155328052828e-11,8.371608318418866e-11,8.371663634645809e-11,8.371719228059834e-11,8.371775097504696e-11,8.371831241821699e-11,8.37188765985811e-11,8.371944350452663e-11,8.372001312447273e-11,8.372058544685923e-11,8.37211604600823e-11,8.372173815258418e-11,8.372231851274272e-11,8.372290152899014e-11,8.372348718974563e-11,8.372407548338703e-11,8.372466639834804e-11,8.372525992304245e-11,8.372585604588973e-11,8.372645475531409e-11,8.372705603972827e-11,8.372765988756584e-11,8.372826628726142e-11,8.372887522725541e-11,8.372948669599445e-11,8.373010068193202e-11,8.373071717353219e-11,8.373133615923355e-11,8.373195762752977e-11,8.3732581566908e-11,8.373320796585815e-11,8.373383681296127e-11,8.373446809658583e-11,8.373510180532347e-11,8.373573792770939e-11,8.3736376452369e-11,8.373701736767893e-11,8.373766066236823e-11,8.373830632492632e-11,8.373895434402655e-11,8.373960470828567e-11,8.374025740631337e-11,8.374091242676314e-11,8.374156975830755e-11,8.374222938958213e-11,8.374289130928877e-11,8.37435555061759e-11,8.374422196897011e-11,8.374489068647966e-11,8.374556164732756e-11,8.374623484040148e-11,8.374691025445126e-11,8.374758787833199e-11,8.374826770089354e-11,8.374894971102236e-11,8.374963389756551e-11,8.375032024951209e-11,8.37510087556792e-11,8.37516994050812e-11,8.375239218668834e-11,8.375308708950561e-11,8.375378410253284e-11,8.375448321488027e-11,8.375518441558282e-11,8.375588769373679e-11,8.375659303841961e-11,8.375730043883421e-11,8.375800988416607e-11,8.375872136355996e-11,8.375943486626442e-11,8.376015038152779e-11,8.376086789862306e-11,8.376158740686835e-11,8.376230889560458e-11,8.376303235414931e-11,8.376375777192356e-11,8.376448513831023e-11,8.376521444278044e-11,8.376594567482549e-11,8.37666788239247e-11,8.376741387961364e-11,8.376815083144977e-11,8.376888966902493e-11,8.376963038197732e-11,8.377037295992355e-11,8.377111739260445e-11,8.377186366966364e-11,8.377261178087358e-11,8.377336171609181e-11,8.377411346498892e-11,8.377486701739871e-11,8.377562236330968e-11,8.377637949257335e-11,8.37771383951195e-11,8.377789906083532e-11,8.37786614798829e-11,8.377942564221554e-11,8.378019153788463e-11,8.378095915704196e-11,8.378172848979726e-11,8.378249952630724e-11,8.378327225674903e-11,8.378404667137978e-11,8.378482276047027e-11,8.378560051432004e-11,8.378637992327659e-11,8.378716097769724e-11,8.378794366799738e-11,8.378872798463337e-11,8.378951391804234e-11,8.379030145871547e-11,8.379109059728394e-11,8.379188132428214e-11,8.379267363034038e-11,8.37934675061137e-11,8.379426294228257e-11,8.379505992956142e-11,8.379585845870825e-11,8.379665852049921e-11,8.379746010583382e-11,8.379826320554166e-11,8.379906781052244e-11,8.379987391173617e-11,8.380068150012888e-11,8.380149056673326e-11,8.380230110258516e-11,8.380311309877859e-11,8.380392654642387e-11,8.380474143671069e-11,8.38055577608155e-11,8.380637550998705e-11,8.380719467547021e-11,8.380801524858779e-11,8.380883722066143e-11,8.380966058303415e-11,8.381048532720791e-11,8.381131144468264e-11,8.381213892678819e-11,8.381296776513745e-11,8.381379795128872e-11,8.381462947685698e-11,8.381546233343036e-11,8.381629651272358e-11,8.381713200648331e-11,8.381796880642557e-11,8.38188069043314e-11,8.381964629203859e-11,8.382048696138427e-11,8.382132890428184e-11,8.382217211270031e-11,8.382301657849574e-11,8.38238622937792e-11,8.382470925061004e-11,8.3825557441086e-11,8.382640685726713e-11,8.382725749129569e-11,8.382810933540518e-11,8.382896238180107e-11,8.382981662254247e-11,8.383067205051363e-11,8.38315286575902e-11,8.383238643625679e-11,8.383324537894263e-11,8.383410547807492e-11,8.383496672616879e-11,8.383582911576715e-11,8.383669263941036e-11,8.383755728969766e-11,8.383842305926557e-11,8.383928994078336e-11,8.384015792700015e-11,8.384102701057666e-11,8.384189718434779e-11,8.3842768441118e-11,8.38436407737761e-11,8.384451417515646e-11,8.384538863821061e-11,8.384626415589973e-11,8.384714072121943e-11,8.38480183272011e-11,8.384889696692282e-11,8.384977663348441e-11,8.385065732002501e-11,8.385153901972191e-11,8.385242172581355e-11,8.385330543151675e-11,8.385419013011127e-11,8.385507581491695e-11,8.385596247923584e-11,8.385685011651153e-11,8.385773872016439e-11,8.385862828365124e-11,8.385951880046744e-11,8.386041026413808e-11,8.386130266822205e-11,8.3862196006321e-11,8.386309027206405e-11,8.386398545911375e-11,8.38648815611726e-11,8.386577857197116e-11,8.386667648528342e-11,8.386757529468172e-11,8.386847499445074e-11,8.386937557798998e-11,8.387027703969537e-11,8.387117937331322e-11,8.387208257271172e-11,8.387298663193486e-11,8.387389154530881e-11,8.387479730637984e-11,8.387570390943047e-11,8.387661134868904e-11,8.387751961828158e-11,8.387842871239743e-11,8.387933862525676e-11,8.388024935103191e-11,8.38811608842977e-11,8.38820732192316e-11,8.388298635019847e-11,8.388390027158859e-11,8.388481497785661e-11,8.388573046341937e-11,8.388664672278755e-11,8.388756375051087e-11,8.388848154106993e-11,8.388940008909203e-11,8.389031938919113e-11,8.389123943601659e-11,8.389216022424636e-11,8.389308174858744e-11,8.389400400377726e-11,8.389492698467007e-11,8.389585068590244e-11,8.3896775102438e-11,8.389770022904062e-11,8.389862606066889e-11,8.389955259226592e-11,8.390047981870867e-11,8.390140773501298e-11,8.390233633618936e-11,8.390326561728621e-11,8.390419557329935e-11,8.3905126199396e-11,8.390605749077392e-11,8.390698944253043e-11,8.390792204975793e-11,8.390885530785866e-11,8.390978921192462e-11,8.391072375731806e-11,8.39116589393923e-11,8.391259475329761e-11,8.391353119418405e-11,8.391446825801166e-11,8.391540593994929e-11,8.39163442354236e-11,8.391728313986007e-11,8.391822264881882e-11,8.391916275778364e-11,8.392010346227696e-11,8.392104475833357e-11,8.39219866406722e-11,8.392292910544336e-11,8.392387214833616e-11,8.392481576490215e-11,8.392575995084434e-11,8.392670470195618e-11,8.392765001406594e-11,8.392859588281562e-11,8.392954230410421e-11,8.39304892737825e-11,8.393143678784138e-11,8.393238484204976e-11,8.393333343233605e-11,8.393428255465683e-11,8.39352322049721e-11,8.393618237923247e-11,8.393713307358687e-11,8.393808428398592e-11,8.393903600653682e-11,8.393998823732148e-11,8.394094097245251e-11,8.394189420808215e-11,8.39428479403806e-11,8.394380216554046e-11,8.39447568797652e-11,8.394571207931398e-11,8.394666776029474e-11,8.394762391913388e-11,8.394858055217776e-11,8.394953765575236e-11,8.395049522622015e-11,8.395145325997811e-11,8.395241175340046e-11,8.395337070305656e-11,8.395433010487626e-11,8.395528995621717e-11,8.39562502531106e-11,8.395721099207015e-11,8.395817216963442e-11,8.395913378227044e-11,8.39600958265574e-11,8.396105829925766e-11,8.396202119691805e-11,8.396298451619622e-11,8.396394825376727e-11,8.396491240633498e-11,8.396587697061323e-11,8.396684194334281e-11,8.396780732128246e-11,8.39687731012123e-11,8.396973927993531e-11,8.397070585460888e-11,8.39716728217381e-11,8.39726401781876e-11,8.39736079208407e-11,8.397457604660482e-11,8.397554455239968e-11,8.39765134351763e-11,8.397748269188771e-11,8.397845231953161e-11,8.3979422315108e-11,8.398039267563587e-11,8.39813633981666e-11,8.398233447975708e-11,8.398330591750069e-11,8.398427770849348e-11,8.398524984985859e-11,8.398622233873077e-11,8.398719517200088e-11,8.398816834710788e-11,8.398914186126839e-11,8.39901157116883e-11,8.39910898956083e-11,8.399206441026159e-11,8.399303925291315e-11,8.399401442087181e-11,8.399498991144286e-11,8.399596572195504e-11,8.399694184974574e-11,8.399791829200234e-11,8.399889504646077e-11,8.39998721103309e-11,8.400084948102014e-11,8.400182715596287e-11,8.400280513315935e-11,8.400378340886044e-11,8.400476198142712e-11,8.400574084805873e-11,8.400672000635532e-11,8.400769945385165e-11,8.400867918810446e-11,8.400965920671057e-11,8.401063950718237e-11,8.401162008714829e-11,8.401260094466545e-11,8.401358207644533e-11,8.401456348063047e-11,8.401554515482561e-11,8.401652709678944e-11,8.401750930422691e-11,8.401849177472908e-11,8.401947450665817e-11,8.402045749653178e-11,8.402144074267831e-11,8.402242424310404e-11,8.402340799616486e-11,8.402439199817092e-11,8.402537624767737e-11,8.402636074253544e-11,8.402734548061301e-11,8.402833045976587e-11,8.402931567791324e-11,8.403030113287955e-11,8.403128682232186e-11,8.403227274454675e-11,8.403325889745036e-11,8.403424527870007e-11,8.40352318865943e-11,8.403621871903556e-11,8.403720577390921e-11,8.40381930492452e-11,8.403918054300766e-11,8.404016825328142e-11,8.404115617850747e-11,8.404214431604252e-11,8.404313266423185e-11,8.404412122119353e-11,8.404510998501136e-11,8.404609895379661e-11,8.404708812639838e-11,8.404807749953579e-11,8.404906707268803e-11,8.405005684302986e-11,8.40510468088597e-11,8.405203696851114e-11,8.405302732026321e-11,8.405401786234204e-11,8.40550085930035e-11,8.405599951042148e-11,8.405699061325378e-11,8.405798189920635e-11,8.405897336685156e-11,8.405996501410858e-11,8.406095683926386e-11,8.406194884118321e-11,8.406294101834611e-11,8.406393336814462e-11,8.406492588942691e-11,8.406591858050652e-11,8.406691143980215e-11,8.406790446565946e-11,8.4068897656496e-11,8.406989101069605e-11,8.407088452667708e-11,8.407187820283637e-11,8.407287203762424e-11,8.407386602952835e-11,8.407486017717534e-11,8.407585447861162e-11,8.40768489326182e-11,8.407784353754054e-11,8.407883829189739e-11,8.407983319402816e-11,8.408082824277378e-11,8.408182343660656e-11,8.408281877402263e-11,8.408381425398124e-11,8.408480987435143e-11,8.408580563391731e-11,8.408680153110784e-11,8.408779756495118e-11,8.40887937340399e-11,8.408979003668561e-11,8.409078647112265e-11,8.409178303686315e-11,8.409277973218935e-11,8.409377655572249e-11,8.409477350611249e-11,8.409577058204462e-11,8.409676778218664e-11,8.409776510523599e-11,8.409876254988373e-11,8.409976011483967e-11,8.410075779881951e-11,8.410175560054817e-11,8.41027535187622e-11,8.410375155220211e-11,8.410474969962216e-11,8.410574795978483e-11,8.410674633145731e-11,8.410774481342249e-11,8.410874340446506e-11,8.410974210338128e-11,8.411074090897825e-11,8.411173982006593e-11,8.41127388354682e-11,8.411373795401484e-11,8.411473717454544e-11,8.411573649590354e-11,8.411673591694699e-11,8.41177354365384e-11,8.411873505354795e-11,8.411973476685705e-11,8.412073457534991e-11,8.41217344779247e-11,8.412273447348266e-11,8.412373456093736e-11,8.412473473952536e-11,8.41257350073675e-11,8.412673536387472e-11,8.412773580803764e-11,8.412873633878435e-11,8.412973695545818e-11,8.413073765657742e-11,8.413173844122138e-11,8.413273930798114e-11,8.413374025701021e-11,8.413474128560463e-11,8.413574239362488e-11,8.413674358007454e-11,8.413774484396881e-11,8.41387461843306e-11,8.413974760008797e-11,8.414074909037631e-11,8.414175065424192e-11,8.41427522907322e-11,8.414375399890644e-11,8.41447557778285e-11,8.414575762656661e-11,8.414675954420079e-11,8.414776152981408e-11,8.414876358249693e-11,8.414976570134474e-11,8.415076788546402e-11,8.415177013396133e-11,8.415277244595868e-11,8.415377482057355e-11,8.41547772569356e-11,8.415577975418237e-11,8.415678231155126e-11,8.415778492809487e-11,8.41587876029665e-11,8.415979033532503e-11,8.416079312433783e-11,8.416179596917789e-11,8.416279886900209e-11,8.4163801823017e-11,8.41648048304148e-11,8.41658078903912e-11,8.416681100214626e-11,8.416781416488712e-11,8.41688173778314e-11,8.416982064018279e-11,8.41708239511745e-11,8.417182731006045e-11,8.417283071598428e-11,8.417383416838008e-11,8.417483766642071e-11,8.417584120945773e-11,8.417684479635105e-11,8.41778484267901e-11,8.417885209937939e-11,8.417985581434108e-11,8.418085956959644e-11,8.418186336603214e-11,8.418286720242086e-11,8.418387107852623e-11,8.418487499278943e-11,8.418587894422152e-11,8.418688293268231e-11,8.418788695749384e-11,8.418889101846908e-11,8.418989511386107e-11,8.419089924351078e-11,8.419190340664933e-11,8.419290760275516e-11,8.419391183125996e-11,8.419491609136544e-11,8.419592038242558e-11,8.419692470384784e-11,8.419792905501598e-11,8.419893343509627e-11,8.419993784381825e-11,8.420094228038776e-11,8.420194674418529e-11,8.420295123458424e-11,8.420395575097213e-11,8.42049602927172e-11,8.420596485930733e-11,8.42069694500976e-11,8.420797406450019e-11,8.420897870193374e-11,8.420998336179068e-11,8.421098804357262e-11,8.421199274677272e-11,8.421299747082637e-11,8.421400221478437e-11,8.421500697823834e-11,8.42160117607819e-11,8.421701656176068e-11,8.421802138071719e-11,8.421902621732805e-11,8.422003107070416e-11,8.42210359404694e-11,8.422204082562485e-11,8.422304572617421e-11,8.42240506414186e-11,8.422505557092839e-11,8.422606051413754e-11,8.422706547034571e-11,8.422807043924658e-11,8.422907541966705e-11,8.423008041252571e-11,8.42310854164728e-11,8.423209043107253e-11,8.423309545583355e-11,8.423410049030448e-11,8.423510553328228e-11,8.423611058495787e-11,8.423711564559049e-11,8.423812071395197e-11,8.423912578969054e-11,8.424013087219151e-11,8.42411359611018e-11,8.424214105592771e-11,8.424314615613491e-11,8.424415126134643e-11,8.424515637145039e-11,8.424616148499434e-11,8.424716660252481e-11,8.424817172330092e-11,8.424917684681365e-11,8.425018197276651e-11,8.425118710059632e-11,8.425219222981859e-11,8.42531973601474e-11,8.425420249059313e-11,8.425520762188938e-11,8.425621275349919e-11,8.42572178840246e-11,8.425822301369483e-11,8.425922814182579e-11,8.426023326844953e-11,8.426123839316699e-11,8.426224351457441e-11,8.426324863311186e-11,8.42642537482568e-11,8.42652588594362e-11,8.426626396665603e-11,8.426726906934015e-11,8.426827416709829e-11,8.426927925986852e-11,8.427028434667737e-11,8.427128942745087e-11,8.427229450124723e-11,8.427329956886146e-11,8.427430462933296e-11,8.427530968232479e-11,8.427631472748935e-11,8.427731976446916e-11,8.4278324792903e-11,8.427932981252026e-11,8.428033482270996e-11,8.428133982352121e-11,8.428234481431922e-11,8.428334979483164e-11,8.428435476474665e-11,8.428535972378458e-11,8.428636467152906e-11,8.428736960783677e-11,8.428837453197891e-11,8.428937944375575e-11,8.429038434308967e-11,8.429138922965657e-11,8.429239410291835e-11,8.429339896277986e-11,8.429440380887733e-11,8.429540864113967e-11,8.429641345856412e-11,8.429741826129787e-11,8.429842304899441e-11,8.429942782134437e-11,8.43004325780601e-11,8.430143731885338e-11,8.430244204340626e-11,8.430344675141811e-11,8.430445144264252e-11,8.430545611677981e-11,8.430646077353993e-11,8.430746541273493e-11,8.430847003392945e-11,8.430947463672317e-11,8.43104792211349e-11,8.43114837868138e-11,8.431248833408617e-11,8.43134928614908e-11,8.431449736926152e-11,8.431550185795885e-11,8.43165063257506e-11,8.431751077319455e-11,8.431851520001283e-11,8.431951960597657e-11,8.432052399074804e-11,8.432152835414636e-11,8.432253269591106e-11,8.432353701578244e-11,8.432454131352453e-11,8.432554558887066e-11,8.432654984159633e-11,8.432755407141884e-11,8.43285582781175e-11,8.432956246148706e-11,8.433056662127031e-11,8.433157075721603e-11,8.433257486972355e-11,8.433357895733855e-11,8.433458302053589e-11,8.433558705937073e-11,8.433659107271725e-11,8.433759506088724e-11,8.433859902363474e-11,8.43396029607352e-11,8.434060687196571e-11,8.434161075715603e-11,8.434261461605627e-11,8.434361844840666e-11,8.434462225407077e-11,8.434562603277571e-11,8.43466297845127e-11,8.434763350872805e-11,8.43486372053947e-11,8.434964087434999e-11,8.435064451529106e-11,8.435164812820625e-11,8.435265171261849e-11,8.435365526846985e-11,8.435465879602546e-11,8.435566229412792e-11,8.435666576311019e-11,8.435766920273569e-11,8.435867261283904e-11,8.4359675993211e-11,8.436067934368961e-11,8.436168266386291e-11,8.436268595376759e-11,8.436368921339309e-11,8.43646924423593e-11,8.436569564064045e-11,8.436669880777946e-11,8.436770194376153e-11,8.436870504834454e-11,8.436970812158009e-11,8.437071116306607e-11,8.437171417260094e-11,8.437271714991924e-11,8.437372009484367e-11,8.437472300766605e-11,8.437572588790228e-11,8.437672873537389e-11,8.437773155013468e-11,8.437873433235413e-11,8.437973708067637e-11,8.43807397959069e-11,8.438174247738564e-11,8.438274512509335e-11,8.43837477389176e-11,8.438475031880572e-11,8.438575286449514e-11,8.438675537586007e-11,8.438775785271134e-11,8.438876029494347e-11,8.438976270243214e-11,8.439076507496405e-11,8.439176741248183e-11,8.439276971478098e-11,8.439377198172086e-11,8.439477421310125e-11,8.439577640882905e-11,8.439677856882511e-11,8.439778069289552e-11,8.439878278082426e-11,8.439978483260706e-11,8.440078684803852e-11,8.440178882698935e-11,8.440279076924989e-11,8.44037926748149e-11,8.440479454350294e-11,8.440579637513203e-11,8.440679816961376e-11,8.440779992683548e-11,8.440880164656443e-11,8.440980332881956e-11,8.441080497341121e-11,8.441180658021407e-11,8.441280814934413e-11,8.441380968019074e-11,8.441481117287652e-11,8.441581262749092e-11,8.441681404348792e-11,8.441781542095967e-11,8.441881675996427e-11,8.441981805998563e-11,8.442081932212063e-11,8.442182054449545e-11,8.442282172756758e-11,8.442382287147315e-11,8.442482397598532e-11,8.442582504123083e-11,8.442682606679575e-11,8.442782705223344e-11,8.442882799833373e-11,8.442982890425331e-11,8.443082977045243e-11,8.443183059654939e-11,8.443283138241676e-11,8.443383212767515e-11,8.443483283270024e-11,8.443583349699654e-11,8.443683412085028e-11,8.443783470352262e-11,8.44388352469048e-11,8.443983574804892e-11,8.444083620815367e-11,8.444183662711319e-11,8.44428370050275e-11,8.444383734160501e-11,8.44448376368982e-11,8.4445837890598e-11,8.444683810267142e-11,8.444783827286457e-11,8.4448838402216e-11,8.44498384885894e-11,8.445083853336427e-11,8.445183853591171e-11,8.445283849620781e-11,8.44538384141417e-11,8.445483828962656e-11,8.445583812266639e-11,8.44568379132791e-11,8.445783766139809e-11,8.445883736697397e-11,8.445983702899315e-11,8.446083664873133e-11,8.446183622538464e-11,8.446283575899571e-11,8.446383524972209e-11,8.446483469729593e-11,8.446583410074144e-11,8.446683346135199e-11,8.446783277826535e-11,8.446883205189319e-11,8.446983128211338e-11,8.447083046851206e-11,8.44718296109684e-11,8.447282870989599e-11,8.447382776490258e-11,8.4474826775676e-11,8.447582574126585e-11,8.447682466405172e-11,8.44778235420417e-11,8.447882237630893e-11,8.447982116616264e-11,8.44808199116341e-11,8.44818186124249e-11,8.44828172692557e-11,8.448381588082169e-11,8.448481444807036e-11,8.448581297045863e-11,8.448681144766043e-11,8.448780987995461e-11,8.448880826726202e-11,8.448980660962145e-11,8.449080490672897e-11,8.449180315867472e-11,8.449280136533214e-11,8.449379952669423e-11,8.449479764277821e-11,8.449579571333585e-11,8.449679373847205e-11,8.449779171795898e-11,8.44987896519792e-11,8.449978754015644e-11,8.450078538255594e-11,8.450178317939542e-11,8.450278093020675e-11,8.450377863477061e-11,8.450477629358789e-11,8.450577390647553e-11,8.450677147337723e-11,8.450776899350684e-11,8.450876646764989e-11,8.450976389598447e-11,8.451076127775409e-11,8.451175861293783e-11,8.451275590180203e-11,8.451375314417067e-11,8.451475034024729e-11,8.451574748886908e-11,8.451674459152233e-11,8.45177416478947e-11,8.451873865740459e-11,8.451973562026378e-11,8.452073253560541e-11,8.4521729404201e-11,8.452272622613552e-11,8.452372300069682e-11,8.452471972811626e-11,8.452571640859791e-11,8.45267130422738e-11,8.452770962843542e-11,8.452870616732426e-11,8.452970265897247e-11,8.453069910311556e-11,8.453169550040236e-11,8.45326918497179e-11,8.453368815154921e-11,8.453468440585656e-11,8.453568061281262e-11,8.453667677193096e-11,8.453767288358036e-11,8.453866894733606e-11,8.453966496367677e-11,8.454066093194932e-11,8.454165685250432e-11,8.454265272511072e-11,8.454364854992904e-11,8.454464432692679e-11,8.454564005591251e-11,8.454663573694089e-11,8.454763136955019e-11,8.454862695404268e-11,8.454962249032004e-11,8.455061797839388e-11,8.455161341861513e-11,8.455260881043331e-11,8.455360415380048e-11,8.455459944971987e-11,8.455559469632704e-11,8.455658989456541e-11,8.455758504452924e-11,8.455858014601274e-11,8.455957519893485e-11,8.456057020320815e-11,8.456156515907064e-11,8.45625600658367e-11,8.456355492409132e-11,8.456454973364159e-11,8.456554449467984e-11,8.456653920672346e-11,8.456753387022267e-11,8.45685284847247e-11,8.456952305026857e-11,8.457051756709058e-11,8.457151203406584e-11,8.457250645279715e-11,8.457350082255253e-11,8.457449514338953e-11,8.457548941509095e-11,8.457648363770144e-11,8.457747781139925e-11,8.457847193602827e-11,8.457946601107857e-11,8.458046003736e-11,8.458145401431565e-11,8.458244794203683e-11,8.458344182031856e-11,8.458443564916377e-11,8.458542942880537e-11,8.458642315905746e-11,8.458741683973199e-11,8.458841047111188e-11,8.45894040530061e-11,8.459039758533984e-11,8.459139106876268e-11,8.459238450057393e-11,8.459337788437218e-11,8.459437121859981e-11,8.459536450314947e-11,8.459635773840757e-11,8.459735092369011e-11,8.45983440596247e-11,8.459933714615966e-11,8.460033018241396e-11,8.460132316889162e-11,8.460231610556817e-11,8.460330899310506e-11,8.460430183026431e-11,8.460529461828621e-11,8.460628735547501e-11,8.460728004294528e-11,8.460827268067607e-11,8.460926526828736e-11,8.461025780594493e-11,8.461125029370308e-11,8.461224273147432e-11,8.461323511913261e-11,8.461422745677301e-11,8.461521974417835e-11,8.461621198171177e-11,8.461720417018017e-11,8.461819630752602e-11,8.461918839470452e-11,8.462018043181975e-11,8.46211724187033e-11,8.462216435527609e-11,8.462315624120713e-11,8.462414807712905e-11,8.462513986299854e-11,8.46261315986728e-11,8.46271232841441e-11,8.462811491891839e-11,8.462910650364142e-11,8.463009803787301e-11,8.463108952210138e-11,8.463208095582524e-11,8.463307233923995e-11,8.463406367217229e-11,8.463505495473082e-11,8.463604618636876e-11,8.463703736783443e-11,8.463802849877855e-11,8.463901957940339e-11,8.464001061002777e-11,8.464100158857637e-11,8.46419925169573e-11,8.464298339533755e-11,8.464397422335465e-11,8.46449650008221e-11,8.464595572710144e-11,8.464694640332103e-11,8.464793702905807e-11,8.464892760391942e-11,8.464991812822068e-11,8.465090860127443e-11,8.465189902431005e-11,8.46528893966289e-11,8.465387971827716e-11,8.465486998930201e-11,8.465586020952101e-11,8.465685037901036e-11,8.465784049775516e-11,8.465883056578732e-11,8.465982058307656e-11,8.466081054958663e-11,8.466180046523926e-11,8.466279033015851e-11,8.466378014420634e-11,8.466476990750214e-11,8.466575962014929e-11,8.466674928049794e-11,8.466773888965057e-11,8.466872844952601e-11,8.466971795834935e-11,8.46707074174487e-11,8.467169682475131e-11,8.467268618104041e-11,8.4673675486244e-11,8.4674664739191e-11,8.467565394284174e-11,8.467664309553577e-11,8.467763219716364e-11,8.467862124717635e-11,8.467961024687564e-11,8.468059919554026e-11,8.468158809316977e-11,8.468257693919996e-11,8.468356573494044e-11,8.468455447947386e-11,8.468554317318139e-11,8.468653181587375e-11,8.468752040745221e-11,8.468850894786577e-11,8.468949743752473e-11,8.469048587582634e-11,8.469147426257913e-11,8.469246259904644e-11,8.469345088426909e-11,8.469443911840149e-11,8.469542730158752e-11,8.469641543353098e-11,8.469740351422936e-11,8.46983915439501e-11,8.469937952268546e-11,8.470036744923163e-11,8.470135532586684e-11,8.470234315105438e-11,8.470333092496109e-11,8.470431864782797e-11,8.47053063181236e-11,8.470629393874073e-11,8.470728150856986e-11,8.470826902682585e-11,8.470925649256078e-11,8.471024390870154e-11,8.47112312735157e-11,8.471221858735943e-11,8.47132058496652e-11,8.471419306079963e-11,8.471518022078593e-11,8.471616732936045e-11,8.471715438685082e-11,8.47181413933322e-11,8.471912834838364e-11,8.472011525234728e-11,8.472110210499092e-11,8.472208890637524e-11,8.472307565669752e-11,8.472406235560334e-11,8.472504900332133e-11,8.472603560019568e-11,8.472702214533969e-11,8.47280086392264e-11,8.472899508185029e-11,8.47299814732274e-11,8.473096781319773e-11,8.473195410224204e-11,8.473294033967292e-11,8.47339265260153e-11,8.473491266110289e-11,8.473589874527506e-11,8.47368847779297e-11,8.473787075903905e-11,8.473885668892728e-11,8.473984256750603e-11,8.474082839446503e-11,8.474181417052766e-11,8.474279989526543e-11,8.474378556858463e-11,8.474477119059127e-11,8.474575676137302e-11,8.474674228106236e-11,8.474772774938221e-11,8.474871316626003e-11,8.474969853223104e-11,8.475068384660677e-11,8.475166910979211e-11,8.475265432156041e-11,8.47536394819066e-11,8.475462459128164e-11,8.475560964897212e-11,8.475659465541457e-11,8.47575796105192e-11,8.475856451467916e-11,8.475954936729197e-11,8.47605341680521e-11,8.47615189179851e-11,8.476250361664065e-11,8.47634882639764e-11,8.476447285994729e-11,8.476545740491117e-11,8.476644189811427e-11,8.476742634016393e-11,8.476841073089986e-11,8.476939507030954e-11,8.477037935840696e-11,8.477136359520282e-11,8.47723477807227e-11,8.477333191489647e-11,8.477431599776508e-11,8.477530002931302e-11,8.47762840095616e-11,8.477726793841634e-11,8.477825181604593e-11,8.477923564236872e-11,8.47802194173831e-11,8.478120314094468e-11,8.478218681334194e-11,8.478317043444274e-11,8.478415400491248e-11,8.478513752400317e-11,8.478612099160639e-11,8.478710440809257e-11,8.478808777269257e-11,8.47890710864868e-11,8.47900543489726e-11,8.479103756000096e-11,8.479202071987372e-11,8.479300382798972e-11,8.479398688486245e-11,8.479496989041419e-11,8.47959528446818e-11,8.47969357479956e-11,8.479791859968684e-11,8.479890139989208e-11,8.479988414907694e-11,8.480086684694228e-11,8.480184949353776e-11,8.480283208891443e-11,8.480381463297504e-11,8.480479712574845e-11,8.480577956729742e-11,8.480676195784254e-11,8.480774429686903e-11,8.48087265846716e-11,8.480970882052923e-11,8.481069100580629e-11,8.481167313975485e-11,8.481265522254227e-11,8.481363725370565e-11,8.481461923319435e-11,8.481560116234285e-11,8.481658304024781e-11,8.481756486674633e-11,8.481854664177463e-11,8.481952836594121e-11,8.482051003909921e-11,8.482149166101209e-11,8.482247323158858e-11,8.482345475095751e-11,8.482443621906019e-11,8.482541763750166e-11,8.482639900320153e-11,8.48273803177041e-11,8.482836158100004e-11,8.482934279312282e-11,8.483032395404716e-11,8.483130506380183e-11,8.483228612237795e-11,8.483326712977988e-11,8.483424808600795e-11,8.483522899106361e-11,8.483620984496024e-11,8.483719064770017e-11,8.483817139928652e-11,8.48391520997783e-11,8.484013274912494e-11,8.484111334726874e-11,8.484209389432956e-11,8.48430743902676e-11,8.484405483508568e-11,8.484503522875552e-11,8.484601557124684e-11,8.48469958626186e-11,8.484797610293678e-11,8.484895629206128e-11,8.484993643000162e-11,8.485091651694609e-11,8.485189655276956e-11,8.48528765375075e-11,8.485385647124635e-11,8.485483635383347e-11,8.485581618529606e-11,8.485679596570643e-11,8.485777569507443e-11,8.485875537350204e-11,8.48597350005234e-11,8.486071457679635e-11,8.486169410224087e-11,8.486267357633386e-11,8.486365299937464e-11,8.486463237169184e-11,8.486561169280996e-11,8.486659096312094e-11,8.486757018277303e-11,8.486854935084189e-11,8.486952846829126e-11,8.487050753452678e-11,8.487148654979206e-11,8.48724655136592e-11,8.487344442660472e-11,8.487442328908587e-11,8.48754021000156e-11,8.487638085991374e-11,8.48773595689137e-11,8.487833822775686e-11,8.487931683489034e-11,8.488029539105261e-11,8.488127389628477e-11,8.488225235055445e-11,8.488323075380561e-11,8.488420910613331e-11,8.488518740763833e-11,8.488616565822636e-11,8.488714385788063e-11,8.488812200662395e-11,8.488910010448832e-11,8.489007815140732e-11,8.48910561475579e-11,8.489203409271211e-11,8.489301198697681e-11,8.489398983037089e-11,8.489496762277473e-11,8.489594536456431e-11,8.489692305542966e-11,8.489790069542133e-11,8.489887828569718e-11,8.48998558239908e-11,8.490083331144928e-11,8.490181074919484e-11,8.49027881350132e-11,8.490376547001694e-11,8.490474275421258e-11,8.490571998762538e-11,8.490669717024488e-11,8.490767430275875e-11,8.490865138397791e-11,8.490962841423358e-11,8.491060539373244e-11,8.491158232242847e-11,8.491255920038822e-11,8.491353602761579e-11,8.49145128042741e-11,8.491548953018824e-11,8.491646620537217e-11,8.491744282965674e-11,8.49184194032053e-11,8.49193959260561e-11,8.49203723982087e-11,8.492134881965483e-11,8.492232519052263e-11,8.492330151058548e-11,8.492427778014049e-11,8.492525399892583e-11,8.492623016712683e-11,8.492720628467342e-11,8.4928182351639e-11,8.492915836789394e-11,8.493013433347385e-11,8.493111024849486e-11,8.49320861127522e-11,8.493306192650551e-11,8.493403768962408e-11,8.493501340195621e-11,8.493598906368346e-11,8.493696467496891e-11,8.493794023561766e-11,8.493891574558622e-11,8.493989120533107e-11,8.494086661408621e-11,8.494184197228912e-11,8.49428172799276e-11,8.494379253694378e-11,8.494476774352133e-11,8.494574289955568e-11,8.494671800526321e-11,8.494769306031424e-11,8.494866806476965e-11,8.494964301893611e-11,8.4950617922601e-11,8.49515927754865e-11,8.495256757818056e-11,8.495354233040029e-11,8.495451703187253e-11,8.49554916830368e-11,8.495646628386229e-11,8.495744083450941e-11,8.49584153341523e-11,8.495938978346449e-11,8.496036418242197e-11,8.496133853080151e-11,8.496231282892678e-11,8.496328707676311e-11,8.496426127367384e-11,8.49652354205987e-11,8.496620951705355e-11,8.496718356321892e-11,8.496815755902025e-11,8.496913150445815e-11,8.497010539953941e-11,8.497107924427491e-11,8.497205303865931e-11,8.497302678272092e-11,8.497400047646521e-11,8.497497411988906e-11,8.49759477128706e-11,8.497692125556801e-11,8.497789474807838e-11,8.49788681903068e-11,8.497984158258715e-11,8.498081492425128e-11,8.498178821588739e-11,8.498276145703861e-11,8.498373464654115e-11,8.498470778717852e-11,8.498568087759557e-11,8.498665391786535e-11,8.498762690783129e-11,8.498859984779598e-11,8.498957273851238e-11,8.499054557742633e-11,8.49915183665018e-11,8.499249110542353e-11,8.499346379402772e-11,8.499443643259292e-11,8.499540902126996e-11,8.499638155950918e-11,8.499735404774251e-11,8.499832648435533e-11,8.4999298872072e-11,8.500027120990078e-11,8.500124349757612e-11,8.50022157351188e-11,8.500318792225692e-11,8.500416005884204e-11,8.500513214626764e-11,8.50061041822034e-11,8.500707616935294e-11,8.500804810512298e-11,8.500901999216292e-11,8.500999182931805e-11,8.501096361591316e-11,8.50119353528172e-11,8.501290703972724e-11,8.501387867468547e-11,8.501485026157966e-11,8.501582179915769e-11,8.501679328606574e-11,8.501776472306516e-11,8.501873611008122e-11,8.5019707447125e-11,8.502067873447349e-11,8.502164997223008e-11,8.502262115980434e-11,8.50235922968019e-11,8.502456338444821e-11,8.502553442184083e-11,8.502650540913512e-11,8.502747634673233e-11,8.502844723444636e-11,8.502941807232446e-11,8.50303888601881e-11,8.503135959804082e-11,8.503233028602244e-11,8.503330092431453e-11,8.503427151261261e-11,8.503524205123882e-11,8.503621254003512e-11,8.503718297898233e-11,8.503815336801077e-11,8.503912370717576e-11,8.504009399626814e-11,8.504106423595095e-11,8.504203442555254e-11,8.504300456583604e-11,8.504397465674392e-11,8.50449446974089e-11,8.504591468834048e-11,8.504688462936517e-11,8.504785452118454e-11,8.504882436273169e-11,8.504979415437797e-11,8.505076389668052e-11,8.50517335893354e-11,8.505270323222514e-11,8.505367282497546e-11,8.505464236704744e-11,8.505561186093124e-11,8.505658130523131e-11,8.505755069915929e-11,8.505852004409779e-11,8.505948933942728e-11,8.506045858509316e-11,8.506142778122824e-11,8.50623969272894e-11,8.506336602412099e-11,8.506433507140665e-11,8.506530406913362e-11,8.506627301752399e-11,8.506724191602445e-11,8.506821076505518e-11,8.506917956377246e-11,8.507014831367495e-11,8.507111701403868e-11,8.507208566487278e-11,8.507305426637579e-11,8.507402281848809e-11,8.507499131941024e-11,8.507595977075435e-11,8.507692817350562e-11,8.507789652737901e-11,8.507886483130543e-11,8.507983308615676e-11,8.508080129004108e-11,8.508176944576533e-11,8.508273755260032e-11,8.508370560971427e-11,8.508467361740367e-11,8.508564157598491e-11,8.508660948518802e-11,8.508757734471066e-11,8.508854515425641e-11,8.508951291498673e-11,8.50904806265471e-11,8.509144828845173e-11,8.50924159010127e-11,8.509338346422316e-11,8.509435097769061e-11,8.509531844225679e-11,8.509628585759385e-11,8.50972532235107e-11,8.509822054002103e-11,8.509918780744577e-11,8.510015502523854e-11,8.510112219409072e-11,8.510208931376688e-11,8.510305638343841e-11,8.510402340601955e-11,8.510499037802863e-11,8.510595730064903e-11,8.510692417396898e-11,8.510789099779927e-11,8.510885777287514e-11,8.510982449849316e-11,8.511079117499343e-11,8.511175780119864e-11,8.511272438006659e-11,8.511369090904126e-11,8.511465738889246e-11,8.51156238191414e-11,8.511659020062731e-11,8.511755653301338e-11,8.511852281661339e-11,8.511948905196795e-11,8.512045523698115e-11,8.51214213722491e-11,8.512238745861507e-11,8.512335349643735e-11,8.512431948632044e-11,8.512528542573648e-11,8.512625131778277e-11,8.51272171590923e-11,8.512818295155345e-11,8.512914869498329e-11,8.513011438920111e-11,8.513108003445233e-11,8.513204563079358e-11,8.513301117806184e-11,8.513397667644777e-11,8.51349421257014e-11,8.513590752613275e-11,8.513687287757408e-11,8.51378381794886e-11,8.513880343305201e-11,8.513976863767568e-11,8.514073379320485e-11,8.514169889997649e-11,8.514266395783306e-11,8.514362896678513e-11,8.514459392684224e-11,8.514555883785466e-11,8.514652370019334e-11,8.514748851357718e-11,8.514845327813437e-11,8.514941799300115e-11,8.51503826598593e-11,8.515134727788178e-11,8.515231184707377e-11,8.515327636744904e-11,8.515424083901351e-11,8.51552052617752e-11,8.515616963556483e-11,8.515713396074735e-11,8.515809823715412e-11,8.51590624647927e-11,8.516002664367156e-11,8.516099077380086e-11,8.516195485518777e-11,8.516291888765523e-11,8.516388287158312e-11,8.51648468067946e-11,8.51658106933006e-11,8.5166774531105e-11,8.516773832003176e-11,8.516870206029272e-11,8.516966575188375e-11,8.517062939497782e-11,8.517159298941514e-11,8.51725565352076e-11,8.517352003235725e-11,8.517448348087837e-11,8.517544688078016e-11,8.517641023188471e-11,8.517737353456631e-11,8.517833678865264e-11,8.51792999941518e-11,8.518026315107229e-11,8.518122625926572e-11,8.518218931889064e-11,8.518315233012718e-11,8.518411529282026e-11,8.518507820682473e-11,8.518604107245491e-11,8.518700388956519e-11,8.518796665816878e-11,8.518892937827017e-11,8.518989204987932e-11,8.519085467300504e-11,8.519181724770557e-11,8.51927797739386e-11,8.519374225166487e-11,8.519470468094045e-11,8.519566706177792e-11,8.519662939417987e-11,8.519759167816188e-11,8.519855391372904e-11,8.519951610089042e-11,8.52004782396532e-11,8.520144033002749e-11,8.520240237201934e-11,8.520336436571157e-11,8.520432631097195e-11,8.520528820797263e-11,8.520625005653402e-11,8.520721185675839e-11,8.520817360875288e-11,8.520913531232711e-11,8.52100969675913e-11,8.521105857455461e-11,8.521202013322314e-11,8.521298164381407e-11,8.521394310551998e-11,8.52149045195511e-11,8.521586588532695e-11,8.521682720281813e-11,8.52177884714747e-11,8.52187496925185e-11,8.52197108653319e-11,8.52206719899238e-11,8.52216330663147e-11,8.522259409449815e-11,8.522355507448743e-11,8.522451600629247e-11,8.522547688992169e-11,8.522643772538347e-11,8.522739851262941e-11,8.522835925178892e-11,8.522931994280865e-11,8.523028058569703e-11,8.523124118046029e-11,8.523220172710959e-11,8.523316222564997e-11,8.523412267581094e-11,8.523508307816854e-11,8.523604343244915e-11,8.523700373865816e-11,8.523796399680806e-11,8.523892420689128e-11,8.523988436894359e-11,8.524084448319726e-11,8.52418045493152e-11,8.52427645672831e-11,8.524372453724489e-11,8.524468445890587e-11,8.524564433297253e-11,8.524660415903644e-11,8.524756393717447e-11,8.524852366725585e-11,8.524948334921414e-11,8.525044298322644e-11,8.5251402569299e-11,8.525236210744263e-11,8.525332159766534e-11,8.525428103997704e-11,8.525524043469246e-11,8.525619978120304e-11,8.525715907982803e-11,8.525811833057419e-11,8.525907753345259e-11,8.526003668846994e-11,8.526099579563467e-11,8.526195485495739e-11,8.526291386644501e-11,8.526387282945032e-11,8.526483174522795e-11,8.52657906134087e-11,8.526674943363858e-11,8.526770820602648e-11,8.526866693105762e-11,8.526962560832662e-11,8.527058423781415e-11,8.527154281950527e-11,8.527250135306812e-11,8.527345983927135e-11,8.527441827785122e-11,8.52753766683093e-11,8.52763350114227e-11,8.527729330675098e-11,8.527825155409694e-11,8.5279209754037e-11,8.528016790601555e-11,8.528112601031752e-11,8.528208406695916e-11,8.528304207594767e-11,8.52840000372914e-11,8.528495795100494e-11,8.528591581705663e-11,8.528687363568737e-11,8.528783140651047e-11,8.528878912973248e-11,8.528974680539552e-11,8.529070443344429e-11,8.529166201394933e-11,8.529261954682031e-11,8.529357703217033e-11,8.529453446997195e-11,8.529549186023485e-11,8.529644920292643e-11,8.529740649813776e-11,8.529836374579675e-11,8.529932094594975e-11,8.530027809860735e-11,8.530123520376915e-11,8.530219226145565e-11,8.530314927166635e-11,8.530410623442403e-11,8.530506314972259e-11,8.530602001757435e-11,8.53069768376191e-11,8.530793361060086e-11,8.53088903361708e-11,8.530984701432679e-11,8.531080364508006e-11,8.531176022843368e-11,8.531271676440189e-11,8.531367325317277e-11,8.531462969439625e-11,8.531558608744702e-11,8.531654243396321e-11,8.531749873323472e-11,8.531845498507604e-11,8.531941118959303e-11,8.532036734680625e-11,8.532132345669854e-11,8.532227951930138e-11,8.532323553460626e-11,8.53241915026397e-11,8.532514742339324e-11,8.532610329688529e-11,8.532705912324754e-11,8.532801490224032e-11,8.532897063399399e-11,8.532992631851905e-11,8.533088195582381e-11,8.533183754610704e-11,8.533279308899917e-11,8.533374858469796e-11,8.533470403322373e-11,8.533565943456073e-11,8.533661478873045e-11,8.533757009581053e-11,8.533852535566828e-11,8.5339480568454e-11,8.534043573410699e-11,8.534139085263664e-11,8.534234592404931e-11,8.5343300948354e-11,8.534425592556022e-11,8.53452108556181e-11,8.534616573865295e-11,8.534712057455748e-11,8.534807536351525e-11,8.534903010535459e-11,8.534998480015124e-11,8.535093944796814e-11,8.53518940491624e-11,8.535284860286752e-11,8.535380310956232e-11,8.535475756906744e-11,8.53557119817623e-11,8.53566663474641e-11,8.535762066621157e-11,8.535857493797132e-11,8.535952916217836e-11,8.536048334008464e-11,8.536143747102484e-11,8.536239155505254e-11,8.536334559153588e-11,8.536429958180483e-11,8.536525352505506e-11,8.536620742139008e-11,8.536716127176269e-11,8.536811507423883e-11,8.536906882994203e-11,8.537002253867493e-11,8.537097620061425e-11,8.537192981576469e-11,8.537288338394996e-11,8.537383690526958e-11,8.537479037976649e-11,8.537574380720777e-11,8.537669718812132e-11,8.537765052255076e-11,8.537860381023281e-11,8.537955705078666e-11,8.53805102446153e-11,8.538146339163527e-11,8.538241649264469e-11,8.538336954621032e-11,8.538432255300176e-11,8.538527551311367e-11,8.538622842649495e-11,8.5387181293185e-11,8.538813411303202e-11,8.53890868861297e-11,8.539003961272781e-11,8.539099229313459e-11,8.539194492638565e-11,8.539289751297655e-11,8.53938500529046e-11,8.539480254620198e-11,8.539575499286223e-11,8.539670739289407e-11,8.539765974630211e-11,8.539861205311118e-11,8.539956431332086e-11,8.540051652693942e-11,8.540146869397017e-11,8.540242081442408e-11,8.54033728883172e-11,8.540432491565498e-11,8.540527689644028e-11,8.54062288306832e-11,8.540718071838235e-11,8.540813255957007e-11,8.540908435426531e-11,8.541003610244063e-11,8.54109878041167e-11,8.541193945929711e-11,8.541289106799444e-11,8.541384263022753e-11,8.541479414596863e-11,8.541574561527896e-11,8.541669703814735e-11,8.541764841456977e-11,8.541859974456252e-11,8.541955102813818e-11,8.542050226529885e-11,8.542145345606389e-11,8.542240460043163e-11,8.542335569840763e-11,8.54243067500064e-11,8.542525775512179e-11,8.542620871400083e-11,8.542715962652106e-11,8.542811049269238e-11,8.542906131253637e-11,8.543001208605919e-11,8.543096281332617e-11,8.543191349486539e-11,8.543286412950408e-11,8.54338147178756e-11,8.543476525975096e-11,8.543571575548162e-11,8.543666620482441e-11,8.543761660936792e-11,8.543856696633783e-11,8.543951727704943e-11,8.544046754152968e-11,8.544141775979078e-11,8.544236793184946e-11,8.544331805775082e-11,8.544426813740183e-11,8.544521817087616e-11,8.544616815812555e-11,8.544711809928749e-11,8.544806799423024e-11,8.54490178438281e-11,8.544996764646823e-11,8.54509174030171e-11,8.545186711347443e-11,8.54528167777779e-11,8.545376639590975e-11,8.545471596804491e-11,8.54556654943354e-11,8.545661497402018e-11,8.545756440765051e-11,8.54585137956536e-11,8.545946313721505e-11,8.546041243289975e-11,8.54613616824388e-11,8.546231088589124e-11,8.546326004336849e-11,8.546420915458223e-11,8.546515821825443e-11,8.54661072375684e-11,8.546705621192457e-11,8.546800513951572e-11,8.546895402186914e-11,8.54699028573813e-11,8.547085164737482e-11,8.547180039101838e-11,8.547274909024953e-11,8.54736977417293e-11,8.547464634783657e-11,8.547559490670627e-11,8.547654342069973e-11,8.547749188888069e-11,8.547844031108053e-11,8.547938868713023e-11,8.548033701883416e-11,8.548128530166462e-11,8.548223354037912e-11,8.548318173390729e-11,8.54841298806763e-11,8.548507798135109e-11,8.548602603671859e-11,8.548697404613715e-11,8.548792200966886e-11,8.548886992746838e-11,8.548981780033388e-11,8.549076562672987e-11,8.549171340469016e-11,8.549266113946315e-11,8.549360882855599e-11,8.549455647200022e-11,8.549550407102878e-11,8.549645162281479e-11,8.549739912874477e-11,8.549834658993022e-11,8.54992940038544e-11,8.550024137286242e-11,8.550118869629382e-11,8.550213597385948e-11,8.55030832058178e-11,8.550403039221582e-11,8.550497753281531e-11,8.550592462759476e-11,8.550687167627267e-11,8.550781868112258e-11,8.550876563918353e-11,8.550971255260849e-11,8.551065942040946e-11,8.551160624301607e-11,8.551255302017758e-11,8.551349975029341e-11,8.551444643488674e-11,8.551539307383372e-11,8.551633966740032e-11,8.551728621666315e-11,8.551823271862857e-11,8.551917917551885e-11,8.552012558686526e-11,8.55210719524992e-11,8.552201827425563e-11,8.55229645488256e-11,8.552391077813134e-11,8.552485696190635e-11,8.552580310015105e-11,8.55267491936169e-11,8.552769524084229e-11,8.552864124279675e-11,8.552958719928034e-11,8.553053311062892e-11,8.553147897628262e-11,8.553242479665149e-11,8.553337057143611e-11,8.553431630069686e-11,8.553526198492317e-11,8.553620762381672e-11,8.553715321711966e-11,8.553809876506338e-11,8.55390442678767e-11,8.553998972512255e-11,8.554093513711934e-11,8.554188050345925e-11,8.554282582471279e-11,8.554377110068045e-11,8.554471633134812e-11,8.5545661516649e-11,8.554660665705046e-11,8.554755175125911e-11,8.554849680072156e-11,8.5549441804673e-11,8.555038676379473e-11,8.55513316775546e-11,8.555227654607546e-11,8.55532213708541e-11,8.555416614890796e-11,8.555511088177382e-11,8.55560555694338e-11,8.555700021222659e-11,8.55579448093951e-11,8.555888936161586e-11,8.555983386981832e-11,8.556077833164718e-11,8.55617227482782e-11,8.556266712185788e-11,8.556361144772009e-11,8.556455572883268e-11,8.556549996500954e-11,8.55664441559507e-11,8.556738830181323e-11,8.556833240630941e-11,8.556927646253019e-11,8.557022047288629e-11,8.557116443842303e-11,8.557210835852225e-11,8.557305223357145e-11,8.557399606426581e-11,8.557493984991767e-11,8.557588359055195e-11,8.557682728630877e-11,8.557777093644636e-11,8.557871454166167e-11,8.557965810206288e-11,8.558060161757252e-11,8.558154508782904e-11,8.55824885134988e-11,8.558343189382348e-11,8.558437523016657e-11,8.558531852059547e-11,8.558626176609995e-11,8.558720496705056e-11,8.558814812288442e-11,8.558909123361664e-11,8.55900342994218e-11,8.559097732001085e-11,8.559192029605957e-11,8.55928632273091e-11,8.559380611493244e-11,8.559474895675485e-11,8.559569175352047e-11,8.559663450582744e-11,8.559757721243009e-11,8.559851987366392e-11,8.559946249138637e-11,8.56004050640975e-11,8.560134759193103e-11,8.56022900743894e-11,8.560323251264725e-11,8.560417490561424e-11,8.560511725431445e-11,8.560605955843995e-11,8.560700181640029e-11,8.560794403064833e-11,8.56088862009688e-11,8.560982832575074e-11,8.561077040619094e-11,8.561171244171201e-11,8.5612654432726e-11,8.561359637848071e-11,8.561453828011866e-11,8.561548013624827e-11,8.561642194733114e-11,8.561736371437213e-11,8.561830543735866e-11,8.561924711537874e-11,8.562018874887642e-11,8.562113033762785e-11,8.562207188503503e-11,8.562301338419602e-11,8.56239548397968e-11,8.562489624930684e-11,8.562583761524801e-11,8.562677893651226e-11,8.562772021308698e-11,8.562866144519865e-11,8.562960263162052e-11,8.56305437741209e-11,8.563148487259417e-11,8.563242592642971e-11,8.563336693585661e-11,8.5634307900886e-11,8.563524882130062e-11,8.563618969719417e-11,8.563713052890312e-11,8.563807131536638e-11,8.563901205783493e-11,8.56399527558276e-11,8.564089340918326e-11,8.564183401826983e-11,8.564277458293064e-11,8.56437151031427e-11,8.564465557806747e-11,8.56455960074778e-11,8.564653639446048e-11,8.564747673684745e-11,8.564841703565028e-11,8.564935728944455e-11,8.565029750204619e-11,8.565123766710177e-11,8.565217778779568e-11,8.565311786407197e-11,8.565405789589451e-11,8.56549978830296e-11,8.565593782697113e-11,8.565687772598801e-11,8.565781758034183e-11,8.56587573907573e-11,8.565969715639703e-11,8.566063687817087e-11,8.566157655574248e-11,8.566251618821492e-11,8.566345577706155e-11,8.566439532122585e-11,8.566533482105745e-11,8.566627427768906e-11,8.566721368997667e-11,8.566815305781806e-11,8.566909238133263e-11,8.567003166098129e-11,8.567097089590886e-11,8.56719100868998e-11,8.56728492336599e-11,8.56737883362296e-11,8.567472739476735e-11,8.567566640912382e-11,8.567660537833006e-11,8.56775443044445e-11,8.567848318676248e-11,8.56794220237911e-11,8.568036081749765e-11,8.568129956716077e-11,8.568223827249248e-11,8.568317693363924e-11,8.5684115550996e-11,8.56850541245042e-11,8.568599265479606e-11,8.56869311398619e-11,8.568786958120367e-11,8.568880797774729e-11,8.568974633092584e-11,8.569068464041743e-11,8.56916229054361e-11,8.569256112532532e-11,8.56934993020851e-11,8.569443743275029e-11,8.569537552209315e-11,8.569631356682081e-11,8.569725156750466e-11,8.569818952423306e-11,8.569912743697132e-11,8.570006530613948e-11,8.570100313139772e-11,8.570194091277331e-11,8.57028786501276e-11,8.570381634347466e-11,8.570475399243674e-11,8.570569159815386e-11,8.570662916046255e-11,8.570756667889595e-11,8.570850415230668e-11,8.570944158252981e-11,8.571037896891493e-11,8.571131631130415e-11,8.571225360998521e-11,8.571319086487468e-11,8.571412807563679e-11,8.571506524303353e-11,8.571600236654875e-11,8.571693944724903e-11,8.57178764828961e-11,8.571881347481729e-11,8.571975042315064e-11,8.572068732762096e-11,8.572162418833116e-11,8.572256100520524e-11,8.572349777845653e-11,8.572443450793168e-11,8.572537119377089e-11,8.57263078362164e-11,8.572724443665932e-11,8.572818099184352e-11,8.572911750292802e-11,8.573005397005383e-11,8.57309903937384e-11,8.573192677390787e-11,8.573286311066762e-11,8.57337994036393e-11,8.573473565256395e-11,8.573567185718408e-11,8.573660801897148e-11,8.573754413696702e-11,8.573848021201559e-11,8.573941624276061e-11,8.574035223193868e-11,8.574128817520715e-11,8.574222407523834e-11,8.574315993137785e-11,8.574409574435801e-11,8.574503151393333e-11,8.574596724004913e-11,8.574690292266227e-11,8.57478385615845e-11,8.574877415679652e-11,8.574970970814133e-11,8.575064521641262e-11,8.57515806818728e-11,8.57525161027458e-11,8.575345148142357e-11,8.575438681583887e-11,8.575532210665346e-11,8.575625735410165e-11,8.575719255830791e-11,8.575812771882813e-11,8.575906283589613e-11,8.575999790951785e-11,8.576093294144364e-11,8.576186793060609e-11,8.576280287417794e-11,8.576373777258424e-11,8.576467262949403e-11,8.576560744196351e-11,8.576654221288443e-11,8.576747693937325e-11,8.576841162265219e-11,8.576934626278754e-11,8.577028085916452e-11,8.577121541240423e-11,8.577214992252288e-11,8.577308439135457e-11,8.57740188144369e-11,8.577495319421765e-11,8.577588753080509e-11,8.577682182427212e-11,8.577775607489169e-11,8.577869028157181e-11,8.577962444563602e-11,8.578055856579114e-11,8.5781492642721e-11,8.578242667639977e-11,8.57833606668514e-11,8.57842946140851e-11,8.578522851811266e-11,8.578616237893696e-11,8.578709619721144e-11,8.57880299715688e-11,8.578896370283785e-11,8.578989739093954e-11,8.57908310358764e-11,8.579176463765987e-11,8.579269819629712e-11,8.579363171261652e-11,8.57945651849925e-11,8.579549861424197e-11,8.579643200065012e-11,8.579736534140748e-11,8.579829863907447e-11,8.579923189677508e-11,8.580016510842093e-11,8.580109827911124e-11,8.580203140673856e-11,8.580296449150564e-11,8.580389753368e-11,8.580483053239662e-11,8.580576348803238e-11,8.58066964006432e-11,8.580762927023406e-11,8.580856209681425e-11,8.58094948810995e-11,8.581042762213269e-11,8.58113603197282e-11,8.581229297492137e-11,8.581322558722703e-11,8.581415815599561e-11,8.581509068435333e-11,8.581602316732338e-11,8.581695560738999e-11,8.581788800205123e-11,8.581882035588447e-11,8.581975266665787e-11,8.582068493491735e-11,8.582161716010628e-11,8.582254934263497e-11,8.582348148197408e-11,8.58244135788091e-11,8.582534563254796e-11,8.582627764345341e-11,8.582720961073516e-11,8.58281415359442e-11,8.582907341848677e-11,8.583000525731147e-11,8.583093705461417e-11,8.583186880772105e-11,8.583280051883215e-11,8.583373218843815e-11,8.583466381400365e-11,8.583559539719027e-11,8.583652693788338e-11,8.583745843512523e-11,8.58383898913309e-11,8.583932130307547e-11,8.584025267209823e-11,8.584118399748172e-11,8.584211528102294e-11,8.584304652180246e-11,8.58439777185651e-11,8.58449088734427e-11,8.584583998699893e-11,8.584677105738762e-11,8.584770208423466e-11,8.584863306875817e-11,8.584956401075981e-11,8.58504949117239e-11,8.585142576895865e-11,8.58523565831349e-11,8.585328735473074e-11,8.585421808343221e-11,8.585514877068e-11,8.585607941422734e-11,8.585701001425003e-11,8.585794057218875e-11,8.585887108794484e-11,8.585980156100698e-11,8.586073199161046e-11,8.58616623799118e-11,8.586259272526585e-11,8.586352302829052e-11,8.58644532896406e-11,8.586538350697449e-11,8.586631368237389e-11,8.586724381383623e-11,8.586817390437648e-11,8.586910395284309e-11,8.587003395852422e-11,8.587096392164083e-11,8.587189384177995e-11,8.587282371979117e-11,8.587375355530976e-11,8.587468334816432e-11,8.587561309870516e-11,8.587654280732523e-11,8.587747247314402e-11,8.587840209660698e-11,8.587933167751691e-11,8.588026121715396e-11,8.588119071347171e-11,8.588212016734404e-11,8.58830495785479e-11,8.588397894562693e-11,8.588490827228825e-11,8.58858375572204e-11,8.588676679903898e-11,8.588769599975223e-11,8.588862515669523e-11,8.588955427100465e-11,8.589048334402082e-11,8.589141237436889e-11,8.589234136292613e-11,8.589327030917147e-11,8.589419921278218e-11,8.589512807403175e-11,8.58960568929654e-11,8.589698566991156e-11,8.589791440521674e-11,8.589884309742564e-11,8.589977174538256e-11,8.590070035351308e-11,8.590162891950544e-11,8.590255744245231e-11,8.590348592392336e-11,8.59044143631826e-11,8.59053427599879e-11,8.590627111467761e-11,8.59071994272124e-11,8.590812769754452e-11,8.590905592606228e-11,8.5909984112225e-11,8.591091225628325e-11,8.591184035820075e-11,8.591276841767964e-11,8.591369643364253e-11,8.591462440884803e-11,8.591555234171395e-11,8.591648023243842e-11,8.591740808355092e-11,8.591833589033508e-11,8.591926365500864e-11,8.592019137781666e-11,8.592111905842535e-11,8.592204669689283e-11,8.59229742933593e-11,8.59239018475857e-11,8.592482935795345e-11,8.59257568282062e-11,8.592668425653733e-11,8.592761164283305e-11,8.592853898725892e-11,8.592946628975751e-11,8.593039355006207e-11,8.593132076953935e-11,8.593224794603717e-11,8.593317508169838e-11,8.593410217610521e-11,8.593502922676377e-11,8.593595623569208e-11,8.593688320248782e-11,8.593781012728896e-11,8.593873701023166e-11,8.593966385121204e-11,8.594059065049452e-11,8.594151740745847e-11,8.594244412286157e-11,8.594337079638595e-11,8.594429742823826e-11,8.594522401799464e-11,8.594615056565693e-11,8.594707707174799e-11,8.594800353706082e-11,8.594892995958135e-11,8.59498563402311e-11,8.595078267922111e-11,8.595170897805466e-11,8.595263523304842e-11,8.595356144717682e-11,8.5954487619027e-11,8.5955413749809e-11,8.595633983836828e-11,8.595726588473418e-11,8.59581918892843e-11,8.595911785229301e-11,8.596004377366327e-11,8.596096965313643e-11,8.596189549096998e-11,8.596282128608116e-11,8.59637470402669e-11,8.5964672752853e-11,8.596559842388434e-11,8.596652405324498e-11,8.596744964076088e-11,8.596837518636527e-11,8.596930069046223e-11,8.597022615322509e-11,8.597115157410341e-11,8.597207695326937e-11,8.597300229061828e-11,8.597392758672086e-11,8.59748528412972e-11,8.597577805434746e-11,8.597670322466366e-11,8.597762835402076e-11,8.597855344073969e-11,8.597947848576977e-11,8.598040349045174e-11,8.598132845390984e-11,8.598225337569923e-11,8.59831782559814e-11,8.598410309687039e-11,8.598502789408985e-11,8.598595265003402e-11,8.598687736427277e-11,8.598780203659266e-11,8.598872666750792e-11,8.598965125716284e-11,8.59905758053878e-11,8.59915003121368e-11,8.599242477620023e-11,8.599334920004279e-11,8.599427358227472e-11,8.599519792326175e-11,8.599612222275066e-11,8.599704648076004e-11,8.599797069731268e-11,8.599889487257013e-11,8.599981900634305e-11,8.600074309879732e-11,8.600166715006133e-11,8.600259115805998e-11,8.600351512609339e-11,8.600443905296022e-11,8.600536293839991e-11,8.600628678218506e-11,8.60072105850094e-11,8.600813434647657e-11,8.600905806735576e-11,8.600998174626273e-11,8.601090538378636e-11,8.601182898040316e-11,8.601275253532636e-11,8.601367604902514e-11,8.601459952146976e-11,8.601552295243976e-11,8.601644634231285e-11,8.60173696908331e-11,8.601829299812781e-11,8.601921626378989e-11,8.602013948866602e-11,8.60210626722166e-11,8.602198581476325e-11,8.602290891591225e-11,8.602383197585631e-11,8.602475499466022e-11,8.602567797221927e-11,8.602660090875223e-11,8.602752380401167e-11,8.602844665803692e-11,8.602936947032059e-11,8.603029224223226e-11,8.603121497279303e-11,8.603213766208164e-11,8.603306031050018e-11,8.603398291782351e-11,8.603490548394174e-11,8.603582800907021e-11,8.60367504935049e-11,8.603767293618166e-11,8.603859533806518e-11,8.603951769871988e-11,8.604044002160853e-11,8.60413623007637e-11,8.60422845382312e-11,8.604320673443722e-11,8.60441288902616e-11,8.6045051005931e-11,8.604597307921106e-11,8.604689511145111e-11,8.604781710274431e-11,8.604873905319731e-11,8.604966096220616e-11,8.60505828317328e-11,8.605150465919759e-11,8.60524264456483e-11,8.605334819099568e-11,8.605426989537747e-11,8.605519155951752e-11,8.605611318199992e-11,8.605703476289648e-11,8.605795630411164e-11,8.605887780396284e-11,8.605979926187679e-11,8.606072067980007e-11,8.606164205694194e-11,8.606256339221503e-11,8.606348468599553e-11,8.606440594082967e-11,8.606532715234143e-11,8.606624832493889e-11,8.606716945811175e-11,8.606809054904607e-11,8.606901159934497e-11,8.606993260873514e-11,8.607085357652573e-11,8.607177450460321e-11,8.607269539157124e-11,8.607361623786119e-11,8.6074537043311e-11,8.607545780764789e-11,8.607637853194603e-11,8.607729921486893e-11,8.60782198573056e-11,8.60791404593623e-11,8.608006102044306e-11,8.608098154026533e-11,8.60819020199814e-11,8.608282245847027e-11,8.608374285614933e-11,8.608466321357966e-11,8.608558352994501e-11,8.608650380498799e-11,8.608742404329035e-11,8.608834423724167e-11,8.608926439095098e-11,8.609018450387977e-11,8.609110457618084e-11,8.609202460784772e-11,8.609294459853091e-11,8.609386454882365e-11,8.609478445839666e-11,8.609570432752386e-11,8.609662415619387e-11,8.609754394414954e-11,8.609846369216091e-11,8.609938339891079e-11,8.610030306510647e-11,8.61012226904456e-11,8.610214227584758e-11,8.610306182028121e-11,8.610398132421415e-11,8.610490078774811e-11,8.610582021063989e-11,8.610673959296265e-11,8.610765893476387e-11,8.610857823602935e-11,8.610949749759783e-11,8.611041671743761e-11,8.6111335897462e-11,8.611225503674339e-11,8.611317413573492e-11,8.611409319447196e-11,8.61150122125108e-11,8.611593119064075e-11,8.611685012763196e-11,8.611776902435461e-11,8.611868788034136e-11,8.611960669827201e-11,8.612052547369387e-11,8.612144420847718e-11,8.612236290305356e-11,8.612328155775676e-11,8.612420017162715e-11,8.612511874507933e-11,8.612603727768273e-11,8.612695577104037e-11,8.612787422322379e-11,8.612879263524803e-11,8.612971100676552e-11,8.613062933839093e-11,8.613154762950324e-11,8.613246588007996e-11,8.613338409029483e-11,8.613430226139089e-11,8.613522039118103e-11,8.613613848075051e-11,8.613705653000363e-11,8.613797453860319e-11,8.613889250588927e-11,8.613981043414434e-11,8.6140728322337e-11,8.614164617025762e-11,8.614256397794618e-11,8.614348174487935e-11,8.61443994719984e-11,8.614531715785815e-11,8.614623480449727e-11,8.614715241063526e-11,8.614806997689829e-11,8.614898750304681e-11,8.614990499012064e-11,8.615082243672397e-11,8.615173984231154e-11,8.61526572079199e-11,8.615357453182682e-11,8.615449181697746e-11,8.61554090621187e-11,8.615632626622004e-11,8.615724343094707e-11,8.615816055560215e-11,8.615907764029238e-11,8.61599946847585e-11,8.616091169069838e-11,8.616182865448015e-11,8.616274557887878e-11,8.616366246298096e-11,8.616457930695591e-11,8.616549611092455e-11,8.616641287458352e-11,8.616732959847368e-11,8.616824628240208e-11,8.616916292626105e-11,8.617007953063833e-11,8.617099609445886e-11,8.617191261929069e-11,8.617282910403605e-11,8.617374554791991e-11,8.617466195197448e-11,8.617557831612038e-11,8.617649463958733e-11,8.617741092386281e-11,8.6178327166213e-11,8.617924337036696e-11,8.618015953448823e-11,8.618107565872926e-11,8.618199174297453e-11,8.618290778635851e-11,8.618382379054236e-11,8.618473975516681e-11,8.618565568000079e-11,8.618657156537157e-11,8.618748741116693e-11,8.618840321616492e-11,8.61893189813923e-11,8.619023470741415e-11,8.619115039302557e-11,8.619206603880097e-11,8.619298164425984e-11,8.619389721007657e-11,8.619481273577143e-11,8.619572822166982e-11,8.619664366825332e-11,8.61975590749852e-11,8.619847444186501e-11,8.61993897685222e-11,8.620030505558398e-11,8.620122030430166e-11,8.620213551224349e-11,8.620305068040329e-11,8.6203965809653e-11,8.62048808979092e-11,8.620579594643495e-11,8.620671095524048e-11,8.620762592463392e-11,8.620854085440327e-11,8.620945574642243e-11,8.621037059639424e-11,8.621128540667597e-11,8.621220017731788e-11,8.621311490763659e-11,8.621402959936686e-11,8.621494425145093e-11,8.62158588646253e-11,8.621677343727636e-11,8.621768797040375e-11,8.621860246110611e-11,8.62195169144925e-11,8.622043132874246e-11,8.622134570304476e-11,8.622226003760505e-11,8.622317433270022e-11,8.622408858816154e-11,8.622500280469272e-11,8.622591698423286e-11,8.622683112007777e-11,8.622774521580517e-11,8.62286592739019e-11,8.622957329322638e-11,8.623048727188015e-11,8.623140121004865e-11,8.623231511070293e-11,8.623322897110803e-11,8.623414279204265e-11,8.623505657187366e-11,8.623597031402943e-11,8.623688401636434e-11,8.62377976793393e-11,8.62387113033549e-11,8.623962488799348e-11,8.624053843255469e-11,8.624145193649494e-11,8.624236540217346e-11,8.624327882674299e-11,8.624419221363494e-11,8.624510556057066e-11,8.624601886707022e-11,8.624693213565028e-11,8.624784536576164e-11,8.624875855558978e-11,8.624967170617379e-11,8.62505848172076e-11,8.625149788987508e-11,8.625241092233352e-11,8.625332391508705e-11,8.625423686793875e-11,8.625514978257338e-11,8.625606265760569e-11,8.625697549328107e-11,8.625788828978567e-11,8.625880104685411e-11,8.625971376446292e-11,8.62606264419101e-11,8.626153908044386e-11,8.62624516804086e-11,8.626336424072544e-11,8.626427676195944e-11,8.626518924469835e-11,8.626610168618306e-11,8.626701409003794e-11,8.626792645449101e-11,8.626883877963093e-11,8.626975106728969e-11,8.627066331386186e-11,8.627157552136521e-11,8.62724876895126e-11,8.627339981892294e-11,8.627431190962188e-11,8.62752239601736e-11,8.627613597175856e-11,8.627704794292442e-11,8.627795987613066e-11,8.62788717704549e-11,8.627978362542112e-11,8.628069544310742e-11,8.628160722021385e-11,8.628251895748211e-11,8.628343065651279e-11,8.628434231572273e-11,8.62852539337856e-11,8.628616551496872e-11,8.628707705655747e-11,8.628798855955209e-11,8.62889000251529e-11,8.628981145083204e-11,8.62907228362958e-11,8.629163418325409e-11,8.629254549099763e-11,8.629345675954144e-11,8.629436798945855e-11,8.629527918013012e-11,8.629619033180444e-11,8.629710144444515e-11,8.629801251584673e-11,8.629892355036564e-11,8.629983454564267e-11,8.630074549999483e-11,8.630165641675858e-11,8.630256729541417e-11,8.630347813523243e-11,8.630438893604081e-11,8.630529969850558e-11,8.630621042149444e-11,8.630712110505233e-11,8.630803175019298e-11,8.630894235546596e-11,8.630985292263492e-11,8.631076345062138e-11,8.631167394011649e-11,8.631258439105411e-11,8.631349480513241e-11,8.63144051771284e-11,8.63153155112562e-11,8.631622580699308e-11,8.631713606358869e-11,8.631804628133925e-11,8.631895646073568e-11,8.631986660094184e-11,8.6320776701601e-11,8.63216867635274e-11,8.632259678712915e-11,8.632350677509207e-11,8.632441672307272e-11,8.632532662902032e-11,8.632623649702598e-11,8.632714632658952e-11,8.632805611730785e-11,8.63289658692989e-11,8.632987558394241e-11,8.633078525832743e-11,8.633169489408733e-11,8.633260449093492e-11,8.633351404923162e-11,8.633442356741579e-11,8.633533304835303e-11,8.633624249034023e-11,8.63371518938482e-11,8.633806125870083e-11,8.633897058317961e-11,8.633987987069822e-11,8.634078911953116e-11,8.634169832969166e-11,8.634260750136231e-11,8.634351663200498e-11,8.634442572624979e-11,8.63453347816266e-11,8.634624379864691e-11,8.634715277733282e-11,8.63480617171076e-11,8.634897061841142e-11,8.634987948157697e-11,8.635078830552299e-11,8.635169709303363e-11,8.63526058398884e-11,8.635351454824316e-11,8.635442321813742e-11,8.635533184783905e-11,8.635624043912891e-11,8.63571489925752e-11,8.635805750813732e-11,8.63589659860196e-11,8.635987442231025e-11,8.63607828224352e-11,8.636169118296721e-11,8.636259950601456e-11,8.636350779143017e-11,8.636441603745752e-11,8.636532424503416e-11,8.636623241395294e-11,8.636714054460964e-11,8.636804863786521e-11,8.636895669211543e-11,8.6369864705694e-11,8.637077268214492e-11,8.637168062067295e-11,8.63725885208456e-11,8.637349638258345e-11,8.637440420589721e-11,8.637531199077913e-11,8.637621973714032e-11,8.63771274447202e-11,8.637803511452228e-11,8.63789427455365e-11,8.637985033852763e-11,8.638075789262305e-11,8.638166540866284e-11,8.638257288664814e-11,8.638348032709957e-11,8.638438772843463e-11,8.638529509142047e-11,8.638620241657246e-11,8.638710970289796e-11,8.63880169510369e-11,8.638892416105307e-11,8.638983133267875e-11,8.639073846612833e-11,8.639164556083233e-11,8.639255261793707e-11,8.63934596336928e-11,8.63943666139164e-11,8.639527355544887e-11,8.639618045921012e-11,8.639708732500478e-11,8.639799415203714e-11,8.639890094121901e-11,8.639980769230177e-11,8.640071440502681e-11,8.640162108269329e-11,8.640252771884333e-11,8.640343431660325e-11,8.640434087676889e-11,8.640524739856397e-11,8.6406153882283e-11,8.640706033122903e-11,8.640796673861492e-11,8.640887310753069e-11,8.640977943765544e-11,8.641068573148644e-11,8.641159198646976e-11,8.641249820334828e-11,8.641340438219927e-11,8.641431052231201e-11,8.641521662498598e-11,8.641612268959774e-11,8.641702871613226e-11,8.641793470456253e-11,8.641884065374234e-11,8.641974656599068e-11,8.642065244030016e-11,8.642155827658547e-11,8.642246407484236e-11,8.642336983564431e-11,8.642427555785366e-11,8.642518124206872e-11,8.642608688827404e-11,8.642699249649341e-11,8.64278980659716e-11,8.642880359822325e-11,8.642970909250194e-11,8.643061454874408e-11,8.643151996650294e-11,8.643242534690252e-11,8.64333306893567e-11,8.643423599386568e-11,8.643514126045477e-11,8.643604648911463e-11,8.643695167984862e-11,8.643785683267598e-11,8.643876194760675e-11,8.64396670246394e-11,8.644057206378951e-11,8.644147706505264e-11,8.644238202843986e-11,8.644328695395307e-11,8.64441918416119e-11,8.644509669141803e-11,8.644600150337321e-11,8.644690627749407e-11,8.644781101377669e-11,8.644871571146992e-11,8.644962037135193e-11,8.645052499407778e-11,8.645142957835341e-11,8.645233412558072e-11,8.645323863430372e-11,8.645414310501881e-11,8.645504753871684e-11,8.645595193399434e-11,8.645685629141949e-11,8.645776061111025e-11,8.645866489276757e-11,8.645956913781263e-11,8.646047334411375e-11,8.646137751243223e-11,8.646228164401591e-11,8.646318573729709e-11,8.64640897921135e-11,8.646499380996643e-11,8.646589778926268e-11,8.646680173262407e-11,8.6467705638067e-11,8.646860950600383e-11,8.646951333540425e-11,8.647041712791662e-11,8.647132088190844e-11,8.647222460287872e-11,8.647312828162788e-11,8.647403192367075e-11,8.647493552748789e-11,8.647583909418354e-11,8.64767426233819e-11,8.647764611481018e-11,8.647854956892086e-11,8.647945298525087e-11,8.64803563616555e-11,8.648125970305439e-11,8.648216300683118e-11,8.648306627308541e-11,8.648396950147536e-11,8.648487269267368e-11,8.648577584635699e-11,8.648667896249864e-11,8.648758204122232e-11,8.648848508155754e-11,8.648938808923491e-11,8.649029105745011e-11,8.649119398845739e-11,8.649209688191838e-11,8.649299973529883e-11,8.64939025509437e-11,8.64948053293354e-11,8.649570807027665e-11,8.649661077393867e-11,8.649751344139886e-11,8.64984160700016e-11,8.649931866118293e-11,8.65002212160166e-11,8.650112373150945e-11,8.650202621251709e-11,8.650292865397648e-11,8.650383105822535e-11,8.650473342491147e-11,8.650563575417576e-11,8.650653804643265e-11,8.650744030131379e-11,8.650834251900568e-11,8.65092446980405e-11,8.651014684056808e-11,8.651104894486044e-11,8.651195101260344e-11,8.651285304298911e-11,8.651375503613664e-11,8.651465699159884e-11,8.651555891005298e-11,8.651646079117022e-11,8.6517362634931e-11,8.65182644415788e-11,8.65191662108097e-11,8.652006794246976e-11,8.652096963688645e-11,8.652187129434098e-11,8.652277291444088e-11,8.652367449727775e-11,8.652457604319389e-11,8.652547755114688e-11,8.652637902232044e-11,8.652728045628159e-11,8.652818185295883e-11,8.652908321277143e-11,8.652998453531611e-11,8.653088582022796e-11,8.653178706814822e-11,8.653268827897529e-11,8.653358945252816e-11,8.653449058890244e-11,8.653539168804537e-11,8.653629275039779e-11,8.65371937753033e-11,8.653809476281537e-11,8.653899571338204e-11,8.653989662687592e-11,8.654079750323451e-11,8.654169834188068e-11,8.654259914535127e-11,8.654349991041676e-11,8.654440063844925e-11,8.654530133056132e-11,8.654620198388513e-11,8.654710260050396e-11,8.654800318006741e-11,8.654890372257232e-11,8.654980422839666e-11,8.65507046968617e-11,8.65516051282369e-11,8.655250552256089e-11,8.655340587991777e-11,8.655430620019587e-11,8.655520648358339e-11,8.655610672912591e-11,8.655700693901546e-11,8.655790711132212e-11,8.655880724460775e-11,8.65597073428946e-11,8.656060740425677e-11,8.656150742864982e-11,8.656240741609524e-11,8.656330736716764e-11,8.656420728069622e-11,8.656510715983314e-11,8.656600699945315e-11,8.656690680220574e-11,8.656780656821719e-11,8.65687062958547e-11,8.656960598785003e-11,8.657050564234511e-11,8.657140526077897e-11,8.657230484205477e-11,8.65732043865145e-11,8.657410389406636e-11,8.657500336471976e-11,8.657590279848477e-11,8.65768021954311e-11,8.657770155533261e-11,8.657860087833044e-11,8.657950016483587e-11,8.658039941454654e-11,8.658129862734286e-11,8.658219780331377e-11,8.658309694254247e-11,8.658399604492428e-11,8.658489511053814e-11,8.658579413930387e-11,8.658669313136217e-11,8.658759208667014e-11,8.658849100505132e-11,8.658938988655854e-11,8.659028873153826e-11,8.65911875397277e-11,8.659208631133828e-11,8.659298504617951e-11,8.659388374424713e-11,8.659478240611531e-11,8.659568102885428e-11,8.659657961667614e-11,8.659747816785637e-11,8.659837668248189e-11,8.659927516037319e-11,8.660017360154887e-11,8.660107200606573e-11,8.660197037448493e-11,8.660286870643081e-11,8.660376700106428e-11,8.660466525892427e-11,8.660556347676354e-11,8.660646166156992e-11,8.660735980953487e-11,8.660825792095854e-11,8.660915599567857e-11,8.661005403393605e-11,8.661095203552175e-11,8.66118500000016e-11,8.661274792873e-11,8.661364582106974e-11,8.661454368042683e-11,8.661544149909305e-11,8.661633928115196e-11,8.661723702432046e-11,8.66181347333767e-11,8.661903240589997e-11,8.661993004205207e-11,8.662082764001809e-11,8.662172520292712e-11,8.662262272904057e-11,8.662352021897757e-11,8.662441767255733e-11,8.662531508944942e-11,8.662621246741637e-11,8.662710981184039e-11,8.66280071193036e-11,8.662890439062487e-11,8.662980162502184e-11,8.66306988229854e-11,8.663159598456286e-11,8.663249310977902e-11,8.663339019853497e-11,8.663428725125058e-11,8.663518426793491e-11,8.663608124707946e-11,8.663697818993905e-11,8.663787509701044e-11,8.663877196744116e-11,8.663966880188173e-11,8.664056559951107e-11,8.664146236062978e-11,8.664235908557043e-11,8.664325577482841e-11,8.664415242796445e-11,8.664504904348408e-11,8.664594562313932e-11,8.664684216626384e-11,8.664773867305872e-11,8.664863514354295e-11,8.664953157796858e-11,8.665042797593849e-11,8.665132433785915e-11,8.665222066314922e-11,8.665311695199999e-11,8.665401320451656e-11,8.665490942106466e-11,8.665580560125628e-11,8.665670174528245e-11,8.665759785296955e-11,8.665849392448968e-11,8.665938995979265e-11,8.666028595889433e-11,8.666118192184892e-11,8.666207784779662e-11,8.666297373981617e-11,8.666386959372638e-11,8.666476541172228e-11,8.666566119359341e-11,8.666655693907103e-11,8.666745264846489e-11,8.66683483218074e-11,8.666924395885756e-11,8.66701395597501e-11,8.667103512449697e-11,8.667193065434887e-11,8.667282614706899e-11,8.667372160305785e-11,8.667461702338095e-11,8.667551240754533e-11,8.667640775550968e-11,8.667730306748851e-11,8.667819834338781e-11,8.667909358320084e-11,8.667998878709792e-11,8.668088395443818e-11,8.668177908599931e-11,8.668267418187636e-11,8.668356924016088e-11,8.668446426313331e-11,8.668535925044272e-11,8.668625420165337e-11,8.668714911616895e-11,8.668804399542328e-11,8.668893883887279e-11,8.668983364578828e-11,8.6690728415737e-11,8.669162315100143e-11,8.669251785038966e-11,8.669341251323529e-11,8.669430714013585e-11,8.669520173138446e-11,8.66960962868842e-11,8.669699080629217e-11,8.66978852897175e-11,8.669877973719646e-11,8.66996741481639e-11,8.670056852374296e-11,8.670146286346218e-11,8.670235716734567e-11,8.670325143521396e-11,8.67041456672501e-11,8.670503986344729e-11,8.670593402346516e-11,8.67068281476702e-11,8.67077222358968e-11,8.670861628854937e-11,8.670951030522584e-11,8.671040428603156e-11,8.671129823093318e-11,8.671219213858775e-11,8.671308601232194e-11,8.671397984988366e-11,8.671487365148338e-11,8.671576741726089e-11,8.671666114725674e-11,8.671755484400166e-11,8.671844850230642e-11,8.671934212350247e-11,8.67202357099742e-11,8.672112926109824e-11,8.672202277631785e-11,8.672291625577243e-11,8.672380969943445e-11,8.67247031072018e-11,8.67255964794001e-11,8.672648981596608e-11,8.672738311640582e-11,8.672827638142134e-11,8.672916961058293e-11,8.673006280401699e-11,8.673095596115523e-11,8.673184908321493e-11,8.67327421697145e-11,8.673363522057247e-11,8.673452823574586e-11,8.673542121513389e-11,8.673631415864937e-11,8.673720706677219e-11,8.673809993815532e-11,8.67389927742123e-11,8.673988557542855e-11,8.674077834089107e-11,8.674167107083291e-11,8.674256376672559e-11,8.674345642631207e-11,8.674434904923518e-11,8.67452416367175e-11,8.674613419148433e-11,8.674702670778093e-11,8.674791918833691e-11,8.674881163335746e-11,8.674970404946549e-11,8.675059642258151e-11,8.675148876103388e-11,8.675238106397312e-11,8.675327333135143e-11,8.675416556316872e-11,8.675505775934538e-11,8.675594991969802e-11,8.67568420448299e-11,8.675773413453161e-11,8.675862618875537e-11,8.675951820732949e-11,8.676041019053397e-11,8.676130213867049e-11,8.676219405014486e-11,8.67630859302657e-11,8.676397777162294e-11,8.676486957721506e-11,8.67657613475267e-11,8.676665308216279e-11,8.676754478397639e-11,8.6768436447973e-11,8.676932807645041e-11,8.677021966948732e-11,8.677111122720838e-11,8.677200274950597e-11,8.677289423639881e-11,8.677378568791298e-11,8.677467710404325e-11,8.677556848438116e-11,8.677645982832834e-11,8.677735113821297e-11,8.677824241380677e-11,8.677913365307246e-11,8.678002485681648e-11,8.678091602538015e-11,8.678180715956108e-11,8.678269825714384e-11,8.678358931971227e-11,8.678448034705539e-11,8.678537133674452e-11,8.678626229326843e-11,8.678715321124917e-11,8.678804409735199e-11,8.678893494774003e-11,8.678982576354433e-11,8.679071654374043e-11,8.679160728858326e-11,8.679249799747181e-11,8.679338867162078e-11,8.679427931081786e-11,8.679516991467681e-11,8.679606048339256e-11,8.679695101685642e-11,8.679784151511256e-11,8.679873197828759e-11,8.67996224061269e-11,8.68005127986648e-11,8.680140315542672e-11,8.680229347809859e-11,8.680318376499572e-11,8.680407401682178e-11,8.680496423338499e-11,8.680585441529446e-11,8.680674456190488e-11,8.680763467273543e-11,8.680852474885542e-11,8.680941479047373e-11,8.681030479565051e-11,8.681119476615946e-11,8.681208470160626e-11,8.681297460179352e-11,8.681386446715957e-11,8.681475429745927e-11,8.681564409454249e-11,8.681653385485068e-11,8.681742357942453e-11,8.681831326969095e-11,8.681920292449636e-11,8.68200925451154e-11,8.682098213027473e-11,8.682187168012853e-11,8.682276119481357e-11,8.682365067521932e-11,8.682454012002706e-11,8.682542952931626e-11,8.682631890389144e-11,8.68272082434922e-11,8.682809754816025e-11,8.682898681823058e-11,8.682987605247771e-11,8.683076525128696e-11,8.683165441590203e-11,8.683254354554993e-11,8.68334326416647e-11,8.683432170129027e-11,8.683521072605107e-11,8.683609971536398e-11,8.683698867071313e-11,8.683787759074078e-11,8.683876647575838e-11,8.68396553254286e-11,8.684054414052158e-11,8.684143292069193e-11,8.684232166607884e-11,8.684321037646217e-11,8.684409905204194e-11,8.684498769285635e-11,8.684587629870296e-11,8.684676486974302e-11,8.684765340490876e-11,8.684854190563721e-11,8.68494303720292e-11,8.68503188039222e-11,8.685120720060338e-11,8.685209556239588e-11,8.685298388960701e-11,8.685387218185452e-11,8.68547604412599e-11,8.685564866388852e-11,8.685653685172579e-11,8.685742500467056e-11,8.685831312292138e-11,8.685920120639182e-11,8.686008925518994e-11,8.68609772689787e-11,8.686186524805829e-11,8.686275319249885e-11,8.686364110285305e-11,8.686452897721642e-11,8.686541681747898e-11,8.686630462282901e-11,8.686719239586935e-11,8.686808013197324e-11,8.686896783319894e-11,8.686985549989253e-11,8.687074313181285e-11,8.687163072911829e-11,8.687251829166028e-11,8.68734058194353e-11,8.687429331253932e-11,8.687518077097583e-11,8.687606819515359e-11,8.687695558437403e-11,8.687784293895206e-11,8.687873025887652e-11,8.687961754408528e-11,8.688050479484216e-11,8.688139201089361e-11,8.688227919401496e-11,8.688316634075128e-11,8.688405345306478e-11,8.688494053060608e-11,8.688582757129482e-11,8.688671457984195e-11,8.688760155363573e-11,8.688848849285766e-11,8.688937539725198e-11,8.689026226735154e-11,8.689114910308633e-11,8.68920359040909e-11,8.68929226707456e-11,8.689380940268077e-11,8.689469610018325e-11,8.689558276315667e-11,8.689646939108656e-11,8.689735598495785e-11,8.689824254432665e-11,8.689912906919968e-11,8.690001555958684e-11,8.690090201549172e-11,8.690178843692281e-11,8.690267482397403e-11,8.690356117656289e-11,8.690444749460308e-11,8.6905333778195e-11,8.690622002728165e-11,8.690710624199203e-11,8.690799242227051e-11,8.690887856812518e-11,8.690976467958394e-11,8.691065075680445e-11,8.691153679928087e-11,8.691242280749852e-11,8.691330878132358e-11,8.691419472075858e-11,8.691508062581474e-11,8.691596649649534e-11,8.691685233280798e-11,8.69177381347579e-11,8.691862390235383e-11,8.69195096356e-11,8.692039533458984e-11,8.692128099936293e-11,8.692216662959774e-11,8.692305222550684e-11,8.692393778709839e-11,8.692482331446717e-11,8.692570880752934e-11,8.692659426626639e-11,8.692747969073841e-11,8.692836508105974e-11,8.692925043687535e-11,8.693013575935158e-11,8.693102104668622e-11,8.693190629929586e-11,8.693279151811503e-11,8.693367670264993e-11,8.693456185291288e-11,8.693544696900267e-11,8.693633205086263e-11,8.693721709254958e-11,8.693810210596643e-11,8.693898708486533e-11,8.69398720299903e-11,8.694075694087364e-11,8.694164181734203e-11,8.694252666001841e-11,8.694341146870023e-11,8.694429624277327e-11,8.694518098219067e-11,8.694606568801824e-11,8.694695035967339e-11,8.694783499685108e-11,8.694871960014141e-11,8.694960416820892e-11,8.695048870309227e-11,8.695137320401604e-11,8.69522576707964e-11,8.695314210331107e-11,8.695402650187579e-11,8.695491086475395e-11,8.695579519553713e-11,8.695667949204149e-11,8.695756375424595e-11,8.695844798224101e-11,8.695933217622225e-11,8.696021633629358e-11,8.696110046211884e-11,8.696198455342068e-11,8.69628686113492e-11,8.69637526352369e-11,8.696463662504613e-11,8.696552058088274e-11,8.69664045023161e-11,8.696728838988539e-11,8.696817224335589e-11,8.696905606312415e-11,8.696993984875e-11,8.697082360116001e-11,8.697170731916293e-11,8.697259100284446e-11,8.697347465252035e-11,8.697435826832955e-11,8.697524185026321e-11,8.697612539692085e-11,8.697700891133153e-11,8.697789239158715e-11,8.697877583778236e-11,8.697965924995591e-11,8.698054262844912e-11,8.69814259715249e-11,8.69823092823232e-11,8.698319255895718e-11,8.698407580158161e-11,8.698495900433346e-11,8.698584217913024e-11,8.698672532088229e-11,8.698760842760452e-11,8.69884915008556e-11,8.698937454138174e-11,8.699025754686078e-11,8.699114051804171e-11,8.699202345584175e-11,8.699290635860045e-11,8.699378922874357e-11,8.699467206635053e-11,8.699555487173613e-11,8.699643764056807e-11,8.699732037546412e-11,8.699820307720161e-11,8.699908574451489e-11,8.699996837816078e-11,8.700085097804906e-11,8.700173354422443e-11,8.70026160766562e-11,8.700349857460369e-11,8.700438103946008e-11,8.700526347061808e-11,8.700614586817443e-11,8.70070282312349e-11,8.70079105611238e-11,8.700879285746528e-11,8.700967511988947e-11,8.701055734820234e-11,8.70114395434344e-11,8.701232170478335e-11,8.701320383188334e-11,8.701408592465712e-11,8.70149679848124e-11,8.7015850011215e-11,8.701673200436065e-11,8.701761396300851e-11,8.701849588851505e-11,8.70193777805116e-11,8.702025963896218e-11,8.70211414636833e-11,8.702202325571249e-11,8.70229050137892e-11,8.702378673764228e-11,8.70246684277427e-11,8.702555008432664e-11,8.702643170749467e-11,8.70273132969411e-11,8.702819485280199e-11,8.702907637512909e-11,8.702995786388215e-11,8.703083931903152e-11,8.703172073746542e-11,8.703260212947685e-11,8.70334834839546e-11,8.703436480510078e-11,8.703524609417437e-11,8.703612734715242e-11,8.703700856748773e-11,8.703788975423301e-11,8.70387709067703e-11,8.703965202668161e-11,8.704053311298016e-11,8.704141416578666e-11,8.704229518510313e-11,8.704317617094026e-11,8.70440571233115e-11,8.704493804222604e-11,8.704581892746422e-11,8.704669977929378e-11,8.704758059753251e-11,8.704846138260497e-11,8.704934213425012e-11,8.705022285244938e-11,8.705110353745381e-11,8.705198418880582e-11,8.705286480674358e-11,8.705374539320256e-11,8.705462594406432e-11,8.705550646179444e-11,8.705638694573607e-11,8.705726739684379e-11,8.705814781426066e-11,8.705902819812047e-11,8.705990854863998e-11,8.706078886570005e-11,8.706166914976364e-11,8.706254940011728e-11,8.706342961766012e-11,8.706430980176164e-11,8.706518995271915e-11,8.706607007027822e-11,8.706695015378068e-11,8.706783020380197e-11,8.70687102212022e-11,8.706959020567843e-11,8.707047015485108e-11,8.707135007248736e-11,8.707222995660107e-11,8.707310980749173e-11,8.707398962631095e-11,8.707486941084472e-11,8.707574916213853e-11,8.707662888044462e-11,8.70775085649028e-11,8.707838821607656e-11,8.707926783478686e-11,8.70801474197765e-11,8.708102697161083e-11,8.708190649039713e-11,8.70827859751239e-11,8.70836654273825e-11,8.708454484747686e-11,8.708542423334838e-11,8.708630358575437e-11,8.708718290583975e-11,8.708806219218018e-11,8.708894144545357e-11,8.70898206654668e-11,8.709069985243238e-11,8.70915790058346e-11,8.709245812640552e-11,8.709333721384581e-11,8.709421626881704e-11,8.709509529035984e-11,8.709597427598867e-11,8.709685323094514e-11,8.7097732152795e-11,8.709861104156074e-11,8.709948989438204e-11,8.71003687145991e-11,8.710124750401174e-11,8.710212626078105e-11,8.71030049842198e-11,8.710388367450864e-11,8.710476233192683e-11,8.710564095610416e-11,8.710651954667246e-11,8.710739810519971e-11,8.710827663015549e-11,8.710915512183227e-11,8.711003357858303e-11,8.711091200473742e-11,8.711179039952381e-11,8.711266875904653e-11,8.711354708557233e-11,8.711442537953364e-11,8.711530364186008e-11,8.71161818702549e-11,8.711706006338754e-11,8.711793822536994e-11,8.711881635451275e-11,8.711969445068952e-11,8.712057251392642e-11,8.712145054422012e-11,8.712232854158004e-11,8.712320650562526e-11,8.712408443650508e-11,8.71249623348351e-11,8.712584020049557e-11,8.712671803326718e-11,8.712759583313373e-11,8.712847359980516e-11,8.712935133297665e-11,8.713022903416571e-11,8.713110670265708e-11,8.71319843403055e-11,8.713286194508434e-11,8.713373951656636e-11,8.713461705498216e-11,8.713549455879e-11,8.713637203174375e-11,8.713724947075131e-11,8.71381268759923e-11,8.713900424867867e-11,8.713988158886374e-11,8.714075889598188e-11,8.714163617199337e-11,8.714251341349634e-11,8.714339062195453e-11,8.714426779759113e-11,8.714514494100929e-11,8.714602205210097e-11,8.71468991301506e-11,8.714777617554022e-11,8.714865318849348e-11,8.71495301678457e-11,8.715040711440816e-11,8.715128402811844e-11,8.715216090920977e-11,8.715303775735002e-11,8.715391457288368e-11,8.71547913559582e-11,8.715566810601424e-11,8.715654482361337e-11,8.715742150917161e-11,8.715829816133009e-11,8.715917478069412e-11,8.71600513674589e-11,8.716092792143974e-11,8.716180444285748e-11,8.716268093149506e-11,8.71635573875695e-11,8.716443381052465e-11,8.716531020134277e-11,8.716618656220632e-11,8.716706288763554e-11,8.716793917998424e-11,8.71688154430877e-11,8.71696916707829e-11,8.717056786577044e-11,8.717144402825327e-11,8.717232015814115e-11,8.717319625511442e-11,8.717407231982216e-11,8.717494835195648e-11,8.717582435121026e-11,8.717670031819932e-11,8.717757625281625e-11,8.717845215185585e-11,8.717932802119383e-11,8.718020385801264e-11,8.718107966227033e-11,8.718195543399225e-11,8.718283117315748e-11,8.71837068795236e-11,8.718458255381957e-11,8.718545819401472e-11,8.718633380317981e-11,8.718720937953043e-11,8.718808492390031e-11,8.718896043552816e-11,8.718983591473047e-11,8.719071136122352e-11,8.719158677471435e-11,8.719246215403543e-11,8.719333750345485e-11,8.71942128204579e-11,8.719508810494355e-11,8.719596335686444e-11,8.719683857639238e-11,8.719771376366697e-11,8.719858891564902e-11,8.719946403808905e-11,8.72003391279326e-11,8.72012141846522e-11,8.720208920991294e-11,8.720296420269049e-11,8.72038391658425e-11,8.720471409342704e-11,8.720558898909984e-11,8.720646385168238e-11,8.720733868262395e-11,8.720821348241832e-11,8.72090882443625e-11,8.720996297822121e-11,8.721083767975745e-11,8.721171235346157e-11,8.721258699030961e-11,8.721346159477317e-11,8.721433616946582e-11,8.72152107098258e-11,8.72160852173085e-11,8.721695969266973e-11,8.721783413576726e-11,8.721870854656379e-11,8.721958292508715e-11,8.722045727226695e-11,8.722133158625998e-11,8.722220586798975e-11,8.7223080117445e-11,8.722395433350659e-11,8.722482851849519e-11,8.722570267120363e-11,8.722657679177853e-11,8.722745088000545e-11,8.72283249362359e-11,8.722919896010588e-11,8.723007295234628e-11,8.723094691167077e-11,8.723182083883689e-11,8.723269473363694e-11,8.723356859402797e-11,8.72344424255158e-11,8.723531622408646e-11,8.72361899904778e-11,8.723706372456948e-11,8.723793742622118e-11,8.723881109624136e-11,8.72396847340562e-11,8.724055833908775e-11,8.724143191279761e-11,8.724230545419524e-11,8.724317896361094e-11,8.72440524385979e-11,8.724492588366589e-11,8.724579929718425e-11,8.724667267811138e-11,8.724754602693741e-11,8.724841934363484e-11,8.724929262822203e-11,8.725016588077757e-11,8.725103910126127e-11,8.725191228777465e-11,8.72527854439235e-11,8.725365856825534e-11,8.725453166029616e-11,8.725540472092444e-11,8.725627774914755e-11,8.725715074534496e-11,8.725802370955512e-11,8.725889664149056e-11,8.725976954162341e-11,8.726064240991174e-11,8.726151524609862e-11,8.726238805000326e-11,8.726326082194685e-11,8.726413356241656e-11,8.726500627047017e-11,8.726587894674729e-11,8.726675159038568e-11,8.726762420273151e-11,8.72684967831444e-11,8.726936933161136e-11,8.727024184786683e-11,8.727111433257688e-11,8.72719867852551e-11,8.727285920524402e-11,8.72737315940861e-11,8.727460395102422e-11,8.727547627602598e-11,8.727634856908577e-11,8.727722083028751e-11,8.72780930596467e-11,8.727896525707834e-11,8.727983742254366e-11,8.728070955631548e-11,8.728158165820004e-11,8.728245372822767e-11,8.728332576844216e-11,8.728419777654416e-11,8.728506975104142e-11,8.728594169388983e-11,8.728681360443095e-11,8.728768548335661e-11,8.72885573305904e-11,8.728942914615104e-11,8.729030092960458e-11,8.72911726819727e-11,8.729204440197672e-11,8.729291609019348e-11,8.729378774867035e-11,8.729465937333036e-11,8.729553096639231e-11,8.729640252690847e-11,8.729727405627804e-11,8.729814554960517e-11,8.729901701572057e-11,8.729988844830727e-11,8.730075985058874e-11,8.730163122033905e-11,8.730250255929221e-11,8.730337386715144e-11,8.730424514224111e-11,8.730511638605355e-11,8.730598759824533e-11,8.730685877837236e-11,8.73077299262583e-11,8.730860104331858e-11,8.730947212926044e-11,8.73103431829785e-11,8.731121420435079e-11,8.731208519478867e-11,8.731295615376589e-11,8.731382708071914e-11,8.731469797550299e-11,8.731556883851291e-11,8.731643967047224e-11,8.731731047103054e-11,8.73181812400302e-11,8.731905197724505e-11,8.731992268296606e-11,8.73207933565484e-11,8.732166399909395e-11,8.732253460922894e-11,8.732340518857859e-11,8.732427573649566e-11,8.732514625269428e-11,8.732601673732711e-11,8.732688719035158e-11,8.732775761187747e-11,8.73286280017001e-11,8.732949836010824e-11,8.733036868420451e-11,8.733123897956997e-11,8.733210924325278e-11,8.733297947568679e-11,8.73338496753955e-11,8.733471984469493e-11,8.733558998460602e-11,8.733646009064592e-11,8.733733016520037e-11,8.733820020836854e-11,8.733907022019341e-11,8.733994020047306e-11,8.73408101499734e-11,8.7341680066777e-11,8.73425499527369e-11,8.734341980723637e-11,8.73442896302973e-11,8.734515942191926e-11,8.734602918198042e-11,8.734689891009963e-11,8.734776860743201e-11,8.734863827334628e-11,8.734950790772922e-11,8.735037751018182e-11,8.73512470801182e-11,8.735211662045087e-11,8.735298613001525e-11,8.735385560772274e-11,8.735472505410389e-11,8.735559446902533e-11,8.73564638524452e-11,8.735733320518878e-11,8.735820252553562e-11,8.735907181497976e-11,8.73599410729648e-11,8.736081029963838e-11,8.736167949495853e-11,8.736254865902095e-11,8.736341779188698e-11,8.736428689326224e-11,8.736515596340892e-11,8.73660250039577e-11,8.736689400903769e-11,8.736776298521186e-11,8.736863193014075e-11,8.736950084373533e-11,8.737036972600208e-11,8.737123857704248e-11,8.737210739686059e-11,8.737297618602708e-11,8.737384494316474e-11,8.73747136690872e-11,8.73755823637e-11,8.737645102726781e-11,8.737731965774924e-11,8.737818825714847e-11,8.737905682638776e-11,8.737992536499249e-11,8.738079387245699e-11,8.738166234860956e-11,8.738253079366187e-11,8.738339920753781e-11,8.738426759083645e-11,8.738513594231318e-11,8.7386004262781e-11,8.738687255200155e-11,8.738774081004917e-11,8.738860903675598e-11,8.738947723245167e-11,8.739034539623524e-11,8.739121352955422e-11,8.739208163188787e-11,8.739294970288747e-11,8.739381774294658e-11,8.739468575204107e-11,8.73955537292918e-11,8.739642167612493e-11,8.739728959166043e-11,8.739815747620098e-11,8.739902532964965e-11,8.739989315322394e-11,8.74007609456708e-11,8.740162870591371e-11,8.740249643507103e-11,8.740336413380903e-11,8.740423180053667e-11,8.740509943639346e-11,8.740596704134289e-11,8.740683461549327e-11,8.740770215837547e-11,8.74085696698981e-11,8.740943715083385e-11,8.741030460053184e-11,8.741117201815768e-11,8.74120394053418e-11,8.741290676222983e-11,8.741377408612668e-11,8.741464137763948e-11,8.741550864438676e-11,8.741637587729195e-11,8.74172430792649e-11,8.741811025021702e-11,8.741897738470743e-11,8.741984449391873e-11,8.742071157208536e-11,8.74215786189377e-11,8.742244563111577e-11,8.742331261896486e-11,8.742417956974936e-11,8.742504649542569e-11,8.742591338782782e-11,8.74267802494546e-11,8.742764708016456e-11,8.742851388043565e-11,8.742938064827025e-11,8.743024738611432e-11,8.743111409325807e-11,8.74319807692147e-11,8.7432847416193e-11,8.743371403074311e-11,8.743458061423095e-11,8.743544716705464e-11,8.743631368821817e-11,8.743718017740922e-11,8.743804663772885e-11,8.743891306739813e-11,8.743977946457071e-11,8.744064583244703e-11,8.74415121696683e-11,8.744237847399075e-11,8.744324474683038e-11,8.744411099147294e-11,8.74449772053444e-11,8.744584338857732e-11,8.744670954186116e-11,8.744757566352952e-11,8.744844175363061e-11,8.744930781353699e-11,8.745017383848019e-11,8.745103983707057e-11,8.745190580412574e-11,8.745277174005466e-11,8.745363764621725e-11,8.745450352173006e-11,8.745536936939506e-11,8.745623518313548e-11,8.74571009662298e-11,8.745796671858036e-11,8.745883244085321e-11,8.745969813296952e-11,8.74605637935105e-11,8.746142942387429e-11,8.746229502231435e-11,8.746316059099302e-11,8.746402612782236e-11,8.746489163358273e-11,8.746575711019516e-11,8.746662255623981e-11,8.746748797154816e-11,8.746835335622451e-11,8.74692187102828e-11,8.747008403366832e-11,8.747094932657147e-11,8.747181458884777e-11,8.747267982030476e-11,8.747354502112257e-11,8.747441019091522e-11,8.747527533066691e-11,8.747614043998782e-11,8.747700551859599e-11,8.747787056701975e-11,8.747873558455138e-11,8.747960057079441e-11,8.748046552739157e-11,8.748133045235783e-11,8.748219534948337e-11,8.748306021453957e-11,8.748392504835109e-11,8.748478985128774e-11,8.748565462434507e-11,8.748651936822618e-11,8.748738408003183e-11,8.74882487616287e-11,8.748911341307345e-11,8.74899780335797e-11,8.749084262368239e-11,8.749170718321401e-11,8.74925717121829e-11,8.74934362109091e-11,8.749430067842168e-11,8.7495165116585e-11,8.749602952375387e-11,8.749689390069327e-11,8.749775824764193e-11,8.749862256348699e-11,8.749948684876887e-11,8.750035110372741e-11,8.750121532865746e-11,8.750207952232868e-11,8.750294368598486e-11,8.750380781901226e-11,8.750467192188917e-11,8.750553599485185e-11,8.7506400040668e-11,8.750726405234895e-11,8.750812803372766e-11,8.750899198477357e-11,8.750985590531698e-11,8.751071979331143e-11,8.751158365315883e-11,8.751244748209147e-11,8.75133112812182e-11,8.751417505001076e-11,8.751503878926423e-11,8.75159025019684e-11,8.75167661797484e-11,8.751762982673751e-11,8.751849344402134e-11,8.751935703019692e-11,8.752022058592863e-11,8.752108411044202e-11,8.752194760500589e-11,8.752281107130862e-11,8.752367450663612e-11,8.75245379110758e-11,8.752540128587911e-11,8.752626463044669e-11,8.75271279444777e-11,8.752799122870326e-11,8.752885448209344e-11,8.752971770520181e-11,8.753058089744589e-11,8.753144406159054e-11,8.753230719541833e-11,8.753317029789279e-11,8.753403337030875e-11,8.753489641143217e-11,8.753575942498957e-11,8.75366224066366e-11,8.753748535679286e-11,8.753834827648112e-11,8.753921116711771e-11,8.7540074029546e-11,8.754093686407778e-11,8.754179966474084e-11,8.754266243458232e-11,8.754352517540873e-11,8.754438788576787e-11,8.754525056582452e-11,8.754611321239366e-11,8.754697583122875e-11,8.75478384207652e-11,8.754870098017888e-11,8.754956350893908e-11,8.755042600994147e-11,8.755128847405918e-11,8.755215091310181e-11,8.755301332205894e-11,8.755387570092853e-11,8.75547380498089e-11,8.755560036554017e-11,8.755646265433967e-11,8.755732491415406e-11,8.75581871423113e-11,8.755904934357718e-11,8.755991151205075e-11,8.756077365048734e-11,8.756163575795382e-11,8.756249783605859e-11,8.756335988427625e-11,8.756422190070866e-11,8.756508388894709e-11,8.756594584698964e-11,8.756680777477513e-11,8.756766967249488e-11,8.756853154065565e-11,8.756939337917585e-11,8.75702551871882e-11,8.757111696581409e-11,8.757197871414158e-11,8.757284043138175e-11,8.757370211945362e-11,8.757456377743029e-11,8.757542540582139e-11,8.757628700413862e-11,8.757714857226673e-11,8.75780101109787e-11,8.757887161915014e-11,8.757973309736998e-11,8.758059454598752e-11,8.758145596389347e-11,8.758231735199144e-11,8.758317871015824e-11,8.758404003723088e-11,8.758490133640867e-11,8.75857626050733e-11,8.758662384410518e-11,8.758748505363954e-11,8.758834623069444e-11,8.758920737451155e-11,8.759006849440188e-11,8.75909295839412e-11,8.759179064436282e-11,8.759265167448552e-11,8.759351267499811e-11,8.759437364604551e-11,8.759523458676766e-11,8.759609549790348e-11,8.759695637920211e-11,8.759781723004853e-11,8.759867805164351e-11,8.759953884271931e-11,8.760039960483102e-11,8.760126033649673e-11,8.760212103844786e-11,8.760298170948025e-11,8.76038423501425e-11,8.760470296263179e-11,8.760556354568266e-11,8.760642410216806e-11,8.760728462596512e-11,8.760814512030642e-11,8.760900558310306e-11,8.760986601407145e-11,8.761072641900924e-11,8.761158679347602e-11,8.761244713945432e-11,8.761330745650041e-11,8.761416774270476e-11,8.761502799654707e-11,8.761588822320031e-11,8.76167484194229e-11,8.761760858665683e-11,8.761846872423442e-11,8.761932883240306e-11,8.762018890861938e-11,8.762104895719907e-11,8.76219089762814e-11,8.762276896540871e-11,8.762362892528203e-11,8.762448885541921e-11,8.762534875441292e-11,8.762620862452052e-11,8.762706846492972e-11,8.762792827622346e-11,8.762878806012047e-11,8.762964781266434e-11,8.763050753552747e-11,8.76313672276501e-11,8.763222689164943e-11,8.763308652496633e-11,8.763394612867317e-11,8.7634805702613e-11,8.763566524751605e-11,8.763652476271276e-11,8.763738424849181e-11,8.763824370414915e-11,8.763910313612257e-11,8.763996253286071e-11,8.76408219003518e-11,8.764168123853705e-11,8.764254054646294e-11,8.764339982522057e-11,8.764425906900248e-11,8.764511828944976e-11,8.764597748035543e-11,8.76468366414787e-11,8.764769577284962e-11,8.764855487284236e-11,8.764941394677461e-11,8.76502729892135e-11,8.765113200225024e-11,8.76519909856882e-11,8.765284994020241e-11,8.765370886446075e-11,8.765456775987368e-11,8.765542662569789e-11,8.765628546236693e-11,8.765714426898618e-11,8.765800305179609e-11,8.765886179990533e-11,8.765972052345694e-11,8.766057921235536e-11,8.766143787339829e-11,8.766229650406204e-11,8.766315510508576e-11,8.766401367697696e-11,8.766487221889909e-11,8.76657307318324e-11,8.766658921524981e-11,8.766744767055858e-11,8.766830609527277e-11,8.766916449553861e-11,8.767002286239725e-11,8.767088120429721e-11,8.767173951180769e-11,8.767259778935543e-11,8.767345603850093e-11,8.767431425785621e-11,8.767517245334053e-11,8.767603061394703e-11,8.76768887447081e-11,8.767774684681054e-11,8.767860492261661e-11,8.767946296624562e-11,8.768032097997951e-11,8.768117896498134e-11,8.768203692055003e-11,8.768289485217074e-11,8.768375275435869e-11,8.768461062786776e-11,8.768546846643314e-11,8.768632627609077e-11,8.768718405594979e-11,8.768804180676723e-11,8.768889952885343e-11,8.768975722058847e-11,8.769061488184592e-11,8.769147251560903e-11,8.769233011983673e-11,8.76931876951408e-11,8.769404524567183e-11,8.769490276090452e-11,8.76957602487422e-11,8.769661770715286e-11,8.769747514178238e-11,8.769833254196903e-11,8.769918991629076e-11,8.77000472582019e-11,8.770090457432482e-11,8.770176185781458e-11,8.770261911200794e-11,8.770347633902747e-11,8.770433353501944e-11,8.770519070198693e-11,8.770604783961588e-11,8.77069049480559e-11,8.770776202929706e-11,8.770861908445366e-11,8.770947610548307e-11,8.771033309674272e-11,8.771119006091845e-11,8.771204699473092e-11,8.771290389968567e-11,8.771376077527111e-11,8.771461762181631e-11,8.771547443908787e-11,8.771633122731877e-11,8.77171879866541e-11,8.771804471687091e-11,8.77189014179885e-11,8.771975809298062e-11,8.772061473583608e-11,8.772147134983431e-11,8.77223279346994e-11,8.772318448584356e-11,8.77240410085296e-11,8.772489750614243e-11,8.77257539749682e-11,8.772661041477448e-11,8.772746682542592e-11,8.772832320960391e-11,8.772917956245547e-11,8.773003588646585e-11,8.773089218104205e-11,8.773174844682441e-11,8.773260468349696e-11,8.7733460891237e-11,8.773431706973886e-11,8.773517322024972e-11,8.773602933667118e-11,8.773688542848007e-11,8.773774149501182e-11,8.773859752900984e-11,8.77394535341361e-11,8.774030951029967e-11,8.774116545805113e-11,8.774202137303938e-11,8.77428772686124e-11,8.774373312798047e-11,8.774458896041438e-11,8.774544476311699e-11,8.774630054092197e-11,8.774715628597448e-11,8.774801200217495e-11,8.774886768957918e-11,8.774972334784591e-11,8.775057897726313e-11,8.7751434578038e-11,8.775229015243053e-11,8.775314569809032e-11,8.775400121200494e-11,8.775485669732885e-11,8.775571215380543e-11,8.775656758632427e-11,8.775742298538449e-11,8.775827835496334e-11,8.775913369456695e-11,8.775998900671715e-11,8.776084429019725e-11,8.776169955029421e-11,8.776255477611152e-11,8.776340997312959e-11,8.776426514249586e-11,8.776512028280173e-11,8.776597539347322e-11,8.776683047538013e-11,8.776768552853375e-11,8.7768540552948e-11,8.776939555203777e-11,8.777025051896585e-11,8.777110545714859e-11,8.777196036670226e-11,8.777281524958722e-11,8.77736701039614e-11,8.777452493022396e-11,8.777537972516023e-11,8.777623449149758e-11,8.777708923244973e-11,8.777794394231862e-11,8.777879862685076e-11,8.777965327796773e-11,8.778050790051773e-11,8.778136249425721e-11,8.778221705976103e-11,8.778307159382973e-11,8.778392610154618e-11,8.778478058102474e-11,8.778563503146489e-11,8.778648945325727e-11,8.778734384642507e-11,8.778819821097704e-11,8.778905254728975e-11,8.778990685490796e-11,8.779076113356212e-11,8.779161538362158e-11,8.77924696072559e-11,8.779332380010119e-11,8.779417796446733e-11,8.779503210025798e-11,8.779588620730697e-11,8.779674028483162e-11,8.779759433509307e-11,8.779844835641157e-11,8.77993023489051e-11,8.78001563132341e-11,8.780101024866795e-11,8.780186415551226e-11,8.780271803420627e-11,8.780357188401063e-11,8.780442570529118e-11,8.780527949861063e-11,8.780613326296853e-11,8.78069869994915e-11,8.780784070677115e-11,8.7808694385421e-11,8.780954803619856e-11,8.781040165769346e-11,8.781125525137312e-11,8.78121088165366e-11,8.781296235285971e-11,8.781381586064766e-11,8.781466933986412e-11,8.781552279054138e-11,8.781637621286722e-11,8.781722960034211e-11,8.781808296405923e-11,8.781893630107355e-11,8.781978960986658e-11,8.782064289021175e-11,8.782149614152928e-11,8.782234936447217e-11,8.78232025605496e-11,8.7824055726827e-11,8.782490886466627e-11,8.782576197452814e-11,8.782661505522795e-11,8.782746810801277e-11,8.782832113237338e-11,8.78291741265255e-11,8.783002709424846e-11,8.78308800333972e-11,8.783173294318422e-11,8.783258582567699e-11,8.783343867856953e-11,8.783429150310172e-11,8.783514430010735e-11,8.783599706960362e-11,8.783684981076121e-11,8.783770252297014e-11,8.783855520724367e-11,8.783940786335528e-11,8.784026049065868e-11,8.784111308870728e-11,8.784196565989203e-11,8.784281820221683e-11,8.784367071393037e-11,8.784452319930079e-11,8.784537565590938e-11,8.784622808435344e-11,8.784708048439528e-11,8.78479328573428e-11,8.784878520183037e-11,8.784963751794617e-11,8.785048980606334e-11,8.785134206596411e-11,8.785219429677612e-11,8.785304650036277e-11,8.785389867518019e-11,8.78547508223967e-11,8.785560294128956e-11,8.785645502957836e-11,8.78573070887681e-11,8.78581591228108e-11,8.785901112970567e-11,8.785986310472723e-11,8.786071505306837e-11,8.786156697843507e-11,8.786241887123684e-11,8.786327073627357e-11,8.786412257281297e-11,8.786497438084107e-11,8.786582616081545e-11,8.786667791241346e-11,8.786752963616656e-11,8.786838133093491e-11,8.786923299835018e-11,8.78700846388631e-11,8.787093624992202e-11,8.787178783068348e-11,8.787263938576794e-11,8.78734909123183e-11,8.787434241032651e-11,8.787519388022461e-11,8.7876045322913e-11,8.787689673766238e-11,8.787774812391576e-11,8.787859948181361e-11,8.787945081231802e-11,8.788030211434738e-11,8.788115338543828e-11,8.78820046313796e-11,8.788285584932924e-11,8.788370703967944e-11,8.788455820234519e-11,8.788540933685554e-11,8.788626044228083e-11,8.788711151816267e-11,8.788796256769447e-11,8.788881358911167e-11,8.788966457474e-11,8.78905155398788e-11,8.789136647722507e-11,8.789221738603428e-11,8.789306826626322e-11,8.789391912006112e-11,8.789476994589766e-11,8.789562074116434e-11,8.789647151088516e-11,8.789732225146667e-11,8.789817296529291e-11,8.789902365171366e-11,8.78998743093675e-11,8.790072493908562e-11,8.790157554022381e-11,8.790242611400382e-11,8.790327665956434e-11,8.790412718058937e-11,8.790497767054031e-11,8.790582813292127e-11,8.79066785663614e-11,8.790752897260396e-11,8.79083793510328e-11,8.790922970170862e-11,8.791008002334857e-11,8.791093031903495e-11,8.791178058583395e-11,8.791263082454753e-11,8.791348103526944e-11,8.791433121899935e-11,8.791518137333224e-11,8.791603150332973e-11,8.791688160267656e-11,8.791773167435154e-11,8.791858172275822e-11,8.791943173875209e-11,8.792028172651858e-11,8.792113168863351e-11,8.792198162213379e-11,8.792283152622716e-11,8.792368140224363e-11,8.79245312510244e-11,8.792538106683108e-11,8.792623085988195e-11,8.792708062510669e-11,8.792793036249062e-11,8.792878007204935e-11,8.79296297538725e-11,8.793047940838275e-11,8.793132903482346e-11,8.793217863353898e-11,8.79330282038509e-11,8.793387774709612e-11,8.793472726282173e-11,8.793557674955906e-11,8.79364262092771e-11,8.793727564142997e-11,8.793812504588976e-11,8.793897442268727e-11,8.793982377141322e-11,8.794067309265408e-11,8.794152238510419e-11,8.794237165120386e-11,8.794322089308781e-11,8.794407010300795e-11,8.794491928464758e-11,8.794576844026369e-11,8.794661756616722e-11,8.794746666580583e-11,8.794831573750593e-11,8.79491647808406e-11,8.79500137976808e-11,8.795086278747518e-11,8.795171174863321e-11,8.795256068232047e-11,8.795340958955941e-11,8.795425847160231e-11,8.795510732217308e-11,8.795595614557414e-11,8.795680494049538e-11,8.795765370871127e-11,8.795850244974716e-11,8.795935116194017e-11,8.796019984613144e-11,8.79610485036127e-11,8.796189713338781e-11,8.79627457355932e-11,8.796359430813783e-11,8.796444285657943e-11,8.79652913748278e-11,8.796613986655879e-11,8.796698833084527e-11,8.796783676971343e-11,8.796868517734533e-11,8.79695335582357e-11,8.797038191229485e-11,8.797123023889227e-11,8.797207853911953e-11,8.797292681062767e-11,8.797377504666579e-11,8.797462326153121e-11,8.797547144953802e-11,8.79763196117755e-11,8.797716773897522e-11,8.797801584434713e-11,8.797886392276375e-11,8.797971197633746e-11,8.798055999949554e-11,8.798140799592046e-11,8.798225596488974e-11,8.798310390492787e-11,8.798395181896765e-11,8.79847997054194e-11,8.798564756519497e-11,8.79864953962655e-11,8.798734320001197e-11,8.798819097659186e-11,8.798903872550338e-11,8.798988644730474e-11,8.799073414188751e-11,8.799158180718678e-11,8.799242944638506e-11,8.799327706039689e-11,8.79941246451e-11,8.799497220239843e-11,8.79958197322982e-11,8.799666723725055e-11,8.799751471236535e-11,8.799836215992895e-11,8.799920957969317e-11,8.800005697263687e-11,8.800090434033129e-11,8.800175167919424e-11,8.800259899129564e-11,8.800344627482658e-11,8.800429353094256e-11,8.800514075879103e-11,8.80059879602519e-11,8.800683513441291e-11,8.800768228316894e-11,8.800852940283499e-11,8.800937649513947e-11,8.801022355607035e-11,8.801107059361502e-11,8.801191760349633e-11,8.80127645871082e-11,8.801361154219613e-11,8.801445846914724e-11,8.801530537314861e-11,8.80161522504415e-11,8.801699909672377e-11,8.801784591463903e-11,8.801869270664885e-11,8.801953947143171e-11,8.80203862088413e-11,8.802123291915106e-11,8.802207959907106e-11,8.802292625443549e-11,8.802377288295544e-11,8.802461948270296e-11,8.802546605656415e-11,8.802631260335496e-11,8.802715912433846e-11,8.802800561669879e-11,8.802885208190134e-11,8.802969851994664e-11,8.803054493110347e-11,8.803139131307932e-11,8.803223766712579e-11,8.803308399637416e-11,8.803393029843322e-11,8.803477657327182e-11,8.803562282072666e-11,8.803646904366224e-11,8.803731523711636e-11,8.803816140330972e-11,8.803900754209239e-11,8.803985365435119e-11,8.804069973904175e-11,8.804154579600931e-11,8.804239182666023e-11,8.804323783051574e-11,8.804408380619239e-11,8.804492975524507e-11,8.804577567601902e-11,8.804662156999449e-11,8.804746743879821e-11,8.804831327969579e-11,8.804915909232369e-11,8.805000487888458e-11,8.80508506383664e-11,8.805169636841676e-11,8.805254207375307e-11,8.805338775204113e-11,8.805423339491843e-11,8.805507901908967e-11,8.805592461619667e-11,8.805677018397464e-11,8.805761572792172e-11,8.805846124387042e-11,8.805930673323156e-11,8.806015219529851e-11,8.806099763016703e-11,8.806184303721943e-11,8.80626884181095e-11,8.806353377194239e-11,8.806437909901103e-11,8.806522439865864e-11,8.806606967153336e-11,8.806691491659541e-11,8.806776013547326e-11,8.806860532768428e-11,8.806945049264175e-11,8.807029563060163e-11,8.807114074142833e-11,8.807198582610577e-11,8.807283088275228e-11,8.807367591276334e-11,8.807452091594616e-11,8.807536589314237e-11,8.807621084023747e-11,8.8077055763321e-11,8.80779006584791e-11,8.807874552634189e-11,8.80795903680486e-11,8.808043518187015e-11,8.808127996903664e-11,8.808212473437452e-11,8.808296946876737e-11,8.808381417467038e-11,8.808465885481789e-11,8.808550350910013e-11,8.808634813574523e-11,8.808719273572395e-11,8.808803730856154e-11,8.808888185432811e-11,8.808972637198216e-11,8.809057086370442e-11,8.809141532930578e-11,8.809225976757753e-11,8.809310417607073e-11,8.80939485609546e-11,8.80947929187126e-11,8.80956372499276e-11,8.809648155439182e-11,8.809732583198625e-11,8.809817008290277e-11,8.809901430730373e-11,8.809985850481902e-11,8.810070267704775e-11,8.810154682026907e-11,8.810239093685318e-11,8.810323502765811e-11,8.810407909091291e-11,8.810492312741813e-11,8.810576713852407e-11,8.81066111215073e-11,8.810745507775383e-11,8.810829900717285e-11,8.810914291007038e-11,8.810998678602066e-11,8.811083063528224e-11,8.811167445841542e-11,8.811251825428832e-11,8.8113362023704e-11,8.811420576603866e-11,8.811504948169778e-11,8.811589317072297e-11,8.811673683108455e-11,8.811758046712589e-11,8.811842406809339e-11,8.811926765027361e-11,8.812011120576952e-11,8.81209547342578e-11,8.812179823640755e-11,8.81226417118384e-11,8.812348516081522e-11,8.812432858161243e-11,8.812517197828502e-11,8.812601534757711e-11,8.812685869375089e-11,8.812770201000977e-11,8.812854529774421e-11,8.812938855979553e-11,8.813023179549056e-11,8.813107500455177e-11,8.813191818782718e-11,8.81327613441169e-11,8.813360447333621e-11,8.813444757601892e-11,8.813529065216672e-11,8.813613370178015e-11,8.813697672511657e-11,8.813781972141778e-11,8.81386626912218e-11,8.813950563486568e-11,8.814034855046516e-11,8.814119144048167e-11,8.814203430279944e-11,8.814287713956118e-11,8.814371994993259e-11,8.81445627337543e-11,8.814540549350171e-11,8.814624822418626e-11,8.814709092854397e-11,8.814793360659543e-11,8.814877625870114e-11,8.814961888329795e-11,8.815046148113002e-11,8.815130404900879e-11,8.815214659372623e-11,8.815298911240975e-11,8.81538316045828e-11,8.815467407501661e-11,8.815551651492776e-11,8.815635892652273e-11,8.815720131319979e-11,8.81580436729996e-11,8.815888600637184e-11,8.81597283128309e-11,8.816057059327851e-11,8.816141284703919e-11,8.81622550732405e-11,8.816309727438413e-11,8.816393944903875e-11,8.816478159811645e-11,8.816562371991844e-11,8.816646581534067e-11,8.816730788413082e-11,8.81681499263277e-11,8.816899194252302e-11,8.816983393223482e-11,8.817067589568114e-11,8.817151782959171e-11,8.817235974021901e-11,8.817320162377819e-11,8.817404348122453e-11,8.81748853127083e-11,8.817572711821952e-11,8.817656889698191e-11,8.817741065527929e-11,8.817825238135499e-11,8.81790940832522e-11,8.817993575684017e-11,8.818077740461159e-11,8.818161902268305e-11,8.818246061713846e-11,8.818330218931629e-11,8.818414372971894e-11,8.818498524594114e-11,8.818582673180579e-11,8.818666819453424e-11,8.818750963105676e-11,8.818835104080558e-11,8.818919242474444e-11,8.819003378684766e-11,8.81908751178271e-11,8.819171642133888e-11,8.819255770027148e-11,8.819339895238124e-11,8.81942401786112e-11,8.81950813785788e-11,8.819592255209598e-11,8.819676369948279e-11,8.819760482082276e-11,8.819844591650162e-11,8.819928698451527e-11,8.820012802688676e-11,8.820096904348379e-11,8.820181003312264e-11,8.820265099646427e-11,8.820349193410143e-11,8.82043328467767e-11,8.82051737319569e-11,8.820601459104911e-11,8.820685542360753e-11,8.82076962304016e-11,8.820853701098822e-11,8.820937776430892e-11,8.821021849506229e-11,8.821105919668506e-11,8.82118998721904e-11,8.821274052169332e-11,8.821358114528297e-11,8.821442174351158e-11,8.821526231547778e-11,8.821610285719056e-11,8.821694337644268e-11,8.821778386928374e-11,8.82186243349242e-11,8.821946477570215e-11,8.822030519023971e-11,8.822114557864175e-11,8.822198594139762e-11,8.82228262776471e-11,8.822366658772013e-11,8.822450686634393e-11,8.822534712419928e-11,8.822618735604244e-11,8.822702756222176e-11,8.822786774231729e-11,8.822870789637735e-11,8.822954802469196e-11,8.823038812526926e-11,8.823122820189488e-11,8.823206825135641e-11,8.823290827471475e-11,8.823374827201582e-11,8.823458824232428e-11,8.823542818828242e-11,8.823626810804828e-11,8.823710800132973e-11,8.823794786968e-11,8.823878771134446e-11,8.82396275263124e-11,8.824046731557666e-11,8.824130708352815e-11,8.824214682163878e-11,8.824298653201278e-11,8.824382621728819e-11,8.824466587612578e-11,8.824550550941246e-11,8.824634511527488e-11,8.824718469604715e-11,8.824802425147018e-11,8.824886377952505e-11,8.824970328354673e-11,8.825054276108174e-11,8.825138221267417e-11,8.825222163764837e-11,8.825306103736374e-11,8.825390041197016e-11,8.825473975998684e-11,8.825557908207475e-11,8.825641837899785e-11,8.825725764845807e-11
